%YAML:1.0
descriptors: !!opencv-matrix
   rows: 21
   cols: 64
   dt: u
   data: [ 54, 50, 81, 162, 220, 132, 3, 72, 198, 102, 17, 50, 161, 10,
       144, 85, 226, 212, 1, 96, 193, 2, 129, 116, 76, 152, 172, 9, 210,
       8, 49, 105, 208, 36, 84, 186, 66, 112, 1, 84, 80, 64, 24, 15, 208,
       20, 192, 77, 153, 172, 24, 4, 112, 28, 156, 73, 16, 242, 51, 188,
       88, 86, 32, 249, 55, 52, 113, 162, 21, 4, 5, 79, 230, 70, 1, 48,
       45, 11, 144, 85, 226, 212, 3, 96, 65, 2, 128, 52, 76, 136, 164, 9,
       210, 8, 48, 105, 212, 36, 84, 186, 82, 112, 1, 116, 80, 74, 24,
       14, 208, 20, 192, 76, 153, 172, 24, 5, 240, 29, 156, 73, 16, 242,
       51, 188, 88, 86, 32, 248, 34, 2, 1, 130, 128, 128, 3, 12, 70, 64,
       2, 4, 33, 6, 145, 17, 98, 68, 1, 64, 0, 0, 143, 4, 12, 136, 8, 9,
       18, 8, 17, 9, 52, 36, 116, 154, 0, 66, 5, 6, 129, 64, 16, 2, 0, 4,
       72, 4, 0, 36, 80, 0, 48, 18, 132, 41, 128, 32, 32, 152, 72, 6, 34,
       241, 2, 64, 8, 2, 7, 152, 28, 0, 2, 2, 21, 66, 136, 0, 4, 17, 4,
       18, 4, 145, 0, 50, 128, 96, 32, 148, 129, 8, 18, 42, 1, 0, 144,
       60, 144, 0, 74, 72, 0, 131, 0, 138, 13, 9, 144, 20, 180, 13, 19,
       138, 16, 4, 44, 1, 234, 40, 16, 3, 48, 56, 0, 19, 32, 169, 66, 1,
       130, 144, 0, 2, 8, 135, 2, 162, 3, 4, 16, 128, 19, 2, 12, 0, 0,
       70, 10, 128, 196, 2, 8, 128, 130, 72, 0, 160, 16, 88, 96, 20, 17,
       10, 0, 108, 2, 66, 128, 32, 4, 8, 34, 12, 1, 44, 19, 8, 48, 5, 18,
       88, 52, 66, 129, 98, 17, 80, 68, 0, 64, 162, 3, 198, 0, 10, 201,
       136, 6, 0, 32, 2, 8, 2, 128, 5, 76, 1, 4, 0, 5, 148, 64, 0, 9, 64,
       64, 20, 25, 32, 144, 2, 1, 0, 16, 0, 89, 0, 1, 64, 12, 0, 32, 0,
       8, 9, 20, 20, 116, 128, 0, 64, 16, 4, 5, 65, 200, 170, 18, 0, 0,
       52, 0, 67, 0, 0, 1, 6, 4, 128, 137, 144, 134, 16, 32, 85, 2, 67,
       128, 57, 0, 5, 64, 124, 129, 32, 192, 0, 154, 96, 64, 16, 8, 2,
       188, 0, 1, 67, 213, 64, 80, 32, 80, 64, 41, 0, 69, 20, 10, 135,
       64, 0, 208, 65, 16, 28, 24, 4, 208, 8, 140, 9, 16, 64, 34, 132,
       64, 87, 36, 248, 4, 34, 65, 160, 152, 0, 32, 79, 192, 66, 2, 52,
       65, 6, 145, 65, 226, 84, 1, 96, 65, 0, 136, 0, 14, 136, 40, 9,
       146, 8, 49, 72, 80, 36, 85, 186, 0, 112, 5, 84, 0, 64, 24, 10, 64,
       4, 64, 196, 25, 44, 24, 4, 112, 28, 140, 73, 16, 112, 35, 188, 72,
       70, 32, 240, 4, 33, 65, 144, 16, 6, 1, 111, 194, 68, 3, 52, 81,
       130, 144, 66, 226, 84, 1, 100, 3, 160, 192, 3, 12, 128, 164, 9, 2,
       8, 16, 9, 80, 36, 84, 186, 0, 112, 1, 84, 144, 64, 24, 14, 64, 20,
       65, 78, 17, 36, 16, 4, 32, 24, 148, 73, 16, 114, 35, 184, 72, 6,
       32, 249, 5, 2, 97, 128, 25, 128, 37, 72, 164, 70, 131, 16, 81, 8,
       176, 69, 194, 84, 3, 96, 192, 34, 128, 114, 76, 136, 160, 9, 82,
       8, 49, 73, 84, 36, 84, 186, 82, 120, 1, 84, 80, 64, 24, 15, 192,
       4, 228, 79, 25, 172, 24, 5, 240, 28, 156, 73, 16, 242, 51, 188,
       72, 87, 32, 248, 3, 7, 4, 130, 5, 6, 5, 18, 38, 68, 4, 0, 8, 57,
       20, 5, 64, 116, 0, 36, 0, 64, 128, 97, 8, 128, 8, 0, 50, 8, 16, 9,
       148, 100, 16, 154, 66, 72, 1, 0, 4, 130, 24, 7, 0, 128, 68, 76,
       16, 32, 16, 4, 48, 24, 134, 10, 56, 34, 34, 28, 64, 68, 36, 249,
       1, 6, 0, 0, 0, 8, 4, 68, 32, 2, 10, 0, 0, 5, 8, 3, 9, 72, 0, 0, 0,
       0, 64, 0, 64, 21, 9, 0, 0, 0, 1, 1, 208, 16, 81, 40, 0, 0, 0, 0,
       32, 16, 56, 161, 20, 16, 100, 72, 16, 8, 48, 4, 16, 25, 132, 8,
       16, 64, 2, 52, 64, 82, 32, 106, 4, 2, 1, 136, 0, 12, 32, 69, 32,
       66, 2, 4, 16, 4, 121, 161, 128, 72, 129, 96, 192, 32, 12, 0, 72,
       128, 0, 0, 0, 0, 25, 64, 116, 0, 81, 168, 0, 98, 1, 0, 160, 20,
       24, 6, 68, 134, 64, 72, 17, 44, 24, 4, 18, 29, 133, 8, 16, 64, 3,
       164, 64, 70, 32, 240, 5, 6, 101, 0, 16, 164, 33, 81, 32, 68, 0, 1,
       64, 9, 128, 5, 2, 108, 129, 96, 208, 32, 152, 98, 76, 168, 4, 0,
       48, 8, 33, 73, 84, 0, 84, 170, 0, 40, 1, 4, 4, 32, 24, 134, 64, 0,
       64, 74, 16, 36, 24, 0, 96, 24, 140, 8, 8, 2, 3, 140, 72, 70, 36,
       249, 2, 7, 0, 138, 0, 76, 4, 3, 39, 64, 11, 4, 16, 36, 124, 164,
       131, 16, 0, 36, 2, 160, 128, 34, 89, 148, 1, 8, 130, 138, 24, 9,
       144, 4, 81, 154, 0, 66, 131, 8, 160, 145, 28, 33, 4, 22, 228, 12,
       1, 36, 16, 4, 2, 9, 135, 10, 16, 96, 32, 60, 64, 68, 32, 248, 102,
       5, 33, 16, 0, 6, 1, 79, 134, 70, 1, 20, 17, 130, 145, 6, 66, 68,
       2, 68, 2, 162, 208, 7, 28, 128, 132, 9, 2, 136, 16, 72, 64, 36,
       70, 186, 0, 32, 3, 76, 0, 64, 16, 138, 0, 88, 129, 78, 17, 44, 16,
       0, 32, 24, 20, 1, 0, 98, 17, 184, 72, 68, 32, 240, 35, 69, 8, 154,
       7, 2, 28, 15, 39, 66, 61, 128, 56, 142, 36, 23, 4, 18, 0, 148, 2,
       178, 145, 34, 80, 128, 160, 8, 19, 56, 28, 33, 128, 36, 16, 138,
       66, 64, 2, 66, 34, 202, 12, 73, 22, 28, 228, 12, 81, 0, 18, 4, 40,
       0, 228, 139, 153, 34, 40, 56, 17, 80, 10, 161, 4, 32, 129, 130,
       16, 132, 128, 69, 2, 230, 3, 20, 17, 2, 153, 66, 74, 84, 0, 98,
       128, 32, 198, 3, 12, 128, 132, 9, 2, 8, 17, 74, 117, 4, 85, 186,
       16, 120, 1, 84, 176, 64, 20, 10, 0, 20, 65, 110, 25, 44, 24, 5,
       48, 25, 148, 72, 16, 98, 51, 185, 72, 23, 32, 243, 134, 3, 129,
       128, 16, 2, 0, 70, 4, 6, 3, 0, 3, 129, 146, 3, 234, 84, 5, 100, 0,
       128, 164, 49, 78, 136, 168, 9, 146, 8, 48, 9, 80, 36, 84, 186, 66,
       112, 1, 212, 16, 64, 24, 14, 192, 4, 192, 204, 25, 44, 16, 4, 112,
       28, 148, 73, 16, 242, 33, 188, 72, 86, 32, 248, 39, 35, 113, 128,
       17, 4, 5, 78, 166, 68, 131, 48, 65, 47, 144, 87, 226, 212, 3, 100,
       65, 34, 192, 54, 76, 136, 164, 9, 82, 8, 48, 41, 80, 36, 84, 186,
       66, 120, 1, 84, 16, 64, 24, 15, 192, 20, 196, 76, 153, 44, 24, 4,
       112, 28, 156, 73, 16, 242, 51, 188, 88, 86, 32, 248, 39, 54, 81,
       2, 157, 128, 1, 72, 226, 70, 1, 48, 164, 11, 129, 21, 226, 196, 1,
       96, 193, 34, 129, 116, 76, 136, 160, 9, 18, 8, 33, 105, 84, 36,
       84, 186, 66, 56, 1, 84, 48, 64, 24, 143, 208, 16, 192, 79, 153,
       172, 24, 5, 112, 28, 156, 73, 16, 242, 51, 188, 88, 87, 32, 249 ]
