%YAML:1.0
descriptors: !!opencv-matrix
   rows: 9
   cols: 64
   dt: u
   data: [ 254, 252, 127, 239, 255, 255, 255, 249, 255, 253, 253, 255,
       255, 255, 254, 253, 243, 213, 127, 111, 125, 143, 183, 124, 127,
       255, 251, 63, 223, 91, 127, 191, 241, 101, 28, 255, 210, 119, 233,
       245, 211, 222, 122, 62, 221, 22, 252, 125, 141, 173, 94, 5, 248,
       31, 159, 73, 144, 246, 59, 188, 94, 31, 34, 185, 253, 254, 127,
       253, 255, 255, 255, 249, 255, 255, 255, 251, 255, 254, 254, 253,
       243, 213, 127, 111, 253, 159, 167, 124, 239, 255, 255, 63, 223,
       95, 127, 191, 243, 101, 60, 255, 214, 119, 249, 245, 219, 223, 91,
       30, 219, 135, 216, 93, 141, 173, 94, 5, 248, 31, 159, 73, 144,
       246, 59, 156, 93, 30, 34, 185, 253, 251, 255, 255, 255, 255, 255,
       248, 255, 255, 255, 251, 255, 250, 255, 255, 251, 245, 127, 111,
       253, 255, 167, 62, 239, 255, 247, 191, 255, 95, 127, 255, 243,
       101, 84, 255, 214, 127, 249, 245, 250, 223, 123, 63, 209, 135,
       209, 127, 157, 173, 30, 5, 250, 29, 159, 77, 16, 246, 59, 191, 95,
       95, 34, 251, 61, 178, 253, 174, 63, 183, 191, 126, 244, 252, 212,
       245, 125, 62, 183, 85, 251, 253, 67, 97, 241, 39, 195, 119, 76,
       232, 244, 143, 90, 220, 117, 235, 223, 36, 87, 190, 83, 120, 233,
       124, 120, 92, 56, 47, 213, 53, 247, 111, 153, 172, 24, 5, 240, 29,
       156, 73, 16, 242, 51, 189, 88, 87, 32, 250, 255, 254, 255, 239,
       255, 255, 255, 216, 255, 255, 253, 251, 255, 251, 254, 253, 251,
       247, 63, 127, 239, 223, 191, 124, 239, 255, 127, 191, 255, 127,
       255, 191, 243, 239, 254, 223, 246, 247, 253, 247, 223, 223, 251,
       127, 219, 159, 252, 181, 205, 189, 86, 181, 232, 183, 143, 111,
       216, 252, 249, 159, 223, 95, 54, 189, 252, 255, 255, 253, 242,
       127, 255, 255, 253, 255, 255, 191, 255, 254, 255, 238, 251, 221,
       255, 111, 63, 159, 238, 191, 255, 255, 191, 191, 223, 223, 126,
       191, 251, 103, 125, 255, 215, 255, 253, 247, 251, 255, 251, 126,
       255, 175, 75, 180, 205, 173, 118, 245, 219, 255, 135, 108, 208,
       252, 105, 255, 223, 14, 179, 183, 183, 48, 81, 166, 221, 128, 7,
       72, 70, 97, 16, 115, 163, 75, 132, 81, 98, 213, 5, 97, 195, 44,
       137, 109, 14, 154, 33, 15, 18, 9, 1, 111, 23, 167, 52, 154, 98,
       120, 33, 214, 65, 66, 8, 75, 200, 20, 252, 7, 129, 36, 16, 4, 96,
       16, 140, 105, 16, 114, 50, 156, 88, 87, 32, 249, 253, 254, 239,
       125, 254, 247, 255, 254, 253, 255, 248, 251, 239, 251, 255, 239,
       187, 253, 255, 123, 255, 255, 254, 191, 239, 255, 183, 183, 255,
       95, 127, 255, 251, 239, 255, 255, 255, 253, 253, 247, 254, 126,
       251, 254, 223, 251, 91, 243, 254, 189, 94, 247, 217, 191, 159, 92,
       212, 252, 247, 223, 255, 223, 191, 183, 51, 212, 88, 142, 191,
       152, 159, 8, 118, 71, 61, 250, 189, 122, 36, 85, 246, 247, 4, 177,
       192, 34, 147, 100, 228, 215, 241, 127, 82, 59, 213, 107, 151, 44,
       20, 158, 210, 121, 233, 117, 114, 222, 40, 41, 213, 20, 244, 111,
       145, 174, 24, 5, 248, 29, 156, 73, 16, 242, 50, 189, 88, 87, 32,
       251 ]
