%YAML:1.0
descriptors: !!opencv-matrix
   rows: 2
   cols: 64
   dt: u
   data: [ 12, 33, 225, 144, 16, 133, 32, 103, 128, 134, 195, 20, 81,
       132, 153, 66, 130, 76, 67, 98, 128, 32, 192, 147, 12, 136, 132,
       137, 64, 140, 48, 200, 86, 4, 85, 186, 16, 120, 1, 84, 48, 64, 16,
       14, 68, 20, 193, 110, 25, 44, 24, 5, 240, 29, 156, 73, 16, 226,
       51, 185, 72, 70, 32, 242, 255, 252, 255, 187, 223, 255, 247, 237,
       255, 245, 252, 255, 255, 127, 255, 252, 251, 247, 123, 119, 253,
       163, 255, 116, 255, 255, 253, 239, 251, 223, 243, 255, 151, 45,
       71, 254, 119, 113, 237, 124, 122, 93, 120, 63, 213, 125, 255, 101,
       189, 172, 155, 13, 240, 31, 156, 73, 112, 244, 51, 189, 90, 87,
       52, 250 ]
