%YAML:1.0
descriptors: !!opencv-matrix
   rows: 11
   cols: 64
   dt: u
   data: [ 255, 253, 255, 255, 247, 127, 253, 255, 255, 223, 253, 249,
       127, 251, 254, 254, 251, 244, 127, 111, 125, 222, 180, 55, 127,
       255, 247, 59, 255, 91, 126, 187, 240, 101, 20, 255, 210, 119, 249,
       253, 218, 223, 121, 63, 217, 151, 221, 126, 141, 173, 94, 5, 248,
       31, 159, 77, 144, 246, 59, 157, 95, 94, 34, 185, 252, 255, 255,
       255, 254, 247, 255, 255, 253, 255, 254, 255, 255, 255, 251, 255,
       251, 213, 127, 107, 253, 255, 247, 255, 255, 255, 247, 191, 127,
       223, 127, 255, 247, 109, 255, 255, 214, 127, 249, 117, 127, 95,
       251, 190, 223, 167, 217, 127, 191, 189, 159, 141, 250, 191, 159,
       93, 216, 246, 123, 223, 223, 223, 46, 190, 255, 253, 255, 255,
       254, 255, 251, 249, 255, 253, 253, 255, 255, 123, 254, 252, 251,
       213, 127, 127, 253, 127, 231, 127, 255, 255, 247, 191, 255, 95,
       127, 255, 247, 109, 60, 255, 222, 123, 249, 253, 223, 223, 255,
       63, 217, 183, 253, 127, 157, 173, 31, 5, 248, 31, 159, 77, 88,
       246, 123, 191, 91, 31, 34, 255, 255, 252, 255, 239, 255, 253, 255,
       249, 255, 125, 253, 255, 255, 254, 246, 253, 243, 245, 127, 111,
       125, 223, 191, 60, 239, 255, 255, 187, 255, 91, 126, 191, 240,
       109, 62, 223, 214, 119, 253, 247, 219, 223, 223, 31, 219, 191,
       252, 149, 141, 181, 86, 141, 232, 190, 135, 77, 208, 244, 121,
       222, 223, 14, 38, 189, 255, 252, 255, 239, 255, 253, 223, 249,
       255, 125, 253, 251, 239, 255, 246, 253, 243, 247, 127, 127, 127,
       223, 183, 124, 254, 255, 255, 187, 255, 123, 254, 191, 240, 237,
       190, 223, 206, 119, 185, 247, 91, 207, 219, 191, 219, 159, 220,
       29, 205, 181, 214, 141, 104, 190, 151, 109, 248, 246, 121, 222,
       223, 30, 62, 189, 255, 252, 127, 239, 255, 125, 255, 248, 255,
       125, 253, 251, 255, 251, 246, 253, 243, 247, 127, 125, 127, 222,
       183, 124, 239, 255, 255, 187, 255, 91, 254, 191, 240, 109, 190,
       223, 198, 119, 253, 247, 219, 223, 223, 31, 219, 191, 252, 149,
       141, 181, 86, 141, 104, 190, 135, 77, 248, 244, 121, 222, 255, 14,
       38, 189, 124, 188, 255, 255, 126, 255, 247, 255, 253, 253, 254,
       253, 255, 126, 255, 252, 251, 253, 251, 107, 245, 127, 223, 255,
       255, 255, 245, 191, 127, 215, 127, 239, 207, 239, 87, 190, 215,
       249, 253, 127, 121, 93, 247, 47, 213, 181, 247, 107, 191, 172,
       155, 13, 242, 61, 156, 85, 116, 246, 255, 191, 219, 223, 44, 254,
       70, 32, 193, 179, 217, 128, 139, 77, 134, 234, 1, 48, 161, 66,
       131, 81, 226, 85, 1, 98, 201, 33, 206, 105, 12, 136, 170, 15, 18,
       8, 49, 79, 119, 36, 28, 187, 82, 116, 33, 86, 0, 64, 24, 10, 66,
       20, 193, 23, 25, 44, 24, 5, 96, 24, 156, 73, 144, 242, 51, 188,
       92, 86, 32, 240, 125, 255, 255, 253, 54, 255, 127, 125, 253, 255,
       253, 249, 255, 253, 254, 255, 253, 253, 251, 255, 255, 127, 242,
       191, 253, 111, 231, 254, 125, 245, 255, 239, 223, 123, 247, 237,
       223, 253, 248, 125, 126, 255, 251, 255, 255, 179, 255, 127, 191,
       234, 175, 239, 240, 253, 223, 93, 127, 255, 255, 255, 251, 255,
       237, 254, 246, 49, 243, 146, 89, 6, 7, 78, 230, 101, 129, 114,
       231, 203, 146, 95, 250, 215, 35, 103, 203, 175, 203, 103, 206,
       218, 254, 47, 146, 8, 240, 109, 87, 39, 20, 191, 66, 124, 103, 86,
       64, 64, 56, 11, 201, 28, 197, 207, 153, 164, 24, 4, 112, 24, 156,
       75, 16, 242, 49, 157, 88, 87, 48, 250, 255, 254, 255, 255, 255,
       255, 255, 252, 253, 255, 252, 251, 255, 255, 255, 221, 251, 255,
       127, 123, 253, 95, 255, 125, 255, 255, 255, 191, 255, 127, 255,
       255, 223, 237, 223, 255, 255, 253, 253, 127, 122, 95, 235, 63,
       223, 185, 255, 51, 255, 255, 30, 141, 253, 253, 158, 253, 112,
       254, 255, 191, 255, 223, 62, 255 ]
