%YAML:1.0
descriptors: !!opencv-matrix
   rows: 8
   cols: 64
   dt: u
   data: [ 124, 46, 239, 249, 122, 127, 179, 255, 253, 252, 222, 189, 93,
       189, 251, 238, 251, 253, 251, 110, 253, 211, 222, 181, 93, 237,
       188, 181, 125, 215, 127, 251, 233, 37, 71, 250, 215, 114, 253,
       124, 252, 93, 122, 190, 85, 167, 99, 237, 191, 173, 159, 141, 242,
       29, 157, 93, 116, 244, 107, 253, 219, 198, 40, 254, 191, 221, 236,
       188, 55, 127, 221, 95, 183, 223, 181, 250, 191, 57, 54, 95, 249,
       245, 119, 123, 244, 119, 242, 119, 125, 255, 241, 63, 123, 121,
       119, 233, 215, 44, 150, 190, 210, 120, 233, 125, 114, 223, 58,
       173, 213, 20, 245, 111, 153, 172, 24, 13, 240, 29, 156, 93, 48,
       242, 51, 189, 91, 215, 40, 251, 63, 221, 238, 252, 55, 253, 221,
       126, 191, 215, 253, 216, 159, 120, 124, 223, 249, 244, 119, 123,
       182, 118, 242, 119, 109, 255, 183, 63, 127, 127, 119, 235, 215,
       108, 149, 190, 210, 121, 249, 117, 114, 223, 121, 47, 213, 20,
       245, 111, 153, 172, 26, 5, 248, 29, 158, 77, 16, 242, 59, 191, 89,
       95, 32, 251, 56, 138, 239, 223, 42, 253, 243, 117, 125, 252, 86,
       221, 157, 61, 251, 230, 251, 220, 193, 107, 244, 113, 206, 243,
       121, 123, 180, 182, 109, 211, 63, 239, 215, 100, 85, 184, 87, 122,
       249, 124, 244, 93, 120, 46, 213, 182, 243, 111, 153, 172, 153, 13,
       240, 29, 157, 77, 16, 242, 59, 189, 91, 87, 34, 250, 59, 213, 124,
       222, 55, 189, 95, 49, 63, 95, 125, 219, 189, 120, 124, 93, 245,
       247, 100, 247, 118, 126, 209, 118, 249, 127, 247, 120, 127, 242,
       244, 169, 214, 60, 87, 190, 219, 120, 248, 125, 114, 223, 189, 47,
       245, 20, 245, 111, 153, 174, 24, 15, 250, 29, 159, 89, 16, 243,
       115, 191, 123, 223, 40, 251, 61, 191, 255, 254, 63, 253, 253, 127,
       255, 253, 222, 249, 255, 126, 188, 222, 255, 254, 227, 123, 245,
       126, 211, 255, 253, 127, 247, 255, 127, 223, 245, 239, 223, 108,
       87, 190, 255, 120, 249, 125, 124, 93, 255, 47, 245, 53, 247, 111,
       185, 174, 152, 15, 242, 29, 156, 93, 54, 242, 119, 191, 251, 223,
       40, 254, 62, 190, 253, 255, 63, 253, 253, 121, 255, 255, 212, 249,
       253, 126, 188, 94, 255, 222, 227, 251, 245, 118, 195, 127, 253,
       255, 247, 255, 126, 255, 245, 239, 215, 44, 85, 190, 255, 120,
       249, 125, 120, 93, 251, 47, 213, 53, 247, 111, 187, 172, 24, 5,
       240, 29, 156, 73, 22, 242, 55, 189, 251, 95, 40, 254, 124, 185,
       255, 254, 54, 127, 253, 127, 247, 252, 213, 241, 127, 250, 182,
       94, 255, 223, 123, 111, 247, 63, 193, 247, 237, 251, 247, 255, 91,
       221, 246, 235, 223, 44, 117, 190, 223, 120, 249, 117, 120, 95,
       185, 47, 247, 53, 247, 111, 153, 172, 24, 7, 240, 29, 156, 73, 16,
       242, 115, 191, 121, 87, 32, 250 ]
