%YAML:1.0
descriptors: !!opencv-matrix
   rows: 5
   cols: 64
   dt: u
   data: [ 252, 249, 255, 253, 118, 127, 249, 255, 253, 221, 253, 255,
       127, 250, 254, 254, 251, 213, 255, 111, 63, 255, 229, 183, 255,
       239, 247, 191, 255, 223, 126, 189, 242, 111, 52, 255, 214, 127,
       223, 253, 219, 255, 255, 119, 251, 191, 121, 254, 239, 181, 247,
       255, 219, 191, 183, 93, 248, 252, 105, 223, 255, 172, 191, 191,
       187, 222, 127, 255, 255, 189, 255, 185, 253, 255, 223, 255, 175,
       92, 124, 93, 253, 255, 127, 251, 252, 127, 211, 126, 181, 254,
       247, 255, 126, 115, 247, 255, 207, 253, 223, 117, 255, 123, 248,
       127, 125, 221, 255, 253, 245, 113, 255, 127, 190, 223, 153, 15,
       254, 181, 223, 117, 125, 183, 247, 255, 243, 223, 188, 222, 60,
       178, 253, 255, 62, 189, 253, 121, 255, 255, 213, 249, 253, 127,
       189, 85, 255, 254, 99, 107, 245, 118, 211, 255, 253, 255, 229,
       255, 126, 223, 245, 239, 223, 108, 87, 190, 223, 120, 249, 125,
       124, 93, 123, 47, 213, 53, 247, 111, 153, 172, 24, 5, 242, 29,
       156, 93, 16, 242, 51, 189, 218, 223, 40, 254, 63, 185, 255, 254,
       55, 255, 253, 126, 247, 254, 213, 241, 127, 254, 188, 94, 255,
       255, 99, 107, 246, 127, 192, 119, 205, 255, 231, 223, 122, 217,
       117, 235, 215, 44, 87, 190, 215, 120, 249, 125, 120, 93, 255, 47,
       215, 53, 245, 111, 153, 172, 24, 5, 242, 29, 156, 77, 16, 242,
       115, 191, 91, 87, 32, 250, 63, 190, 253, 255, 63, 253, 249, 121,
       255, 253, 215, 253, 253, 127, 253, 253, 255, 254, 99, 251, 245,
       118, 211, 255, 253, 255, 229, 255, 126, 95, 245, 239, 223, 108,
       87, 190, 223, 120, 249, 125, 124, 93, 123, 47, 213, 53, 247, 111,
       185, 172, 24, 13, 240, 29, 156, 77, 16, 242, 51, 189, 250, 95, 32,
       254 ]
