%YAML:1.0
descriptors: !!opencv-matrix
   rows: 16
   cols: 64
   dt: u
   data: [ 63, 182, 125, 246, 63, 253, 191, 120, 254, 255, 254, 251, 237,
       127, 222, 117, 247, 223, 99, 243, 245, 103, 195, 118, 205, 255,
       245, 255, 90, 30, 243, 235, 215, 44, 85, 190, 91, 120, 233, 116,
       120, 92, 56, 47, 213, 23, 247, 111, 153, 172, 24, 5, 240, 29, 156,
       73, 16, 242, 51, 189, 88, 87, 32, 250, 191, 244, 109, 239, 255,
       189, 223, 121, 255, 127, 253, 251, 239, 123, 244, 93, 243, 245,
       63, 113, 245, 103, 179, 124, 110, 255, 233, 63, 255, 31, 125, 235,
       215, 108, 20, 186, 210, 121, 249, 245, 82, 222, 58, 47, 209, 20,
       245, 79, 153, 173, 24, 5, 248, 29, 158, 73, 24, 246, 51, 157, 88,
       87, 34, 249, 84, 33, 241, 144, 16, 6, 33, 103, 192, 228, 193, 52,
       81, 166, 147, 66, 234, 84, 3, 100, 11, 133, 194, 3, 76, 136, 180,
       13, 66, 140, 48, 41, 82, 36, 85, 186, 2, 120, 65, 84, 48, 64, 16,
       10, 69, 28, 225, 110, 153, 172, 24, 5, 112, 28, 148, 73, 16, 242,
       49, 185, 88, 86, 32, 250, 76, 43, 231, 241, 48, 247, 169, 254,
       180, 254, 202, 181, 83, 244, 187, 234, 235, 221, 99, 99, 204, 165,
       198, 51, 77, 207, 182, 39, 80, 14, 51, 251, 247, 36, 85, 186, 82,
       120, 233, 116, 112, 92, 56, 46, 213, 20, 241, 111, 153, 172, 24,
       5, 240, 29, 156, 73, 16, 242, 51, 189, 88, 87, 32, 250, 237, 235,
       239, 253, 250, 255, 251, 250, 189, 253, 254, 255, 223, 251, 253,
       238, 226, 221, 127, 107, 237, 37, 230, 115, 111, 255, 165, 63,
       127, 79, 63, 251, 247, 36, 85, 186, 82, 123, 233, 244, 242, 94,
       56, 62, 209, 150, 209, 111, 153, 173, 28, 5, 240, 29, 157, 73, 16,
       242, 51, 189, 88, 87, 34, 251, 253, 255, 255, 125, 54, 255, 255,
       255, 253, 255, 250, 251, 239, 237, 254, 239, 251, 253, 255, 107,
       253, 255, 246, 191, 221, 255, 247, 183, 125, 87, 127, 239, 79,
       108, 255, 191, 223, 61, 249, 125, 124, 92, 251, 191, 247, 243,
       247, 127, 190, 191, 28, 207, 226, 189, 158, 93, 252, 182, 119,
       255, 255, 223, 108, 182, 124, 190, 255, 253, 254, 253, 251, 253,
       189, 255, 222, 255, 223, 125, 251, 253, 249, 253, 251, 43, 253,
       127, 222, 253, 255, 239, 126, 247, 125, 215, 255, 255, 239, 251,
       223, 53, 255, 255, 253, 127, 253, 93, 235, 190, 247, 239, 255, 51,
       191, 220, 156, 111, 247, 253, 157, 255, 86, 222, 255, 175, 251,
       223, 187, 254, 63, 183, 125, 254, 62, 189, 255, 120, 247, 254,
       213, 247, 253, 127, 188, 85, 254, 255, 67, 115, 245, 118, 211,
       247, 253, 254, 245, 255, 126, 219, 245, 235, 223, 108, 87, 190,
       223, 120, 249, 125, 124, 93, 123, 47, 213, 53, 247, 111, 153, 172,
       24, 7, 240, 29, 156, 77, 24, 242, 51, 189, 122, 87, 32, 250, 60,
       190, 255, 253, 254, 253, 255, 245, 253, 253, 222, 221, 223, 125,
       251, 236, 253, 253, 251, 43, 245, 127, 222, 255, 249, 111, 246,
       246, 125, 215, 255, 255, 255, 219, 239, 36, 255, 251, 248, 127,
       253, 61, 235, 182, 245, 227, 255, 107, 191, 255, 175, 235, 246,
       253, 155, 93, 127, 223, 255, 239, 251, 255, 237, 254, 255, 253,
       255, 255, 255, 191, 255, 249, 253, 255, 253, 251, 255, 122, 246,
       253, 243, 245, 127, 127, 255, 127, 243, 127, 253, 255, 255, 191,
       127, 223, 127, 255, 215, 109, 158, 255, 222, 121, 249, 253, 122,
       223, 255, 63, 211, 63, 245, 127, 159, 189, 158, 13, 248, 189, 159,
       93, 120, 246, 123, 191, 251, 223, 46, 255, 255, 255, 255, 255,
       254, 183, 255, 249, 255, 255, 208, 255, 255, 238, 187, 93, 242,
       213, 251, 111, 255, 61, 223, 127, 255, 254, 126, 191, 222, 125,
       127, 191, 231, 231, 93, 255, 246, 255, 255, 119, 121, 110, 235,
       254, 223, 157, 217, 179, 221, 252, 24, 245, 245, 247, 156, 235,
       80, 254, 251, 191, 223, 125, 187, 247, 58, 253, 255, 255, 126,
       175, 223, 59, 223, 253, 253, 251, 255, 126, 244, 92, 246, 215,
       126, 251, 247, 127, 211, 255, 255, 126, 231, 255, 110, 255, 253,
       239, 207, 255, 46, 182, 255, 121, 250, 255, 123, 223, 247, 239,
       253, 53, 255, 111, 191, 246, 137, 207, 254, 61, 158, 93, 127, 247,
       247, 251, 251, 255, 175, 222, 71, 34, 65, 162, 217, 34, 39, 72,
       164, 98, 128, 50, 33, 11, 128, 69, 194, 84, 1, 96, 73, 130, 136,
       48, 76, 136, 40, 9, 146, 8, 33, 73, 112, 36, 84, 186, 0, 112, 5,
       212, 0, 64, 24, 10, 64, 16, 64, 196, 24, 44, 16, 4, 96, 28, 140,
       9, 16, 240, 33, 188, 76, 86, 32, 176, 63, 183, 253, 246, 63, 181,
       253, 123, 247, 252, 215, 241, 253, 126, 176, 87, 254, 254, 99,
       115, 245, 126, 211, 247, 221, 186, 230, 251, 122, 93, 245, 235,
       223, 44, 87, 190, 223, 120, 249, 125, 120, 93, 123, 47, 212, 53,
       247, 111, 153, 172, 24, 5, 242, 29, 156, 73, 16, 242, 51, 189, 90,
       87, 32, 250, 251, 253, 239, 255, 255, 255, 223, 187, 255, 255,
       253, 250, 255, 251, 246, 93, 251, 247, 126, 255, 255, 127, 243,
       127, 255, 255, 247, 63, 127, 251, 247, 251, 223, 108, 158, 255,
       222, 125, 249, 253, 122, 223, 251, 255, 215, 113, 245, 127, 191,
       191, 158, 15, 248, 189, 222, 93, 56, 246, 115, 159, 255, 223, 172,
       251, 252, 254, 255, 221, 254, 255, 255, 255, 253, 253, 254, 255,
       223, 252, 251, 238, 251, 253, 251, 107, 253, 127, 254, 255, 255,
       127, 183, 182, 125, 215, 127, 255, 239, 107, 127, 255, 222, 255,
       253, 125, 255, 93, 251, 62, 223, 167, 255, 123, 191, 173, 223,
       207, 250, 191, 157, 93, 118, 246, 255, 255, 251, 223, 42, 254 ]
