%YAML:1.0
descriptors: !!opencv-matrix
   rows: 8
   cols: 64
   dt: u
   data: [ 124, 57, 255, 254, 50, 111, 125, 127, 246, 228, 221, 180, 127,
       254, 182, 254, 251, 212, 99, 103, 247, 173, 226, 55, 221, 235,
       182, 31, 83, 152, 118, 233, 215, 36, 85, 186, 82, 120, 249, 124,
       112, 92, 57, 47, 213, 20, 245, 110, 153, 172, 24, 5, 240, 29, 156,
       73, 16, 242, 51, 189, 88, 87, 32, 250, 250, 57, 255, 246, 51, 111,
       121, 111, 214, 238, 223, 181, 127, 238, 158, 254, 251, 213, 35,
       103, 71, 173, 231, 55, 79, 207, 178, 47, 83, 14, 118, 105, 215,
       36, 85, 186, 82, 120, 233, 116, 112, 92, 185, 47, 213, 20, 245,
       110, 153, 172, 24, 5, 240, 29, 156, 73, 16, 242, 51, 189, 88, 87,
       32, 250, 60, 190, 255, 253, 62, 253, 253, 119, 253, 254, 222, 253,
       95, 124, 255, 206, 153, 252, 235, 235, 245, 127, 95, 255, 253,
       127, 183, 246, 109, 215, 255, 238, 207, 90, 231, 44, 255, 184,
       249, 125, 124, 61, 247, 167, 247, 245, 183, 107, 190, 254, 173,
       203, 242, 29, 88, 84, 110, 215, 223, 255, 251, 251, 237, 254, 63,
       245, 125, 254, 63, 189, 253, 121, 247, 255, 221, 251, 253, 127,
       180, 85, 246, 247, 99, 243, 245, 118, 211, 247, 253, 254, 245,
       255, 122, 255, 245, 235, 223, 108, 87, 190, 223, 120, 249, 125,
       124, 93, 123, 47, 213, 53, 247, 111, 153, 174, 24, 7, 240, 29,
       156, 73, 24, 242, 51, 189, 122, 87, 40, 250, 252, 254, 239, 253,
       126, 127, 249, 255, 253, 253, 254, 191, 127, 253, 255, 238, 251,
       221, 255, 107, 253, 255, 254, 191, 127, 239, 183, 183, 255, 223,
       127, 255, 243, 103, 119, 251, 214, 255, 253, 252, 255, 125, 251,
       62, 223, 167, 123, 251, 173, 173, 94, 141, 250, 63, 159, 77, 212,
       244, 107, 255, 223, 78, 35, 255, 254, 253, 127, 255, 255, 255,
       255, 249, 255, 255, 253, 251, 255, 126, 246, 253, 247, 247, 127,
       127, 255, 255, 179, 126, 253, 255, 247, 255, 255, 255, 255, 191,
       231, 109, 158, 255, 222, 127, 249, 253, 90, 223, 255, 127, 211,
       63, 253, 127, 159, 191, 158, 15, 248, 191, 159, 93, 120, 246, 123,
       255, 255, 223, 46, 191, 191, 221, 109, 236, 55, 125, 221, 124,
       191, 215, 253, 216, 95, 56, 124, 255, 241, 244, 103, 121, 116,
       114, 244, 54, 109, 175, 165, 59, 127, 123, 125, 233, 244, 108,
       214, 254, 210, 123, 249, 253, 250, 223, 125, 63, 208, 22, 244,
       110, 153, 173, 30, 5, 248, 29, 159, 77, 56, 242, 59, 188, 89, 222,
       34, 249, 187, 253, 125, 254, 55, 125, 93, 122, 247, 215, 253, 250,
       127, 123, 244, 255, 255, 246, 54, 123, 119, 126, 241, 119, 253,
       255, 243, 59, 127, 123, 246, 249, 210, 108, 20, 254, 218, 121,
       249, 253, 114, 223, 57, 191, 212, 19, 245, 110, 153, 175, 30, 13,
       248, 29, 159, 77, 48, 242, 123, 157, 122, 215, 42, 251 ]
