%YAML:1.0
descriptors: !!opencv-matrix
   rows: 6
   cols: 64
   dt: u
   data: [ 255, 252, 255, 239, 255, 255, 255, 252, 255, 253, 252, 255,
       255, 127, 254, 253, 251, 245, 123, 123, 253, 119, 243, 125, 255,
       255, 253, 63, 255, 91, 127, 239, 215, 109, 87, 254, 214, 121, 249,
       125, 127, 221, 123, 63, 213, 53, 253, 111, 157, 172, 158, 13, 248,
       61, 158, 77, 56, 246, 123, 189, 219, 223, 46, 254, 125, 127, 255,
       253, 118, 255, 127, 255, 253, 254, 250, 189, 255, 252, 249, 239,
       251, 253, 251, 127, 255, 255, 214, 191, 221, 127, 231, 255, 121,
       215, 126, 251, 107, 111, 247, 255, 223, 127, 241, 125, 126, 93,
       255, 190, 247, 231, 231, 127, 190, 175, 158, 207, 250, 189, 159,
       93, 252, 246, 127, 255, 255, 222, 175, 182, 126, 189, 255, 253,
       55, 255, 253, 255, 221, 254, 255, 253, 127, 254, 255, 254, 251,
       221, 123, 123, 245, 127, 246, 127, 253, 239, 246, 191, 127, 243,
       126, 235, 207, 108, 231, 254, 223, 127, 249, 125, 120, 93, 247,
       63, 215, 183, 247, 111, 191, 174, 159, 141, 242, 29, 156, 93, 120,
       246, 123, 251, 251, 223, 44, 254, 56, 158, 239, 253, 62, 255, 241,
       119, 189, 252, 86, 221, 93, 125, 255, 238, 251, 221, 227, 107,
       244, 117, 222, 251, 121, 255, 180, 182, 125, 211, 127, 239, 215,
       100, 85, 184, 87, 122, 249, 124, 252, 93, 122, 47, 213, 181, 247,
       111, 153, 172, 25, 13, 240, 29, 156, 77, 24, 242, 51, 189, 218,
       87, 32, 254, 61, 252, 255, 253, 63, 253, 253, 127, 255, 252, 220,
       253, 255, 124, 189, 222, 255, 220, 227, 107, 245, 127, 219, 255,
       253, 255, 245, 255, 127, 223, 247, 239, 223, 108, 85, 190, 246,
       248, 249, 125, 120, 93, 251, 47, 245, 53, 247, 111, 187, 172, 153,
       13, 240, 29, 156, 93, 54, 242, 119, 191, 251, 223, 44, 254, 63,
       255, 255, 255, 63, 253, 253, 120, 255, 255, 253, 249, 255, 123,
       253, 95, 255, 255, 99, 123, 247, 126, 211, 255, 253, 255, 247,
       255, 127, 255, 245, 239, 223, 108, 215, 190, 255, 121, 249, 125,
       124, 95, 251, 239, 245, 177, 247, 111, 187, 190, 153, 79, 240, 29,
       158, 93, 60, 243, 247, 255, 251, 223, 173, 254 ]
