%YAML:1.0
descriptors: !!opencv-matrix
   rows: 8
   cols: 64
   dt: u
   data: [ 252, 63, 255, 253, 118, 127, 251, 255, 253, 255, 210, 191,
       255, 255, 251, 238, 251, 253, 251, 111, 127, 255, 246, 191, 223,
       235, 182, 183, 127, 221, 126, 255, 123, 111, 247, 255, 215, 127,
       245, 125, 220, 125, 251, 190, 251, 175, 203, 255, 191, 173, 126,
       223, 243, 191, 159, 93, 196, 254, 123, 223, 255, 158, 171, 183,
       61, 254, 239, 237, 254, 253, 253, 127, 253, 253, 254, 255, 255,
       127, 255, 237, 251, 253, 251, 123, 245, 127, 218, 255, 255, 127,
       55, 183, 125, 215, 127, 239, 223, 234, 223, 52, 255, 251, 249, 63,
       255, 125, 251, 191, 213, 243, 247, 107, 189, 253, 157, 77, 246,
       157, 159, 93, 62, 246, 247, 175, 251, 223, 46, 254, 61, 191, 255,
       246, 63, 253, 253, 127, 255, 252, 214, 245, 255, 126, 184, 94,
       255, 254, 99, 123, 245, 126, 211, 247, 221, 191, 230, 251, 126,
       221, 245, 239, 223, 44, 87, 190, 223, 120, 249, 125, 120, 93, 123,
       47, 212, 53, 247, 111, 185, 172, 24, 5, 242, 29, 156, 77, 16, 242,
       115, 189, 123, 95, 32, 250, 62, 182, 253, 231, 191, 245, 187, 125,
       255, 255, 212, 253, 253, 127, 177, 85, 254, 255, 67, 115, 245,
       115, 219, 127, 253, 234, 228, 255, 126, 221, 245, 239, 215, 108,
       87, 190, 223, 120, 249, 117, 124, 93, 123, 47, 213, 53, 247, 111,
       153, 172, 24, 5, 240, 29, 156, 73, 16, 242, 51, 189, 218, 87, 32,
       254, 250, 252, 255, 255, 255, 255, 223, 153, 255, 255, 253, 251,
       191, 126, 246, 125, 255, 247, 126, 251, 255, 127, 251, 127, 255,
       255, 247, 127, 127, 251, 247, 255, 199, 237, 158, 255, 254, 249,
       251, 255, 122, 223, 239, 253, 245, 124, 253, 63, 191, 255, 152,
       15, 252, 181, 158, 255, 120, 247, 243, 191, 251, 223, 188, 254,
       254, 250, 255, 239, 255, 255, 255, 249, 255, 191, 254, 255, 255,
       190, 255, 253, 251, 247, 127, 127, 253, 215, 255, 125, 239, 255,
       253, 191, 255, 223, 255, 254, 247, 109, 87, 255, 90, 123, 237,
       247, 250, 95, 126, 63, 213, 255, 252, 53, 189, 173, 30, 5, 250,
       189, 157, 79, 80, 254, 51, 189, 251, 95, 50, 255, 63, 182, 253,
       255, 62, 189, 253, 121, 255, 254, 215, 249, 253, 127, 189, 87,
       251, 254, 99, 107, 245, 118, 211, 127, 205, 191, 229, 251, 126,
       95, 245, 239, 215, 44, 85, 190, 223, 120, 249, 117, 124, 92, 123,
       47, 212, 21, 247, 111, 153, 172, 24, 5, 240, 29, 156, 73, 16, 242,
       51, 189, 90, 87, 32, 250, 63, 185, 255, 246, 63, 245, 253, 126,
       247, 254, 215, 241, 255, 126, 185, 95, 251, 246, 99, 251, 245,
       126, 211, 119, 205, 191, 226, 191, 122, 93, 245, 235, 223, 44, 87,
       190, 219, 120, 249, 125, 120, 93, 127, 47, 212, 21, 247, 111, 153,
       172, 24, 5, 240, 29, 156, 73, 16, 242, 51, 189, 89, 87, 32, 250 ]
