%YAML:1.0
descriptors: !!opencv-matrix
   rows: 4
   cols: 64
   dt: u
   data: [ 253, 54, 247, 182, 253, 103, 43, 255, 196, 127, 208, 115, 239,
       203, 150, 95, 234, 213, 39, 99, 233, 135, 227, 55, 78, 219, 184,
       47, 210, 12, 51, 107, 215, 36, 84, 186, 82, 120, 233, 116, 80, 92,
       56, 15, 209, 20, 241, 111, 153, 172, 24, 5, 240, 29, 156, 73, 16,
       242, 51, 189, 88, 87, 32, 251, 255, 252, 255, 239, 255, 253, 223,
       248, 255, 127, 253, 251, 255, 250, 254, 253, 243, 245, 127, 127,
       125, 223, 183, 124, 239, 255, 251, 63, 255, 91, 127, 191, 241,
       101, 60, 255, 210, 119, 249, 247, 211, 223, 125, 63, 219, 158,
       252, 29, 141, 165, 86, 5, 232, 191, 159, 77, 152, 246, 57, 188,
       221, 95, 34, 185, 252, 250, 255, 255, 254, 127, 251, 253, 253,
       253, 254, 255, 255, 254, 255, 254, 251, 213, 127, 111, 125, 223,
       167, 60, 255, 255, 191, 191, 255, 223, 126, 191, 241, 101, 125,
       255, 86, 119, 249, 244, 251, 223, 121, 62, 223, 134, 216, 124,
       141, 173, 94, 133, 248, 31, 159, 77, 208, 246, 59, 188, 95, 14,
       34, 185, 191, 253, 109, 222, 55, 125, 221, 25, 255, 223, 189, 250,
       191, 127, 244, 255, 241, 246, 118, 251, 117, 118, 176, 118, 117,
       255, 241, 59, 127, 123, 127, 121, 210, 108, 150, 254, 218, 121,
       249, 253, 114, 223, 59, 191, 212, 86, 244, 111, 153, 191, 30, 13,
       248, 29, 159, 77, 56, 242, 115, 191, 123, 223, 46, 251 ]
