%YAML:1.0
descriptors: !!opencv-matrix
   rows: 8
   cols: 64
   dt: u
   data: [ 254, 249, 255, 255, 255, 255, 255, 251, 255, 255, 253, 251,
       255, 254, 254, 254, 251, 247, 127, 127, 255, 255, 247, 127, 255,
       255, 247, 191, 255, 255, 255, 254, 207, 239, 175, 255, 254, 127,
       249, 255, 127, 223, 247, 127, 223, 255, 253, 63, 255, 191, 159,
       207, 250, 191, 191, 125, 252, 246, 255, 251, 255, 223, 190, 191,
       12, 33, 225, 144, 16, 5, 32, 103, 192, 70, 195, 20, 81, 4, 145,
       66, 226, 76, 67, 96, 193, 32, 192, 147, 28, 136, 164, 137, 64,
       140, 48, 200, 70, 36, 85, 186, 16, 120, 1, 84, 16, 64, 20, 14, 68,
       20, 161, 78, 25, 44, 24, 5, 240, 28, 28, 73, 0, 242, 51, 185, 72,
       22, 32, 250, 35, 20, 64, 2, 31, 128, 5, 8, 230, 0, 144, 49, 172,
       11, 132, 85, 98, 246, 1, 208, 193, 34, 145, 100, 68, 136, 224, 9,
       18, 24, 193, 97, 151, 44, 84, 190, 82, 56, 1, 116, 96, 66, 24,
       139, 208, 80, 244, 79, 153, 172, 24, 4, 240, 24, 156, 73, 16, 178,
       51, 188, 24, 87, 32, 248, 63, 180, 125, 190, 63, 181, 189, 121,
       246, 254, 212, 245, 253, 127, 177, 87, 246, 222, 67, 99, 245, 34,
       195, 127, 205, 186, 228, 219, 90, 93, 245, 235, 215, 44, 85, 190,
       83, 120, 233, 117, 120, 92, 58, 47, 212, 53, 247, 111, 153, 172,
       24, 5, 240, 29, 156, 73, 16, 242, 51, 189, 88, 87, 32, 250, 61,
       178, 125, 190, 63, 189, 185, 124, 246, 254, 215, 245, 125, 123,
       189, 86, 254, 222, 67, 99, 245, 98, 193, 247, 221, 186, 228, 219,
       90, 156, 241, 235, 223, 36, 85, 190, 83, 120, 233, 124, 120, 92,
       56, 47, 212, 53, 247, 111, 153, 172, 24, 5, 240, 29, 156, 73, 16,
       242, 51, 189, 88, 87, 32, 250, 61, 180, 253, 254, 63, 189, 253,
       124, 246, 252, 215, 245, 253, 126, 189, 84, 242, 212, 67, 99, 245,
       34, 195, 119, 205, 170, 228, 155, 122, 93, 245, 235, 215, 44, 85,
       190, 214, 120, 233, 117, 120, 93, 59, 47, 212, 53, 247, 111, 153,
       172, 24, 5, 240, 29, 156, 73, 16, 242, 51, 189, 90, 87, 32, 250,
       62, 178, 125, 246, 63, 181, 189, 125, 246, 254, 212, 113, 253,
       127, 177, 84, 246, 222, 67, 115, 245, 114, 195, 255, 204, 170,
       228, 219, 90, 221, 245, 235, 223, 44, 85, 190, 95, 120, 233, 116,
       120, 92, 56, 47, 212, 53, 247, 111, 153, 172, 24, 5, 240, 29, 156,
       73, 16, 242, 51, 189, 88, 87, 32, 250, 63, 54, 125, 178, 63, 181,
       15, 120, 230, 126, 211, 52, 237, 47, 185, 87, 242, 212, 67, 112,
       241, 34, 195, 118, 204, 168, 228, 13, 82, 28, 241, 235, 215, 44,
       85, 190, 90, 120, 225, 116, 120, 92, 24, 47, 212, 20, 229, 111,
       153, 172, 24, 5, 240, 29, 156, 73, 16, 242, 51, 189, 88, 87, 32,
       250 ]
