%YAML:1.0
descriptors: !!opencv-matrix
   rows: 7
   cols: 64
   dt: u
   data: [ 252, 255, 255, 253, 246, 253, 251, 253, 253, 253, 254, 191,
       255, 254, 251, 238, 251, 221, 255, 111, 125, 253, 238, 189, 255,
       239, 191, 191, 255, 223, 126, 191, 251, 103, 253, 255, 214, 255,
       253, 253, 223, 93, 251, 62, 255, 167, 75, 246, 175, 189, 255, 189,
       250, 191, 159, 93, 228, 252, 107, 255, 223, 142, 47, 182, 191,
       252, 127, 239, 255, 127, 223, 249, 255, 125, 253, 251, 255, 127,
       246, 253, 243, 247, 127, 121, 245, 223, 179, 124, 255, 255, 255,
       59, 255, 123, 255, 255, 247, 237, 190, 223, 214, 117, 249, 255,
       95, 223, 255, 191, 221, 31, 252, 29, 141, 181, 214, 141, 232, 191,
       159, 93, 248, 246, 121, 158, 255, 223, 46, 189, 191, 245, 124,
       254, 255, 191, 223, 25, 255, 127, 189, 250, 191, 122, 244, 93,
       246, 247, 126, 243, 247, 127, 179, 126, 246, 247, 247, 127, 255,
       251, 255, 235, 159, 236, 158, 255, 250, 121, 251, 253, 122, 223,
       255, 125, 209, 117, 245, 95, 189, 191, 154, 15, 232, 181, 223,
       125, 56, 183, 247, 191, 251, 223, 190, 219, 51, 212, 88, 142, 191,
       156, 31, 9, 102, 67, 21, 250, 173, 107, 36, 85, 246, 247, 4, 176,
       192, 34, 147, 100, 228, 214, 241, 127, 18, 58, 193, 105, 151, 44,
       84, 158, 66, 120, 169, 117, 112, 222, 40, 169, 213, 20, 244, 79,
       145, 172, 24, 5, 240, 29, 156, 73, 16, 242, 50, 189, 88, 87, 32,
       250, 108, 170, 239, 201, 250, 127, 179, 253, 253, 254, 254, 189,
       93, 60, 251, 238, 219, 220, 219, 106, 253, 209, 254, 188, 121,
       109, 28, 162, 253, 215, 63, 255, 253, 32, 87, 250, 87, 243, 237,
       124, 250, 93, 122, 62, 85, 167, 83, 97, 191, 44, 159, 13, 242, 29,
       157, 89, 20, 240, 47, 188, 219, 95, 42, 254, 187, 253, 236, 254,
       55, 189, 93, 27, 255, 215, 189, 250, 191, 251, 116, 95, 183, 247,
       118, 251, 183, 126, 209, 119, 245, 247, 247, 59, 127, 251, 244,
       169, 210, 124, 150, 254, 202, 121, 250, 253, 122, 223, 255, 109,
       247, 116, 245, 111, 159, 191, 152, 79, 248, 29, 255, 93, 57, 247,
       115, 191, 251, 251, 172, 251, 191, 253, 255, 255, 255, 189, 255,
       120, 255, 255, 253, 251, 255, 123, 244, 93, 243, 247, 127, 123,
       245, 127, 227, 127, 237, 255, 247, 191, 127, 91, 117, 239, 215,
       108, 20, 190, 214, 121, 249, 245, 122, 223, 123, 47, 213, 53, 245,
       111, 153, 173, 24, 5, 248, 29, 158, 77, 16, 246, 51, 191, 90, 95,
       34, 251 ]
