%YAML:1.0
descriptors: !!opencv-matrix
   rows: 12
   cols: 64
   dt: u
   data: [ 63, 255, 253, 254, 55, 191, 253, 123, 255, 222, 253, 251, 253,
       127, 252, 124, 247, 255, 99, 123, 244, 118, 208, 119, 253, 255,
       245, 255, 126, 90, 119, 235, 215, 108, 85, 190, 223, 120, 249,
       125, 120, 92, 57, 47, 213, 21, 245, 111, 153, 172, 24, 5, 240, 29,
       156, 73, 16, 242, 51, 189, 90, 87, 32, 250, 60, 252, 255, 255, 62,
       253, 249, 255, 253, 255, 222, 253, 255, 127, 255, 254, 251, 221,
       99, 107, 245, 117, 207, 255, 253, 255, 181, 191, 127, 223, 127,
       239, 215, 36, 85, 190, 223, 123, 249, 124, 250, 93, 123, 47, 213,
       55, 247, 111, 153, 172, 24, 5, 240, 29, 157, 77, 16, 242, 51, 189,
       218, 87, 34, 254, 60, 160, 255, 175, 59, 247, 177, 127, 213, 252,
       220, 245, 125, 62, 187, 110, 251, 220, 99, 99, 245, 39, 207, 247,
       93, 235, 180, 175, 91, 207, 119, 239, 223, 36, 85, 186, 87, 120,
       233, 124, 120, 93, 112, 47, 213, 53, 247, 111, 153, 172, 24, 5,
       240, 29, 156, 73, 16, 242, 51, 189, 88, 87, 32, 250, 239, 49, 231,
       181, 223, 71, 159, 206, 246, 229, 189, 127, 255, 239, 179, 127,
       235, 213, 39, 103, 73, 135, 167, 53, 78, 223, 189, 47, 210, 14,
       50, 59, 243, 36, 85, 186, 82, 112, 233, 244, 112, 92, 56, 47, 213,
       20, 245, 109, 153, 172, 24, 5, 240, 29, 156, 73, 16, 242, 51, 189,
       88, 87, 32, 250, 63, 247, 125, 254, 63, 189, 253, 121, 247, 254,
       221, 250, 253, 127, 180, 87, 247, 247, 99, 243, 245, 118, 211,
       247, 221, 254, 229, 255, 122, 252, 245, 235, 223, 44, 215, 190,
       223, 120, 249, 125, 124, 95, 59, 47, 212, 53, 247, 111, 155, 174,
       24, 15, 242, 29, 156, 93, 24, 242, 51, 189, 122, 215, 40, 250, 76,
       40, 227, 177, 80, 103, 171, 255, 132, 238, 194, 52, 81, 128, 155,
       226, 202, 93, 3, 102, 73, 129, 206, 26, 15, 136, 174, 133, 208,
       12, 50, 219, 97, 37, 85, 187, 16, 118, 69, 84, 144, 68, 16, 14,
       67, 30, 65, 252, 25, 44, 88, 5, 209, 29, 148, 72, 144, 224, 35,
       188, 76, 6, 32, 241, 76, 42, 239, 249, 104, 247, 242, 247, 57,
       254, 206, 159, 211, 180, 251, 234, 139, 221, 251, 107, 252, 213,
       206, 187, 95, 127, 158, 166, 77, 199, 59, 223, 247, 3, 85, 169,
       87, 254, 237, 116, 248, 124, 122, 62, 87, 167, 83, 235, 157, 172,
       60, 21, 241, 93, 157, 72, 86, 238, 59, 189, 90, 87, 33, 246, 255,
       252, 239, 255, 255, 255, 255, 249, 253, 255, 252, 251, 255, 255,
       246, 239, 251, 245, 127, 127, 253, 247, 250, 125, 127, 255, 191,
       191, 255, 91, 127, 255, 215, 109, 158, 255, 214, 125, 253, 253,
       94, 223, 255, 191, 215, 55, 253, 127, 159, 189, 158, 141, 250,
       189, 159, 93, 120, 246, 123, 191, 223, 159, 46, 191, 187, 221,
       109, 252, 55, 125, 93, 126, 183, 215, 253, 248, 127, 57, 116, 255,
       253, 244, 102, 123, 54, 114, 244, 54, 109, 175, 229, 59, 115, 59,
       124, 233, 214, 44, 22, 254, 202, 121, 233, 253, 210, 223, 57, 47,
       208, 22, 245, 110, 153, 172, 30, 5, 248, 29, 151, 77, 16, 242, 51,
       189, 120, 86, 34, 251, 187, 253, 239, 255, 255, 253, 223, 184,
       255, 255, 253, 250, 255, 123, 246, 93, 251, 245, 126, 251, 255,
       127, 243, 127, 253, 255, 247, 63, 127, 123, 119, 251, 215, 108,
       158, 254, 218, 121, 249, 253, 122, 223, 251, 253, 213, 113, 245,
       127, 159, 191, 26, 15, 248, 157, 158, 93, 56, 246, 115, 191, 251,
       223, 172, 251, 187, 249, 125, 254, 55, 127, 93, 74, 255, 213, 253,
       248, 127, 123, 252, 255, 247, 246, 63, 127, 103, 122, 225, 119,
       237, 255, 229, 59, 127, 123, 254, 249, 242, 108, 22, 254, 210,
       121, 249, 253, 242, 223, 57, 63, 212, 22, 245, 110, 153, 173, 30,
       5, 248, 29, 159, 77, 48, 246, 59, 189, 89, 86, 34, 251, 252, 250,
       255, 205, 254, 255, 251, 255, 253, 255, 254, 255, 223, 124, 251,
       237, 251, 221, 255, 107, 245, 93, 254, 253, 255, 127, 63, 183,
       253, 223, 127, 255, 255, 99, 255, 251, 214, 255, 253, 117, 251,
       93, 251, 62, 223, 167, 127, 241, 191, 189, 223, 141, 250, 191,
       157, 93, 212, 252, 127, 255, 223, 95, 46, 254 ]
