%YAML:1.0
descriptors: !!opencv-matrix
   rows: 2
   cols: 64
   dt: u
   data: [ 255, 252, 255, 253, 255, 191, 127, 249, 253, 127, 213, 251,
       255, 251, 182, 93, 242, 245, 127, 103, 253, 247, 210, 117, 110,
       250, 252, 191, 255, 93, 125, 235, 215, 44, 22, 255, 210, 121, 225,
       245, 218, 222, 59, 31, 209, 21, 209, 79, 153, 172, 24, 5, 248, 29,
       159, 73, 16, 246, 51, 157, 88, 87, 34, 251, 44, 33, 97, 176, 16,
       133, 33, 111, 196, 70, 195, 52, 81, 6, 145, 66, 226, 84, 3, 96,
       193, 32, 192, 19, 76, 136, 164, 137, 66, 140, 49, 233, 70, 36, 85,
       186, 82, 120, 1, 84, 48, 64, 16, 47, 212, 20, 229, 110, 153, 172,
       24, 5, 240, 29, 156, 73, 16, 242, 51, 189, 88, 86, 32, 250 ]
