%YAML:1.0
descriptors: !!opencv-matrix
   rows: 8
   cols: 64
   dt: u
   data: [ 231, 120, 231, 151, 223, 199, 159, 204, 254, 237, 189, 127,
       255, 239, 243, 255, 235, 213, 63, 103, 77, 135, 167, 60, 78, 223,
       189, 47, 211, 15, 51, 63, 243, 37, 85, 251, 82, 117, 237, 246,
       112, 92, 56, 46, 221, 28, 253, 53, 153, 172, 24, 5, 240, 31, 156,
       73, 16, 242, 49, 189, 92, 87, 32, 250, 238, 233, 235, 247, 251,
       103, 255, 206, 220, 239, 251, 251, 179, 206, 242, 238, 235, 213,
       61, 103, 79, 143, 231, 127, 111, 223, 187, 47, 211, 11, 50, 63,
       119, 39, 124, 251, 82, 125, 237, 246, 113, 76, 56, 63, 223, 28,
       253, 183, 137, 172, 90, 5, 248, 31, 156, 73, 144, 240, 49, 189,
       92, 87, 32, 186, 61, 182, 253, 166, 63, 253, 189, 124, 255, 252,
       222, 245, 253, 126, 188, 85, 255, 254, 195, 115, 245, 118, 211,
       247, 221, 254, 228, 255, 126, 223, 245, 239, 223, 108, 87, 190,
       247, 122, 233, 124, 124, 93, 122, 47, 212, 53, 247, 111, 185, 172,
       24, 13, 242, 29, 156, 73, 54, 242, 55, 189, 90, 95, 32, 250, 69,
       34, 65, 160, 217, 34, 35, 78, 160, 106, 128, 50, 1, 139, 131, 67,
       194, 84, 1, 96, 73, 128, 136, 48, 78, 136, 168, 1, 210, 8, 33, 73,
       112, 36, 20, 186, 0, 112, 5, 212, 0, 64, 24, 10, 64, 4, 64, 196,
       25, 36, 24, 4, 64, 28, 132, 9, 144, 224, 33, 156, 76, 70, 32, 176,
       56, 253, 125, 190, 54, 125, 61, 123, 247, 252, 254, 181, 125, 60,
       252, 254, 255, 246, 103, 105, 244, 114, 209, 182, 221, 189, 229,
       217, 123, 222, 255, 233, 208, 44, 87, 190, 222, 120, 233, 124,
       122, 221, 59, 47, 212, 183, 244, 110, 153, 173, 155, 13, 248, 29,
       158, 89, 48, 242, 59, 188, 91, 214, 40, 250, 187, 245, 109, 222,
       55, 21, 89, 63, 247, 199, 181, 248, 127, 122, 52, 126, 242, 246,
       118, 123, 54, 122, 241, 55, 253, 171, 231, 59, 115, 121, 124, 105,
       246, 44, 52, 254, 202, 121, 243, 253, 210, 219, 189, 111, 146, 20,
       241, 110, 153, 174, 26, 13, 120, 29, 150, 77, 24, 242, 123, 159,
       121, 30, 42, 251, 191, 253, 239, 255, 55, 253, 221, 155, 255, 255,
       253, 250, 255, 123, 244, 95, 187, 247, 126, 251, 247, 127, 243,
       127, 245, 255, 247, 63, 127, 251, 255, 251, 207, 108, 159, 254,
       250, 125, 251, 125, 126, 223, 255, 253, 215, 117, 245, 127, 191,
       191, 154, 79, 248, 189, 254, 93, 56, 247, 255, 191, 251, 223, 174,
       251, 252, 254, 255, 253, 254, 255, 247, 253, 253, 253, 254, 255,
       223, 253, 251, 236, 251, 253, 251, 107, 253, 127, 254, 253, 255,
       127, 31, 183, 253, 223, 127, 255, 255, 107, 111, 255, 222, 255,
       253, 61, 255, 125, 251, 182, 253, 167, 91, 243, 191, 253, 239,
       255, 251, 191, 159, 93, 118, 252, 255, 239, 251, 223, 47, 254 ]
