%YAML:1.0
descriptors: !!opencv-matrix
   rows: 1
   cols: 64
   dt: u
   data: [ 62, 251, 255, 223, 63, 221, 221, 189, 255, 244, 191, 255, 253,
       126, 255, 254, 255, 214, 98, 59, 213, 119, 215, 119, 253, 247,
       245, 123, 127, 251, 223, 235, 215, 108, 215, 254, 222, 123, 251,
       125, 112, 93, 239, 63, 149, 182, 245, 111, 159, 174, 159, 15, 242,
       29, 156, 93, 48, 242, 123, 189, 123, 223, 44, 250 ]
