%YAML:1.0
descriptors: !!opencv-matrix
   rows: 7
   cols: 64
   dt: u
   data: [ 5, 34, 211, 243, 217, 128, 171, 204, 128, 251, 130, 117, 161,
       66, 129, 64, 226, 213, 1, 98, 207, 41, 206, 123, 14, 138, 34, 47,
       82, 8, 49, 95, 119, 38, 93, 187, 80, 112, 109, 86, 193, 64, 24,
       14, 65, 4, 201, 87, 153, 44, 24, 5, 240, 28, 156, 73, 16, 242, 51,
       157, 88, 87, 32, 241, 252, 249, 255, 255, 247, 127, 255, 255, 255,
       253, 253, 251, 255, 254, 254, 254, 251, 215, 127, 127, 127, 255,
       247, 191, 255, 255, 255, 255, 255, 255, 254, 191, 219, 111, 39,
       255, 222, 125, 253, 253, 127, 223, 255, 127, 255, 191, 255, 126,
       175, 191, 223, 223, 250, 191, 159, 93, 252, 254, 125, 255, 255,
       223, 191, 255, 255, 254, 255, 255, 255, 253, 255, 249, 255, 253,
       255, 255, 255, 254, 252, 253, 243, 245, 127, 123, 191, 127, 251,
       125, 255, 255, 119, 63, 127, 251, 127, 255, 207, 239, 254, 223,
       210, 255, 255, 255, 223, 223, 239, 127, 219, 255, 253, 179, 237,
       247, 158, 253, 254, 183, 191, 127, 120, 254, 251, 255, 255, 221,
       191, 191, 68, 33, 177, 144, 0, 7, 0, 103, 2, 38, 3, 20, 81, 132,
       145, 2, 234, 64, 67, 100, 2, 160, 196, 131, 28, 128, 164, 72, 0,
       140, 16, 72, 96, 6, 5, 170, 0, 96, 3, 84, 16, 64, 20, 6, 0, 28, 1,
       206, 17, 44, 112, 4, 32, 24, 20, 73, 128, 98, 1, 184, 72, 6, 32,
       240, 179, 213, 88, 158, 191, 152, 223, 8, 247, 71, 61, 234, 191,
       74, 36, 93, 247, 247, 36, 179, 198, 118, 147, 102, 228, 215, 241,
       127, 82, 59, 213, 105, 151, 44, 150, 158, 202, 89, 234, 247, 114,
       222, 44, 105, 213, 84, 245, 111, 145, 174, 24, 5, 248, 25, 220,
       73, 16, 242, 50, 189, 120, 215, 32, 250, 44, 47, 231, 248, 48,
       127, 161, 247, 181, 252, 198, 149, 81, 181, 187, 230, 139, 220,
       227, 106, 244, 113, 212, 179, 93, 41, 132, 128, 104, 196, 58, 203,
       247, 2, 85, 186, 85, 122, 201, 124, 252, 117, 56, 38, 84, 167, 99,
       110, 153, 172, 60, 13, 242, 29, 156, 72, 20, 226, 51, 189, 74, 87,
       32, 250, 187, 253, 238, 254, 55, 189, 93, 27, 255, 215, 189, 250,
       191, 251, 116, 95, 189, 247, 126, 255, 183, 118, 209, 119, 245,
       247, 247, 63, 127, 251, 246, 169, 214, 124, 215, 254, 202, 125,
       250, 121, 126, 223, 255, 237, 151, 116, 245, 111, 223, 175, 152,
       79, 250, 29, 254, 93, 57, 247, 115, 191, 251, 251, 238, 251 ]
