%YAML:1.0
descriptors: !!opencv-matrix
   rows: 12
   cols: 64
   dt: u
   data: [ 190, 253, 255, 255, 55, 189, 221, 59, 255, 255, 253, 250, 255,
       122, 244, 95, 246, 247, 127, 251, 247, 126, 243, 127, 181, 255,
       247, 255, 127, 255, 255, 251, 207, 108, 142, 254, 255, 121, 249,
       253, 90, 223, 247, 125, 211, 119, 183, 111, 191, 191, 155, 79,
       250, 189, 223, 85, 56, 183, 255, 255, 251, 191, 174, 223, 191,
       255, 125, 255, 63, 189, 253, 120, 255, 255, 253, 251, 255, 123,
       244, 95, 242, 247, 103, 123, 245, 118, 211, 119, 253, 255, 247,
       255, 127, 127, 247, 235, 215, 108, 214, 190, 218, 121, 249, 253,
       126, 223, 123, 47, 213, 53, 247, 111, 153, 175, 24, 13, 240, 29,
       159, 93, 48, 242, 115, 191, 123, 215, 44, 251, 60, 186, 253, 254,
       63, 253, 253, 127, 255, 252, 214, 245, 125, 126, 191, 212, 255,
       254, 227, 123, 245, 119, 211, 247, 253, 255, 244, 255, 126, 221,
       247, 235, 223, 108, 87, 190, 215, 120, 249, 125, 120, 93, 123, 47,
       213, 53, 247, 111, 185, 172, 152, 13, 240, 29, 156, 73, 16, 242,
       55, 189, 91, 95, 32, 250, 227, 22, 80, 67, 221, 138, 135, 72, 46,
       93, 2, 115, 162, 91, 192, 85, 98, 245, 45, 36, 196, 47, 139, 125,
       70, 222, 57, 47, 150, 10, 3, 95, 87, 39, 92, 155, 80, 120, 109,
       214, 69, 84, 8, 15, 201, 8, 252, 215, 136, 37, 24, 4, 241, 62,
       142, 75, 16, 124, 50, 189, 88, 87, 48, 248, 62, 254, 239, 253, 62,
       189, 223, 57, 255, 255, 253, 251, 253, 125, 125, 95, 157, 255,
       250, 187, 246, 127, 210, 255, 253, 247, 247, 247, 127, 247, 247,
       239, 223, 216, 255, 36, 255, 249, 250, 123, 126, 255, 239, 109,
       183, 245, 247, 123, 191, 251, 184, 79, 246, 133, 254, 124, 63,
       215, 255, 255, 243, 251, 237, 254, 5, 7, 64, 83, 217, 128, 163,
       72, 32, 65, 2, 119, 160, 91, 128, 1, 98, 117, 133, 38, 198, 45,
       138, 98, 70, 154, 2, 7, 150, 8, 1, 15, 23, 39, 92, 154, 16, 242,
       79, 150, 197, 96, 8, 70, 65, 8, 201, 131, 0, 36, 24, 36, 113, 18,
       140, 43, 16, 104, 50, 143, 72, 71, 33, 120, 252, 251, 255, 253,
       246, 127, 251, 255, 253, 255, 254, 255, 255, 254, 255, 238, 251,
       253, 255, 111, 125, 223, 246, 188, 255, 255, 255, 191, 255, 223,
       126, 191, 251, 111, 247, 255, 223, 255, 253, 253, 250, 223, 251,
       62, 255, 175, 219, 180, 175, 173, 255, 255, 217, 255, 159, 93,
       244, 252, 125, 255, 255, 158, 59, 191, 191, 254, 127, 239, 255,
       253, 253, 152, 253, 95, 252, 251, 175, 123, 254, 253, 243, 255,
       255, 251, 117, 94, 187, 124, 231, 255, 123, 251, 255, 123, 255,
       191, 247, 237, 222, 247, 255, 117, 249, 253, 255, 223, 251, 125,
       221, 211, 254, 117, 237, 191, 158, 141, 252, 167, 159, 125, 126,
       244, 247, 191, 255, 223, 190, 189, 71, 34, 65, 160, 217, 34, 35,
       72, 160, 98, 128, 50, 33, 11, 130, 65, 194, 84, 1, 96, 73, 128,
       136, 48, 76, 136, 40, 9, 210, 8, 33, 73, 112, 36, 20, 186, 64,
       112, 5, 212, 0, 64, 24, 10, 64, 4, 64, 196, 25, 36, 16, 4, 96, 28,
       132, 9, 144, 224, 33, 156, 76, 86, 32, 176, 187, 221, 237, 254,
       55, 125, 89, 126, 255, 213, 253, 248, 127, 185, 116, 255, 255,
       244, 118, 123, 54, 122, 244, 55, 109, 175, 229, 59, 127, 123, 126,
       233, 246, 108, 54, 254, 202, 121, 249, 253, 210, 223, 57, 63, 210,
       22, 245, 110, 153, 175, 30, 5, 248, 29, 151, 77, 56, 242, 59, 189,
       121, 94, 34, 251, 187, 253, 255, 255, 255, 253, 223, 184, 255,
       255, 253, 251, 255, 123, 252, 221, 251, 247, 126, 251, 247, 127,
       179, 127, 255, 255, 247, 63, 255, 123, 255, 255, 223, 108, 222,
       254, 222, 121, 249, 125, 126, 223, 251, 127, 213, 119, 245, 127,
       189, 191, 158, 15, 248, 189, 159, 93, 56, 246, 115, 191, 251, 223,
       172, 251, 252, 250, 255, 237, 250, 253, 251, 253, 253, 255, 254,
       255, 255, 124, 251, 236, 251, 221, 255, 107, 253, 253, 254, 252,
       255, 127, 63, 183, 237, 215, 127, 255, 255, 99, 127, 255, 222,
       255, 253, 252, 251, 93, 251, 62, 255, 167, 251, 241, 191, 189,
       255, 255, 251, 191, 159, 93, 212, 252, 127, 237, 223, 95, 43, 254 ]
