%YAML:1.0
descriptors: !!opencv-matrix
   rows: 7
   cols: 64
   dt: u
   data: [ 62, 183, 253, 190, 54, 253, 185, 127, 247, 222, 214, 245, 125,
       127, 189, 84, 254, 254, 67, 115, 245, 118, 211, 247, 221, 186,
       228, 223, 122, 220, 245, 235, 223, 108, 87, 190, 223, 120, 249,
       124, 124, 93, 59, 47, 213, 53, 247, 111, 153, 172, 152, 13, 240,
       29, 156, 89, 24, 242, 51, 189, 90, 215, 40, 250, 187, 255, 127,
       207, 255, 189, 223, 184, 255, 221, 253, 251, 191, 123, 124, 253,
       247, 247, 126, 187, 255, 127, 155, 124, 255, 255, 119, 127, 255,
       123, 255, 191, 223, 239, 223, 87, 254, 249, 250, 255, 255, 223,
       235, 127, 245, 254, 253, 55, 175, 223, 159, 111, 252, 167, 159,
       255, 121, 247, 254, 143, 243, 255, 191, 191, 68, 34, 195, 144, 88,
       130, 11, 79, 0, 226, 1, 20, 1, 130, 147, 66, 74, 69, 1, 100, 138,
       129, 206, 9, 12, 128, 168, 13, 18, 8, 49, 75, 113, 37, 20, 187, 0,
       116, 5, 86, 0, 64, 8, 10, 67, 28, 65, 136, 25, 44, 88, 4, 33, 24,
       148, 74, 144, 106, 33, 156, 72, 70, 32, 243, 251, 253, 255, 247,
       255, 247, 255, 255, 254, 253, 253, 251, 239, 253, 146, 126, 255,
       215, 127, 111, 254, 175, 239, 127, 191, 255, 255, 191, 223, 83,
       246, 255, 215, 47, 53, 255, 214, 125, 253, 127, 121, 76, 251, 255,
       223, 57, 253, 255, 157, 172, 94, 193, 248, 190, 156, 77, 80, 254,
       115, 223, 254, 87, 177, 254, 63, 254, 255, 255, 63, 253, 253, 121,
       255, 255, 223, 249, 253, 127, 253, 93, 255, 255, 99, 251, 245,
       126, 211, 255, 253, 255, 247, 255, 126, 127, 245, 239, 223, 252,
       215, 190, 255, 120, 249, 127, 124, 93, 251, 47, 245, 53, 247, 111,
       187, 190, 152, 15, 240, 29, 156, 93, 52, 243, 247, 191, 251, 223,
       44, 254, 60, 190, 255, 255, 62, 253, 253, 125, 253, 252, 223, 253,
       253, 126, 253, 222, 255, 254, 227, 107, 245, 127, 219, 255, 253,
       255, 247, 255, 127, 247, 255, 239, 223, 252, 215, 190, 255, 250,
       249, 127, 120, 93, 255, 47, 245, 181, 247, 111, 187, 238, 153, 15,
       246, 29, 156, 93, 54, 243, 247, 191, 251, 223, 44, 254, 252, 185,
       255, 254, 54, 119, 253, 127, 213, 252, 221, 251, 127, 254, 182,
       78, 251, 221, 123, 111, 247, 63, 227, 247, 223, 255, 183, 191, 91,
       220, 118, 235, 223, 44, 117, 190, 223, 120, 249, 125, 120, 93,
       185, 47, 253, 53, 247, 111, 153, 172, 25, 135, 240, 29, 156, 73,
       16, 242, 115, 191, 121, 87, 32, 250 ]
