%YAML:1.0
descriptors: !!opencv-matrix
   rows: 6
   cols: 64
   dt: u
   data: [ 252, 253, 255, 253, 254, 255, 255, 253, 255, 253, 223, 255,
       255, 126, 251, 254, 251, 213, 123, 99, 253, 45, 214, 247, 221,
       255, 243, 255, 91, 95, 247, 251, 231, 36, 85, 190, 214, 122, 233,
       117, 120, 93, 57, 46, 213, 23, 245, 111, 153, 172, 24, 5, 240, 29,
       156, 73, 16, 242, 51, 189, 90, 87, 32, 250, 62, 48, 253, 174, 55,
       191, 189, 127, 247, 252, 214, 181, 125, 62, 185, 86, 254, 254, 67,
       99, 245, 118, 209, 119, 221, 184, 228, 223, 122, 220, 245, 235,
       215, 44, 87, 190, 215, 120, 233, 124, 120, 93, 60, 47, 213, 53,
       247, 111, 153, 172, 152, 5, 240, 29, 156, 73, 16, 242, 51, 189,
       90, 87, 32, 250, 254, 250, 255, 253, 255, 253, 255, 248, 253, 255,
       255, 251, 255, 254, 254, 253, 251, 221, 127, 127, 127, 223, 167,
       60, 239, 255, 255, 191, 255, 127, 254, 191, 240, 237, 60, 223,
       222, 119, 253, 247, 219, 223, 251, 63, 219, 143, 254, 181, 205,
       189, 86, 133, 232, 191, 135, 109, 208, 244, 121, 223, 255, 30, 50,
       189, 127, 54, 231, 180, 126, 183, 191, 126, 244, 252, 214, 119,
       253, 127, 179, 71, 250, 253, 99, 99, 245, 39, 211, 119, 76, 250,
       188, 191, 90, 92, 119, 235, 215, 44, 87, 186, 82, 120, 233, 124,
       120, 92, 56, 47, 213, 53, 247, 111, 153, 172, 24, 5, 240, 29, 156,
       73, 16, 242, 51, 189, 88, 87, 32, 250, 253, 255, 255, 253, 126,
       127, 253, 254, 253, 255, 254, 191, 111, 255, 255, 239, 251, 253,
       251, 107, 255, 255, 254, 191, 239, 255, 183, 183, 127, 95, 127,
       255, 255, 111, 255, 255, 214, 255, 253, 125, 126, 127, 251, 254,
       223, 243, 95, 251, 190, 189, 254, 221, 251, 191, 159, 93, 252,
       252, 255, 255, 255, 223, 175, 246, 191, 213, 109, 252, 55, 61, 93,
       25, 191, 223, 189, 250, 191, 63, 116, 127, 177, 244, 118, 121,
       244, 118, 240, 118, 125, 255, 241, 59, 127, 123, 119, 233, 214,
       124, 150, 254, 218, 121, 249, 253, 114, 223, 59, 191, 212, 18,
       245, 111, 153, 175, 26, 13, 248, 29, 159, 77, 56, 242, 115, 189,
       122, 215, 46, 251 ]
