%YAML:1.0
descriptors: !!opencv-matrix
   rows: 16
   cols: 64
   dt: u
   data: [ 255, 59, 255, 183, 119, 119, 191, 218, 254, 255, 251, 251,
       255, 254, 179, 127, 251, 245, 39, 103, 109, 167, 231, 119, 79,
       223, 181, 47, 210, 14, 114, 59, 247, 36, 85, 190, 82, 120, 233,
       244, 112, 92, 56, 47, 213, 20, 245, 111, 153, 172, 24, 5, 240, 29,
       156, 73, 16, 242, 51, 189, 88, 87, 32, 250, 103, 38, 229, 179,
       221, 254, 135, 92, 252, 127, 218, 115, 239, 111, 146, 69, 235,
       213, 35, 99, 205, 37, 195, 119, 76, 223, 177, 47, 82, 14, 51, 107,
       215, 36, 85, 186, 82, 120, 233, 116, 112, 92, 56, 175, 213, 16,
       245, 111, 153, 172, 24, 5, 240, 29, 156, 73, 16, 242, 51, 189, 88,
       87, 32, 250, 254, 59, 247, 183, 255, 119, 191, 254, 246, 255, 248,
       127, 255, 239, 178, 126, 251, 213, 39, 103, 109, 167, 231, 119,
       78, 223, 241, 47, 210, 14, 114, 251, 247, 36, 85, 186, 82, 120,
       233, 244, 112, 92, 56, 47, 213, 20, 245, 111, 153, 172, 24, 5,
       240, 29, 156, 73, 16, 242, 51, 189, 88, 87, 32, 250, 250, 248,
       255, 191, 255, 127, 191, 248, 252, 255, 252, 255, 255, 127, 246,
       253, 251, 213, 103, 99, 245, 231, 167, 118, 207, 255, 245, 191,
       219, 95, 119, 251, 247, 36, 87, 190, 83, 112, 233, 244, 122, 92,
       56, 47, 213, 23, 247, 111, 153, 172, 24, 5, 240, 29, 156, 73, 16,
       242, 51, 189, 88, 87, 32, 250, 253, 63, 247, 183, 251, 103, 191,
       250, 238, 253, 235, 115, 255, 255, 178, 119, 251, 215, 39, 103,
       237, 167, 231, 119, 207, 255, 245, 111, 210, 14, 242, 123, 215,
       36, 85, 190, 82, 120, 233, 116, 112, 92, 56, 47, 213, 20, 245,
       111, 153, 172, 24, 5, 240, 29, 156, 73, 16, 242, 51, 189, 88, 87,
       32, 250, 255, 252, 255, 255, 255, 255, 251, 253, 253, 255, 213,
       255, 255, 255, 254, 253, 251, 213, 127, 99, 253, 109, 231, 127,
       111, 251, 178, 63, 255, 91, 127, 255, 215, 100, 85, 251, 82, 123,
       249, 116, 208, 92, 56, 46, 209, 20, 241, 111, 153, 172, 24, 5,
       240, 29, 156, 73, 16, 246, 51, 189, 88, 87, 34, 251, 124, 255,
       255, 253, 118, 255, 255, 255, 253, 255, 250, 189, 223, 253, 255,
       238, 251, 221, 251, 111, 253, 255, 246, 191, 221, 255, 183, 191,
       125, 223, 126, 251, 243, 103, 119, 191, 214, 127, 249, 125, 254,
       94, 251, 191, 215, 167, 247, 127, 191, 173, 30, 133, 242, 29, 159,
       93, 216, 246, 115, 223, 91, 214, 42, 254, 254, 248, 247, 255, 255,
       239, 255, 249, 223, 125, 253, 251, 255, 127, 222, 252, 251, 215,
       127, 123, 253, 47, 187, 127, 255, 255, 255, 63, 255, 251, 255,
       255, 199, 237, 127, 255, 246, 125, 249, 255, 123, 223, 247, 255,
       221, 51, 253, 127, 173, 183, 223, 137, 248, 191, 158, 125, 120,
       246, 255, 251, 251, 79, 60, 254, 253, 255, 255, 253, 247, 125,
       253, 251, 253, 253, 252, 255, 255, 254, 255, 254, 251, 212, 127,
       111, 125, 254, 164, 63, 127, 255, 183, 59, 255, 95, 126, 191, 242,
       101, 61, 255, 86, 119, 249, 252, 251, 223, 249, 62, 223, 150, 221,
       126, 141, 173, 94, 133, 248, 31, 159, 77, 144, 246, 59, 157, 95,
       94, 34, 187, 252, 186, 255, 183, 127, 127, 191, 255, 252, 255,
       255, 251, 255, 127, 178, 92, 251, 213, 103, 99, 245, 39, 227, 118,
       207, 255, 245, 191, 218, 30, 115, 235, 215, 36, 85, 190, 82, 120,
       233, 116, 120, 92, 56, 47, 213, 53, 247, 111, 153, 172, 24, 5,
       240, 29, 156, 73, 16, 242, 51, 189, 88, 87, 32, 250, 253, 255,
       255, 253, 254, 255, 255, 249, 253, 253, 254, 255, 255, 255, 223,
       252, 251, 221, 255, 111, 255, 255, 155, 255, 255, 255, 127, 191,
       254, 223, 127, 191, 223, 239, 221, 255, 254, 255, 255, 127, 125,
       125, 251, 255, 253, 171, 255, 179, 239, 253, 157, 255, 251, 255,
       159, 255, 108, 252, 253, 239, 255, 255, 189, 190, 254, 253, 255,
       255, 255, 191, 255, 121, 255, 255, 253, 249, 255, 122, 244, 126,
       242, 247, 127, 123, 255, 127, 243, 127, 253, 235, 231, 191, 127,
       249, 253, 239, 199, 237, 150, 255, 222, 121, 249, 255, 218, 223,
       247, 111, 211, 63, 253, 127, 191, 190, 155, 15, 250, 189, 159, 93,
       120, 246, 251, 255, 251, 159, 190, 255, 7, 34, 65, 130, 217, 128,
       131, 72, 166, 97, 2, 119, 161, 31, 128, 85, 226, 213, 5, 96, 193,
       2, 138, 112, 78, 152, 40, 15, 146, 8, 33, 111, 213, 36, 84, 186,
       82, 112, 45, 116, 65, 84, 24, 14, 64, 20, 248, 69, 153, 36, 24, 4,
       240, 28, 140, 73, 16, 240, 35, 188, 88, 87, 32, 248, 131, 150, 4,
       35, 205, 168, 166, 24, 40, 57, 2, 79, 174, 93, 64, 17, 102, 231,
       141, 32, 192, 13, 139, 120, 66, 220, 57, 38, 190, 3, 35, 87, 87,
       227, 88, 48, 113, 130, 45, 38, 69, 84, 10, 143, 73, 1, 252, 209,
       136, 85, 24, 36, 244, 166, 142, 233, 18, 240, 182, 164, 192, 71,
       36, 124, 191, 253, 109, 204, 55, 125, 221, 154, 191, 213, 189,
       250, 191, 59, 116, 255, 241, 244, 54, 121, 4, 118, 240, 118, 109,
       255, 245, 59, 127, 59, 127, 121, 214, 108, 52, 222, 218, 121, 233,
       245, 242, 223, 57, 63, 208, 22, 244, 109, 153, 175, 22, 5, 248,
       29, 159, 77, 16, 242, 59, 189, 121, 95, 34, 251, 255, 253, 255,
       255, 255, 255, 223, 185, 255, 255, 253, 251, 255, 123, 254, 221,
       251, 247, 127, 251, 247, 127, 211, 127, 255, 255, 247, 191, 127,
       255, 247, 255, 223, 108, 223, 255, 254, 121, 249, 125, 122, 223,
       255, 127, 213, 117, 247, 127, 191, 191, 152, 15, 248, 189, 158,
       93, 120, 247, 255, 191, 251, 223, 172, 254 ]
