%YAML:1.0
descriptors: !!opencv-matrix
   rows: 8
   cols: 64
   dt: u
   data: [ 191, 254, 253, 255, 255, 253, 255, 120, 253, 255, 252, 251,
       255, 127, 252, 221, 251, 253, 255, 251, 253, 119, 219, 255, 253,
       255, 247, 191, 127, 127, 247, 239, 223, 236, 223, 190, 255, 121,
       249, 125, 124, 93, 123, 191, 213, 113, 247, 127, 191, 255, 152,
       15, 240, 189, 222, 93, 62, 247, 247, 191, 251, 223, 44, 254, 12,
       33, 97, 176, 16, 5, 33, 110, 192, 198, 195, 52, 81, 34, 153, 66,
       234, 84, 3, 96, 193, 32, 192, 19, 12, 136, 164, 9, 66, 140, 48,
       73, 82, 36, 85, 186, 18, 120, 129, 84, 48, 80, 24, 14, 68, 20,
       225, 110, 153, 172, 24, 5, 240, 29, 156, 73, 16, 242, 51, 189, 72,
       86, 32, 250, 254, 249, 255, 247, 255, 255, 255, 255, 255, 253,
       253, 255, 255, 254, 246, 252, 255, 223, 255, 251, 255, 191, 239,
       127, 175, 255, 247, 255, 255, 127, 247, 255, 255, 255, 125, 119,
       255, 253, 255, 247, 91, 253, 235, 127, 255, 63, 255, 179, 237,
       223, 94, 247, 253, 247, 156, 239, 215, 255, 247, 255, 255, 125,
       147, 190, 188, 238, 253, 233, 186, 253, 179, 253, 253, 253, 206,
       255, 221, 63, 255, 236, 251, 253, 235, 104, 245, 101, 218, 248,
       125, 125, 29, 179, 237, 223, 123, 239, 223, 96, 87, 186, 247, 251,
       249, 60, 125, 29, 122, 183, 213, 181, 255, 97, 185, 252, 137, 45,
       240, 29, 158, 77, 62, 214, 183, 173, 218, 95, 46, 254, 13, 174,
       255, 253, 120, 255, 247, 119, 189, 252, 198, 253, 207, 125, 159,
       204, 235, 205, 235, 107, 245, 101, 202, 251, 93, 127, 180, 246,
       124, 199, 51, 239, 223, 96, 85, 186, 87, 248, 249, 126, 124, 92,
       122, 167, 245, 49, 247, 107, 185, 172, 24, 1, 240, 29, 156, 73,
       20, 242, 51, 189, 218, 87, 32, 254, 237, 255, 255, 252, 50, 127,
       125, 87, 167, 230, 45, 184, 95, 255, 252, 223, 153, 253, 110, 111,
       63, 255, 112, 51, 95, 247, 183, 125, 113, 190, 126, 233, 194, 22,
       215, 174, 194, 124, 242, 125, 126, 191, 185, 229, 183, 124, 245,
       110, 219, 175, 180, 95, 242, 93, 246, 92, 57, 247, 113, 191, 121,
       240, 233, 250, 59, 222, 125, 171, 207, 253, 165, 249, 255, 92,
       126, 79, 189, 125, 125, 245, 255, 246, 195, 32, 244, 114, 153,
       116, 255, 253, 117, 40, 255, 210, 251, 251, 148, 108, 83, 180,
       119, 82, 233, 124, 125, 93, 26, 167, 84, 246, 244, 101, 185, 189,
       153, 13, 248, 29, 141, 73, 54, 242, 63, 188, 82, 95, 44, 248, 63,
       253, 239, 252, 63, 255, 253, 127, 245, 252, 212, 249, 127, 254,
       188, 207, 251, 253, 243, 123, 245, 127, 211, 247, 125, 255, 183,
       183, 127, 223, 119, 235, 223, 44, 87, 190, 255, 120, 249, 125,
       120, 93, 255, 47, 213, 53, 247, 111, 189, 172, 152, 13, 242, 29,
       156, 73, 52, 242, 119, 191, 123, 95, 44, 250 ]
