%YAML:1.0
descriptors: !!opencv-matrix
   rows: 3
   cols: 64
   dt: u
   data: [ 62, 253, 253, 254, 63, 189, 253, 123, 255, 253, 247, 249, 255,
       122, 252, 95, 255, 255, 227, 251, 247, 126, 211, 247, 253, 255,
       247, 255, 126, 255, 245, 239, 223, 110, 215, 190, 255, 120, 249,
       125, 120, 93, 255, 111, 245, 53, 247, 111, 185, 174, 152, 79, 242,
       29, 156, 93, 54, 243, 119, 191, 251, 255, 173, 250, 61, 190, 253,
       253, 63, 253, 253, 125, 255, 253, 214, 253, 253, 127, 253, 220,
       255, 222, 227, 107, 245, 119, 202, 255, 253, 255, 245, 255, 126,
       95, 247, 239, 223, 236, 213, 190, 247, 248, 249, 119, 120, 93,
       123, 47, 245, 53, 247, 111, 187, 172, 153, 13, 240, 29, 156, 77,
       52, 242, 183, 189, 251, 95, 44, 254, 250, 185, 255, 254, 54, 127,
       253, 255, 223, 254, 253, 191, 127, 254, 191, 254, 255, 215, 123,
       255, 55, 191, 231, 183, 239, 239, 246, 255, 83, 255, 246, 235,
       223, 44, 117, 254, 223, 124, 249, 117, 122, 93, 181, 47, 255, 53,
       247, 110, 157, 174, 26, 199, 240, 29, 156, 73, 16, 243, 123, 255,
       121, 87, 34, 250 ]
