%YAML:1.0
descriptors: !!opencv-matrix
   rows: 11
   cols: 64
   dt: u
   data: [ 252, 59, 255, 253, 54, 127, 249, 255, 253, 253, 254, 189, 127,
       254, 251, 254, 251, 213, 123, 111, 253, 253, 231, 55, 93, 239,
       182, 191, 127, 223, 126, 251, 247, 36, 85, 250, 86, 123, 249, 124,
       250, 93, 120, 62, 213, 134, 193, 111, 157, 173, 30, 5, 240, 29,
       157, 77, 16, 242, 59, 189, 89, 86, 34, 250, 253, 251, 255, 253,
       254, 127, 251, 254, 253, 253, 254, 255, 255, 250, 255, 254, 251,
       213, 127, 111, 125, 159, 166, 61, 111, 255, 191, 191, 255, 95,
       126, 191, 243, 101, 117, 251, 86, 119, 253, 244, 251, 223, 120,
       62, 221, 134, 217, 253, 141, 173, 94, 5, 248, 31, 159, 77, 144,
       246, 59, 189, 93, 94, 34, 187, 254, 253, 255, 255, 255, 125, 249,
       251, 255, 253, 253, 251, 255, 250, 254, 252, 243, 244, 127, 127,
       127, 222, 181, 61, 255, 239, 239, 59, 255, 223, 126, 191, 240,
       109, 190, 223, 214, 119, 249, 255, 223, 223, 255, 31, 218, 175,
       248, 60, 143, 181, 215, 141, 234, 191, 151, 93, 248, 246, 121,
       222, 223, 142, 46, 181, 179, 212, 124, 134, 191, 156, 159, 9, 255,
       87, 53, 250, 189, 123, 100, 85, 246, 247, 4, 177, 196, 98, 147,
       100, 244, 214, 241, 127, 126, 59, 213, 107, 215, 108, 84, 158,
       210, 121, 233, 117, 112, 222, 40, 45, 213, 20, 244, 111, 145, 172,
       24, 5, 240, 29, 158, 73, 16, 242, 50, 189, 88, 87, 32, 250, 12,
       47, 239, 248, 48, 127, 161, 119, 181, 254, 206, 149, 81, 188, 187,
       238, 139, 92, 227, 107, 244, 37, 196, 179, 77, 105, 132, 132, 89,
       68, 50, 203, 247, 0, 85, 186, 87, 122, 233, 116, 248, 124, 58, 46,
       84, 183, 103, 110, 153, 172, 24, 5, 240, 29, 156, 72, 16, 226, 51,
       189, 88, 87, 32, 250, 255, 253, 255, 253, 254, 255, 255, 251, 253,
       253, 255, 255, 255, 255, 254, 255, 251, 253, 127, 127, 255, 255,
       251, 255, 255, 255, 255, 191, 127, 255, 127, 255, 199, 239, 127,
       255, 223, 253, 253, 255, 123, 221, 251, 255, 255, 59, 255, 191,
       253, 191, 159, 251, 249, 191, 158, 125, 112, 254, 251, 255, 255,
       223, 189, 254, 252, 254, 255, 255, 254, 255, 255, 249, 255, 255,
       254, 251, 255, 254, 255, 253, 251, 247, 255, 127, 255, 253, 127,
       253, 255, 255, 127, 255, 255, 255, 255, 191, 223, 239, 255, 255,
       255, 255, 255, 127, 127, 223, 239, 127, 255, 255, 255, 183, 239,
       255, 207, 255, 255, 247, 223, 255, 246, 252, 253, 239, 255, 255,
       253, 190, 125, 190, 255, 255, 254, 191, 255, 121, 255, 253, 222,
       251, 255, 255, 191, 93, 242, 247, 123, 111, 253, 127, 219, 255,
       255, 234, 238, 191, 126, 221, 253, 239, 215, 111, 87, 191, 222,
       123, 253, 125, 125, 95, 251, 175, 221, 169, 253, 111, 189, 172,
       152, 13, 240, 189, 159, 77, 120, 246, 123, 191, 218, 223, 44, 254,
       65, 78, 4, 139, 201, 221, 167, 213, 45, 126, 42, 13, 152, 61, 123,
       165, 203, 124, 137, 32, 88, 211, 30, 56, 65, 229, 13, 32, 189, 67,
       27, 23, 113, 193, 219, 97, 81, 211, 45, 2, 167, 21, 74, 22, 68,
       206, 72, 144, 140, 93, 86, 36, 151, 239, 135, 170, 144, 76, 40,
       36, 198, 78, 54, 176, 125, 189, 255, 253, 127, 247, 249, 255, 253,
       253, 212, 255, 255, 253, 187, 127, 255, 255, 251, 123, 247, 127,
       223, 255, 255, 123, 246, 255, 125, 215, 255, 239, 223, 251, 183,
       255, 255, 253, 249, 125, 120, 125, 255, 110, 255, 245, 247, 111,
       191, 254, 153, 223, 240, 61, 156, 93, 127, 255, 255, 255, 251,
       255, 175, 254, 47, 237, 239, 216, 54, 127, 93, 123, 189, 198, 189,
       250, 219, 252, 254, 207, 137, 125, 114, 111, 55, 127, 208, 115,
       125, 247, 151, 53, 117, 254, 62, 137, 214, 86, 247, 202, 194, 125,
       251, 61, 48, 255, 253, 109, 183, 28, 117, 110, 223, 172, 176, 223,
       219, 29, 190, 28, 56, 230, 121, 255, 121, 253, 233, 250 ]
