%YAML:1.0
descriptors: !!opencv-matrix
   rows: 11
   cols: 64
   dt: u
   data: [ 246, 248, 219, 239, 255, 204, 223, 201, 222, 255, 61, 251,
       183, 206, 255, 253, 251, 215, 61, 99, 205, 143, 175, 124, 111,
       223, 187, 47, 215, 11, 51, 127, 247, 165, 125, 251, 82, 117, 237,
       246, 115, 94, 56, 63, 223, 30, 252, 53, 137, 173, 90, 5, 248, 31,
       157, 73, 144, 240, 49, 189, 92, 87, 34, 186, 190, 254, 127, 239,
       255, 253, 223, 249, 255, 125, 254, 255, 255, 126, 252, 253, 243,
       215, 127, 105, 245, 92, 190, 124, 255, 223, 123, 59, 255, 123,
       127, 255, 101, 229, 60, 223, 246, 119, 189, 247, 211, 223, 207,
       62, 207, 142, 220, 149, 205, 181, 86, 141, 234, 183, 143, 109,
       208, 244, 105, 222, 223, 15, 58, 181, 245, 250, 247, 213, 249,
       200, 175, 200, 254, 253, 170, 251, 239, 255, 194, 253, 235, 213,
       63, 107, 205, 141, 174, 120, 79, 223, 59, 47, 215, 15, 51, 127,
       247, 39, 125, 251, 82, 125, 237, 246, 115, 92, 56, 63, 223, 30,
       125, 181, 137, 173, 92, 5, 240, 31, 140, 73, 144, 240, 33, 189,
       92, 87, 32, 186, 191, 252, 127, 239, 255, 253, 223, 248, 255, 253,
       252, 251, 191, 123, 254, 253, 251, 213, 63, 107, 237, 94, 174,
       124, 111, 255, 123, 59, 255, 91, 127, 127, 245, 231, 60, 223, 118,
       119, 253, 247, 211, 223, 234, 63, 219, 158, 124, 181, 205, 181,
       86, 133, 232, 183, 135, 109, 208, 244, 41, 254, 221, 31, 54, 189,
       63, 245, 125, 254, 55, 189, 253, 121, 247, 254, 221, 251, 253,
       126, 180, 95, 246, 247, 99, 251, 245, 118, 211, 247, 253, 254,
       245, 251, 122, 255, 245, 235, 223, 44, 87, 190, 223, 120, 249,
       125, 120, 95, 59, 47, 245, 53, 247, 111, 153, 174, 24, 7, 240, 29,
       156, 89, 16, 243, 51, 189, 122, 215, 40, 250, 57, 253, 125, 190,
       54, 125, 125, 127, 247, 220, 252, 185, 125, 61, 253, 254, 255,
       246, 103, 105, 244, 114, 245, 182, 253, 189, 229, 217, 123, 222,
       255, 249, 208, 108, 87, 190, 222, 122, 249, 124, 126, 223, 63, 47,
       212, 183, 244, 110, 153, 173, 159, 13, 250, 29, 159, 93, 56, 242,
       59, 188, 91, 222, 42, 251, 56, 254, 117, 139, 190, 253, 161, 253,
       253, 252, 222, 157, 125, 61, 249, 228, 242, 212, 195, 104, 244,
       98, 156, 244, 93, 168, 36, 144, 255, 208, 121, 251, 253, 100, 85,
       190, 86, 114, 137, 124, 254, 95, 26, 30, 84, 166, 192, 77, 185,
       45, 28, 5, 242, 29, 159, 77, 16, 242, 43, 188, 90, 70, 34, 249,
       186, 221, 125, 172, 55, 125, 93, 125, 255, 86, 253, 248, 125, 60,
       124, 255, 247, 212, 71, 113, 244, 114, 224, 118, 109, 175, 229,
       27, 115, 91, 125, 233, 244, 44, 84, 254, 82, 123, 201, 245, 218,
       223, 61, 47, 212, 22, 244, 110, 153, 172, 26, 5, 248, 29, 157, 73,
       16, 242, 59, 188, 89, 94, 34, 249, 187, 253, 111, 255, 255, 253,
       223, 185, 255, 255, 253, 250, 255, 123, 244, 93, 251, 247, 126,
       251, 247, 127, 179, 127, 255, 255, 247, 63, 255, 251, 247, 251,
       223, 108, 158, 255, 222, 121, 249, 253, 126, 223, 251, 255, 213,
       113, 245, 127, 191, 191, 154, 15, 248, 189, 222, 93, 56, 246, 115,
       191, 251, 223, 172, 255, 252, 250, 255, 237, 254, 253, 251, 253,
       253, 255, 254, 255, 255, 125, 251, 236, 251, 221, 251, 107, 253,
       93, 254, 253, 255, 127, 63, 183, 253, 223, 127, 255, 255, 99, 127,
       255, 222, 255, 253, 125, 255, 93, 251, 62, 223, 167, 219, 241,
       191, 189, 223, 253, 250, 191, 159, 93, 246, 252, 127, 239, 223,
       159, 43, 254, 187, 245, 125, 254, 55, 63, 93, 75, 247, 199, 253,
       248, 127, 122, 180, 126, 247, 246, 55, 123, 39, 118, 241, 119,
       253, 143, 225, 59, 115, 253, 252, 233, 150, 44, 22, 254, 218, 121,
       241, 253, 114, 223, 61, 109, 208, 23, 245, 110, 153, 174, 26, 5,
       248, 29, 189, 77, 24, 242, 59, 189, 89, 86, 34, 251 ]
