%YAML:1.0
descriptors: !!opencv-matrix
   rows: 6
   cols: 64
   dt: u
   data: [ 254, 249, 255, 255, 255, 255, 251, 253, 253, 255, 255, 255,
       255, 254, 255, 254, 251, 213, 127, 111, 63, 223, 239, 60, 239,
       255, 255, 191, 255, 95, 126, 191, 243, 103, 125, 255, 214, 119,
       253, 247, 219, 223, 251, 62, 223, 159, 127, 180, 205, 189, 86,
       181, 248, 191, 135, 109, 208, 252, 105, 255, 221, 95, 50, 191,
       252, 43, 255, 253, 114, 127, 251, 255, 221, 254, 254, 191, 95,
       254, 251, 238, 187, 221, 251, 111, 125, 221, 230, 191, 255, 239,
       190, 181, 109, 215, 126, 251, 255, 67, 103, 251, 215, 255, 253,
       125, 250, 125, 247, 54, 255, 167, 99, 238, 191, 173, 255, 255,
       219, 63, 157, 92, 228, 252, 107, 255, 255, 142, 107, 246, 51, 212,
       88, 142, 191, 136, 31, 8, 118, 67, 61, 234, 172, 75, 36, 85, 246,
       247, 4, 177, 192, 34, 145, 102, 228, 150, 225, 127, 82, 59, 197,
       97, 151, 44, 22, 158, 202, 120, 232, 117, 114, 218, 56, 41, 212,
       20, 244, 79, 145, 174, 24, 5, 240, 25, 156, 73, 16, 243, 50, 189,
       88, 87, 32, 251, 60, 250, 111, 169, 190, 253, 179, 253, 253, 255,
       254, 189, 253, 61, 249, 237, 251, 220, 223, 106, 252, 210, 190,
       188, 125, 237, 45, 179, 253, 211, 127, 255, 249, 100, 215, 250,
       87, 115, 169, 244, 254, 95, 90, 62, 84, 167, 208, 117, 191, 173,
       158, 13, 250, 157, 141, 93, 144, 244, 43, 188, 219, 222, 42, 253,
       187, 253, 236, 254, 55, 61, 93, 27, 247, 215, 189, 250, 191, 250,
       116, 95, 181, 246, 102, 251, 55, 126, 241, 119, 245, 247, 247, 59,
       127, 251, 246, 233, 198, 108, 150, 254, 202, 121, 250, 253, 122,
       223, 253, 237, 214, 116, 245, 111, 155, 175, 154, 15, 248, 29,
       254, 85, 56, 243, 115, 191, 251, 223, 174, 251, 255, 253, 255,
       255, 255, 255, 255, 254, 255, 255, 253, 251, 255, 250, 254, 255,
       251, 245, 127, 127, 253, 255, 231, 127, 239, 255, 255, 191, 255,
       95, 127, 255, 247, 109, 60, 255, 214, 127, 249, 253, 251, 223,
       255, 63, 219, 183, 221, 127, 141, 173, 94, 133, 248, 191, 159, 77,
       208, 246, 123, 191, 223, 95, 34, 191 ]
