%YAML:1.0
descriptors: !!opencv-matrix
   rows: 20
   cols: 64
   dt: u
   data: [ 255, 253, 255, 191, 255, 103, 189, 250, 254, 253, 252, 251,
       255, 238, 183, 127, 251, 245, 39, 99, 109, 167, 231, 118, 78, 255,
       181, 43, 211, 30, 115, 251, 247, 36, 85, 190, 82, 120, 233, 116,
       114, 94, 56, 47, 213, 20, 245, 111, 153, 172, 24, 5, 240, 29, 156,
       73, 16, 242, 51, 189, 88, 87, 32, 250, 254, 57, 255, 183, 255,
       103, 189, 251, 254, 253, 255, 127, 255, 239, 179, 127, 251, 213,
       103, 103, 125, 135, 231, 119, 78, 255, 189, 43, 210, 30, 114, 251,
       247, 36, 85, 186, 82, 120, 233, 244, 112, 92, 56, 47, 213, 20,
       245, 109, 153, 172, 24, 5, 240, 29, 156, 73, 16, 242, 51, 189, 88,
       87, 32, 250, 253, 54, 247, 149, 255, 103, 173, 250, 230, 253, 251,
       115, 255, 254, 179, 117, 251, 245, 103, 103, 121, 135, 231, 117,
       206, 255, 253, 43, 210, 30, 114, 123, 215, 36, 85, 190, 82, 120,
       233, 124, 112, 92, 56, 47, 213, 20, 245, 109, 153, 172, 24, 5,
       240, 29, 156, 73, 16, 242, 51, 189, 88, 87, 32, 250, 246, 59, 247,
       149, 255, 221, 143, 217, 238, 255, 187, 119, 255, 239, 242, 245,
       251, 213, 39, 103, 205, 167, 231, 119, 79, 223, 181, 47, 210, 14,
       115, 59, 215, 36, 85, 186, 82, 120, 233, 116, 112, 92, 56, 47,
       213, 20, 245, 111, 153, 172, 24, 5, 240, 29, 156, 73, 16, 242, 51,
       189, 88, 87, 32, 250, 247, 59, 247, 149, 221, 196, 143, 200, 238,
       231, 171, 114, 239, 111, 178, 85, 251, 245, 39, 99, 205, 39, 227,
       119, 79, 223, 181, 47, 210, 14, 115, 107, 215, 36, 85, 186, 82,
       120, 233, 116, 112, 92, 56, 47, 213, 20, 245, 111, 153, 172, 24,
       5, 240, 29, 156, 73, 16, 242, 51, 189, 88, 87, 32, 250, 190, 50,
       247, 165, 255, 213, 141, 200, 230, 127, 185, 122, 255, 255, 178,
       117, 251, 213, 39, 99, 201, 134, 163, 116, 78, 223, 189, 43, 210,
       14, 115, 123, 215, 36, 84, 186, 82, 120, 233, 244, 80, 92, 56, 47,
       213, 20, 244, 109, 153, 172, 24, 5, 240, 29, 156, 73, 16, 242, 51,
       189, 88, 87, 32, 250, 191, 186, 255, 247, 63, 127, 185, 254, 255,
       255, 254, 247, 127, 127, 251, 255, 255, 215, 99, 99, 245, 103,
       231, 119, 205, 239, 245, 251, 123, 95, 243, 251, 247, 36, 85, 190,
       82, 122, 233, 244, 250, 92, 56, 47, 213, 23, 245, 111, 153, 172,
       24, 5, 240, 29, 157, 73, 16, 242, 51, 189, 88, 87, 32, 250, 253,
       52, 255, 183, 127, 103, 191, 254, 244, 255, 252, 119, 255, 239,
       179, 127, 251, 221, 99, 99, 245, 167, 239, 127, 78, 239, 181, 175,
       218, 95, 115, 255, 247, 36, 85, 190, 83, 120, 233, 116, 120, 92,
       56, 47, 213, 21, 247, 111, 153, 172, 24, 5, 240, 29, 156, 73, 16,
       242, 51, 189, 88, 87, 32, 250, 189, 190, 247, 167, 127, 247, 179,
       255, 244, 253, 222, 119, 255, 127, 178, 116, 251, 221, 99, 99,
       245, 39, 203, 119, 207, 255, 245, 175, 90, 31, 115, 239, 215, 36,
       85, 190, 83, 120, 233, 116, 120, 92, 56, 47, 213, 53, 247, 111,
       153, 172, 24, 5, 240, 29, 156, 73, 16, 242, 51, 189, 88, 87, 32,
       250, 254, 49, 243, 183, 222, 165, 251, 217, 222, 235, 211, 127,
       247, 194, 179, 81, 242, 213, 33, 98, 207, 45, 130, 127, 14, 138,
       178, 47, 210, 9, 49, 127, 119, 37, 92, 187, 82, 125, 233, 118,
       208, 76, 24, 14, 209, 20, 201, 95, 153, 172, 24, 5, 240, 29, 156,
       73, 16, 242, 51, 189, 88, 87, 32, 249, 118, 49, 249, 150, 83, 134,
       31, 75, 198, 103, 145, 114, 255, 234, 180, 86, 242, 213, 34, 103,
       207, 39, 195, 103, 92, 218, 182, 47, 82, 168, 113, 105, 215, 36,
       84, 186, 66, 120, 225, 124, 112, 72, 56, 43, 209, 20, 245, 111,
       153, 172, 24, 5, 240, 29, 156, 73, 16, 242, 51, 189, 88, 87, 32,
       250, 63, 190, 253, 247, 63, 189, 191, 120, 254, 255, 222, 243,
       253, 127, 249, 85, 247, 247, 99, 99, 245, 103, 211, 119, 205, 254,
       245, 255, 122, 94, 247, 235, 215, 44, 87, 190, 82, 120, 233, 117,
       120, 92, 58, 47, 213, 21, 245, 111, 153, 172, 24, 5, 240, 29, 156,
       73, 16, 242, 51, 189, 88, 87, 32, 250, 125, 191, 255, 125, 63,
       247, 251, 253, 253, 254, 214, 191, 253, 125, 187, 207, 187, 253,
       251, 251, 253, 127, 215, 255, 245, 106, 246, 247, 125, 213, 255,
       239, 207, 120, 199, 254, 223, 187, 249, 125, 252, 93, 255, 190,
       247, 225, 243, 111, 190, 255, 143, 203, 242, 189, 222, 85, 126,
       247, 255, 223, 251, 255, 239, 223, 3, 0, 0, 34, 1, 0, 4, 8, 0, 2,
       1, 0, 32, 3, 0, 17, 102, 2, 1, 64, 64, 32, 128, 32, 0, 136, 160,
       8, 18, 0, 33, 65, 16, 36, 16, 186, 1, 64, 1, 192, 0, 64, 24, 8,
       64, 20, 192, 76, 25, 36, 16, 4, 96, 24, 132, 9, 16, 50, 35, 156,
       8, 86, 32, 96, 124, 46, 239, 249, 50, 127, 161, 255, 253, 252,
       222, 53, 93, 190, 251, 230, 251, 220, 203, 106, 125, 211, 214,
       183, 93, 233, 188, 129, 120, 222, 62, 251, 237, 36, 87, 186, 214,
       114, 201, 124, 252, 85, 114, 62, 85, 167, 227, 108, 191, 172, 157,
       13, 242, 29, 156, 89, 20, 242, 43, 189, 91, 22, 40, 250, 191, 253,
       127, 239, 255, 125, 221, 154, 255, 95, 253, 251, 191, 123, 246,
       253, 247, 247, 127, 251, 117, 222, 177, 126, 231, 255, 115, 123,
       255, 123, 254, 191, 246, 236, 158, 223, 255, 125, 249, 245, 123,
       223, 251, 125, 217, 23, 252, 125, 237, 191, 150, 141, 248, 183,
       143, 125, 56, 244, 117, 191, 255, 223, 174, 185, 44, 170, 239,
       201, 186, 125, 163, 253, 253, 252, 206, 53, 93, 61, 251, 228, 203,
       252, 203, 42, 245, 83, 222, 252, 121, 105, 28, 130, 253, 223, 59,
       223, 253, 96, 87, 250, 86, 242, 237, 60, 253, 85, 90, 54, 85, 167,
       80, 225, 189, 45, 159, 13, 211, 29, 141, 92, 54, 228, 47, 188,
       203, 15, 40, 254, 187, 253, 109, 222, 55, 61, 93, 26, 247, 215,
       189, 250, 191, 123, 118, 127, 243, 247, 54, 251, 55, 118, 241,
       118, 245, 247, 243, 59, 127, 123, 127, 105, 214, 108, 150, 254,
       202, 121, 251, 253, 82, 223, 121, 63, 210, 22, 245, 111, 153, 175,
       26, 13, 232, 29, 159, 77, 56, 246, 115, 159, 123, 223, 46, 251,
       253, 254, 255, 237, 254, 255, 247, 253, 253, 253, 222, 255, 255,
       127, 255, 237, 251, 253, 251, 107, 245, 127, 254, 253, 251, 127,
       127, 246, 125, 215, 255, 239, 223, 251, 239, 117, 255, 253, 253,
       63, 125, 61, 239, 183, 255, 245, 127, 243, 191, 222, 175, 255,
       247, 229, 152, 253, 127, 223, 247, 239, 243, 255, 253, 222, 255,
       250, 255, 253, 255, 255, 253, 254, 255, 255, 254, 251, 255, 255,
       255, 255, 251, 245, 127, 107, 253, 119, 231, 127, 207, 255, 247,
       191, 127, 95, 119, 251, 247, 44, 85, 190, 82, 123, 249, 245, 250,
       95, 122, 63, 213, 151, 245, 111, 153, 173, 28, 5, 240, 29, 157,
       73, 16, 242, 51, 189, 88, 87, 32, 250 ]
