%YAML:1.0
descriptors: !!opencv-matrix
   rows: 8
   cols: 64
   dt: u
   data: [ 255, 223, 255, 255, 255, 255, 255, 251, 191, 255, 255, 255,
       191, 255, 255, 255, 255, 255, 255, 127, 254, 255, 254, 127, 127,
       255, 255, 127, 255, 251, 127, 255, 239, 255, 255, 255, 247, 253,
       255, 255, 127, 253, 251, 255, 255, 171, 253, 255, 255, 191, 191,
       185, 255, 255, 254, 255, 121, 254, 255, 255, 255, 223, 189, 254,
       125, 255, 127, 253, 254, 191, 255, 120, 253, 127, 254, 123, 255,
       125, 253, 93, 242, 253, 95, 110, 253, 127, 146, 127, 255, 234,
       238, 191, 254, 93, 125, 255, 247, 111, 214, 191, 214, 123, 245,
       253, 222, 223, 219, 30, 209, 167, 201, 95, 191, 189, 157, 13, 250,
       189, 159, 93, 120, 246, 123, 159, 219, 222, 46, 253, 255, 250,
       255, 255, 255, 255, 255, 248, 255, 253, 253, 251, 255, 122, 252,
       253, 251, 247, 127, 123, 253, 127, 255, 125, 239, 255, 255, 191,
       127, 123, 255, 255, 215, 237, 254, 255, 254, 255, 253, 247, 251,
       223, 255, 63, 223, 31, 253, 55, 173, 191, 30, 133, 250, 191, 159,
       109, 112, 254, 243, 255, 255, 223, 54, 191, 63, 244, 125, 238,
       255, 189, 223, 24, 247, 127, 181, 250, 253, 123, 180, 93, 242,
       247, 22, 115, 229, 114, 147, 126, 236, 254, 229, 127, 127, 121,
       253, 239, 215, 108, 22, 190, 218, 121, 249, 247, 82, 223, 121, 15,
       209, 20, 245, 79, 153, 175, 24, 7, 248, 29, 159, 73, 24, 242, 51,
       157, 120, 95, 34, 249, 63, 181, 253, 254, 63, 253, 253, 127, 247,
       252, 212, 245, 253, 126, 189, 87, 255, 254, 99, 123, 245, 62, 211,
       247, 253, 187, 228, 251, 122, 93, 245, 235, 223, 44, 87, 190, 223,
       120, 249, 117, 120, 93, 123, 47, 212, 53, 247, 111, 153, 172, 24,
       5, 240, 29, 156, 73, 16, 242, 51, 189, 90, 87, 32, 250, 250, 185,
       255, 247, 254, 183, 219, 184, 223, 191, 213, 255, 255, 210, 146,
       90, 246, 215, 126, 251, 255, 63, 195, 255, 173, 250, 246, 255, 94,
       253, 247, 238, 223, 173, 188, 127, 255, 253, 250, 247, 88, 93,
       231, 110, 243, 61, 219, 127, 191, 238, 25, 199, 244, 189, 156, 93,
       85, 247, 247, 251, 251, 63, 177, 254, 255, 253, 255, 255, 55, 255,
       253, 251, 255, 253, 253, 251, 255, 250, 254, 255, 255, 255, 254,
       251, 183, 127, 243, 255, 247, 255, 247, 255, 127, 247, 254, 255,
       223, 255, 255, 255, 255, 253, 250, 253, 127, 255, 255, 127, 255,
       119, 255, 111, 253, 255, 187, 223, 250, 191, 191, 93, 127, 247,
       247, 255, 251, 255, 143, 223, 63, 182, 125, 230, 63, 189, 189,
       120, 255, 252, 214, 245, 253, 127, 188, 84, 250, 222, 67, 115,
       245, 102, 195, 247, 205, 190, 228, 251, 126, 95, 245, 235, 223,
       44, 85, 190, 95, 120, 233, 124, 120, 92, 56, 47, 212, 53, 247,
       111, 153, 172, 24, 5, 240, 29, 156, 73, 16, 242, 51, 189, 88, 87,
       32, 250 ]
