%YAML:1.0
descriptors: !!opencv-matrix
   rows: 5
   cols: 64
   dt: u
   data: [ 63, 51, 253, 254, 63, 189, 191, 120, 246, 254, 215, 178, 253,
       127, 185, 87, 254, 247, 99, 114, 245, 103, 195, 247, 205, 254,
       245, 253, 90, 28, 245, 235, 223, 44, 85, 190, 90, 120, 233, 116,
       120, 92, 56, 47, 213, 53, 245, 111, 153, 172, 24, 5, 240, 29, 156,
       73, 16, 242, 51, 189, 88, 87, 32, 250, 35, 150, 80, 34, 157, 160,
       5, 8, 38, 8, 0, 97, 172, 11, 4, 21, 102, 246, 5, 208, 192, 34,
       153, 100, 68, 152, 96, 11, 146, 8, 225, 101, 149, 44, 84, 182,
       115, 16, 33, 244, 65, 66, 24, 139, 192, 81, 244, 77, 152, 36, 24,
       4, 224, 24, 156, 73, 16, 178, 51, 156, 24, 87, 32, 121, 12, 35,
       225, 176, 16, 133, 41, 103, 132, 198, 195, 20, 81, 164, 153, 66,
       202, 92, 67, 98, 131, 32, 192, 147, 12, 136, 164, 141, 64, 140,
       48, 200, 86, 36, 85, 186, 16, 120, 193, 84, 48, 64, 48, 46, 70, 4,
       193, 110, 153, 172, 24, 5, 240, 29, 156, 73, 16, 226, 51, 189, 72,
       22, 32, 242, 251, 221, 254, 255, 231, 223, 223, 143, 255, 255, 61,
       202, 191, 254, 126, 223, 189, 247, 60, 191, 190, 255, 247, 127,
       247, 247, 251, 127, 127, 251, 222, 63, 151, 223, 251, 69, 255,
       221, 254, 123, 114, 255, 239, 125, 191, 220, 253, 183, 247, 219,
       190, 255, 255, 229, 254, 254, 249, 255, 252, 127, 247, 249, 221,
       222, 63, 190, 255, 207, 190, 253, 213, 125, 255, 252, 222, 253,
       253, 126, 255, 252, 251, 246, 99, 58, 245, 115, 223, 247, 253,
       253, 245, 127, 127, 223, 223, 239, 223, 108, 87, 190, 222, 123,
       233, 125, 113, 93, 127, 47, 213, 182, 245, 111, 189, 172, 153, 13,
       242, 29, 156, 89, 52, 242, 59, 189, 219, 223, 44, 254 ]
