%YAML:1.0
descriptors: !!opencv-matrix
   rows: 10
   cols: 64
   dt: u
   data: [ 254, 255, 255, 255, 255, 255, 251, 251, 255, 253, 247, 251,
       255, 250, 254, 220, 251, 213, 127, 111, 253, 127, 230, 127, 239,
       255, 247, 63, 127, 91, 127, 255, 215, 109, 85, 255, 214, 127, 249,
       117, 251, 223, 127, 63, 217, 151, 253, 127, 157, 173, 30, 5, 250,
       29, 159, 77, 16, 246, 59, 189, 89, 95, 34, 251, 253, 191, 255,
       125, 126, 255, 251, 254, 253, 255, 250, 191, 239, 255, 251, 239,
       251, 253, 251, 111, 253, 255, 246, 191, 239, 239, 247, 191, 127,
       95, 127, 255, 127, 111, 255, 255, 223, 191, 249, 117, 254, 92,
       251, 190, 255, 227, 219, 127, 190, 189, 30, 219, 226, 189, 159,
       93, 252, 190, 127, 223, 255, 223, 109, 182, 255, 248, 255, 239,
       255, 253, 223, 248, 255, 255, 253, 251, 255, 251, 254, 253, 251,
       213, 127, 111, 125, 223, 167, 124, 111, 255, 255, 59, 255, 91,
       127, 191, 243, 109, 60, 255, 82, 119, 249, 247, 219, 223, 123, 63,
       219, 158, 216, 61, 141, 189, 86, 5, 248, 191, 159, 77, 144, 246,
       57, 159, 93, 95, 34, 185, 252, 255, 255, 253, 246, 253, 255, 253,
       253, 255, 254, 191, 255, 254, 251, 238, 251, 220, 255, 111, 125,
       219, 254, 188, 127, 239, 191, 187, 255, 223, 126, 191, 240, 103,
       125, 255, 214, 119, 253, 252, 255, 95, 251, 62, 95, 167, 73, 244,
       143, 173, 223, 141, 250, 191, 143, 93, 208, 244, 107, 255, 95, 14,
       42, 180, 50, 16, 88, 134, 255, 129, 27, 8, 214, 96, 23, 116, 189,
       10, 176, 84, 246, 215, 0, 16, 193, 35, 195, 100, 140, 144, 232,
       15, 18, 56, 213, 107, 213, 44, 84, 190, 82, 120, 169, 116, 80, 92,
       21, 11, 209, 20, 240, 79, 153, 172, 24, 5, 240, 25, 156, 73, 16,
       114, 51, 184, 88, 23, 32, 250, 51, 20, 120, 142, 63, 132, 31, 9,
       246, 102, 21, 48, 61, 42, 36, 85, 246, 246, 0, 240, 192, 34, 209,
       102, 220, 128, 224, 93, 82, 56, 213, 105, 215, 44, 20, 190, 194,
       120, 161, 116, 112, 202, 28, 9, 208, 20, 229, 79, 145, 172, 24, 5,
       240, 25, 156, 73, 24, 242, 51, 188, 88, 87, 34, 251, 125, 191,
       255, 253, 126, 255, 255, 255, 253, 255, 214, 253, 255, 254, 255,
       206, 251, 253, 251, 111, 255, 127, 254, 255, 255, 251, 254, 191,
       127, 221, 126, 239, 223, 111, 247, 255, 214, 127, 253, 125, 252,
       125, 255, 127, 223, 191, 247, 239, 191, 172, 159, 221, 243, 125,
       159, 223, 124, 254, 123, 255, 219, 223, 187, 254, 63, 254, 255,
       255, 191, 253, 255, 185, 253, 255, 254, 251, 255, 126, 255, 253,
       255, 255, 251, 251, 253, 127, 219, 255, 253, 255, 247, 247, 127,
       247, 255, 239, 207, 251, 255, 117, 255, 255, 248, 127, 255, 95,
       239, 127, 247, 247, 255, 123, 191, 254, 152, 207, 246, 189, 223,
       125, 127, 247, 255, 255, 251, 255, 239, 254, 51, 247, 125, 142,
       191, 156, 31, 8, 231, 71, 57, 250, 173, 127, 180, 85, 246, 247, 4,
       113, 195, 114, 145, 118, 204, 150, 225, 123, 50, 58, 245, 41, 214,
       108, 214, 158, 202, 120, 233, 117, 118, 218, 57, 45, 212, 20, 244,
       47, 145, 172, 16, 5, 224, 29, 158, 73, 24, 242, 51, 189, 88, 215,
       40, 250, 58, 253, 253, 222, 54, 221, 221, 43, 223, 245, 215, 249,
       255, 126, 124, 94, 255, 151, 98, 187, 247, 127, 211, 247, 253,
       247, 247, 127, 106, 251, 213, 234, 199, 108, 71, 190, 222, 120,
       250, 125, 120, 221, 245, 111, 213, 52, 245, 111, 191, 174, 153,
       79, 242, 29, 156, 93, 56, 243, 115, 251, 251, 255, 168, 254 ]
