%YAML:1.0
descriptors: !!opencv-matrix
   rows: 23
   cols: 64
   dt: u
   data: [ 62, 53, 245, 190, 22, 39, 49, 127, 230, 68, 213, 48, 125, 250,
       183, 87, 250, 214, 35, 102, 97, 39, 193, 119, 204, 136, 244, 205,
       82, 12, 240, 169, 214, 36, 85, 190, 82, 120, 193, 116, 120, 92,
       56, 47, 213, 20, 245, 110, 153, 172, 24, 5, 240, 29, 156, 73, 16,
       242, 51, 189, 88, 87, 32, 250, 254, 248, 255, 183, 255, 127, 191,
       252, 252, 255, 252, 255, 255, 255, 246, 252, 251, 213, 103, 99,
       237, 135, 167, 52, 79, 255, 189, 175, 219, 207, 115, 251, 243, 36,
       85, 186, 82, 112, 233, 244, 122, 92, 56, 47, 213, 23, 245, 109,
       153, 172, 24, 5, 240, 29, 156, 73, 16, 242, 51, 189, 88, 87, 32,
       250, 124, 49, 243, 158, 18, 71, 45, 127, 198, 230, 209, 52, 113,
       206, 179, 70, 235, 213, 99, 102, 193, 37, 195, 55, 76, 223, 180,
       45, 82, 14, 50, 105, 199, 36, 85, 186, 82, 120, 233, 116, 112, 92,
       48, 47, 213, 20, 245, 110, 153, 172, 24, 5, 240, 29, 156, 73, 16,
       242, 51, 189, 88, 87, 32, 250, 109, 33, 245, 150, 217, 199, 167,
       120, 228, 101, 195, 119, 241, 111, 178, 68, 235, 213, 35, 98, 193,
       39, 195, 119, 78, 222, 181, 47, 82, 14, 51, 107, 215, 36, 85, 186,
       82, 120, 233, 116, 112, 92, 56, 47, 213, 20, 245, 111, 153, 172,
       24, 5, 240, 29, 156, 73, 16, 242, 51, 189, 88, 87, 32, 250, 255,
       253, 255, 191, 255, 103, 191, 250, 254, 255, 252, 251, 255, 234,
       183, 127, 251, 247, 39, 99, 237, 167, 230, 118, 206, 255, 241,
       107, 211, 26, 115, 251, 247, 36, 85, 190, 82, 120, 233, 124, 114,
       94, 56, 47, 213, 20, 245, 111, 153, 172, 24, 5, 240, 29, 156, 73,
       16, 242, 51, 189, 88, 87, 34, 251, 254, 59, 247, 183, 255, 119,
       191, 251, 254, 253, 251, 127, 255, 255, 179, 127, 251, 215, 103,
       103, 125, 167, 231, 118, 207, 255, 241, 107, 210, 30, 242, 187,
       243, 36, 85, 190, 82, 120, 233, 244, 112, 92, 56, 47, 213, 21,
       245, 111, 153, 172, 24, 5, 240, 29, 156, 73, 16, 242, 51, 189, 88,
       87, 32, 250, 124, 59, 255, 253, 50, 255, 249, 255, 253, 252, 254,
       189, 127, 254, 251, 238, 251, 213, 123, 111, 253, 255, 230, 183,
       93, 239, 182, 191, 123, 223, 126, 251, 243, 38, 117, 250, 86, 123,
       241, 124, 250, 93, 249, 62, 221, 166, 193, 111, 157, 173, 30, 5,
       242, 29, 157, 77, 16, 246, 59, 189, 89, 86, 32, 250, 255, 59, 255,
       183, 127, 127, 191, 254, 254, 255, 250, 251, 255, 251, 251, 255,
       251, 245, 39, 103, 237, 167, 231, 55, 207, 255, 245, 47, 210, 14,
       115, 251, 247, 36, 85, 190, 82, 120, 233, 252, 112, 92, 56, 47,
       213, 18, 245, 111, 153, 172, 24, 5, 240, 29, 156, 73, 16, 242, 51,
       189, 88, 87, 32, 250, 255, 59, 255, 181, 255, 119, 159, 254, 254,
       255, 251, 187, 239, 223, 251, 255, 251, 213, 99, 119, 125, 167,
       199, 119, 207, 255, 245, 47, 210, 30, 114, 251, 215, 44, 85, 190,
       82, 120, 233, 116, 112, 92, 56, 47, 213, 20, 245, 111, 153, 172,
       24, 5, 240, 29, 156, 73, 16, 242, 51, 189, 88, 87, 32, 250, 252,
       251, 255, 253, 247, 127, 249, 255, 253, 255, 255, 251, 255, 251,
       255, 255, 251, 213, 127, 111, 125, 223, 167, 61, 239, 255, 255,
       191, 255, 95, 126, 191, 240, 109, 60, 255, 86, 119, 241, 245, 218,
       223, 123, 30, 219, 167, 200, 124, 141, 173, 94, 5, 248, 31, 159,
       77, 144, 246, 59, 156, 93, 30, 34, 185, 254, 251, 255, 253, 255,
       127, 249, 255, 253, 253, 255, 255, 255, 250, 255, 255, 251, 213,
       127, 111, 125, 223, 166, 61, 111, 255, 191, 187, 255, 95, 126,
       191, 240, 101, 116, 255, 86, 119, 249, 245, 219, 223, 123, 62,
       219, 135, 201, 124, 141, 173, 94, 5, 248, 31, 159, 77, 144, 246,
       59, 157, 93, 30, 34, 185, 254, 252, 255, 253, 255, 255, 255, 253,
       255, 255, 253, 251, 255, 254, 255, 255, 255, 255, 123, 255, 191,
       255, 255, 125, 255, 255, 255, 255, 127, 255, 255, 239, 223, 239,
       255, 127, 223, 253, 253, 127, 122, 223, 239, 127, 223, 255, 255,
       51, 255, 222, 158, 239, 255, 253, 158, 255, 208, 255, 251, 255,
       255, 255, 187, 255, 253, 255, 255, 253, 246, 127, 253, 255, 253,
       253, 254, 251, 127, 255, 251, 238, 251, 212, 127, 111, 125, 221,
       247, 191, 255, 239, 191, 187, 255, 95, 126, 191, 241, 101, 125,
       255, 214, 119, 249, 244, 251, 95, 249, 62, 223, 167, 217, 252,
       141, 173, 94, 141, 248, 31, 159, 77, 208, 246, 123, 221, 95, 14,
       42, 182, 253, 255, 255, 253, 254, 127, 249, 255, 253, 255, 254,
       255, 127, 251, 255, 254, 251, 212, 127, 111, 125, 223, 183, 63,
       255, 239, 191, 187, 255, 223, 126, 191, 241, 101, 60, 255, 214,
       119, 249, 252, 223, 223, 249, 62, 219, 167, 217, 124, 141, 173,
       94, 141, 248, 31, 159, 77, 208, 246, 123, 221, 95, 14, 42, 181,
       189, 176, 255, 183, 127, 103, 191, 254, 244, 253, 221, 115, 255,
       127, 178, 84, 251, 213, 99, 99, 241, 39, 195, 118, 204, 255, 245,
       191, 218, 30, 115, 235, 215, 36, 85, 190, 83, 120, 233, 116, 120,
       92, 56, 47, 213, 21, 247, 111, 153, 172, 24, 5, 240, 29, 156, 73,
       16, 242, 51, 189, 88, 87, 32, 250, 255, 249, 255, 253, 127, 255,
       253, 254, 253, 255, 253, 251, 255, 251, 254, 223, 255, 255, 255,
       251, 255, 255, 231, 255, 239, 127, 247, 255, 127, 119, 254, 239,
       223, 251, 190, 255, 255, 253, 250, 247, 122, 255, 251, 127, 255,
       63, 255, 127, 255, 255, 62, 215, 236, 255, 255, 221, 223, 255,
       255, 255, 255, 255, 251, 191, 253, 190, 255, 245, 254, 255, 251,
       252, 253, 253, 254, 255, 255, 255, 251, 253, 251, 245, 127, 111,
       255, 127, 255, 255, 255, 255, 255, 191, 126, 223, 127, 255, 223,
       239, 127, 255, 214, 255, 253, 127, 125, 93, 251, 191, 221, 171,
       255, 127, 189, 189, 157, 201, 240, 189, 158, 93, 112, 254, 243,
       191, 251, 223, 61, 254, 126, 253, 255, 255, 255, 191, 255, 121,
       255, 255, 213, 251, 255, 250, 254, 223, 242, 245, 123, 127, 255,
       127, 211, 127, 253, 234, 238, 191, 127, 253, 125, 239, 199, 109,
       214, 255, 222, 123, 253, 127, 250, 223, 255, 111, 211, 63, 253,
       127, 191, 190, 153, 13, 242, 189, 159, 93, 120, 246, 123, 255,
       251, 223, 62, 255, 125, 249, 255, 253, 126, 247, 255, 254, 253,
       255, 253, 185, 255, 202, 191, 223, 251, 253, 251, 127, 255, 255,
       215, 191, 239, 239, 247, 191, 91, 93, 124, 255, 255, 47, 223, 255,
       223, 253, 245, 117, 122, 127, 255, 111, 255, 253, 215, 255, 191,
       174, 26, 215, 243, 189, 157, 93, 212, 254, 255, 255, 255, 255,
       187, 247, 76, 33, 235, 152, 16, 103, 57, 119, 128, 198, 193, 180,
       81, 198, 147, 66, 235, 92, 35, 103, 7, 37, 192, 51, 13, 138, 166,
       13, 80, 12, 48, 105, 214, 36, 85, 186, 82, 120, 193, 84, 48, 88,
       56, 47, 215, 20, 229, 110, 153, 172, 24, 5, 240, 29, 156, 73, 16,
       242, 51, 189, 88, 87, 32, 250, 252, 234, 255, 237, 50, 125, 185,
       245, 253, 252, 254, 189, 93, 190, 251, 238, 187, 220, 251, 107,
       253, 209, 230, 180, 253, 109, 188, 179, 109, 223, 127, 255, 253,
       64, 103, 250, 214, 251, 233, 124, 250, 93, 119, 54, 246, 167, 246,
       108, 191, 173, 239, 143, 250, 29, 159, 92, 244, 246, 59, 252, 219,
       158, 106, 254, 187, 255, 124, 223, 55, 125, 221, 185, 255, 213,
       253, 250, 191, 127, 244, 93, 255, 247, 126, 255, 119, 126, 177,
       246, 241, 127, 245, 59, 127, 254, 222, 185, 218, 108, 215, 222,
       222, 121, 251, 125, 127, 223, 187, 191, 245, 113, 245, 111, 175,
       191, 145, 15, 248, 189, 222, 93, 56, 247, 119, 255, 251, 223, 172,
       218, 60, 176, 253, 182, 62, 119, 189, 126, 244, 252, 221, 245,
       125, 127, 177, 116, 251, 220, 67, 99, 245, 34, 193, 119, 204, 170,
       228, 155, 122, 220, 117, 235, 215, 36, 85, 190, 83, 120, 233, 116,
       120, 93, 56, 47, 212, 53, 247, 111, 153, 172, 24, 5, 240, 29, 156,
       73, 16, 242, 51, 189, 88, 87, 32, 250 ]
