%YAML:1.0
descriptors: !!opencv-matrix
   rows: 7
   cols: 64
   dt: u
   data: [ 45, 54, 113, 162, 21, 164, 37, 88, 228, 70, 195, 48, 97, 11,
       144, 71, 226, 212, 3, 96, 193, 32, 129, 52, 76, 136, 160, 9, 82,
       8, 49, 105, 80, 36, 84, 186, 66, 112, 1, 84, 80, 64, 24, 15, 192,
       4, 192, 76, 153, 44, 24, 4, 112, 28, 156, 73, 16, 242, 51, 188,
       88, 86, 32, 248, 205, 222, 239, 105, 252, 253, 231, 244, 57, 255,
       238, 207, 206, 125, 107, 173, 137, 237, 251, 107, 252, 125, 94,
       249, 99, 127, 31, 182, 125, 87, 123, 215, 223, 211, 251, 33, 245,
       191, 252, 43, 125, 61, 234, 183, 255, 227, 127, 243, 188, 217, 44,
       253, 213, 229, 154, 236, 119, 204, 215, 167, 211, 251, 221, 254,
       191, 252, 127, 239, 191, 253, 253, 248, 255, 255, 253, 251, 255,
       59, 254, 253, 251, 246, 127, 123, 253, 114, 191, 124, 253, 255,
       245, 187, 255, 127, 255, 255, 253, 236, 159, 254, 254, 121, 249,
       255, 123, 223, 123, 63, 214, 183, 252, 125, 191, 191, 159, 13,
       248, 189, 159, 93, 184, 246, 255, 255, 255, 223, 46, 191, 45, 36,
       109, 160, 27, 165, 35, 124, 180, 100, 198, 52, 93, 46, 177, 71,
       234, 252, 67, 96, 241, 34, 210, 118, 76, 168, 164, 9, 82, 12, 49,
       233, 215, 36, 87, 186, 82, 120, 129, 124, 120, 92, 24, 15, 212,
       20, 229, 79, 153, 172, 24, 5, 240, 29, 156, 73, 16, 242, 51, 189,
       88, 87, 32, 250, 46, 50, 101, 176, 23, 181, 47, 121, 228, 254,
       208, 53, 253, 47, 177, 71, 226, 212, 3, 96, 225, 34, 195, 118, 76,
       136, 164, 13, 82, 28, 49, 233, 215, 36, 85, 186, 82, 120, 201,
       116, 112, 92, 56, 47, 212, 20, 229, 111, 153, 172, 24, 5, 240, 29,
       156, 73, 16, 242, 51, 189, 88, 87, 32, 250, 47, 50, 101, 160, 30,
       181, 39, 120, 244, 126, 210, 49, 253, 63, 177, 71, 226, 244, 3,
       96, 225, 34, 195, 118, 76, 184, 164, 9, 82, 12, 49, 235, 215, 36,
       85, 186, 82, 120, 169, 116, 112, 92, 56, 47, 212, 20, 245, 111,
       153, 172, 24, 5, 240, 29, 156, 73, 16, 242, 51, 189, 88, 87, 32,
       250, 61, 182, 125, 180, 59, 189, 185, 127, 246, 254, 214, 245,
       125, 121, 184, 84, 246, 220, 67, 99, 245, 98, 193, 247, 221, 170,
       228, 219, 90, 156, 241, 235, 223, 36, 85, 190, 82, 120, 233, 124,
       120, 92, 56, 47, 212, 53, 247, 111, 153, 172, 24, 5, 240, 29, 156,
       73, 16, 242, 51, 189, 88, 87, 32, 250 ]
