%YAML:1.0
descriptors: !!opencv-matrix
   rows: 10
   cols: 64
   dt: u
   data: [ 255, 248, 127, 239, 255, 125, 223, 248, 255, 125, 253, 251,
       255, 123, 246, 253, 243, 247, 127, 127, 125, 222, 181, 124, 239,
       255, 255, 59, 255, 123, 255, 191, 240, 109, 190, 223, 214, 119,
       249, 255, 219, 223, 255, 31, 217, 159, 252, 29, 141, 181, 215,
       141, 232, 191, 159, 93, 248, 246, 121, 158, 255, 223, 46, 189, 92,
       34, 241, 145, 216, 135, 35, 125, 192, 102, 194, 54, 209, 198, 155,
       66, 226, 213, 3, 96, 201, 165, 202, 81, 12, 200, 172, 13, 82, 8,
       49, 107, 87, 36, 85, 186, 16, 120, 5, 86, 48, 64, 24, 14, 69, 12,
       225, 7, 153, 44, 24, 5, 240, 28, 156, 73, 16, 242, 51, 189, 88,
       70, 32, 242, 187, 252, 124, 47, 255, 189, 223, 24, 255, 95, 189,
       250, 191, 58, 116, 93, 246, 183, 126, 177, 253, 118, 147, 116,
       241, 247, 253, 63, 255, 251, 221, 169, 143, 236, 142, 246, 255,
       89, 185, 253, 126, 223, 111, 173, 213, 115, 180, 93, 183, 191,
       153, 13, 254, 165, 223, 245, 56, 182, 254, 189, 187, 223, 188,
       223, 252, 253, 255, 253, 54, 255, 125, 127, 253, 253, 245, 249,
       255, 250, 254, 222, 251, 255, 255, 127, 191, 127, 243, 255, 253,
       127, 247, 255, 111, 255, 254, 239, 207, 111, 166, 255, 223, 125,
       249, 125, 248, 223, 247, 239, 255, 53, 255, 111, 191, 174, 175,
       223, 250, 189, 159, 85, 124, 255, 255, 251, 251, 191, 237, 223,
       252, 249, 255, 253, 50, 127, 249, 246, 253, 253, 253, 221, 95,
       248, 255, 238, 187, 221, 254, 111, 190, 189, 228, 191, 111, 239,
       183, 191, 127, 239, 126, 255, 243, 247, 53, 251, 214, 255, 250,
       247, 219, 255, 253, 126, 187, 158, 89, 235, 205, 171, 255, 215,
       251, 63, 183, 76, 209, 255, 123, 255, 253, 44, 147, 255, 253, 254,
       255, 253, 255, 189, 255, 249, 253, 255, 251, 255, 239, 255, 251,
       255, 179, 253, 255, 107, 255, 239, 222, 125, 125, 238, 175, 191,
       126, 127, 127, 255, 119, 231, 125, 251, 247, 255, 253, 247, 223,
       126, 251, 254, 255, 143, 223, 51, 141, 255, 60, 237, 233, 191,
       159, 109, 216, 254, 251, 223, 255, 94, 187, 182, 255, 221, 255,
       245, 255, 255, 221, 222, 191, 253, 252, 249, 255, 253, 246, 253,
       251, 245, 63, 107, 230, 47, 254, 127, 111, 239, 179, 63, 95, 95,
       127, 127, 247, 231, 124, 123, 114, 255, 255, 247, 211, 254, 234,
       127, 219, 30, 253, 251, 205, 237, 94, 213, 252, 63, 159, 79, 209,
       246, 243, 191, 220, 125, 147, 255, 252, 49, 243, 182, 89, 34, 109,
       78, 196, 165, 193, 50, 119, 202, 146, 82, 250, 213, 35, 99, 171,
       175, 235, 63, 142, 202, 242, 143, 82, 9, 112, 239, 87, 39, 52,
       191, 66, 124, 101, 214, 88, 64, 56, 47, 203, 29, 193, 207, 153,
       164, 24, 5, 112, 28, 156, 73, 16, 242, 49, 189, 88, 22, 32, 250,
       231, 55, 241, 38, 213, 2, 7, 78, 230, 69, 131, 115, 175, 75, 130,
       85, 234, 213, 33, 100, 65, 7, 195, 119, 78, 218, 184, 45, 210, 8,
       48, 41, 215, 36, 84, 186, 82, 120, 201, 84, 112, 88, 56, 15, 197,
       20, 245, 79, 153, 172, 24, 5, 240, 28, 156, 73, 16, 242, 51, 189,
       88, 87, 32, 250, 126, 48, 253, 158, 190, 133, 27, 124, 246, 102,
       213, 188, 253, 234, 182, 86, 242, 212, 67, 96, 201, 35, 195, 53,
       76, 168, 164, 31, 83, 29, 125, 105, 247, 36, 20, 190, 66, 120,
       129, 246, 210, 202, 24, 14, 208, 20, 193, 79, 153, 172, 24, 5,
       112, 29, 156, 73, 16, 242, 51, 188, 88, 86, 34, 249 ]
