%YAML:1.0
descriptors: !!opencv-matrix
   rows: 2
   cols: 64
   dt: u
   data: [ 13, 50, 101, 160, 52, 181, 39, 116, 176, 62, 194, 53, 77, 29,
       145, 67, 194, 236, 195, 96, 241, 96, 64, 243, 12, 40, 132, 132,
       120, 68, 49, 201, 95, 32, 213, 186, 85, 120, 129, 116, 124, 84,
       26, 14, 196, 33, 195, 79, 184, 172, 24, 1, 240, 29, 156, 73, 4,
       242, 19, 157, 72, 87, 36, 250, 44, 39, 101, 168, 48, 53, 33, 119,
       180, 220, 198, 21, 89, 61, 153, 70, 138, 92, 195, 96, 241, 96,
       208, 243, 92, 40, 132, 128, 104, 196, 57, 201, 223, 0, 87, 186,
       84, 122, 129, 124, 124, 21, 24, 166, 84, 165, 227, 110, 153, 172,
       153, 9, 240, 29, 156, 73, 48, 226, 51, 189, 74, 71, 40, 250 ]
