%YAML:1.0
descriptors: !!opencv-matrix
   rows: 14
   cols: 64
   dt: u
   data: [ 103, 38, 101, 161, 221, 166, 167, 88, 236, 109, 130, 115, 233,
       75, 177, 69, 226, 245, 35, 98, 201, 39, 146, 117, 78, 220, 185,
       47, 210, 10, 49, 107, 215, 36, 85, 186, 82, 120, 233, 116, 112,
       84, 24, 15, 197, 16, 245, 79, 153, 172, 24, 5, 240, 29, 156, 73,
       16, 242, 51, 189, 88, 87, 32, 250, 252, 255, 127, 255, 190, 253,
       255, 253, 253, 255, 254, 189, 125, 255, 251, 254, 251, 212, 127,
       107, 125, 233, 231, 62, 125, 255, 183, 187, 223, 223, 127, 187,
       243, 38, 85, 251, 82, 115, 249, 244, 250, 94, 56, 62, 215, 134,
       217, 126, 153, 173, 94, 5, 248, 31, 159, 73, 144, 242, 59, 189,
       92, 86, 34, 187, 251, 253, 255, 253, 255, 255, 255, 250, 253, 253,
       253, 251, 255, 249, 254, 255, 247, 255, 127, 127, 254, 223, 211,
       253, 255, 239, 255, 255, 127, 119, 254, 175, 255, 111, 213, 255,
       223, 127, 253, 255, 254, 223, 251, 127, 253, 191, 255, 183, 255,
       143, 159, 255, 249, 253, 159, 255, 121, 254, 123, 255, 251, 255,
       159, 255, 60, 187, 253, 254, 62, 253, 253, 126, 247, 220, 214,
       241, 125, 127, 189, 84, 251, 254, 227, 107, 245, 119, 211, 247,
       253, 255, 245, 255, 126, 221, 245, 235, 223, 44, 87, 190, 95, 120,
       233, 124, 120, 93, 58, 47, 213, 53, 247, 111, 185, 172, 24, 5,
       240, 29, 156, 73, 20, 242, 51, 189, 90, 87, 32, 250, 63, 183, 125,
       254, 63, 253, 253, 121, 255, 254, 213, 249, 253, 127, 188, 86,
       255, 246, 99, 251, 245, 118, 211, 119, 221, 191, 245, 255, 122,
       223, 245, 235, 223, 44, 87, 190, 219, 120, 249, 125, 124, 92, 57,
       47, 213, 53, 247, 111, 153, 172, 24, 5, 240, 29, 156, 77, 16, 242,
       51, 189, 122, 215, 40, 250, 255, 253, 255, 255, 127, 255, 255,
       251, 255, 255, 253, 251, 255, 250, 252, 255, 255, 255, 127, 251,
       255, 127, 247, 127, 255, 255, 247, 255, 127, 247, 255, 255, 255,
       255, 190, 255, 255, 253, 251, 255, 122, 223, 255, 127, 255, 55,
       255, 127, 255, 255, 158, 207, 248, 189, 159, 93, 245, 247, 255,
       255, 255, 255, 187, 191, 125, 254, 255, 255, 254, 255, 255, 253,
       255, 253, 222, 253, 255, 126, 251, 252, 251, 247, 251, 122, 253,
       127, 223, 255, 255, 255, 254, 191, 127, 223, 255, 255, 223, 237,
       87, 255, 222, 251, 253, 127, 125, 93, 255, 62, 221, 183, 255, 111,
       191, 188, 159, 141, 242, 189, 156, 93, 124, 246, 255, 191, 251,
       223, 46, 254, 127, 253, 255, 253, 126, 191, 127, 123, 253, 255,
       253, 249, 255, 251, 252, 126, 242, 245, 127, 123, 255, 127, 211,
       127, 253, 254, 231, 191, 127, 255, 125, 239, 211, 109, 86, 191,
       222, 127, 249, 253, 222, 223, 255, 47, 211, 55, 245, 111, 159,
       173, 152, 13, 248, 61, 159, 93, 120, 246, 123, 191, 251, 223, 42,
       255, 125, 254, 255, 253, 255, 255, 255, 125, 253, 253, 254, 253,
       253, 126, 253, 253, 255, 255, 251, 122, 245, 127, 219, 255, 255,
       111, 231, 255, 127, 215, 255, 239, 223, 235, 95, 183, 255, 251,
       249, 125, 255, 221, 255, 111, 245, 247, 255, 111, 189, 255, 158,
       79, 246, 189, 159, 93, 126, 247, 255, 191, 251, 239, 173, 254,
       126, 180, 253, 254, 255, 191, 95, 61, 247, 125, 253, 249, 253,
       126, 182, 92, 247, 247, 91, 242, 247, 123, 211, 127, 252, 235,
       230, 255, 123, 249, 253, 239, 207, 236, 86, 190, 222, 120, 249,
       255, 126, 223, 255, 175, 213, 53, 245, 79, 189, 174, 153, 13, 242,
       29, 159, 89, 56, 246, 243, 191, 251, 223, 174, 252, 252, 252, 255,
       237, 114, 127, 255, 247, 221, 255, 222, 189, 95, 188, 251, 238,
       187, 221, 251, 111, 253, 209, 254, 189, 253, 125, 189, 246, 109,
       215, 127, 255, 237, 89, 231, 239, 223, 255, 237, 125, 122, 29,
       247, 54, 255, 191, 119, 105, 191, 236, 239, 191, 243, 125, 156,
       92, 246, 255, 127, 249, 251, 223, 110, 254, 71, 34, 65, 160, 217,
       34, 35, 204, 160, 106, 128, 54, 65, 139, 131, 65, 194, 84, 1, 96,
       73, 128, 140, 48, 78, 136, 40, 9, 210, 8, 49, 73, 112, 36, 20,
       186, 0, 112, 5, 212, 0, 64, 24, 10, 64, 4, 64, 196, 25, 44, 16, 4,
       64, 28, 132, 9, 144, 224, 33, 156, 76, 86, 32, 176, 191, 253, 254,
       254, 55, 253, 221, 27, 255, 223, 253, 250, 191, 123, 244, 95, 251,
       247, 126, 251, 247, 126, 241, 119, 245, 247, 247, 63, 127, 251,
       246, 249, 206, 108, 150, 254, 218, 121, 251, 253, 122, 223, 255,
       253, 213, 117, 245, 111, 191, 191, 154, 15, 248, 29, 222, 93, 56,
       247, 115, 191, 251, 223, 172, 251, 188, 254, 239, 233, 254, 253,
       251, 253, 253, 255, 254, 255, 223, 60, 251, 237, 251, 253, 255,
       107, 245, 83, 254, 252, 125, 255, 63, 179, 253, 223, 127, 255,
       253, 101, 223, 251, 214, 247, 253, 181, 255, 93, 123, 62, 215,
       167, 250, 113, 191, 189, 222, 141, 250, 191, 159, 93, 212, 244,
       107, 255, 223, 223, 46, 190 ]
