%YAML:1.0
descriptors: !!opencv-matrix
   rows: 5
   cols: 64
   dt: u
   data: [ 254, 253, 255, 255, 127, 191, 255, 121, 255, 255, 253, 251,
       255, 250, 252, 222, 243, 213, 127, 107, 255, 127, 242, 127, 253,
       255, 247, 63, 127, 219, 127, 255, 215, 100, 84, 255, 210, 123,
       249, 245, 250, 223, 253, 47, 211, 22, 245, 127, 157, 173, 26, 5,
       250, 29, 159, 77, 24, 246, 123, 189, 91, 95, 42, 251, 61, 190,
       255, 253, 62, 255, 241, 127, 253, 252, 214, 253, 253, 125, 251,
       207, 251, 253, 235, 107, 244, 119, 222, 255, 253, 255, 180, 182,
       124, 215, 127, 239, 223, 108, 215, 190, 215, 250, 249, 125, 124,
       93, 122, 175, 213, 177, 247, 111, 185, 172, 153, 9, 240, 29, 156,
       93, 60, 246, 115, 189, 219, 223, 44, 254, 187, 215, 124, 222, 191,
       189, 223, 49, 127, 95, 125, 219, 189, 123, 124, 124, 247, 247,
       100, 251, 244, 122, 211, 118, 249, 127, 247, 122, 127, 251, 255,
       235, 215, 124, 87, 190, 223, 121, 248, 125, 118, 223, 59, 63, 244,
       22, 245, 111, 153, 175, 24, 15, 248, 29, 159, 77, 16, 243, 115,
       189, 122, 95, 42, 251, 63, 254, 253, 255, 63, 253, 253, 120, 255,
       255, 253, 249, 255, 123, 252, 93, 255, 255, 98, 251, 245, 126,
       211, 255, 253, 255, 247, 255, 126, 255, 245, 239, 223, 124, 215,
       190, 255, 121, 248, 125, 124, 93, 251, 47, 245, 53, 247, 111, 187,
       190, 153, 15, 240, 29, 156, 93, 52, 243, 119, 191, 251, 223, 44,
       254, 60, 184, 255, 255, 63, 253, 249, 127, 253, 255, 222, 253,
       255, 126, 253, 252, 255, 222, 227, 107, 245, 127, 219, 255, 253,
       255, 246, 255, 127, 215, 247, 239, 223, 108, 215, 190, 247, 250,
       249, 125, 120, 93, 255, 47, 245, 53, 247, 111, 187, 172, 153, 13,
       240, 29, 156, 89, 54, 242, 119, 191, 251, 223, 44, 254 ]
