%YAML:1.0
descriptors: !!opencv-matrix
   rows: 8
   cols: 64
   dt: u
   data: [ 255, 255, 254, 222, 255, 255, 223, 62, 255, 85, 253, 251, 191,
       255, 254, 253, 255, 247, 126, 255, 247, 127, 243, 247, 251, 127,
       255, 127, 255, 255, 222, 237, 223, 127, 255, 223, 207, 95, 255,
       255, 255, 255, 255, 127, 253, 255, 255, 239, 247, 247, 223, 223,
       255, 239, 219, 223, 123, 255, 254, 255, 251, 253, 191, 223, 252,
       250, 255, 253, 254, 255, 251, 254, 253, 255, 252, 255, 255, 249,
       255, 239, 251, 253, 123, 111, 253, 255, 254, 255, 239, 255, 191,
       191, 127, 215, 127, 255, 223, 111, 215, 255, 214, 127, 253, 127,
       250, 223, 251, 63, 223, 191, 255, 127, 191, 173, 30, 133, 248,
       189, 159, 93, 80, 246, 123, 191, 255, 223, 42, 255, 252, 63, 255,
       253, 118, 127, 251, 255, 253, 255, 254, 191, 127, 254, 251, 238,
       251, 253, 251, 111, 127, 255, 246, 191, 223, 239, 190, 183, 253,
       223, 126, 255, 239, 79, 231, 255, 223, 255, 253, 125, 254, 125,
       247, 62, 255, 175, 107, 255, 191, 173, 255, 255, 211, 255, 157,
       92, 244, 252, 123, 255, 255, 142, 239, 246, 124, 185, 255, 253,
       118, 127, 249, 247, 253, 252, 222, 253, 95, 252, 255, 238, 187,
       221, 251, 111, 247, 125, 246, 255, 255, 111, 246, 246, 109, 215,
       254, 239, 223, 123, 103, 253, 223, 254, 255, 125, 124, 61, 247,
       119, 255, 183, 247, 239, 255, 238, 175, 223, 243, 125, 156, 92,
       127, 255, 255, 251, 251, 255, 207, 254, 63, 182, 253, 254, 63,
       189, 253, 121, 255, 254, 215, 245, 253, 127, 189, 84, 254, 222,
       99, 123, 245, 118, 195, 255, 221, 190, 228, 251, 126, 95, 245,
       235, 223, 44, 85, 190, 223, 120, 249, 125, 120, 92, 57, 47, 212,
       53, 247, 111, 153, 172, 24, 5, 240, 29, 156, 73, 16, 242, 51, 189,
       90, 87, 32, 250, 61, 189, 255, 246, 63, 253, 253, 127, 247, 252,
       215, 245, 255, 126, 185, 94, 255, 254, 99, 123, 245, 126, 211,
       247, 221, 171, 230, 251, 122, 221, 245, 235, 223, 44, 87, 190,
       223, 120, 249, 125, 120, 93, 127, 47, 212, 53, 247, 111, 153, 172,
       24, 5, 240, 29, 156, 73, 16, 242, 115, 189, 91, 87, 32, 250, 63,
       185, 255, 246, 63, 181, 253, 122, 247, 252, 215, 245, 255, 126,
       177, 87, 246, 254, 99, 243, 245, 126, 195, 247, 205, 186, 230,
       223, 122, 93, 245, 235, 223, 44, 85, 190, 91, 120, 249, 125, 120,
       93, 57, 47, 212, 53, 247, 111, 153, 172, 24, 5, 240, 29, 156, 73,
       16, 242, 51, 189, 88, 87, 32, 250, 125, 191, 255, 253, 62, 255,
       249, 126, 253, 252, 222, 253, 95, 255, 255, 238, 187, 253, 251,
       107, 247, 127, 222, 255, 255, 127, 246, 247, 125, 215, 127, 239,
       223, 250, 247, 190, 255, 254, 249, 125, 124, 125, 251, 111, 255,
       179, 247, 107, 191, 238, 189, 223, 240, 29, 158, 93, 55, 247, 255,
       255, 251, 255, 173, 254 ]
