%YAML:1.0
descriptors: !!opencv-matrix
   rows: 11
   cols: 64
   dt: u
   data: [ 191, 253, 125, 252, 55, 125, 93, 123, 255, 85, 253, 251, 127,
       122, 244, 253, 251, 244, 119, 123, 119, 126, 177, 119, 255, 255,
       247, 187, 255, 255, 126, 233, 218, 108, 150, 254, 222, 121, 249,
       253, 122, 223, 255, 63, 212, 55, 245, 111, 187, 191, 159, 13, 248,
       29, 159, 93, 56, 242, 123, 191, 251, 223, 174, 251, 187, 253, 255,
       255, 63, 253, 253, 59, 255, 255, 253, 251, 255, 250, 126, 223,
       253, 255, 254, 251, 255, 127, 211, 255, 241, 127, 247, 255, 127,
       247, 247, 239, 207, 250, 239, 117, 255, 253, 250, 123, 121, 223,
       231, 125, 255, 117, 255, 127, 255, 219, 153, 207, 254, 165, 255,
       245, 127, 247, 255, 255, 243, 251, 221, 222, 252, 249, 255, 253,
       254, 255, 255, 255, 253, 253, 254, 255, 255, 254, 251, 254, 251,
       213, 255, 111, 127, 255, 238, 191, 239, 255, 255, 191, 255, 223,
       126, 191, 247, 103, 125, 255, 214, 255, 253, 247, 251, 93, 255,
       126, 223, 191, 217, 183, 157, 173, 95, 245, 251, 191, 157, 77,
       208, 252, 121, 255, 223, 95, 179, 254, 56, 220, 239, 253, 47, 253,
       253, 127, 253, 253, 222, 221, 255, 124, 125, 236, 191, 252, 227,
       123, 244, 126, 255, 255, 125, 255, 151, 178, 127, 247, 127, 255,
       207, 232, 99, 52, 255, 251, 248, 123, 125, 125, 239, 175, 253, 55,
       247, 107, 191, 250, 155, 207, 246, 29, 156, 93, 63, 243, 255, 255,
       243, 223, 142, 254, 12, 33, 97, 176, 16, 37, 37, 111, 132, 198,
       195, 52, 81, 6, 145, 66, 234, 92, 3, 98, 193, 32, 192, 19, 12,
       136, 164, 9, 82, 12, 48, 73, 86, 36, 85, 186, 16, 120, 1, 84, 112,
       64, 16, 46, 196, 20, 193, 110, 153, 172, 24, 5, 240, 29, 156, 73,
       16, 242, 51, 189, 88, 86, 32, 250, 239, 237, 235, 252, 55, 126,
       93, 15, 165, 230, 61, 184, 31, 235, 182, 223, 137, 252, 48, 127,
       46, 255, 240, 51, 93, 215, 183, 61, 83, 56, 54, 105, 210, 62, 215,
       170, 194, 124, 243, 125, 114, 250, 185, 105, 183, 92, 245, 110,
       219, 174, 26, 69, 224, 29, 246, 28, 25, 242, 113, 191, 121, 244,
       169, 250, 45, 238, 109, 137, 218, 221, 135, 121, 189, 117, 158,
       125, 221, 127, 249, 228, 251, 245, 195, 32, 244, 114, 154, 244,
       125, 252, 29, 39, 252, 219, 91, 255, 205, 100, 71, 186, 214, 243,
       237, 62, 117, 21, 76, 166, 85, 182, 252, 97, 185, 173, 153, 45,
       250, 29, 140, 89, 56, 230, 58, 172, 218, 207, 44, 252, 59, 222,
       125, 235, 191, 253, 181, 152, 253, 93, 254, 255, 189, 125, 109,
       253, 255, 190, 231, 120, 244, 82, 157, 116, 247, 253, 113, 179,
       255, 83, 235, 255, 157, 236, 219, 116, 247, 83, 249, 120, 127,
       223, 122, 189, 84, 243, 246, 101, 187, 189, 159, 12, 252, 133,
       207, 125, 62, 240, 175, 172, 210, 223, 46, 220, 252, 252, 239,
       237, 255, 253, 255, 249, 253, 255, 254, 255, 255, 126, 254, 237,
       155, 253, 255, 123, 253, 119, 219, 252, 127, 255, 29, 183, 255,
       215, 127, 255, 207, 233, 223, 119, 255, 251, 253, 63, 251, 253,
       239, 63, 245, 55, 255, 115, 191, 255, 153, 175, 255, 253, 223,
       125, 126, 254, 255, 239, 251, 223, 60, 254, 255, 253, 255, 255,
       119, 255, 253, 255, 253, 255, 253, 251, 255, 254, 254, 254, 251,
       255, 127, 127, 191, 255, 247, 63, 255, 255, 247, 255, 127, 255,
       254, 255, 251, 111, 119, 255, 223, 125, 249, 255, 122, 223, 255,
       127, 255, 63, 255, 127, 255, 175, 158, 207, 248, 191, 156, 93,
       240, 246, 115, 255, 255, 255, 169, 254, 191, 244, 125, 231, 255,
       189, 223, 120, 254, 125, 245, 123, 253, 123, 244, 85, 242, 247,
       95, 112, 245, 119, 147, 124, 236, 254, 253, 191, 254, 123, 245,
       239, 215, 108, 20, 190, 222, 121, 249, 253, 91, 223, 91, 15, 209,
       53, 253, 79, 157, 190, 24, 13, 248, 29, 158, 73, 56, 246, 51, 189,
       250, 95, 38, 253 ]
