%YAML:1.0
descriptors: !!opencv-matrix
   rows: 8
   cols: 64
   dt: u
   data: [ 60, 184, 255, 255, 62, 253, 249, 124, 255, 253, 214, 253, 255,
       126, 191, 252, 255, 223, 227, 107, 245, 119, 195, 255, 253, 235,
       228, 255, 127, 221, 247, 239, 223, 108, 85, 190, 223, 123, 249,
       125, 120, 93, 123, 47, 213, 53, 247, 111, 185, 172, 153, 5, 240,
       29, 156, 73, 52, 242, 51, 189, 219, 95, 32, 254, 60, 185, 255,
       255, 54, 255, 249, 255, 255, 253, 222, 253, 255, 126, 251, 254,
       255, 223, 251, 107, 245, 127, 247, 247, 253, 239, 246, 255, 127,
       223, 255, 235, 247, 108, 119, 190, 247, 123, 249, 125, 248, 93,
       255, 46, 213, 55, 247, 111, 191, 172, 159, 13, 240, 29, 156, 93,
       52, 242, 123, 255, 123, 95, 40, 254, 252, 253, 255, 223, 55, 127,
       221, 255, 255, 245, 253, 255, 255, 254, 190, 254, 255, 215, 122,
       127, 247, 63, 247, 119, 255, 239, 247, 127, 123, 223, 246, 235,
       223, 46, 119, 254, 210, 121, 251, 125, 114, 93, 185, 47, 221, 54,
       245, 111, 157, 172, 24, 5, 240, 29, 156, 73, 16, 242, 115, 191,
       89, 87, 34, 250, 243, 251, 211, 215, 253, 202, 219, 200, 222, 249,
       52, 251, 167, 91, 198, 221, 235, 215, 61, 47, 206, 45, 174, 127,
       111, 223, 115, 47, 215, 11, 99, 127, 215, 167, 124, 219, 114, 117,
       239, 246, 83, 94, 168, 127, 217, 28, 253, 183, 201, 181, 94, 5,
       248, 183, 140, 107, 16, 240, 48, 63, 92, 85, 49, 187, 62, 245,
       125, 254, 62, 189, 253, 121, 247, 254, 253, 251, 253, 127, 180,
       95, 247, 247, 99, 243, 245, 118, 211, 247, 221, 254, 229, 255,
       122, 255, 245, 235, 223, 108, 87, 190, 219, 120, 249, 125, 124,
       95, 127, 47, 244, 53, 247, 111, 153, 174, 24, 15, 240, 29, 156,
       93, 24, 243, 115, 189, 123, 215, 40, 250, 56, 254, 117, 203, 190,
       189, 163, 253, 253, 220, 222, 93, 125, 61, 249, 228, 242, 244,
       203, 104, 244, 82, 156, 244, 121, 168, 44, 144, 253, 208, 125,
       255, 253, 100, 87, 186, 86, 114, 153, 124, 255, 95, 90, 30, 84,
       166, 208, 77, 185, 45, 28, 13, 242, 29, 159, 77, 28, 246, 43, 188,
       90, 79, 34, 249, 187, 255, 127, 255, 255, 253, 223, 248, 255, 255,
       253, 251, 255, 123, 246, 253, 255, 247, 127, 123, 252, 127, 179,
       126, 255, 255, 247, 191, 255, 123, 127, 255, 215, 108, 222, 255,
       222, 121, 249, 253, 127, 223, 123, 63, 213, 55, 253, 127, 157,
       191, 158, 13, 248, 189, 159, 93, 56, 246, 115, 191, 251, 223, 46,
       251, 252, 254, 255, 237, 250, 255, 251, 253, 253, 255, 254, 255,
       223, 124, 251, 236, 251, 221, 251, 107, 253, 93, 254, 253, 255,
       111, 63, 183, 253, 223, 127, 255, 255, 99, 127, 255, 214, 255,
       253, 124, 255, 93, 251, 62, 223, 167, 219, 241, 191, 189, 223,
       189, 250, 191, 159, 93, 246, 252, 127, 237, 223, 223, 42, 254 ]
