%YAML:1.0
descriptors: !!opencv-matrix
   rows: 4
   cols: 64
   dt: u
   data: [ 60, 51, 117, 214, 50, 31, 25, 127, 246, 84, 215, 53, 125, 122,
       185, 68, 242, 212, 67, 98, 213, 32, 193, 247, 93, 170, 164, 29,
       82, 140, 117, 233, 215, 36, 87, 186, 82, 122, 193, 116, 240, 93,
       24, 15, 212, 54, 225, 79, 153, 172, 24, 5, 240, 29, 157, 73, 16,
       242, 51, 189, 88, 87, 32, 250, 188, 250, 255, 237, 62, 253, 255,
       253, 253, 253, 222, 255, 255, 127, 255, 252, 251, 223, 235, 123,
       245, 119, 255, 255, 253, 127, 245, 255, 127, 223, 247, 255, 223,
       108, 87, 190, 223, 123, 249, 125, 125, 93, 123, 63, 213, 181, 247,
       111, 185, 172, 157, 13, 240, 29, 156, 93, 54, 246, 55, 189, 219,
       95, 32, 254, 63, 51, 117, 178, 55, 53, 45, 126, 230, 94, 211, 52,
       125, 46, 177, 87, 242, 244, 3, 96, 225, 34, 193, 118, 204, 168,
       228, 9, 82, 12, 113, 233, 215, 36, 85, 190, 82, 120, 129, 116,
       112, 92, 56, 47, 212, 20, 229, 111, 153, 172, 24, 5, 240, 29, 156,
       73, 16, 242, 51, 189, 88, 87, 32, 250, 62, 51, 117, 178, 54, 53,
       45, 127, 230, 94, 208, 52, 125, 127, 176, 86, 242, 212, 67, 96,
       241, 34, 193, 119, 204, 168, 164, 137, 82, 156, 113, 233, 215, 36,
       85, 190, 82, 120, 129, 116, 120, 92, 24, 15, 212, 20, 229, 79,
       153, 172, 24, 5, 240, 29, 156, 73, 16, 242, 51, 189, 88, 87, 32,
       250 ]
