%YAML:1.0
descriptors: !!opencv-matrix
   rows: 11
   cols: 64
   dt: u
   data: [ 255, 252, 125, 255, 255, 191, 95, 24, 255, 127, 253, 250, 191,
       250, 246, 127, 242, 247, 62, 123, 255, 255, 243, 126, 229, 239,
       251, 127, 251, 123, 247, 239, 211, 237, 214, 255, 218, 121, 241,
       255, 94, 223, 111, 125, 209, 95, 253, 63, 157, 175, 24, 13, 234,
       189, 159, 127, 120, 246, 243, 191, 255, 222, 190, 253, 255, 252,
       255, 255, 255, 191, 95, 248, 255, 125, 253, 251, 255, 251, 246,
       253, 243, 247, 127, 127, 255, 223, 183, 61, 239, 239, 255, 63,
       255, 123, 255, 255, 243, 237, 150, 255, 210, 117, 245, 255, 218,
       223, 123, 31, 217, 159, 221, 31, 141, 183, 94, 141, 248, 191, 159,
       79, 120, 246, 123, 159, 255, 222, 62, 189, 252, 251, 255, 253,
       254, 255, 251, 255, 253, 255, 254, 255, 255, 254, 251, 238, 251,
       221, 255, 111, 253, 255, 238, 191, 255, 239, 191, 191, 255, 223,
       126, 255, 243, 111, 127, 255, 215, 119, 253, 245, 219, 221, 251,
       62, 223, 175, 219, 255, 175, 173, 223, 133, 249, 191, 159, 93,
       208, 254, 123, 255, 223, 30, 34, 189, 187, 252, 125, 255, 255,
       189, 223, 24, 255, 127, 253, 251, 191, 123, 116, 93, 247, 247,
       126, 251, 253, 127, 147, 126, 245, 255, 247, 127, 126, 251, 247,
       239, 223, 236, 222, 191, 254, 121, 248, 255, 126, 223, 235, 239,
       213, 113, 253, 127, 189, 191, 152, 15, 252, 189, 222, 125, 56,
       247, 247, 191, 250, 223, 172, 254, 62, 179, 253, 254, 63, 253,
       253, 126, 247, 254, 214, 245, 253, 126, 189, 87, 255, 254, 99,
       123, 245, 126, 211, 247, 221, 190, 230, 219, 122, 221, 245, 235,
       223, 44, 87, 190, 223, 120, 249, 125, 120, 93, 127, 47, 212, 53,
       247, 111, 153, 172, 24, 5, 242, 29, 156, 73, 16, 242, 51, 189, 91,
       87, 32, 250, 60, 180, 253, 255, 63, 253, 249, 125, 255, 255, 214,
       253, 253, 126, 188, 116, 251, 222, 67, 107, 245, 118, 211, 255,
       253, 170, 228, 251, 126, 221, 245, 239, 223, 44, 85, 190, 215,
       122, 249, 117, 120, 93, 123, 47, 212, 53, 247, 111, 153, 172, 24,
       5, 240, 29, 156, 73, 16, 242, 51, 189, 90, 95, 32, 250, 255, 244,
       253, 223, 255, 191, 223, 25, 255, 127, 181, 250, 255, 123, 180,
       93, 246, 247, 126, 243, 247, 119, 211, 127, 244, 246, 247, 127,
       127, 123, 245, 111, 199, 236, 150, 191, 218, 121, 251, 255, 114,
       223, 111, 175, 209, 84, 245, 111, 157, 174, 24, 15, 240, 29, 158,
       89, 56, 246, 115, 191, 250, 223, 42, 251, 255, 248, 255, 239, 255,
       255, 255, 252, 255, 191, 254, 255, 255, 62, 255, 253, 251, 247,
       123, 123, 253, 87, 239, 125, 239, 255, 253, 191, 127, 223, 247,
       255, 223, 45, 215, 255, 222, 123, 237, 127, 122, 93, 127, 63, 213,
       127, 253, 125, 191, 172, 155, 5, 250, 189, 156, 89, 112, 246, 59,
       189, 251, 223, 38, 254, 187, 253, 255, 255, 63, 253, 253, 187,
       255, 253, 253, 251, 255, 251, 246, 255, 255, 247, 126, 251, 247,
       126, 247, 127, 253, 255, 247, 251, 127, 247, 255, 255, 223, 254,
       191, 126, 255, 253, 250, 255, 123, 223, 239, 255, 255, 55, 255,
       111, 255, 255, 159, 207, 252, 189, 190, 93, 63, 247, 255, 255,
       251, 255, 175, 255, 59, 176, 125, 167, 63, 181, 189, 120, 246,
       255, 214, 245, 253, 127, 177, 84, 254, 246, 67, 243, 245, 118,
       195, 255, 221, 190, 228, 191, 122, 221, 245, 239, 223, 44, 87,
       190, 91, 120, 233, 124, 120, 92, 120, 47, 212, 53, 247, 111, 153,
       172, 24, 5, 240, 29, 156, 73, 16, 242, 51, 189, 88, 87, 32, 250,
       63, 182, 253, 254, 63, 189, 253, 121, 247, 252, 213, 241, 253,
       127, 189, 87, 254, 222, 99, 123, 245, 102, 195, 127, 205, 190,
       229, 251, 126, 95, 245, 239, 215, 44, 85, 190, 95, 120, 233, 117,
       120, 93, 123, 47, 212, 21, 247, 111, 153, 172, 24, 5, 240, 29,
       156, 73, 16, 242, 51, 189, 88, 87, 32, 250 ]
