%YAML:1.0
descriptors: !!opencv-matrix
   rows: 9
   cols: 64
   dt: u
   data: [ 124, 59, 255, 253, 54, 119, 249, 255, 253, 252, 222, 181, 127,
       254, 187, 238, 251, 212, 107, 107, 245, 245, 198, 55, 93, 235,
       164, 157, 123, 221, 126, 235, 247, 36, 85, 186, 86, 122, 249, 124,
       248, 93, 56, 46, 213, 135, 193, 110, 153, 172, 30, 5, 240, 29,
       157, 73, 16, 242, 59, 189, 89, 86, 34, 250, 63, 50, 109, 162, 63,
       255, 167, 120, 252, 254, 254, 119, 253, 63, 187, 101, 243, 245,
       67, 96, 241, 3, 195, 116, 77, 252, 189, 175, 90, 30, 115, 235,
       213, 44, 85, 186, 82, 120, 169, 116, 120, 92, 56, 47, 213, 21,
       246, 109, 153, 172, 24, 5, 240, 29, 156, 73, 16, 242, 51, 188, 88,
       87, 32, 250, 253, 190, 255, 253, 127, 255, 255, 254, 253, 255,
       250, 255, 239, 125, 251, 237, 251, 253, 251, 123, 245, 127, 223,
       255, 247, 111, 242, 246, 125, 87, 255, 255, 127, 233, 255, 117,
       255, 255, 249, 125, 125, 92, 251, 190, 255, 227, 223, 123, 190,
       255, 28, 207, 246, 189, 223, 93, 254, 247, 255, 223, 255, 255,
       173, 182, 254, 252, 255, 255, 255, 255, 223, 249, 255, 253, 253,
       251, 255, 122, 254, 252, 251, 247, 126, 123, 255, 127, 183, 126,
       255, 255, 255, 255, 255, 255, 255, 255, 247, 237, 190, 223, 222,
       253, 251, 255, 123, 223, 239, 127, 253, 63, 253, 63, 175, 191,
       159, 207, 248, 191, 159, 127, 120, 246, 249, 255, 255, 223, 190,
       191, 255, 254, 255, 255, 255, 191, 255, 248, 255, 255, 212, 251,
       255, 251, 246, 93, 242, 247, 127, 127, 255, 127, 219, 125, 239,
       254, 255, 191, 254, 123, 255, 239, 215, 239, 94, 127, 255, 253,
       253, 119, 253, 95, 235, 127, 217, 29, 253, 179, 253, 253, 24, 229,
       245, 253, 159, 235, 80, 254, 247, 191, 218, 95, 178, 255, 70, 165,
       211, 146, 89, 130, 195, 79, 134, 225, 0, 113, 163, 202, 160, 93,
       234, 213, 33, 99, 199, 45, 202, 99, 78, 218, 178, 47, 82, 8, 49,
       111, 215, 38, 85, 186, 82, 120, 105, 116, 112, 92, 56, 11, 209,
       20, 241, 111, 153, 172, 24, 5, 240, 29, 156, 73, 16, 242, 51, 189,
       88, 87, 32, 251, 243, 212, 80, 34, 221, 130, 7, 8, 98, 1, 0, 122,
       166, 75, 132, 21, 98, 215, 5, 84, 201, 7, 139, 100, 70, 152, 121,
       47, 146, 8, 65, 45, 148, 37, 20, 154, 66, 48, 5, 214, 65, 194, 24,
       11, 201, 24, 252, 133, 129, 36, 16, 4, 96, 18, 140, 105, 16, 176,
       49, 156, 88, 87, 48, 249, 191, 252, 255, 239, 191, 125, 253, 251,
       255, 223, 252, 251, 127, 255, 254, 253, 251, 246, 63, 107, 117,
       222, 189, 126, 239, 255, 115, 59, 255, 91, 126, 255, 244, 231,
       252, 255, 246, 119, 249, 245, 223, 223, 255, 127, 218, 151, 252,
       245, 205, 189, 94, 133, 248, 183, 143, 109, 152, 244, 105, 191,
       223, 95, 38, 191, 252, 234, 255, 237, 58, 125, 249, 253, 221, 253,
       254, 255, 95, 190, 251, 238, 251, 220, 251, 107, 253, 209, 238,
       188, 253, 253, 189, 179, 109, 223, 127, 255, 237, 65, 103, 254,
       215, 251, 249, 124, 250, 93, 243, 54, 255, 167, 123, 121, 191,
       173, 239, 191, 218, 31, 157, 92, 244, 252, 107, 237, 255, 159, 42,
       254 ]
