%YAML:1.0
descriptors: !!opencv-matrix
   rows: 1
   cols: 64
   dt: u
   data: [ 63, 179, 253, 246, 63, 181, 253, 126, 247, 252, 214, 245, 125,
       126, 177, 87, 250, 254, 67, 99, 245, 122, 193, 119, 205, 170, 228,
       219, 122, 93, 245, 235, 215, 44, 85, 190, 87, 120, 249, 117, 120,
       93, 58, 47, 212, 53, 247, 111, 153, 172, 24, 5, 240, 29, 156, 73,
       16, 242, 51, 189, 90, 87, 32, 250 ]
