%YAML:1.0
descriptors: !!opencv-matrix
   rows: 4
   cols: 64
   dt: u
   data: [ 39, 54, 101, 162, 29, 164, 5, 88, 228, 126, 130, 113, 173, 43,
       128, 85, 226, 212, 3, 96, 193, 34, 129, 116, 76, 152, 160, 11, 82,
       8, 49, 105, 213, 36, 84, 186, 82, 120, 169, 116, 80, 92, 24, 15,
       208, 16, 244, 79, 153, 172, 24, 5, 240, 29, 156, 73, 16, 242, 51,
       188, 88, 87, 32, 248, 60, 33, 241, 144, 16, 5, 41, 111, 198, 198,
       211, 52, 81, 194, 145, 86, 234, 212, 3, 102, 67, 32, 192, 19, 12,
       136, 160, 9, 82, 12, 48, 41, 66, 36, 85, 186, 82, 120, 65, 84,
       176, 64, 16, 14, 192, 20, 193, 78, 153, 172, 24, 5, 112, 29, 156,
       73, 16, 242, 51, 189, 88, 86, 32, 250, 45, 174, 109, 137, 218,
       253, 167, 125, 253, 117, 222, 126, 253, 62, 255, 228, 251, 245,
       91, 96, 245, 83, 154, 252, 125, 253, 29, 191, 255, 223, 95, 239,
       221, 229, 95, 218, 66, 243, 237, 62, 61, 213, 76, 55, 85, 190,
       252, 33, 157, 188, 141, 44, 242, 157, 143, 89, 56, 228, 168, 172,
       218, 207, 44, 254, 124, 174, 239, 233, 254, 255, 247, 125, 253,
       253, 222, 253, 223, 62, 255, 236, 251, 253, 251, 107, 245, 87,
       222, 253, 127, 127, 29, 183, 125, 215, 127, 239, 207, 105, 71,
       190, 215, 251, 253, 124, 121, 93, 127, 39, 213, 181, 247, 227,
       191, 172, 143, 141, 243, 29, 158, 93, 118, 246, 127, 253, 219,
       223, 44, 254 ]
