%YAML:1.0
descriptors: !!opencv-matrix
   rows: 10
   cols: 64
   dt: u
   data: [ 255, 254, 127, 239, 255, 253, 223, 216, 255, 127, 253, 251,
       255, 123, 254, 253, 243, 245, 63, 107, 253, 223, 183, 124, 239,
       255, 255, 63, 255, 95, 127, 127, 243, 101, 28, 223, 82, 119, 249,
       247, 211, 222, 120, 63, 217, 158, 252, 29, 141, 173, 86, 5, 232,
       191, 159, 73, 144, 246, 57, 156, 92, 95, 34, 185, 246, 50, 243,
       145, 221, 198, 143, 204, 230, 239, 136, 127, 239, 239, 178, 127,
       235, 213, 47, 103, 73, 135, 238, 61, 78, 223, 189, 47, 210, 14,
       50, 63, 215, 37, 85, 187, 82, 116, 109, 246, 80, 72, 56, 46, 221,
       28, 253, 181, 153, 172, 24, 5, 240, 30, 156, 73, 16, 240, 49, 189,
       92, 87, 32, 250, 236, 43, 231, 247, 250, 71, 175, 235, 204, 255,
       234, 123, 243, 238, 242, 108, 235, 213, 47, 103, 77, 143, 167,
       125, 78, 223, 191, 47, 210, 14, 50, 63, 115, 39, 93, 187, 82, 116,
       237, 244, 112, 76, 56, 63, 205, 28, 253, 245, 153, 172, 24, 5,
       240, 31, 156, 73, 144, 240, 49, 189, 92, 87, 32, 186, 60, 177,
       253, 190, 55, 127, 121, 127, 247, 244, 221, 181, 125, 126, 188,
       118, 255, 222, 99, 115, 245, 119, 193, 247, 221, 239, 228, 221,
       122, 222, 247, 233, 223, 44, 87, 190, 223, 120, 233, 125, 120,
       221, 61, 47, 212, 53, 247, 111, 153, 172, 153, 13, 240, 29, 156,
       73, 48, 242, 51, 189, 123, 87, 32, 250, 62, 241, 125, 254, 55,
       189, 253, 121, 247, 254, 221, 251, 253, 126, 180, 95, 255, 254,
       99, 251, 245, 118, 211, 119, 221, 255, 245, 251, 122, 255, 245,
       235, 223, 44, 87, 190, 219, 120, 249, 125, 120, 95, 127, 47, 245,
       53, 247, 111, 153, 174, 24, 7, 240, 29, 156, 89, 16, 243, 51, 189,
       123, 215, 40, 250, 69, 34, 65, 160, 89, 34, 33, 78, 128, 110, 194,
       52, 65, 139, 131, 67, 194, 92, 1, 96, 73, 128, 140, 56, 78, 136,
       136, 1, 210, 8, 49, 73, 113, 36, 84, 186, 16, 112, 5, 212, 0, 64,
       24, 14, 64, 20, 64, 192, 25, 44, 88, 4, 65, 28, 132, 9, 144, 224,
       35, 188, 76, 70, 32, 240, 58, 253, 125, 254, 54, 125, 125, 127,
       247, 222, 253, 249, 125, 60, 252, 254, 247, 246, 71, 105, 116,
       114, 241, 182, 253, 175, 229, 217, 127, 223, 253, 233, 192, 108,
       215, 254, 222, 122, 217, 253, 250, 223, 119, 47, 212, 183, 244,
       110, 159, 173, 159, 13, 250, 29, 159, 93, 56, 242, 123, 188, 123,
       222, 46, 251, 187, 221, 125, 252, 55, 125, 221, 127, 255, 214,
       255, 252, 125, 60, 124, 255, 247, 212, 71, 123, 244, 114, 244, 54,
       237, 175, 229, 27, 119, 91, 127, 249, 244, 44, 85, 254, 210, 123,
       233, 245, 250, 223, 125, 47, 212, 55, 245, 110, 153, 173, 30, 5,
       248, 29, 159, 73, 16, 242, 59, 188, 89, 94, 34, 251, 187, 255,
       255, 255, 255, 253, 223, 216, 255, 255, 255, 251, 255, 121, 254,
       253, 251, 245, 127, 123, 244, 127, 243, 126, 237, 255, 247, 191,
       255, 127, 119, 255, 215, 108, 222, 254, 218, 121, 249, 253, 126,
       223, 127, 63, 213, 87, 245, 127, 157, 191, 24, 13, 250, 189, 159,
       93, 56, 246, 115, 191, 251, 223, 44, 250, 252, 254, 255, 237, 254,
       255, 243, 245, 253, 253, 254, 255, 223, 125, 251, 236, 251, 253,
       251, 43, 253, 95, 254, 253, 255, 127, 31, 183, 237, 223, 127, 255,
       255, 107, 111, 253, 254, 255, 253, 61, 255, 125, 251, 182, 253,
       167, 127, 243, 191, 253, 239, 255, 219, 255, 159, 92, 118, 252,
       255, 239, 251, 223, 111, 254 ]
