%YAML:1.0
descriptors: !!opencv-matrix
   rows: 7
   cols: 64
   dt: u
   data: [ 185, 254, 255, 255, 254, 255, 249, 251, 253, 253, 222, 255,
       255, 253, 254, 252, 255, 255, 255, 43, 244, 127, 219, 255, 251,
       126, 119, 246, 125, 215, 255, 255, 223, 235, 123, 116, 255, 255,
       248, 127, 255, 93, 235, 183, 253, 183, 255, 235, 189, 255, 141,
       223, 246, 189, 159, 93, 127, 254, 247, 175, 243, 255, 143, 222,
       196, 2, 1, 161, 217, 128, 162, 200, 8, 105, 2, 7, 128, 67, 195,
       33, 66, 69, 141, 0, 202, 169, 142, 72, 14, 136, 10, 3, 150, 9, 3,
       95, 49, 135, 92, 27, 32, 242, 7, 134, 129, 96, 8, 80, 72, 142, 72,
       145, 64, 53, 84, 52, 5, 226, 133, 170, 128, 8, 32, 12, 76, 6, 49,
       181, 12, 33, 225, 144, 16, 37, 45, 127, 132, 134, 195, 52, 81, 6,
       145, 66, 226, 92, 67, 96, 193, 32, 192, 147, 12, 136, 164, 9, 80,
       140, 48, 200, 86, 36, 85, 186, 16, 120, 1, 84, 48, 64, 16, 14, 68,
       20, 193, 78, 153, 172, 24, 5, 240, 28, 156, 73, 16, 242, 51, 185,
       72, 86, 32, 242, 243, 223, 218, 219, 247, 218, 223, 138, 111, 247,
       41, 234, 174, 191, 110, 191, 223, 247, 60, 191, 14, 215, 115, 109,
       227, 215, 251, 127, 55, 59, 198, 51, 147, 221, 223, 71, 226, 221,
       254, 99, 100, 92, 105, 253, 191, 88, 245, 189, 214, 219, 52, 183,
       253, 229, 254, 255, 81, 255, 240, 63, 245, 241, 221, 58, 59, 254,
       221, 206, 63, 221, 213, 57, 255, 245, 31, 250, 189, 126, 126, 221,
       255, 247, 96, 187, 244, 118, 211, 246, 249, 247, 245, 123, 127,
       219, 223, 107, 223, 108, 215, 182, 219, 89, 249, 127, 116, 221,
       109, 63, 213, 180, 245, 111, 159, 172, 153, 13, 246, 13, 159, 93,
       48, 242, 59, 189, 219, 223, 44, 218, 108, 238, 247, 233, 200, 239,
       167, 241, 233, 84, 206, 15, 221, 117, 255, 172, 235, 105, 251,
       102, 252, 109, 26, 240, 91, 125, 29, 164, 237, 198, 59, 151, 223,
       99, 99, 57, 17, 242, 253, 44, 61, 53, 120, 183, 77, 251, 127, 225,
       173, 5, 205, 56, 211, 127, 138, 13, 126, 204, 75, 165, 194, 79,
       37, 250, 191, 244, 125, 174, 255, 189, 223, 121, 254, 93, 253,
       251, 255, 123, 244, 93, 242, 247, 87, 113, 241, 98, 177, 116, 252,
       254, 229, 255, 255, 127, 245, 239, 215, 108, 28, 190, 218, 121,
       185, 253, 91, 223, 91, 143, 208, 53, 244, 79, 153, 167, 24, 15,
       248, 29, 159, 73, 56, 246, 115, 189, 250, 95, 42, 249 ]
