%YAML:1.0
descriptors: !!opencv-matrix
   rows: 18
   cols: 64
   dt: u
   data: [ 187, 254, 254, 239, 255, 253, 255, 157, 253, 255, 252, 251,
       191, 63, 255, 253, 251, 247, 255, 187, 253, 87, 255, 125, 247,
       255, 251, 183, 255, 251, 255, 255, 207, 233, 159, 117, 255, 253,
       249, 127, 127, 223, 239, 253, 215, 241, 255, 113, 255, 255, 158,
       143, 238, 165, 254, 253, 254, 247, 255, 223, 255, 223, 190, 182,
       186, 221, 255, 223, 175, 253, 217, 59, 255, 253, 95, 223, 191,
       253, 126, 252, 189, 255, 250, 187, 246, 127, 219, 255, 251, 127,
       247, 246, 125, 243, 255, 239, 223, 251, 107, 116, 255, 223, 250,
       63, 255, 189, 239, 255, 255, 55, 255, 123, 253, 218, 139, 255,
       254, 165, 155, 253, 127, 215, 254, 239, 243, 253, 143, 222, 68,
       35, 193, 144, 216, 134, 3, 79, 0, 98, 2, 20, 65, 199, 155, 66,
       138, 69, 1, 102, 138, 161, 202, 35, 78, 192, 10, 5, 146, 8, 17,
       75, 83, 39, 85, 155, 0, 114, 71, 22, 0, 96, 8, 14, 69, 28, 65,
       131, 17, 44, 16, 4, 17, 25, 132, 10, 16, 104, 33, 189, 72, 86, 32,
       240, 63, 244, 125, 174, 62, 253, 189, 121, 255, 254, 252, 253,
       125, 63, 253, 253, 255, 254, 103, 99, 245, 114, 245, 246, 237,
       191, 229, 251, 127, 95, 247, 251, 247, 44, 87, 190, 91, 120, 233,
       244, 122, 93, 56, 47, 212, 55, 246, 111, 153, 172, 24, 5, 240, 29,
       156, 73, 16, 242, 51, 189, 88, 87, 32, 250, 12, 35, 101, 180, 16,
       165, 37, 117, 32, 196, 195, 20, 81, 37, 145, 66, 234, 220, 3, 96,
       192, 32, 192, 242, 76, 136, 164, 137, 80, 4, 49, 233, 215, 36, 85,
       186, 82, 120, 193, 116, 112, 92, 24, 46, 212, 20, 229, 110, 153,
       172, 24, 5, 240, 29, 156, 73, 16, 242, 51, 189, 88, 87, 32, 250,
       13, 2, 101, 160, 16, 181, 37, 124, 164, 94, 194, 21, 73, 61, 145,
       71, 226, 252, 3, 96, 224, 32, 192, 114, 76, 168, 164, 137, 80, 4,
       49, 233, 215, 36, 85, 186, 82, 120, 129, 116, 112, 84, 56, 47,
       212, 16, 229, 111, 153, 172, 24, 5, 240, 29, 156, 73, 16, 242, 51,
       189, 88, 87, 32, 250, 45, 34, 109, 160, 55, 181, 53, 124, 180, 94,
       214, 49, 93, 59, 177, 71, 226, 212, 67, 96, 225, 34, 192, 114, 76,
       168, 164, 9, 82, 12, 49, 233, 215, 36, 85, 186, 82, 120, 161, 116,
       112, 92, 56, 47, 212, 20, 245, 111, 153, 172, 24, 5, 240, 29, 156,
       73, 16, 242, 51, 189, 88, 87, 32, 250, 45, 35, 101, 160, 19, 181,
       37, 124, 164, 92, 210, 49, 121, 59, 177, 68, 234, 212, 3, 96, 225,
       34, 192, 118, 76, 168, 160, 9, 82, 12, 49, 105, 215, 36, 85, 186,
       82, 120, 137, 124, 112, 92, 56, 47, 212, 20, 245, 79, 153, 172,
       24, 5, 240, 29, 156, 73, 16, 242, 51, 189, 88, 87, 32, 250, 60,
       48, 125, 180, 62, 165, 61, 122, 244, 126, 212, 113, 125, 111, 176,
       68, 242, 220, 67, 98, 241, 34, 193, 247, 204, 170, 228, 139, 90,
       156, 113, 235, 223, 44, 85, 190, 91, 120, 233, 116, 120, 92, 56,
       47, 212, 53, 247, 111, 153, 172, 24, 5, 240, 29, 156, 73, 16, 242,
       51, 189, 88, 87, 32, 250, 205, 168, 239, 121, 122, 251, 246, 246,
       153, 189, 206, 191, 210, 180, 191, 234, 139, 93, 251, 107, 253,
       157, 238, 155, 79, 127, 157, 166, 73, 71, 55, 238, 223, 3, 117,
       249, 119, 253, 237, 116, 120, 61, 126, 39, 223, 53, 119, 227, 189,
       236, 59, 181, 209, 125, 156, 72, 86, 238, 191, 253, 219, 87, 33,
       254, 62, 49, 117, 166, 54, 37, 61, 126, 228, 68, 209, 52, 125, 47,
       177, 85, 242, 212, 67, 96, 225, 34, 193, 119, 76, 136, 164, 9, 82,
       12, 113, 233, 215, 36, 87, 186, 82, 120, 137, 116, 120, 92, 24,
       47, 212, 20, 229, 111, 153, 172, 24, 5, 240, 29, 156, 73, 16, 242,
       51, 189, 88, 87, 32, 250, 63, 49, 125, 178, 22, 53, 61, 122, 246,
       78, 211, 48, 125, 46, 177, 87, 242, 212, 67, 96, 225, 34, 193,
       119, 204, 168, 164, 137, 82, 28, 113, 233, 215, 36, 85, 190, 82,
       120, 129, 116, 120, 92, 56, 47, 212, 20, 229, 79, 153, 172, 24, 5,
       240, 29, 156, 73, 16, 242, 51, 189, 88, 87, 32, 250, 61, 51, 117,
       166, 55, 181, 45, 124, 230, 94, 211, 49, 125, 63, 177, 85, 250,
       244, 3, 96, 225, 34, 193, 118, 204, 168, 224, 9, 82, 12, 113, 233,
       215, 36, 85, 190, 82, 120, 137, 124, 112, 92, 56, 47, 212, 20,
       245, 79, 153, 172, 24, 5, 240, 29, 156, 73, 16, 242, 51, 189, 88,
       87, 32, 250, 62, 51, 117, 178, 55, 53, 45, 123, 230, 94, 208, 52,
       125, 127, 176, 86, 242, 212, 67, 96, 225, 34, 193, 119, 76, 136,
       164, 9, 82, 156, 113, 233, 215, 36, 87, 186, 82, 120, 129, 116,
       112, 92, 24, 15, 212, 20, 229, 79, 153, 172, 24, 5, 240, 29, 156,
       73, 16, 242, 51, 189, 88, 87, 32, 250, 62, 50, 117, 162, 23, 181,
       45, 121, 230, 94, 210, 53, 109, 47, 177, 87, 242, 212, 3, 96, 225,
       34, 193, 118, 204, 136, 228, 9, 82, 28, 241, 233, 215, 36, 85,
       190, 82, 120, 137, 116, 112, 92, 24, 46, 212, 20, 229, 111, 153,
       172, 24, 5, 240, 29, 156, 73, 16, 242, 51, 189, 88, 87, 32, 250,
       63, 55, 117, 178, 55, 181, 45, 92, 230, 94, 211, 48, 125, 46, 177,
       87, 242, 244, 3, 96, 225, 34, 193, 118, 204, 168, 228, 9, 82, 28,
       241, 233, 215, 36, 85, 190, 82, 120, 129, 124, 112, 92, 56, 47,
       212, 20, 229, 111, 153, 172, 24, 5, 240, 29, 156, 73, 16, 242, 51,
       189, 88, 87, 32, 250, 62, 49, 125, 182, 55, 165, 29, 125, 230,
       102, 215, 52, 125, 47, 177, 87, 242, 212, 67, 96, 241, 34, 193,
       118, 76, 136, 228, 9, 82, 28, 113, 233, 215, 36, 85, 190, 82, 120,
       129, 116, 112, 92, 24, 46, 212, 20, 229, 111, 153, 172, 24, 5,
       240, 29, 156, 73, 16, 242, 51, 189, 88, 87, 32, 250, 63, 53, 125,
       178, 23, 181, 9, 92, 230, 78, 209, 52, 125, 46, 177, 87, 250, 244,
       3, 96, 225, 34, 209, 119, 204, 168, 228, 9, 82, 28, 113, 105, 215,
       36, 85, 190, 82, 120, 129, 124, 112, 92, 24, 47, 212, 20, 229,
       111, 153, 172, 24, 5, 240, 29, 156, 73, 16, 242, 51, 189, 88, 87,
       32, 250 ]
