%YAML:1.0
descriptors: !!opencv-matrix
   rows: 7
   cols: 64
   dt: u
   data: [ 62, 177, 253, 254, 55, 247, 253, 127, 247, 254, 213, 245, 253,
       126, 191, 94, 255, 255, 99, 243, 245, 55, 211, 247, 221, 255, 244,
       255, 90, 220, 247, 235, 223, 44, 87, 190, 219, 120, 233, 124, 120,
       93, 61, 47, 213, 53, 247, 111, 153, 172, 24, 5, 240, 29, 156, 73,
       16, 242, 51, 189, 88, 87, 32, 250, 236, 234, 239, 253, 250, 255,
       251, 253, 253, 255, 254, 191, 223, 253, 251, 238, 251, 253, 123,
       111, 124, 223, 254, 188, 95, 239, 191, 183, 253, 223, 62, 191,
       243, 39, 119, 251, 214, 127, 253, 124, 254, 92, 120, 62, 223, 174,
       201, 177, 157, 173, 94, 181, 209, 255, 157, 93, 208, 252, 121,
       189, 223, 86, 34, 246, 191, 221, 238, 252, 55, 125, 221, 127, 191,
       223, 253, 220, 31, 124, 124, 253, 249, 244, 119, 123, 246, 118,
       244, 119, 61, 191, 183, 59, 127, 91, 126, 251, 215, 108, 158, 254,
       210, 123, 249, 253, 218, 223, 255, 63, 208, 54, 245, 110, 159,
       189, 158, 13, 250, 29, 159, 93, 56, 246, 123, 191, 123, 159, 46,
       251, 56, 138, 238, 207, 42, 221, 176, 165, 61, 252, 94, 157, 29,
       63, 123, 238, 251, 152, 193, 107, 212, 113, 207, 242, 89, 41, 160,
       50, 109, 211, 63, 255, 245, 100, 85, 176, 87, 122, 249, 124, 246,
       93, 120, 46, 212, 150, 243, 111, 153, 172, 29, 5, 240, 29, 157,
       77, 16, 242, 59, 189, 90, 87, 34, 251, 60, 191, 255, 254, 63, 253,
       253, 127, 255, 253, 223, 249, 255, 126, 252, 222, 255, 254, 227,
       123, 245, 127, 211, 255, 253, 255, 247, 255, 127, 255, 245, 239,
       223, 124, 119, 190, 255, 120, 249, 125, 124, 93, 255, 47, 245, 53,
       247, 111, 185, 174, 152, 79, 242, 29, 156, 93, 54, 243, 119, 191,
       251, 223, 169, 254, 62, 191, 255, 254, 63, 253, 253, 127, 255,
       254, 223, 253, 255, 126, 253, 222, 255, 254, 99, 251, 245, 127,
       211, 255, 253, 255, 247, 255, 127, 255, 245, 239, 223, 108, 87,
       190, 255, 120, 249, 125, 124, 93, 255, 47, 215, 53, 247, 111, 185,
       174, 152, 15, 242, 29, 156, 93, 54, 243, 119, 191, 251, 223, 168,
       254, 254, 185, 255, 254, 54, 127, 253, 255, 215, 252, 213, 249,
       127, 254, 191, 222, 255, 215, 123, 255, 247, 63, 231, 183, 253,
       235, 246, 255, 91, 253, 246, 235, 223, 44, 117, 190, 222, 120,
       249, 125, 120, 93, 177, 47, 255, 53, 247, 111, 157, 174, 27, 199,
       240, 29, 156, 73, 16, 243, 115, 255, 123, 87, 32, 250 ]
