%YAML:1.0
descriptors: !!opencv-matrix
   rows: 13
   cols: 64
   dt: u
   data: [ 124, 57, 255, 156, 54, 119, 241, 127, 245, 244, 214, 181, 125,
       254, 187, 238, 250, 213, 99, 103, 245, 119, 198, 183, 93, 234,
       164, 29, 122, 220, 124, 235, 247, 36, 85, 186, 82, 122, 193, 124,
       240, 93, 60, 46, 213, 54, 193, 111, 153, 172, 24, 5, 240, 29, 157,
       73, 24, 242, 59, 189, 89, 86, 34, 250, 39, 38, 65, 162, 221, 160,
       3, 72, 228, 100, 130, 55, 161, 75, 128, 85, 226, 213, 1, 96, 193,
       2, 138, 116, 78, 152, 56, 15, 210, 8, 49, 73, 85, 36, 85, 186, 82,
       112, 13, 84, 64, 64, 24, 14, 65, 4, 224, 69, 152, 44, 24, 4, 240,
       28, 140, 73, 16, 242, 51, 188, 88, 87, 32, 248, 253, 254, 255,
       253, 63, 127, 253, 254, 253, 255, 254, 185, 111, 253, 255, 239,
       251, 253, 251, 123, 253, 255, 254, 191, 237, 111, 247, 247, 125,
       87, 255, 239, 255, 104, 247, 255, 255, 255, 249, 117, 254, 95,
       251, 63, 247, 167, 247, 123, 191, 255, 30, 199, 240, 189, 159, 93,
       254, 246, 255, 255, 255, 215, 174, 246, 63, 186, 253, 190, 62,
       253, 189, 126, 247, 252, 222, 241, 253, 127, 185, 86, 255, 254,
       99, 243, 245, 118, 195, 247, 205, 255, 245, 255, 122, 221, 245,
       235, 215, 44, 87, 190, 95, 120, 233, 124, 120, 93, 58, 47, 213,
       53, 247, 111, 153, 172, 24, 5, 240, 29, 156, 73, 16, 242, 51, 189,
       90, 87, 32, 250, 61, 254, 255, 253, 191, 253, 253, 121, 253, 255,
       220, 251, 255, 127, 254, 221, 251, 253, 251, 123, 245, 127, 219,
       255, 255, 255, 247, 247, 127, 87, 247, 239, 223, 234, 223, 52,
       255, 249, 249, 127, 125, 125, 235, 239, 245, 177, 255, 123, 187,
       254, 153, 79, 244, 157, 158, 93, 62, 246, 247, 191, 251, 255, 173,
       254, 251, 253, 255, 255, 255, 255, 223, 185, 255, 253, 253, 251,
       255, 123, 246, 252, 247, 247, 126, 127, 255, 127, 179, 126, 255,
       255, 247, 127, 255, 251, 255, 191, 255, 237, 190, 255, 222, 125,
       251, 255, 123, 223, 255, 127, 221, 63, 253, 63, 175, 191, 159,
       143, 248, 191, 159, 127, 120, 246, 251, 255, 255, 223, 190, 189,
       252, 185, 255, 253, 114, 127, 127, 255, 221, 255, 213, 184, 95,
       242, 191, 206, 155, 221, 251, 111, 191, 221, 230, 179, 223, 235,
       190, 255, 105, 253, 118, 235, 207, 19, 181, 235, 214, 125, 255,
       125, 120, 255, 245, 127, 255, 61, 119, 238, 223, 174, 191, 223,
       241, 125, 188, 222, 213, 255, 123, 255, 123, 245, 217, 255, 123,
       254, 255, 239, 255, 189, 255, 25, 253, 255, 220, 255, 255, 126,
       255, 93, 246, 255, 251, 251, 253, 127, 219, 125, 245, 234, 250,
       247, 126, 117, 253, 239, 223, 233, 223, 53, 255, 255, 252, 127,
       255, 95, 239, 109, 247, 247, 255, 115, 190, 222, 24, 111, 246,
       229, 255, 253, 126, 255, 255, 191, 251, 223, 254, 247, 252, 250,
       255, 253, 186, 253, 249, 253, 253, 253, 254, 191, 223, 190, 251,
       238, 187, 220, 251, 107, 189, 217, 254, 188, 253, 239, 191, 179,
       237, 215, 127, 255, 253, 209, 103, 255, 215, 255, 253, 127, 251,
       93, 243, 54, 255, 175, 91, 177, 191, 237, 255, 255, 223, 255, 151,
       124, 244, 252, 233, 237, 255, 142, 43, 246, 7, 38, 65, 34, 153, 0,
       35, 72, 128, 2, 128, 50, 33, 11, 128, 65, 98, 84, 1, 64, 73, 128,
       136, 32, 76, 136, 40, 9, 146, 8, 33, 9, 80, 36, 84, 186, 0, 112,
       1, 212, 0, 64, 24, 10, 64, 20, 64, 68, 24, 36, 16, 4, 96, 28, 140,
       9, 16, 160, 35, 188, 72, 70, 32, 177, 22, 49, 81, 150, 209, 0, 3,
       73, 194, 64, 3, 54, 33, 66, 128, 80, 98, 212, 1, 100, 75, 160,
       128, 34, 76, 136, 160, 9, 146, 8, 16, 41, 112, 36, 84, 154, 2,
       114, 1, 212, 128, 64, 24, 10, 64, 28, 192, 12, 129, 36, 80, 4, 32,
       26, 132, 73, 16, 112, 49, 188, 88, 6, 32, 248, 191, 253, 239, 255,
       191, 253, 223, 57, 255, 255, 253, 250, 255, 123, 244, 221, 187,
       247, 126, 251, 247, 127, 243, 127, 253, 247, 247, 63, 127, 251,
       247, 235, 207, 108, 222, 254, 218, 121, 251, 125, 126, 223, 255,
       253, 247, 117, 245, 127, 191, 191, 152, 79, 250, 189, 222, 93, 56,
       247, 115, 191, 251, 255, 174, 251, 188, 252, 255, 239, 255, 253,
       247, 253, 255, 253, 252, 255, 255, 126, 255, 252, 255, 255, 255,
       251, 253, 255, 255, 252, 251, 127, 125, 251, 253, 223, 255, 255,
       207, 251, 239, 246, 255, 217, 253, 127, 127, 159, 247, 183, 253,
       247, 255, 245, 191, 255, 239, 255, 254, 239, 218, 253, 126, 221,
       255, 239, 255, 255, 239, 222 ]
