%YAML:1.0
descriptors: !!opencv-matrix
   rows: 10
   cols: 64
   dt: u
   data: [ 71, 6, 65, 130, 217, 130, 3, 72, 32, 96, 2, 52, 160, 75, 129,
       5, 66, 85, 1, 36, 194, 33, 136, 104, 70, 128, 8, 5, 146, 8, 1, 77,
       113, 167, 84, 155, 0, 114, 7, 150, 129, 96, 8, 10, 65, 8, 64, 131,
       0, 36, 16, 4, 1, 24, 132, 11, 16, 96, 34, 188, 72, 6, 48, 176, 12,
       35, 179, 180, 0, 7, 40, 102, 0, 134, 67, 20, 81, 196, 153, 66,
       234, 76, 3, 102, 6, 168, 196, 147, 12, 136, 166, 137, 64, 12, 48,
       8, 114, 6, 85, 186, 0, 122, 65, 84, 176, 96, 16, 14, 102, 4, 193,
       110, 25, 44, 56, 5, 112, 28, 148, 73, 0, 226, 51, 185, 72, 6, 33,
       242, 51, 52, 80, 6, 31, 128, 7, 8, 230, 64, 16, 113, 173, 11, 132,
       85, 226, 214, 1, 112, 193, 34, 129, 102, 76, 152, 224, 9, 18, 8,
       97, 105, 215, 36, 84, 186, 82, 120, 33, 116, 112, 72, 24, 11, 212,
       20, 244, 79, 153, 172, 24, 5, 240, 28, 156, 73, 16, 242, 51, 188,
       88, 87, 32, 250, 42, 204, 238, 253, 47, 253, 253, 53, 61, 253,
       124, 205, 159, 125, 125, 238, 137, 185, 251, 187, 246, 127, 222,
       251, 121, 127, 151, 182, 109, 247, 63, 239, 159, 250, 235, 32,
       255, 217, 250, 59, 121, 189, 239, 103, 183, 181, 119, 107, 191,
       218, 171, 207, 245, 69, 248, 92, 63, 199, 255, 239, 243, 251, 205,
       222, 243, 222, 254, 67, 239, 222, 199, 137, 239, 119, 62, 206,
       175, 253, 110, 189, 255, 247, 60, 183, 222, 199, 187, 125, 247,
       247, 127, 126, 191, 27, 211, 55, 215, 239, 91, 95, 90, 125, 255,
       122, 117, 92, 104, 253, 221, 90, 253, 181, 221, 157, 24, 13, 245,
       231, 142, 235, 113, 252, 240, 61, 212, 213, 24, 250, 114, 158,
       154, 255, 235, 218, 222, 9, 63, 243, 31, 238, 190, 126, 108, 252,
       253, 179, 56, 155, 207, 119, 211, 107, 245, 215, 249, 127, 38,
       251, 199, 103, 135, 188, 67, 6, 251, 89, 234, 123, 96, 29, 97,
       233, 181, 93, 245, 47, 221, 238, 152, 15, 244, 5, 248, 251, 51,
       243, 246, 181, 186, 251, 184, 74, 65, 19, 20, 2, 73, 131, 6, 50,
       38, 4, 14, 1, 44, 127, 33, 1, 239, 211, 9, 228, 192, 35, 129, 119,
       72, 124, 172, 12, 50, 0, 145, 97, 223, 37, 81, 178, 81, 88, 5, 68,
       116, 85, 24, 39, 69, 60, 231, 79, 153, 172, 24, 4, 240, 28, 152,
       201, 16, 246, 51, 181, 88, 87, 36, 250, 242, 17, 215, 247, 255,
       162, 219, 125, 198, 233, 81, 83, 175, 201, 146, 87, 254, 215, 57,
       103, 206, 45, 227, 127, 142, 218, 250, 111, 82, 9, 241, 111, 215,
       39, 20, 191, 82, 120, 229, 119, 80, 72, 185, 14, 201, 28, 201,
       111, 157, 172, 24, 5, 241, 124, 156, 203, 80, 254, 51, 159, 88,
       87, 48, 250, 117, 63, 215, 214, 248, 175, 227, 122, 250, 84, 70,
       87, 199, 247, 216, 192, 234, 199, 249, 102, 214, 45, 136, 243,
       203, 250, 62, 142, 252, 10, 112, 109, 215, 39, 85, 187, 85, 122,
       255, 116, 209, 84, 154, 135, 201, 42, 245, 207, 157, 164, 25, 64,
       241, 125, 159, 203, 80, 254, 51, 191, 88, 23, 53, 250, 90, 16,
       152, 185, 239, 179, 90, 4, 22, 175, 85, 136, 157, 200, 55, 82,
       252, 215, 25, 231, 202, 179, 202, 59, 12, 211, 254, 110, 82, 5,
       241, 107, 215, 37, 149, 191, 82, 121, 229, 114, 112, 74, 48, 45,
       215, 28, 229, 127, 159, 172, 24, 5, 241, 125, 156, 203, 80, 254,
       59, 157, 88, 87, 48, 243 ]
