%YAML:1.0
descriptors: !!opencv-matrix
   rows: 12
   cols: 64
   dt: u
   data: [ 255, 255, 255, 255, 254, 255, 223, 255, 255, 255, 255, 255,
       255, 255, 254, 255, 255, 247, 126, 255, 255, 255, 247, 255, 255,
       255, 247, 255, 255, 255, 255, 255, 215, 255, 255, 255, 254, 127,
       251, 127, 127, 253, 251, 255, 255, 254, 253, 127, 255, 191, 223,
       207, 250, 191, 191, 127, 245, 247, 115, 255, 255, 255, 253, 254,
       61, 253, 254, 253, 63, 255, 255, 123, 255, 253, 253, 251, 255,
       125, 127, 223, 253, 255, 250, 251, 247, 127, 211, 255, 241, 127,
       247, 254, 125, 247, 255, 239, 207, 251, 239, 53, 255, 189, 250,
       127, 125, 253, 247, 239, 255, 241, 255, 127, 190, 218, 169, 203,
       246, 253, 218, 85, 127, 159, 255, 239, 243, 251, 205, 222, 251,
       253, 255, 252, 127, 191, 123, 126, 247, 125, 213, 249, 255, 249,
       182, 94, 250, 213, 123, 127, 254, 111, 226, 119, 111, 234, 238,
       63, 127, 89, 124, 235, 215, 45, 20, 255, 214, 121, 241, 253, 218,
       223, 185, 15, 217, 29, 241, 111, 157, 172, 26, 5, 248, 61, 159,
       77, 80, 246, 123, 159, 88, 23, 34, 251, 254, 249, 255, 252, 119,
       255, 123, 126, 253, 253, 245, 249, 127, 248, 190, 255, 250, 213,
       123, 111, 254, 127, 230, 55, 111, 235, 174, 159, 127, 93, 124,
       235, 247, 45, 20, 255, 214, 127, 241, 245, 218, 223, 251, 63, 217,
       191, 193, 111, 157, 172, 30, 133, 248, 61, 159, 77, 80, 246, 59,
       191, 89, 22, 34, 251, 124, 59, 255, 253, 118, 127, 251, 255, 221,
       252, 222, 149, 95, 252, 251, 238, 242, 221, 251, 111, 244, 255,
       198, 183, 223, 234, 166, 157, 124, 213, 126, 235, 247, 39, 119,
       255, 214, 126, 209, 124, 248, 93, 247, 62, 221, 167, 195, 111,
       159, 173, 159, 141, 242, 29, 159, 93, 80, 246, 123, 255, 91, 30,
       34, 254, 124, 59, 255, 253, 114, 127, 249, 255, 253, 252, 214,
       149, 95, 252, 251, 238, 251, 221, 251, 111, 244, 127, 198, 183,
       223, 106, 166, 150, 124, 213, 126, 251, 255, 39, 119, 191, 215,
       126, 249, 124, 248, 93, 251, 62, 221, 167, 195, 111, 189, 173,
       159, 141, 242, 29, 157, 93, 84, 246, 123, 191, 91, 30, 35, 250,
       254, 249, 255, 223, 127, 223, 219, 173, 255, 255, 31, 254, 191,
       126, 255, 254, 251, 215, 120, 191, 159, 127, 247, 127, 249, 215,
       243, 63, 127, 251, 223, 127, 135, 237, 255, 247, 254, 89, 251,
       127, 112, 93, 231, 125, 183, 28, 245, 127, 223, 190, 155, 207,
       244, 165, 252, 255, 112, 247, 254, 255, 251, 253, 188, 254, 237,
       237, 239, 255, 254, 255, 255, 243, 189, 255, 125, 251, 159, 255,
       254, 239, 139, 253, 255, 111, 255, 255, 254, 255, 123, 127, 151,
       183, 253, 211, 127, 255, 223, 247, 247, 123, 215, 253, 255, 63,
       122, 255, 251, 127, 255, 191, 255, 179, 255, 221, 190, 253, 221,
       255, 158, 254, 113, 254, 251, 255, 255, 255, 157, 254, 63, 189,
       255, 254, 63, 253, 253, 127, 247, 252, 212, 245, 125, 126, 189,
       94, 251, 254, 99, 123, 245, 126, 211, 247, 253, 171, 230, 219,
       122, 221, 245, 235, 223, 44, 85, 190, 223, 120, 249, 125, 120, 93,
       255, 47, 212, 53, 247, 111, 153, 172, 24, 5, 240, 29, 156, 73, 16,
       242, 115, 189, 91, 87, 32, 250, 63, 182, 253, 246, 63, 253, 249,
       124, 247, 252, 215, 245, 253, 127, 185, 117, 251, 254, 99, 115,
       245, 102, 211, 247, 205, 170, 228, 251, 122, 93, 245, 235, 223,
       44, 87, 190, 223, 120, 233, 117, 120, 92, 59, 47, 212, 53, 247,
       111, 153, 172, 24, 5, 240, 29, 156, 73, 16, 242, 51, 189, 90, 87,
       32, 250, 63, 182, 253, 254, 62, 253, 249, 125, 255, 254, 214, 253,
       253, 123, 189, 86, 250, 222, 99, 123, 245, 118, 195, 255, 221,
       187, 229, 251, 122, 223, 245, 239, 215, 44, 85, 190, 223, 120,
       249, 125, 120, 92, 123, 47, 212, 53, 247, 111, 153, 172, 24, 5,
       240, 29, 156, 73, 16, 242, 51, 189, 90, 87, 32, 250, 62, 177, 253,
       254, 63, 189, 253, 123, 247, 254, 213, 245, 253, 126, 180, 86,
       254, 222, 99, 115, 245, 54, 195, 119, 205, 186, 230, 251, 90, 93,
       245, 235, 215, 44, 85, 190, 95, 120, 233, 116, 120, 92, 57, 47,
       212, 21, 247, 111, 153, 172, 24, 5, 240, 29, 156, 73, 16, 242, 51,
       189, 88, 87, 32, 250 ]
