%YAML:1.0
descriptors: !!opencv-matrix
   rows: 5
   cols: 64
   dt: u
   data: [ 67, 2, 65, 146, 25, 2, 7, 78, 162, 98, 3, 16, 1, 131, 130, 3,
       66, 84, 1, 96, 138, 128, 200, 32, 76, 128, 136, 9, 146, 8, 17, 73,
       81, 36, 84, 186, 0, 112, 5, 86, 0, 64, 8, 10, 64, 28, 64, 13, 17,
       36, 16, 4, 32, 24, 132, 9, 16, 96, 33, 188, 72, 86, 32, 248, 51,
       22, 80, 34, 159, 160, 3, 8, 230, 56, 128, 113, 173, 11, 160, 85,
       98, 246, 1, 112, 193, 34, 137, 124, 68, 152, 224, 11, 82, 8, 97,
       111, 85, 164, 20, 186, 114, 112, 33, 116, 68, 64, 26, 11, 192, 16,
       244, 77, 152, 164, 24, 4, 240, 28, 156, 73, 16, 242, 51, 156, 88,
       87, 32, 248, 12, 33, 225, 144, 16, 167, 40, 119, 0, 198, 195, 20,
       81, 4, 153, 66, 138, 92, 67, 98, 193, 32, 192, 147, 12, 136, 164,
       141, 64, 140, 48, 200, 86, 4, 85, 186, 16, 120, 193, 84, 48, 64,
       16, 46, 196, 20, 225, 110, 153, 172, 24, 5, 240, 29, 156, 73, 0,
       242, 51, 185, 72, 86, 32, 242, 231, 221, 238, 223, 119, 94, 223,
       154, 191, 247, 189, 250, 175, 251, 118, 255, 137, 245, 60, 191,
       63, 255, 244, 127, 119, 247, 179, 63, 127, 59, 86, 59, 210, 127,
       254, 219, 218, 125, 254, 255, 118, 254, 169, 253, 191, 90, 245,
       191, 205, 171, 54, 223, 217, 255, 247, 254, 249, 255, 112, 127,
       255, 245, 153, 186, 251, 253, 254, 223, 119, 255, 223, 191, 255,
       247, 189, 250, 191, 255, 63, 223, 255, 247, 122, 191, 191, 127,
       211, 119, 255, 247, 247, 127, 127, 251, 214, 171, 223, 127, 215,
       255, 218, 125, 250, 123, 116, 223, 239, 125, 183, 124, 245, 63,
       255, 190, 153, 207, 242, 253, 252, 255, 121, 255, 122, 255, 251,
       249, 253, 250 ]
