%YAML:1.0
descriptors: !!opencv-matrix
   rows: 31
   cols: 64
   dt: u
   data: [ 255, 60, 247, 183, 223, 103, 191, 250, 252, 236, 255, 55, 237,
       239, 187, 117, 235, 213, 35, 98, 237, 167, 199, 118, 79, 253, 189,
       171, 210, 14, 115, 251, 215, 36, 85, 186, 82, 120, 233, 116, 120,
       92, 56, 47, 213, 21, 245, 109, 153, 172, 24, 5, 240, 29, 156, 73,
       16, 242, 51, 189, 88, 87, 32, 250, 254, 179, 247, 149, 246, 119,
       15, 255, 198, 255, 249, 251, 255, 234, 182, 126, 251, 213, 103,
       103, 89, 167, 227, 118, 78, 223, 181, 43, 211, 30, 114, 169, 215,
       36, 85, 186, 82, 120, 233, 244, 112, 92, 56, 47, 213, 20, 245,
       111, 153, 172, 24, 5, 240, 29, 156, 73, 16, 242, 51, 189, 88, 87,
       32, 250, 252, 255, 255, 189, 255, 117, 189, 251, 222, 255, 248,
       251, 231, 222, 243, 255, 251, 213, 103, 103, 125, 135, 231, 117,
       79, 223, 249, 43, 211, 30, 114, 187, 231, 36, 85, 186, 82, 120,
       233, 116, 114, 92, 56, 47, 213, 20, 245, 109, 153, 172, 24, 5,
       240, 29, 156, 73, 16, 242, 51, 189, 88, 87, 32, 250, 253, 254,
       255, 183, 251, 253, 191, 232, 252, 255, 254, 255, 255, 255, 254,
       254, 235, 213, 39, 103, 109, 135, 227, 116, 79, 223, 189, 43, 211,
       14, 115, 171, 215, 36, 85, 186, 82, 122, 233, 244, 248, 92, 56,
       47, 213, 23, 245, 109, 153, 172, 24, 5, 240, 29, 157, 73, 16, 242,
       51, 189, 88, 87, 32, 250, 254, 189, 247, 191, 55, 103, 189, 223,
       246, 213, 253, 251, 255, 250, 179, 127, 251, 213, 35, 103, 77,
       167, 199, 118, 206, 223, 245, 43, 211, 14, 242, 171, 215, 36, 85,
       190, 82, 120, 233, 116, 112, 92, 56, 47, 213, 20, 245, 111, 153,
       172, 24, 5, 240, 29, 156, 73, 16, 242, 51, 189, 88, 87, 32, 250,
       252, 253, 255, 183, 247, 103, 189, 251, 222, 253, 253, 251, 255,
       222, 179, 127, 251, 213, 103, 103, 125, 135, 231, 119, 79, 223,
       177, 43, 211, 14, 114, 187, 247, 36, 85, 186, 82, 120, 233, 244,
       112, 92, 56, 47, 213, 20, 245, 109, 153, 172, 24, 5, 240, 29, 156,
       73, 16, 242, 51, 189, 88, 87, 32, 250, 252, 48, 255, 183, 219,
       103, 191, 252, 244, 239, 252, 119, 255, 239, 178, 118, 251, 213,
       99, 99, 233, 167, 231, 118, 78, 223, 189, 43, 210, 142, 51, 235,
       215, 36, 87, 186, 82, 120, 233, 116, 120, 92, 56, 47, 213, 20,
       245, 109, 153, 172, 24, 5, 240, 29, 156, 73, 16, 242, 51, 189, 88,
       87, 32, 250, 252, 251, 255, 191, 254, 127, 185, 254, 252, 255,
       255, 255, 255, 255, 254, 254, 251, 213, 103, 103, 109, 135, 167,
       55, 79, 223, 189, 59, 211, 142, 114, 187, 243, 36, 85, 186, 82,
       114, 233, 244, 242, 92, 56, 47, 213, 22, 245, 109, 153, 172, 24,
       5, 240, 29, 157, 73, 16, 242, 51, 189, 88, 86, 34, 250, 254, 53,
       255, 189, 222, 103, 189, 207, 246, 239, 248, 187, 255, 236, 179,
       95, 251, 213, 35, 99, 105, 167, 199, 119, 206, 223, 181, 43, 210,
       14, 114, 251, 215, 36, 85, 190, 82, 120, 233, 116, 112, 92, 56,
       47, 213, 20, 245, 111, 153, 172, 24, 5, 240, 29, 156, 73, 16, 242,
       51, 189, 88, 87, 32, 250, 255, 53, 255, 183, 222, 231, 191, 254,
       244, 239, 254, 115, 255, 238, 178, 118, 251, 213, 103, 103, 121,
       167, 231, 119, 78, 255, 189, 175, 210, 30, 114, 187, 215, 36, 85,
       186, 83, 120, 233, 116, 120, 92, 56, 47, 213, 21, 247, 111, 153,
       172, 24, 5, 240, 29, 156, 73, 16, 242, 51, 189, 88, 87, 32, 250,
       254, 177, 255, 183, 255, 229, 157, 251, 214, 255, 252, 255, 255,
       206, 179, 127, 251, 213, 103, 103, 105, 165, 231, 119, 78, 223,
       177, 43, 210, 30, 114, 187, 247, 36, 85, 186, 82, 120, 233, 116,
       112, 92, 56, 46, 213, 20, 245, 111, 153, 172, 24, 5, 240, 29, 156,
       73, 16, 242, 51, 189, 88, 87, 32, 250, 252, 177, 255, 183, 251,
       103, 191, 254, 212, 253, 253, 255, 247, 238, 178, 124, 251, 213,
       103, 99, 225, 167, 231, 119, 78, 223, 181, 47, 210, 142, 51, 251,
       215, 36, 87, 186, 82, 120, 233, 116, 112, 92, 48, 47, 213, 20,
       245, 111, 153, 172, 24, 5, 240, 29, 156, 73, 16, 242, 51, 189, 88,
       87, 32, 250, 255, 53, 255, 181, 255, 103, 189, 218, 246, 237, 255,
       115, 255, 238, 179, 119, 251, 245, 39, 99, 233, 167, 198, 118, 78,
       255, 181, 43, 210, 14, 115, 251, 215, 36, 85, 186, 82, 120, 233,
       124, 112, 92, 56, 47, 213, 20, 245, 111, 153, 172, 24, 5, 240, 29,
       156, 73, 16, 242, 51, 189, 88, 87, 32, 250, 254, 51, 247, 183,
       255, 119, 173, 251, 230, 253, 249, 119, 255, 255, 179, 119, 251,
       213, 103, 99, 121, 167, 231, 119, 206, 255, 245, 43, 210, 30, 114,
       251, 247, 36, 85, 190, 82, 120, 233, 244, 112, 92, 56, 47, 213,
       20, 245, 111, 153, 172, 24, 5, 240, 29, 156, 73, 16, 242, 51, 189,
       88, 87, 32, 250, 254, 184, 255, 181, 254, 103, 191, 223, 252, 255,
       253, 255, 255, 238, 179, 127, 251, 221, 39, 99, 237, 165, 230,
       119, 78, 223, 181, 175, 211, 14, 51, 251, 247, 36, 87, 186, 82,
       120, 233, 116, 120, 92, 56, 47, 213, 21, 245, 111, 153, 172, 24,
       5, 240, 29, 156, 73, 16, 242, 51, 189, 88, 87, 32, 250, 255, 51,
       255, 181, 55, 119, 189, 218, 246, 255, 250, 115, 255, 250, 179,
       119, 251, 245, 39, 99, 109, 167, 230, 118, 78, 255, 181, 43, 210,
       14, 114, 123, 215, 36, 85, 186, 82, 120, 233, 124, 112, 92, 56,
       47, 213, 20, 245, 111, 153, 172, 24, 5, 240, 29, 156, 73, 16, 242,
       51, 189, 88, 87, 32, 250, 254, 59, 247, 183, 255, 127, 189, 255,
       254, 255, 250, 119, 255, 239, 250, 247, 251, 213, 103, 99, 237,
       167, 231, 119, 79, 223, 181, 43, 210, 30, 115, 251, 247, 36, 85,
       186, 82, 122, 233, 244, 80, 92, 56, 47, 213, 22, 245, 111, 153,
       172, 24, 5, 240, 29, 156, 73, 16, 242, 51, 189, 88, 87, 32, 250,
       253, 51, 247, 183, 63, 247, 191, 254, 230, 253, 251, 115, 255,
       255, 179, 87, 251, 245, 35, 99, 229, 39, 231, 119, 76, 255, 181,
       47, 82, 10, 115, 235, 215, 36, 85, 186, 82, 120, 233, 124, 112,
       92, 56, 47, 213, 16, 245, 111, 153, 172, 24, 5, 240, 29, 156, 73,
       16, 242, 51, 189, 88, 87, 32, 250, 254, 251, 255, 191, 63, 127,
       189, 251, 254, 255, 254, 191, 255, 255, 251, 255, 251, 213, 35,
       99, 237, 167, 199, 119, 79, 223, 181, 43, 211, 30, 115, 251, 215,
       36, 85, 190, 82, 122, 233, 116, 120, 92, 56, 47, 213, 22, 245,
       111, 153, 172, 24, 5, 240, 29, 156, 73, 16, 242, 51, 189, 88, 87,
       32, 250, 127, 51, 245, 180, 127, 103, 31, 122, 246, 124, 255, 51,
       237, 219, 179, 119, 251, 213, 35, 98, 233, 167, 195, 118, 76, 223,
       181, 47, 210, 30, 115, 235, 215, 36, 85, 186, 82, 120, 233, 116,
       112, 92, 56, 47, 213, 20, 245, 111, 153, 172, 24, 5, 240, 29, 156,
       73, 16, 242, 51, 189, 88, 87, 32, 250, 60, 186, 255, 247, 63, 253,
       251, 248, 255, 253, 254, 247, 253, 127, 251, 246, 243, 213, 99,
       107, 245, 119, 199, 118, 221, 254, 245, 187, 126, 223, 119, 251,
       247, 36, 85, 190, 86, 122, 233, 124, 248, 93, 56, 46, 213, 7, 245,
       111, 153, 172, 24, 5, 240, 29, 157, 73, 16, 242, 51, 189, 88, 87,
       32, 250, 189, 244, 255, 191, 63, 119, 191, 254, 244, 255, 252,
       255, 255, 126, 183, 125, 251, 223, 99, 99, 245, 39, 199, 119, 204,
       255, 245, 175, 91, 95, 247, 235, 215, 36, 85, 190, 83, 120, 233,
       116, 120, 92, 56, 47, 213, 21, 247, 111, 153, 172, 24, 5, 240, 29,
       156, 73, 16, 242, 51, 189, 88, 87, 32, 250, 188, 250, 255, 247,
       127, 127, 191, 255, 252, 255, 255, 251, 255, 127, 254, 252, 251,
       221, 103, 99, 245, 103, 231, 118, 207, 255, 245, 187, 251, 95,
       119, 251, 247, 36, 85, 190, 83, 122, 233, 244, 250, 92, 56, 47,
       213, 55, 247, 111, 153, 172, 24, 5, 240, 29, 157, 73, 16, 242, 51,
       189, 88, 87, 32, 250, 187, 253, 126, 255, 255, 253, 223, 152, 255,
       127, 189, 251, 175, 123, 118, 253, 247, 247, 60, 187, 255, 127,
       179, 126, 231, 255, 243, 127, 255, 123, 255, 255, 151, 237, 158,
       215, 255, 125, 250, 247, 95, 223, 235, 253, 217, 91, 253, 63, 237,
