%YAML:1.0
descriptors: !!opencv-matrix
   rows: 8
   cols: 64
   dt: u
   data: [ 250, 253, 254, 223, 247, 159, 223, 187, 255, 247, 189, 250,
       255, 254, 118, 95, 245, 183, 126, 191, 191, 127, 243, 111, 247,
       247, 247, 127, 127, 255, 222, 191, 207, 255, 174, 223, 222, 125,
       254, 255, 123, 223, 231, 253, 191, 124, 253, 63, 247, 255, 147,
       223, 254, 245, 254, 247, 121, 255, 252, 127, 251, 249, 221, 222,
       61, 190, 127, 229, 255, 253, 251, 120, 252, 255, 210, 255, 237,
       90, 249, 69, 250, 253, 255, 123, 253, 119, 218, 253, 173, 250,
       247, 183, 94, 87, 119, 255, 95, 104, 223, 191, 255, 249, 249, 117,
       253, 92, 123, 47, 211, 225, 251, 123, 190, 191, 24, 7, 242, 189,
       158, 85, 22, 182, 247, 191, 251, 223, 44, 255, 187, 221, 238, 254,
       63, 253, 221, 59, 191, 255, 253, 249, 191, 124, 124, 255, 253,
       247, 119, 123, 246, 127, 242, 119, 125, 255, 231, 127, 127, 123,
       119, 235, 215, 108, 214, 190, 210, 121, 249, 245, 114, 223, 127,
       47, 213, 22, 245, 111, 153, 172, 24, 5, 248, 29, 157, 77, 24, 242,
       115, 191, 91, 223, 42, 251, 56, 186, 255, 223, 62, 253, 249, 245,
       253, 255, 94, 221, 221, 125, 249, 238, 251, 212, 99, 107, 244,
       119, 214, 255, 121, 255, 164, 190, 127, 211, 127, 255, 247, 100,
       87, 186, 214, 122, 249, 124, 252, 93, 122, 46, 213, 182, 245, 111,
       153, 172, 24, 5, 242, 29, 156, 77, 16, 242, 51, 189, 91, 95, 34,
       250, 57, 190, 255, 237, 63, 255, 241, 127, 253, 252, 214, 253,
       253, 61, 255, 252, 251, 253, 235, 107, 244, 119, 222, 255, 253,
       255, 244, 191, 127, 211, 127, 239, 223, 108, 87, 190, 215, 122,
       249, 124, 252, 93, 123, 175, 213, 181, 247, 111, 191, 172, 153,
       13, 242, 29, 156, 93, 56, 246, 123, 189, 219, 223, 44, 254, 63,
       182, 253, 255, 63, 253, 253, 121, 255, 255, 221, 249, 253, 127,
       189, 93, 255, 255, 99, 251, 245, 118, 211, 255, 253, 255, 245,
       255, 126, 223, 245, 239, 223, 108, 215, 190, 223, 120, 249, 125,
       124, 93, 123, 47, 213, 53, 247, 111, 185, 172, 152, 13, 240, 29,
       156, 93, 48, 242, 51, 189, 250, 223, 40, 254, 63, 254, 253, 255,
       63, 253, 253, 125, 255, 255, 215, 253, 253, 127, 253, 221, 255,
       254, 99, 251, 245, 126, 211, 255, 253, 255, 247, 255, 127, 255,
       247, 239, 223, 108, 215, 190, 255, 120, 249, 125, 124, 93, 251,
       175, 213, 53, 247, 111, 187, 174, 152, 15, 240, 29, 156, 93, 60,
       242, 247, 191, 251, 223, 44, 254, 127, 180, 253, 191, 255, 183,
       27, 92, 254, 127, 209, 251, 253, 107, 182, 87, 242, 245, 27, 113,
       249, 119, 219, 124, 204, 234, 232, 63, 90, 93, 117, 239, 215, 44,
       84, 191, 82, 121, 161, 118, 114, 94, 120, 15, 209, 20, 245, 95,
       157, 172, 24, 5, 240, 29, 156, 73, 16, 246, 51, 189, 216, 87, 34,
       251 ]
