%YAML:1.0
descriptors: !!opencv-matrix
   rows: 13
   cols: 64
   dt: u
   data: [ 62, 186, 253, 239, 62, 253, 251, 125, 255, 252, 222, 253, 253,
       62, 255, 254, 251, 214, 99, 107, 245, 115, 199, 255, 253, 239,
       244, 191, 127, 223, 255, 239, 215, 44, 87, 190, 223, 122, 233,
       125, 120, 93, 127, 47, 213, 55, 247, 111, 187, 172, 153, 13, 242,
       29, 156, 89, 16, 242, 51, 189, 91, 95, 40, 254, 247, 248, 219,
       175, 221, 226, 191, 204, 238, 225, 237, 250, 175, 235, 198, 253,
       235, 213, 61, 103, 207, 135, 174, 125, 110, 223, 185, 47, 211, 11,
       51, 63, 215, 37, 85, 219, 82, 113, 237, 246, 114, 92, 56, 47, 221,
       28, 253, 53, 153, 172, 24, 5, 240, 31, 156, 73, 16, 242, 49, 189,
       88, 87, 32, 250, 255, 255, 255, 255, 255, 255, 255, 250, 255, 255,
       255, 251, 255, 123, 254, 253, 251, 247, 127, 123, 247, 127, 243,
       119, 255, 255, 247, 255, 127, 95, 247, 251, 223, 108, 87, 190,
       218, 121, 249, 253, 126, 95, 251, 63, 213, 55, 245, 111, 157, 173,
       24, 5, 242, 29, 159, 77, 16, 246, 115, 191, 91, 95, 32, 250, 57,
       190, 253, 238, 63, 253, 253, 127, 255, 252, 222, 245, 253, 126,
       189, 212, 255, 246, 227, 123, 245, 119, 211, 247, 253, 255, 244,
       191, 126, 221, 253, 239, 223, 108, 87, 190, 223, 122, 249, 125,
       124, 93, 127, 47, 213, 53, 247, 111, 185, 172, 152, 13, 242, 29,
       156, 77, 60, 242, 55, 189, 219, 95, 40, 250, 243, 221, 92, 222,
       255, 159, 95, 9, 127, 71, 61, 250, 191, 127, 116, 93, 247, 247,
       60, 183, 206, 127, 179, 102, 229, 215, 243, 63, 127, 59, 215, 41,
       151, 108, 150, 223, 194, 121, 250, 247, 114, 223, 45, 109, 213,
       28, 245, 47, 149, 174, 24, 5, 232, 29, 158, 111, 24, 246, 114,
       191, 88, 95, 58, 251, 218, 217, 206, 223, 39, 223, 220, 183, 31,
       255, 125, 218, 159, 248, 118, 222, 189, 219, 124, 191, 150, 127,
       230, 251, 187, 119, 247, 126, 125, 243, 246, 235, 223, 123, 176,
       101, 255, 125, 250, 249, 114, 255, 231, 125, 191, 60, 247, 111,
       255, 234, 191, 215, 253, 125, 254, 222, 87, 255, 127, 255, 251,
       185, 219, 255, 60, 253, 255, 221, 54, 223, 221, 255, 255, 221,
       255, 253, 127, 254, 255, 254, 249, 247, 250, 187, 183, 127, 118,
       247, 253, 119, 247, 255, 109, 255, 222, 235, 207, 90, 231, 238,
       222, 255, 251, 125, 120, 189, 231, 119, 191, 246, 245, 111, 255,
       254, 175, 223, 242, 125, 123, 87, 126, 223, 254, 239, 251, 249,
       237, 222, 71, 38, 65, 160, 217, 2, 39, 72, 160, 98, 128, 50, 33,
       11, 128, 65, 226, 84, 5, 100, 73, 128, 136, 48, 76, 136, 40, 9,
       146, 8, 33, 73, 112, 36, 84, 186, 0, 112, 5, 212, 0, 64, 24, 10,
       64, 20, 64, 196, 24, 36, 16, 4, 96, 28, 132, 9, 16, 240, 33, 188,
       76, 86, 32, 176, 56, 234, 255, 201, 58, 125, 177, 253, 253, 252,
       254, 221, 125, 60, 251, 236, 243, 212, 203, 106, 244, 16, 206,
       244, 121, 173, 44, 130, 125, 211, 127, 255, 253, 36, 87, 250, 86,
       114, 233, 252, 251, 93, 118, 62, 84, 182, 208, 109, 189, 173, 158,
       5, 242, 29, 157, 89, 20, 242, 43, 188, 91, 95, 34, 249, 120, 250,
       255, 218, 50, 127, 51, 255, 253, 252, 254, 149, 125, 189, 255,
       238, 243, 212, 203, 106, 244, 209, 196, 183, 93, 237, 172, 156,
       123, 202, 127, 251, 249, 36, 85, 186, 86, 122, 249, 124, 254, 95,
       56, 62, 212, 182, 224, 108, 153, 173, 28, 5, 242, 29, 157, 77, 24,
       246, 59, 188, 88, 86, 34, 249, 187, 245, 237, 222, 55, 61, 93, 63,
       247, 215, 253, 248, 127, 251, 54, 126, 242, 244, 118, 123, 54,
       254, 241, 55, 253, 171, 231, 59, 127, 121, 124, 105, 242, 108, 52,
       254, 202, 121, 243, 253, 210, 219, 185, 63, 210, 22, 245, 110,
       153, 175, 30, 13, 120, 29, 151, 77, 56, 242, 123, 223, 121, 214,
       42, 251, 190, 253, 255, 255, 55, 253, 221, 57, 255, 255, 253, 250,
       255, 126, 254, 223, 187, 247, 126, 251, 255, 127, 243, 127, 253,
       247, 247, 63, 127, 251, 255, 235, 207, 108, 207, 254, 254, 121,
       251, 125, 122, 223, 247, 253, 247, 117, 245, 127, 191, 191, 154,
       79, 250, 189, 254, 85, 56, 247, 127, 255, 251, 255, 236, 250, 252,
       238, 255, 237, 250, 255, 243, 245, 253, 253, 222, 255, 223, 124,
       251, 236, 187, 253, 251, 43, 253, 95, 254, 253, 127, 127, 29, 182,
       109, 215, 127, 255, 239, 235, 103, 116, 247, 251, 253, 60, 253,
       61, 255, 54, 253, 167, 127, 227, 191, 253, 239, 255, 223, 255,
       153, 92, 126, 222, 255, 239, 251, 255, 47, 222 ]
