%YAML:1.0
descriptors: !!opencv-matrix
   rows: 10
   cols: 64
   dt: u
   data: [ 60, 184, 255, 254, 62, 125, 249, 127, 223, 252, 214, 245, 125,
       126, 187, 244, 251, 222, 67, 99, 245, 51, 199, 247, 253, 171, 228,
       219, 122, 221, 255, 239, 223, 44, 87, 190, 223, 122, 233, 124,
       248, 93, 119, 46, 212, 55, 247, 111, 187, 172, 153, 13, 242, 29,
       156, 89, 16, 242, 51, 189, 91, 95, 32, 254, 60, 182, 253, 174, 63,
       253, 185, 127, 247, 252, 214, 245, 125, 62, 187, 118, 251, 222,
       67, 115, 245, 50, 195, 247, 221, 168, 228, 219, 122, 220, 245,
       235, 223, 44, 85, 190, 87, 120, 233, 124, 120, 93, 56, 47, 212,
       53, 247, 111, 153, 172, 24, 5, 240, 29, 156, 73, 16, 242, 51, 189,
       90, 87, 32, 250, 63, 181, 125, 254, 62, 189, 253, 121, 247, 254,
       253, 251, 253, 127, 180, 85, 246, 247, 99, 243, 245, 118, 211,
       247, 221, 254, 245, 255, 122, 255, 245, 235, 215, 108, 87, 190,
       218, 120, 249, 125, 124, 93, 59, 47, 213, 53, 247, 111, 153, 172,
       24, 7, 240, 29, 156, 77, 24, 242, 51, 189, 122, 215, 40, 250, 198,
       40, 203, 155, 216, 194, 223, 207, 142, 235, 49, 186, 147, 130,
       147, 90, 107, 213, 48, 35, 139, 133, 238, 41, 15, 195, 186, 47,
       19, 41, 51, 127, 119, 165, 61, 251, 82, 253, 103, 118, 98, 74, 96,
       104, 159, 28, 73, 177, 217, 172, 26, 5, 164, 25, 180, 107, 144,
       114, 48, 61, 92, 84, 50, 183, 252, 255, 255, 253, 62, 127, 249,
       255, 253, 253, 254, 255, 95, 253, 251, 238, 251, 221, 251, 107,
       254, 255, 254, 191, 127, 239, 182, 183, 125, 215, 127, 255, 255,
       99, 127, 255, 215, 255, 253, 127, 255, 125, 251, 62, 223, 167, 91,
       251, 191, 189, 255, 221, 250, 191, 159, 93, 244, 254, 123, 223,
       223, 223, 47, 255, 255, 253, 127, 255, 255, 255, 255, 249, 255,
       255, 253, 251, 255, 126, 246, 253, 247, 247, 127, 127, 253, 255,
       179, 126, 255, 255, 255, 255, 255, 127, 255, 255, 239, 109, 150,
       255, 222, 121, 249, 245, 90, 223, 251, 63, 213, 55, 253, 127, 157,
       175, 30, 13, 248, 189, 159, 77, 80, 246, 123, 191, 255, 95, 42,
       250, 68, 32, 195, 145, 88, 130, 10, 79, 128, 235, 3, 20, 211, 130,
       147, 66, 10, 69, 1, 99, 138, 141, 202, 11, 14, 138, 186, 15, 2, 9,
       49, 78, 87, 167, 117, 187, 16, 254, 101, 86, 128, 96, 0, 10, 203,
       28, 65, 187, 25, 44, 24, 5, 113, 24, 156, 74, 16, 122, 51, 185,
       72, 23, 48, 246, 69, 38, 65, 160, 25, 34, 33, 78, 128, 106, 192,
       53, 1, 139, 131, 67, 194, 92, 1, 96, 201, 128, 140, 56, 78, 136,
       136, 1, 210, 8, 49, 73, 113, 36, 84, 186, 16, 112, 5, 212, 0, 64,
       24, 14, 64, 20, 64, 200, 25, 44, 24, 4, 64, 28, 140, 9, 144, 224,
       35, 188, 76, 70, 32, 240, 187, 253, 239, 255, 191, 253, 223, 184,
       255, 255, 253, 251, 255, 122, 246, 221, 251, 247, 126, 251, 255,
       127, 243, 127, 253, 255, 247, 63, 127, 251, 127, 255, 223, 108,
       158, 255, 222, 125, 249, 253, 122, 223, 255, 127, 215, 119, 245,
       127, 191, 191, 158, 15, 248, 189, 159, 93, 56, 246, 123, 191, 255,
       223, 174, 255, 253, 254, 255, 221, 254, 255, 243, 253, 253, 253,
       254, 255, 223, 253, 251, 236, 251, 253, 251, 43, 253, 127, 254,
       255, 127, 127, 31, 182, 253, 223, 127, 255, 239, 107, 103, 253,
       214, 251, 253, 60, 255, 125, 251, 182, 221, 167, 91, 243, 191,
       253, 239, 253, 251, 191, 159, 93, 118, 252, 255, 239, 251, 223,
       47, 254 ]
