%YAML:1.0
descriptors: !!opencv-matrix
   rows: 12
   cols: 64
   dt: u
   data: [ 252, 251, 255, 253, 114, 127, 251, 255, 221, 253, 254, 191,
       127, 254, 251, 254, 251, 221, 255, 111, 63, 255, 238, 191, 255,
       239, 247, 191, 255, 223, 126, 191, 243, 103, 117, 255, 215, 255,
       255, 252, 251, 125, 245, 126, 255, 175, 91, 182, 143, 173, 255,
       253, 250, 191, 149, 93, 209, 252, 105, 255, 223, 46, 171, 183, 60,
       186, 253, 190, 62, 253, 189, 126, 255, 252, 222, 245, 125, 127,
       185, 212, 255, 254, 227, 99, 245, 119, 195, 247, 221, 255, 244,
       255, 122, 223, 247, 235, 215, 44, 87, 190, 87, 120, 233, 124, 120,
       93, 122, 47, 213, 53, 247, 111, 185, 172, 24, 5, 240, 29, 156, 73,
       16, 242, 51, 189, 90, 87, 32, 250, 227, 223, 196, 87, 221, 138,
       199, 72, 238, 125, 40, 123, 175, 123, 166, 93, 226, 245, 61, 103,
       206, 47, 139, 127, 70, 222, 59, 47, 210, 11, 51, 111, 215, 39, 84,
       187, 82, 120, 255, 246, 117, 94, 56, 47, 217, 24, 253, 215, 153,
       164, 24, 4, 240, 28, 156, 75, 16, 246, 51, 189, 88, 87, 32, 250,
       227, 8, 195, 211, 217, 194, 199, 206, 254, 233, 6, 123, 179, 202,
       162, 77, 235, 213, 61, 103, 206, 47, 235, 127, 78, 223, 59, 47,
       210, 11, 51, 111, 215, 39, 85, 187, 82, 125, 109, 118, 113, 84,
       56, 47, 205, 28, 253, 231, 153, 172, 24, 5, 241, 29, 156, 75, 16,
       242, 51, 189, 88, 87, 32, 250, 44, 46, 231, 249, 56, 253, 161,
       119, 189, 252, 198, 149, 93, 53, 187, 230, 235, 220, 195, 106,
       244, 97, 222, 251, 93, 41, 132, 150, 124, 197, 57, 207, 247, 32,
       85, 186, 87, 250, 233, 116, 252, 93, 122, 38, 212, 167, 243, 107,
       153, 172, 28, 13, 240, 29, 156, 73, 20, 242, 51, 189, 90, 87, 32,
       254, 252, 254, 255, 253, 50, 127, 255, 255, 221, 253, 222, 191,
       95, 180, 251, 238, 187, 221, 251, 107, 253, 215, 254, 189, 253,
       127, 157, 247, 109, 215, 127, 254, 237, 89, 103, 255, 223, 255,
       253, 125, 250, 29, 247, 54, 255, 167, 127, 249, 191, 237, 239,
       255, 219, 255, 157, 92, 230, 254, 255, 237, 255, 223, 111, 254,
       60, 253, 255, 221, 54, 253, 221, 247, 255, 215, 253, 252, 255,
       126, 255, 254, 249, 255, 122, 187, 183, 127, 119, 247, 253, 119,
       247, 255, 109, 255, 222, 235, 207, 122, 239, 206, 222, 125, 251,
       125, 125, 189, 247, 255, 183, 241, 183, 111, 191, 255, 175, 203,
       250, 189, 250, 85, 126, 215, 254, 255, 251, 249, 237, 222, 71, 34,
       65, 160, 153, 32, 35, 72, 132, 98, 128, 50, 1, 11, 128, 67, 194,
       84, 1, 96, 73, 128, 136, 48, 76, 136, 168, 9, 146, 8, 33, 73, 112,
       36, 84, 186, 0, 112, 5, 212, 0, 64, 24, 10, 64, 20, 64, 68, 24,
       36, 16, 4, 96, 28, 132, 9, 16, 224, 33, 156, 76, 70, 32, 176, 56,
       250, 127, 203, 54, 253, 241, 253, 253, 222, 254, 157, 125, 61,
       253, 238, 243, 212, 219, 106, 244, 114, 212, 180, 253, 169, 164,
       144, 127, 211, 125, 251, 253, 108, 87, 254, 222, 115, 153, 124,
       254, 95, 91, 62, 84, 167, 192, 108, 191, 45, 159, 13, 250, 29,
       159, 93, 28, 246, 43, 252, 91, 94, 42, 249, 187, 221, 109, 254,
       55, 61, 93, 26, 255, 213, 253, 250, 63, 249, 116, 255, 241, 244,
       54, 123, 38, 238, 224, 119, 109, 191, 247, 59, 127, 59, 126, 57,
       210, 108, 52, 254, 202, 121, 249, 253, 242, 222, 57, 63, 210, 22,
       245, 110, 153, 175, 18, 5, 248, 29, 159, 77, 24, 242, 57, 189,
       120, 87, 34, 251, 191, 253, 255, 255, 255, 253, 223, 185, 255,
       255, 253, 251, 191, 123, 244, 93, 251, 247, 126, 251, 255, 127,
       243, 127, 253, 255, 247, 63, 127, 251, 255, 255, 207, 108, 158,
       255, 222, 125, 251, 255, 126, 223, 255, 255, 215, 113, 245, 127,
       191, 191, 155, 143, 248, 189, 222, 85, 120, 247, 247, 255, 251,
       223, 174, 255, 252, 234, 255, 237, 250, 255, 243, 245, 253, 253,
       222, 253, 223, 124, 251, 236, 251, 221, 251, 43, 253, 127, 254,
       253, 255, 111, 28, 182, 109, 215, 127, 255, 255, 107, 111, 117,
       247, 251, 253, 60, 255, 61, 251, 54, 253, 167, 251, 243, 191, 253,
       239, 255, 251, 255, 159, 93, 118, 222, 255, 239, 251, 223, 47,
       254 ]
