%YAML:1.0
descriptors: !!opencv-matrix
   rows: 16
   cols: 64
   dt: u
   data: [ 63, 182, 125, 169, 63, 253, 183, 124, 253, 254, 222, 253, 253,
       62, 253, 245, 251, 252, 67, 249, 245, 114, 223, 252, 253, 253,
       245, 255, 127, 223, 247, 239, 221, 108, 215, 190, 95, 122, 233,
       124, 120, 93, 126, 47, 213, 53, 247, 111, 187, 172, 153, 13, 242,
       29, 156, 89, 48, 242, 55, 189, 219, 223, 44, 254, 124, 63, 255,
       221, 54, 119, 241, 255, 253, 252, 222, 181, 125, 254, 251, 238,
       251, 212, 107, 107, 245, 253, 214, 183, 221, 235, 164, 157, 126,
       221, 127, 251, 255, 36, 85, 190, 214, 122, 249, 124, 252, 93, 253,
       62, 213, 166, 193, 111, 159, 172, 157, 13, 242, 29, 157, 77, 16,
       246, 123, 189, 91, 94, 40, 250, 45, 54, 100, 39, 221, 160, 163,
       216, 252, 61, 194, 119, 173, 91, 129, 69, 226, 245, 139, 96, 225,
       47, 139, 124, 70, 248, 40, 167, 222, 13, 33, 223, 119, 229, 92,
       187, 115, 178, 45, 118, 221, 84, 90, 142, 73, 1, 218, 81, 136, 52,
       88, 5, 240, 190, 156, 73, 16, 242, 183, 188, 216, 71, 32, 252,
       253, 254, 255, 255, 254, 255, 255, 251, 253, 253, 254, 255, 255,
       255, 255, 254, 251, 245, 123, 107, 253, 255, 222, 127, 255, 255,
       183, 191, 127, 219, 127, 255, 199, 237, 119, 255, 214, 251, 249,
       127, 254, 93, 251, 191, 221, 163, 253, 111, 159, 173, 159, 141,
       250, 29, 159, 93, 104, 246, 123, 255, 219, 223, 40, 254, 60, 186,
       253, 254, 62, 253, 253, 126, 247, 252, 214, 241, 253, 127, 189,
       86, 255, 254, 99, 107, 245, 119, 195, 247, 221, 255, 244, 255,
       126, 221, 245, 235, 223, 44, 87, 190, 223, 120, 233, 125, 120, 93,
       59, 47, 213, 53, 247, 111, 153, 172, 24, 5, 240, 29, 156, 73, 16,
       242, 51, 189, 90, 87, 32, 250, 231, 141, 194, 147, 217, 130, 135,
       206, 132, 233, 0, 251, 163, 203, 134, 79, 235, 85, 57, 103, 206,
       47, 234, 107, 78, 203, 186, 47, 18, 8, 35, 79, 215, 39, 84, 187,
       82, 124, 111, 118, 112, 110, 56, 43, 221, 28, 125, 231, 153, 172,
       24, 5, 241, 28, 156, 75, 16, 242, 51, 189, 88, 87, 48, 250, 254,
       253, 127, 255, 255, 255, 223, 249, 255, 255, 253, 251, 255, 122,
       246, 253, 243, 247, 126, 127, 255, 255, 179, 126, 255, 255, 247,
       255, 255, 255, 255, 255, 223, 109, 158, 255, 222, 125, 249, 255,
       251, 223, 255, 127, 219, 63, 253, 63, 175, 191, 158, 143, 232,
       191, 159, 93, 120, 246, 123, 255, 255, 223, 174, 191, 251, 254,
       254, 231, 255, 182, 255, 152, 253, 255, 210, 251, 175, 127, 235,
       93, 255, 255, 191, 251, 237, 127, 155, 125, 231, 255, 123, 247,
       254, 115, 247, 255, 215, 235, 223, 117, 255, 253, 253, 119, 125,
       92, 235, 253, 223, 201, 255, 179, 252, 223, 24, 245, 245, 231,
       220, 255, 87, 220, 247, 175, 246, 255, 153, 190, 69, 35, 211, 215,
       217, 130, 163, 78, 2, 97, 0, 119, 131, 203, 130, 65, 106, 69, 33,
       99, 198, 45, 202, 107, 78, 154, 178, 15, 18, 8, 33, 79, 87, 39,
       84, 186, 16, 120, 111, 86, 193, 96, 24, 78, 201, 16, 217, 79, 25,
       172, 24, 5, 240, 24, 156, 73, 16, 114, 51, 189, 72, 87, 33, 251,
       191, 254, 126, 239, 255, 253, 255, 152, 253, 223, 252, 251, 175,
       123, 230, 253, 255, 255, 255, 251, 117, 126, 179, 124, 247, 255,
       251, 251, 255, 115, 255, 191, 158, 237, 222, 247, 255, 121, 249,
       253, 127, 223, 251, 253, 213, 115, 254, 125, 239, 191, 158, 15,
       252, 167, 223, 253, 126, 247, 247, 191, 255, 223, 188, 159, 43,
       254, 238, 107, 255, 255, 247, 57, 253, 253, 252, 251, 255, 127,
       124, 205, 153, 185, 255, 187, 245, 119, 219, 253, 113, 127, 93,
       182, 127, 247, 255, 231, 159, 235, 203, 117, 255, 153, 252, 59,
       127, 191, 239, 253, 213, 241, 127, 115, 191, 219, 137, 203, 255,
       229, 250, 188, 127, 215, 255, 231, 243, 251, 220, 94, 69, 38, 225,
       160, 24, 34, 33, 94, 128, 110, 194, 53, 65, 135, 131, 67, 194, 76,
       1, 96, 192, 129, 204, 56, 78, 136, 8, 129, 210, 8, 49, 75, 113,
       36, 84, 186, 16, 114, 5, 212, 208, 64, 24, 14, 64, 4, 64, 192, 25,
       44, 88, 4, 65, 28, 140, 8, 144, 224, 35, 188, 72, 70, 32, 240,
       187, 221, 239, 220, 55, 63, 93, 58, 183, 215, 253, 250, 63, 249,
       118, 127, 177, 245, 126, 127, 54, 254, 240, 119, 125, 255, 247,
       59, 127, 59, 126, 169, 210, 108, 52, 254, 202, 125, 251, 253, 114,
       219, 185, 127, 210, 16, 245, 110, 153, 175, 22, 5, 248, 29, 158,
       77, 56, 246, 121, 159, 121, 215, 34, 251, 191, 253, 255, 255, 255,
       253, 223, 25, 255, 255, 253, 250, 255, 123, 244, 93, 251, 247,
       126, 251, 247, 127, 243, 127, 247, 255, 247, 63, 127, 251, 247,
       251, 207, 108, 158, 254, 218, 121, 251, 253, 126, 223, 255, 253,
       213, 113, 245, 127, 191, 191, 154, 15, 248, 189, 222, 93, 56, 247,
       119, 191, 251, 223, 172, 251, 252, 254, 255, 253, 254, 255, 255,
       253, 253, 255, 254, 255, 223, 252, 251, 238, 251, 221, 251, 107,
       253, 253, 254, 253, 255, 127, 191, 183, 237, 223, 127, 255, 239,
       107, 127, 255, 222, 255, 253, 124, 251, 93, 251, 62, 223, 167,
       127, 243, 191, 173, 223, 239, 251, 191, 157, 93, 214, 252, 127,
       253, 223, 223, 42, 254, 254, 255, 255, 223, 55, 255, 215, 255,
       255, 253, 254, 255, 255, 191, 255, 255, 255, 247, 255, 191, 253,
       255, 255, 247, 253, 255, 253, 127, 127, 223, 223, 255, 223, 111,
       247, 254, 254, 123, 255, 125, 127, 221, 255, 63, 159, 246, 125,
       239, 191, 189, 255, 141, 250, 191, 191, 95, 126, 246, 127, 255,
       251, 223, 46, 254 ]
