%YAML:1.0
descriptors: !!opencv-matrix
   rows: 5
   cols: 64
   dt: u
   data: [ 70, 33, 129, 144, 88, 2, 11, 78, 130, 34, 3, 20, 1, 194, 131,
       66, 2, 85, 16, 70, 138, 169, 204, 11, 14, 130, 138, 15, 146, 8,
       17, 79, 115, 135, 20, 155, 0, 244, 7, 214, 128, 96, 8, 72, 11, 28,
       65, 139, 81, 36, 80, 20, 1, 88, 132, 10, 144, 104, 32, 61, 76, 4,
       49, 177, 12, 33, 225, 144, 16, 37, 33, 127, 128, 198, 195, 52, 81,
       134, 153, 66, 234, 84, 3, 98, 193, 32, 196, 19, 12, 136, 164, 9,
       82, 12, 48, 73, 86, 36, 85, 186, 16, 122, 193, 84, 176, 80, 16,
       14, 68, 20, 193, 110, 153, 44, 24, 5, 240, 29, 156, 73, 16, 242,
       51, 189, 72, 22, 32, 242, 254, 248, 251, 255, 119, 223, 223, 175,
       223, 247, 253, 188, 127, 158, 255, 254, 255, 151, 122, 223, 175,
       215, 231, 29, 255, 215, 251, 127, 87, 251, 254, 251, 229, 173,
       247, 255, 218, 125, 237, 127, 114, 221, 245, 125, 191, 159, 181,
       188, 223, 174, 191, 151, 248, 61, 244, 247, 208, 255, 57, 253,
       125, 221, 122, 254, 61, 172, 255, 237, 248, 255, 247, 111, 253,
       245, 206, 253, 223, 125, 255, 236, 251, 253, 251, 107, 245, 111,
       218, 247, 255, 255, 29, 247, 109, 215, 123, 239, 151, 227, 99,
       190, 118, 249, 253, 62, 121, 29, 248, 167, 221, 49, 255, 227, 189,
       236, 137, 253, 241, 93, 152, 77, 124, 222, 251, 173, 218, 95, 37,
       222, 108, 205, 238, 233, 226, 255, 246, 247, 61, 221, 94, 207,
       218, 188, 127, 236, 137, 121, 251, 239, 125, 85, 223, 241, 123,
       125, 29, 180, 109, 215, 62, 131, 205, 83, 99, 97, 255, 223, 252,
       56, 125, 189, 255, 55, 125, 183, 127, 224, 191, 216, 175, 255,
       211, 237, 153, 156, 127, 205, 111, 237, 211, 251, 79, 206 ]
