%YAML:1.0
descriptors: !!opencv-matrix
   rows: 8
   cols: 64
   dt: u
   data: [ 252, 255, 255, 253, 54, 253, 253, 249, 255, 255, 255, 255,
       255, 254, 253, 254, 251, 213, 127, 107, 255, 127, 231, 255, 237,
       255, 247, 255, 127, 95, 255, 255, 247, 108, 117, 254, 214, 123,
       249, 117, 250, 223, 255, 63, 215, 167, 245, 111, 157, 173, 30, 5,
       250, 29, 159, 77, 16, 246, 123, 191, 123, 31, 34, 251, 60, 185,
       255, 255, 54, 255, 249, 255, 221, 252, 223, 253, 125, 126, 187,
       254, 251, 220, 99, 107, 245, 61, 199, 247, 221, 239, 244, 191, 91,
       223, 119, 235, 247, 36, 85, 190, 215, 122, 233, 117, 120, 93, 117,
       46, 213, 23, 247, 111, 153, 172, 25, 5, 240, 29, 156, 73, 16, 242,
       51, 189, 89, 87, 32, 250, 60, 52, 253, 190, 63, 247, 185, 127,
       247, 252, 214, 181, 125, 62, 187, 118, 255, 254, 67, 99, 245, 115,
       211, 247, 221, 168, 228, 223, 122, 221, 245, 235, 223, 44, 87,
       190, 87, 120, 233, 124, 120, 93, 56, 46, 212, 53, 247, 111, 153,
       172, 24, 5, 240, 29, 156, 73, 16, 242, 51, 189, 90, 87, 32, 250,
       68, 32, 195, 145, 88, 130, 35, 207, 128, 227, 3, 52, 83, 130, 147,
       66, 138, 85, 1, 101, 138, 133, 238, 9, 14, 200, 24, 15, 18, 8, 49,
       78, 113, 39, 116, 155, 0, 252, 37, 22, 144, 96, 8, 10, 75, 28, 72,
       145, 25, 44, 80, 20, 81, 24, 132, 10, 144, 104, 33, 188, 76, 20,
       32, 242, 253, 255, 255, 253, 255, 127, 253, 254, 253, 255, 252,
       251, 239, 251, 255, 239, 251, 253, 255, 123, 255, 255, 255, 191,
       239, 255, 247, 183, 255, 95, 126, 255, 251, 239, 255, 255, 246,
       253, 253, 245, 254, 254, 251, 255, 223, 243, 223, 243, 238, 189,
       94, 221, 249, 191, 159, 93, 252, 252, 255, 255, 255, 222, 175,
       183, 255, 253, 127, 255, 255, 191, 255, 249, 255, 255, 253, 251,
       255, 126, 254, 253, 243, 247, 127, 127, 255, 127, 179, 254, 255,
       255, 255, 255, 255, 127, 255, 255, 207, 109, 220, 255, 222, 127,
       249, 253, 123, 223, 255, 191, 213, 63, 255, 127, 191, 191, 155,
       143, 248, 189, 159, 93, 120, 246, 123, 191, 255, 223, 46, 190, 51,
       52, 81, 131, 157, 132, 131, 72, 214, 101, 22, 117, 173, 11, 144,
       85, 234, 212, 1, 96, 192, 2, 139, 117, 76, 152, 168, 47, 82, 8,
       49, 111, 213, 36, 85, 186, 82, 120, 169, 116, 208, 84, 24, 15,
       208, 20, 240, 77, 153, 172, 24, 5, 240, 29, 156, 73, 16, 242, 51,
       188, 88, 87, 32, 250, 191, 245, 109, 204, 55, 125, 221, 56, 183,
       215, 189, 250, 127, 57, 116, 255, 241, 244, 118, 121, 52, 114,
       240, 118, 125, 255, 229, 59, 127, 59, 127, 121, 210, 108, 20, 254,
       218, 121, 249, 253, 114, 223, 57, 63, 208, 18, 244, 110, 153, 175,
       22, 5, 248, 29, 159, 77, 48, 242, 59, 156, 120, 215, 34, 251 ]
