%YAML:1.0
descriptors: !!opencv-matrix
   rows: 11
   cols: 64
   dt: u
   data: [ 60, 189, 255, 254, 50, 125, 241, 127, 223, 252, 222, 181, 125,
       254, 191, 254, 251, 222, 227, 43, 245, 123, 215, 183, 221, 111,
       244, 211, 107, 223, 255, 235, 207, 42, 103, 182, 255, 122, 249,
       124, 120, 93, 247, 167, 245, 181, 247, 111, 187, 172, 139, 207,
       242, 29, 156, 85, 54, 242, 127, 251, 251, 223, 47, 254, 35, 20,
       80, 2, 157, 128, 5, 8, 230, 64, 0, 97, 172, 11, 36, 21, 102, 246,
       1, 16, 192, 34, 145, 100, 68, 136, 96, 9, 18, 8, 65, 97, 149, 36,
       84, 186, 114, 56, 33, 116, 96, 80, 24, 139, 208, 80, 244, 79, 152,
       172, 24, 4, 240, 24, 156, 73, 16, 178, 51, 188, 88, 87, 32, 248,
       61, 52, 117, 164, 63, 165, 189, 123, 228, 108, 193, 113, 125, 111,
       177, 69, 242, 220, 67, 96, 241, 34, 193, 247, 76, 168, 164, 139,
       82, 12, 113, 235, 223, 36, 85, 190, 83, 120, 233, 116, 120, 92,
       56, 47, 212, 53, 247, 111, 153, 172, 24, 5, 240, 29, 156, 73, 16,
       242, 51, 189, 88, 87, 32, 250, 60, 50, 125, 180, 63, 181, 189,
       122, 244, 126, 208, 113, 125, 127, 176, 68, 242, 220, 67, 98, 241,
       34, 193, 247, 76, 170, 164, 139, 90, 92, 113, 235, 223, 36, 85,
       190, 82, 120, 233, 116, 120, 92, 56, 47, 212, 53, 247, 111, 153,
       172, 24, 5, 240, 29, 156, 73, 16, 242, 51, 189, 88, 87, 32, 250,
       60, 50, 125, 180, 62, 189, 57, 127, 244, 126, 210, 53, 125, 123,
       152, 86, 250, 220, 67, 96, 245, 34, 193, 247, 204, 168, 164, 139,
       82, 140, 113, 235, 215, 36, 85, 190, 82, 120, 233, 116, 120, 92,
       56, 47, 212, 53, 247, 111, 153, 172, 24, 5, 240, 29, 156, 73, 16,
       242, 51, 189, 88, 87, 32, 250, 63, 54, 125, 182, 63, 53, 185, 122,
       244, 252, 214, 181, 125, 123, 177, 87, 242, 220, 3, 99, 229, 34,
       193, 119, 205, 170, 228, 139, 82, 28, 113, 235, 215, 36, 85, 190,
       83, 120, 233, 116, 120, 92, 56, 47, 212, 21, 247, 111, 153, 172,
       24, 5, 240, 29, 156, 73, 16, 242, 51, 189, 88, 87, 32, 250, 60,
       50, 125, 180, 63, 189, 61, 120, 244, 254, 215, 49, 125, 127, 185,
       86, 242, 220, 67, 99, 245, 34, 193, 118, 205, 170, 228, 155, 82,
       28, 113, 235, 215, 36, 85, 190, 82, 120, 233, 116, 120, 92, 56,
       47, 212, 21, 247, 111, 153, 172, 24, 5, 240, 29, 156, 73, 16, 242,
       51, 189, 88, 87, 32, 250, 61, 52, 117, 166, 63, 165, 189, 125,
       244, 126, 209, 49, 125, 47, 177, 84, 242, 212, 67, 96, 241, 34,
       193, 119, 204, 168, 228, 155, 82, 28, 113, 235, 215, 36, 85, 190,
       82, 120, 233, 116, 120, 92, 56, 47, 212, 21, 247, 111, 153, 172,
       24, 5, 240, 29, 156, 73, 16, 242, 51, 189, 88, 87, 32, 250, 63,
       50, 117, 166, 55, 181, 45, 120, 230, 86, 211, 48, 125, 63, 177,
       87, 242, 244, 3, 96, 225, 34, 193, 118, 76, 168, 164, 9, 82, 12,
       113, 233, 215, 36, 85, 190, 82, 120, 129, 116, 112, 92, 56, 47,
       212, 20, 229, 79, 153, 172, 24, 5, 240, 29, 156, 73, 16, 242, 51,
       189, 88, 87, 32, 250, 62, 50, 117, 162, 55, 181, 45, 120, 230, 94,
       210, 52, 125, 47, 177, 87, 242, 212, 3, 96, 225, 34, 193, 118, 76,
       136, 228, 9, 82, 28, 113, 233, 215, 36, 85, 190, 82, 120, 129,
       116, 112, 92, 24, 47, 212, 20, 229, 111, 153, 172, 24, 5, 240, 29,
       156, 73, 16, 242, 51, 189, 88, 87, 32, 250, 63, 55, 117, 162, 55,
       181, 45, 92, 230, 94, 211, 52, 125, 46, 177, 87, 242, 244, 3, 96,
       225, 34, 193, 118, 76, 168, 228, 9, 82, 12, 113, 233, 215, 36, 85,
       190, 82, 120, 129, 116, 112, 92, 56, 47, 212, 20, 229, 111, 153,
       172, 24, 5, 240, 29, 156, 73, 16, 242, 51, 189, 88, 87, 32, 250 ]
