%YAML:1.0
descriptors: !!opencv-matrix
   rows: 5
   cols: 64
   dt: u
   data: [ 220, 249, 255, 253, 50, 127, 249, 247, 223, 246, 253, 188, 87,
       244, 191, 250, 189, 223, 250, 111, 55, 253, 230, 147, 255, 111,
       247, 255, 105, 255, 254, 234, 207, 19, 165, 239, 222, 125, 250,
       125, 122, 189, 245, 119, 191, 63, 247, 110, 255, 170, 239, 223,
       250, 125, 52, 222, 245, 255, 121, 251, 127, 253, 221, 254, 51,
       212, 88, 142, 191, 152, 223, 8, 118, 67, 61, 234, 189, 106, 36,
       85, 246, 247, 4, 177, 192, 114, 147, 102, 228, 214, 225, 127, 82,
       59, 213, 97, 151, 44, 150, 158, 202, 120, 232, 119, 114, 222, 40,
       41, 212, 84, 245, 111, 145, 174, 24, 5, 240, 29, 156, 73, 16, 243,
       50, 189, 88, 87, 32, 250, 236, 170, 239, 137, 218, 127, 163, 253,
       221, 254, 254, 189, 89, 60, 251, 236, 203, 220, 251, 106, 245,
       145, 238, 188, 121, 109, 28, 162, 221, 215, 63, 255, 253, 32, 87,
       250, 87, 243, 237, 124, 250, 93, 118, 62, 85, 183, 115, 225, 189,
       172, 158, 5, 242, 29, 157, 89, 20, 240, 43, 188, 91, 95, 34, 254,
       187, 253, 238, 254, 55, 189, 93, 27, 255, 215, 189, 250, 191, 251,
       116, 95, 253, 247, 102, 251, 55, 126, 241, 119, 245, 247, 247,
       123, 127, 251, 254, 169, 214, 124, 150, 254, 202, 125, 250, 125,
       118, 223, 253, 109, 151, 84, 245, 111, 159, 175, 152, 79, 250, 29,
       255, 93, 57, 247, 115, 191, 251, 251, 238, 251, 191, 245, 253,
       254, 191, 189, 223, 120, 255, 125, 245, 249, 255, 122, 180, 93,
       242, 247, 119, 115, 247, 127, 243, 127, 237, 255, 231, 63, 127,
       123, 245, 239, 215, 108, 20, 190, 210, 121, 249, 245, 90, 223,
       255, 47, 209, 21, 245, 111, 157, 172, 26, 5, 248, 29, 158, 73, 24,
       242, 115, 191, 121, 95, 34, 251 ]
