%YAML:1.0
descriptors: !!opencv-matrix
   rows: 11
   cols: 64
   dt: u
   data: [ 255, 252, 255, 239, 255, 253, 251, 248, 255, 255, 253, 251,
       255, 250, 254, 253, 251, 245, 127, 111, 125, 223, 167, 60, 111,
       255, 255, 59, 255, 91, 126, 191, 240, 101, 60, 255, 210, 119, 249,
       247, 211, 223, 125, 31, 219, 158, 216, 61, 141, 173, 86, 5, 248,
       191, 159, 77, 152, 246, 57, 156, 93, 30, 34, 185, 255, 254, 255,
       239, 255, 253, 223, 248, 255, 255, 253, 251, 255, 250, 246, 253,
       251, 245, 127, 127, 125, 223, 167, 124, 239, 255, 255, 59, 255,
       91, 127, 191, 243, 109, 124, 255, 210, 119, 249, 247, 219, 223,
       123, 63, 219, 30, 252, 61, 141, 189, 94, 133, 248, 191, 159, 77,
       208, 246, 49, 191, 221, 95, 34, 189, 255, 250, 255, 255, 254, 253,
       255, 248, 255, 255, 254, 251, 255, 251, 254, 253, 251, 213, 127,
       111, 125, 207, 167, 124, 239, 255, 255, 59, 255, 95, 118, 191,
       243, 109, 125, 255, 86, 119, 253, 245, 251, 94, 122, 63, 223, 150,
       253, 245, 141, 173, 94, 5, 248, 191, 159, 77, 144, 244, 51, 189,
       92, 95, 34, 187, 255, 253, 255, 255, 63, 255, 223, 59, 255, 255,
       245, 250, 255, 251, 182, 95, 255, 247, 126, 251, 183, 127, 211,
       127, 253, 255, 247, 127, 127, 251, 247, 239, 215, 238, 247, 191,
       254, 125, 251, 127, 120, 223, 255, 109, 247, 61, 245, 111, 255,
       190, 152, 207, 240, 61, 252, 93, 120, 247, 243, 255, 251, 255,
       189, 254, 61, 190, 255, 121, 62, 127, 241, 246, 253, 188, 222,
       245, 79, 189, 251, 239, 157, 236, 251, 251, 245, 87, 127, 255,
       251, 107, 212, 214, 125, 215, 255, 247, 255, 218, 227, 100, 255,
       186, 248, 57, 252, 61, 251, 182, 253, 227, 115, 235, 190, 251,
       175, 219, 246, 253, 217, 92, 111, 199, 223, 231, 243, 251, 207,
       222, 62, 190, 238, 254, 63, 255, 247, 47, 125, 252, 92, 249, 61,
       127, 191, 222, 251, 191, 97, 251, 245, 119, 219, 127, 121, 255,
       241, 191, 127, 219, 247, 239, 223, 236, 87, 178, 247, 248, 249,
       126, 124, 93, 122, 47, 213, 21, 247, 107, 153, 236, 152, 13, 246,
       29, 156, 93, 58, 246, 183, 189, 219, 95, 40, 254, 252, 251, 255,
       223, 114, 95, 251, 255, 223, 253, 254, 191, 127, 254, 251, 254,
       251, 213, 250, 47, 31, 223, 238, 63, 127, 239, 190, 63, 127, 219,
       126, 255, 231, 39, 119, 251, 214, 255, 255, 126, 242, 93, 229, 54,
       191, 142, 73, 238, 223, 173, 255, 189, 250, 63, 149, 95, 192, 252,
       105, 123, 223, 12, 59, 254, 167, 38, 193, 150, 217, 130, 1, 74,
       194, 97, 131, 115, 163, 75, 128, 81, 226, 213, 5, 97, 195, 44,
       168, 99, 78, 154, 32, 15, 18, 8, 1, 109, 87, 39, 84, 154, 66, 120,
       37, 214, 193, 64, 24, 11, 201, 12, 209, 207, 129, 36, 16, 4, 96,
       24, 140, 73, 16, 114, 51, 189, 72, 23, 32, 248, 118, 53, 249, 158,
       23, 135, 29, 79, 230, 102, 181, 176, 61, 170, 182, 86, 242, 212,
       3, 96, 139, 163, 231, 39, 76, 137, 164, 13, 83, 8, 113, 105, 245,
       36, 20, 186, 66, 112, 129, 214, 18, 74, 24, 14, 208, 20, 193, 78,
       153, 172, 24, 5, 112, 28, 148, 73, 16, 242, 51, 188, 88, 86, 34,
       249, 253, 253, 255, 253, 255, 255, 251, 251, 255, 253, 213, 255,
       255, 254, 246, 124, 255, 247, 127, 111, 255, 127, 242, 127, 255,
       255, 255, 127, 127, 223, 254, 239, 215, 111, 117, 255, 214, 125,
       255, 127, 121, 221, 255, 111, 253, 61, 253, 191, 157, 172, 25,
       221, 240, 253, 156, 207, 112, 254, 115, 191, 251, 127, 185, 254,
       44, 38, 101, 162, 223, 181, 167, 121, 244, 124, 202, 53, 253, 127,
       249, 101, 226, 244, 67, 96, 241, 34, 153, 116, 78, 168, 36, 9,
       210, 12, 57, 251, 247, 36, 87, 186, 82, 114, 129, 116, 216, 84,
       24, 14, 84, 134, 192, 79, 153, 44, 24, 5, 240, 29, 141, 73, 16,
       242, 51, 188, 88, 86, 32, 248 ]
