%YAML:1.0
descriptors: !!opencv-matrix
   rows: 13
   cols: 64
   dt: u
   data: [ 255, 51, 247, 183, 255, 119, 189, 218, 246, 255, 250, 115,
       255, 238, 178, 119, 251, 245, 39, 103, 109, 167, 231, 119, 78,
       223, 181, 43, 210, 14, 114, 251, 215, 36, 85, 190, 82, 120, 233,
       116, 112, 92, 56, 47, 213, 20, 245, 111, 153, 172, 24, 5, 240, 29,
       156, 73, 16, 242, 51, 189, 88, 87, 32, 250, 191, 253, 127, 255,
       255, 253, 221, 251, 255, 95, 253, 250, 255, 255, 244, 253, 251,
       245, 127, 103, 125, 246, 177, 119, 255, 255, 245, 59, 255, 91,
       126, 185, 210, 108, 20, 254, 210, 113, 249, 245, 82, 223, 56, 63,
       213, 22, 244, 110, 153, 173, 30, 5, 248, 29, 159, 77, 24, 246, 59,
       189, 88, 87, 42, 249, 63, 182, 253, 162, 63, 253, 177, 125, 245,
       126, 214, 117, 125, 63, 185, 245, 251, 254, 67, 112, 245, 98, 211,
       247, 221, 188, 244, 219, 126, 94, 243, 235, 223, 44, 85, 190, 223,
       122, 233, 124, 124, 92, 58, 175, 212, 53, 247, 111, 153, 172, 24,
       13, 240, 29, 156, 73, 16, 242, 51, 189, 90, 87, 40, 250, 254, 182,
       255, 183, 127, 247, 191, 249, 246, 253, 245, 243, 255, 122, 178,
       84, 255, 215, 99, 99, 245, 39, 195, 118, 204, 255, 245, 239, 82,
       30, 243, 235, 215, 36, 85, 190, 82, 120, 233, 116, 120, 92, 56,
       47, 213, 21, 245, 111, 153, 172, 24, 5, 240, 29, 156, 73, 16, 242,
       51, 189, 88, 87, 32, 250, 255, 248, 255, 255, 255, 127, 255, 250,
       255, 255, 252, 251, 255, 250, 254, 255, 251, 247, 127, 123, 253,
       215, 167, 126, 239, 255, 255, 191, 255, 95, 255, 255, 243, 108,
       148, 255, 222, 127, 249, 245, 218, 223, 123, 63, 211, 183, 213,
       125, 157, 173, 30, 5, 248, 29, 159, 77, 16, 246, 59, 157, 223, 95,
       34, 191, 35, 148, 80, 130, 221, 128, 131, 8, 102, 105, 0, 115,
       165, 11, 160, 85, 98, 214, 5, 96, 192, 2, 139, 100, 68, 152, 104,
       43, 210, 8, 49, 111, 213, 36, 84, 186, 82, 112, 41, 244, 209, 84,
       24, 15, 208, 20, 208, 69, 153, 44, 24, 4, 240, 28, 156, 73, 16,
       242, 51, 188, 88, 87, 32, 249, 187, 253, 126, 255, 247, 61, 223,
       185, 255, 223, 253, 250, 175, 123, 100, 93, 253, 247, 126, 255,
       119, 126, 177, 118, 245, 247, 243, 123, 255, 123, 254, 185, 142,
       108, 158, 222, 255, 121, 250, 253, 123, 223, 251, 253, 213, 113,
       247, 127, 191, 191, 147, 15, 248, 165, 222, 125, 56, 247, 252,
       159, 255, 251, 172, 155, 251, 253, 255, 254, 55, 127, 125, 255,
       247, 230, 253, 184, 127, 189, 246, 254, 255, 212, 127, 127, 62,
       215, 228, 55, 223, 239, 229, 153, 123, 155, 126, 233, 240, 44, 20,
       254, 194, 121, 209, 255, 58, 219, 189, 63, 212, 31, 229, 110, 159,
       172, 23, 141, 120, 29, 151, 77, 24, 246, 57, 252, 89, 86, 42, 251,
       56, 234, 239, 137, 186, 253, 163, 253, 253, 254, 254, 189, 125,
       60, 255, 236, 251, 220, 203, 106, 244, 83, 206, 180, 121, 237, 44,
       162, 253, 211, 63, 251, 253, 100, 87, 186, 86, 115, 237, 124, 254,
       93, 122, 62, 84, 183, 112, 229, 189, 45, 158, 5, 242, 29, 157, 93,
       20, 244, 43, 188, 91, 94, 34, 249, 191, 255, 255, 255, 255, 253,
       223, 185, 255, 255, 255, 251, 255, 126, 254, 253, 255, 247, 126,
       251, 247, 127, 247, 127, 255, 255, 247, 255, 127, 255, 255, 255,
       223, 108, 223, 255, 254, 125, 249, 125, 123, 221, 255, 127, 213,
       247, 247, 127, 191, 191, 159, 143, 250, 189, 223, 93, 112, 247,
       255, 255, 251, 223, 172, 254, 187, 253, 109, 206, 55, 125, 221,
       26, 255, 213, 189, 251, 191, 59, 116, 255, 243, 246, 62, 123, 164,
       126, 241, 118, 237, 255, 245, 59, 127, 123, 127, 125, 214, 108,
       52, 254, 218, 121, 249, 245, 243, 223, 121, 63, 210, 22, 245, 111,
       137, 167, 30, 5, 248, 31, 159, 77, 24, 246, 59, 189, 121, 95, 34,
       251, 255, 254, 255, 239, 254, 255, 255, 253, 253, 253, 222, 255,
       255, 127, 255, 253, 191, 255, 251, 187, 253, 127, 223, 253, 255,
       255, 127, 247, 127, 247, 255, 255, 143, 219, 219, 101, 255, 221,
       252, 63, 125, 61, 235, 245, 253, 241, 255, 115, 255, 222, 173,
       255, 247, 229, 248, 253, 127, 223, 247, 239, 243, 251, 221, 222,
       60, 127, 255, 253, 54, 125, 249, 255, 253, 254, 254, 181, 125,
       255, 251, 254, 251, 212, 107, 107, 253, 242, 213, 183, 221, 171,
       164, 153, 127, 223, 127, 251, 243, 44, 85, 190, 214, 122, 249,
       124, 254, 93, 59, 62, 212, 167, 193, 111, 153, 173, 30, 5, 240,
       29, 157, 77, 16, 242, 59, 189, 90, 86, 34, 251 ]
