%YAML:1.0
descriptors: !!opencv-matrix
   rows: 12
   cols: 64
   dt: u
   data: [ 255, 49, 255, 183, 62, 103, 189, 254, 246, 253, 255, 115, 255,
       254, 179, 119, 251, 245, 99, 99, 253, 167, 199, 119, 206, 255,
       245, 171, 82, 30, 243, 235, 215, 36, 85, 190, 82, 120, 233, 124,
       120, 92, 56, 47, 213, 20, 245, 111, 153, 172, 24, 5, 240, 29, 156,
       73, 16, 242, 51, 189, 88, 87, 32, 250, 191, 252, 255, 255, 255,
       253, 255, 249, 255, 255, 252, 255, 255, 126, 246, 253, 251, 245,
       127, 123, 245, 127, 247, 127, 255, 255, 247, 191, 255, 95, 255,
       255, 207, 108, 158, 254, 214, 123, 249, 253, 90, 223, 255, 63,
       213, 55, 245, 111, 189, 191, 158, 13, 250, 189, 159, 93, 56, 246,
       127, 191, 251, 223, 46, 255, 63, 190, 125, 165, 191, 253, 191,
       120, 252, 255, 214, 115, 237, 123, 249, 85, 251, 253, 99, 99, 245,
       103, 211, 127, 205, 255, 245, 191, 90, 31, 115, 235, 215, 44, 87,
       190, 82, 120, 233, 117, 120, 92, 58, 47, 213, 53, 247, 111, 153,
       172, 24, 5, 240, 29, 156, 73, 16, 242, 51, 189, 88, 87, 32, 250,
       191, 255, 125, 246, 63, 189, 255, 120, 255, 255, 253, 251, 255,
       123, 244, 95, 242, 247, 103, 123, 245, 126, 211, 119, 205, 254,
       247, 255, 126, 126, 245, 235, 223, 108, 214, 190, 218, 120, 249,
       125, 124, 95, 123, 47, 213, 53, 245, 111, 153, 174, 24, 5, 242,
       29, 156, 77, 16, 242, 115, 191, 123, 215, 32, 250, 60, 51, 253,
       182, 126, 183, 191, 123, 246, 94, 212, 115, 253, 127, 178, 84,
       246, 215, 99, 99, 245, 103, 195, 247, 204, 250, 244, 223, 90, 220,
       245, 235, 215, 36, 87, 190, 82, 120, 233, 116, 120, 92, 56, 47,
       213, 52, 245, 111, 153, 172, 24, 5, 240, 29, 156, 73, 16, 242, 51,
       189, 88, 87, 32, 250, 199, 3, 65, 147, 221, 130, 135, 8, 46, 65,
       32, 122, 163, 75, 128, 81, 98, 213, 45, 102, 74, 45, 138, 96, 78,
       214, 59, 47, 146, 8, 1, 13, 22, 39, 92, 155, 66, 120, 103, 214,
       65, 64, 8, 75, 65, 28, 221, 151, 128, 36, 16, 4, 97, 18, 140, 107,
       16, 112, 48, 61, 88, 87, 48, 248, 188, 255, 239, 253, 62, 253,
       249, 255, 253, 255, 254, 253, 255, 253, 254, 238, 153, 253, 255,
       123, 247, 127, 254, 255, 253, 127, 151, 183, 125, 247, 127, 255,
       207, 218, 239, 100, 255, 255, 250, 63, 252, 253, 247, 255, 255,
       167, 119, 123, 255, 251, 175, 219, 254, 189, 255, 92, 127, 247,
       255, 255, 251, 191, 205, 254, 5, 39, 65, 210, 217, 128, 131, 72,
       0, 65, 2, 119, 160, 75, 128, 65, 98, 69, 133, 34, 195, 40, 138,
       98, 78, 154, 2, 7, 146, 8, 1, 13, 86, 39, 84, 154, 0, 112, 7, 148,
       193, 96, 24, 6, 65, 0, 201, 3, 0, 36, 16, 36, 113, 24, 140, 9, 16,
       96, 50, 141, 72, 71, 33, 249, 163, 146, 80, 130, 221, 128, 131, 8,
       102, 1, 2, 115, 164, 75, 128, 85, 98, 215, 5, 96, 193, 2, 139,
       100, 70, 152, 40, 43, 146, 8, 1, 111, 213, 36, 84, 186, 82, 112,
       41, 244, 81, 84, 24, 15, 192, 20, 252, 69, 153, 36, 24, 4, 240,
       28, 140, 73, 16, 242, 51, 188, 88, 87, 32, 248, 191, 252, 127,
       239, 191, 125, 253, 251, 255, 221, 252, 251, 255, 127, 254, 253,
       251, 246, 127, 123, 117, 222, 189, 124, 239, 255, 119, 59, 255,
       123, 126, 255, 246, 239, 188, 223, 246, 119, 249, 245, 223, 223,
       255, 127, 218, 151, 252, 245, 205, 181, 86, 141, 248, 183, 143,
       109, 184, 244, 105, 255, 223, 95, 46, 189, 44, 170, 239, 201, 58,
       125, 163, 253, 253, 252, 206, 253, 89, 60, 251, 236, 203, 252,
       235, 42, 244, 83, 222, 244, 121, 109, 28, 162, 253, 207, 59, 223,
       253, 98, 71, 248, 86, 242, 237, 60, 248, 85, 122, 54, 85, 167,
       113, 225, 189, 45, 159, 13, 211, 29, 156, 88, 54, 224, 47, 188,
       203, 95, 34, 254, 187, 249, 239, 222, 55, 125, 221, 186, 255, 213,
       189, 251, 255, 59, 118, 255, 243, 245, 62, 123, 100, 126, 225,
       119, 237, 255, 245, 59, 127, 123, 118, 127, 214, 108, 52, 254,
       218, 121, 249, 253, 243, 223, 121, 63, 216, 22, 253, 111, 137,
       167, 30, 5, 248, 31, 159, 77, 48, 246, 59, 189, 121, 95, 34, 251 ]
