%YAML:1.0
descriptors: !!opencv-matrix
   rows: 12
   cols: 64
   dt: u
   data: [ 63, 55, 253, 182, 63, 63, 191, 126, 247, 254, 254, 179, 125,
       127, 187, 87, 246, 247, 99, 115, 245, 103, 209, 119, 221, 234,
       244, 223, 122, 220, 241, 235, 215, 44, 87, 190, 90, 120, 233, 124,
       120, 92, 56, 47, 213, 53, 245, 111, 153, 172, 24, 5, 240, 29, 156,
       73, 16, 242, 51, 189, 88, 87, 32, 250, 255, 254, 255, 239, 255,
       253, 255, 248, 255, 255, 253, 251, 255, 251, 254, 253, 251, 245,
       127, 111, 125, 223, 191, 124, 239, 255, 255, 63, 255, 95, 126,
       191, 243, 109, 92, 255, 210, 119, 253, 247, 219, 223, 123, 63,
       219, 191, 252, 181, 141, 189, 86, 133, 248, 191, 159, 77, 208,
       244, 57, 159, 221, 95, 34, 189, 254, 250, 255, 253, 255, 255, 251,
       249, 253, 255, 255, 255, 255, 254, 254, 253, 251, 245, 127, 127,
       127, 223, 183, 60, 239, 255, 255, 191, 255, 95, 126, 191, 241,
       109, 127, 255, 214, 119, 253, 247, 251, 223, 251, 63, 223, 175,
       254, 181, 141, 189, 86, 133, 248, 191, 151, 77, 208, 244, 121,
       191, 223, 31, 34, 191, 6, 34, 65, 130, 217, 128, 3, 72, 134, 98,
       2, 52, 161, 78, 129, 65, 98, 84, 1, 96, 201, 32, 136, 104, 78,
       128, 40, 9, 146, 8, 17, 79, 113, 36, 84, 154, 0, 114, 5, 86, 128,
       64, 8, 10, 64, 4, 192, 5, 17, 36, 16, 4, 32, 24, 140, 73, 16, 112,
       35, 188, 72, 6, 32, 176, 252, 254, 255, 253, 255, 255, 251, 253,
       253, 255, 222, 255, 255, 124, 127, 255, 253, 255, 251, 251, 253,
       127, 255, 255, 253, 127, 247, 246, 125, 247, 255, 255, 223, 249,
       255, 117, 255, 255, 248, 127, 255, 93, 255, 126, 255, 247, 255,
       123, 191, 223, 159, 239, 246, 253, 221, 93, 119, 255, 255, 255,
       251, 251, 255, 255, 254, 252, 255, 247, 255, 255, 255, 249, 255,
       253, 255, 251, 255, 251, 246, 252, 251, 247, 127, 127, 253, 255,
       243, 253, 255, 255, 255, 191, 255, 255, 255, 255, 207, 237, 254,
       255, 222, 125, 253, 255, 223, 223, 255, 191, 217, 63, 255, 63,
       175, 191, 159, 143, 250, 191, 159, 125, 124, 254, 247, 255, 255,
       223, 60, 254, 59, 212, 88, 142, 63, 153, 95, 8, 119, 71, 53, 234,
       189, 122, 36, 85, 246, 247, 4, 177, 192, 114, 209, 102, 228, 150,
       241, 123, 82, 123, 213, 105, 151, 44, 150, 190, 202, 121, 232,
       117, 112, 223, 109, 41, 212, 20, 245, 111, 145, 174, 24, 5, 248,
       29, 220, 73, 16, 243, 50, 189, 120, 223, 32, 250, 68, 33, 131,
       148, 16, 6, 41, 111, 128, 230, 3, 20, 65, 128, 147, 66, 138, 69,
       1, 103, 130, 173, 198, 3, 12, 138, 134, 13, 2, 8, 48, 74, 87, 38,
       117, 186, 0, 124, 65, 86, 144, 96, 16, 14, 203, 28, 65, 107, 25,
       44, 24, 5, 113, 28, 148, 72, 16, 226, 51, 185, 72, 70, 32, 242,
       68, 33, 129, 144, 0, 6, 0, 71, 2, 64, 3, 20, 81, 196, 145, 66,
       194, 68, 0, 102, 6, 173, 192, 3, 14, 130, 134, 13, 2, 8, 16, 8,
       82, 38, 84, 186, 0, 120, 67, 84, 0, 96, 24, 74, 64, 28, 193, 78,
       17, 44, 16, 4, 48, 24, 148, 73, 16, 98, 49, 185, 72, 6, 33, 240,
       68, 33, 195, 177, 208, 2, 35, 205, 128, 66, 3, 54, 65, 194, 179,
       67, 226, 85, 1, 102, 11, 161, 134, 2, 14, 136, 170, 13, 146, 8,
       48, 25, 112, 39, 84, 155, 0, 118, 5, 214, 128, 64, 24, 10, 65, 28,
       193, 148, 25, 44, 16, 4, 97, 24, 132, 73, 144, 120, 33, 188, 76,
       6, 32, 177, 191, 253, 109, 254, 55, 61, 93, 27, 247, 223, 253,
       250, 191, 123, 244, 95, 241, 246, 102, 251, 247, 118, 241, 119,
       245, 191, 247, 59, 127, 123, 253, 233, 214, 108, 150, 254, 218,
       121, 249, 253, 126, 223, 59, 173, 212, 113, 245, 111, 185, 175,
       152, 13, 248, 29, 223, 93, 56, 242, 115, 191, 251, 223, 46, 251,
       191, 245, 125, 254, 191, 189, 223, 121, 255, 127, 253, 251, 255,
       123, 244, 93, 242, 247, 119, 115, 247, 127, 243, 127, 253, 255,
       231, 63, 127, 123, 245, 239, 215, 108, 150, 190, 218, 121, 249,
       253, 90, 223, 251, 47, 209, 21, 245, 111, 153, 190, 24, 13, 248,
       29, 158, 77, 56, 246, 115, 191, 250, 223, 46, 251 ]
