%YAML:1.0
descriptors: !!opencv-matrix
   rows: 2
   cols: 64
   dt: u
   data: [ 35, 20, 80, 130, 157, 128, 7, 8, 102, 96, 0, 113, 173, 11,
       128, 85, 98, 246, 5, 112, 193, 34, 137, 100, 68, 152, 104, 11, 18,
       8, 65, 105, 213, 36, 84, 186, 82, 120, 33, 116, 64, 64, 24, 11,
       192, 16, 244, 77, 153, 36, 24, 4, 240, 24, 156, 73, 16, 242, 51,
       188, 88, 87, 32, 248, 60, 190, 255, 253, 62, 253, 253, 127, 255,
       253, 222, 255, 255, 126, 255, 223, 251, 221, 227, 107, 245, 119,
       210, 247, 237, 255, 245, 255, 127, 95, 247, 239, 223, 100, 215,
       190, 214, 122, 249, 117, 120, 93, 123, 47, 213, 53, 247, 111, 153,
       172, 153, 13, 240, 29, 156, 77, 16, 242, 51, 189, 91, 95, 36, 250 ]
