%YAML:1.0
descriptors: !!opencv-matrix
   rows: 11
   cols: 64
   dt: u
   data: [ 116, 33, 243, 156, 16, 71, 1, 255, 198, 228, 129, 180, 81,
       198, 147, 66, 235, 213, 35, 102, 11, 165, 198, 23, 76, 203, 180,
       13, 82, 12, 50, 105, 211, 36, 85, 186, 82, 120, 65, 84, 48, 72,
       48, 46, 213, 28, 193, 110, 153, 172, 24, 5, 240, 28, 156, 73, 16,
       242, 51, 189, 88, 86, 32, 250, 253, 254, 255, 253, 255, 255, 255,
       252, 253, 255, 252, 251, 255, 255, 254, 237, 227, 213, 63, 107,
       253, 245, 238, 127, 111, 239, 187, 63, 255, 75, 63, 255, 247, 101,
       84, 251, 82, 123, 249, 244, 246, 95, 120, 63, 213, 22, 213, 127,
       157, 173, 28, 5, 240, 29, 157, 77, 16, 246, 51, 189, 88, 87, 34,
       249, 254, 254, 247, 239, 255, 237, 243, 249, 255, 253, 254, 255,
       255, 127, 255, 252, 251, 215, 127, 122, 253, 47, 191, 124, 255,
       255, 125, 191, 255, 219, 127, 255, 215, 237, 127, 255, 254, 115,
       253, 127, 125, 221, 251, 191, 205, 167, 253, 117, 173, 181, 223,
       137, 250, 191, 158, 109, 104, 244, 123, 255, 255, 79, 36, 254,
       253, 255, 255, 253, 118, 255, 127, 255, 253, 255, 249, 187, 207,
       237, 255, 239, 251, 253, 123, 111, 191, 255, 246, 191, 223, 255,
       183, 191, 127, 95, 126, 255, 211, 111, 255, 255, 214, 125, 249,
       127, 126, 78, 251, 191, 255, 185, 247, 127, 190, 173, 30, 199,
       226, 189, 158, 93, 216, 246, 123, 255, 255, 215, 43, 182, 123,
       190, 255, 255, 255, 255, 211, 63, 255, 125, 84, 253, 191, 255,
       191, 221, 255, 247, 251, 182, 253, 127, 219, 255, 250, 235, 238,
       255, 127, 217, 253, 239, 223, 239, 215, 53, 255, 215, 255, 127,
       254, 223, 203, 207, 221, 189, 255, 215, 191, 236, 157, 205, 247,
       253, 159, 223, 126, 254, 255, 191, 250, 255, 190, 255, 253, 253,
       255, 253, 182, 125, 249, 254, 255, 223, 253, 255, 127, 254, 255,
       254, 251, 212, 127, 111, 125, 254, 167, 55, 111, 255, 183, 59,
       255, 95, 126, 187, 242, 36, 20, 254, 86, 119, 249, 244, 210, 223,
       57, 62, 216, 150, 209, 126, 157, 173, 94, 5, 248, 31, 159, 77,
       144, 242, 59, 157, 93, 94, 34, 185, 60, 181, 255, 190, 62, 247,
       253, 127, 245, 252, 214, 245, 125, 126, 187, 86, 251, 220, 99, 99,
       245, 55, 211, 119, 221, 251, 244, 159, 122, 220, 119, 235, 215,
       36, 87, 190, 87, 120, 233, 124, 120, 93, 60, 47, 213, 53, 247,
       111, 153, 172, 24, 5, 240, 29, 156, 73, 16, 242, 51, 189, 90, 87,
       32, 250, 63, 183, 125, 252, 62, 189, 253, 121, 255, 255, 213, 255,
       253, 127, 188, 87, 246, 255, 99, 123, 245, 118, 211, 247, 253,
       254, 229, 255, 126, 95, 245, 235, 223, 108, 87, 190, 222, 120,
       249, 125, 124, 93, 59, 47, 213, 53, 247, 111, 153, 172, 24, 13,
       240, 29, 156, 77, 16, 242, 51, 189, 122, 215, 40, 250, 125, 255,
       255, 253, 254, 255, 127, 127, 253, 255, 255, 189, 255, 252, 255,
       255, 251, 253, 123, 111, 255, 127, 210, 191, 223, 239, 231, 255,
       121, 223, 255, 239, 223, 47, 215, 191, 222, 127, 253, 127, 122,
       125, 251, 111, 253, 191, 247, 111, 191, 172, 152, 207, 240, 125,
       157, 93, 112, 254, 123, 191, 251, 247, 187, 254, 63, 179, 253,
       246, 63, 181, 253, 122, 247, 252, 215, 241, 253, 126, 176, 87,
       254, 254, 99, 243, 245, 126, 195, 247, 205, 186, 230, 219, 122,
       92, 245, 235, 223, 44, 85, 190, 91, 120, 249, 125, 120, 93, 57,
       47, 212, 53, 247, 111, 153, 172, 24, 5, 240, 29, 156, 73, 16, 242,
       51, 189, 88, 87, 32, 250, 188, 254, 239, 205, 254, 253, 243, 245,
       253, 253, 254, 253, 223, 125, 251, 236, 187, 253, 251, 43, 253,
       127, 254, 253, 127, 111, 28, 182, 125, 215, 127, 255, 255, 235,
       239, 117, 254, 251, 253, 61, 255, 61, 235, 54, 253, 167, 251, 243,
       191, 253, 239, 255, 247, 253, 159, 92, 118, 222, 255, 239, 251,
       223, 47, 254 ]
