%YAML:1.0
descriptors: !!opencv-matrix
   rows: 11
   cols: 64
   dt: u
   data: [ 239, 54, 247, 178, 221, 166, 39, 94, 244, 125, 192, 115, 239,
       235, 178, 87, 234, 245, 35, 97, 233, 135, 195, 119, 78, 218, 184,
       47, 210, 12, 49, 235, 215, 36, 84, 186, 82, 120, 97, 116, 80, 92,
       56, 47, 209, 21, 245, 79, 153, 172, 24, 5, 240, 28, 156, 73, 16,
       242, 51, 189, 88, 87, 32, 250, 126, 49, 243, 181, 254, 231, 155,
       237, 206, 239, 211, 54, 253, 206, 179, 86, 251, 213, 35, 102, 205,
       165, 198, 118, 206, 222, 182, 47, 210, 14, 115, 59, 87, 36, 85,
       191, 82, 120, 233, 116, 112, 92, 56, 46, 213, 20, 225, 111, 153,
       172, 24, 5, 240, 29, 156, 73, 16, 242, 51, 189, 88, 87, 32, 250,
       188, 254, 255, 253, 190, 253, 253, 249, 253, 253, 254, 255, 255,
       126, 255, 253, 243, 252, 231, 107, 245, 126, 223, 255, 255, 255,
       247, 187, 255, 223, 255, 255, 255, 108, 215, 254, 223, 251, 249,
       253, 255, 223, 255, 63, 212, 183, 247, 111, 191, 189, 159, 13,
       250, 157, 159, 93, 52, 242, 127, 191, 251, 223, 46, 255, 255, 253,
       255, 255, 63, 255, 223, 59, 255, 255, 253, 251, 255, 251, 182, 95,
       255, 247, 122, 251, 247, 127, 211, 127, 253, 255, 247, 255, 127,
       127, 247, 235, 215, 110, 215, 191, 222, 125, 251, 125, 120, 95,
       251, 111, 247, 53, 245, 111, 159, 174, 152, 79, 240, 61, 156, 93,
       56, 247, 115, 191, 251, 255, 173, 250, 61, 254, 253, 254, 62, 255,
       247, 127, 255, 252, 124, 249, 255, 127, 252, 221, 251, 255, 251,
       107, 245, 127, 219, 255, 249, 255, 245, 255, 127, 219, 247, 239,
       223, 110, 87, 190, 215, 248, 249, 125, 124, 221, 251, 175, 213,
       241, 247, 111, 185, 172, 153, 13, 240, 29, 158, 93, 60, 246, 115,
       191, 251, 223, 44, 254, 247, 245, 125, 158, 55, 31, 93, 10, 231,
       70, 189, 250, 63, 251, 180, 95, 242, 246, 36, 117, 3, 246, 177,
       54, 206, 135, 225, 59, 211, 56, 212, 105, 210, 44, 20, 254, 66,
       112, 161, 245, 114, 218, 56, 15, 208, 28, 244, 76, 153, 172, 16,
       5, 120, 29, 149, 73, 16, 242, 49, 188, 88, 86, 34, 249, 108, 42,
       231, 161, 26, 117, 163, 253, 253, 252, 206, 53, 89, 62, 251, 230,
       203, 220, 195, 98, 125, 147, 222, 180, 93, 168, 156, 129, 216,
       206, 59, 219, 245, 36, 87, 186, 87, 114, 201, 116, 248, 85, 26,
       62, 68, 167, 99, 100, 153, 44, 28, 5, 242, 29, 156, 73, 16, 224,
       43, 188, 74, 6, 32, 248, 44, 174, 231, 169, 88, 127, 163, 255,
       253, 252, 206, 53, 93, 61, 251, 228, 203, 252, 203, 106, 245, 83,
       222, 188, 95, 105, 28, 147, 253, 215, 59, 207, 253, 64, 71, 186,
       85, 242, 237, 60, 252, 85, 90, 182, 85, 167, 99, 225, 185, 44,
       221, 9, 211, 29, 156, 92, 60, 228, 43, 188, 202, 199, 46, 254,
       227, 150, 214, 39, 221, 162, 167, 158, 32, 61, 128, 107, 174, 219,
       134, 29, 107, 231, 45, 119, 225, 15, 251, 119, 70, 255, 121, 47,
       218, 8, 98, 103, 223, 39, 52, 187, 113, 60, 109, 116, 77, 64, 58,
       175, 201, 89, 127, 231, 24, 164, 88, 0, 240, 62, 156, 73, 16, 180,
       55, 157, 88, 87, 52, 122, 121, 254, 255, 253, 62, 255, 253, 115,
       123, 254, 253, 155, 254, 245, 253, 223, 255, 239, 107, 235, 255,
       125, 91, 255, 221, 127, 247, 255, 111, 119, 247, 247, 215, 244,
       87, 62, 219, 252, 248, 127, 126, 94, 233, 239, 247, 145, 247, 107,
       153, 239, 24, 79, 244, 29, 158, 77, 29, 247, 243, 191, 250, 247,
       235, 254, 124, 255, 255, 255, 62, 255, 249, 255, 253, 252, 222,
       189, 127, 255, 251, 254, 251, 212, 123, 107, 253, 255, 199, 55,
       221, 239, 180, 191, 127, 223, 127, 255, 243, 36, 85, 190, 214,
       123, 249, 124, 254, 93, 123, 62, 213, 167, 193, 111, 153, 173, 30,
       5, 240, 29, 159, 77, 16, 246, 59, 189, 91, 86, 34, 251 ]
