%YAML:1.0
descriptors: !!opencv-matrix
   rows: 7
   cols: 64
   dt: u
   data: [ 63, 253, 253, 222, 127, 255, 223, 24, 255, 119, 189, 250, 191,
       127, 180, 93, 255, 247, 114, 115, 247, 127, 211, 119, 245, 255,
       247, 127, 126, 123, 247, 107, 215, 108, 215, 190, 210, 120, 251,
       125, 116, 221, 57, 239, 245, 80, 245, 111, 153, 174, 24, 15, 240,
       29, 156, 77, 56, 247, 115, 191, 250, 215, 44, 250, 186, 249, 255,
       255, 63, 127, 221, 191, 255, 219, 253, 253, 127, 126, 255, 252,
       255, 214, 115, 115, 245, 127, 231, 119, 253, 223, 243, 123, 123,
       251, 255, 251, 223, 108, 87, 254, 218, 121, 249, 117, 122, 95,
       125, 47, 213, 21, 245, 111, 157, 174, 154, 5, 248, 29, 156, 93,
       24, 242, 59, 189, 121, 95, 34, 250, 251, 253, 222, 255, 119, 223,
       221, 138, 255, 215, 61, 250, 191, 250, 118, 223, 189, 247, 60,
       255, 15, 255, 243, 119, 231, 215, 243, 127, 127, 123, 246, 57,
       210, 127, 190, 223, 202, 125, 250, 245, 114, 255, 249, 125, 191,
       92, 245, 62, 223, 175, 22, 199, 248, 189, 255, 255, 81, 247, 121,
       127, 125, 253, 155, 187, 127, 253, 255, 154, 55, 223, 95, 11, 239,
       198, 191, 186, 191, 190, 254, 222, 251, 247, 122, 125, 31, 87,
       211, 103, 253, 245, 253, 61, 51, 186, 94, 41, 199, 108, 231, 159,
       202, 125, 255, 94, 52, 223, 109, 45, 151, 220, 117, 175, 215, 172,
       144, 141, 34, 29, 247, 95, 120, 246, 120, 125, 121, 221, 56, 250,
       125, 254, 253, 169, 214, 255, 167, 121, 253, 93, 222, 251, 223,
       61, 252, 77, 251, 253, 255, 109, 241, 85, 218, 245, 237, 125, 29,
       167, 124, 86, 123, 169, 223, 97, 223, 187, 127, 121, 237, 52, 125,
       221, 58, 39, 85, 189, 126, 245, 191, 181, 137, 44, 241, 253, 142,
       29, 126, 222, 55, 173, 91, 223, 124, 250, 61, 238, 239, 233, 254,
       253, 247, 121, 253, 253, 222, 255, 253, 61, 253, 204, 251, 253,
       251, 107, 245, 119, 218, 253, 125, 125, 29, 183, 124, 215, 127,
       239, 223, 233, 79, 52, 247, 251, 253, 62, 125, 29, 123, 167, 213,
       181, 255, 99, 191, 253, 137, 45, 247, 189, 158, 93, 118, 222, 255,
       237, 219, 223, 44, 222, 12, 33, 225, 176, 16, 37, 33, 111, 128,
       196, 195, 52, 81, 198, 145, 66, 234, 92, 3, 98, 67, 32, 192, 19,
       76, 136, 164, 9, 82, 12, 48, 73, 82, 36, 85, 186, 16, 120, 65, 84,
       16, 80, 24, 46, 196, 20, 225, 110, 153, 172, 24, 5, 240, 29, 156,
       73, 16, 242, 51, 189, 88, 86, 32, 250 ]
