%YAML:1.0
descriptors: !!opencv-matrix
   rows: 10
   cols: 64
   dt: u
   data: [ 191, 248, 125, 239, 255, 189, 255, 120, 253, 125, 253, 251,
       255, 123, 244, 93, 242, 245, 127, 107, 253, 119, 163, 125, 111,
       254, 189, 63, 255, 95, 127, 255, 215, 100, 84, 250, 82, 123, 249,
       244, 210, 223, 120, 31, 209, 22, 245, 79, 157, 173, 24, 5, 248,
       29, 159, 73, 16, 246, 51, 189, 88, 95, 34, 249, 127, 53, 253, 158,
       55, 23, 95, 127, 230, 198, 189, 178, 125, 234, 182, 95, 242, 215,
       98, 103, 95, 167, 193, 54, 204, 235, 247, 61, 82, 24, 118, 41,
       210, 36, 85, 190, 82, 120, 193, 116, 114, 94, 56, 47, 213, 20,
       245, 110, 153, 172, 24, 5, 240, 29, 156, 73, 16, 242, 51, 189, 88,
       86, 32, 250, 124, 49, 247, 150, 114, 71, 57, 111, 198, 100, 215,
       53, 119, 238, 147, 86, 251, 213, 35, 102, 77, 173, 199, 55, 78,
       202, 180, 13, 82, 12, 50, 105, 215, 36, 85, 186, 82, 112, 193, 84,
       112, 92, 24, 14, 197, 20, 229, 110, 153, 172, 24, 5, 240, 28, 156,
       73, 16, 242, 51, 189, 88, 86, 32, 250, 188, 241, 253, 254, 54, 63,
       127, 122, 247, 213, 253, 250, 127, 123, 182, 126, 246, 215, 103,
       103, 117, 119, 225, 246, 221, 239, 245, 255, 123, 222, 246, 233,
       214, 36, 86, 190, 210, 120, 249, 253, 90, 223, 61, 47, 209, 52,
       245, 110, 153, 172, 24, 5, 240, 29, 156, 73, 24, 242, 51, 189, 88,
       87, 34, 251, 252, 191, 255, 253, 126, 255, 255, 255, 253, 255,
       250, 189, 255, 255, 251, 239, 251, 253, 251, 107, 253, 255, 246,
       191, 253, 255, 183, 191, 127, 223, 127, 255, 119, 103, 255, 255,
       214, 127, 249, 125, 124, 92, 251, 191, 223, 167, 247, 127, 191,
       189, 158, 137, 242, 189, 159, 93, 216, 246, 123, 255, 223, 223,
       41, 246, 250, 249, 255, 255, 254, 239, 223, 185, 223, 125, 253,
       251, 255, 126, 214, 252, 255, 215, 126, 251, 255, 47, 163, 255,
       255, 255, 247, 255, 239, 255, 255, 254, 223, 237, 44, 247, 255,
       125, 251, 255, 91, 223, 247, 127, 249, 55, 255, 127, 175, 247,
       207, 207, 252, 190, 159, 205, 126, 247, 247, 251, 251, 127, 182,
       255, 124, 186, 255, 253, 62, 255, 249, 255, 253, 255, 254, 253,
       255, 253, 251, 239, 189, 253, 251, 123, 253, 127, 254, 255, 253,
       111, 246, 246, 125, 215, 255, 255, 255, 251, 255, 101, 255, 255,
       248, 127, 254, 125, 251, 126, 255, 231, 247, 123, 190, 255, 191,
       223, 246, 253, 223, 93, 247, 247, 255, 255, 251, 255, 237, 246,
       255, 254, 255, 255, 255, 255, 255, 249, 255, 255, 255, 251, 255,
       255, 254, 252, 243, 245, 127, 127, 253, 255, 147, 127, 255, 255,
       255, 191, 255, 223, 255, 255, 223, 109, 223, 255, 222, 127, 249,
       253, 126, 223, 251, 191, 221, 55, 255, 127, 191, 189, 153, 141,
       248, 189, 159, 93, 120, 246, 115, 191, 255, 223, 46, 254, 68, 32,
       195, 144, 24, 134, 11, 78, 128, 230, 3, 20, 209, 198, 153, 66,
       234, 85, 1, 98, 142, 37, 202, 75, 76, 202, 166, 15, 18, 8, 49, 79,
       87, 36, 85, 186, 16, 120, 225, 86, 48, 80, 56, 46, 213, 28, 225,
       111, 153, 172, 24, 5, 240, 29, 156, 73, 16, 242, 51, 189, 88, 87,
       32, 242, 196, 33, 195, 147, 209, 2, 3, 206, 0, 3, 0, 50, 163, 130,
       131, 67, 66, 85, 17, 4, 11, 133, 174, 32, 14, 128, 26, 5, 146, 8,
       0, 25, 112, 7, 28, 219, 0, 116, 7, 150, 128, 98, 8, 10, 11, 28,
       72, 144, 65, 36, 80, 52, 1, 58, 132, 170, 208, 40, 32, 56, 76, 4,
       50, 177 ]
