%YAML:1.0
descriptors: !!opencv-matrix
   rows: 3
   cols: 64
   dt: u
   data: [ 63, 179, 253, 246, 55, 255, 253, 122, 247, 254, 223, 243, 253,
       126, 186, 87, 251, 245, 99, 123, 245, 119, 195, 119, 205, 255,
       245, 191, 122, 94, 119, 235, 215, 44, 87, 190, 90, 120, 249, 125,
       120, 93, 56, 47, 213, 21, 245, 111, 153, 172, 24, 5, 240, 29, 156,
       73, 16, 242, 51, 189, 88, 87, 32, 250, 12, 33, 225, 144, 16, 133,
       33, 127, 196, 70, 195, 52, 81, 0, 145, 66, 226, 92, 67, 96, 193,
       32, 192, 147, 12, 136, 164, 137, 64, 140, 49, 201, 87, 36, 85,
       186, 16, 120, 1, 84, 176, 64, 16, 14, 192, 20, 193, 78, 153, 172,
       24, 5, 240, 28, 156, 73, 16, 242, 51, 185, 72, 22, 32, 250, 109,
       238, 239, 249, 122, 255, 243, 119, 61, 253, 220, 253, 223, 255,
       255, 238, 137, 253, 251, 107, 245, 125, 254, 251, 125, 127, 29,
       183, 125, 215, 63, 239, 223, 211, 247, 33, 247, 251, 253, 62, 121,
       61, 251, 39, 253, 181, 119, 235, 191, 252, 175, 221, 245, 125,
       152, 92, 118, 222, 255, 239, 219, 255, 111, 254 ]
