%YAML:1.0
descriptors: !!opencv-matrix
   rows: 4
   cols: 64
   dt: u
   data: [ 60, 181, 253, 246, 55, 191, 253, 127, 247, 222, 215, 244, 253,
       126, 188, 84, 255, 215, 99, 99, 245, 119, 211, 247, 221, 254, 244,
       255, 90, 220, 245, 235, 223, 44, 87, 190, 210, 120, 233, 124, 120,
       93, 57, 47, 213, 53, 247, 111, 153, 172, 24, 5, 240, 29, 156, 89,
       16, 242, 51, 189, 88, 87, 40, 250, 187, 254, 125, 239, 255, 189,
       223, 184, 255, 253, 253, 251, 175, 123, 116, 253, 247, 247, 126,
       187, 255, 127, 187, 124, 245, 255, 119, 127, 255, 123, 255, 255,
       223, 237, 158, 87, 254, 249, 250, 255, 127, 223, 235, 255, 245,
       115, 253, 55, 175, 223, 159, 111, 252, 165, 223, 255, 127, 247,
       246, 143, 243, 255, 190, 159, 62, 179, 253, 246, 62, 189, 253,
       126, 246, 254, 214, 241, 125, 127, 185, 87, 246, 214, 67, 99, 245,
       38, 193, 119, 205, 170, 228, 219, 90, 92, 245, 235, 215, 44, 85,
       190, 86, 120, 233, 116, 120, 92, 58, 47, 212, 53, 247, 111, 153,
       172, 24, 5, 240, 29, 156, 73, 16, 242, 51, 189, 88, 87, 32, 250,
       255, 253, 255, 255, 55, 255, 221, 255, 255, 223, 253, 250, 255,
       255, 190, 223, 251, 247, 122, 127, 55, 127, 243, 119, 253, 255,
       247, 255, 127, 255, 246, 171, 215, 111, 247, 255, 218, 125, 251,
       125, 120, 125, 187, 127, 255, 61, 245, 111, 223, 174, 152, 207,
       240, 61, 188, 93, 112, 247, 115, 255, 123, 255, 173, 250 ]
