%YAML:1.0
descriptors: !!opencv-matrix
   rows: 17
   cols: 64
   dt: u
   data: [ 252, 121, 255, 221, 50, 95, 89, 254, 255, 254, 255, 188, 127,
       254, 255, 254, 251, 213, 115, 111, 77, 181, 228, 55, 77, 239, 181,
       31, 83, 206, 126, 251, 243, 36, 85, 186, 82, 122, 225, 244, 242,
       93, 60, 46, 213, 22, 229, 110, 157, 172, 24, 5, 240, 29, 157, 73,
       16, 242, 51, 189, 89, 86, 34, 251, 118, 33, 243, 151, 91, 198,
       155, 78, 230, 229, 149, 52, 191, 238, 179, 86, 235, 213, 35, 99,
       201, 39, 231, 55, 78, 218, 180, 15, 82, 8, 51, 107, 215, 36, 21,
       186, 82, 120, 105, 84, 80, 72, 56, 46, 197, 20, 229, 111, 153,
       172, 24, 5, 240, 28, 156, 73, 16, 242, 51, 189, 88, 87, 32, 250,
       125, 63, 255, 252, 54, 119, 125, 254, 245, 254, 250, 181, 111,
       255, 187, 239, 251, 252, 251, 111, 253, 255, 212, 183, 221, 239,
       166, 157, 121, 92, 124, 251, 251, 46, 247, 191, 215, 126, 241,
       125, 124, 92, 187, 190, 247, 163, 195, 110, 190, 173, 158, 137,
       242, 61, 159, 85, 180, 246, 123, 223, 251, 214, 45, 242, 231, 36,
       97, 182, 223, 134, 15, 73, 230, 103, 1, 122, 171, 75, 180, 85,
       226, 213, 37, 97, 201, 39, 131, 119, 78, 222, 185, 47, 210, 8, 49,
       107, 215, 36, 84, 186, 82, 120, 233, 116, 112, 88, 56, 47, 209,
       20, 245, 79, 153, 172, 24, 5, 240, 29, 156, 73, 16, 242, 51, 189,
       88, 87, 32, 250, 252, 251, 255, 253, 250, 255, 251, 249, 253, 253,
       222, 255, 223, 255, 251, 236, 251, 213, 255, 107, 253, 253, 222,
       255, 255, 255, 183, 191, 255, 223, 127, 255, 247, 103, 87, 251,
       214, 127, 253, 124, 254, 93, 251, 62, 221, 166, 253, 127, 159,
       173, 159, 141, 250, 29, 159, 93, 112, 246, 123, 253, 219, 223, 43,
       254, 255, 252, 255, 255, 255, 255, 223, 216, 255, 255, 253, 251,
       191, 254, 252, 253, 251, 247, 63, 107, 255, 127, 243, 127, 111,
       255, 243, 63, 127, 123, 127, 255, 215, 101, 127, 255, 210, 125,
       249, 247, 115, 223, 126, 63, 223, 30, 253, 127, 157, 189, 26, 5,
       250, 189, 159, 77, 24, 246, 59, 191, 217, 95, 34, 251, 126, 254,
       255, 253, 254, 253, 255, 125, 253, 255, 255, 189, 253, 127, 253,
       255, 251, 253, 123, 123, 255, 127, 223, 253, 253, 239, 238, 191,
       127, 247, 125, 239, 255, 237, 215, 63, 223, 251, 253, 127, 254,
       223, 235, 47, 247, 191, 255, 51, 191, 207, 158, 111, 247, 253,
       159, 255, 116, 254, 255, 255, 251, 223, 190, 255, 63, 186, 253,
       252, 63, 253, 253, 126, 255, 254, 222, 241, 253, 127, 185, 215,
       251, 252, 99, 123, 245, 119, 211, 119, 221, 255, 245, 255, 126,
       223, 245, 235, 223, 44, 87, 190, 214, 120, 249, 124, 124, 93, 122,
       47, 213, 53, 247, 111, 185, 172, 24, 5, 240, 29, 156, 73, 16, 242,
       51, 189, 90, 87, 32, 250, 63, 183, 125, 254, 63, 189, 159, 121,
       247, 127, 213, 250, 253, 122, 180, 85, 242, 247, 99, 115, 245,
       118, 211, 118, 221, 254, 245, 127, 122, 222, 245, 235, 215, 44,
       87, 190, 218, 120, 233, 125, 120, 93, 57, 47, 213, 20, 245, 111,
       153, 172, 24, 5, 240, 29, 156, 73, 16, 242, 51, 189, 88, 87, 32,
       250, 250, 252, 255, 255, 255, 253, 223, 185, 255, 255, 253, 251,
       255, 126, 254, 252, 247, 247, 126, 123, 255, 127, 255, 127, 255,
       255, 247, 255, 127, 251, 255, 255, 239, 239, 190, 255, 254, 255,
       251, 255, 251, 223, 231, 127, 255, 191, 253, 63, 239, 255, 223,
       207, 238, 183, 159, 125, 248, 247, 255, 255, 255, 255, 191, 191,
       252, 189, 255, 252, 118, 127, 127, 255, 253, 253, 213, 187, 255,
       250, 182, 222, 251, 221, 123, 111, 191, 255, 242, 191, 255, 235,
       246, 255, 127, 221, 126, 239, 215, 103, 55, 255, 214, 125, 245,
       125, 124, 255, 255, 127, 255, 189, 247, 239, 223, 172, 191, 223,
       242, 61, 158, 93, 120, 254, 123, 223, 251, 223, 187, 255, 191,
       255, 126, 239, 247, 189, 255, 153, 253, 223, 253, 251, 175, 127,
       236, 253, 243, 255, 127, 255, 117, 126, 179, 116, 245, 255, 251,
       251, 255, 115, 255, 187, 222, 109, 158, 247, 255, 121, 249, 253,
       127, 223, 251, 253, 213, 243, 254, 125, 175, 191, 158, 15, 248,
       167, 223, 253, 126, 247, 255, 159, 255, 223, 190, 155, 71, 32, 65,
       34, 217, 32, 39, 72, 128, 34, 128, 50, 161, 11, 128, 65, 98, 84,
       5, 96, 73, 128, 136, 40, 76, 136, 40, 9, 146, 8, 33, 73, 112, 36,
       84, 186, 0, 112, 5, 214, 0, 64, 24, 10, 64, 28, 64, 149, 8, 36,
       16, 4, 96, 26, 132, 9, 144, 176, 33, 188, 76, 70, 32, 176, 63,
       177, 253, 246, 63, 181, 253, 122, 247, 252, 215, 241, 253, 126,
       177, 87, 246, 246, 99, 115, 245, 126, 195, 119, 205, 186, 228, 91,
       122, 93, 245, 235, 215, 44, 85, 190, 82, 120, 249, 125, 120, 93,
       57, 47, 212, 21, 245, 111, 153, 172, 24, 5, 240, 29, 156, 73, 16,
       242, 51, 189, 88, 87, 32, 250, 191, 253, 255, 255, 255, 255, 223,
       155, 255, 255, 253, 250, 191, 123, 244, 93, 251, 247, 126, 251,
       247, 127, 243, 127, 247, 255, 247, 63, 127, 251, 247, 251, 223,
       108, 158, 255, 218, 125, 251, 253, 122, 223, 251, 253, 213, 117,
       245, 127, 191, 191, 154, 79, 248, 189, 222, 93, 56, 247, 115, 191,
       251, 223, 172, 251, 252, 254, 255, 253, 254, 255, 255, 253, 253,
       255, 254, 255, 223, 252, 251, 238, 251, 221, 251, 107, 253, 255,
       254, 253, 255, 127, 191, 183, 253, 223, 127, 255, 239, 107, 127,
       255, 222, 255, 253, 125, 255, 93, 251, 62, 223, 167, 255, 243,
       191, 189, 223, 237, 250, 191, 157, 93, 246, 254, 127, 255, 255,
       223, 42, 254, 254, 249, 255, 255, 247, 255, 255, 255, 255, 255,
       253, 254, 255, 254, 255, 255, 255, 247, 254, 255, 63, 255, 247,
       255, 255, 247, 255, 255, 255, 255, 254, 187, 223, 223, 255, 255,
       255, 255, 255, 127, 122, 255, 255, 125, 191, 255, 255, 191, 255,
       255, 191, 255, 253, 255, 255, 255, 247, 255, 253, 127, 255, 249,
       255, 255 ]
