%YAML:1.0
descriptors: !!opencv-matrix
   rows: 21
   cols: 64
   dt: u
   data: [ 255, 62, 231, 183, 223, 111, 15, 235, 254, 255, 218, 119, 255,
       239, 250, 246, 235, 213, 39, 99, 205, 167, 195, 118, 79, 223, 189,
       43, 210, 30, 51, 107, 215, 36, 85, 186, 82, 120, 233, 116, 112,
       92, 56, 47, 213, 20, 245, 109, 153, 172, 24, 5, 240, 29, 156, 73,
       16, 242, 51, 189, 88, 87, 32, 250, 255, 190, 255, 183, 254, 253,
       189, 254, 252, 255, 250, 255, 239, 255, 210, 252, 251, 213, 39,
       103, 109, 133, 231, 117, 79, 223, 189, 43, 210, 14, 114, 187, 215,
       36, 85, 186, 82, 120, 233, 244, 112, 92, 56, 47, 213, 20, 245,
       109, 153, 172, 24, 5, 240, 29, 156, 73, 16, 242, 51, 189, 88, 87,
       32, 250, 252, 58, 247, 183, 250, 127, 191, 255, 252, 253, 251,
       127, 255, 255, 250, 236, 251, 213, 103, 99, 253, 167, 231, 118,
       95, 255, 189, 175, 210, 142, 51, 251, 215, 36, 85, 186, 82, 120,
       233, 116, 120, 92, 56, 47, 213, 22, 245, 111, 153, 172, 24, 5,
       240, 29, 156, 73, 16, 242, 51, 189, 88, 87, 32, 250, 254, 249,
       255, 191, 254, 125, 253, 251, 254, 253, 253, 251, 255, 254, 255,
       253, 243, 213, 55, 103, 109, 133, 167, 117, 207, 223, 189, 59,
       219, 79, 118, 187, 243, 36, 85, 254, 82, 115, 233, 244, 242, 94,
       56, 47, 213, 22, 213, 109, 153, 172, 24, 5, 248, 29, 157, 73, 16,
       242, 51, 189, 88, 86, 34, 249, 254, 253, 255, 191, 254, 127, 189,
       255, 254, 253, 253, 251, 255, 254, 255, 253, 251, 213, 39, 103,
       109, 135, 231, 117, 207, 223, 253, 43, 211, 14, 114, 187, 247, 36,
       85, 190, 82, 120, 233, 244, 114, 94, 56, 47, 213, 22, 245, 109,
       153, 172, 24, 5, 240, 29, 156, 73, 16, 242, 51, 189, 88, 87, 34,
       251, 255, 241, 255, 191, 223, 103, 159, 222, 246, 239, 252, 187,
       255, 238, 183, 95, 251, 245, 35, 103, 105, 167, 199, 118, 78, 255,
       245, 43, 211, 14, 115, 123, 215, 36, 85, 190, 82, 120, 233, 124,
       112, 92, 56, 47, 213, 20, 245, 111, 153, 172, 24, 5, 240, 29, 156,
       73, 16, 242, 51, 189, 88, 87, 32, 250, 254, 241, 255, 183, 255,
       103, 157, 250, 214, 255, 252, 255, 255, 206, 179, 127, 251, 213,
       103, 103, 105, 167, 231, 119, 78, 255, 181, 43, 211, 30, 114, 251,
       247, 36, 85, 186, 82, 120, 233, 116, 112, 92, 56, 46, 213, 20,
       245, 111, 153, 172, 24, 5, 240, 29, 156, 73, 16, 242, 51, 189, 88,
       87, 32, 250, 254, 49, 255, 183, 255, 231, 191, 252, 244, 255, 252,
       127, 255, 239, 178, 126, 251, 213, 103, 103, 105, 167, 231, 52,
       78, 223, 189, 175, 210, 142, 114, 187, 215, 36, 87, 186, 82, 120,
       233, 116, 120, 92, 56, 47, 213, 21, 245, 109, 153, 172, 24, 5,
       240, 29, 156, 73, 16, 242, 51, 189, 88, 87, 32, 250, 255, 55, 247,
       181, 255, 119, 173, 250, 230, 253, 251, 115, 255, 254, 179, 119,
       251, 245, 39, 103, 105, 167, 198, 119, 78, 255, 181, 43, 210, 14,
       114, 251, 215, 36, 85, 190, 82, 120, 233, 124, 112, 92, 56, 47,
       213, 20, 245, 111, 153, 172, 24, 5, 240, 29, 156, 73, 16, 242, 51,
       189, 88, 87, 32, 250, 253, 57, 255, 183, 255, 103, 191, 254, 252,
       253, 255, 115, 255, 238, 179, 124, 251, 213, 103, 103, 253, 167,
       231, 119, 78, 255, 181, 175, 210, 10, 115, 251, 247, 36, 85, 186,
       82, 120, 233, 244, 120, 92, 56, 47, 213, 21, 245, 111, 153, 172,
       24, 5, 240, 29, 156, 73, 16, 242, 51, 189, 88, 87, 32, 250, 254,
       51, 247, 183, 255, 119, 173, 251, 230, 253, 249, 119, 255, 255,
       179, 119, 251, 213, 103, 103, 249, 133, 230, 119, 206, 255, 249,
       47, 210, 26, 114, 251, 215, 36, 85, 186, 82, 120, 233, 116, 112,
       92, 56, 47, 213, 20, 245, 111, 153, 172, 24, 5, 240, 29, 156, 73,
       16, 242, 51, 189, 88, 87, 32, 250, 254, 249, 255, 189, 223, 103,
       191, 254, 244, 253, 252, 255, 255, 238, 183, 127, 251, 213, 39,
       103, 237, 167, 230, 119, 78, 223, 181, 47, 211, 14, 114, 251, 247,
       36, 85, 186, 82, 120, 233, 244, 114, 92, 56, 47, 213, 20, 245,
       111, 153, 172, 24, 5, 240, 29, 156, 73, 16, 242, 51, 189, 88, 87,
       32, 250, 255, 51, 247, 183, 63, 119, 189, 250, 246, 255, 250, 115,
       255, 254, 178, 87, 251, 245, 39, 99, 233, 167, 227, 119, 78, 255,
       181, 43, 210, 14, 115, 251, 215, 36, 85, 186, 82, 120, 233, 124,
       112, 92, 56, 47, 213, 20, 245, 111, 153, 172, 24, 5, 240, 29, 156,
       73, 16, 242, 51, 189, 88, 87, 32, 250, 253, 59, 247, 183, 255,
       119, 191, 250, 254, 253, 251, 115, 255, 255, 178, 118, 251, 213,
       39, 99, 237, 167, 227, 119, 79, 255, 241, 47, 210, 14, 115, 123,
       215, 36, 85, 190, 82, 120, 233, 124, 112, 92, 56, 47, 213, 20,
       245, 111, 153, 172, 24, 5, 240, 29, 156, 73, 16, 242, 51, 189, 88,
       87, 32, 250, 255, 250, 255, 189, 255, 127, 189, 250, 254, 255,
       255, 251, 239, 251, 255, 255, 251, 213, 103, 99, 253, 135, 231,
       119, 79, 255, 245, 43, 211, 30, 115, 251, 243, 36, 85, 190, 82,
       120, 233, 244, 122, 92, 56, 47, 213, 22, 245, 111, 153, 172, 24,
       5, 240, 29, 156, 73, 16, 242, 51, 189, 88, 87, 32, 250, 191, 245,
       125, 254, 63, 189, 223, 121, 255, 255, 253, 250, 255, 122, 244,
       93, 243, 247, 103, 115, 247, 118, 243, 118, 253, 255, 247, 127,
       123, 127, 247, 235, 215, 44, 214, 190, 218, 120, 249, 245, 122,
       223, 57, 47, 213, 21, 245, 111, 153, 172, 24, 5, 240, 29, 156, 73,
       16, 242, 115, 189, 88, 87, 42, 251, 35, 146, 80, 131, 221, 128,
       131, 72, 102, 105, 2, 115, 164, 11, 160, 85, 226, 214, 5, 96, 192,
       2, 139, 116, 68, 152, 40, 43, 210, 8, 49, 111, 213, 36, 84, 186,
       82, 112, 41, 244, 81, 84, 24, 15, 192, 20, 248, 69, 153, 44, 24,
       4, 240, 28, 140, 73, 16, 242, 51, 188, 88, 87, 32, 248, 188, 250,
       255, 253, 58, 125, 249, 253, 253, 253, 254, 255, 127, 190, 251,
       238, 251, 220, 255, 107, 61, 217, 238, 188, 253, 255, 183, 187,
       255, 223, 127, 255, 245, 101, 125, 251, 214, 247, 249, 255, 251,
       93, 251, 62, 255, 167, 121, 177, 143, 173, 255, 189, 216, 159,
       149, 93, 208, 244, 105, 255, 223, 79, 35, 190, 187, 255, 255, 255,
       255, 253, 223, 185, 255, 255, 255, 251, 255, 127, 252, 253, 255,
       247, 126, 251, 245, 127, 243, 127, 255, 255, 247, 255, 127, 255,
       255, 255, 223, 108, 223, 255, 255, 121, 249, 125, 127, 223, 251,
       191, 245, 247, 255, 127, 191, 191, 159, 143, 250, 189, 159, 93,
       120, 247, 247, 255, 251, 223, 172, 254, 187, 252, 109, 206, 55,
       253, 221, 24, 255, 213, 189, 251, 255, 59, 116, 255, 243, 244, 62,
       121, 164, 118, 241, 118, 237, 255, 241, 59, 127, 123, 127, 123,
       215, 108, 54, 254, 218, 121, 249, 245, 242, 223, 57, 63, 210, 22,
       244, 111, 153, 175, 30, 5, 248, 29, 159, 77, 16, 246, 59, 189, 89,
       95, 34, 251, 255, 63, 255, 245, 255, 247, 189, 250, 254, 253, 255,
       251, 255, 254, 179, 127, 251, 245, 103, 99, 253, 167, 247, 119,
       207, 255, 245, 191, 90, 94, 119, 251, 215, 44, 87, 190, 82, 120,
       233, 124, 120, 92, 56, 47, 213, 21, 245, 111, 153, 172, 24, 5,
       240, 29, 156, 73, 16, 242, 51, 189, 88, 87, 32, 250 ]
