%YAML:1.0
descriptors: !!opencv-matrix
   rows: 4
   cols: 64
   dt: u
   data: [ 12, 33, 241, 144, 16, 5, 40, 103, 192, 198, 193, 52, 81, 128,
       145, 66, 226, 84, 67, 96, 3, 32, 192, 131, 28, 136, 164, 137, 64,
       140, 48, 200, 66, 4, 5, 186, 0, 120, 1, 84, 144, 64, 20, 14, 64,
       20, 129, 78, 25, 44, 24, 5, 112, 24, 20, 65, 0, 226, 51, 185, 72,
       6, 32, 243, 63, 181, 253, 246, 63, 181, 253, 126, 247, 252, 215,
       241, 125, 126, 177, 87, 246, 246, 99, 115, 245, 126, 209, 119,
       221, 170, 228, 219, 122, 221, 245, 235, 223, 44, 87, 190, 222,
       120, 249, 125, 120, 93, 127, 47, 212, 53, 247, 111, 153, 172, 24,
       5, 240, 29, 156, 73, 16, 242, 51, 189, 90, 87, 32, 250, 61, 178,
       125, 246, 63, 181, 189, 120, 246, 254, 212, 241, 253, 127, 176,
       85, 246, 222, 67, 115, 245, 114, 195, 255, 205, 186, 228, 251,
       122, 93, 245, 235, 223, 44, 85, 190, 95, 120, 233, 116, 124, 93,
       122, 47, 212, 53, 247, 111, 153, 172, 24, 5, 240, 29, 156, 73, 16,
       242, 51, 189, 88, 87, 32, 250, 63, 182, 125, 254, 62, 181, 189,
       121, 247, 254, 215, 245, 253, 127, 185, 87, 254, 222, 67, 99, 245,
       38, 195, 247, 205, 186, 228, 219, 90, 28, 245, 235, 215, 44, 85,
       190, 91, 120, 233, 116, 120, 92, 56, 47, 212, 53, 247, 111, 153,
       172, 24, 5, 240, 29, 156, 73, 16, 242, 51, 189, 88, 87, 32, 250 ]
