%YAML:1.0
descriptors: !!opencv-matrix
   rows: 3
   cols: 64
   dt: u
   data: [ 12, 33, 225, 176, 16, 7, 40, 103, 0, 198, 195, 20, 81, 160,
       153, 66, 130, 92, 67, 98, 1, 32, 192, 147, 28, 136, 164, 137, 64,
       140, 48, 200, 86, 4, 85, 186, 16, 120, 193, 84, 176, 80, 16, 14,
       68, 20, 193, 110, 153, 172, 24, 5, 240, 29, 156, 73, 0, 226, 51,
       185, 72, 86, 32, 242, 61, 255, 253, 206, 54, 255, 247, 57, 255,
       221, 78, 223, 157, 127, 252, 221, 255, 255, 249, 47, 244, 125, 82,
       247, 249, 127, 117, 244, 125, 210, 222, 169, 223, 98, 251, 180,
       255, 89, 251, 125, 125, 157, 186, 167, 245, 245, 119, 111, 189,
       188, 169, 79, 242, 13, 154, 221, 63, 214, 126, 239, 83, 255, 237,
       218, 108, 238, 239, 233, 106, 255, 247, 247, 61, 253, 206, 221,
       223, 61, 255, 238, 139, 249, 251, 107, 245, 125, 254, 251, 121,
       127, 29, 182, 109, 215, 63, 239, 223, 211, 99, 32, 247, 251, 253,
       62, 125, 61, 250, 39, 245, 181, 119, 235, 191, 236, 175, 221, 245,
       93, 152, 92, 126, 222, 255, 237, 219, 255, 111, 222 ]
