%YAML:1.0
descriptors: !!opencv-matrix
   rows: 7
   cols: 64
   dt: u
   data: [ 122, 253, 253, 222, 255, 207, 223, 41, 255, 69, 63, 252, 191,
       126, 252, 252, 255, 247, 126, 55, 214, 127, 147, 103, 255, 247,
       231, 127, 62, 251, 223, 237, 135, 239, 71, 158, 202, 91, 251, 127,
       113, 253, 229, 239, 189, 62, 253, 47, 197, 167, 145, 207, 190, 5,
       158, 255, 121, 118, 122, 191, 251, 253, 189, 254, 251, 254, 255,
       239, 255, 191, 223, 152, 255, 125, 253, 251, 175, 123, 118, 253,
       247, 247, 63, 255, 253, 111, 187, 125, 239, 255, 255, 127, 255,
       123, 255, 255, 247, 237, 158, 255, 218, 125, 253, 247, 255, 222,
       123, 63, 217, 27, 253, 23, 157, 189, 30, 5, 248, 191, 159, 239,
       88, 246, 51, 159, 220, 87, 54, 253, 12, 33, 225, 144, 16, 5, 41,
       127, 196, 198, 195, 52, 81, 6, 153, 66, 234, 84, 67, 98, 193, 32,
       192, 19, 12, 136, 164, 9, 82, 12, 48, 73, 86, 36, 85, 186, 18,
       122, 193, 84, 48, 80, 16, 14, 68, 20, 193, 110, 153, 172, 24, 5,
       240, 29, 156, 73, 16, 242, 51, 189, 72, 86, 32, 242, 63, 254, 236,
       232, 55, 255, 191, 57, 125, 255, 252, 250, 239, 63, 244, 95, 249,
       255, 111, 251, 245, 119, 211, 119, 245, 127, 249, 255, 126, 95,
       243, 227, 223, 108, 215, 190, 219, 120, 249, 125, 124, 92, 58,
       173, 215, 113, 247, 111, 155, 172, 24, 13, 240, 29, 222, 93, 48,
       246, 51, 189, 218, 211, 108, 250, 243, 255, 255, 223, 119, 94,
       221, 143, 111, 247, 45, 234, 191, 255, 126, 255, 191, 247, 60,
       191, 15, 253, 119, 47, 247, 215, 243, 127, 55, 59, 214, 51, 147,
       222, 223, 207, 202, 125, 250, 123, 118, 255, 233, 253, 191, 222,
       245, 62, 215, 171, 54, 223, 188, 245, 246, 255, 209, 255, 112,
       127, 253, 249, 217, 186, 108, 174, 239, 249, 106, 255, 231, 247,
       189, 253, 206, 157, 223, 253, 255, 238, 203, 249, 251, 107, 252,
       213, 222, 187, 91, 127, 156, 182, 105, 215, 59, 239, 223, 3, 71,
       57, 87, 255, 253, 124, 124, 125, 122, 55, 93, 181, 119, 227, 189,
       236, 159, 157, 241, 93, 156, 92, 126, 252, 111, 189, 219, 87, 43,
       254, 58, 223, 125, 234, 183, 125, 151, 57, 255, 94, 126, 95, 61,
       127, 125, 245, 247, 246, 67, 244, 116, 114, 145, 118, 249, 253,
       101, 89, 255, 210, 254, 185, 214, 108, 215, 180, 255, 82, 217,
       124, 254, 223, 30, 191, 84, 247, 244, 78, 187, 173, 157, 13, 250,
       29, 159, 89, 56, 242, 127, 188, 90, 223, 46, 248 ]
