%YAML:1.0
descriptors: !!opencv-matrix
   rows: 7
   cols: 64
   dt: u
   data: [ 191, 254, 125, 255, 63, 189, 255, 120, 255, 255, 253, 251,
       255, 123, 244, 95, 242, 247, 127, 123, 245, 119, 243, 127, 237,
       255, 247, 255, 127, 127, 247, 255, 215, 108, 214, 254, 214, 121,
       249, 253, 122, 223, 123, 63, 209, 23, 245, 111, 153, 175, 24, 5,
       248, 29, 159, 77, 16, 246, 51, 191, 251, 223, 42, 255, 175, 254,
       239, 235, 255, 253, 183, 249, 253, 255, 254, 251, 255, 127, 251,
       237, 235, 253, 107, 99, 253, 119, 223, 124, 93, 255, 189, 191,
       126, 87, 115, 255, 215, 44, 87, 186, 83, 120, 233, 124, 120, 92,
       122, 47, 213, 119, 247, 111, 153, 172, 24, 5, 240, 29, 156, 73,
       16, 242, 51, 189, 218, 87, 32, 250, 204, 232, 211, 247, 216, 230,
       253, 207, 204, 235, 105, 255, 131, 198, 211, 234, 235, 213, 53,
       99, 143, 173, 238, 123, 15, 223, 179, 47, 211, 11, 51, 127, 87,
       39, 125, 219, 82, 253, 237, 118, 113, 76, 56, 47, 223, 28, 253,
       183, 137, 172, 88, 5, 240, 30, 156, 73, 144, 240, 49, 189, 92, 87,
       32, 186, 61, 190, 253, 236, 63, 253, 189, 127, 253, 252, 222, 245,
       253, 124, 189, 213, 255, 252, 227, 123, 245, 118, 211, 247, 253,
       255, 244, 251, 126, 215, 247, 239, 223, 108, 87, 190, 255, 122,
       233, 124, 124, 93, 126, 47, 213, 53, 247, 111, 185, 172, 24, 13,
       242, 29, 156, 73, 54, 242, 55, 189, 91, 95, 32, 250, 69, 38, 65,
       160, 217, 34, 35, 78, 160, 110, 128, 54, 1, 139, 131, 67, 194, 84,
       1, 100, 73, 128, 136, 56, 78, 136, 168, 1, 210, 8, 33, 73, 112,
       36, 20, 187, 0, 112, 5, 212, 0, 64, 24, 10, 64, 16, 64, 196, 25,
       36, 88, 4, 64, 30, 132, 9, 144, 224, 33, 156, 76, 70, 32, 177,
       187, 245, 109, 254, 55, 61, 89, 62, 247, 215, 245, 248, 127, 56,
       116, 255, 242, 244, 118, 123, 54, 122, 241, 119, 253, 171, 231,
       59, 127, 249, 124, 233, 246, 108, 54, 254, 218, 121, 241, 253,
       210, 223, 253, 63, 210, 22, 241, 110, 157, 175, 30, 5, 248, 29,
       159, 77, 56, 246, 123, 223, 121, 222, 34, 251, 186, 253, 255, 255,
       55, 253, 221, 187, 255, 255, 253, 250, 255, 126, 254, 255, 251,
       247, 126, 251, 247, 127, 243, 127, 253, 247, 247, 191, 127, 251,
       255, 251, 207, 108, 207, 254, 254, 125, 251, 125, 122, 223, 247,
       253, 247, 117, 245, 127, 191, 191, 159, 207, 250, 189, 254, 85,
       120, 247, 255, 255, 251, 255, 238, 254 ]
