%YAML:1.0
descriptors: !!opencv-matrix
   rows: 22
   cols: 64
   dt: u
   data: [ 61, 190, 255, 237, 63, 255, 253, 255, 253, 254, 218, 245, 111,
       125, 251, 237, 251, 252, 235, 59, 245, 95, 254, 255, 243, 111,
       118, 182, 125, 87, 127, 239, 255, 234, 255, 53, 255, 254, 249, 53,
       125, 124, 235, 190, 255, 227, 119, 235, 186, 254, 60, 223, 246,
       189, 220, 92, 182, 214, 247, 239, 251, 255, 237, 246, 62, 51, 117,
       150, 54, 21, 25, 122, 230, 94, 209, 48, 125, 123, 176, 84, 242,
       212, 67, 96, 193, 34, 193, 119, 204, 168, 164, 9, 82, 140, 113,
       233, 215, 36, 87, 190, 82, 120, 193, 116, 112, 92, 24, 15, 212,
       20, 229, 79, 153, 172, 24, 5, 240, 29, 156, 73, 16, 242, 51, 189,
       88, 87, 32, 250, 63, 54, 125, 182, 63, 181, 185, 120, 246, 124,
       214, 113, 125, 123, 176, 85, 242, 246, 67, 98, 241, 34, 209, 118,
       204, 186, 228, 139, 82, 28, 241, 235, 215, 44, 87, 190, 83, 120,
       233, 124, 120, 92, 56, 47, 212, 53, 247, 111, 153, 172, 24, 5,
       240, 29, 156, 73, 16, 242, 51, 189, 88, 87, 32, 250, 60, 54, 125,
       182, 63, 181, 61, 121, 246, 126, 211, 113, 125, 127, 176, 84, 242,
       212, 67, 98, 245, 34, 193, 118, 204, 170, 228, 155, 82, 28, 241,
       235, 215, 44, 85, 190, 82, 120, 233, 116, 120, 92, 56, 47, 212,
       53, 247, 111, 153, 172, 24, 5, 240, 29, 156, 73, 16, 242, 51, 189,
       88, 87, 32, 250, 236, 238, 239, 253, 122, 127, 245, 247, 189, 252,
       236, 253, 95, 182, 255, 238, 139, 221, 251, 107, 245, 221, 254,
       187, 127, 111, 157, 183, 109, 215, 63, 255, 255, 67, 119, 240,
       247, 255, 253, 124, 250, 63, 254, 54, 253, 183, 119, 235, 189,
       236, 239, 157, 211, 125, 157, 76, 118, 254, 239, 253, 219, 95, 47,
       255, 61, 182, 125, 166, 62, 181, 189, 120, 244, 252, 213, 241,
       125, 126, 176, 85, 242, 220, 67, 99, 241, 34, 193, 119, 204, 170,
       164, 139, 82, 12, 113, 235, 215, 36, 85, 190, 83, 120, 233, 116,
       120, 92, 56, 47, 212, 21, 247, 111, 153, 172, 24, 5, 240, 29, 156,
       73, 16, 242, 51, 189, 88, 87, 32, 250, 61, 54, 125, 166, 63, 181,
       189, 120, 244, 126, 211, 113, 109, 127, 145, 84, 242, 220, 67, 98,
       241, 34, 193, 247, 204, 170, 228, 155, 82, 12, 113, 235, 223, 36,
       85, 190, 83, 120, 233, 116, 120, 92, 56, 47, 212, 53, 247, 111,
       153, 172, 24, 5, 240, 29, 156, 73, 16, 242, 51, 189, 88, 87, 32,
       250, 63, 52, 125, 182, 63, 189, 57, 124, 244, 126, 215, 117, 125,
       123, 156, 84, 250, 220, 67, 99, 245, 34, 193, 119, 205, 170, 228,
       155, 90, 28, 113, 235, 215, 44, 85, 190, 83, 120, 233, 116, 120,
       92, 56, 47, 212, 53, 247, 111, 153, 172, 24, 5, 240, 29, 156, 73,
       16, 242, 51, 189, 88, 87, 32, 250, 62, 54, 117, 182, 62, 181, 185,
       127, 246, 252, 211, 53, 109, 119, 177, 87, 246, 222, 67, 115, 241,
       34, 193, 247, 204, 138, 228, 203, 82, 28, 241, 234, 215, 44, 85,
       190, 91, 120, 233, 116, 120, 92, 56, 47, 212, 53, 247, 111, 153,
       172, 24, 5, 240, 29, 156, 73, 16, 242, 51, 189, 88, 87, 32, 250,
       63, 53, 125, 54, 63, 181, 189, 121, 246, 254, 212, 113, 125, 110,
       177, 86, 246, 222, 3, 243, 225, 34, 193, 119, 204, 138, 228, 203,
       82, 28, 241, 235, 215, 44, 85, 190, 91, 120, 233, 116, 120, 92,
       56, 47, 212, 21, 247, 111, 153, 172, 24, 5, 240, 29, 156, 73, 16,
       242, 51, 189, 88, 87, 32, 250, 250, 249, 255, 223, 119, 223, 95,
       191, 255, 247, 61, 250, 191, 254, 54, 94, 255, 247, 122, 255, 159,
       255, 243, 119, 223, 247, 247, 127, 123, 251, 214, 107, 215, 63,
       215, 255, 218, 125, 254, 123, 112, 95, 253, 109, 183, 60, 245, 47,
       223, 174, 153, 207, 242, 125, 252, 223, 121, 255, 115, 255, 121,
       241, 249, 250, 63, 55, 117, 162, 55, 53, 13, 88, 230, 94, 211, 48,
       109, 11, 177, 87, 242, 244, 3, 96, 225, 34, 193, 118, 204, 136,
       228, 9, 82, 28, 113, 233, 215, 44, 85, 190, 82, 120, 129, 116,
       112, 92, 56, 47, 212, 20, 229, 111, 153, 172, 24, 5, 240, 29, 156,
       73, 16, 242, 51, 189, 88, 87, 32, 250, 62, 51, 125, 178, 55, 53,
       13, 125, 230, 110, 211, 52, 125, 47, 185, 87, 242, 212, 67, 96,
       225, 34, 193, 118, 76, 136, 228, 9, 82, 28, 113, 233, 215, 44, 85,
       190, 82, 120, 129, 116, 112, 92, 24, 47, 212, 20, 229, 111, 153,
       172, 24, 5, 240, 29, 156, 73, 16, 242, 51, 189, 88, 87, 32, 250,
       63, 55, 125, 178, 55, 53, 13, 124, 230, 78, 211, 48, 109, 11, 177,
       87, 242, 212, 3, 112, 225, 34, 193, 118, 204, 168, 228, 9, 82, 28,
       113, 105, 215, 44, 85, 190, 82, 120, 129, 116, 112, 92, 56, 47,
       212, 20, 229, 79, 153, 172, 24, 5, 240, 29, 156, 73, 16, 242, 51,
       189, 88, 87, 32, 250, 62, 51, 117, 166, 55, 53, 45, 125, 230, 94,
       211, 52, 125, 63, 177, 85, 242, 212, 67, 96, 225, 34, 193, 118,
       76, 136, 164, 9, 82, 28, 113, 233, 215, 36, 85, 186, 82, 120, 137,
       116, 112, 92, 24, 47, 212, 20, 229, 111, 153, 172, 24, 5, 240, 29,
       156, 73, 16, 242, 51, 189, 88, 87, 32, 250, 63, 51, 117, 166, 55,
       53, 45, 126, 230, 70, 211, 48, 125, 63, 177, 87, 250, 244, 3, 96,
       225, 34, 193, 118, 76, 168, 164, 9, 82, 12, 113, 233, 215, 36, 85,
       190, 82, 120, 129, 124, 112, 92, 56, 47, 212, 20, 229, 79, 153,
       172, 24, 5, 240, 29, 156, 73, 16, 242, 51, 189, 88, 87, 32, 250,
       62, 51, 117, 162, 23, 53, 13, 127, 230, 206, 210, 52, 125, 47,
       177, 87, 242, 212, 67, 96, 225, 34, 193, 119, 204, 136, 228, 9,
       82, 24, 113, 233, 215, 36, 85, 190, 82, 120, 137, 116, 112, 92,
       24, 46, 212, 20, 229, 111, 153, 172, 24, 5, 240, 29, 156, 73, 16,
       242, 51, 189, 88, 87, 32, 250, 63, 55, 117, 178, 55, 53, 45, 94,
       230, 94, 211, 48, 125, 46, 177, 87, 250, 244, 3, 96, 225, 34, 193,
       118, 76, 168, 228, 9, 82, 12, 113, 105, 215, 36, 85, 190, 82, 120,
       129, 124, 112, 92, 56, 47, 212, 20, 229, 111, 153, 172, 24, 5,
       240, 29, 156, 73, 16, 242, 51, 189, 88, 87, 32, 250, 62, 49, 125,
       180, 55, 37, 29, 127, 246, 198, 213, 52, 125, 47, 177, 87, 242,
       212, 67, 96, 241, 34, 193, 118, 76, 168, 164, 9, 82, 28, 113, 233,
       215, 36, 85, 186, 82, 120, 193, 116, 112, 92, 24, 46, 212, 20,
       229, 111, 153, 172, 24, 5, 240, 29, 156, 73, 16, 242, 51, 189, 88,
       87, 32, 250, 63, 53, 125, 186, 23, 53, 25, 94, 246, 78, 208, 52,
       125, 46, 177, 87, 242, 244, 3, 96, 225, 34, 193, 119, 76, 168,
       228, 9, 82, 28, 113, 105, 215, 36, 85, 190, 82, 120, 129, 116,
       112, 92, 24, 15, 212, 20, 229, 111, 153, 172, 24, 5, 240, 29, 156,
       73, 16, 242, 51, 189, 88, 87, 32, 250, 62, 49, 125, 182, 55, 55,
       57, 126, 244, 126, 213, 52, 125, 111, 177, 87, 242, 212, 67, 98,
       225, 34, 193, 119, 76, 170, 164, 153, 82, 156, 113, 233, 215, 36,
       87, 190, 82, 120, 193, 116, 120, 92, 56, 47, 212, 21, 229, 111,
       153, 172, 24, 5, 240, 29, 156, 73, 16, 242, 51, 189, 88, 87, 32,
       250, 61, 55, 117, 166, 50, 181, 57, 123, 230, 84, 215, 53, 125,
       123, 176, 84, 242, 212, 67, 96, 241, 34, 193, 119, 204, 168, 164,
       137, 82, 12, 113, 233, 215, 36, 85, 190, 82, 120, 201, 116, 120,
       92, 24, 15, 212, 20, 245, 111, 153, 172, 24, 5, 240, 29, 156, 73,
       16, 242, 51, 189, 88, 87, 32, 250 ]
