%YAML:1.0
descriptors: !!opencv-matrix
   rows: 11
   cols: 64
   dt: u
   data: [ 255, 253, 255, 255, 55, 127, 221, 187, 255, 223, 253, 251,
       255, 251, 246, 255, 251, 247, 126, 255, 55, 255, 247, 119, 247,
       255, 247, 191, 127, 251, 254, 187, 206, 111, 190, 255, 254, 125,
       251, 253, 126, 223, 255, 255, 223, 119, 245, 111, 255, 191, 159,
       207, 250, 191, 255, 93, 120, 247, 255, 255, 255, 253, 175, 223,
       35, 20, 80, 2, 29, 128, 5, 8, 230, 0, 0, 97, 44, 11, 36, 21, 102,
       246, 1, 144, 192, 34, 145, 102, 68, 152, 224, 11, 18, 24, 193, 97,
       149, 44, 84, 190, 82, 56, 33, 116, 64, 84, 24, 139, 208, 80, 244,
       79, 152, 172, 24, 4, 240, 28, 156, 73, 16, 178, 51, 188, 88, 87,
       32, 248, 61, 52, 117, 166, 63, 165, 189, 122, 244, 124, 209, 113,
       125, 111, 176, 84, 242, 220, 67, 96, 241, 34, 193, 247, 204, 168,
       228, 139, 82, 4, 113, 235, 223, 36, 85, 190, 83, 120, 233, 116,
       120, 92, 56, 47, 212, 53, 247, 111, 153, 172, 24, 5, 240, 29, 156,
       73, 16, 242, 51, 189, 88, 87, 32, 250, 60, 50, 125, 182, 63, 181,
       189, 120, 244, 126, 215, 113, 125, 127, 176, 68, 242, 220, 67, 98,
       245, 34, 193, 247, 76, 170, 164, 155, 82, 28, 113, 235, 223, 36,
       85, 190, 83, 120, 233, 116, 120, 92, 56, 47, 212, 53, 247, 111,
       153, 172, 24, 5, 240, 29, 156, 73, 16, 242, 51, 189, 88, 87, 32,
       250, 63, 55, 125, 180, 63, 53, 57, 126, 244, 254, 212, 53, 125,
       123, 177, 87, 242, 220, 67, 99, 245, 34, 193, 119, 204, 170, 228,
       139, 82, 28, 113, 235, 215, 36, 85, 190, 82, 120, 233, 116, 120,
       92, 56, 47, 212, 21, 247, 111, 153, 172, 24, 5, 240, 29, 156, 73,
       16, 242, 51, 189, 88, 87, 32, 250, 243, 222, 222, 219, 239, 158,
       159, 137, 239, 119, 57, 202, 175, 255, 110, 29, 253, 247, 60, 183,
       206, 215, 147, 109, 215, 215, 251, 127, 190, 59, 199, 35, 151,
       237, 223, 79, 234, 93, 254, 107, 100, 94, 104, 249, 213, 88, 245,
       53, 215, 143, 16, 5, 245, 229, 222, 255, 89, 255, 176, 61, 252,
       209, 88, 250, 60, 50, 125, 180, 62, 189, 61, 125, 244, 126, 215,
       113, 125, 127, 176, 86, 242, 220, 67, 99, 245, 34, 193, 118, 204,
       170, 228, 155, 82, 28, 113, 235, 215, 36, 85, 190, 82, 120, 233,
       116, 120, 92, 56, 47, 212, 53, 247, 111, 153, 172, 24, 5, 240, 29,
       156, 73, 16, 242, 51, 189, 88, 87, 32, 250, 61, 176, 125, 190, 63,
       181, 189, 120, 244, 254, 213, 241, 125, 126, 181, 84, 242, 220,
       67, 99, 241, 34, 193, 118, 204, 170, 228, 155, 82, 28, 117, 235,
       215, 36, 85, 190, 83, 120, 233, 116, 120, 92, 56, 47, 212, 21,
       247, 111, 153, 172, 24, 5, 240, 29, 156, 73, 16, 242, 51, 189, 88,
       87, 32, 250, 63, 55, 117, 166, 55, 181, 45, 124, 230, 86, 211, 52,
       125, 63, 177, 87, 242, 246, 3, 96, 225, 34, 193, 118, 204, 168,
       224, 73, 82, 12, 241, 105, 215, 36, 85, 190, 82, 120, 129, 116,
       112, 92, 24, 47, 212, 20, 229, 79, 153, 172, 24, 5, 240, 29, 156,
       73, 16, 242, 51, 189, 88, 87, 32, 250, 62, 50, 117, 162, 23, 181,
       45, 120, 230, 94, 210, 53, 125, 47, 177, 87, 242, 212, 3, 96, 225,
       34, 193, 118, 204, 136, 228, 9, 82, 28, 113, 233, 215, 36, 85,
       190, 82, 120, 137, 116, 112, 92, 24, 47, 212, 20, 229, 111, 153,
       172, 24, 5, 240, 29, 156, 73, 16, 242, 51, 189, 88, 87, 32, 250,
       63, 50, 117, 162, 55, 181, 45, 92, 230, 94, 211, 52, 125, 46, 177,
       87, 242, 246, 3, 96, 225, 34, 193, 118, 204, 136, 228, 9, 82, 28,
       241, 233, 215, 36, 85, 190, 82, 120, 129, 116, 112, 92, 56, 47,
       212, 20, 229, 111, 153, 172, 24, 5, 240, 29, 156, 73, 16, 242, 51,
       189, 88, 87, 32, 250 ]
