%YAML:1.0
descriptors: !!opencv-matrix
   rows: 12
   cols: 64
   dt: u
   data: [ 191, 245, 253, 254, 55, 127, 125, 127, 247, 196, 253, 248,
       127, 250, 180, 254, 251, 244, 103, 123, 55, 122, 241, 55, 253,
       191, 231, 153, 123, 250, 124, 233, 210, 44, 182, 254, 194, 120,
       209, 253, 122, 219, 189, 111, 210, 53, 245, 110, 155, 174, 151,
       13, 248, 29, 150, 93, 56, 242, 123, 255, 123, 222, 174, 251, 254,
       59, 255, 247, 254, 247, 251, 255, 255, 253, 214, 123, 255, 250,
       178, 222, 250, 213, 127, 111, 125, 159, 230, 53, 239, 251, 253,
       63, 254, 91, 126, 191, 215, 45, 20, 255, 86, 125, 249, 116, 216,
       93, 123, 31, 201, 164, 217, 125, 157, 173, 30, 5, 248, 31, 158,
       73, 80, 246, 51, 157, 93, 23, 32, 251, 108, 33, 225, 176, 16, 39,
       105, 111, 196, 230, 195, 52, 81, 198, 145, 66, 226, 84, 3, 102, 7,
       168, 196, 23, 12, 138, 166, 137, 66, 140, 48, 200, 114, 38, 85,
       186, 0, 122, 65, 84, 16, 96, 20, 14, 66, 20, 193, 78, 25, 44, 24,
       5, 112, 28, 148, 73, 16, 242, 51, 185, 72, 6, 33, 242, 255, 252,
       247, 245, 255, 239, 255, 249, 221, 255, 251, 255, 255, 206, 251,
       253, 251, 253, 127, 103, 125, 159, 182, 60, 191, 255, 255, 191,
       223, 95, 118, 191, 99, 45, 127, 255, 214, 119, 253, 253, 123, 92,
       247, 191, 223, 63, 255, 181, 140, 189, 94, 141, 250, 191, 157, 65,
       208, 180, 113, 191, 223, 223, 40, 190, 189, 254, 255, 205, 250,
       253, 247, 253, 253, 253, 254, 255, 255, 63, 255, 236, 251, 245,
       255, 43, 245, 115, 255, 252, 253, 255, 61, 183, 239, 223, 127,
       255, 205, 100, 79, 254, 246, 251, 249, 124, 255, 221, 107, 183,
       213, 182, 253, 97, 189, 189, 159, 45, 250, 29, 159, 93, 54, 246,
       255, 173, 219, 223, 42, 254, 251, 253, 239, 255, 55, 127, 93, 143,
       255, 215, 61, 250, 191, 255, 254, 223, 187, 247, 62, 255, 47, 255,
       247, 55, 255, 215, 247, 63, 127, 251, 246, 169, 214, 126, 215,
       255, 202, 125, 250, 125, 118, 255, 253, 125, 183, 92, 245, 46,
       223, 175, 30, 199, 250, 61, 246, 95, 25, 247, 113, 255, 125, 253,
       251, 251, 126, 63, 255, 254, 55, 125, 125, 255, 255, 254, 255,
       181, 127, 254, 255, 254, 251, 212, 99, 123, 125, 214, 231, 183,
       223, 171, 228, 153, 123, 220, 254, 235, 249, 44, 85, 254, 222,
       118, 209, 125, 250, 95, 127, 62, 212, 183, 193, 110, 155, 172, 30,
       5, 242, 29, 157, 77, 144, 242, 59, 189, 91, 86, 34, 251, 62, 241,
       125, 254, 54, 127, 95, 127, 247, 86, 253, 180, 125, 126, 253, 246,
       255, 246, 67, 246, 119, 114, 213, 182, 253, 175, 228, 217, 123,
       254, 253, 233, 214, 44, 151, 254, 218, 114, 217, 125, 250, 223,
       61, 47, 212, 183, 229, 110, 155, 172, 159, 15, 250, 29, 159, 93,
       56, 242, 123, 189, 123, 222, 42, 251, 190, 249, 127, 255, 191,
       253, 249, 254, 255, 255, 253, 249, 127, 251, 252, 255, 251, 214,
       127, 123, 253, 250, 165, 63, 239, 191, 231, 187, 255, 95, 253,
       255, 240, 108, 60, 255, 222, 119, 177, 245, 219, 223, 255, 30,
       218, 183, 202, 94, 141, 189, 94, 133, 232, 159, 151, 77, 152, 246,
       59, 222, 93, 30, 34, 189, 62, 49, 117, 166, 55, 37, 61, 126, 228,
       68, 209, 52, 125, 46, 176, 85, 242, 212, 67, 96, 225, 34, 193,
       118, 76, 136, 164, 137, 82, 12, 113, 233, 215, 36, 85, 190, 82,
       120, 137, 116, 120, 92, 24, 47, 212, 21, 229, 111, 153, 172, 24,
       5, 240, 29, 156, 73, 16, 242, 51, 189, 88, 87, 32, 250, 63, 49,
       125, 162, 22, 37, 61, 122, 244, 78, 211, 48, 125, 46, 177, 87,
       242, 212, 67, 96, 241, 34, 193, 119, 76, 168, 164, 137, 82, 28,
       113, 233, 215, 36, 85, 186, 83, 120, 129, 116, 120, 92, 56, 47,
       212, 21, 231, 79, 153, 172, 24, 5, 240, 29, 156, 73, 16, 242, 51,
       189, 88, 87, 32, 250, 62, 51, 117, 182, 54, 181, 61, 123, 228, 86,
       211, 48, 125, 63, 176, 86, 242, 212, 67, 96, 225, 34, 193, 119,
       76, 136, 164, 137, 82, 140, 113, 233, 215, 36, 85, 186, 82, 120,
       129, 116, 120, 92, 24, 47, 212, 20, 229, 79, 153, 172, 24, 5, 240,
       29, 156, 73, 16, 242, 51, 189, 88, 87, 32, 250 ]
