%YAML:1.0
descriptors: !!opencv-matrix
   rows: 18
   cols: 64
   dt: u
   data: [ 198, 2, 1, 147, 217, 130, 2, 200, 2, 33, 2, 6, 130, 194, 130,
       1, 66, 69, 29, 6, 202, 173, 138, 72, 14, 210, 26, 7, 146, 9, 1,
       95, 19, 167, 84, 27, 0, 244, 39, 150, 1, 96, 8, 72, 9, 12, 73,
       147, 64, 36, 16, 52, 5, 114, 132, 171, 80, 40, 160, 29, 76, 4, 49,
       180, 125, 255, 255, 252, 127, 255, 255, 123, 253, 252, 254, 255,
       255, 255, 255, 237, 251, 253, 251, 59, 245, 127, 211, 255, 255,
       255, 247, 183, 126, 223, 127, 239, 223, 107, 215, 181, 255, 122,
       249, 125, 124, 125, 251, 175, 253, 51, 247, 111, 189, 174, 152,
       79, 240, 61, 156, 93, 62, 246, 119, 191, 251, 223, 173, 254, 253,
       63, 255, 249, 254, 191, 123, 251, 253, 127, 214, 59, 255, 251,
       191, 92, 242, 213, 123, 102, 255, 207, 202, 127, 94, 234, 190,
       191, 222, 29, 122, 175, 215, 39, 84, 255, 82, 127, 245, 118, 248,
       222, 216, 31, 217, 140, 201, 151, 157, 172, 24, 133, 241, 253,
       159, 203, 80, 254, 123, 159, 92, 87, 50, 243, 60, 190, 255, 253,
       62, 255, 241, 127, 253, 252, 214, 253, 255, 127, 191, 236, 251,
       189, 251, 123, 245, 127, 223, 255, 255, 126, 118, 247, 109, 215,
       255, 239, 223, 234, 111, 52, 255, 250, 249, 127, 125, 93, 255,
       166, 253, 245, 247, 107, 191, 254, 137, 203, 246, 29, 156, 93, 62,
       246, 247, 239, 251, 255, 175, 222, 62, 49, 125, 150, 23, 7, 29,
       127, 246, 68, 21, 48, 61, 47, 176, 86, 242, 214, 65, 96, 193, 34,
       193, 119, 76, 136, 164, 9, 82, 152, 113, 105, 215, 36, 85, 186,
       82, 120, 129, 116, 112, 92, 24, 15, 212, 20, 229, 79, 153, 172,
       24, 5, 240, 29, 156, 73, 16, 242, 51, 189, 88, 87, 32, 250, 61,
       54, 125, 182, 63, 189, 189, 121, 244, 254, 215, 113, 125, 123,
       185, 85, 242, 220, 67, 99, 245, 98, 193, 118, 205, 170, 228, 155,
       122, 92, 245, 235, 215, 36, 85, 190, 83, 120, 233, 116, 120, 92,
       56, 47, 212, 53, 247, 111, 153, 172, 24, 5, 240, 29, 156, 73, 16,
       242, 51, 189, 88, 87, 32, 250, 191, 254, 127, 233, 254, 253, 183,
       249, 239, 215, 255, 250, 255, 63, 254, 252, 251, 213, 127, 109,
       191, 87, 130, 116, 255, 255, 61, 191, 255, 159, 115, 187, 215,
       100, 85, 222, 66, 121, 253, 126, 126, 223, 56, 63, 213, 30, 252,
       53, 155, 173, 17, 5, 248, 29, 159, 77, 24, 246, 49, 189, 88, 87,
       32, 250, 61, 52, 117, 166, 63, 165, 61, 125, 212, 108, 209, 113,
       125, 110, 176, 84, 242, 220, 67, 97, 241, 34, 193, 119, 204, 170,
       228, 139, 82, 12, 113, 235, 215, 36, 85, 190, 83, 120, 233, 116,
       120, 92, 56, 47, 212, 53, 247, 111, 153, 172, 24, 5, 240, 29, 156,
       73, 16, 242, 51, 189, 88, 87, 32, 250, 60, 50, 125, 182, 63, 181,
       189, 120, 244, 126, 212, 113, 125, 127, 176, 68, 242, 212, 67, 98,
       241, 34, 193, 247, 204, 170, 228, 159, 90, 92, 113, 235, 223, 36,
       85, 190, 82, 120, 233, 116, 120, 92, 56, 47, 212, 53, 247, 111,
       153, 172, 24, 5, 240, 29, 156, 73, 16, 242, 51, 189, 88, 87, 32,
       250, 60, 54, 125, 182, 63, 189, 57, 127, 244, 126, 210, 53, 125,
       123, 152, 86, 250, 220, 67, 112, 245, 34, 193, 247, 221, 170, 228,
       139, 82, 156, 113, 235, 223, 44, 85, 190, 91, 120, 233, 124, 120,
       92, 56, 47, 212, 53, 247, 111, 153, 172, 24, 5, 240, 29, 156, 73,
       16, 242, 51, 189, 88, 87, 32, 250, 251, 253, 255, 223, 119, 255,
       223, 191, 255, 247, 149, 250, 191, 254, 62, 223, 255, 247, 122,
       255, 191, 127, 211, 119, 255, 247, 247, 127, 127, 251, 246, 235,
       215, 127, 247, 255, 218, 125, 250, 127, 112, 223, 253, 111, 191,
       60, 245, 111, 223, 174, 152, 207, 240, 61, 188, 223, 113, 247,
       123, 255, 251, 253, 189, 250, 191, 255, 255, 255, 255, 255, 221,
       250, 255, 255, 253, 251, 255, 254, 254, 221, 251, 247, 127, 123,
       247, 127, 211, 119, 239, 255, 247, 255, 127, 127, 247, 251, 215,
       110, 215, 254, 218, 121, 251, 117, 120, 95, 251, 127, 213, 53,
       245, 111, 157, 190, 24, 71, 240, 29, 156, 73, 16, 246, 115, 191,
       121, 95, 165, 250, 63, 55, 117, 162, 55, 53, 45, 126, 230, 94,
       210, 49, 109, 63, 177, 87, 242, 244, 3, 96, 225, 34, 193, 118, 76,
       168, 164, 9, 82, 12, 113, 233, 215, 36, 85, 190, 82, 120, 129,
       116, 112, 92, 56, 47, 212, 16, 229, 111, 153, 172, 24, 5, 240, 29,
       156, 73, 16, 242, 51, 189, 88, 87, 32, 250, 62, 51, 117, 178, 55,
       53, 45, 126, 230, 222, 209, 52, 125, 47, 177, 87, 242, 212, 3, 96,
       225, 34, 193, 118, 204, 136, 228, 9, 82, 24, 113, 233, 215, 36,
       85, 190, 82, 120, 201, 116, 112, 92, 56, 47, 212, 20, 229, 111,
       153, 172, 24, 5, 240, 29, 156, 73, 16, 242, 51, 189, 88, 87, 32,
       250, 63, 55, 117, 164, 55, 53, 41, 126, 230, 84, 211, 52, 125, 58,
       177, 87, 250, 244, 3, 96, 225, 34, 192, 119, 204, 168, 228, 9, 82,
       12, 113, 233, 215, 36, 85, 190, 82, 120, 129, 124, 112, 92, 24,
       15, 212, 20, 229, 79, 153, 172, 24, 5, 240, 29, 156, 73, 16, 242,
       51, 189, 88, 87, 32, 250, 62, 51, 117, 182, 55, 53, 13, 126, 230,
       70, 209, 52, 125, 63, 177, 87, 242, 212, 67, 96, 241, 34, 193,
       118, 204, 168, 228, 9, 82, 28, 241, 233, 215, 36, 85, 190, 82,
       120, 193, 116, 112, 92, 24, 46, 212, 20, 229, 111, 153, 172, 24,
       5, 240, 29, 156, 73, 16, 242, 51, 189, 88, 87, 32, 250, 63, 49,
       125, 182, 55, 37, 29, 94, 230, 70, 211, 52, 125, 46, 177, 87, 250,
       244, 3, 96, 225, 34, 193, 119, 204, 168, 228, 9, 82, 28, 241, 233,
       215, 36, 87, 190, 82, 120, 129, 92, 112, 92, 24, 15, 212, 20, 229,
       79, 153, 172, 24, 5, 240, 29, 156, 73, 16, 242, 51, 189, 88, 87,
       32, 250, 60, 49, 117, 166, 59, 39, 61, 126, 244, 68, 213, 53, 125,
       111, 176, 84, 242, 212, 67, 96, 225, 34, 193, 119, 76, 168, 164,
       9, 82, 140, 113, 233, 215, 36, 85, 186, 82, 120, 201, 116, 120,
       92, 24, 47, 212, 21, 245, 111, 153, 172, 24, 5, 240, 29, 156, 73,
       16, 242, 51, 189, 88, 87, 32, 250 ]
