%YAML:1.0
descriptors: !!opencv-matrix
   rows: 10
   cols: 64
   dt: u
   data: [ 255, 59, 247, 183, 55, 119, 189, 254, 246, 255, 250, 243, 255,
       254, 179, 119, 251, 213, 39, 103, 109, 167, 231, 119, 205, 223,
       245, 43, 82, 14, 114, 251, 215, 36, 85, 190, 82, 120, 233, 116,
       112, 92, 56, 47, 213, 20, 245, 111, 153, 172, 24, 5, 240, 29, 156,
       73, 16, 242, 51, 189, 88, 87, 32, 250, 253, 252, 255, 247, 126,
       255, 255, 255, 253, 253, 222, 255, 255, 255, 254, 254, 251, 213,
       127, 107, 253, 127, 247, 255, 255, 255, 247, 191, 127, 95, 127,
       255, 199, 109, 117, 255, 214, 127, 249, 253, 93, 221, 251, 191,
       221, 167, 255, 111, 159, 173, 31, 141, 248, 29, 159, 77, 88, 246,
       123, 255, 219, 31, 42, 254, 255, 249, 255, 255, 255, 127, 251,
       254, 255, 253, 255, 251, 255, 250, 254, 254, 251, 215, 127, 127,
       125, 223, 167, 61, 239, 255, 255, 191, 255, 95, 254, 191, 243,
       109, 60, 255, 222, 119, 249, 253, 251, 223, 255, 63, 219, 191,
       249, 124, 141, 173, 94, 133, 248, 191, 159, 77, 208, 246, 57, 253,
       93, 30, 34, 191, 99, 2, 65, 130, 217, 130, 3, 72, 230, 99, 2, 114,
       161, 75, 128, 69, 98, 85, 1, 32, 192, 39, 139, 101, 70, 208, 56,
       47, 146, 8, 1, 75, 87, 38, 85, 186, 82, 120, 45, 84, 96, 80, 8,
       15, 69, 16, 245, 71, 153, 44, 24, 4, 240, 25, 156, 75, 16, 114,
       51, 189, 88, 87, 32, 248, 250, 252, 127, 255, 254, 253, 223, 185,
       255, 255, 255, 251, 255, 125, 124, 252, 189, 255, 126, 187, 255,
       127, 243, 252, 253, 127, 247, 255, 127, 247, 255, 255, 207, 249,
       158, 117, 255, 251, 250, 255, 95, 223, 239, 255, 247, 55, 255, 63,
       191, 223, 143, 207, 254, 165, 223, 253, 127, 247, 255, 255, 243,
       187, 254, 254, 253, 255, 255, 253, 254, 127, 251, 255, 253, 253,
       254, 255, 255, 255, 255, 254, 251, 253, 255, 127, 125, 223, 247,
       191, 255, 255, 255, 191, 255, 223, 254, 191, 251, 109, 255, 255,
       223, 119, 253, 253, 255, 221, 251, 191, 223, 175, 255, 127, 175,
       191, 223, 207, 250, 191, 159, 93, 244, 254, 127, 255, 255, 159,
       60, 190, 163, 144, 16, 130, 221, 128, 130, 8, 38, 41, 32, 67, 164,
       11, 32, 21, 102, 214, 5, 16, 192, 2, 171, 100, 64, 136, 105, 43,
       146, 8, 1, 103, 213, 36, 84, 186, 82, 112, 41, 244, 81, 66, 24,
       15, 208, 20, 208, 69, 153, 172, 24, 4, 240, 24, 156, 73, 16, 242,
       51, 188, 88, 87, 32, 249, 191, 253, 127, 239, 255, 125, 221, 154,
       255, 223, 252, 251, 191, 123, 246, 253, 251, 246, 127, 251, 117,
       222, 181, 126, 239, 255, 115, 123, 255, 123, 254, 191, 246, 236,
       158, 254, 255, 117, 249, 245, 123, 223, 123, 127, 216, 23, 252,
       253, 205, 189, 30, 141, 248, 183, 143, 109, 56, 244, 125, 191,
       223, 223, 46, 185, 188, 254, 255, 253, 50, 125, 253, 253, 253,
       253, 254, 253, 95, 190, 251, 238, 251, 220, 255, 107, 189, 217,
       254, 188, 125, 239, 183, 187, 125, 223, 127, 255, 237, 101, 125,
       251, 214, 255, 249, 254, 251, 223, 251, 62, 254, 167, 95, 241,
       143, 173, 127, 189, 218, 159, 151, 76, 208, 252, 105, 237, 223,
       15, 43, 190, 187, 253, 255, 255, 63, 255, 223, 57, 255, 255, 253,
       250, 255, 127, 252, 95, 255, 247, 126, 251, 247, 127, 211, 127,
       253, 255, 247, 255, 127, 255, 247, 235, 207, 124, 215, 190, 222,
       121, 250, 125, 120, 223, 251, 237, 247, 113, 247, 111, 191, 190,
       152, 79, 240, 29, 222, 93, 56, 247, 119, 191, 251, 255, 172, 250 ]
