%YAML:1.0
descriptors: !!opencv-matrix
   rows: 9
   cols: 64
   dt: u
   data: [ 63, 180, 253, 190, 63, 189, 189, 125, 247, 254, 212, 241, 253,
       126, 189, 87, 255, 254, 99, 115, 245, 119, 211, 247, 221, 251,
       228, 255, 122, 221, 245, 235, 223, 44, 87, 190, 223, 120, 233,
       124, 120, 93, 62, 47, 213, 53, 247, 111, 153, 172, 24, 13, 240,
       29, 156, 73, 16, 242, 51, 189, 90, 87, 40, 250, 252, 251, 255,
       253, 54, 127, 253, 247, 223, 221, 255, 255, 127, 252, 255, 254,
       255, 223, 251, 255, 119, 255, 247, 183, 251, 127, 247, 254, 109,
       247, 254, 186, 207, 123, 231, 253, 223, 127, 250, 125, 122, 61,
       247, 247, 255, 183, 183, 110, 191, 187, 239, 219, 250, 255, 152,
       93, 103, 255, 127, 251, 255, 255, 207, 222, 63, 253, 255, 255,
       191, 253, 221, 57, 255, 255, 253, 251, 255, 127, 252, 93, 255,
       247, 254, 187, 247, 127, 219, 127, 247, 255, 247, 255, 127, 255,
       255, 239, 207, 238, 207, 182, 255, 253, 251, 127, 125, 223, 239,
       239, 255, 245, 255, 127, 191, 255, 153, 207, 254, 165, 222, 125,
       62, 247, 254, 255, 251, 255, 173, 222, 69, 35, 193, 144, 216, 2,
       1, 74, 130, 0, 2, 54, 131, 194, 128, 65, 98, 85, 5, 102, 66, 172,
       128, 99, 14, 154, 34, 13, 146, 8, 48, 9, 82, 39, 84, 154, 0, 116,
       71, 212, 0, 96, 24, 14, 72, 12, 193, 198, 1, 36, 16, 4, 96, 24,
       140, 73, 16, 112, 49, 189, 72, 6, 33, 248, 56, 26, 247, 222, 58,
       117, 177, 247, 117, 252, 94, 149, 29, 63, 249, 230, 251, 212, 65,
       107, 244, 96, 196, 51, 89, 168, 164, 26, 122, 216, 121, 251, 247,
       36, 85, 186, 87, 122, 233, 124, 244, 93, 56, 46, 212, 134, 193,
       111, 153, 172, 28, 5, 240, 29, 157, 73, 16, 242, 51, 189, 88, 86,
       32, 250, 56, 158, 239, 252, 62, 255, 249, 127, 189, 252, 86, 221,
       29, 125, 255, 238, 251, 221, 97, 107, 244, 119, 218, 123, 125,
       255, 180, 182, 125, 211, 127, 239, 215, 100, 85, 186, 215, 122,
       249, 124, 124, 93, 122, 47, 213, 149, 247, 111, 153, 172, 24, 13,
       240, 29, 156, 77, 24, 246, 51, 189, 90, 87, 34, 254, 62, 254, 255,
       255, 63, 253, 253, 123, 255, 254, 221, 253, 255, 127, 253, 254,
       255, 254, 227, 123, 245, 126, 211, 255, 253, 255, 247, 255, 127,
       255, 247, 239, 223, 108, 215, 190, 255, 120, 249, 125, 120, 93,
       251, 47, 245, 53, 247, 111, 187, 174, 153, 15, 240, 29, 156, 93,
       52, 242, 247, 255, 251, 223, 44, 254, 60, 253, 255, 252, 55, 255,
       253, 127, 245, 254, 213, 249, 127, 126, 188, 222, 251, 252, 99,
       123, 247, 127, 211, 247, 253, 255, 247, 255, 127, 223, 247, 235,
       223, 46, 87, 190, 223, 120, 249, 125, 120, 125, 255, 111, 245, 53,
       247, 111, 187, 174, 153, 79, 242, 29, 156, 93, 52, 242, 119, 255,
       123, 255, 169, 250, 63, 254, 125, 239, 255, 253, 191, 248, 255,
       255, 214, 255, 237, 127, 249, 85, 251, 255, 107, 123, 253, 119,
       219, 124, 229, 254, 253, 255, 126, 95, 247, 255, 223, 236, 223,
       190, 215, 249, 233, 119, 124, 92, 122, 47, 213, 245, 247, 127,
       185, 172, 24, 5, 240, 29, 156, 73, 16, 242, 183, 189, 218, 215,
       40, 254 ]
