%YAML:1.0
descriptors: !!opencv-matrix
   rows: 4
   cols: 64
   dt: u
   data: [ 253, 190, 255, 237, 255, 253, 251, 252, 253, 255, 218, 255,
       239, 127, 251, 237, 251, 253, 251, 123, 253, 127, 223, 253, 239,
       127, 126, 183, 127, 87, 127, 255, 255, 235, 255, 117, 247, 255,
       253, 55, 253, 92, 235, 190, 255, 163, 251, 115, 190, 255, 28, 255,
       247, 253, 159, 125, 126, 254, 247, 207, 255, 223, 189, 254, 63,
       183, 125, 124, 54, 53, 253, 127, 215, 158, 253, 177, 109, 95, 157,
       87, 251, 212, 67, 123, 245, 114, 193, 247, 237, 191, 229, 153,
       126, 92, 125, 232, 223, 108, 197, 190, 222, 56, 249, 117, 124, 95,
       191, 175, 212, 241, 181, 111, 186, 188, 153, 9, 242, 29, 156, 93,
       40, 178, 123, 251, 123, 223, 44, 254, 62, 185, 255, 254, 63, 253,
       253, 127, 255, 254, 222, 253, 255, 126, 253, 254, 251, 222, 227,
       123, 245, 127, 211, 255, 253, 255, 247, 255, 127, 255, 255, 239,
       223, 108, 215, 190, 255, 122, 249, 125, 120, 93, 255, 47, 245, 53,
       247, 111, 187, 174, 153, 15, 242, 29, 156, 93, 54, 242, 119, 255,
       251, 223, 44, 254, 127, 190, 125, 167, 255, 253, 191, 248, 252,
       255, 218, 127, 237, 127, 251, 85, 251, 255, 123, 242, 253, 103,
       219, 124, 205, 254, 253, 191, 126, 95, 243, 255, 215, 108, 223,
       191, 127, 121, 233, 117, 124, 92, 122, 47, 213, 17, 247, 127, 185,
       172, 24, 5, 240, 157, 156, 73, 16, 246, 55, 189, 218, 87, 32, 250 ]
