%YAML:1.0
descriptors: !!opencv-matrix
   rows: 31
   cols: 64
   dt: u
   data: [ 255, 60, 231, 183, 223, 111, 171, 251, 252, 255, 218, 119,
       255, 239, 250, 246, 235, 213, 39, 99, 253, 167, 195, 118, 95, 223,
       189, 43, 210, 30, 51, 235, 215, 36, 85, 186, 82, 120, 233, 116,
       112, 92, 56, 47, 213, 20, 245, 109, 153, 172, 24, 5, 240, 29, 156,
       73, 16, 242, 51, 189, 88, 87, 32, 250, 255, 183, 247, 159, 223,
       103, 143, 255, 230, 255, 248, 251, 255, 234, 179, 95, 251, 213,
       99, 103, 89, 167, 215, 118, 78, 255, 181, 43, 210, 30, 114, 43,
       215, 36, 85, 186, 82, 120, 233, 116, 112, 92, 56, 47, 213, 20,
       245, 111, 153, 172, 24, 5, 240, 29, 156, 73, 16, 242, 51, 189, 88,
       87, 32, 250, 255, 190, 255, 183, 255, 245, 189, 254, 252, 255,
       254, 255, 239, 255, 146, 252, 251, 213, 39, 103, 109, 135, 231,
       117, 79, 223, 189, 171, 210, 14, 114, 187, 215, 36, 85, 186, 82,
       120, 233, 244, 120, 92, 56, 47, 213, 21, 245, 109, 153, 172, 24,
       5, 240, 29, 156, 73, 16, 242, 51, 189, 88, 87, 32, 250, 253, 63,
       247, 181, 251, 127, 191, 255, 252, 125, 251, 119, 255, 255, 250,
       244, 251, 221, 39, 103, 109, 167, 227, 118, 79, 223, 181, 171,
       210, 14, 114, 171, 215, 36, 85, 186, 82, 120, 233, 116, 120, 92,
       56, 47, 213, 21, 247, 111, 153, 172, 24, 5, 240, 29, 156, 73, 16,
       242, 51, 189, 88, 87, 32, 250, 255, 255, 255, 191, 255, 253, 189,
       254, 252, 255, 254, 255, 255, 255, 254, 254, 251, 213, 39, 103,
       109, 135, 231, 117, 79, 207, 185, 171, 211, 14, 114, 187, 247, 36,
       85, 186, 82, 122, 233, 244, 250, 92, 56, 47, 213, 23, 245, 109,
       153, 172, 24, 5, 240, 29, 157, 73, 16, 242, 51, 189, 88, 87, 34,
       250, 254, 49, 255, 191, 55, 103, 189, 223, 246, 239, 249, 186,
       255, 234, 179, 95, 251, 215, 35, 103, 105, 167, 199, 54, 206, 223,
       245, 107, 210, 14, 242, 187, 211, 36, 85, 190, 82, 120, 233, 116,
       112, 92, 56, 47, 213, 20, 245, 111, 153, 172, 24, 5, 240, 29, 156,
       73, 16, 242, 51, 189, 88, 87, 32, 250, 253, 55, 247, 151, 254,
       119, 189, 254, 244, 253, 248, 123, 255, 254, 178, 108, 251, 213,
       103, 99, 249, 165, 231, 119, 78, 255, 181, 43, 210, 26, 115, 251,
       215, 36, 85, 186, 82, 120, 233, 244, 112, 92, 56, 47, 213, 20,
       245, 111, 153, 172, 24, 5, 240, 29, 156, 73, 16, 242, 51, 189, 88,
       87, 32, 250, 252, 189, 247, 183, 247, 103, 189, 255, 222, 253,
       253, 251, 247, 222, 179, 127, 251, 213, 103, 103, 125, 135, 231,
       119, 78, 223, 185, 43, 210, 14, 114, 187, 247, 36, 85, 186, 82,
       120, 233, 116, 112, 92, 56, 47, 213, 20, 245, 109, 153, 172, 24,
       5, 240, 29, 156, 73, 16, 242, 51, 189, 88, 87, 32, 250, 254, 49,
       255, 183, 223, 103, 191, 252, 244, 239, 253, 119, 255, 239, 179,
       118, 251, 213, 103, 103, 105, 167, 231, 118, 78, 223, 181, 43,
       210, 142, 114, 187, 215, 36, 87, 186, 82, 120, 233, 116, 112, 92,
       56, 47, 213, 20, 245, 111, 153, 172, 24, 5, 240, 29, 156, 73, 16,
       242, 51, 189, 88, 87, 32, 250, 254, 253, 255, 191, 255, 119, 189,
       251, 254, 255, 252, 251, 255, 254, 255, 255, 251, 213, 39, 103,
       109, 135, 167, 55, 79, 223, 189, 43, 211, 14, 114, 187, 243, 36,
       85, 190, 82, 112, 233, 244, 114, 94, 56, 47, 213, 22, 245, 109,
       153, 172, 24, 5, 240, 29, 156, 73, 16, 242, 51, 189, 88, 86, 34,
       251, 255, 177, 255, 191, 222, 103, 189, 254, 246, 253, 252, 251,
       255, 238, 183, 95, 251, 245, 35, 103, 105, 167, 195, 119, 78, 255,
       181, 43, 210, 14, 114, 235, 215, 36, 85, 186, 82, 120, 233, 124,
       112, 92, 56, 47, 213, 20, 245, 111, 153, 172, 24, 5, 240, 29, 156,
       73, 16, 242, 51, 189, 88, 87, 32, 250, 253, 245, 247, 191, 254,
       103, 191, 254, 244, 237, 253, 251, 255, 238, 183, 124, 251, 213,
       103, 99, 253, 167, 231, 119, 78, 255, 181, 175, 211, 14, 115, 251,
       247, 36, 85, 186, 82, 120, 233, 116, 122, 94, 56, 47, 213, 20,
       245, 111, 153, 172, 24, 5, 240, 29, 156, 73, 16, 242, 51, 189, 88,
       87, 32, 250, 254, 49, 239, 181, 255, 103, 157, 251, 246, 237, 223,
       119, 255, 239, 179, 119, 251, 213, 103, 103, 121, 167, 231, 119,
       78, 255, 181, 43, 210, 30, 114, 251, 215, 36, 85, 186, 82, 120,
       233, 116, 112, 92, 56, 47, 213, 20, 245, 111, 153, 172, 24, 5,
       240, 29, 156, 73, 16, 242, 51, 189, 88, 87, 32, 250, 254, 177,
       255, 183, 223, 231, 191, 254, 244, 239, 252, 255, 255, 238, 179,
       127, 251, 213, 103, 103, 233, 167, 231, 119, 78, 223, 181, 47,
       210, 142, 115, 251, 215, 36, 87, 186, 82, 120, 233, 116, 112, 92,
       56, 47, 213, 20, 245, 111, 153, 172, 24, 5, 240, 29, 156, 73, 16,
       242, 51, 189, 88, 87, 32, 250, 255, 51, 247, 183, 255, 119, 189,
       250, 230, 253, 251, 115, 255, 250, 178, 119, 251, 245, 39, 103,
       105, 135, 227, 119, 78, 255, 181, 43, 210, 14, 114, 187, 215, 36,
       85, 186, 82, 120, 233, 124, 112, 92, 56, 47, 213, 20, 245, 109,
       153, 172, 24, 5, 240, 29, 156, 73, 16, 242, 51, 189, 88, 87, 32,
       250, 254, 51, 247, 183, 255, 119, 173, 251, 246, 255, 248, 119,
       255, 255, 178, 119, 251, 213, 39, 103, 105, 165, 231, 119, 78,
       223, 241, 43, 210, 30, 114, 251, 215, 36, 85, 186, 82, 120, 233,
       244, 80, 92, 56, 47, 213, 20, 245, 111, 153, 172, 24, 5, 240, 29,
       156, 73, 16, 242, 51, 189, 88, 87, 32, 250, 252, 248, 239, 191,
       254, 255, 185, 254, 220, 253, 252, 255, 255, 190, 255, 238, 251,
       213, 103, 103, 125, 135, 231, 53, 79, 255, 189, 175, 211, 14, 50,
       187, 215, 36, 85, 186, 82, 120, 233, 116, 122, 92, 56, 47, 213,
       22, 245, 109, 153, 172, 24, 5, 240, 29, 156, 73, 16, 242, 51, 189,
       88, 87, 34, 250, 254, 187, 247, 183, 255, 127, 189, 255, 254, 255,
       251, 255, 255, 255, 250, 255, 251, 213, 103, 99, 237, 135, 231,
       119, 79, 223, 181, 43, 210, 30, 114, 251, 247, 36, 85, 186, 82,
       122, 233, 244, 208, 92, 56, 46, 213, 22, 245, 111, 153, 172, 24,
       5, 240, 29, 157, 73, 16, 242, 51, 189, 88, 87, 32, 250, 253, 59,
       247, 183, 126, 119, 189, 254, 252, 253, 251, 115, 255, 255, 179,
       118, 251, 245, 39, 99, 237, 167, 231, 119, 79, 255, 181, 47, 210,
       14, 115, 251, 215, 36, 85, 186, 82, 120, 233, 124, 112, 92, 56,
       47, 213, 20, 245, 111, 153, 172, 24, 5, 240, 29, 156, 73, 16, 242,
       51, 189, 88, 87, 32, 250, 125, 49, 247, 189, 218, 103, 191, 252,
       212, 236, 201, 55, 85, 238, 179, 118, 235, 212, 3, 102, 105, 161,
       198, 54, 78, 207, 180, 41, 211, 14, 51, 59, 243, 36, 85, 186, 82,
       112, 193, 116, 112, 92, 24, 46, 213, 20, 193, 110, 153, 172, 24,
       5, 240, 29, 156, 73, 16, 242, 51, 189, 88, 86, 32, 248, 60, 177,
       253, 254, 55, 189, 253, 122, 247, 214, 245, 240, 253, 122, 180,
       86, 254, 222, 99, 99, 245, 54, 193, 247, 205, 191, 229, 253, 82,
       156, 245, 233, 223, 44, 87, 190, 211, 120, 233, 117, 120, 93, 57,
       47, 244, 53, 247, 111, 153, 172, 24, 5, 240, 29, 156, 73, 16, 242,
       51, 189, 120, 87, 32, 250, 127, 50, 255, 183, 255, 247, 29, 250,
       246, 254, 250, 51, 239, 223, 179, 87, 251, 213, 99, 98, 249, 167,
       195, 119, 78, 255, 245, 47, 210, 30, 115, 235, 215, 44, 85, 190,
       82, 120, 233, 116, 112, 92, 56, 47, 213, 20, 245, 111, 153, 172,
       24, 5, 240, 29, 156, 73, 16, 242, 51, 189, 88, 87, 32, 250, 63,
       247, 125, 254, 54, 189, 253, 121, 247, 223, 253, 250, 255, 123,
       180, 95, 247, 255, 103, 251, 245, 118, 211, 247, 253, 255, 245,
       255, 126, 223, 245, 235, 215, 44, 215, 190, 219, 120, 249, 125,
       120, 95, 57, 47, 213, 53, 247, 111, 153, 172, 24, 15, 240, 29,
       156, 93, 16, 242, 115, 189, 122, 215, 40, 250, 189, 180, 255, 191,
       63, 119, 191, 254, 244, 255, 220, 251, 255, 110, 183, 93, 251,
       221, 99, 99, 245, 39, 195, 119, 204, 255, 245, 175, 90, 94, 247,
       235, 215, 36, 85, 190, 83, 120, 233, 116, 120, 92, 56, 47, 213,
       53, 247, 111, 153, 172, 24, 5, 240, 29, 156, 73, 16, 242, 51, 189,
