%YAML:1.0
descriptors: !!opencv-matrix
   rows: 4
   cols: 64
   dt: u
   data: [ 63, 182, 253, 247, 63, 181, 189, 121, 247, 255, 212, 241, 253,
       127, 177, 84, 255, 254, 99, 115, 245, 118, 211, 127, 221, 190,
       229, 251, 126, 221, 245, 235, 223, 44, 87, 190, 215, 120, 249,
       125, 124, 93, 123, 47, 212, 53, 247, 111, 153, 172, 24, 5, 240,
       29, 156, 73, 16, 242, 51, 189, 90, 87, 32, 250, 62, 185, 253, 254,
       63, 253, 253, 127, 247, 254, 213, 241, 253, 126, 188, 94, 251,
       222, 99, 123, 245, 126, 195, 247, 237, 191, 231, 251, 90, 93, 245,
       235, 223, 44, 85, 190, 223, 120, 249, 117, 120, 93, 123, 47, 212,
       53, 247, 111, 153, 172, 24, 5, 240, 29, 156, 73, 16, 242, 51, 189,
       88, 87, 32, 250, 61, 183, 255, 244, 54, 181, 253, 126, 247, 252,
       213, 241, 127, 126, 176, 95, 250, 252, 99, 99, 245, 126, 211, 247,
       205, 186, 230, 223, 122, 92, 245, 235, 223, 44, 85, 190, 218, 120,
       249, 125, 120, 93, 57, 47, 212, 53, 247, 111, 153, 172, 24, 5,
       240, 29, 156, 73, 16, 242, 51, 189, 88, 87, 32, 250, 62, 189, 255,
       254, 63, 253, 253, 127, 247, 252, 212, 245, 127, 126, 189, 95,
       255, 254, 99, 123, 245, 62, 211, 247, 253, 191, 231, 251, 123, 95,
       245, 235, 223, 44, 87, 190, 223, 120, 249, 117, 120, 93, 123, 47,
       212, 53, 247, 111, 185, 172, 24, 5, 240, 29, 156, 73, 16, 242,
       115, 189, 91, 87, 32, 250 ]
