%YAML:1.0
descriptors: !!opencv-matrix
   rows: 9
   cols: 64
   dt: u
   data: [ 252, 191, 255, 253, 62, 255, 249, 255, 253, 255, 222, 189,
       255, 255, 251, 254, 251, 253, 251, 107, 253, 255, 247, 191, 255,
       239, 246, 191, 127, 223, 127, 255, 255, 109, 247, 255, 214, 127,
       249, 125, 254, 93, 251, 190, 223, 167, 211, 127, 191, 173, 159,
       141, 242, 189, 159, 93, 248, 246, 123, 223, 223, 223, 42, 246,
       254, 253, 255, 253, 255, 125, 249, 255, 255, 255, 255, 251, 127,
       250, 254, 255, 251, 212, 127, 127, 127, 222, 165, 61, 239, 255,
       255, 187, 255, 95, 126, 191, 240, 109, 60, 255, 214, 119, 253,
       247, 219, 223, 255, 62, 219, 175, 216, 180, 141, 181, 86, 133,
       232, 191, 135, 77, 208, 244, 105, 222, 223, 14, 34, 181, 71, 34,
       65, 146, 217, 2, 7, 74, 166, 96, 2, 50, 33, 203, 128, 69, 226, 84,
       1, 96, 67, 130, 136, 34, 78, 136, 40, 9, 146, 8, 1, 73, 80, 38,
       84, 186, 0, 112, 5, 214, 0, 64, 24, 11, 64, 24, 192, 204, 17, 36,
       16, 4, 96, 24, 132, 9, 16, 112, 33, 188, 72, 86, 32, 248, 254,
       252, 255, 255, 255, 253, 219, 185, 255, 253, 245, 255, 255, 122,
       246, 124, 255, 215, 126, 187, 255, 127, 251, 255, 255, 255, 247,
       255, 127, 251, 255, 255, 159, 239, 47, 247, 254, 253, 251, 127,
       123, 223, 239, 127, 251, 53, 253, 63, 239, 247, 143, 207, 252,
       167, 190, 255, 126, 247, 254, 219, 251, 189, 191, 223, 251, 254,
       255, 255, 255, 255, 255, 249, 255, 255, 212, 251, 255, 251, 255,
       93, 255, 247, 123, 123, 253, 95, 219, 125, 255, 255, 255, 191,
       255, 123, 255, 239, 215, 239, 223, 127, 255, 253, 253, 119, 125,
       95, 239, 127, 223, 29, 255, 179, 253, 254, 24, 173, 247, 245, 156,
       255, 92, 254, 247, 191, 255, 223, 184, 255, 199, 2, 65, 131, 217,
       128, 3, 72, 38, 65, 2, 83, 129, 75, 128, 1, 98, 85, 5, 36, 72, 37,
       138, 96, 78, 154, 56, 47, 146, 8, 1, 9, 86, 37, 84, 154, 0, 120,
       5, 212, 65, 64, 24, 11, 193, 8, 216, 21, 16, 36, 24, 4, 112, 24,
       140, 75, 16, 112, 50, 188, 72, 87, 32, 248, 3, 2, 0, 34, 157, 128,
       2, 8, 36, 32, 0, 0, 40, 11, 0, 21, 66, 118, 1, 80, 192, 2, 137,
       108, 64, 136, 8, 11, 146, 8, 33, 69, 21, 164, 20, 186, 67, 0, 33,
       70, 68, 64, 24, 9, 64, 64, 192, 65, 16, 36, 24, 4, 100, 24, 140,
       9, 16, 48, 35, 156, 8, 87, 32, 120, 12, 43, 239, 184, 16, 127,
       161, 119, 181, 254, 206, 149, 81, 188, 187, 238, 139, 92, 227,
       107, 244, 1, 196, 179, 77, 169, 132, 128, 89, 68, 50, 203, 245, 0,
       85, 186, 87, 122, 233, 116, 248, 124, 56, 38, 84, 183, 103, 110,
       153, 172, 24, 5, 240, 29, 156, 72, 16, 226, 51, 189, 88, 87, 32,
       250, 163, 22, 80, 2, 221, 128, 7, 8, 230, 33, 1, 114, 164, 11,
       164, 85, 98, 247, 5, 80, 192, 6, 137, 100, 70, 156, 121, 47, 146,
       8, 1, 105, 208, 36, 20, 154, 66, 112, 33, 214, 64, 66, 24, 11,
       193, 16, 212, 77, 145, 164, 16, 4, 96, 24, 140, 73, 16, 114, 51,
       156, 88, 87, 32, 248 ]
