%YAML:1.0
descriptors: !!opencv-matrix
   rows: 7
   cols: 64
   dt: u
   data: [ 124, 63, 255, 253, 126, 255, 251, 255, 253, 255, 214, 189,
       255, 255, 251, 238, 251, 221, 251, 107, 253, 255, 214, 191, 221,
       235, 182, 191, 127, 223, 127, 255, 243, 103, 87, 255, 214, 127,
       249, 124, 252, 93, 251, 190, 215, 167, 195, 127, 191, 173, 158,
       137, 242, 29, 159, 93, 220, 246, 123, 223, 219, 214, 40, 246, 252,
       251, 255, 253, 54, 127, 249, 255, 253, 255, 254, 191, 127, 251,
       255, 238, 243, 220, 255, 111, 125, 254, 228, 191, 127, 239, 167,
       187, 255, 223, 126, 191, 242, 103, 119, 251, 214, 119, 253, 253,
       254, 223, 251, 62, 222, 167, 75, 246, 143, 173, 223, 141, 250,
       191, 143, 93, 208, 244, 107, 223, 223, 14, 42, 181, 252, 251, 255,
       253, 254, 127, 251, 255, 253, 253, 254, 255, 255, 255, 255, 254,
       251, 213, 127, 111, 125, 223, 183, 60, 255, 255, 191, 191, 255,
       223, 126, 191, 243, 101, 119, 255, 214, 119, 253, 252, 251, 95,
       123, 62, 223, 167, 217, 244, 141, 173, 94, 133, 248, 63, 159, 77,
       208, 244, 59, 189, 95, 94, 34, 187, 59, 213, 88, 158, 63, 153, 95,
       8, 247, 71, 53, 234, 189, 106, 36, 85, 244, 247, 4, 177, 198, 114,
       211, 102, 228, 150, 241, 123, 82, 123, 213, 105, 151, 44, 150,
       158, 202, 88, 234, 117, 114, 223, 109, 41, 212, 20, 245, 111, 145,
       174, 24, 5, 240, 25, 220, 73, 24, 243, 50, 189, 120, 223, 34, 251,
       253, 254, 255, 253, 63, 255, 253, 255, 253, 255, 252, 251, 255,
       253, 255, 255, 255, 253, 255, 251, 253, 255, 255, 255, 255, 127,
       247, 247, 125, 247, 255, 255, 223, 251, 255, 125, 255, 255, 249,
       127, 126, 255, 255, 127, 255, 247, 247, 123, 255, 255, 190, 223,
       254, 253, 255, 93, 255, 255, 255, 255, 255, 251, 255, 191, 76, 43,
       231, 184, 16, 103, 33, 126, 149, 252, 206, 53, 81, 254, 187, 226,
       235, 220, 227, 102, 117, 161, 196, 179, 77, 169, 132, 129, 80, 12,
       50, 201, 242, 38, 85, 186, 82, 122, 193, 116, 120, 84, 56, 38, 68,
       183, 101, 238, 153, 172, 24, 5, 240, 29, 156, 73, 16, 242, 35,
       189, 88, 70, 32, 250, 124, 59, 255, 252, 54, 127, 249, 126, 253,
       252, 222, 181, 127, 254, 251, 238, 251, 220, 227, 107, 245, 127,
       198, 183, 93, 235, 166, 159, 122, 221, 127, 239, 255, 36, 117,
       186, 214, 122, 249, 124, 248, 93, 251, 46, 213, 167, 227, 111,
       153, 172, 157, 5, 240, 29, 157, 77, 48, 242, 123, 189, 91, 87, 32,
       250 ]
