%YAML:1.0
descriptors: !!opencv-matrix
   rows: 9
   cols: 64
   dt: u
   data: [ 252, 123, 255, 253, 118, 127, 251, 255, 253, 255, 254, 191,
       127, 254, 251, 238, 251, 221, 251, 111, 127, 223, 246, 191, 255,
       239, 190, 183, 253, 223, 126, 255, 251, 111, 247, 255, 215, 255,
       253, 253, 254, 125, 255, 62, 255, 175, 75, 254, 175, 173, 255,
       255, 219, 255, 159, 92, 228, 252, 111, 255, 255, 142, 187, 183,
       191, 254, 127, 239, 255, 252, 223, 216, 255, 125, 252, 251, 239,
       123, 236, 253, 243, 247, 191, 57, 229, 94, 189, 124, 231, 255,
       123, 187, 255, 123, 255, 255, 181, 239, 190, 223, 254, 247, 189,
       247, 255, 223, 235, 253, 218, 211, 252, 213, 236, 183, 223, 172,
       236, 183, 239, 127, 252, 244, 238, 78, 255, 223, 190, 157, 111,
       222, 238, 111, 255, 184, 255, 152, 61, 255, 232, 235, 172, 123,
       111, 93, 157, 255, 184, 187, 237, 127, 91, 125, 229, 215, 123,
       247, 127, 115, 247, 247, 215, 219, 223, 5, 255, 253, 254, 35, 111,
       126, 235, 125, 247, 217, 255, 51, 254, 219, 24, 103, 247, 229,
       255, 254, 95, 223, 246, 167, 247, 251, 253, 54, 252, 255, 255,
       253, 254, 255, 255, 255, 253, 255, 253, 190, 255, 254, 255, 239,
       251, 253, 123, 107, 191, 255, 246, 191, 255, 239, 183, 191, 127,
       223, 127, 255, 243, 108, 223, 255, 210, 127, 249, 119, 126, 95,
       255, 62, 215, 191, 245, 63, 159, 173, 30, 141, 250, 189, 151, 93,
       216, 246, 121, 255, 223, 222, 42, 182, 57, 159, 255, 253, 62, 253,
       251, 117, 253, 252, 86, 221, 221, 125, 249, 238, 251, 253, 235,
       107, 244, 119, 214, 247, 121, 255, 180, 182, 124, 211, 119, 235,
       215, 100, 87, 186, 215, 122, 249, 124, 124, 93, 123, 47, 213, 180,
       247, 111, 153, 172, 152, 13, 240, 29, 156, 77, 48, 242, 51, 189,
       90, 87, 40, 250, 187, 247, 125, 222, 182, 189, 223, 57, 255, 93,
       125, 251, 253, 123, 116, 85, 247, 247, 102, 247, 116, 118, 145,
       246, 249, 255, 245, 253, 126, 250, 246, 169, 198, 108, 86, 190,
       222, 121, 248, 125, 124, 223, 59, 175, 245, 48, 245, 111, 153,
       175, 152, 11, 248, 29, 158, 93, 56, 243, 115, 189, 122, 223, 40,
       250, 63, 189, 255, 246, 63, 253, 253, 126, 255, 252, 222, 245,
       255, 126, 188, 94, 255, 254, 99, 251, 245, 126, 211, 247, 253,
       255, 230, 255, 122, 223, 245, 239, 223, 44, 87, 190, 223, 120,
       249, 125, 120, 93, 127, 47, 212, 53, 247, 111, 185, 172, 152, 13,
       240, 29, 156, 77, 52, 242, 119, 189, 123, 87, 32, 250, 63, 182,
       125, 239, 63, 253, 187, 121, 255, 255, 214, 253, 253, 127, 249,
       117, 251, 255, 99, 123, 245, 119, 219, 255, 253, 254, 229, 255,
       126, 95, 245, 239, 223, 108, 85, 190, 223, 120, 249, 119, 124, 93,
       123, 47, 213, 53, 247, 111, 185, 172, 24, 5, 240, 29, 156, 73, 16,
       242, 51, 189, 218, 87, 32, 254, 62, 190, 253, 253, 63, 253, 253,
       125, 255, 255, 215, 253, 253, 126, 189, 85, 255, 222, 99, 251,
       245, 118, 211, 127, 253, 255, 247, 255, 126, 95, 245, 235, 215,
       44, 215, 190, 222, 120, 249, 117, 120, 93, 123, 47, 213, 53, 247,
       111, 155, 172, 24, 5, 240, 29, 156, 89, 16, 242, 51, 189, 90, 87,
       40, 250 ]
