%YAML:1.0
descriptors: !!opencv-matrix
   rows: 3
   cols: 64
   dt: u
   data: [ 39, 38, 73, 130, 159, 144, 7, 72, 228, 70, 144, 50, 169, 11,
       160, 69, 194, 84, 1, 96, 73, 130, 137, 36, 76, 144, 40, 9, 146, 8,
       49, 9, 80, 36, 84, 154, 66, 112, 5, 84, 32, 66, 24, 13, 80, 20,
       64, 4, 25, 44, 16, 4, 96, 29, 132, 73, 16, 240, 33, 188, 88, 86,
       32, 241, 51, 54, 65, 2, 31, 128, 1, 8, 230, 68, 16, 113, 173, 43,
       128, 85, 226, 246, 1, 112, 192, 34, 129, 119, 76, 152, 224, 11,
       82, 8, 113, 105, 215, 36, 84, 186, 82, 120, 169, 116, 80, 92, 24,
       15, 208, 16, 244, 79, 153, 172, 24, 5, 240, 29, 156, 73, 16, 242,
       51, 188, 88, 87, 32, 250, 61, 183, 125, 182, 63, 181, 185, 125,
       244, 254, 215, 245, 125, 127, 177, 118, 242, 220, 67, 99, 245, 34,
       193, 119, 205, 170, 228, 155, 90, 92, 245, 235, 215, 44, 85, 190,
       83, 120, 233, 116, 120, 92, 56, 47, 212, 53, 247, 111, 153, 172,
       24, 5, 240, 29, 156, 73, 16, 242, 51, 189, 88, 87, 32, 250 ]
