%YAML:1.0
descriptors: !!opencv-matrix
   rows: 11
   cols: 64
   dt: u
   data: [ 253, 251, 255, 255, 255, 127, 189, 250, 254, 253, 255, 251,
       255, 255, 254, 255, 251, 245, 111, 103, 109, 135, 167, 53, 79,
       255, 189, 59, 219, 78, 118, 187, 243, 36, 85, 186, 82, 112, 233,
       244, 114, 92, 56, 63, 213, 22, 245, 109, 153, 173, 24, 5, 240, 29,
       157, 73, 16, 242, 51, 189, 88, 86, 32, 248, 255, 51, 247, 183,
       255, 119, 189, 218, 246, 255, 248, 115, 255, 254, 178, 127, 251,
       213, 39, 103, 109, 167, 230, 119, 78, 223, 181, 43, 210, 10, 114,
       251, 215, 36, 85, 186, 82, 120, 233, 244, 112, 92, 56, 47, 213,
       20, 245, 111, 153, 172, 24, 5, 240, 29, 156, 73, 16, 242, 51, 189,
       88, 87, 32, 250, 254, 249, 255, 253, 55, 245, 255, 249, 254, 255,
       253, 251, 255, 254, 183, 127, 255, 223, 103, 115, 253, 175, 198,
       118, 205, 223, 247, 239, 83, 94, 247, 251, 247, 44, 85, 190, 90,
       120, 233, 116, 122, 92, 56, 47, 213, 21, 245, 111, 153, 172, 24,
       5, 240, 29, 156, 73, 16, 242, 51, 189, 88, 87, 32, 250, 61, 181,
       255, 55, 55, 247, 253, 126, 242, 255, 253, 251, 254, 122, 163,
       126, 255, 223, 35, 99, 245, 39, 195, 247, 205, 255, 245, 239, 82,
       14, 247, 235, 223, 36, 85, 190, 83, 120, 233, 116, 120, 92, 56,
       47, 213, 53, 247, 111, 153, 172, 24, 5, 240, 29, 156, 73, 16, 242,
       51, 189, 88, 87, 32, 250, 60, 185, 255, 191, 63, 247, 248, 255,
       254, 186, 223, 183, 253, 119, 187, 119, 255, 223, 99, 99, 245, 39,
       195, 247, 205, 223, 245, 255, 82, 14, 243, 234, 223, 36, 85, 190,
       83, 120, 233, 116, 120, 92, 56, 47, 213, 53, 247, 111, 153, 172,
       24, 5, 240, 29, 156, 73, 16, 242, 51, 189, 88, 87, 32, 250, 60,
       184, 255, 191, 62, 247, 249, 255, 245, 254, 220, 253, 253, 126,
       187, 126, 251, 221, 99, 99, 245, 55, 199, 247, 221, 239, 244, 191,
       91, 223, 247, 235, 223, 36, 85, 190, 87, 120, 233, 124, 120, 93,
       59, 46, 213, 53, 247, 111, 153, 172, 24, 5, 240, 29, 156, 73, 16,
       242, 51, 189, 90, 87, 32, 250, 188, 241, 255, 159, 63, 119, 159,
       254, 246, 213, 253, 251, 255, 126, 182, 92, 251, 213, 99, 99, 245,
       39, 195, 119, 204, 255, 245, 47, 83, 158, 119, 235, 215, 36, 85,
       190, 82, 120, 233, 124, 112, 92, 56, 47, 213, 52, 245, 111, 153,
       172, 24, 5, 240, 29, 156, 73, 16, 242, 51, 189, 88, 87, 32, 250,
       61, 182, 253, 190, 63, 247, 185, 127, 244, 252, 214, 181, 125, 62,
       187, 70, 251, 220, 67, 99, 245, 39, 195, 247, 77, 232, 180, 143,
       90, 92, 115, 235, 223, 36, 85, 190, 87, 120, 233, 116, 120, 92,
       58, 47, 213, 53, 247, 111, 153, 172, 24, 5, 240, 29, 156, 73, 16,
       242, 51, 189, 88, 87, 32, 250, 221, 38, 119, 165, 216, 164, 163,
       248, 200, 253, 194, 119, 199, 107, 195, 96, 226, 213, 15, 98, 201,
       173, 142, 120, 78, 138, 40, 47, 210, 10, 51, 127, 115, 39, 84,
       187, 80, 250, 37, 214, 209, 68, 24, 14, 73, 6, 200, 213, 137, 44,
       24, 5, 240, 30, 141, 73, 16, 240, 51, 188, 92, 70, 32, 185, 77,
       174, 231, 169, 216, 255, 163, 252, 188, 255, 234, 63, 193, 191,
       219, 237, 203, 253, 235, 98, 253, 5, 206, 121, 79, 253, 29, 167,
       220, 15, 51, 223, 245, 39, 85, 187, 80, 240, 237, 116, 120, 84,
       58, 63, 85, 147, 117, 225, 153, 172, 24, 5, 241, 29, 156, 73, 16,
       248, 35, 189, 88, 87, 32, 250, 92, 57, 251, 245, 48, 167, 248,
       243, 194, 170, 211, 182, 213, 196, 155, 82, 246, 139, 226, 79,
       191, 189, 66, 211, 157, 26, 246, 221, 64, 164, 246, 250, 79, 16,
       101, 174, 157, 58, 210, 85, 120, 92, 181, 110, 247, 53, 131, 111,
       187, 174, 41, 195, 242, 29, 28, 81, 5, 243, 83, 251, 121, 51, 225,
       234 ]
