%YAML:1.0
descriptors: !!opencv-matrix
   rows: 18
   cols: 64
   dt: u
   data: [ 254, 254, 127, 237, 255, 253, 251, 249, 255, 255, 255, 255,
       255, 250, 254, 253, 251, 213, 127, 111, 125, 222, 166, 60, 239,
       255, 255, 187, 255, 91, 126, 191, 240, 109, 60, 255, 214, 119,
       249, 245, 219, 223, 251, 30, 219, 135, 216, 124, 141, 181, 94,
       133, 234, 191, 159, 77, 208, 246, 123, 222, 223, 30, 34, 181, 255,
       252, 255, 255, 255, 255, 255, 249, 255, 255, 253, 251, 255, 251,
       254, 252, 251, 213, 127, 111, 125, 199, 183, 124, 255, 255, 255,
       63, 255, 95, 118, 187, 243, 101, 92, 255, 82, 125, 249, 252, 250,
       222, 56, 63, 217, 22, 253, 125, 157, 173, 30, 5, 248, 31, 159, 73,
       16, 246, 51, 189, 92, 87, 34, 187, 251, 253, 125, 255, 255, 191,
       223, 185, 255, 93, 253, 251, 191, 122, 244, 93, 246, 183, 126,
       183, 247, 127, 177, 126, 246, 255, 247, 127, 255, 251, 223, 191,
       142, 237, 142, 223, 254, 113, 251, 255, 91, 223, 231, 217, 209,
       123, 189, 31, 231, 183, 147, 143, 232, 183, 223, 119, 120, 183,
       252, 91, 191, 223, 190, 157, 61, 190, 255, 105, 62, 253, 241, 247,
       253, 252, 222, 253, 77, 61, 251, 237, 217, 236, 235, 251, 245, 87,
       94, 255, 249, 109, 84, 246, 125, 215, 255, 247, 239, 216, 207, 36,
       255, 187, 249, 61, 253, 29, 251, 182, 245, 227, 243, 107, 190,
       255, 175, 203, 246, 253, 217, 93, 110, 215, 223, 231, 251, 251,
       236, 222, 252, 255, 255, 253, 255, 253, 253, 255, 253, 253, 255,
       255, 255, 255, 255, 254, 251, 213, 127, 111, 125, 223, 167, 61,
       255, 255, 255, 187, 255, 223, 126, 191, 240, 101, 125, 255, 214,
       119, 249, 253, 255, 223, 251, 62, 223, 135, 216, 124, 143, 173,
       95, 133, 250, 191, 159, 77, 216, 246, 123, 255, 223, 14, 34, 181,
       127, 253, 255, 255, 119, 255, 223, 127, 255, 255, 221, 250, 255,
       255, 254, 223, 251, 247, 122, 255, 191, 127, 211, 127, 253, 255,
       247, 255, 127, 255, 254, 235, 223, 111, 247, 255, 222, 125, 251,
       127, 126, 255, 255, 109, 247, 61, 245, 111, 255, 190, 155, 207,
       248, 189, 254, 93, 120, 247, 123, 255, 251, 255, 191, 254, 255,
       248, 255, 255, 255, 253, 255, 248, 255, 255, 253, 251, 255, 251,
       254, 253, 251, 245, 127, 111, 125, 223, 167, 60, 111, 255, 255,
       63, 255, 95, 126, 191, 241, 101, 28, 255, 82, 119, 249, 245, 211,
       223, 122, 63, 217, 150, 216, 125, 141, 173, 94, 5, 248, 31, 159,
       77, 144, 246, 59, 157, 93, 94, 34, 185, 61, 238, 255, 235, 250,
       255, 247, 125, 253, 253, 92, 221, 221, 127, 191, 204, 251, 253,
       251, 43, 244, 127, 218, 255, 121, 255, 29, 182, 125, 211, 127,
       239, 223, 227, 87, 48, 247, 249, 253, 126, 125, 93, 106, 167, 213,
       181, 247, 107, 189, 236, 153, 13, 246, 29, 158, 93, 62, 246, 247,
       189, 219, 223, 44, 254, 255, 254, 255, 255, 254, 253, 251, 252,
       255, 255, 253, 251, 255, 251, 255, 252, 251, 213, 127, 111, 125,
       223, 167, 60, 239, 255, 255, 191, 255, 95, 126, 191, 241, 109, 60,
       255, 86, 119, 249, 245, 219, 223, 123, 62, 219, 182, 217, 125,
       141, 173, 94, 133, 248, 191, 159, 77, 208, 246, 59, 157, 93, 95,
       34, 185, 125, 38, 247, 179, 217, 167, 167, 248, 196, 238, 194, 54,
       241, 206, 147, 70, 234, 213, 35, 102, 201, 135, 195, 116, 78, 216,
       188, 45, 210, 12, 51, 43, 87, 36, 85, 186, 82, 120, 233, 84, 112,
       84, 24, 46, 197, 20, 229, 109, 153, 172, 24, 5, 240, 29, 156, 73,
       16, 242, 51, 189, 88, 87, 32, 250, 124, 48, 247, 177, 218, 167,
       171, 253, 204, 166, 211, 54, 245, 198, 155, 82, 250, 141, 67, 70,
       187, 183, 207, 221, 156, 248, 252, 173, 66, 156, 119, 190, 79, 13,
       71, 191, 152, 186, 109, 94, 56, 64, 213, 138, 101, 109, 139, 55,
       159, 44, 137, 235, 242, 29, 92, 81, 72, 186, 153, 249, 184, 135,
       104, 118, 69, 14, 151, 20, 72, 202, 38, 102, 16, 248, 10, 5, 64,
       245, 139, 130, 239, 72, 161, 34, 204, 169, 78, 155, 75, 93, 145,
       102, 8, 3, 3, 79, 85, 163, 113, 48, 52, 192, 237, 102, 101, 20,
       106, 167, 109, 128, 253, 107, 153, 228, 104, 53, 180, 30, 156, 73,
       7, 106, 131, 181, 200, 71, 33, 254, 77, 15, 254, 248, 113, 127,
       33, 118, 181, 254, 202, 181, 93, 189, 251, 239, 203, 253, 235,
       110, 245, 215, 212, 179, 79, 105, 140, 148, 121, 68, 58, 203, 255,
       2, 215, 168, 85, 126, 221, 116, 254, 60, 58, 38, 85, 231, 99, 238,
       185, 44, 60, 21, 243, 93, 157, 76, 30, 238, 47, 189, 90, 70, 35,
       242, 109, 47, 239, 249, 48, 127, 161, 247, 189, 254, 202, 149, 89,
       189, 251, 238, 139, 124, 235, 106, 124, 193, 222, 179, 95, 233,
       148, 128, 125, 198, 58, 219, 113, 2, 87, 186, 84, 118, 213, 60,
       252, 116, 58, 182, 86, 167, 67, 232, 25, 45, 60, 21, 209, 29, 159,
       12, 144, 224, 43, 189, 74, 70, 40, 242, 68, 35, 243, 176, 16, 6,
       33, 110, 132, 196, 195, 52, 65, 175, 155, 70, 234, 213, 3, 102, 1,
       133, 192, 51, 76, 136, 160, 13, 82, 8, 48, 9, 82, 36, 85, 186, 80,
       120, 1, 84, 48, 80, 24, 46, 69, 20, 65, 110, 153, 44, 24, 5, 240,
       29, 156, 73, 16, 242, 51, 189, 88, 86, 32, 250, 70, 34, 97, 161,
       216, 4, 3, 205, 192, 98, 130, 54, 65, 2, 155, 97, 226, 84, 1, 100,
       73, 128, 142, 48, 76, 136, 40, 9, 210, 8, 49, 25, 112, 36, 85,
       186, 66, 114, 5, 214, 144, 64, 24, 14, 64, 30, 64, 20, 153, 44,
       16, 4, 112, 29, 133, 73, 144, 240, 33, 188, 76, 86, 32, 177, 253,
       254, 255, 125, 255, 255, 255, 255, 253, 255, 254, 255, 239, 255,
       251, 255, 251, 253, 255, 127, 255, 223, 255, 253, 247, 255, 255,
       191, 255, 127, 238, 255, 255, 239, 255, 255, 255, 191, 253, 119,
       125, 124, 251, 255, 255, 235, 127, 179, 254, 255, 254, 251, 217,
       255, 252, 255, 244, 252, 253, 239, 255, 255, 253, 182, 125, 190,
       255, 253, 255, 255, 255, 127, 253, 255, 254, 253, 255, 255, 187,
       253, 251, 245, 123, 111, 253, 127, 223, 127, 255, 235, 238, 191,
       126, 221, 127, 239, 255, 109, 87, 191, 214, 127, 253, 125, 252,
       93, 251, 63, 221, 175, 253, 127, 189, 172, 156, 13, 242, 61, 159,
       93, 112, 246, 123, 191, 219, 223, 40, 254 ]
