%YAML:1.0
descriptors: !!opencv-matrix
   rows: 7
   cols: 64
   dt: u
   data: [ 51, 255, 125, 215, 255, 157, 223, 8, 255, 117, 63, 122, 191,
       127, 252, 93, 246, 247, 60, 50, 214, 111, 147, 103, 254, 246, 231,
       127, 62, 59, 221, 111, 151, 238, 87, 158, 210, 89, 251, 127, 117,
       221, 233, 111, 213, 28, 245, 15, 145, 173, 24, 77, 244, 29, 159,
       75, 56, 246, 114, 191, 216, 95, 165, 250, 255, 253, 255, 255, 255,
       255, 95, 252, 255, 245, 253, 251, 255, 251, 246, 255, 243, 247,
       127, 127, 255, 239, 247, 63, 239, 239, 255, 63, 251, 121, 255,
       239, 243, 45, 52, 255, 210, 125, 245, 255, 218, 223, 249, 63, 217,
       31, 221, 63, 157, 173, 94, 133, 248, 191, 159, 79, 88, 254, 121,
       191, 253, 86, 50, 253, 61, 186, 253, 252, 62, 255, 255, 124, 253,
       252, 254, 253, 253, 126, 253, 246, 247, 255, 203, 107, 245, 115,
       219, 255, 253, 107, 228, 255, 125, 213, 253, 239, 255, 104, 87,
       190, 255, 250, 249, 125, 254, 223, 127, 47, 244, 183, 247, 111,
       191, 172, 157, 15, 242, 29, 159, 93, 62, 246, 63, 189, 251, 223,
       42, 255, 61, 254, 117, 253, 254, 253, 255, 121, 253, 253, 222,
       255, 253, 127, 252, 221, 251, 253, 251, 107, 245, 127, 219, 255,
       253, 255, 119, 191, 127, 223, 255, 239, 223, 239, 111, 190, 255,
       249, 249, 127, 125, 221, 251, 183, 245, 241, 255, 115, 189, 245,
       141, 111, 242, 157, 158, 77, 60, 246, 247, 175, 251, 223, 173,
       254, 243, 223, 206, 219, 119, 222, 95, 138, 255, 247, 61, 234,
       191, 191, 118, 255, 255, 247, 60, 191, 14, 223, 251, 111, 231,
       215, 251, 63, 63, 59, 222, 51, 146, 239, 254, 223, 202, 93, 255,
       251, 114, 223, 104, 125, 159, 92, 125, 183, 213, 153, 22, 149,
       237, 229, 238, 255, 113, 252, 240, 63, 221, 249, 156, 186, 59,
       254, 253, 207, 191, 221, 221, 61, 255, 253, 29, 251, 189, 127,
       255, 221, 255, 246, 96, 59, 245, 118, 219, 125, 249, 247, 245,
       123, 127, 251, 223, 239, 151, 236, 223, 246, 255, 89, 251, 127,
       117, 221, 111, 61, 149, 244, 245, 111, 187, 188, 153, 13, 246, 5,
       158, 93, 56, 246, 122, 189, 251, 223, 44, 254, 250, 253, 255, 223,
       119, 255, 223, 191, 255, 255, 221, 250, 255, 255, 63, 223, 255,
       247, 122, 255, 191, 127, 215, 127, 255, 247, 247, 127, 127, 251,
       246, 235, 223, 127, 247, 255, 222, 125, 250, 127, 124, 95, 239,
       127, 191, 124, 245, 63, 255, 190, 153, 207, 242, 253, 252, 223,
       121, 255, 123, 255, 251, 253, 189, 254 ]
