%YAML:1.0
descriptors: !!opencv-matrix
   rows: 7
   cols: 64
   dt: u
   data: [ 124, 57, 255, 253, 54, 127, 253, 254, 255, 254, 255, 185, 127,
       254, 251, 254, 251, 213, 123, 111, 237, 247, 230, 55, 77, 239,
       183, 63, 91, 206, 118, 251, 243, 36, 85, 186, 82, 122, 225, 116,
       240, 93, 56, 47, 213, 22, 213, 111, 153, 172, 24, 5, 240, 29, 157,
       73, 16, 242, 51, 189, 89, 86, 32, 250, 125, 255, 255, 253, 254,
       255, 251, 251, 255, 253, 222, 255, 255, 254, 249, 254, 251, 213,
       127, 107, 253, 127, 198, 127, 111, 254, 183, 63, 127, 95, 127,
       255, 247, 101, 117, 251, 86, 123, 249, 116, 243, 93, 249, 62, 221,
       134, 217, 111, 157, 173, 30, 5, 248, 29, 157, 77, 16, 246, 59,
       189, 89, 95, 34, 254, 126, 190, 255, 253, 254, 255, 251, 253, 253,
       255, 255, 253, 255, 254, 251, 255, 251, 253, 251, 123, 255, 127,
       223, 253, 253, 255, 255, 255, 127, 247, 255, 255, 255, 239, 215,
       63, 255, 255, 253, 127, 120, 93, 235, 127, 247, 175, 255, 51, 191,
       206, 158, 111, 247, 253, 156, 255, 116, 254, 255, 255, 251, 223,
       185, 254, 253, 255, 255, 253, 254, 255, 251, 254, 253, 253, 254,
       255, 255, 255, 255, 254, 251, 253, 251, 111, 255, 255, 255, 255,
       255, 127, 255, 255, 255, 223, 254, 255, 255, 111, 127, 255, 222,
       255, 253, 125, 255, 93, 255, 126, 255, 175, 255, 247, 173, 189,
       239, 255, 251, 255, 159, 77, 124, 254, 255, 255, 255, 239, 191,
       254, 124, 191, 255, 253, 126, 255, 251, 127, 253, 255, 215, 191,
       255, 254, 191, 222, 251, 221, 123, 111, 255, 127, 219, 255, 223,
       251, 254, 191, 126, 221, 126, 239, 223, 111, 119, 191, 214, 127,
       253, 127, 252, 93, 255, 127, 223, 173, 247, 239, 157, 172, 156,
       221, 243, 61, 158, 93, 80, 254, 123, 255, 219, 95, 185, 254, 127,
       254, 255, 255, 255, 191, 255, 57, 253, 255, 222, 255, 255, 127,
       253, 125, 246, 255, 255, 251, 253, 127, 219, 127, 253, 254, 247,
       255, 126, 247, 255, 255, 223, 233, 223, 117, 255, 251, 249, 127,
       253, 221, 255, 255, 247, 167, 255, 123, 191, 255, 152, 79, 254,
       189, 159, 253, 126, 247, 255, 255, 251, 191, 191, 254, 51, 212,
       88, 142, 191, 152, 95, 8, 118, 67, 61, 250, 188, 74, 36, 85, 246,
       246, 4, 177, 192, 50, 129, 102, 228, 150, 225, 123, 82, 59, 213,
       105, 151, 44, 20, 158, 234, 88, 234, 117, 114, 219, 45, 41, 212,
       20, 245, 79, 145, 174, 24, 5, 248, 1, 156, 73, 16, 242, 50, 189,
       88, 87, 32, 251 ]
