%YAML:1.0
descriptors: !!opencv-matrix
   rows: 10
   cols: 64
   dt: u
   data: [ 62, 249, 253, 222, 55, 127, 93, 123, 247, 196, 253, 240, 127,
       254, 180, 94, 255, 246, 98, 255, 183, 126, 209, 119, 253, 255,
       247, 125, 115, 254, 244, 233, 214, 60, 215, 190, 218, 120, 251,
       125, 120, 221, 189, 111, 245, 52, 245, 110, 155, 174, 153, 15,
       240, 29, 156, 93, 48, 243, 115, 255, 121, 215, 44, 250, 254, 49,
       251, 246, 54, 7, 89, 239, 214, 167, 85, 176, 119, 194, 150, 90,
       250, 215, 54, 111, 15, 173, 229, 23, 141, 219, 246, 79, 67, 169,
       244, 106, 211, 39, 52, 255, 90, 124, 243, 247, 80, 234, 181, 107,
       187, 28, 129, 110, 219, 172, 26, 199, 112, 24, 180, 73, 208, 242,
       113, 219, 125, 116, 163, 251, 253, 255, 255, 125, 254, 253, 255,
       253, 253, 255, 238, 255, 239, 125, 255, 253, 251, 253, 255, 106,
       253, 127, 63, 255, 255, 127, 247, 255, 253, 215, 255, 255, 239,
       75, 239, 255, 223, 183, 253, 125, 127, 93, 251, 191, 255, 227,
       255, 119, 172, 189, 254, 251, 250, 191, 159, 93, 254, 254, 127,
       175, 255, 207, 239, 182, 63, 183, 253, 254, 55, 189, 253, 121,
       247, 254, 221, 251, 253, 127, 188, 87, 255, 247, 99, 251, 245,
       118, 211, 247, 221, 254, 245, 255, 122, 94, 245, 235, 223, 44, 87,
       190, 219, 120, 249, 125, 124, 93, 57, 47, 213, 53, 247, 111, 153,
       172, 24, 5, 240, 29, 156, 77, 16, 242, 51, 189, 122, 215, 40, 250,
       252, 254, 255, 221, 254, 255, 255, 245, 253, 255, 255, 250, 223,
       253, 255, 238, 251, 253, 127, 111, 191, 255, 254, 253, 255, 127,
       191, 255, 125, 223, 127, 255, 255, 111, 255, 223, 218, 255, 253,
       127, 254, 255, 253, 63, 255, 174, 255, 179, 159, 237, 158, 255,
       251, 255, 159, 95, 248, 254, 121, 255, 255, 223, 57, 190, 252,
       255, 239, 253, 126, 127, 249, 255, 253, 254, 254, 189, 127, 253,
       255, 239, 251, 253, 251, 107, 252, 255, 254, 191, 127, 239, 182,
       183, 125, 215, 127, 255, 255, 111, 247, 255, 214, 255, 253, 125,
       254, 127, 255, 62, 223, 167, 83, 251, 191, 189, 223, 221, 250,
       191, 159, 93, 252, 246, 107, 223, 223, 207, 47, 247, 255, 253,
       255, 255, 255, 255, 255, 249, 255, 255, 253, 251, 255, 254, 246,
       252, 251, 247, 127, 127, 255, 255, 183, 126, 255, 255, 255, 255,
       255, 255, 255, 255, 231, 109, 158, 255, 222, 127, 249, 253, 218,
       223, 255, 63, 211, 63, 253, 127, 159, 191, 158, 141, 248, 191,
       159, 93, 120, 246, 123, 255, 255, 223, 58, 191, 68, 42, 211, 245,
       248, 210, 171, 205, 136, 251, 3, 119, 195, 194, 147, 82, 234, 213,
       41, 67, 206, 45, 206, 91, 15, 218, 178, 47, 82, 9, 51, 111, 87,
       167, 93, 187, 80, 252, 233, 118, 240, 92, 32, 14, 195, 4, 241,
       123, 153, 172, 24, 5, 240, 29, 156, 73, 16, 242, 51, 189, 88, 87,
       33, 254, 212, 49, 81, 150, 208, 6, 3, 107, 198, 68, 3, 54, 17,
       194, 146, 82, 226, 212, 4, 100, 11, 168, 128, 34, 14, 136, 160, 9,
       146, 8, 16, 41, 114, 36, 84, 154, 2, 114, 3, 212, 144, 64, 24, 14,
       64, 28, 192, 12, 129, 36, 80, 4, 32, 26, 132, 73, 16, 112, 49, 56,
       92, 6, 32, 248, 61, 182, 125, 246, 62, 189, 185, 121, 244, 254,
       214, 245, 253, 127, 185, 68, 242, 220, 67, 99, 245, 102, 195, 255,
       205, 186, 164, 191, 126, 85, 117, 239, 223, 44, 85, 190, 87, 120,
       233, 116, 120, 92, 56, 47, 212, 53, 247, 111, 153, 172, 24, 5,
       240, 29, 156, 73, 16, 242, 51, 189, 88, 87, 32, 250 ]
