%YAML:1.0
descriptors: !!opencv-matrix
   rows: 5
   cols: 64
   dt: u
   data: [ 255, 252, 127, 255, 255, 191, 255, 120, 253, 255, 252, 249,
       255, 123, 244, 253, 243, 245, 127, 107, 245, 103, 243, 127, 109,
       255, 165, 63, 127, 91, 125, 255, 215, 100, 86, 190, 82, 121, 249,
       244, 122, 222, 120, 47, 213, 22, 245, 111, 153, 173, 24, 5, 248,
       29, 159, 73, 16, 246, 51, 189, 88, 87, 34, 251, 62, 190, 239, 253,
       62, 255, 253, 127, 253, 254, 223, 253, 127, 252, 191, 206, 251,
       253, 123, 107, 244, 119, 214, 127, 125, 255, 181, 191, 127, 211,
       127, 239, 199, 44, 87, 190, 215, 120, 249, 125, 120, 93, 247, 47,
       213, 181, 247, 111, 159, 172, 159, 13, 242, 29, 156, 93, 48, 242,
       123, 189, 219, 223, 40, 254, 187, 254, 125, 207, 254, 189, 223,
       49, 255, 127, 125, 251, 191, 123, 116, 92, 247, 247, 126, 251,
       245, 118, 179, 118, 249, 255, 245, 127, 255, 219, 255, 251, 215,
       108, 86, 254, 222, 121, 249, 253, 126, 223, 123, 63, 213, 54, 245,
       111, 157, 173, 152, 13, 250, 29, 159, 93, 56, 246, 115, 189, 122,
       223, 42, 251, 63, 254, 125, 255, 63, 253, 253, 121, 255, 255, 253,
       249, 253, 123, 252, 93, 255, 247, 99, 251, 245, 118, 211, 255,
       253, 255, 247, 255, 127, 127, 245, 239, 223, 108, 215, 190, 255,
       121, 249, 125, 124, 95, 251, 175, 245, 177, 247, 111, 187, 174,
       152, 15, 240, 29, 158, 93, 60, 243, 247, 191, 250, 223, 44, 254,
       61, 188, 253, 255, 63, 253, 249, 125, 253, 252, 214, 253, 253,
       127, 253, 221, 255, 254, 227, 123, 245, 119, 219, 255, 253, 255,
       245, 255, 126, 215, 255, 239, 223, 236, 215, 190, 255, 250, 249,
       127, 124, 93, 123, 47, 213, 53, 247, 111, 185, 236, 153, 13, 244,
       29, 156, 93, 62, 242, 247, 191, 251, 223, 44, 254 ]
