%YAML:1.0
descriptors: !!opencv-matrix
   rows: 3
   cols: 64
   dt: u
   data: [ 68, 32, 225, 144, 24, 6, 35, 111, 192, 102, 3, 52, 81, 162,
       147, 66, 226, 84, 3, 96, 137, 129, 206, 32, 12, 136, 172, 13, 66,
       8, 49, 75, 113, 36, 84, 186, 0, 112, 1, 86, 144, 64, 24, 14, 64,
       28, 64, 13, 25, 44, 24, 4, 112, 28, 148, 73, 16, 242, 33, 188, 72,
       70, 32, 240, 255, 252, 125, 255, 255, 189, 223, 185, 255, 127,
       253, 251, 255, 123, 246, 93, 247, 247, 126, 251, 255, 127, 179,
       124, 255, 255, 255, 255, 255, 251, 255, 255, 223, 237, 158, 255,
       254, 121, 249, 255, 127, 223, 239, 127, 241, 61, 253, 63, 175,
       255, 155, 143, 254, 183, 223, 127, 120, 247, 247, 191, 255, 223,
       190, 191, 20, 33, 243, 244, 16, 2, 105, 111, 128, 194, 193, 52,
       81, 194, 145, 82, 234, 212, 1, 102, 3, 168, 196, 19, 12, 138, 162,
       9, 82, 8, 48, 41, 114, 38, 20, 186, 2, 124, 67, 84, 16, 96, 144,
       74, 194, 20, 193, 78, 25, 44, 24, 5, 112, 24, 148, 73, 144, 242,
       51, 153, 88, 70, 33, 243 ]
