%YAML:1.0
descriptors: !!opencv-matrix
   rows: 8
   cols: 64
   dt: u
   data: [ 253, 254, 255, 253, 255, 191, 251, 248, 253, 125, 246, 127,
       255, 123, 255, 253, 242, 253, 255, 122, 253, 127, 154, 124, 255,
       254, 255, 191, 254, 91, 127, 255, 255, 111, 223, 255, 247, 115,
       253, 253, 255, 223, 219, 30, 217, 163, 217, 87, 189, 189, 156, 13,
       250, 191, 159, 93, 120, 246, 127, 159, 254, 159, 46, 253, 255,
       254, 239, 255, 255, 255, 223, 121, 253, 255, 255, 251, 255, 126,
       254, 255, 187, 245, 126, 251, 253, 127, 219, 127, 253, 255, 247,
       183, 127, 255, 127, 239, 223, 237, 255, 255, 254, 251, 249, 127,
       126, 221, 239, 63, 247, 183, 255, 123, 191, 255, 157, 15, 254,
       189, 159, 93, 124, 247, 247, 255, 251, 223, 172, 254, 252, 251,
       255, 253, 254, 255, 251, 255, 253, 253, 222, 255, 255, 254, 251,
       254, 251, 213, 127, 111, 255, 223, 239, 189, 239, 255, 255, 191,
       255, 223, 126, 191, 247, 111, 117, 255, 86, 127, 253, 246, 219,
       221, 251, 62, 221, 175, 249, 183, 221, 173, 95, 181, 251, 255,
       159, 207, 80, 252, 123, 255, 223, 29, 51, 255, 124, 189, 255, 254,
       54, 119, 253, 127, 247, 252, 213, 245, 127, 254, 182, 94, 255,
       255, 251, 123, 247, 127, 241, 247, 255, 235, 246, 223, 123, 245,
       252, 235, 207, 58, 55, 180, 255, 124, 250, 125, 120, 255, 247,
       111, 253, 53, 247, 111, 253, 174, 155, 223, 242, 29, 156, 93, 55,
       243, 127, 255, 251, 255, 175, 251, 35, 22, 64, 2, 157, 128, 1, 8,
       102, 64, 0, 97, 172, 11, 128, 21, 98, 246, 1, 16, 192, 34, 145,
       100, 68, 136, 96, 11, 18, 8, 65, 97, 21, 36, 84, 186, 114, 48, 1,
       84, 68, 64, 24, 139, 192, 16, 240, 77, 144, 36, 24, 4, 240, 24,
       156, 73, 16, 114, 51, 156, 88, 87, 32, 121, 61, 53, 125, 52, 63,
       181, 57, 127, 242, 62, 215, 53, 125, 122, 161, 86, 242, 220, 3,
       98, 245, 34, 193, 247, 204, 170, 228, 203, 82, 12, 241, 234, 223,
       36, 85, 190, 82, 120, 233, 116, 120, 92, 56, 47, 212, 53, 247,
       111, 153, 172, 24, 5, 240, 29, 156, 73, 16, 242, 51, 189, 88, 87,
       32, 250, 63, 55, 117, 180, 63, 181, 57, 126, 246, 254, 211, 53,
       125, 107, 177, 87, 242, 220, 67, 98, 241, 34, 193, 119, 204, 170,
       228, 203, 82, 28, 241, 235, 215, 44, 85, 190, 82, 120, 233, 116,
       120, 92, 56, 47, 212, 53, 247, 111, 153, 172, 24, 5, 240, 29, 156,
       73, 16, 242, 51, 189, 88, 87, 32, 250, 63, 52, 125, 182, 63, 181,
       61, 127, 244, 254, 213, 49, 125, 111, 177, 87, 242, 220, 67, 98,
       241, 34, 193, 119, 204, 170, 228, 155, 90, 92, 117, 235, 215, 44,
       85, 190, 83, 120, 233, 116, 120, 92, 56, 47, 212, 53, 247, 111,
       153, 172, 24, 5, 240, 29, 156, 73, 16, 242, 51, 189, 88, 87, 32,
       250 ]
