%YAML:1.0
descriptors: !!opencv-matrix
   rows: 8
   cols: 64
   dt: u
   data: [ 247, 58, 247, 165, 216, 230, 171, 200, 236, 111, 211, 119,
       239, 239, 147, 112, 234, 213, 39, 102, 205, 133, 134, 116, 78,
       222, 189, 47, 210, 14, 51, 59, 87, 36, 85, 187, 82, 112, 233, 116,
       80, 92, 24, 14, 197, 20, 241, 109, 153, 172, 24, 5, 240, 29, 156,
       73, 16, 242, 51, 189, 88, 87, 32, 250, 255, 252, 255, 255, 255,
       127, 253, 254, 255, 255, 253, 251, 255, 251, 246, 255, 251, 245,
       127, 111, 125, 215, 183, 61, 255, 239, 255, 191, 255, 95, 126,
       187, 241, 101, 22, 255, 214, 119, 241, 253, 218, 223, 123, 63,
       217, 151, 209, 93, 157, 173, 30, 5, 248, 31, 159, 77, 144, 246,
       59, 156, 95, 30, 34, 185, 51, 212, 124, 142, 191, 156, 223, 9,
       255, 87, 53, 250, 189, 123, 100, 85, 246, 247, 4, 177, 196, 114,
       147, 102, 245, 214, 241, 123, 118, 59, 213, 105, 151, 108, 86,
       158, 218, 121, 233, 125, 112, 223, 40, 173, 213, 20, 245, 111,
       145, 174, 24, 13, 240, 29, 156, 73, 16, 242, 50, 189, 88, 87, 40,
       250, 12, 47, 231, 248, 48, 127, 161, 119, 177, 252, 202, 149, 81,
       181, 187, 230, 139, 92, 227, 106, 244, 33, 212, 179, 93, 41, 148,
       128, 72, 196, 58, 203, 221, 0, 85, 186, 85, 122, 201, 124, 248,
       116, 56, 166, 84, 167, 103, 110, 153, 172, 28, 5, 240, 29, 156,
       72, 16, 226, 35, 189, 74, 87, 32, 250, 191, 255, 127, 237, 191,
       125, 253, 250, 253, 93, 253, 251, 239, 123, 244, 253, 251, 244,
       63, 107, 117, 126, 180, 118, 239, 255, 247, 187, 255, 95, 126,
       251, 246, 100, 220, 254, 82, 113, 249, 245, 223, 223, 122, 63,
       208, 23, 244, 111, 137, 189, 30, 5, 248, 159, 159, 77, 56, 246,
       51, 191, 88, 223, 38, 185, 188, 234, 239, 201, 58, 127, 251, 253,
       253, 255, 254, 253, 95, 60, 251, 238, 251, 220, 251, 107, 245,
       209, 238, 188, 121, 109, 188, 178, 253, 215, 63, 255, 253, 96, 95,
       250, 215, 243, 249, 124, 250, 93, 247, 62, 215, 183, 243, 105,
       191, 173, 223, 141, 242, 29, 157, 93, 212, 246, 107, 252, 223, 95,
       42, 254, 187, 255, 108, 254, 191, 189, 221, 25, 255, 95, 189, 251,
       175, 127, 116, 125, 241, 247, 126, 251, 247, 126, 177, 118, 245,
       255, 243, 59, 255, 123, 247, 251, 215, 108, 222, 254, 218, 121,
       251, 253, 118, 223, 59, 255, 213, 82, 245, 111, 153, 191, 24, 15,
       248, 157, 159, 77, 56, 247, 115, 191, 250, 223, 172, 250, 124, 63,
       255, 252, 62, 119, 241, 255, 245, 252, 222, 181, 125, 254, 187,
       230, 251, 220, 227, 107, 245, 127, 214, 183, 221, 235, 164, 159,
       122, 221, 125, 235, 255, 36, 85, 190, 214, 122, 249, 124, 252, 93,
       123, 46, 213, 183, 195, 111, 153, 172, 153, 13, 242, 29, 156, 77,
       16, 242, 51, 189, 91, 86, 32, 250 ]
