%YAML:1.0
descriptors: !!opencv-matrix
   rows: 8
   cols: 64
   dt: u
   data: [ 125, 253, 255, 252, 118, 191, 255, 123, 255, 221, 213, 251,
       255, 251, 244, 94, 242, 245, 127, 111, 247, 127, 211, 247, 255,
       254, 247, 255, 126, 223, 252, 233, 223, 111, 86, 191, 222, 125,
       251, 125, 124, 223, 255, 111, 253, 61, 245, 111, 191, 172, 153,
       207, 242, 61, 159, 93, 120, 254, 115, 255, 123, 223, 175, 251,
       255, 254, 239, 239, 255, 255, 247, 252, 253, 253, 254, 255, 255,
       63, 255, 252, 251, 245, 251, 123, 253, 95, 255, 125, 255, 255,
       125, 183, 255, 223, 127, 255, 255, 239, 127, 255, 255, 255, 253,
       126, 255, 93, 255, 62, 221, 175, 127, 241, 191, 253, 223, 173,
       251, 191, 159, 125, 124, 252, 255, 253, 219, 223, 62, 254, 231,
       53, 209, 150, 221, 130, 13, 74, 230, 97, 1, 114, 163, 203, 132,
       85, 226, 213, 37, 101, 195, 45, 163, 103, 78, 154, 176, 47, 18, 8,
       48, 105, 87, 37, 84, 154, 66, 120, 33, 214, 80, 66, 24, 15, 201,
       28, 213, 79, 153, 164, 24, 4, 96, 24, 156, 73, 16, 242, 51, 189,
       88, 87, 32, 251, 68, 33, 227, 145, 16, 134, 43, 237, 132, 238,
       131, 52, 193, 194, 147, 66, 234, 85, 3, 98, 139, 161, 206, 59, 12,
       136, 166, 13, 82, 12, 49, 107, 119, 38, 85, 187, 18, 122, 69, 86,
       144, 64, 24, 14, 67, 28, 65, 55, 153, 44, 24, 5, 112, 28, 148, 73,
       144, 242, 35, 189, 88, 6, 32, 243, 124, 249, 255, 252, 54, 127,
       253, 127, 189, 246, 253, 188, 95, 252, 255, 254, 185, 221, 123,
       107, 183, 127, 214, 55, 125, 255, 183, 255, 121, 255, 126, 235,
       199, 62, 103, 254, 214, 121, 249, 125, 122, 253, 245, 111, 247,
       183, 245, 111, 159, 172, 155, 207, 250, 29, 156, 93, 56, 246, 123,
       255, 123, 223, 41, 254, 252, 251, 255, 255, 246, 127, 251, 254,
       253, 253, 253, 255, 255, 255, 255, 254, 251, 213, 127, 111, 125,
       223, 231, 53, 239, 255, 191, 191, 255, 223, 126, 191, 242, 101,
       117, 255, 86, 119, 249, 245, 254, 223, 249, 62, 223, 151, 217,
       124, 141, 173, 94, 133, 248, 31, 159, 77, 208, 246, 59, 189, 93,
       94, 34, 187, 191, 252, 127, 239, 255, 253, 223, 217, 255, 125,
       253, 251, 255, 123, 244, 253, 243, 247, 127, 123, 255, 222, 181,
       124, 239, 255, 255, 59, 255, 123, 255, 255, 241, 237, 190, 223,
       230, 119, 249, 247, 223, 223, 255, 95, 216, 31, 220, 29, 205, 181,
       214, 141, 104, 183, 151, 109, 248, 182, 121, 158, 255, 223, 62,
       189, 251, 252, 125, 255, 255, 189, 223, 153, 255, 119, 253, 250,
       191, 122, 246, 125, 246, 247, 126, 243, 255, 254, 179, 124, 182,
       255, 243, 123, 255, 251, 255, 191, 163, 237, 158, 223, 234, 117,
       249, 255, 91, 223, 247, 93, 209, 95, 253, 29, 239, 191, 151, 141,
       104, 183, 223, 117, 120, 182, 253, 159, 255, 159, 190, 157 ]
