%YAML:1.0
descriptors: !!opencv-matrix
   rows: 29
   cols: 64
   dt: u
   data: [ 60, 176, 253, 190, 63, 255, 187, 127, 246, 252, 214, 245, 253,
       126, 187, 84, 251, 223, 99, 99, 245, 55, 195, 247, 221, 235, 244,
       255, 90, 221, 247, 235, 223, 44, 85, 190, 83, 120, 233, 124, 120,
       93, 56, 47, 213, 53, 247, 111, 153, 172, 24, 5, 240, 29, 156, 73,
       16, 242, 51, 189, 88, 87, 32, 250, 248, 253, 255, 255, 63, 255,
       253, 191, 255, 253, 253, 249, 127, 254, 191, 254, 255, 255, 251,
       251, 247, 127, 247, 255, 251, 127, 247, 254, 127, 247, 254, 239,
       207, 251, 239, 117, 255, 253, 250, 125, 123, 255, 247, 239, 255,
       117, 183, 111, 255, 250, 175, 223, 246, 61, 248, 85, 127, 247,
       255, 251, 251, 251, 205, 222, 70, 33, 65, 146, 217, 2, 5, 74, 134,
       66, 3, 50, 161, 202, 160, 65, 226, 85, 1, 102, 67, 44, 128, 99,
       14, 130, 162, 13, 146, 8, 48, 9, 82, 38, 20, 154, 66, 120, 67, 84,
       0, 64, 24, 10, 64, 28, 193, 79, 25, 44, 16, 4, 112, 24, 156, 73,
       16, 114, 51, 189, 72, 22, 32, 248, 71, 32, 65, 130, 217, 2, 3, 74,
       134, 96, 1, 50, 33, 138, 130, 83, 226, 85, 1, 96, 138, 129, 136,
       32, 78, 128, 168, 15, 146, 8, 17, 111, 209, 36, 84, 154, 66, 112,
       37, 86, 0, 64, 8, 11, 64, 28, 96, 133, 145, 36, 16, 4, 48, 24,
       132, 75, 16, 112, 33, 60, 88, 86, 32, 248, 254, 48, 255, 183, 223,
       167, 63, 251, 246, 127, 212, 119, 255, 239, 178, 85, 250, 213,
       115, 102, 233, 167, 195, 119, 78, 218, 188, 47, 210, 156, 115,
       235, 215, 36, 87, 190, 82, 120, 233, 116, 112, 92, 56, 47, 213,
       20, 245, 111, 153, 172, 24, 5, 240, 29, 156, 73, 16, 242, 51, 189,
       88, 87, 32, 250, 12, 35, 101, 176, 16, 37, 37, 119, 228, 206, 194,
       20, 81, 37, 153, 66, 226, 220, 67, 96, 192, 32, 192, 243, 76, 136,
       164, 137, 80, 12, 49, 200, 87, 36, 85, 186, 82, 120, 193, 116,
       112, 84, 24, 46, 212, 20, 229, 111, 153, 172, 24, 5, 240, 29, 156,
       73, 16, 242, 51, 189, 88, 87, 32, 250, 13, 39, 101, 176, 18, 181,
       33, 124, 164, 70, 194, 52, 89, 60, 177, 71, 234, 252, 3, 96, 225,
       34, 192, 114, 76, 168, 164, 9, 80, 12, 49, 105, 215, 36, 85, 186,
       82, 120, 129, 124, 112, 84, 24, 15, 212, 20, 229, 79, 153, 172,
       24, 5, 240, 29, 156, 73, 16, 242, 51, 189, 88, 87, 32, 250, 44,
       34, 101, 160, 23, 181, 37, 125, 228, 124, 208, 53, 125, 63, 177,
       71, 226, 212, 67, 96, 241, 34, 192, 118, 76, 168, 164, 9, 82, 12,
       49, 233, 215, 36, 85, 186, 82, 120, 129, 116, 120, 92, 24, 46,
       212, 20, 229, 111, 153, 172, 24, 5, 240, 29, 156, 73, 16, 242, 51,
       189, 88, 87, 32, 250, 47, 34, 101, 162, 23, 181, 39, 120, 244,
       126, 210, 49, 125, 46, 177, 71, 234, 244, 3, 96, 225, 34, 193,
       118, 76, 184, 164, 13, 82, 12, 49, 233, 215, 36, 85, 186, 82, 120,
       161, 124, 112, 92, 56, 47, 212, 20, 229, 111, 153, 172, 24, 5,
       240, 29, 156, 73, 16, 242, 51, 189, 88, 87, 32, 250, 63, 54, 125,
       160, 63, 181, 63, 120, 246, 126, 210, 49, 237, 91, 145, 85, 242,
       212, 67, 112, 241, 34, 193, 118, 76, 168, 228, 9, 82, 28, 113,
       235, 215, 44, 85, 190, 82, 120, 161, 116, 120, 92, 56, 47, 212,
       21, 245, 79, 153, 172, 24, 5, 240, 29, 156, 73, 16, 242, 51, 189,
       88, 87, 32, 250, 39, 54, 97, 130, 157, 128, 1, 88, 230, 68, 130,
       112, 173, 11, 128, 85, 226, 244, 1, 112, 193, 34, 145, 116, 68,
       136, 96, 9, 18, 24, 97, 105, 85, 36, 84, 186, 66, 120, 1, 84, 196,
       64, 24, 143, 64, 0, 224, 79, 152, 44, 24, 4, 240, 28, 156, 73, 16,
       114, 51, 188, 88, 87, 32, 248, 61, 180, 125, 188, 63, 181, 189,
       126, 244, 254, 212, 241, 125, 126, 177, 87, 242, 220, 67, 99, 245,
       34, 193, 247, 204, 170, 228, 203, 90, 92, 245, 235, 223, 36, 85,
       190, 83, 120, 233, 116, 120, 92, 56, 47, 212, 53, 247, 111, 153,
       172, 24, 5, 240, 29, 156, 73, 16, 242, 51, 189, 88, 87, 32, 250,
       60, 50, 125, 180, 62, 189, 189, 120, 244, 254, 215, 113, 125, 127,
       144, 84, 242, 220, 67, 99, 245, 34, 192, 247, 205, 170, 228, 219,
       90, 156, 113, 235, 223, 36, 85, 190, 83, 120, 233, 116, 120, 92,
       56, 47, 212, 53, 247, 111, 153, 172, 24, 5, 240, 29, 156, 73, 16,
       242, 51, 189, 88, 87, 32, 250, 63, 177, 125, 182, 63, 181, 189,
       126, 244, 252, 212, 241, 125, 122, 177, 86, 242, 220, 67, 99, 245,
       34, 193, 119, 205, 170, 228, 155, 90, 92, 117, 235, 215, 36, 85,
       190, 83, 120, 233, 116, 120, 92, 56, 47, 212, 21, 247, 111, 153,
       172, 24, 5, 240, 29, 156, 73, 16, 242, 51, 189, 88, 87, 32, 250,
       77, 234, 223, 249, 216, 254, 230, 208, 57, 191, 110, 251, 194,
       119, 221, 233, 203, 233, 187, 107, 237, 101, 74, 219, 79, 127, 29,
       231, 108, 71, 51, 215, 215, 130, 213, 34, 53, 185, 237, 62, 120,
       60, 122, 165, 117, 145, 119, 227, 187, 237, 40, 113, 245, 93, 140,
       73, 22, 216, 183, 173, 218, 211, 97, 254, 60, 177, 125, 180, 63,
       181, 249, 125, 246, 254, 214, 245, 125, 126, 176, 84, 242, 220,
       67, 99, 245, 34, 193, 247, 205, 170, 228, 219, 90, 221, 245, 235,
       223, 44, 85, 190, 82, 120, 233, 116, 120, 92, 56, 47, 212, 53,
       247, 111, 153, 172, 24, 5, 240, 29, 156, 73, 16, 242, 51, 189, 88,
       87, 32, 250, 63, 53, 125, 182, 63, 189, 57, 124, 244, 254, 215,
       245, 125, 123, 156, 86, 250, 222, 67, 99, 245, 34, 193, 119, 205,
       170, 228, 155, 90, 28, 241, 235, 215, 36, 85, 190, 83, 120, 233,
       116, 120, 92, 57, 47, 212, 21, 247, 111, 153, 172, 24, 5, 240, 29,
       156, 73, 16, 242, 51, 189, 88, 87, 32, 250, 62, 176, 125, 182, 63,
       181, 253, 120, 246, 254, 213, 245, 125, 127, 177, 87, 242, 214,
       67, 99, 245, 114, 193, 119, 204, 170, 228, 155, 122, 93, 245, 235,
       215, 44, 85, 190, 83, 120, 233, 116, 120, 92, 56, 47, 212, 53,
       247, 111, 153, 172, 24, 5, 240, 29, 156, 73, 16, 242, 51, 189, 88,
       87, 32, 250, 63, 180, 125, 190, 62, 181, 61, 125, 246, 126, 213,
       117, 125, 126, 180, 84, 242, 214, 67, 98, 245, 34, 193, 246, 204,
       170, 228, 139, 82, 28, 241, 235, 215, 44, 85, 190, 91, 120, 233,
       116, 120, 92, 56, 47, 212, 53, 247, 111, 153, 172, 24, 5, 240, 29,
       156, 73, 16, 242, 51, 189, 88, 87, 32, 250, 62, 49, 125, 178, 23,
       37, 61, 127, 230, 78, 209, 52, 125, 47, 177, 87, 242, 212, 67, 96,
       225, 34, 193, 119, 76, 136, 164, 9, 82, 28, 113, 233, 215, 36, 85,
       190, 82, 120, 129, 116, 112, 92, 24, 15, 212, 20, 229, 79, 153,
       172, 24, 5, 240, 29, 156, 73, 16, 242, 51, 189, 88, 87, 32, 250,
       63, 55, 117, 146, 55, 53, 13, 126, 230, 94, 211, 48, 125, 126,
       177, 87, 242, 212, 67, 96, 241, 34, 193, 119, 76, 168, 164, 9, 82,
       28, 113, 233, 215, 36, 85, 186, 82, 120, 129, 116, 112, 92, 24,
       47, 212, 20, 229, 79, 153, 172, 24, 5, 240, 29, 156, 73, 16, 242,
       51, 189, 88, 87, 32, 250, 63, 50, 125, 176, 63, 181, 31, 120, 246,
       126, 211, 48, 109, 59, 177, 87, 242, 244, 67, 112, 225, 34, 193,
       118, 204, 168, 228, 73, 82, 28, 241, 233, 215, 44, 85, 190, 82,
       120, 161, 116, 112, 92, 56, 15, 212, 20, 229, 79, 153, 172, 24, 5,
       240, 29, 156, 73, 16, 242, 51, 189, 88, 87, 32, 250, 62, 51, 117,
       182, 55, 53, 45, 127, 230, 70, 211, 48, 125, 63, 177, 86, 242,
       212, 67, 96, 225, 34, 193, 119, 76, 136, 164, 9, 82, 140, 113,
       233, 215, 36, 87, 186, 82, 120, 129, 116, 112, 92, 24, 15, 212,
       20, 229, 79, 153, 172, 24, 5, 240, 29, 156, 73, 16, 242, 51, 189,
       88, 87, 32, 250, 62, 50, 117, 166, 63, 181, 63, 121, 230, 126,
       211, 53, 253, 63, 177, 85, 242, 212, 67, 96, 225, 34, 193, 118,
       204, 136, 228, 9, 82, 28, 113, 233, 215, 36, 85, 190, 82, 120,
       169, 116, 112, 92, 56, 47, 212, 20, 245, 111, 153, 172, 24, 5,
       240, 29, 156, 73, 16, 242, 51, 189, 88, 87, 32, 250, 61, 55, 117,
       166, 55, 53, 41, 126, 230, 84, 211, 52, 109, 63, 144, 84, 242,
       212, 3, 96, 241, 34, 193, 119, 76, 168, 164, 9, 82, 12, 113, 233,
