%YAML:1.0
descriptors: !!opencv-matrix
   rows: 9
   cols: 64
   dt: u
   data: [ 252, 255, 255, 253, 118, 127, 249, 255, 253, 255, 254, 191,
       127, 254, 251, 238, 251, 220, 255, 111, 125, 255, 246, 190, 255,
       255, 183, 187, 255, 223, 126, 191, 243, 103, 127, 255, 214, 119,
       253, 125, 254, 93, 251, 62, 223, 167, 73, 252, 143, 173, 223, 141,
       250, 191, 159, 93, 240, 244, 107, 255, 223, 142, 42, 182, 231, 54,
       225, 178, 221, 34, 39, 74, 228, 101, 208, 114, 175, 203, 134, 85,
       226, 213, 37, 101, 193, 167, 194, 119, 78, 154, 184, 15, 210, 8,
       49, 105, 215, 36, 84, 186, 66, 120, 37, 212, 80, 66, 24, 15, 209,
       20, 229, 79, 153, 164, 24, 4, 112, 28, 156, 73, 16, 242, 51, 189,
       88, 87, 32, 250, 254, 250, 255, 255, 254, 255, 223, 253, 255, 253,
       253, 255, 255, 254, 254, 252, 251, 213, 127, 111, 125, 143, 167,
       61, 111, 255, 191, 63, 223, 95, 118, 191, 243, 37, 84, 251, 82,
       119, 233, 244, 211, 95, 120, 63, 217, 22, 253, 125, 141, 173, 94,
       5, 248, 31, 159, 73, 144, 246, 51, 189, 92, 95, 34, 251, 255, 255,
       255, 255, 255, 191, 223, 57, 255, 255, 253, 251, 255, 127, 252,
       93, 255, 247, 126, 251, 247, 127, 211, 127, 253, 255, 247, 255,
       127, 127, 247, 235, 215, 108, 223, 191, 218, 121, 249, 125, 120,
       95, 251, 239, 213, 117, 247, 111, 157, 175, 24, 15, 240, 61, 159,
       93, 16, 247, 115, 191, 251, 223, 168, 250, 191, 253, 255, 252, 55,
       125, 253, 122, 253, 223, 253, 251, 255, 251, 252, 255, 251, 252,
       127, 123, 245, 126, 241, 119, 253, 255, 247, 251, 127, 127, 254,
       249, 222, 108, 151, 254, 255, 121, 249, 125, 126, 223, 251, 191,
       215, 113, 247, 111, 185, 191, 158, 13, 248, 29, 158, 93, 56, 246,
       127, 191, 251, 223, 172, 251, 124, 190, 255, 250, 62, 255, 247,
       119, 253, 252, 92, 253, 159, 127, 191, 206, 251, 255, 251, 107,
       245, 119, 219, 255, 121, 255, 180, 183, 127, 217, 125, 239, 215,
       236, 87, 182, 247, 248, 249, 124, 124, 93, 126, 47, 213, 52, 247,
       107, 189, 172, 153, 13, 246, 29, 156, 93, 62, 246, 115, 189, 219,
       223, 40, 254, 102, 33, 209, 146, 16, 130, 1, 78, 198, 102, 1, 52,
       113, 142, 177, 82, 234, 212, 1, 96, 139, 160, 229, 39, 12, 136,
       160, 13, 82, 8, 48, 105, 81, 36, 20, 186, 66, 112, 1, 84, 16, 64,
       24, 10, 64, 20, 65, 78, 153, 44, 88, 4, 112, 24, 148, 73, 144,
       242, 35, 188, 88, 70, 34, 241, 242, 245, 125, 150, 255, 31, 31,
       11, 230, 71, 61, 250, 63, 234, 244, 92, 246, 215, 36, 117, 67,
       182, 161, 38, 206, 151, 249, 59, 211, 56, 212, 105, 210, 36, 20,
       222, 66, 112, 161, 244, 82, 219, 28, 15, 208, 28, 244, 76, 145,
       172, 16, 5, 104, 25, 151, 73, 16, 242, 49, 60, 88, 86, 34, 249,
       108, 42, 231, 225, 216, 127, 163, 253, 189, 252, 202, 53, 89, 125,
       251, 228, 227, 252, 203, 98, 253, 131, 158, 176, 95, 232, 12, 129,
       252, 206, 59, 223, 125, 35, 87, 186, 84, 242, 205, 124, 220, 84,
       26, 150, 68, 163, 235, 225, 185, 44, 220, 9, 210, 31, 156, 73, 36,
       224, 35, 188, 202, 6, 32, 248 ]
