%YAML:1.0
descriptors: !!opencv-matrix
   rows: 4
   cols: 64
   dt: u
   data: [ 189, 180, 253, 182, 62, 103, 191, 126, 244, 252, 220, 115,
       255, 127, 178, 84, 251, 221, 99, 99, 245, 39, 195, 119, 204, 255,
       245, 191, 90, 94, 119, 235, 215, 36, 85, 190, 83, 120, 233, 116,
       120, 92, 56, 47, 213, 53, 247, 111, 153, 172, 24, 5, 240, 29, 156,
       73, 16, 242, 51, 189, 88, 87, 32, 250, 44, 234, 111, 137, 250,
       253, 163, 253, 253, 252, 254, 125, 93, 60, 251, 228, 227, 220,
       203, 106, 244, 80, 142, 252, 127, 237, 12, 162, 253, 199, 59, 255,
       253, 100, 87, 186, 86, 114, 237, 252, 255, 85, 90, 62, 84, 167,
       80, 225, 185, 45, 28, 5, 242, 29, 141, 73, 20, 240, 35, 188, 90,
       95, 34, 248, 187, 252, 109, 206, 55, 125, 221, 152, 255, 215, 189,
       250, 239, 57, 116, 255, 255, 244, 54, 123, 164, 118, 240, 118,
       237, 255, 245, 59, 127, 59, 127, 123, 214, 108, 212, 254, 218,
       121, 249, 245, 114, 222, 57, 63, 214, 22, 244, 109, 153, 175, 30,
       5, 248, 29, 159, 77, 16, 242, 51, 189, 120, 87, 34, 251, 253, 254,
       255, 253, 254, 255, 243, 255, 253, 253, 222, 255, 255, 253, 255,
       236, 251, 253, 251, 123, 253, 127, 255, 255, 255, 127, 95, 182,
       125, 215, 255, 255, 223, 235, 239, 117, 255, 255, 253, 61, 125,
       61, 251, 183, 253, 247, 127, 243, 191, 223, 175, 255, 247, 253,
       152, 92, 127, 223, 255, 239, 251, 255, 205, 222 ]
