%YAML:1.0
descriptors: !!opencv-matrix
   rows: 21
   cols: 64
   dt: u
   data: [ 12, 35, 229, 176, 16, 165, 40, 119, 0, 166, 195, 20, 81, 36,
       153, 66, 234, 76, 67, 98, 193, 32, 194, 147, 76, 136, 164, 137,
       64, 140, 49, 200, 87, 36, 85, 186, 16, 120, 193, 84, 48, 88, 16,
       46, 212, 20, 231, 110, 153, 172, 24, 5, 240, 29, 156, 73, 0, 242,
       51, 189, 88, 86, 32, 250, 13, 35, 101, 176, 16, 180, 33, 100, 32,
       198, 195, 20, 64, 37, 153, 66, 234, 204, 3, 96, 225, 32, 66, 242,
       76, 152, 180, 137, 64, 12, 49, 73, 87, 36, 85, 186, 80, 120, 129,
       84, 112, 84, 24, 46, 196, 0, 231, 111, 153, 172, 24, 5, 240, 29,
       156, 73, 16, 242, 51, 189, 72, 87, 32, 250, 60, 49, 245, 150, 50,
       7, 29, 127, 230, 68, 149, 117, 125, 110, 176, 84, 242, 212, 67,
       96, 209, 38, 193, 119, 76, 170, 164, 9, 82, 140, 113, 105, 215,
       36, 85, 186, 82, 120, 201, 116, 112, 92, 56, 47, 212, 20, 245,
       111, 153, 172, 24, 5, 240, 29, 156, 73, 16, 242, 51, 189, 88, 87,
       32, 250, 13, 34, 101, 160, 18, 181, 39, 92, 164, 126, 194, 48,
       217, 46, 177, 71, 234, 252, 3, 96, 225, 34, 194, 114, 76, 152,
       164, 9, 82, 12, 49, 105, 215, 36, 85, 186, 82, 120, 129, 116, 112,
       84, 56, 47, 212, 20, 229, 111, 153, 172, 24, 5, 240, 29, 156, 73,
       16, 242, 51, 189, 88, 87, 32, 250, 46, 34, 101, 162, 30, 181, 39,
       121, 244, 254, 210, 55, 253, 47, 177, 71, 226, 213, 67, 96, 225,
       34, 195, 118, 76, 136, 164, 13, 82, 28, 49, 235, 215, 36, 85, 186,
       82, 120, 233, 116, 112, 92, 56, 46, 212, 20, 229, 111, 153, 172,
       24, 5, 240, 29, 156, 73, 16, 242, 51, 189, 88, 87, 32, 250, 45,
       34, 101, 166, 62, 181, 47, 124, 244, 126, 210, 49, 253, 59, 177,
       68, 234, 244, 3, 96, 225, 34, 195, 119, 76, 184, 180, 15, 82, 12,
       49, 235, 215, 36, 85, 186, 82, 120, 169, 124, 112, 92, 56, 47,
       213, 20, 245, 111, 153, 172, 24, 5, 240, 29, 156, 73, 16, 242, 51,
       189, 88, 87, 32, 250, 61, 182, 125, 174, 63, 181, 189, 121, 246,
       126, 212, 117, 253, 127, 180, 84, 246, 222, 67, 98, 245, 34, 195,
       247, 204, 186, 228, 219, 90, 93, 241, 235, 223, 44, 85, 190, 83,
       120, 233, 116, 120, 92, 56, 47, 212, 53, 247, 111, 153, 172, 24,
       5, 240, 29, 156, 73, 16, 242, 51, 189, 88, 87, 32, 250, 62, 178,
       125, 182, 63, 189, 189, 121, 246, 254, 215, 241, 253, 127, 176,
       84, 246, 222, 67, 115, 245, 98, 195, 247, 221, 186, 228, 219, 90,
       156, 241, 235, 223, 44, 85, 190, 91, 120, 233, 124, 120, 92, 56,
       47, 212, 53, 247, 111, 153, 172, 24, 5, 240, 29, 156, 73, 16, 242,
       51, 189, 88, 87, 32, 250, 60, 177, 253, 252, 62, 189, 253, 125,
       246, 254, 212, 241, 253, 126, 188, 84, 246, 222, 67, 99, 245, 114,
       195, 247, 237, 170, 228, 219, 90, 221, 245, 235, 223, 44, 85, 190,
       215, 120, 233, 117, 120, 93, 123, 47, 212, 53, 247, 111, 153, 172,
       24, 5, 240, 29, 156, 73, 16, 242, 51, 189, 90, 87, 32, 250, 61,
       182, 125, 254, 62, 189, 185, 120, 246, 254, 214, 245, 253, 127,
       185, 85, 246, 222, 67, 99, 245, 32, 195, 247, 205, 186, 228, 219,
       90, 93, 241, 235, 223, 36, 85, 190, 83, 120, 233, 116, 120, 92,
       58, 47, 212, 53, 247, 111, 153, 172, 24, 5, 240, 29, 156, 73, 16,
       242, 51, 189, 88, 87, 32, 250, 61, 180, 125, 252, 63, 189, 253,
       124, 244, 254, 214, 245, 237, 127, 185, 85, 250, 252, 67, 99, 245,
       98, 211, 127, 205, 170, 228, 219, 122, 93, 245, 235, 223, 44, 85,
       190, 87, 120, 233, 117, 120, 92, 58, 47, 212, 53, 247, 111, 153,
       172, 24, 5, 240, 29, 156, 73, 16, 242, 51, 189, 90, 87, 32, 250,
       62, 179, 253, 254, 63, 189, 253, 122, 246, 254, 213, 241, 253,
       126, 180, 86, 246, 222, 67, 115, 229, 54, 193, 119, 205, 170, 228,
       219, 82, 92, 245, 235, 215, 44, 85, 190, 91, 120, 233, 116, 120,
       92, 57, 47, 212, 21, 247, 111, 153, 172, 24, 5, 240, 29, 156, 73,
       16, 242, 51, 189, 88, 87, 32, 250, 63, 180, 125, 182, 62, 181,
       189, 125, 246, 254, 212, 113, 253, 127, 177, 85, 246, 222, 67,
       115, 245, 98, 211, 255, 220, 170, 228, 219, 122, 93, 245, 235,
       223, 44, 85, 190, 95, 120, 233, 116, 120, 92, 58, 47, 212, 53,
       247, 111, 153, 172, 24, 5, 240, 29, 156, 73, 16, 242, 51, 189, 90,
       87, 32, 250, 63, 50, 125, 160, 63, 181, 15, 120, 230, 126, 211,
       48, 237, 11, 177, 87, 242, 244, 3, 112, 225, 34, 195, 118, 204,
       168, 228, 77, 82, 28, 241, 235, 215, 44, 85, 190, 82, 120, 161,
       116, 112, 92, 56, 47, 212, 20, 245, 79, 153, 172, 24, 5, 240, 29,
       156, 73, 16, 242, 51, 189, 88, 87, 32, 250, 62, 50, 117, 166, 63,
       181, 47, 121, 230, 126, 211, 52, 253, 63, 177, 85, 242, 213, 67,
       96, 225, 34, 195, 118, 204, 152, 228, 13, 82, 28, 113, 235, 215,
       36, 85, 190, 82, 120, 169, 116, 112, 92, 56, 47, 212, 20, 245,
       111, 153, 172, 24, 5, 240, 29, 156, 73, 16, 242, 51, 189, 88, 87,
       32, 250, 63, 54, 117, 162, 55, 181, 47, 88, 230, 126, 210, 52,
       253, 46, 177, 87, 242, 244, 3, 96, 225, 34, 195, 118, 204, 184,
       228, 13, 82, 28, 113, 233, 215, 36, 85, 190, 82, 120, 161, 124,
       112, 92, 56, 47, 212, 20, 229, 111, 153, 172, 24, 5, 240, 29, 156,
       73, 16, 242, 51, 189, 88, 87, 32, 250, 60, 49, 245, 182, 55, 39,
       61, 126, 228, 68, 213, 52, 125, 111, 176, 86, 250, 212, 67, 96,
       225, 39, 193, 119, 76, 136, 164, 141, 82, 140, 113, 233, 215, 36,
       87, 186, 82, 120, 201, 116, 120, 92, 56, 47, 212, 21, 245, 111,
       153, 172, 24, 5, 240, 29, 156, 73, 16, 242, 51, 189, 88, 87, 32,
       250, 62, 50, 117, 166, 63, 181, 15, 120, 230, 126, 209, 52, 253,
       63, 177, 87, 246, 214, 67, 96, 241, 34, 195, 118, 204, 168, 228,
       73, 82, 28, 241, 233, 215, 36, 85, 190, 82, 120, 201, 116, 112,
       92, 24, 46, 212, 20, 229, 111, 153, 172, 24, 5, 240, 29, 156, 73,
       16, 242, 51, 189, 88, 87, 32, 250, 61, 51, 245, 146, 55, 55, 45,
       126, 230, 94, 209, 48, 125, 126, 176, 86, 242, 212, 67, 98, 241,
       39, 193, 119, 76, 170, 164, 13, 82, 28, 113, 233, 215, 36, 85,
       190, 82, 120, 193, 116, 112, 92, 56, 47, 212, 52, 229, 79, 153,
       172, 24, 5, 240, 29, 156, 73, 16, 242, 51, 189, 88, 87, 32, 250,
       63, 52, 125, 178, 23, 165, 7, 92, 230, 110, 208, 52, 125, 46, 177,
       87, 250, 244, 3, 96, 225, 34, 193, 118, 76, 184, 228, 9, 82, 12,
       113, 105, 215, 36, 85, 190, 82, 120, 129, 124, 112, 92, 24, 47,
       212, 20, 229, 111, 153, 172, 24, 5, 240, 29, 156, 73, 16, 242, 51,
       189, 88, 87, 32, 250, 60, 51, 245, 182, 55, 55, 45, 126, 228, 68,
       211, 48, 125, 127, 176, 86, 250, 212, 67, 96, 225, 34, 193, 119,
       76, 184, 164, 141, 82, 140, 113, 233, 215, 36, 85, 186, 82, 120,
       193, 116, 120, 92, 24, 47, 212, 21, 229, 79, 153, 172, 24, 5, 240,
       29, 156, 73, 16, 242, 51, 189, 88, 87, 32, 250 ]
