%YAML:1.0
descriptors: !!opencv-matrix
   rows: 12
   cols: 64
   dt: u
   data: [ 28, 35, 93, 150, 59, 177, 190, 120, 244, 186, 209, 112, 253,
       119, 160, 64, 226, 157, 67, 115, 197, 35, 195, 247, 72, 10, 224,
       190, 80, 140, 53, 234, 223, 36, 85, 186, 83, 120, 233, 116, 120,
       92, 56, 47, 213, 53, 247, 111, 153, 172, 24, 5, 240, 29, 156, 73,
       16, 242, 51, 189, 88, 87, 32, 250, 11, 150, 4, 35, 205, 162, 162,
       16, 48, 57, 192, 65, 172, 89, 0, 17, 100, 171, 129, 208, 224, 35,
       11, 121, 64, 40, 104, 230, 92, 5, 225, 199, 223, 169, 216, 52,
       115, 136, 44, 99, 77, 4, 74, 143, 209, 81, 211, 67, 184, 222, 24,
       1, 244, 236, 216, 193, 22, 147, 183, 148, 144, 83, 36, 77, 4, 3,
       145, 144, 0, 0, 8, 78, 2, 2, 3, 0, 0, 192, 129, 18, 98, 68, 0, 2,
       2, 172, 192, 3, 14, 130, 162, 9, 2, 8, 0, 9, 82, 6, 84, 154, 0,
       108, 3, 68, 0, 96, 16, 74, 2, 4, 193, 142, 17, 36, 16, 4, 32, 24,
       148, 9, 0, 98, 48, 29, 72, 4, 33, 242, 191, 247, 125, 239, 255,
       253, 223, 185, 255, 85, 255, 127, 253, 127, 252, 245, 247, 247,
       94, 246, 119, 106, 147, 244, 253, 255, 247, 255, 254, 127, 255,
       191, 158, 109, 95, 222, 222, 123, 251, 125, 125, 221, 251, 255,
       245, 63, 253, 63, 173, 183, 129, 79, 248, 167, 158, 105, 112, 247,
       112, 175, 250, 127, 180, 156, 255, 85, 124, 150, 55, 13, 31, 72,
       166, 70, 189, 50, 61, 106, 180, 87, 246, 246, 6, 245, 11, 242,
       145, 54, 76, 158, 225, 89, 210, 60, 244, 41, 210, 44, 22, 190, 66,
       120, 129, 220, 50, 202, 60, 15, 208, 20, 228, 78, 153, 172, 16, 5,
       104, 29, 149, 73, 24, 242, 49, 188, 88, 86, 32, 249, 45, 191, 239,
       248, 62, 127, 253, 127, 181, 254, 254, 145, 95, 253, 253, 239,
       153, 252, 227, 107, 244, 127, 92, 255, 125, 127, 151, 246, 125,
       215, 127, 239, 223, 90, 199, 44, 255, 252, 248, 121, 124, 61, 251,
       175, 247, 241, 247, 107, 187, 232, 188, 75, 242, 29, 222, 92, 63,
       246, 255, 255, 251, 255, 237, 254, 44, 39, 253, 170, 18, 61, 161,
       119, 116, 222, 70, 149, 93, 63, 185, 70, 234, 212, 65, 97, 245,
       32, 193, 247, 93, 168, 164, 137, 90, 140, 49, 233, 215, 36, 85,
       186, 83, 120, 233, 116, 112, 92, 56, 47, 212, 20, 247, 111, 153,
       172, 24, 5, 240, 29, 156, 73, 16, 242, 51, 189, 88, 87, 32, 250,
       66, 1, 0, 2, 64, 130, 2, 3, 2, 0, 1, 0, 0, 0, 0, 2, 100, 3, 0,
       196, 192, 33, 64, 67, 0, 128, 136, 12, 0, 8, 1, 64, 134, 36, 65,
       186, 0, 8, 1, 64, 32, 0, 16, 11, 65, 28, 165, 78, 17, 172, 24, 4,
       48, 24, 28, 65, 16, 50, 19, 176, 8, 86, 32, 104, 60, 255, 255,
       252, 54, 255, 253, 127, 253, 252, 220, 253, 127, 254, 190, 206,
       251, 253, 227, 107, 245, 55, 211, 247, 93, 255, 181, 191, 127,
       222, 119, 235, 207, 44, 87, 190, 215, 120, 233, 124, 120, 93, 59,
       175, 213, 53, 247, 111, 185, 172, 152, 13, 240, 29, 156, 73, 16,
       242, 115, 189, 90, 87, 40, 250, 137, 206, 111, 233, 234, 253, 163,
       253, 189, 253, 254, 207, 221, 61, 127, 172, 133, 252, 255, 106,
       244, 82, 190, 248, 127, 109, 13, 178, 237, 215, 63, 223, 253, 120,
       75, 104, 95, 243, 252, 168, 255, 61, 122, 54, 84, 231, 122, 241,
       175, 89, 207, 45, 219, 223, 143, 92, 183, 196, 175, 172, 215, 223,
       74, 189, 63, 183, 125, 182, 54, 189, 189, 120, 247, 254, 223, 240,
       253, 127, 185, 87, 251, 246, 67, 115, 245, 114, 209, 119, 205,
       190, 229, 251, 82, 30, 245, 235, 215, 44, 85, 190, 90, 120, 233,
       124, 120, 92, 56, 47, 212, 21, 245, 111, 153, 172, 24, 5, 240, 29,
       156, 73, 16, 242, 51, 189, 88, 87, 32, 250, 63, 182, 117, 174, 63,
       189, 189, 127, 246, 124, 214, 245, 125, 63, 188, 85, 254, 246, 67,
       112, 245, 34, 209, 119, 221, 184, 228, 203, 90, 28, 241, 235, 223,
       44, 85, 190, 91, 120, 233, 124, 120, 92, 56, 175, 212, 53, 247,
       111, 153, 172, 24, 5, 240, 29, 156, 73, 16, 242, 51, 189, 90, 87,
       32, 250 ]
