%YAML:1.0
descriptors: !!opencv-matrix
   rows: 19
   cols: 64
   dt: u
   data: [ 28, 177, 220, 158, 55, 115, 253, 126, 86, 190, 212, 245, 125,
       94, 179, 66, 251, 212, 99, 99, 229, 39, 193, 247, 73, 42, 224, 14,
       80, 204, 245, 235, 223, 36, 85, 186, 82, 120, 233, 116, 112, 92,
       48, 47, 212, 53, 247, 111, 153, 172, 24, 5, 240, 29, 156, 73, 16,
       242, 51, 189, 88, 87, 32, 250, 76, 35, 225, 176, 16, 39, 33, 127,
       128, 238, 194, 52, 81, 134, 155, 66, 234, 92, 3, 102, 193, 161,
       198, 19, 12, 136, 164, 13, 80, 8, 48, 73, 87, 36, 85, 186, 16,
       122, 1, 84, 48, 64, 24, 14, 68, 20, 65, 110, 153, 44, 24, 5, 240,
       28, 156, 73, 16, 242, 51, 189, 72, 70, 32, 242, 13, 54, 68, 33,
       221, 160, 162, 88, 56, 57, 194, 117, 224, 9, 129, 1, 226, 236,
       131, 80, 233, 2, 11, 120, 4, 40, 104, 131, 216, 69, 33, 199, 125,
       160, 92, 48, 117, 178, 45, 116, 221, 68, 90, 14, 64, 65, 202, 81,
       184, 124, 24, 4, 240, 156, 140, 73, 22, 176, 167, 180, 202, 71,
       32, 116, 237, 127, 239, 253, 54, 125, 253, 246, 189, 255, 250,
       189, 95, 253, 251, 239, 187, 252, 235, 107, 253, 255, 246, 187,
       79, 111, 183, 178, 121, 87, 126, 251, 251, 34, 215, 251, 215, 127,
       249, 117, 254, 124, 250, 62, 223, 167, 195, 127, 185, 173, 30, 5,
       240, 29, 157, 77, 148, 246, 123, 191, 95, 214, 32, 242, 71, 7, 64,
       114, 217, 162, 103, 72, 32, 41, 224, 99, 162, 75, 132, 1, 98, 109,
       157, 70, 231, 47, 137, 123, 6, 202, 2, 135, 210, 1, 33, 71, 23,
       231, 28, 27, 33, 176, 119, 150, 79, 98, 154, 203, 73, 25, 203,
       147, 8, 116, 16, 96, 101, 230, 143, 169, 25, 188, 243, 135, 136,
       102, 177, 57, 99, 53, 192, 50, 221, 162, 6, 10, 96, 34, 0, 96,
       172, 75, 4, 21, 100, 47, 25, 212, 227, 39, 25, 103, 134, 218, 106,
       207, 18, 48, 225, 65, 23, 175, 150, 183, 41, 8, 37, 68, 76, 66,
       26, 201, 193, 89, 135, 79, 20, 38, 24, 0, 101, 96, 88, 131, 106,
       190, 151, 147, 8, 243, 180, 72, 118, 55, 241, 2, 85, 134, 7, 79,
       226, 64, 131, 116, 229, 71, 128, 21, 234, 197, 3, 100, 193, 39,
       195, 119, 76, 216, 188, 13, 18, 12, 33, 104, 215, 36, 85, 186, 82,
       56, 137, 84, 112, 92, 24, 175, 213, 16, 245, 79, 153, 172, 24, 1,
       240, 29, 156, 73, 16, 242, 51, 189, 88, 87, 32, 250, 103, 51, 245,
       2, 95, 130, 7, 74, 230, 6, 129, 50, 237, 111, 160, 81, 226, 245,
       3, 100, 193, 39, 195, 119, 76, 216, 168, 13, 82, 12, 113, 105,
       215, 36, 85, 186, 82, 120, 9, 84, 112, 80, 24, 47, 213, 20, 245,
       79, 153, 172, 24, 5, 240, 29, 156, 73, 16, 242, 51, 189, 88, 87,
       32, 250, 60, 50, 117, 164, 62, 181, 41, 121, 228, 94, 210, 49,
       125, 26, 177, 85, 242, 212, 67, 96, 241, 32, 129, 118, 76, 168,
       164, 137, 82, 28, 113, 233, 213, 36, 84, 186, 82, 120, 129, 116,
       240, 92, 24, 14, 208, 20, 192, 79, 153, 172, 24, 5, 240, 29, 156,
       73, 16, 242, 51, 188, 88, 87, 32, 249, 127, 52, 225, 162, 95, 167,
       7, 90, 230, 70, 144, 112, 173, 78, 176, 85, 242, 245, 3, 116, 193,
       39, 145, 119, 78, 152, 232, 13, 82, 24, 113, 105, 215, 44, 22,
       186, 82, 120, 1, 116, 80, 72, 24, 15, 209, 20, 229, 79, 153, 172,
       24, 5, 240, 28, 156, 73, 16, 242, 51, 189, 88, 87, 32, 250, 70,
       32, 131, 131, 217, 128, 130, 201, 196, 10, 130, 54, 177, 198, 171,
       65, 74, 85, 1, 68, 73, 5, 138, 65, 6, 152, 24, 5, 146, 8, 50, 10,
       71, 38, 93, 187, 16, 126, 13, 20, 0, 64, 20, 10, 69, 4, 137, 149,
       24, 44, 24, 4, 147, 24, 156, 65, 16, 32, 51, 189, 12, 7, 32, 242,
       69, 6, 101, 128, 64, 23, 39, 119, 164, 68, 34, 0, 89, 57, 177, 7,
       128, 124, 67, 100, 80, 208, 24, 160, 92, 32, 12, 0, 176, 132, 24,
       1, 112, 6, 82, 170, 0, 98, 5, 136, 148, 33, 24, 134, 64, 230, 64,
       192, 16, 36, 212, 12, 19, 24, 135, 8, 56, 96, 3, 148, 72, 134, 44,
       248, 66, 1, 128, 18, 1, 2, 0, 7, 2, 2, 1, 4, 0, 195, 129, 2, 66,
       0, 0, 68, 2, 161, 193, 3, 12, 128, 160, 13, 2, 8, 0, 64, 66, 36,
       5, 186, 0, 32, 3, 68, 32, 64, 16, 138, 64, 24, 129, 78, 17, 44,
       24, 1, 48, 24, 148, 65, 16, 114, 51, 157, 72, 86, 32, 224, 98, 20,
       8, 131, 222, 151, 155, 1, 118, 110, 17, 2, 185, 10, 51, 85, 102,
       247, 17, 100, 200, 23, 219, 108, 12, 128, 188, 47, 210, 25, 49,
       107, 69, 36, 23, 187, 82, 120, 37, 118, 240, 72, 20, 8, 209, 28,
       208, 93, 157, 172, 24, 5, 240, 29, 156, 203, 16, 242, 59, 188, 88,
       23, 48, 241, 83, 16, 77, 130, 255, 147, 27, 56, 114, 106, 21, 18,
       189, 42, 33, 81, 98, 215, 25, 116, 192, 37, 131, 112, 12, 200,
       168, 15, 82, 9, 49, 107, 119, 37, 20, 187, 82, 120, 5, 212, 80,
       74, 24, 14, 209, 28, 192, 79, 157, 172, 24, 5, 113, 56, 156, 203,
       80, 246, 51, 156, 88, 22, 48, 249, 114, 18, 73, 138, 95, 151, 14,
       9, 102, 98, 17, 16, 189, 38, 53, 87, 255, 215, 24, 100, 192, 113,
       211, 97, 92, 212, 184, 13, 18, 152, 49, 105, 213, 37, 215, 187,
       66, 120, 37, 116, 36, 74, 52, 41, 85, 28, 228, 79, 159, 172, 24,
       5, 35, 57, 156, 219, 80, 254, 51, 157, 88, 87, 56, 242, 69, 6, 1,
       0, 217, 130, 35, 90, 160, 0, 130, 103, 224, 73, 128, 1, 66, 101,
       3, 68, 192, 39, 8, 71, 6, 216, 8, 4, 144, 8, 33, 64, 95, 39, 84,
       187, 16, 56, 5, 4, 192, 80, 24, 135, 65, 104, 160, 79, 24, 36, 24,
       0, 241, 28, 140, 3, 16, 58, 51, 188, 72, 23, 32, 120, 97, 5, 100,
       16, 217, 134, 7, 90, 160, 100, 128, 99, 168, 109, 128, 5, 194,
       101, 27, 100, 208, 39, 152, 103, 70, 250, 24, 7, 210, 12, 33, 65,
       223, 39, 20, 187, 2, 56, 37, 84, 84, 64, 24, 143, 197, 88, 245,
       79, 25, 36, 24, 4, 241, 120, 156, 139, 88, 190, 51, 189, 72, 87,
       48, 250, 106, 35, 237, 210, 223, 147, 195, 88, 244, 52, 134, 118,
       249, 126, 179, 69, 226, 213, 91, 102, 198, 39, 203, 119, 14, 218,
       28, 15, 210, 8, 49, 106, 215, 47, 87, 187, 82, 120, 109, 116, 80,
       84, 24, 14, 209, 124, 209, 79, 157, 172, 24, 5, 241, 125, 156,
       203, 80, 254, 51, 189, 88, 87, 48, 250 ]
