%YAML:1.0
descriptors: !!opencv-matrix
   rows: 6
   cols: 64
   dt: u
   data: [ 63, 181, 236, 254, 63, 189, 221, 63, 183, 254, 245, 241, 61,
       122, 52, 95, 253, 254, 99, 243, 245, 118, 209, 119, 205, 191, 229,
       127, 90, 93, 245, 235, 223, 44, 87, 190, 91, 120, 233, 116, 120,
       95, 56, 47, 212, 117, 247, 111, 153, 172, 24, 5, 240, 29, 156, 73,
       16, 242, 51, 189, 88, 87, 32, 250, 63, 178, 253, 166, 63, 253,
       157, 124, 119, 252, 214, 245, 253, 127, 185, 85, 255, 246, 65,
       243, 229, 112, 195, 115, 205, 190, 224, 255, 126, 95, 245, 235,
       215, 36, 85, 186, 94, 120, 233, 116, 116, 93, 122, 47, 213, 21,
       247, 111, 153, 172, 24, 5, 240, 29, 156, 73, 16, 242, 51, 189, 88,
       87, 32, 250, 63, 242, 125, 254, 62, 189, 253, 120, 255, 254, 213,
       251, 253, 127, 189, 87, 242, 255, 99, 123, 245, 118, 195, 247,
       237, 254, 245, 255, 126, 95, 245, 235, 215, 44, 87, 190, 219, 120,
       233, 117, 120, 93, 59, 47, 213, 53, 247, 111, 153, 172, 24, 5,
       240, 29, 156, 73, 16, 242, 51, 189, 88, 87, 32, 250, 45, 47, 237,
       184, 18, 125, 33, 119, 116, 254, 70, 149, 93, 191, 185, 198, 235,
       220, 97, 96, 245, 32, 193, 179, 93, 169, 164, 137, 90, 140, 49,
       233, 215, 36, 85, 186, 82, 122, 233, 124, 112, 92, 56, 47, 84, 20,
       231, 110, 153, 172, 24, 5, 240, 29, 156, 73, 16, 242, 51, 189, 88,
       87, 32, 250, 191, 245, 125, 132, 183, 157, 31, 72, 102, 71, 189,
       114, 253, 107, 244, 85, 242, 245, 6, 245, 67, 112, 145, 114, 204,
       158, 225, 121, 114, 30, 245, 41, 210, 36, 86, 154, 74, 120, 129,
       220, 112, 218, 60, 47, 212, 20, 244, 78, 153, 172, 16, 5, 96, 29,
       157, 73, 24, 242, 51, 189, 88, 87, 32, 250, 44, 34, 229, 168, 24,
       103, 161, 127, 244, 252, 206, 53, 89, 63, 187, 228, 203, 92, 195,
       96, 241, 0, 204, 181, 93, 169, 12, 129, 120, 204, 57, 203, 253,
       36, 87, 186, 21, 114, 9, 124, 124, 85, 24, 38, 68, 181, 102, 236,
       153, 44, 24, 4, 242, 29, 156, 73, 24, 224, 35, 188, 72, 71, 32,
       250 ]
