%YAML:1.0
descriptors: !!opencv-matrix
   rows: 7
   cols: 64
   dt: u
   data: [ 60, 57, 255, 220, 50, 95, 217, 111, 215, 244, 223, 180, 93,
       254, 187, 254, 251, 212, 98, 99, 215, 63, 198, 55, 221, 235, 182,
       89, 82, 216, 118, 235, 199, 36, 85, 190, 210, 122, 233, 124, 112,
       93, 181, 47, 213, 20, 245, 110, 153, 172, 25, 5, 240, 29, 156, 73,
       16, 242, 51, 189, 88, 87, 32, 250, 12, 34, 117, 176, 24, 165, 33,
       124, 208, 252, 194, 53, 65, 71, 153, 66, 226, 212, 3, 98, 197, 32,
       192, 115, 77, 136, 164, 11, 82, 12, 49, 107, 215, 36, 85, 186, 82,
       122, 233, 116, 112, 84, 24, 46, 196, 20, 229, 111, 153, 172, 24,
       5, 240, 29, 156, 73, 16, 242, 51, 189, 88, 87, 32, 250, 22, 17,
       145, 148, 0, 0, 72, 78, 2, 2, 1, 0, 0, 194, 131, 18, 102, 198, 0,
       2, 14, 172, 192, 3, 142, 130, 162, 73, 18, 40, 0, 40, 18, 6, 20,
       154, 0, 108, 67, 70, 0, 64, 136, 72, 42, 20, 193, 14, 209, 36, 48,
       20, 32, 24, 180, 73, 145, 114, 48, 57, 88, 68, 33, 240, 7, 6, 0,
       34, 29, 160, 35, 72, 32, 58, 194, 33, 32, 11, 128, 5, 66, 108,
       129, 64, 224, 34, 136, 112, 68, 136, 0, 133, 82, 0, 33, 65, 85,
       36, 84, 178, 49, 56, 1, 68, 72, 68, 26, 137, 64, 1, 194, 79, 24,
       44, 24, 4, 224, 28, 156, 1, 16, 178, 55, 148, 8, 23, 32, 120, 60,
       54, 117, 162, 190, 189, 35, 121, 228, 126, 210, 53, 253, 63, 249,
       69, 242, 244, 71, 96, 241, 34, 145, 116, 76, 184, 172, 137, 218,
       28, 121, 249, 112, 36, 86, 186, 82, 114, 129, 212, 220, 84, 24,
       14, 64, 134, 192, 77, 153, 45, 24, 4, 240, 29, 143, 73, 16, 242,
       51, 188, 88, 22, 32, 248, 63, 21, 252, 158, 55, 55, 29, 126, 54,
       70, 245, 176, 61, 234, 180, 86, 242, 214, 1, 100, 81, 162, 225,
       51, 76, 171, 224, 89, 83, 28, 244, 105, 240, 36, 20, 186, 82, 112,
       129, 244, 82, 202, 24, 15, 208, 20, 193, 78, 153, 172, 26, 5, 112,
       29, 157, 73, 16, 242, 51, 188, 88, 86, 34, 249, 71, 1, 1, 18, 64,
       2, 2, 78, 2, 2, 1, 0, 0, 195, 131, 2, 74, 68, 0, 68, 10, 161, 128,
       2, 14, 128, 128, 9, 146, 8, 0, 8, 80, 38, 20, 154, 0, 32, 7, 68,
       32, 64, 24, 136, 0, 24, 129, 142, 17, 44, 16, 0, 32, 24, 132, 3,
       16, 96, 32, 28, 72, 68, 32, 240 ]
