%YAML:1.0
descriptors: !!opencv-matrix
   rows: 4
   cols: 64
   dt: u
   data: [ 237, 206, 111, 253, 255, 255, 255, 253, 189, 255, 239, 207,
       219, 253, 255, 239, 139, 125, 255, 111, 254, 251, 190, 184, 127,
       255, 159, 182, 253, 247, 63, 223, 233, 211, 251, 105, 247, 247,
       254, 187, 255, 191, 239, 247, 255, 239, 254, 177, 111, 219, 247,
       255, 223, 255, 231, 190, 255, 205, 237, 110, 231, 254, 223, 188,
       62, 53, 253, 150, 55, 39, 29, 127, 230, 70, 245, 176, 127, 234,
       180, 86, 242, 212, 67, 101, 115, 178, 229, 55, 220, 170, 228, 25,
       83, 156, 124, 233, 240, 36, 20, 190, 66, 112, 129, 252, 210, 203,
       29, 14, 208, 20, 193, 78, 153, 172, 26, 5, 112, 28, 149, 73, 24,
       242, 51, 156, 88, 86, 34, 249, 63, 21, 252, 190, 23, 39, 25, 111,
       54, 70, 85, 176, 61, 170, 180, 86, 246, 214, 1, 97, 65, 34, 229,
       51, 76, 136, 224, 73, 83, 8, 240, 105, 244, 36, 20, 186, 82, 112,
       129, 244, 82, 74, 28, 14, 208, 20, 193, 78, 153, 172, 24, 5, 112,
       28, 156, 73, 16, 242, 51, 188, 88, 86, 34, 249, 62, 177, 125, 190,
       63, 181, 191, 120, 246, 254, 253, 250, 253, 126, 180, 87, 243,
       213, 3, 99, 229, 38, 195, 118, 205, 222, 245, 59, 82, 30, 245,
       235, 215, 36, 85, 190, 82, 120, 233, 116, 112, 92, 56, 47, 213,
       20, 245, 111, 153, 172, 24, 5, 240, 29, 156, 73, 16, 242, 51, 189,
       88, 87, 32, 250 ]
