%YAML:1.0
descriptors: !!opencv-matrix
   rows: 9
   cols: 64
   dt: u
   data: [ 35, 52, 81, 2, 221, 130, 7, 8, 230, 0, 1, 112, 173, 75, 132,
       85, 98, 215, 1, 96, 193, 34, 129, 101, 70, 144, 232, 13, 146, 8,
       1, 105, 215, 36, 20, 186, 66, 112, 1, 84, 64, 66, 24, 11, 208, 16,
       244, 79, 145, 164, 24, 4, 96, 24, 156, 73, 16, 242, 51, 188, 88,
       87, 32, 249, 35, 52, 112, 34, 223, 128, 7, 72, 230, 73, 128, 115,
       173, 75, 164, 85, 226, 247, 7, 112, 193, 34, 153, 100, 70, 152,
       105, 15, 146, 24, 97, 105, 215, 38, 22, 190, 114, 112, 37, 244,
       65, 66, 24, 11, 64, 80, 212, 71, 153, 36, 24, 4, 224, 24, 140, 73,
       16, 242, 51, 156, 88, 87, 32, 249, 16, 49, 17, 148, 32, 0, 24,
       102, 66, 130, 1, 0, 84, 128, 19, 18, 116, 194, 0, 71, 10, 160, 64,
       130, 140, 128, 230, 72, 0, 44, 244, 40, 114, 52, 52, 158, 8, 104,
       130, 69, 128, 74, 21, 10, 162, 28, 129, 14, 145, 172, 16, 7, 32,
       24, 20, 73, 128, 115, 17, 184, 88, 22, 32, 227, 196, 42, 131, 209,
       216, 130, 131, 200, 136, 35, 2, 62, 131, 194, 139, 72, 202, 69,
       57, 70, 206, 173, 142, 73, 78, 210, 26, 39, 146, 11, 19, 95, 119,
       167, 85, 155, 80, 247, 111, 22, 128, 112, 8, 78, 73, 12, 73, 147,
       89, 44, 24, 52, 209, 127, 140, 235, 80, 104, 33, 61, 76, 85, 49,
       252, 68, 11, 131, 89, 200, 194, 38, 199, 8, 163, 0, 10, 194, 193,
       147, 11, 203, 77, 59, 102, 206, 173, 78, 11, 78, 203, 158, 46,
       144, 12, 50, 78, 211, 39, 85, 187, 16, 60, 103, 70, 48, 96, 56,
       46, 93, 28, 137, 179, 25, 172, 24, 21, 241, 92, 156, 75, 17, 232,
       49, 189, 72, 84, 33, 250, 63, 21, 252, 158, 55, 39, 93, 126, 54,
       70, 245, 176, 61, 234, 180, 86, 246, 214, 65, 100, 113, 34, 229,
       51, 76, 170, 224, 73, 83, 28, 252, 105, 240, 36, 20, 186, 82, 112,
       129, 244, 210, 202, 28, 14, 208, 20, 193, 78, 153, 172, 26, 5,
       112, 28, 157, 73, 16, 242, 59, 188, 88, 86, 34, 249, 7, 2, 65,
       130, 217, 128, 3, 72, 132, 64, 0, 48, 33, 11, 128, 5, 66, 84, 1,
       64, 192, 0, 136, 96, 68, 128, 8, 1, 146, 8, 1, 73, 84, 36, 84,
       186, 0, 112, 5, 20, 0, 64, 24, 10, 64, 20, 64, 193, 16, 36, 24, 4,
       48, 24, 140, 9, 16, 96, 35, 188, 72, 70, 32, 248, 68, 0, 129, 144,
       8, 2, 0, 70, 0, 34, 3, 4, 16, 132, 131, 2, 66, 68, 1, 64, 138,
       165, 200, 11, 12, 128, 128, 13, 0, 8, 17, 74, 67, 38, 85, 186, 0,
       104, 1, 70, 0, 64, 4, 10, 64, 12, 1, 75, 25, 44, 24, 4, 48, 24,
       20, 0, 0, 98, 51, 185, 72, 6, 32, 242, 195, 7, 0, 18, 217, 2, 6,
       8, 2, 1, 0, 66, 128, 67, 128, 1, 98, 69, 5, 70, 74, 173, 8, 66,
       70, 146, 19, 13, 146, 8, 0, 1, 18, 39, 20, 154, 0, 0, 71, 6, 1,
       96, 8, 203, 65, 24, 45, 135, 0, 36, 16, 0, 17, 26, 140, 3, 16, 48,
       32, 29, 72, 85, 49, 120 ]
