%YAML:1.0
descriptors: !!opencv-matrix
   rows: 16
   cols: 64
   dt: u
   data: [ 63, 50, 125, 162, 63, 189, 33, 120, 246, 94, 210, 49, 125, 58,
       176, 85, 242, 212, 67, 96, 241, 50, 129, 118, 76, 168, 160, 9, 90,
       92, 113, 233, 213, 36, 84, 186, 82, 120, 129, 116, 208, 92, 24,
       15, 208, 4, 192, 79, 153, 172, 24, 5, 242, 29, 157, 73, 16, 242,
       51, 188, 88, 87, 32, 248, 37, 35, 65, 146, 81, 6, 1, 78, 198, 68,
       2, 52, 33, 202, 144, 69, 226, 212, 1, 100, 65, 162, 129, 54, 78,
       136, 32, 9, 146, 8, 48, 9, 112, 38, 84, 186, 64, 112, 1, 212, 128,
       64, 24, 14, 64, 4, 192, 204, 153, 36, 16, 4, 112, 28, 132, 73, 16,
       240, 35, 188, 88, 70, 32, 249, 253, 254, 255, 253, 254, 255, 255,
       255, 253, 253, 254, 255, 255, 254, 251, 254, 251, 213, 127, 111,
       253, 223, 247, 191, 255, 255, 255, 191, 255, 95, 126, 255, 243,
       37, 117, 255, 214, 127, 253, 253, 250, 93, 251, 62, 221, 175, 217,
       255, 157, 173, 30, 133, 248, 63, 157, 77, 80, 246, 123, 189, 223,
       86, 34, 254, 3, 0, 1, 162, 9, 128, 12, 8, 2, 34, 1, 0, 0, 2, 132,
       19, 2, 84, 4, 64, 138, 128, 136, 40, 12, 128, 128, 11, 18, 40, 1,
       79, 17, 164, 20, 154, 0, 224, 33, 150, 0, 66, 8, 73, 2, 20, 64,
       25, 81, 36, 16, 4, 4, 16, 164, 40, 144, 34, 32, 24, 72, 86, 34,
       177, 254, 189, 255, 255, 127, 127, 251, 255, 254, 254, 255, 255,
       255, 254, 191, 254, 251, 223, 123, 103, 245, 165, 195, 118, 205,
       239, 249, 255, 91, 94, 247, 235, 215, 36, 85, 190, 83, 120, 233,
       116, 120, 92, 56, 47, 213, 21, 247, 111, 153, 172, 24, 5, 240, 29,
       156, 73, 16, 242, 51, 189, 88, 87, 32, 250, 70, 1, 131, 209, 216,
       130, 74, 78, 2, 35, 1, 22, 131, 194, 131, 10, 66, 69, 56, 70, 142,
       173, 202, 11, 14, 194, 170, 15, 146, 9, 49, 79, 115, 135, 20, 187,
       0, 229, 103, 86, 128, 98, 136, 72, 11, 28, 201, 147, 85, 44, 16,
       244, 5, 120, 148, 171, 209, 44, 33, 59, 76, 4, 51, 245, 9, 2, 32,
       0, 23, 113, 161, 92, 148, 148, 134, 69, 96, 24, 233, 197, 74, 116,
       7, 65, 96, 34, 228, 114, 5, 184, 128, 0, 80, 4, 49, 89, 124, 36,
       80, 186, 82, 114, 137, 84, 208, 85, 24, 6, 192, 64, 128, 108, 153,
       44, 24, 5, 240, 29, 157, 65, 48, 114, 51, 188, 72, 23, 36, 250,
       242, 0, 93, 130, 3, 67, 19, 236, 198, 225, 23, 180, 61, 58, 146,
       118, 107, 149, 4, 37, 8, 163, 231, 36, 29, 193, 184, 13, 50, 136,
       19, 41, 240, 36, 68, 186, 66, 120, 131, 222, 16, 89, 44, 46, 145,
       28, 224, 44, 145, 172, 17, 5, 48, 25, 148, 75, 24, 114, 48, 56,
       88, 86, 32, 250, 5, 7, 32, 0, 1, 0, 32, 79, 160, 0, 128, 65, 0, 9,
       128, 5, 10, 44, 3, 64, 64, 2, 16, 98, 4, 152, 16, 0, 144, 4, 32,
       64, 204, 38, 6, 186, 0, 32, 1, 4, 65, 32, 24, 131, 64, 113, 32,
       204, 24, 36, 24, 0, 208, 24, 140, 0, 16, 160, 35, 156, 8, 87, 32,
       123, 98, 37, 129, 150, 22, 6, 10, 15, 194, 98, 19, 22, 49, 134,
       50, 87, 106, 87, 0, 85, 10, 165, 211, 6, 28, 128, 184, 13, 18, 56,
       16, 40, 3, 36, 84, 155, 10, 104, 3, 86, 0, 64, 4, 72, 131, 28,
       161, 12, 209, 172, 16, 5, 34, 24, 52, 99, 16, 50, 49, 57, 24, 84,
       48, 226, 5, 39, 161, 16, 0, 6, 37, 127, 128, 64, 131, 16, 64, 193,
       128, 2, 2, 12, 3, 68, 82, 36, 192, 195, 28, 136, 132, 4, 0, 12,
       32, 72, 78, 38, 4, 186, 0, 56, 1, 68, 16, 96, 24, 135, 64, 32,
       129, 78, 25, 36, 24, 0, 112, 24, 156, 1, 0, 98, 19, 157, 72, 22,
       32, 122, 129, 2, 128, 128, 1, 0, 0, 198, 0, 130, 0, 2, 0, 0, 2, 3,
       8, 8, 128, 5, 0, 128, 192, 64, 0, 144, 24, 0, 16, 0, 2, 1, 20, 16,
       16, 0, 0, 72, 4, 0, 32, 32, 56, 1, 2, 20, 64, 224, 16, 8, 48, 52,
       17, 72, 224, 10, 1, 0, 32, 4, 4, 81, 0, 75, 45, 46, 239, 169, 218,
       125, 163, 253, 253, 252, 206, 53, 121, 63, 251, 229, 203, 252,
       203, 104, 249, 211, 222, 180, 93, 237, 28, 161, 255, 94, 59, 219,
       253, 36, 87, 186, 86, 114, 173, 60, 252, 85, 90, 62, 85, 167, 98,
       224, 153, 45, 28, 13, 211, 29, 141, 73, 16, 224, 35, 188, 74, 87,
       32, 248, 162, 65, 8, 154, 3, 6, 20, 7, 7, 70, 37, 128, 19, 170,
       52, 30, 70, 18, 4, 37, 2, 144, 224, 34, 88, 129, 128, 9, 3, 168,
       24, 41, 160, 36, 16, 154, 2, 64, 2, 200, 2, 202, 52, 9, 146, 28,
       64, 76, 17, 32, 18, 4, 32, 24, 180, 10, 152, 114, 32, 56, 88, 84,
       34, 233, 39, 54, 97, 160, 221, 176, 43, 88, 228, 106, 130, 52,
       233, 11, 169, 69, 226, 212, 3, 96, 201, 2, 136, 124, 76, 136, 40,
       9, 210, 12, 49, 91, 112, 36, 92, 186, 82, 114, 1, 84, 144, 64, 24,
       14, 64, 4, 192, 85, 152, 44, 24, 4, 96, 29, 141, 73, 16, 242, 51,
       188, 88, 86, 32, 176, 2, 0, 8, 2, 2, 128, 10, 1, 66, 34, 17, 4,
       144, 6, 17, 18, 100, 66, 0, 192, 128, 32, 193, 64, 12, 128, 172,
       13, 2, 136, 49, 96, 69, 44, 5, 186, 74, 104, 1, 86, 32, 64, 20, 8,
       212, 20, 128, 77, 153, 172, 24, 5, 112, 25, 28, 65, 16, 114, 51,
       184, 88, 86, 32, 234 ]
