%YAML:1.0
descriptors: !!opencv-matrix
   rows: 11
   cols: 64
   dt: u
   data: [ 198, 48, 209, 182, 89, 130, 9, 74, 134, 97, 129, 50, 163, 203,
       130, 83, 226, 213, 37, 99, 139, 173, 234, 59, 78, 154, 178, 15,
       82, 8, 49, 111, 83, 39, 20, 187, 66, 124, 33, 214, 80, 66, 24, 15,
       201, 28, 193, 143, 153, 164, 16, 4, 96, 28, 148, 73, 16, 242, 49,
       157, 88, 86, 32, 251, 189, 181, 125, 182, 63, 189, 191, 121, 246,
       127, 255, 243, 253, 122, 182, 116, 242, 215, 67, 99, 245, 35, 195,
       246, 205, 255, 245, 235, 82, 14, 243, 235, 223, 36, 85, 190, 82,
       120, 233, 116, 120, 92, 56, 47, 213, 53, 247, 111, 153, 172, 24,
       5, 240, 29, 156, 73, 16, 242, 51, 189, 88, 87, 32, 250, 84, 1,
       147, 148, 64, 6, 74, 103, 2, 162, 1, 4, 80, 196, 145, 18, 124,
       195, 64, 70, 130, 169, 68, 131, 152, 2, 166, 76, 0, 140, 144, 104,
       99, 22, 5, 175, 0, 40, 66, 66, 16, 64, 144, 14, 35, 60, 129, 78,
       25, 44, 24, 67, 48, 88, 20, 67, 1, 122, 19, 145, 88, 36, 97, 226,
       66, 3, 194, 211, 202, 132, 194, 197, 6, 110, 18, 22, 153, 108,
       179, 68, 226, 213, 1, 98, 206, 45, 142, 123, 78, 138, 34, 15, 146,
       8, 49, 79, 119, 39, 93, 187, 82, 118, 71, 86, 144, 96, 24, 14, 65,
       12, 201, 151, 153, 44, 24, 4, 112, 28, 156, 73, 16, 112, 35, 189,
       88, 71, 32, 240, 66, 3, 128, 146, 201, 130, 2, 5, 0, 96, 2, 6,
       144, 70, 3, 2, 74, 17, 1, 68, 200, 165, 202, 66, 72, 136, 24, 12,
       146, 8, 33, 0, 87, 38, 85, 186, 17, 104, 69, 68, 32, 64, 16, 10,
       69, 20, 101, 199, 25, 44, 24, 4, 240, 28, 156, 73, 16, 224, 51,
       189, 72, 87, 32, 250, 3, 6, 0, 34, 201, 162, 38, 8, 32, 32, 0, 67,
       128, 75, 128, 5, 66, 109, 1, 64, 192, 6, 136, 113, 70, 152, 8, 7,
       146, 0, 33, 69, 23, 166, 84, 186, 33, 8, 37, 4, 100, 64, 24, 139,
       64, 17, 244, 195, 24, 36, 24, 4, 241, 24, 140, 9, 16, 162, 51,
       148, 8, 87, 32, 120, 252, 255, 255, 253, 119, 127, 253, 255, 253,
       221, 254, 255, 127, 254, 255, 255, 251, 213, 127, 111, 125, 223,
       180, 55, 255, 255, 255, 185, 255, 94, 126, 185, 242, 101, 117,
       255, 214, 119, 217, 245, 251, 223, 59, 62, 221, 167, 221, 236,
       141, 173, 94, 133, 248, 31, 159, 77, 144, 246, 123, 189, 95, 94,
       34, 251, 252, 253, 255, 255, 118, 127, 253, 255, 255, 221, 252,
       251, 127, 254, 254, 254, 251, 213, 127, 111, 117, 223, 181, 55,
       255, 255, 247, 185, 255, 219, 126, 185, 242, 109, 52, 255, 214,
       119, 217, 245, 218, 223, 191, 63, 221, 183, 245, 236, 141, 173,
       94, 141, 248, 31, 159, 77, 152, 246, 123, 189, 95, 94, 42, 251,
       61, 53, 124, 190, 23, 37, 49, 118, 52, 68, 85, 52, 12, 59, 181,
       87, 226, 212, 1, 96, 97, 32, 193, 51, 76, 168, 160, 9, 82, 12,
       120, 105, 212, 36, 20, 186, 82, 120, 129, 116, 208, 94, 24, 14,
       208, 20, 193, 78, 153, 172, 24, 5, 240, 29, 156, 73, 16, 242, 51,
       188, 88, 86, 34, 249, 60, 55, 117, 176, 22, 39, 37, 127, 212, 220,
       210, 53, 125, 46, 145, 70, 242, 212, 67, 96, 241, 34, 208, 183,
       156, 168, 164, 137, 82, 220, 113, 233, 70, 36, 87, 190, 86, 120,
       1, 92, 120, 68, 16, 174, 196, 37, 229, 110, 153, 172, 24, 9, 240,
       28, 156, 65, 0, 242, 51, 189, 90, 22, 32, 250, 63, 50, 125, 160,
       63, 189, 33, 120, 246, 94, 210, 48, 125, 59, 185, 85, 242, 244, 3,
       96, 225, 98, 129, 116, 76, 168, 164, 25, 122, 28, 121, 233, 84,
       36, 84, 190, 82, 122, 129, 116, 212, 84, 24, 14, 208, 132, 192,
       77, 153, 172, 24, 5, 240, 29, 159, 73, 16, 242, 51, 156, 88, 87,
       32, 249 ]
