%YAML:1.0
descriptors: !!opencv-matrix
   rows: 11
   cols: 64
   dt: u
   data: [ 68, 34, 225, 176, 24, 132, 33, 110, 192, 102, 194, 52, 81,
       134, 145, 66, 234, 84, 3, 96, 201, 32, 202, 19, 12, 136, 164, 13,
       66, 12, 49, 73, 81, 36, 85, 186, 0, 120, 1, 84, 48, 64, 16, 14,
       68, 20, 65, 79, 25, 44, 24, 4, 112, 28, 156, 73, 16, 226, 35, 188,
       72, 70, 32, 242, 116, 35, 245, 144, 24, 7, 33, 111, 196, 100, 195,
       52, 81, 227, 147, 66, 226, 212, 67, 98, 139, 172, 200, 191, 14,
       136, 166, 9, 66, 140, 49, 111, 115, 38, 85, 186, 0, 122, 1, 86,
       144, 64, 24, 14, 64, 4, 65, 207, 153, 44, 16, 4, 112, 28, 148, 73,
       0, 242, 33, 157, 88, 70, 32, 240, 44, 38, 231, 168, 26, 119, 161,
       255, 244, 252, 202, 53, 93, 63, 187, 228, 235, 252, 195, 96, 241,
       192, 220, 180, 92, 169, 12, 129, 249, 204, 59, 207, 245, 36, 87,
       186, 87, 114, 45, 124, 252, 85, 26, 14, 84, 167, 98, 237, 153, 44,
       92, 4, 242, 29, 140, 73, 16, 224, 43, 188, 90, 70, 34, 240, 131,
       2, 0, 162, 13, 34, 160, 138, 48, 56, 66, 71, 32, 3, 1, 1, 98, 222,
       133, 64, 192, 4, 136, 120, 66, 152, 56, 3, 214, 2, 33, 95, 117,
       36, 92, 176, 115, 112, 41, 228, 193, 84, 26, 14, 64, 5, 82, 205,
       153, 44, 24, 4, 244, 28, 140, 73, 16, 240, 35, 188, 88, 87, 32,
       248, 198, 43, 195, 211, 216, 134, 71, 206, 174, 231, 3, 58, 131,
       239, 147, 79, 202, 85, 57, 102, 143, 175, 202, 43, 78, 210, 158,
       47, 146, 8, 19, 79, 87, 167, 85, 187, 66, 124, 103, 86, 32, 96,
       40, 110, 205, 28, 205, 147, 25, 172, 24, 5, 113, 56, 156, 75, 16,
       124, 49, 61, 72, 85, 49, 250, 231, 46, 195, 211, 216, 134, 67,
       205, 206, 103, 1, 90, 131, 203, 146, 77, 234, 85, 57, 102, 206,
       175, 202, 111, 78, 210, 190, 47, 146, 9, 19, 79, 215, 167, 84,
       187, 82, 124, 103, 86, 96, 96, 8, 207, 217, 24, 249, 147, 153,
       172, 24, 5, 241, 57, 156, 203, 16, 120, 49, 61, 92, 85, 48, 250,
       62, 249, 251, 223, 63, 213, 223, 45, 223, 255, 189, 252, 189, 94,
       189, 126, 255, 151, 98, 219, 215, 63, 211, 95, 253, 215, 247, 127,
       83, 251, 247, 234, 199, 60, 71, 190, 218, 121, 235, 125, 112, 93,
       245, 111, 247, 20, 181, 111, 155, 174, 24, 7, 240, 29, 156, 81,
       16, 243, 115, 189, 121, 95, 40, 250, 60, 191, 255, 253, 62, 253,
       253, 255, 253, 255, 222, 253, 223, 253, 251, 239, 153, 252, 251,
       123, 247, 127, 254, 255, 253, 111, 214, 247, 125, 247, 127, 239,
       223, 218, 239, 100, 255, 255, 248, 61, 124, 61, 251, 246, 255,
       231, 247, 107, 191, 254, 175, 223, 242, 189, 248, 92, 127, 215,
       255, 239, 251, 251, 237, 222, 60, 63, 125, 244, 54, 125, 185, 127,
       253, 222, 247, 52, 125, 59, 249, 231, 242, 252, 67, 106, 245, 114,
       212, 247, 221, 168, 164, 153, 126, 222, 127, 251, 111, 108, 215,
       190, 218, 122, 217, 125, 252, 93, 115, 158, 210, 231, 225, 110,
       155, 173, 156, 11, 242, 29, 159, 93, 48, 242, 123, 188, 123, 158,
       40, 243, 63, 247, 125, 254, 63, 189, 189, 121, 247, 222, 223, 243,
       253, 127, 252, 85, 242, 254, 67, 115, 245, 114, 209, 246, 221,
       190, 229, 251, 122, 222, 245, 235, 223, 44, 87, 190, 219, 120,
       233, 124, 120, 93, 56, 47, 212, 53, 247, 111, 153, 172, 24, 5,
       240, 29, 156, 73, 16, 242, 51, 189, 90, 87, 40, 250, 63, 182, 125,
       38, 63, 189, 189, 126, 246, 254, 215, 245, 125, 63, 184, 87, 251,
       254, 67, 115, 245, 98, 209, 119, 221, 186, 228, 219, 90, 28, 241,
       235, 215, 44, 87, 190, 91, 120, 233, 124, 120, 92, 56, 47, 212,
       117, 247, 111, 153, 172, 24, 5, 240, 29, 156, 73, 16, 242, 51,
       189, 88, 87, 32, 250 ]
