%YAML:1.0
descriptors: !!opencv-matrix
   rows: 22
   cols: 64
   dt: u
   data: [ 255, 255, 255, 223, 119, 223, 223, 255, 255, 255, 191, 252,
       127, 254, 255, 255, 255, 247, 126, 255, 191, 255, 247, 191, 255,
       231, 239, 127, 127, 255, 254, 251, 255, 127, 255, 255, 218, 125,
       255, 255, 118, 253, 253, 127, 191, 254, 245, 254, 223, 175, 254,
       223, 251, 125, 246, 223, 241, 255, 123, 255, 255, 252, 249, 250,
       197, 33, 128, 16, 209, 138, 32, 74, 0, 1, 129, 34, 130, 194, 134,
       3, 74, 69, 37, 69, 11, 133, 66, 3, 6, 154, 144, 13, 210, 12, 32,
       0, 210, 38, 84, 186, 0, 120, 69, 84, 144, 224, 24, 11, 201, 28,
       161, 142, 25, 36, 16, 4, 96, 28, 148, 9, 16, 178, 49, 189, 8, 86,
       32, 235, 66, 32, 129, 18, 200, 130, 2, 5, 66, 34, 1, 4, 176, 130,
       19, 18, 78, 35, 0, 148, 137, 37, 83, 69, 148, 128, 172, 13, 2,
       168, 129, 64, 7, 44, 7, 186, 8, 8, 3, 74, 32, 64, 0, 136, 1, 88,
       129, 15, 17, 172, 24, 1, 48, 24, 28, 67, 16, 114, 18, 49, 8, 17,
       96, 106, 61, 15, 247, 245, 49, 103, 161, 254, 180, 252, 198, 21,
       85, 249, 155, 70, 106, 220, 195, 98, 244, 45, 198, 51, 15, 170,
       128, 132, 120, 64, 48, 223, 127, 36, 117, 186, 85, 122, 193, 124,
       220, 84, 26, 6, 200, 5, 193, 111, 153, 44, 25, 5, 240, 28, 156,
       73, 0, 242, 51, 189, 74, 7, 32, 250, 2, 0, 8, 10, 2, 128, 10, 5,
       2, 34, 17, 0, 16, 2, 17, 18, 64, 16, 0, 208, 137, 32, 195, 0, 28,
       128, 164, 13, 2, 168, 17, 64, 69, 44, 5, 170, 10, 104, 1, 82, 32,
       72, 20, 8, 148, 20, 128, 79, 19, 172, 24, 5, 32, 24, 28, 65, 16,
       114, 51, 184, 24, 82, 32, 227, 131, 3, 1, 130, 4, 0, 8, 10, 2, 10,
       33, 66, 2, 1, 4, 3, 4, 68, 36, 5, 0, 4, 96, 67, 0, 144, 1, 0, 16,
       40, 0, 9, 84, 48, 120, 128, 96, 76, 2, 128, 192, 34, 56, 9, 130,
       20, 112, 204, 80, 128, 16, 4, 1, 0, 172, 10, 17, 2, 16, 60, 68,
       85, 0, 59, 7, 39, 65, 22, 17, 130, 5, 74, 194, 0, 129, 48, 96, 75,
       128, 3, 98, 37, 0, 84, 193, 36, 64, 71, 4, 146, 224, 13, 2, 8, 0,
       73, 94, 36, 20, 186, 0, 56, 1, 92, 64, 66, 24, 139, 192, 80, 129,
       79, 16, 164, 24, 0, 112, 24, 28, 65, 0, 50, 19, 153, 8, 87, 32,
       90, 1, 6, 68, 0, 201, 128, 7, 88, 164, 36, 0, 0, 136, 57, 128, 5,
       66, 52, 3, 96, 208, 2, 152, 97, 64, 168, 140, 4, 48, 8, 1, 72,
       221, 36, 68, 186, 80, 48, 1, 92, 84, 80, 24, 143, 80, 112, 228,
       77, 25, 44, 24, 4, 240, 28, 156, 9, 16, 242, 51, 188, 72, 87, 32,
       248, 191, 117, 247, 244, 55, 103, 253, 251, 212, 207, 249, 117,
       111, 207, 144, 127, 251, 252, 119, 119, 119, 174, 180, 63, 174,
       255, 247, 187, 210, 30, 118, 253, 98, 45, 62, 255, 210, 52, 233,
       213, 89, 200, 179, 175, 206, 33, 191, 126, 136, 181, 86, 129, 232,
       190, 148, 65, 144, 178, 115, 159, 126, 6, 32, 176, 37, 37, 214,
       22, 217, 194, 135, 78, 34, 68, 47, 119, 190, 127, 163, 101, 235,
       181, 33, 102, 193, 47, 211, 99, 86, 255, 177, 45, 178, 10, 2, 105,
       215, 36, 85, 186, 82, 120, 233, 124, 112, 92, 56, 47, 197, 16,
       245, 111, 153, 172, 24, 5, 240, 28, 156, 73, 16, 242, 51, 189, 88,
       87, 32, 250, 37, 39, 97, 0, 17, 12, 7, 88, 166, 68, 130, 32, 97,
       13, 164, 69, 194, 36, 3, 64, 81, 34, 16, 102, 20, 176, 0, 9, 178,
       28, 65, 1, 8, 4, 86, 154, 0, 48, 1, 76, 36, 64, 16, 131, 68, 96,
       164, 76, 16, 36, 144, 8, 34, 24, 142, 1, 56, 34, 19, 180, 8, 198,
       44, 88, 33, 6, 32, 0, 1, 134, 3, 77, 132, 66, 130, 4, 17, 8, 161,
       7, 66, 52, 1, 64, 208, 2, 80, 64, 20, 128, 136, 12, 18, 136, 1,
       64, 68, 4, 71, 186, 0, 40, 1, 76, 36, 64, 16, 139, 68, 80, 164,
       76, 16, 44, 24, 0, 34, 24, 156, 1, 0, 98, 19, 180, 8, 86, 32, 112,
       70, 33, 129, 18, 216, 130, 6, 3, 194, 34, 9, 50, 144, 198, 179,
       80, 98, 81, 33, 68, 203, 167, 131, 71, 14, 212, 188, 13, 130, 136,
       16, 104, 199, 36, 68, 186, 66, 120, 1, 84, 32, 66, 16, 11, 213,
       28, 133, 79, 153, 172, 24, 5, 112, 24, 156, 73, 16, 242, 51, 189,
       88, 87, 32, 248, 1, 4, 33, 128, 1, 132, 3, 77, 0, 66, 2, 4, 17, 0,
       129, 6, 66, 32, 1, 64, 192, 0, 80, 64, 20, 128, 136, 9, 2, 136, 1,
       73, 68, 36, 85, 186, 0, 104, 1, 76, 32, 64, 16, 138, 68, 16, 128,
       76, 25, 44, 24, 0, 48, 24, 28, 65, 16, 98, 51, 188, 8, 70, 32,
       240, 5, 39, 97, 0, 217, 130, 38, 79, 128, 0, 128, 48, 64, 65, 128,
       1, 66, 12, 3, 68, 193, 34, 128, 67, 6, 136, 0, 5, 144, 12, 33, 72,
       70, 38, 84, 186, 0, 48, 1, 68, 36, 64, 24, 139, 64, 80, 165, 78,
       24, 36, 24, 0, 96, 24, 156, 1, 0, 162, 19, 180, 8, 70, 32, 120, 6,
       1, 1, 130, 0, 132, 11, 69, 130, 70, 3, 20, 17, 2, 177, 82, 66, 84,
       0, 96, 128, 32, 192, 2, 12, 128, 164, 9, 2, 8, 17, 73, 84, 36, 85,
       186, 66, 120, 129, 84, 32, 72, 16, 8, 208, 20, 192, 78, 153, 172,
       24, 5, 48, 25, 156, 73, 16, 114, 51, 188, 88, 86, 32, 250, 76, 42,
       239, 136, 122, 127, 163, 119, 189, 252, 78, 21, 89, 60, 251, 230,
       194, 220, 67, 98, 244, 113, 196, 179, 89, 40, 140, 132, 120, 196,
       57, 203, 253, 36, 87, 186, 83, 114, 201, 124, 254, 93, 24, 14, 84,
       166, 195, 111, 153, 44, 24, 5, 242, 29, 157, 73, 16, 226, 59, 188,
       88, 86, 34, 249, 125, 63, 247, 117, 126, 183, 111, 123, 244, 254,
       208, 177, 111, 251, 145, 79, 242, 253, 251, 111, 253, 239, 221,
       191, 222, 122, 167, 151, 120, 85, 113, 255, 251, 111, 214, 191,
       215, 60, 245, 125, 124, 110, 186, 190, 221, 225, 195, 79, 188,
       173, 156, 73, 241, 60, 158, 93, 124, 254, 115, 159, 250, 214, 45,
       254, 127, 212, 124, 255, 255, 183, 219, 120, 183, 127, 244, 249,
       189, 123, 180, 93, 246, 247, 91, 115, 244, 119, 218, 127, 108,
       234, 236, 127, 122, 89, 117, 239, 215, 44, 20, 191, 82, 121, 249,
       247, 122, 223, 122, 47, 209, 21, 245, 111, 157, 172, 24, 5, 240,
       29, 156, 73, 16, 246, 51, 157, 216, 87, 34, 251, 127, 178, 109,
       170, 127, 178, 159, 24, 246, 126, 208, 51, 237, 123, 61, 85, 240,
       245, 3, 242, 229, 99, 203, 126, 76, 248, 233, 63, 90, 29, 113,
       239, 215, 44, 85, 186, 90, 120, 233, 116, 112, 92, 58, 47, 213,
       17, 245, 111, 153, 172, 24, 5, 240, 29, 156, 73, 16, 242, 51, 189,
       88, 87, 32, 250, 62, 177, 253, 254, 55, 127, 125, 126, 215, 252,
       213, 181, 125, 126, 189, 86, 255, 223, 99, 115, 245, 63, 193, 247,
       205, 234, 230, 223, 82, 220, 245, 235, 223, 44, 85, 190, 223, 120,
       233, 117, 120, 93, 49, 47, 213, 53, 247, 111, 153, 172, 24, 5,
       240, 29, 156, 73, 16, 242, 51, 189, 88, 87, 32, 250, 63, 182, 125,
       231, 63, 189, 191, 121, 255, 254, 215, 241, 253, 127, 185, 85,
       246, 255, 67, 243, 245, 114, 211, 126, 221, 186, 228, 255, 126,
       93, 245, 239, 215, 44, 87, 190, 219, 120, 233, 125, 124, 92, 122,
       175, 213, 53, 247, 111, 153, 172, 24, 13, 240, 29, 156, 73, 16,
       242, 51, 189, 218, 215, 40, 250 ]
