%YAML:1.0
descriptors: !!opencv-matrix
   rows: 10
   cols: 64
   dt: u
   data: [ 63, 247, 125, 174, 55, 125, 61, 125, 247, 94, 253, 176, 125,
       63, 253, 247, 243, 244, 67, 120, 113, 114, 209, 118, 125, 173,
       229, 25, 127, 254, 125, 233, 236, 108, 215, 190, 210, 120, 137,
       253, 126, 223, 59, 175, 244, 243, 244, 110, 155, 175, 158, 9, 248,
       29, 223, 85, 56, 242, 59, 188, 122, 214, 46, 249, 44, 46, 229,
       168, 26, 127, 161, 255, 244, 124, 202, 53, 93, 63, 187, 228, 235,
       220, 195, 96, 241, 128, 220, 180, 93, 169, 44, 129, 249, 204, 59,
       239, 253, 36, 87, 186, 83, 114, 169, 124, 252, 85, 24, 14, 84,
       167, 226, 76, 153, 44, 92, 4, 242, 29, 157, 73, 16, 224, 43, 188,
       88, 70, 34, 240, 68, 34, 195, 144, 16, 64, 41, 110, 128, 166, 193,
       52, 65, 163, 147, 66, 138, 68, 1, 107, 138, 160, 236, 59, 12, 139,
       162, 11, 66, 8, 49, 79, 113, 36, 52, 186, 0, 248, 97, 86, 16, 96,
       56, 46, 194, 4, 65, 107, 25, 44, 120, 5, 112, 28, 148, 72, 144,
       242, 33, 157, 72, 86, 32, 250, 73, 22, 4, 32, 205, 51, 34, 112,
       48, 56, 194, 5, 40, 153, 33, 3, 228, 249, 195, 208, 248, 131, 25,
       176, 64, 40, 168, 134, 216, 4, 161, 195, 89, 32, 80, 184, 83, 32,
       5, 96, 216, 84, 26, 14, 64, 97, 194, 77, 152, 44, 24, 4, 240, 29,
       152, 73, 18, 242, 55, 180, 72, 18, 36, 104, 187, 252, 251, 239,
       255, 228, 255, 137, 254, 127, 248, 251, 175, 78, 182, 125, 243,
       247, 191, 115, 237, 47, 187, 125, 110, 223, 123, 47, 223, 123,
       115, 255, 215, 237, 93, 183, 119, 253, 237, 247, 123, 94, 106, 47,
       221, 21, 253, 115, 189, 252, 24, 5, 244, 181, 156, 105, 16, 246,
       183, 189, 222, 95, 48, 254, 187, 254, 255, 231, 255, 244, 187,
       152, 252, 127, 248, 123, 175, 91, 230, 125, 251, 247, 189, 51,
       237, 103, 191, 125, 230, 223, 123, 183, 223, 123, 119, 255, 247,
       237, 222, 55, 119, 245, 237, 247, 123, 94, 106, 31, 209, 21, 251,
       83, 188, 252, 24, 5, 244, 165, 156, 105, 22, 246, 183, 191, 218,
       95, 48, 253, 62, 241, 125, 158, 54, 31, 29, 122, 230, 70, 189,
       250, 253, 106, 180, 94, 243, 215, 38, 101, 67, 54, 193, 118, 204,
       223, 245, 121, 83, 26, 244, 41, 214, 44, 84, 190, 66, 120, 233,
       116, 114, 218, 56, 47, 213, 20, 245, 110, 153, 172, 24, 5, 240,
       29, 156, 73, 16, 242, 51, 189, 88, 87, 32, 251, 55, 55, 245, 182,
       54, 6, 25, 110, 230, 68, 211, 52, 109, 235, 144, 86, 226, 212, 3,
       100, 65, 160, 192, 55, 78, 136, 160, 9, 82, 8, 48, 105, 82, 36,
       84, 186, 82, 112, 129, 212, 208, 88, 24, 14, 192, 20, 193, 78,
       153, 172, 24, 5, 240, 28, 156, 73, 16, 242, 51, 188, 88, 86, 32,
       248, 63, 183, 125, 190, 55, 189, 189, 121, 247, 222, 215, 243,
       253, 127, 252, 85, 242, 254, 67, 115, 245, 34, 209, 118, 221, 190,
       229, 251, 90, 222, 245, 235, 223, 44, 87, 190, 219, 120, 233, 124,
       120, 92, 56, 175, 212, 53, 247, 111, 153, 172, 24, 5, 240, 29,
       156, 73, 16, 242, 51, 189, 90, 87, 32, 250, 61, 182, 125, 174, 63,
       253, 185, 127, 244, 126, 214, 245, 125, 127, 188, 85, 250, 254,
       67, 113, 245, 98, 209, 247, 221, 186, 228, 219, 122, 92, 241, 235,
       223, 44, 85, 190, 219, 120, 233, 124, 120, 92, 56, 175, 212, 53,
       247, 111, 153, 172, 24, 5, 240, 29, 156, 73, 16, 242, 51, 189, 90,
       87, 32, 250 ]
