%YAML:1.0
descriptors: !!opencv-matrix
   rows: 5
   cols: 64
   dt: u
   data: [ 60, 50, 117, 160, 158, 189, 33, 121, 244, 94, 210, 53, 253,
       58, 249, 117, 242, 212, 3, 96, 225, 34, 129, 116, 76, 136, 164,
       137, 82, 12, 57, 249, 112, 36, 85, 186, 82, 122, 129, 244, 216,
       84, 24, 14, 208, 6, 192, 77, 153, 44, 24, 5, 240, 29, 157, 73, 16,
       242, 51, 188, 88, 86, 32, 248, 63, 21, 252, 190, 55, 39, 93, 127,
       182, 70, 245, 176, 61, 234, 180, 86, 246, 214, 3, 101, 97, 178,
       229, 55, 76, 138, 224, 89, 83, 28, 252, 169, 240, 36, 20, 190, 82,
       112, 129, 244, 210, 202, 28, 14, 208, 20, 193, 78, 153, 172, 26,
       5, 112, 28, 157, 73, 16, 242, 51, 156, 88, 86, 34, 249, 70, 2, 0,
       130, 201, 130, 2, 9, 2, 0, 0, 4, 128, 66, 129, 1, 66, 69, 1, 68,
       72, 0, 136, 64, 14, 144, 8, 13, 146, 8, 1, 8, 0, 38, 20, 154, 0,
       32, 5, 6, 0, 64, 16, 138, 64, 28, 128, 132, 16, 36, 16, 0, 17, 24,
       132, 11, 16, 96, 32, 28, 72, 70, 32, 241, 0, 5, 0, 144, 0, 6, 4,
       7, 0, 66, 1, 0, 0, 129, 16, 6, 4, 72, 0, 196, 2, 32, 80, 3, 24, 0,
       132, 8, 0, 128, 0, 64, 64, 20, 2, 168, 0, 8, 2, 64, 4, 34, 20,
       128, 0, 80, 0, 78, 16, 32, 48, 0, 32, 24, 16, 16, 9, 35, 3, 144,
       0, 66, 72, 97, 63, 241, 125, 190, 63, 181, 159, 120, 246, 214,
       221, 250, 253, 126, 180, 85, 242, 214, 67, 99, 229, 34, 195, 118,
       205, 190, 245, 123, 82, 28, 245, 235, 215, 36, 85, 190, 82, 120,
       233, 116, 112, 94, 56, 47, 212, 20, 245, 111, 153, 172, 24, 5,
       240, 29, 156, 73, 16, 242, 51, 189, 88, 87, 34, 250 ]
