%YAML:1.0
descriptors: !!opencv-matrix
   rows: 11
   cols: 64
   dt: u
   data: [ 254, 48, 247, 183, 255, 135, 155, 232, 238, 101, 209, 127,
       255, 235, 178, 84, 242, 213, 39, 102, 201, 167, 131, 116, 78, 222,
       185, 47, 210, 14, 51, 59, 215, 36, 85, 186, 82, 112, 233, 116, 80,
       92, 24, 15, 209, 20, 245, 77, 153, 172, 24, 5, 240, 29, 156, 73,
       16, 242, 51, 189, 88, 87, 32, 248, 31, 48, 77, 182, 63, 115, 157,
       62, 118, 252, 254, 53, 125, 126, 57, 243, 253, 222, 65, 243, 229,
       32, 197, 114, 205, 175, 225, 219, 122, 95, 247, 251, 247, 44, 85,
       186, 91, 120, 233, 116, 112, 93, 56, 47, 212, 23, 247, 111, 153,
       172, 24, 5, 240, 29, 156, 73, 16, 242, 51, 189, 88, 87, 32, 250,
       253, 62, 247, 117, 253, 179, 173, 254, 240, 187, 192, 249, 239,
       203, 131, 91, 251, 237, 235, 123, 249, 141, 111, 191, 198, 235,
       250, 167, 91, 77, 225, 239, 127, 167, 252, 191, 117, 188, 101,
       247, 92, 78, 122, 190, 219, 49, 219, 243, 184, 236, 28, 5, 224,
       188, 156, 73, 150, 178, 183, 159, 222, 87, 32, 119, 191, 191, 255,
       255, 62, 127, 255, 252, 252, 253, 253, 251, 255, 123, 191, 127,
       251, 221, 99, 99, 245, 39, 195, 118, 205, 255, 245, 191, 123, 94,
       119, 235, 215, 36, 85, 190, 83, 120, 233, 116, 120, 92, 56, 47,
       213, 21, 247, 111, 153, 172, 24, 5, 240, 29, 156, 73, 16, 242, 51,
       189, 88, 87, 32, 250, 124, 50, 253, 170, 126, 191, 59, 113, 253,
       126, 86, 23, 221, 59, 187, 70, 242, 213, 67, 96, 245, 117, 195,
       118, 77, 168, 172, 159, 122, 220, 125, 235, 215, 36, 85, 186, 82,
       122, 161, 116, 244, 93, 24, 14, 213, 132, 225, 111, 153, 172, 24,
       5, 242, 29, 157, 73, 16, 242, 51, 189, 88, 87, 32, 250, 125, 54,
       245, 165, 254, 183, 63, 121, 244, 127, 208, 115, 253, 127, 178,
       84, 250, 245, 107, 96, 249, 71, 210, 116, 94, 248, 188, 191, 250,
       220, 119, 235, 215, 108, 87, 190, 214, 120, 249, 124, 124, 92, 58,
       175, 213, 33, 245, 77, 153, 172, 24, 13, 240, 29, 156, 77, 24,
       246, 51, 157, 90, 87, 40, 250, 125, 50, 125, 178, 62, 183, 35,
       112, 116, 124, 214, 53, 253, 59, 185, 71, 242, 213, 67, 96, 241,
       97, 195, 119, 76, 168, 172, 157, 122, 76, 113, 235, 215, 36, 85,
       186, 82, 122, 129, 116, 212, 84, 24, 14, 209, 132, 193, 79, 153,
       172, 24, 5, 240, 29, 157, 73, 16, 242, 51, 189, 88, 23, 32, 250,
       60, 3, 100, 178, 19, 167, 39, 126, 164, 62, 210, 49, 61, 42, 177,
       70, 226, 212, 3, 96, 193, 34, 193, 55, 76, 136, 164, 13, 82, 12,
       49, 233, 211, 36, 84, 186, 82, 120, 129, 116, 80, 92, 24, 14, 208,
       20, 193, 78, 153, 172, 24, 5, 240, 29, 156, 73, 16, 242, 51, 188,
       88, 86, 32, 248, 63, 53, 252, 158, 55, 39, 29, 126, 182, 70, 245,
       176, 61, 170, 180, 94, 242, 214, 67, 100, 113, 130, 225, 55, 78,
       168, 224, 73, 83, 28, 252, 41, 240, 36, 20, 190, 66, 112, 1, 244,
       82, 202, 28, 15, 208, 20, 193, 78, 153, 172, 26, 5, 112, 28, 157,
       73, 16, 242, 51, 156, 88, 86, 34, 249, 60, 50, 117, 160, 151, 189,
       35, 121, 228, 94, 210, 52, 253, 62, 249, 117, 242, 212, 3, 96,
       225, 2, 128, 116, 76, 136, 172, 9, 82, 14, 57, 185, 112, 36, 85,
       186, 82, 114, 129, 212, 208, 84, 24, 14, 64, 134, 192, 76, 153,
       44, 24, 5, 240, 29, 157, 73, 16, 242, 51, 188, 88, 86, 32, 248,
       255, 223, 238, 255, 255, 127, 223, 191, 191, 255, 253, 250, 63,
       255, 126, 255, 157, 255, 126, 255, 255, 255, 255, 63, 127, 247,
       255, 127, 255, 255, 255, 255, 223, 255, 223, 111, 255, 247, 254,
       251, 254, 255, 235, 125, 255, 255, 247, 251, 255, 255, 223, 223,
       223, 255, 247, 255, 243, 255, 253, 127, 255, 249, 223, 255 ]
