%YAML:1.0
descriptors: !!opencv-matrix
   rows: 21
   cols: 64
   dt: u
   data: [ 46, 34, 101, 162, 190, 189, 33, 121, 228, 94, 210, 53, 249,
       58, 249, 69, 226, 212, 71, 96, 241, 32, 129, 116, 76, 136, 164,
       137, 82, 28, 57, 217, 112, 36, 86, 186, 82, 122, 129, 212, 216,
       84, 24, 14, 192, 134, 192, 77, 153, 45, 24, 5, 242, 29, 157, 73,
       16, 242, 51, 188, 72, 22, 32, 249, 63, 53, 252, 158, 55, 39, 89,
       126, 246, 70, 213, 176, 61, 234, 180, 86, 246, 214, 67, 100, 113,
       50, 229, 55, 204, 168, 224, 73, 83, 28, 252, 233, 240, 36, 20,
       190, 82, 112, 129, 244, 210, 202, 28, 14, 208, 20, 193, 78, 153,
       172, 26, 5, 112, 28, 156, 73, 16, 242, 59, 188, 88, 86, 34, 249,
       36, 35, 81, 146, 217, 0, 5, 74, 198, 64, 0, 50, 33, 66, 128, 81,
       226, 212, 1, 100, 67, 44, 129, 102, 14, 138, 34, 9, 146, 8, 48,
       41, 82, 38, 84, 154, 0, 112, 5, 212, 16, 64, 24, 14, 64, 20, 193,
       198, 137, 36, 16, 4, 96, 24, 140, 73, 16, 112, 35, 189, 88, 70,
       32, 248, 252, 251, 255, 253, 254, 127, 251, 255, 253, 253, 254,
       191, 255, 254, 251, 254, 251, 221, 123, 111, 125, 223, 230, 191,
       255, 239, 255, 191, 255, 223, 126, 255, 251, 111, 117, 255, 214,
       127, 253, 253, 250, 95, 251, 62, 223, 175, 203, 255, 189, 173,
       223, 157, 248, 191, 159, 77, 112, 254, 123, 255, 223, 94, 50, 255,
       197, 36, 195, 145, 216, 130, 7, 76, 138, 231, 1, 58, 195, 139,
       130, 66, 234, 85, 49, 97, 138, 133, 202, 41, 78, 195, 184, 47, 18,
       9, 49, 79, 83, 37, 84, 187, 66, 124, 37, 86, 48, 64, 40, 47, 209,
       28, 109, 177, 25, 172, 16, 5, 113, 24, 148, 75, 16, 114, 49, 189,
       88, 86, 32, 250, 71, 4, 193, 19, 153, 128, 7, 76, 130, 99, 9, 184,
       128, 143, 134, 71, 107, 85, 32, 97, 138, 131, 234, 41, 76, 197,
       184, 47, 18, 8, 1, 79, 209, 164, 84, 154, 2, 120, 35, 86, 32, 74,
       40, 43, 149, 28, 228, 33, 17, 172, 16, 4, 48, 24, 148, 75, 16,
       114, 49, 60, 88, 84, 32, 250, 3, 4, 1, 2, 1, 64, 1, 14, 194, 32,
       43, 4, 33, 6, 2, 35, 99, 84, 32, 32, 0, 130, 192, 36, 76, 133,
       133, 41, 146, 10, 19, 72, 209, 36, 85, 186, 66, 112, 41, 86, 32,
       80, 40, 43, 148, 20, 244, 108, 145, 172, 24, 5, 176, 25, 148, 73,
       16, 114, 48, 60, 88, 84, 32, 248, 253, 56, 255, 183, 255, 35, 191,
       250, 246, 191, 216, 115, 255, 239, 178, 93, 251, 215, 123, 119,
       121, 135, 195, 244, 206, 255, 253, 175, 210, 14, 242, 235, 223,
       45, 85, 191, 83, 120, 237, 116, 120, 92, 56, 47, 213, 61, 247,
       109, 153, 172, 24, 5, 240, 29, 156, 73, 16, 242, 51, 189, 88, 87,
       32, 250, 69, 13, 131, 209, 217, 130, 67, 78, 128, 101, 1, 22, 147,
       202, 131, 74, 194, 85, 57, 102, 142, 173, 194, 35, 78, 202, 154,
       45, 146, 8, 16, 9, 215, 39, 85, 187, 0, 124, 71, 86, 16, 96, 24,
       74, 201, 28, 225, 135, 25, 172, 24, 21, 113, 88, 156, 75, 16, 122,
       49, 189, 72, 84, 49, 250, 69, 13, 194, 208, 81, 134, 67, 74, 132,
       100, 1, 22, 147, 204, 178, 79, 226, 85, 57, 102, 206, 175, 194,
       99, 78, 202, 178, 13, 18, 8, 48, 9, 215, 39, 85, 187, 2, 124, 71,
       84, 80, 96, 24, 79, 205, 28, 229, 207, 25, 172, 24, 5, 241, 24,
       156, 75, 16, 250, 51, 189, 88, 84, 49, 250, 44, 42, 111, 169, 63,
       125, 163, 253, 253, 252, 222, 53, 125, 63, 251, 229, 235, 252, 75,
       106, 245, 195, 222, 52, 77, 237, 188, 129, 255, 94, 59, 251, 253,
       36, 87, 186, 86, 114, 233, 116, 252, 93, 26, 62, 84, 167, 226,
       109, 153, 173, 28, 5, 240, 29, 157, 73, 16, 242, 51, 188, 90, 87,
       32, 250, 45, 38, 103, 161, 28, 117, 163, 252, 188, 252, 194, 53,
       73, 63, 219, 231, 226, 220, 3, 96, 225, 130, 206, 48, 77, 136,
       140, 129, 218, 12, 49, 219, 245, 36, 85, 186, 82, 114, 129, 116,
       216, 84, 26, 14, 68, 135, 194, 77, 153, 44, 24, 5, 240, 29, 157,
       73, 16, 242, 35, 188, 72, 86, 32, 248, 66, 2, 128, 130, 15, 130,
       2, 12, 6, 32, 19, 4, 128, 0, 1, 3, 68, 87, 0, 144, 200, 37, 194,
       97, 8, 128, 136, 12, 16, 8, 17, 73, 87, 36, 80, 184, 82, 74, 128,
       64, 208, 80, 16, 14, 193, 4, 193, 79, 145, 172, 24, 5, 48, 25,
       156, 73, 16, 114, 51, 188, 72, 22, 32, 250, 1, 6, 132, 0, 77, 151,
       3, 52, 164, 6, 2, 0, 136, 57, 32, 5, 4, 125, 1, 224, 208, 103,
       210, 99, 72, 32, 140, 4, 16, 0, 17, 64, 223, 40, 64, 168, 82, 8,
       0, 96, 116, 20, 24, 15, 208, 112, 225, 79, 25, 172, 24, 5, 240,
       29, 156, 9, 16, 242, 51, 188, 72, 87, 32, 248, 1, 7, 0, 16, 1,
       128, 36, 70, 0, 32, 2, 0, 0, 133, 1, 3, 0, 40, 129, 64, 192, 34,
       80, 3, 64, 8, 128, 4, 16, 4, 33, 64, 65, 0, 80, 168, 0, 40, 1, 64,
       36, 32, 24, 131, 68, 80, 5, 74, 24, 32, 24, 0, 112, 24, 156, 0, 0,
       34, 19, 180, 8, 70, 32, 104, 69, 35, 193, 144, 208, 2, 11, 78,
       130, 38, 1, 52, 65, 195, 131, 3, 98, 69, 0, 102, 10, 173, 128, 3,
       14, 130, 162, 13, 146, 8, 0, 9, 82, 39, 20, 187, 0, 52, 7, 86, 0,
       96, 24, 10, 73, 24, 193, 142, 16, 36, 80, 0, 33, 26, 148, 11, 128,
       40, 33, 29, 76, 68, 33, 240, 198, 3, 0, 16, 65, 2, 4, 75, 0, 2, 2,
       6, 2, 198, 130, 3, 66, 5, 5, 68, 2, 134, 0, 2, 6, 144, 24, 1, 146,
       8, 0, 0, 64, 38, 84, 154, 0, 32, 5, 132, 0, 96, 16, 139, 64, 72,
       36, 196, 17, 36, 16, 0, 1, 24, 132, 2, 16, 96, 33, 60, 8, 20, 32,
       120, 66, 65, 0, 154, 1, 2, 4, 15, 6, 66, 41, 128, 16, 130, 37, 3,
       66, 16, 0, 4, 2, 128, 132, 2, 68, 129, 128, 9, 147, 8, 16, 1, 48,
       4, 22, 154, 0, 64, 3, 194, 34, 66, 4, 9, 18, 30, 64, 140, 17, 44,
       16, 4, 0, 24, 165, 10, 144, 32, 32, 60, 12, 84, 34, 161, 3, 2, 0,
       2, 137, 128, 132, 0, 2, 2, 2, 0, 0, 1, 1, 1, 68, 2, 0, 128, 192,
       0, 8, 64, 0, 128, 8, 0, 150, 8, 1, 80, 52, 4, 88, 0, 32, 0, 1, 0,
       5, 0, 8, 128, 0, 128, 64, 64, 0, 16, 16, 0, 6, 0, 73, 8, 0, 0, 2,
       4, 0, 67, 32, 32, 2, 7, 0, 2, 201, 128, 6, 1, 2, 2, 2, 6, 128, 70,
       1, 17, 66, 3, 1, 4, 202, 33, 11, 64, 70, 144, 8, 13, 146, 8, 1, 0,
       6, 38, 85, 154, 0, 0, 7, 70, 32, 64, 0, 137, 69, 28, 164, 7, 16,
       44, 16, 0, 48, 24, 140, 107, 16, 96, 2, 52, 72, 87, 32, 104, 63,
       241, 125, 190, 63, 181, 223, 120, 246, 223, 253, 251, 253, 122,
       180, 93, 242, 213, 71, 99, 229, 34, 195, 118, 205, 255, 245, 59,
       83, 30, 117, 235, 215, 36, 85, 190, 82, 120, 233, 117, 114, 94,
       56, 47, 213, 20, 245, 111, 153, 172, 24, 5, 240, 29, 156, 73, 16,
       242, 51, 189, 88, 87, 34, 251 ]
