%YAML:1.0
descriptors: !!opencv-matrix
   rows: 11
   cols: 64
   dt: u
   data: [ 63, 149, 236, 254, 63, 189, 221, 62, 183, 254, 245, 241, 61,
       122, 52, 95, 253, 246, 99, 243, 245, 54, 209, 119, 205, 191, 229,
       127, 90, 93, 245, 235, 223, 44, 87, 190, 90, 120, 233, 116, 120,
       95, 56, 47, 212, 53, 245, 111, 153, 172, 24, 5, 240, 29, 156, 73,
       16, 242, 51, 189, 88, 87, 32, 250, 63, 154, 236, 238, 63, 253,
       157, 60, 63, 252, 214, 245, 189, 127, 121, 213, 249, 246, 97, 243,
       229, 100, 195, 115, 77, 191, 224, 63, 126, 95, 241, 235, 215, 36,
       85, 186, 95, 122, 233, 116, 112, 92, 58, 47, 213, 21, 247, 111,
       153, 172, 24, 5, 240, 29, 156, 73, 16, 242, 51, 189, 88, 87, 32,
       250, 63, 182, 125, 231, 62, 189, 187, 121, 253, 255, 214, 247,
       253, 123, 249, 85, 242, 253, 67, 115, 245, 98, 211, 246, 221, 190,
       245, 191, 126, 95, 119, 235, 215, 44, 87, 190, 219, 122, 233, 125,
       248, 92, 58, 47, 213, 53, 247, 111, 153, 172, 24, 5, 240, 29, 156,
       73, 16, 242, 51, 189, 90, 87, 32, 250, 62, 241, 125, 254, 62, 189,
       253, 120, 247, 254, 213, 251, 253, 127, 180, 85, 242, 255, 67, 99,
       245, 118, 195, 119, 237, 190, 245, 255, 126, 223, 245, 235, 215,
       108, 87, 190, 211, 120, 249, 125, 120, 93, 121, 47, 213, 53, 247,
       111, 153, 172, 24, 5, 240, 29, 156, 77, 24, 242, 51, 189, 88, 87,
       32, 250, 61, 38, 237, 170, 50, 61, 161, 119, 117, 222, 214, 180,
       125, 63, 185, 70, 234, 220, 65, 105, 241, 84, 193, 115, 93, 168,
       160, 137, 122, 68, 48, 233, 213, 36, 85, 186, 83, 120, 137, 116,
       120, 92, 56, 47, 212, 21, 247, 111, 153, 172, 24, 5, 240, 29, 156,
       73, 16, 242, 51, 188, 88, 87, 32, 250, 7, 182, 80, 2, 221, 130, 7,
       72, 34, 1, 128, 115, 160, 75, 132, 81, 98, 231, 5, 80, 193, 39,
       131, 97, 70, 154, 105, 47, 18, 8, 1, 105, 215, 36, 20, 186, 64,
       56, 33, 244, 64, 74, 24, 11, 209, 16, 244, 79, 16, 164, 24, 4, 96,
       24, 156, 73, 16, 178, 51, 157, 88, 87, 32, 121, 63, 213, 108, 134,
       55, 29, 29, 8, 166, 70, 189, 114, 189, 106, 116, 85, 240, 244, 6,
       241, 3, 114, 145, 118, 76, 158, 225, 25, 82, 62, 117, 41, 210, 44,
       86, 154, 74, 120, 129, 220, 112, 219, 60, 47, 208, 20, 244, 78,
       153, 172, 16, 5, 98, 29, 158, 73, 24, 242, 51, 189, 88, 87, 32,
       248, 118, 49, 209, 150, 80, 138, 14, 79, 66, 32, 3, 52, 53, 70,
       130, 82, 122, 147, 0, 68, 195, 37, 195, 71, 140, 194, 224, 77, 2,
       136, 209, 104, 199, 36, 85, 190, 0, 120, 193, 84, 96, 88, 48, 43,
       213, 20, 165, 111, 153, 172, 24, 5, 240, 29, 156, 73, 16, 114, 51,
       185, 88, 87, 32, 250, 44, 34, 229, 168, 24, 103, 161, 127, 244,
       252, 206, 53, 93, 63, 187, 228, 235, 220, 195, 96, 241, 0, 204,
       181, 93, 168, 12, 129, 120, 204, 59, 203, 253, 36, 87, 186, 81,
       114, 9, 124, 124, 85, 24, 38, 68, 183, 102, 236, 153, 44, 88, 4,
       242, 29, 156, 73, 24, 224, 35, 188, 88, 71, 32, 248, 58, 208, 109,
       255, 191, 253, 223, 57, 255, 255, 253, 249, 253, 124, 124, 125,
       189, 255, 90, 251, 244, 115, 219, 126, 253, 255, 231, 255, 127,
       247, 253, 239, 223, 252, 159, 60, 255, 249, 248, 127, 122, 223,
       239, 45, 245, 53, 247, 107, 191, 254, 152, 15, 252, 29, 222, 93,
       52, 247, 255, 191, 251, 223, 174, 255, 187, 221, 222, 215, 255,
       159, 223, 57, 255, 125, 53, 251, 191, 122, 116, 93, 246, 247, 124,
       179, 215, 127, 211, 127, 251, 246, 243, 127, 126, 123, 213, 111,
       215, 236, 22, 180, 254, 89, 250, 253, 114, 223, 239, 111, 241, 20,
       245, 111, 189, 174, 24, 79, 252, 29, 158, 75, 51, 247, 118, 191,
       250, 127, 164, 255 ]
