%YAML:1.0
descriptors: !!opencv-matrix
   rows: 18
   cols: 64
   dt: u
   data: [ 61, 21, 124, 190, 55, 53, 57, 126, 54, 92, 213, 53, 61, 127,
       177, 87, 242, 214, 65, 96, 241, 32, 193, 51, 76, 168, 224, 25, 82,
       28, 248, 233, 214, 36, 20, 186, 82, 122, 129, 116, 208, 94, 24,
       14, 208, 20, 193, 78, 153, 172, 24, 5, 240, 29, 156, 73, 16, 242,
       51, 189, 88, 86, 34, 251, 66, 1, 129, 18, 2, 2, 10, 7, 194, 34,
       19, 6, 176, 130, 2, 18, 108, 3, 0, 148, 10, 165, 67, 70, 144, 144,
       252, 8, 2, 152, 129, 64, 71, 44, 69, 158, 10, 8, 2, 74, 32, 64, 4,
       9, 129, 92, 161, 45, 145, 172, 24, 1, 48, 25, 28, 67, 0, 114, 16,
       49, 8, 21, 96, 106, 2, 1, 128, 0, 129, 128, 0, 2, 4, 2, 19, 6,
       128, 128, 3, 2, 0, 1, 1, 196, 72, 7, 194, 65, 14, 128, 152, 5, 18,
       8, 32, 8, 71, 36, 85, 186, 82, 40, 1, 64, 160, 64, 16, 8, 65, 20,
       129, 77, 25, 44, 24, 1, 112, 25, 156, 65, 16, 98, 51, 188, 72, 23,
       32, 250, 71, 7, 0, 18, 81, 2, 6, 74, 34, 0, 1, 34, 32, 195, 128,
       3, 98, 69, 0, 68, 3, 166, 1, 99, 6, 128, 136, 13, 146, 8, 0, 0,
       82, 36, 84, 186, 0, 56, 1, 196, 4, 64, 24, 139, 64, 72, 128, 78,
       16, 36, 16, 0, 32, 24, 156, 11, 0, 50, 17, 148, 72, 86, 32, 120,
       69, 5, 228, 144, 17, 6, 33, 79, 36, 68, 131, 52, 18, 233, 160, 71,
       10, 117, 1, 101, 82, 45, 208, 35, 30, 154, 128, 13, 80, 8, 48, 73,
       82, 38, 84, 186, 0, 120, 65, 84, 80, 96, 24, 135, 193, 4, 229, 78,
       25, 164, 24, 4, 112, 28, 156, 9, 16, 114, 51, 189, 72, 23, 32,
       250, 69, 6, 0, 0, 200, 134, 39, 64, 160, 36, 0, 2, 128, 77, 128,
       5, 2, 109, 3, 100, 200, 7, 26, 65, 70, 136, 12, 4, 144, 8, 1, 65,
       69, 6, 84, 186, 0, 32, 5, 4, 68, 32, 24, 134, 65, 80, 128, 193,
       24, 44, 24, 0, 81, 24, 140, 1, 16, 96, 3, 148, 72, 87, 32, 248, 6,
       50, 81, 160, 20, 52, 5, 66, 230, 30, 2, 16, 77, 61, 144, 81, 226,
       212, 3, 96, 193, 34, 129, 118, 76, 136, 164, 9, 82, 12, 49, 105,
       84, 36, 84, 186, 82, 120, 129, 116, 80, 84, 24, 15, 208, 4, 196,
       76, 153, 172, 24, 5, 240, 29, 156, 73, 16, 242, 51, 188, 88, 87,
       32, 248, 68, 3, 229, 212, 112, 135, 35, 126, 164, 244, 6, 21, 93,
       249, 179, 70, 226, 213, 91, 102, 212, 47, 194, 115, 12, 234, 172,
       13, 80, 136, 49, 105, 247, 39, 86, 187, 82, 122, 197, 84, 208, 84,
       24, 14, 193, 12, 193, 79, 153, 172, 24, 5, 241, 29, 156, 73, 16,
       246, 51, 189, 88, 86, 32, 250, 70, 3, 128, 144, 19, 130, 6, 70, 6,
       2, 147, 20, 80, 4, 185, 66, 202, 85, 1, 100, 193, 33, 192, 35, 76,
       192, 136, 13, 18, 12, 25, 72, 87, 36, 85, 186, 66, 120, 1, 84, 32,
       64, 24, 42, 69, 4, 229, 78, 25, 44, 24, 4, 176, 25, 156, 73, 16,
       98, 51, 189, 72, 22, 32, 242, 2, 4, 1, 2, 9, 128, 10, 9, 130, 98,
       3, 4, 145, 2, 1, 22, 98, 23, 0, 64, 200, 34, 192, 64, 28, 128,
       168, 13, 2, 8, 33, 72, 65, 36, 68, 186, 2, 104, 1, 70, 0, 64, 16,
       136, 64, 20, 128, 77, 25, 44, 24, 5, 48, 24, 156, 65, 16, 114, 51,
       184, 72, 86, 32, 240, 47, 182, 109, 168, 63, 61, 33, 88, 244, 126,
       194, 117, 125, 57, 252, 69, 226, 244, 3, 96, 241, 114, 153, 116,
       76, 168, 32, 11, 126, 92, 121, 233, 213, 36, 86, 186, 82, 114,
       129, 244, 214, 87, 26, 14, 80, 135, 224, 77, 153, 45, 24, 4, 242,
       29, 159, 73, 16, 242, 51, 188, 88, 86, 34, 249, 111, 37, 237, 144,
       83, 151, 3, 110, 100, 228, 151, 54, 249, 56, 179, 70, 226, 213,
       25, 101, 193, 37, 195, 115, 12, 200, 168, 13, 82, 12, 49, 105,
       215, 37, 84, 187, 82, 122, 133, 92, 208, 85, 24, 14, 209, 28, 193,
       79, 157, 172, 24, 5, 241, 29, 156, 75, 80, 246, 51, 189, 88, 86,
       32, 251, 98, 4, 233, 26, 91, 130, 11, 79, 198, 34, 131, 48, 113,
       136, 169, 87, 226, 85, 27, 68, 192, 39, 193, 103, 12, 192, 172,
       13, 18, 12, 49, 104, 215, 37, 85, 187, 66, 120, 133, 86, 48, 88,
       28, 9, 213, 92, 161, 79, 157, 172, 24, 5, 113, 61, 156, 75, 80,
       250, 51, 189, 88, 86, 48, 250, 96, 7, 101, 16, 80, 135, 3, 125,
       228, 6, 130, 4, 65, 97, 145, 7, 194, 69, 67, 100, 208, 35, 208,
       231, 12, 232, 140, 12, 16, 12, 49, 72, 87, 45, 71, 187, 80, 56, 5,
       68, 84, 64, 24, 142, 65, 120, 129, 79, 24, 44, 24, 0, 243, 28,
       156, 75, 0, 242, 19, 189, 72, 87, 32, 250, 61, 50, 245, 160, 31,
       161, 45, 126, 240, 58, 210, 53, 109, 7, 129, 83, 242, 204, 195,
       80, 241, 36, 65, 223, 132, 168, 224, 143, 90, 92, 225, 235, 95,
       44, 85, 190, 127, 56, 33, 116, 124, 68, 26, 143, 196, 33, 231, 79,
       184, 172, 24, 1, 242, 28, 156, 73, 4, 178, 23, 189, 90, 87, 32,
       114, 61, 54, 117, 166, 62, 53, 185, 127, 244, 252, 214, 53, 109,
       63, 153, 117, 242, 252, 195, 104, 241, 98, 213, 254, 220, 168,
       228, 155, 126, 221, 125, 239, 253, 108, 215, 190, 215, 122, 169,
       125, 221, 93, 91, 142, 196, 163, 194, 79, 184, 188, 153, 9, 242,
       29, 157, 89, 36, 242, 55, 156, 218, 135, 46, 252, 62, 181, 125,
       190, 55, 125, 185, 127, 246, 252, 212, 245, 125, 127, 189, 247,
       251, 222, 67, 243, 245, 34, 209, 119, 221, 171, 228, 203, 91, 92,
       241, 235, 223, 44, 87, 190, 91, 120, 233, 116, 120, 92, 58, 175,
       212, 53, 247, 111, 153, 172, 24, 5, 240, 29, 156, 73, 16, 242, 51,
       189, 90, 87, 32, 250, 60, 49, 245, 182, 18, 39, 41, 127, 196, 68,
       211, 53, 113, 198, 147, 66, 226, 212, 3, 98, 193, 33, 193, 55, 76,
       136, 164, 13, 82, 12, 48, 233, 215, 36, 85, 186, 82, 120, 193,
       116, 112, 92, 56, 47, 212, 20, 229, 110, 153, 172, 24, 5, 240, 29,
       156, 73, 16, 242, 51, 189, 88, 86, 32, 250 ]
