%YAML:1.0
descriptors: !!opencv-matrix
   rows: 19
   cols: 64
   dt: u
   data: [ 54, 51, 243, 183, 221, 160, 131, 216, 206, 105, 130, 119, 227,
       75, 129, 85, 226, 213, 1, 98, 207, 45, 139, 127, 78, 154, 178, 15,
       210, 8, 49, 127, 119, 38, 85, 186, 82, 114, 233, 86, 208, 84, 24,
       14, 193, 20, 201, 71, 153, 44, 24, 5, 240, 29, 156, 73, 16, 242,
       51, 189, 88, 87, 32, 248, 254, 153, 254, 183, 127, 119, 251, 246,
       62, 253, 126, 223, 31, 254, 251, 254, 255, 215, 125, 103, 109,
       133, 231, 51, 79, 255, 185, 127, 251, 75, 246, 251, 247, 37, 85,
       250, 83, 120, 233, 244, 112, 93, 56, 46, 213, 22, 245, 111, 157,
       172, 24, 5, 240, 29, 156, 73, 16, 246, 51, 189, 88, 87, 32, 250,
       99, 6, 128, 179, 221, 130, 6, 8, 44, 107, 0, 11, 162, 203, 162,
       21, 98, 85, 25, 98, 200, 39, 139, 121, 70, 202, 40, 47, 146, 9,
       33, 79, 87, 167, 84, 59, 115, 248, 37, 86, 64, 64, 8, 9, 65, 28,
       201, 147, 153, 44, 24, 4, 245, 28, 156, 235, 16, 242, 51, 189, 88,
       87, 48, 248, 188, 186, 255, 183, 63, 127, 191, 250, 252, 255, 255,
       247, 255, 127, 250, 244, 251, 221, 99, 99, 245, 103, 195, 246,
       205, 255, 245, 191, 122, 30, 243, 235, 223, 36, 85, 190, 83, 122,
       233, 116, 120, 92, 56, 47, 213, 55, 247, 111, 153, 172, 24, 5,
       240, 29, 157, 73, 16, 242, 51, 189, 88, 87, 32, 250, 251, 60, 247,
       149, 223, 39, 15, 255, 230, 103, 177, 58, 239, 233, 182, 95, 251,
       245, 123, 99, 186, 135, 250, 61, 94, 251, 191, 47, 211, 25, 115,
       111, 211, 37, 86, 187, 66, 116, 101, 86, 112, 74, 104, 175, 221,
       28, 229, 157, 153, 172, 24, 5, 112, 30, 148, 73, 16, 240, 49, 189,
       220, 86, 32, 254, 63, 183, 253, 190, 62, 119, 191, 124, 246, 254,
       253, 243, 253, 123, 183, 87, 251, 215, 35, 99, 229, 39, 195, 118,
       205, 223, 245, 239, 82, 30, 243, 235, 215, 44, 85, 190, 90, 120,
       233, 116, 120, 92, 56, 47, 213, 21, 247, 111, 153, 172, 24, 5,
       240, 29, 156, 73, 16, 242, 51, 189, 88, 87, 32, 250, 190, 245,
       253, 254, 127, 63, 223, 123, 246, 126, 213, 251, 253, 122, 182,
       93, 251, 215, 99, 99, 245, 39, 195, 118, 205, 255, 241, 127, 83,
       94, 247, 235, 215, 36, 85, 190, 82, 120, 233, 117, 112, 94, 56,
       47, 213, 20, 245, 111, 153, 172, 24, 5, 240, 29, 156, 73, 16, 242,
       51, 189, 88, 87, 32, 251, 66, 3, 0, 144, 3, 131, 14, 76, 134, 34,
       1, 0, 17, 40, 48, 2, 226, 85, 0, 100, 200, 35, 194, 35, 76, 128,
       164, 12, 18, 8, 49, 8, 87, 36, 84, 186, 66, 120, 1, 84, 48, 72,
       24, 15, 208, 20, 197, 78, 153, 172, 24, 5, 112, 24, 156, 73, 16,
       114, 51, 189, 88, 86, 32, 250, 0, 7, 128, 16, 0, 18, 0, 71, 32,
       130, 3, 4, 0, 165, 9, 3, 128, 72, 1, 96, 64, 34, 192, 35, 76, 128,
       132, 0, 16, 0, 48, 64, 210, 36, 81, 170, 80, 40, 65, 64, 48, 48,
       56, 47, 84, 84, 229, 110, 25, 172, 24, 5, 240, 29, 156, 8, 16,
       226, 51, 189, 72, 86, 32, 250, 197, 71, 97, 144, 209, 6, 7, 202,
       162, 69, 168, 50, 3, 203, 134, 5, 226, 101, 5, 100, 74, 172, 176,
       34, 70, 138, 43, 9, 146, 8, 0, 9, 114, 39, 20, 155, 0, 112, 7,
       212, 6, 98, 24, 139, 72, 24, 200, 132, 0, 36, 80, 4, 65, 26, 132,
       11, 16, 112, 33, 28, 76, 84, 32, 185, 135, 3, 65, 146, 217, 136,
       7, 72, 162, 1, 2, 114, 161, 79, 128, 81, 98, 85, 4, 6, 198, 44,
       136, 98, 6, 214, 19, 47, 146, 10, 1, 9, 18, 39, 84, 154, 0, 120,
       79, 22, 1, 96, 8, 75, 65, 24, 253, 7, 1, 36, 16, 4, 32, 16, 140,
       43, 16, 112, 48, 61, 72, 85, 33, 248, 28, 43, 183, 176, 0, 103,
       33, 119, 128, 198, 195, 20, 65, 132, 155, 162, 203, 76, 195, 102,
       50, 128, 68, 147, 157, 168, 166, 200, 64, 132, 48, 137, 96, 18,
       117, 170, 0, 102, 65, 68, 188, 32, 144, 166, 110, 128, 65, 238,
       26, 40, 120, 208, 114, 28, 20, 64, 128, 234, 11, 233, 72, 6, 97,
       242, 163, 197, 64, 18, 221, 136, 7, 8, 38, 65, 40, 106, 170, 107,
       132, 21, 98, 119, 36, 52, 194, 46, 153, 102, 70, 214, 51, 47, 146,
       26, 1, 1, 146, 166, 22, 154, 2, 16, 111, 214, 101, 226, 8, 201,
       209, 88, 253, 135, 0, 164, 16, 0, 32, 0, 142, 43, 24, 48, 48, 61,
       24, 85, 48, 56, 227, 221, 206, 210, 223, 142, 215, 10, 62, 85, 44,
       235, 190, 123, 100, 93, 227, 247, 60, 55, 198, 47, 187, 103, 114,
       215, 83, 47, 190, 27, 82, 111, 151, 103, 84, 146, 82, 89, 255,
       252, 115, 255, 40, 111, 217, 24, 253, 199, 133, 164, 24, 12, 252,
       1, 140, 203, 57, 246, 114, 63, 88, 85, 181, 216, 62, 50, 101, 162,
       158, 189, 33, 121, 228, 70, 210, 52, 253, 42, 249, 85, 242, 212,
       7, 96, 225, 0, 129, 116, 76, 136, 172, 137, 82, 28, 49, 249, 112,
       36, 84, 186, 82, 122, 129, 212, 208, 84, 24, 14, 192, 6, 192, 77,
       153, 44, 24, 5, 112, 29, 157, 73, 16, 242, 51, 188, 88, 86, 32,
       248, 60, 50, 117, 162, 190, 189, 35, 121, 244, 92, 210, 53, 253,
       63, 249, 101, 242, 212, 67, 96, 241, 0, 129, 116, 76, 168, 172,
       137, 218, 76, 57, 185, 112, 36, 87, 186, 82, 114, 129, 244, 216,
       84, 24, 14, 64, 134, 192, 76, 153, 45, 24, 5, 240, 29, 157, 73,
       16, 242, 51, 188, 88, 22, 34, 248, 108, 46, 111, 169, 87, 127,
       163, 253, 253, 254, 254, 53, 125, 190, 251, 231, 227, 213, 67,
       102, 125, 129, 215, 52, 93, 204, 168, 13, 210, 94, 58, 187, 224,
       36, 85, 186, 82, 114, 129, 116, 242, 92, 24, 46, 84, 150, 192,
       108, 153, 44, 24, 5, 240, 29, 157, 73, 16, 242, 59, 188, 88, 86,
       34, 248, 30, 50, 85, 134, 63, 177, 31, 120, 230, 6, 209, 48, 61,
       10, 176, 81, 226, 212, 1, 96, 193, 34, 129, 116, 76, 136, 168, 13,
       82, 8, 49, 105, 208, 36, 84, 186, 66, 120, 129, 84, 48, 72, 24,
       15, 208, 20, 196, 79, 153, 172, 24, 5, 112, 29, 156, 73, 16, 242,
       51, 188, 88, 86, 32, 248, 22, 49, 17, 134, 19, 0, 12, 72, 198, 2,
       129, 48, 49, 6, 180, 83, 226, 212, 3, 64, 193, 34, 193, 86, 76,
       136, 164, 9, 82, 8, 49, 104, 212, 36, 84, 186, 66, 120, 129, 84,
       48, 72, 16, 15, 212, 20, 164, 78, 153, 172, 24, 5, 112, 29, 156,
       65, 16, 242, 51, 188, 88, 86, 32, 250 ]
