%YAML:1.0
descriptors: !!opencv-matrix
   rows: 14
   cols: 64
   dt: u
   data: [ 60, 181, 253, 190, 51, 37, 241, 127, 246, 212, 213, 245, 125,
       126, 180, 84, 254, 214, 67, 99, 245, 38, 209, 247, 221, 170, 228,
       201, 114, 220, 244, 233, 207, 44, 71, 190, 82, 120, 201, 124, 120,
       93, 48, 47, 212, 53, 245, 110, 153, 172, 153, 13, 240, 29, 156,
       73, 16, 242, 51, 189, 88, 87, 32, 250, 22, 33, 153, 158, 35, 3,
       92, 110, 66, 0, 149, 176, 112, 70, 164, 82, 255, 146, 32, 67, 7,
       36, 193, 71, 204, 138, 224, 73, 66, 140, 148, 104, 214, 36, 69,
       190, 66, 120, 201, 116, 112, 88, 53, 47, 212, 20, 181, 110, 153,
       172, 24, 5, 240, 29, 156, 65, 16, 242, 51, 189, 88, 87, 32, 250,
       45, 34, 101, 160, 24, 44, 33, 122, 240, 124, 194, 53, 97, 43, 153,
       98, 226, 212, 3, 96, 225, 32, 200, 119, 76, 136, 160, 131, 82, 8,
       49, 239, 87, 36, 85, 186, 82, 122, 233, 116, 240, 84, 24, 15, 68,
       4, 225, 111, 153, 172, 24, 5, 240, 29, 156, 73, 16, 242, 51, 189,
       88, 87, 32, 250, 45, 54, 101, 178, 29, 53, 37, 91, 244, 126, 192,
       49, 109, 107, 180, 69, 226, 244, 3, 96, 241, 34, 216, 127, 76,
       184, 165, 131, 90, 8, 49, 239, 215, 36, 84, 186, 82, 120, 161,
       116, 124, 94, 58, 175, 212, 17, 245, 79, 153, 172, 24, 5, 240, 29,
       156, 73, 16, 242, 51, 189, 88, 87, 32, 250, 23, 53, 81, 54, 53, 0,
       29, 74, 194, 34, 17, 48, 44, 75, 132, 82, 226, 212, 1, 99, 199,
       44, 192, 115, 76, 138, 162, 9, 82, 8, 49, 105, 215, 36, 84, 186,
       66, 120, 193, 116, 80, 74, 56, 15, 208, 20, 229, 79, 153, 172, 24,
       5, 112, 28, 156, 73, 16, 242, 51, 189, 88, 86, 32, 251, 45, 246,
       109, 248, 55, 61, 125, 126, 181, 254, 229, 240, 109, 57, 180, 71,
       208, 252, 67, 123, 245, 114, 240, 191, 69, 171, 166, 155, 121, 85,
       125, 235, 223, 108, 150, 174, 210, 120, 241, 245, 126, 222, 122,
       175, 210, 113, 247, 111, 152, 172, 24, 5, 240, 29, 222, 93, 56,
       242, 115, 159, 251, 214, 46, 251, 63, 22, 108, 160, 62, 189, 59,
       112, 52, 126, 82, 21, 29, 61, 57, 69, 240, 252, 193, 96, 240, 112,
       152, 120, 76, 168, 172, 151, 126, 81, 125, 235, 117, 32, 214, 176,
       119, 122, 161, 116, 220, 92, 90, 14, 208, 135, 194, 79, 153, 173,
       24, 5, 242, 29, 159, 89, 16, 242, 51, 156, 218, 150, 42, 240, 20,
       49, 17, 148, 0, 0, 8, 70, 2, 2, 1, 20, 64, 64, 128, 18, 102, 198,
       0, 66, 2, 40, 64, 2, 140, 130, 226, 73, 2, 40, 128, 105, 82, 38,
       84, 154, 0, 104, 67, 68, 0, 64, 24, 74, 160, 20, 193, 78, 145,
       164, 16, 5, 32, 24, 20, 73, 0, 50, 18, 185, 88, 70, 33, 242, 60,
       50, 117, 162, 190, 189, 35, 121, 228, 92, 210, 53, 253, 63, 249,
       69, 242, 212, 71, 96, 241, 34, 145, 116, 76, 184, 164, 137, 218,
       28, 121, 249, 112, 36, 86, 186, 82, 114, 129, 212, 220, 84, 24,
       14, 64, 135, 192, 77, 153, 45, 24, 4, 240, 29, 143, 73, 16, 242,
       51, 188, 88, 22, 32, 248, 63, 21, 252, 190, 55, 39, 25, 126, 54,
       68, 213, 48, 61, 170, 181, 86, 242, 212, 1, 96, 97, 34, 229, 51,
       76, 136, 160, 9, 83, 28, 120, 105, 240, 36, 20, 186, 82, 112, 129,
       244, 210, 74, 24, 14, 208, 20, 193, 78, 153, 172, 24, 5, 112, 28,
       157, 73, 16, 242, 51, 188, 88, 86, 34, 249, 130, 67, 0, 130, 129,
       0, 2, 132, 34, 2, 32, 0, 0, 67, 2, 1, 72, 0, 5, 4, 10, 160, 172,
       32, 0, 129, 1, 0, 147, 8, 0, 16, 48, 6, 24, 138, 0, 64, 7, 130, 2,
       34, 8, 73, 0, 28, 72, 144, 0, 0, 86, 36, 1, 2, 164, 170, 145, 0,
       32, 20, 4, 68, 48, 33, 68, 6, 128, 16, 8, 2, 0, 71, 0, 34, 3, 4,
       0, 132, 131, 3, 66, 68, 1, 64, 130, 161, 200, 11, 12, 128, 128,
       15, 16, 9, 49, 78, 67, 164, 85, 58, 0, 232, 33, 70, 0, 64, 0, 10,
       68, 28, 1, 75, 25, 108, 24, 4, 52, 24, 148, 0, 16, 98, 51, 188,
       72, 70, 32, 246, 98, 141, 134, 210, 201, 142, 67, 3, 118, 101, 4,
       79, 187, 235, 52, 12, 98, 85, 61, 38, 198, 45, 155, 103, 26, 210,
       42, 46, 146, 136, 16, 111, 215, 39, 84, 187, 82, 124, 127, 244,
       80, 116, 136, 79, 217, 28, 245, 199, 213, 164, 24, 84, 241, 121,
       156, 203, 81, 254, 115, 191, 88, 117, 145, 249, 65, 13, 130, 82,
       201, 130, 71, 10, 2, 36, 4, 67, 162, 201, 4, 9, 102, 49, 57, 6,
       198, 47, 139, 103, 2, 210, 26, 14, 146, 8, 0, 65, 215, 39, 80,
       187, 18, 44, 119, 108, 80, 112, 152, 79, 89, 88, 181, 207, 21, 44,
       24, 68, 241, 120, 156, 195, 81, 254, 115, 191, 88, 117, 145, 250 ]
