%YAML:1.0
descriptors: !!opencv-matrix
   rows: 15
   cols: 64
   dt: u
   data: [ 60, 180, 125, 174, 63, 125, 185, 127, 245, 252, 214, 245, 125,
       62, 185, 214, 250, 220, 67, 99, 245, 50, 209, 247, 221, 168, 228,
       155, 90, 221, 117, 235, 207, 36, 87, 190, 215, 122, 233, 116, 248,
       93, 58, 46, 212, 55, 243, 111, 153, 172, 24, 13, 240, 29, 157, 73,
       16, 242, 51, 189, 90, 87, 32, 250, 2, 2, 0, 163, 201, 128, 2, 12,
       0, 35, 0, 4, 128, 3, 129, 1, 66, 69, 1, 64, 200, 1, 138, 72, 4,
       136, 8, 15, 146, 8, 33, 79, 21, 164, 20, 186, 1, 96, 5, 70, 0, 64,
       24, 8, 64, 4, 64, 129, 25, 44, 24, 4, 116, 24, 140, 41, 16, 96,
       35, 156, 72, 87, 32, 248, 44, 38, 229, 168, 26, 111, 161, 255,
       244, 124, 202, 53, 93, 63, 187, 228, 235, 220, 195, 96, 241, 128,
       220, 180, 92, 169, 44, 129, 249, 204, 59, 203, 253, 36, 85, 186,
       81, 114, 137, 124, 252, 85, 24, 14, 68, 167, 226, 76, 153, 44, 92,
       4, 242, 29, 157, 73, 16, 224, 43, 188, 88, 70, 34, 240, 249, 254,
       254, 71, 255, 255, 215, 56, 255, 125, 222, 255, 191, 127, 254,
       253, 243, 247, 254, 191, 255, 127, 155, 253, 251, 126, 95, 55,
       254, 95, 223, 175, 159, 239, 95, 23, 255, 219, 255, 63, 253, 253,
       235, 119, 221, 239, 255, 51, 189, 223, 137, 239, 247, 229, 155,
       239, 126, 255, 246, 175, 243, 255, 189, 222, 121, 221, 254, 255,
       110, 183, 255, 51, 63, 255, 85, 201, 158, 249, 52, 30, 244, 251,
       124, 255, 246, 125, 211, 243, 249, 122, 231, 254, 125, 245, 253,
       227, 223, 123, 16, 53, 223, 89, 250, 121, 122, 255, 251, 111, 241,
       61, 247, 111, 159, 202, 24, 79, 244, 125, 152, 205, 123, 247, 115,
       159, 243, 251, 139, 251, 63, 17, 252, 182, 55, 39, 93, 126, 38,
       68, 213, 48, 61, 234, 180, 86, 250, 214, 1, 103, 67, 37, 193, 51,
       76, 138, 224, 13, 82, 28, 244, 105, 214, 36, 20, 186, 82, 120,
       193, 116, 112, 90, 60, 15, 208, 20, 229, 78, 153, 172, 24, 5, 240,
       29, 156, 73, 16, 242, 51, 189, 88, 86, 32, 250, 45, 174, 239, 249,
       63, 253, 253, 127, 189, 254, 254, 189, 93, 255, 189, 239, 137,
       252, 227, 123, 245, 126, 222, 255, 125, 175, 134, 183, 125, 85,
       125, 207, 255, 218, 223, 32, 247, 254, 249, 63, 126, 125, 235,
       237, 246, 243, 119, 107, 187, 254, 60, 77, 246, 29, 252, 92, 54,
       226, 255, 255, 251, 251, 237, 246, 124, 49, 245, 182, 18, 39, 61,
       127, 198, 78, 209, 48, 125, 234, 177, 86, 250, 213, 67, 102, 241,
       39, 193, 119, 12, 138, 164, 13, 82, 140, 112, 233, 86, 36, 21,
       190, 82, 120, 193, 84, 112, 72, 16, 15, 213, 20, 229, 78, 153,
       172, 24, 5, 240, 28, 156, 73, 16, 242, 51, 189, 88, 87, 32, 250,
       61, 55, 245, 180, 20, 39, 39, 126, 244, 92, 210, 49, 109, 123,
       146, 71, 250, 213, 99, 102, 241, 37, 192, 119, 76, 234, 164, 141,
       90, 12, 112, 233, 215, 36, 85, 186, 82, 120, 201, 116, 120, 92,
       56, 47, 213, 21, 245, 111, 153, 172, 24, 5, 240, 29, 156, 73, 16,
       242, 51, 189, 88, 87, 32, 250, 227, 207, 101, 136, 247, 127, 7,
       91, 173, 71, 185, 202, 203, 61, 124, 141, 139, 245, 47, 100, 112,
       198, 144, 112, 95, 253, 157, 44, 243, 26, 58, 25, 208, 36, 215,
       154, 66, 120, 173, 116, 118, 94, 56, 191, 213, 24, 244, 108, 152,
       173, 16, 12, 209, 29, 143, 9, 16, 246, 49, 189, 88, 87, 40, 250,
       44, 50, 101, 162, 30, 183, 35, 114, 116, 94, 66, 21, 77, 127, 185,
       69, 226, 220, 65, 96, 241, 32, 193, 243, 76, 168, 164, 141, 82,
       12, 49, 233, 215, 36, 85, 186, 83, 122, 129, 116, 112, 84, 24, 14,
       212, 20, 231, 79, 153, 172, 24, 5, 240, 29, 156, 73, 16, 242, 51,
       189, 88, 87, 32, 250, 191, 254, 253, 173, 255, 253, 191, 249, 253,
       255, 222, 255, 253, 125, 254, 252, 251, 253, 227, 115, 253, 103,
       210, 252, 221, 254, 253, 255, 122, 215, 247, 239, 207, 108, 87,
       190, 255, 122, 233, 125, 252, 92, 123, 175, 213, 55, 247, 111,
       185, 174, 24, 15, 240, 29, 157, 73, 28, 242, 55, 189, 250, 87, 40,
       250, 63, 183, 125, 254, 54, 189, 189, 121, 247, 222, 255, 241,
       253, 127, 252, 86, 242, 254, 67, 123, 245, 98, 209, 246, 221, 190,
       229, 251, 122, 222, 245, 235, 215, 44, 85, 190, 219, 120, 233,
       125, 120, 92, 57, 175, 212, 53, 247, 111, 153, 172, 24, 13, 240,
       29, 156, 73, 16, 242, 51, 189, 90, 87, 40, 250, 63, 182, 125, 166,
       63, 189, 189, 127, 247, 254, 215, 245, 125, 63, 184, 87, 254, 254,
       67, 115, 245, 98, 209, 119, 221, 186, 228, 219, 122, 28, 245, 235,
       215, 44, 85, 190, 91, 120, 233, 124, 120, 92, 56, 47, 212, 53,
       247, 111, 153, 172, 24, 5, 240, 29, 156, 73, 16, 242, 51, 189, 88,
       87, 32, 250, 62, 177, 125, 254, 54, 189, 125, 126, 247, 254, 213,
       241, 125, 126, 180, 86, 254, 222, 67, 115, 245, 114, 193, 247,
       205, 186, 228, 219, 90, 92, 245, 233, 223, 44, 85, 190, 91, 120,
       233, 117, 120, 93, 57, 47, 212, 53, 247, 111, 153, 172, 24, 5,
       240, 29, 156, 73, 16, 242, 51, 189, 88, 87, 32, 250 ]
