%YAML:1.0
descriptors: !!opencv-matrix
   rows: 9
   cols: 64
   dt: u
   data: [ 251, 255, 255, 255, 254, 253, 221, 191, 255, 255, 127, 222,
       255, 255, 127, 255, 255, 247, 124, 251, 254, 253, 255, 255, 255,
       247, 247, 255, 255, 251, 255, 255, 247, 254, 223, 127, 255, 253,
       250, 251, 114, 253, 235, 253, 255, 142, 253, 191, 223, 223, 159,
       255, 252, 189, 254, 255, 245, 247, 251, 255, 255, 253, 221, 254,
       4, 34, 65, 177, 216, 128, 162, 204, 0, 170, 2, 53, 193, 67, 147,
       64, 226, 85, 1, 98, 203, 41, 142, 120, 12, 136, 34, 15, 210, 8,
       49, 94, 119, 38, 92, 187, 80, 114, 5, 86, 145, 64, 24, 14, 64, 4,
       73, 151, 153, 44, 24, 4, 112, 28, 140, 73, 16, 240, 35, 189, 72,
       70, 32, 240, 67, 6, 192, 35, 217, 130, 3, 8, 172, 123, 2, 111,
       161, 79, 130, 5, 66, 117, 9, 32, 200, 39, 138, 120, 70, 200, 24,
       39, 146, 9, 33, 79, 87, 167, 84, 187, 112, 240, 37, 54, 68, 68, 8,
       139, 65, 24, 237, 147, 24, 44, 24, 4, 245, 60, 140, 171, 16, 236,
       163, 189, 72, 87, 48, 120, 239, 54, 227, 48, 221, 162, 43, 74,
       224, 39, 193, 50, 239, 201, 130, 91, 234, 237, 43, 117, 235, 135,
       74, 127, 198, 218, 254, 175, 210, 12, 98, 239, 83, 47, 84, 191,
       74, 60, 101, 86, 76, 64, 24, 139, 217, 89, 225, 159, 152, 172, 24,
       0, 96, 60, 156, 73, 16, 178, 49, 189, 88, 87, 48, 251, 4, 3, 129,
       144, 0, 6, 0, 67, 130, 70, 1, 22, 17, 194, 147, 2, 66, 68, 1, 68,
       2, 132, 128, 3, 14, 144, 20, 9, 130, 8, 16, 8, 66, 38, 84, 154, 0,
       112, 3, 84, 0, 64, 16, 10, 64, 20, 0, 204, 17, 44, 16, 4, 48, 24,
       132, 1, 16, 96, 33, 29, 72, 84, 32, 240, 76, 19, 44, 52, 39, 187,
       58, 116, 0, 2, 215, 36, 88, 16, 41, 3, 132, 185, 67, 212, 225, 49,
       66, 211, 196, 40, 232, 220, 64, 4, 173, 224, 223, 60, 195, 174,
       75, 122, 128, 81, 184, 25, 17, 14, 213, 229, 163, 78, 153, 174, 8,
       7, 112, 29, 217, 65, 16, 243, 59, 180, 56, 18, 96, 74, 3, 2, 64,
       35, 221, 160, 35, 8, 32, 43, 0, 34, 160, 75, 128, 1, 66, 116, 5,
       80, 200, 34, 139, 120, 4, 136, 8, 3, 146, 9, 33, 71, 113, 166, 28,
       26, 97, 240, 37, 150, 133, 66, 72, 8, 64, 1, 200, 17, 0, 117, 16,
       36, 68, 146, 143, 41, 144, 32, 161, 156, 204, 70, 34, 53, 63, 50,
       125, 162, 63, 189, 9, 120, 230, 94, 211, 48, 125, 59, 176, 85,
       242, 244, 3, 96, 225, 114, 129, 116, 76, 168, 164, 25, 122, 28,
       113, 233, 84, 36, 84, 186, 82, 114, 129, 84, 212, 92, 24, 14, 208,
       4, 192, 77, 153, 172, 24, 5, 240, 29, 157, 73, 16, 242, 51, 188,
       88, 87, 32, 248, 108, 43, 103, 177, 242, 127, 163, 255, 236, 252,
       210, 53, 93, 190, 251, 230, 226, 212, 67, 102, 125, 131, 132, 52,
       79, 168, 172, 13, 210, 14, 58, 187, 240, 36, 85, 186, 82, 114,
       129, 116, 208, 84, 24, 14, 84, 134, 192, 108, 153, 44, 24, 5, 240,
       29, 157, 73, 16, 242, 51, 188, 88, 86, 34, 248 ]
