%YAML:1.0
descriptors: !!opencv-matrix
   rows: 13
   cols: 64
   dt: u
   data: [ 197, 32, 243, 181, 217, 162, 43, 204, 196, 237, 192, 51, 227,
       203, 146, 83, 226, 213, 7, 99, 203, 173, 238, 57, 78, 138, 170,
       47, 82, 9, 49, 111, 115, 39, 52, 187, 82, 124, 37, 214, 80, 64,
       24, 14, 201, 28, 201, 23, 153, 44, 24, 5, 112, 28, 156, 73, 16,
       242, 51, 157, 88, 86, 32, 251, 68, 1, 147, 212, 200, 130, 98, 102,
       2, 100, 1, 20, 195, 192, 147, 10, 226, 69, 57, 102, 142, 173, 194,
       3, 78, 202, 162, 12, 0, 12, 48, 75, 83, 39, 85, 187, 0, 124, 71,
       86, 48, 96, 152, 14, 205, 28, 193, 143, 25, 172, 24, 21, 113, 88,
       156, 75, 17, 250, 51, 189, 88, 84, 33, 250, 253, 254, 125, 183,
       255, 255, 191, 248, 254, 255, 255, 251, 255, 127, 254, 244, 243,
       213, 127, 103, 125, 167, 163, 244, 205, 255, 253, 191, 218, 30,
       243, 187, 223, 37, 84, 191, 82, 120, 233, 244, 120, 92, 56, 47,
       213, 55, 247, 109, 153, 172, 24, 5, 240, 29, 157, 73, 16, 242, 51,
       189, 88, 87, 32, 250, 126, 59, 247, 243, 223, 167, 225, 235, 204,
       109, 210, 55, 255, 234, 147, 124, 242, 213, 35, 102, 239, 175,
       143, 127, 78, 202, 38, 15, 210, 24, 114, 191, 119, 39, 85, 187,
       82, 118, 93, 84, 217, 100, 152, 78, 73, 12, 201, 215, 153, 44, 24,
       5, 240, 30, 156, 73, 16, 240, 115, 191, 88, 70, 33, 248, 68, 33,
       131, 144, 216, 130, 67, 78, 130, 98, 1, 16, 147, 194, 147, 66, 66,
       85, 56, 102, 142, 173, 202, 11, 14, 194, 170, 15, 18, 8, 16, 79,
       83, 39, 20, 187, 0, 124, 71, 86, 0, 96, 128, 74, 9, 28, 193, 139,
       81, 36, 16, 20, 33, 88, 148, 139, 80, 106, 49, 57, 72, 68, 49,
       241, 63, 85, 252, 190, 55, 55, 29, 126, 54, 70, 245, 176, 63, 171,
       182, 95, 246, 214, 1, 101, 97, 130, 225, 51, 76, 137, 224, 89, 83,
       28, 252, 41, 240, 36, 20, 186, 66, 112, 129, 244, 82, 202, 24, 15,
       208, 20, 193, 78, 153, 172, 26, 5, 112, 29, 157, 73, 16, 242, 51,
       156, 88, 86, 34, 249, 253, 251, 255, 253, 254, 127, 251, 254, 253,
       253, 254, 255, 255, 251, 255, 254, 251, 245, 127, 111, 127, 223,
       230, 189, 255, 255, 255, 191, 255, 223, 126, 191, 243, 111, 117,
       255, 214, 127, 253, 253, 250, 223, 251, 62, 223, 175, 217, 181,
       141, 173, 95, 149, 249, 191, 159, 77, 240, 252, 121, 255, 223, 94,
       50, 255, 51, 20, 16, 38, 143, 128, 21, 9, 6, 64, 21, 64, 172, 10,
       36, 21, 116, 182, 0, 144, 192, 2, 145, 100, 176, 144, 224, 74, 18,
       48, 193, 97, 141, 172, 146, 20, 235, 0, 40, 73, 65, 200, 6, 137,
       192, 81, 180, 77, 144, 150, 152, 8, 36, 0, 216, 65, 58, 51, 182,
       144, 50, 147, 44, 72, 69, 32, 195, 152, 16, 66, 5, 206, 128, 230,
       1, 144, 65, 130, 131, 74, 11, 68, 33, 96, 138, 133, 206, 11, 14,
       129, 152, 5, 3, 8, 16, 75, 81, 38, 53, 186, 0, 116, 39, 22, 32,
       96, 40, 43, 15, 28, 65, 168, 17, 44, 112, 20, 17, 24, 148, 10,
       144, 96, 33, 57, 72, 68, 32, 242, 77, 15, 167, 144, 0, 79, 32,
       119, 1, 228, 202, 4, 80, 181, 155, 162, 137, 72, 227, 102, 54,
       129, 84, 147, 89, 105, 148, 132, 64, 132, 58, 201, 77, 18, 97,
       168, 16, 42, 69, 8, 60, 52, 48, 166, 101, 168, 39, 234, 25, 40,
       233, 88, 209, 93, 16, 0, 37, 200, 3, 241, 72, 70, 65, 234, 252,
       191, 255, 253, 246, 127, 255, 247, 253, 255, 254, 159, 223, 252,
       251, 238, 251, 253, 251, 111, 63, 223, 246, 191, 255, 111, 191,
       190, 237, 215, 126, 191, 239, 111, 103, 255, 223, 255, 253, 125,
       126, 125, 255, 126, 255, 191, 127, 183, 255, 140, 239, 255, 211,
       255, 156, 222, 245, 252, 121, 255, 255, 255, 217, 254, 247, 245,
       125, 142, 87, 14, 31, 79, 230, 70, 189, 240, 127, 171, 180, 95,
       242, 213, 7, 101, 65, 131, 161, 55, 76, 136, 172, 13, 83, 24, 112,
       41, 208, 36, 84, 186, 66, 112, 129, 244, 82, 90, 24, 15, 208, 20,
       196, 76, 153, 172, 24, 5, 112, 29, 157, 73, 16, 242, 51, 188, 88,
       86, 34, 249, 44, 49, 113, 130, 19, 7, 1, 79, 198, 68, 128, 53,
       113, 14, 177, 87, 226, 212, 3, 100, 65, 34, 192, 55, 76, 136, 164,
       13, 82, 8, 48, 105, 212, 36, 84, 186, 82, 112, 1, 116, 80, 80, 24,
       14, 208, 20, 193, 78, 153, 44, 24, 5, 240, 28, 156, 73, 16, 242,
       51, 188, 88, 86, 32, 248 ]
