%YAML:1.0
descriptors: !!opencv-matrix
   rows: 14
   cols: 64
   dt: u
   data: [ 247, 253, 255, 223, 255, 223, 223, 255, 255, 255, 189, 251,
       255, 254, 254, 223, 255, 247, 254, 191, 223, 255, 255, 239, 255,
       247, 247, 127, 191, 255, 223, 127, 223, 255, 254, 255, 254, 253,
       255, 255, 115, 255, 239, 127, 191, 126, 253, 255, 247, 255, 255,
       255, 190, 251, 255, 255, 255, 127, 254, 127, 255, 253, 255, 255,
       60, 50, 125, 162, 190, 189, 35, 121, 244, 126, 210, 53, 253, 62,
       249, 100, 242, 212, 67, 96, 241, 34, 129, 116, 76, 168, 164, 137,
       210, 76, 121, 249, 112, 36, 84, 186, 82, 114, 129, 244, 216, 84,
       24, 14, 208, 6, 192, 77, 153, 44, 24, 5, 240, 29, 157, 73, 16,
       242, 51, 188, 88, 86, 32, 248, 63, 53, 252, 150, 55, 39, 29, 126,
       102, 70, 245, 176, 63, 234, 180, 94, 242, 214, 1, 101, 67, 160,
       225, 51, 76, 138, 224, 25, 83, 28, 252, 105, 240, 36, 20, 186, 66,
       112, 129, 244, 210, 74, 28, 15, 208, 20, 193, 78, 153, 172, 24, 5,
       112, 28, 149, 73, 16, 242, 51, 188, 88, 86, 34, 249, 7, 54, 80,
       34, 17, 32, 44, 65, 224, 2, 129, 48, 96, 3, 160, 83, 226, 212, 3,
       96, 193, 34, 193, 118, 76, 136, 164, 9, 82, 12, 49, 104, 208, 36,
       85, 186, 82, 120, 129, 116, 112, 92, 24, 15, 212, 20, 228, 78,
       153, 172, 24, 5, 240, 29, 156, 73, 16, 242, 51, 188, 88, 86, 32,
       248, 13, 38, 84, 34, 25, 169, 33, 112, 96, 60, 194, 49, 108, 59,
       201, 64, 226, 212, 3, 96, 225, 34, 129, 116, 76, 136, 164, 9, 82,
       12, 49, 105, 113, 36, 84, 186, 82, 114, 129, 116, 208, 84, 24, 14,
       192, 6, 192, 77, 153, 172, 24, 5, 240, 29, 157, 73, 16, 242, 51,
       188, 88, 86, 32, 248, 63, 246, 125, 172, 63, 189, 185, 120, 245,
       94, 214, 117, 125, 60, 252, 213, 242, 244, 71, 120, 241, 114, 144,
       116, 60, 168, 228, 153, 126, 221, 125, 233, 244, 108, 158, 190,
       214, 114, 145, 253, 222, 223, 95, 14, 208, 167, 192, 77, 155, 189,
       158, 13, 234, 29, 159, 93, 56, 242, 59, 156, 219, 158, 46, 185,
       31, 244, 92, 38, 55, 249, 188, 121, 122, 155, 254, 243, 252, 34,
       228, 114, 239, 214, 39, 99, 197, 34, 193, 118, 205, 159, 241, 107,
       82, 14, 179, 106, 215, 36, 85, 190, 82, 120, 233, 116, 112, 92,
       56, 47, 212, 21, 247, 111, 153, 172, 24, 5, 240, 29, 156, 73, 16,
       242, 51, 189, 88, 87, 32, 250, 31, 51, 69, 54, 62, 113, 140, 136,
       242, 186, 186, 119, 124, 119, 35, 115, 237, 214, 3, 243, 197, 32,
       65, 118, 205, 159, 245, 235, 82, 14, 179, 122, 215, 44, 85, 190,
       90, 120, 233, 116, 112, 92, 56, 47, 212, 84, 245, 111, 153, 172,
       24, 5, 240, 29, 156, 73, 16, 242, 51, 189, 88, 87, 32, 250, 62,
       113, 253, 222, 54, 63, 93, 127, 247, 196, 253, 176, 127, 250, 180,
       222, 251, 212, 99, 103, 23, 170, 225, 55, 221, 171, 164, 25, 83,
       156, 124, 169, 210, 36, 20, 190, 210, 120, 193, 244, 82, 223, 57,
       47, 208, 20, 229, 110, 153, 172, 26, 5, 240, 29, 157, 73, 16, 242,
       51, 189, 88, 86, 34, 251, 52, 49, 113, 148, 16, 36, 33, 126, 198,
       68, 211, 52, 97, 11, 145, 82, 226, 212, 3, 96, 65, 32, 192, 55,
       76, 136, 164, 9, 82, 12, 48, 105, 214, 36, 85, 186, 82, 120, 129,
       84, 208, 84, 24, 14, 192, 20, 193, 78, 153, 172, 24, 5, 240, 29,
       156, 73, 16, 242, 51, 189, 88, 86, 32, 250, 69, 4, 129, 16, 88, 2,
       10, 78, 2, 34, 3, 16, 64, 193, 131, 2, 74, 69, 0, 98, 138, 169,
       200, 11, 14, 130, 162, 15, 16, 9, 33, 79, 83, 135, 20, 59, 0, 244,
       39, 86, 0, 96, 72, 74, 3, 8, 193, 203, 17, 100, 16, 4, 37, 24,
       148, 11, 144, 42, 161, 185, 204, 4, 33, 244, 2, 1, 0, 82, 201,
       128, 70, 9, 2, 0, 2, 66, 160, 70, 128, 1, 66, 85, 1, 6, 198, 41,
       138, 66, 6, 130, 2, 13, 146, 8, 1, 8, 23, 38, 84, 154, 0, 96, 71,
       134, 1, 96, 136, 74, 64, 28, 193, 7, 16, 36, 24, 68, 48, 24, 140,
       11, 17, 32, 34, 191, 8, 103, 161, 120, 63, 177, 125, 182, 63, 181,
       223, 120, 246, 214, 253, 242, 253, 127, 180, 85, 243, 215, 3, 99,
       229, 98, 195, 118, 204, 255, 245, 59, 122, 24, 117, 235, 215, 36,
       85, 190, 82, 120, 233, 117, 112, 92, 56, 47, 212, 20, 245, 111,
       153, 172, 24, 5, 240, 29, 156, 73, 16, 242, 51, 189, 88, 87, 32,
       250, 67, 10, 143, 217, 239, 147, 31, 92, 172, 167, 147, 10, 153,
       249, 43, 3, 192, 213, 57, 102, 142, 231, 202, 57, 15, 202, 168,
       46, 80, 1, 49, 111, 215, 165, 85, 59, 82, 249, 229, 82, 48, 88,
       104, 47, 213, 156, 201, 51, 157, 204, 24, 37, 245, 253, 156, 235,
       80, 254, 179, 189, 216, 86, 48, 254 ]
