%YAML:1.0
descriptors: !!opencv-matrix
   rows: 21
   cols: 64
   dt: u
   data: [ 252, 252, 255, 237, 255, 255, 247, 255, 189, 253, 254, 255,
       223, 254, 254, 236, 251, 253, 255, 111, 253, 223, 190, 253, 127,
       255, 29, 247, 253, 223, 127, 255, 237, 251, 191, 255, 247, 247,
       253, 191, 251, 191, 247, 55, 253, 191, 254, 241, 239, 253, 255,
       189, 223, 255, 143, 255, 246, 220, 239, 238, 255, 159, 63, 253,
       62, 49, 125, 164, 54, 53, 57, 126, 244, 94, 213, 53, 125, 58, 177,
       87, 242, 212, 67, 96, 241, 112, 193, 119, 76, 168, 164, 153, 122,
       92, 117, 233, 214, 36, 21, 186, 82, 120, 129, 116, 80, 93, 24, 14,
       208, 20, 225, 78, 153, 172, 24, 5, 240, 29, 156, 73, 16, 242, 51,
       189, 88, 23, 32, 250, 68, 32, 65, 128, 152, 0, 35, 76, 128, 98, 1,
       48, 65, 130, 145, 66, 226, 84, 1, 96, 9, 128, 128, 32, 12, 136,
       168, 9, 210, 8, 49, 9, 112, 36, 84, 186, 0, 112, 1, 214, 16, 64,
       24, 14, 64, 20, 192, 4, 153, 44, 16, 4, 96, 28, 132, 73, 16, 240,
       33, 188, 88, 70, 32, 240, 66, 0, 136, 146, 3, 130, 10, 5, 6, 34,
       19, 4, 144, 128, 19, 2, 64, 17, 0, 212, 138, 163, 195, 3, 12, 128,
       172, 13, 2, 136, 17, 64, 71, 44, 69, 186, 74, 104, 1, 82, 144, 64,
       20, 8, 145, 28, 129, 79, 145, 172, 24, 5, 48, 25, 156, 75, 16,
       114, 51, 184, 88, 86, 32, 227, 65, 7, 197, 0, 201, 150, 3, 90,
       164, 20, 2, 5, 137, 121, 17, 5, 66, 101, 65, 100, 208, 39, 18,
       115, 66, 168, 140, 4, 48, 8, 1, 65, 223, 36, 83, 186, 80, 56, 5,
       76, 116, 84, 24, 135, 69, 96, 229, 79, 24, 44, 24, 0, 241, 29,
       156, 9, 16, 226, 51, 188, 72, 86, 32, 248, 66, 33, 128, 18, 64,
       130, 6, 7, 66, 34, 3, 4, 48, 198, 3, 18, 74, 1, 0, 198, 203, 165,
       67, 7, 22, 128, 164, 13, 2, 136, 0, 0, 71, 44, 71, 186, 8, 40, 3,
       76, 0, 64, 16, 136, 213, 80, 129, 78, 17, 172, 24, 1, 48, 25, 28,
       65, 16, 114, 19, 177, 8, 86, 32, 106, 7, 39, 128, 18, 65, 130, 6,
       74, 0, 0, 128, 34, 160, 75, 128, 1, 98, 33, 3, 68, 193, 39, 17,
       71, 70, 136, 128, 13, 2, 12, 0, 64, 70, 38, 68, 186, 0, 40, 1, 76,
       0, 64, 24, 139, 64, 80, 165, 79, 16, 36, 24, 0, 96, 24, 28, 1, 16,
       50, 19, 181, 8, 87, 32, 104, 131, 1, 0, 0, 5, 0, 4, 10, 2, 130,
       35, 66, 2, 0, 0, 3, 0, 68, 36, 5, 0, 4, 192, 65, 0, 144, 25, 0,
       16, 8, 0, 1, 80, 16, 152, 136, 0, 12, 2, 128, 32, 32, 56, 41, 130,
       0, 20, 204, 16, 136, 48, 4, 1, 8, 36, 2, 16, 0, 48, 56, 4, 21, 0,
       170, 71, 4, 1, 2, 72, 130, 3, 77, 130, 98, 1, 0, 144, 2, 129, 2,
       66, 1, 1, 64, 200, 1, 66, 1, 28, 128, 136, 13, 2, 136, 1, 73, 69,
       36, 4, 186, 0, 40, 1, 78, 0, 64, 16, 138, 64, 16, 128, 77, 17, 44,
       24, 0, 48, 24, 28, 1, 16, 98, 51, 156, 72, 86, 32, 248, 66, 0, 1,
       2, 200, 130, 2, 69, 130, 34, 3, 4, 144, 6, 187, 66, 74, 85, 0, 64,
       200, 33, 194, 0, 12, 128, 172, 13, 2, 8, 17, 74, 85, 36, 69, 186,
       66, 120, 129, 86, 32, 80, 16, 10, 213, 20, 129, 79, 153, 172, 24,
       5, 48, 25, 156, 73, 16, 114, 51, 188, 88, 86, 32, 250, 5, 7, 228,
       0, 217, 162, 35, 88, 52, 80, 132, 99, 128, 121, 130, 5, 98, 125,
       1, 100, 240, 39, 218, 115, 6, 168, 8, 4, 208, 12, 33, 65, 223, 38,
       20, 186, 82, 56, 5, 244, 208, 64, 24, 143, 64, 65, 193, 79, 25,
       36, 24, 4, 240, 28, 158, 9, 16, 242, 51, 156, 72, 87, 32, 249, 18,
       1, 1, 130, 2, 13, 1, 111, 134, 68, 19, 20, 17, 0, 25, 70, 90, 16,
       64, 64, 128, 48, 192, 3, 28, 128, 132, 8, 2, 136, 17, 72, 64, 36,
       65, 186, 0, 106, 1, 76, 160, 81, 20, 10, 0, 4, 160, 78, 19, 44,
       145, 0, 50, 25, 148, 17, 0, 98, 51, 184, 72, 6, 32, 250, 190, 252,
       255, 255, 255, 127, 253, 251, 255, 125, 253, 251, 255, 122, 246,
       253, 243, 245, 127, 115, 245, 254, 177, 126, 254, 255, 247, 59,
       255, 91, 127, 255, 215, 109, 30, 254, 214, 117, 249, 245, 91, 223,
       127, 63, 217, 23, 253, 77, 141, 189, 26, 13, 248, 31, 159, 73, 16,
       246, 123, 191, 223, 95, 42, 185, 3, 34, 65, 0, 20, 0, 5, 126, 192,
       4, 145, 48, 97, 1, 128, 1, 74, 68, 3, 96, 64, 32, 64, 194, 12,
       144, 128, 9, 2, 12, 1, 73, 84, 36, 84, 154, 8, 56, 1, 68, 36, 64,
       24, 139, 68, 16, 244, 76, 16, 164, 24, 0, 32, 24, 28, 9, 8, 34,
       19, 152, 72, 71, 32, 122, 5, 38, 101, 0, 216, 150, 34, 83, 32, 90,
       130, 38, 192, 113, 129, 5, 194, 101, 67, 96, 209, 36, 24, 243, 86,
       40, 12, 4, 128, 12, 33, 64, 223, 36, 87, 186, 80, 56, 9, 116, 116,
       84, 24, 143, 84, 112, 224, 79, 24, 44, 24, 0, 240, 29, 156, 73,
       16, 226, 19, 180, 72, 87, 32, 120, 101, 37, 109, 128, 83, 147, 19,
       126, 182, 68, 149, 112, 125, 59, 160, 70, 226, 181, 7, 117, 193,
       99, 224, 115, 4, 162, 168, 13, 114, 8, 17, 105, 220, 36, 20, 186,
       82, 120, 1, 220, 80, 66, 24, 14, 209, 20, 193, 78, 25, 172, 24, 5,
       112, 24, 156, 73, 24, 242, 51, 156, 88, 23, 32, 251, 68, 34, 33,
       0, 216, 130, 6, 97, 192, 34, 130, 50, 192, 68, 129, 64, 66, 1, 3,
       68, 193, 33, 1, 198, 12, 136, 140, 13, 130, 140, 33, 72, 71, 36,
       69, 186, 0, 56, 1, 84, 32, 64, 16, 139, 68, 20, 132, 79, 24, 44,
       24, 0, 114, 24, 28, 65, 0, 98, 19, 176, 8, 86, 32, 104, 118, 33,
       137, 154, 82, 130, 26, 15, 194, 226, 17, 48, 49, 2, 179, 82, 106,
       151, 0, 68, 129, 33, 195, 7, 156, 128, 168, 13, 2, 168, 17, 104,
       69, 36, 21, 187, 74, 120, 1, 84, 32, 72, 20, 8, 145, 28, 129, 78,
       153, 172, 24, 5, 48, 24, 156, 67, 16, 114, 51, 189, 88, 87, 32,
       243, 31, 160, 221, 62, 59, 91, 60, 110, 114, 186, 253, 245, 124,
       118, 174, 114, 235, 154, 33, 243, 197, 36, 193, 115, 205, 139,
       224, 203, 66, 12, 179, 106, 215, 36, 85, 186, 91, 120, 233, 116,
       112, 92, 56, 47, 212, 21, 247, 111, 153, 172, 24, 5, 240, 29, 156,
       73, 16, 242, 51, 189, 88, 87, 32, 250, 63, 179, 237, 246, 63, 119,
       221, 62, 119, 254, 223, 245, 125, 126, 51, 119, 253, 254, 97, 243,
       229, 117, 193, 115, 205, 235, 240, 219, 122, 92, 247, 235, 215,
       36, 85, 186, 91, 120, 233, 116, 112, 93, 56, 47, 212, 21, 247,
       111, 153, 172, 24, 5, 240, 29, 156, 73, 16, 242, 51, 189, 88, 87,
       32, 250, 255, 253, 125, 142, 247, 31, 31, 123, 230, 71, 189, 250,
       255, 122, 244, 93, 242, 247, 118, 117, 87, 246, 145, 118, 254,
       255, 253, 57, 243, 26, 118, 41, 210, 44, 86, 222, 194, 120, 201,
       244, 114, 219, 60, 47, 209, 28, 244, 76, 157, 172, 16, 5, 120, 29,
       159, 73, 16, 242, 49, 189, 88, 87, 34, 251 ]
