%YAML:1.0
descriptors: !!opencv-matrix
   rows: 13
   cols: 64
   dt: u
   data: [ 39, 38, 65, 34, 221, 128, 3, 72, 230, 97, 130, 115, 161, 75,
       128, 85, 226, 245, 5, 96, 193, 34, 139, 108, 70, 136, 32, 11, 146,
       8, 33, 77, 87, 38, 92, 154, 66, 112, 37, 214, 65, 64, 24, 139, 64,
       0, 200, 7, 8, 36, 24, 4, 96, 24, 140, 73, 16, 112, 35, 156, 72,
       23, 32, 248, 194, 9, 130, 210, 65, 2, 68, 134, 2, 0, 1, 2, 2, 198,
       2, 26, 75, 19, 48, 7, 6, 173, 225, 3, 2, 211, 146, 13, 146, 40, 2,
       1, 18, 39, 48, 211, 0, 68, 71, 68, 0, 96, 144, 73, 9, 28, 101,
       206, 81, 36, 80, 212, 1, 74, 164, 138, 81, 104, 32, 59, 12, 116,
       145, 234, 18, 16, 17, 132, 160, 0, 26, 68, 2, 70, 3, 4, 84, 0, 19,
       18, 116, 194, 0, 100, 8, 160, 130, 0, 140, 136, 168, 72, 192, 36,
       177, 41, 80, 52, 84, 154, 66, 96, 128, 84, 16, 72, 25, 14, 240,
       28, 192, 12, 153, 172, 16, 7, 96, 29, 148, 73, 16, 242, 49, 188,
       88, 86, 32, 240, 252, 254, 255, 253, 254, 255, 251, 253, 253, 255,
       219, 190, 255, 254, 251, 238, 187, 221, 123, 107, 191, 223, 254,
       189, 223, 255, 190, 191, 221, 223, 127, 255, 107, 207, 255, 255,
       214, 255, 253, 127, 190, 125, 251, 190, 255, 175, 73, 179, 159,
       173, 126, 255, 219, 255, 149, 124, 208, 252, 249, 255, 255, 222,
       123, 182, 191, 85, 124, 150, 55, 29, 95, 72, 167, 71, 189, 250,
       189, 106, 244, 87, 246, 247, 6, 117, 15, 242, 145, 118, 76, 150,
       227, 121, 82, 60, 244, 41, 210, 44, 22, 158, 66, 120, 129, 221,
       50, 219, 60, 47, 208, 20, 245, 14, 153, 172, 16, 5, 104, 29, 157,
       73, 24, 242, 49, 189, 88, 86, 32, 185, 198, 11, 195, 17, 216, 130,
       6, 195, 168, 35, 3, 30, 194, 229, 131, 11, 202, 69, 59, 102, 206,
       175, 202, 107, 78, 222, 158, 47, 146, 12, 35, 78, 83, 39, 85, 187,
       80, 60, 103, 86, 96, 112, 24, 175, 205, 24, 237, 179, 153, 172,
       24, 1, 241, 29, 156, 75, 16, 248, 49, 189, 72, 87, 48, 250, 44,
       39, 237, 186, 18, 61, 33, 119, 117, 254, 86, 149, 93, 63, 185, 70,
       234, 220, 65, 99, 245, 96, 193, 243, 93, 168, 164, 137, 90, 140,
       49, 233, 215, 36, 85, 186, 83, 120, 225, 116, 112, 92, 56, 47,
       212, 20, 231, 111, 153, 172, 24, 5, 240, 29, 156, 73, 16, 242, 51,
       189, 88, 87, 32, 250, 252, 127, 255, 253, 114, 127, 251, 247, 253,
       253, 255, 191, 223, 252, 251, 238, 187, 221, 251, 111, 63, 253,
       246, 191, 223, 127, 183, 255, 105, 215, 126, 191, 235, 19, 103,
       255, 214, 255, 255, 125, 250, 125, 255, 118, 255, 191, 111, 190,
       255, 173, 239, 255, 219, 255, 149, 92, 245, 254, 121, 255, 255,
       254, 155, 254, 61, 187, 255, 252, 62, 255, 253, 126, 253, 252,
       254, 247, 255, 255, 191, 239, 251, 253, 227, 107, 245, 127, 210,
       247, 237, 255, 247, 191, 126, 223, 119, 235, 223, 44, 87, 190, 95,
       120, 249, 125, 120, 93, 58, 47, 213, 53, 247, 111, 185, 172, 24,
       5, 240, 29, 156, 77, 20, 242, 55, 189, 90, 87, 32, 250, 45, 39,
       229, 186, 55, 255, 35, 127, 228, 94, 194, 54, 253, 59, 187, 71,
       234, 213, 99, 96, 245, 39, 211, 119, 93, 248, 180, 173, 82, 28,
       51, 233, 215, 36, 85, 186, 82, 120, 233, 116, 120, 92, 56, 175,
       213, 21, 245, 111, 153, 172, 24, 5, 240, 29, 156, 73, 16, 242, 51,
       189, 88, 87, 32, 250, 125, 44, 239, 177, 17, 103, 161, 255, 220,
       252, 214, 53, 97, 143, 155, 230, 234, 212, 67, 98, 253, 131, 198,
       55, 77, 168, 188, 13, 82, 12, 51, 235, 213, 36, 85, 186, 82, 122,
       201, 116, 248, 92, 56, 46, 213, 20, 225, 108, 153, 172, 24, 5,
       240, 29, 156, 73, 16, 242, 51, 189, 88, 87, 32, 250, 63, 247, 125,
       254, 62, 189, 191, 121, 255, 222, 253, 251, 253, 127, 252, 84,
       242, 244, 67, 115, 245, 114, 209, 246, 221, 190, 229, 187, 126,
       94, 245, 235, 223, 44, 85, 190, 218, 120, 233, 125, 120, 94, 57,
       175, 212, 53, 247, 111, 153, 172, 24, 5, 240, 29, 156, 73, 16,
       242, 51, 189, 90, 87, 40, 250, 63, 182, 125, 166, 63, 189, 189,
       126, 246, 254, 215, 245, 125, 63, 185, 87, 254, 254, 67, 115, 245,
       98, 209, 119, 205, 186, 228, 219, 90, 28, 241, 235, 215, 44, 87,
       190, 91, 120, 233, 124, 120, 92, 56, 47, 212, 53, 247, 111, 153,
       172, 24, 5, 240, 29, 156, 73, 16, 242, 51, 189, 88, 87, 32, 250 ]
