%YAML:1.0
descriptors: !!opencv-matrix
   rows: 8
   cols: 64
   dt: u
   data: [ 35, 18, 64, 130, 221, 128, 131, 8, 66, 73, 18, 115, 160, 75,
       128, 81, 98, 214, 5, 16, 193, 32, 137, 102, 70, 146, 97, 11, 146,
       8, 1, 109, 22, 38, 92, 154, 114, 112, 11, 212, 193, 64, 8, 11, 64,
       0, 208, 71, 128, 36, 24, 4, 240, 16, 140, 73, 16, 112, 50, 189,
       88, 23, 32, 248, 50, 17, 24, 6, 6, 2, 26, 37, 66, 2, 17, 4, 52, 2,
       1, 18, 116, 130, 64, 212, 65, 160, 1, 134, 152, 0, 228, 72, 2,
       188, 192, 32, 104, 44, 0, 190, 75, 0, 0, 72, 16, 72, 21, 136, 192,
       52, 130, 76, 147, 174, 9, 3, 48, 24, 80, 81, 0, 115, 19, 144, 56,
       18, 96, 233, 255, 85, 124, 182, 55, 13, 95, 72, 166, 71, 185, 178,
       189, 106, 180, 87, 246, 246, 6, 117, 11, 242, 145, 38, 76, 150,
       227, 89, 210, 60, 244, 41, 210, 44, 22, 190, 66, 120, 129, 213,
       18, 202, 60, 9, 208, 28, 197, 14, 153, 172, 16, 5, 104, 29, 149,
       73, 24, 242, 49, 189, 88, 86, 32, 185, 60, 187, 255, 253, 54, 255,
       249, 255, 253, 252, 222, 253, 95, 254, 251, 238, 155, 252, 251,
       107, 247, 127, 126, 255, 253, 107, 150, 183, 109, 215, 127, 239,
       255, 90, 239, 254, 255, 255, 249, 61, 253, 61, 243, 118, 255, 231,
       119, 235, 191, 254, 239, 223, 242, 189, 159, 92, 119, 223, 255,
       239, 251, 255, 239, 254, 41, 39, 253, 170, 18, 61, 161, 119, 245,
       222, 70, 149, 125, 63, 185, 70, 234, 212, 67, 99, 245, 36, 193,
       247, 93, 168, 164, 137, 90, 204, 49, 233, 215, 36, 85, 186, 82,
       120, 233, 124, 112, 92, 56, 47, 212, 20, 245, 111, 153, 172, 24,
       5, 240, 29, 156, 73, 16, 242, 51, 189, 88, 87, 32, 250, 45, 174,
       239, 169, 63, 125, 163, 253, 253, 252, 254, 181, 125, 63, 251,
       228, 235, 252, 203, 106, 245, 67, 222, 52, 93, 237, 188, 163, 255,
       222, 123, 251, 245, 36, 85, 186, 86, 114, 233, 124, 248, 92, 58,
       62, 85, 167, 244, 109, 153, 172, 28, 5, 240, 29, 157, 73, 16, 242,
       51, 188, 90, 87, 32, 250, 53, 54, 113, 162, 29, 164, 41, 120, 196,
       110, 193, 48, 97, 11, 145, 71, 226, 212, 3, 96, 201, 130, 129, 52,
       76, 136, 160, 9, 82, 12, 49, 105, 112, 36, 84, 186, 82, 112, 1,
       84, 208, 64, 24, 142, 208, 16, 192, 76, 153, 172, 24, 5, 240, 29,
       156, 73, 16, 242, 51, 188, 88, 86, 32, 249, 63, 183, 125, 190, 63,
       189, 185, 121, 246, 94, 215, 245, 253, 127, 188, 84, 250, 254, 67,
       115, 245, 34, 209, 246, 221, 190, 229, 251, 82, 30, 245, 233, 207,
       44, 85, 190, 219, 120, 233, 124, 120, 92, 56, 175, 212, 53, 247,
       111, 153, 172, 24, 5, 240, 29, 156, 73, 16, 242, 51, 189, 88, 87,
       32, 250 ]
