%YAML:1.0
descriptors: !!opencv-matrix
   rows: 9
   cols: 64
   dt: u
   data: [ 60, 178, 125, 164, 62, 189, 191, 120, 244, 254, 214, 241, 253,
       63, 185, 85, 242, 253, 67, 97, 245, 103, 195, 255, 205, 248, 228,
       191, 122, 29, 113, 235, 223, 44, 87, 190, 91, 120, 233, 116, 120,
       92, 56, 47, 213, 53, 247, 111, 153, 172, 24, 5, 240, 29, 156, 73,
       16, 242, 51, 189, 88, 87, 32, 250, 63, 245, 125, 254, 63, 189,
       253, 120, 247, 223, 245, 249, 255, 123, 180, 93, 246, 255, 103,
       123, 245, 126, 211, 119, 253, 190, 231, 255, 126, 127, 245, 235,
       215, 108, 215, 190, 223, 120, 249, 125, 120, 223, 251, 47, 212,
       53, 247, 111, 185, 174, 24, 13, 240, 29, 158, 93, 56, 242, 115,
       191, 123, 223, 44, 250, 204, 35, 211, 180, 88, 34, 41, 206, 196,
       238, 195, 51, 67, 194, 146, 66, 234, 213, 33, 99, 207, 173, 226,
       59, 78, 154, 178, 15, 82, 8, 48, 111, 83, 39, 116, 187, 82, 124,
       97, 86, 208, 64, 56, 14, 203, 12, 193, 79, 153, 172, 24, 5, 240,
       28, 156, 73, 16, 242, 51, 189, 88, 22, 32, 250, 252, 51, 119, 245,
       217, 161, 235, 248, 206, 107, 194, 119, 245, 66, 147, 80, 242,
       213, 3, 98, 207, 45, 138, 126, 142, 218, 114, 175, 210, 14, 115,
       255, 119, 39, 93, 187, 80, 120, 109, 86, 81, 64, 24, 14, 193, 13,
       217, 23, 153, 44, 24, 5, 240, 30, 156, 73, 16, 240, 51, 189, 92,
       23, 33, 248, 124, 32, 241, 176, 16, 167, 35, 124, 192, 230, 211,
       52, 209, 134, 147, 66, 234, 213, 3, 100, 201, 5, 194, 113, 76,
       200, 188, 13, 82, 12, 49, 41, 87, 36, 85, 186, 82, 120, 1, 84,
       112, 80, 56, 46, 213, 20, 229, 111, 153, 172, 24, 5, 240, 29, 156,
       73, 16, 242, 51, 189, 88, 87, 32, 250, 61, 21, 124, 190, 23, 39,
       57, 118, 54, 68, 213, 52, 61, 47, 177, 87, 242, 212, 1, 96, 241,
       32, 193, 51, 76, 168, 160, 9, 82, 12, 120, 105, 212, 36, 21, 186,
       82, 122, 129, 116, 208, 94, 24, 14, 208, 20, 193, 78, 153, 172,
       24, 5, 240, 29, 156, 73, 24, 242, 51, 188, 88, 86, 34, 251, 60,
       55, 117, 180, 22, 39, 45, 127, 196, 204, 210, 53, 125, 46, 185,
       70, 242, 212, 67, 96, 241, 34, 208, 183, 156, 168, 164, 137, 82,
       220, 116, 233, 66, 36, 87, 190, 214, 120, 129, 92, 56, 85, 53,
       174, 68, 37, 229, 110, 153, 172, 153, 13, 242, 29, 156, 65, 0,
       242, 51, 185, 90, 6, 40, 242, 63, 50, 117, 162, 63, 181, 5, 88,
       230, 94, 210, 48, 109, 59, 176, 85, 242, 244, 3, 96, 225, 98, 129,
       116, 76, 168, 164, 9, 90, 28, 113, 233, 84, 36, 84, 190, 82, 120,
       129, 116, 116, 84, 24, 15, 208, 4, 192, 77, 153, 172, 24, 5, 240,
       29, 158, 73, 16, 242, 51, 156, 88, 87, 32, 248, 63, 50, 125, 162,
       63, 189, 41, 120, 230, 94, 210, 48, 125, 59, 185, 85, 242, 244, 3,
       96, 225, 114, 129, 116, 76, 168, 228, 25, 122, 92, 121, 233, 84,
       36, 84, 190, 82, 114, 129, 116, 212, 84, 24, 14, 208, 132, 192,
       77, 153, 172, 24, 5, 242, 29, 159, 73, 16, 242, 51, 156, 88, 87,
       32, 248 ]
