%YAML:1.0
descriptors: !!opencv-matrix
   rows: 8
   cols: 64
   dt: u
   data: [ 62, 176, 253, 254, 62, 181, 253, 122, 247, 254, 213, 241, 253,
       122, 181, 95, 182, 254, 98, 251, 245, 118, 195, 255, 205, 186,
       230, 251, 90, 253, 245, 235, 215, 60, 87, 190, 223, 120, 232, 117,
       120, 93, 123, 47, 244, 53, 247, 111, 153, 174, 24, 7, 240, 29,
       156, 73, 16, 243, 51, 189, 122, 87, 32, 250, 63, 182, 124, 254,
       63, 189, 187, 121, 247, 254, 213, 249, 253, 123, 188, 85, 254,
       255, 67, 243, 245, 98, 211, 127, 221, 186, 229, 255, 126, 125,
       245, 235, 223, 60, 87, 190, 219, 120, 233, 125, 120, 92, 59, 175,
       245, 117, 247, 111, 153, 174, 24, 7, 240, 29, 156, 73, 16, 243,
       51, 189, 122, 87, 40, 250, 62, 181, 253, 254, 63, 191, 249, 127,
       247, 252, 214, 245, 125, 122, 189, 86, 250, 222, 99, 115, 245, 38,
       209, 119, 221, 186, 228, 223, 90, 220, 245, 235, 207, 44, 87, 190,
       223, 120, 233, 125, 120, 92, 59, 47, 213, 53, 247, 111, 185, 172,
       24, 5, 240, 29, 156, 73, 16, 242, 51, 189, 90, 87, 32, 250, 60,
       185, 253, 254, 54, 127, 249, 126, 215, 220, 213, 245, 127, 126,
       188, 94, 255, 215, 99, 99, 245, 63, 193, 247, 205, 234, 230, 223,
       90, 220, 245, 235, 223, 44, 85, 190, 86, 120, 249, 117, 120, 93,
       185, 47, 213, 53, 245, 111, 153, 172, 24, 5, 240, 29, 156, 73, 16,
       242, 51, 189, 88, 87, 32, 250, 214, 33, 211, 150, 88, 6, 9, 78,
       134, 231, 1, 50, 3, 202, 146, 90, 226, 213, 37, 99, 139, 173, 232,
       59, 78, 138, 178, 15, 82, 8, 48, 111, 83, 39, 20, 155, 66, 124,
       101, 214, 144, 64, 56, 14, 203, 28, 193, 143, 153, 172, 16, 5,
       112, 28, 148, 73, 16, 242, 49, 157, 88, 86, 32, 251, 199, 38, 65,
       179, 216, 128, 131, 200, 194, 109, 2, 115, 225, 75, 131, 81, 226,
       213, 1, 98, 203, 41, 138, 122, 78, 138, 34, 15, 210, 8, 49, 111,
       119, 39, 92, 187, 82, 112, 37, 214, 209, 64, 24, 14, 65, 28, 201,
       151, 153, 44, 24, 4, 112, 28, 140, 73, 16, 240, 35, 189, 88, 87,
       32, 248, 59, 255, 254, 223, 55, 223, 223, 26, 255, 215, 189, 250,
       191, 127, 126, 223, 255, 247, 122, 187, 183, 127, 211, 119, 245,
       247, 243, 127, 127, 251, 215, 107, 215, 108, 247, 190, 218, 121,
       250, 125, 116, 221, 249, 109, 183, 84, 245, 111, 155, 174, 152,
       79, 240, 29, 254, 93, 57, 247, 114, 255, 251, 255, 172, 250, 236,
       168, 239, 253, 122, 255, 243, 255, 253, 253, 254, 255, 219, 246,
       251, 234, 139, 221, 251, 107, 253, 253, 238, 255, 127, 111, 158,
       183, 109, 199, 63, 254, 255, 163, 103, 251, 119, 255, 253, 126,
       120, 125, 255, 54, 253, 183, 247, 235, 191, 236, 191, 213, 241,
       29, 156, 92, 86, 254, 191, 253, 219, 95, 33, 254 ]
