%YAML:1.0
descriptors: !!opencv-matrix
   rows: 4
   cols: 64
   dt: u
   data: [ 60, 50, 117, 160, 190, 189, 35, 121, 244, 124, 214, 53, 253,
       62, 249, 100, 242, 220, 67, 96, 241, 50, 129, 116, 76, 168, 172,
       137, 218, 222, 121, 251, 112, 36, 87, 186, 82, 114, 129, 244, 216,
       85, 24, 14, 64, 135, 194, 77, 153, 45, 24, 5, 242, 29, 157, 73,
       16, 242, 51, 188, 88, 22, 34, 248, 63, 53, 252, 190, 55, 39, 93,
       126, 54, 70, 245, 176, 63, 234, 180, 94, 246, 214, 1, 101, 97,
       162, 229, 51, 204, 138, 224, 89, 83, 28, 252, 233, 240, 36, 20,
       190, 66, 112, 129, 244, 210, 202, 28, 14, 208, 20, 193, 78, 153,
       172, 26, 5, 112, 28, 149, 73, 16, 242, 51, 188, 88, 86, 34, 249,
       69, 3, 1, 82, 217, 130, 2, 72, 0, 0, 0, 2, 128, 67, 128, 1, 66,
       69, 1, 70, 202, 41, 138, 98, 78, 146, 2, 5, 146, 8, 1, 13, 22, 39,
       20, 154, 0, 48, 71, 6, 1, 96, 8, 195, 65, 24, 73, 131, 0, 36, 16,
       0, 17, 24, 140, 11, 16, 96, 34, 159, 72, 71, 33, 248, 61, 182,
       125, 190, 63, 61, 191, 120, 253, 254, 246, 243, 253, 123, 255, 86,
       242, 213, 67, 99, 245, 102, 193, 118, 77, 190, 181, 59, 90, 94,
       115, 235, 215, 36, 85, 186, 86, 122, 233, 116, 248, 92, 58, 47,
       212, 23, 245, 111, 153, 172, 24, 5, 240, 29, 157, 73, 16, 242, 51,
       189, 88, 87, 32, 250 ]
