%YAML:1.0
descriptors: !!opencv-matrix
   rows: 11
   cols: 64
   dt: u
   data: [ 223, 51, 215, 55, 254, 115, 143, 250, 98, 189, 219, 119, 254,
       246, 163, 81, 239, 215, 33, 103, 201, 165, 195, 115, 206, 222,
       241, 111, 210, 14, 243, 107, 215, 36, 85, 190, 90, 120, 233, 116,
       112, 92, 56, 47, 213, 20, 245, 111, 153, 172, 24, 5, 240, 29, 156,
       73, 16, 242, 51, 189, 88, 87, 32, 250, 220, 48, 214, 55, 255, 227,
       186, 113, 32, 33, 83, 115, 158, 98, 162, 80, 235, 223, 33, 99,
       205, 37, 195, 115, 78, 223, 185, 239, 210, 14, 179, 106, 215, 36,
       85, 186, 83, 120, 233, 116, 112, 92, 56, 47, 213, 21, 247, 111,
       153, 172, 24, 5, 240, 29, 156, 73, 16, 242, 51, 189, 88, 87, 32,
       250, 95, 55, 214, 51, 222, 227, 170, 241, 96, 163, 83, 54, 220,
       227, 163, 83, 235, 223, 33, 227, 205, 165, 195, 115, 204, 223,
       177, 239, 82, 14, 179, 106, 215, 36, 85, 186, 91, 120, 233, 116,
       112, 92, 56, 47, 213, 21, 247, 111, 153, 172, 24, 5, 240, 29, 156,
       73, 16, 242, 51, 189, 88, 87, 32, 250, 236, 168, 255, 237, 250,
       255, 247, 245, 157, 253, 206, 253, 211, 116, 251, 236, 155, 217,
       251, 107, 253, 63, 254, 217, 127, 127, 29, 230, 109, 215, 63, 238,
       207, 147, 71, 32, 247, 251, 237, 62, 121, 61, 247, 39, 253, 117,
       191, 227, 191, 236, 171, 255, 247, 93, 152, 81, 118, 218, 247,
       173, 251, 95, 109, 222, 7, 33, 81, 146, 217, 130, 1, 74, 134, 64,
       1, 50, 161, 202, 128, 85, 226, 85, 5, 100, 131, 36, 128, 99, 14,
       136, 160, 13, 146, 8, 48, 9, 82, 36, 20, 154, 0, 120, 1, 214, 0,
       64, 24, 10, 64, 28, 192, 15, 25, 36, 16, 4, 96, 24, 140, 73, 16,
       114, 49, 156, 72, 22, 32, 248, 76, 35, 239, 177, 18, 183, 43, 125,
       196, 238, 195, 54, 209, 166, 179, 66, 202, 93, 67, 102, 121, 165,
       194, 179, 28, 168, 188, 141, 64, 140, 48, 137, 87, 36, 85, 186,
       82, 120, 1, 84, 56, 64, 16, 14, 213, 37, 193, 110, 25, 172, 24, 5,
       240, 29, 156, 73, 16, 242, 51, 189, 72, 86, 32, 242, 63, 176, 125,
       182, 63, 181, 191, 120, 246, 254, 214, 113, 253, 127, 176, 85,
       242, 215, 67, 115, 245, 98, 195, 247, 204, 186, 228, 223, 90, 93,
       245, 235, 223, 44, 85, 190, 90, 120, 233, 116, 120, 92, 56, 47,
       212, 53, 247, 111, 153, 172, 24, 5, 240, 29, 156, 73, 16, 242, 51,
       189, 88, 87, 32, 250, 63, 182, 125, 182, 62, 181, 191, 121, 246,
       254, 215, 241, 253, 123, 177, 87, 242, 214, 67, 99, 245, 34, 195,
       119, 205, 170, 228, 223, 90, 92, 245, 235, 215, 44, 85, 190, 90,
       120, 233, 116, 120, 92, 56, 47, 212, 21, 247, 111, 153, 172, 24,
       5, 240, 29, 156, 73, 16, 242, 51, 189, 88, 87, 32, 250, 39, 53,
       101, 130, 21, 44, 5, 94, 228, 68, 161, 48, 41, 11, 164, 71, 226,
       212, 1, 96, 65, 34, 128, 55, 76, 136, 160, 9, 82, 8, 48, 105, 240,
       36, 84, 186, 66, 112, 1, 212, 146, 66, 24, 15, 64, 22, 192, 78,
       153, 36, 24, 4, 96, 28, 149, 73, 16, 242, 35, 188, 88, 86, 32,
       249, 63, 51, 117, 246, 62, 181, 61, 124, 246, 190, 211, 53, 253,
       126, 177, 87, 246, 246, 67, 115, 245, 34, 195, 119, 204, 170, 228,
       223, 82, 92, 245, 235, 215, 44, 85, 190, 90, 120, 233, 116, 120,
       92, 56, 47, 212, 53, 245, 111, 153, 172, 24, 5, 240, 29, 156, 73,
       16, 242, 51, 189, 88, 87, 32, 250, 60, 49, 125, 182, 63, 181, 189,
       120, 246, 254, 213, 113, 253, 123, 176, 84, 246, 222, 67, 99, 245,
       34, 193, 246, 204, 186, 228, 219, 90, 220, 245, 235, 223, 36, 85,
       190, 83, 120, 233, 116, 120, 92, 56, 47, 212, 53, 247, 111, 153,
       172, 24, 5, 240, 29, 156, 73, 16, 242, 51, 189, 88, 87, 32, 250 ]
