%YAML:1.0
descriptors: !!opencv-matrix
   rows: 21
   cols: 64
   dt: u
   data: [ 63, 49, 253, 182, 63, 53, 253, 126, 246, 252, 215, 53, 125,
       126, 177, 86, 246, 222, 67, 115, 245, 50, 193, 247, 205, 170, 228,
       219, 122, 220, 245, 235, 223, 44, 85, 190, 91, 120, 233, 124, 120,
       93, 60, 47, 212, 53, 247, 111, 153, 172, 24, 5, 240, 29, 156, 73,
       16, 242, 51, 189, 88, 87, 32, 250, 60, 61, 255, 252, 54, 119, 249,
       255, 247, 252, 215, 181, 125, 126, 187, 246, 251, 220, 99, 99,
       245, 63, 198, 247, 221, 171, 244, 217, 122, 220, 119, 235, 215,
       36, 85, 190, 214, 122, 233, 124, 120, 93, 57, 46, 213, 53, 241,
       111, 153, 172, 24, 5, 240, 29, 156, 73, 16, 242, 51, 189, 90, 87,
       32, 250, 63, 54, 125, 164, 60, 188, 189, 120, 244, 254, 215, 49,
       237, 63, 153, 87, 242, 236, 67, 98, 245, 34, 193, 246, 205, 184,
       228, 219, 90, 20, 225, 235, 215, 44, 85, 190, 91, 56, 233, 117,
       120, 92, 56, 175, 212, 49, 247, 111, 153, 172, 24, 1, 240, 29,
       156, 73, 16, 242, 51, 189, 88, 87, 32, 250, 55, 176, 80, 130, 221,
       128, 3, 8, 166, 1, 16, 115, 173, 75, 132, 85, 226, 215, 5, 96,
       193, 38, 131, 101, 78, 154, 224, 47, 210, 8, 33, 105, 215, 36, 20,
       186, 66, 120, 33, 244, 80, 74, 24, 15, 208, 16, 240, 79, 153, 164,
       24, 4, 240, 24, 156, 73, 16, 242, 51, 157, 88, 87, 32, 249, 86,
       49, 145, 150, 48, 2, 88, 39, 66, 130, 81, 52, 116, 194, 147, 82,
       118, 194, 0, 198, 15, 168, 69, 135, 136, 10, 230, 201, 2, 172,
       244, 40, 114, 52, 20, 158, 10, 124, 195, 85, 16, 72, 145, 10, 226,
       28, 129, 14, 153, 174, 16, 71, 96, 24, 20, 73, 128, 115, 17, 185,
       120, 102, 32, 227, 28, 33, 241, 148, 16, 135, 59, 111, 196, 230,
       193, 52, 81, 6, 145, 66, 234, 212, 3, 98, 193, 33, 194, 19, 12,
       136, 164, 13, 66, 140, 49, 105, 199, 36, 85, 186, 18, 120, 193,
       84, 112, 88, 48, 46, 212, 20, 225, 110, 153, 172, 24, 5, 240, 29,
       156, 73, 16, 242, 51, 185, 88, 87, 32, 250, 13, 39, 100, 48, 21,
       163, 35, 120, 128, 26, 194, 53, 96, 9, 129, 67, 226, 237, 67, 68,
       241, 35, 192, 243, 68, 40, 160, 141, 80, 4, 33, 201, 95, 36, 85,
       186, 81, 56, 1, 84, 120, 68, 24, 143, 197, 33, 231, 79, 152, 172,
       24, 5, 240, 28, 156, 65, 16, 242, 51, 189, 72, 87, 32, 250, 60,
       55, 117, 180, 22, 37, 45, 127, 212, 220, 210, 53, 125, 46, 145,
       86, 242, 212, 67, 96, 241, 34, 208, 247, 156, 168, 228, 137, 90,
       220, 117, 233, 70, 44, 87, 190, 214, 120, 129, 124, 120, 68, 21,
       174, 196, 37, 229, 110, 153, 172, 24, 9, 242, 28, 156, 73, 0, 242,
       51, 185, 90, 22, 32, 250, 63, 21, 124, 190, 55, 37, 57, 126, 54,
       68, 213, 48, 61, 59, 148, 86, 242, 212, 1, 96, 225, 32, 193, 51,
       76, 168, 160, 25, 82, 28, 112, 105, 214, 36, 84, 186, 82, 120,
       129, 116, 208, 94, 24, 14, 208, 20, 193, 78, 153, 172, 24, 5, 240,
       29, 156, 73, 16, 242, 51, 188, 88, 86, 34, 251, 5, 7, 33, 0, 17,
       1, 1, 127, 132, 130, 131, 38, 97, 8, 163, 7, 74, 52, 67, 64, 16,
       162, 208, 134, 4, 184, 148, 8, 16, 12, 32, 8, 76, 44, 71, 186, 0,
       56, 1, 68, 36, 64, 16, 142, 64, 116, 128, 76, 24, 44, 24, 5, 114,
       28, 156, 65, 0, 114, 19, 181, 72, 87, 32, 122, 134, 37, 33, 16,
       17, 64, 12, 203, 130, 130, 131, 54, 112, 4, 163, 87, 235, 20, 3,
       69, 2, 166, 192, 70, 4, 148, 180, 9, 18, 14, 34, 8, 70, 36, 69,
       154, 2, 56, 73, 84, 32, 64, 52, 41, 196, 84, 165, 108, 153, 172,
       16, 5, 240, 25, 156, 65, 16, 114, 49, 189, 8, 87, 32, 250, 135,
       229, 206, 131, 23, 17, 129, 138, 96, 198, 21, 114, 186, 235, 163,
       73, 66, 116, 37, 246, 65, 196, 133, 98, 46, 144, 17, 9, 210, 8,
       50, 57, 246, 36, 20, 218, 82, 120, 1, 92, 80, 66, 24, 14, 208, 20,
       208, 204, 25, 44, 16, 5, 80, 25, 140, 73, 16, 240, 49, 157, 92,
       87, 34, 251, 66, 5, 129, 146, 1, 130, 8, 15, 130, 98, 3, 6, 145,
       130, 3, 18, 102, 7, 0, 68, 10, 133, 194, 3, 30, 128, 160, 13, 2,
       136, 0, 8, 66, 36, 85, 154, 2, 104, 3, 70, 0, 64, 16, 136, 128,
       28, 161, 14, 145, 172, 16, 5, 48, 24, 148, 67, 16, 114, 49, 61,
       72, 84, 32, 242, 140, 35, 231, 129, 218, 21, 129, 227, 164, 93,
       18, 87, 219, 127, 179, 68, 194, 85, 3, 102, 65, 4, 142, 112, 30,
       152, 28, 1, 254, 140, 50, 27, 118, 102, 85, 186, 82, 114, 13, 28,
       213, 116, 24, 30, 65, 4, 192, 193, 25, 44, 24, 4, 211, 31, 140, 9,
       16, 96, 35, 157, 72, 23, 32, 248, 5, 7, 0, 16, 0, 6, 37, 82, 128,
       4, 2, 0, 0, 73, 128, 1, 66, 100, 1, 68, 64, 34, 16, 67, 68, 128,
       132, 8, 16, 8, 0, 64, 70, 4, 84, 186, 0, 40, 1, 68, 0, 0, 24, 131,
       64, 64, 133, 78, 16, 36, 24, 0, 112, 24, 156, 1, 16, 34, 19, 148,
       72, 22, 32, 120, 131, 0, 9, 2, 133, 16, 4, 12, 0, 2, 32, 66, 0, 0,
       2, 1, 9, 68, 5, 0, 0, 128, 40, 64, 0, 149, 25, 32, 144, 0, 1, 8,
       20, 4, 152, 0, 0, 64, 4, 0, 32, 32, 40, 9, 20, 20, 116, 128, 16,
       24, 16, 4, 5, 0, 196, 42, 144, 0, 32, 28, 4, 85, 64, 122, 34, 0,
       9, 138, 3, 72, 1, 45, 199, 66, 23, 20, 57, 34, 93, 230, 203, 16,
       0, 144, 0, 146, 165, 4, 88, 129, 136, 9, 3, 152, 25, 72, 160, 44,
       65, 186, 74, 66, 1, 72, 162, 211, 20, 8, 20, 150, 0, 76, 19, 44,
       215, 4, 58, 25, 69, 24, 128, 98, 40, 56, 8, 6, 106, 241, 133, 6,
       228, 128, 217, 140, 35, 73, 36, 69, 130, 103, 138, 107, 162, 69,
       66, 117, 5, 96, 217, 7, 154, 113, 22, 184, 24, 7, 176, 12, 49, 5,
       215, 38, 86, 186, 0, 114, 5, 28, 213, 112, 24, 134, 65, 80, 104,
       193, 25, 36, 24, 4, 209, 28, 140, 9, 24, 224, 35, 189, 72, 87, 34,
       249, 2, 1, 0, 144, 3, 130, 0, 6, 4, 2, 17, 0, 16, 128, 1, 2, 0,
       16, 1, 212, 64, 34, 192, 3, 12, 128, 128, 13, 2, 140, 0, 8, 64,
       36, 5, 186, 2, 104, 1, 64, 160, 64, 20, 8, 80, 20, 128, 78, 17,
       44, 24, 4, 48, 24, 156, 1, 16, 98, 51, 184, 8, 86, 32, 225, 1, 38,
       0, 2, 217, 130, 2, 65, 96, 32, 0, 38, 160, 3, 128, 1, 66, 97, 1,
       64, 193, 1, 27, 68, 6, 136, 8, 13, 146, 12, 1, 64, 85, 36, 86,
       186, 0, 32, 5, 68, 196, 64, 24, 139, 64, 80, 160, 69, 16, 36, 24,
       0, 96, 24, 12, 9, 16, 50, 19, 180, 8, 86, 32, 105, 66, 0, 1, 2,
       72, 130, 10, 13, 66, 34, 19, 4, 176, 2, 0, 18, 108, 3, 0, 208,
       192, 33, 67, 68, 148, 144, 232, 13, 2, 136, 129, 64, 69, 44, 69,
       186, 10, 40, 129, 72, 32, 64, 20, 137, 193, 84, 164, 79, 145, 172,
       24, 1, 112, 25, 28, 65, 16, 114, 19, 176, 8, 23, 32, 106 ]
