%YAML:1.0
descriptors: !!opencv-matrix
   rows: 8
   cols: 64
   dt: u
   data: [ 63, 177, 253, 190, 63, 189, 221, 94, 247, 254, 244, 241, 125,
       122, 180, 87, 255, 246, 99, 243, 245, 38, 209, 119, 197, 191, 225,
       251, 90, 93, 245, 235, 223, 44, 87, 190, 90, 120, 233, 116, 120,
       92, 56, 47, 212, 117, 247, 111, 153, 172, 24, 5, 240, 29, 156, 73,
       16, 242, 51, 189, 88, 87, 32, 250, 31, 186, 77, 166, 63, 249, 149,
       60, 127, 188, 214, 245, 237, 127, 121, 209, 253, 254, 1, 243, 229,
       96, 195, 115, 205, 190, 224, 255, 126, 79, 241, 235, 215, 44, 85,
       186, 95, 122, 233, 116, 112, 92, 58, 47, 212, 21, 247, 111, 153,
       172, 24, 5, 240, 29, 156, 73, 16, 242, 51, 189, 88, 87, 32, 250,
       62, 179, 125, 254, 55, 189, 253, 120, 247, 254, 221, 240, 253,
       127, 188, 86, 247, 214, 99, 123, 245, 118, 195, 247, 205, 190,
       229, 255, 122, 158, 245, 235, 223, 44, 87, 190, 219, 120, 249,
       117, 120, 92, 57, 47, 212, 53, 247, 111, 153, 172, 24, 5, 240, 29,
       156, 73, 16, 242, 51, 189, 88, 87, 32, 250, 45, 175, 253, 170, 50,
       61, 161, 127, 245, 222, 198, 181, 125, 63, 185, 70, 234, 220, 99,
       107, 245, 116, 193, 247, 93, 168, 164, 137, 122, 204, 49, 233,
       215, 36, 85, 186, 83, 120, 233, 124, 124, 93, 56, 47, 212, 21,
       247, 111, 153, 172, 24, 5, 240, 29, 156, 73, 16, 242, 51, 189, 88,
       87, 32, 250, 55, 178, 125, 130, 55, 156, 149, 72, 230, 70, 151,
       112, 253, 63, 184, 85, 242, 246, 3, 113, 193, 98, 193, 118, 205,
       152, 228, 25, 114, 24, 241, 105, 215, 44, 87, 190, 82, 120, 169,
       116, 112, 92, 56, 47, 212, 20, 245, 111, 153, 172, 24, 5, 240, 29,
       156, 73, 16, 242, 51, 189, 88, 87, 32, 250, 191, 213, 124, 150,
       55, 157, 31, 8, 166, 71, 181, 250, 189, 106, 180, 87, 246, 247, 6,
       117, 3, 114, 145, 102, 92, 150, 225, 121, 82, 58, 244, 41, 210,
       44, 22, 158, 194, 120, 129, 221, 50, 202, 60, 47, 208, 28, 244,
       14, 153, 172, 16, 5, 104, 29, 156, 73, 24, 242, 49, 189, 88, 87,
       32, 251, 44, 46, 237, 168, 18, 127, 33, 127, 244, 252, 198, 181,
       125, 63, 187, 230, 235, 220, 67, 96, 241, 65, 205, 183, 93, 169,
       172, 129, 123, 204, 49, 235, 213, 36, 85, 186, 82, 114, 137, 124,
       248, 84, 56, 46, 84, 181, 102, 108, 153, 44, 24, 4, 240, 29, 156,
       73, 16, 242, 35, 188, 88, 87, 34, 250, 255, 255, 255, 255, 118,
       255, 223, 191, 255, 247, 125, 252, 127, 190, 255, 255, 159, 247,
       126, 255, 191, 243, 247, 191, 253, 247, 255, 255, 127, 251, 223,
       251, 165, 221, 255, 207, 255, 221, 254, 251, 58, 253, 239, 253,
       183, 254, 245, 62, 255, 251, 231, 255, 191, 229, 246, 254, 245,
       255, 248, 127, 255, 249, 253, 254 ]
