%YAML:1.0
descriptors: !!opencv-matrix
   rows: 6
   cols: 64
   dt: u
   data: [ 62, 182, 125, 168, 54, 61, 53, 119, 119, 94, 254, 181, 93, 63,
       253, 246, 245, 250, 67, 240, 241, 112, 209, 242, 221, 44, 228,
       217, 104, 220, 253, 233, 204, 108, 87, 190, 223, 122, 137, 124,
       254, 223, 53, 175, 212, 183, 246, 108, 155, 172, 153, 9, 242, 29,
       159, 93, 62, 242, 59, 188, 91, 223, 106, 250, 44, 38, 117, 160,
       24, 111, 161, 255, 244, 124, 194, 53, 125, 63, 187, 228, 235, 220,
       195, 96, 241, 128, 156, 180, 92, 168, 44, 129, 250, 204, 59, 203,
       117, 36, 85, 186, 80, 114, 1, 124, 220, 84, 24, 14, 68, 167, 194,
       76, 153, 44, 92, 4, 242, 29, 141, 73, 16, 240, 35, 188, 88, 70,
       34, 248, 191, 117, 109, 150, 55, 15, 31, 8, 102, 70, 185, 50, 125,
       106, 180, 87, 240, 246, 4, 244, 3, 160, 145, 50, 204, 158, 225,
       89, 210, 28, 244, 41, 210, 44, 22, 186, 74, 120, 129, 220, 50,
       202, 60, 15, 208, 20, 228, 78, 153, 172, 16, 5, 96, 29, 157, 73,
       24, 242, 49, 188, 88, 86, 32, 249, 45, 39, 237, 186, 18, 61, 33,
       119, 245, 254, 86, 181, 125, 63, 185, 70, 234, 212, 67, 99, 245,
       96, 193, 247, 93, 168, 164, 137, 122, 12, 49, 233, 215, 36, 85,
       186, 83, 120, 233, 124, 120, 92, 56, 47, 212, 20, 231, 111, 153,
       172, 24, 5, 240, 29, 156, 73, 16, 242, 51, 189, 88, 87, 32, 250,
       63, 183, 125, 190, 63, 189, 189, 121, 246, 222, 215, 243, 253,
       127, 189, 85, 242, 254, 67, 115, 245, 34, 209, 118, 221, 190, 229,
       219, 82, 158, 245, 235, 223, 44, 87, 190, 219, 120, 233, 124, 120,
       92, 56, 47, 212, 53, 247, 111, 153, 172, 24, 5, 240, 29, 156, 73,
       16, 242, 51, 189, 88, 87, 32, 250, 63, 182, 125, 174, 63, 189,
       185, 127, 247, 254, 215, 245, 125, 127, 189, 85, 254, 254, 67,
       115, 245, 98, 209, 119, 221, 186, 228, 219, 122, 92, 245, 235,
       215, 44, 87, 190, 91, 120, 233, 124, 120, 92, 56, 47, 212, 53,
       247, 111, 153, 172, 24, 5, 240, 29, 156, 73, 16, 242, 51, 189, 88,
       87, 32, 250 ]
