%YAML:1.0
descriptors: !!opencv-matrix
   rows: 11
   cols: 64
   dt: u
   data: [ 63, 50, 125, 162, 63, 181, 33, 120, 244, 94, 210, 49, 125, 58,
       176, 85, 242, 212, 67, 96, 241, 50, 129, 118, 76, 168, 164, 9, 90,
       92, 113, 233, 213, 36, 84, 186, 82, 122, 129, 116, 216, 92, 24,
       14, 208, 4, 192, 79, 153, 172, 24, 5, 240, 29, 157, 73, 16, 242,
       51, 188, 88, 87, 32, 248, 63, 53, 124, 190, 55, 37, 57, 126, 52,
       68, 213, 53, 61, 63, 177, 87, 242, 244, 65, 96, 241, 32, 209, 51,
       76, 168, 160, 25, 114, 28, 120, 233, 214, 36, 20, 186, 82, 120,
       129, 116, 80, 94, 24, 14, 208, 21, 193, 78, 153, 172, 24, 5, 240,
       29, 156, 73, 24, 242, 51, 189, 88, 86, 34, 251, 61, 53, 125, 190,
       23, 37, 57, 126, 114, 68, 213, 52, 124, 111, 161, 87, 226, 212, 1,
       96, 241, 32, 193, 51, 76, 168, 160, 9, 82, 12, 113, 105, 214, 36,
       85, 186, 82, 120, 129, 116, 80, 92, 24, 14, 208, 20, 193, 78, 153,
       172, 24, 5, 240, 29, 156, 73, 16, 242, 51, 189, 88, 86, 34, 251,
       37, 39, 113, 182, 16, 4, 33, 79, 196, 68, 131, 52, 97, 142, 145,
       87, 226, 212, 3, 96, 65, 34, 193, 55, 76, 136, 164, 9, 82, 12, 48,
       105, 80, 36, 85, 186, 82, 120, 129, 84, 80, 84, 24, 14, 192, 20,
       193, 78, 153, 172, 24, 5, 240, 29, 156, 73, 16, 242, 51, 188, 88,
       86, 32, 250, 35, 34, 109, 130, 23, 23, 131, 92, 246, 148, 134, 52,
       121, 62, 179, 71, 74, 244, 66, 36, 64, 2, 213, 100, 12, 160, 140,
       9, 18, 136, 17, 105, 244, 44, 87, 186, 82, 122, 129, 92, 208, 85,
       24, 14, 192, 100, 192, 108, 153, 44, 24, 5, 240, 25, 156, 73, 16,
       114, 51, 188, 72, 23, 32, 250, 1, 6, 1, 0, 17, 0, 0, 94, 128, 0,
       130, 101, 96, 1, 128, 1, 74, 100, 7, 65, 64, 2, 96, 68, 4, 152,
       24, 0, 18, 8, 1, 64, 76, 36, 84, 186, 0, 56, 1, 4, 192, 80, 16,
       135, 192, 96, 160, 76, 16, 36, 24, 0, 240, 24, 156, 1, 16, 50, 19,
       188, 8, 23, 32, 122, 62, 117, 125, 190, 54, 77, 93, 111, 247, 196,
       253, 176, 125, 186, 252, 254, 243, 212, 67, 97, 23, 240, 229, 54,
       221, 139, 164, 25, 115, 220, 124, 169, 240, 36, 20, 254, 66, 122,
       129, 244, 146, 223, 61, 47, 208, 22, 193, 110, 153, 172, 26, 5,
       120, 29, 149, 77, 24, 242, 59, 188, 89, 86, 34, 251, 242, 33, 205,
       151, 118, 83, 27, 252, 102, 199, 23, 52, 61, 171, 147, 66, 106,
       213, 16, 39, 9, 161, 231, 34, 12, 131, 184, 13, 18, 8, 18, 41,
       112, 36, 20, 251, 82, 120, 131, 212, 208, 72, 56, 14, 147, 28,
       193, 108, 145, 172, 26, 5, 48, 25, 148, 75, 144, 114, 49, 61, 88,
       22, 32, 251, 98, 5, 200, 146, 3, 6, 3, 15, 6, 198, 7, 54, 51, 174,
       178, 86, 106, 19, 0, 101, 10, 183, 211, 39, 28, 130, 184, 13, 18,
       168, 16, 41, 2, 36, 6, 186, 2, 120, 3, 92, 0, 64, 52, 40, 129, 28,
       225, 46, 145, 172, 24, 5, 48, 25, 148, 75, 16, 114, 49, 61, 88,
       20, 32, 250, 66, 2, 0, 2, 200, 130, 2, 5, 66, 34, 2, 4, 128, 7, 1,
       0, 74, 65, 1, 64, 200, 1, 139, 64, 12, 128, 172, 13, 2, 8, 1, 66,
       85, 36, 69, 186, 82, 48, 5, 68, 64, 64, 16, 10, 65, 4, 128, 77,
       25, 44, 24, 0, 240, 24, 156, 73, 16, 114, 51, 156, 72, 87, 32,
       248, 55, 54, 113, 166, 157, 160, 15, 72, 230, 110, 145, 112, 173,
       11, 132, 85, 226, 212, 1, 96, 193, 34, 128, 116, 76, 152, 224, 15,
       82, 8, 113, 105, 215, 36, 84, 186, 82, 120, 161, 116, 64, 72, 24,
       15, 208, 16, 244, 79, 152, 172, 24, 5, 240, 28, 156, 73, 16, 242,
       51, 188, 88, 87, 32, 248 ]
