%YAML:1.0
descriptors: !!opencv-matrix
   rows: 7
   cols: 64
   dt: u
   data: [ 188, 176, 255, 165, 62, 247, 191, 254, 244, 253, 212, 247,
       255, 127, 179, 92, 251, 221, 99, 99, 245, 119, 195, 119, 205, 255,
       180, 191, 122, 223, 119, 235, 215, 36, 85, 190, 83, 120, 233, 116,
       120, 93, 56, 47, 213, 21, 247, 111, 153, 172, 24, 5, 240, 29, 156,
       73, 16, 242, 51, 189, 88, 87, 32, 250, 255, 186, 238, 247, 255,
       119, 159, 176, 126, 253, 126, 255, 191, 127, 243, 117, 251, 215,
       101, 243, 229, 165, 195, 114, 77, 255, 177, 63, 218, 94, 247, 251,
       215, 36, 85, 186, 90, 120, 233, 116, 112, 92, 56, 47, 213, 20,
       245, 111, 153, 172, 24, 5, 240, 29, 156, 73, 16, 242, 51, 189, 88,
       87, 32, 250, 61, 176, 253, 182, 63, 119, 191, 124, 244, 252, 223,
       119, 253, 127, 179, 85, 251, 221, 99, 99, 245, 39, 195, 118, 204,
       255, 245, 191, 90, 78, 247, 235, 223, 36, 85, 190, 83, 120, 233,
       116, 120, 92, 56, 47, 213, 53, 247, 111, 153, 172, 24, 5, 240, 29,
       156, 73, 16, 242, 51, 189, 88, 87, 32, 250, 63, 181, 253, 182, 63,
       63, 191, 121, 246, 252, 245, 243, 253, 122, 182, 87, 251, 213, 99,
       99, 245, 39, 195, 118, 205, 255, 245, 191, 82, 30, 247, 235, 215,
       36, 85, 190, 82, 120, 233, 116, 120, 92, 56, 47, 213, 21, 247,
       111, 153, 172, 24, 5, 240, 29, 156, 73, 16, 242, 51, 189, 88, 87,
       32, 250, 61, 39, 109, 178, 18, 63, 37, 118, 244, 220, 86, 49, 93,
       59, 153, 70, 226, 220, 67, 96, 245, 32, 193, 55, 77, 168, 164,
       137, 82, 12, 49, 233, 210, 36, 85, 186, 83, 120, 193, 116, 120,
       92, 56, 47, 212, 20, 231, 110, 153, 172, 24, 5, 240, 29, 156, 73,
       16, 242, 51, 189, 88, 86, 32, 250, 63, 21, 252, 190, 55, 39, 29,
       126, 54, 70, 245, 176, 61, 170, 182, 95, 242, 214, 1, 101, 97,
       130, 225, 51, 76, 137, 224, 73, 83, 28, 240, 41, 240, 36, 20, 186,
       66, 112, 129, 244, 82, 202, 24, 15, 208, 20, 193, 78, 153, 172,
       26, 5, 112, 29, 157, 73, 16, 242, 51, 188, 88, 86, 34, 249, 60,
       50, 117, 160, 159, 189, 35, 121, 228, 94, 218, 52, 253, 62, 249,
       117, 242, 212, 3, 96, 225, 2, 129, 116, 76, 136, 172, 137, 82, 14,
       57, 185, 112, 36, 85, 186, 82, 114, 129, 212, 216, 84, 24, 14, 80,
       7, 192, 76, 153, 44, 24, 5, 240, 29, 157, 73, 16, 242, 51, 188,
       88, 86, 32, 248 ]
