%YAML:1.0
descriptors: !!opencv-matrix
   rows: 14
   cols: 64
   dt: u
   data: [ 76, 33, 225, 176, 16, 6, 33, 78, 196, 228, 194, 52, 81, 134,
       145, 66, 234, 84, 3, 96, 193, 160, 196, 51, 12, 136, 164, 9, 82,
       8, 49, 73, 81, 36, 85, 186, 82, 120, 1, 84, 16, 64, 24, 14, 64,
       20, 65, 78, 153, 44, 24, 5, 112, 28, 156, 73, 16, 242, 51, 188,
       72, 70, 32, 242, 11, 2, 0, 163, 217, 160, 162, 8, 24, 57, 66, 71,
       160, 11, 128, 1, 98, 92, 133, 64, 224, 0, 138, 120, 66, 152, 8,
       163, 210, 1, 33, 223, 85, 164, 92, 48, 49, 242, 45, 182, 193, 84,
       26, 10, 64, 1, 90, 209, 9, 100, 24, 4, 244, 4, 140, 73, 16, 240,
       167, 172, 72, 23, 32, 252, 197, 41, 195, 213, 216, 130, 75, 206,
       2, 229, 1, 22, 131, 227, 131, 10, 42, 69, 56, 102, 142, 173, 206,
       43, 78, 202, 186, 47, 146, 9, 16, 79, 115, 167, 52, 155, 0, 252,
       119, 86, 0, 96, 136, 74, 11, 8, 73, 147, 65, 36, 80, 245, 1, 122,
       148, 170, 208, 108, 49, 31, 76, 4, 49, 242, 237, 111, 239, 253,
       254, 255, 127, 246, 189, 255, 254, 191, 223, 253, 251, 239, 169,
       253, 251, 111, 127, 223, 254, 187, 91, 111, 190, 182, 249, 87,
       126, 191, 251, 51, 119, 249, 215, 255, 245, 125, 254, 125, 255,
       126, 223, 191, 239, 243, 253, 172, 30, 245, 211, 255, 157, 206,
       95, 252, 127, 255, 223, 246, 147, 254, 60, 50, 117, 160, 191, 189,
       35, 121, 244, 124, 210, 53, 253, 62, 249, 101, 226, 220, 67, 96,
       241, 34, 129, 116, 76, 168, 164, 137, 210, 14, 57, 249, 112, 36,
       85, 186, 82, 114, 129, 244, 216, 84, 24, 14, 192, 7, 194, 77, 153,
       44, 24, 5, 240, 29, 157, 73, 16, 242, 51, 188, 88, 86, 34, 248, 3,
       7, 0, 18, 77, 130, 6, 1, 32, 34, 2, 0, 136, 69, 1, 1, 68, 69, 1,
       96, 192, 37, 194, 99, 72, 208, 128, 4, 16, 0, 1, 64, 87, 36, 81,
       184, 82, 40, 0, 64, 96, 84, 24, 143, 213, 16, 229, 79, 24, 172,
       24, 1, 240, 29, 156, 73, 16, 114, 51, 189, 72, 87, 32, 250, 68, 0,
       129, 144, 8, 2, 8, 71, 0, 162, 3, 20, 81, 132, 147, 66, 10, 84, 0,
       96, 138, 161, 200, 11, 12, 128, 132, 13, 2, 8, 17, 74, 81, 4, 85,
       186, 0, 250, 1, 86, 128, 64, 4, 10, 2, 28, 193, 11, 17, 44, 16, 5,
       32, 24, 148, 8, 144, 98, 49, 184, 72, 70, 32, 242, 102, 55, 225,
       18, 92, 134, 6, 67, 226, 0, 0, 54, 201, 71, 144, 17, 226, 197, 3,
       100, 193, 37, 195, 119, 78, 200, 172, 13, 82, 12, 32, 104, 215,
       36, 85, 186, 82, 56, 1, 84, 112, 80, 24, 143, 213, 16, 229, 79,
       153, 172, 24, 1, 240, 29, 156, 73, 16, 242, 51, 189, 88, 87, 32,
       250, 66, 1, 0, 2, 1, 2, 4, 14, 2, 2, 1, 0, 0, 128, 1, 3, 64, 0, 1,
       68, 10, 130, 136, 0, 4, 128, 8, 8, 146, 8, 0, 0, 16, 6, 16, 138,
       0, 0, 7, 2, 0, 34, 20, 0, 0, 28, 0, 132, 64, 0, 80, 4, 1, 26, 36,
       34, 128, 32, 0, 16, 12, 4, 18, 33, 212, 51, 17, 208, 208, 2, 97,
       202, 130, 64, 130, 55, 199, 199, 128, 16, 118, 199, 5, 70, 70,
       172, 136, 66, 142, 154, 114, 73, 144, 10, 66, 57, 82, 39, 84, 154,
       0, 112, 87, 84, 1, 96, 144, 66, 73, 12, 105, 134, 128, 36, 80, 80,
       48, 26, 132, 75, 1, 120, 96, 47, 88, 37, 161, 248, 69, 0, 131, 16,
       8, 2, 0, 78, 0, 162, 3, 4, 0, 192, 131, 2, 74, 5, 1, 66, 138, 165,
       200, 11, 12, 128, 128, 15, 0, 9, 1, 78, 83, 134, 85, 58, 0, 168,
       99, 86, 0, 96, 72, 10, 65, 12, 1, 75, 25, 108, 24, 5, 52, 24, 148,
       72, 16, 98, 179, 189, 200, 22, 32, 254, 63, 177, 125, 246, 63,
       181, 223, 120, 246, 223, 253, 243, 253, 123, 180, 85, 242, 213,
       71, 99, 229, 114, 195, 118, 205, 191, 245, 59, 122, 94, 119, 235,
       215, 36, 85, 190, 82, 120, 233, 117, 112, 93, 57, 47, 212, 20,
       245, 111, 153, 172, 24, 5, 240, 29, 156, 73, 16, 242, 51, 189, 88,
       87, 32, 250, 67, 9, 138, 215, 207, 130, 82, 10, 6, 33, 23, 66,
       186, 216, 32, 12, 102, 215, 56, 246, 206, 47, 203, 99, 10, 210,
       170, 46, 18, 9, 16, 111, 215, 39, 16, 59, 82, 108, 118, 66, 80,
       112, 136, 79, 201, 28, 193, 207, 221, 172, 24, 213, 241, 120, 156,
       203, 81, 126, 115, 191, 88, 53, 145, 250, 99, 15, 135, 211, 206,
       151, 195, 22, 172, 119, 0, 14, 155, 249, 51, 13, 72, 245, 121,
       102, 222, 15, 218, 123, 10, 242, 158, 38, 144, 24, 16, 15, 215,
       47, 83, 59, 82, 125, 255, 98, 112, 124, 136, 78, 221, 92, 217,
       147, 221, 140, 24, 213, 241, 125, 156, 203, 81, 254, 115, 191, 88,
       117, 145, 250 ]
