%YAML:1.0
descriptors: !!opencv-matrix
   rows: 12
   cols: 64
   dt: u
   data: [ 62, 180, 252, 174, 55, 181, 157, 31, 247, 254, 213, 241, 61,
       58, 189, 95, 254, 246, 99, 241, 241, 38, 209, 119, 213, 185, 245,
       91, 90, 92, 245, 235, 223, 44, 87, 190, 219, 120, 233, 117, 120,
       94, 56, 47, 212, 117, 247, 111, 153, 172, 24, 5, 240, 29, 156, 73,
       16, 242, 51, 189, 90, 87, 32, 250, 15, 178, 205, 162, 63, 249,
       129, 60, 125, 188, 214, 245, 253, 63, 57, 193, 233, 220, 1, 241,
       229, 96, 203, 113, 77, 189, 176, 163, 126, 79, 49, 235, 215, 36,
       85, 186, 95, 120, 233, 116, 112, 92, 58, 47, 212, 21, 247, 111,
       153, 172, 24, 5, 240, 29, 156, 73, 16, 242, 51, 189, 88, 87, 32,
       250, 61, 241, 125, 254, 63, 189, 253, 120, 247, 254, 213, 251,
       253, 126, 180, 87, 246, 255, 99, 115, 245, 54, 195, 247, 237, 190,
       245, 251, 90, 223, 245, 235, 223, 44, 87, 190, 219, 120, 233, 125,
       120, 93, 57, 47, 213, 53, 247, 111, 153, 172, 24, 5, 240, 29, 156,
       73, 16, 242, 51, 189, 88, 87, 32, 250, 4, 35, 81, 160, 216, 162,
       34, 65, 192, 0, 66, 23, 193, 69, 144, 65, 226, 213, 3, 100, 193,
       36, 136, 115, 78, 136, 36, 13, 146, 12, 49, 8, 82, 38, 84, 186,
       64, 114, 5, 84, 192, 64, 24, 14, 64, 4, 192, 199, 152, 36, 24, 4,
       112, 28, 140, 73, 0, 240, 51, 188, 72, 86, 32, 248, 87, 51, 209,
       166, 221, 130, 7, 74, 98, 1, 1, 114, 175, 75, 132, 81, 226, 215,
       37, 100, 193, 5, 130, 113, 78, 218, 168, 15, 210, 8, 32, 41, 214,
       36, 84, 154, 66, 120, 1, 212, 64, 72, 24, 15, 193, 28, 244, 79,
       153, 164, 24, 4, 96, 28, 156, 73, 16, 242, 51, 189, 88, 87, 32,
       248, 65, 6, 4, 0, 65, 35, 34, 114, 32, 0, 130, 4, 64, 25, 1, 3,
       64, 109, 67, 68, 240, 3, 0, 179, 0, 40, 136, 132, 48, 4, 0, 65,
       88, 4, 208, 170, 0, 34, 5, 64, 156, 16, 24, 134, 64, 225, 130, 78,
       24, 36, 8, 0, 113, 28, 139, 1, 32, 34, 3, 148, 8, 6, 36, 72, 2, 2,
       0, 131, 137, 128, 6, 72, 0, 32, 2, 4, 160, 7, 129, 1, 66, 68, 1,
       64, 200, 0, 138, 64, 68, 144, 8, 7, 18, 8, 1, 75, 21, 36, 85, 186,
       16, 112, 1, 22, 0, 64, 8, 10, 68, 4, 192, 65, 25, 44, 24, 4, 48,
       24, 140, 9, 16, 98, 35, 188, 72, 87, 32, 248, 68, 34, 129, 144,
       72, 134, 10, 101, 2, 162, 19, 20, 81, 132, 153, 66, 0, 65, 2, 68,
       138, 161, 66, 139, 12, 192, 172, 13, 0, 140, 49, 74, 97, 4, 69,
       171, 8, 122, 133, 86, 32, 64, 16, 14, 71, 12, 129, 111, 27, 44,
       24, 5, 49, 89, 20, 75, 64, 98, 19, 184, 72, 22, 96, 242, 44, 34,
       229, 168, 26, 111, 161, 127, 244, 124, 206, 53, 121, 63, 187, 228,
       235, 220, 195, 96, 241, 1, 204, 180, 93, 169, 12, 129, 123, 204,
       59, 203, 221, 36, 87, 186, 81, 114, 137, 124, 252, 85, 24, 6, 84,
       183, 230, 108, 153, 44, 88, 4, 242, 29, 156, 73, 16, 226, 35, 188,
       88, 71, 32, 248, 123, 246, 109, 175, 255, 191, 159, 57, 255, 127,
       252, 251, 189, 63, 124, 85, 243, 247, 95, 185, 253, 115, 219, 124,
       253, 255, 253, 191, 126, 251, 255, 239, 223, 237, 223, 55, 255,
       249, 237, 127, 127, 223, 107, 45, 213, 125, 255, 51, 191, 222,
       153, 13, 245, 165, 222, 251, 118, 246, 183, 189, 250, 223, 60,
       254, 251, 245, 125, 223, 255, 191, 223, 57, 255, 117, 253, 251,
       255, 127, 244, 124, 247, 247, 126, 182, 255, 127, 147, 126, 254,
       255, 247, 127, 254, 251, 223, 175, 143, 253, 79, 223, 254, 121,
       250, 127, 123, 223, 239, 255, 245, 125, 253, 63, 167, 183, 153,
       79, 252, 167, 158, 251, 121, 247, 246, 191, 250, 255, 189, 222,
       84, 41, 155, 212, 96, 2, 92, 102, 2, 162, 21, 144, 82, 192, 134,
       90, 111, 213, 48, 103, 14, 173, 226, 3, 143, 195, 178, 77, 65, 40,
       52, 41, 211, 55, 52, 187, 2, 124, 210, 86, 48, 106, 189, 107, 187,
       28, 197, 46, 221, 172, 56, 215, 112, 88, 52, 75, 81, 250, 49, 251,
       88, 116, 177, 251 ]
