%YAML:1.0
descriptors: !!opencv-matrix
   rows: 11
   cols: 64
   dt: u
   data: [ 47, 162, 108, 170, 63, 253, 165, 124, 189, 254, 214, 245, 185,
       63, 189, 69, 203, 252, 67, 249, 245, 114, 203, 119, 77, 188, 132,
       39, 126, 95, 49, 235, 215, 44, 85, 186, 87, 120, 233, 116, 120,
       93, 58, 47, 212, 21, 247, 107, 153, 172, 24, 5, 240, 29, 156, 73,
       16, 242, 51, 189, 88, 87, 32, 250, 63, 182, 125, 231, 62, 189,
       187, 121, 255, 255, 215, 247, 253, 127, 249, 85, 246, 255, 67,
       115, 245, 98, 211, 246, 221, 190, 245, 255, 126, 95, 245, 235,
       215, 44, 85, 190, 219, 122, 233, 124, 248, 92, 56, 47, 213, 53,
       247, 111, 153, 172, 24, 5, 240, 29, 156, 73, 16, 242, 51, 189, 90,
       87, 32, 250, 60, 241, 125, 254, 62, 189, 253, 120, 247, 254, 213,
       251, 253, 127, 188, 86, 242, 223, 67, 99, 245, 118, 195, 247, 237,
       190, 245, 251, 122, 223, 245, 235, 215, 44, 87, 190, 219, 120,
       249, 125, 120, 93, 57, 47, 212, 53, 247, 111, 153, 172, 24, 5,
       240, 29, 156, 73, 24, 242, 51, 189, 88, 87, 32, 250, 70, 33, 209,
       178, 81, 130, 69, 74, 66, 65, 1, 114, 163, 194, 128, 83, 98, 85,
       37, 71, 131, 45, 128, 99, 14, 154, 162, 15, 82, 8, 48, 105, 82,
       38, 20, 154, 2, 124, 71, 214, 64, 66, 24, 75, 201, 28, 193, 207,
       89, 36, 16, 4, 96, 24, 156, 73, 16, 242, 51, 189, 88, 87, 33, 250,
       63, 182, 125, 134, 63, 157, 157, 72, 230, 68, 151, 116, 253, 63,
       176, 85, 246, 246, 3, 112, 193, 98, 211, 118, 204, 152, 228, 89,
       114, 28, 245, 105, 215, 44, 87, 190, 90, 120, 233, 124, 116, 93,
       56, 47, 212, 20, 245, 111, 153, 172, 24, 5, 240, 29, 156, 73, 16,
       242, 51, 189, 88, 87, 32, 250, 3, 2, 1, 130, 201, 128, 2, 72, 0,
       32, 0, 5, 128, 7, 129, 1, 66, 69, 129, 0, 192, 0, 138, 72, 68,
       152, 8, 5, 146, 8, 1, 79, 21, 164, 20, 186, 32, 224, 5, 6, 1, 64,
       8, 2, 64, 0, 200, 65, 17, 36, 24, 4, 1, 24, 140, 9, 16, 96, 34,
       156, 72, 7, 32, 240, 44, 34, 229, 168, 24, 103, 161, 127, 244,
       252, 202, 53, 121, 63, 187, 228, 235, 220, 195, 96, 241, 0, 204,
       180, 92, 168, 12, 129, 120, 204, 59, 203, 253, 36, 87, 186, 80,
       114, 9, 124, 124, 84, 24, 46, 68, 165, 98, 236, 153, 44, 24, 4,
       242, 29, 156, 73, 16, 224, 35, 188, 88, 70, 32, 248, 251, 254,
       126, 239, 255, 191, 223, 184, 255, 255, 252, 251, 191, 59, 126,
       93, 245, 247, 255, 187, 253, 119, 219, 124, 225, 127, 253, 255,
       127, 115, 247, 255, 223, 233, 223, 117, 255, 249, 252, 127, 127,
       223, 107, 61, 213, 113, 255, 113, 191, 223, 153, 15, 252, 165,
       222, 253, 118, 247, 247, 255, 243, 219, 188, 223, 255, 252, 255,
       239, 255, 239, 223, 251, 255, 93, 253, 251, 255, 251, 246, 253,
       243, 247, 127, 127, 117, 15, 179, 125, 255, 255, 255, 63, 255,
       123, 246, 191, 214, 109, 60, 223, 222, 117, 253, 255, 123, 223,
       255, 63, 217, 63, 252, 189, 205, 183, 215, 141, 248, 182, 159,
       109, 120, 246, 113, 191, 255, 95, 54, 189, 68, 41, 195, 212, 80,
       6, 67, 79, 134, 228, 3, 54, 19, 194, 147, 74, 234, 85, 32, 103,
       15, 173, 194, 35, 78, 202, 182, 13, 18, 8, 16, 9, 87, 39, 85, 187,
       0, 124, 71, 84, 48, 96, 56, 47, 201, 28, 225, 238, 25, 172, 24,
       21, 113, 24, 156, 75, 16, 122, 51, 189, 72, 84, 33, 250, 68, 33,
       243, 212, 80, 134, 101, 79, 132, 100, 129, 18, 211, 228, 178, 66,
       234, 85, 35, 103, 14, 173, 194, 35, 78, 202, 182, 13, 18, 12, 48,
       9, 87, 39, 20, 186, 0, 120, 67, 84, 16, 96, 56, 111, 205, 28, 229,
       111, 25, 172, 24, 5, 112, 24, 156, 73, 16, 114, 51, 189, 72, 22,
       33, 250 ]
