%YAML:1.0
descriptors: !!opencv-matrix
   rows: 8
   cols: 64
   dt: u
   data: [ 199, 33, 209, 150, 89, 130, 1, 74, 198, 101, 1, 114, 163, 203,
       132, 83, 226, 213, 5, 97, 139, 45, 136, 99, 78, 154, 162, 15, 82,
       8, 49, 109, 83, 39, 20, 154, 66, 120, 1, 214, 16, 66, 24, 11, 201,
       28, 193, 143, 153, 36, 16, 4, 96, 24, 156, 73, 16, 242, 49, 157,
       88, 86, 32, 249, 62, 179, 125, 254, 63, 189, 125, 121, 246, 254,
       213, 241, 253, 122, 188, 86, 242, 214, 67, 115, 245, 38, 193, 119,
       205, 158, 229, 155, 82, 92, 245, 234, 215, 44, 85, 190, 91, 120,
       233, 116, 120, 92, 57, 47, 212, 21, 247, 111, 153, 172, 24, 5,
       240, 29, 156, 73, 16, 242, 51, 189, 88, 87, 32, 250, 63, 51, 125,
       246, 54, 181, 61, 122, 246, 190, 211, 49, 125, 126, 177, 83, 246,
       246, 67, 115, 229, 34, 193, 247, 205, 186, 228, 219, 90, 92, 245,
       235, 215, 44, 85, 190, 90, 120, 233, 116, 120, 92, 56, 47, 212,
       53, 247, 111, 153, 172, 24, 5, 240, 29, 156, 73, 16, 242, 51, 189,
       88, 87, 32, 250, 77, 35, 230, 113, 217, 162, 34, 124, 32, 162,
       194, 52, 96, 207, 131, 67, 234, 77, 3, 66, 235, 171, 206, 59, 6,
       42, 34, 141, 80, 12, 33, 203, 127, 38, 21, 186, 16, 48, 69, 86,
       24, 96, 24, 142, 65, 9, 67, 199, 24, 44, 24, 0, 112, 28, 140, 73,
       16, 224, 35, 157, 72, 6, 33, 240, 60, 247, 125, 142, 54, 125, 157,
       125, 247, 220, 255, 245, 125, 63, 253, 244, 251, 212, 71, 104,
       113, 114, 181, 52, 253, 189, 229, 25, 127, 222, 125, 185, 240,
       108, 85, 190, 214, 114, 137, 245, 255, 223, 25, 62, 212, 166, 208,
       108, 137, 173, 94, 13, 248, 29, 159, 77, 144, 242, 59, 156, 91,
       94, 34, 185, 68, 33, 227, 144, 16, 134, 33, 111, 132, 228, 131,
       52, 65, 167, 147, 66, 234, 84, 3, 102, 201, 161, 198, 51, 76, 136,
       180, 13, 82, 12, 48, 72, 87, 36, 85, 186, 82, 120, 1, 84, 16, 64,
       24, 14, 69, 20, 193, 110, 153, 44, 24, 5, 240, 28, 156, 73, 16,
       242, 51, 189, 72, 22, 32, 250, 248, 222, 254, 239, 239, 255, 247,
       177, 125, 253, 94, 203, 191, 125, 126, 204, 255, 251, 253, 191,
       252, 127, 219, 253, 251, 127, 93, 246, 253, 215, 247, 239, 159,
       251, 219, 117, 255, 217, 252, 59, 125, 189, 235, 247, 253, 189,
       255, 179, 255, 219, 137, 255, 253, 231, 218, 255, 119, 223, 246,
       239, 243, 251, 221, 222, 61, 49, 125, 182, 54, 183, 51, 126, 244,
       84, 213, 53, 125, 59, 176, 86, 242, 212, 67, 96, 241, 34, 193, 55,
       76, 168, 164, 157, 114, 28, 117, 233, 214, 36, 21, 186, 82, 120,
       129, 116, 120, 93, 24, 15, 212, 20, 229, 78, 153, 172, 24, 5, 240,
       29, 156, 73, 16, 242, 51, 188, 88, 22, 32, 248 ]
