%YAML:1.0
descriptors: !!opencv-matrix
   rows: 10
   cols: 64
   dt: u
   data: [ 62, 49, 253, 182, 63, 183, 189, 126, 246, 254, 213, 113, 125,
       127, 176, 86, 246, 222, 67, 99, 245, 102, 193, 119, 204, 170, 228,
       223, 90, 220, 245, 235, 215, 44, 87, 190, 83, 120, 233, 116, 120,
       92, 56, 47, 212, 53, 247, 111, 153, 172, 24, 5, 240, 29, 156, 73,
       16, 242, 51, 189, 88, 87, 32, 250, 70, 32, 81, 131, 217, 128, 3,
       77, 134, 106, 0, 52, 161, 66, 131, 80, 226, 213, 1, 96, 201, 33,
       138, 40, 14, 136, 168, 15, 146, 8, 49, 106, 117, 36, 20, 186, 82,
       112, 5, 86, 16, 66, 24, 10, 64, 20, 193, 23, 153, 44, 24, 4, 112,
       24, 156, 73, 16, 242, 51, 156, 88, 86, 34, 241, 28, 176, 220, 190,
       63, 253, 248, 119, 54, 250, 94, 245, 29, 118, 190, 116, 251, 222,
       33, 99, 197, 32, 195, 115, 77, 139, 160, 75, 82, 77, 181, 235,
       215, 36, 85, 186, 83, 120, 233, 116, 112, 92, 56, 47, 212, 20,
       247, 111, 153, 172, 24, 5, 240, 29, 156, 73, 16, 242, 51, 189, 88,
       87, 32, 250, 190, 253, 127, 239, 191, 125, 253, 251, 255, 95, 253,
       251, 127, 127, 246, 253, 251, 212, 119, 107, 117, 198, 181, 118,
       255, 255, 245, 59, 255, 91, 126, 185, 244, 108, 28, 254, 210, 119,
       249, 245, 219, 222, 58, 63, 216, 22, 244, 108, 137, 173, 30, 5,
       248, 31, 159, 73, 16, 242, 51, 188, 94, 95, 34, 185, 214, 49, 147,
       151, 248, 2, 30, 199, 66, 35, 1, 18, 198, 194, 146, 82, 126, 195,
       48, 70, 11, 173, 67, 11, 142, 210, 254, 111, 130, 168, 210, 44,
       83, 165, 52, 159, 8, 124, 227, 86, 32, 72, 161, 75, 171, 28, 173,
       31, 209, 164, 16, 211, 32, 26, 20, 107, 192, 123, 16, 25, 92, 5,
       49, 242, 253, 253, 247, 247, 87, 231, 253, 254, 244, 253, 240,
       251, 239, 235, 182, 95, 235, 213, 63, 111, 231, 47, 238, 127, 111,
       223, 51, 47, 83, 9, 50, 111, 215, 39, 60, 251, 82, 125, 109, 244,
       83, 78, 56, 47, 219, 20, 93, 255, 137, 164, 90, 5, 224, 30, 156,
       73, 144, 242, 51, 189, 92, 87, 32, 251, 199, 3, 208, 18, 219, 2,
       15, 78, 166, 39, 1, 114, 178, 202, 162, 83, 234, 213, 37, 101, 73,
       135, 227, 119, 78, 219, 184, 47, 210, 8, 48, 105, 87, 36, 84, 186,
       82, 120, 33, 84, 80, 64, 56, 47, 193, 28, 213, 79, 153, 172, 24,
       5, 240, 28, 156, 73, 16, 242, 51, 189, 88, 87, 32, 250, 87, 53,
       209, 18, 87, 194, 10, 12, 226, 34, 17, 54, 172, 227, 163, 83, 237,
       199, 33, 246, 73, 167, 67, 103, 196, 219, 244, 109, 18, 8, 162,
       40, 215, 44, 85, 190, 90, 56, 233, 84, 112, 88, 56, 47, 213, 84,
       245, 111, 153, 172, 24, 5, 240, 29, 156, 73, 16, 242, 51, 189, 88,
       87, 32, 250, 179, 255, 254, 223, 55, 223, 223, 26, 255, 255, 191,
       250, 191, 127, 126, 223, 255, 247, 126, 187, 183, 127, 211, 119,
       245, 247, 247, 127, 127, 123, 215, 107, 215, 108, 215, 190, 218,
       121, 250, 125, 116, 93, 187, 237, 183, 80, 245, 111, 155, 174, 24,
       79, 240, 29, 254, 93, 57, 247, 115, 191, 251, 247, 172, 250, 215,
       221, 222, 255, 117, 250, 255, 222, 63, 255, 175, 235, 174, 255,
       239, 191, 255, 255, 189, 255, 175, 239, 255, 123, 229, 255, 251,
       127, 127, 47, 235, 119, 255, 247, 255, 255, 115, 255, 255, 255,
       243, 254, 186, 255, 191, 219, 127, 255, 221, 251, 126, 117, 253,
       255, 255, 239, 251, 255, 255, 255, 221, 247, 183, 250 ]
