%YAML:1.0
descriptors: !!opencv-matrix
   rows: 20
   cols: 64
   dt: u
   data: [ 60, 42, 253, 168, 58, 127, 161, 127, 245, 252, 214, 53, 93,
       63, 187, 230, 251, 220, 195, 98, 245, 112, 212, 183, 93, 168, 164,
       145, 120, 220, 127, 235, 245, 36, 87, 186, 87, 114, 201, 124, 252,
       93, 26, 14, 84, 167, 227, 111, 153, 172, 157, 13, 242, 29, 156,
       73, 16, 242, 51, 188, 90, 86, 32, 250, 62, 49, 121, 166, 55, 39,
       29, 107, 198, 68, 213, 48, 125, 74, 180, 84, 242, 214, 66, 116,
       65, 34, 129, 55, 156, 136, 228, 25, 82, 184, 244, 169, 192, 44,
       20, 190, 202, 112, 129, 213, 80, 203, 21, 11, 192, 20, 192, 78,
       153, 164, 24, 5, 112, 28, 156, 65, 16, 242, 51, 184, 120, 22, 32,
       249, 63, 178, 255, 182, 63, 55, 189, 126, 246, 252, 214, 245, 127,
       126, 177, 87, 254, 247, 99, 115, 245, 55, 193, 119, 205, 170, 228,
       223, 90, 92, 245, 235, 215, 44, 85, 190, 90, 120, 233, 116, 120,
       93, 58, 47, 213, 21, 245, 111, 153, 172, 24, 5, 240, 29, 156, 73,
       16, 242, 51, 189, 88, 87, 32, 250, 126, 249, 251, 250, 54, 95, 93,
       111, 199, 198, 221, 184, 125, 174, 191, 222, 251, 215, 115, 111,
       23, 247, 211, 55, 221, 213, 247, 109, 83, 254, 254, 168, 198, 14,
       199, 191, 194, 124, 201, 116, 48, 217, 181, 105, 23, 156, 53, 110,
       159, 172, 186, 5, 162, 29, 180, 93, 16, 242, 121, 249, 89, 223,
       40, 242, 45, 253, 236, 120, 55, 61, 117, 122, 181, 222, 252, 249,
       127, 187, 244, 79, 217, 252, 103, 249, 117, 118, 240, 247, 117,
       63, 245, 209, 121, 85, 124, 225, 218, 104, 150, 238, 211, 120,
       241, 125, 126, 223, 62, 175, 212, 113, 247, 110, 185, 175, 154,
       13, 248, 29, 223, 85, 56, 242, 127, 159, 251, 223, 46, 219, 69, 2,
       131, 145, 216, 130, 36, 74, 0, 35, 2, 2, 130, 197, 131, 3, 2, 69,
       1, 64, 138, 133, 138, 9, 14, 144, 26, 7, 146, 8, 1, 79, 83, 135,
       84, 155, 0, 252, 39, 6, 0, 96, 8, 2, 73, 12, 73, 145, 80, 36, 48,
       52, 1, 90, 132, 10, 16, 104, 33, 29, 76, 4, 49, 240, 63, 214, 109,
       173, 190, 189, 187, 113, 189, 126, 90, 21, 205, 29, 249, 229, 144,
       252, 203, 40, 240, 114, 152, 120, 109, 168, 172, 151, 124, 85,
       125, 255, 117, 240, 223, 32, 246, 251, 169, 55, 254, 94, 75, 30,
       214, 134, 194, 89, 186, 253, 28, 5, 238, 157, 159, 93, 150, 226,
       187, 156, 219, 159, 46, 181, 70, 1, 145, 146, 65, 2, 0, 78, 2, 0,
       1, 0, 0, 194, 129, 18, 106, 68, 0, 6, 2, 172, 128, 3, 14, 130,
       162, 9, 146, 8, 0, 9, 18, 38, 20, 154, 0, 100, 67, 84, 0, 96, 24,
       72, 8, 28, 193, 206, 81, 36, 16, 20, 32, 24, 132, 75, 16, 114, 32,
       25, 72, 4, 33, 240, 44, 34, 231, 168, 26, 119, 161, 255, 244, 252,
       202, 53, 93, 191, 187, 230, 235, 252, 195, 96, 241, 193, 220, 180,
       93, 169, 12, 129, 249, 204, 59, 203, 253, 36, 87, 186, 87, 114,
       45, 124, 252, 85, 24, 14, 84, 167, 98, 236, 153, 44, 92, 4, 242,
       29, 156, 73, 16, 224, 43, 188, 90, 70, 34, 240, 63, 246, 125, 239,
       191, 253, 251, 125, 253, 255, 223, 253, 253, 126, 253, 245, 251,
       255, 67, 251, 245, 115, 211, 254, 253, 127, 245, 191, 127, 247,
       255, 239, 207, 108, 215, 190, 223, 123, 249, 127, 120, 93, 123,
       175, 213, 55, 247, 111, 187, 238, 152, 15, 240, 29, 156, 89, 54,
       243, 247, 189, 250, 223, 40, 254, 255, 117, 108, 190, 55, 31, 31,
       8, 38, 70, 185, 178, 61, 107, 52, 87, 240, 246, 5, 245, 67, 240,
       145, 50, 76, 158, 225, 89, 211, 28, 244, 41, 210, 44, 86, 186, 74,
       120, 129, 244, 82, 218, 28, 15, 208, 20, 228, 76, 153, 172, 16, 5,
       96, 29, 157, 73, 24, 242, 49, 188, 88, 86, 34, 249, 63, 180, 125,
       142, 63, 157, 149, 72, 246, 68, 149, 244, 253, 62, 180, 85, 242,
       246, 3, 112, 193, 50, 209, 119, 204, 136, 224, 75, 82, 28, 245,
       105, 215, 44, 85, 190, 82, 120, 233, 124, 112, 93, 56, 47, 212,
       20, 245, 111, 153, 172, 24, 5, 240, 29, 156, 73, 16, 242, 51, 189,
       88, 87, 32, 250, 45, 39, 253, 184, 50, 189, 161, 119, 245, 220,
       70, 149, 93, 63, 185, 70, 226, 220, 67, 99, 245, 100, 192, 247,
       93, 168, 164, 137, 120, 76, 49, 235, 215, 36, 85, 186, 83, 120,
       233, 116, 124, 93, 56, 47, 212, 52, 247, 111, 153, 172, 24, 5,
       240, 29, 156, 73, 16, 242, 51, 189, 88, 87, 32, 250, 60, 186, 255,
       205, 186, 253, 247, 245, 253, 221, 222, 255, 221, 117, 251, 236,
       251, 221, 251, 42, 245, 125, 206, 241, 109, 127, 20, 182, 125,
       207, 31, 191, 255, 96, 85, 186, 86, 123, 249, 52, 117, 29, 122,
       54, 213, 166, 253, 103, 189, 189, 141, 45, 240, 157, 156, 77, 54,
       214, 62, 173, 91, 95, 36, 254, 48, 136, 155, 139, 10, 223, 145,
       167, 223, 228, 23, 206, 147, 124, 123, 172, 255, 215, 96, 35, 212,
       37, 198, 103, 89, 215, 180, 46, 18, 154, 19, 107, 199, 36, 83, 48,
       82, 74, 234, 104, 112, 93, 32, 47, 149, 20, 245, 111, 145, 168,
       153, 13, 180, 13, 156, 75, 17, 114, 50, 61, 80, 85, 0, 250, 204,
       232, 171, 237, 170, 253, 252, 245, 29, 251, 221, 255, 211, 148,
       255, 234, 137, 153, 250, 203, 189, 149, 238, 217, 127, 127, 159,
       242, 205, 231, 54, 190, 205, 209, 239, 97, 255, 253, 236, 59, 121,
       61, 227, 55, 191, 61, 63, 177, 255, 218, 239, 255, 213, 231, 248,
       246, 215, 221, 245, 109, 247, 249, 217, 254, 203, 205, 142, 221,
       39, 223, 221, 155, 189, 199, 61, 202, 155, 248, 118, 15, 141, 253,
       60, 255, 142, 127, 242, 115, 109, 215, 183, 62, 81, 115, 54, 43,
       215, 60, 146, 105, 218, 109, 250, 241, 114, 255, 253, 109, 151,
       28, 245, 47, 157, 138, 26, 5, 249, 93, 188, 76, 17, 247, 115, 191,
       113, 255, 138, 251, 64, 3, 128, 16, 0, 134, 34, 39, 0, 162, 3, 4,
       16, 4, 19, 2, 12, 9, 65, 198, 193, 33, 67, 147, 88, 8, 132, 204,
       0, 132, 177, 64, 71, 20, 65, 168, 17, 40, 64, 64, 112, 0, 16, 174,
       197, 36, 163, 110, 25, 172, 24, 1, 240, 29, 24, 65, 2, 115, 19,
       181, 72, 83, 96, 234, 63, 183, 125, 190, 63, 189, 189, 121, 246,
       222, 215, 243, 253, 126, 188, 85, 242, 254, 67, 115, 245, 34, 209,
       118, 221, 190, 229, 251, 90, 222, 245, 235, 215, 44, 87, 190, 219,
       120, 233, 124, 120, 92, 56, 47, 212, 53, 247, 111, 153, 172, 24,
       5, 240, 29, 156, 73, 16, 242, 51, 189, 88, 87, 32, 250, 63, 182,
       125, 174, 63, 189, 185, 127, 246, 124, 214, 245, 125, 63, 188, 85,
       254, 246, 67, 112, 245, 34, 209, 119, 221, 184, 228, 219, 122, 92,
       241, 235, 223, 44, 87, 190, 83, 120, 233, 124, 120, 92, 56, 175,
       212, 53, 247, 111, 153, 172, 24, 5, 240, 29, 156, 73, 16, 242, 51,
       189, 90, 87, 32, 250 ]
