%YAML:1.0
descriptors: !!opencv-matrix
   rows: 10
   cols: 64
   dt: u
   data: [ 55, 54, 81, 130, 221, 128, 7, 72, 230, 68, 1, 114, 173, 75,
       128, 85, 226, 247, 1, 96, 193, 38, 129, 119, 76, 152, 224, 15, 18,
       8, 97, 105, 87, 36, 84, 186, 66, 120, 1, 84, 64, 64, 24, 15, 192,
       16, 244, 79, 153, 172, 24, 4, 112, 28, 156, 73, 16, 242, 51, 188,
       88, 87, 32, 248, 67, 18, 0, 35, 221, 162, 34, 8, 32, 43, 64, 75,
       160, 75, 0, 17, 102, 95, 29, 208, 200, 41, 139, 120, 2, 202, 42,
       39, 210, 1, 33, 71, 55, 167, 156, 49, 49, 193, 37, 134, 67, 98,
       74, 72, 65, 25, 203, 147, 12, 84, 24, 36, 101, 224, 140, 171, 81,
       188, 167, 150, 128, 70, 54, 37, 22, 17, 145, 212, 0, 0, 72, 74, 2,
       2, 3, 0, 0, 194, 128, 18, 102, 198, 0, 2, 10, 172, 192, 3, 142,
       130, 162, 73, 2, 40, 0, 40, 82, 6, 52, 154, 0, 108, 67, 68, 0, 96,
       144, 72, 170, 4, 193, 14, 81, 36, 48, 85, 32, 24, 52, 73, 129, 50,
       48, 27, 72, 4, 161, 176, 120, 30, 255, 215, 238, 255, 95, 53, 255,
       255, 91, 14, 159, 253, 59, 254, 255, 215, 121, 102, 254, 175, 218,
       125, 91, 238, 190, 62, 82, 147, 119, 239, 215, 175, 85, 63, 210,
       255, 252, 126, 112, 92, 233, 47, 213, 60, 237, 51, 157, 140, 24,
       5, 245, 253, 156, 203, 81, 254, 115, 189, 216, 87, 48, 254, 123,
       253, 255, 252, 63, 255, 253, 127, 245, 254, 252, 249, 127, 249,
       60, 223, 189, 255, 251, 187, 245, 127, 219, 255, 253, 127, 247,
       246, 125, 247, 245, 239, 223, 250, 191, 53, 255, 252, 250, 121,
       122, 255, 255, 111, 255, 117, 247, 107, 255, 250, 186, 223, 244,
       61, 254, 93, 127, 247, 255, 255, 251, 251, 207, 255, 67, 5, 128,
       16, 65, 130, 6, 6, 0, 0, 1, 0, 0, 69, 0, 1, 4, 9, 1, 214, 194, 37,
       66, 67, 64, 66, 136, 68, 0, 0, 0, 64, 199, 49, 81, 169, 17, 8, 68,
       64, 96, 40, 24, 139, 213, 24, 167, 79, 25, 172, 24, 5, 241, 88,
       24, 131, 17, 242, 51, 181, 8, 83, 48, 106, 127, 54, 125, 166, 127,
       191, 191, 120, 254, 126, 251, 115, 237, 127, 152, 85, 242, 213, 3,
       101, 229, 39, 195, 118, 205, 254, 237, 175, 82, 14, 113, 235, 215,
       36, 85, 190, 82, 120, 233, 116, 120, 92, 56, 47, 213, 21, 245,
       111, 153, 172, 24, 5, 240, 29, 156, 73, 16, 242, 51, 189, 88, 87,
       32, 250, 63, 21, 252, 190, 55, 39, 25, 126, 54, 68, 213, 48, 61,
       234, 181, 86, 242, 212, 65, 100, 113, 34, 229, 51, 76, 168, 160,
       9, 83, 28, 124, 233, 240, 36, 20, 186, 82, 112, 129, 252, 210,
       202, 28, 14, 208, 20, 193, 78, 153, 172, 26, 5, 112, 28, 156, 73,
       16, 242, 59, 156, 88, 86, 34, 249, 124, 33, 241, 180, 19, 167, 47,
       108, 196, 230, 193, 52, 241, 14, 179, 70, 234, 213, 3, 100, 193,
       35, 195, 119, 76, 200, 172, 13, 82, 12, 49, 233, 215, 36, 85, 186,
       82, 120, 193, 116, 112, 92, 48, 46, 213, 20, 229, 111, 153, 172,
       24, 5, 240, 29, 156, 73, 16, 242, 51, 189, 88, 87, 32, 250, 68, 3,
       129, 144, 0, 2, 0, 71, 2, 34, 3, 20, 0, 194, 145, 2, 66, 68, 0,
       64, 130, 161, 200, 3, 12, 128, 130, 13, 18, 8, 17, 72, 67, 38, 85,
       186, 0, 104, 3, 70, 0, 96, 0, 10, 2, 12, 1, 206, 16, 44, 16, 0,
       32, 24, 148, 2, 128, 34, 1, 184, 72, 4, 32, 240 ]
