%YAML:1.0
descriptors: !!opencv-matrix
   rows: 6
   cols: 64
   dt: u
   data: [ 63, 21, 252, 190, 23, 39, 29, 126, 38, 70, 213, 176, 61, 171,
       180, 94, 242, 214, 1, 100, 97, 130, 225, 51, 76, 168, 224, 9, 83,
       28, 248, 41, 240, 36, 20, 186, 66, 112, 1, 244, 82, 202, 24, 14,
       208, 20, 193, 78, 153, 172, 26, 5, 112, 28, 149, 73, 16, 242, 51,
       188, 88, 86, 34, 249, 60, 50, 117, 160, 190, 189, 35, 121, 236,
       94, 210, 52, 253, 62, 249, 100, 242, 212, 67, 96, 249, 2, 129,
       116, 76, 168, 172, 9, 210, 14, 121, 185, 112, 36, 85, 186, 82,
       114, 129, 212, 208, 84, 24, 14, 64, 134, 192, 76, 153, 45, 24, 5,
       240, 29, 141, 73, 16, 242, 51, 188, 88, 86, 32, 248, 5, 2, 65, 32,
       17, 32, 32, 78, 0, 10, 64, 49, 0, 3, 129, 3, 2, 76, 129, 64, 192,
       32, 192, 115, 4, 136, 0, 1, 82, 8, 33, 73, 84, 4, 84, 186, 17,
       120, 1, 20, 0, 66, 24, 2, 64, 17, 64, 74, 24, 44, 24, 4, 112, 28,
       140, 8, 16, 162, 35, 156, 72, 70, 32, 241, 7, 3, 129, 144, 0, 0,
       8, 78, 2, 2, 3, 20, 0, 192, 128, 2, 66, 68, 0, 4, 2, 172, 192, 3,
       14, 130, 162, 9, 18, 8, 0, 9, 82, 38, 84, 154, 0, 124, 3, 84, 0,
       96, 24, 10, 0, 4, 193, 206, 17, 36, 16, 4, 32, 24, 148, 11, 0, 98,
       48, 57, 72, 20, 32, 240, 123, 213, 124, 222, 119, 191, 223, 57,
       255, 215, 189, 250, 189, 124, 116, 95, 181, 247, 126, 255, 183,
       127, 211, 119, 253, 246, 231, 125, 127, 254, 221, 169, 206, 124,
       214, 190, 218, 121, 250, 125, 122, 223, 189, 111, 245, 124, 245,
       111, 159, 174, 153, 15, 248, 61, 223, 93, 49, 247, 115, 191, 123,
       255, 174, 251, 58, 181, 253, 254, 63, 189, 221, 121, 255, 255,
       213, 249, 253, 122, 180, 93, 255, 247, 98, 115, 245, 118, 211,
       119, 253, 255, 231, 127, 126, 251, 245, 235, 199, 108, 215, 190,
       222, 120, 249, 125, 120, 221, 119, 47, 213, 53, 245, 111, 155,
       174, 152, 13, 240, 29, 156, 89, 48, 242, 115, 191, 251, 223, 44,
       250 ]
