%YAML:1.0
descriptors: !!opencv-matrix
   rows: 15
   cols: 64
   dt: u
   data: [ 220, 152, 222, 183, 255, 243, 190, 241, 56, 185, 125, 251,
       158, 242, 166, 120, 235, 221, 37, 99, 205, 165, 195, 115, 78, 223,
       185, 47, 210, 14, 51, 106, 215, 36, 85, 186, 83, 120, 233, 116,
       112, 92, 56, 47, 213, 20, 247, 111, 153, 172, 24, 5, 240, 29, 156,
       73, 16, 242, 51, 189, 88, 87, 32, 250, 223, 191, 222, 55, 255,
       243, 186, 240, 58, 187, 127, 254, 158, 243, 163, 123, 235, 215,
       33, 103, 205, 165, 195, 115, 79, 223, 185, 111, 210, 14, 179, 107,
       215, 36, 85, 186, 82, 120, 233, 116, 112, 92, 56, 47, 213, 20,
       245, 111, 153, 172, 24, 5, 240, 29, 156, 73, 16, 242, 51, 189, 88,
       87, 32, 250, 123, 255, 255, 223, 55, 223, 221, 59, 255, 255, 157,
       250, 191, 255, 127, 223, 255, 247, 122, 187, 183, 127, 211, 127,
       253, 247, 247, 127, 127, 251, 214, 235, 223, 124, 215, 190, 218,
       125, 250, 127, 116, 93, 235, 237, 183, 244, 245, 111, 159, 174,
       152, 79, 240, 29, 252, 95, 57, 247, 123, 255, 251, 253, 236, 250,
       220, 50, 214, 179, 255, 243, 175, 240, 52, 191, 216, 115, 191,
       255, 178, 64, 251, 213, 97, 99, 233, 167, 195, 114, 78, 223, 185,
       47, 210, 14, 51, 235, 215, 36, 85, 186, 82, 120, 233, 116, 112,
       92, 56, 47, 213, 20, 245, 111, 153, 172, 24, 5, 240, 29, 156, 73,
       16, 242, 51, 189, 88, 87, 32, 250, 62, 49, 113, 182, 23, 39, 57,
       111, 198, 68, 213, 52, 125, 10, 145, 86, 242, 150, 67, 80, 241,
       34, 193, 55, 156, 168, 228, 141, 82, 156, 244, 232, 204, 44, 5,
       190, 218, 120, 129, 92, 24, 89, 21, 14, 192, 53, 129, 78, 153,
       172, 153, 5, 112, 28, 156, 65, 16, 242, 51, 184, 120, 86, 32, 250,
       61, 54, 117, 160, 22, 181, 37, 121, 228, 94, 210, 53, 109, 47,
       145, 85, 242, 244, 67, 96, 241, 98, 145, 246, 156, 168, 228, 137,
       90, 92, 113, 233, 76, 44, 215, 190, 94, 56, 1, 116, 124, 68, 26,
       142, 68, 225, 194, 78, 184, 44, 24, 1, 242, 29, 156, 89, 8, 242,
       19, 156, 90, 215, 40, 240, 243, 240, 88, 142, 255, 138, 31, 8,
       246, 101, 61, 250, 191, 106, 164, 92, 246, 215, 60, 245, 193, 39,
       161, 100, 238, 223, 249, 63, 211, 59, 213, 109, 211, 45, 20, 255,
       74, 121, 161, 246, 114, 218, 57, 11, 209, 28, 244, 77, 153, 164,
       24, 5, 248, 28, 156, 75, 16, 242, 51, 188, 88, 87, 50, 249, 7, 18,
       64, 2, 221, 130, 7, 72, 166, 0, 1, 112, 160, 75, 128, 17, 226,
       197, 1, 96, 193, 35, 129, 101, 70, 152, 168, 15, 146, 8, 33, 105,
       85, 36, 84, 186, 82, 48, 33, 84, 64, 64, 24, 139, 193, 16, 244,
       79, 153, 172, 24, 1, 240, 24, 156, 73, 16, 242, 51, 188, 88, 87,
       32, 248, 4, 33, 225, 144, 16, 7, 33, 111, 128, 198, 195, 52, 81,
       166, 145, 66, 202, 84, 3, 100, 65, 33, 192, 19, 28, 136, 164, 13,
       66, 136, 48, 73, 68, 36, 85, 186, 16, 120, 1, 84, 48, 64, 16, 14,
       68, 20, 193, 78, 25, 44, 24, 5, 240, 28, 156, 73, 16, 226, 51,
       184, 72, 22, 32, 242, 60, 185, 255, 222, 54, 127, 249, 118, 247,
       254, 87, 213, 95, 126, 191, 110, 255, 215, 99, 107, 247, 127, 193,
       247, 233, 107, 166, 222, 120, 217, 245, 235, 223, 36, 85, 190,
       215, 120, 249, 117, 120, 93, 185, 47, 213, 52, 245, 111, 153, 172,
       24, 5, 240, 29, 156, 73, 16, 242, 51, 189, 89, 87, 32, 250, 61,
       182, 117, 166, 62, 189, 191, 120, 246, 126, 210, 117, 237, 127,
       152, 85, 242, 255, 67, 96, 245, 34, 195, 246, 205, 184, 228, 207,
       90, 28, 241, 235, 223, 44, 85, 190, 95, 120, 233, 116, 120, 92,
       58, 175, 213, 49, 247, 111, 153, 172, 24, 5, 240, 29, 156, 73, 16,
       242, 51, 189, 88, 87, 32, 250, 60, 189, 253, 254, 62, 255, 249,
       127, 247, 252, 215, 245, 125, 126, 189, 214, 254, 222, 99, 99,
       245, 127, 211, 247, 221, 170, 230, 223, 122, 221, 245, 235, 207,
       44, 87, 190, 223, 122, 249, 124, 248, 93, 57, 47, 213, 53, 247,
       111, 153, 172, 24, 13, 240, 29, 156, 73, 16, 242, 115, 189, 90,
       87, 40, 250, 63, 182, 125, 190, 62, 189, 189, 121, 247, 254, 215,
       241, 253, 127, 185, 87, 242, 254, 67, 99, 245, 118, 211, 247, 221,
       186, 228, 223, 122, 221, 245, 235, 215, 44, 87, 190, 219, 120,
       233, 125, 120, 92, 57, 47, 212, 53, 247, 111, 153, 172, 24, 5,
       240, 29, 156, 73, 16, 242, 51, 189, 88, 87, 32, 250, 61, 179, 253,
       246, 63, 189, 249, 124, 246, 252, 214, 245, 253, 127, 185, 84,
       254, 254, 195, 115, 245, 110, 195, 247, 205, 170, 228, 251, 126,
       93, 245, 235, 223, 44, 85, 190, 127, 120, 249, 124, 120, 92, 59,
       47, 212, 53, 247, 111, 185, 172, 24, 5, 240, 29, 156, 73, 20, 242,
       55, 189, 90, 87, 32, 250, 62, 177, 253, 254, 62, 181, 253, 122,
       247, 254, 213, 241, 253, 126, 181, 86, 242, 222, 99, 99, 245, 54,
       195, 127, 205, 170, 230, 219, 90, 253, 245, 235, 215, 44, 85, 190,
       223, 120, 233, 117, 120, 92, 57, 47, 212, 53, 247, 111, 153, 172,
       24, 5, 240, 29, 156, 73, 16, 242, 51, 189, 120, 87, 32, 250 ]
