%YAML:1.0
descriptors: !!opencv-matrix
   rows: 54
   cols: 64
   dt: u
   data: [ 63, 53, 125, 162, 55, 53, 61, 95, 246, 222, 240, 49, 125, 42,
       177, 87, 250, 214, 3, 96, 225, 34, 193, 118, 204, 137, 229, 73,
       82, 12, 241, 233, 214, 36, 85, 190, 82, 120, 137, 116, 120, 92,
       56, 47, 212, 21, 245, 110, 153, 172, 24, 5, 240, 29, 156, 73, 16,
       242, 51, 189, 88, 87, 32, 250, 62, 49, 125, 166, 55, 101, 61, 123,
       246, 204, 221, 53, 125, 47, 177, 119, 243, 212, 67, 96, 241, 34,
       193, 118, 204, 172, 228, 9, 82, 30, 113, 233, 214, 36, 85, 190,
       82, 120, 201, 116, 112, 92, 56, 46, 212, 20, 229, 111, 153, 172,
       24, 5, 240, 29, 156, 73, 16, 242, 51, 189, 88, 87, 32, 250, 60,
       176, 125, 174, 55, 53, 61, 124, 244, 92, 253, 53, 125, 62, 181,
       116, 242, 212, 67, 96, 225, 34, 193, 118, 76, 136, 164, 9, 82,
       140, 113, 233, 213, 36, 85, 190, 82, 120, 137, 116, 120, 92, 24,
       47, 212, 20, 244, 111, 153, 172, 24, 5, 240, 29, 156, 73, 16, 242,
       51, 188, 88, 87, 32, 248, 63, 51, 125, 166, 55, 53, 61, 126, 246,
       222, 250, 49, 125, 62, 177, 87, 243, 244, 3, 97, 225, 34, 193,
       118, 204, 173, 229, 9, 82, 12, 241, 233, 214, 36, 85, 190, 82,
       120, 129, 124, 112, 92, 56, 47, 212, 20, 245, 110, 153, 172, 24,
       5, 240, 29, 156, 73, 16, 242, 51, 189, 88, 87, 32, 250, 63, 51,
       125, 166, 55, 53, 29, 122, 246, 94, 251, 49, 109, 27, 145, 119,
       243, 212, 3, 96, 225, 34, 193, 118, 204, 173, 229, 9, 82, 28, 241,
       233, 214, 36, 85, 190, 82, 120, 161, 116, 112, 92, 56, 47, 212,
       20, 245, 110, 153, 172, 24, 5, 240, 29, 156, 73, 16, 242, 51, 188,
       88, 86, 32, 250, 63, 49, 117, 166, 23, 36, 53, 122, 214, 68, 252,
       49, 109, 27, 144, 87, 242, 212, 3, 96, 225, 34, 193, 118, 204,
       168, 228, 9, 82, 12, 113, 233, 214, 36, 85, 190, 82, 120, 137,
       116, 120, 92, 56, 47, 212, 16, 245, 111, 153, 172, 24, 5, 240, 29,
       156, 73, 16, 242, 51, 188, 88, 87, 32, 250, 61, 55, 117, 42, 22,
       53, 37, 127, 240, 94, 208, 49, 109, 63, 148, 84, 226, 212, 3, 96,
       225, 34, 193, 119, 76, 136, 164, 137, 82, 12, 49, 105, 215, 36,
       85, 186, 82, 120, 129, 116, 120, 94, 24, 15, 212, 20, 229, 79,
       153, 172, 24, 5, 240, 29, 156, 73, 16, 242, 51, 188, 88, 87, 32,
       250, 60, 48, 117, 174, 23, 33, 53, 127, 212, 0, 213, 49, 125, 63,
       148, 84, 226, 220, 3, 96, 225, 34, 193, 118, 76, 136, 164, 137,
       82, 12, 49, 232, 213, 36, 85, 186, 83, 120, 129, 116, 120, 94, 24,
       15, 212, 21, 231, 79, 153, 172, 24, 5, 240, 29, 156, 73, 16, 242,
       51, 188, 88, 87, 32, 248, 31, 48, 93, 46, 23, 33, 61, 122, 244,
       10, 213, 49, 125, 46, 164, 83, 226, 220, 3, 96, 225, 34, 193, 118,
       76, 136, 164, 137, 82, 12, 49, 232, 215, 36, 85, 186, 83, 120,
       129, 116, 120, 92, 24, 15, 212, 21, 231, 79, 153, 172, 24, 5, 240,
       29, 156, 73, 16, 242, 51, 188, 88, 87, 32, 250, 61, 53, 117, 38,
       55, 33, 61, 126, 224, 4, 209, 48, 125, 14, 164, 83, 226, 220, 3,
       96, 225, 34, 193, 118, 204, 168, 228, 137, 82, 12, 113, 233, 215,
       36, 85, 190, 83, 120, 129, 116, 120, 92, 24, 15, 212, 21, 231, 78,
       153, 172, 24, 5, 240, 29, 156, 73, 16, 242, 51, 188, 88, 87, 32,
       250, 61, 52, 117, 38, 23, 33, 37, 122, 224, 4, 213, 49, 125, 47,
       160, 81, 226, 220, 3, 96, 225, 34, 193, 118, 204, 168, 228, 137,
       82, 12, 113, 233, 215, 36, 85, 190, 83, 120, 129, 116, 120, 92,
       24, 15, 212, 21, 231, 79, 153, 172, 24, 5, 240, 29, 156, 73, 16,
       242, 51, 188, 88, 87, 32, 250, 63, 49, 125, 166, 55, 37, 57, 126,
       244, 94, 214, 53, 125, 43, 177, 87, 242, 220, 3, 96, 225, 34, 193,
       118, 76, 136, 164, 137, 82, 12, 113, 233, 215, 36, 85, 186, 83,
       120, 129, 116, 120, 92, 24, 15, 212, 21, 231, 79, 153, 172, 24, 5,
       240, 29, 156, 73, 16, 242, 51, 188, 88, 87, 32, 250, 194, 1, 130,
       19, 209, 128, 4, 206, 2, 3, 1, 98, 162, 194, 162, 11, 74, 1, 33,
       71, 75, 133, 67, 67, 70, 211, 176, 41, 146, 8, 2, 0, 215, 38, 84,
       186, 2, 56, 69, 84, 96, 64, 56, 43, 213, 92, 149, 134, 25, 172,
       24, 5, 112, 24, 156, 73, 16, 240, 49, 189, 88, 87, 32, 250, 66,
       33, 139, 19, 200, 128, 136, 133, 66, 163, 17, 6, 160, 198, 3, 18,
       100, 3, 0, 150, 203, 165, 67, 69, 142, 192, 180, 13, 130, 136,
       130, 34, 87, 44, 5, 186, 90, 40, 67, 84, 0, 64, 16, 40, 213, 84,
       129, 47, 153, 172, 24, 1, 176, 24, 28, 75, 16, 114, 51, 189, 88,
       85, 96, 234, 5, 7, 0, 0, 81, 138, 32, 91, 32, 0, 130, 37, 0, 75,
       128, 5, 66, 37, 1, 68, 65, 6, 16, 67, 6, 136, 0, 5, 16, 12, 32, 0,
       78, 38, 84, 186, 0, 50, 1, 132, 196, 64, 24, 130, 64, 64, 160,
       206, 16, 36, 24, 0, 96, 24, 143, 1, 16, 34, 19, 180, 8, 70, 32,
       120, 65, 6, 128, 2, 201, 130, 6, 76, 160, 1, 130, 102, 160, 71,
       162, 1, 66, 33, 1, 84, 200, 39, 75, 101, 66, 192, 24, 6, 146, 8,
       1, 0, 223, 38, 69, 186, 80, 56, 13, 68, 64, 84, 24, 14, 85, 116,
       165, 199, 24, 44, 24, 4, 240, 29, 156, 73, 16, 114, 51, 181, 8,
       87, 32, 90, 229, 7, 230, 144, 23, 7, 1, 223, 36, 192, 131, 54,
       178, 206, 162, 71, 98, 117, 35, 87, 27, 167, 210, 115, 6, 138,
       176, 13, 82, 28, 48, 9, 206, 36, 84, 186, 82, 120, 65, 212, 80,
       80, 56, 46, 193, 20, 193, 110, 153, 172, 24, 5, 240, 28, 156, 73,
       16, 242, 51, 189, 88, 86, 32, 250, 66, 0, 128, 3, 204, 130, 10, 5,
       66, 34, 19, 4, 128, 6, 11, 2, 66, 69, 1, 192, 200, 1, 195, 65, 12,
       128, 168, 13, 18, 8, 49, 74, 85, 36, 85, 186, 90, 122, 129, 86,
       160, 80, 16, 10, 69, 28, 128, 77, 153, 172, 24, 5, 240, 29, 156,
       73, 16, 114, 51, 188, 72, 87, 32, 242, 63, 50, 125, 162, 55, 53,
       61, 124, 246, 94, 209, 48, 125, 63, 176, 86, 242, 212, 67, 96,
       241, 34, 193, 118, 204, 168, 228, 9, 82, 28, 113, 233, 212, 36,
       85, 190, 82, 120, 129, 116, 120, 92, 24, 47, 212, 20, 228, 78,
       153, 172, 24, 5, 240, 29, 156, 73, 16, 242, 51, 188, 88, 87, 32,
       250, 100, 35, 231, 144, 20, 7, 1, 126, 230, 70, 145, 50, 77, 235,
       147, 70, 250, 213, 67, 102, 81, 165, 194, 247, 14, 170, 180, 13,
       82, 140, 48, 105, 215, 36, 86, 186, 82, 120, 1, 92, 80, 64, 24,
       14, 209, 16, 193, 78, 153, 172, 24, 1, 240, 28, 156, 73, 16, 242,
       51, 157, 88, 87, 32, 251, 63, 48, 125, 166, 23, 37, 61, 124, 230,
       78, 209, 48, 125, 47, 177, 87, 242, 212, 67, 96, 241, 34, 193,
       118, 204, 168, 228, 137, 82, 28, 113, 233, 212, 44, 85, 190, 82,
       120, 129, 116, 120, 92, 24, 47, 212, 21, 228, 78, 153, 172, 24, 5,
       240, 29, 156, 73, 16, 242, 51, 188, 88, 87, 32, 250, 3, 1, 1, 2,
       5, 0, 0, 10, 2, 2, 1, 66, 128, 1, 6, 3, 4, 68, 0, 5, 0, 4, 192,
       64, 0, 144, 25, 0, 16, 8, 0, 8, 84, 16, 152, 0, 0, 12, 2, 0, 32,
       34, 40, 9, 18, 20, 16, 144, 80, 8, 48, 4, 1, 0, 100, 10, 1, 0, 0,
       48, 4, 85, 0, 35, 5, 37, 1, 0, 17, 128, 4, 90, 64, 0, 134, 48, 96,
       3, 128, 1, 66, 100, 3, 64, 193, 32, 1, 67, 4, 128, 0, 9, 18, 12,
       1, 65, 92, 36, 84, 154, 0, 48, 1, 84, 48, 80, 24, 131, 64, 16,
       164, 78, 16, 36, 24, 4, 112, 24, 12, 1, 16, 34, 51, 184, 8, 23,
       36, 72, 119, 49, 233, 146, 87, 151, 31, 126, 134, 102, 17, 54,
       177, 206, 179, 70, 234, 213, 65, 102, 203, 183, 194, 103, 14, 178,
       176, 13, 82, 24, 112, 105, 199, 36, 85, 186, 82, 120, 193, 92,
       112, 72, 20, 15, 213, 20, 229, 79, 153, 172, 24, 5, 240, 29, 156,
       65, 16, 242, 51, 189, 88, 87, 32, 250, 1, 6, 36, 0, 73, 134, 7,
       92, 164, 36, 0, 4, 1, 13, 128, 5, 66, 100, 3, 96, 208, 34, 24, 96,
       0, 160, 12, 4, 16, 8, 1, 64, 69, 36, 22, 186, 0, 32, 1, 68, 4, 64,
       24, 135, 64, 112, 164, 77, 16, 44, 24, 0, 112, 24, 156, 1, 16, 98,
       51, 156, 72, 86, 32, 248, 102, 33, 193, 146, 87, 130, 6, 15, 198,
       98, 17, 52, 49, 134, 177, 82, 98, 85, 1, 68, 131, 33, 193, 7, 12,
       128, 168, 13, 18, 8, 49, 104, 71, 36, 85, 186, 66, 120, 1, 86, 32,
       64, 20, 10, 84, 28, 193, 78, 153, 44, 24, 5, 48, 24, 148, 73, 16,
