%YAML:1.0
descriptors: !!opencv-matrix
   rows: 30
   cols: 64
   dt: u
   data: [ 255, 223, 255, 255, 239, 223, 223, 143, 191, 247, 61, 206,
       159, 255, 127, 255, 253, 255, 60, 255, 158, 255, 254, 123, 255,
       215, 255, 127, 255, 251, 223, 127, 183, 255, 251, 79, 251, 221,
       254, 251, 119, 191, 233, 253, 191, 222, 253, 191, 223, 219, 247,
       255, 255, 231, 246, 255, 249, 223, 248, 127, 247, 253, 223, 255,
       61, 54, 125, 166, 63, 189, 57, 120, 244, 94, 210, 49, 125, 59,
       184, 85, 242, 244, 67, 96, 241, 114, 145, 116, 76, 168, 164, 153,
       122, 92, 125, 233, 85, 36, 86, 190, 82, 122, 129, 116, 220, 93,
       24, 14, 208, 5, 192, 79, 153, 172, 24, 5, 242, 29, 159, 73, 24,
       242, 51, 188, 88, 23, 32, 249, 60, 51, 117, 180, 54, 37, 41, 127,
       212, 220, 210, 53, 125, 46, 153, 86, 242, 212, 67, 96, 241, 34,
       208, 247, 157, 168, 228, 137, 82, 220, 117, 233, 70, 44, 87, 190,
       214, 120, 193, 92, 120, 84, 49, 174, 196, 37, 229, 110, 153, 172,
       152, 9, 242, 29, 156, 81, 0, 242, 51, 185, 90, 7, 32, 250, 60, 51,
       117, 182, 54, 53, 57, 127, 212, 220, 210, 53, 125, 62, 185, 86,
       250, 212, 67, 96, 241, 50, 193, 183, 157, 168, 228, 137, 82, 216,
       117, 233, 70, 36, 87, 190, 86, 122, 193, 124, 120, 85, 52, 46,
       196, 37, 229, 110, 153, 172, 24, 5, 242, 29, 156, 73, 16, 242, 51,
       189, 90, 22, 32, 250, 61, 21, 124, 190, 55, 37, 57, 126, 54, 84,
       213, 53, 61, 127, 177, 87, 250, 212, 65, 96, 241, 34, 193, 51, 76,
       168, 160, 9, 82, 28, 120, 233, 214, 36, 21, 186, 82, 122, 129,
       116, 208, 94, 24, 14, 208, 20, 193, 78, 153, 172, 24, 5, 240, 29,
       156, 73, 16, 242, 51, 189, 88, 86, 34, 251, 69, 34, 65, 49, 152,
       0, 35, 236, 192, 38, 194, 48, 64, 131, 131, 66, 226, 212, 1, 96,
       201, 128, 142, 56, 76, 136, 168, 9, 210, 8, 49, 107, 113, 36, 84,
       186, 82, 112, 1, 214, 144, 64, 24, 14, 64, 20, 192, 77, 153, 44,
       24, 5, 112, 28, 148, 73, 16, 240, 35, 188, 88, 86, 32, 241, 109,
       46, 231, 185, 248, 247, 163, 252, 189, 255, 202, 29, 217, 189,
       251, 231, 203, 221, 219, 110, 252, 193, 206, 184, 79, 233, 156,
       165, 248, 70, 59, 155, 117, 37, 85, 187, 84, 114, 237, 116, 252,
       84, 26, 62, 69, 167, 107, 241, 157, 44, 28, 37, 209, 29, 156, 72,
       144, 236, 35, 189, 78, 70, 32, 242, 242, 216, 138, 143, 239, 155,
       222, 129, 31, 227, 21, 206, 190, 92, 102, 29, 189, 179, 60, 151,
       206, 119, 155, 108, 243, 86, 249, 126, 150, 251, 215, 54, 135,
       253, 203, 69, 250, 201, 238, 107, 113, 93, 101, 121, 181, 92, 189,
       49, 215, 218, 152, 47, 189, 225, 216, 243, 115, 95, 180, 61, 180,
       249, 220, 206, 255, 252, 255, 247, 255, 191, 255, 248, 255, 127,
       253, 251, 255, 122, 246, 253, 243, 245, 127, 119, 253, 255, 179,
       124, 239, 255, 255, 63, 255, 95, 127, 191, 215, 109, 30, 255, 214,
       125, 249, 253, 90, 223, 127, 63, 209, 31, 253, 31, 157, 173, 26,
       5, 248, 189, 159, 73, 80, 246, 51, 189, 223, 223, 34, 185, 4, 3,
       1, 146, 192, 2, 0, 79, 2, 2, 2, 4, 1, 198, 129, 0, 66, 84, 1, 70,
       70, 168, 128, 3, 14, 130, 34, 9, 146, 8, 16, 8, 114, 38, 85, 186,
       0, 98, 71, 68, 128, 96, 16, 74, 64, 4, 193, 206, 17, 44, 16, 4,
       32, 24, 132, 9, 0, 96, 33, 185, 72, 6, 33, 240, 5, 6, 0, 0, 0, 0,
       4, 64, 0, 2, 0, 0, 64, 1, 129, 2, 192, 72, 1, 96, 192, 32, 0, 66,
       76, 128, 0, 72, 0, 12, 49, 64, 80, 0, 85, 170, 0, 104, 1, 64, 32,
       0, 24, 15, 84, 20, 100, 78, 25, 44, 24, 4, 112, 25, 140, 73, 16,
       242, 51, 188, 72, 86, 32, 248, 252, 222, 254, 191, 255, 255, 190,
       241, 62, 255, 126, 223, 159, 126, 255, 252, 247, 215, 61, 103,
       213, 37, 195, 114, 77, 223, 185, 111, 219, 79, 247, 251, 215, 36,
       85, 186, 82, 120, 233, 116, 114, 92, 56, 47, 213, 22, 247, 111,
       153, 172, 24, 5, 240, 29, 156, 73, 16, 242, 51, 189, 88, 87, 32,
       250, 69, 2, 131, 83, 217, 130, 3, 72, 40, 33, 2, 3, 130, 195, 130,
       1, 66, 69, 25, 38, 202, 173, 138, 105, 70, 202, 10, 39, 146, 9, 1,
       79, 19, 167, 84, 59, 0, 228, 39, 134, 197, 96, 8, 66, 73, 8, 201,
       147, 64, 4, 24, 52, 69, 250, 140, 171, 81, 44, 51, 159, 72, 68,
       49, 249, 79, 55, 197, 55, 127, 243, 158, 140, 242, 186, 154, 103,
       252, 118, 35, 83, 237, 215, 35, 247, 197, 39, 67, 118, 196, 222,
       244, 239, 82, 12, 179, 98, 215, 44, 85, 190, 90, 120, 233, 116,
       120, 92, 56, 47, 213, 85, 245, 111, 153, 172, 24, 5, 240, 29, 156,
       73, 16, 242, 51, 189, 88, 87, 32, 250, 66, 1, 128, 146, 129, 128,
       0, 15, 6, 2, 17, 6, 144, 196, 3, 6, 72, 17, 0, 212, 72, 167, 194,
       99, 30, 128, 144, 8, 146, 136, 0, 8, 71, 36, 0, 186, 82, 40, 1,
       64, 0, 64, 16, 138, 209, 20, 129, 79, 25, 172, 24, 1, 112, 24,
       156, 73, 16, 114, 51, 157, 72, 87, 32, 250, 1, 7, 133, 0, 200,
       148, 33, 86, 32, 68, 2, 6, 128, 125, 50, 5, 64, 109, 1, 100, 208,
       37, 90, 243, 74, 40, 20, 4, 176, 0, 16, 1, 87, 38, 83, 184, 80,
       40, 5, 8, 100, 52, 24, 135, 69, 64, 101, 195, 24, 44, 24, 0, 209,
       29, 156, 9, 16, 96, 19, 181, 72, 87, 32, 250, 66, 1, 129, 18, 192,
       130, 2, 14, 66, 34, 1, 6, 160, 194, 3, 18, 110, 3, 0, 148, 10,
       133, 67, 7, 6, 128, 184, 13, 2, 168, 0, 0, 3, 44, 71, 186, 8, 8,
       3, 66, 32, 64, 0, 8, 129, 92, 129, 15, 17, 172, 24, 1, 48, 24, 20,
       67, 16, 50, 17, 49, 24, 84, 32, 107, 4, 71, 4, 136, 0, 93, 36,
       199, 37, 68, 14, 4, 16, 61, 127, 165, 137, 120, 129, 36, 80, 192,
       52, 32, 88, 21, 21, 0, 161, 134, 26, 17, 208, 2, 67, 136, 0, 66,
       9, 8, 54, 49, 24, 23, 20, 214, 100, 196, 1, 33, 118, 12, 19, 27,
       130, 8, 144, 64, 40, 36, 64, 70, 34, 240, 71, 37, 128, 18, 81, 2,
       4, 74, 34, 0, 129, 34, 34, 195, 132, 3, 98, 33, 0, 68, 3, 167, 65,
       67, 70, 130, 160, 13, 18, 8, 0, 0, 82, 36, 20, 186, 0, 40, 3, 68,
       0, 66, 24, 139, 193, 88, 133, 78, 16, 36, 24, 0, 32, 24, 28, 3,
       24, 50, 19, 145, 8, 84, 32, 107, 0, 1, 0, 128, 0, 0, 0, 66, 2,
       130, 35, 2, 0, 128, 1, 3, 0, 64, 4, 5, 0, 132, 0, 66, 0, 128, 1,
       0, 16, 8, 0, 16, 112, 16, 144, 136, 0, 76, 2, 128, 0, 32, 16, 0,
       2, 4, 0, 204, 16, 40, 48, 20, 0, 24, 36, 10, 17, 0, 0, 48, 4, 16,
       64, 32, 70, 4, 1, 2, 200, 130, 2, 77, 128, 98, 0, 4, 128, 2, 129,
       0, 66, 5, 1, 64, 200, 1, 74, 64, 28, 128, 136, 13, 2, 8, 33, 72,
       69, 36, 20, 186, 0, 40, 5, 86, 0, 64, 16, 136, 65, 20, 128, 73,
       17, 44, 24, 0, 32, 24, 28, 1, 16, 98, 51, 184, 8, 6, 32, 240, 5,
       2, 4, 8, 9, 177, 39, 88, 36, 16, 138, 5, 0, 61, 169, 5, 64, 124,
       195, 96, 240, 98, 24, 112, 64, 60, 8, 0, 60, 4, 33, 193, 220, 64,
       211, 168, 17, 32, 1, 0, 44, 16, 26, 135, 68, 225, 102, 68, 24, 36,
       24, 0, 242, 28, 138, 9, 56, 192, 39, 132, 64, 71, 36, 80, 69, 7,
       196, 20, 89, 162, 35, 94, 32, 64, 128, 97, 2, 121, 128, 1, 226,
       77, 9, 103, 192, 45, 192, 115, 68, 138, 136, 14, 80, 12, 33, 73,
       223, 39, 84, 186, 16, 56, 69, 244, 212, 64, 24, 135, 193, 24, 225,
       79, 25, 164, 24, 4, 241, 28, 156, 73, 16, 250, 51, 157, 88, 87,
       32, 251, 110, 34, 237, 144, 94, 151, 131, 95, 228, 230, 147, 48,
       121, 64, 179, 71, 194, 213, 91, 118, 192, 49, 210, 119, 12, 192,
       172, 15, 82, 28, 49, 106, 119, 45, 86, 187, 90, 120, 5, 84, 208,
       64, 20, 14, 209, 28, 193, 79, 157, 172, 24, 5, 115, 125, 156, 75,
       80, 254, 51, 188, 88, 86, 48, 249, 254, 113, 253, 158, 54, 23, 93,
       111, 231, 70, 61, 176, 127, 234, 182, 94, 243, 214, 102, 101, 19,
       242, 241, 55, 220, 139, 164, 25, 83, 152, 124, 41, 210, 44, 22,
       190, 66, 112, 129, 252, 82, 203, 60, 47, 208, 20, 197, 78, 153,
       172, 16, 5, 98, 29, 148, 73, 24, 242, 49, 188, 88, 86, 34, 249,
       64, 35, 101, 16, 216, 134, 3, 121, 192, 32, 130, 22, 193, 69, 145,
       0, 226, 69, 3, 102, 194, 39, 0, 199, 14, 200, 172, 12, 130, 12,
       33, 72, 87, 39, 69, 187, 16, 56, 69, 68, 52, 64, 24, 143, 69, 124,
