%YAML:1.0
descriptors: !!opencv-matrix
   rows: 9
   cols: 64
   dt: u
   data: [ 187, 255, 255, 223, 55, 255, 221, 155, 255, 255, 189, 250,
       191, 255, 127, 223, 255, 247, 122, 187, 183, 127, 211, 127, 245,
       247, 247, 127, 127, 251, 214, 235, 223, 110, 255, 254, 218, 125,
       250, 127, 124, 221, 235, 253, 183, 244, 245, 111, 255, 190, 152,
       79, 240, 189, 254, 95, 57, 247, 122, 255, 251, 253, 237, 250, 6,
       32, 193, 129, 216, 128, 3, 77, 128, 106, 2, 52, 129, 70, 131, 64,
       226, 84, 1, 96, 201, 33, 202, 105, 12, 136, 40, 15, 18, 8, 49, 79,
       117, 38, 84, 186, 16, 112, 5, 86, 0, 64, 24, 10, 64, 20, 193, 87,
       153, 44, 24, 4, 112, 28, 156, 73, 16, 114, 35, 188, 72, 70, 32,
       240, 15, 177, 137, 62, 62, 179, 220, 30, 82, 184, 132, 225, 112,
       86, 165, 83, 224, 223, 33, 211, 197, 37, 67, 211, 197, 202, 224,
       207, 82, 76, 177, 98, 215, 44, 85, 186, 91, 120, 233, 116, 112,
       92, 48, 47, 213, 85, 183, 111, 153, 172, 24, 5, 240, 29, 156, 65,
       16, 242, 51, 189, 88, 87, 32, 250, 28, 181, 220, 246, 63, 187,
       248, 119, 50, 248, 87, 245, 28, 118, 160, 80, 226, 223, 33, 99,
       197, 37, 195, 115, 77, 202, 160, 79, 82, 77, 181, 106, 215, 36,
       85, 186, 83, 120, 233, 116, 112, 92, 56, 47, 213, 20, 247, 111,
       153, 172, 24, 5, 240, 29, 156, 73, 16, 242, 51, 189, 88, 87, 32,
       250, 39, 54, 113, 34, 221, 162, 39, 72, 230, 0, 128, 48, 109, 11,
       128, 85, 226, 229, 3, 80, 225, 34, 17, 117, 68, 136, 104, 13, 82,
       12, 97, 105, 84, 36, 86, 190, 66, 48, 1, 84, 68, 66, 24, 139, 64,
       81, 192, 79, 152, 36, 24, 0, 112, 28, 140, 73, 16, 178, 51, 156,
       88, 87, 32, 120, 29, 33, 221, 22, 43, 131, 188, 110, 242, 186,
       196, 113, 124, 103, 161, 66, 230, 155, 35, 115, 197, 39, 193, 247,
       192, 10, 228, 206, 64, 12, 177, 106, 223, 44, 69, 190, 83, 120,
       233, 116, 120, 92, 56, 47, 213, 117, 247, 111, 153, 172, 24, 5,
       240, 29, 156, 73, 16, 242, 51, 189, 88, 87, 32, 250, 190, 249,
       125, 238, 55, 45, 221, 123, 247, 93, 253, 251, 127, 122, 244, 92,
       243, 246, 103, 115, 117, 126, 177, 119, 254, 191, 245, 155, 255,
       251, 254, 233, 206, 108, 14, 254, 254, 121, 217, 253, 91, 223,
       247, 47, 216, 53, 245, 110, 171, 183, 155, 141, 248, 29, 158, 81,
       56, 242, 127, 187, 123, 223, 46, 219, 62, 53, 117, 166, 22, 167,
       35, 127, 198, 68, 211, 52, 125, 14, 144, 86, 242, 244, 67, 96,
       241, 34, 208, 119, 156, 168, 228, 13, 82, 152, 113, 233, 70, 44,
       71, 190, 194, 56, 1, 92, 56, 80, 20, 143, 196, 48, 165, 78, 152,
       172, 153, 9, 114, 28, 156, 81, 40, 178, 51, 184, 88, 214, 40, 250,
       55, 50, 113, 130, 17, 0, 5, 72, 230, 70, 129, 48, 37, 11, 128, 87,
       234, 212, 7, 96, 65, 34, 161, 36, 76, 152, 160, 9, 18, 8, 49, 41,
       80, 36, 84, 186, 66, 112, 1, 84, 16, 64, 24, 15, 208, 20, 196, 76,
       153, 172, 16, 5, 112, 28, 148, 73, 16, 242, 51, 188, 88, 86, 32,
       248 ]
