%YAML:1.0
descriptors: !!opencv-matrix
   rows: 12
   cols: 64
   dt: u
   data: [ 223, 51, 207, 183, 63, 243, 159, 184, 246, 191, 218, 247, 255,
       126, 178, 83, 249, 215, 35, 243, 229, 37, 195, 118, 205, 223, 241,
       111, 90, 78, 247, 235, 215, 44, 85, 190, 90, 120, 233, 116, 112,
       92, 56, 47, 213, 20, 245, 111, 153, 172, 24, 5, 240, 29, 156, 73,
       16, 242, 51, 189, 88, 87, 32, 250, 63, 53, 252, 158, 55, 39, 29,
       126, 182, 70, 245, 176, 61, 170, 180, 94, 242, 246, 67, 100, 113,
       210, 229, 55, 94, 169, 224, 89, 83, 28, 252, 169, 240, 36, 20,
       190, 66, 112, 1, 252, 82, 202, 28, 14, 208, 20, 193, 78, 153, 172,
       26, 5, 112, 28, 149, 73, 24, 242, 59, 156, 88, 86, 34, 249, 44,
       37, 229, 144, 16, 7, 33, 111, 132, 68, 194, 52, 81, 166, 153, 70,
       202, 92, 67, 100, 81, 32, 192, 147, 92, 168, 132, 129, 64, 140,
       48, 201, 64, 36, 69, 186, 0, 122, 1, 92, 144, 64, 20, 6, 68, 20,
       97, 78, 25, 44, 24, 4, 240, 28, 156, 9, 0, 226, 35, 184, 72, 6,
       32, 242, 76, 35, 237, 176, 16, 183, 35, 126, 128, 238, 194, 52,
       81, 38, 153, 66, 138, 93, 3, 100, 225, 33, 194, 243, 76, 136, 132,
       133, 80, 12, 49, 201, 215, 36, 85, 186, 82, 120, 129, 116, 112,
       84, 56, 46, 213, 20, 225, 111, 153, 172, 24, 5, 240, 29, 156, 73,
       16, 242, 51, 189, 72, 87, 32, 250, 7, 1, 129, 144, 1, 0, 4, 78, 2,
       2, 1, 2, 0, 192, 130, 2, 66, 68, 0, 4, 2, 164, 192, 3, 12, 128,
       160, 9, 18, 8, 0, 9, 82, 36, 20, 154, 0, 120, 3, 84, 0, 64, 24, 8,
       0, 20, 193, 14, 17, 44, 16, 4, 32, 24, 148, 9, 16, 98, 48, 29, 72,
       84, 32, 242, 35, 7, 0, 2, 77, 130, 7, 8, 34, 0, 0, 64, 32, 75, 4,
       5, 102, 103, 1, 20, 192, 35, 129, 102, 64, 128, 0, 12, 18, 8, 1,
       65, 22, 38, 80, 186, 0, 0, 5, 68, 68, 66, 24, 139, 64, 80, 229,
       79, 16, 36, 24, 0, 96, 24, 156, 9, 16, 50, 51, 157, 8, 87, 32,
       121, 67, 5, 128, 18, 65, 2, 6, 7, 2, 0, 1, 0, 16, 196, 34, 3, 76,
       17, 1, 70, 194, 39, 192, 67, 64, 194, 128, 12, 18, 0, 0, 64, 199,
       38, 81, 186, 2, 72, 69, 64, 112, 88, 16, 11, 213, 92, 165, 78, 25,
       172, 24, 5, 240, 25, 156, 65, 17, 242, 51, 189, 88, 87, 32, 234,
       65, 7, 130, 16, 65, 2, 2, 6, 0, 0, 3, 6, 2, 197, 3, 3, 8, 73, 33,
       70, 78, 173, 194, 3, 66, 66, 144, 4, 16, 0, 0, 0, 210, 39, 81,
       170, 80, 40, 70, 64, 112, 48, 56, 47, 213, 28, 165, 110, 25, 172,
       24, 5, 241, 93, 156, 11, 17, 226, 51, 189, 72, 86, 0, 250, 64, 1,
       128, 146, 2, 7, 4, 39, 6, 102, 1, 4, 16, 164, 49, 2, 12, 80, 0,
       100, 128, 161, 192, 35, 8, 0, 132, 12, 0, 128, 16, 72, 83, 36, 17,
       186, 2, 104, 0, 64, 48, 64, 20, 46, 197, 20, 197, 78, 25, 168, 24,
       5, 112, 24, 156, 73, 16, 114, 51, 189, 72, 86, 32, 250, 66, 4,
       128, 146, 8, 134, 6, 7, 2, 100, 3, 0, 16, 68, 16, 2, 100, 83, 1,
       96, 192, 33, 192, 67, 72, 128, 132, 12, 18, 0, 17, 65, 71, 36, 81,
       186, 0, 72, 0, 64, 32, 64, 16, 11, 197, 20, 229, 79, 25, 172, 24,
       5, 112, 24, 156, 73, 16, 114, 51, 189, 72, 87, 32, 234, 123, 254,
       125, 255, 255, 189, 223, 24, 255, 255, 253, 251, 189, 123, 124,
       125, 246, 247, 126, 187, 255, 127, 219, 124, 237, 255, 255, 127,
       127, 123, 255, 255, 215, 239, 223, 55, 255, 249, 255, 127, 127,
       95, 235, 109, 213, 95, 253, 51, 191, 223, 24, 109, 247, 245, 223,
       255, 121, 254, 247, 191, 251, 255, 191, 255, 194, 2, 129, 163,
       217, 130, 130, 136, 8, 107, 2, 79, 160, 66, 130, 1, 66, 85, 25, 0,
       200, 5, 138, 104, 6, 216, 56, 39, 146, 9, 33, 79, 87, 167, 92, 59,
       112, 247, 37, 22, 193, 64, 8, 8, 65, 12, 200, 145, 88, 12, 24, 36,
       69, 242, 141, 171, 16, 104, 162, 188, 76, 87, 48, 180 ]
