%YAML:1.0
descriptors: !!opencv-matrix
   rows: 8
   cols: 64
   dt: u
   data: [ 28, 49, 93, 150, 59, 161, 190, 125, 246, 186, 213, 113, 253,
       103, 177, 66, 246, 159, 67, 115, 213, 35, 195, 247, 200, 106, 228,
       254, 64, 140, 181, 234, 223, 44, 69, 190, 91, 120, 233, 116, 120,
       92, 56, 47, 213, 53, 247, 111, 153, 172, 24, 5, 240, 29, 156, 73,
       16, 242, 51, 189, 88, 87, 32, 250, 44, 38, 245, 168, 26, 127, 161,
       255, 244, 124, 194, 53, 125, 63, 187, 228, 235, 220, 195, 96, 241,
       128, 205, 180, 93, 168, 44, 129, 251, 204, 59, 235, 245, 36, 85,
       186, 82, 114, 9, 124, 252, 85, 24, 14, 84, 183, 98, 76, 153, 44,
       92, 4, 242, 29, 157, 73, 16, 240, 35, 188, 88, 70, 34, 240, 183,
       117, 124, 150, 55, 12, 31, 72, 166, 71, 185, 178, 189, 107, 180,
       87, 242, 247, 6, 117, 11, 226, 145, 102, 76, 158, 225, 121, 210,
       60, 244, 41, 210, 44, 22, 190, 66, 120, 129, 220, 50, 202, 56, 15,
       208, 20, 244, 14, 153, 172, 16, 5, 96, 29, 156, 73, 24, 242, 49,
       189, 88, 86, 32, 249, 63, 180, 125, 134, 63, 133, 157, 72, 230,
       68, 151, 112, 253, 62, 176, 85, 242, 244, 3, 112, 193, 34, 209,
       118, 204, 136, 224, 27, 114, 28, 117, 105, 215, 44, 87, 190, 82,
       120, 233, 116, 112, 93, 56, 47, 212, 20, 245, 111, 153, 172, 24,
       5, 240, 29, 156, 73, 16, 242, 51, 189, 88, 87, 32, 250, 60, 253,
       255, 252, 54, 255, 253, 127, 253, 252, 252, 249, 127, 254, 255,
       222, 251, 221, 243, 107, 245, 119, 211, 247, 253, 255, 245, 191,
       123, 215, 119, 235, 207, 44, 87, 190, 255, 120, 249, 124, 120, 95,
       63, 175, 213, 53, 247, 111, 185, 172, 152, 13, 240, 29, 156, 73,
       20, 242, 119, 189, 91, 87, 40, 250, 62, 183, 125, 188, 55, 189,
       189, 121, 246, 222, 215, 241, 253, 126, 189, 85, 242, 252, 67,
       115, 245, 34, 209, 246, 221, 190, 229, 219, 82, 158, 245, 235,
       207, 44, 87, 190, 218, 120, 233, 124, 120, 92, 56, 47, 212, 53,
       247, 111, 153, 172, 24, 5, 240, 29, 156, 73, 16, 242, 51, 189, 88,
       87, 32, 250, 63, 182, 125, 174, 63, 189, 185, 126, 247, 254, 215,
       245, 125, 63, 185, 87, 254, 254, 67, 115, 245, 98, 209, 119, 205,
       186, 228, 219, 122, 28, 241, 235, 215, 44, 87, 190, 91, 120, 233,
       124, 120, 92, 56, 47, 212, 53, 247, 111, 153, 172, 24, 5, 240, 29,
       156, 73, 16, 242, 51, 189, 88, 87, 32, 250, 62, 177, 253, 190, 55,
       53, 61, 126, 246, 222, 213, 240, 125, 110, 180, 87, 254, 222, 67,
       115, 245, 38, 193, 119, 205, 170, 228, 217, 82, 156, 245, 233,
       215, 44, 87, 190, 91, 120, 233, 116, 120, 92, 56, 47, 212, 53,
       247, 111, 153, 172, 24, 5, 240, 29, 156, 73, 16, 242, 51, 189, 88,
       87, 32, 250 ]
