%YAML:1.0
descriptors: !!opencv-matrix
   rows: 16
   cols: 64
   dt: u
   data: [ 45, 54, 117, 32, 20, 180, 37, 120, 224, 30, 194, 49, 109, 11,
       129, 65, 226, 236, 195, 96, 241, 98, 16, 212, 196, 40, 164, 129,
       88, 28, 97, 201, 92, 12, 214, 190, 88, 56, 1, 117, 124, 68, 26,
       142, 64, 97, 130, 77, 56, 44, 24, 1, 240, 28, 28, 65, 36, 178, 23,
       156, 74, 215, 108, 120, 68, 34, 225, 144, 24, 2, 35, 110, 128,
       100, 195, 52, 65, 135, 147, 66, 234, 84, 3, 96, 201, 129, 196, 51,
       76, 136, 168, 13, 82, 12, 49, 73, 113, 36, 85, 186, 0, 112, 1, 86,
       16, 64, 24, 14, 64, 20, 193, 76, 25, 44, 24, 5, 112, 28, 148, 73,
       16, 242, 51, 188, 72, 70, 32, 240, 62, 50, 125, 162, 63, 189, 57,
       121, 244, 94, 210, 53, 125, 58, 185, 85, 242, 212, 67, 96, 241,
       114, 129, 116, 76, 168, 164, 137, 90, 92, 125, 233, 84, 36, 84,
       190, 82, 122, 129, 116, 216, 85, 24, 14, 208, 5, 192, 79, 153,
       172, 24, 5, 242, 29, 157, 73, 16, 242, 51, 188, 88, 23, 32, 249,
       60, 50, 117, 162, 63, 181, 33, 121, 246, 92, 210, 49, 125, 58,
       177, 85, 242, 212, 67, 96, 241, 34, 129, 118, 204, 136, 228, 137,
       82, 92, 113, 233, 212, 36, 84, 190, 82, 122, 129, 116, 216, 92,
       24, 14, 208, 5, 192, 79, 153, 172, 24, 5, 240, 29, 157, 73, 16,
       242, 51, 188, 88, 87, 32, 248, 71, 6, 193, 83, 217, 130, 3, 72,
       32, 97, 0, 35, 162, 203, 128, 1, 66, 69, 9, 38, 202, 45, 138, 107,
       70, 202, 10, 39, 146, 8, 1, 79, 19, 167, 84, 187, 0, 180, 39, 134,
       133, 98, 8, 194, 73, 24, 201, 147, 64, 36, 16, 52, 5, 120, 140,
       171, 64, 44, 34, 159, 72, 68, 49, 121, 5, 1, 1, 146, 0, 0, 1, 78,
       2, 66, 1, 16, 0, 130, 129, 2, 2, 68, 0, 100, 10, 128, 192, 2, 12,
       128, 128, 9, 18, 8, 16, 9, 80, 4, 84, 154, 0, 112, 3, 86, 0, 64,
       24, 10, 0, 28, 64, 12, 17, 44, 16, 4, 32, 24, 148, 10, 16, 98, 32,
       60, 72, 68, 32, 240, 66, 1, 136, 146, 2, 130, 12, 7, 2, 162, 17,
       2, 144, 128, 51, 18, 108, 19, 0, 196, 138, 165, 195, 3, 12, 128,
       180, 12, 2, 136, 16, 32, 67, 44, 5, 154, 74, 104, 3, 66, 32, 72,
       36, 9, 149, 28, 129, 15, 145, 172, 16, 5, 48, 25, 20, 67, 16, 114,
       49, 57, 88, 84, 32, 234, 3, 68, 8, 138, 3, 8, 4, 15, 39, 98, 41,
       128, 48, 170, 38, 22, 2, 16, 0, 1, 8, 144, 225, 32, 84, 129, 137,
       9, 19, 168, 16, 65, 176, 4, 16, 186, 2, 64, 1, 202, 34, 194, 44,
       9, 18, 22, 68, 76, 17, 160, 16, 4, 0, 25, 165, 10, 152, 96, 32,
       56, 8, 84, 32, 233, 100, 34, 33, 136, 2, 199, 3, 101, 132, 38, 18,
       20, 81, 6, 187, 70, 74, 84, 67, 68, 152, 147, 222, 4, 28, 128,
       140, 5, 0, 152, 17, 72, 97, 44, 71, 186, 0, 50, 5, 76, 32, 64, 20,
       138, 4, 228, 0, 64, 19, 44, 152, 0, 51, 25, 148, 16, 128, 98, 11,
       184, 72, 70, 40, 240, 2, 1, 0, 2, 0, 0, 0, 2, 0, 130, 1, 192, 0,
       1, 4, 2, 0, 64, 4, 129, 0, 0, 64, 64, 8, 16, 0, 0, 0, 0, 0, 0, 80,
       48, 56, 128, 0, 8, 0, 128, 128, 34, 56, 9, 2, 20, 0, 76, 17, 0,
       48, 0, 0, 8, 33, 8, 0, 3, 18, 112, 64, 80, 0, 171, 69, 7, 128, 18,
       1, 130, 0, 70, 2, 32, 3, 4, 0, 198, 137, 3, 74, 1, 1, 70, 198, 39,
       64, 67, 68, 130, 128, 13, 18, 8, 0, 64, 215, 38, 85, 186, 16, 56,
       193, 84, 32, 80, 24, 10, 197, 84, 165, 111, 153, 172, 24, 5, 240,
       29, 156, 73, 16, 114, 51, 189, 72, 87, 32, 250, 66, 2, 1, 163,
       223, 130, 138, 8, 70, 42, 19, 38, 177, 66, 35, 81, 98, 215, 25,
       84, 200, 37, 139, 76, 6, 128, 168, 13, 146, 40, 49, 106, 103, 165,
       85, 187, 122, 120, 37, 86, 160, 64, 16, 8, 65, 12, 129, 95, 153,
       44, 24, 5, 240, 24, 156, 195, 16, 114, 51, 188, 88, 23, 48, 241,
       69, 6, 128, 0, 73, 2, 38, 79, 160, 0, 128, 34, 0, 73, 130, 5, 74,
       37, 11, 68, 192, 39, 216, 99, 70, 216, 24, 13, 144, 12, 33, 64,
       207, 37, 68, 187, 0, 40, 5, 68, 64, 64, 24, 139, 65, 88, 165, 79,
       24, 44, 24, 0, 113, 120, 156, 3, 16, 250, 51, 181, 8, 87, 48, 122,
       243, 0, 89, 147, 218, 151, 215, 96, 198, 101, 21, 86, 189, 126,
       178, 84, 98, 215, 29, 103, 206, 39, 195, 118, 12, 218, 188, 47,
       210, 137, 17, 107, 215, 37, 84, 187, 82, 120, 237, 254, 80, 92,
       24, 15, 209, 28, 245, 79, 157, 172, 24, 5, 241, 125, 156, 203, 80,
       254, 51, 189, 88, 87, 48, 250, 104, 3, 229, 144, 223, 179, 3, 95,
       228, 18, 130, 36, 233, 121, 177, 69, 202, 245, 91, 102, 192, 39,
       82, 119, 6, 218, 140, 13, 82, 12, 49, 64, 215, 39, 86, 187, 82,
       120, 69, 116, 208, 84, 24, 14, 209, 92, 193, 79, 157, 172, 24, 5,
       241, 125, 156, 203, 80, 254, 51, 189, 88, 87, 48, 251, 112, 35,
       197, 211, 222, 147, 131, 124, 214, 60, 214, 87, 249, 112, 147, 64,
       234, 213, 89, 102, 196, 37, 195, 119, 14, 218, 184, 15, 210, 8,
       49, 107, 87, 39, 84, 187, 82, 120, 69, 84, 208, 84, 24, 14, 193,
       12, 193, 79, 157, 172, 24, 5, 241, 125, 156, 203, 80, 126, 51,
       189, 72, 23, 48, 250 ]
