%YAML:1.0
descriptors: !!opencv-matrix
   rows: 12
   cols: 64
   dt: u
   data: [ 61, 53, 124, 178, 23, 39, 49, 126, 52, 68, 213, 52, 61, 43,
       177, 86, 234, 212, 1, 96, 97, 32, 193, 51, 76, 168, 160, 9, 82,
       12, 112, 233, 212, 36, 20, 186, 82, 120, 129, 116, 80, 94, 24, 14,
       208, 20, 193, 78, 153, 172, 24, 5, 240, 29, 156, 73, 16, 242, 51,
       188, 88, 86, 34, 251, 63, 50, 125, 162, 63, 181, 9, 120, 230, 94,
       211, 48, 125, 59, 176, 85, 242, 244, 67, 96, 225, 114, 129, 116,
       204, 168, 228, 25, 122, 28, 113, 233, 84, 36, 84, 190, 82, 112,
       129, 84, 212, 92, 24, 15, 208, 4, 192, 77, 153, 172, 24, 5, 242,
       29, 158, 73, 16, 242, 51, 156, 88, 87, 32, 248, 61, 53, 125, 190,
       55, 39, 57, 127, 244, 70, 213, 52, 125, 170, 177, 86, 250, 212,
       67, 96, 113, 112, 193, 55, 28, 168, 224, 25, 122, 92, 124, 233,
       208, 36, 20, 186, 82, 120, 1, 116, 80, 203, 28, 14, 208, 21, 193,
       78, 153, 172, 24, 5, 242, 28, 156, 73, 24, 242, 59, 156, 88, 22,
       34, 251, 63, 50, 125, 162, 63, 189, 25, 120, 230, 94, 211, 48,
       125, 59, 176, 85, 242, 244, 67, 96, 241, 114, 129, 116, 76, 168,
       228, 25, 122, 92, 125, 233, 84, 36, 84, 190, 82, 114, 129, 84,
       212, 92, 24, 15, 208, 4, 192, 77, 153, 172, 24, 5, 242, 29, 159,
       73, 24, 242, 51, 188, 88, 87, 32, 249, 22, 33, 145, 148, 0, 0, 8,
       70, 2, 2, 1, 20, 66, 192, 130, 18, 98, 68, 0, 70, 2, 172, 192, 3,
       14, 130, 162, 73, 2, 40, 16, 8, 82, 38, 52, 154, 0, 124, 3, 84, 0,
       64, 16, 74, 170, 28, 193, 14, 17, 36, 16, 5, 32, 24, 148, 75, 128,
       114, 48, 25, 76, 68, 33, 242, 133, 2, 1, 33, 153, 160, 160, 200,
       8, 41, 2, 87, 128, 3, 130, 1, 2, 76, 133, 64, 200, 0, 138, 120,
       14, 152, 24, 35, 146, 8, 33, 95, 85, 164, 92, 186, 48, 240, 37,
       150, 193, 96, 10, 2, 72, 4, 72, 145, 8, 52, 88, 52, 69, 150, 140,
       40, 16, 32, 35, 140, 76, 7, 32, 184, 55, 53, 112, 22, 31, 134, 31,
       90, 230, 68, 149, 113, 45, 75, 164, 85, 242, 247, 3, 112, 193, 38,
       193, 119, 76, 154, 224, 13, 82, 24, 113, 105, 215, 36, 20, 190,
       82, 120, 97, 116, 112, 74, 24, 15, 212, 16, 245, 79, 153, 164, 24,
       5, 240, 28, 156, 73, 16, 242, 51, 189, 88, 87, 32, 250, 55, 53,
       209, 22, 21, 2, 29, 78, 226, 0, 129, 112, 36, 78, 164, 83, 234,
       215, 0, 99, 195, 47, 193, 103, 68, 138, 224, 13, 82, 40, 112, 105,
       215, 36, 20, 186, 66, 120, 193, 116, 112, 72, 56, 43, 213, 20,
       245, 79, 153, 172, 24, 5, 240, 28, 156, 73, 16, 242, 51, 189, 88,
       87, 32, 250, 44, 32, 97, 176, 26, 165, 41, 111, 196, 238, 210, 53,
       81, 6, 185, 70, 234, 212, 3, 98, 193, 32, 196, 27, 12, 136, 164,
       137, 82, 12, 49, 234, 69, 36, 85, 186, 82, 122, 129, 116, 240, 68,
       16, 14, 84, 20, 193, 111, 153, 172, 24, 5, 240, 29, 156, 73, 16,
       242, 51, 189, 88, 86, 32, 242, 124, 57, 255, 220, 54, 127, 217,
       119, 247, 220, 87, 149, 95, 254, 187, 254, 251, 213, 99, 111, 247,
       127, 192, 247, 221, 234, 166, 29, 122, 216, 116, 233, 215, 36, 85,
       190, 214, 122, 217, 117, 240, 93, 185, 47, 213, 54, 245, 110, 153,
       172, 153, 5, 240, 29, 157, 73, 16, 242, 123, 189, 89, 87, 32, 250,
       60, 189, 255, 254, 54, 127, 249, 127, 247, 220, 214, 245, 125,
       126, 189, 94, 254, 222, 99, 99, 245, 62, 209, 247, 221, 42, 228,
       223, 122, 220, 245, 235, 223, 44, 71, 190, 215, 120, 233, 124,
       120, 93, 57, 47, 212, 53, 247, 111, 185, 172, 152, 13, 240, 29,
       156, 73, 16, 242, 51, 189, 90, 87, 32, 250, 63, 182, 125, 162, 63,
       189, 185, 121, 245, 254, 214, 240, 253, 59, 185, 87, 242, 244, 67,
       115, 245, 114, 211, 119, 221, 184, 228, 155, 122, 93, 117, 235,
       215, 44, 87, 190, 218, 120, 233, 124, 124, 92, 56, 47, 212, 53,
       247, 111, 153, 172, 24, 5, 240, 29, 156, 73, 16, 242, 51, 189, 90,
       215, 40, 250 ]
