%YAML:1.0
descriptors: !!opencv-matrix
   rows: 15
   cols: 64
   dt: u
   data: [ 239, 238, 239, 255, 255, 127, 255, 255, 253, 254, 255, 191,
       249, 254, 255, 239, 139, 125, 251, 254, 255, 255, 223, 254, 127,
       253, 159, 183, 255, 255, 63, 223, 239, 255, 255, 123, 255, 255,
       255, 63, 63, 253, 235, 255, 127, 239, 255, 249, 127, 255, 255,
       255, 159, 255, 255, 190, 247, 237, 253, 127, 239, 239, 255, 246,
       13, 54, 100, 32, 157, 160, 162, 112, 48, 24, 194, 101, 108, 57,
       137, 1, 224, 236, 131, 240, 241, 2, 25, 240, 68, 40, 8, 128, 252,
       4, 33, 193, 92, 96, 84, 184, 85, 50, 9, 52, 221, 20, 26, 142, 64,
       97, 194, 77, 184, 60, 24, 4, 240, 29, 137, 73, 54, 242, 55, 180,
       74, 23, 36, 88, 68, 34, 225, 148, 24, 102, 40, 127, 64, 226, 195,
       52, 65, 132, 147, 66, 234, 68, 3, 96, 137, 161, 196, 155, 12, 136,
       160, 9, 82, 12, 49, 79, 113, 36, 85, 186, 16, 120, 1, 86, 16, 64,
       16, 14, 68, 4, 193, 111, 25, 44, 24, 5, 112, 28, 148, 73, 0, 242,
       51, 156, 72, 70, 32, 242, 60, 50, 117, 162, 159, 189, 33, 121,
       228, 94, 210, 53, 253, 62, 249, 100, 242, 212, 67, 96, 241, 34,
       129, 116, 76, 168, 164, 9, 210, 12, 121, 249, 112, 36, 85, 186,
       82, 114, 129, 244, 208, 84, 24, 14, 208, 6, 192, 77, 153, 44, 24,
       5, 240, 29, 157, 73, 16, 242, 51, 188, 88, 86, 32, 248, 69, 7,
       195, 145, 217, 134, 3, 78, 164, 101, 3, 22, 131, 239, 147, 71,
       194, 85, 41, 102, 206, 173, 202, 35, 78, 194, 138, 15, 146, 8, 16,
       79, 87, 39, 84, 187, 0, 112, 103, 86, 0, 96, 8, 14, 73, 28, 193,
       131, 25, 44, 24, 4, 113, 88, 148, 11, 16, 106, 49, 189, 72, 84,
       49, 248, 227, 14, 195, 83, 217, 130, 199, 200, 174, 103, 2, 90,
       163, 203, 130, 93, 226, 213, 61, 102, 206, 175, 138, 109, 78, 214,
       59, 47, 146, 9, 51, 79, 87, 167, 84, 187, 82, 245, 111, 214, 64,
       116, 8, 79, 217, 28, 253, 147, 221, 172, 24, 36, 245, 63, 156,
       235, 80, 124, 49, 61, 92, 85, 48, 248, 2, 1, 1, 2, 17, 0, 4, 78,
       134, 2, 1, 16, 17, 6, 160, 66, 194, 84, 1, 68, 0, 34, 192, 67, 76,
       128, 132, 9, 18, 8, 16, 8, 212, 36, 85, 186, 2, 120, 1, 84, 48,
       64, 16, 11, 84, 20, 164, 78, 17, 44, 24, 4, 48, 24, 156, 73, 16,
       114, 51, 188, 88, 86, 32, 250, 7, 37, 65, 2, 17, 4, 1, 79, 134,
       68, 1, 48, 1, 11, 128, 7, 194, 68, 1, 96, 1, 34, 192, 34, 76, 128,
       132, 9, 18, 8, 0, 73, 208, 36, 84, 154, 2, 56, 1, 84, 48, 64, 24,
       139, 80, 16, 192, 76, 17, 44, 16, 0, 48, 24, 148, 73, 16, 114, 51,
       188, 72, 86, 32, 249, 67, 4, 129, 50, 9, 2, 32, 79, 0, 34, 3, 4,
       0, 198, 131, 3, 74, 1, 1, 66, 138, 165, 72, 11, 4, 136, 130, 15,
       2, 9, 33, 70, 67, 166, 85, 58, 1, 168, 33, 70, 32, 96, 64, 8, 69,
       28, 1, 203, 25, 108, 24, 4, 116, 28, 20, 0, 16, 98, 177, 189, 136,
       86, 32, 246, 99, 69, 0, 218, 201, 130, 70, 1, 38, 66, 41, 0, 48,
       78, 36, 21, 68, 51, 4, 150, 198, 42, 145, 98, 80, 150, 3, 12, 146,
       24, 9, 65, 2, 38, 18, 146, 0, 64, 87, 194, 2, 98, 12, 201, 20, 28,
       197, 78, 0, 36, 16, 4, 39, 0, 132, 139, 25, 34, 114, 55, 0, 102,
       179, 33, 99, 5, 129, 210, 217, 130, 71, 9, 70, 65, 0, 67, 163, 74,
       160, 5, 98, 85, 29, 6, 206, 45, 138, 99, 14, 210, 2, 15, 146, 8,
       16, 13, 71, 39, 20, 155, 2, 96, 87, 214, 65, 96, 132, 75, 73, 28,
       201, 135, 21, 36, 24, 68, 97, 120, 140, 131, 81, 60, 114, 191, 72,
       117, 177, 248, 65, 6, 128, 17, 201, 130, 38, 84, 32, 101, 2, 0,
       128, 201, 2, 5, 66, 105, 25, 68, 200, 37, 90, 105, 66, 72, 136,
       38, 144, 5, 33, 71, 87, 165, 80, 59, 0, 160, 37, 66, 36, 0, 8,
       135, 69, 72, 205, 19, 28, 76, 24, 32, 117, 120, 156, 131, 64, 110,
       147, 180, 200, 86, 48, 108, 65, 15, 134, 81, 201, 159, 195, 118,
       188, 53, 6, 71, 138, 253, 58, 13, 72, 125, 121, 102, 222, 47, 218,
       115, 74, 122, 30, 38, 248, 0, 16, 3, 223, 35, 83, 185, 82, 62,
       255, 108, 244, 52, 152, 71, 77, 104, 253, 195, 221, 12, 24, 212,
       241, 125, 156, 203, 81, 254, 115, 191, 72, 117, 145, 250, 66, 9,
       142, 211, 206, 131, 194, 54, 30, 101, 22, 14, 155, 204, 19, 8,
       100, 85, 57, 102, 206, 13, 202, 107, 10, 202, 186, 46, 208, 9, 48,
       47, 87, 39, 85, 59, 82, 111, 247, 86, 208, 116, 136, 78, 201, 28,
       201, 151, 221, 140, 24, 213, 241, 125, 156, 203, 81, 126, 115,
       191, 88, 53, 145, 250, 242, 9, 139, 215, 203, 135, 215, 42, 158,
       37, 21, 75, 191, 232, 50, 92, 126, 215, 61, 103, 206, 47, 202,
       103, 58, 218, 190, 46, 210, 137, 16, 47, 215, 39, 4, 187, 82, 109,
       255, 126, 80, 253, 204, 79, 217, 28, 253, 151, 221, 140, 24, 213,
       241, 125, 156, 235, 81, 254, 115, 191, 88, 53, 145, 250 ]
