%YAML:1.0
descriptors: !!opencv-matrix
   rows: 9
   cols: 64
   dt: u
   data: [ 63, 51, 253, 246, 55, 183, 253, 126, 246, 220, 215, 117, 253,
       126, 176, 86, 254, 215, 99, 115, 245, 63, 195, 119, 205, 234, 228,
       223, 122, 220, 245, 235, 223, 44, 85, 190, 82, 120, 233, 124, 120,
       93, 56, 47, 213, 53, 245, 111, 153, 172, 24, 5, 240, 29, 156, 73,
       16, 242, 51, 189, 88, 87, 32, 250, 60, 188, 255, 255, 63, 245,
       249, 127, 255, 252, 214, 245, 125, 126, 187, 222, 255, 222, 99,
       107, 245, 119, 215, 255, 253, 235, 244, 223, 127, 221, 245, 239,
       207, 44, 87, 190, 215, 122, 249, 125, 120, 93, 123, 46, 213, 181,
       247, 111, 185, 172, 153, 13, 240, 29, 156, 73, 16, 242, 123, 189,
       219, 95, 40, 254, 31, 178, 204, 166, 63, 241, 153, 54, 52, 188,
       86, 245, 29, 62, 57, 115, 249, 222, 1, 243, 225, 32, 199, 115, 77,
       169, 160, 203, 90, 77, 245, 235, 215, 44, 85, 186, 91, 120, 233,
       116, 112, 93, 56, 46, 212, 21, 247, 111, 153, 172, 24, 5, 240, 29,
       156, 73, 16, 242, 51, 189, 88, 87, 32, 250, 61, 54, 245, 165, 62,
       245, 163, 124, 244, 252, 210, 53, 125, 63, 153, 68, 250, 252, 195,
       98, 241, 99, 223, 253, 92, 168, 164, 151, 126, 221, 113, 239, 125,
       108, 87, 190, 214, 250, 169, 124, 252, 84, 90, 142, 69, 161, 195,
       107, 185, 172, 152, 9, 242, 29, 156, 89, 36, 242, 51, 189, 218,
       135, 40, 254, 247, 50, 119, 129, 217, 132, 131, 200, 230, 109,
       130, 119, 237, 107, 147, 85, 234, 213, 7, 98, 201, 37, 138, 120,
       78, 218, 56, 47, 210, 10, 51, 127, 87, 37, 84, 187, 82, 112, 109,
       86, 80, 64, 24, 14, 193, 12, 201, 21, 153, 44, 24, 5, 240, 28,
       156, 73, 16, 240, 51, 157, 88, 87, 32, 248, 254, 48, 243, 247, 88,
       98, 121, 206, 192, 171, 209, 179, 103, 194, 146, 90, 250, 213, 51,
       99, 175, 173, 239, 31, 142, 203, 242, 175, 83, 41, 115, 239, 83,
       167, 52, 191, 83, 252, 101, 86, 88, 72, 240, 107, 203, 29, 193,
       255, 217, 172, 88, 5, 224, 30, 180, 73, 144, 242, 49, 157, 92, 86,
       48, 247, 214, 49, 209, 182, 85, 34, 6, 79, 66, 1, 17, 114, 163,
       195, 130, 81, 234, 213, 33, 101, 65, 5, 195, 115, 78, 219, 184,
       45, 210, 8, 48, 40, 214, 36, 84, 186, 82, 120, 201, 84, 112, 88,
       56, 47, 213, 20, 245, 78, 153, 172, 24, 5, 240, 28, 156, 73, 16,
       242, 51, 189, 88, 87, 32, 250, 61, 21, 124, 190, 55, 37, 57, 126,
       54, 70, 213, 180, 61, 43, 181, 87, 242, 212, 1, 96, 113, 32, 193,
       51, 76, 168, 160, 25, 83, 28, 120, 233, 212, 36, 20, 186, 82, 120,
       129, 116, 210, 94, 24, 14, 208, 20, 193, 78, 153, 172, 24, 5, 240,
       29, 156, 73, 24, 242, 51, 188, 88, 86, 34, 249, 63, 54, 125, 160,
       63, 189, 57, 120, 246, 94, 211, 48, 125, 59, 184, 85, 242, 244,
       67, 96, 241, 114, 145, 116, 76, 168, 228, 25, 126, 92, 125, 233,
       84, 36, 86, 190, 82, 114, 129, 84, 212, 85, 24, 14, 208, 132, 192,
       77, 153, 172, 24, 5, 242, 29, 159, 73, 16, 242, 51, 156, 88, 23,
       32, 249 ]
