%YAML:1.0
descriptors: !!opencv-matrix
   rows: 16
   cols: 64
   dt: u
   data: [ 62, 177, 236, 190, 63, 181, 221, 59, 247, 252, 244, 241, 61,
       122, 52, 95, 253, 246, 99, 243, 245, 54, 209, 119, 205, 191, 229,
       127, 90, 92, 245, 235, 223, 44, 87, 190, 91, 120, 233, 116, 120,
       95, 56, 47, 212, 117, 247, 111, 153, 172, 24, 5, 240, 29, 156, 73,
       16, 242, 51, 189, 88, 87, 32, 250, 63, 186, 205, 230, 63, 249,
       157, 60, 127, 252, 214, 245, 253, 127, 57, 209, 253, 246, 97, 243,
       229, 100, 195, 119, 205, 255, 240, 255, 126, 95, 241, 235, 215,
       44, 85, 190, 91, 120, 233, 116, 112, 92, 58, 47, 213, 21, 247,
       111, 153, 172, 24, 5, 240, 29, 156, 73, 16, 242, 51, 189, 88, 87,
       32, 250, 55, 183, 125, 134, 54, 157, 27, 121, 238, 68, 151, 246,
       253, 127, 188, 84, 242, 215, 66, 97, 213, 34, 211, 118, 221, 246,
       245, 125, 114, 158, 213, 105, 215, 44, 85, 190, 202, 120, 233,
       124, 112, 92, 56, 175, 213, 20, 245, 111, 153, 172, 24, 13, 240,
       29, 156, 73, 16, 242, 51, 189, 88, 87, 32, 250, 54, 241, 89, 158,
       55, 157, 95, 8, 198, 70, 53, 250, 189, 122, 180, 86, 242, 215, 0,
       115, 135, 50, 195, 102, 204, 214, 245, 47, 18, 186, 213, 105, 215,
       44, 85, 158, 66, 120, 235, 118, 48, 219, 57, 47, 149, 20, 245,
       111, 145, 172, 24, 5, 240, 25, 156, 73, 16, 242, 50, 189, 88, 87,
       32, 250, 246, 126, 115, 167, 218, 204, 143, 205, 207, 111, 59, 62,
       181, 38, 219, 244, 243, 215, 29, 96, 201, 129, 174, 44, 222, 205,
       121, 47, 147, 187, 123, 127, 33, 165, 93, 219, 98, 247, 173, 214,
       131, 84, 64, 24, 77, 142, 236, 149, 205, 37, 86, 36, 40, 23, 165,
       107, 192, 112, 41, 56, 92, 6, 48, 180, 196, 32, 211, 177, 88, 66,
       43, 206, 192, 231, 129, 50, 195, 131, 147, 90, 234, 213, 57, 99,
       139, 133, 238, 57, 14, 203, 186, 47, 82, 9, 51, 127, 113, 39, 116,
       187, 0, 252, 37, 214, 16, 64, 56, 14, 75, 28, 73, 181, 153, 44,
       80, 21, 112, 30, 148, 73, 144, 248, 33, 188, 92, 86, 32, 243, 44,
       35, 245, 168, 16, 125, 33, 119, 116, 222, 194, 53, 93, 63, 185,
       70, 234, 220, 67, 96, 241, 32, 193, 243, 93, 168, 164, 137, 82,
       140, 48, 233, 215, 36, 85, 186, 82, 122, 201, 124, 112, 84, 56,
       47, 84, 20, 247, 110, 153, 172, 24, 5, 240, 29, 156, 73, 16, 242,
       51, 189, 88, 87, 32, 250, 252, 47, 239, 253, 118, 255, 251, 247,
       189, 255, 254, 159, 223, 253, 251, 238, 185, 221, 251, 111, 124,
       253, 246, 187, 95, 127, 191, 246, 121, 215, 126, 187, 243, 51,
       117, 233, 215, 127, 253, 125, 252, 125, 251, 62, 255, 175, 203,
       127, 191, 173, 62, 255, 209, 255, 157, 92, 86, 254, 115, 255, 95,
       214, 57, 254, 250, 241, 125, 221, 254, 191, 223, 185, 223, 255,
       213, 254, 253, 116, 54, 92, 252, 215, 122, 255, 254, 125, 195,
       252, 253, 254, 255, 255, 110, 255, 247, 175, 199, 125, 93, 223,
       222, 121, 250, 127, 121, 221, 245, 111, 245, 60, 253, 63, 159,
       142, 153, 79, 240, 253, 156, 251, 80, 255, 115, 251, 251, 223,
       120, 254, 191, 245, 124, 150, 55, 141, 95, 9, 166, 71, 181, 250,
       189, 106, 180, 87, 242, 247, 6, 117, 11, 114, 145, 102, 92, 150,
       225, 121, 82, 58, 244, 41, 210, 44, 22, 158, 194, 120, 129, 221,
       18, 203, 60, 43, 208, 28, 244, 14, 145, 172, 16, 5, 104, 25, 148,
       73, 24, 242, 49, 189, 88, 86, 32, 187, 85, 17, 17, 212, 96, 130,
       90, 96, 2, 1, 1, 64, 196, 65, 0, 18, 100, 199, 4, 103, 134, 41,
       192, 66, 140, 138, 226, 92, 80, 40, 245, 41, 86, 53, 52, 155, 2,
       104, 210, 213, 145, 74, 153, 79, 225, 28, 201, 14, 137, 166, 16,
       71, 96, 24, 156, 73, 17, 243, 51, 187, 88, 102, 33, 251, 4, 5,
       147, 84, 32, 2, 92, 67, 2, 0, 1, 128, 66, 193, 132, 26, 34, 64,
       32, 99, 134, 44, 64, 67, 14, 130, 166, 73, 0, 40, 0, 72, 82, 54,
       52, 154, 0, 44, 82, 197, 0, 42, 185, 195, 170, 20, 193, 78, 65,
       160, 48, 211, 32, 24, 60, 8, 1, 51, 82, 155, 72, 100, 129, 235,
       194, 12, 130, 3, 201, 130, 130, 133, 10, 163, 3, 14, 146, 132, 3,
       26, 108, 19, 56, 196, 10, 133, 207, 9, 18, 192, 184, 46, 130, 168,
       2, 6, 37, 165, 65, 91, 2, 77, 6, 66, 0, 64, 4, 8, 9, 28, 9, 145,
       85, 72, 16, 53, 21, 234, 180, 227, 81, 108, 32, 48, 4, 4, 16, 226,
       252, 251, 255, 253, 246, 127, 251, 255, 253, 253, 254, 191, 127,
       254, 251, 238, 251, 221, 255, 111, 127, 223, 238, 191, 255, 255,
       191, 191, 255, 223, 126, 191, 251, 111, 117, 255, 214, 119, 253,
       252, 250, 93, 251, 62, 223, 175, 75, 244, 239, 173, 255, 253, 219,
       255, 159, 95, 244, 252, 105, 255, 223, 14, 59, 190, 101, 37, 195,
       146, 89, 6, 1, 79, 134, 228, 1, 50, 3, 202, 146, 70, 234, 85, 33,
       103, 139, 167, 194, 35, 78, 131, 180, 15, 18, 8, 16, 107, 211, 36,
       20, 186, 2, 120, 97, 86, 48, 72, 56, 11, 209, 28, 225, 47, 153,
       172, 24, 5, 112, 24, 148, 73, 16, 242, 49, 189, 88, 86, 32, 251,
       63, 245, 125, 142, 55, 61, 29, 122, 246, 70, 181, 240, 125, 59,
       180, 85, 242, 246, 7, 96, 97, 114, 161, 118, 204, 168, 229, 25,
       115, 24, 116, 105, 208, 44, 20, 190, 66, 112, 129, 244, 82, 218,
       24, 15, 208, 20, 244, 76, 153, 172, 24, 5, 240, 29, 156, 73, 24,
       242, 51, 188, 88, 86, 34, 249 ]
