%YAML:1.0
descriptors: !!opencv-matrix
   rows: 22
   cols: 64
   dt: u
   data: [ 60, 55, 117, 180, 54, 37, 61, 127, 212, 92, 210, 53, 125, 46,
       177, 86, 242, 212, 67, 96, 241, 34, 208, 247, 156, 168, 164, 137,
       90, 220, 117, 233, 70, 44, 23, 190, 214, 120, 129, 124, 120, 68,
       16, 174, 196, 37, 229, 110, 153, 172, 24, 13, 240, 28, 156, 73,
       16, 242, 51, 157, 90, 23, 32, 250, 63, 53, 125, 190, 55, 53, 57,
       127, 118, 68, 213, 52, 125, 59, 181, 86, 242, 212, 1, 96, 241, 96,
       193, 51, 76, 168, 224, 25, 122, 28, 124, 233, 214, 36, 20, 186,
       82, 120, 129, 116, 208, 94, 24, 14, 208, 20, 193, 78, 153, 172,
       24, 5, 240, 29, 156, 73, 24, 242, 51, 189, 88, 86, 34, 251, 63,
       53, 125, 190, 55, 37, 57, 126, 118, 68, 213, 52, 125, 43, 177, 87,
       226, 244, 1, 96, 225, 32, 193, 51, 76, 168, 160, 9, 82, 28, 112,
       105, 214, 36, 85, 186, 82, 120, 129, 116, 80, 94, 24, 14, 208, 20,
       193, 78, 153, 172, 24, 5, 240, 29, 156, 73, 16, 242, 51, 189, 88,
       86, 34, 251, 35, 21, 64, 146, 221, 128, 5, 74, 102, 64, 0, 114,
       163, 75, 128, 85, 98, 213, 5, 100, 67, 46, 129, 103, 70, 154, 32,
       9, 146, 8, 0, 41, 86, 38, 20, 186, 66, 112, 1, 212, 80, 64, 24,
       11, 192, 20, 197, 79, 145, 36, 24, 4, 112, 24, 140, 73, 16, 114,
       51, 189, 88, 87, 32, 248, 68, 9, 147, 209, 200, 134, 74, 199, 2,
       35, 3, 22, 210, 192, 147, 2, 74, 65, 57, 102, 142, 173, 202, 11,
       14, 194, 190, 47, 128, 12, 50, 78, 83, 7, 85, 187, 0, 236, 103,
       86, 0, 96, 128, 74, 73, 12, 169, 147, 93, 44, 16, 117, 49, 88,
       148, 75, 65, 106, 49, 185, 72, 20, 49, 242, 3, 6, 0, 130, 217,
       128, 6, 8, 36, 64, 0, 98, 160, 15, 128, 5, 66, 85, 1, 64, 192, 7,
       138, 96, 70, 144, 24, 7, 146, 8, 1, 73, 85, 36, 84, 154, 0, 120,
       5, 6, 64, 64, 24, 139, 65, 16, 100, 193, 16, 36, 24, 4, 113, 24,
       140, 9, 16, 32, 35, 188, 72, 87, 32, 120, 124, 63, 255, 253, 54,
       127, 249, 255, 253, 254, 222, 189, 95, 191, 251, 239, 251, 252,
       251, 111, 253, 211, 246, 183, 93, 237, 188, 181, 125, 223, 126,
       251, 253, 100, 215, 250, 214, 123, 249, 117, 252, 93, 123, 62,
       215, 167, 247, 110, 191, 173, 30, 5, 242, 29, 156, 93, 16, 246,
       59, 189, 91, 215, 40, 250, 124, 37, 247, 177, 16, 103, 161, 255,
       212, 236, 198, 53, 113, 138, 187, 70, 234, 212, 99, 102, 241, 5,
       198, 55, 77, 137, 180, 141, 82, 12, 50, 235, 215, 36, 85, 186, 82,
       120, 201, 116, 112, 92, 56, 46, 213, 20, 225, 110, 153, 172, 24,
       5, 240, 29, 156, 73, 16, 242, 51, 189, 88, 87, 32, 250, 35, 4, 76,
       2, 23, 17, 145, 221, 182, 130, 133, 228, 57, 56, 161, 71, 106,
       212, 6, 113, 64, 34, 228, 38, 4, 144, 176, 9, 82, 8, 17, 120, 252,
       36, 20, 186, 82, 120, 129, 116, 208, 90, 56, 14, 208, 84, 192,
       108, 153, 172, 24, 5, 240, 25, 156, 73, 16, 242, 51, 188, 88, 87,
       34, 251, 130, 35, 109, 132, 54, 16, 153, 110, 246, 158, 149, 84,
       105, 49, 16, 66, 234, 212, 6, 105, 64, 32, 229, 54, 12, 146, 164,
       9, 82, 12, 48, 121, 112, 44, 20, 186, 90, 120, 1, 212, 80, 72, 56,
       14, 208, 4, 192, 110, 25, 172, 24, 1, 240, 24, 156, 73, 16, 242,
       51, 156, 88, 23, 32, 251, 50, 17, 25, 138, 6, 66, 154, 143, 194,
       130, 17, 132, 49, 2, 59, 82, 127, 214, 0, 22, 2, 176, 69, 6, 141,
       145, 253, 9, 3, 170, 19, 122, 224, 44, 85, 158, 74, 104, 131, 86,
       32, 72, 36, 40, 151, 28, 128, 44, 145, 172, 16, 5, 48, 25, 52, 67,
       144, 114, 48, 61, 88, 85, 32, 243, 133, 135, 100, 32, 17, 96, 161,
       222, 52, 208, 132, 197, 0, 57, 161, 5, 11, 124, 135, 97, 96, 34,
       244, 114, 4, 189, 17, 0, 113, 6, 32, 81, 252, 36, 54, 186, 82,
       120, 9, 180, 81, 20, 56, 166, 192, 81, 80, 108, 25, 44, 88, 5,
       208, 28, 140, 72, 16, 242, 35, 156, 72, 87, 36, 250, 68, 39, 229,
       16, 0, 2, 4, 79, 160, 0, 128, 48, 64, 161, 130, 2, 74, 1, 3, 101,
       65, 165, 64, 163, 84, 136, 144, 13, 0, 12, 32, 0, 94, 38, 4, 186,
       0, 56, 1, 84, 116, 64, 56, 175, 65, 80, 101, 78, 25, 172, 24, 0,
       112, 24, 156, 9, 16, 114, 51, 157, 72, 86, 32, 250, 2, 193, 136,
       158, 7, 66, 24, 15, 7, 130, 21, 132, 56, 130, 39, 250, 139, 16, 0,
       221, 2, 146, 229, 35, 77, 129, 160, 9, 19, 40, 28, 40, 144, 36,
       53, 218, 66, 108, 2, 80, 50, 202, 52, 40, 150, 28, 96, 108, 81,
       160, 114, 5, 40, 24, 180, 14, 152, 34, 40, 120, 25, 68, 34, 227,
       133, 7, 128, 0, 201, 0, 36, 74, 32, 0, 128, 99, 130, 73, 130, 1,
       66, 33, 161, 68, 64, 6, 136, 98, 70, 152, 16, 1, 144, 12, 32, 0,
       222, 6, 84, 186, 16, 32, 5, 36, 96, 98, 24, 131, 64, 80, 84, 192,
       25, 44, 24, 0, 81, 24, 140, 9, 16, 224, 35, 181, 8, 87, 32, 104,
       100, 33, 161, 26, 0, 6, 5, 103, 198, 6, 9, 20, 65, 134, 153, 34,
       66, 64, 66, 4, 18, 130, 192, 135, 28, 128, 132, 13, 2, 136, 0, 8,
       64, 12, 71, 186, 0, 40, 3, 76, 32, 64, 16, 128, 4, 112, 165, 78,
       19, 44, 137, 8, 48, 24, 20, 17, 0, 98, 27, 184, 72, 68, 106, 240,
       1, 2, 0, 3, 200, 128, 130, 132, 74, 0, 2, 6, 128, 55, 11, 32, 0,
       3, 128, 132, 65, 1, 11, 192, 66, 0, 8, 0, 164, 8, 137, 4, 52, 145,
       65, 0, 41, 130, 14, 2, 165, 48, 8, 0, 4, 202, 8, 128, 64, 64, 97,
       50, 21, 66, 97, 170, 6, 73, 128, 32, 0, 97, 80, 72, 34, 69, 8,
       154, 3, 20, 28, 3, 39, 70, 41, 128, 24, 172, 52, 31, 5, 50, 36,
       165, 10, 242, 113, 34, 80, 149, 161, 72, 19, 184, 156, 1, 128, 20,
       18, 138, 130, 72, 2, 202, 34, 202, 44, 233, 150, 92, 228, 12, 81,
       136, 16, 4, 34, 8, 244, 154, 153, 115, 48, 20, 81, 208, 10, 163,
       1, 206, 12, 136, 0, 93, 164, 84, 57, 84, 14, 196, 16, 61, 109,
       161, 141, 104, 193, 40, 84, 80, 124, 224, 113, 117, 17, 64, 45,
       66, 27, 65, 156, 82, 211, 32, 17, 194, 76, 40, 116, 53, 42, 167,
       20, 130, 116, 224, 17, 73, 175, 60, 149, 77, 203, 28, 55, 64, 38,
       36, 66, 217, 77, 202, 6, 1, 1, 16, 0, 130, 0, 70, 2, 2, 3, 4, 64,
       4, 129, 2, 66, 64, 1, 68, 192, 32, 64, 3, 12, 128, 164, 13, 2, 8,
       0, 64, 86, 36, 69, 186, 0, 40, 1, 68, 32, 64, 16, 10, 68, 20, 129,
       78, 25, 44, 24, 4, 48, 24, 28, 73, 16, 98, 51, 188, 72, 86, 32,
       240, 34, 4, 32, 130, 1, 134, 7, 15, 132, 68, 19, 4, 49, 12, 16, 4,
       194, 48, 65, 208, 208, 34, 209, 103, 80, 160, 140, 12, 18, 152, 1,
       73, 197, 44, 67, 186, 82, 40, 129, 76, 112, 80, 16, 143, 212, 80,
       164, 79, 153, 172, 24, 1, 240, 29, 156, 65, 16, 242, 51, 188, 88,
       87, 32, 250, 2, 0, 8, 2, 3, 130, 26, 7, 2, 34, 17, 0, 16, 0, 1, 2,
       96, 16, 0, 208, 192, 34, 193, 67, 12, 128, 160, 13, 18, 8, 49, 96,
       215, 44, 69, 186, 66, 120, 129, 84, 48, 72, 24, 15, 212, 20, 129,
       79, 153, 172, 24, 5, 112, 25, 156, 73, 16, 242, 51, 188, 88, 86,
       32, 250 ]
