%YAML:1.0
descriptors: !!opencv-matrix
   rows: 9
   cols: 64
   dt: u
   data: [ 69, 42, 69, 41, 88, 250, 167, 216, 40, 190, 202, 55, 192, 55,
       203, 3, 203, 77, 33, 96, 205, 165, 202, 112, 77, 220, 153, 37, 80,
       14, 35, 75, 215, 36, 85, 186, 80, 56, 237, 116, 112, 84, 56, 47,
       85, 16, 117, 105, 153, 172, 24, 1, 240, 29, 156, 73, 16, 226, 51,
       189, 72, 87, 32, 250, 4, 35, 211, 241, 216, 162, 163, 206, 0, 40,
       194, 119, 193, 67, 131, 64, 226, 197, 1, 98, 199, 45, 142, 123,
       14, 138, 34, 15, 210, 8, 49, 95, 119, 39, 92, 187, 80, 118, 69,
       214, 209, 96, 24, 14, 72, 4, 201, 215, 153, 44, 24, 4, 112, 30,
       140, 73, 16, 240, 35, 189, 72, 70, 33, 241, 255, 50, 242, 177,
       221, 160, 175, 72, 236, 43, 193, 122, 239, 203, 130, 89, 226, 253,
       43, 82, 171, 15, 203, 125, 6, 218, 122, 175, 210, 13, 97, 239, 87,
       167, 92, 155, 67, 253, 101, 86, 8, 64, 72, 73, 203, 25, 219, 147,
       216, 108, 16, 36, 100, 180, 156, 105, 16, 178, 177, 159, 220, 87,
       48, 54, 9, 22, 4, 32, 29, 32, 42, 120, 48, 58, 192, 97, 108, 9, 0,
       1, 100, 236, 135, 208, 225, 2, 9, 248, 64, 40, 232, 194, 216, 4,
       161, 211, 121, 40, 156, 176, 119, 32, 1, 225, 92, 70, 26, 142,
       192, 97, 194, 77, 56, 126, 24, 5, 224, 28, 204, 73, 150, 179, 183,
       148, 24, 82, 38, 1, 60, 50, 117, 162, 190, 189, 35, 121, 228, 94,
       210, 52, 253, 62, 249, 101, 242, 212, 71, 96, 113, 2, 129, 116,
       76, 168, 172, 9, 210, 12, 121, 185, 112, 36, 84, 186, 82, 114,
       129, 212, 208, 84, 24, 14, 192, 134, 192, 76, 153, 45, 24, 5, 240,
       29, 141, 73, 16, 242, 51, 188, 88, 86, 32, 248, 0, 9, 138, 222,
       33, 201, 88, 7, 19, 128, 15, 133, 146, 244, 41, 42, 5, 26, 160,
       131, 198, 44, 195, 67, 81, 6, 130, 84, 0, 162, 158, 64, 215, 50,
       97, 32, 19, 74, 218, 96, 112, 61, 177, 102, 180, 22, 231, 111,
       153, 138, 56, 71, 180, 13, 152, 72, 19, 243, 115, 183, 80, 113,
       129, 234, 7, 34, 65, 129, 216, 128, 135, 64, 40, 47, 10, 86, 193,
       71, 153, 65, 194, 85, 33, 96, 200, 5, 138, 97, 78, 220, 57, 47,
       146, 10, 51, 27, 87, 36, 85, 186, 82, 120, 109, 84, 96, 84, 24,
       47, 85, 20, 244, 85, 153, 172, 24, 5, 240, 29, 140, 73, 16, 242,
       51, 189, 72, 87, 32, 250, 60, 54, 125, 169, 54, 125, 177, 253,
       253, 222, 214, 53, 125, 62, 249, 230, 242, 212, 67, 98, 117, 50,
       213, 52, 93, 168, 164, 137, 82, 220, 57, 251, 240, 36, 85, 186,
       82, 114, 129, 116, 248, 93, 24, 14, 212, 167, 192, 76, 153, 172,
       24, 5, 240, 29, 157, 73, 16, 242, 51, 188, 88, 86, 34, 248, 63,
       55, 117, 162, 55, 52, 9, 72, 230, 70, 209, 48, 109, 43, 176, 87,
       226, 212, 3, 96, 65, 34, 193, 118, 76, 136, 160, 9, 82, 12, 49,
       105, 208, 36, 84, 186, 82, 120, 129, 84, 80, 72, 24, 15, 208, 20,
       228, 78, 153, 172, 24, 5, 240, 29, 156, 73, 16, 242, 51, 188, 88,
       86, 32, 250 ]
