%YAML:1.0
descriptors: !!opencv-matrix
   rows: 7
   cols: 64
   dt: u
   data: [ 63, 181, 253, 190, 55, 189, 221, 63, 247, 254, 213, 241, 125,
       123, 188, 95, 254, 246, 99, 243, 245, 38, 209, 119, 221, 187, 228,
       223, 90, 29, 245, 235, 223, 44, 87, 190, 219, 120, 233, 125, 120,
       94, 56, 175, 212, 53, 247, 111, 153, 172, 24, 5, 240, 29, 156, 73,
       16, 242, 51, 189, 90, 87, 32, 250, 63, 178, 253, 230, 63, 253,
       157, 124, 127, 252, 222, 245, 253, 127, 185, 85, 255, 246, 65,
       243, 245, 112, 195, 115, 205, 254, 224, 127, 126, 95, 245, 239,
       215, 36, 85, 186, 94, 122, 233, 116, 116, 93, 122, 47, 213, 21,
       245, 111, 153, 172, 24, 5, 240, 29, 156, 73, 16, 242, 51, 189, 90,
       87, 32, 250, 62, 179, 125, 254, 63, 181, 253, 120, 247, 254, 221,
       240, 253, 127, 180, 86, 243, 214, 99, 115, 245, 118, 195, 247,
       205, 190, 229, 255, 122, 222, 245, 235, 223, 44, 87, 190, 218,
       120, 249, 125, 120, 93, 57, 47, 212, 53, 245, 111, 153, 172, 24,
       5, 240, 29, 156, 73, 16, 242, 51, 189, 88, 87, 32, 250, 45, 47,
       237, 186, 18, 125, 33, 119, 116, 254, 86, 181, 93, 191, 185, 198,
       235, 220, 65, 96, 245, 32, 193, 179, 93, 169, 164, 137, 90, 140,
       49, 233, 215, 36, 85, 186, 83, 122, 233, 124, 120, 92, 56, 47, 84,
       21, 231, 110, 153, 172, 24, 5, 240, 29, 156, 73, 16, 242, 51, 189,
       88, 87, 32, 250, 191, 117, 109, 150, 55, 29, 31, 8, 102, 70, 185,
       114, 253, 106, 52, 87, 244, 247, 4, 245, 3, 48, 145, 114, 204,
       158, 225, 121, 82, 60, 244, 41, 210, 44, 86, 154, 74, 120, 129,
       220, 50, 218, 60, 15, 208, 20, 244, 14, 153, 172, 16, 5, 96, 29,
       156, 73, 16, 242, 49, 188, 88, 86, 32, 248, 44, 34, 229, 168, 26,
       119, 161, 127, 244, 252, 198, 53, 93, 63, 187, 230, 235, 220, 195,
       96, 241, 0, 220, 181, 93, 169, 12, 129, 120, 204, 59, 203, 221,
       36, 87, 186, 82, 114, 9, 124, 124, 85, 24, 46, 84, 181, 102, 236,
       153, 44, 24, 4, 242, 29, 156, 73, 16, 224, 35, 188, 90, 71, 32,
       250, 188, 238, 117, 172, 187, 237, 181, 105, 189, 85, 236, 251,
       223, 62, 252, 252, 251, 252, 231, 97, 241, 22, 184, 113, 127, 253,
       29, 251, 255, 223, 127, 237, 133, 228, 127, 154, 231, 251, 169,
       190, 127, 159, 124, 167, 252, 23, 254, 109, 137, 181, 217, 44,
       250, 23, 143, 9, 56, 210, 51, 172, 219, 95, 46, 254 ]
