%YAML:1.0
descriptors: !!opencv-matrix
   rows: 8
   cols: 64
   dt: u
   data: [ 254, 32, 225, 182, 94, 38, 43, 110, 196, 109, 208, 51, 235,
       202, 146, 86, 234, 213, 35, 97, 201, 165, 195, 55, 78, 154, 188,
       15, 210, 12, 49, 107, 211, 36, 84, 186, 82, 120, 33, 116, 80, 72,
       24, 15, 209, 20, 193, 79, 153, 172, 24, 5, 240, 28, 156, 73, 16,
       242, 51, 189, 88, 86, 32, 250, 28, 54, 213, 38, 127, 163, 170,
       121, 240, 186, 210, 119, 252, 102, 163, 64, 234, 221, 35, 98, 193,
       39, 195, 246, 76, 222, 181, 175, 82, 14, 51, 106, 223, 36, 85,
       186, 83, 120, 233, 116, 120, 92, 56, 47, 213, 53, 247, 111, 153,
       172, 24, 5, 240, 29, 156, 73, 16, 242, 51, 189, 88, 87, 32, 250,
       62, 53, 245, 182, 55, 167, 61, 127, 214, 228, 213, 53, 253, 206,
       179, 86, 250, 213, 67, 114, 241, 55, 211, 247, 156, 170, 228, 157,
       82, 220, 245, 233, 207, 44, 71, 190, 222, 120, 193, 125, 120, 93,
       21, 174, 197, 53, 165, 111, 187, 174, 153, 9, 242, 28, 156, 81,
       40, 178, 115, 185, 122, 215, 44, 250, 63, 181, 253, 254, 55, 183,
       121, 127, 247, 94, 213, 177, 125, 123, 180, 87, 242, 244, 67, 122,
       241, 114, 209, 119, 252, 170, 230, 157, 122, 92, 125, 233, 215,
       108, 150, 190, 214, 120, 209, 125, 90, 207, 31, 143, 208, 181,
       193, 78, 153, 172, 26, 13, 240, 28, 158, 93, 56, 242, 123, 159,
       91, 150, 46, 251, 63, 245, 125, 158, 55, 61, 29, 90, 246, 86, 189,
       240, 125, 123, 180, 85, 242, 246, 7, 97, 193, 34, 177, 118, 204,
       170, 224, 25, 83, 24, 117, 105, 214, 36, 86, 190, 82, 120, 129,
       244, 82, 222, 24, 15, 208, 20, 245, 78, 153, 172, 24, 5, 240, 29,
       159, 73, 16, 242, 51, 188, 88, 86, 34, 249, 63, 21, 252, 158, 23,
       39, 29, 126, 54, 70, 245, 176, 61, 170, 180, 86, 246, 214, 1, 100,
       65, 160, 225, 51, 76, 137, 224, 73, 83, 28, 240, 41, 240, 36, 20,
       186, 66, 112, 129, 244, 82, 202, 24, 15, 208, 20, 193, 78, 153,
       172, 24, 5, 112, 29, 157, 73, 16, 242, 51, 188, 88, 86, 34, 249,
       46, 50, 101, 162, 159, 181, 33, 89, 228, 94, 194, 52, 249, 26,
       185, 69, 226, 212, 3, 96, 225, 2, 129, 116, 76, 136, 172, 9, 82,
       12, 49, 249, 112, 36, 86, 186, 82, 114, 1, 84, 208, 84, 24, 14,
       64, 6, 192, 77, 152, 44, 24, 4, 242, 29, 141, 73, 16, 242, 51,
       188, 88, 86, 32, 248, 46, 34, 101, 162, 158, 189, 35, 121, 228,
       94, 218, 52, 125, 62, 249, 101, 226, 212, 67, 96, 241, 0, 129,
       116, 76, 136, 172, 137, 82, 30, 57, 185, 112, 36, 85, 186, 82,
       114, 129, 212, 152, 84, 24, 14, 64, 134, 192, 76, 153, 44, 24, 5,
       242, 29, 141, 73, 16, 242, 51, 188, 88, 22, 32, 240 ]
