%YAML:1.0
descriptors: !!opencv-matrix
   rows: 12
   cols: 64
   dt: u
   data: [ 68, 35, 225, 144, 80, 6, 35, 111, 128, 102, 2, 52, 81, 130,
       147, 66, 194, 84, 3, 100, 73, 129, 196, 18, 12, 136, 140, 13, 210,
       8, 48, 73, 113, 36, 85, 186, 0, 112, 5, 84, 144, 64, 16, 14, 64,
       12, 65, 204, 25, 44, 24, 4, 112, 28, 148, 73, 16, 224, 35, 188,
       72, 70, 32, 241, 61, 53, 124, 188, 23, 37, 57, 126, 52, 68, 213,
       52, 125, 47, 177, 87, 242, 212, 1, 96, 113, 32, 193, 51, 76, 168,
       160, 9, 82, 12, 112, 233, 212, 36, 85, 186, 82, 122, 129, 116,
       208, 92, 24, 14, 208, 20, 193, 78, 153, 172, 24, 5, 240, 29, 156,
       73, 16, 242, 51, 188, 88, 86, 34, 251, 61, 53, 124, 190, 55, 37,
       57, 126, 182, 68, 213, 52, 61, 63, 177, 87, 242, 244, 67, 96, 113,
       98, 193, 55, 76, 168, 160, 25, 114, 28, 124, 233, 208, 36, 20,
       186, 82, 122, 129, 116, 208, 90, 24, 14, 208, 20, 193, 78, 153,
       172, 24, 5, 240, 29, 156, 73, 24, 242, 59, 188, 88, 86, 34, 251,
       60, 55, 117, 180, 54, 39, 45, 127, 196, 196, 211, 53, 125, 46,
       185, 70, 242, 212, 67, 96, 241, 34, 208, 183, 156, 168, 164, 137,
       82, 156, 116, 233, 66, 36, 87, 190, 210, 120, 129, 92, 56, 84, 53,
       174, 196, 165, 229, 110, 153, 172, 24, 13, 242, 29, 156, 73, 0,
       242, 51, 189, 90, 6, 40, 242, 134, 33, 9, 144, 16, 2, 72, 70, 2,
       2, 17, 16, 64, 192, 130, 18, 98, 68, 4, 71, 2, 168, 224, 2, 12,
       130, 162, 9, 18, 8, 16, 40, 82, 38, 20, 154, 2, 120, 3, 212, 144,
       194, 24, 74, 130, 28, 193, 14, 17, 36, 16, 4, 32, 24, 148, 73, 16,
       114, 49, 57, 88, 20, 34, 251, 5, 6, 1, 130, 217, 128, 3, 72, 32,
       96, 2, 32, 128, 67, 128, 1, 66, 68, 1, 0, 192, 32, 136, 96, 70,
       128, 8, 1, 146, 8, 1, 77, 16, 6, 84, 154, 0, 242, 5, 150, 128, 96,
       8, 2, 64, 4, 64, 129, 0, 36, 16, 4, 1, 24, 141, 9, 16, 32, 34, 60,
       72, 70, 32, 241, 69, 7, 133, 152, 64, 22, 34, 70, 32, 102, 2, 4,
       64, 165, 185, 3, 128, 77, 129, 100, 8, 129, 12, 49, 78, 136, 8, 4,
       144, 4, 48, 1, 112, 2, 81, 170, 0, 98, 5, 0, 164, 32, 24, 6, 68,
       142, 64, 128, 25, 44, 48, 52, 81, 93, 133, 8, 16, 232, 33, 188,
       72, 70, 32, 240, 69, 5, 146, 80, 64, 2, 102, 71, 0, 32, 3, 4, 82,
       196, 3, 2, 108, 73, 33, 102, 14, 173, 66, 131, 74, 74, 166, 76, 0,
       4, 48, 0, 83, 23, 81, 171, 0, 104, 70, 64, 48, 32, 24, 38, 229,
       28, 229, 206, 25, 172, 24, 85, 113, 88, 28, 75, 17, 122, 51, 181,
       72, 118, 1, 234, 68, 3, 131, 209, 200, 130, 74, 199, 2, 162, 1,
       22, 195, 196, 147, 2, 10, 69, 56, 102, 142, 173, 206, 11, 14, 194,
       190, 15, 130, 136, 16, 78, 83, 135, 21, 155, 0, 252, 71, 86, 0,
       96, 128, 74, 45, 12, 201, 147, 81, 44, 16, 241, 49, 88, 148, 107,
       65, 106, 49, 25, 76, 4, 49, 242, 250, 188, 239, 253, 255, 247,
       223, 253, 255, 255, 223, 254, 255, 252, 187, 94, 251, 245, 123,
       107, 254, 255, 222, 125, 95, 255, 190, 63, 250, 217, 127, 239,
       199, 175, 87, 255, 210, 253, 253, 127, 120, 93, 237, 190, 223, 60,
       253, 51, 157, 172, 24, 141, 243, 189, 156, 111, 80, 246, 243, 191,
       223, 87, 56, 254, 55, 48, 81, 166, 23, 4, 31, 72, 230, 70, 17, 50,
       45, 10, 180, 85, 242, 214, 5, 100, 65, 130, 129, 52, 76, 136, 232,
       9, 210, 8, 112, 41, 208, 36, 84, 186, 66, 112, 129, 212, 80, 74,
       24, 15, 208, 20, 192, 76, 153, 172, 24, 5, 112, 28, 156, 73, 16,
       242, 51, 188, 88, 86, 32, 249, 55, 244, 125, 134, 55, 157, 31, 73,
       230, 70, 189, 114, 253, 58, 180, 85, 246, 215, 7, 97, 65, 34, 129,
       116, 204, 156, 245, 105, 82, 26, 241, 41, 214, 36, 85, 190, 82,
       120, 169, 116, 112, 92, 56, 47, 212, 20, 244, 109, 153, 172, 24,
       5, 240, 29, 156, 73, 16, 242, 51, 188, 88, 87, 32, 250 ]
