%YAML:1.0
descriptors: !!opencv-matrix
   rows: 16
   cols: 64
   dt: u
   data: [ 60, 48, 245, 176, 22, 165, 33, 125, 212, 238, 208, 53, 113,
       134, 177, 70, 234, 212, 3, 96, 201, 33, 194, 55, 76, 136, 160, 13,
       82, 12, 49, 235, 215, 36, 85, 186, 82, 120, 1, 116, 112, 92, 24,
       14, 212, 20, 193, 111, 153, 172, 24, 5, 240, 29, 156, 73, 16, 242,
       51, 189, 88, 86, 32, 250, 124, 33, 113, 176, 16, 34, 41, 111, 192,
       34, 193, 52, 113, 194, 145, 82, 226, 196, 3, 66, 11, 168, 129, 22,
       140, 136, 166, 137, 194, 140, 48, 232, 114, 38, 20, 186, 0, 112,
       1, 214, 0, 64, 16, 10, 64, 28, 129, 14, 153, 36, 80, 4, 96, 28,
       20, 73, 128, 242, 33, 152, 88, 6, 33, 241, 3, 2, 0, 163, 201, 128,
       164, 8, 0, 33, 2, 71, 160, 7, 129, 1, 66, 68, 1, 64, 200, 0, 138,
       72, 70, 136, 8, 35, 146, 8, 33, 79, 21, 164, 84, 178, 49, 192, 37,
       6, 65, 64, 8, 10, 68, 20, 72, 145, 24, 36, 24, 4, 84, 4, 140, 41,
       16, 32, 35, 188, 72, 71, 32, 120, 44, 38, 229, 170, 26, 127, 33,
       255, 244, 124, 194, 53, 125, 63, 187, 230, 235, 220, 67, 96, 241,
       128, 205, 180, 93, 168, 172, 129, 219, 204, 59, 235, 245, 36, 85,
       186, 83, 114, 129, 124, 252, 84, 24, 14, 84, 151, 226, 76, 153,
       44, 24, 4, 240, 29, 157, 73, 16, 240, 35, 188, 88, 70, 34, 240,
       197, 13, 131, 213, 192, 130, 75, 207, 2, 227, 1, 154, 131, 195,
       131, 10, 42, 69, 56, 103, 14, 173, 206, 11, 78, 194, 186, 47, 146,
       8, 2, 15, 83, 39, 52, 155, 0, 253, 103, 86, 0, 96, 168, 106, 171,
       28, 73, 179, 81, 172, 112, 181, 17, 122, 148, 234, 209, 120, 49,
       63, 76, 68, 49, 243, 68, 11, 147, 212, 64, 130, 106, 70, 0, 160,
       3, 6, 194, 193, 131, 10, 228, 201, 41, 103, 142, 173, 66, 19, 78,
       202, 162, 76, 0, 4, 48, 64, 83, 55, 85, 187, 16, 108, 198, 68, 48,
       112, 56, 110, 233, 28, 193, 239, 153, 172, 24, 21, 241, 93, 156,
       73, 17, 250, 51, 189, 88, 86, 1, 250, 64, 3, 146, 16, 64, 130, 34,
       70, 32, 0, 3, 4, 0, 193, 1, 3, 228, 73, 33, 102, 198, 45, 66, 67,
       78, 202, 130, 76, 16, 4, 32, 64, 215, 38, 81, 170, 16, 104, 65,
       64, 112, 48, 24, 7, 197, 20, 225, 79, 153, 172, 24, 5, 240, 28,
       156, 73, 17, 242, 51, 189, 72, 87, 33, 250, 194, 0, 138, 147, 203,
       194, 134, 128, 46, 35, 40, 74, 154, 238, 34, 56, 103, 211, 61, 38,
       202, 7, 171, 105, 74, 215, 57, 46, 146, 11, 19, 119, 215, 167, 80,
       51, 82, 65, 111, 194, 112, 80, 72, 9, 213, 28, 253, 147, 157, 140,
       24, 5, 245, 9, 156, 235, 17, 112, 50, 61, 88, 85, 16, 248, 2, 3,
       0, 144, 79, 134, 7, 72, 164, 70, 2, 0, 137, 76, 48, 5, 68, 93, 1,
       96, 192, 39, 194, 99, 12, 154, 160, 12, 16, 0, 49, 73, 87, 36, 80,
       186, 82, 104, 1, 64, 64, 64, 24, 15, 197, 20, 229, 79, 25, 172,
       24, 5, 240, 29, 156, 73, 16, 242, 51, 189, 72, 87, 32, 250, 3, 6,
       4, 128, 204, 132, 7, 16, 36, 76, 2, 3, 136, 73, 16, 5, 68, 85, 1,
       96, 192, 36, 128, 114, 72, 152, 4, 4, 16, 0, 49, 73, 87, 36, 80,
       184, 82, 104, 1, 64, 84, 64, 24, 15, 64, 0, 192, 79, 24, 44, 24,
       4, 240, 28, 156, 73, 16, 114, 51, 188, 72, 87, 32, 248, 254, 252,
       125, 207, 255, 79, 95, 185, 255, 85, 253, 251, 255, 126, 246, 252,
       247, 247, 126, 180, 125, 159, 177, 116, 254, 255, 253, 127, 255,
       251, 222, 189, 202, 109, 6, 223, 206, 113, 249, 253, 123, 223,
       247, 63, 253, 62, 252, 29, 165, 183, 211, 143, 248, 190, 158, 115,
       120, 247, 112, 61, 254, 221, 60, 188, 1, 6, 12, 138, 142, 149,
       130, 16, 38, 86, 2, 4, 8, 61, 57, 5, 68, 82, 1, 160, 192, 32, 136,
       96, 72, 0, 8, 0, 16, 0, 17, 67, 213, 36, 81, 32, 82, 66, 8, 96,
       240, 84, 8, 14, 84, 20, 224, 77, 145, 44, 24, 4, 180, 9, 156, 73,
       16, 98, 50, 188, 64, 87, 32, 248, 62, 249, 125, 223, 191, 221,
       223, 57, 255, 255, 191, 254, 253, 126, 253, 124, 255, 247, 114,
       243, 223, 119, 211, 119, 253, 247, 247, 127, 86, 255, 247, 235,
       215, 44, 87, 190, 218, 121, 233, 125, 112, 93, 117, 47, 245, 52,
       245, 111, 155, 174, 24, 7, 240, 29, 156, 89, 16, 243, 51, 189,
       120, 223, 40, 250, 70, 32, 129, 144, 8, 134, 10, 69, 2, 162, 3,
       20, 81, 132, 153, 66, 8, 80, 0, 96, 139, 161, 206, 11, 12, 128,
       174, 15, 2, 173, 49, 78, 113, 132, 85, 171, 0, 250, 35, 86, 128,
       64, 68, 8, 2, 12, 1, 27, 19, 44, 16, 5, 33, 25, 180, 74, 128, 98,
       51, 184, 72, 6, 32, 246, 63, 183, 125, 190, 63, 189, 189, 121,
       247, 222, 215, 243, 253, 127, 253, 85, 242, 254, 67, 115, 245,
       114, 209, 118, 221, 190, 229, 251, 122, 222, 245, 235, 215, 44,
       87, 190, 219, 120, 233, 124, 120, 92, 56, 47, 212, 53, 247, 111,
       153, 172, 24, 5, 240, 29, 156, 73, 16, 242, 51, 189, 90, 87, 40,
       250, 63, 54, 117, 166, 63, 189, 185, 125, 246, 252, 210, 117, 109,
       59, 184, 87, 254, 254, 67, 241, 245, 34, 209, 119, 221, 184, 228,
       203, 90, 28, 241, 235, 223, 44, 85, 190, 91, 120, 233, 116, 120,
       92, 56, 175, 212, 53, 247, 111, 153, 172, 24, 5, 240, 29, 156, 73,
       16, 242, 51, 189, 88, 87, 32, 250 ]
