%YAML:1.0
descriptors: !!opencv-matrix
   rows: 10
   cols: 64
   dt: u
   data: [ 47, 164, 236, 170, 63, 191, 181, 127, 181, 254, 212, 177, 61,
       63, 189, 71, 203, 252, 99, 241, 241, 114, 209, 119, 93, 185, 164,
       7, 123, 93, 49, 235, 215, 44, 87, 186, 83, 120, 233, 124, 120, 94,
       56, 175, 213, 53, 247, 111, 153, 172, 24, 5, 240, 29, 156, 73, 16,
       242, 51, 189, 90, 87, 40, 250, 45, 138, 236, 168, 63, 253, 161,
       126, 189, 254, 198, 245, 9, 63, 249, 229, 203, 252, 67, 104, 245,
       98, 202, 115, 77, 184, 0, 7, 124, 79, 49, 203, 215, 36, 85, 186,
       83, 122, 233, 52, 252, 92, 58, 47, 84, 133, 247, 107, 153, 172,
       24, 5, 240, 29, 156, 73, 16, 226, 51, 189, 88, 87, 32, 250, 62,
       241, 125, 254, 62, 189, 253, 121, 247, 254, 221, 251, 253, 127,
       180, 95, 242, 255, 99, 115, 245, 118, 211, 247, 221, 254, 229,
       255, 122, 223, 245, 235, 215, 44, 87, 190, 219, 120, 249, 125,
       120, 95, 125, 47, 212, 53, 247, 111, 153, 172, 24, 5, 240, 29,
       156, 77, 24, 242, 51, 189, 88, 87, 32, 250, 198, 35, 209, 243,
       217, 130, 39, 72, 192, 65, 3, 114, 163, 66, 128, 81, 98, 85, 5,
       102, 207, 45, 130, 115, 14, 218, 50, 47, 210, 8, 48, 9, 86, 39,
       84, 155, 0, 120, 69, 86, 65, 96, 24, 75, 193, 28, 201, 135, 153,
       36, 16, 4, 112, 28, 156, 73, 16, 242, 51, 189, 88, 87, 33, 248,
       253, 62, 238, 245, 255, 255, 251, 252, 253, 255, 214, 191, 239,
       189, 59, 207, 253, 253, 251, 255, 125, 215, 215, 188, 223, 107,
       252, 246, 248, 213, 255, 175, 223, 41, 215, 253, 223, 127, 253,
       125, 252, 92, 123, 190, 215, 233, 235, 117, 191, 206, 156, 139,
       241, 255, 221, 93, 118, 255, 247, 189, 254, 211, 124, 254, 66, 2,
       128, 2, 73, 130, 2, 14, 2, 42, 2, 5, 32, 130, 1, 19, 102, 3, 1, 0,
       192, 5, 203, 73, 2, 136, 168, 7, 18, 9, 33, 70, 117, 165, 84, 49,
       113, 232, 37, 70, 192, 68, 8, 10, 65, 4, 192, 203, 25, 108, 24, 4,
       245, 24, 156, 203, 16, 114, 179, 188, 72, 70, 48, 116, 55, 179,
       125, 134, 55, 156, 157, 72, 230, 70, 151, 112, 253, 63, 180, 85,
       246, 246, 2, 113, 193, 34, 195, 118, 204, 152, 224, 89, 82, 56,
       241, 105, 215, 44, 87, 158, 90, 120, 233, 116, 112, 92, 56, 47,
       212, 20, 245, 111, 153, 172, 24, 5, 240, 29, 156, 73, 16, 242, 51,
       189, 88, 87, 32, 250, 197, 15, 146, 80, 200, 130, 34, 66, 0, 33,
       2, 66, 130, 193, 128, 9, 100, 73, 189, 102, 206, 13, 8, 83, 74,
       90, 10, 78, 128, 4, 32, 85, 82, 3, 80, 9, 0, 164, 71, 194, 193,
       32, 24, 134, 73, 24, 73, 135, 73, 4, 16, 48, 113, 124, 140, 139,
       81, 220, 33, 165, 64, 116, 17, 249, 44, 34, 231, 168, 26, 119,
       161, 127, 245, 252, 206, 53, 93, 63, 187, 230, 235, 220, 195, 96,
       241, 65, 220, 181, 93, 169, 12, 129, 121, 204, 59, 203, 221, 36,
       87, 186, 82, 114, 9, 124, 124, 85, 24, 46, 84, 181, 102, 236, 153,
       44, 24, 4, 242, 29, 156, 73, 16, 224, 43, 188, 90, 71, 32, 250,
       68, 33, 227, 144, 216, 134, 71, 74, 164, 100, 131, 50, 211, 238,
       178, 68, 226, 85, 35, 102, 207, 45, 194, 99, 78, 218, 182, 15, 18,
       8, 48, 73, 87, 38, 84, 186, 18, 120, 99, 84, 112, 96, 24, 15, 197,
       28, 229, 79, 153, 172, 24, 5, 240, 28, 156, 73, 16, 242, 51, 189,
       72, 87, 33, 250 ]
