%YAML:1.0
descriptors: !!opencv-matrix
   rows: 10
   cols: 64
   dt: u
   data: [ 254, 113, 121, 182, 119, 7, 91, 107, 198, 4, 245, 114, 127,
       234, 180, 86, 242, 215, 86, 117, 67, 186, 161, 54, 142, 138, 228,
       93, 210, 184, 244, 168, 242, 44, 6, 254, 202, 112, 129, 213, 90,
       203, 21, 15, 208, 28, 129, 78, 153, 166, 18, 5, 120, 28, 148, 73,
       16, 242, 49, 184, 120, 22, 34, 249, 63, 246, 125, 174, 63, 253,
       191, 121, 253, 95, 253, 248, 253, 127, 252, 93, 251, 245, 103,
       113, 245, 118, 211, 119, 253, 255, 241, 191, 126, 223, 119, 233,
       215, 108, 215, 190, 218, 120, 249, 125, 124, 221, 57, 175, 213,
       17, 245, 111, 153, 172, 24, 13, 240, 29, 158, 93, 56, 242, 51,
       189, 90, 215, 40, 250, 6, 1, 129, 144, 0, 128, 0, 78, 2, 2, 3, 4,
       0, 194, 129, 18, 66, 68, 0, 0, 10, 172, 192, 3, 14, 128, 162, 9,
       2, 8, 0, 8, 82, 6, 84, 154, 0, 108, 3, 68, 0, 96, 8, 72, 0, 20,
       193, 142, 81, 36, 16, 4, 32, 24, 148, 9, 16, 98, 48, 57, 72, 68,
       33, 240, 44, 42, 231, 168, 26, 127, 161, 255, 244, 252, 206, 53,
       93, 190, 187, 228, 235, 220, 195, 96, 241, 209, 220, 180, 95, 169,
       44, 129, 249, 204, 59, 235, 253, 36, 87, 186, 83, 114, 169, 124,
       252, 85, 88, 14, 84, 183, 226, 236, 153, 44, 28, 5, 242, 29, 157,
       73, 16, 224, 43, 188, 88, 70, 34, 240, 250, 250, 125, 255, 254,
       255, 251, 249, 207, 101, 223, 126, 253, 126, 253, 244, 255, 215,
       95, 114, 255, 35, 131, 246, 221, 255, 253, 255, 242, 159, 255,
       255, 211, 45, 85, 190, 218, 122, 233, 127, 120, 93, 57, 47, 213,
       63, 247, 111, 153, 172, 153, 15, 240, 29, 156, 73, 16, 242, 51,
       189, 120, 87, 32, 250, 254, 241, 125, 254, 255, 237, 95, 105, 255,
       101, 253, 250, 253, 110, 244, 124, 247, 215, 86, 115, 239, 250,
       131, 126, 252, 223, 247, 127, 243, 255, 255, 239, 211, 172, 23,
       254, 202, 121, 249, 127, 122, 223, 253, 111, 245, 28, 253, 63,
       157, 166, 18, 7, 234, 29, 158, 73, 24, 246, 123, 189, 121, 95, 34,
       255, 191, 85, 124, 150, 55, 29, 95, 72, 166, 71, 189, 114, 189,
       106, 244, 87, 246, 247, 6, 245, 3, 242, 145, 118, 76, 190, 225,
       121, 210, 60, 244, 41, 210, 44, 22, 158, 66, 120, 129, 220, 114,
       218, 60, 15, 208, 20, 244, 78, 153, 172, 16, 5, 104, 29, 157, 73,
       24, 242, 49, 189, 88, 86, 32, 249, 98, 201, 139, 254, 39, 158, 93,
       11, 71, 227, 61, 200, 59, 202, 116, 126, 131, 87, 52, 91, 142, 60,
       225, 47, 125, 215, 163, 63, 19, 187, 29, 107, 131, 166, 182, 91,
       226, 77, 242, 243, 34, 235, 229, 105, 179, 28, 245, 59, 215, 170,
       18, 197, 44, 1, 244, 186, 145, 242, 120, 123, 89, 124, 155, 191,
       3, 6, 0, 2, 217, 128, 6, 8, 34, 1, 0, 67, 160, 75, 128, 21, 98,
       100, 5, 0, 192, 34, 136, 96, 70, 144, 0, 3, 146, 8, 1, 69, 22,
       166, 92, 154, 32, 0, 7, 134, 69, 64, 8, 139, 64, 16, 216, 3, 0,
       36, 16, 4, 36, 0, 140, 41, 16, 48, 34, 148, 8, 71, 32, 120, 63,
       182, 125, 166, 63, 253, 185, 125, 246, 252, 214, 245, 125, 63,
       188, 85, 254, 254, 67, 113, 245, 34, 209, 119, 221, 186, 228, 219,
       122, 28, 241, 235, 223, 44, 85, 190, 91, 120, 233, 124, 120, 92,
       56, 175, 212, 53, 247, 111, 153, 172, 24, 5, 240, 29, 156, 73, 16,
       242, 51, 189, 90, 87, 32, 250 ]
