%YAML:1.0
descriptors: !!opencv-matrix
   rows: 15
   cols: 64
   dt: u
   data: [ 254, 249, 223, 222, 119, 91, 223, 190, 255, 151, 189, 250,
       127, 254, 254, 251, 255, 247, 126, 255, 7, 255, 229, 247, 239,
       247, 255, 125, 247, 250, 222, 185, 222, 125, 191, 223, 202, 125,
       219, 253, 115, 223, 181, 127, 191, 254, 245, 110, 215, 191, 215,
       199, 250, 63, 247, 223, 240, 247, 56, 127, 125, 157, 246, 250, 51,
       21, 216, 158, 23, 5, 21, 14, 38, 68, 21, 16, 61, 170, 180, 86,
       242, 214, 0, 96, 2, 34, 225, 35, 76, 128, 160, 9, 19, 8, 88, 105,
       244, 36, 20, 186, 66, 112, 3, 212, 18, 202, 28, 10, 144, 20, 193,
       78, 145, 164, 26, 5, 48, 24, 148, 73, 24, 114, 51, 188, 88, 84,
       34, 249, 70, 34, 97, 176, 24, 2, 15, 78, 128, 98, 131, 48, 65,
       131, 145, 67, 226, 84, 3, 96, 136, 128, 200, 40, 76, 136, 168, 11,
       18, 8, 49, 79, 81, 36, 84, 186, 64, 112, 33, 86, 32, 64, 24, 10,
       64, 20, 192, 77, 25, 44, 24, 4, 96, 28, 148, 73, 16, 242, 51, 188,
       72, 86, 32, 240, 70, 33, 131, 144, 216, 134, 1, 67, 132, 70, 2,
       22, 193, 194, 147, 65, 202, 85, 33, 102, 198, 45, 130, 67, 78,
       146, 150, 13, 146, 8, 48, 8, 71, 38, 85, 186, 82, 112, 71, 84,
       176, 112, 16, 10, 81, 20, 129, 207, 153, 44, 24, 5, 240, 29, 156,
       73, 16, 114, 51, 189, 72, 87, 32, 248, 4, 3, 65, 16, 208, 0, 132,
       192, 160, 2, 10, 22, 129, 101, 153, 1, 203, 69, 3, 102, 70, 166,
       128, 98, 78, 222, 149, 9, 146, 10, 50, 24, 82, 38, 85, 186, 80,
       56, 201, 84, 96, 116, 24, 46, 69, 20, 229, 111, 153, 172, 24, 1,
       240, 29, 156, 73, 16, 242, 51, 189, 72, 87, 32, 250, 191, 241,
       125, 158, 54, 31, 93, 122, 246, 71, 189, 250, 255, 122, 180, 92,
       247, 215, 102, 101, 85, 118, 193, 118, 204, 255, 245, 121, 83, 26,
       246, 41, 214, 44, 84, 190, 82, 120, 233, 244, 114, 222, 57, 47,
       213, 20, 245, 111, 153, 172, 24, 5, 240, 29, 156, 73, 16, 242, 51,
       189, 88, 87, 34, 251, 54, 51, 113, 132, 16, 4, 1, 111, 198, 4,
       211, 52, 101, 99, 144, 80, 226, 212, 3, 96, 65, 34, 129, 54, 76,
       136, 164, 9, 210, 12, 48, 104, 80, 36, 85, 186, 82, 112, 129, 84,
       208, 80, 24, 14, 192, 20, 224, 78, 153, 172, 24, 5, 240, 29, 156,
       73, 16, 242, 51, 188, 88, 86, 32, 248, 2, 1, 0, 210, 201, 128, 66,
       13, 6, 66, 2, 4, 49, 70, 33, 20, 66, 22, 1, 6, 198, 42, 137, 2, 8,
       130, 2, 13, 146, 136, 17, 8, 38, 38, 85, 154, 0, 66, 71, 66, 0,
       96, 132, 72, 64, 28, 129, 6, 16, 36, 16, 68, 34, 8, 4, 3, 1, 32,
       98, 51, 8, 38, 161, 96, 190, 243, 125, 246, 63, 181, 223, 120,
       246, 95, 245, 250, 253, 122, 180, 85, 242, 214, 71, 99, 245, 114,
       227, 118, 204, 186, 229, 59, 122, 88, 117, 235, 215, 36, 84, 190,
       82, 120, 249, 245, 82, 95, 57, 47, 208, 20, 245, 111, 153, 172,
       24, 5, 240, 29, 156, 73, 16, 242, 51, 189, 88, 87, 34, 251, 71, 4,
       129, 17, 201, 130, 14, 76, 2, 227, 129, 0, 128, 197, 131, 2, 66,
       5, 1, 66, 138, 173, 202, 9, 12, 194, 170, 47, 18, 9, 33, 79, 83,
       167, 84, 59, 0, 168, 39, 70, 0, 96, 72, 138, 67, 24, 201, 19, 24,
       108, 24, 5, 53, 120, 148, 99, 64, 42, 179, 185, 136, 86, 48, 118,
       67, 5, 0, 146, 73, 138, 70, 0, 34, 66, 32, 0, 24, 105, 36, 5, 68,
       51, 24, 180, 194, 105, 17, 98, 64, 194, 10, 12, 50, 8, 9, 65, 146,
       39, 16, 1, 2, 64, 86, 72, 36, 162, 12, 73, 81, 28, 229, 78, 21,
       36, 16, 4, 33, 72, 138, 139, 25, 110, 50, 181, 0, 114, 177, 232,
       65, 14, 134, 81, 201, 163, 98, 84, 44, 53, 0, 15, 130, 249, 35,
       13, 202, 125, 57, 102, 222, 143, 218, 121, 66, 122, 158, 38, 208,
       1, 35, 71, 223, 167, 81, 57, 80, 189, 127, 102, 116, 52, 72, 135,
       93, 120, 253, 147, 28, 204, 24, 52, 245, 252, 156, 235, 81, 254,
       179, 191, 216, 85, 17, 250, 66, 9, 131, 210, 201, 130, 70, 11, 6,
       96, 16, 67, 163, 192, 20, 24, 102, 87, 57, 38, 198, 45, 138, 99,
       14, 202, 170, 15, 146, 8, 16, 110, 215, 39, 20, 187, 18, 108, 119,
       118, 64, 98, 128, 75, 201, 28, 229, 207, 213, 36, 24, 212, 241,
       120, 156, 203, 81, 126, 115, 187, 88, 117, 145, 248, 66, 10, 143,
       209, 238, 151, 66, 181, 12, 247, 17, 14, 139, 208, 19, 15, 200,
       213, 121, 230, 222, 133, 202, 121, 74, 218, 190, 46, 80, 145, 49,
       78, 215, 175, 87, 59, 90, 253, 229, 114, 112, 124, 64, 14, 217,
       28, 201, 147, 157, 204, 24, 161, 245, 253, 156, 235, 81, 254, 179,
       189, 216, 85, 16, 254, 65, 13, 142, 211, 207, 135, 83, 22, 62,
       101, 7, 78, 155, 249, 50, 13, 110, 117, 57, 102, 206, 15, 218, 99,
       74, 242, 158, 46, 210, 9, 16, 47, 215, 39, 81, 59, 82, 109, 255,
       122, 112, 124, 136, 79, 217, 28, 249, 135, 221, 140, 24, 149, 241,
       125, 156, 203, 81, 254, 115, 191, 88, 117, 145, 250 ]
