%YAML:1.0
descriptors: !!opencv-matrix
   rows: 10
   cols: 64
   dt: u
   data: [ 61, 53, 124, 178, 19, 39, 49, 126, 52, 70, 213, 52, 61, 43,
       177, 86, 234, 212, 1, 96, 241, 32, 193, 51, 76, 168, 160, 9, 82,
       12, 112, 233, 212, 36, 21, 186, 82, 120, 129, 116, 80, 92, 24, 14,
       208, 20, 225, 78, 153, 172, 24, 5, 240, 29, 156, 73, 16, 242, 51,
       188, 88, 86, 32, 251, 61, 53, 125, 190, 55, 55, 57, 126, 116, 70,
       213, 52, 125, 58, 177, 86, 250, 212, 1, 96, 113, 112, 193, 51, 76,
       168, 160, 25, 122, 92, 124, 233, 208, 36, 20, 186, 82, 120, 1,
       116, 80, 75, 28, 14, 208, 21, 193, 78, 153, 172, 24, 5, 240, 28,
       156, 73, 24, 242, 51, 156, 88, 86, 34, 251, 60, 55, 117, 180, 18,
       39, 37, 127, 196, 196, 210, 53, 125, 46, 145, 70, 242, 212, 67,
       96, 241, 34, 192, 183, 28, 168, 164, 137, 82, 156, 113, 233, 70,
       36, 85, 190, 214, 120, 129, 92, 124, 84, 21, 174, 196, 37, 229,
       110, 155, 172, 153, 9, 242, 28, 156, 73, 0, 242, 51, 185, 90, 22,
       32, 250, 63, 50, 125, 160, 63, 189, 9, 120, 230, 94, 211, 48, 125,
       59, 176, 85, 242, 244, 67, 96, 225, 114, 129, 116, 204, 168, 228,
       25, 122, 28, 113, 233, 212, 36, 84, 190, 82, 112, 129, 116, 212,
       92, 24, 15, 208, 132, 192, 77, 153, 172, 24, 5, 242, 29, 159, 73,
       16, 242, 51, 156, 88, 87, 32, 248, 61, 53, 125, 190, 55, 55, 57,
       127, 244, 94, 213, 53, 125, 58, 181, 86, 250, 212, 67, 96, 113,
       112, 193, 55, 76, 168, 224, 153, 122, 92, 124, 233, 208, 36, 20,
       186, 82, 120, 1, 116, 80, 203, 28, 14, 208, 21, 193, 78, 153, 172,
       24, 5, 240, 28, 156, 73, 24, 242, 59, 156, 88, 22, 34, 251, 60,
       53, 117, 180, 22, 39, 41, 127, 196, 206, 210, 53, 125, 174, 145,
       86, 250, 212, 67, 96, 113, 34, 208, 183, 156, 168, 164, 137, 82,
       220, 112, 233, 66, 44, 87, 190, 214, 120, 1, 92, 120, 64, 20, 174,
       68, 37, 193, 110, 153, 172, 152, 9, 242, 28, 156, 81, 0, 242, 51,
       185, 90, 6, 40, 242, 39, 54, 117, 32, 21, 32, 37, 88, 224, 6, 192,
       48, 108, 11, 128, 81, 226, 228, 7, 84, 97, 2, 17, 116, 68, 184,
       108, 137, 210, 12, 96, 137, 88, 44, 84, 158, 64, 48, 1, 212, 12,
       66, 24, 143, 64, 113, 130, 76, 24, 36, 16, 0, 96, 28, 140, 65, 16,
       176, 3, 156, 88, 86, 32, 121, 4, 33, 145, 148, 0, 0, 8, 70, 2, 2,
       3, 20, 64, 192, 129, 18, 98, 68, 0, 70, 2, 172, 192, 3, 12, 128,
       162, 73, 2, 40, 16, 9, 82, 20, 84, 154, 0, 108, 3, 68, 0, 64, 16,
       74, 34, 12, 193, 14, 17, 44, 48, 5, 32, 24, 20, 75, 0, 114, 16,
       57, 72, 4, 33, 242, 12, 35, 245, 144, 16, 7, 47, 111, 196, 238,
       194, 52, 81, 102, 177, 66, 234, 220, 67, 98, 193, 33, 192, 179,
       12, 136, 164, 141, 64, 140, 49, 233, 87, 36, 85, 186, 82, 120, 65,
       84, 112, 64, 48, 46, 196, 20, 229, 110, 153, 172, 24, 5, 240, 29,
       156, 73, 16, 242, 51, 189, 88, 87, 32, 250, 221, 62, 115, 33, 217,
       226, 167, 220, 120, 123, 202, 55, 228, 15, 203, 241, 251, 239,
       139, 96, 233, 129, 46, 56, 198, 204, 120, 239, 222, 71, 235, 255,
       113, 161, 93, 183, 53, 182, 45, 246, 205, 68, 90, 154, 77, 131,
       74, 209, 232, 117, 92, 52, 228, 246, 141, 105, 198, 188, 135, 164,
       222, 70, 48, 52 ]
