%YAML:1.0
descriptors: !!opencv-matrix
   rows: 20
   cols: 64
   dt: u
   data: [ 35, 20, 80, 130, 221, 130, 7, 8, 102, 65, 0, 114, 173, 75,
       128, 85, 98, 247, 5, 112, 193, 39, 137, 100, 70, 152, 104, 15,
       146, 8, 33, 105, 87, 36, 84, 186, 66, 112, 37, 84, 64, 64, 24, 11,
       193, 16, 244, 79, 153, 44, 24, 4, 112, 24, 156, 73, 16, 114, 51,
       188, 88, 87, 32, 248, 54, 49, 241, 22, 22, 3, 24, 47, 198, 128,
       149, 48, 117, 130, 147, 82, 126, 146, 66, 212, 1, 130, 193, 135,
       156, 128, 228, 73, 2, 184, 212, 40, 72, 44, 4, 190, 202, 120, 129,
       92, 16, 75, 21, 10, 128, 52, 128, 76, 147, 174, 25, 7, 50, 24, 28,
       65, 0, 115, 51, 184, 56, 22, 34, 235, 250, 158, 239, 255, 255,
       255, 223, 253, 255, 255, 219, 159, 255, 236, 63, 94, 255, 213,
       123, 127, 254, 223, 218, 125, 95, 255, 254, 63, 218, 217, 127,
       239, 199, 175, 87, 127, 210, 253, 253, 127, 120, 92, 233, 127,
       223, 28, 253, 179, 221, 140, 24, 165, 245, 255, 156, 235, 80, 254,
       241, 191, 223, 85, 24, 254, 68, 3, 147, 209, 200, 194, 74, 231, 2,
       162, 3, 4, 210, 229, 147, 2, 108, 73, 24, 102, 142, 173, 206, 139,
       14, 194, 190, 78, 0, 140, 49, 94, 115, 151, 85, 11, 0, 238, 119,
       70, 0, 96, 128, 74, 47, 12, 73, 179, 93, 108, 48, 241, 49, 120,
       20, 203, 193, 110, 1, 49, 76, 36, 17, 230, 3, 6, 0, 2, 201, 128,
       2, 8, 32, 0, 2, 67, 160, 75, 128, 1, 98, 36, 5, 0, 192, 42, 137,
       98, 66, 152, 0, 3, 146, 8, 1, 69, 22, 38, 80, 178, 33, 0, 5, 132,
       65, 96, 24, 3, 64, 0, 200, 67, 0, 36, 24, 4, 100, 8, 140, 1, 16,
       32, 34, 148, 8, 7, 32, 120, 63, 21, 124, 182, 55, 37, 57, 126, 54,
       68, 213, 52, 61, 43, 144, 86, 226, 212, 1, 96, 225, 32, 193, 51,
       76, 168, 160, 9, 82, 28, 113, 105, 214, 36, 84, 186, 82, 120, 129,
       116, 208, 92, 24, 14, 208, 20, 225, 78, 153, 172, 24, 5, 240, 29,
       156, 73, 16, 242, 51, 189, 88, 86, 32, 251, 100, 35, 225, 144, 16,
       135, 47, 126, 196, 70, 195, 52, 113, 14, 145, 70, 234, 213, 3,
       100, 193, 35, 192, 55, 76, 136, 164, 13, 82, 12, 48, 105, 87, 36,
       85, 186, 82, 120, 129, 84, 112, 80, 24, 47, 213, 20, 229, 78, 153,
       172, 24, 5, 240, 29, 156, 73, 16, 242, 51, 189, 88, 86, 32, 250,
       162, 97, 9, 2, 2, 64, 152, 207, 194, 130, 49, 212, 113, 2, 176,
       114, 107, 148, 6, 65, 2, 162, 228, 6, 29, 149, 181, 9, 3, 170, 18,
       120, 192, 44, 69, 154, 74, 120, 137, 212, 48, 88, 48, 41, 146, 84,
       180, 108, 153, 172, 16, 5, 112, 25, 148, 73, 16, 114, 49, 60, 88,
       87, 32, 250, 64, 32, 161, 16, 0, 0, 4, 207, 194, 162, 129, 2, 97,
       132, 131, 2, 107, 4, 3, 68, 8, 131, 70, 132, 4, 144, 188, 9, 2,
       140, 0, 8, 65, 44, 71, 186, 0, 56, 1, 84, 32, 64, 48, 42, 197,
       116, 132, 108, 25, 172, 24, 1, 112, 24, 20, 65, 16, 114, 17, 188,
       88, 86, 32, 250, 33, 5, 33, 128, 1, 0, 5, 77, 166, 64, 139, 38,
       97, 45, 162, 7, 235, 52, 3, 64, 64, 34, 208, 100, 84, 148, 144, 9,
       18, 140, 3, 9, 204, 36, 71, 186, 0, 40, 9, 76, 32, 80, 48, 171,
       68, 80, 180, 108, 17, 172, 24, 0, 240, 24, 156, 65, 24, 114, 51,
       188, 8, 87, 32, 122, 131, 197, 109, 128, 55, 81, 153, 218, 178,
       194, 165, 240, 123, 56, 160, 67, 234, 244, 4, 113, 0, 32, 228,
       114, 36, 151, 177, 9, 83, 10, 16, 57, 252, 36, 20, 186, 82, 120,
       137, 244, 80, 90, 56, 47, 208, 20, 208, 108, 153, 172, 24, 5, 248,
       25, 156, 73, 16, 242, 51, 156, 88, 87, 32, 251, 167, 227, 111,
       128, 22, 21, 137, 146, 96, 206, 145, 114, 91, 97, 51, 65, 128,
       116, 7, 246, 65, 212, 5, 114, 14, 144, 149, 1, 210, 28, 50, 25,
       246, 44, 148, 186, 90, 120, 1, 52, 208, 74, 24, 14, 208, 20, 208,
       76, 25, 172, 24, 5, 208, 29, 156, 73, 16, 242, 51, 157, 76, 87,
       34, 251, 133, 7, 164, 0, 129, 40, 33, 91, 32, 81, 130, 71, 130,
       121, 162, 5, 10, 124, 133, 97, 80, 134, 186, 112, 6, 154, 16, 0,
       208, 4, 34, 1, 222, 34, 80, 186, 16, 122, 9, 132, 213, 52, 24,
       135, 72, 1, 120, 192, 25, 36, 24, 20, 209, 30, 140, 8, 16, 224,
       35, 173, 72, 87, 32, 251, 9, 6, 44, 0, 137, 157, 37, 121, 165, 86,
       142, 4, 17, 61, 108, 133, 128, 60, 195, 32, 240, 82, 152, 224, 80,
       52, 4, 0, 56, 210, 9, 65, 72, 72, 195, 32, 0, 2, 0, 8, 220, 181,
       30, 133, 84, 99, 36, 192, 50, 8, 137, 12, 131, 29, 203, 16, 57, 0,
       39, 172, 2, 146, 76, 88, 71, 5, 129, 18, 0, 2, 0, 79, 2, 66, 1, 4,
       16, 194, 129, 2, 66, 0, 0, 68, 2, 32, 64, 3, 28, 128, 160, 13, 2,
       136, 0, 72, 66, 36, 4, 186, 0, 40, 3, 92, 0, 64, 20, 138, 64, 20,
       129, 78, 17, 44, 16, 4, 32, 24, 20, 65, 16, 50, 51, 184, 8, 22,
       32, 224, 129, 0, 8, 0, 1, 16, 4, 8, 0, 2, 0, 2, 0, 0, 6, 3, 8, 68,
       5, 4, 0, 128, 136, 64, 0, 149, 25, 0, 144, 0, 0, 0, 80, 0, 216, 8,
       0, 72, 4, 0, 32, 34, 40, 1, 22, 20, 116, 128, 18, 8, 48, 4, 1, 73,
       196, 10, 16, 0, 32, 44, 4, 81, 64, 34, 4, 7, 1, 144, 0, 6, 0, 67,
       32, 70, 2, 4, 0, 1, 176, 3, 66, 100, 1, 68, 64, 32, 80, 3, 4, 128,
       132, 8, 16, 8, 32, 64, 66, 4, 87, 186, 0, 40, 1, 68, 4, 64, 16,
       138, 64, 80, 160, 78, 24, 44, 24, 0, 112, 24, 28, 1, 16, 34, 19,
       180, 72, 86, 32, 104, 1, 7, 4, 0, 1, 134, 39, 86, 36, 4, 2, 0, 0,
       61, 129, 5, 194, 100, 1, 100, 192, 34, 208, 115, 72, 168, 140, 4,
       16, 8, 33, 65, 212, 36, 85, 186, 80, 56, 1, 100, 116, 84, 24, 143,
       84, 80, 228, 78, 25, 44, 24, 0, 240, 29, 156, 73, 16, 226, 51,
       188, 72, 86, 32, 248, 34, 1, 32, 146, 3, 132, 4, 7, 132, 70, 19,
       4, 17, 12, 49, 6, 192, 80, 1, 192, 192, 34, 208, 3, 92, 128, 132,
       8, 18, 152, 17, 64, 68, 44, 71, 186, 66, 104, 1, 76, 32, 80, 20,
       171, 84, 84, 165, 78, 25, 172, 24, 1, 178, 25, 156, 65, 16, 98,
       51, 188, 72, 86, 32, 250, 2, 1, 136, 18, 3, 128, 4, 15, 6, 2, 19,
       4, 16, 36, 35, 2, 72, 16, 1, 208, 128, 34, 194, 35, 12, 128, 160,
       9, 18, 136, 17, 104, 215, 36, 69, 186, 66, 120, 129, 84, 48, 88,
       24, 14, 212, 20, 165, 78, 153, 172, 24, 5, 112, 29, 156, 73, 16,
       242, 51, 189, 88, 86, 32, 250 ]
