%YAML:1.0
descriptors: !!opencv-matrix
   rows: 11
   cols: 64
   dt: u
   data: [ 23, 50, 197, 55, 61, 186, 159, 24, 250, 186, 218, 119, 236,
       119, 139, 19, 233, 199, 35, 243, 197, 39, 195, 118, 205, 222, 245,
       239, 82, 10, 227, 106, 215, 44, 85, 190, 91, 56, 233, 116, 120,
       92, 56, 175, 213, 17, 245, 111, 153, 172, 24, 1, 240, 29, 156, 73,
       16, 242, 51, 189, 88, 87, 32, 250, 60, 37, 117, 146, 17, 37, 33,
       127, 196, 196, 194, 52, 113, 14, 185, 70, 234, 212, 67, 96, 241,
       34, 193, 247, 76, 40, 164, 137, 82, 12, 48, 232, 222, 36, 85, 186,
       82, 120, 129, 84, 120, 84, 24, 46, 196, 53, 227, 110, 153, 172,
       24, 5, 240, 29, 156, 73, 16, 242, 51, 189, 88, 87, 32, 250, 68,
       32, 227, 176, 88, 2, 43, 207, 128, 226, 131, 52, 81, 130, 147, 66,
       202, 84, 3, 98, 139, 129, 206, 27, 14, 136, 170, 13, 82, 8, 49,
       79, 113, 36, 85, 187, 0, 118, 5, 86, 144, 64, 24, 14, 67, 28, 65,
       137, 25, 44, 24, 5, 113, 28, 148, 73, 144, 226, 33, 188, 76, 70,
       32, 241, 63, 21, 252, 190, 23, 39, 29, 126, 54, 68, 213, 176, 61,
       170, 180, 86, 242, 212, 1, 100, 97, 0, 229, 51, 76, 168, 160, 9,
       83, 28, 120, 41, 240, 36, 20, 186, 82, 112, 129, 244, 82, 202, 24,
       14, 208, 20, 193, 78, 153, 172, 26, 5, 112, 28, 157, 73, 16, 242,
       51, 188, 88, 86, 34, 249, 99, 2, 65, 146, 217, 134, 7, 72, 230,
       102, 2, 48, 161, 75, 144, 69, 226, 85, 1, 100, 192, 35, 129, 103,
       78, 128, 168, 13, 18, 8, 17, 73, 87, 36, 84, 186, 66, 112, 5, 84,
       32, 64, 24, 15, 65, 28, 197, 79, 153, 44, 24, 4, 112, 25, 156, 73,
       16, 114, 51, 189, 72, 87, 32, 248, 6, 3, 1, 208, 16, 0, 0, 76, 2,
       2, 1, 16, 64, 65, 129, 2, 66, 68, 0, 102, 2, 168, 128, 2, 12, 130,
       162, 9, 146, 8, 0, 9, 114, 38, 20, 154, 0, 112, 67, 212, 128, 96,
       24, 72, 0, 4, 193, 14, 16, 44, 16, 4, 32, 24, 132, 9, 128, 98, 32,
       29, 72, 86, 33, 241, 39, 38, 65, 130, 217, 132, 3, 72, 164, 102,
       2, 52, 161, 75, 145, 69, 66, 84, 1, 96, 193, 34, 136, 102, 76,
       128, 4, 13, 18, 8, 17, 73, 87, 38, 85, 186, 0, 112, 1, 84, 32, 64,
       24, 10, 68, 20, 192, 71, 25, 44, 24, 4, 48, 24, 140, 9, 16, 98,
       51, 188, 72, 86, 32, 240, 199, 11, 195, 209, 216, 210, 71, 198,
       44, 165, 9, 30, 211, 253, 179, 107, 203, 85, 57, 103, 142, 173,
       238, 59, 78, 223, 159, 47, 146, 11, 50, 31, 211, 39, 85, 187, 82,
       125, 255, 86, 112, 120, 40, 127, 221, 28, 237, 179, 221, 172, 24,
       21, 209, 63, 156, 75, 80, 252, 49, 61, 92, 84, 49, 250, 197, 46,
       227, 209, 216, 134, 131, 193, 136, 103, 2, 30, 131, 202, 155, 76,
       202, 85, 57, 102, 206, 141, 202, 105, 78, 210, 30, 47, 146, 11,
       19, 15, 215, 39, 85, 187, 80, 253, 111, 86, 176, 112, 8, 14, 89,
       28, 249, 179, 153, 44, 24, 36, 209, 61, 156, 75, 80, 248, 49, 61,
       76, 85, 48, 250, 71, 38, 195, 131, 216, 134, 3, 200, 174, 103, 2,
       30, 145, 235, 147, 68, 226, 85, 57, 100, 200, 133, 138, 105, 78,
       192, 60, 47, 146, 9, 51, 79, 87, 167, 85, 187, 82, 248, 37, 86,
       96, 64, 8, 14, 69, 28, 233, 145, 153, 44, 24, 4, 241, 25, 156, 75,
       16, 120, 51, 189, 72, 87, 48, 248, 55, 247, 125, 142, 55, 157, 31,
       73, 230, 70, 189, 242, 253, 59, 180, 85, 246, 247, 6, 113, 65, 98,
       209, 118, 204, 148, 241, 121, 82, 26, 245, 41, 214, 36, 85, 190,
       82, 120, 169, 116, 112, 92, 56, 47, 212, 20, 244, 111, 153, 172,
       24, 5, 240, 29, 156, 73, 16, 242, 51, 189, 88, 87, 32, 250 ]
