%YAML:1.0
descriptors: !!opencv-matrix
   rows: 14
   cols: 64
   dt: u
   data: [ 60, 50, 117, 162, 190, 189, 35, 121, 244, 94, 210, 53, 253,
       62, 249, 100, 242, 212, 67, 96, 241, 34, 129, 116, 76, 168, 164,
       137, 210, 12, 121, 249, 112, 36, 85, 186, 82, 114, 129, 244, 216,
       84, 24, 14, 208, 6, 192, 77, 153, 44, 24, 5, 240, 29, 157, 73, 16,
       242, 51, 188, 88, 86, 32, 248, 63, 21, 252, 188, 23, 39, 57, 118,
       54, 68, 213, 48, 29, 170, 181, 86, 242, 212, 1, 96, 97, 32, 229,
       51, 76, 168, 160, 9, 83, 28, 120, 233, 240, 36, 20, 186, 82, 112,
       129, 244, 82, 74, 24, 14, 208, 20, 193, 78, 153, 172, 24, 5, 112,
       28, 156, 73, 16, 242, 51, 188, 88, 86, 34, 249, 39, 51, 97, 160,
       21, 4, 1, 78, 198, 68, 130, 53, 97, 15, 145, 85, 226, 212, 3, 96,
       65, 2, 128, 55, 78, 136, 164, 9, 210, 12, 48, 41, 80, 36, 85, 186,
       66, 112, 1, 84, 16, 64, 24, 14, 64, 20, 192, 76, 153, 36, 24, 4,
       112, 28, 140, 73, 16, 242, 35, 188, 88, 70, 32, 248, 247, 245,
       125, 150, 247, 159, 95, 9, 246, 71, 61, 250, 191, 106, 180, 93,
       242, 247, 52, 117, 67, 118, 145, 102, 236, 215, 241, 63, 210, 58,
       213, 41, 210, 44, 22, 158, 194, 121, 227, 245, 114, 203, 61, 41,
       209, 28, 244, 15, 145, 172, 16, 5, 104, 25, 156, 73, 24, 242, 51,
       189, 88, 87, 32, 249, 250, 245, 125, 222, 247, 143, 95, 41, 247,
       69, 189, 250, 191, 126, 244, 92, 247, 247, 126, 119, 119, 127,
       145, 102, 252, 247, 247, 127, 242, 251, 221, 169, 134, 109, 6,
       223, 202, 121, 251, 253, 115, 219, 245, 235, 213, 60, 245, 15,
       149, 166, 145, 13, 232, 25, 158, 83, 120, 246, 114, 187, 123, 223,
       184, 250, 250, 217, 222, 223, 110, 223, 222, 179, 63, 253, 125,
       203, 159, 252, 126, 254, 189, 211, 252, 175, 214, 125, 231, 251,
       251, 127, 243, 126, 125, 243, 222, 255, 215, 243, 120, 117, 255,
       223, 250, 255, 243, 255, 239, 127, 191, 30, 253, 111, 237, 211,
       255, 223, 255, 111, 187, 207, 127, 223, 254, 255, 243, 125, 151,
       255, 252, 63, 255, 253, 126, 127, 249, 255, 253, 253, 254, 191,
       255, 255, 251, 254, 251, 213, 123, 107, 253, 223, 247, 191, 223,
       235, 246, 191, 123, 221, 126, 255, 255, 103, 117, 255, 214, 127,
       241, 125, 254, 93, 255, 62, 221, 167, 201, 239, 157, 172, 223,
       141, 242, 31, 157, 77, 88, 246, 123, 255, 219, 94, 42, 254, 64, 2,
       131, 178, 89, 98, 34, 206, 0, 234, 64, 20, 1, 129, 131, 35, 2, 76,
       1, 64, 200, 129, 236, 57, 14, 136, 136, 7, 82, 1, 33, 79, 113,
       164, 20, 59, 17, 244, 37, 214, 0, 64, 24, 10, 66, 12, 64, 201, 24,
       44, 88, 4, 85, 24, 132, 8, 144, 160, 35, 156, 76, 6, 34, 245, 5,
       3, 16, 144, 0, 0, 4, 70, 2, 66, 3, 0, 0, 195, 129, 19, 102, 194,
       0, 98, 70, 168, 192, 3, 72, 130, 162, 72, 16, 8, 144, 33, 114, 38,
       84, 186, 0, 96, 67, 68, 16, 64, 24, 14, 64, 20, 193, 78, 145, 44,
       24, 4, 48, 24, 148, 73, 17, 114, 35, 189, 88, 86, 33, 248, 80, 11,
       147, 212, 64, 130, 74, 67, 2, 0, 3, 4, 146, 196, 17, 26, 100, 195,
       40, 6, 6, 45, 192, 67, 14, 194, 162, 76, 0, 40, 16, 8, 86, 23, 81,
       139, 0, 108, 198, 64, 0, 32, 144, 66, 169, 28, 129, 142, 209, 168,
       16, 213, 49, 88, 148, 203, 65, 122, 18, 59, 88, 101, 17, 250, 67,
       0, 128, 2, 203, 130, 2, 8, 134, 32, 21, 2, 176, 26, 0, 16, 102,
       151, 0, 20, 192, 7, 131, 101, 2, 128, 168, 12, 18, 8, 1, 104, 151,
       36, 80, 186, 66, 72, 0, 64, 80, 80, 8, 11, 193, 20, 164, 79, 145,
       172, 24, 4, 48, 24, 156, 67, 16, 114, 50, 188, 88, 85, 32, 248, 1,
       6, 4, 0, 8, 132, 3, 17, 164, 6, 2, 4, 128, 9, 16, 5, 4, 109, 65,
       32, 208, 34, 82, 225, 24, 32, 140, 4, 16, 0, 1, 64, 71, 40, 66,
       168, 16, 8, 0, 72, 84, 16, 16, 143, 64, 112, 164, 79, 16, 44, 24,
       0, 240, 25, 156, 1, 16, 34, 51, 180, 72, 87, 32, 234, 68, 6, 177,
       144, 72, 6, 34, 71, 0, 226, 131, 4, 64, 193, 147, 2, 74, 77, 3,
       98, 138, 165, 72, 11, 12, 136, 166, 76, 0, 4, 33, 78, 67, 6, 85,
       170, 0, 168, 5, 70, 0, 96, 24, 130, 97, 8, 193, 75, 24, 44, 56, 1,
       112, 24, 20, 73, 0, 106, 19, 189, 72, 70, 33, 242, 2, 3, 1, 2,
       201, 128, 6, 9, 2, 0, 2, 6, 128, 71, 0, 1, 66, 69, 1, 4, 202, 33,
       138, 64, 14, 128, 8, 13, 146, 8, 1, 8, 22, 38, 84, 154, 0, 0, 7,
       70, 0, 64, 0, 138, 64, 24, 129, 7, 16, 36, 16, 0, 48, 24, 12, 11,
       0, 32, 2, 56, 8, 86, 32, 120 ]
