%YAML:1.0
descriptors: !!opencv-matrix
   rows: 51
   cols: 64
   dt: u
   data: [ 63, 53, 125, 174, 23, 37, 61, 126, 246, 92, 252, 49, 125, 42,
       180, 87, 242, 246, 3, 96, 225, 34, 193, 118, 204, 168, 228, 73,
       82, 12, 241, 233, 215, 36, 85, 190, 82, 120, 129, 124, 112, 92,
       56, 47, 212, 20, 245, 111, 153, 172, 24, 5, 240, 29, 156, 73, 16,
       242, 51, 189, 88, 87, 32, 250, 60, 49, 125, 174, 55, 53, 61, 124,
       244, 92, 221, 53, 125, 62, 181, 116, 242, 212, 67, 96, 225, 34,
       193, 118, 76, 168, 164, 137, 82, 140, 117, 233, 212, 36, 85, 186,
       82, 120, 137, 116, 120, 92, 24, 47, 212, 21, 229, 110, 153, 172,
       24, 5, 240, 29, 156, 73, 16, 242, 51, 188, 88, 87, 32, 248, 63,
       51, 125, 164, 55, 53, 61, 126, 246, 94, 254, 49, 125, 62, 177, 86,
       243, 244, 3, 96, 225, 34, 193, 118, 76, 169, 164, 9, 82, 76, 113,
       233, 214, 36, 85, 190, 82, 120, 129, 124, 112, 92, 56, 47, 212,
       20, 245, 110, 153, 172, 24, 5, 240, 29, 156, 73, 16, 242, 51, 188,
       88, 87, 32, 250, 63, 51, 125, 164, 55, 53, 61, 122, 246, 94, 255,
       49, 109, 27, 177, 87, 242, 212, 67, 96, 225, 34, 193, 118, 204,
       168, 228, 9, 82, 28, 113, 233, 214, 36, 85, 190, 82, 120, 129,
       116, 112, 92, 56, 47, 212, 20, 245, 78, 153, 172, 24, 5, 240, 29,
       156, 73, 16, 242, 51, 188, 88, 86, 32, 248, 63, 49, 125, 162, 23,
       53, 29, 126, 214, 94, 242, 49, 109, 11, 144, 87, 242, 212, 3, 96,
       225, 34, 193, 118, 204, 168, 228, 9, 82, 12, 113, 105, 214, 36,
       85, 190, 82, 120, 129, 116, 112, 92, 56, 47, 212, 16, 245, 78,
       153, 172, 24, 5, 240, 29, 156, 73, 16, 242, 51, 188, 88, 87, 32,
       250, 61, 52, 117, 34, 23, 37, 37, 126, 244, 92, 212, 53, 125, 47,
       148, 68, 226, 212, 3, 96, 225, 34, 193, 119, 76, 168, 164, 137,
       82, 12, 49, 233, 215, 36, 85, 186, 82, 120, 129, 116, 120, 92, 24,
       15, 212, 21, 229, 79, 153, 172, 24, 5, 240, 29, 156, 73, 16, 242,
       51, 188, 88, 87, 32, 250, 61, 53, 117, 166, 23, 37, 53, 123, 228,
       68, 213, 49, 125, 47, 180, 86, 242, 212, 67, 96, 241, 34, 193,
       118, 76, 168, 164, 137, 82, 12, 113, 233, 214, 36, 85, 190, 82,
       120, 129, 116, 120, 92, 24, 15, 212, 53, 229, 78, 153, 172, 24, 5,
       240, 29, 156, 73, 16, 242, 51, 188, 88, 86, 32, 248, 63, 49, 117,
       166, 23, 37, 61, 126, 228, 78, 209, 48, 125, 46, 176, 86, 242,
       212, 3, 96, 225, 34, 193, 118, 76, 136, 164, 137, 82, 12, 113,
       233, 215, 36, 85, 186, 82, 120, 129, 116, 120, 92, 24, 15, 212,
       21, 229, 78, 153, 172, 24, 5, 240, 29, 156, 73, 16, 242, 51, 189,
       88, 87, 32, 250, 60, 51, 125, 166, 54, 53, 61, 126, 244, 84, 215,
       48, 125, 59, 177, 86, 242, 212, 67, 96, 241, 34, 193, 118, 76,
       168, 164, 153, 82, 28, 113, 233, 215, 36, 85, 186, 82, 120, 129,
       116, 120, 92, 24, 15, 212, 20, 229, 79, 153, 172, 24, 5, 240, 29,
       156, 73, 16, 242, 51, 189, 88, 87, 32, 250, 61, 55, 117, 166, 55,
       53, 49, 122, 244, 84, 215, 53, 125, 59, 176, 84, 242, 220, 67, 96,
       241, 34, 193, 119, 76, 168, 164, 137, 82, 12, 113, 233, 215, 36,
       85, 186, 83, 120, 129, 116, 120, 92, 24, 15, 212, 21, 231, 79,
       153, 172, 24, 5, 240, 29, 156, 73, 16, 242, 51, 188, 88, 87, 32,
       250, 30, 51, 93, 162, 54, 53, 57, 114, 118, 94, 82, 21, 93, 59,
       177, 83, 242, 212, 1, 96, 225, 32, 193, 114, 76, 136, 160, 9, 82,
       12, 113, 233, 215, 36, 85, 186, 82, 120, 129, 116, 112, 92, 24,
       15, 212, 20, 229, 79, 153, 172, 24, 5, 240, 29, 156, 73, 16, 242,
       51, 188, 88, 87, 32, 250, 61, 20, 124, 38, 55, 53, 60, 117, 48,
       92, 86, 21, 28, 63, 161, 85, 226, 212, 1, 96, 193, 34, 193, 114,
       76, 136, 164, 9, 82, 12, 49, 105, 215, 36, 85, 186, 82, 120, 129,
       116, 112, 92, 24, 15, 212, 20, 229, 79, 153, 172, 24, 5, 240, 29,
       156, 73, 16, 242, 51, 188, 88, 87, 32, 250, 28, 17, 92, 162, 55,
       49, 56, 116, 54, 94, 86, 20, 29, 42, 176, 80, 246, 214, 1, 96,
       193, 32, 193, 114, 76, 136, 160, 73, 82, 12, 177, 233, 215, 36,
       85, 186, 82, 120, 137, 116, 112, 92, 24, 15, 212, 20, 245, 79,
       153, 172, 24, 5, 240, 29, 156, 73, 16, 242, 51, 189, 88, 87, 32,
       250, 5, 39, 97, 128, 16, 6, 33, 78, 128, 68, 130, 52, 65, 143,
       145, 64, 226, 84, 3, 100, 65, 128, 128, 51, 78, 136, 0, 9, 146, 8,
       48, 9, 80, 38, 85, 186, 0, 114, 5, 84, 0, 64, 24, 14, 64, 4, 64,
       196, 25, 36, 88, 4, 112, 28, 132, 73, 16, 224, 35, 188, 72, 70,
       32, 248, 214, 33, 203, 147, 182, 17, 25, 246, 86, 167, 87, 54,
       211, 210, 147, 66, 106, 212, 65, 99, 73, 133, 199, 19, 14, 130,
       180, 9, 210, 8, 48, 59, 115, 36, 20, 250, 90, 120, 1, 84, 208, 64,
       16, 14, 192, 4, 193, 77, 155, 172, 24, 5, 112, 29, 156, 73, 16,
       114, 51, 157, 72, 22, 32, 250, 175, 35, 226, 19, 159, 33, 128,
       222, 36, 177, 134, 119, 186, 218, 163, 71, 74, 116, 3, 211, 73,
       135, 211, 119, 6, 26, 144, 3, 210, 12, 48, 2, 223, 36, 86, 186,
       82, 122, 1, 84, 208, 85, 24, 14, 193, 68, 193, 77, 25, 44, 24, 5,
       242, 28, 156, 73, 16, 242, 51, 189, 72, 87, 34, 251, 54, 50, 85,
       130, 255, 149, 135, 9, 230, 71, 17, 114, 189, 123, 176, 85, 242,
       215, 0, 96, 193, 39, 131, 100, 76, 212, 253, 47, 146, 152, 81,
       105, 215, 36, 86, 190, 82, 120, 169, 116, 112, 88, 24, 15, 213,
       20, 245, 79, 153, 172, 24, 5, 240, 29, 156, 73, 16, 242, 51, 189,
       88, 87, 32, 250, 133, 139, 194, 17, 153, 72, 128, 198, 40, 1, 130,
       127, 162, 223, 134, 41, 107, 81, 37, 67, 77, 135, 235, 113, 71,
       222, 16, 43, 146, 14, 34, 0, 215, 38, 84, 186, 82, 122, 109, 244,
       80, 84, 56, 47, 217, 20, 117, 229, 153, 44, 24, 4, 240, 31, 140,
       73, 16, 240, 33, 189, 88, 87, 32, 250, 190, 178, 125, 135, 255,
       149, 159, 120, 254, 127, 149, 122, 255, 123, 182, 85, 250, 213,
       103, 99, 217, 103, 131, 116, 78, 255, 181, 63, 218, 26, 119, 107,
       215, 36, 84, 190, 82, 120, 233, 116, 112, 92, 56, 47, 213, 20,
       245, 79, 153, 172, 24, 5, 240, 29, 156, 73, 16, 242, 51, 189, 88,
       87, 32, 250, 246, 49, 234, 147, 23, 21, 25, 175, 134, 231, 21,
       178, 191, 170, 179, 94, 114, 213, 96, 119, 11, 151, 195, 39, 30,
       130, 176, 9, 18, 152, 20, 41, 247, 36, 22, 186, 66, 120, 195, 84,
       16, 75, 52, 14, 145, 28, 193, 46, 153, 172, 24, 5, 48, 25, 156,
       75, 16, 114, 49, 61, 88, 84, 34, 251, 194, 0, 136, 3, 200, 128,
       134, 1, 74, 3, 0, 74, 160, 66, 2, 1, 74, 1, 33, 196, 201, 7, 3,
       68, 70, 212, 189, 47, 130, 14, 3, 2, 199, 44, 69, 186, 90, 56,
       105, 116, 96, 80, 16, 9, 213, 84, 180, 5, 153, 172, 24, 5, 240,
       29, 156, 65, 16, 242, 51, 189, 88, 87, 32, 234, 52, 119, 113, 138,
       16, 68, 37, 77, 195, 198, 168, 184, 117, 6, 159, 210, 251, 198,
       131, 36, 9, 128, 117, 4, 220, 149, 125, 41, 3, 136, 90, 41, 128,
       4, 119, 158, 0, 112, 5, 84, 36, 66, 52, 161, 22, 28, 52, 164, 144,
       36, 112, 48, 34, 26, 36, 99, 128, 56, 0, 40, 92, 69, 104, 178, 66,
       32, 128, 2, 200, 128, 2, 0, 66, 34, 3, 6, 176, 6, 3, 0, 72, 33, 1,
       208, 201, 5, 83, 68, 80, 208, 188, 45, 2, 136, 1, 0, 69, 44, 71,
       186, 8, 40, 9, 76, 32, 80, 16, 137, 69, 80, 164, 109, 145, 172,
       24, 0, 176, 25, 28, 65, 16, 114, 19, 181, 8, 83, 96, 106, 190,
       245, 125, 231, 255, 173, 221, 121, 255, 93, 253, 251, 255, 122,
       244, 125, 242, 246, 86, 115, 245, 122, 177, 126, 254, 190, 247,
       123, 255, 251, 255, 255, 207, 108, 30, 254, 254, 113, 249, 253,
       91, 223, 215, 95, 216, 55, 253, 79, 173, 183, 219, 13, 250, 150,
       159, 81, 56, 182, 255, 155, 251, 159, 174, 189, 102, 37, 163, 146,
       84, 134, 8, 71, 66, 226, 19, 54, 194, 198, 147, 86, 98, 69, 32,
       70, 11, 165, 211, 3, 30, 194, 160, 13, 2, 28, 0, 8, 71, 36, 85,
       186, 10, 56, 67, 84, 0, 64, 16, 170, 197, 28, 165, 46, 153, 172,
       24, 1, 112, 24, 20, 65, 16, 50, 49, 185, 72, 84, 32, 250, 69, 39,
       131, 20, 17, 2, 36, 78, 0, 160, 131, 54, 66, 197, 131, 3, 235, 69,
