%YAML:1.0
descriptors: !!opencv-matrix
   rows: 17
   cols: 64
   dt: u
   data: [ 55, 54, 117, 130, 223, 128, 7, 88, 230, 70, 145, 112, 173,
       107, 160, 85, 242, 213, 3, 96, 193, 38, 129, 119, 76, 152, 224,
       13, 82, 8, 113, 105, 215, 36, 84, 186, 82, 120, 9, 116, 80, 88,
       24, 15, 208, 20, 245, 79, 153, 172, 24, 5, 240, 29, 156, 73, 16,
       242, 51, 189, 88, 87, 32, 248, 55, 52, 80, 2, 221, 128, 7, 8, 230,
       40, 144, 115, 172, 75, 132, 85, 114, 246, 5, 144, 193, 34, 137,
       108, 196, 152, 96, 11, 146, 24, 193, 111, 87, 172, 20, 190, 114,
       48, 33, 244, 64, 66, 8, 139, 64, 80, 192, 71, 144, 36, 24, 4, 96,
       24, 140, 73, 16, 50, 51, 156, 88, 87, 32, 249, 198, 138, 195, 243,
       217, 130, 131, 201, 170, 123, 2, 127, 163, 199, 227, 89, 98, 213,
       61, 38, 206, 13, 138, 121, 78, 222, 59, 39, 150, 11, 51, 95, 87,
       167, 93, 187, 114, 245, 111, 54, 65, 116, 72, 94, 73, 12, 249,
       147, 221, 44, 24, 36, 245, 183, 140, 235, 80, 252, 50, 189, 92,
       85, 48, 252, 6, 1, 145, 148, 0, 0, 12, 70, 2, 2, 1, 0, 0, 196,
       128, 18, 106, 68, 0, 66, 10, 168, 192, 3, 12, 146, 162, 73, 2, 40,
       16, 9, 82, 6, 20, 154, 0, 104, 67, 70, 0, 96, 8, 73, 162, 20, 197,
       14, 17, 172, 16, 5, 32, 24, 52, 73, 16, 50, 48, 57, 72, 84, 33,
       242, 197, 11, 131, 81, 200, 218, 102, 198, 40, 167, 42, 14, 194,
       229, 219, 171, 139, 69, 63, 103, 206, 173, 238, 51, 79, 223, 159,
       38, 208, 14, 34, 91, 243, 39, 85, 187, 82, 62, 231, 86, 240, 116,
       56, 47, 221, 26, 229, 163, 153, 172, 24, 1, 209, 93, 157, 74, 17,
       252, 49, 189, 72, 86, 49, 250, 191, 85, 124, 150, 55, 13, 31, 72,
       166, 71, 189, 114, 189, 106, 244, 85, 246, 247, 6, 245, 3, 242,
       145, 118, 76, 190, 225, 121, 210, 60, 244, 41, 210, 44, 22, 158,
       66, 120, 129, 220, 114, 218, 60, 15, 208, 20, 244, 78, 153, 172,
       16, 5, 104, 29, 157, 73, 24, 242, 49, 189, 88, 86, 32, 249, 98, 1,
       1, 146, 0, 6, 3, 111, 198, 102, 19, 4, 17, 168, 16, 6, 238, 212,
       0, 100, 128, 32, 192, 35, 76, 128, 164, 12, 18, 136, 16, 105, 82,
       36, 85, 186, 66, 104, 129, 68, 48, 80, 24, 15, 196, 20, 229, 110,
       153, 172, 24, 5, 112, 25, 156, 73, 16, 114, 51, 189, 88, 86, 32,
       250, 253, 191, 255, 125, 118, 127, 249, 247, 253, 252, 222, 215,
       95, 253, 251, 239, 255, 253, 251, 111, 246, 255, 246, 247, 255,
       107, 246, 254, 125, 215, 254, 255, 255, 123, 231, 253, 223, 190,
       248, 125, 252, 61, 251, 246, 255, 227, 243, 239, 191, 187, 175,
       223, 242, 125, 159, 93, 119, 255, 127, 255, 251, 255, 205, 254,
       252, 63, 255, 253, 118, 127, 123, 255, 253, 254, 254, 189, 127,
       188, 251, 238, 155, 253, 251, 111, 125, 223, 246, 183, 223, 111,
       190, 181, 89, 214, 126, 187, 235, 25, 247, 255, 255, 127, 253,
       125, 120, 125, 247, 62, 255, 183, 103, 254, 191, 174, 254, 223,
       243, 125, 156, 92, 214, 254, 127, 255, 127, 214, 105, 242, 45, 39,
       237, 186, 18, 125, 33, 119, 116, 254, 86, 149, 93, 63, 185, 70,
       234, 220, 65, 99, 245, 32, 193, 243, 93, 168, 164, 137, 90, 140,
       49, 233, 215, 36, 85, 186, 83, 120, 233, 124, 112, 92, 56, 47,
       212, 20, 231, 111, 153, 172, 24, 5, 240, 29, 156, 73, 16, 242, 51,
       189, 88, 87, 32, 250, 5, 3, 64, 2, 217, 128, 3, 72, 32, 0, 2, 49,
       32, 75, 128, 1, 66, 100, 1, 64, 193, 34, 136, 98, 68, 136, 0, 1,
       146, 8, 1, 73, 18, 38, 84, 186, 0, 48, 1, 20, 4, 96, 24, 3, 64, 0,
       192, 71, 0, 36, 16, 4, 48, 24, 140, 9, 16, 32, 35, 156, 72, 6, 32,
       120, 186, 253, 125, 134, 62, 205, 223, 57, 223, 85, 255, 255, 255,
       124, 116, 124, 245, 215, 118, 241, 245, 54, 209, 247, 253, 255,
       245, 255, 110, 255, 223, 233, 199, 124, 71, 190, 222, 121, 232,
       125, 121, 221, 245, 47, 245, 52, 245, 111, 187, 166, 137, 15, 248,
       29, 158, 89, 60, 243, 115, 185, 123, 95, 44, 250, 251, 221, 222,
       222, 103, 31, 95, 10, 63, 71, 61, 202, 62, 248, 100, 253, 244,
       247, 60, 255, 6, 125, 49, 99, 231, 231, 235, 124, 247, 122, 220,
       33, 246, 119, 62, 219, 202, 125, 222, 253, 243, 255, 189, 127,
       187, 30, 245, 142, 197, 167, 18, 215, 107, 127, 151, 207, 89, 255,
       120, 63, 85, 124, 147, 185, 60, 52, 49, 142, 3, 79, 6, 109, 79,
       64, 47, 53, 53, 38, 253, 246, 255, 146, 128, 4, 149, 49, 212, 0,
       221, 197, 232, 77, 3, 234, 221, 105, 164, 4, 117, 158, 128, 82,
       137, 84, 163, 213, 21, 35, 36, 22, 228, 108, 149, 36, 123, 12,
       178, 29, 53, 75, 128, 122, 42, 232, 25, 78, 34, 240, 117, 53, 241,
       146, 81, 135, 47, 125, 198, 102, 209, 52, 241, 14, 147, 70, 226,
       213, 3, 100, 193, 39, 195, 119, 76, 200, 172, 13, 82, 12, 49, 105,
       199, 36, 85, 186, 82, 120, 129, 84, 112, 88, 24, 15, 213, 20, 229,
       79, 153, 172, 24, 5, 240, 29, 156, 73, 16, 242, 51, 189, 88, 87,
       32, 250, 63, 183, 125, 190, 54, 189, 191, 121, 247, 222, 215, 241,
       253, 127, 188, 86, 250, 222, 67, 115, 245, 34, 209, 246, 221, 190,
       245, 251, 90, 94, 245, 235, 215, 44, 85, 190, 219, 120, 233, 124,
       120, 92, 57, 175, 212, 53, 247, 111, 153, 172, 24, 5, 240, 29,
       156, 73, 16, 242, 51, 189, 90, 87, 32, 250, 63, 182, 125, 174, 63,
       189, 189, 127, 246, 124, 214, 245, 125, 63, 189, 85, 254, 246, 67,
       112, 245, 34, 209, 119, 221, 184, 228, 219, 90, 92, 241, 235, 223,
       44, 87, 190, 83, 120, 233, 124, 120, 92, 56, 175, 212, 53, 247,
       111, 153, 172, 24, 5, 240, 29, 156, 73, 16, 242, 51, 189, 90, 87,
       32, 250 ]
