%YAML:1.0
descriptors: !!opencv-matrix
   rows: 14
   cols: 64
   dt: u
   data: [ 47, 166, 237, 168, 31, 127, 165, 95, 244, 254, 214, 176, 121,
       63, 185, 71, 203, 252, 99, 96, 241, 87, 216, 119, 93, 249, 132,
       135, 90, 28, 49, 203, 215, 44, 87, 186, 82, 120, 233, 124, 120,
       92, 56, 47, 213, 85, 245, 111, 153, 172, 24, 5, 240, 29, 156, 73,
       16, 242, 51, 189, 88, 215, 40, 250, 5, 34, 197, 40, 25, 122, 161,
       94, 32, 56, 194, 53, 64, 119, 139, 129, 203, 108, 129, 96, 229,
       33, 72, 115, 70, 136, 0, 131, 88, 12, 33, 67, 215, 6, 85, 186, 81,
       50, 105, 52, 116, 84, 24, 38, 84, 129, 119, 235, 153, 44, 24, 0,
       240, 29, 156, 73, 16, 226, 35, 189, 72, 87, 32, 250, 206, 49, 211,
       247, 221, 162, 227, 218, 196, 1, 194, 115, 163, 202, 162, 81, 226,
       213, 53, 103, 79, 45, 162, 115, 14, 218, 51, 47, 210, 10, 50, 61,
       86, 39, 28, 155, 66, 125, 77, 212, 81, 64, 24, 79, 201, 12, 249,
       151, 137, 164, 16, 4, 240, 30, 140, 73, 16, 240, 49, 191, 88, 23,
       33, 248, 62, 243, 125, 254, 62, 189, 253, 121, 247, 254, 221, 250,
       253, 127, 180, 86, 242, 255, 99, 115, 245, 118, 211, 247, 221,
       190, 231, 255, 122, 223, 245, 235, 223, 44, 87, 190, 219, 120,
       249, 125, 124, 95, 121, 47, 212, 53, 247, 111, 153, 172, 24, 5,
       242, 29, 156, 89, 16, 242, 51, 189, 88, 87, 32, 250, 9, 154, 134,
       161, 125, 243, 162, 126, 48, 184, 194, 69, 160, 29, 9, 33, 110,
       253, 137, 24, 224, 5, 207, 121, 33, 104, 72, 134, 92, 69, 33, 199,
       125, 225, 217, 49, 119, 250, 173, 32, 217, 84, 90, 14, 69, 129,
       83, 235, 184, 124, 24, 5, 245, 45, 156, 73, 22, 210, 183, 172,
       194, 7, 36, 94, 63, 183, 125, 134, 63, 157, 157, 72, 230, 68, 151,
       116, 253, 127, 176, 85, 246, 246, 3, 112, 193, 98, 211, 118, 204,
       184, 224, 89, 114, 24, 245, 105, 215, 44, 87, 190, 90, 120, 233,
       124, 116, 93, 56, 47, 212, 20, 245, 111, 153, 172, 24, 5, 240, 29,
       156, 73, 16, 242, 51, 189, 88, 87, 32, 250, 3, 134, 0, 35, 217,
       240, 162, 136, 40, 59, 2, 79, 160, 79, 201, 1, 11, 101, 141, 2,
       200, 34, 138, 104, 100, 212, 25, 39, 158, 67, 35, 87, 23, 195,
       221, 17, 53, 131, 109, 34, 101, 116, 74, 152, 69, 192, 252, 17,
       40, 93, 24, 32, 151, 231, 204, 171, 6, 8, 150, 37, 198, 79, 48,
       52, 44, 42, 229, 168, 26, 127, 161, 127, 244, 252, 206, 53, 125,
       63, 187, 228, 235, 220, 195, 96, 241, 0, 204, 181, 93, 169, 12,
       129, 123, 204, 49, 235, 221, 36, 87, 186, 83, 114, 169, 124, 124,
       85, 24, 46, 84, 181, 118, 108, 153, 44, 24, 5, 242, 29, 156, 73,
       16, 242, 35, 188, 88, 71, 32, 250, 255, 252, 255, 255, 255, 255,
       255, 248, 255, 255, 253, 251, 255, 250, 246, 253, 251, 247, 127,
       127, 127, 223, 183, 124, 239, 255, 255, 191, 255, 123, 126, 191,
       242, 237, 190, 223, 214, 119, 253, 255, 219, 223, 255, 63, 219,
       63, 220, 181, 205, 181, 86, 173, 233, 191, 151, 239, 248, 252,
       121, 159, 255, 159, 62, 189, 198, 3, 99, 145, 216, 196, 131, 193,
       172, 101, 2, 86, 193, 97, 147, 64, 234, 213, 39, 98, 206, 37, 138,
       114, 78, 218, 53, 47, 146, 14, 51, 26, 87, 38, 85, 186, 80, 112,
       237, 84, 224, 84, 24, 14, 193, 20, 241, 71, 153, 172, 24, 5, 240,
       29, 156, 73, 16, 242, 51, 189, 88, 87, 32, 250, 68, 33, 195, 209,
       216, 134, 199, 74, 132, 101, 1, 82, 147, 206, 178, 68, 234, 85,
       33, 98, 206, 45, 130, 99, 78, 222, 182, 47, 146, 8, 49, 75, 215,
       38, 85, 186, 16, 120, 107, 84, 112, 96, 24, 111, 197, 20, 245, 79,
       153, 172, 24, 5, 240, 28, 156, 73, 16, 242, 51, 189, 88, 87, 33,
       250, 198, 41, 195, 215, 88, 198, 203, 203, 134, 229, 3, 119, 147,
       226, 178, 78, 234, 85, 57, 103, 207, 173, 194, 99, 78, 218, 182,
       47, 18, 10, 50, 111, 215, 39, 85, 187, 82, 124, 239, 116, 112,
       124, 184, 111, 205, 28, 245, 239, 217, 172, 24, 5, 241, 28, 156,
       75, 16, 242, 51, 189, 88, 85, 49, 250, 60, 63, 127, 189, 54, 125,
       185, 255, 253, 220, 254, 53, 93, 190, 249, 230, 243, 212, 67, 106,
       125, 176, 212, 54, 93, 172, 164, 137, 82, 222, 126, 185, 240, 36,
       85, 186, 82, 114, 129, 116, 242, 93, 24, 46, 212, 134, 192, 108,
       153, 172, 28, 5, 240, 29, 157, 73, 16, 242, 59, 188, 88, 22, 34,
       248, 60, 63, 125, 170, 54, 125, 49, 121, 252, 220, 222, 53, 125,
       62, 249, 230, 242, 212, 67, 96, 117, 176, 149, 54, 93, 168, 164,
       137, 82, 222, 60, 185, 224, 36, 85, 186, 82, 122, 129, 116, 240,
       93, 24, 14, 212, 134, 192, 108, 153, 172, 24, 5, 242, 29, 157, 73,
       16, 242, 51, 188, 88, 86, 34, 248 ]
