%YAML:1.0
descriptors: !!opencv-matrix
   rows: 9
   cols: 64
   dt: u
   data: [ 60, 179, 125, 215, 63, 181, 191, 120, 118, 255, 213, 249, 253,
       122, 176, 68, 246, 223, 65, 99, 245, 113, 195, 243, 200, 106, 224,
       254, 120, 220, 245, 235, 223, 36, 85, 186, 83, 120, 233, 116, 112,
       93, 56, 47, 213, 53, 247, 111, 153, 172, 24, 5, 240, 29, 156, 73,
       16, 242, 51, 189, 88, 87, 32, 250, 44, 38, 229, 168, 26, 127, 161,
       255, 244, 124, 202, 53, 89, 63, 187, 228, 203, 252, 195, 96, 241,
       128, 220, 180, 94, 169, 12, 129, 249, 204, 59, 203, 245, 36, 87,
       186, 81, 114, 9, 124, 252, 85, 24, 14, 68, 167, 66, 200, 153, 44,
       92, 4, 242, 29, 157, 73, 16, 224, 43, 188, 74, 70, 34, 240, 255,
       117, 108, 158, 55, 15, 31, 8, 102, 70, 185, 178, 125, 106, 52, 87,
       244, 246, 5, 244, 75, 160, 145, 50, 204, 158, 225, 89, 210, 28,
       244, 41, 210, 44, 86, 186, 74, 120, 129, 252, 114, 218, 60, 15,
       208, 20, 228, 78, 153, 172, 16, 5, 96, 29, 157, 73, 24, 242, 49,
       189, 88, 86, 34, 249, 45, 39, 237, 184, 50, 189, 161, 119, 245,
       220, 70, 181, 93, 63, 185, 70, 226, 220, 67, 99, 245, 100, 192,
       247, 77, 168, 164, 137, 120, 76, 49, 235, 215, 36, 85, 186, 83,
       120, 233, 116, 120, 92, 56, 47, 212, 52, 247, 111, 153, 172, 24,
       5, 240, 29, 156, 73, 16, 242, 51, 189, 88, 87, 32, 250, 191, 245,
       125, 254, 119, 55, 95, 27, 247, 71, 189, 250, 191, 106, 180, 93,
       242, 247, 118, 119, 119, 254, 177, 118, 252, 191, 231, 59, 211,
       56, 244, 169, 210, 44, 22, 254, 194, 121, 241, 245, 114, 203, 61,
       15, 208, 20, 213, 78, 153, 172, 16, 5, 104, 29, 156, 73, 24, 242,
       113, 189, 88, 86, 42, 249, 47, 182, 109, 169, 190, 189, 171, 216,
       253, 254, 250, 53, 253, 63, 249, 229, 226, 244, 3, 104, 225, 66,
       149, 124, 77, 172, 172, 11, 222, 30, 57, 251, 245, 36, 85, 186,
       82, 114, 169, 116, 254, 92, 24, 30, 212, 134, 208, 77, 153, 173,
       28, 5, 240, 29, 157, 73, 16, 242, 51, 188, 88, 87, 34, 248, 47,
       54, 101, 34, 189, 180, 169, 88, 228, 126, 210, 49, 237, 11, 137,
       85, 226, 212, 3, 96, 225, 2, 128, 116, 76, 152, 168, 9, 82, 8, 49,
       123, 245, 36, 84, 186, 82, 114, 129, 116, 240, 92, 24, 14, 208,
       20, 192, 77, 153, 172, 24, 5, 240, 29, 157, 73, 16, 242, 51, 188,
       88, 87, 32, 249, 63, 183, 125, 254, 54, 189, 253, 121, 247, 254,
       255, 242, 253, 123, 188, 87, 242, 246, 67, 123, 245, 114, 209,
       118, 221, 190, 229, 251, 90, 94, 245, 235, 215, 44, 85, 190, 218,
       120, 233, 125, 120, 92, 57, 47, 212, 21, 247, 111, 153, 172, 24,
       5, 240, 29, 156, 73, 16, 242, 51, 189, 88, 87, 32, 250, 63, 182,
       125, 174, 63, 253, 185, 127, 247, 252, 214, 245, 125, 63, 188, 87,
       251, 254, 67, 241, 245, 98, 209, 119, 221, 186, 228, 219, 122, 92,
       245, 235, 223, 44, 85, 190, 219, 120, 233, 124, 120, 92, 56, 175,
       212, 53, 247, 111, 153, 172, 24, 13, 240, 29, 156, 73, 16, 242,
       51, 189, 90, 87, 40, 250 ]
