%YAML:1.0
descriptors: !!opencv-matrix
   rows: 37
   cols: 64
   dt: u
   data: [ 60, 48, 125, 166, 55, 101, 189, 126, 244, 220, 253, 117, 125,
       63, 177, 116, 243, 212, 67, 96, 225, 34, 193, 118, 76, 173, 165,
       137, 82, 142, 113, 233, 213, 36, 85, 186, 82, 120, 233, 116, 120,
       92, 56, 47, 212, 21, 244, 111, 153, 172, 24, 5, 240, 29, 156, 73,
       16, 242, 51, 188, 88, 87, 32, 250, 61, 51, 117, 166, 55, 117, 61,
       126, 246, 92, 250, 49, 125, 62, 177, 119, 251, 244, 67, 96, 225,
       34, 193, 118, 204, 189, 229, 9, 82, 14, 113, 233, 214, 36, 85,
       190, 82, 120, 233, 124, 112, 92, 56, 47, 212, 20, 245, 110, 153,
       172, 24, 5, 240, 29, 156, 73, 16, 242, 51, 189, 88, 87, 32, 250,
       61, 54, 117, 164, 191, 53, 169, 121, 244, 124, 210, 119, 253, 125,
       178, 84, 250, 220, 3, 96, 241, 34, 194, 118, 76, 184, 180, 171,
       210, 14, 115, 235, 215, 36, 85, 190, 82, 120, 233, 116, 120, 92,
       24, 47, 212, 21, 247, 111, 153, 172, 24, 5, 240, 29, 156, 73, 16,
       242, 51, 189, 88, 87, 32, 250, 61, 178, 253, 246, 63, 117, 185,
       126, 244, 252, 214, 117, 125, 127, 187, 84, 250, 254, 67, 99, 245,
       34, 193, 119, 205, 170, 228, 155, 122, 221, 245, 239, 215, 36, 85,
       190, 87, 120, 233, 124, 120, 92, 58, 47, 212, 53, 247, 111, 153,
       172, 24, 5, 240, 29, 156, 73, 16, 242, 51, 189, 88, 87, 32, 250,
       60, 55, 117, 132, 54, 53, 1, 121, 230, 84, 210, 53, 125, 59, 185,
       86, 242, 212, 67, 96, 241, 98, 208, 246, 156, 168, 228, 25, 122,
       92, 113, 233, 220, 36, 85, 190, 82, 120, 129, 116, 244, 93, 24,
       143, 208, 52, 224, 78, 153, 172, 24, 13, 242, 29, 156, 73, 16,
       242, 51, 188, 90, 87, 32, 251, 63, 50, 117, 164, 190, 181, 189,
       120, 228, 127, 211, 114, 237, 127, 146, 85, 242, 213, 67, 98, 241,
       38, 194, 118, 76, 190, 181, 171, 210, 28, 115, 235, 215, 36, 85,
       186, 82, 120, 233, 116, 120, 92, 56, 47, 212, 20, 245, 79, 153,
       172, 24, 5, 240, 29, 156, 73, 16, 242, 51, 189, 88, 87, 32, 250,
       46, 48, 109, 164, 190, 181, 189, 120, 244, 127, 209, 114, 253,
       111, 178, 69, 234, 213, 67, 96, 225, 38, 195, 118, 76, 190, 181,
       171, 82, 28, 49, 235, 215, 36, 87, 186, 82, 120, 233, 116, 120,
       92, 56, 47, 213, 20, 245, 111, 153, 172, 24, 5, 240, 29, 156, 73,
       16, 242, 51, 189, 88, 87, 32, 250, 60, 186, 255, 252, 62, 125,
       249, 127, 247, 252, 214, 245, 125, 126, 187, 246, 255, 222, 99,
       107, 245, 55, 199, 247, 221, 171, 228, 219, 122, 221, 247, 239,
       223, 44, 85, 190, 215, 122, 233, 124, 120, 93, 121, 46, 212, 53,
       247, 111, 153, 172, 24, 5, 240, 29, 156, 73, 16, 242, 51, 189, 90,
       87, 32, 250, 29, 177, 223, 190, 63, 115, 253, 126, 246, 190, 212,
       245, 125, 126, 191, 90, 255, 222, 99, 99, 229, 39, 195, 247, 205,
       107, 228, 207, 90, 77, 241, 235, 223, 36, 85, 190, 83, 120, 233,
       116, 120, 92, 56, 47, 213, 53, 247, 111, 153, 172, 24, 5, 240, 29,
       156, 73, 16, 242, 51, 189, 88, 87, 32, 250, 28, 177, 221, 158, 63,
       99, 124, 126, 212, 184, 213, 241, 125, 118, 182, 74, 251, 220, 99,
       99, 197, 39, 193, 247, 201, 107, 244, 142, 80, 77, 181, 234, 223,
       36, 85, 190, 83, 120, 233, 116, 120, 92, 56, 47, 213, 53, 247,
       111, 153, 172, 24, 5, 240, 29, 156, 73, 16, 242, 51, 189, 88, 87,
       32, 250, 68, 34, 97, 160, 16, 0, 35, 76, 192, 100, 194, 52, 81,
       134, 155, 66, 226, 84, 1, 100, 72, 128, 198, 48, 12, 136, 168, 9,
       82, 8, 49, 9, 112, 36, 85, 186, 16, 114, 1, 84, 144, 80, 24, 14,
       64, 4, 192, 76, 153, 44, 24, 5, 112, 28, 156, 73, 16, 226, 35,
       188, 72, 70, 32, 240, 60, 177, 254, 214, 62, 119, 253, 118, 116,
       252, 84, 241, 95, 127, 178, 78, 251, 221, 97, 99, 245, 125, 195,
       243, 73, 107, 178, 159, 120, 77, 245, 235, 223, 36, 85, 186, 87,
       120, 249, 116, 112, 93, 56, 47, 213, 20, 247, 111, 153, 172, 24,
       5, 240, 29, 156, 73, 16, 242, 51, 189, 88, 87, 32, 250, 29, 173,
       220, 118, 43, 27, 249, 102, 48, 188, 86, 245, 30, 123, 134, 66,
       234, 153, 33, 99, 229, 37, 193, 115, 77, 234, 160, 31, 74, 13,
       113, 107, 215, 36, 85, 186, 83, 120, 233, 124, 112, 92, 56, 47,
       213, 20, 247, 111, 153, 172, 24, 5, 240, 29, 156, 73, 16, 242, 51,
       189, 88, 87, 32, 250, 28, 177, 220, 246, 63, 55, 249, 118, 54,
       252, 86, 245, 29, 123, 177, 87, 242, 223, 97, 99, 229, 37, 193,
       115, 77, 202, 160, 79, 90, 76, 241, 235, 215, 36, 85, 186, 83,
       120, 233, 116, 112, 92, 56, 47, 213, 20, 247, 111, 153, 172, 24,
       5, 240, 29, 156, 73, 16, 242, 51, 189, 88, 87, 32, 250, 60, 117,
       125, 254, 48, 111, 117, 127, 243, 212, 236, 181, 125, 183, 220,
       242, 251, 134, 195, 109, 245, 120, 97, 151, 221, 47, 229, 157,
       107, 206, 252, 232, 216, 4, 101, 190, 156, 122, 209, 252, 126,
       223, 189, 39, 244, 55, 231, 110, 187, 164, 239, 79, 240, 29, 31,
       77, 60, 242, 91, 249, 123, 86, 103, 219, 7, 50, 65, 128, 29, 130,
       7, 72, 98, 6, 130, 48, 104, 11, 128, 81, 226, 212, 3, 96, 193, 32,
       129, 115, 76, 136, 160, 13, 18, 12, 49, 105, 86, 36, 84, 186, 82,
       120, 1, 84, 112, 80, 24, 15, 80, 16, 228, 79, 153, 172, 24, 4,
       240, 29, 156, 73, 16, 242, 51, 188, 88, 87, 32, 248, 66, 1, 128,
       18, 2, 130, 10, 7, 2, 2, 17, 4, 16, 128, 17, 18, 64, 1, 0, 212,
       10, 163, 193, 3, 12, 128, 164, 13, 2, 136, 16, 0, 66, 44, 5, 186,
       10, 40, 1, 64, 0, 64, 20, 8, 0, 28, 129, 78, 17, 44, 16, 1, 48,
       24, 20, 65, 16, 50, 51, 176, 8, 86, 32, 224, 68, 34, 41, 24, 16,
       150, 7, 124, 192, 166, 147, 52, 65, 4, 153, 2, 202, 68, 67, 68,
       152, 35, 194, 133, 92, 160, 140, 13, 0, 140, 1, 72, 77, 12, 197,
       170, 72, 56, 1, 92, 48, 80, 16, 174, 85, 240, 5, 110, 27, 44, 24,
       0, 48, 25, 20, 16, 0, 98, 19, 184, 72, 214, 104, 242, 100, 34, 33,
       136, 18, 71, 3, 109, 196, 166, 155, 52, 81, 6, 153, 230, 66, 68,
       67, 64, 152, 146, 212, 132, 28, 160, 140, 13, 0, 152, 17, 200, 97,
       44, 71, 186, 8, 50, 1, 92, 160, 80, 20, 138, 68, 246, 0, 76, 27,
       44, 153, 8, 50, 25, 20, 16, 0, 98, 11, 184, 72, 198, 104, 240, 69,
       6, 230, 16, 201, 162, 38, 123, 32, 113, 128, 3, 194, 249, 130, 5,
       194, 45, 163, 100, 216, 133, 218, 241, 86, 104, 24, 38, 248, 4,
       33, 67, 223, 6, 84, 186, 16, 56, 37, 52, 116, 52, 24, 135, 81, 17,
       119, 195, 25, 44, 24, 0, 209, 29, 140, 9, 16, 232, 35, 189, 72,
       87, 32, 248, 65, 5, 128, 18, 1, 130, 6, 79, 2, 32, 0, 6, 160, 198,
       131, 3, 74, 1, 1, 68, 200, 165, 67, 67, 64, 144, 144, 13, 18, 8,
       1, 64, 215, 36, 85, 186, 18, 56, 1, 84, 112, 80, 24, 11, 213, 84,
       165, 79, 25, 172, 24, 5, 240, 25, 156, 73, 16, 242, 51, 189, 88,
       87, 32, 250, 130, 193, 0, 130, 4, 0, 8, 2, 0, 138, 49, 194, 2, 1,
       4, 3, 0, 68, 4, 129, 0, 4, 224, 64, 72, 144, 1, 0, 16, 8, 0, 8,
       80, 48, 56, 128, 2, 8, 2, 128, 65, 34, 56, 9, 146, 16, 80, 104, 1,
       0, 16, 0, 1, 0, 172, 8, 17, 2, 50, 24, 68, 85, 0, 171, 68, 34,
       161, 0, 217, 130, 34, 89, 128, 32, 130, 55, 192, 193, 130, 1, 74,
       13, 3, 68, 201, 5, 10, 209, 70, 152, 24, 7, 128, 12, 33, 72, 95,
       38, 85, 186, 16, 48, 37, 68, 64, 64, 16, 135, 65, 0, 165, 193, 24,
       36, 24, 0, 241, 28, 140, 9, 0, 96, 19, 149, 72, 87, 32, 120, 70,
       32, 1, 131, 222, 130, 138, 1, 66, 170, 19, 54, 176, 2, 185, 80,
       106, 83, 0, 192, 201, 37, 195, 77, 12, 144, 184, 45, 2, 8, 49,
       106, 71, 36, 85, 187, 90, 120, 161, 86, 160, 64, 16, 8, 209, 20,
       128, 79, 153, 172, 24, 5, 176, 25, 156, 73, 16, 114, 51, 189, 88,
       87, 32, 243, 63, 176, 125, 166, 63, 165, 191, 124, 246, 124, 213,
       241, 125, 110, 180, 85, 242, 214, 3, 113, 225, 34, 193, 119, 204,
       138, 224, 223, 82, 28, 245, 235, 215, 44, 85, 190, 90, 120, 233,
       116, 120, 92, 56, 47, 212, 21, 245, 111, 153, 172, 24, 5, 240, 29,
       156, 73, 16, 242, 51, 189, 88, 87, 32, 250, 3, 33, 0, 2, 201, 130,
