%YAML:1.0
descriptors: !!opencv-matrix
   rows: 13
   cols: 64
   dt: u
   data: [ 63, 54, 125, 170, 55, 61, 53, 121, 247, 86, 255, 52, 125, 63,
       189, 117, 243, 254, 67, 96, 241, 114, 209, 118, 220, 172, 229,
       217, 122, 222, 253, 233, 244, 44, 215, 190, 211, 120, 137, 252,
       126, 221, 56, 175, 212, 227, 246, 108, 155, 172, 153, 13, 242, 29,
       158, 89, 56, 242, 59, 188, 90, 214, 44, 248, 44, 38, 117, 168, 26,
       127, 161, 255, 244, 124, 194, 53, 125, 63, 187, 228, 235, 220,
       195, 96, 241, 128, 221, 180, 92, 168, 44, 129, 250, 204, 59, 235,
       245, 36, 85, 186, 80, 114, 9, 124, 220, 84, 24, 14, 68, 167, 226,
       76, 153, 44, 92, 4, 242, 29, 157, 73, 16, 240, 35, 188, 88, 70,
       34, 248, 243, 85, 89, 166, 87, 10, 29, 11, 70, 66, 61, 50, 63,
       138, 228, 92, 226, 214, 36, 100, 2, 128, 161, 38, 78, 133, 233, 9,
       147, 40, 16, 41, 144, 36, 20, 218, 66, 112, 1, 212, 2, 202, 28, 9,
       208, 30, 228, 12, 193, 164, 82, 4, 104, 26, 133, 73, 144, 112, 33,
       60, 92, 84, 50, 185, 68, 34, 197, 176, 16, 192, 33, 108, 128, 230,
       193, 20, 65, 165, 147, 66, 138, 76, 1, 96, 136, 161, 198, 147, 12,
       136, 128, 141, 64, 8, 49, 75, 113, 4, 21, 186, 0, 248, 1, 86, 48,
       64, 24, 6, 100, 4, 65, 106, 25, 44, 56, 5, 112, 28, 148, 8, 0,
       226, 35, 152, 72, 6, 32, 242, 77, 34, 101, 16, 152, 161, 42, 116,
       160, 38, 193, 20, 192, 129, 131, 3, 128, 108, 3, 96, 233, 128, 10,
       152, 76, 40, 172, 202, 208, 4, 49, 70, 89, 52, 85, 170, 64, 48,
       33, 86, 56, 64, 24, 14, 208, 112, 194, 9, 25, 172, 24, 5, 112, 28,
       156, 73, 16, 242, 51, 156, 72, 86, 32, 240, 196, 41, 195, 209,
       216, 198, 199, 202, 172, 231, 3, 122, 147, 230, 179, 72, 235, 85,
       61, 103, 78, 173, 238, 123, 78, 223, 191, 47, 210, 10, 50, 27, 87,
       39, 85, 187, 82, 125, 111, 86, 112, 96, 56, 111, 205, 28, 253,
       183, 221, 172, 24, 21, 209, 30, 156, 75, 16, 248, 49, 189, 76, 85,
       49, 250, 198, 43, 195, 211, 216, 134, 195, 205, 140, 103, 3, 62,
       131, 206, 147, 77, 234, 85, 57, 102, 207, 173, 202, 107, 78, 218,
       190, 47, 146, 8, 50, 15, 87, 39, 85, 187, 80, 124, 111, 86, 96,
       96, 8, 74, 205, 28, 233, 179, 217, 172, 24, 5, 241, 63, 156, 107,
       16, 120, 49, 189, 76, 85, 49, 250, 197, 11, 195, 209, 216, 194,
       199, 194, 168, 135, 10, 86, 195, 229, 211, 41, 235, 85, 45, 103,
       78, 173, 134, 115, 79, 223, 183, 47, 146, 10, 50, 27, 87, 39, 85,
       187, 80, 124, 239, 84, 112, 116, 56, 110, 221, 28, 245, 239, 153,
       172, 24, 5, 241, 29, 156, 73, 16, 242, 51, 189, 88, 87, 33, 250,
       255, 252, 255, 253, 255, 255, 255, 248, 255, 127, 253, 251, 255,
       251, 246, 253, 251, 245, 127, 127, 125, 223, 183, 124, 255, 255,
       255, 191, 255, 95, 127, 191, 243, 109, 158, 255, 214, 119, 253,
       255, 223, 223, 255, 63, 217, 63, 253, 21, 141, 189, 94, 173, 232,
       191, 159, 127, 248, 252, 121, 159, 255, 223, 62, 189, 191, 245,
       125, 158, 54, 31, 29, 111, 247, 70, 189, 248, 127, 251, 180, 94,
       242, 244, 7, 101, 85, 34, 241, 55, 220, 171, 165, 25, 83, 28, 124,
       105, 210, 44, 84, 190, 82, 120, 193, 252, 82, 222, 56, 47, 208,
       20, 229, 78, 153, 172, 24, 5, 240, 29, 157, 73, 16, 242, 51, 189,
       88, 86, 34, 251, 22, 49, 81, 150, 20, 0, 25, 126, 198, 4, 211, 52,
       97, 66, 144, 82, 226, 212, 3, 64, 65, 34, 193, 23, 76, 136, 164,
       9, 82, 12, 48, 104, 210, 36, 84, 186, 82, 120, 129, 84, 208, 92,
       16, 14, 192, 20, 129, 78, 153, 172, 24, 5, 240, 29, 156, 65, 16,
       242, 51, 188, 88, 86, 32, 248, 63, 183, 125, 254, 54, 189, 189,
       121, 247, 254, 223, 240, 253, 127, 189, 86, 243, 246, 67, 115,
       245, 118, 209, 119, 221, 190, 229, 251, 90, 158, 245, 235, 215,
       44, 85, 190, 218, 120, 233, 125, 120, 92, 57, 47, 212, 53, 245,
       111, 153, 172, 24, 5, 240, 29, 156, 73, 16, 242, 51, 189, 88, 87,
       32, 250, 63, 182, 117, 174, 63, 189, 161, 127, 244, 124, 210, 117,
       109, 59, 188, 85, 254, 254, 67, 112, 245, 34, 209, 247, 221, 168,
       228, 203, 90, 20, 241, 235, 223, 44, 87, 190, 91, 120, 233, 124,
       120, 92, 56, 175, 212, 49, 247, 111, 153, 172, 24, 5, 240, 29,
       156, 73, 16, 242, 51, 189, 88, 87, 32, 250 ]
