%YAML:1.0
descriptors: !!opencv-matrix
   rows: 13
   cols: 64
   dt: u
   data: [ 62, 245, 236, 190, 55, 183, 221, 59, 247, 254, 213, 241, 61,
       122, 53, 95, 252, 246, 99, 243, 245, 54, 209, 119, 253, 187, 229,
       95, 91, 93, 245, 235, 207, 44, 87, 190, 219, 120, 233, 117, 120,
       94, 56, 47, 213, 53, 247, 111, 153, 172, 24, 5, 240, 29, 156, 73,
       16, 242, 51, 189, 90, 87, 32, 251, 63, 154, 252, 238, 63, 253,
       157, 124, 63, 252, 214, 241, 189, 127, 188, 213, 255, 246, 97,
       251, 245, 100, 195, 115, 109, 255, 241, 127, 126, 93, 245, 239,
       215, 36, 85, 186, 86, 120, 233, 116, 112, 92, 58, 47, 213, 21,
       245, 111, 153, 172, 24, 5, 240, 29, 156, 73, 16, 242, 51, 189, 88,
       87, 32, 250, 63, 183, 125, 166, 55, 189, 187, 121, 254, 220, 214,
       117, 253, 123, 184, 84, 242, 222, 67, 115, 245, 34, 211, 246, 221,
       186, 228, 253, 94, 94, 241, 233, 223, 44, 85, 190, 223, 120, 233,
       124, 248, 92, 58, 175, 212, 53, 247, 111, 153, 172, 24, 5, 240,
       29, 156, 73, 16, 242, 51, 189, 90, 87, 32, 250, 60, 241, 125, 222,
       55, 157, 221, 120, 247, 196, 149, 248, 253, 126, 180, 84, 242,
       214, 66, 99, 215, 54, 193, 119, 237, 182, 229, 121, 82, 158, 213,
       105, 222, 44, 85, 190, 210, 120, 233, 125, 112, 95, 57, 47, 212,
       52, 245, 111, 153, 172, 24, 5, 240, 29, 156, 73, 16, 242, 51, 189,
       88, 87, 32, 250, 68, 34, 241, 176, 24, 132, 35, 76, 128, 230, 131,
       52, 81, 130, 147, 66, 226, 84, 3, 96, 139, 161, 202, 25, 12, 136,
       172, 13, 82, 8, 49, 79, 85, 36, 85, 186, 0, 250, 5, 86, 144, 64,
       16, 14, 64, 12, 65, 7, 153, 44, 24, 4, 112, 28, 148, 73, 16, 242,
       35, 188, 72, 6, 32, 243, 45, 47, 253, 170, 16, 125, 161, 119, 245,
       222, 66, 181, 93, 63, 185, 70, 235, 220, 67, 96, 245, 100, 193,
       247, 93, 168, 164, 137, 90, 140, 48, 233, 215, 36, 85, 186, 83,
       122, 201, 124, 120, 92, 56, 47, 84, 20, 247, 111, 153, 172, 24, 5,
       240, 29, 156, 73, 16, 242, 51, 189, 88, 87, 32, 250, 76, 42, 243,
       241, 216, 214, 171, 237, 200, 239, 195, 52, 209, 166, 155, 194,
       234, 213, 11, 106, 143, 37, 206, 25, 13, 136, 190, 143, 66, 141,
       51, 207, 119, 166, 93, 187, 80, 254, 237, 86, 144, 68, 64, 14, 67,
       140, 65, 179, 153, 44, 24, 5, 240, 29, 156, 73, 144, 242, 51, 189,
       204, 87, 32, 246, 191, 245, 108, 134, 183, 157, 31, 8, 166, 71,
       189, 114, 189, 107, 244, 85, 240, 247, 6, 245, 3, 114, 145, 118,
       76, 190, 241, 121, 114, 30, 244, 41, 210, 44, 86, 158, 74, 120,
       129, 220, 112, 219, 60, 47, 212, 20, 244, 14, 153, 172, 16, 5, 96,
       29, 159, 73, 24, 242, 51, 189, 88, 87, 32, 250, 7, 1, 1, 144, 0,
       0, 12, 78, 2, 2, 1, 0, 0, 68, 130, 3, 10, 68, 0, 68, 2, 160, 192,
       2, 12, 128, 160, 9, 18, 8, 0, 9, 82, 4, 20, 154, 0, 120, 3, 84, 0,
       64, 24, 8, 0, 20, 193, 78, 17, 44, 16, 4, 32, 24, 148, 9, 16, 98,
       48, 29, 72, 86, 32, 242, 103, 39, 193, 146, 217, 130, 3, 74, 164,
       70, 2, 52, 33, 203, 128, 69, 194, 85, 1, 100, 195, 39, 128, 99,
       78, 128, 8, 13, 18, 8, 16, 73, 86, 38, 84, 186, 64, 112, 5, 84, 0,
       64, 24, 11, 65, 24, 229, 207, 25, 44, 24, 4, 113, 24, 140, 9, 16,
       98, 51, 189, 72, 86, 32, 248, 252, 191, 255, 253, 118, 127, 249,
       247, 253, 252, 223, 255, 95, 252, 251, 238, 189, 253, 251, 111,
       119, 255, 246, 183, 255, 107, 246, 254, 109, 215, 254, 235, 239,
       123, 231, 253, 223, 127, 248, 125, 252, 61, 243, 126, 255, 239,
       247, 110, 191, 174, 239, 223, 243, 127, 159, 93, 119, 255, 127,
       255, 251, 255, 205, 254, 252, 63, 255, 253, 54, 127, 249, 255,
       253, 254, 218, 189, 127, 252, 251, 239, 187, 253, 251, 127, 125,
       255, 246, 191, 223, 127, 246, 245, 89, 215, 126, 251, 123, 59,
       247, 255, 223, 127, 249, 125, 252, 125, 255, 62, 255, 167, 227,
       126, 190, 175, 62, 215, 242, 253, 221, 92, 214, 255, 127, 255,
       255, 246, 235, 182, 198, 42, 195, 131, 217, 130, 131, 201, 172,
       107, 2, 127, 131, 79, 139, 69, 202, 85, 57, 98, 201, 5, 138, 121,
       78, 216, 56, 39, 146, 11, 51, 95, 87, 167, 93, 187, 80, 254, 109,
       86, 96, 84, 8, 14, 69, 12, 217, 145, 152, 44, 24, 37, 241, 61,
       140, 107, 16, 120, 51, 189, 76, 87, 48, 242 ]
