%YAML:1.0
descriptors: !!opencv-matrix
   rows: 6
   cols: 64
   dt: u
   data: [ 44, 38, 245, 168, 26, 127, 161, 255, 244, 124, 194, 53, 125,
       63, 187, 228, 235, 220, 195, 96, 241, 128, 205, 180, 93, 168, 44,
       129, 251, 204, 59, 235, 245, 36, 85, 186, 82, 114, 137, 124, 252,
       85, 24, 14, 84, 167, 226, 76, 153, 44, 92, 4, 242, 29, 157, 73,
       16, 240, 35, 188, 88, 70, 34, 240, 255, 85, 124, 150, 55, 5, 95,
       73, 166, 71, 189, 178, 189, 106, 180, 87, 246, 247, 6, 117, 11,
       178, 144, 38, 92, 158, 227, 89, 210, 56, 244, 41, 210, 44, 22,
       158, 194, 120, 129, 221, 18, 202, 60, 11, 208, 28, 196, 14, 153,
       172, 16, 5, 104, 24, 148, 73, 24, 242, 49, 189, 88, 86, 34, 185,
       63, 180, 125, 134, 63, 133, 157, 72, 230, 68, 151, 116, 253, 62,
       176, 85, 242, 244, 3, 112, 193, 34, 193, 118, 204, 136, 228, 27,
       82, 28, 117, 105, 215, 44, 85, 190, 90, 120, 233, 116, 112, 93,
       56, 47, 212, 20, 245, 111, 153, 172, 24, 5, 240, 29, 156, 73, 16,
       242, 51, 189, 88, 87, 32, 250, 45, 39, 253, 170, 18, 61, 161, 119,
       117, 222, 70, 149, 93, 63, 185, 70, 234, 212, 67, 97, 245, 32,
       193, 247, 93, 168, 164, 137, 90, 12, 49, 233, 215, 36, 85, 186,
       82, 120, 233, 116, 112, 92, 56, 47, 212, 20, 247, 111, 153, 172,
       24, 5, 240, 29, 156, 73, 16, 242, 51, 189, 88, 87, 32, 250, 63,
       183, 125, 190, 54, 189, 189, 121, 246, 94, 215, 241, 253, 127,
       188, 84, 250, 254, 67, 115, 245, 34, 209, 246, 221, 190, 229, 251,
       82, 30, 245, 233, 223, 44, 85, 190, 219, 120, 233, 124, 120, 92,
       57, 175, 212, 53, 247, 111, 153, 172, 24, 5, 240, 29, 156, 73, 16,
       242, 51, 189, 88, 87, 32, 250, 63, 182, 125, 166, 63, 253, 185,
       127, 247, 252, 214, 245, 125, 63, 188, 85, 250, 254, 67, 113, 245,
       98, 209, 119, 221, 186, 228, 219, 122, 92, 245, 235, 223, 44, 85,
       190, 219, 120, 233, 124, 120, 92, 56, 175, 212, 53, 247, 111, 153,
       172, 24, 5, 240, 29, 156, 73, 16, 242, 51, 189, 90, 87, 32, 250 ]
