%YAML:1.0
descriptors: !!opencv-matrix
   rows: 9
   cols: 64
   dt: u
   data: [ 79, 48, 205, 55, 63, 179, 158, 152, 242, 184, 159, 55, 252,
       119, 163, 83, 233, 247, 35, 243, 197, 39, 67, 118, 196, 222, 244,
       111, 82, 14, 179, 98, 215, 44, 85, 190, 90, 120, 233, 116, 112,
       92, 56, 47, 213, 84, 245, 111, 153, 172, 24, 5, 240, 29, 156, 73,
       16, 242, 51, 189, 88, 87, 32, 250, 63, 183, 253, 182, 62, 247,
       191, 124, 246, 252, 245, 243, 253, 123, 179, 87, 251, 213, 35, 99,
       245, 39, 195, 118, 205, 255, 245, 175, 82, 30, 243, 235, 215, 44,
       85, 190, 90, 120, 233, 116, 120, 92, 56, 47, 213, 21, 247, 111,
       153, 172, 24, 5, 240, 29, 156, 73, 16, 242, 51, 189, 88, 87, 32,
       250, 63, 85, 252, 190, 55, 39, 29, 126, 54, 68, 245, 176, 63, 170,
       180, 94, 242, 214, 1, 100, 113, 130, 225, 51, 78, 168, 224, 89,
       83, 28, 252, 41, 240, 36, 20, 186, 66, 112, 129, 244, 82, 202, 24,
       15, 208, 20, 192, 76, 153, 172, 26, 5, 112, 28, 149, 73, 16, 242,
       51, 188, 88, 86, 34, 249, 60, 50, 117, 162, 190, 189, 35, 121,
       244, 92, 210, 53, 253, 63, 249, 101, 242, 212, 67, 96, 241, 2,
       145, 116, 76, 168, 172, 137, 218, 220, 121, 185, 112, 36, 86, 186,
       82, 114, 129, 244, 220, 84, 24, 14, 192, 134, 192, 77, 153, 45,
       24, 5, 242, 29, 157, 73, 16, 242, 51, 188, 88, 22, 34, 248, 22,
       48, 81, 130, 144, 128, 2, 73, 66, 2, 3, 52, 36, 2, 129, 80, 114,
       198, 0, 0, 193, 32, 129, 64, 140, 128, 224, 73, 18, 40, 129, 40,
       20, 36, 20, 154, 0, 112, 1, 84, 0, 64, 16, 8, 64, 4, 192, 76, 144,
       36, 16, 4, 32, 24, 28, 73, 0, 50, 18, 184, 88, 6, 32, 240, 3, 2,
       0, 130, 201, 128, 2, 12, 0, 32, 0, 4, 160, 3, 129, 1, 66, 68, 1,
       64, 200, 0, 138, 96, 12, 128, 8, 15, 18, 8, 1, 75, 21, 164, 20,
       186, 0, 112, 5, 86, 0, 64, 8, 8, 64, 4, 192, 1, 17, 44, 24, 4, 48,
       24, 140, 9, 16, 98, 35, 156, 72, 22, 32, 248, 23, 53, 209, 54, 22,
       2, 14, 78, 226, 0, 145, 48, 108, 71, 162, 83, 234, 215, 3, 98,
       193, 39, 193, 119, 204, 202, 228, 77, 82, 12, 177, 104, 215, 36,
       85, 190, 82, 120, 233, 116, 112, 92, 56, 47, 213, 20, 245, 111,
       153, 172, 24, 5, 240, 29, 156, 73, 16, 242, 51, 189, 88, 87, 32,
       250, 28, 51, 213, 54, 51, 99, 186, 127, 98, 128, 207, 180, 124,
       119, 171, 115, 235, 215, 33, 103, 197, 37, 193, 115, 205, 203,
       224, 13, 82, 12, 176, 104, 215, 36, 85, 186, 82, 120, 233, 116,
       112, 92, 56, 47, 213, 20, 245, 110, 153, 172, 24, 5, 240, 29, 156,
       73, 16, 242, 51, 189, 88, 87, 32, 250, 58, 190, 255, 207, 62, 221,
       217, 55, 255, 252, 93, 221, 253, 60, 61, 254, 191, 247, 122, 187,
       244, 87, 215, 253, 249, 97, 228, 126, 127, 251, 221, 239, 143,
       252, 227, 52, 254, 219, 248, 123, 126, 221, 239, 175, 181, 180,
       245, 111, 191, 250, 143, 143, 246, 13, 218, 93, 62, 247, 254, 253,
       243, 219, 110, 223 ]
