%YAML:1.0
descriptors: !!opencv-matrix
   rows: 8
   cols: 64
   dt: u
   data: [ 63, 146, 236, 230, 63, 253, 157, 60, 63, 252, 214, 245, 189,
       127, 185, 85, 249, 254, 97, 243, 245, 116, 195, 115, 77, 255, 224,
       127, 126, 95, 245, 239, 215, 36, 87, 186, 87, 120, 233, 124, 116,
       93, 122, 47, 213, 21, 247, 111, 153, 172, 24, 5, 242, 29, 156, 73,
       16, 242, 51, 189, 90, 87, 32, 250, 60, 243, 125, 254, 55, 189,
       253, 121, 247, 254, 221, 248, 253, 127, 188, 86, 242, 214, 99,
       123, 245, 118, 195, 247, 221, 190, 229, 255, 122, 222, 245, 235,
       223, 44, 87, 190, 218, 120, 249, 117, 120, 94, 57, 47, 212, 53,
       247, 111, 153, 172, 24, 5, 240, 29, 156, 73, 16, 242, 51, 189, 88,
       87, 32, 250, 44, 35, 237, 184, 50, 61, 161, 119, 117, 254, 70,
       148, 93, 63, 185, 70, 234, 220, 65, 107, 245, 116, 192, 243, 93,
       168, 164, 137, 120, 196, 49, 235, 215, 36, 87, 186, 83, 120, 233,
       116, 124, 93, 56, 47, 212, 20, 247, 111, 153, 172, 24, 5, 240, 29,
       156, 73, 16, 242, 51, 189, 88, 87, 32, 250, 63, 213, 124, 150, 55,
       157, 31, 72, 167, 71, 189, 250, 189, 42, 244, 87, 246, 247, 6,
       245, 3, 114, 145, 118, 76, 150, 225, 121, 114, 62, 245, 41, 210,
       44, 86, 158, 66, 120, 129, 221, 50, 219, 60, 45, 212, 20, 244, 14,
       153, 172, 16, 5, 98, 29, 159, 73, 24, 242, 51, 189, 88, 87, 32,
       250, 5, 3, 1, 128, 0, 0, 0, 68, 2, 2, 3, 4, 0, 0, 131, 3, 66, 68,
       0, 64, 0, 160, 64, 0, 12, 128, 128, 9, 0, 8, 0, 9, 80, 4, 84, 186,
       0, 104, 1, 68, 0, 64, 24, 10, 64, 4, 192, 76, 16, 44, 16, 4, 32,
       24, 148, 9, 16, 98, 17, 156, 72, 6, 32, 242, 44, 34, 231, 168, 18,
       119, 161, 127, 245, 252, 206, 181, 93, 63, 187, 230, 235, 220,
       195, 96, 241, 80, 220, 183, 93, 169, 12, 129, 121, 204, 59, 235,
       221, 36, 87, 186, 87, 114, 9, 124, 124, 85, 56, 46, 84, 181, 102,
       236, 153, 44, 24, 4, 242, 29, 156, 73, 16, 224, 43, 188, 90, 71,
       32, 250, 197, 2, 129, 129, 217, 128, 32, 72, 0, 99, 2, 22, 130,
       131, 130, 1, 2, 69, 1, 64, 200, 133, 138, 73, 78, 144, 24, 35,
       146, 8, 1, 15, 81, 133, 84, 155, 0, 244, 37, 22, 0, 96, 8, 2, 73,
       12, 104, 145, 16, 36, 16, 52, 1, 26, 140, 42, 16, 104, 33, 60, 76,
       5, 32, 240, 62, 244, 125, 175, 255, 253, 191, 185, 253, 253, 254,
       125, 253, 126, 249, 244, 251, 215, 83, 242, 245, 51, 151, 124,
       253, 253, 237, 191, 254, 255, 255, 255, 239, 108, 87, 190, 255,
       115, 233, 125, 249, 93, 91, 174, 213, 55, 255, 111, 185, 174, 153,
       13, 240, 29, 157, 73, 16, 242, 183, 189, 250, 95, 40, 252 ]
