%YAML:1.0
descriptors: !!opencv-matrix
   rows: 16
   cols: 64
   dt: u
   data: [ 44, 46, 245, 170, 26, 127, 161, 255, 244, 124, 194, 53, 125,
       63, 187, 228, 235, 220, 195, 96, 241, 64, 221, 180, 93, 168, 44,
       129, 251, 204, 59, 235, 245, 36, 87, 186, 83, 114, 137, 124, 252,
       85, 24, 14, 84, 183, 98, 108, 153, 44, 28, 4, 242, 29, 157, 73,
       16, 240, 35, 188, 88, 70, 34, 240, 179, 213, 88, 158, 247, 13, 95,
       8, 166, 71, 61, 250, 189, 106, 116, 85, 246, 247, 4, 53, 14, 242,
       145, 102, 76, 150, 241, 121, 178, 58, 212, 41, 146, 36, 20, 158,
       66, 120, 195, 220, 50, 219, 60, 73, 144, 28, 244, 14, 145, 164,
       16, 5, 40, 25, 151, 75, 24, 114, 48, 61, 88, 86, 34, 249, 77, 34,
       109, 177, 152, 181, 47, 116, 160, 110, 193, 18, 193, 129, 147, 67,
       130, 92, 3, 96, 105, 160, 194, 56, 76, 136, 164, 137, 208, 12, 49,
       137, 113, 36, 84, 186, 82, 120, 129, 84, 80, 74, 24, 14, 210, 20,
       193, 93, 25, 172, 24, 5, 96, 29, 157, 73, 144, 242, 51, 188, 76,
       86, 32, 240, 109, 46, 231, 185, 122, 119, 163, 255, 188, 252, 202,
       23, 89, 188, 187, 231, 235, 221, 235, 98, 248, 133, 222, 176, 79,
       233, 156, 166, 216, 68, 51, 207, 253, 33, 85, 186, 86, 114, 237,
       116, 120, 84, 58, 46, 85, 165, 231, 105, 153, 172, 24, 5, 240, 29,
       156, 73, 16, 242, 51, 189, 90, 87, 32, 250, 237, 46, 247, 241,
       120, 127, 163, 254, 189, 252, 202, 23, 79, 189, 219, 238, 235,
       253, 251, 106, 252, 197, 254, 187, 95, 109, 188, 182, 252, 71,
       123, 223, 125, 33, 85, 185, 85, 246, 237, 124, 252, 84, 122, 190,
       77, 163, 99, 233, 189, 172, 92, 149, 209, 63, 156, 77, 244, 252,
       35, 189, 222, 71, 32, 254, 60, 255, 255, 252, 54, 127, 253, 127,
       253, 252, 220, 253, 127, 254, 190, 254, 251, 253, 227, 107, 245,
       63, 243, 247, 221, 255, 245, 191, 127, 214, 246, 235, 207, 44, 87,
       190, 223, 120, 233, 124, 120, 93, 59, 175, 213, 53, 247, 111, 185,
       172, 152, 13, 240, 29, 156, 73, 20, 242, 115, 189, 91, 87, 42,
       250, 13, 138, 238, 237, 238, 253, 250, 116, 57, 255, 198, 205,
       220, 125, 121, 233, 137, 249, 251, 171, 252, 125, 94, 249, 105,
       127, 22, 182, 124, 71, 63, 215, 223, 211, 251, 33, 245, 251, 252,
       43, 253, 61, 235, 54, 247, 167, 127, 115, 190, 219, 173, 111, 247,
       237, 219, 220, 119, 207, 223, 231, 227, 251, 237, 222, 191, 252,
       127, 255, 255, 189, 223, 249, 255, 127, 253, 251, 255, 122, 246,
       125, 243, 247, 127, 123, 255, 255, 179, 124, 255, 255, 247, 251,
       255, 255, 255, 255, 215, 237, 158, 223, 222, 125, 249, 255, 91,
       223, 255, 127, 217, 63, 253, 63, 175, 191, 146, 141, 248, 191,
       158, 125, 120, 246, 241, 191, 255, 223, 174, 191, 67, 17, 210, 87,
       217, 130, 67, 10, 2, 1, 1, 123, 162, 203, 132, 25, 98, 87, 60, 6,
       206, 45, 138, 99, 6, 210, 42, 47, 146, 8, 0, 45, 22, 167, 28, 155,
       0, 124, 87, 214, 65, 98, 136, 75, 201, 24, 201, 151, 64, 36, 16,
       52, 33, 242, 140, 235, 81, 62, 50, 31, 88, 69, 179, 249, 251, 252,
       255, 255, 255, 189, 223, 248, 255, 127, 253, 251, 255, 126, 246,
       125, 243, 245, 127, 114, 254, 255, 178, 124, 238, 255, 255, 191,
       255, 123, 127, 191, 215, 109, 158, 255, 218, 117, 249, 247, 95,
       223, 95, 31, 209, 31, 253, 21, 157, 189, 26, 5, 234, 191, 159,
       125, 88, 246, 121, 191, 223, 223, 42, 189, 3, 4, 0, 34, 141, 160,
       32, 8, 32, 40, 64, 1, 32, 11, 0, 19, 98, 78, 1, 64, 200, 128, 137,
       56, 68, 136, 168, 3, 210, 1, 33, 79, 81, 164, 84, 48, 49, 160, 33,
       230, 64, 66, 24, 10, 64, 17, 194, 65, 24, 36, 24, 4, 100, 28, 140,
       73, 16, 176, 163, 188, 88, 86, 32, 249, 191, 245, 253, 158, 54,
       15, 93, 110, 230, 68, 189, 176, 127, 235, 180, 94, 243, 212, 7,
       103, 71, 170, 225, 55, 76, 139, 164, 9, 83, 12, 112, 41, 210, 36,
       84, 186, 66, 112, 193, 244, 82, 90, 24, 15, 208, 20, 229, 78, 153,
       172, 24, 5, 112, 29, 157, 73, 16, 242, 51, 189, 88, 86, 34, 249,
       54, 49, 233, 144, 20, 6, 9, 79, 198, 70, 145, 52, 97, 202, 145,
       87, 226, 212, 3, 102, 65, 162, 193, 55, 76, 136, 164, 9, 82, 12,
       48, 41, 210, 36, 84, 186, 82, 120, 129, 116, 208, 90, 16, 14, 208,
       20, 193, 78, 153, 172, 24, 5, 240, 29, 156, 73, 16, 242, 51, 189,
       88, 86, 34, 249, 62, 183, 125, 188, 55, 189, 189, 121, 244, 94,
       215, 241, 253, 122, 188, 85, 242, 252, 67, 115, 245, 34, 209, 247,
       221, 186, 228, 201, 82, 156, 245, 233, 207, 44, 87, 190, 219, 120,
       233, 124, 120, 92, 56, 47, 212, 53, 247, 111, 153, 172, 24, 5,
       240, 29, 156, 73, 16, 242, 51, 189, 88, 87, 32, 250, 63, 182, 125,
       174, 63, 253, 185, 127, 246, 126, 214, 245, 125, 127, 188, 85,
       250, 254, 67, 112, 245, 98, 209, 247, 221, 186, 228, 219, 126, 92,
       245, 235, 223, 44, 85, 190, 219, 122, 233, 124, 120, 92, 58, 175,
       212, 53, 247, 111, 153, 172, 24, 5, 240, 29, 156, 73, 16, 242, 51,
       189, 90, 87, 32, 250, 62, 177, 253, 190, 54, 181, 125, 122, 247,
       254, 213, 240, 125, 126, 180, 87, 254, 222, 99, 115, 245, 54, 193,
       119, 205, 186, 228, 219, 82, 220, 245, 235, 215, 44, 87, 190, 91,
       120, 233, 117, 120, 92, 57, 47, 212, 21, 247, 111, 153, 172, 24,
       5, 240, 29, 156, 73, 16, 242, 51, 189, 88, 87, 32, 250 ]
