%YAML:1.0
descriptors: !!opencv-matrix
   rows: 20
   cols: 64
   dt: u
   data: [ 62, 176, 253, 254, 63, 181, 253, 126, 245, 254, 213, 241, 125,
       126, 181, 86, 250, 220, 67, 99, 245, 54, 193, 119, 205, 170, 228,
       155, 90, 221, 117, 235, 215, 44, 87, 190, 215, 120, 233, 125, 120,
       93, 57, 47, 212, 53, 247, 111, 153, 172, 24, 5, 240, 29, 156, 73,
       16, 242, 51, 189, 88, 87, 32, 250, 61, 182, 125, 166, 62, 189,
       185, 121, 244, 254, 214, 245, 253, 63, 185, 87, 250, 252, 67, 99,
       245, 114, 211, 247, 221, 186, 228, 155, 122, 221, 117, 235, 223,
       44, 87, 190, 219, 120, 233, 124, 120, 92, 56, 47, 212, 53, 247,
       111, 153, 172, 24, 5, 240, 29, 156, 73, 16, 242, 51, 189, 90, 87,
       32, 250, 62, 181, 253, 190, 59, 141, 249, 111, 246, 252, 214, 245,
       125, 126, 189, 86, 254, 146, 67, 243, 245, 38, 211, 247, 221, 170,
       228, 203, 74, 220, 245, 235, 207, 44, 71, 190, 223, 122, 233, 124,
       120, 92, 56, 47, 212, 53, 247, 111, 153, 172, 24, 5, 240, 29, 156,
       73, 16, 242, 51, 189, 90, 87, 32, 250, 28, 177, 221, 254, 54, 123,
       252, 126, 87, 152, 213, 181, 125, 86, 191, 82, 255, 222, 97, 99,
       197, 45, 193, 243, 205, 203, 224, 205, 82, 204, 181, 234, 223, 36,
       85, 190, 91, 120, 233, 116, 112, 93, 49, 47, 213, 21, 247, 111,
       153, 172, 24, 5, 240, 29, 156, 73, 16, 242, 51, 189, 88, 87, 32,
       250, 109, 52, 109, 188, 63, 183, 59, 126, 181, 254, 212, 177, 125,
       43, 181, 71, 226, 253, 67, 96, 241, 115, 208, 127, 76, 168, 172,
       31, 122, 89, 125, 235, 215, 36, 151, 186, 82, 120, 161, 117, 120,
       207, 126, 14, 209, 21, 193, 79, 153, 172, 24, 5, 240, 29, 156, 73,
       24, 242, 59, 157, 88, 87, 34, 251, 12, 33, 225, 176, 16, 69, 33,
       111, 132, 196, 195, 52, 81, 134, 153, 98, 234, 220, 3, 99, 7, 160,
       196, 19, 13, 136, 164, 9, 82, 140, 48, 104, 114, 36, 85, 186, 82,
       122, 193, 84, 144, 80, 48, 46, 68, 20, 65, 110, 153, 44, 24, 5,
       240, 29, 148, 73, 16, 242, 51, 189, 88, 86, 32, 250, 35, 176, 81,
       34, 221, 130, 7, 74, 230, 0, 0, 112, 165, 75, 164, 81, 226, 213,
       5, 96, 193, 39, 129, 119, 78, 154, 161, 15, 82, 8, 49, 105, 215,
       36, 20, 186, 82, 120, 33, 116, 80, 74, 24, 15, 209, 20, 245, 79,
       153, 172, 24, 4, 240, 28, 156, 73, 16, 242, 51, 189, 88, 87, 32,
       250, 141, 54, 100, 33, 221, 160, 163, 216, 48, 57, 194, 119, 232,
       9, 130, 1, 226, 109, 135, 208, 233, 134, 11, 248, 70, 56, 120,
       163, 220, 69, 35, 215, 93, 163, 92, 185, 117, 176, 45, 52, 93, 68,
       26, 158, 73, 97, 74, 209, 40, 116, 88, 0, 192, 190, 140, 9, 22,
       176, 167, 148, 142, 7, 36, 56, 54, 49, 81, 150, 50, 0, 24, 37, 66,
       128, 83, 52, 117, 2, 145, 82, 118, 130, 64, 208, 1, 160, 193, 134,
       140, 8, 228, 201, 2, 172, 245, 40, 64, 44, 36, 190, 74, 120, 129,
       84, 16, 72, 17, 14, 226, 4, 128, 76, 153, 166, 80, 3, 96, 24, 20,
       65, 0, 115, 17, 152, 120, 6, 32, 226, 60, 50, 117, 162, 62, 181,
       33, 121, 246, 94, 210, 49, 125, 26, 177, 85, 242, 212, 67, 96,
       241, 34, 129, 118, 204, 136, 164, 137, 82, 28, 113, 233, 213, 36,
       84, 190, 82, 120, 129, 116, 248, 92, 24, 14, 208, 20, 192, 79,
       153, 172, 24, 5, 240, 29, 157, 73, 16, 242, 51, 188, 88, 87, 32,
       248, 63, 53, 124, 182, 23, 37, 57, 126, 52, 76, 213, 53, 61, 43,
       145, 86, 234, 212, 1, 96, 241, 32, 193, 51, 76, 168, 160, 9, 82,
       28, 113, 233, 214, 36, 85, 186, 82, 120, 129, 116, 208, 92, 24,
       14, 208, 20, 225, 78, 153, 172, 24, 5, 240, 29, 156, 73, 16, 242,
       51, 189, 88, 86, 34, 251, 133, 7, 130, 48, 1, 64, 36, 206, 160,
       128, 130, 6, 66, 133, 131, 3, 11, 12, 35, 67, 64, 166, 194, 114,
       68, 155, 144, 1, 144, 12, 34, 8, 86, 38, 85, 186, 16, 56, 73, 4,
       100, 112, 56, 175, 196, 80, 117, 236, 24, 172, 24, 1, 208, 28,
       156, 8, 0, 224, 51, 181, 72, 87, 32, 122, 6, 33, 130, 2, 147, 0,
       128, 202, 198, 2, 131, 54, 176, 198, 163, 65, 66, 21, 1, 68, 65,
       134, 131, 71, 6, 128, 48, 9, 146, 8, 50, 8, 70, 36, 85, 154, 2,
       124, 9, 84, 32, 64, 20, 8, 68, 84, 161, 204, 25, 44, 24, 4, 48,
       24, 156, 65, 16, 32, 49, 188, 8, 7, 32, 240, 69, 7, 128, 16, 65,
       2, 4, 70, 166, 4, 1, 0, 0, 233, 128, 7, 66, 97, 1, 100, 64, 39,
       80, 35, 70, 128, 132, 13, 16, 8, 0, 0, 82, 36, 6, 186, 0, 40, 1,
       76, 32, 64, 24, 131, 64, 80, 165, 78, 17, 36, 24, 0, 48, 24, 156,
       9, 16, 114, 51, 156, 72, 86, 32, 248, 162, 42, 195, 131, 222, 157,
       131, 137, 238, 95, 2, 118, 187, 122, 251, 69, 74, 245, 41, 36, 72,
       7, 147, 116, 30, 208, 61, 33, 150, 154, 18, 27, 86, 36, 95, 154,
       82, 122, 141, 28, 225, 84, 24, 30, 69, 4, 248, 149, 153, 44, 24,
       5, 242, 29, 141, 75, 16, 112, 50, 61, 76, 87, 32, 250, 3, 128, 8,
       10, 133, 16, 4, 4, 0, 2, 32, 64, 0, 1, 6, 1, 9, 64, 1, 128, 0, 0,
       168, 64, 0, 149, 25, 32, 145, 0, 1, 1, 148, 0, 152, 0, 2, 64, 0,
       0, 32, 2, 40, 9, 20, 20, 116, 128, 18, 8, 16, 4, 4, 1, 228, 40,
       144, 0, 32, 48, 0, 83, 0, 226, 2, 32, 1, 2, 217, 128, 6, 12, 194,
       0, 28, 52, 32, 7, 129, 32, 66, 4, 1, 16, 192, 0, 129, 4, 76, 128,
       136, 5, 130, 8, 1, 72, 133, 36, 5, 186, 2, 16, 1, 84, 32, 64, 16,
       137, 84, 16, 164, 76, 17, 44, 25, 0, 48, 24, 28, 1, 16, 98, 35,
       184, 8, 86, 32, 248, 2, 1, 0, 16, 1, 2, 6, 79, 2, 2, 3, 4, 16, 68,
       129, 2, 66, 16, 1, 68, 64, 162, 192, 2, 12, 128, 128, 9, 2, 136,
       1, 72, 66, 36, 69, 186, 0, 40, 1, 68, 0, 64, 20, 10, 68, 20, 133,
       78, 17, 44, 24, 4, 48, 24, 156, 65, 16, 98, 51, 184, 8, 86, 32,
       232, 99, 6, 100, 2, 223, 151, 131, 88, 228, 39, 128, 98, 185, 123,
       176, 69, 98, 245, 27, 100, 193, 39, 155, 116, 6, 216, 60, 47, 210,
       8, 49, 99, 215, 45, 86, 187, 82, 112, 37, 116, 208, 80, 24, 15,
       209, 92, 209, 71, 157, 44, 24, 4, 241, 29, 156, 75, 16, 246, 51,
       189, 88, 87, 32, 249, 65, 38, 69, 2, 217, 138, 3, 88, 224, 32,
       130, 99, 224, 83, 128, 1, 66, 101, 7, 100, 192, 39, 9, 102, 6,
       136, 8, 7, 146, 8, 1, 64, 215, 39, 84, 186, 0, 56, 5, 212, 196,
       80, 24, 135, 65, 88, 224, 71, 16, 36, 24, 0, 241, 28, 140, 9, 16,
       114, 51, 188, 72, 87, 32, 249 ]
