%YAML:1.0
descriptors: !!opencv-matrix
   rows: 9
   cols: 64
   dt: u
   data: [ 62, 176, 253, 174, 62, 181, 189, 124, 247, 254, 213, 241, 253,
       62, 180, 86, 250, 222, 99, 243, 241, 55, 195, 247, 205, 186, 228,
       255, 82, 253, 245, 235, 215, 60, 87, 190, 219, 120, 233, 117, 120,
       92, 57, 47, 245, 53, 247, 111, 153, 174, 24, 7, 240, 29, 156, 73,
       16, 243, 51, 189, 120, 87, 32, 250, 63, 182, 109, 170, 63, 189,
       179, 121, 252, 126, 212, 253, 253, 59, 188, 69, 250, 253, 67, 113,
       245, 103, 219, 125, 93, 248, 229, 191, 126, 95, 113, 235, 223, 44,
       87, 190, 83, 120, 233, 124, 124, 92, 58, 175, 213, 113, 247, 111,
       153, 172, 24, 5, 240, 29, 156, 73, 16, 242, 51, 189, 90, 87, 40,
       250, 60, 189, 253, 254, 55, 191, 253, 127, 247, 220, 212, 245,
       255, 126, 180, 93, 250, 247, 99, 115, 245, 63, 211, 247, 253, 250,
       228, 255, 122, 220, 245, 235, 223, 44, 87, 190, 214, 120, 233,
       124, 120, 93, 58, 47, 213, 53, 247, 111, 153, 172, 24, 13, 240,
       29, 156, 73, 16, 242, 51, 189, 90, 87, 32, 250, 13, 162, 77, 169,
       255, 185, 167, 120, 252, 63, 214, 123, 237, 63, 157, 65, 194, 253,
       99, 96, 229, 101, 202, 121, 77, 252, 9, 167, 126, 79, 49, 239,
       215, 36, 85, 186, 87, 120, 233, 116, 124, 92, 58, 47, 213, 17,
       247, 107, 153, 172, 24, 5, 240, 29, 156, 73, 16, 242, 51, 189, 88,
       87, 32, 250, 54, 177, 253, 222, 55, 143, 93, 126, 198, 196, 149,
       176, 125, 126, 180, 94, 255, 215, 98, 115, 135, 47, 193, 119, 205,
       250, 228, 93, 82, 156, 212, 105, 215, 44, 85, 190, 82, 120, 235,
       117, 112, 93, 49, 47, 213, 20, 245, 111, 153, 172, 24, 5, 240, 29,
       156, 73, 16, 242, 51, 189, 88, 87, 32, 250, 196, 34, 147, 176, 88,
       34, 32, 238, 192, 170, 194, 55, 99, 194, 131, 66, 234, 213, 1, 67,
       201, 173, 206, 27, 78, 138, 178, 15, 82, 8, 49, 110, 99, 38, 84,
       186, 82, 120, 97, 86, 208, 64, 16, 14, 193, 20, 129, 207, 153, 44,
       24, 5, 240, 28, 156, 65, 16, 242, 51, 189, 88, 86, 32, 251, 87,
       49, 241, 149, 217, 134, 139, 200, 134, 101, 131, 54, 193, 75, 147,
       84, 226, 213, 3, 98, 203, 47, 130, 114, 78, 138, 182, 15, 210, 8,
       49, 111, 87, 38, 84, 186, 82, 120, 65, 86, 208, 64, 24, 14, 193,
       24, 193, 79, 153, 44, 24, 5, 240, 28, 156, 73, 16, 242, 51, 189,
       88, 87, 32, 249, 61, 53, 124, 190, 23, 37, 57, 126, 54, 68, 213,
       52, 61, 43, 177, 87, 226, 212, 1, 96, 113, 32, 193, 51, 76, 168,
       160, 9, 82, 12, 120, 105, 212, 36, 20, 186, 82, 122, 129, 116,
       208, 94, 24, 14, 208, 20, 193, 78, 153, 172, 24, 5, 240, 29, 156,
       73, 16, 242, 51, 188, 88, 86, 34, 251, 63, 50, 125, 162, 63, 189,
       1, 88, 230, 94, 210, 48, 125, 59, 185, 85, 242, 244, 3, 96, 225,
       114, 129, 116, 204, 136, 228, 9, 122, 28, 113, 233, 84, 36, 84,
       190, 82, 120, 129, 116, 244, 84, 24, 15, 208, 132, 192, 77, 153,
       172, 24, 5, 242, 29, 159, 73, 16, 242, 51, 156, 88, 87, 32, 248 ]
