%YAML:1.0
descriptors: !!opencv-matrix
   rows: 11
   cols: 64
   dt: u
   data: [ 62, 181, 253, 190, 63, 181, 221, 31, 247, 254, 245, 241, 125,
       122, 52, 95, 253, 246, 99, 243, 245, 54, 209, 119, 197, 187, 229,
       127, 90, 93, 245, 235, 223, 44, 87, 190, 90, 120, 233, 116, 120,
       95, 56, 47, 212, 117, 245, 111, 153, 172, 24, 5, 240, 29, 156, 73,
       16, 242, 51, 189, 88, 87, 32, 250, 31, 186, 205, 166, 63, 249,
       157, 56, 127, 252, 222, 245, 237, 127, 249, 81, 249, 254, 97, 243,
       229, 100, 195, 115, 205, 255, 225, 255, 126, 95, 241, 235, 215,
       36, 85, 186, 95, 120, 233, 116, 112, 92, 58, 47, 213, 21, 247,
       111, 153, 172, 24, 5, 240, 29, 156, 73, 16, 242, 51, 189, 88, 87,
       32, 250, 61, 245, 125, 252, 55, 189, 253, 121, 247, 222, 221, 248,
       253, 127, 180, 94, 246, 214, 99, 123, 245, 118, 195, 247, 221,
       190, 229, 251, 122, 94, 245, 233, 223, 44, 85, 190, 218, 120, 249,
       125, 120, 93, 57, 47, 212, 53, 245, 111, 153, 172, 24, 5, 240, 29,
       156, 73, 16, 242, 51, 189, 88, 87, 32, 250, 44, 35, 237, 184, 16,
       125, 33, 119, 244, 222, 70, 149, 93, 55, 153, 194, 235, 216, 67,
       96, 245, 32, 193, 183, 93, 41, 164, 137, 64, 140, 48, 233, 215,
       36, 69, 186, 83, 122, 201, 124, 120, 92, 56, 47, 212, 52, 231,
       110, 153, 172, 24, 5, 240, 29, 156, 73, 16, 242, 51, 189, 88, 87,
       32, 250, 76, 33, 229, 176, 16, 167, 35, 111, 192, 236, 194, 53,
       81, 162, 153, 66, 234, 93, 3, 102, 225, 33, 194, 51, 76, 136, 164,
       141, 66, 12, 49, 201, 215, 36, 85, 186, 82, 120, 193, 116, 112,
       84, 56, 46, 69, 20, 225, 111, 153, 172, 24, 5, 240, 29, 156, 73,
       16, 242, 51, 189, 88, 87, 32, 250, 191, 213, 124, 150, 55, 157,
       31, 8, 167, 71, 189, 250, 189, 107, 244, 87, 246, 247, 4, 117, 3,
       114, 145, 102, 76, 150, 225, 121, 82, 58, 244, 41, 210, 44, 22,
       158, 66, 120, 129, 220, 50, 218, 60, 45, 208, 20, 244, 14, 153,
       172, 16, 5, 104, 29, 156, 73, 24, 242, 49, 189, 88, 87, 32, 251,
       6, 1, 129, 146, 1, 0, 0, 78, 2, 2, 3, 4, 0, 194, 131, 3, 66, 68,
       0, 4, 2, 164, 192, 3, 14, 128, 130, 9, 18, 8, 0, 9, 82, 38, 85,
       154, 0, 104, 3, 84, 0, 96, 24, 10, 0, 20, 193, 78, 17, 44, 16, 4,
       32, 24, 148, 9, 16, 98, 48, 61, 72, 4, 32, 240, 66, 0, 0, 146, 72,
       130, 2, 4, 2, 34, 1, 0, 144, 0, 1, 18, 100, 19, 0, 68, 200, 33,
       194, 1, 12, 128, 168, 12, 2, 8, 17, 72, 83, 36, 20, 186, 0, 104,
       5, 64, 0, 64, 20, 10, 65, 28, 129, 79, 17, 44, 24, 4, 48, 24, 156,
       67, 16, 114, 51, 184, 72, 86, 32, 233, 56, 255, 253, 255, 190,
       253, 253, 113, 255, 253, 223, 253, 255, 126, 252, 252, 255, 246,
       226, 187, 247, 126, 211, 255, 249, 127, 231, 254, 126, 247, 255,
       239, 207, 250, 79, 52, 255, 219, 250, 125, 121, 221, 239, 103,
       244, 119, 255, 111, 187, 254, 137, 79, 246, 141, 154, 93, 55, 243,
       247, 239, 251, 255, 173, 222, 248, 62, 255, 255, 254, 255, 255,
       255, 253, 255, 94, 159, 223, 252, 187, 254, 251, 221, 123, 107,
       252, 255, 222, 63, 223, 239, 190, 191, 91, 209, 127, 239, 215,
       167, 87, 255, 215, 255, 253, 126, 120, 92, 251, 62, 223, 28, 229,
       127, 157, 172, 24, 133, 240, 61, 156, 73, 80, 246, 115, 189, 222,
       87, 32, 254, 11, 150, 68, 35, 253, 176, 163, 24, 56, 57, 194, 103,
       172, 89, 1, 17, 100, 239, 137, 208, 224, 103, 139, 121, 64, 56,
       104, 166, 126, 69, 225, 199, 95, 232, 217, 48, 119, 184, 41, 103,
       205, 84, 90, 142, 193, 193, 219, 83, 184, 220, 24, 5, 244, 140,
       220, 73, 22, 242, 183, 149, 210, 87, 36, 93 ]
