%YAML:1.0
descriptors: !!opencv-matrix
   rows: 9
   cols: 64
   dt: u
   data: [ 4, 34, 65, 144, 216, 4, 34, 77, 128, 96, 2, 52, 65, 71, 145,
       64, 226, 68, 1, 96, 201, 160, 136, 34, 78, 136, 36, 9, 146, 8, 49,
       72, 81, 38, 84, 186, 0, 112, 1, 86, 0, 64, 24, 10, 64, 4, 192, 70,
       24, 36, 24, 4, 96, 24, 132, 9, 0, 96, 35, 188, 72, 70, 32, 240,
       71, 33, 65, 146, 217, 2, 3, 72, 194, 98, 1, 50, 161, 75, 128, 81,
       98, 213, 5, 96, 195, 32, 128, 98, 78, 138, 160, 13, 146, 8, 49,
       105, 82, 36, 20, 186, 66, 112, 1, 214, 0, 66, 24, 11, 192, 28,
       193, 79, 145, 36, 16, 4, 96, 24, 156, 73, 16, 114, 51, 188, 88,
       86, 32, 249, 63, 50, 125, 162, 63, 189, 9, 120, 230, 86, 211, 48,
       125, 59, 176, 85, 242, 244, 3, 96, 225, 98, 129, 116, 76, 168,
       164, 25, 82, 28, 113, 233, 84, 36, 84, 190, 82, 122, 129, 84, 212,
       92, 24, 14, 208, 4, 192, 77, 153, 172, 24, 5, 240, 29, 157, 73,
       16, 242, 51, 188, 88, 87, 32, 248, 71, 1, 129, 146, 16, 2, 1, 78,
       2, 34, 1, 16, 1, 130, 131, 66, 66, 84, 0, 68, 10, 160, 192, 3, 12,
       128, 128, 9, 18, 8, 16, 73, 80, 38, 20, 154, 0, 112, 3, 86, 0, 66,
       8, 10, 0, 28, 65, 142, 17, 36, 16, 4, 32, 24, 132, 11, 16, 32, 33,
       56, 72, 68, 32, 241, 4, 2, 1, 163, 217, 160, 162, 204, 8, 40, 66,
       23, 128, 2, 139, 1, 66, 68, 129, 64, 200, 0, 142, 88, 12, 136, 8,
       1, 146, 8, 33, 95, 117, 36, 92, 186, 49, 242, 5, 20, 193, 68, 24,
       2, 64, 6, 72, 209, 24, 44, 88, 36, 209, 30, 141, 8, 0, 96, 35,
       172, 72, 6, 32, 240, 67, 2, 0, 163, 205, 130, 134, 8, 46, 59, 2,
       75, 168, 79, 0, 21, 102, 215, 9, 96, 200, 39, 139, 124, 70, 216,
       40, 47, 146, 1, 33, 71, 87, 165, 84, 51, 115, 248, 45, 102, 96,
       84, 8, 9, 85, 28, 252, 83, 153, 44, 24, 4, 245, 29, 156, 235, 16,
       242, 51, 188, 88, 87, 48, 248, 67, 6, 0, 35, 205, 130, 134, 8, 40,
       43, 0, 75, 168, 75, 0, 17, 98, 85, 25, 80, 200, 7, 139, 109, 70,
       216, 40, 39, 146, 9, 33, 79, 87, 165, 92, 51, 115, 241, 45, 118,
       96, 68, 8, 11, 81, 24, 252, 147, 25, 12, 24, 4, 245, 188, 140,
       235, 16, 242, 179, 188, 88, 87, 48, 248, 56, 251, 255, 255, 62,
       255, 253, 183, 255, 255, 220, 253, 127, 126, 255, 220, 255, 255,
       251, 251, 245, 127, 247, 255, 249, 127, 247, 255, 127, 247, 255,
       239, 223, 120, 239, 244, 255, 253, 248, 125, 127, 95, 247, 127,
       255, 245, 247, 111, 191, 254, 143, 207, 246, 189, 216, 93, 126,
       247, 255, 255, 251, 251, 239, 254, 63, 51, 101, 160, 23, 33, 45,
       120, 228, 78, 211, 48, 109, 11, 145, 87, 226, 212, 3, 96, 65, 34,
       129, 54, 76, 136, 160, 9, 82, 12, 49, 41, 80, 36, 85, 186, 82,
       112, 1, 84, 112, 64, 24, 14, 212, 20, 192, 76, 153, 172, 24, 5,
       240, 29, 156, 73, 16, 242, 51, 188, 88, 86, 32, 248 ]
