%YAML:1.0
descriptors: !!opencv-matrix
   rows: 12
   cols: 64
   dt: u
   data: [ 63, 50, 125, 166, 63, 181, 57, 120, 244, 94, 214, 49, 125, 59,
       176, 85, 242, 244, 67, 96, 241, 114, 129, 118, 76, 168, 164, 25,
       122, 92, 117, 233, 213, 36, 84, 186, 82, 120, 129, 116, 220, 92,
       24, 15, 208, 5, 192, 79, 153, 172, 24, 5, 240, 29, 157, 73, 16,
       242, 51, 188, 88, 87, 32, 248, 60, 53, 117, 182, 22, 37, 45, 127,
       196, 204, 210, 53, 125, 14, 145, 86, 250, 212, 67, 96, 241, 34,
       209, 183, 156, 168, 228, 137, 82, 220, 113, 233, 78, 44, 87, 190,
       222, 120, 129, 92, 120, 68, 23, 174, 196, 33, 165, 110, 186, 172,
       153, 9, 242, 28, 156, 81, 0, 178, 51, 185, 90, 6, 40, 242, 61, 53,
       124, 190, 55, 53, 57, 126, 54, 84, 213, 53, 61, 127, 177, 87, 242,
       214, 65, 96, 241, 32, 193, 51, 76, 168, 224, 73, 82, 28, 241, 233,
       214, 36, 21, 186, 82, 120, 129, 116, 80, 94, 24, 14, 208, 20, 193,
       78, 153, 172, 24, 5, 240, 29, 156, 73, 16, 242, 51, 189, 88, 86,
       34, 251, 1, 6, 1, 2, 145, 0, 3, 88, 226, 4, 128, 2, 224, 9, 130,
       1, 66, 101, 3, 4, 64, 2, 83, 68, 4, 128, 140, 9, 146, 8, 1, 0, 84,
       36, 20, 186, 0, 40, 1, 68, 4, 66, 24, 131, 64, 80, 128, 76, 16,
       36, 24, 0, 48, 24, 28, 1, 16, 34, 19, 156, 8, 86, 32, 121, 229, 7,
       228, 16, 83, 15, 3, 127, 166, 69, 1, 180, 27, 187, 182, 71, 106,
       213, 3, 101, 27, 163, 226, 38, 12, 130, 188, 13, 18, 8, 16, 41,
       210, 38, 84, 186, 66, 120, 7, 212, 208, 80, 56, 15, 145, 28, 101,
       110, 145, 44, 24, 4, 112, 25, 148, 75, 16, 114, 33, 189, 88, 86,
       32, 251, 231, 33, 239, 150, 86, 7, 27, 206, 38, 230, 1, 178, 27,
       234, 179, 71, 106, 245, 32, 103, 11, 165, 230, 35, 12, 130, 186,
       13, 18, 8, 16, 41, 114, 36, 22, 187, 66, 124, 67, 212, 16, 74, 56,
       14, 147, 28, 193, 110, 25, 172, 24, 5, 112, 24, 148, 75, 16, 114,
       49, 29, 88, 84, 32, 251, 66, 2, 0, 3, 201, 130, 2, 64, 0, 34, 2,
       6, 144, 2, 131, 0, 66, 17, 1, 68, 200, 3, 130, 64, 14, 128, 140,
       5, 130, 136, 49, 8, 85, 36, 69, 186, 80, 112, 5, 84, 32, 64, 16,
       10, 65, 4, 128, 69, 25, 44, 24, 4, 241, 25, 156, 1, 16, 98, 51,
       188, 72, 23, 32, 240, 130, 1, 8, 2, 0, 16, 4, 132, 2, 131, 49, 66,
       2, 1, 2, 2, 4, 66, 4, 165, 2, 128, 164, 0, 8, 128, 0, 8, 146, 8,
       0, 24, 48, 36, 24, 202, 66, 0, 2, 128, 2, 34, 8, 8, 18, 28, 64,
       132, 81, 8, 18, 0, 8, 0, 164, 170, 145, 64, 32, 28, 68, 20, 0,
       185, 102, 35, 227, 146, 18, 7, 13, 79, 70, 230, 3, 48, 113, 234,
       179, 70, 234, 213, 32, 102, 131, 181, 208, 35, 28, 130, 176, 13,
       18, 136, 16, 105, 71, 36, 86, 186, 66, 120, 67, 94, 48, 64, 52,
       14, 209, 28, 193, 79, 153, 172, 24, 5, 114, 25, 156, 65, 16, 114,
       51, 189, 88, 86, 32, 250, 5, 6, 0, 0, 201, 134, 7, 64, 164, 36, 2,
       0, 128, 47, 128, 5, 66, 101, 1, 96, 192, 3, 154, 96, 68, 136, 12,
       13, 146, 8, 1, 64, 85, 36, 68, 186, 0, 48, 5, 68, 68, 64, 24, 139,
       69, 80, 164, 69, 24, 44, 24, 0, 112, 24, 140, 9, 16, 112, 35, 180,
       72, 87, 32, 248, 102, 37, 160, 144, 83, 2, 10, 79, 134, 98, 147,
       52, 113, 194, 161, 86, 98, 21, 3, 68, 131, 167, 193, 7, 12, 128,
       168, 13, 18, 12, 49, 72, 67, 36, 85, 187, 2, 120, 5, 86, 160, 64,
       20, 10, 193, 28, 161, 79, 153, 172, 24, 5, 112, 29, 156, 67, 16,
       114, 51, 185, 88, 86, 32, 250, 69, 7, 165, 0, 81, 162, 35, 126,
       164, 4, 130, 1, 65, 9, 129, 5, 74, 109, 67, 100, 240, 35, 194,
       243, 4, 40, 140, 4, 80, 4, 33, 72, 93, 36, 85, 186, 16, 56, 5, 68,
       124, 64, 24, 135, 65, 97, 225, 78, 24, 44, 24, 0, 241, 28, 156, 9,
       16, 226, 51, 156, 72, 87, 32, 122 ]
