%YAML:1.0
descriptors: !!opencv-matrix
   rows: 9
   cols: 64
   dt: u
   data: [ 255, 85, 124, 150, 55, 13, 95, 72, 166, 71, 185, 178, 189,
       106, 180, 87, 246, 247, 6, 245, 11, 242, 145, 38, 76, 150, 227,
       121, 210, 60, 244, 41, 210, 44, 22, 190, 66, 120, 129, 220, 50,
       202, 60, 11, 208, 28, 229, 14, 153, 172, 16, 5, 104, 29, 157, 73,
       24, 242, 49, 189, 88, 86, 32, 185, 199, 36, 195, 145, 216, 198,
       11, 204, 130, 231, 1, 62, 131, 138, 147, 78, 234, 85, 56, 103,
       139, 133, 238, 41, 78, 195, 186, 47, 146, 9, 19, 79, 83, 167, 52,
       187, 2, 253, 103, 86, 16, 64, 40, 42, 139, 28, 73, 177, 25, 172,
       24, 5, 113, 26, 148, 107, 16, 120, 49, 61, 92, 84, 48, 250, 45,
       39, 237, 186, 18, 61, 33, 119, 116, 254, 86, 181, 125, 63, 185,
       70, 234, 220, 65, 99, 245, 96, 193, 247, 93, 168, 164, 137, 90,
       140, 49, 233, 215, 36, 85, 186, 83, 120, 233, 124, 120, 92, 56,
       47, 212, 21, 231, 111, 153, 172, 24, 5, 240, 29, 156, 73, 16, 242,
       51, 189, 88, 87, 32, 250, 252, 255, 255, 253, 254, 127, 251, 255,
       253, 253, 254, 191, 255, 254, 251, 254, 251, 221, 251, 111, 127,
       223, 254, 191, 255, 239, 254, 191, 255, 223, 126, 255, 243, 111,
       119, 255, 214, 127, 253, 253, 250, 223, 255, 62, 223, 175, 203,
       247, 255, 173, 223, 221, 251, 191, 159, 93, 244, 252, 123, 255,
       223, 158, 59, 255, 43, 199, 109, 136, 23, 21, 1, 126, 228, 70,
       176, 16, 121, 57, 180, 69, 226, 212, 7, 96, 64, 2, 160, 54, 78,
       136, 164, 9, 211, 8, 56, 41, 208, 36, 84, 186, 66, 112, 1, 244,
       210, 90, 24, 15, 208, 20, 192, 76, 153, 44, 24, 4, 112, 29, 140,
       73, 16, 242, 35, 156, 88, 86, 34, 249, 63, 50, 125, 174, 63, 189,
       153, 120, 246, 94, 215, 48, 125, 58, 249, 85, 242, 212, 67, 104,
       241, 50, 129, 116, 76, 168, 164, 25, 86, 28, 125, 249, 244, 36,
       84, 186, 82, 122, 129, 116, 208, 94, 24, 14, 208, 134, 192, 77,
       153, 173, 28, 5, 240, 29, 159, 73, 16, 242, 59, 156, 88, 86, 34,
       249, 63, 50, 109, 162, 62, 189, 161, 120, 228, 94, 210, 52, 109,
       59, 249, 85, 226, 244, 3, 96, 225, 34, 129, 116, 76, 168, 164, 9,
       82, 12, 113, 235, 213, 36, 85, 186, 82, 122, 129, 116, 240, 92,
       24, 14, 212, 22, 192, 77, 153, 172, 24, 5, 240, 29, 157, 73, 16,
       242, 51, 188, 88, 87, 32, 248, 63, 183, 125, 190, 55, 189, 189,
       121, 246, 222, 211, 245, 253, 126, 189, 85, 242, 254, 67, 115,
       245, 34, 209, 118, 221, 190, 228, 219, 82, 156, 245, 235, 207, 44,
       87, 190, 219, 120, 233, 124, 120, 92, 56, 47, 212, 53, 247, 111,
       153, 172, 24, 5, 240, 29, 156, 73, 16, 242, 51, 189, 88, 87, 32,
       250, 63, 182, 125, 174, 63, 189, 189, 125, 246, 124, 214, 245,
       125, 63, 189, 85, 250, 254, 67, 112, 245, 34, 211, 119, 221, 184,
       228, 219, 122, 92, 241, 235, 223, 44, 87, 190, 83, 122, 233, 124,
       120, 92, 56, 175, 212, 53, 247, 111, 153, 172, 24, 5, 240, 29,
       156, 73, 16, 242, 51, 189, 90, 87, 32, 250 ]
