%YAML:1.0
descriptors: !!opencv-matrix
   rows: 13
   cols: 64
   dt: u
   data: [ 183, 176, 81, 147, 217, 128, 139, 200, 198, 107, 128, 123,
       165, 74, 130, 80, 226, 213, 5, 98, 201, 45, 138, 120, 14, 154, 50,
       47, 210, 8, 49, 111, 87, 39, 28, 187, 82, 112, 109, 118, 81, 64,
       24, 14, 193, 20, 217, 23, 153, 44, 24, 5, 224, 28, 156, 73, 16,
       242, 51, 189, 92, 87, 32, 249, 31, 176, 139, 62, 63, 99, 148, 30,
       210, 184, 156, 247, 114, 86, 39, 123, 237, 215, 35, 211, 197, 37,
       67, 87, 197, 203, 240, 207, 83, 76, 179, 106, 215, 44, 85, 190,
       90, 120, 233, 116, 112, 92, 56, 47, 213, 85, 181, 111, 153, 172,
       24, 5, 240, 29, 156, 65, 16, 242, 51, 189, 88, 87, 32, 250, 67, 6,
       0, 34, 205, 162, 2, 8, 32, 32, 0, 1, 168, 75, 4, 1, 64, 39, 1,
       208, 200, 39, 11, 121, 66, 216, 8, 7, 18, 0, 33, 71, 151, 165, 16,
       51, 115, 0, 37, 102, 100, 64, 24, 139, 65, 89, 231, 67, 24, 100,
       24, 4, 245, 24, 156, 137, 16, 178, 179, 149, 8, 87, 48, 105, 193,
       7, 130, 16, 72, 2, 12, 70, 0, 35, 3, 2, 2, 193, 2, 2, 8, 65, 33,
       103, 138, 133, 226, 35, 78, 202, 152, 14, 144, 8, 32, 67, 83, 36,
       84, 186, 64, 108, 97, 70, 80, 96, 56, 15, 201, 24, 229, 207, 25,
       172, 24, 5, 113, 24, 148, 73, 16, 114, 49, 189, 72, 86, 32, 250,
       84, 35, 147, 213, 200, 132, 138, 229, 2, 162, 3, 20, 209, 64, 155,
       16, 110, 192, 0, 66, 206, 41, 198, 131, 140, 130, 166, 76, 0, 136,
       17, 106, 103, 6, 85, 186, 16, 242, 67, 70, 128, 64, 128, 70, 96,
       132, 129, 15, 153, 44, 24, 69, 48, 24, 148, 65, 1, 114, 19, 189,
       72, 6, 33, 240, 125, 62, 247, 241, 254, 253, 171, 249, 253, 255,
       210, 127, 239, 127, 249, 229, 242, 253, 203, 106, 253, 111, 158,
       253, 95, 254, 62, 183, 222, 95, 123, 255, 127, 103, 95, 191, 86,
       254, 253, 124, 220, 84, 90, 158, 69, 163, 203, 243, 184, 45, 28,
       1, 242, 189, 141, 73, 0, 244, 115, 189, 222, 87, 40, 180, 253, 62,
       247, 241, 253, 183, 171, 122, 252, 127, 208, 123, 239, 203, 146,
       77, 250, 245, 111, 99, 253, 15, 250, 125, 78, 186, 63, 175, 222,
       29, 113, 239, 87, 39, 92, 191, 82, 124, 101, 246, 220, 70, 58,
       143, 219, 33, 217, 215, 152, 172, 24, 0, 224, 188, 158, 73, 16,
       246, 51, 159, 220, 87, 32, 251, 108, 38, 101, 176, 223, 183, 35,
       123, 164, 126, 194, 53, 221, 238, 185, 101, 226, 213, 67, 96, 249,
       39, 144, 119, 94, 168, 172, 13, 82, 28, 57, 235, 115, 36, 85, 186,
       82, 114, 129, 84, 240, 84, 24, 14, 68, 6, 193, 79, 153, 44, 24, 5,
       240, 29, 157, 73, 16, 242, 51, 188, 88, 86, 32, 240, 38, 33, 81,
       18, 17, 130, 15, 77, 198, 2, 129, 48, 49, 10, 176, 86, 226, 212,
       3, 68, 129, 34, 193, 7, 76, 136, 164, 13, 82, 8, 49, 104, 196, 36,
       20, 186, 66, 120, 1, 84, 48, 72, 16, 15, 208, 20, 165, 78, 153,
       172, 24, 5, 112, 28, 156, 65, 16, 242, 51, 188, 88, 86, 32, 248,
       61, 53, 124, 146, 23, 7, 17, 126, 118, 68, 215, 52, 61, 43, 145,
       86, 234, 212, 1, 96, 209, 32, 193, 51, 76, 168, 160, 9, 82, 12,
       112, 105, 208, 36, 85, 186, 82, 120, 129, 116, 240, 92, 24, 14,
       208, 20, 225, 78, 153, 172, 24, 5, 240, 29, 156, 73, 16, 242, 51,
       189, 88, 86, 32, 251, 61, 53, 253, 190, 55, 37, 57, 126, 246, 68,
       213, 52, 125, 187, 177, 87, 250, 244, 67, 96, 113, 114, 209, 55,
       92, 168, 224, 25, 122, 24, 124, 233, 212, 36, 20, 190, 82, 122,
       129, 124, 208, 75, 28, 14, 208, 20, 193, 78, 153, 172, 24, 5, 240,
       28, 156, 73, 24, 242, 59, 156, 88, 22, 34, 251, 63, 50, 117, 162,
       63, 181, 9, 120, 230, 94, 211, 48, 125, 59, 176, 85, 242, 244, 67,
       96, 225, 98, 129, 116, 204, 168, 228, 25, 122, 28, 113, 233, 84,
       36, 84, 190, 82, 112, 129, 84, 212, 84, 24, 15, 208, 4, 192, 77,
       153, 172, 24, 5, 242, 29, 158, 73, 16, 242, 51, 156, 88, 87, 32,
       248, 63, 50, 125, 162, 63, 189, 41, 120, 230, 94, 211, 48, 125,
       59, 184, 85, 242, 244, 67, 96, 241, 114, 129, 116, 76, 168, 164,
       25, 122, 28, 125, 233, 84, 36, 84, 186, 82, 114, 129, 84, 212, 92,
       24, 14, 208, 4, 192, 77, 153, 172, 24, 5, 242, 29, 159, 73, 24,
       242, 51, 188, 88, 87, 32, 249 ]
