%YAML:1.0
descriptors: !!opencv-matrix
   rows: 8
   cols: 64
   dt: u
   data: [ 62, 245, 236, 254, 55, 183, 221, 63, 247, 254, 213, 241, 61,
       122, 61, 95, 253, 246, 99, 243, 245, 118, 209, 119, 253, 191, 245,
       95, 91, 93, 245, 235, 207, 44, 87, 190, 219, 120, 233, 117, 120,
       95, 59, 47, 213, 53, 247, 111, 153, 172, 24, 5, 240, 29, 156, 73,
       16, 242, 51, 189, 90, 87, 40, 251, 63, 154, 252, 238, 63, 253,
       189, 124, 63, 252, 214, 245, 189, 127, 249, 213, 255, 246, 97,
       107, 245, 118, 195, 115, 109, 255, 225, 127, 126, 91, 245, 239,
       215, 100, 87, 186, 87, 122, 233, 116, 116, 93, 122, 47, 213, 21,
       245, 111, 153, 172, 24, 5, 240, 29, 157, 73, 16, 242, 51, 189, 90,
       87, 32, 250, 54, 241, 125, 158, 55, 149, 223, 120, 231, 198, 149,
       250, 253, 126, 180, 86, 242, 215, 66, 115, 151, 54, 193, 230, 205,
       246, 245, 125, 82, 158, 213, 105, 223, 44, 85, 158, 90, 120, 235,
       117, 112, 92, 57, 47, 213, 52, 245, 111, 153, 172, 24, 5, 240, 29,
       156, 73, 16, 242, 51, 189, 88, 87, 32, 250, 45, 39, 253, 170, 18,
       61, 161, 119, 245, 222, 70, 181, 93, 63, 185, 70, 234, 220, 67,
       97, 245, 116, 193, 247, 93, 168, 164, 137, 122, 204, 49, 233, 215,
       36, 85, 186, 83, 122, 201, 124, 120, 92, 56, 47, 212, 20, 247,
       111, 153, 172, 24, 5, 240, 29, 156, 73, 16, 242, 51, 189, 88, 87,
       32, 250, 68, 34, 227, 177, 88, 194, 41, 238, 128, 166, 193, 52,
       67, 197, 147, 66, 234, 69, 35, 98, 139, 133, 206, 27, 14, 202,
       190, 15, 82, 13, 51, 79, 119, 39, 21, 187, 16, 252, 101, 86, 16,
       64, 24, 46, 79, 12, 65, 187, 25, 44, 24, 21, 112, 28, 148, 73,
       144, 242, 49, 157, 76, 86, 32, 246, 63, 213, 124, 150, 55, 157,
       31, 72, 167, 71, 189, 250, 189, 42, 244, 87, 242, 247, 6, 245, 3,
       114, 145, 118, 76, 150, 225, 121, 82, 62, 244, 41, 210, 44, 86,
       158, 66, 120, 129, 220, 114, 219, 60, 45, 208, 20, 244, 14, 153,
       172, 16, 5, 106, 29, 159, 73, 24, 242, 51, 189, 88, 87, 32, 250,
       69, 3, 1, 16, 192, 130, 34, 64, 0, 2, 3, 4, 0, 65, 128, 1, 98, 77,
       1, 100, 66, 41, 128, 66, 12, 138, 42, 12, 144, 8, 33, 9, 114, 39,
       84, 155, 0, 96, 5, 196, 128, 64, 24, 10, 65, 12, 193, 78, 25, 36,
       16, 4, 97, 24, 140, 73, 16, 114, 51, 188, 72, 86, 32, 241, 191,
       247, 125, 134, 55, 29, 31, 89, 230, 71, 185, 114, 253, 123, 180,
       85, 242, 247, 6, 113, 81, 114, 145, 118, 220, 150, 229, 57, 114,
       24, 245, 41, 214, 44, 86, 190, 74, 120, 161, 244, 116, 94, 56, 47,
       208, 20, 244, 79, 153, 172, 24, 5, 240, 29, 156, 73, 16, 242, 51,
       189, 88, 87, 32, 250 ]
