%YAML:1.0
descriptors: !!opencv-matrix
   rows: 15
   cols: 64
   dt: u
   data: [ 60, 50, 117, 162, 190, 189, 35, 121, 244, 124, 210, 55, 253,
       63, 249, 101, 242, 244, 67, 96, 241, 98, 153, 116, 92, 168, 172,
       137, 250, 220, 121, 251, 112, 36, 86, 186, 82, 114, 129, 252, 220,
       84, 24, 14, 64, 167, 192, 77, 153, 45, 24, 4, 242, 29, 143, 73,
       16, 242, 51, 188, 90, 22, 34, 248, 63, 53, 252, 182, 55, 39, 93,
       126, 246, 70, 245, 176, 63, 234, 182, 94, 242, 214, 3, 101, 113,
       178, 229, 55, 76, 170, 224, 25, 83, 28, 252, 105, 240, 36, 20,
       190, 66, 112, 129, 244, 210, 202, 28, 14, 208, 20, 193, 78, 153,
       172, 26, 5, 112, 28, 149, 73, 16, 242, 51, 156, 88, 86, 34, 249,
       63, 21, 252, 158, 23, 7, 25, 126, 38, 68, 149, 48, 61, 170, 180,
       86, 242, 214, 1, 96, 65, 34, 229, 51, 76, 136, 224, 9, 83, 12,
       240, 105, 240, 36, 20, 186, 82, 112, 129, 244, 82, 74, 24, 14,
       208, 20, 193, 78, 153, 172, 24, 5, 112, 28, 156, 73, 16, 242, 51,
       188, 88, 86, 34, 249, 69, 32, 65, 177, 152, 160, 33, 76, 4, 102,
       67, 52, 193, 139, 147, 66, 226, 212, 1, 96, 137, 128, 142, 56, 76,
       136, 168, 11, 210, 9, 49, 111, 113, 36, 84, 186, 66, 112, 33, 214,
       144, 64, 24, 14, 64, 20, 192, 21, 153, 44, 16, 4, 112, 28, 148,
       73, 16, 242, 33, 188, 88, 86, 32, 241, 243, 253, 227, 214, 215, 6,
       85, 202, 247, 69, 189, 251, 191, 235, 166, 95, 227, 245, 60, 39,
       14, 175, 160, 103, 110, 223, 51, 47, 147, 11, 82, 45, 146, 39, 52,
       219, 66, 125, 119, 244, 115, 234, 172, 123, 153, 28, 125, 150,
       197, 164, 82, 148, 73, 58, 166, 235, 88, 252, 112, 31, 92, 84,
       177, 187, 197, 43, 211, 212, 208, 2, 97, 74, 32, 0, 3, 22, 67,
       225, 130, 0, 226, 196, 37, 102, 70, 172, 160, 51, 78, 138, 162, 9,
       144, 8, 48, 9, 114, 38, 84, 154, 64, 118, 67, 212, 128, 96, 24,
       78, 200, 12, 193, 206, 137, 36, 80, 4, 96, 30, 132, 73, 16, 112,
       49, 189, 72, 70, 33, 248, 255, 252, 255, 255, 255, 191, 223, 249,
       255, 127, 253, 251, 255, 123, 246, 125, 243, 247, 127, 119, 253,
       255, 179, 124, 254, 255, 255, 191, 255, 123, 127, 191, 247, 109,
       158, 255, 222, 117, 253, 247, 91, 223, 255, 63, 209, 31, 253, 21,
       157, 189, 26, 13, 232, 191, 159, 125, 88, 246, 113, 159, 255, 223,
       62, 189, 3, 7, 0, 0, 1, 0, 4, 67, 32, 0, 3, 0, 0, 1, 1, 3, 128,
       84, 1, 96, 192, 34, 128, 98, 76, 128, 132, 8, 18, 8, 17, 72, 208,
       36, 85, 186, 82, 104, 1, 68, 112, 80, 24, 15, 212, 20, 228, 78,
       25, 172, 24, 5, 240, 29, 156, 73, 16, 242, 51, 188, 72, 86, 32,
       248, 199, 6, 195, 131, 217, 130, 3, 72, 140, 107, 2, 127, 131,
       203, 130, 5, 66, 85, 57, 100, 200, 133, 202, 105, 78, 200, 24, 39,
       146, 9, 33, 79, 87, 165, 84, 187, 80, 253, 37, 86, 64, 64, 8, 11,
       65, 28, 233, 145, 25, 44, 24, 36, 245, 124, 156, 235, 80, 120, 51,
       189, 72, 87, 48, 248, 63, 245, 125, 158, 55, 61, 29, 126, 247, 70,
       181, 248, 125, 107, 180, 95, 242, 244, 7, 97, 81, 34, 241, 55, 76,
       171, 165, 9, 83, 24, 112, 41, 214, 36, 20, 190, 82, 120, 129, 244,
       82, 222, 56, 47, 208, 20, 245, 78, 153, 172, 24, 5, 240, 29, 157,
       73, 16, 242, 51, 189, 88, 86, 34, 251, 22, 49, 17, 148, 16, 0, 0,
       110, 198, 0, 211, 52, 97, 2, 144, 82, 226, 212, 3, 64, 65, 34,
       193, 23, 76, 136, 164, 9, 82, 12, 48, 40, 64, 36, 84, 186, 82,
       120, 129, 84, 208, 80, 16, 14, 192, 20, 161, 78, 153, 172, 24, 5,
       240, 29, 156, 65, 16, 242, 51, 188, 88, 86, 32, 248, 69, 3, 17,
       144, 193, 2, 2, 74, 2, 0, 2, 6, 0, 64, 129, 1, 98, 69, 1, 68, 66,
       160, 136, 66, 14, 144, 56, 73, 144, 8, 0, 9, 82, 38, 84, 154, 0,
       114, 7, 68, 128, 64, 24, 2, 64, 12, 64, 132, 1, 36, 16, 4, 48, 26,
       132, 75, 16, 112, 33, 60, 72, 6, 32, 248, 71, 6, 129, 16, 89, 2,
       10, 78, 2, 34, 3, 52, 0, 194, 131, 3, 74, 69, 0, 66, 138, 173,
       202, 11, 14, 194, 186, 15, 18, 9, 33, 79, 67, 167, 85, 59, 0, 188,
       103, 86, 0, 96, 64, 200, 3, 8, 33, 139, 16, 108, 16, 4, 37, 24,
       148, 3, 128, 42, 161, 185, 200, 20, 49, 246, 63, 241, 125, 254,
       63, 181, 223, 120, 246, 222, 253, 254, 253, 126, 180, 117, 243,
       214, 67, 99, 229, 50, 195, 118, 205, 254, 245, 123, 83, 30, 247,
       235, 215, 36, 85, 190, 82, 120, 233, 117, 114, 94, 56, 47, 212,
       20, 245, 111, 153, 172, 24, 5, 240, 29, 156, 73, 16, 242, 51, 189,
       88, 87, 34, 251, 195, 14, 143, 209, 238, 151, 83, 116, 170, 119,
       21, 78, 155, 249, 54, 11, 232, 213, 57, 103, 206, 141, 202, 121,
       14, 250, 190, 46, 208, 9, 51, 47, 215, 167, 84, 59, 82, 253, 247,
       118, 80, 124, 232, 15, 217, 28, 237, 179, 221, 204, 24, 181, 245,
       253, 156, 235, 81, 254, 179, 191, 216, 85, 16, 255 ]
