%YAML:1.0
descriptors: !!opencv-matrix
   rows: 9
   cols: 64
   dt: u
   data: [ 63, 182, 252, 230, 63, 253, 157, 124, 127, 252, 222, 245, 253,
       127, 185, 85, 255, 246, 65, 243, 245, 112, 195, 115, 205, 255,
       224, 127, 126, 95, 245, 239, 215, 36, 85, 186, 94, 120, 233, 124,
       116, 93, 122, 47, 213, 21, 247, 111, 153, 172, 24, 5, 242, 29,
       156, 73, 16, 242, 51, 189, 90, 87, 32, 250, 63, 182, 125, 167, 62,
       189, 187, 121, 254, 254, 215, 247, 253, 127, 249, 85, 246, 255,
       67, 99, 245, 98, 211, 246, 221, 254, 245, 255, 126, 94, 247, 235,
       215, 44, 85, 190, 91, 122, 233, 124, 120, 92, 56, 47, 213, 53,
       247, 111, 153, 172, 24, 5, 240, 29, 156, 73, 16, 242, 51, 189, 88,
       87, 32, 250, 63, 241, 125, 254, 55, 189, 255, 120, 247, 255, 213,
       250, 253, 126, 180, 87, 251, 247, 67, 99, 245, 118, 195, 118, 205,
       254, 245, 255, 82, 222, 245, 235, 215, 44, 87, 190, 210, 120, 233,
       125, 120, 95, 57, 47, 213, 21, 245, 111, 153, 172, 24, 5, 240, 29,
       156, 73, 16, 242, 51, 189, 88, 87, 32, 250, 61, 182, 117, 167,
       254, 189, 175, 120, 252, 125, 242, 113, 253, 123, 249, 213, 242,
       212, 7, 96, 225, 96, 131, 116, 76, 136, 164, 155, 254, 12, 121,
       251, 245, 36, 84, 186, 83, 114, 161, 244, 222, 94, 24, 14, 208,
       23, 210, 77, 153, 172, 24, 5, 240, 29, 157, 73, 16, 242, 51, 188,
       88, 87, 34, 249, 44, 43, 253, 170, 18, 125, 161, 119, 244, 222,
       66, 149, 93, 63, 185, 70, 235, 220, 67, 96, 245, 36, 193, 247, 93,
       168, 164, 137, 90, 140, 48, 233, 215, 36, 85, 186, 83, 122, 201,
       124, 120, 92, 56, 47, 84, 20, 247, 111, 153, 172, 24, 5, 240, 29,
       156, 73, 16, 242, 51, 189, 88, 87, 32, 250, 63, 85, 124, 148, 55,
       157, 31, 72, 166, 71, 185, 242, 253, 40, 180, 87, 246, 245, 6,
       245, 3, 114, 145, 102, 76, 150, 225, 121, 82, 60, 244, 41, 210,
       44, 86, 158, 66, 120, 129, 212, 50, 218, 60, 45, 208, 20, 244, 14,
       153, 172, 16, 5, 96, 29, 156, 73, 24, 242, 51, 189, 88, 86, 32,
       250, 122, 57, 155, 214, 38, 19, 88, 39, 87, 130, 85, 180, 63, 194,
       52, 90, 118, 146, 116, 159, 7, 189, 225, 135, 185, 2, 230, 93, 67,
       248, 212, 168, 194, 62, 36, 254, 206, 92, 210, 245, 210, 219, 181,
       104, 186, 52, 129, 110, 215, 170, 139, 199, 122, 25, 60, 89, 81,
       243, 123, 251, 121, 56, 195, 235, 137, 138, 2, 33, 237, 240, 162,
       144, 56, 187, 194, 79, 128, 17, 75, 161, 12, 233, 157, 154, 232,
       5, 14, 216, 35, 88, 25, 230, 220, 71, 35, 214, 125, 209, 217, 33,
       117, 139, 236, 35, 205, 20, 74, 28, 65, 195, 218, 49, 188, 91, 28,
       37, 213, 231, 200, 234, 87, 205, 150, 132, 198, 27, 84, 30, 255,
       121, 255, 254, 55, 55, 89, 126, 247, 196, 213, 176, 127, 250, 182,
       94, 242, 215, 51, 103, 103, 151, 225, 55, 207, 138, 228, 29, 83,
       24, 124, 233, 210, 44, 20, 254, 82, 120, 193, 244, 82, 223, 60,
       47, 216, 20, 225, 110, 153, 172, 26, 5, 240, 29, 156, 73, 16, 242,
       59, 189, 88, 86, 34, 251 ]
