%YAML:1.0
descriptors: !!opencv-matrix
   rows: 12
   cols: 64
   dt: u
   data: [ 50, 33, 104, 130, 23, 1, 1, 47, 198, 2, 146, 52, 49, 14, 177,
       86, 114, 22, 67, 212, 81, 146, 145, 6, 20, 128, 228, 9, 146, 152,
       16, 40, 72, 44, 7, 190, 90, 48, 1, 92, 16, 64, 20, 10, 64, 116,
       128, 76, 153, 44, 152, 0, 114, 24, 140, 81, 16, 114, 35, 184, 24,
       22, 32, 248, 35, 23, 64, 2, 221, 128, 7, 24, 102, 64, 2, 115, 172,
       91, 128, 85, 98, 215, 5, 112, 193, 46, 137, 102, 70, 138, 32, 9,
       146, 8, 1, 41, 214, 38, 84, 186, 82, 112, 1, 212, 81, 80, 24, 15,
       64, 16, 193, 71, 153, 36, 24, 4, 240, 28, 140, 73, 16, 114, 51,
       189, 88, 87, 32, 248, 63, 21, 252, 158, 55, 39, 29, 126, 54, 70,
       213, 176, 61, 234, 180, 86, 246, 214, 1, 100, 65, 32, 229, 51, 76,
       138, 224, 73, 83, 28, 240, 105, 240, 36, 20, 186, 82, 112, 129,
       244, 210, 74, 24, 14, 208, 20, 193, 78, 153, 172, 26, 5, 112, 29,
       157, 73, 16, 242, 51, 188, 88, 86, 34, 249, 70, 36, 195, 17, 216,
       134, 2, 197, 130, 35, 1, 22, 130, 199, 147, 67, 194, 85, 57, 102,
       202, 175, 202, 43, 78, 194, 158, 47, 146, 8, 19, 78, 87, 39, 85,
       187, 2, 124, 103, 86, 0, 96, 8, 10, 77, 28, 201, 147, 25, 44, 24,
       4, 49, 24, 156, 75, 16, 104, 49, 189, 72, 84, 48, 248, 196, 11,
       195, 81, 216, 130, 66, 199, 8, 33, 3, 30, 210, 196, 131, 74, 194,
       85, 57, 102, 206, 173, 202, 43, 78, 202, 158, 47, 146, 8, 50, 14,
       215, 39, 85, 187, 80, 124, 103, 86, 48, 112, 8, 15, 93, 28, 237,
       179, 25, 172, 24, 5, 209, 93, 156, 75, 16, 248, 49, 189, 72, 84,
       49, 250, 125, 190, 255, 249, 54, 127, 177, 254, 253, 254, 254,
       189, 125, 191, 251, 238, 235, 220, 251, 107, 253, 195, 230, 183,
       93, 237, 188, 179, 127, 95, 123, 251, 245, 36, 85, 250, 86, 122,
       233, 124, 248, 92, 58, 62, 213, 167, 245, 109, 153, 173, 30, 5,
       240, 29, 157, 77, 16, 242, 59, 189, 90, 87, 32, 250, 109, 38, 247,
       177, 17, 103, 161, 255, 212, 252, 198, 53, 113, 190, 187, 70, 234,
       212, 3, 98, 225, 131, 198, 55, 76, 136, 180, 9, 82, 12, 51, 235,
       245, 36, 85, 186, 82, 120, 201, 116, 120, 84, 24, 14, 213, 20,
       193, 108, 153, 172, 24, 5, 240, 29, 156, 73, 16, 242, 51, 189, 88,
       87, 32, 250, 66, 3, 173, 144, 6, 151, 10, 37, 132, 230, 17, 4, 25,
       32, 19, 6, 8, 80, 65, 224, 216, 51, 194, 163, 24, 128, 132, 4, 0,
       144, 49, 72, 71, 44, 3, 170, 90, 104, 0, 64, 48, 64, 16, 142, 208,
       52, 193, 79, 27, 172, 24, 1, 240, 25, 156, 89, 16, 98, 51, 157,
       72, 86, 40, 250, 3, 69, 8, 138, 3, 128, 14, 1, 39, 66, 41, 0, 24,
       41, 36, 22, 4, 50, 0, 148, 2, 112, 17, 34, 80, 128, 128, 72, 2,
       176, 137, 1, 144, 20, 18, 0, 2, 64, 2, 72, 38, 138, 12, 137, 20,
       28, 228, 14, 17, 130, 16, 4, 36, 0, 242, 155, 25, 99, 56, 20, 16,
       208, 10, 97, 199, 3, 0, 2, 217, 2, 6, 10, 2, 1, 0, 98, 130, 195,
       134, 1, 66, 5, 5, 68, 74, 132, 136, 64, 6, 144, 25, 9, 146, 8, 0,
       8, 18, 39, 84, 154, 0, 48, 7, 198, 0, 64, 24, 139, 65, 24, 36,
       132, 0, 36, 16, 0, 1, 26, 132, 3, 16, 112, 32, 28, 12, 84, 32,
       120, 3, 2, 0, 2, 137, 128, 130, 0, 2, 0, 34, 70, 128, 3, 1, 33,
       64, 32, 4, 128, 64, 0, 8, 64, 0, 128, 8, 0, 130, 10, 1, 16, 48,
       132, 72, 0, 32, 0, 1, 130, 129, 0, 8, 128, 0, 64, 128, 0, 0, 12,
       16, 0, 20, 0, 0, 33, 0, 64, 0, 4, 0, 2, 32, 32, 69, 0, 129, 16,
       72, 130, 34, 70, 0, 32, 2, 4, 80, 64, 3, 2, 64, 9, 3, 68, 192, 33,
       74, 131, 12, 136, 140, 12, 0, 4, 33, 66, 87, 36, 65, 170, 16, 40,
       5, 64, 48, 0, 24, 14, 65, 92, 129, 79, 25, 44, 24, 5, 113, 28,
       156, 73, 16, 98, 51, 189, 72, 86, 32, 250 ]
