%YAML:1.0
descriptors: !!opencv-matrix
   rows: 15
   cols: 64
   dt: u
   data: [ 45, 63, 247, 250, 95, 119, 37, 126, 244, 124, 198, 53, 109,
       255, 187, 69, 235, 244, 99, 98, 245, 47, 211, 55, 78, 235, 180,
       141, 90, 12, 51, 235, 215, 38, 85, 186, 82, 112, 233, 116, 120,
       92, 24, 47, 213, 21, 245, 111, 153, 172, 24, 5, 240, 29, 156, 73,
       16, 242, 51, 189, 88, 87, 32, 250, 252, 59, 247, 182, 223, 35, 33,
       218, 244, 125, 194, 115, 231, 202, 178, 81, 226, 213, 39, 102, 77,
       173, 129, 119, 78, 138, 160, 15, 210, 12, 48, 251, 243, 36, 84,
       186, 82, 120, 193, 244, 208, 92, 24, 14, 201, 20, 193, 79, 153,
       172, 24, 5, 240, 29, 156, 73, 16, 242, 51, 189, 88, 86, 32, 248,
       254, 249, 251, 255, 247, 103, 95, 218, 255, 71, 253, 250, 191,
       206, 246, 93, 251, 215, 63, 119, 47, 143, 163, 119, 238, 223, 251,
       63, 211, 59, 118, 185, 210, 37, 60, 223, 66, 125, 253, 245, 115,
       202, 61, 127, 223, 28, 253, 62, 205, 164, 18, 133, 104, 62, 148,
       75, 208, 246, 49, 191, 92, 87, 50, 187, 237, 238, 239, 233, 248,
       247, 239, 253, 253, 255, 234, 255, 207, 253, 251, 237, 203, 253,
       255, 110, 253, 207, 190, 252, 127, 255, 63, 183, 253, 223, 123,
       159, 119, 199, 95, 91, 84, 247, 253, 62, 125, 116, 234, 190, 95,
       170, 125, 177, 253, 221, 94, 177, 221, 255, 140, 255, 212, 236,
       225, 47, 222, 221, 57, 182, 62, 241, 125, 254, 62, 189, 253, 121,
       247, 255, 221, 251, 253, 127, 180, 87, 242, 255, 99, 99, 245, 118,
       211, 247, 253, 254, 229, 255, 122, 223, 245, 235, 215, 44, 87,
       190, 219, 120, 249, 125, 120, 95, 125, 47, 212, 53, 247, 111, 153,
       172, 24, 5, 240, 29, 156, 77, 24, 242, 51, 189, 90, 87, 32, 250,
       252, 174, 247, 171, 250, 247, 175, 237, 253, 255, 74, 127, 221,
       47, 251, 228, 235, 213, 153, 98, 252, 213, 206, 120, 127, 204, 60,
       39, 222, 203, 59, 255, 117, 229, 93, 123, 84, 247, 237, 118, 117,
       84, 72, 62, 71, 142, 253, 177, 157, 44, 28, 37, 215, 255, 156,
       235, 208, 252, 169, 173, 222, 79, 48, 246, 67, 4, 0, 54, 9, 0, 8,
       12, 2, 34, 17, 4, 32, 192, 2, 18, 102, 22, 1, 64, 200, 160, 202,
       42, 76, 136, 160, 11, 18, 33, 33, 111, 211, 164, 84, 58, 67, 104,
       33, 198, 128, 72, 8, 8, 208, 20, 225, 79, 153, 172, 24, 5, 116,
       28, 156, 73, 16, 242, 51, 188, 88, 86, 32, 249, 63, 182, 125, 134,
       63, 157, 157, 88, 230, 84, 151, 116, 253, 127, 176, 85, 246, 246,
       3, 112, 193, 114, 211, 118, 204, 184, 224, 89, 114, 24, 245, 105,
       215, 44, 87, 190, 90, 120, 233, 124, 116, 93, 56, 47, 212, 20,
       245, 111, 153, 172, 24, 5, 240, 29, 156, 73, 16, 242, 51, 189, 88,
       87, 32, 250, 3, 197, 8, 136, 7, 157, 31, 8, 167, 70, 37, 138, 153,
       40, 52, 7, 128, 117, 4, 101, 2, 114, 144, 96, 76, 148, 129, 56,
       18, 58, 20, 9, 210, 52, 146, 138, 66, 104, 2, 128, 50, 202, 60,
       41, 146, 28, 244, 14, 17, 168, 16, 4, 40, 25, 148, 8, 24, 98, 48,
       60, 88, 214, 34, 187, 251, 252, 255, 253, 255, 255, 255, 248, 255,
       127, 253, 251, 255, 249, 254, 253, 243, 245, 127, 127, 124, 223,
       182, 125, 255, 255, 255, 191, 255, 223, 126, 191, 243, 109, 30,
       255, 210, 117, 253, 253, 251, 223, 127, 63, 221, 159, 253, 181,
       141, 173, 30, 133, 248, 191, 159, 125, 216, 244, 121, 157, 223,
       159, 58, 185, 44, 34, 229, 168, 18, 119, 161, 127, 245, 252, 198,
       53, 93, 63, 187, 230, 235, 220, 195, 96, 241, 64, 220, 183, 93,
       169, 12, 129, 121, 204, 59, 203, 221, 36, 87, 186, 86, 114, 9,
       124, 124, 85, 56, 46, 84, 181, 102, 236, 153, 44, 24, 4, 242, 29,
       156, 73, 16, 226, 35, 188, 90, 71, 32, 250, 255, 252, 127, 239,
       255, 253, 223, 249, 255, 127, 253, 251, 255, 123, 246, 253, 251,
       247, 127, 123, 127, 223, 191, 124, 239, 255, 255, 59, 255, 123,
       127, 191, 215, 237, 222, 223, 218, 117, 249, 247, 223, 223, 127,
       63, 217, 31, 252, 21, 141, 189, 22, 5, 232, 191, 159, 109, 216,
       244, 113, 191, 255, 223, 42, 189, 197, 3, 211, 214, 217, 130, 107,
       74, 2, 1, 1, 115, 162, 203, 128, 17, 98, 85, 36, 70, 198, 45, 130,
       99, 14, 218, 178, 15, 146, 40, 0, 13, 22, 39, 84, 155, 0, 124, 87,
       84, 65, 96, 152, 67, 233, 28, 201, 143, 64, 36, 16, 52, 97, 58,
       156, 75, 17, 58, 50, 143, 72, 69, 177, 248, 243, 221, 202, 95,
       207, 202, 215, 138, 127, 97, 60, 235, 190, 254, 102, 93, 255, 183,
       60, 151, 206, 175, 187, 111, 98, 223, 123, 47, 243, 27, 210, 39,
       151, 175, 20, 87, 98, 93, 255, 254, 115, 255, 236, 123, 221, 92,
       253, 183, 197, 132, 24, 212, 253, 231, 156, 235, 81, 252, 240, 63,
       24, 125, 145, 218, 124, 62, 127, 185, 54, 125, 33, 253, 253, 254,
       202, 53, 125, 188, 251, 231, 227, 212, 67, 98, 125, 144, 212, 52,
       93, 168, 164, 137, 210, 94, 59, 251, 224, 36, 85, 186, 82, 114,
       129, 116, 240, 85, 24, 62, 84, 134, 192, 108, 153, 44, 28, 5, 242,
       29, 157, 73, 16, 242, 59, 188, 88, 86, 32, 240 ]
