%YAML:1.0
descriptors: !!opencv-matrix
   rows: 14
   cols: 64
   dt: u
   data: [ 62, 245, 252, 190, 55, 189, 221, 59, 247, 254, 213, 241, 61,
       122, 189, 95, 254, 246, 99, 243, 245, 38, 209, 119, 221, 191, 225,
       127, 90, 93, 245, 235, 207, 44, 87, 190, 219, 120, 233, 117, 120,
       94, 56, 175, 212, 21, 247, 111, 153, 172, 24, 5, 240, 29, 156, 73,
       16, 242, 51, 189, 90, 87, 32, 251, 63, 186, 236, 254, 63, 253,
       157, 62, 247, 254, 214, 245, 189, 127, 61, 85, 253, 246, 99, 243,
       245, 102, 195, 119, 205, 255, 245, 127, 126, 95, 241, 235, 215,
       44, 85, 190, 91, 120, 233, 116, 120, 92, 58, 47, 213, 53, 247,
       111, 153, 172, 24, 5, 240, 29, 156, 73, 16, 242, 51, 189, 88, 87,
       32, 250, 126, 116, 121, 158, 219, 133, 31, 73, 230, 103, 185, 58,
       253, 110, 180, 84, 242, 215, 7, 96, 203, 162, 131, 108, 220, 222,
       245, 47, 210, 155, 115, 107, 211, 36, 85, 190, 66, 120, 233, 118,
       112, 88, 60, 47, 213, 20, 245, 15, 153, 172, 16, 5, 240, 29, 156,
       73, 16, 242, 51, 189, 88, 87, 32, 250, 255, 48, 247, 181, 222,
       231, 43, 252, 198, 239, 209, 62, 239, 138, 147, 119, 226, 213, 3,
       98, 201, 131, 238, 60, 78, 200, 172, 47, 210, 12, 51, 111, 117,
       37, 84, 187, 82, 112, 165, 214, 80, 72, 24, 14, 193, 28, 201, 29,
       153, 172, 24, 5, 240, 28, 156, 73, 144, 242, 51, 188, 92, 86, 32,
       248, 252, 42, 247, 249, 248, 255, 163, 245, 249, 255, 202, 191,
       215, 181, 219, 234, 235, 221, 251, 110, 253, 141, 206, 185, 79,
       237, 190, 167, 205, 207, 58, 159, 117, 7, 117, 251, 84, 255, 253,
       116, 252, 84, 120, 54, 79, 175, 107, 177, 157, 173, 126, 181, 209,
       191, 156, 76, 196, 236, 43, 253, 92, 71, 33, 246, 242, 248, 123,
       207, 254, 221, 219, 137, 223, 255, 31, 254, 191, 126, 126, 252,
       253, 147, 60, 191, 207, 119, 155, 108, 253, 215, 255, 127, 142,
       251, 215, 63, 135, 253, 79, 87, 254, 255, 254, 127, 113, 221, 229,
       121, 183, 28, 253, 55, 215, 223, 145, 239, 254, 229, 252, 251, 80,
       255, 240, 125, 247, 249, 248, 190, 45, 47, 245, 138, 16, 125, 161,
       127, 244, 212, 198, 181, 125, 63, 185, 70, 235, 220, 67, 96, 245,
       36, 193, 247, 89, 40, 164, 136, 120, 140, 48, 233, 223, 36, 85,
       186, 83, 122, 201, 124, 120, 92, 56, 47, 84, 53, 247, 111, 153,
       172, 24, 5, 240, 29, 156, 73, 16, 242, 51, 189, 88, 87, 32, 250,
       69, 1, 131, 208, 200, 134, 99, 78, 128, 102, 2, 20, 131, 229, 147,
       0, 194, 85, 57, 102, 206, 45, 194, 99, 78, 202, 162, 13, 16, 8,
       48, 9, 87, 39, 85, 187, 16, 124, 71, 84, 80, 96, 24, 14, 65, 28,
       193, 207, 25, 44, 24, 4, 241, 92, 156, 75, 16, 250, 51, 189, 72,
       87, 33, 248, 63, 213, 124, 148, 55, 157, 31, 72, 167, 71, 185,
       242, 253, 40, 244, 87, 246, 245, 6, 245, 3, 114, 145, 118, 76,
       150, 225, 121, 82, 62, 244, 41, 210, 44, 86, 158, 66, 120, 129,
       212, 50, 218, 60, 45, 212, 20, 244, 14, 153, 172, 16, 5, 96, 29,
       159, 73, 24, 242, 51, 189, 88, 86, 32, 250, 0, 10, 167, 136, 2,
       95, 129, 255, 149, 220, 14, 21, 81, 60, 187, 228, 139, 84, 193,
       32, 208, 16, 204, 161, 89, 161, 12, 0, 40, 200, 26, 75, 253, 36,
       81, 184, 84, 114, 9, 60, 240, 85, 24, 38, 68, 166, 96, 232, 25,
       44, 221, 4, 147, 29, 156, 8, 0, 96, 42, 188, 72, 71, 32, 250, 252,
       251, 255, 255, 254, 127, 251, 255, 253, 253, 254, 191, 255, 255,
       251, 254, 251, 213, 127, 111, 125, 223, 231, 189, 255, 255, 255,
       191, 255, 223, 126, 191, 243, 111, 119, 255, 214, 127, 253, 253,
       255, 93, 251, 62, 223, 175, 255, 181, 207, 173, 223, 189, 251,
       191, 159, 93, 208, 252, 121, 255, 223, 14, 50, 254, 198, 32, 147,
       179, 88, 2, 11, 206, 2, 170, 1, 48, 17, 130, 131, 82, 106, 85, 1,
       64, 138, 129, 238, 8, 14, 129, 186, 15, 146, 9, 49, 111, 113, 165,
       20, 187, 0, 244, 37, 86, 32, 64, 8, 8, 3, 28, 65, 145, 89, 44, 88,
       5, 32, 26, 180, 75, 144, 112, 33, 56, 92, 84, 48, 242, 252, 251,
       255, 253, 246, 127, 249, 255, 253, 253, 254, 191, 127, 254, 251,
       254, 251, 221, 255, 111, 127, 223, 254, 191, 255, 255, 255, 187,
       255, 223, 126, 191, 251, 111, 255, 255, 214, 247, 253, 253, 255,
       255, 255, 126, 223, 175, 75, 180, 239, 189, 255, 253, 219, 191,
       135, 93, 244, 252, 105, 223, 223, 142, 191, 183, 191, 245, 125,
       142, 55, 53, 29, 94, 246, 70, 189, 240, 63, 171, 180, 93, 242,
       246, 7, 101, 65, 130, 177, 52, 78, 169, 229, 25, 211, 24, 120, 41,
       208, 44, 20, 190, 66, 112, 129, 244, 82, 218, 24, 15, 208, 20,
       196, 76, 153, 172, 26, 5, 112, 29, 157, 73, 16, 242, 51, 188, 88,
       86, 34, 249 ]
