%YAML:1.0
descriptors: !!opencv-matrix
   rows: 11
   cols: 64
   dt: u
   data: [ 61, 53, 125, 190, 23, 37, 49, 126, 116, 68, 213, 53, 125, 58,
       177, 86, 250, 212, 65, 96, 113, 32, 193, 51, 76, 168, 160, 25,
       114, 12, 124, 233, 208, 36, 21, 186, 82, 120, 129, 116, 80, 91,
       28, 14, 208, 20, 193, 78, 153, 172, 24, 5, 240, 28, 156, 73, 24,
       242, 51, 188, 88, 86, 34, 251, 60, 55, 117, 180, 18, 39, 37, 127,
       196, 196, 210, 53, 125, 46, 145, 70, 250, 212, 67, 96, 241, 34,
       192, 183, 28, 168, 164, 137, 82, 156, 112, 233, 68, 36, 85, 190,
       86, 120, 129, 92, 124, 85, 21, 174, 196, 37, 229, 110, 155, 172,
       153, 13, 242, 29, 156, 73, 0, 242, 51, 184, 88, 86, 32, 250, 63,
       50, 125, 162, 63, 181, 25, 120, 230, 94, 211, 48, 125, 59, 176,
       85, 242, 244, 67, 96, 241, 114, 129, 116, 76, 168, 228, 25, 122,
       28, 117, 233, 84, 36, 84, 190, 82, 112, 129, 84, 212, 92, 24, 15,
       208, 4, 192, 77, 153, 172, 24, 5, 242, 29, 157, 73, 24, 242, 51,
       188, 88, 87, 32, 248, 62, 48, 113, 166, 22, 7, 1, 111, 198, 0,
       211, 52, 113, 134, 145, 86, 250, 148, 67, 84, 1, 130, 197, 20,
       156, 136, 236, 137, 66, 156, 112, 232, 64, 44, 69, 190, 74, 114,
       1, 84, 152, 64, 20, 10, 64, 37, 128, 76, 153, 44, 16, 1, 114, 28,
       148, 65, 0, 242, 49, 184, 88, 6, 32, 240, 55, 52, 81, 134, 93,
       130, 15, 8, 230, 64, 17, 48, 173, 15, 128, 85, 226, 215, 1, 96,
       193, 39, 193, 103, 76, 216, 232, 13, 82, 8, 33, 105, 215, 36, 85,
       186, 82, 120, 161, 116, 112, 72, 24, 11, 213, 20, 245, 79, 153,
       172, 24, 5, 240, 28, 156, 73, 16, 242, 51, 189, 88, 87, 32, 250,
       5, 2, 1, 163, 216, 128, 34, 72, 0, 41, 2, 5, 128, 3, 128, 1, 2,
       69, 129, 96, 200, 1, 138, 104, 12, 136, 8, 7, 146, 8, 33, 79, 85,
       165, 84, 186, 32, 240, 5, 6, 65, 64, 8, 10, 64, 0, 72, 145, 8, 36,
       24, 36, 65, 24, 140, 40, 0, 32, 35, 188, 72, 71, 32, 240, 84, 32,
       144, 16, 0, 2, 42, 103, 2, 162, 67, 20, 80, 134, 153, 2, 12, 11,
       0, 194, 131, 33, 69, 131, 152, 0, 164, 204, 0, 140, 161, 66, 99,
       20, 69, 170, 25, 42, 128, 66, 128, 0, 21, 10, 103, 44, 131, 111,
       27, 108, 8, 3, 50, 25, 16, 65, 0, 99, 19, 177, 8, 2, 96, 98, 253,
       62, 239, 253, 62, 125, 253, 247, 189, 255, 254, 159, 223, 189,
       251, 238, 187, 252, 251, 107, 252, 215, 254, 189, 91, 109, 188,
       178, 125, 215, 127, 255, 253, 120, 119, 248, 215, 255, 249, 125,
       254, 93, 123, 62, 255, 167, 211, 121, 191, 173, 159, 141, 242, 31,
       159, 93, 180, 246, 123, 253, 255, 214, 40, 254, 195, 6, 0, 35,
       221, 162, 166, 8, 32, 57, 160, 107, 168, 75, 0, 5, 66, 45, 157,
       208, 233, 43, 27, 120, 70, 202, 11, 39, 222, 1, 33, 87, 63, 227,
       92, 49, 49, 128, 37, 166, 77, 98, 10, 203, 65, 73, 90, 147, 8, 85,
       24, 32, 69, 230, 143, 171, 26, 140, 167, 134, 128, 103, 180, 13,
       28, 177, 223, 158, 62, 115, 249, 126, 116, 254, 213, 245, 125,
       126, 179, 106, 251, 221, 97, 99, 245, 37, 193, 243, 201, 106, 160,
       142, 80, 204, 117, 235, 223, 36, 85, 186, 83, 120, 233, 116, 112,
       92, 56, 47, 213, 53, 247, 111, 153, 172, 24, 5, 240, 29, 156, 73,
       16, 242, 51, 189, 88, 87, 32, 250, 191, 253, 255, 253, 255, 189,
       255, 248, 253, 223, 245, 251, 255, 123, 246, 93, 250, 245, 127,
       123, 253, 127, 211, 127, 255, 255, 247, 191, 255, 95, 127, 171,
       223, 108, 158, 255, 222, 121, 249, 125, 122, 223, 251, 63, 213,
       53, 247, 127, 191, 189, 24, 13, 248, 189, 159, 93, 56, 246, 115,
       191, 251, 223, 46, 251 ]
