%YAML:1.0
descriptors: !!opencv-matrix
   rows: 26
   cols: 64
   dt: u
   data: [ 254, 253, 255, 255, 247, 255, 255, 255, 255, 223, 253, 251,
       255, 255, 254, 255, 255, 255, 255, 255, 127, 255, 247, 247, 255,
       255, 255, 255, 255, 255, 254, 185, 206, 127, 255, 255, 255, 127,
       255, 125, 123, 255, 255, 255, 255, 127, 255, 254, 255, 191, 255,
       255, 249, 255, 255, 255, 255, 255, 127, 255, 127, 255, 255, 250,
       60, 54, 125, 162, 63, 189, 57, 121, 244, 94, 210, 49, 125, 58,
       184, 85, 242, 212, 67, 96, 241, 114, 129, 116, 76, 168, 164, 153,
       122, 92, 125, 233, 85, 36, 84, 190, 82, 122, 129, 116, 220, 85,
       24, 14, 192, 5, 192, 79, 153, 172, 24, 5, 242, 29, 159, 73, 16,
       242, 51, 188, 88, 23, 32, 248, 55, 21, 124, 158, 55, 5, 25, 126,
       54, 68, 149, 52, 61, 43, 181, 87, 242, 244, 0, 96, 81, 32, 193,
       35, 76, 168, 160, 25, 114, 28, 120, 105, 214, 36, 20, 186, 82,
       120, 129, 116, 208, 90, 24, 14, 208, 20, 193, 78, 153, 172, 24, 5,
       240, 29, 156, 73, 24, 242, 51, 188, 88, 86, 34, 251, 53, 21, 92,
       22, 23, 5, 17, 118, 34, 68, 21, 52, 60, 43, 128, 86, 226, 212, 0,
       96, 193, 34, 193, 35, 76, 160, 160, 9, 18, 12, 80, 105, 214, 36,
       84, 186, 66, 120, 129, 84, 80, 88, 24, 15, 208, 20, 225, 78, 153,
       172, 24, 5, 112, 25, 156, 73, 16, 242, 51, 188, 88, 86, 32, 251,
       6, 32, 65, 128, 24, 0, 1, 78, 2, 34, 3, 52, 65, 130, 145, 82, 226,
       84, 1, 96, 137, 128, 200, 40, 12, 136, 168, 11, 82, 8, 49, 111,
       81, 36, 84, 186, 66, 112, 1, 86, 144, 64, 24, 10, 64, 20, 192, 77,
       153, 36, 16, 4, 96, 28, 148, 73, 16, 242, 49, 188, 88, 70, 32,
       241, 220, 184, 223, 151, 251, 99, 190, 254, 124, 185, 254, 127,
       255, 119, 179, 104, 251, 221, 121, 103, 197, 37, 195, 242, 74,
       111, 184, 190, 216, 78, 55, 235, 223, 37, 85, 186, 83, 120, 233,
       116, 112, 92, 56, 47, 213, 53, 247, 111, 153, 172, 24, 5, 240, 29,
       156, 73, 16, 242, 51, 189, 88, 87, 32, 250, 6, 3, 1, 146, 128, 4,
       0, 77, 130, 2, 3, 22, 17, 198, 147, 2, 74, 84, 1, 102, 74, 160,
       194, 2, 12, 146, 150, 9, 130, 8, 16, 8, 82, 38, 85, 186, 0, 112,
       67, 84, 32, 96, 16, 10, 68, 20, 193, 78, 17, 44, 24, 4, 48, 24,
       148, 73, 16, 96, 33, 189, 72, 86, 32, 242, 221, 189, 223, 63, 127,
       115, 190, 252, 120, 187, 252, 255, 254, 247, 171, 106, 239, 223,
       49, 247, 205, 165, 195, 242, 201, 79, 249, 238, 80, 6, 179, 106,
       223, 36, 85, 186, 91, 120, 233, 116, 112, 92, 56, 47, 213, 21,
       247, 111, 153, 172, 24, 5, 240, 29, 156, 73, 16, 242, 51, 189, 88,
       87, 32, 250, 4, 3, 195, 144, 0, 65, 5, 206, 32, 134, 11, 4, 19,
       164, 179, 66, 203, 84, 33, 103, 72, 128, 228, 35, 76, 141, 176, 9,
       16, 8, 50, 9, 80, 36, 85, 186, 80, 120, 65, 84, 112, 80, 56, 47,
       212, 20, 229, 110, 153, 172, 24, 5, 240, 29, 156, 73, 16, 242, 51,
       189, 72, 86, 32, 250, 199, 6, 195, 211, 217, 130, 7, 72, 160, 97,
       0, 58, 131, 203, 130, 13, 66, 85, 57, 102, 206, 173, 138, 107, 78,
       194, 26, 39, 146, 8, 1, 79, 87, 167, 84, 187, 0, 252, 103, 86, 64,
       96, 8, 203, 73, 24, 205, 147, 80, 36, 24, 4, 69, 120, 140, 171,
       16, 104, 49, 157, 72, 85, 49, 248, 191, 245, 125, 142, 254, 189,
       159, 120, 255, 87, 253, 250, 255, 123, 244, 93, 243, 213, 103, 97,
       117, 118, 129, 118, 238, 255, 245, 59, 243, 26, 119, 169, 214, 44,
       85, 190, 82, 120, 233, 116, 114, 222, 56, 47, 213, 20, 245, 111,
       153, 172, 24, 5, 240, 29, 156, 73, 16, 242, 51, 189, 88, 87, 32,
       251, 55, 51, 81, 162, 149, 36, 9, 88, 230, 70, 19, 50, 173, 75,
       144, 85, 226, 212, 1, 100, 65, 34, 129, 118, 76, 136, 164, 9, 210,
       8, 48, 41, 214, 36, 84, 186, 82, 112, 129, 84, 80, 92, 24, 15,
       208, 20, 192, 78, 153, 172, 24, 5, 240, 29, 156, 73, 16, 242, 51,
       188, 88, 86, 32, 248, 66, 1, 136, 26, 3, 128, 8, 7, 6, 162, 17, 2,
       144, 128, 35, 18, 76, 17, 0, 208, 138, 167, 195, 67, 12, 144, 176,
       8, 2, 136, 16, 0, 71, 44, 69, 186, 66, 104, 2, 66, 32, 72, 48, 8,
       149, 20, 129, 15, 145, 172, 24, 5, 48, 25, 156, 73, 16, 114, 51,
       189, 88, 85, 32, 226, 1, 7, 132, 128, 200, 140, 1, 70, 36, 68, 6,
       70, 136, 125, 18, 5, 66, 113, 1, 96, 192, 5, 210, 99, 90, 136, 16,
       0, 176, 0, 16, 65, 215, 36, 81, 186, 80, 72, 9, 72, 84, 20, 24,
       135, 65, 16, 229, 79, 25, 44, 24, 4, 240, 29, 156, 9, 16, 114, 51,
       189, 72, 87, 32, 250, 70, 2, 129, 1, 200, 130, 6, 65, 0, 34, 2, 6,
       128, 68, 131, 1, 66, 69, 1, 68, 200, 5, 10, 65, 14, 192, 156, 5,
       146, 8, 49, 8, 87, 36, 85, 186, 16, 120, 5, 68, 32, 64, 16, 10,
       69, 12, 129, 5, 25, 44, 24, 4, 113, 24, 156, 9, 16, 98, 51, 188,
       72, 87, 32, 240, 0, 1, 0, 2, 0, 0, 128, 2, 2, 128, 1, 68, 0, 1, 1,
       32, 4, 64, 4, 128, 0, 0, 164, 2, 8, 0, 0, 0, 0, 8, 0, 16, 112, 48,
       16, 128, 0, 0, 2, 128, 0, 32, 16, 138, 0, 0, 0, 76, 17, 40, 16, 1,
       16, 8, 0, 8, 1, 3, 2, 16, 64, 16, 0, 232, 3, 68, 8, 10, 1, 8, 4,
       6, 35, 66, 41, 128, 16, 43, 36, 23, 69, 50, 4, 192, 0, 194, 49,
       32, 80, 133, 129, 8, 19, 40, 0, 1, 144, 4, 18, 138, 2, 64, 0, 200,
       34, 202, 60, 41, 20, 80, 244, 76, 17, 168, 16, 4, 32, 25, 224, 9,
       24, 114, 32, 52, 24, 208, 32, 232, 50, 0, 1, 130, 2, 5, 7, 37,
       134, 102, 27, 20, 17, 6, 25, 118, 82, 82, 64, 64, 128, 146, 196,
       4, 24, 128, 172, 9, 2, 152, 17, 72, 96, 36, 71, 186, 2, 98, 1, 74,
       128, 64, 20, 8, 4, 6, 128, 76, 19, 44, 145, 0, 50, 25, 149, 81,
       128, 98, 43, 184, 72, 6, 42, 240, 69, 7, 0, 0, 73, 130, 35, 74,
       160, 0, 128, 33, 0, 73, 128, 1, 98, 45, 131, 68, 192, 39, 128, 99,
       70, 136, 8, 4, 16, 8, 33, 73, 94, 38, 20, 186, 0, 40, 5, 196, 196,
       64, 24, 131, 64, 80, 129, 79, 16, 36, 24, 0, 96, 24, 156, 1, 8,
       50, 19, 144, 8, 86, 32, 121, 68, 35, 97, 16, 216, 130, 3, 73, 192,
       32, 130, 54, 193, 97, 128, 0, 98, 69, 3, 102, 202, 41, 10, 66, 14,
       138, 6, 15, 130, 8, 33, 76, 87, 39, 68, 186, 0, 48, 69, 86, 4, 96,
       24, 143, 65, 24, 225, 71, 25, 36, 24, 0, 96, 24, 156, 9, 0, 114,
       19, 189, 72, 70, 32, 248, 69, 7, 228, 48, 221, 178, 39, 95, 36,
       64, 128, 98, 128, 89, 162, 5, 194, 125, 27, 100, 192, 39, 218,
       115, 6, 202, 8, 4, 208, 4, 33, 65, 223, 39, 22, 187, 82, 56, 5,
       116, 80, 64, 24, 143, 81, 89, 193, 79, 28, 44, 24, 4, 241, 124,
       156, 75, 16, 254, 51, 157, 72, 87, 48, 248, 114, 16, 25, 130, 78,
       130, 10, 13, 194, 34, 19, 0, 177, 2, 49, 83, 126, 215, 24, 68,
       192, 33, 195, 69, 140, 208, 172, 13, 18, 40, 49, 104, 69, 45, 85,
       191, 74, 120, 165, 86, 32, 64, 20, 9, 213, 28, 160, 79, 157, 172,
       24, 5, 49, 121, 156, 195, 80, 122, 51, 188, 88, 23, 48, 242, 97,
       7, 161, 130, 81, 130, 7, 94, 226, 64, 137, 4, 97, 13, 163, 3, 235,
       85, 25, 100, 192, 33, 194, 99, 76, 220, 184, 13, 18, 8, 17, 73,
       215, 37, 85, 187, 64, 120, 13, 84, 48, 80, 56, 47, 85, 28, 245,
       111, 157, 172, 24, 5, 241, 120, 156, 203, 80, 254, 51, 189, 88,
       87, 48, 250, 99, 4, 237, 2, 91, 151, 19, 78, 182, 68, 133, 6, 189,
       121, 163, 69, 98, 245, 27, 100, 192, 39, 194, 103, 12, 192, 172,
       13, 114, 8, 17, 105, 215, 37, 84, 187, 82, 122, 133, 116, 208, 94,
       24, 14, 209, 28, 193, 79, 157, 172, 24, 5, 241, 125, 156, 203, 80,
       254, 51, 189, 88, 87, 50, 251, 114, 50, 237, 146, 126, 147, 27,
       126, 230, 166, 145, 20, 237, 185, 17, 67, 234, 213, 27, 119, 200,
       37, 195, 127, 12, 218, 172, 15, 82, 9, 49, 107, 215, 45, 20, 187,
       90, 120, 37, 86, 80, 72, 24, 14, 209, 12, 193, 79, 157, 172, 24,
       5, 241, 120, 156, 203, 80, 254, 51, 157, 88, 87, 48, 250, 254,
       255, 127, 255, 247, 255, 255, 205, 255, 223, 255, 255, 255, 126,
       255, 255, 255, 255, 255, 255, 127, 251, 247, 126, 253, 255, 255,
       255, 255, 255, 255, 191, 198, 255, 127, 255, 255, 127, 255, 125,
       127, 255, 255, 255, 255, 223, 255, 126, 237, 191, 254, 111, 251,
