%YAML:1.0
descriptors: !!opencv-matrix
   rows: 10
   cols: 64
   dt: u
   data: [ 60, 48, 253, 182, 63, 55, 191, 126, 244, 190, 220, 115, 253,
       111, 178, 84, 251, 221, 99, 115, 245, 39, 195, 246, 204, 255, 245,
       191, 90, 92, 247, 235, 223, 44, 85, 190, 83, 120, 233, 116, 120,
       92, 56, 47, 213, 53, 247, 111, 153, 172, 24, 5, 240, 29, 156, 73,
       16, 242, 51, 189, 88, 87, 32, 250, 39, 53, 81, 146, 221, 130, 3,
       74, 230, 64, 0, 114, 161, 75, 164, 85, 226, 213, 5, 100, 195, 38,
       129, 103, 14, 154, 32, 13, 146, 8, 16, 41, 82, 38, 84, 154, 66,
       112, 5, 212, 128, 66, 24, 11, 64, 28, 225, 207, 145, 36, 16, 4,
       96, 24, 140, 73, 16, 114, 51, 189, 88, 87, 32, 249, 246, 49, 211,
       214, 223, 130, 65, 10, 198, 65, 20, 115, 175, 202, 132, 92, 242,
       215, 53, 119, 207, 47, 203, 103, 14, 154, 98, 47, 82, 8, 80, 45,
       151, 39, 52, 159, 66, 124, 119, 214, 81, 194, 152, 75, 201, 28,
       121, 135, 193, 36, 24, 4, 112, 24, 140, 75, 16, 242, 51, 187, 88,
       85, 176, 251, 60, 50, 117, 160, 190, 189, 35, 121, 228, 94, 210,
       52, 253, 59, 249, 69, 242, 212, 71, 96, 241, 0, 129, 116, 76, 168,
       172, 9, 210, 12, 121, 185, 112, 36, 84, 186, 82, 114, 129, 212,
       212, 84, 24, 14, 192, 134, 192, 77, 153, 45, 24, 5, 240, 29, 141,
       73, 16, 242, 51, 188, 88, 86, 32, 249, 68, 2, 1, 131, 201, 128,
       34, 72, 0, 32, 0, 23, 128, 3, 129, 0, 10, 69, 129, 64, 200, 1,
       138, 64, 12, 152, 24, 5, 146, 8, 1, 13, 85, 37, 20, 186, 0, 224,
       5, 6, 1, 64, 24, 2, 65, 4, 72, 1, 16, 36, 24, 32, 17, 24, 140, 8,
       0, 96, 35, 152, 72, 7, 32, 240, 67, 3, 128, 16, 200, 130, 6, 64,
       32, 38, 2, 66, 136, 101, 0, 1, 194, 69, 1, 98, 196, 39, 194, 115,
       78, 222, 164, 14, 18, 0, 33, 74, 215, 36, 85, 186, 82, 56, 233,
       100, 112, 84, 24, 175, 213, 16, 245, 79, 153, 172, 24, 1, 240, 29,
       156, 73, 16, 242, 51, 189, 88, 87, 32, 250, 124, 253, 255, 221,
       34, 255, 253, 115, 223, 253, 223, 223, 223, 252, 252, 254, 191,
       219, 254, 43, 183, 61, 211, 255, 251, 127, 247, 254, 108, 247,
       222, 239, 207, 251, 107, 53, 255, 223, 250, 127, 121, 189, 231,
       231, 191, 55, 255, 111, 255, 210, 169, 255, 254, 229, 187, 222,
       119, 223, 254, 235, 243, 125, 157, 222, 227, 128, 131, 3, 201,
       130, 135, 136, 206, 35, 8, 74, 179, 206, 38, 25, 99, 87, 60, 6,
       200, 7, 139, 77, 74, 214, 57, 47, 146, 11, 19, 111, 199, 167, 85,
       59, 82, 225, 111, 118, 96, 88, 0, 11, 213, 28, 189, 145, 153, 140,
       24, 5, 245, 25, 156, 227, 16, 248, 50, 61, 88, 85, 48, 248, 199,
       13, 131, 209, 216, 134, 67, 207, 130, 229, 1, 18, 131, 194, 146,
       10, 10, 85, 56, 103, 14, 173, 202, 35, 78, 194, 158, 47, 146, 8,
       18, 15, 83, 39, 52, 155, 0, 124, 103, 86, 0, 96, 168, 75, 137, 28,
       73, 147, 81, 36, 16, 180, 17, 90, 148, 170, 80, 104, 49, 57, 76,
       84, 49, 250, 68, 1, 147, 212, 64, 134, 110, 71, 128, 228, 1, 6,
       211, 196, 147, 2, 170, 93, 33, 102, 14, 173, 194, 3, 78, 202, 182,
       12, 0, 8, 48, 8, 67, 39, 85, 187, 0, 108, 71, 68, 48, 96, 16, 98,
       237, 28, 129, 174, 25, 172, 24, 21, 113, 88, 148, 67, 17, 122, 49,
       189, 72, 86, 33, 250 ]
