%YAML:1.0
descriptors: !!opencv-matrix
   rows: 6
   cols: 64
   dt: u
   data: [ 223, 51, 206, 183, 127, 243, 159, 176, 118, 189, 127, 119,
       191, 126, 51, 115, 249, 215, 33, 243, 229, 37, 195, 114, 77, 255,
       177, 63, 90, 78, 247, 235, 215, 44, 85, 186, 90, 120, 233, 116,
       112, 92, 56, 47, 213, 20, 245, 111, 153, 172, 24, 5, 240, 29, 156,
       73, 16, 242, 51, 189, 88, 87, 32, 250, 188, 178, 253, 182, 63,
       119, 191, 250, 246, 255, 252, 115, 255, 127, 178, 116, 251, 215,
       99, 99, 245, 103, 195, 246, 204, 255, 245, 191, 90, 94, 247, 235,
       223, 44, 85, 190, 83, 120, 233, 116, 120, 92, 56, 47, 213, 53,
       247, 111, 153, 172, 24, 5, 240, 29, 156, 73, 16, 242, 51, 189, 88,
       87, 32, 250, 29, 182, 220, 37, 126, 243, 186, 241, 56, 187, 94,
       87, 220, 119, 163, 112, 235, 221, 33, 99, 197, 37, 195, 114, 77,
       223, 185, 239, 82, 14, 179, 106, 215, 36, 85, 186, 83, 120, 233,
       116, 112, 92, 56, 47, 213, 20, 247, 111, 153, 172, 24, 5, 240, 29,
       156, 73, 16, 242, 51, 189, 88, 87, 32, 250, 63, 21, 252, 190, 55,
       39, 29, 126, 38, 68, 245, 176, 61, 171, 180, 95, 242, 214, 1, 100,
       65, 128, 225, 51, 76, 136, 224, 9, 83, 28, 248, 41, 240, 36, 20,
       186, 66, 112, 129, 244, 82, 202, 24, 15, 208, 20, 193, 78, 153,
       172, 26, 5, 112, 28, 149, 73, 16, 242, 51, 188, 88, 86, 34, 249,
       62, 50, 117, 162, 190, 189, 35, 121, 228, 94, 210, 53, 253, 58,
       249, 85, 242, 212, 67, 96, 241, 0, 129, 116, 76, 136, 172, 9, 82,
       28, 121, 185, 112, 36, 86, 186, 82, 114, 129, 212, 212, 84, 24,
       14, 64, 134, 192, 77, 153, 45, 24, 5, 242, 29, 141, 73, 16, 242,
       51, 188, 88, 86, 32, 248, 135, 2, 1, 163, 153, 128, 0, 72, 0, 41,
       2, 83, 128, 3, 130, 1, 2, 68, 5, 64, 200, 132, 138, 72, 14, 152,
       24, 35, 146, 8, 33, 15, 85, 164, 92, 154, 0, 240, 37, 22, 65, 64,
       8, 10, 72, 0, 72, 145, 0, 36, 16, 36, 65, 26, 140, 40, 16, 32, 33,
       188, 76, 7, 32, 184 ]
