%YAML:1.0
descriptors: !!opencv-matrix
   rows: 31
   cols: 64
   dt: u
   data: [ 58, 177, 253, 254, 63, 181, 253, 127, 215, 254, 213, 241, 253,
       126, 180, 86, 254, 214, 67, 99, 245, 54, 195, 119, 221, 186, 228,
       159, 82, 221, 245, 235, 215, 44, 87, 190, 211, 120, 233, 125, 120,
       92, 49, 47, 212, 53, 247, 111, 153, 172, 24, 5, 240, 29, 156, 73,
       16, 242, 51, 189, 88, 87, 32, 250, 63, 55, 253, 246, 63, 181, 253,
       126, 246, 254, 214, 117, 253, 126, 177, 85, 250, 254, 195, 115,
       245, 38, 195, 247, 204, 170, 228, 223, 90, 92, 245, 235, 223, 44,
       85, 190, 127, 120, 233, 124, 120, 92, 58, 47, 212, 53, 247, 111,
       185, 172, 24, 5, 240, 29, 156, 73, 20, 242, 55, 189, 90, 87, 32,
       250, 62, 182, 125, 255, 62, 189, 255, 121, 255, 254, 214, 249,
       253, 123, 189, 85, 250, 255, 67, 99, 245, 115, 211, 255, 221, 250,
       228, 255, 126, 221, 245, 235, 215, 44, 87, 190, 223, 120, 233,
       125, 120, 93, 123, 47, 213, 53, 247, 111, 185, 172, 24, 13, 240,
       29, 156, 73, 16, 242, 51, 189, 90, 87, 40, 250, 62, 181, 253, 190,
       59, 173, 249, 111, 246, 252, 214, 241, 125, 122, 189, 86, 254,
       158, 227, 51, 245, 38, 209, 247, 221, 186, 228, 215, 74, 220, 245,
       235, 207, 40, 69, 180, 255, 120, 233, 124, 120, 92, 59, 175, 212,
       53, 247, 111, 185, 172, 24, 13, 240, 29, 156, 73, 22, 242, 55,
       189, 90, 87, 32, 250, 28, 177, 221, 254, 54, 123, 253, 126, 215,
       186, 213, 181, 125, 118, 189, 90, 255, 215, 99, 99, 197, 61, 193,
       247, 205, 202, 230, 207, 82, 204, 245, 234, 223, 36, 85, 190, 94,
       120, 233, 116, 120, 93, 49, 47, 213, 53, 245, 111, 153, 172, 24,
       5, 240, 29, 156, 73, 16, 242, 51, 189, 88, 87, 32, 250, 60, 177,
       255, 222, 51, 103, 255, 126, 119, 220, 221, 245, 63, 126, 182, 78,
       255, 215, 97, 103, 247, 125, 193, 243, 201, 107, 226, 94, 120,
       200, 245, 235, 223, 36, 85, 186, 83, 120, 249, 116, 112, 93, 189,
       47, 213, 21, 245, 111, 153, 172, 24, 5, 240, 29, 156, 73, 24, 242,
       51, 189, 88, 87, 32, 250, 93, 5, 220, 86, 33, 75, 122, 110, 146,
       128, 213, 244, 62, 227, 132, 66, 234, 147, 35, 103, 199, 47, 193,
       119, 73, 75, 226, 13, 66, 12, 176, 104, 223, 36, 69, 190, 82, 120,
       233, 116, 112, 92, 57, 47, 213, 53, 245, 111, 153, 172, 24, 5,
       240, 29, 156, 73, 16, 242, 51, 189, 88, 87, 32, 250, 93, 49, 213,
       86, 113, 35, 122, 126, 226, 128, 197, 53, 116, 99, 162, 82, 234,
       215, 35, 103, 199, 47, 193, 247, 204, 202, 230, 13, 82, 12, 176,
       104, 223, 36, 85, 190, 82, 120, 233, 116, 120, 92, 56, 47, 213,
       53, 245, 111, 153, 172, 24, 5, 240, 29, 156, 73, 16, 242, 51, 189,
       88, 87, 32, 250, 124, 25, 254, 254, 119, 247, 127, 118, 52, 244,
       85, 181, 31, 254, 179, 94, 251, 221, 49, 103, 231, 45, 195, 115,
       77, 203, 162, 15, 82, 12, 116, 235, 215, 36, 85, 186, 83, 120,
       233, 116, 112, 92, 56, 47, 213, 20, 247, 111, 153, 172, 24, 5,
       240, 29, 156, 73, 16, 242, 51, 189, 88, 87, 32, 250, 4, 33, 225,
       144, 16, 71, 33, 111, 192, 198, 195, 52, 81, 134, 153, 66, 234,
       84, 3, 100, 1, 160, 196, 3, 12, 136, 164, 9, 66, 12, 48, 8, 112,
       36, 85, 186, 0, 122, 1, 84, 144, 80, 20, 14, 68, 20, 65, 110, 153,
       44, 24, 4, 112, 29, 148, 73, 16, 242, 35, 184, 72, 70, 32, 242,
       71, 52, 145, 2, 93, 130, 6, 10, 194, 2, 1, 48, 160, 70, 128, 81,
       226, 199, 1, 68, 193, 7, 193, 71, 70, 208, 168, 13, 18, 8, 1, 104,
       215, 36, 85, 186, 66, 56, 9, 84, 96, 64, 24, 11, 213, 84, 181, 79,
       153, 172, 24, 5, 240, 25, 156, 65, 16, 242, 51, 189, 88, 87, 32,
       250, 39, 54, 64, 2, 221, 130, 7, 74, 134, 0, 1, 114, 160, 75, 128,
       21, 226, 197, 1, 68, 193, 39, 129, 103, 78, 216, 168, 15, 18, 8,
       33, 105, 87, 36, 84, 186, 66, 56, 33, 84, 64, 64, 24, 139, 193,
       16, 244, 79, 153, 172, 24, 0, 240, 24, 156, 73, 16, 114, 51, 189,
       88, 87, 32, 248, 37, 38, 101, 160, 153, 164, 35, 88, 228, 94, 130,
       53, 97, 11, 185, 69, 194, 116, 3, 96, 225, 34, 152, 116, 68, 136,
       8, 1, 210, 12, 49, 73, 116, 36, 87, 186, 80, 112, 1, 84, 48, 84,
       24, 14, 68, 128, 192, 69, 24, 44, 24, 4, 240, 29, 140, 73, 16,
       224, 35, 188, 72, 70, 32, 240, 61, 55, 117, 164, 54, 181, 173,
       121, 244, 94, 210, 53, 237, 63, 145, 84, 242, 244, 67, 96, 241,
       98, 209, 244, 220, 184, 228, 153, 122, 220, 113, 169, 84, 44, 85,
       190, 214, 120, 137, 124, 124, 84, 26, 142, 196, 33, 192, 78, 152,
       172, 24, 9, 242, 29, 156, 73, 40, 242, 51, 188, 90, 215, 40, 250,
       60, 49, 125, 166, 54, 37, 61, 122, 244, 84, 213, 49, 125, 63, 176,
       84, 242, 212, 67, 96, 241, 32, 193, 118, 76, 168, 164, 137, 82,
       12, 113, 233, 215, 36, 85, 186, 82, 120, 129, 116, 112, 92, 24,
       15, 212, 20, 229, 79, 153, 172, 24, 5, 240, 29, 156, 73, 16, 242,
       51, 188, 88, 87, 32, 250, 60, 51, 125, 162, 54, 53, 61, 126, 244,
       94, 208, 49, 125, 59, 177, 86, 242, 212, 67, 96, 241, 32, 193,
       119, 76, 168, 164, 9, 90, 12, 113, 233, 215, 36, 85, 186, 82, 120,
       129, 116, 112, 92, 24, 15, 212, 20, 229, 78, 153, 172, 24, 5, 240,
       29, 156, 73, 16, 242, 51, 188, 88, 87, 32, 250, 31, 55, 85, 34,
       23, 33, 40, 123, 226, 10, 208, 52, 124, 35, 161, 83, 226, 222, 3,
       96, 193, 32, 193, 118, 204, 136, 224, 201, 82, 12, 177, 104, 215,
       36, 85, 190, 83, 120, 129, 116, 120, 92, 56, 15, 212, 21, 231,
       111, 153, 172, 24, 5, 240, 29, 156, 73, 16, 242, 51, 189, 88, 87,
       32, 250, 205, 15, 230, 113, 241, 255, 33, 255, 56, 249, 194, 39,
       194, 253, 171, 47, 139, 61, 35, 103, 124, 135, 210, 51, 87, 123,
       144, 36, 208, 6, 34, 1, 223, 38, 85, 186, 82, 120, 233, 124, 120,
       124, 56, 175, 221, 113, 231, 239, 153, 172, 24, 5, 240, 29, 156,
       73, 16, 242, 51, 189, 72, 87, 32, 250, 69, 35, 193, 48, 217, 130,
       33, 78, 128, 32, 128, 55, 194, 193, 130, 3, 66, 13, 3, 68, 73,
       135, 194, 67, 6, 138, 144, 5, 144, 12, 32, 8, 95, 38, 84, 186, 0,
       56, 5, 84, 68, 96, 24, 138, 73, 81, 161, 207, 24, 36, 24, 0, 241,
       24, 156, 9, 0, 226, 19, 149, 8, 86, 32, 122, 102, 36, 138, 131,
       219, 128, 138, 129, 66, 99, 19, 50, 176, 194, 163, 84, 106, 147,
       32, 212, 201, 133, 195, 65, 30, 144, 184, 45, 130, 152, 19, 34,
       71, 36, 85, 154, 82, 120, 33, 86, 32, 64, 4, 8, 197, 12, 145, 29,
       153, 172, 24, 5, 48, 25, 156, 75, 16, 114, 49, 61, 72, 21, 32,
       250, 111, 0, 204, 139, 159, 149, 31, 0, 54, 239, 5, 186, 189, 42,
       183, 87, 74, 245, 32, 96, 201, 87, 211, 105, 12, 176, 184, 47, 82,
       89, 117, 35, 213, 36, 22, 186, 82, 121, 33, 126, 48, 75, 124, 13,
       209, 20, 208, 29, 25, 172, 24, 5, 112, 24, 156, 73, 16, 242, 59,
       156, 88, 215, 32, 243, 131, 2, 1, 2, 5, 0, 0, 8, 0, 11, 32, 66,
       130, 1, 2, 1, 0, 68, 36, 1, 0, 4, 224, 64, 0, 144, 25, 34, 16, 0,
       0, 9, 84, 32, 216, 0, 64, 8, 0, 128, 192, 0, 40, 9, 146, 16, 112,
       208, 16, 8, 16, 4, 1, 0, 172, 8, 16, 0, 32, 60, 68, 85, 0, 59, 2,
       1, 0, 18, 2, 130, 2, 7, 2, 2, 19, 4, 16, 6, 1, 2, 64, 16, 0, 212,
       128, 34, 193, 3, 12, 128, 164, 13, 2, 136, 17, 64, 68, 44, 69,
       186, 74, 104, 1, 68, 32, 64, 20, 10, 68, 20, 129, 78, 25, 44, 24,
       5, 48, 25, 28, 65, 16, 98, 51, 184, 8, 86, 32, 226, 39, 52, 105,
       131, 158, 165, 31, 25, 102, 111, 17, 50, 137, 10, 179, 87, 96,
       213, 1, 112, 200, 49, 194, 104, 12, 128, 168, 15, 82, 24, 49, 107,
       117, 36, 148, 186, 90, 120, 1, 87, 80, 64, 28, 14, 208, 20, 192,
       77, 152, 172, 24, 5, 112, 24, 156, 73, 16, 50, 51, 156, 88, 22,
       32, 248, 37, 6, 100, 128, 221, 149, 3, 89, 36, 117, 130, 117, 137,
       127, 176, 69, 66, 117, 67, 96, 209, 35, 154, 113, 6, 40, 8, 7,
       248, 12, 49, 65, 95, 36, 86, 186, 82, 112, 5, 212, 84, 84, 24,
       142, 64, 100, 228, 67, 25, 44, 24, 4, 240, 28, 158, 9, 16, 114,
       51, 156, 72, 23, 32, 248, 63, 176, 125, 174, 63, 161, 189, 124,
