%YAML:1.0
descriptors: !!opencv-matrix
   rows: 8
   cols: 64
   dt: u
   data: [ 62, 245, 236, 254, 55, 189, 221, 63, 247, 254, 213, 241, 61,
       122, 61, 95, 253, 246, 99, 251, 245, 118, 209, 119, 253, 191, 241,
       95, 91, 221, 245, 235, 207, 44, 87, 190, 219, 120, 233, 117, 120,
       95, 59, 47, 213, 53, 247, 111, 153, 172, 24, 13, 240, 29, 156, 73,
       16, 242, 115, 189, 90, 87, 40, 251, 23, 182, 221, 46, 61, 248,
       189, 124, 242, 190, 214, 245, 236, 127, 137, 17, 239, 230, 3, 114,
       229, 96, 195, 119, 205, 191, 240, 251, 90, 14, 225, 107, 223, 36,
       85, 190, 90, 56, 233, 116, 112, 92, 58, 175, 212, 17, 245, 111,
       153, 172, 24, 5, 240, 29, 156, 73, 16, 242, 51, 189, 88, 87, 32,
       250, 63, 182, 125, 166, 63, 189, 187, 121, 254, 253, 214, 247,
       253, 127, 248, 84, 246, 255, 67, 115, 245, 98, 211, 246, 221, 190,
       245, 255, 126, 95, 245, 235, 223, 44, 85, 190, 223, 122, 233, 124,
       248, 92, 58, 175, 213, 53, 247, 111, 153, 172, 24, 5, 240, 29,
       156, 73, 16, 242, 51, 189, 90, 87, 32, 250, 63, 243, 125, 254, 63,
       189, 253, 120, 247, 254, 213, 251, 253, 126, 188, 85, 254, 247,
       67, 123, 245, 118, 195, 119, 205, 190, 245, 251, 126, 223, 245,
       235, 215, 44, 87, 190, 218, 120, 233, 125, 120, 93, 57, 47, 213,
       53, 247, 111, 153, 172, 24, 5, 240, 29, 156, 73, 16, 242, 51, 189,
       88, 87, 32, 250, 45, 175, 253, 170, 18, 125, 161, 119, 245, 222,
       70, 181, 93, 63, 185, 70, 234, 220, 99, 97, 245, 116, 193, 247,
       93, 168, 164, 137, 122, 204, 48, 233, 215, 36, 85, 186, 83, 120,
       233, 124, 120, 92, 56, 47, 212, 20, 247, 111, 153, 172, 24, 5,
       240, 29, 156, 73, 16, 242, 51, 189, 88, 87, 32, 250, 63, 213, 124,
       150, 55, 157, 31, 8, 167, 71, 189, 250, 189, 107, 180, 87, 246,
       247, 4, 117, 3, 114, 145, 118, 76, 150, 225, 121, 82, 58, 244, 41,
       210, 44, 22, 158, 66, 120, 129, 220, 114, 218, 60, 47, 208, 20,
       244, 14, 153, 172, 16, 5, 104, 29, 156, 73, 24, 242, 51, 189, 88,
       87, 32, 250, 45, 38, 229, 168, 24, 103, 161, 127, 244, 252, 202,
       53, 93, 63, 187, 228, 235, 220, 195, 96, 241, 64, 220, 181, 93,
       168, 12, 129, 120, 204, 57, 203, 245, 36, 85, 186, 85, 114, 9,
       124, 252, 85, 24, 38, 68, 167, 98, 236, 153, 44, 88, 4, 242, 29,
       140, 73, 24, 224, 35, 188, 74, 71, 32, 248, 63, 254, 109, 238,
       190, 189, 245, 49, 125, 117, 127, 219, 221, 127, 124, 229, 245,
       254, 101, 249, 245, 116, 211, 243, 249, 63, 133, 250, 124, 215,
       253, 235, 207, 124, 211, 186, 223, 91, 249, 253, 254, 159, 123,
       191, 212, 163, 247, 111, 155, 173, 141, 11, 250, 29, 155, 93, 62,
       243, 123, 189, 219, 223, 108, 250 ]
