%YAML:1.0
descriptors: !!opencv-matrix
   rows: 11
   cols: 64
   dt: u
   data: [ 12, 34, 225, 176, 16, 165, 33, 110, 132, 236, 194, 53, 81, 14,
       145, 70, 234, 220, 3, 96, 225, 32, 194, 115, 76, 136, 164, 13, 82,
       12, 49, 201, 87, 36, 85, 186, 82, 120, 1, 84, 112, 84, 24, 14, 68,
       20, 193, 111, 153, 44, 24, 5, 240, 28, 156, 73, 16, 242, 51, 189,
       88, 87, 32, 250, 5, 2, 129, 32, 201, 160, 34, 72, 0, 42, 2, 7,
       128, 3, 131, 1, 66, 77, 129, 64, 200, 5, 138, 121, 70, 136, 8, 7,
       146, 1, 33, 79, 85, 166, 84, 58, 49, 224, 37, 6, 64, 64, 8, 10,
       64, 1, 72, 209, 24, 100, 24, 36, 69, 28, 140, 40, 0, 96, 163, 156,
       72, 70, 32, 116, 87, 55, 192, 54, 55, 130, 14, 70, 194, 0, 17, 48,
       44, 82, 132, 82, 234, 213, 35, 229, 193, 39, 193, 119, 76, 218,
       164, 13, 82, 12, 49, 104, 215, 44, 85, 190, 82, 120, 233, 116,
       112, 92, 56, 47, 213, 20, 245, 111, 153, 172, 24, 5, 240, 29, 156,
       73, 16, 242, 51, 189, 88, 87, 32, 250, 60, 50, 117, 160, 190, 189,
       33, 121, 228, 92, 210, 53, 253, 59, 248, 69, 242, 212, 71, 96,
       241, 34, 129, 116, 76, 168, 164, 137, 210, 28, 121, 249, 112, 36,
       86, 186, 82, 114, 129, 212, 220, 84, 24, 14, 192, 135, 192, 77,
       153, 45, 24, 5, 240, 29, 159, 73, 16, 242, 51, 188, 88, 86, 34,
       249, 126, 53, 241, 166, 127, 166, 31, 91, 198, 68, 209, 48, 237,
       74, 144, 85, 250, 215, 3, 100, 241, 39, 209, 119, 140, 216, 236,
       13, 82, 24, 113, 233, 199, 44, 21, 190, 82, 120, 129, 84, 112, 72,
       16, 143, 213, 20, 245, 79, 153, 172, 24, 5, 240, 28, 156, 65, 16,
       242, 51, 189, 88, 87, 32, 250, 63, 23, 124, 138, 23, 183, 11, 88,
       38, 70, 145, 48, 61, 42, 180, 85, 246, 246, 1, 240, 193, 32, 145,
       114, 68, 136, 224, 77, 82, 28, 241, 105, 214, 36, 86, 186, 66,
       120, 129, 116, 208, 74, 24, 15, 208, 20, 192, 78, 153, 172, 24, 5,
       112, 29, 157, 73, 16, 242, 51, 188, 88, 86, 34, 249, 70, 1, 145,
       208, 81, 2, 64, 74, 2, 0, 2, 54, 1, 198, 162, 83, 98, 85, 1, 70,
       6, 172, 136, 3, 14, 146, 50, 9, 146, 8, 16, 9, 82, 39, 84, 154, 0,
       118, 71, 84, 128, 96, 144, 74, 72, 12, 65, 134, 65, 36, 80, 20,
       32, 26, 132, 75, 16, 112, 33, 63, 76, 4, 161, 176, 68, 2, 129, 16,
       8, 2, 0, 78, 0, 162, 3, 4, 0, 194, 129, 2, 66, 4, 1, 66, 138, 165,
       200, 11, 12, 128, 130, 15, 2, 9, 33, 78, 67, 166, 85, 58, 0, 168,
       35, 70, 0, 96, 0, 10, 66, 12, 1, 203, 25, 108, 16, 4, 36, 24, 148,
       0, 16, 98, 179, 189, 72, 6, 32, 246, 242, 201, 207, 211, 202, 135,
       215, 35, 94, 101, 52, 91, 191, 250, 52, 76, 102, 215, 61, 39, 206,
       45, 171, 103, 42, 218, 47, 46, 210, 9, 16, 111, 215, 39, 20, 187,
       82, 125, 127, 246, 81, 255, 140, 79, 217, 28, 253, 199, 221, 164,
       24, 212, 241, 120, 156, 203, 81, 254, 115, 191, 88, 117, 145, 249,
       65, 11, 130, 83, 201, 130, 67, 58, 140, 37, 2, 71, 131, 201, 16,
       13, 74, 69, 57, 6, 206, 47, 138, 99, 74, 218, 30, 38, 144, 0, 0,
       8, 87, 39, 80, 185, 82, 44, 127, 64, 80, 116, 144, 207, 201, 8,
       189, 199, 93, 12, 24, 208, 241, 125, 156, 131, 81, 126, 115, 191,
       72, 117, 145, 250, 96, 9, 142, 210, 203, 143, 67, 43, 254, 117,
       22, 79, 187, 252, 52, 12, 102, 213, 121, 38, 206, 47, 139, 103,
       26, 202, 142, 46, 242, 137, 16, 111, 215, 39, 65, 187, 82, 125,
       255, 124, 80, 245, 152, 79, 217, 28, 253, 199, 221, 164, 24, 212,
       241, 125, 156, 203, 81, 254, 115, 191, 88, 117, 145, 248 ]
