%YAML:1.0
descriptors: !!opencv-matrix
   rows: 8
   cols: 64
   dt: u
   data: [ 61, 54, 229, 162, 94, 111, 35, 126, 244, 124, 214, 119, 255,
       127, 146, 68, 235, 221, 99, 96, 241, 7, 195, 119, 78, 250, 188,
       175, 82, 28, 115, 235, 215, 36, 85, 186, 83, 120, 233, 116, 120,
       92, 56, 47, 213, 21, 247, 111, 153, 172, 24, 5, 240, 29, 156, 73,
       16, 242, 51, 189, 88, 87, 32, 250, 62, 53, 253, 182, 55, 167, 63,
       123, 230, 196, 213, 178, 253, 106, 178, 87, 250, 215, 99, 103,
       241, 39, 195, 119, 204, 250, 244, 109, 82, 28, 241, 233, 215, 36,
       85, 190, 82, 120, 233, 116, 112, 92, 56, 47, 213, 20, 245, 111,
       153, 172, 24, 5, 240, 29, 156, 73, 16, 242, 51, 189, 88, 87, 32,
       250, 253, 62, 247, 183, 255, 111, 35, 254, 252, 125, 214, 119,
       239, 255, 146, 102, 235, 213, 35, 99, 237, 135, 227, 119, 78, 223,
       185, 175, 210, 14, 51, 235, 215, 36, 85, 186, 82, 120, 233, 116,
       120, 92, 56, 47, 213, 21, 245, 111, 153, 172, 24, 5, 240, 29, 156,
       73, 16, 242, 51, 189, 88, 87, 32, 250, 254, 49, 255, 183, 255,
       231, 191, 249, 246, 239, 241, 59, 255, 234, 179, 86, 251, 213, 35,
       103, 73, 167, 199, 118, 206, 223, 245, 47, 210, 14, 114, 187, 215,
       36, 85, 190, 82, 120, 233, 116, 112, 92, 56, 47, 213, 20, 245,
       111, 153, 172, 24, 5, 240, 29, 156, 73, 16, 242, 51, 189, 88, 87,
       32, 250, 159, 50, 197, 55, 63, 115, 159, 152, 242, 185, 219, 119,
       252, 119, 35, 83, 237, 215, 35, 243, 197, 39, 195, 118, 204, 222,
       245, 239, 82, 14, 243, 106, 215, 44, 85, 190, 90, 120, 233, 116,
       120, 92, 56, 47, 213, 21, 245, 111, 153, 172, 24, 5, 240, 29, 156,
       73, 16, 242, 51, 189, 88, 87, 32, 250, 63, 183, 253, 190, 62, 119,
       191, 124, 246, 254, 253, 251, 253, 127, 183, 119, 251, 215, 99,
       99, 245, 39, 195, 118, 205, 255, 245, 255, 90, 30, 243, 235, 215,
       36, 85, 190, 82, 120, 233, 116, 120, 92, 56, 47, 213, 21, 245,
       111, 153, 172, 24, 5, 240, 29, 156, 73, 16, 242, 51, 189, 88, 87,
       32, 250, 63, 21, 252, 190, 23, 39, 29, 118, 38, 68, 117, 48, 29,
       171, 180, 86, 242, 212, 1, 100, 65, 128, 225, 51, 76, 136, 160, 9,
       83, 12, 112, 41, 240, 36, 20, 186, 82, 112, 129, 244, 82, 90, 24,
       14, 208, 20, 193, 78, 153, 172, 24, 5, 112, 28, 157, 73, 16, 242,
       51, 188, 88, 86, 34, 249, 60, 50, 117, 160, 158, 189, 35, 121,
       228, 94, 210, 53, 253, 58, 249, 117, 242, 212, 67, 96, 241, 2,
       145, 116, 76, 168, 172, 137, 82, 92, 121, 185, 112, 36, 87, 186,
       82, 114, 129, 212, 220, 84, 24, 14, 64, 134, 192, 76, 153, 45, 24,
       5, 242, 29, 141, 73, 16, 242, 51, 188, 88, 22, 32, 248 ]
