%YAML:1.0
descriptors: !!opencv-matrix
   rows: 15
   cols: 64
   dt: u
   data: [ 223, 51, 207, 183, 63, 243, 159, 184, 118, 191, 218, 247, 253,
       126, 51, 115, 253, 215, 33, 243, 229, 37, 195, 114, 205, 223, 241,
       127, 90, 78, 247, 235, 215, 44, 85, 186, 90, 120, 233, 116, 112,
       92, 56, 47, 213, 20, 245, 111, 153, 172, 24, 5, 240, 29, 156, 73,
       16, 242, 51, 189, 88, 87, 32, 250, 52, 177, 253, 134, 63, 7, 159,
       127, 198, 196, 157, 242, 253, 78, 182, 84, 251, 213, 98, 99, 209,
       39, 195, 103, 204, 247, 245, 47, 82, 12, 83, 107, 215, 36, 85,
       190, 82, 120, 233, 116, 112, 92, 56, 47, 213, 52, 245, 111, 153,
       172, 24, 5, 240, 29, 156, 73, 16, 242, 51, 189, 88, 87, 32, 250,
       180, 177, 253, 134, 127, 71, 159, 126, 246, 197, 189, 114, 255,
       126, 178, 116, 251, 213, 98, 99, 197, 39, 227, 103, 76, 247, 245,
       63, 114, 138, 87, 107, 215, 36, 85, 190, 82, 120, 233, 116, 112,
       93, 56, 47, 213, 20, 245, 111, 153, 172, 24, 5, 240, 29, 156, 73,
       16, 242, 51, 189, 88, 87, 32, 250, 156, 178, 221, 39, 255, 243,
       186, 249, 120, 185, 254, 119, 252, 118, 163, 96, 235, 221, 33, 99,
       197, 37, 195, 114, 77, 223, 185, 175, 82, 14, 51, 106, 215, 36,
       85, 186, 83, 120, 233, 116, 112, 92, 56, 47, 213, 21, 247, 111,
       153, 172, 24, 5, 240, 29, 156, 73, 16, 242, 51, 189, 88, 87, 32,
       250, 179, 148, 217, 6, 219, 74, 31, 11, 198, 65, 61, 114, 191,
       111, 134, 84, 255, 151, 36, 33, 194, 39, 227, 103, 78, 215, 241,
       47, 146, 42, 83, 105, 151, 36, 84, 158, 66, 120, 235, 118, 112,
       88, 40, 41, 213, 20, 245, 111, 145, 172, 24, 5, 240, 25, 156, 73,
       16, 114, 50, 189, 88, 87, 32, 250, 215, 48, 81, 183, 221, 128, 11,
       72, 134, 99, 33, 114, 163, 75, 128, 81, 98, 213, 5, 97, 139, 173,
       170, 104, 14, 138, 170, 47, 146, 9, 33, 111, 83, 167, 28, 155, 66,
       125, 37, 214, 1, 66, 8, 11, 202, 28, 200, 21, 129, 36, 16, 4, 96,
       26, 132, 107, 16, 48, 49, 156, 92, 22, 48, 185, 63, 21, 252, 158,
       23, 39, 29, 126, 54, 70, 245, 176, 61, 170, 180, 94, 246, 214, 1,
       100, 65, 162, 225, 51, 76, 168, 224, 73, 83, 28, 240, 41, 240, 36,
       20, 186, 82, 112, 1, 244, 210, 202, 24, 14, 208, 20, 193, 78, 153,
       172, 26, 5, 112, 28, 157, 73, 16, 242, 51, 188, 88, 86, 34, 249,
       68, 41, 195, 209, 216, 130, 71, 78, 6, 33, 1, 62, 147, 198, 146,
       74, 226, 85, 56, 102, 143, 173, 202, 35, 78, 194, 186, 47, 146, 8,
       18, 75, 211, 39, 85, 187, 2, 124, 103, 86, 48, 104, 8, 111, 221,
       28, 229, 167, 157, 172, 24, 5, 113, 24, 148, 75, 80, 122, 49, 189,
       88, 84, 49, 250, 18, 17, 17, 148, 38, 0, 26, 96, 66, 0, 81, 17,
       84, 64, 17, 18, 116, 194, 0, 230, 2, 168, 128, 130, 140, 138, 230,
       216, 194, 36, 244, 40, 114, 52, 52, 190, 74, 98, 128, 197, 145,
       74, 153, 10, 224, 20, 193, 78, 137, 166, 80, 7, 96, 26, 21, 73,
       129, 115, 17, 152, 120, 6, 34, 177, 71, 13, 195, 19, 217, 130, 6,
       79, 130, 35, 3, 22, 146, 198, 131, 74, 194, 85, 56, 102, 142, 175,
       202, 35, 78, 194, 190, 47, 146, 8, 16, 74, 83, 39, 85, 187, 66,
       124, 103, 86, 32, 96, 8, 11, 93, 28, 229, 135, 17, 44, 24, 4, 49,
       25, 148, 75, 16, 122, 49, 61, 72, 84, 48, 250, 16, 17, 17, 84, 32,
       0, 120, 103, 2, 0, 83, 5, 84, 64, 16, 50, 52, 202, 0, 198, 6, 168,
       36, 130, 136, 10, 230, 216, 128, 164, 180, 40, 114, 52, 32, 158,
       136, 98, 194, 197, 147, 8, 149, 74, 224, 6, 131, 78, 137, 166, 80,
       71, 96, 26, 21, 73, 129, 115, 17, 176, 120, 38, 35, 233, 163, 2,
       65, 131, 217, 132, 135, 200, 238, 39, 10, 82, 169, 47, 147, 5,
       235, 213, 37, 96, 72, 135, 138, 100, 78, 212, 61, 43, 146, 10, 19,
       27, 213, 36, 85, 186, 82, 112, 45, 86, 112, 84, 24, 47, 85, 20,
       244, 133, 153, 172, 24, 4, 240, 29, 140, 73, 16, 112, 49, 188, 88,
       87, 32, 250, 227, 13, 195, 18, 81, 66, 5, 207, 134, 128, 11, 50,
       35, 143, 130, 79, 235, 85, 32, 103, 10, 135, 226, 39, 78, 215,
       157, 45, 18, 10, 18, 8, 215, 36, 85, 154, 66, 120, 109, 84, 48,
       80, 56, 43, 157, 28, 117, 172, 153, 172, 24, 5, 240, 25, 148, 75,
       16, 114, 49, 61, 88, 85, 32, 250, 71, 37, 193, 146, 81, 6, 5, 79,
       134, 68, 1, 50, 147, 202, 178, 71, 202, 85, 32, 101, 11, 135, 194,
       35, 78, 146, 148, 13, 18, 8, 16, 9, 82, 38, 84, 154, 0, 120, 3,
       84, 0, 64, 24, 11, 193, 28, 229, 142, 17, 172, 16, 4, 112, 24,
       148, 11, 16, 114, 49, 189, 72, 85, 32, 250, 63, 245, 125, 142, 55,
       29, 29, 122, 230, 70, 189, 240, 125, 43, 180, 93, 242, 214, 7, 96,
       65, 2, 161, 118, 204, 137, 229, 25, 211, 24, 112, 105, 208, 36,
       84, 190, 66, 112, 129, 244, 114, 90, 24, 15, 208, 20, 244, 76,
       153, 172, 24, 5, 112, 29, 156, 73, 16, 242, 51, 188, 88, 86, 34,
       249 ]
