%YAML:1.0
descriptors: !!opencv-matrix
   rows: 7
   cols: 64
   dt: u
   data: [ 63, 182, 125, 166, 63, 189, 185, 89, 247, 254, 199, 241, 253,
       59, 188, 87, 246, 254, 67, 115, 245, 98, 211, 119, 213, 186, 228,
       251, 122, 124, 245, 235, 223, 60, 87, 190, 211, 120, 233, 125,
       124, 92, 59, 175, 244, 117, 247, 111, 153, 174, 24, 7, 240, 29,
       156, 73, 16, 243, 51, 189, 122, 87, 32, 250, 62, 181, 253, 190,
       55, 181, 249, 127, 246, 222, 212, 245, 125, 122, 189, 84, 254,
       222, 67, 115, 245, 54, 209, 119, 221, 170, 228, 219, 90, 220, 245,
       235, 199, 44, 87, 190, 223, 120, 233, 125, 120, 93, 59, 47, 212,
       53, 247, 111, 153, 172, 24, 5, 240, 29, 156, 73, 16, 242, 51, 189,
       90, 87, 32, 250, 31, 178, 93, 174, 63, 185, 191, 120, 246, 62,
       214, 113, 237, 63, 188, 81, 246, 255, 3, 240, 229, 96, 195, 126,
       205, 252, 225, 255, 126, 79, 241, 239, 215, 44, 85, 190, 95, 120,
       233, 116, 124, 92, 58, 47, 213, 17, 247, 111, 153, 172, 24, 5,
       240, 29, 156, 73, 16, 242, 51, 189, 88, 87, 32, 250, 60, 177, 253,
       254, 55, 127, 121, 126, 215, 252, 213, 181, 125, 126, 189, 86,
       254, 214, 99, 99, 245, 63, 193, 247, 205, 170, 230, 221, 82, 220,
       245, 233, 223, 44, 85, 190, 87, 120, 233, 117, 120, 93, 49, 47,
       213, 53, 247, 111, 153, 172, 24, 5, 240, 29, 156, 73, 16, 242, 51,
       189, 88, 87, 32, 250, 6, 33, 65, 146, 217, 130, 1, 74, 134, 6, 3,
       50, 129, 74, 144, 81, 226, 85, 1, 96, 131, 36, 128, 99, 78, 136,
       160, 13, 18, 8, 49, 105, 82, 36, 84, 154, 66, 120, 1, 214, 128,
       64, 24, 10, 192, 28, 192, 15, 153, 44, 16, 4, 96, 24, 156, 73, 16,
       114, 51, 188, 88, 86, 32, 249, 68, 33, 227, 177, 16, 166, 35, 79,
       128, 230, 194, 52, 65, 195, 147, 66, 234, 68, 3, 102, 203, 161,
       206, 51, 76, 136, 32, 13, 82, 8, 49, 75, 119, 38, 85, 186, 18,
       122, 69, 84, 144, 64, 24, 14, 65, 20, 65, 198, 25, 44, 24, 4, 112,
       28, 156, 73, 16, 240, 35, 189, 72, 70, 32, 243, 189, 254, 239,
       237, 255, 253, 255, 121, 253, 255, 254, 251, 255, 127, 252, 237,
       251, 253, 255, 123, 253, 127, 218, 253, 127, 255, 63, 183, 124,
       215, 119, 239, 223, 235, 223, 63, 255, 249, 253, 63, 125, 125,
       251, 191, 213, 245, 255, 115, 191, 253, 153, 45, 247, 253, 158,
       125, 118, 222, 247, 175, 250, 223, 44, 254 ]
