%YAML:1.0
descriptors: !!opencv-matrix
   rows: 17
   cols: 64
   dt: u
   data: [ 159, 50, 205, 183, 62, 243, 159, 152, 114, 191, 218, 247, 252,
       62, 35, 83, 233, 213, 33, 243, 229, 37, 195, 114, 77, 222, 177,
       47, 90, 78, 115, 107, 215, 44, 85, 186, 90, 120, 233, 116, 112,
       92, 56, 47, 213, 20, 245, 111, 153, 172, 24, 5, 240, 29, 156, 73,
       16, 242, 51, 189, 88, 87, 32, 250, 60, 50, 253, 182, 63, 55, 191,
       126, 246, 190, 216, 115, 253, 127, 178, 84, 251, 215, 99, 99, 245,
       39, 195, 246, 204, 255, 245, 255, 90, 92, 243, 235, 223, 44, 85,
       190, 82, 120, 233, 116, 120, 92, 56, 47, 213, 53, 247, 111, 153,
       172, 24, 5, 240, 29, 156, 73, 16, 242, 51, 189, 88, 87, 32, 250,
       14, 160, 204, 33, 31, 243, 166, 113, 48, 186, 218, 247, 216, 38,
       171, 96, 203, 93, 33, 97, 193, 37, 194, 112, 77, 220, 153, 39, 82,
       14, 51, 74, 215, 36, 85, 186, 82, 120, 233, 116, 112, 92, 56, 47,
       213, 20, 247, 109, 153, 172, 24, 5, 240, 29, 156, 73, 16, 242, 51,
       189, 88, 87, 32, 250, 62, 51, 245, 54, 62, 183, 191, 127, 246,
       188, 211, 179, 237, 115, 179, 83, 250, 223, 35, 115, 229, 39, 195,
       119, 205, 218, 244, 239, 82, 28, 243, 234, 215, 44, 85, 190, 91,
       120, 233, 116, 120, 92, 56, 47, 213, 53, 247, 111, 153, 172, 24,
       5, 240, 29, 156, 73, 16, 242, 51, 189, 88, 87, 32, 250, 63, 181,
       253, 54, 55, 183, 191, 120, 246, 142, 213, 242, 253, 106, 182, 87,
       250, 215, 35, 99, 229, 39, 195, 119, 205, 218, 244, 239, 82, 12,
       241, 232, 215, 44, 85, 190, 82, 120, 233, 116, 120, 92, 56, 47,
       213, 21, 245, 111, 153, 172, 24, 5, 240, 29, 156, 73, 16, 242, 51,
       189, 88, 87, 32, 250, 76, 2, 193, 48, 24, 144, 34, 69, 32, 34, 2,
       20, 208, 37, 163, 67, 202, 93, 3, 96, 200, 33, 202, 49, 76, 136,
       140, 5, 80, 12, 49, 74, 215, 4, 85, 186, 80, 120, 5, 116, 112, 84,
       24, 14, 85, 20, 97, 99, 25, 44, 24, 4, 240, 29, 156, 73, 16, 226,
       51, 189, 72, 86, 32, 250, 70, 35, 193, 146, 217, 130, 3, 74, 194,
       33, 0, 50, 163, 195, 128, 81, 98, 213, 5, 102, 207, 45, 138, 99,
       14, 138, 34, 15, 146, 8, 48, 41, 83, 39, 84, 187, 66, 120, 71,
       214, 64, 66, 24, 75, 73, 28, 201, 135, 153, 36, 24, 4, 96, 24,
       140, 73, 16, 242, 51, 189, 88, 86, 32, 249, 95, 51, 215, 54, 126,
       35, 31, 126, 242, 184, 214, 55, 255, 246, 163, 82, 250, 215, 35,
       247, 197, 37, 195, 247, 206, 202, 252, 207, 82, 12, 241, 106, 215,
       44, 85, 190, 90, 120, 233, 116, 120, 92, 56, 47, 213, 21, 245,
       111, 153, 172, 24, 5, 240, 29, 156, 73, 16, 242, 51, 189, 88, 87,
       32, 250, 62, 50, 117, 162, 190, 189, 35, 121, 228, 94, 210, 52,
       253, 62, 249, 117, 242, 212, 67, 96, 225, 2, 129, 116, 76, 136,
       172, 9, 82, 12, 121, 185, 112, 36, 86, 186, 82, 114, 129, 212,
       208, 84, 24, 14, 64, 134, 192, 77, 153, 45, 24, 5, 240, 29, 157,
       73, 16, 242, 51, 188, 88, 86, 32, 248, 3, 2, 0, 2, 153, 128, 128,
       8, 0, 40, 2, 65, 160, 3, 128, 1, 98, 84, 5, 0, 192, 0, 136, 104,
       4, 136, 8, 3, 146, 9, 1, 79, 117, 164, 84, 58, 80, 240, 33, 134,
       193, 64, 72, 10, 64, 4, 64, 65, 8, 100, 24, 4, 116, 24, 140, 9,
       16, 112, 163, 156, 72, 86, 32, 253, 252, 57, 254, 182, 127, 119,
       187, 246, 54, 254, 214, 183, 191, 255, 179, 94, 251, 223, 121,
       103, 229, 165, 195, 115, 79, 203, 248, 111, 82, 12, 242, 235, 215,
       37, 85, 187, 83, 120, 233, 116, 112, 92, 56, 47, 213, 21, 247,
       111, 153, 172, 24, 5, 240, 29, 156, 73, 16, 242, 51, 189, 88, 87,
       32, 250, 103, 42, 195, 147, 223, 146, 131, 72, 238, 127, 18, 62,
       175, 235, 187, 93, 226, 213, 57, 102, 205, 7, 139, 125, 78, 202,
       168, 47, 210, 9, 49, 111, 87, 167, 85, 187, 82, 125, 237, 118,
       112, 84, 8, 15, 85, 28, 253, 147, 153, 172, 24, 5, 241, 61, 156,
       75, 16, 246, 51, 189, 88, 87, 48, 248, 71, 1, 64, 2, 81, 2, 6, 66,
       34, 0, 0, 16, 16, 39, 160, 65, 226, 85, 1, 100, 64, 1, 128, 96,
       76, 128, 168, 13, 146, 8, 16, 8, 212, 36, 84, 186, 66, 112, 5, 84,
       16, 80, 24, 15, 81, 20, 228, 76, 153, 44, 24, 4, 112, 29, 156, 73,
       16, 242, 51, 188, 88, 86, 32, 248, 231, 38, 195, 19, 221, 134, 7,
       201, 206, 39, 16, 126, 163, 207, 146, 77, 226, 213, 57, 102, 201,
       135, 138, 125, 78, 218, 60, 47, 146, 9, 51, 78, 215, 167, 85, 187,
       82, 112, 109, 118, 112, 84, 8, 15, 85, 28, 253, 147, 153, 172, 24,
       4, 241, 29, 156, 75, 16, 240, 51, 189, 88, 87, 48, 248, 228, 42,
       227, 147, 216, 134, 3, 201, 172, 103, 2, 62, 131, 239, 146, 68,
       194, 69, 59, 102, 207, 135, 138, 109, 78, 218, 28, 47, 146, 8, 51,
       79, 87, 39, 85, 187, 82, 48, 109, 86, 112, 112, 8, 143, 69, 24,
       253, 147, 153, 44, 24, 0, 241, 29, 156, 75, 16, 120, 51, 189, 72,
       87, 48, 248, 7, 34, 65, 0, 216, 130, 7, 64, 226, 4, 2, 18, 200,
       125, 144, 1, 226, 197, 3, 96, 192, 7, 130, 116, 78, 136, 172, 13,
       146, 12, 33, 73, 215, 36, 85, 186, 82, 48, 1, 84, 112, 80, 24, 15,
       85, 16, 228, 77, 153, 172, 24, 0, 240, 29, 156, 73, 16, 242, 51,
       188, 88, 87, 32, 248, 69, 33, 225, 144, 80, 134, 7, 78, 132, 102,
       129, 48, 81, 204, 179, 70, 194, 85, 3, 102, 206, 45, 194, 35, 78,
       202, 130, 13, 18, 12, 48, 73, 215, 38, 85, 186, 2, 120, 67, 84,
       48, 96, 24, 11, 213, 28, 229, 79, 25, 172, 24, 5, 112, 28, 156,
       73, 16, 242, 51, 189, 72, 86, 32, 250 ]
