%YAML:1.0
descriptors: !!opencv-matrix
   rows: 7
   cols: 64
   dt: u
   data: [ 253, 48, 247, 178, 219, 39, 47, 126, 228, 110, 192, 51, 255,
       234, 178, 86, 234, 213, 35, 102, 201, 135, 195, 119, 78, 219, 188,
       47, 210, 12, 51, 107, 215, 36, 85, 186, 82, 120, 225, 116, 112,
       76, 56, 15, 213, 20, 245, 79, 153, 172, 24, 5, 240, 29, 156, 73,
       16, 242, 51, 189, 88, 87, 32, 250, 126, 181, 253, 150, 55, 183,
       91, 121, 246, 198, 213, 242, 253, 122, 182, 86, 246, 215, 67, 103,
       245, 55, 211, 119, 220, 234, 244, 127, 82, 156, 245, 233, 215, 44,
       85, 190, 82, 120, 233, 124, 112, 92, 56, 47, 209, 20, 245, 111,
       153, 172, 24, 5, 240, 29, 156, 73, 16, 242, 51, 189, 88, 87, 32,
       251, 124, 49, 241, 181, 251, 167, 187, 125, 198, 110, 209, 54,
       245, 78, 179, 84, 250, 213, 3, 102, 201, 39, 195, 119, 78, 218,
       180, 13, 210, 12, 113, 107, 215, 36, 85, 190, 82, 120, 201, 116,
       112, 92, 24, 14, 213, 20, 225, 79, 153, 172, 24, 5, 240, 29, 156,
       73, 16, 242, 51, 189, 88, 87, 32, 250, 188, 176, 255, 183, 63,
       119, 191, 254, 244, 253, 253, 243, 255, 127, 179, 116, 251, 221,
       99, 99, 245, 39, 195, 118, 205, 255, 245, 191, 122, 79, 119, 235,
       215, 36, 85, 190, 83, 120, 233, 116, 120, 92, 56, 47, 213, 53,
       247, 111, 153, 172, 24, 5, 240, 29, 156, 73, 16, 242, 51, 189, 88,
       87, 32, 250, 191, 181, 253, 182, 63, 119, 191, 120, 246, 253, 253,
       251, 255, 123, 182, 93, 251, 213, 99, 99, 245, 39, 195, 118, 205,
       255, 245, 191, 90, 94, 247, 235, 215, 36, 85, 190, 82, 120, 233,
       116, 120, 92, 56, 47, 213, 21, 245, 111, 153, 172, 24, 5, 240, 29,
       156, 73, 16, 242, 51, 189, 88, 87, 32, 250, 63, 21, 252, 154, 23,
       39, 29, 118, 38, 70, 117, 48, 29, 170, 180, 86, 246, 214, 1, 100,
       65, 162, 225, 51, 76, 137, 224, 73, 83, 28, 240, 41, 240, 36, 20,
       186, 82, 112, 1, 244, 82, 74, 24, 15, 208, 20, 193, 78, 153, 172,
       24, 5, 112, 29, 157, 73, 16, 242, 51, 188, 88, 86, 34, 249, 60,
       50, 117, 160, 158, 189, 35, 121, 228, 94, 210, 53, 253, 62, 249,
       100, 242, 212, 67, 96, 113, 18, 129, 116, 92, 168, 172, 137, 210,
       222, 121, 185, 112, 36, 87, 186, 82, 114, 129, 212, 216, 84, 24,
       14, 64, 134, 192, 76, 153, 45, 24, 5, 242, 29, 141, 73, 16, 242,
       51, 188, 88, 22, 32, 248 ]
