%YAML:1.0
descriptors: !!opencv-matrix
   rows: 24
   cols: 64
   dt: u
   data: [ 63, 51, 125, 166, 55, 53, 61, 126, 246, 222, 250, 49, 125, 62,
       177, 87, 243, 212, 3, 97, 225, 34, 193, 118, 204, 172, 228, 9, 82,
       12, 113, 233, 214, 36, 85, 190, 82, 120, 137, 116, 112, 92, 56,
       47, 212, 20, 245, 110, 153, 172, 24, 5, 240, 29, 156, 73, 16, 242,
       51, 188, 88, 87, 32, 250, 62, 49, 253, 190, 55, 101, 125, 127,
       246, 252, 213, 181, 125, 126, 179, 86, 255, 214, 67, 99, 245, 34,
       195, 118, 204, 171, 244, 201, 82, 92, 245, 235, 215, 36, 85, 190,
       82, 120, 233, 116, 120, 92, 56, 47, 212, 21, 245, 111, 153, 172,
       24, 5, 240, 29, 156, 73, 16, 242, 51, 189, 88, 87, 32, 250, 63,
       55, 117, 182, 62, 181, 189, 125, 246, 252, 215, 117, 253, 126,
       177, 87, 242, 254, 67, 115, 245, 34, 211, 247, 204, 170, 228, 219,
       90, 92, 245, 235, 223, 44, 87, 190, 91, 120, 233, 116, 120, 92,
       56, 47, 212, 53, 247, 111, 153, 172, 24, 5, 240, 29, 156, 73, 16,
       242, 51, 189, 88, 87, 32, 250, 63, 182, 125, 182, 63, 181, 191,
       120, 244, 254, 215, 241, 253, 123, 185, 85, 242, 220, 67, 115,
       245, 34, 195, 119, 205, 170, 228, 159, 90, 28, 245, 235, 215, 44,
       85, 190, 91, 120, 233, 116, 120, 92, 56, 47, 212, 53, 247, 111,
       153, 172, 24, 5, 240, 29, 156, 73, 16, 242, 51, 189, 88, 87, 32,
       250, 63, 50, 125, 182, 62, 189, 59, 120, 244, 126, 214, 117, 253,
       123, 152, 84, 250, 220, 67, 114, 245, 34, 195, 246, 205, 186, 228,
       159, 90, 156, 241, 235, 223, 44, 85, 190, 91, 120, 233, 124, 120,
       92, 56, 47, 212, 53, 247, 111, 153, 172, 24, 5, 240, 29, 156, 73,
       16, 242, 51, 189, 88, 87, 32, 250, 39, 38, 65, 2, 221, 0, 1, 72,
       226, 64, 0, 115, 161, 11, 128, 69, 226, 212, 5, 96, 65, 2, 136,
       100, 78, 152, 40, 9, 146, 8, 33, 9, 80, 36, 84, 186, 66, 112, 1,
       212, 65, 66, 24, 15, 64, 16, 192, 69, 136, 36, 16, 4, 96, 24, 140,
       73, 16, 240, 35, 188, 88, 86, 32, 249, 127, 183, 242, 116, 125,
       162, 230, 74, 112, 24, 192, 115, 238, 211, 128, 89, 242, 171, 187,
       214, 231, 47, 89, 119, 198, 218, 106, 207, 126, 44, 224, 230, 159,
       175, 86, 191, 123, 56, 125, 116, 77, 68, 154, 207, 201, 73, 247,
       207, 252, 246, 8, 64, 240, 116, 218, 73, 118, 254, 215, 151, 24,
       119, 181, 90, 125, 55, 247, 112, 216, 166, 34, 103, 98, 100, 196,
       51, 246, 243, 130, 84, 242, 171, 251, 214, 247, 109, 83, 215, 214,
       106, 236, 205, 106, 156, 224, 224, 143, 15, 71, 191, 189, 56, 125,
       124, 108, 85, 144, 195, 213, 121, 183, 79, 189, 172, 137, 75, 243,
       124, 88, 211, 110, 255, 87, 177, 58, 243, 253, 74, 76, 35, 97,
       144, 16, 7, 43, 126, 196, 70, 195, 52, 81, 6, 153, 66, 234, 212,
       3, 100, 193, 33, 192, 51, 76, 136, 164, 13, 82, 12, 48, 105, 86,
       36, 85, 186, 82, 120, 129, 84, 48, 80, 16, 46, 212, 20, 229, 110,
       153, 172, 24, 5, 240, 29, 156, 73, 16, 242, 51, 189, 88, 86, 32,
       250, 30, 51, 85, 38, 23, 33, 40, 127, 226, 10, 210, 53, 124, 34,
       161, 83, 230, 222, 3, 240, 193, 34, 193, 246, 204, 136, 228, 201,
       82, 12, 177, 104, 223, 44, 85, 190, 91, 120, 129, 116, 120, 92,
       24, 15, 212, 53, 231, 79, 153, 172, 24, 5, 240, 29, 156, 73, 16,
       242, 51, 188, 88, 87, 32, 250, 118, 33, 203, 155, 146, 128, 152,
       143, 66, 162, 17, 186, 179, 226, 147, 90, 106, 131, 32, 150, 11,
       165, 71, 71, 142, 146, 178, 41, 130, 168, 18, 42, 87, 36, 5, 154,
       74, 124, 67, 86, 32, 74, 32, 72, 147, 28, 129, 63, 209, 172, 16,
       5, 48, 24, 52, 107, 16, 114, 48, 57, 92, 85, 32, 243, 69, 35, 195,
       16, 16, 130, 40, 78, 96, 162, 131, 54, 224, 193, 131, 3, 106, 1,
       35, 70, 75, 133, 67, 131, 6, 136, 176, 13, 2, 12, 32, 0, 87, 36,
       85, 186, 16, 56, 65, 84, 48, 64, 24, 142, 69, 80, 161, 110, 153,
       172, 24, 1, 240, 29, 156, 73, 16, 242, 51, 189, 72, 86, 32, 242,
       133, 37, 239, 144, 153, 145, 1, 126, 34, 65, 148, 118, 250, 251,
       130, 68, 106, 149, 5, 97, 89, 133, 226, 115, 14, 186, 144, 11,
       240, 12, 2, 41, 223, 38, 20, 186, 82, 120, 65, 212, 80, 80, 24, 6,
       193, 4, 225, 207, 25, 44, 25, 4, 240, 24, 156, 73, 16, 242, 51,
       157, 88, 23, 34, 251, 135, 177, 203, 131, 182, 176, 153, 152, 246,
       143, 17, 250, 203, 139, 179, 91, 96, 213, 36, 243, 73, 132, 194,
       112, 14, 146, 176, 43, 210, 8, 48, 59, 247, 44, 156, 250, 90, 125,
       1, 245, 80, 74, 56, 14, 210, 20, 209, 29, 153, 172, 24, 5, 112,
       25, 156, 73, 16, 242, 49, 157, 92, 87, 34, 251, 5, 39, 65, 0, 20,
       128, 5, 94, 66, 0, 161, 48, 96, 1, 129, 1, 2, 68, 2, 80, 192, 0,
       0, 131, 4, 129, 128, 9, 2, 12, 0, 9, 92, 36, 84, 186, 8, 48, 1,
       68, 36, 66, 24, 139, 68, 16, 196, 78, 16, 164, 8, 4, 48, 24, 28,
       9, 0, 34, 19, 180, 8, 70, 36, 120, 18, 193, 0, 158, 35, 74, 28, 6,
       71, 160, 61, 136, 48, 160, 109, 186, 175, 18, 0, 217, 2, 128, 229,
       3, 77, 129, 161, 9, 3, 168, 156, 96, 176, 36, 33, 250, 74, 102,
       128, 230, 162, 202, 53, 41, 158, 22, 36, 108, 193, 162, 86, 5, 40,
       26, 181, 72, 144, 243, 41, 120, 93, 68, 2, 163, 133, 6, 230, 129,
       217, 160, 33, 121, 60, 113, 134, 103, 139, 249, 130, 5, 10, 125,
       165, 97, 216, 7, 186, 113, 6, 186, 24, 34, 248, 8, 35, 15, 223,
       38, 84, 186, 82, 56, 45, 180, 209, 116, 24, 135, 201, 1, 121, 193,
       25, 36, 24, 0, 209, 30, 140, 8, 16, 224, 35, 189, 72, 23, 36, 251,
       4, 7, 1, 16, 0, 134, 2, 75, 128, 64, 2, 4, 64, 65, 128, 0, 66, 0,
       1, 68, 192, 32, 0, 67, 92, 152, 132, 13, 2, 136, 1, 72, 70, 36,
       69, 186, 0, 40, 1, 76, 32, 80, 16, 139, 64, 0, 165, 78, 25, 44,
       24, 0, 112, 24, 28, 1, 16, 114, 19, 189, 72, 23, 32, 248, 67, 4,
       0, 2, 217, 128, 6, 64, 32, 33, 128, 98, 160, 3, 134, 1, 66, 33, 1,
       208, 201, 7, 27, 68, 6, 152, 24, 39, 146, 12, 1, 64, 69, 36, 4,
       186, 0, 40, 37, 68, 64, 66, 24, 139, 65, 80, 180, 69, 16, 36, 24,
       0, 96, 24, 28, 1, 24, 50, 19, 144, 8, 87, 32, 104, 3, 194, 8, 136,
       5, 24, 0, 0, 32, 2, 32, 0, 0, 1, 108, 1, 0, 64, 5, 144, 64, 80, 0,
       64, 68, 148, 1, 0, 18, 14, 1, 17, 144, 0, 217, 136, 104, 96, 1, 0,
       162, 2, 24, 9, 20, 148, 100, 76, 16, 41, 16, 4, 8, 17, 206, 8, 16,
       2, 2, 148, 64, 82, 98, 33, 2, 32, 1, 130, 0, 132, 10, 5, 66, 162,
       19, 4, 144, 2, 17, 18, 84, 2, 0, 192, 129, 32, 67, 65, 152, 128,
       164, 77, 2, 168, 145, 64, 69, 44, 71, 170, 8, 40, 1, 72, 32, 64,
       20, 136, 68, 84, 129, 79, 155, 44, 24, 1, 50, 25, 28, 81, 0, 114,
       19, 176, 8, 82, 96, 98, 5, 6, 68, 0, 9, 128, 1, 90, 164, 4, 6, 69,
       9, 59, 160, 5, 64, 108, 1, 96, 192, 34, 16, 99, 64, 168, 4, 0, 48,
       8, 1, 65, 212, 36, 82, 186, 80, 16, 1, 12, 84, 16, 24, 135, 64,
       112, 228, 78, 24, 36, 24, 0, 240, 28, 156, 9, 56, 226, 51, 188,
       72, 87, 36, 248, 34, 5, 32, 130, 3, 134, 6, 7, 134, 66, 19, 4, 17,
       44, 49, 6, 192, 16, 65, 212, 80, 34, 208, 7, 92, 128, 132, 12, 2,
       152, 16, 8, 68, 44, 71, 186, 2, 40, 1, 72, 32, 64, 20, 137, 84,
       84, 164, 78, 17, 44, 24, 0, 50, 25, 156, 17, 0, 98, 51, 176, 8,
       86, 40, 106, 2, 1, 8, 154, 6, 2, 8, 7, 6, 34, 17, 0, 16, 128, 49,
       66, 64, 16, 0, 208, 128, 176, 193, 3, 12, 128, 164, 9, 2, 136, 17,
       96, 194, 44, 69, 186, 74, 104, 1, 80, 48, 74, 20, 9, 208, 20, 129,
       78, 145, 172, 24, 5, 48, 25, 156, 73, 16, 114, 51, 188, 88, 86,
       32, 243 ]
