%YAML:1.0
descriptors: !!opencv-matrix
   rows: 5
   cols: 64
   dt: u
   data: [ 60, 177, 125, 151, 62, 181, 255, 112, 124, 255, 85, 217, 221,
       123, 176, 68, 242, 221, 65, 99, 245, 113, 195, 243, 73, 122, 164,
       190, 120, 221, 117, 235, 223, 36, 85, 186, 83, 120, 233, 116, 112,
       93, 56, 47, 213, 52, 247, 111, 153, 172, 24, 5, 240, 29, 156, 73,
       16, 242, 51, 189, 88, 87, 32, 250, 45, 38, 101, 168, 26, 103, 163,
       253, 228, 124, 202, 53, 125, 63, 187, 229, 235, 220, 67, 96, 113,
       130, 141, 52, 76, 168, 172, 137, 210, 12, 59, 235, 245, 36, 85,
       186, 82, 114, 129, 116, 248, 84, 24, 14, 68, 151, 194, 76, 153,
       44, 24, 5, 240, 29, 157, 73, 16, 240, 35, 188, 88, 70, 32, 248,
       191, 117, 125, 150, 55, 13, 31, 8, 102, 70, 189, 50, 253, 107, 52,
       87, 244, 246, 4, 244, 3, 240, 145, 114, 204, 158, 225, 89, 210,
       60, 244, 41, 210, 44, 86, 190, 74, 120, 129, 220, 50, 218, 60, 15,
       208, 20, 228, 78, 153, 172, 16, 5, 96, 29, 157, 73, 24, 242, 49,
       189, 88, 86, 32, 249, 63, 183, 125, 254, 54, 189, 191, 121, 247,
       254, 215, 241, 253, 127, 188, 86, 250, 254, 67, 123, 245, 98, 209,
       118, 221, 190, 229, 251, 122, 94, 245, 235, 215, 44, 85, 190, 219,
       120, 233, 125, 120, 92, 57, 175, 212, 53, 247, 111, 153, 172, 24,
       5, 240, 29, 156, 73, 16, 242, 51, 189, 90, 87, 32, 250, 63, 182,
       125, 174, 63, 253, 185, 125, 246, 126, 214, 245, 125, 123, 188,
       85, 254, 254, 67, 240, 245, 34, 209, 119, 221, 184, 228, 219, 90,
       28, 241, 235, 223, 44, 85, 190, 91, 120, 233, 124, 120, 92, 56,
       175, 212, 49, 247, 111, 153, 172, 24, 5, 240, 29, 156, 73, 16,
       242, 51, 189, 88, 87, 32, 250 ]
