%YAML:1.0
descriptors: !!opencv-matrix
   rows: 13
   cols: 64
   dt: u
   data: [ 63, 177, 236, 190, 63, 189, 221, 30, 183, 254, 245, 241, 61,
       122, 52, 95, 253, 246, 99, 243, 245, 54, 209, 119, 197, 191, 229,
       127, 90, 93, 245, 235, 223, 44, 87, 190, 90, 120, 233, 116, 120,
       94, 56, 47, 212, 117, 245, 111, 153, 172, 24, 5, 240, 29, 156, 73,
       16, 242, 51, 189, 88, 87, 32, 250, 63, 186, 205, 166, 63, 249,
       157, 60, 127, 252, 214, 245, 253, 127, 57, 209, 249, 246, 97, 243,
       229, 100, 195, 115, 205, 255, 224, 191, 126, 95, 241, 235, 215,
       36, 85, 186, 91, 122, 233, 116, 112, 92, 58, 47, 213, 21, 247,
       111, 153, 172, 24, 5, 240, 29, 156, 73, 16, 242, 51, 189, 88, 87,
       32, 250, 63, 182, 125, 231, 62, 189, 187, 120, 255, 254, 214, 247,
       253, 127, 249, 85, 246, 255, 67, 115, 245, 98, 211, 246, 221, 190,
       245, 255, 126, 95, 245, 235, 223, 44, 85, 190, 91, 122, 233, 124,
       248, 92, 58, 47, 213, 53, 247, 111, 153, 172, 24, 5, 240, 29, 156,
       73, 16, 242, 51, 189, 90, 87, 32, 250, 60, 177, 125, 254, 62, 189,
       253, 120, 247, 254, 213, 251, 253, 127, 180, 85, 246, 255, 67, 99,
       245, 118, 195, 247, 237, 190, 229, 255, 122, 223, 245, 235, 223,
       44, 87, 190, 219, 120, 249, 125, 120, 93, 57, 47, 212, 53, 247,
       111, 153, 172, 24, 5, 240, 29, 156, 73, 24, 242, 51, 189, 88, 87,
       32, 250, 44, 35, 237, 186, 50, 61, 165, 119, 117, 220, 70, 149,
       93, 63, 185, 70, 234, 220, 65, 99, 245, 100, 193, 243, 89, 40,
       164, 136, 120, 132, 49, 235, 215, 36, 87, 186, 83, 122, 233, 116,
       124, 92, 56, 47, 212, 52, 247, 111, 153, 172, 24, 5, 240, 29, 156,
       73, 16, 242, 51, 189, 88, 87, 32, 250, 55, 182, 125, 134, 55, 156,
       157, 72, 230, 70, 151, 112, 237, 63, 176, 85, 246, 246, 3, 241,
       193, 34, 209, 118, 205, 156, 229, 73, 82, 28, 241, 105, 215, 44,
       87, 190, 90, 120, 169, 116, 112, 92, 56, 47, 212, 20, 244, 111,
       153, 172, 24, 5, 240, 29, 156, 73, 16, 242, 51, 189, 88, 87, 32,
       250, 191, 213, 108, 134, 183, 157, 31, 8, 166, 71, 189, 122, 189,
       106, 116, 85, 244, 247, 6, 245, 3, 114, 145, 118, 76, 158, 225,
       121, 82, 62, 245, 41, 210, 44, 86, 158, 74, 120, 129, 220, 50,
       219, 60, 47, 208, 20, 244, 14, 153, 172, 16, 5, 98, 29, 159, 73,
       24, 242, 49, 189, 88, 87, 32, 248, 70, 3, 129, 144, 0, 2, 0, 78,
       2, 2, 3, 4, 0, 192, 128, 3, 66, 68, 0, 4, 2, 164, 192, 3, 14, 128,
       130, 13, 18, 8, 0, 9, 82, 38, 84, 154, 0, 96, 3, 68, 0, 96, 16,
       10, 0, 12, 193, 206, 16, 36, 16, 4, 32, 24, 148, 3, 0, 34, 48, 56,
       72, 4, 32, 240, 44, 42, 229, 168, 26, 127, 161, 127, 244, 124,
       206, 53, 121, 63, 187, 228, 235, 220, 195, 96, 241, 1, 204, 181,
       93, 169, 12, 129, 123, 204, 51, 203, 221, 36, 87, 186, 82, 114,
       137, 124, 124, 85, 24, 38, 84, 183, 102, 236, 153, 44, 24, 4, 242,
       29, 156, 73, 16, 226, 35, 188, 88, 71, 32, 250, 5, 2, 1, 160, 25,
       130, 34, 72, 0, 106, 2, 48, 0, 3, 128, 1, 74, 69, 1, 64, 192, 33,
       192, 67, 76, 152, 128, 5, 18, 8, 33, 73, 87, 36, 85, 186, 16, 120,
       33, 84, 96, 64, 24, 11, 193, 0, 229, 79, 24, 172, 24, 5, 240, 28,
       156, 65, 16, 114, 51, 189, 72, 87, 32, 250, 59, 252, 125, 207,
       191, 221, 217, 56, 255, 245, 63, 253, 189, 126, 252, 244, 255,
       246, 66, 187, 247, 122, 219, 127, 249, 247, 231, 123, 127, 251,
       223, 239, 159, 236, 95, 150, 254, 219, 251, 127, 241, 221, 239,
       111, 244, 54, 253, 111, 187, 254, 137, 79, 246, 133, 159, 121, 52,
       243, 246, 175, 251, 255, 173, 222, 204, 42, 239, 253, 250, 247,
       251, 255, 189, 255, 206, 191, 223, 245, 187, 238, 139, 221, 251,
       107, 253, 253, 206, 187, 79, 107, 182, 183, 121, 69, 63, 239, 255,
       35, 85, 187, 87, 255, 253, 116, 248, 124, 251, 62, 245, 167, 195,
       123, 189, 172, 28, 5, 241, 61, 157, 73, 84, 254, 51, 191, 218, 86,
       33, 254, 58, 253, 253, 255, 55, 253, 221, 57, 255, 215, 253, 248,
       191, 122, 180, 94, 255, 247, 118, 251, 247, 127, 211, 119, 253,
       247, 247, 63, 127, 251, 247, 235, 207, 108, 135, 190, 222, 121,
       250, 125, 120, 223, 247, 109, 245, 53, 245, 111, 191, 190, 153,
       15, 248, 29, 220, 85, 56, 243, 115, 255, 251, 223, 172, 222 ]
