%YAML:1.0
descriptors: !!opencv-matrix
   rows: 8
   cols: 64
   dt: u
   data: [ 199, 32, 65, 146, 221, 130, 3, 72, 194, 99, 1, 114, 163, 195,
       128, 81, 98, 197, 5, 97, 139, 164, 136, 107, 78, 138, 160, 15,
       146, 8, 33, 109, 83, 38, 20, 154, 66, 56, 5, 214, 128, 66, 24,
       139, 192, 24, 192, 135, 25, 36, 16, 0, 96, 24, 132, 73, 16, 112,
       49, 156, 88, 86, 32, 185, 68, 33, 147, 212, 64, 134, 74, 71, 2,
       34, 1, 20, 211, 192, 147, 26, 226, 69, 48, 102, 142, 173, 194, 3,
       14, 194, 166, 13, 2, 8, 16, 8, 83, 39, 85, 187, 0, 108, 71, 86,
       32, 96, 144, 74, 169, 28, 129, 143, 81, 172, 16, 85, 49, 88, 20,
       75, 81, 122, 49, 187, 88, 68, 49, 242, 7, 6, 65, 130, 153, 128, 7,
       72, 36, 64, 2, 34, 129, 11, 128, 5, 10, 68, 1, 96, 8, 128, 138,
       32, 68, 144, 24, 1, 146, 8, 1, 9, 80, 36, 84, 154, 0, 112, 5, 22,
       0, 64, 8, 139, 64, 0, 64, 0, 16, 36, 16, 0, 1, 24, 132, 8, 16, 96,
       32, 60, 72, 6, 32, 248, 61, 21, 124, 190, 55, 37, 57, 126, 52, 68,
       213, 52, 61, 47, 177, 87, 242, 212, 65, 96, 113, 34, 193, 51, 76,
       168, 160, 25, 114, 28, 120, 233, 208, 36, 20, 186, 82, 122, 129,
       116, 208, 90, 24, 14, 208, 20, 193, 78, 153, 172, 24, 5, 240, 29,
       156, 73, 24, 242, 51, 188, 88, 86, 34, 251, 84, 33, 145, 208, 16,
       7, 64, 103, 6, 2, 1, 16, 81, 194, 177, 66, 98, 84, 0, 102, 7, 184,
       228, 3, 14, 130, 166, 73, 0, 140, 16, 40, 114, 6, 52, 154, 0, 116,
       67, 212, 144, 226, 148, 74, 10, 28, 1, 206, 17, 36, 114, 212, 34,
       24, 21, 73, 128, 114, 41, 27, 73, 36, 35, 241, 84, 49, 145, 144,
       16, 2, 64, 71, 2, 2, 1, 20, 67, 194, 144, 114, 114, 198, 0, 102,
       3, 168, 164, 3, 142, 130, 166, 73, 130, 140, 144, 40, 114, 6, 20,
       154, 0, 116, 3, 212, 130, 66, 144, 66, 8, 28, 65, 206, 65, 36,
       114, 16, 32, 24, 4, 73, 128, 112, 33, 24, 92, 4, 35, 177, 191,
       244, 125, 134, 255, 21, 29, 217, 230, 71, 181, 122, 191, 43, 182,
       93, 242, 246, 39, 113, 89, 214, 177, 116, 222, 169, 253, 59, 243,
       24, 124, 41, 208, 108, 22, 222, 66, 112, 129, 252, 86, 203, 28,
       15, 208, 20, 212, 12, 153, 172, 16, 5, 106, 29, 157, 73, 24, 242,
       49, 156, 92, 86, 34, 249, 191, 240, 253, 170, 191, 21, 29, 76,
       230, 103, 53, 186, 191, 171, 182, 93, 242, 246, 5, 96, 73, 130,
       163, 52, 78, 136, 168, 9, 211, 24, 112, 41, 240, 36, 20, 186, 66,
       112, 129, 244, 82, 202, 24, 15, 208, 20, 192, 12, 153, 172, 16, 5,
       112, 29, 148, 73, 16, 242, 49, 188, 88, 86, 34, 249 ]
