%YAML:1.0
descriptors: !!opencv-matrix
   rows: 20
   cols: 64
   dt: u
   data: [ 63, 49, 125, 150, 63, 181, 29, 120, 230, 78, 209, 112, 253,
       107, 180, 84, 242, 212, 3, 96, 193, 32, 193, 119, 76, 154, 160,
       15, 82, 8, 113, 105, 215, 36, 84, 186, 82, 120, 233, 116, 112, 92,
       56, 15, 212, 20, 245, 79, 153, 172, 24, 5, 240, 29, 156, 73, 16,
       242, 51, 189, 88, 87, 32, 250, 62, 50, 117, 162, 61, 188, 173,
       121, 244, 190, 210, 53, 237, 63, 153, 85, 242, 212, 3, 96, 193,
       34, 193, 116, 77, 156, 164, 11, 82, 12, 49, 234, 215, 36, 85, 186,
       82, 122, 169, 116, 112, 92, 24, 46, 212, 20, 244, 111, 153, 172,
       24, 5, 240, 29, 156, 73, 16, 242, 51, 188, 88, 87, 32, 250, 63,
       244, 125, 254, 191, 221, 95, 9, 239, 101, 61, 248, 189, 127, 252,
       84, 255, 247, 4, 115, 175, 122, 147, 126, 253, 223, 231, 127, 119,
       187, 221, 239, 151, 236, 71, 158, 202, 121, 251, 127, 51, 223,
       237, 105, 213, 20, 253, 63, 145, 166, 144, 15, 236, 21, 158, 121,
       56, 242, 242, 191, 248, 223, 40, 254, 50, 193, 153, 222, 34, 158,
       93, 11, 199, 230, 61, 200, 31, 234, 52, 94, 183, 215, 32, 43, 134,
       60, 208, 103, 121, 215, 167, 63, 3, 187, 92, 105, 135, 166, 3,
       154, 194, 72, 250, 90, 34, 251, 229, 105, 182, 28, 245, 47, 211,
       168, 145, 77, 44, 1, 180, 211, 17, 114, 122, 123, 89, 213, 25,
       250, 124, 60, 239, 168, 30, 127, 161, 255, 245, 254, 222, 181,
       125, 190, 251, 231, 235, 220, 67, 104, 241, 210, 236, 52, 77, 169,
       172, 137, 91, 95, 59, 251, 241, 36, 85, 186, 86, 114, 161, 116,
       250, 92, 26, 46, 84, 183, 66, 108, 153, 44, 30, 5, 240, 29, 157,
       73, 16, 242, 43, 188, 88, 86, 34, 250, 191, 117, 125, 150, 55, 21,
       95, 121, 230, 70, 181, 50, 125, 107, 180, 84, 242, 214, 6, 100,
       83, 242, 177, 54, 220, 170, 229, 89, 242, 28, 252, 41, 210, 44,
       20, 190, 194, 112, 129, 220, 18, 202, 28, 15, 208, 20, 229, 78,
       153, 172, 16, 5, 120, 29, 148, 73, 24, 242, 49, 189, 88, 86, 34,
       249, 67, 7, 128, 18, 193, 2, 3, 10, 34, 4, 1, 64, 2, 235, 128, 0,
       98, 69, 4, 36, 66, 47, 128, 99, 74, 146, 8, 13, 146, 8, 0, 9, 150,
       39, 16, 154, 0, 0, 7, 204, 128, 96, 8, 131, 1, 24, 225, 206, 17,
       36, 16, 4, 49, 24, 132, 139, 16, 114, 50, 29, 72, 85, 32, 249, 55,
       54, 81, 166, 159, 128, 15, 8, 230, 66, 17, 112, 173, 75, 160, 85,
       242, 246, 1, 112, 193, 34, 145, 118, 196, 152, 224, 9, 18, 24, 97,
       105, 87, 44, 86, 190, 74, 120, 161, 84, 96, 72, 24, 15, 208, 84,
       244, 79, 152, 172, 24, 5, 112, 28, 156, 73, 16, 242, 51, 188, 88,
       87, 32, 248, 126, 49, 241, 180, 22, 7, 25, 103, 198, 68, 81, 52,
       85, 134, 179, 86, 226, 212, 3, 100, 9, 128, 196, 55, 12, 136, 164,
       9, 82, 12, 48, 40, 112, 36, 21, 186, 66, 112, 1, 84, 16, 72, 28,
       14, 192, 20, 192, 76, 153, 172, 24, 5, 112, 28, 148, 73, 16, 242,
       51, 188, 88, 86, 34, 248, 36, 33, 241, 178, 16, 6, 32, 111, 196,
       194, 192, 52, 113, 167, 147, 70, 234, 212, 3, 100, 65, 130, 197,
       55, 76, 136, 164, 9, 82, 12, 48, 104, 80, 36, 21, 186, 82, 112, 1,
       84, 48, 64, 24, 14, 68, 20, 193, 78, 153, 44, 24, 5, 240, 28, 156,
       73, 16, 242, 51, 188, 88, 86, 32, 250, 68, 1, 0, 144, 1, 2, 0, 79,
       134, 2, 131, 4, 17, 128, 179, 6, 66, 20, 3, 68, 2, 162, 196, 2,
       20, 128, 164, 9, 16, 136, 16, 8, 96, 36, 6, 186, 0, 96, 1, 68,
       128, 64, 20, 10, 64, 76, 129, 78, 17, 44, 16, 4, 32, 24, 148, 65,
       144, 98, 33, 156, 72, 6, 32, 240, 70, 2, 1, 130, 17, 2, 2, 76, 0,
       2, 0, 0, 1, 2, 161, 3, 66, 84, 1, 68, 8, 128, 8, 0, 4, 128, 8, 9,
       146, 8, 1, 8, 48, 4, 20, 154, 0, 112, 5, 86, 0, 66, 16, 8, 64, 28,
       64, 4, 16, 44, 16, 4, 1, 24, 132, 8, 144, 96, 33, 28, 76, 86, 32,
       177, 67, 4, 1, 2, 72, 6, 6, 0, 34, 68, 7, 0, 16, 35, 0, 16, 102,
       3, 0, 36, 192, 1, 128, 96, 24, 128, 12, 13, 2, 136, 17, 73, 20,
       36, 0, 154, 66, 64, 5, 204, 0, 64, 24, 139, 64, 8, 192, 76, 17,
       36, 16, 4, 48, 24, 156, 75, 16, 114, 50, 188, 72, 22, 32, 248, 97,
       6, 5, 2, 72, 134, 7, 120, 226, 14, 0, 1, 0, 41, 4, 1, 102, 229,
       27, 100, 208, 35, 128, 228, 72, 232, 172, 12, 16, 8, 33, 73, 220,
       37, 84, 187, 80, 48, 5, 108, 80, 66, 24, 143, 209, 120, 192, 76,
       25, 172, 24, 0, 241, 56, 156, 195, 80, 254, 51, 156, 88, 87, 32,
       249, 23, 58, 197, 54, 61, 248, 189, 126, 248, 184, 218, 247, 236,
       55, 139, 51, 235, 197, 35, 115, 197, 37, 195, 119, 77, 222, 176,
       175, 82, 14, 35, 107, 215, 36, 85, 186, 90, 56, 233, 116, 112, 92,
       56, 47, 213, 17, 245, 111, 153, 172, 24, 1, 240, 29, 156, 73, 16,
       242, 51, 189, 88, 87, 32, 250, 63, 50, 125, 162, 62, 183, 175, 88,
       246, 254, 210, 51, 237, 63, 185, 87, 250, 245, 3, 96, 225, 35,
       195, 118, 76, 184, 180, 13, 82, 28, 113, 235, 215, 36, 85, 190,
       82, 120, 233, 116, 120, 92, 56, 47, 213, 20, 245, 111, 153, 172,
       24, 5, 240, 29, 156, 73, 16, 242, 51, 189, 88, 87, 32, 250, 126,
       51, 125, 182, 127, 183, 31, 88, 230, 254, 209, 54, 253, 111, 176,
       87, 242, 213, 3, 99, 225, 39, 195, 119, 76, 222, 244, 15, 82, 12,
       113, 235, 215, 36, 85, 190, 82, 120, 225, 116, 112, 92, 56, 47,
       213, 20, 229, 111, 153, 172, 24, 5, 240, 29, 156, 73, 16, 242, 51,
       189, 88, 87, 32, 250, 127, 51, 253, 182, 55, 183, 31, 120, 246,
       254, 215, 50, 253, 126, 178, 87, 250, 213, 35, 103, 229, 55, 195,
       119, 204, 222, 244, 61, 82, 28, 117, 233, 215, 36, 85, 190, 82,
       120, 233, 116, 112, 92, 56, 47, 213, 20, 245, 111, 153, 172, 24,
       5, 240, 29, 156, 73, 16, 242, 51, 189, 88, 87, 32, 250, 62, 49,
       253, 180, 23, 39, 61, 126, 228, 110, 209, 54, 125, 111, 179, 87,
       250, 213, 67, 96, 225, 39, 193, 119, 76, 184, 180, 141, 82, 28,
       113, 233, 215, 36, 85, 190, 82, 120, 193, 116, 120, 92, 56, 47,
       213, 21, 229, 111, 153, 172, 24, 5, 240, 29, 156, 73, 16, 242, 51,
       189, 88, 87, 32, 250, 63, 53, 253, 182, 55, 167, 27, 124, 230, 68,
       215, 52, 253, 110, 179, 87, 250, 245, 67, 98, 241, 35, 195, 119,
       204, 168, 244, 13, 82, 28, 241, 233, 215, 44, 85, 190, 82, 120,
       193, 84, 112, 92, 56, 47, 213, 20, 229, 111, 153, 172, 24, 5, 240,
       29, 156, 73, 16, 242, 51, 189, 88, 87, 32, 250 ]
