%YAML:1.0
descriptors: !!opencv-matrix
   rows: 24
   cols: 64
   dt: u
   data: [ 62, 49, 253, 182, 54, 39, 125, 123, 214, 254, 213, 245, 125,
       110, 180, 86, 246, 222, 99, 99, 245, 38, 193, 119, 220, 170, 228,
       207, 82, 156, 245, 233, 215, 36, 87, 190, 83, 120, 233, 124, 120,
       92, 49, 47, 212, 21, 247, 111, 153, 172, 24, 5, 240, 29, 156, 73,
       16, 242, 51, 189, 88, 87, 32, 250, 58, 213, 252, 190, 63, 55, 221,
       59, 247, 254, 245, 241, 61, 122, 61, 95, 254, 246, 99, 243, 245,
       54, 209, 119, 253, 187, 225, 95, 91, 93, 245, 235, 207, 44, 87,
       190, 219, 120, 233, 117, 120, 95, 58, 47, 212, 53, 247, 111, 153,
       172, 24, 5, 240, 29, 156, 73, 16, 242, 51, 189, 90, 87, 32, 251,
       63, 182, 125, 163, 255, 181, 191, 120, 254, 126, 210, 115, 237,
       127, 185, 85, 242, 245, 3, 112, 225, 35, 203, 124, 204, 252, 253,
       175, 90, 29, 241, 239, 215, 44, 85, 190, 90, 120, 233, 116, 120,
       92, 58, 47, 213, 17, 247, 111, 153, 172, 24, 5, 240, 29, 156, 73,
       16, 242, 51, 189, 88, 87, 32, 250, 63, 186, 236, 230, 63, 253,
       157, 124, 63, 252, 214, 241, 189, 63, 252, 213, 251, 244, 97, 251,
       245, 96, 195, 115, 109, 191, 241, 59, 126, 93, 117, 239, 215, 36,
       85, 186, 86, 122, 233, 116, 112, 92, 58, 47, 213, 21, 245, 111,
       153, 172, 24, 5, 240, 29, 157, 73, 16, 242, 51, 189, 88, 87, 32,
       250, 253, 254, 255, 239, 255, 255, 255, 253, 255, 253, 255, 255,
       255, 190, 255, 253, 251, 245, 127, 107, 253, 223, 247, 61, 255,
       239, 255, 191, 255, 95, 127, 255, 229, 109, 125, 255, 214, 119,
       249, 255, 223, 223, 255, 62, 223, 175, 252, 61, 141, 181, 94, 141,
       250, 191, 159, 77, 248, 246, 123, 254, 223, 142, 46, 188, 62, 241,
       125, 254, 55, 253, 253, 120, 247, 254, 221, 253, 253, 126, 189,
       87, 255, 254, 99, 251, 245, 118, 195, 247, 237, 254, 245, 255, 90,
       223, 245, 235, 223, 44, 87, 190, 219, 120, 233, 117, 120, 93, 57,
       47, 213, 53, 247, 111, 153, 174, 24, 7, 240, 29, 156, 73, 16, 242,
       51, 189, 120, 87, 32, 250, 63, 245, 253, 254, 55, 189, 253, 123,
       247, 222, 253, 248, 253, 126, 180, 94, 251, 214, 99, 107, 247,
       126, 193, 119, 237, 191, 231, 251, 123, 126, 245, 235, 215, 36,
       85, 190, 210, 120, 249, 117, 122, 95, 185, 47, 246, 21, 245, 111,
       153, 172, 24, 5, 240, 29, 156, 77, 16, 242, 51, 191, 89, 87, 34,
       251, 198, 33, 195, 214, 89, 130, 69, 79, 198, 225, 1, 114, 179,
       194, 162, 91, 234, 213, 33, 71, 207, 173, 226, 99, 14, 219, 178,
       47, 18, 8, 48, 106, 215, 39, 20, 187, 82, 124, 103, 116, 80, 104,
       56, 107, 217, 28, 213, 239, 153, 172, 24, 5, 240, 24, 156, 73, 16,
       242, 51, 189, 88, 87, 33, 250, 254, 177, 255, 183, 255, 183, 255,
       248, 254, 255, 213, 255, 255, 254, 178, 94, 250, 213, 123, 103,
       253, 39, 195, 119, 204, 250, 252, 191, 82, 93, 247, 235, 215, 37,
       85, 191, 82, 120, 233, 116, 120, 92, 56, 47, 213, 21, 247, 111,
       157, 172, 24, 5, 240, 29, 156, 73, 16, 242, 51, 189, 88, 87, 32,
       250, 3, 0, 65, 130, 25, 2, 5, 74, 134, 38, 1, 16, 49, 14, 176, 65,
       194, 84, 1, 96, 128, 130, 136, 34, 76, 128, 128, 9, 146, 8, 17,
       73, 209, 36, 84, 154, 66, 112, 1, 86, 16, 64, 8, 11, 80, 20, 228,
       77, 17, 44, 16, 4, 48, 24, 132, 73, 16, 114, 33, 188, 72, 86, 32,
       248, 187, 214, 124, 239, 255, 253, 255, 184, 255, 255, 252, 251,
       173, 61, 108, 93, 253, 255, 255, 187, 253, 119, 219, 252, 241,
       127, 249, 254, 127, 119, 239, 255, 223, 249, 223, 53, 255, 185,
       248, 123, 127, 95, 235, 191, 213, 241, 255, 123, 190, 223, 153,
       11, 252, 165, 218, 253, 126, 247, 247, 255, 243, 219, 252, 94,
       103, 34, 229, 147, 217, 150, 3, 72, 238, 103, 2, 52, 169, 127,
       153, 69, 226, 213, 27, 102, 205, 39, 139, 125, 78, 200, 172, 47,
       18, 8, 49, 79, 215, 39, 85, 187, 82, 122, 101, 86, 112, 84, 8, 14,
       85, 28, 193, 7, 153, 44, 24, 4, 241, 29, 156, 75, 16, 242, 51,
       189, 88, 87, 32, 248, 187, 253, 125, 223, 255, 239, 215, 121, 255,
       85, 252, 251, 255, 126, 244, 253, 251, 247, 127, 118, 247, 63,
       179, 118, 254, 255, 119, 63, 255, 219, 255, 173, 206, 111, 31,
       222, 214, 113, 255, 125, 123, 223, 255, 255, 221, 52, 253, 103,
       173, 181, 219, 12, 248, 190, 158, 73, 120, 246, 123, 191, 218, 95,
       174, 248, 226, 168, 203, 147, 219, 134, 199, 200, 206, 103, 0,
       126, 179, 206, 182, 76, 226, 213, 57, 102, 207, 175, 139, 109, 78,
       194, 190, 47, 146, 9, 19, 111, 215, 39, 85, 187, 82, 117, 111,
       118, 112, 88, 8, 15, 221, 28, 253, 147, 157, 172, 24, 5, 241, 29,
       156, 75, 16, 250, 51, 189, 88, 85, 48, 248, 250, 217, 190, 222,
       47, 143, 221, 43, 159, 253, 117, 217, 191, 248, 52, 94, 180, 215,
       124, 187, 182, 63, 243, 127, 251, 250, 231, 126, 123, 241, 220,
       239, 199, 191, 50, 117, 255, 221, 250, 255, 83, 255, 231, 111,
       187, 28, 253, 235, 253, 226, 187, 223, 252, 124, 188, 198, 115,
       255, 255, 251, 251, 61, 147, 255, 196, 43, 227, 209, 216, 134, 71,
       206, 166, 103, 1, 62, 147, 239, 179, 79, 202, 85, 57, 102, 143,
       173, 202, 43, 78, 194, 190, 47, 146, 8, 18, 79, 83, 39, 85, 187,
       66, 124, 103, 86, 16, 96, 8, 78, 205, 28, 205, 147, 29, 44, 24, 5,
       113, 24, 156, 75, 16, 124, 49, 189, 72, 84, 49, 250, 69, 33, 231,
       145, 208, 135, 103, 110, 132, 101, 131, 50, 211, 236, 178, 70,
       194, 85, 59, 102, 207, 173, 194, 35, 78, 202, 158, 45, 82, 12, 48,
       9, 87, 39, 84, 187, 2, 120, 71, 84, 112, 112, 24, 15, 205, 28,
       229, 143, 25, 172, 24, 5, 113, 28, 156, 75, 16, 250, 51, 189, 72,
       86, 33, 250, 59, 254, 255, 111, 191, 253, 255, 189, 255, 253, 222,
       253, 255, 127, 251, 253, 255, 183, 251, 187, 245, 127, 255, 253,
       241, 127, 245, 255, 127, 243, 255, 255, 207, 232, 207, 116, 255,
       155, 249, 125, 125, 93, 235, 191, 213, 227, 255, 111, 191, 255,
       143, 207, 246, 165, 219, 93, 126, 247, 255, 255, 251, 255, 236,
       222, 109, 62, 231, 249, 124, 247, 43, 254, 173, 254, 235, 52, 77,
       189, 219, 231, 235, 253, 107, 106, 191, 197, 222, 187, 79, 237,
       174, 191, 80, 31, 123, 223, 113, 37, 245, 187, 82, 246, 245, 94,
       60, 84, 120, 190, 79, 171, 103, 187, 152, 173, 92, 5, 241, 61,
       148, 77, 144, 246, 35, 189, 220, 198, 32, 246, 100, 34, 245, 144,
       24, 6, 41, 127, 192, 230, 195, 52, 65, 135, 155, 66, 226, 212, 3,
       96, 139, 161, 196, 59, 76, 136, 164, 9, 82, 12, 49, 75, 113, 36,
       85, 186, 0, 114, 1, 86, 144, 64, 24, 14, 68, 12, 193, 78, 153, 44,
       16, 5, 112, 29, 148, 73, 144, 242, 49, 188, 88, 70, 32, 240, 68,
       34, 241, 144, 16, 2, 33, 110, 128, 38, 194, 52, 65, 134, 145, 66,
       234, 68, 3, 96, 193, 160, 200, 19, 76, 136, 164, 9, 82, 12, 49,
       72, 81, 4, 85, 186, 0, 112, 1, 84, 48, 64, 16, 14, 68, 4, 65, 78,
       25, 44, 24, 4, 112, 28, 148, 73, 16, 226, 35, 188, 72, 6, 32, 242,
       118, 49, 113, 146, 16, 6, 9, 79, 198, 102, 17, 48, 117, 130, 145,
       86, 242, 212, 1, 100, 11, 160, 192, 38, 12, 128, 164, 9, 18, 136,
       48, 41, 96, 36, 20, 154, 66, 112, 1, 86, 128, 64, 16, 10, 64, 28,
       192, 12, 145, 44, 16, 4, 32, 24, 148, 73, 16, 114, 49, 156, 88, 6,
       32, 241, 125, 49, 245, 182, 119, 39, 63, 126, 244, 252, 215, 53,
       125, 238, 179, 86, 242, 213, 67, 102, 241, 37, 193, 119, 76, 234,
       160, 141, 82, 8, 112, 233, 215, 36, 85, 186, 83, 120, 193, 116,
       120, 92, 24, 46, 213, 21, 197, 79, 153, 172, 24, 5, 240, 29, 156,
       73, 16, 242, 51, 189, 88, 87, 32, 250, 124, 51, 245, 178, 127, 55,
       39, 126, 244, 126, 208, 53, 125, 127, 179, 71, 250, 213, 67, 102,
       241, 39, 193, 119, 76, 234, 164, 141, 82, 8, 113, 233, 215, 36,
       87, 186, 83, 120, 193, 116, 120, 92, 24, 47, 213, 21, 229, 111,
       153, 172, 24, 5, 240, 29, 156, 73, 16, 242, 51, 189, 88, 87, 32,
       250 ]
