%YAML:1.0
descriptors: !!opencv-matrix
   rows: 45
   cols: 64
   dt: u
   data: [ 62, 49, 253, 178, 23, 167, 61, 127, 214, 238, 212, 49, 125,
       10, 179, 87, 242, 212, 67, 96, 241, 39, 195, 119, 204, 168, 228,
       13, 82, 28, 113, 233, 215, 36, 85, 190, 82, 120, 233, 116, 112,
       92, 56, 47, 212, 20, 245, 111, 153, 172, 24, 5, 240, 29, 156, 73,
       16, 242, 51, 189, 88, 87, 32, 250, 60, 51, 245, 178, 55, 55, 33,
       127, 244, 94, 208, 53, 125, 127, 176, 86, 250, 212, 67, 96, 225,
       38, 193, 119, 76, 152, 164, 9, 82, 140, 113, 233, 215, 36, 87,
       186, 82, 120, 193, 116, 120, 92, 24, 15, 212, 20, 229, 79, 153,
       172, 24, 5, 240, 29, 156, 73, 16, 242, 51, 189, 88, 87, 32, 250,
       63, 49, 253, 182, 62, 165, 61, 126, 246, 100, 215, 49, 125, 106,
       177, 87, 250, 244, 3, 96, 225, 34, 195, 119, 204, 184, 164, 13,
       82, 12, 113, 233, 215, 36, 85, 190, 82, 120, 225, 124, 120, 92,
       24, 15, 212, 20, 229, 79, 153, 172, 24, 5, 240, 29, 156, 73, 16,
       242, 51, 189, 88, 87, 32, 250, 62, 51, 245, 178, 55, 181, 47, 125,
       230, 254, 208, 55, 253, 47, 179, 87, 242, 213, 67, 96, 225, 39,
       195, 119, 204, 136, 228, 13, 82, 28, 113, 233, 215, 36, 85, 190,
       82, 120, 201, 116, 112, 92, 56, 47, 212, 20, 229, 111, 153, 172,
       24, 5, 240, 29, 156, 73, 16, 242, 51, 189, 88, 87, 32, 250, 62,
       49, 253, 182, 55, 39, 57, 126, 212, 84, 213, 53, 125, 126, 178,
       86, 250, 212, 67, 96, 225, 38, 193, 119, 76, 138, 164, 9, 82, 140,
       113, 233, 215, 36, 87, 186, 82, 120, 201, 116, 120, 92, 48, 47,
       212, 20, 245, 111, 153, 172, 24, 5, 240, 29, 156, 73, 16, 242, 51,
       189, 88, 87, 32, 250, 61, 50, 125, 178, 62, 181, 63, 124, 246,
       126, 214, 49, 253, 63, 177, 87, 250, 244, 3, 96, 225, 34, 195,
       119, 76, 184, 164, 13, 82, 12, 113, 233, 215, 36, 85, 186, 82,
       120, 233, 124, 112, 92, 56, 47, 212, 20, 245, 111, 153, 172, 24,
       5, 240, 29, 156, 73, 16, 242, 51, 189, 88, 87, 32, 250, 56, 49,
       253, 182, 54, 55, 57, 126, 212, 92, 213, 53, 125, 126, 178, 84,
       250, 212, 67, 96, 241, 34, 193, 119, 76, 170, 164, 137, 82, 12,
       113, 233, 215, 36, 85, 186, 82, 120, 201, 116, 120, 92, 56, 47,
       212, 20, 245, 111, 153, 172, 24, 5, 240, 29, 156, 73, 16, 242, 51,
       189, 88, 87, 32, 250, 63, 50, 125, 182, 55, 181, 63, 120, 246,
       126, 214, 51, 237, 59, 177, 87, 242, 213, 3, 96, 225, 38, 195,
       119, 204, 136, 224, 13, 82, 28, 113, 233, 215, 36, 85, 190, 82,
       120, 225, 116, 112, 92, 56, 47, 212, 20, 245, 111, 153, 172, 24,
       5, 240, 29, 156, 73, 16, 242, 51, 189, 88, 87, 32, 250, 61, 176,
       255, 172, 55, 103, 189, 126, 212, 252, 221, 245, 127, 14, 183,
       126, 251, 220, 99, 97, 241, 7, 229, 247, 205, 233, 244, 139, 83,
       12, 115, 235, 221, 36, 85, 190, 83, 120, 233, 116, 120, 92, 56,
       47, 213, 53, 247, 111, 153, 172, 24, 5, 240, 29, 156, 73, 16, 242,
       51, 189, 88, 87, 32, 250, 31, 51, 85, 183, 62, 177, 159, 120, 242,
       190, 210, 119, 253, 127, 177, 81, 246, 247, 3, 243, 229, 32, 195,
       118, 204, 190, 228, 255, 90, 14, 241, 107, 215, 44, 85, 190, 90,
       120, 233, 116, 112, 92, 56, 47, 212, 20, 245, 111, 153, 172, 24,
       5, 240, 29, 156, 73, 16, 242, 51, 189, 88, 87, 32, 250, 7, 55, 85,
       38, 52, 176, 142, 73, 226, 154, 131, 103, 236, 103, 137, 17, 238,
       198, 3, 243, 197, 32, 83, 118, 197, 158, 244, 233, 82, 12, 161,
       96, 215, 44, 85, 190, 90, 56, 233, 116, 112, 92, 56, 175, 212, 80,
       245, 111, 153, 172, 24, 1, 240, 29, 156, 73, 16, 242, 51, 189, 88,
       87, 32, 250, 45, 38, 109, 168, 158, 53, 35, 253, 244, 126, 194,
       53, 125, 63, 249, 229, 226, 252, 67, 96, 249, 194, 156, 52, 76,
       168, 44, 129, 218, 76, 57, 251, 112, 36, 87, 186, 82, 114, 5, 116,
       252, 84, 26, 14, 84, 135, 64, 68, 153, 45, 28, 4, 240, 29, 141,
       73, 16, 240, 35, 188, 88, 86, 34, 241, 191, 245, 125, 214, 55,
       189, 95, 121, 246, 71, 189, 250, 253, 123, 180, 85, 246, 246, 70,
       119, 119, 114, 145, 118, 252, 190, 229, 121, 114, 28, 245, 41,
       210, 44, 22, 190, 194, 120, 209, 245, 82, 219, 57, 15, 208, 20,
       245, 78, 153, 172, 16, 13, 120, 29, 158, 73, 24, 242, 115, 189,
       88, 87, 42, 249, 191, 117, 125, 150, 55, 29, 95, 89, 230, 70, 189,
       114, 125, 122, 180, 85, 246, 214, 6, 100, 83, 242, 177, 54, 220,
       138, 229, 89, 211, 28, 244, 41, 210, 36, 20, 190, 194, 112, 129,
       244, 82, 218, 24, 15, 208, 20, 229, 78, 153, 172, 16, 5, 120, 29,
       156, 73, 16, 242, 51, 189, 88, 86, 34, 249, 97, 6, 165, 2, 200,
       134, 3, 122, 226, 52, 2, 5, 193, 121, 17, 1, 102, 229, 195, 36,
       208, 39, 26, 247, 74, 40, 12, 4, 56, 8, 1, 72, 95, 47, 66, 184,
       80, 48, 5, 76, 212, 84, 24, 134, 65, 96, 129, 79, 184, 44, 24, 0,
       240, 28, 156, 65, 48, 114, 51, 156, 72, 6, 36, 248, 126, 53, 121,
       150, 54, 7, 29, 79, 198, 70, 149, 48, 125, 202, 180, 87, 242, 212,
       2, 100, 11, 160, 177, 54, 220, 136, 224, 9, 210, 28, 244, 41, 192,
       36, 20, 190, 66, 112, 129, 212, 18, 202, 28, 15, 208, 20, 196, 78,
       153, 172, 16, 5, 112, 29, 148, 73, 16, 242, 49, 188, 88, 86, 34,
       249, 55, 54, 113, 162, 157, 176, 15, 88, 230, 70, 131, 112, 173,
       75, 160, 85, 242, 246, 1, 112, 193, 34, 145, 116, 68, 152, 224, 9,
       210, 24, 97, 105, 84, 36, 84, 154, 66, 112, 1, 84, 16, 64, 24,
       143, 192, 0, 228, 79, 152, 172, 24, 4, 96, 29, 156, 73, 16, 242,
       51, 188, 88, 87, 32, 248, 67, 5, 0, 2, 64, 134, 6, 3, 2, 64, 3, 0,
       16, 32, 0, 20, 100, 19, 0, 132, 192, 33, 129, 67, 24, 128, 172,
       12, 2, 136, 16, 32, 0, 36, 0, 154, 66, 64, 6, 200, 0, 64, 24, 137,
       1, 12, 128, 78, 17, 44, 16, 4, 48, 24, 156, 195, 16, 114, 50, 156,
       72, 20, 32, 232, 92, 33, 213, 176, 16, 39, 33, 102, 196, 174, 66,
       52, 85, 166, 187, 82, 234, 212, 3, 100, 65, 128, 196, 55, 76, 136,
       164, 9, 82, 12, 48, 105, 112, 36, 85, 186, 82, 122, 1, 84, 48, 84,
       24, 14, 68, 20, 193, 78, 153, 44, 24, 5, 240, 29, 156, 73, 16,
       242, 51, 188, 88, 86, 32, 242, 63, 181, 125, 150, 63, 149, 223,
       73, 246, 71, 21, 242, 189, 122, 180, 85, 242, 215, 4, 99, 197, 38,
       193, 118, 236, 154, 225, 123, 82, 56, 245, 105, 215, 36, 20, 190,
       82, 120, 233, 116, 112, 222, 56, 47, 208, 20, 245, 111, 153, 172,
       24, 5, 240, 29, 156, 73, 16, 242, 51, 189, 88, 87, 32, 251, 6, 1,
       1, 144, 0, 6, 0, 71, 2, 66, 1, 4, 16, 194, 177, 3, 66, 68, 1, 68,
       2, 160, 0, 2, 12, 128, 132, 9, 130, 8, 16, 0, 96, 6, 20, 138, 0,
       98, 3, 196, 128, 96, 20, 8, 0, 28, 0, 204, 17, 44, 16, 4, 0, 24,
       4, 0, 144, 96, 1, 60, 72, 4, 34, 241, 3, 5, 0, 2, 0, 68, 4, 6, 34,
       4, 45, 64, 0, 9, 4, 33, 5, 98, 4, 128, 64, 32, 48, 130, 80, 37,
       133, 64, 33, 2, 1, 65, 132, 48, 0, 32, 8, 0, 8, 168, 98, 8, 56,
       163, 148, 80, 180, 76, 16, 128, 8, 8, 144, 8, 24, 0, 59, 3, 18,
       20, 0, 210, 68, 200, 4, 3, 129, 48, 0, 2, 32, 78, 128, 34, 130, 4,
       65, 129, 137, 2, 10, 76, 3, 64, 192, 162, 200, 19, 12, 136, 132,
       0, 16, 0, 33, 72, 81, 6, 81, 170, 0, 42, 1, 0, 128, 48, 16, 2, 64,
       0, 33, 202, 24, 44, 24, 0, 81, 29, 140, 0, 0, 98, 3, 180, 72, 86,
       32, 122, 12, 35, 209, 48, 16, 224, 32, 119, 192, 168, 66, 53, 65,
       134, 147, 66, 234, 212, 3, 98, 193, 32, 198, 19, 76, 136, 164, 9,
       82, 12, 49, 104, 117, 36, 85, 186, 82, 120, 1, 84, 112, 68, 24,
       46, 68, 20, 129, 110, 153, 172, 24, 5, 240, 28, 156, 73, 16, 242,
       51, 188, 88, 86, 32, 250, 63, 181, 125, 214, 63, 157, 223, 120,
       246, 117, 149, 250, 189, 122, 180, 85, 242, 215, 6, 99, 197, 38,
       195, 118, 204, 154, 245, 59, 82, 24, 245, 107, 215, 36, 84, 190,
       82, 120, 233, 117, 112, 94, 56, 47, 209, 20, 245, 111, 153, 172,
       24, 5, 240, 29, 156, 73, 16, 242, 51, 189, 88, 87, 32, 251, 4, 7,
       0, 0, 0, 76, 32, 103, 0, 132, 2, 4, 80, 132, 89, 162, 9, 72, 129,
