%YAML:1.0
descriptors: !!opencv-matrix
   rows: 40
   cols: 64
   dt: u
   data: [ 255, 61, 255, 183, 255, 255, 63, 250, 254, 127, 222, 255, 255,
       255, 254, 254, 251, 213, 39, 103, 237, 167, 195, 119, 79, 223,
       185, 47, 210, 30, 115, 235, 215, 36, 85, 186, 82, 120, 233, 116,
       112, 92, 56, 47, 213, 20, 245, 111, 153, 172, 24, 5, 240, 29, 156,
       73, 16, 242, 51, 189, 88, 87, 32, 250, 127, 49, 253, 178, 95, 167,
       39, 92, 246, 110, 212, 51, 253, 238, 178, 87, 250, 245, 35, 102,
       233, 39, 195, 119, 204, 250, 244, 45, 82, 12, 115, 105, 215, 36,
       85, 190, 82, 120, 233, 124, 112, 92, 56, 47, 213, 20, 245, 111,
       153, 172, 24, 5, 240, 29, 156, 73, 16, 242, 51, 189, 88, 87, 32,
       250, 126, 49, 255, 181, 223, 167, 191, 123, 246, 228, 215, 55,
       255, 239, 179, 87, 250, 213, 99, 102, 249, 39, 195, 119, 78, 254,
       188, 47, 82, 28, 115, 235, 215, 36, 85, 186, 82, 120, 233, 116,
       112, 92, 56, 47, 213, 20, 245, 111, 153, 172, 24, 5, 240, 29, 156,
       73, 16, 242, 51, 189, 88, 87, 32, 250, 124, 49, 253, 182, 127,
       231, 59, 126, 244, 100, 213, 55, 253, 239, 178, 84, 251, 213, 99,
       102, 225, 39, 195, 119, 78, 218, 180, 175, 82, 140, 115, 235, 215,
       36, 87, 186, 82, 120, 233, 116, 120, 92, 56, 47, 213, 21, 247,
       111, 153, 172, 24, 5, 240, 29, 156, 73, 16, 242, 51, 189, 88, 87,
       32, 250, 125, 51, 245, 180, 255, 183, 39, 122, 230, 116, 211, 51,
       253, 250, 178, 85, 250, 245, 99, 102, 233, 167, 195, 119, 78, 250,
       252, 47, 210, 12, 115, 233, 215, 36, 85, 190, 82, 120, 233, 124,
       112, 92, 56, 47, 213, 20, 245, 79, 153, 172, 24, 5, 240, 29, 156,
       73, 16, 242, 51, 189, 88, 87, 32, 250, 126, 51, 245, 176, 95, 183,
       47, 123, 230, 254, 216, 55, 253, 239, 179, 87, 251, 213, 99, 103,
       225, 39, 195, 119, 204, 222, 252, 47, 82, 28, 115, 235, 215, 36,
       85, 190, 82, 120, 233, 116, 112, 92, 56, 47, 213, 20, 245, 111,
       153, 172, 24, 5, 240, 29, 156, 73, 16, 242, 51, 189, 88, 87, 32,
       250, 124, 49, 253, 182, 254, 231, 59, 126, 212, 116, 213, 55, 255,
       222, 178, 102, 251, 213, 99, 100, 249, 167, 195, 119, 78, 250,
       180, 175, 82, 14, 115, 233, 215, 36, 85, 186, 82, 120, 233, 116,
       120, 92, 56, 47, 213, 21, 245, 111, 153, 172, 24, 5, 240, 29, 156,
       73, 16, 242, 51, 189, 88, 87, 32, 250, 125, 50, 245, 180, 127,
       183, 47, 126, 230, 126, 211, 51, 253, 127, 179, 86, 250, 245, 35,
       102, 225, 39, 195, 119, 76, 248, 188, 45, 82, 12, 113, 235, 215,
       36, 85, 186, 82, 120, 233, 124, 112, 92, 56, 47, 213, 20, 245,
       111, 153, 172, 24, 5, 240, 29, 156, 73, 16, 242, 51, 189, 88, 87,
       32, 250, 124, 50, 247, 166, 127, 183, 175, 127, 228, 253, 218,
       119, 255, 127, 178, 84, 251, 213, 99, 99, 225, 39, 195, 119, 78,
       222, 188, 47, 82, 12, 115, 235, 215, 36, 85, 186, 82, 120, 233,
       116, 112, 92, 56, 47, 213, 20, 245, 111, 153, 172, 24, 5, 240, 29,
       156, 73, 16, 242, 51, 189, 88, 87, 32, 250, 127, 50, 245, 178, 95,
       183, 15, 122, 230, 126, 210, 51, 237, 75, 179, 87, 250, 213, 99,
       96, 241, 39, 195, 119, 76, 248, 252, 45, 82, 28, 113, 233, 215,
       44, 85, 190, 82, 120, 233, 116, 112, 92, 56, 47, 213, 20, 245,
       111, 153, 172, 24, 5, 240, 29, 156, 73, 16, 242, 51, 189, 88, 87,
       32, 250, 127, 48, 245, 182, 127, 167, 55, 120, 246, 124, 214, 51,
       237, 95, 146, 87, 242, 213, 35, 96, 225, 39, 195, 119, 76, 248,
       180, 47, 82, 28, 113, 233, 215, 36, 85, 186, 82, 120, 233, 116,
       112, 92, 56, 47, 213, 20, 245, 111, 153, 172, 24, 5, 240, 29, 156,
       73, 16, 242, 51, 189, 88, 87, 32, 250, 255, 252, 255, 255, 255,
       255, 251, 249, 255, 253, 255, 251, 255, 250, 254, 252, 251, 245,
       127, 127, 125, 223, 183, 61, 191, 255, 255, 191, 255, 223, 126,
       191, 225, 109, 62, 255, 214, 119, 249, 255, 223, 223, 255, 191,
       203, 175, 248, 61, 143, 181, 223, 141, 234, 190, 159, 85, 248,
       246, 121, 219, 255, 143, 46, 181, 7, 54, 197, 54, 61, 170, 142, 8,
       250, 186, 154, 103, 236, 103, 11, 19, 237, 199, 35, 243, 197, 39,
       67, 118, 197, 222, 245, 239, 82, 14, 163, 98, 215, 44, 85, 190,
       90, 56, 233, 116, 120, 92, 56, 175, 213, 81, 245, 111, 153, 172,
       24, 1, 240, 29, 156, 73, 16, 242, 51, 189, 88, 87, 32, 250, 255,
       219, 254, 255, 255, 127, 251, 250, 191, 253, 253, 251, 191, 250,
       254, 252, 247, 215, 127, 107, 253, 247, 231, 118, 111, 255, 241,
       127, 255, 95, 255, 251, 247, 36, 84, 254, 86, 123, 249, 244, 210,
       95, 121, 63, 209, 23, 209, 111, 153, 173, 30, 5, 248, 29, 157, 73,
       16, 242, 51, 189, 88, 87, 34, 251, 188, 240, 255, 191, 63, 247,
       191, 252, 244, 255, 252, 255, 253, 126, 183, 125, 251, 221, 99,
       99, 245, 39, 199, 118, 205, 255, 245, 175, 83, 78, 115, 235, 215,
       36, 85, 190, 83, 120, 233, 116, 122, 92, 56, 47, 213, 53, 247,
       111, 153, 172, 24, 5, 240, 29, 156, 73, 16, 242, 51, 189, 88, 87,
       32, 250, 188, 178, 253, 182, 127, 247, 191, 124, 246, 255, 248,
       115, 253, 127, 178, 84, 251, 223, 99, 115, 245, 39, 195, 246, 204,
       255, 245, 255, 90, 94, 243, 235, 223, 44, 85, 190, 83, 120, 233,
       116, 120, 92, 56, 47, 213, 53, 247, 111, 153, 172, 24, 5, 240, 29,
       156, 73, 16, 242, 51, 189, 88, 87, 32, 250, 255, 254, 255, 255,
       255, 255, 191, 248, 253, 253, 254, 251, 255, 251, 255, 255, 251,
       245, 127, 107, 253, 199, 183, 116, 79, 255, 189, 191, 255, 95,
       119, 251, 243, 36, 85, 250, 82, 123, 233, 244, 250, 94, 58, 63,
       213, 135, 213, 109, 153, 173, 28, 5, 240, 29, 159, 73, 16, 242,
       51, 189, 88, 87, 32, 251, 7, 50, 81, 130, 221, 130, 3, 72, 226,
       64, 0, 50, 161, 75, 128, 81, 226, 213, 1, 100, 193, 37, 128, 99,
       78, 136, 168, 13, 146, 8, 49, 105, 86, 36, 84, 186, 66, 112, 1,
       84, 64, 64, 24, 11, 193, 20, 192, 79, 145, 36, 24, 4, 96, 24, 156,
       73, 16, 114, 51, 188, 88, 87, 32, 249, 118, 48, 209, 134, 223,
       130, 7, 10, 198, 97, 21, 114, 191, 202, 164, 92, 226, 215, 53,
       100, 193, 7, 131, 101, 78, 222, 233, 47, 146, 8, 17, 105, 215, 37,
       84, 186, 66, 112, 37, 116, 112, 90, 24, 11, 213, 28, 245, 79, 153,
       164, 24, 5, 240, 28, 156, 75, 16, 242, 51, 189, 88, 87, 32, 248,
       116, 48, 125, 130, 95, 135, 23, 120, 230, 68, 149, 48, 253, 47,
       176, 84, 242, 213, 67, 100, 209, 35, 195, 103, 76, 248, 172, 13,
       82, 140, 113, 105, 215, 36, 87, 186, 82, 120, 129, 116, 112, 88,
       24, 15, 213, 20, 229, 79, 153, 172, 24, 5, 240, 29, 156, 73, 16,
       242, 51, 189, 88, 87, 32, 250, 126, 49, 125, 150, 127, 135, 31,
       120, 246, 68, 149, 52, 253, 126, 176, 85, 242, 213, 67, 102, 193,
       35, 195, 118, 76, 218, 172, 13, 82, 140, 113, 233, 215, 36, 87,
       190, 82, 120, 233, 116, 112, 92, 24, 47, 213, 20, 245, 111, 153,
       172, 24, 5, 240, 29, 156, 73, 16, 242, 51, 189, 88, 87, 32, 250,
       126, 49, 125, 182, 254, 183, 63, 120, 246, 124, 213, 53, 253, 126,
       180, 84, 242, 213, 67, 102, 245, 35, 195, 119, 204, 234, 236, 175,
       82, 28, 117, 233, 215, 36, 85, 190, 82, 120, 233, 116, 120, 92,
       56, 47, 213, 21, 245, 111, 153, 172, 24, 5, 240, 29, 156, 73, 16,
       242, 51, 189, 88, 87, 32, 250, 65, 7, 1, 144, 64, 134, 34, 70, 0,
       70, 3, 4, 64, 37, 17, 2, 192, 73, 1, 100, 192, 33, 64, 3, 76, 200,
       140, 12, 0, 4, 48, 65, 86, 4, 81, 170, 0, 104, 5, 64, 48, 64, 24,
       14, 69, 8, 225, 78, 25, 172, 24, 5, 113, 29, 156, 73, 16, 98, 51,
       189, 72, 86, 32, 250, 68, 1, 129, 144, 0, 2, 2, 102, 0, 226, 1, 4,
       64, 132, 145, 2, 138, 68, 0, 100, 130, 161, 196, 131, 76, 128,
       128, 12, 0, 12, 17, 73, 113, 4, 21, 170, 0, 104, 1, 70, 48, 64,
       16, 14, 4, 28, 193, 78, 25, 44, 24, 5, 48, 24, 148, 72, 0, 98, 51,
       184, 72, 70, 32, 242, 95, 177, 223, 190, 127, 115, 187, 126, 118,
       252, 220, 181, 125, 126, 191, 123, 255, 215, 97, 99, 229, 37, 193,
