%YAML:1.0
descriptors: !!opencv-matrix
   rows: 12
   cols: 64
   dt: u
   data: [ 60, 177, 125, 182, 54, 181, 253, 115, 117, 254, 85, 241, 93,
       126, 180, 70, 242, 222, 65, 99, 245, 116, 193, 243, 217, 58, 164,
       219, 120, 220, 245, 235, 223, 36, 87, 186, 83, 120, 233, 124, 120,
       93, 57, 47, 212, 53, 247, 111, 153, 172, 24, 5, 240, 29, 156, 73,
       16, 242, 51, 189, 88, 87, 32, 250, 60, 178, 125, 166, 63, 189,
       189, 120, 246, 254, 215, 240, 253, 63, 188, 87, 250, 212, 67, 115,
       245, 98, 195, 247, 205, 190, 229, 187, 122, 28, 241, 235, 223, 44,
       85, 190, 82, 120, 233, 116, 120, 92, 56, 47, 212, 53, 247, 111,
       153, 172, 24, 5, 240, 29, 156, 73, 16, 242, 51, 189, 88, 87, 32,
       250, 63, 51, 253, 182, 55, 245, 185, 126, 118, 252, 214, 117, 125,
       127, 185, 87, 255, 254, 65, 243, 229, 96, 193, 115, 205, 170, 224,
       219, 122, 92, 245, 235, 215, 36, 85, 186, 91, 120, 233, 116, 112,
       93, 56, 46, 212, 21, 247, 111, 153, 172, 24, 5, 240, 29, 156, 73,
       16, 242, 51, 189, 88, 87, 32, 250, 62, 177, 253, 158, 55, 151, 29,
       126, 246, 196, 149, 240, 125, 122, 180, 87, 250, 214, 99, 115,
       213, 38, 193, 119, 205, 170, 228, 77, 82, 28, 245, 105, 215, 44,
       87, 190, 82, 120, 233, 116, 112, 92, 56, 47, 212, 52, 245, 111,
       153, 172, 24, 5, 240, 29, 156, 73, 16, 242, 51, 189, 88, 87, 32,
       250, 69, 46, 247, 129, 216, 79, 163, 245, 168, 84, 10, 87, 65, 53,
       219, 225, 203, 93, 137, 100, 68, 1, 142, 240, 79, 221, 28, 36,
       180, 10, 27, 31, 213, 67, 85, 154, 16, 242, 205, 20, 181, 20, 24,
       54, 77, 142, 124, 224, 137, 44, 124, 52, 145, 95, 140, 11, 16, 76,
       32, 45, 72, 71, 33, 250, 54, 49, 121, 150, 23, 132, 25, 73, 198,
       70, 145, 48, 101, 74, 144, 84, 242, 214, 2, 98, 195, 34, 193, 103,
       204, 138, 228, 73, 82, 12, 241, 105, 198, 36, 84, 190, 82, 120,
       193, 84, 80, 88, 16, 15, 208, 20, 161, 79, 153, 172, 24, 5, 240,
       29, 156, 65, 16, 242, 51, 189, 88, 87, 32, 250, 93, 239, 247, 201,
       192, 223, 163, 245, 59, 220, 142, 221, 213, 53, 255, 236, 255,
       221, 251, 110, 84, 65, 94, 241, 253, 125, 61, 236, 109, 206, 122,
       59, 221, 67, 117, 170, 16, 250, 253, 124, 245, 29, 56, 54, 93,
       182, 125, 228, 153, 172, 124, 53, 240, 93, 141, 77, 16, 220, 43,
       173, 88, 71, 35, 250, 190, 253, 125, 255, 55, 189, 255, 121, 255,
       223, 253, 251, 255, 122, 244, 95, 243, 247, 119, 123, 247, 126,
       211, 118, 253, 255, 247, 255, 127, 255, 255, 235, 215, 108, 214,
       254, 222, 121, 249, 253, 126, 223, 255, 47, 213, 53, 247, 111,
       159, 175, 152, 15, 250, 29, 158, 93, 56, 246, 115, 191, 123, 223,
       42, 251, 63, 243, 125, 254, 55, 189, 255, 120, 255, 255, 253, 251,
       253, 127, 252, 95, 255, 247, 99, 123, 245, 118, 195, 247, 237,
       255, 245, 255, 126, 95, 247, 235, 223, 44, 87, 190, 219, 120, 249,
       117, 120, 93, 57, 47, 213, 53, 247, 111, 153, 172, 24, 5, 240, 29,
       156, 73, 16, 242, 51, 189, 120, 87, 32, 250, 62, 180, 237, 174,
       63, 247, 157, 31, 247, 254, 212, 241, 125, 62, 61, 93, 253, 254,
       99, 243, 245, 39, 209, 119, 213, 255, 241, 255, 91, 94, 245, 235,
       207, 44, 87, 190, 219, 120, 233, 117, 120, 92, 58, 175, 213, 117,
       247, 111, 153, 172, 24, 5, 240, 29, 156, 73, 16, 242, 51, 189, 90,
       87, 32, 250, 62, 177, 255, 254, 54, 55, 253, 122, 247, 254, 213,
       240, 127, 234, 180, 94, 254, 223, 99, 243, 245, 55, 193, 119, 205,
       250, 246, 223, 82, 188, 244, 235, 215, 44, 85, 190, 219, 120, 233,
       117, 120, 92, 57, 47, 213, 21, 247, 111, 153, 172, 24, 5, 240, 29,
       156, 73, 16, 242, 51, 189, 88, 87, 32, 250, 125, 53, 245, 182, 87,
       167, 43, 127, 228, 70, 209, 48, 253, 43, 177, 86, 234, 213, 3,
       100, 193, 39, 195, 119, 76, 136, 172, 13, 82, 12, 49, 105, 215,
       36, 85, 186, 82, 120, 129, 116, 112, 92, 24, 15, 213, 20, 229, 79,
       153, 172, 24, 5, 240, 29, 156, 73, 16, 242, 51, 189, 88, 87, 32,
       250 ]
