%YAML:1.0
descriptors: !!opencv-matrix
   rows: 13
   cols: 64
   dt: u
   data: [ 61, 177, 253, 182, 62, 183, 191, 122, 246, 124, 214, 117, 125,
       127, 176, 85, 246, 223, 67, 99, 245, 103, 193, 247, 204, 234, 228,
       223, 122, 92, 245, 235, 215, 36, 85, 190, 83, 120, 233, 116, 120,
       93, 56, 47, 213, 53, 247, 111, 153, 172, 24, 5, 240, 29, 156, 73,
       16, 242, 51, 189, 88, 87, 32, 250, 196, 34, 99, 161, 216, 130,
       163, 232, 200, 107, 194, 55, 225, 67, 139, 64, 234, 213, 3, 102,
       201, 165, 138, 120, 78, 216, 56, 47, 210, 8, 51, 63, 87, 39, 85,
       187, 82, 114, 109, 84, 208, 84, 24, 14, 65, 12, 201, 149, 153, 44,
       24, 4, 240, 29, 140, 73, 16, 240, 51, 189, 88, 23, 32, 248, 30,
       176, 207, 62, 63, 99, 148, 62, 114, 184, 252, 245, 124, 86, 39,
       123, 233, 222, 33, 243, 197, 37, 197, 115, 205, 203, 224, 203, 83,
       76, 179, 106, 215, 44, 85, 186, 91, 120, 233, 116, 114, 92, 56,
       47, 212, 21, 247, 111, 153, 172, 24, 5, 240, 29, 156, 73, 16, 242,
       51, 189, 88, 87, 32, 250, 248, 250, 255, 253, 254, 255, 251, 245,
       253, 255, 127, 159, 223, 253, 251, 238, 255, 221, 123, 111, 254,
       253, 238, 187, 255, 255, 191, 254, 125, 215, 127, 255, 243, 245,
       117, 123, 214, 255, 252, 127, 246, 93, 251, 62, 255, 142, 201, 59,
       159, 173, 30, 247, 249, 253, 159, 223, 208, 254, 123, 255, 223,
       94, 59, 254, 69, 6, 144, 52, 73, 162, 34, 70, 32, 32, 2, 5, 0, 67,
       130, 3, 96, 41, 129, 68, 227, 45, 90, 83, 64, 8, 136, 198, 0, 0,
       33, 68, 95, 51, 68, 186, 1, 136, 5, 70, 12, 32, 24, 131, 97, 73,
       163, 75, 24, 36, 24, 0, 113, 92, 24, 1, 0, 42, 19, 181, 8, 71, 33,
       106, 196, 33, 146, 48, 72, 2, 44, 198, 0, 162, 1, 0, 2, 194, 131,
       10, 106, 9, 33, 67, 139, 173, 110, 11, 14, 202, 178, 15, 0, 8, 33,
       70, 67, 39, 20, 187, 0, 188, 101, 86, 0, 96, 48, 10, 203, 28, 129,
       139, 25, 172, 24, 21, 112, 24, 148, 65, 16, 242, 49, 189, 88, 86,
       33, 250, 86, 11, 147, 215, 200, 198, 202, 197, 138, 230, 3, 6,
       145, 230, 155, 16, 127, 131, 0, 6, 142, 173, 198, 75, 158, 214,
       246, 109, 130, 170, 211, 58, 103, 135, 69, 159, 16, 98, 235, 78,
       32, 80, 128, 104, 165, 28, 129, 63, 153, 172, 16, 101, 176, 25,
       20, 227, 1, 122, 16, 57, 88, 69, 49, 242, 191, 245, 125, 239, 255,
       189, 223, 249, 255, 95, 253, 251, 255, 122, 244, 253, 243, 247,
       95, 115, 117, 114, 179, 116, 189, 255, 247, 187, 255, 251, 255,
       185, 214, 108, 158, 222, 222, 121, 249, 253, 91, 223, 255, 63,
       208, 55, 252, 31, 159, 191, 155, 13, 250, 157, 159, 93, 56, 246,
       123, 191, 251, 223, 46, 185, 252, 57, 247, 215, 246, 135, 222,
       241, 90, 173, 215, 255, 255, 230, 147, 90, 255, 131, 122, 247,
       223, 173, 195, 199, 153, 126, 247, 255, 66, 255, 247, 190, 207,
       61, 37, 255, 222, 121, 250, 125, 121, 93, 181, 111, 237, 60, 191,
       63, 191, 174, 137, 195, 240, 30, 28, 75, 70, 243, 83, 251, 121,
       55, 161, 238, 229, 39, 198, 51, 221, 34, 39, 222, 160, 110, 128,
       50, 170, 203, 131, 79, 234, 213, 33, 102, 201, 135, 195, 119, 78,
       218, 184, 47, 210, 8, 48, 107, 215, 36, 84, 186, 82, 120, 101,
       116, 112, 76, 56, 15, 209, 20, 193, 79, 153, 172, 24, 5, 240, 29,
       156, 73, 16, 242, 51, 189, 88, 87, 32, 250, 124, 191, 255, 254,
       126, 255, 251, 127, 253, 252, 222, 253, 127, 126, 255, 254, 251,
       221, 123, 107, 245, 127, 211, 247, 253, 255, 246, 191, 127, 223,
       255, 239, 207, 44, 87, 190, 223, 122, 249, 125, 248, 93, 251, 175,
       213, 55, 247, 111, 189, 172, 153, 13, 240, 29, 156, 73, 48, 242,
       115, 191, 91, 95, 40, 250, 237, 15, 231, 215, 221, 103, 231, 254,
       189, 245, 132, 251, 175, 251, 178, 79, 235, 245, 127, 103, 126,
       175, 254, 55, 95, 255, 159, 63, 251, 24, 50, 47, 215, 39, 118,
       251, 82, 125, 255, 124, 117, 124, 184, 255, 205, 24, 253, 167,
       221, 164, 88, 157, 209, 126, 156, 207, 120, 252, 113, 191, 88, 85,
       53, 250, 251, 221, 191, 255, 239, 255, 255, 255, 255, 255, 253,
       207, 255, 252, 127, 190, 255, 255, 255, 255, 254, 255, 255, 255,
       255, 255, 255, 254, 255, 247, 255, 255, 255, 255, 187, 125, 255,
       237, 254, 235, 123, 253, 255, 127, 255, 191, 255, 255, 255, 219,
       255, 255, 255, 255, 254, 255, 255, 255, 255, 255, 247, 255, 221,
       254 ]
