%YAML:1.0
descriptors: !!opencv-matrix
   rows: 8
   cols: 64
   dt: u
   data: [ 6, 34, 67, 179, 221, 160, 130, 205, 192, 170, 130, 52, 225,
       66, 129, 65, 226, 213, 1, 98, 203, 33, 206, 120, 12, 136, 34, 15,
       82, 8, 49, 94, 119, 38, 93, 187, 82, 122, 5, 86, 144, 64, 24, 14,
       65, 20, 193, 23, 153, 44, 24, 5, 112, 28, 156, 73, 16, 242, 51,
       189, 88, 87, 32, 241, 109, 63, 247, 245, 254, 255, 239, 246, 189,
       255, 202, 159, 223, 253, 251, 239, 235, 253, 251, 111, 254, 239,
       214, 251, 79, 126, 190, 182, 88, 70, 126, 191, 127, 39, 119, 187,
       82, 126, 253, 116, 124, 124, 122, 46, 207, 239, 239, 255, 156,
       172, 24, 5, 243, 61, 156, 77, 16, 254, 115, 191, 88, 87, 33, 242,
       205, 190, 247, 117, 125, 102, 253, 254, 176, 255, 225, 251, 207,
       201, 130, 79, 235, 221, 63, 107, 174, 173, 238, 59, 79, 235, 179,
       191, 81, 5, 51, 239, 87, 39, 60, 251, 82, 253, 245, 247, 120, 106,
       184, 63, 219, 25, 91, 251, 153, 172, 126, 149, 225, 62, 156, 77,
       144, 254, 49, 159, 220, 87, 33, 255, 67, 6, 0, 35, 205, 130, 2, 8,
       36, 41, 0, 3, 168, 75, 0, 21, 102, 119, 1, 208, 200, 35, 139, 104,
       70, 200, 40, 47, 146, 1, 33, 71, 23, 165, 84, 49, 115, 0, 37, 70,
       64, 64, 8, 139, 65, 88, 200, 67, 24, 100, 24, 4, 245, 28, 140,
       235, 16, 178, 179, 188, 72, 87, 48, 120, 70, 35, 17, 144, 16, 2,
       0, 71, 2, 2, 3, 20, 17, 198, 145, 82, 106, 84, 0, 68, 2, 160, 128,
       2, 12, 128, 162, 9, 2, 8, 16, 8, 80, 38, 85, 154, 0, 112, 3, 86,
       0, 64, 16, 72, 6, 28, 97, 142, 17, 36, 16, 4, 32, 24, 132, 75,
       144, 96, 32, 60, 72, 68, 32, 176, 60, 189, 255, 255, 63, 255, 249,
       127, 253, 252, 214, 253, 255, 126, 189, 252, 251, 253, 227, 107,
       245, 127, 211, 247, 253, 255, 245, 191, 127, 223, 255, 239, 207,
       108, 87, 190, 215, 120, 249, 125, 120, 93, 127, 175, 213, 53, 247,
       111, 185, 172, 152, 13, 240, 29, 156, 73, 48, 242, 115, 189, 91,
       95, 40, 250, 231, 31, 231, 208, 223, 183, 71, 90, 165, 117, 132,
       123, 175, 251, 182, 79, 234, 245, 123, 103, 254, 239, 218, 119,
       94, 250, 158, 63, 250, 24, 120, 105, 215, 39, 86, 187, 82, 124,
       119, 124, 84, 122, 56, 143, 217, 24, 245, 199, 157, 164, 24, 12,
       241, 60, 158, 75, 56, 254, 115, 159, 88, 87, 52, 250, 5, 34, 193,
       144, 24, 64, 33, 252, 128, 166, 131, 52, 65, 135, 139, 98, 226,
       84, 3, 96, 201, 128, 206, 56, 76, 136, 160, 9, 82, 8, 49, 75, 113,
       36, 85, 186, 16, 114, 1, 86, 16, 64, 24, 14, 68, 4, 192, 77, 153,
       44, 24, 5, 112, 28, 148, 73, 144, 226, 35, 188, 72, 70, 32, 240 ]
