%YAML:1.0
descriptors: !!opencv-matrix
   rows: 15
   cols: 64
   dt: u
   data: [ 124, 49, 245, 182, 126, 167, 63, 126, 244, 100, 213, 119, 255,
       239, 178, 84, 251, 213, 99, 102, 225, 39, 195, 119, 78, 250, 180,
       175, 82, 12, 115, 235, 215, 36, 85, 186, 82, 120, 233, 116, 120,
       92, 56, 47, 213, 21, 245, 111, 153, 172, 24, 5, 240, 29, 156, 73,
       16, 242, 51, 189, 88, 87, 32, 250, 125, 51, 247, 182, 255, 183,
       47, 122, 230, 124, 210, 51, 255, 254, 179, 85, 250, 245, 99, 102,
       249, 167, 195, 119, 78, 250, 252, 47, 210, 12, 115, 235, 215, 36,
       85, 190, 82, 120, 233, 116, 112, 92, 56, 47, 213, 20, 245, 79,
       153, 172, 24, 5, 240, 29, 156, 73, 16, 242, 51, 189, 88, 87, 32,
       250, 188, 176, 253, 183, 63, 247, 191, 248, 244, 253, 253, 115,
       253, 127, 179, 117, 251, 221, 99, 99, 245, 39, 195, 246, 204, 255,
       245, 191, 90, 78, 119, 235, 223, 36, 85, 190, 83, 120, 233, 116,
       120, 92, 56, 47, 213, 53, 247, 111, 153, 172, 24, 5, 240, 29, 156,
       73, 16, 242, 51, 189, 88, 87, 32, 250, 207, 170, 207, 177, 62,
       243, 135, 216, 124, 191, 250, 251, 219, 62, 243, 107, 195, 213,
       37, 99, 237, 181, 194, 112, 77, 223, 153, 39, 90, 78, 51, 219,
       247, 36, 85, 186, 90, 120, 233, 116, 112, 92, 56, 47, 213, 20,
       245, 109, 153, 172, 24, 5, 240, 29, 156, 73, 16, 242, 51, 189, 88,
       87, 32, 250, 76, 42, 199, 57, 216, 243, 166, 209, 40, 184, 106,
       15, 192, 84, 171, 97, 203, 93, 163, 98, 204, 165, 78, 240, 77,
       221, 29, 164, 208, 6, 51, 90, 247, 34, 85, 186, 80, 120, 237, 52,
       112, 116, 56, 47, 85, 20, 117, 97, 153, 172, 24, 5, 209, 29, 156,
       72, 16, 224, 51, 189, 72, 87, 32, 250, 126, 177, 255, 182, 127,
       183, 255, 126, 246, 254, 213, 247, 255, 254, 182, 92, 242, 223,
       123, 103, 245, 39, 195, 119, 206, 234, 252, 223, 90, 220, 245,
       235, 215, 36, 85, 190, 83, 120, 233, 116, 120, 92, 56, 47, 213,
       21, 247, 111, 153, 172, 24, 5, 240, 29, 156, 73, 16, 242, 51, 189,
       88, 87, 32, 250, 114, 17, 209, 146, 221, 130, 7, 11, 198, 98, 1,
       48, 161, 194, 164, 85, 98, 215, 0, 68, 202, 39, 130, 103, 70, 194,
       232, 13, 18, 8, 0, 104, 87, 36, 20, 155, 2, 112, 7, 86, 0, 64, 28,
       9, 209, 28, 229, 15, 145, 164, 24, 4, 32, 24, 156, 75, 16, 50, 51,
       185, 24, 87, 32, 248, 198, 35, 195, 241, 217, 130, 171, 206, 0,
       43, 2, 119, 131, 195, 131, 65, 98, 85, 1, 98, 207, 173, 142, 123,
       14, 138, 34, 15, 210, 8, 49, 95, 119, 39, 92, 187, 80, 116, 69,
       214, 192, 96, 24, 14, 75, 12, 193, 215, 25, 44, 24, 4, 96, 28,
       140, 73, 144, 240, 35, 157, 76, 86, 32, 177, 254, 249, 255, 191,
       126, 119, 250, 247, 126, 248, 124, 191, 95, 246, 191, 255, 255,
       215, 121, 103, 77, 133, 231, 51, 207, 207, 248, 111, 211, 94, 182,
       251, 247, 37, 85, 251, 82, 120, 237, 116, 114, 94, 56, 46, 213,
       22, 241, 111, 157, 172, 24, 5, 240, 29, 156, 73, 16, 242, 51, 189,
       88, 86, 34, 251, 197, 3, 68, 144, 17, 67, 5, 78, 164, 6, 43, 16,
       19, 172, 176, 99, 203, 84, 5, 101, 10, 130, 164, 34, 76, 133, 129,
       9, 146, 8, 16, 9, 208, 36, 84, 186, 66, 112, 1, 212, 16, 80, 24,
       15, 208, 28, 100, 140, 25, 44, 16, 4, 112, 25, 132, 9, 16, 112,
       33, 188, 72, 86, 32, 248, 5, 7, 65, 0, 144, 64, 4, 73, 130, 0, 41,
       82, 0, 3, 128, 33, 203, 84, 37, 100, 64, 0, 128, 96, 78, 149, 25,
       41, 146, 10, 18, 8, 208, 36, 85, 154, 0, 112, 9, 84, 48, 80, 56,
       15, 84, 20, 244, 132, 17, 172, 16, 4, 112, 25, 132, 9, 16, 112,
       33, 188, 72, 87, 32, 248, 6, 7, 1, 18, 216, 132, 6, 73, 130, 66,
       0, 22, 129, 71, 145, 4, 74, 69, 1, 36, 66, 34, 128, 98, 76, 144,
       20, 9, 146, 8, 1, 8, 86, 38, 85, 154, 0, 48, 7, 84, 32, 64, 24,
       138, 69, 4, 229, 70, 17, 44, 24, 0, 48, 24, 140, 73, 16, 96, 50,
       157, 72, 87, 32, 248, 252, 187, 254, 247, 255, 247, 191, 240, 124,
       255, 125, 127, 191, 255, 179, 108, 251, 221, 125, 103, 253, 229,
       199, 112, 78, 255, 185, 191, 218, 78, 119, 187, 247, 37, 85, 187,
       83, 120, 233, 116, 112, 92, 56, 47, 213, 21, 247, 111, 157, 172,
       24, 5, 240, 29, 156, 73, 16, 246, 51, 189, 88, 87, 32, 250, 127,
       50, 253, 183, 127, 183, 191, 120, 246, 254, 210, 51, 237, 127,
       179, 87, 246, 247, 43, 102, 229, 39, 195, 119, 204, 250, 252, 239,
       90, 28, 241, 235, 215, 36, 85, 190, 82, 120, 233, 116, 120, 92,
       56, 47, 213, 21, 245, 111, 153, 172, 24, 5, 240, 29, 156, 73, 16,
       242, 51, 189, 88, 87, 32, 250, 69, 38, 195, 144, 24, 2, 33, 78,
       128, 230, 131, 52, 65, 167, 139, 66, 234, 68, 1, 96, 137, 129,
       206, 59, 76, 136, 168, 15, 18, 8, 49, 79, 113, 36, 85, 186, 16,
       114, 33, 86, 16, 80, 24, 14, 68, 12, 65, 75, 153, 44, 24, 5, 112,
       29, 148, 73, 16, 242, 35, 188, 72, 70, 32, 242 ]
