%YAML:1.0
descriptors: !!opencv-matrix
   rows: 3
   cols: 64
   dt: u
   data: [ 31, 178, 205, 166, 63, 249, 157, 60, 255, 188, 222, 245, 237,
       127, 44, 81, 253, 246, 3, 243, 229, 96, 195, 119, 205, 191, 240,
       251, 126, 95, 241, 235, 223, 44, 85, 190, 94, 120, 233, 124, 112,
       92, 58, 47, 212, 17, 245, 111, 153, 172, 24, 5, 240, 29, 156, 73,
       16, 242, 51, 189, 88, 87, 32, 250, 255, 252, 255, 239, 255, 191,
       255, 249, 255, 125, 255, 251, 255, 254, 254, 253, 243, 245, 127,
       123, 253, 223, 187, 124, 191, 239, 255, 191, 255, 219, 127, 255,
       231, 109, 126, 255, 214, 127, 249, 255, 255, 223, 255, 63, 223,
       191, 253, 29, 141, 181, 222, 141, 234, 191, 159, 93, 248, 246,
       123, 190, 255, 207, 46, 189, 62, 241, 125, 254, 62, 189, 253, 121,
       247, 254, 221, 251, 253, 127, 180, 87, 242, 255, 99, 115, 245,
       118, 211, 247, 221, 190, 229, 251, 122, 223, 245, 235, 215, 108,
       87, 190, 219, 120, 249, 125, 124, 95, 61, 47, 212, 53, 247, 111,
       153, 172, 24, 5, 240, 29, 156, 77, 24, 242, 51, 189, 90, 87, 32,
       250 ]
