%YAML:1.0
descriptors: !!opencv-matrix
   rows: 13
   cols: 64
   dt: u
   data: [ 163, 23, 64, 18, 221, 128, 3, 72, 230, 65, 0, 115, 161, 75,
       128, 85, 98, 213, 5, 96, 194, 46, 137, 102, 78, 154, 33, 11, 146,
       8, 1, 45, 82, 38, 84, 154, 66, 112, 7, 212, 65, 64, 24, 11, 64,
       20, 201, 71, 129, 36, 16, 4, 96, 26, 140, 73, 16, 112, 51, 157,
       88, 86, 32, 248, 250, 221, 250, 215, 255, 143, 223, 43, 222, 101,
       61, 123, 191, 234, 54, 92, 244, 215, 124, 183, 214, 63, 147, 103,
       254, 214, 251, 127, 210, 251, 214, 111, 135, 45, 20, 255, 254,
       121, 254, 253, 83, 223, 197, 75, 217, 28, 245, 79, 223, 174, 153,
       141, 248, 61, 156, 203, 88, 247, 114, 187, 122, 93, 186, 253, 252,
       62, 239, 253, 54, 127, 121, 255, 253, 254, 251, 180, 93, 189, 251,
       239, 155, 252, 251, 107, 61, 209, 246, 190, 93, 237, 190, 147,
       125, 223, 127, 219, 121, 12, 247, 251, 222, 246, 249, 127, 254,
       125, 251, 190, 247, 167, 99, 120, 190, 173, 254, 223, 211, 191,
       151, 92, 228, 238, 105, 254, 239, 150, 106, 182, 186, 252, 255,
       255, 191, 189, 221, 57, 255, 255, 253, 251, 191, 126, 116, 93,
       246, 183, 126, 187, 247, 126, 219, 127, 245, 246, 247, 127, 126,
       251, 221, 255, 143, 236, 174, 118, 255, 217, 250, 255, 123, 223,
       231, 237, 183, 117, 253, 127, 255, 255, 153, 207, 252, 165, 254,
       125, 127, 183, 246, 255, 187, 255, 173, 222, 233, 142, 239, 253,
       110, 119, 243, 247, 253, 253, 254, 143, 223, 253, 123, 174, 157,
       253, 251, 111, 252, 223, 126, 191, 219, 111, 156, 246, 109, 215,
       127, 255, 255, 91, 227, 101, 223, 255, 252, 105, 254, 61, 251,
       182, 253, 227, 211, 235, 191, 201, 175, 223, 211, 125, 153, 220,
       119, 255, 119, 255, 251, 247, 79, 254, 68, 34, 227, 177, 88, 198,
       171, 206, 128, 238, 131, 52, 193, 167, 155, 66, 203, 69, 35, 98,
       139, 133, 206, 59, 78, 200, 190, 47, 82, 9, 51, 79, 119, 38, 85,
       187, 80, 252, 101, 86, 48, 64, 56, 46, 71, 28, 65, 187, 153, 172,
       24, 5, 240, 29, 156, 73, 144, 242, 51, 189, 72, 87, 32, 242, 44,
       46, 101, 170, 30, 127, 163, 127, 253, 124, 222, 53, 121, 126, 249,
       229, 227, 244, 67, 98, 245, 34, 157, 118, 93, 172, 36, 131, 90,
       218, 59, 235, 231, 36, 87, 186, 82, 114, 233, 124, 248, 85, 24,
       46, 84, 182, 245, 111, 153, 44, 24, 5, 240, 29, 156, 73, 16, 242,
       51, 188, 90, 87, 32, 248, 126, 53, 253, 158, 55, 23, 91, 79, 231,
       230, 149, 176, 125, 234, 182, 87, 242, 246, 2, 115, 151, 179, 209,
       55, 220, 138, 230, 93, 83, 188, 253, 105, 199, 44, 22, 190, 202,
       120, 193, 254, 18, 202, 60, 15, 210, 20, 193, 111, 153, 172, 24,
       5, 112, 29, 156, 73, 16, 242, 51, 189, 88, 86, 34, 251, 54, 177,
       125, 134, 55, 149, 157, 120, 230, 198, 149, 240, 253, 47, 176, 86,
       242, 214, 66, 113, 209, 114, 193, 103, 204, 182, 229, 57, 18, 156,
       213, 105, 223, 44, 85, 190, 82, 120, 233, 116, 112, 92, 56, 47,
       212, 52, 245, 111, 153, 172, 24, 5, 240, 29, 156, 73, 16, 242, 51,
       189, 88, 87, 32, 250, 54, 49, 113, 150, 22, 132, 25, 67, 198, 70,
       145, 48, 101, 66, 176, 85, 242, 212, 3, 98, 195, 34, 129, 103,
       204, 138, 164, 9, 82, 12, 113, 104, 214, 36, 84, 190, 82, 120,
       193, 84, 112, 88, 24, 15, 208, 20, 225, 79, 153, 172, 24, 5, 240,
       29, 156, 73, 16, 242, 51, 189, 88, 87, 32, 249, 63, 247, 125, 254,
       63, 189, 255, 120, 255, 254, 255, 251, 253, 123, 253, 87, 247,
       247, 99, 123, 245, 118, 211, 118, 205, 255, 245, 255, 122, 95,
       247, 235, 215, 44, 215, 190, 219, 120, 233, 117, 120, 92, 59, 47,
       213, 53, 247, 111, 153, 172, 24, 5, 240, 29, 156, 73, 16, 242, 51,
       189, 120, 87, 32, 250, 62, 176, 253, 190, 63, 253, 253, 127, 247,
       252, 220, 253, 125, 126, 191, 93, 255, 254, 99, 243, 245, 55, 211,
       119, 205, 255, 244, 255, 123, 223, 247, 235, 223, 44, 87, 190, 91,
       120, 233, 116, 120, 93, 58, 47, 213, 117, 247, 111, 153, 172, 24,
       5, 240, 29, 156, 73, 16, 242, 51, 189, 88, 87, 32, 250, 126, 51,
       245, 182, 119, 167, 59, 127, 230, 126, 211, 53, 125, 235, 177, 87,
       234, 213, 3, 102, 201, 39, 195, 55, 76, 136, 172, 13, 82, 8, 48,
       41, 210, 36, 85, 186, 82, 120, 129, 116, 112, 92, 24, 14, 213, 20,
       193, 78, 153, 172, 24, 5, 240, 29, 156, 73, 16, 242, 51, 189, 88,
       86, 32, 250 ]
