%YAML:1.0
descriptors: !!opencv-matrix
   rows: 9
   cols: 64
   dt: u
   data: [ 135, 48, 209, 130, 221, 130, 7, 74, 166, 97, 33, 114, 163, 75,
       132, 85, 98, 213, 37, 97, 195, 47, 170, 107, 78, 154, 33, 47, 146,
       8, 49, 111, 215, 39, 20, 154, 66, 120, 37, 214, 65, 66, 8, 11,
       193, 28, 209, 143, 153, 164, 16, 4, 96, 24, 156, 73, 16, 242, 51,
       189, 88, 87, 32, 249, 84, 33, 179, 212, 64, 6, 74, 71, 2, 226, 1,
       20, 83, 196, 147, 26, 230, 65, 50, 102, 142, 173, 198, 11, 158,
       194, 166, 77, 0, 172, 48, 106, 99, 23, 21, 171, 0, 108, 71, 86, 0,
       96, 133, 74, 171, 28, 129, 143, 93, 172, 24, 215, 33, 88, 20, 75,
       193, 122, 81, 187, 88, 36, 17, 226, 68, 1, 147, 144, 64, 6, 74,
       71, 2, 34, 1, 4, 80, 192, 147, 18, 98, 65, 0, 70, 138, 173, 192,
       11, 14, 130, 166, 77, 0, 140, 48, 72, 99, 23, 20, 171, 0, 108, 71,
       70, 0, 96, 148, 74, 35, 28, 129, 78, 17, 44, 24, 85, 33, 88, 20,
       75, 129, 106, 17, 185, 72, 4, 49, 224, 3, 6, 0, 34, 201, 128, 34,
       8, 32, 40, 2, 71, 160, 75, 128, 5, 66, 101, 5, 64, 192, 34, 136,
       104, 70, 152, 8, 3, 146, 8, 33, 71, 21, 164, 92, 50, 33, 128, 33,
       6, 65, 64, 8, 137, 64, 0, 224, 65, 8, 36, 24, 4, 100, 0, 140, 9,
       16, 98, 51, 156, 72, 71, 32, 56, 253, 254, 255, 253, 254, 247,
       255, 254, 253, 255, 254, 187, 255, 191, 251, 255, 251, 253, 127,
       111, 125, 223, 247, 189, 255, 255, 255, 191, 255, 223, 126, 191,
       249, 109, 255, 255, 222, 127, 253, 253, 254, 95, 251, 190, 223,
       171, 219, 245, 175, 189, 222, 157, 250, 191, 159, 93, 248, 252,
       123, 223, 255, 222, 46, 183, 191, 253, 125, 247, 255, 189, 223,
       185, 223, 93, 253, 251, 191, 122, 244, 252, 247, 183, 126, 155,
       255, 126, 179, 126, 245, 255, 247, 127, 255, 251, 255, 191, 143,
       237, 174, 215, 254, 121, 251, 255, 219, 223, 231, 125, 217, 119,
       189, 63, 239, 183, 155, 207, 254, 167, 255, 119, 124, 183, 246,
       251, 191, 255, 190, 159, 186, 253, 125, 223, 191, 189, 223, 57,
       223, 221, 253, 251, 191, 122, 116, 92, 246, 183, 126, 187, 247,
       126, 243, 255, 249, 119, 247, 127, 127, 251, 223, 191, 143, 252,
       174, 214, 254, 89, 250, 253, 91, 223, 231, 237, 177, 117, 189,
       127, 183, 255, 139, 207, 254, 165, 251, 119, 127, 247, 254, 251,
       179, 249, 239, 223, 60, 189, 255, 253, 63, 255, 247, 127, 253,
       252, 222, 253, 253, 126, 185, 252, 251, 253, 227, 99, 245, 127,
       223, 247, 253, 255, 247, 191, 126, 223, 127, 239, 207, 46, 87,
       190, 215, 120, 249, 124, 120, 93, 254, 47, 213, 53, 247, 111, 185,
       172, 153, 13, 242, 29, 156, 89, 52, 242, 119, 191, 91, 95, 40,
       250, 39, 35, 65, 146, 21, 0, 1, 78, 230, 68, 0, 48, 33, 75, 128,
       81, 226, 212, 5, 96, 67, 32, 161, 54, 76, 138, 32, 9, 146, 8, 48,
       105, 112, 38, 84, 186, 66, 112, 1, 212, 208, 66, 24, 14, 64, 20,
       192, 78, 137, 36, 80, 4, 96, 28, 132, 73, 16, 240, 35, 188, 88,
       86, 34, 249 ]
