%YAML:1.0
descriptors: !!opencv-matrix
   rows: 30
   cols: 64
   dt: u
   data: [ 76, 34, 225, 144, 16, 135, 34, 103, 0, 230, 195, 20, 81, 132,
       153, 66, 202, 92, 3, 96, 137, 33, 194, 19, 12, 136, 132, 13, 64,
       140, 49, 73, 81, 4, 85, 186, 16, 120, 1, 84, 48, 64, 16, 14, 68,
       20, 65, 111, 25, 44, 24, 5, 112, 29, 156, 73, 16, 226, 51, 189,
       72, 86, 32, 242, 68, 32, 241, 144, 16, 6, 41, 111, 192, 38, 129,
       52, 65, 134, 147, 66, 226, 84, 3, 96, 139, 128, 192, 11, 12, 136,
       164, 9, 18, 12, 49, 72, 113, 36, 84, 186, 0, 112, 1, 86, 16, 64,
       16, 10, 66, 28, 192, 12, 25, 44, 16, 4, 96, 24, 148, 73, 144, 114,
       49, 184, 72, 70, 32, 240, 186, 252, 125, 239, 255, 253, 223, 57,
       255, 255, 252, 251, 191, 127, 252, 124, 255, 183, 126, 187, 245,
       127, 219, 125, 245, 255, 247, 255, 127, 251, 255, 255, 207, 236,
       207, 119, 255, 249, 249, 127, 127, 223, 231, 239, 213, 117, 255,
       127, 191, 255, 153, 11, 254, 165, 222, 125, 126, 247, 254, 255,
       251, 223, 172, 222, 253, 254, 239, 253, 254, 255, 255, 248, 253,
       255, 249, 250, 239, 253, 254, 207, 251, 253, 127, 111, 191, 223,
       254, 253, 111, 255, 191, 191, 255, 87, 119, 191, 211, 239, 223,
       255, 211, 253, 253, 119, 126, 94, 251, 191, 223, 185, 255, 179,
       158, 189, 28, 165, 233, 255, 159, 125, 216, 254, 241, 223, 255,
       215, 60, 182, 253, 255, 247, 255, 255, 111, 245, 251, 255, 253,
       254, 251, 255, 255, 254, 253, 251, 247, 255, 111, 127, 175, 187,
       127, 255, 255, 119, 191, 255, 219, 118, 191, 207, 111, 127, 255,
       214, 253, 255, 125, 125, 253, 251, 255, 221, 59, 253, 183, 237,
       181, 221, 253, 248, 191, 142, 239, 120, 252, 245, 111, 223, 125,
       189, 254, 71, 13, 195, 145, 217, 130, 67, 78, 132, 103, 1, 50,
       131, 203, 130, 15, 194, 85, 57, 102, 142, 175, 138, 43, 78, 194,
       138, 47, 146, 8, 0, 79, 83, 39, 84, 187, 2, 116, 103, 86, 0, 96,
       8, 203, 73, 24, 65, 147, 81, 44, 16, 4, 17, 56, 132, 10, 16, 104,
       33, 189, 72, 84, 49, 249, 67, 6, 129, 19, 201, 130, 7, 9, 174, 35,
       2, 14, 161, 207, 131, 5, 66, 85, 57, 100, 200, 7, 138, 109, 78,
       192, 8, 47, 146, 8, 17, 78, 215, 167, 85, 187, 66, 112, 37, 86,
       32, 80, 8, 11, 85, 28, 229, 147, 145, 44, 24, 4, 181, 25, 140,
       203, 16, 112, 35, 189, 72, 85, 48, 248, 3, 5, 1, 2, 193, 128, 7,
       8, 130, 66, 1, 0, 160, 10, 0, 21, 98, 84, 0, 4, 64, 2, 128, 64,
       76, 128, 40, 9, 146, 8, 16, 9, 68, 36, 85, 154, 2, 96, 3, 84, 32,
       64, 16, 11, 20, 20, 164, 12, 17, 44, 16, 4, 48, 24, 148, 67, 16,
       114, 48, 60, 88, 85, 32, 248, 7, 7, 65, 130, 17, 2, 5, 75, 130,
       64, 3, 18, 1, 2, 128, 65, 194, 84, 0, 100, 2, 128, 128, 96, 78,
       144, 8, 9, 146, 8, 16, 9, 208, 36, 84, 154, 66, 112, 3, 84, 0, 80,
       24, 11, 0, 28, 228, 12, 17, 36, 16, 4, 48, 24, 132, 11, 16, 112,
       32, 60, 72, 84, 32, 248, 5, 5, 65, 16, 16, 6, 5, 75, 130, 96, 1,
       16, 1, 134, 128, 66, 194, 84, 0, 96, 2, 128, 128, 34, 76, 128,
       128, 9, 18, 8, 16, 73, 80, 36, 84, 154, 0, 112, 1, 86, 0, 64, 24,
       11, 4, 28, 100, 204, 17, 36, 16, 4, 48, 24, 132, 9, 16, 96, 33,
       60, 72, 84, 32, 248, 95, 51, 199, 54, 127, 35, 14, 62, 242, 184,
       210, 53, 124, 246, 35, 83, 232, 223, 35, 247, 193, 39, 192, 119,
       204, 202, 228, 207, 82, 8, 49, 106, 215, 44, 85, 190, 91, 120,
       233, 116, 120, 92, 56, 47, 213, 21, 229, 111, 153, 172, 24, 5,
       240, 29, 156, 73, 16, 242, 51, 189, 88, 87, 32, 250, 71, 33, 193,
       146, 209, 130, 7, 74, 166, 64, 1, 50, 161, 203, 128, 81, 226, 213,
       1, 102, 67, 45, 128, 99, 78, 138, 34, 13, 146, 8, 48, 41, 214, 38,
       84, 154, 66, 112, 71, 84, 0, 66, 24, 11, 65, 28, 193, 134, 153,
       44, 16, 4, 112, 24, 140, 73, 16, 242, 51, 189, 88, 87, 32, 249,
       31, 179, 93, 167, 55, 185, 159, 120, 254, 159, 219, 115, 253, 127,
       248, 81, 242, 215, 3, 115, 229, 34, 195, 118, 205, 158, 241, 123,
       90, 14, 241, 107, 215, 36, 85, 190, 82, 120, 233, 116, 112, 92,
       56, 47, 212, 20, 245, 111, 153, 172, 24, 5, 240, 29, 156, 73, 16,
       242, 51, 189, 88, 87, 32, 250, 44, 38, 109, 168, 30, 119, 33, 255,
       244, 254, 222, 53, 125, 191, 251, 230, 226, 220, 67, 96, 241, 194,
       140, 52, 93, 168, 44, 129, 218, 92, 57, 251, 241, 36, 85, 186, 82,
       114, 1, 116, 248, 84, 24, 14, 84, 135, 66, 204, 153, 44, 28, 4,
       240, 29, 141, 73, 16, 240, 35, 188, 88, 86, 34, 248, 45, 38, 101,
       168, 223, 61, 35, 88, 228, 126, 194, 53, 109, 59, 249, 101, 226,
       244, 3, 96, 105, 130, 136, 52, 78, 168, 44, 9, 210, 12, 57, 217,
       240, 36, 85, 186, 82, 114, 5, 116, 252, 84, 24, 30, 80, 134, 192,
       68, 153, 45, 28, 4, 240, 29, 143, 73, 16, 240, 35, 156, 88, 86,
       32, 249, 190, 117, 125, 150, 55, 61, 95, 121, 246, 68, 189, 50,
       125, 122, 180, 87, 242, 214, 6, 117, 83, 162, 177, 54, 220, 138,
       225, 89, 210, 28, 252, 41, 210, 36, 20, 254, 194, 112, 129, 245,
       82, 219, 24, 15, 208, 20, 229, 78, 153, 172, 16, 5, 120, 29, 156,
       73, 16, 242, 51, 189, 88, 22, 34, 249, 55, 54, 113, 162, 159, 128,
       3, 72, 230, 70, 147, 48, 237, 11, 128, 85, 242, 212, 3, 112, 193,
       34, 129, 116, 76, 152, 224, 9, 18, 24, 97, 105, 84, 36, 84, 158,
       66, 112, 1, 84, 0, 64, 24, 143, 192, 0, 192, 77, 153, 172, 24, 1,
       112, 29, 156, 73, 16, 242, 51, 188, 88, 87, 32, 248, 66, 0, 41,
       144, 71, 134, 27, 13, 134, 230, 17, 4, 17, 136, 49, 6, 12, 85, 2,
       212, 136, 51, 214, 3, 28, 128, 140, 12, 18, 176, 17, 72, 97, 44,
       3, 170, 74, 40, 0, 74, 48, 72, 20, 136, 209, 92, 129, 78, 25, 172,
       24, 1, 48, 24, 148, 81, 16, 98, 51, 184, 72, 86, 40, 250, 126, 53,
       125, 150, 54, 7, 25, 79, 230, 68, 149, 48, 125, 234, 180, 86, 242,
       212, 3, 100, 67, 162, 161, 54, 220, 136, 164, 9, 210, 156, 124,
       41, 208, 36, 20, 190, 66, 112, 129, 212, 146, 218, 28, 15, 208,
       20, 193, 78, 153, 172, 24, 5, 112, 29, 148, 73, 16, 242, 51, 188,
       88, 86, 34, 249, 35, 7, 1, 2, 205, 134, 7, 26, 162, 68, 0, 1, 33,
       77, 0, 5, 70, 101, 1, 4, 208, 35, 152, 103, 66, 224, 8, 4, 18, 24,
       1, 73, 71, 38, 80, 184, 0, 32, 5, 64, 100, 64, 24, 139, 69, 80,
       181, 79, 16, 36, 24, 0, 176, 24, 156, 3, 0, 50, 18, 181, 8, 87,
       36, 120, 68, 2, 129, 144, 8, 130, 2, 78, 0, 162, 3, 20, 65, 128,
       145, 2, 2, 84, 1, 96, 138, 161, 206, 11, 12, 128, 136, 5, 16, 8,
       17, 74, 113, 4, 85, 170, 0, 120, 5, 70, 160, 96, 8, 10, 2, 12, 65,
       11, 24, 44, 16, 4, 49, 24, 148, 8, 0, 98, 35, 188, 72, 6, 32, 240,
       13, 33, 209, 48, 16, 161, 33, 126, 192, 172, 192, 53, 81, 142,
       145, 66, 234, 212, 3, 96, 193, 34, 194, 23, 76, 136, 164, 9, 82,
       12, 49, 105, 85, 36, 85, 186, 82, 120, 1, 116, 112, 68, 24, 14,
       68, 20, 129, 110, 153, 44, 24, 5, 240, 28, 156, 65, 16, 242, 51,
       188, 88, 86, 32, 250, 71, 37, 65, 18, 80, 2, 3, 74, 194, 0, 1, 48,
       32, 227, 128, 2, 98, 68, 4, 38, 3, 168, 128, 34, 12, 130, 130, 13,
       146, 8, 0, 9, 82, 38, 20, 154, 0, 48, 7, 212, 0, 98, 8, 203, 0,
       24, 65, 142, 1, 36, 16, 4, 32, 24, 132, 11, 16, 112, 32, 29, 72,
       68, 33, 249, 131, 65, 9, 130, 0, 8, 1, 10, 34, 6, 5, 2, 17, 43,
       68, 2, 2, 52, 4, 36, 2, 192, 160, 32, 8, 144, 9, 9, 162, 136, 16,
       9, 144, 4, 16, 202, 0, 66, 7, 136, 134, 130, 28, 1, 16, 24, 96,
       132, 65, 36, 16, 4, 9, 0, 37, 42, 24, 96, 32, 56, 8, 20, 34, 185,
       63, 247, 125, 222, 63, 189, 223, 120, 254, 254, 253, 251, 253,
       123, 190, 125, 243, 247, 99, 99, 245, 103, 195, 118, 205, 255,
       241, 123, 122, 30, 247, 107, 215, 36, 85, 190, 82, 120, 233, 117,
       114, 92, 56, 47, 213, 20, 245, 111, 153, 172, 24, 5, 240, 29, 156,
       73, 16, 242, 51, 189, 88, 87, 32, 250, 4, 1, 9, 152, 0, 2, 0, 102,
       132, 134, 5, 4, 81, 160, 145, 34, 0, 80, 67, 96, 2, 128, 196, 3,
       12, 128, 132, 8, 0, 140, 16, 72, 112, 4, 1, 138, 0, 106, 1, 208,
