%YAML:1.0
descriptors: !!opencv-matrix
   rows: 22
   cols: 64
   dt: u
   data: [ 37, 34, 117, 160, 16, 36, 33, 76, 228, 68, 194, 52, 69, 47,
       153, 68, 226, 212, 3, 96, 65, 34, 128, 52, 76, 136, 164, 9, 82,
       12, 49, 105, 80, 36, 85, 186, 82, 114, 1, 84, 48, 84, 24, 14, 68,
       4, 192, 76, 153, 44, 24, 4, 240, 29, 156, 73, 16, 242, 35, 188,
       88, 70, 32, 248, 190, 245, 125, 150, 55, 13, 93, 27, 246, 70, 61,
       240, 63, 106, 180, 93, 242, 246, 36, 101, 87, 50, 177, 118, 254,
       159, 231, 25, 211, 56, 116, 41, 210, 44, 22, 190, 194, 112, 193,
       245, 82, 202, 60, 15, 208, 20, 245, 78, 153, 172, 16, 5, 104, 29,
       156, 73, 16, 242, 51, 189, 88, 86, 32, 249, 150, 49, 80, 86, 184,
       128, 216, 67, 66, 1, 3, 114, 166, 66, 128, 81, 118, 195, 4, 66,
       71, 44, 129, 67, 142, 154, 242, 75, 146, 40, 192, 52, 82, 38, 92,
       158, 0, 124, 211, 215, 129, 72, 145, 74, 232, 20, 137, 31, 129,
       166, 16, 71, 96, 18, 157, 73, 17, 51, 112, 51, 88, 117, 161, 169,
       188, 243, 125, 247, 191, 61, 251, 248, 254, 255, 255, 251, 253,
       123, 246, 245, 242, 215, 71, 99, 253, 226, 163, 118, 205, 255,
       245, 187, 251, 30, 247, 251, 243, 36, 84, 190, 83, 122, 249, 245,
       218, 94, 57, 63, 208, 23, 247, 111, 153, 172, 24, 5, 240, 29, 157,
       73, 16, 242, 51, 189, 88, 87, 34, 249, 243, 221, 158, 94, 103, 15,
       93, 131, 183, 69, 61, 202, 190, 254, 118, 31, 253, 179, 124, 247,
       22, 191, 177, 103, 243, 119, 247, 124, 243, 186, 214, 32, 130, 47,
       2, 223, 202, 77, 222, 120, 112, 255, 188, 127, 157, 124, 245, 238,
       213, 166, 144, 221, 249, 127, 152, 203, 121, 253, 113, 63, 124,
       117, 153, 202, 191, 117, 125, 150, 55, 29, 95, 121, 246, 70, 189,
       114, 125, 123, 180, 87, 246, 246, 70, 101, 83, 242, 177, 54, 220,
       170, 229, 89, 243, 28, 252, 41, 210, 44, 20, 254, 194, 112, 129,
       245, 82, 219, 28, 15, 208, 20, 229, 78, 153, 172, 18, 5, 120, 29,
       148, 73, 24, 242, 49, 189, 88, 86, 42, 249, 126, 53, 121, 150, 54,
       7, 29, 79, 230, 70, 149, 48, 125, 238, 180, 86, 242, 214, 3, 100,
       27, 162, 177, 54, 220, 136, 228, 9, 210, 28, 244, 41, 192, 36, 20,
       190, 66, 112, 129, 212, 18, 202, 28, 14, 208, 20, 193, 78, 153,
       172, 16, 5, 112, 29, 148, 73, 16, 242, 49, 188, 88, 86, 34, 249,
       191, 254, 125, 239, 191, 189, 191, 248, 253, 255, 255, 250, 237,
       123, 252, 117, 242, 255, 103, 115, 253, 118, 147, 116, 205, 255,
       245, 187, 222, 95, 247, 251, 215, 44, 215, 190, 211, 120, 233,
       117, 122, 92, 58, 63, 213, 23, 247, 111, 153, 173, 24, 5, 240, 29,
       157, 73, 16, 242, 51, 189, 88, 87, 32, 250, 66, 1, 8, 146, 0, 134,
       10, 5, 134, 2, 3, 4, 17, 4, 49, 6, 4, 16, 64, 68, 128, 51, 192, 3,
       24, 128, 140, 12, 0, 136, 17, 72, 64, 12, 3, 170, 0, 40, 0, 64, 0,
       64, 20, 8, 0, 92, 128, 78, 17, 40, 24, 1, 34, 25, 20, 17, 16, 98,
       51, 184, 72, 22, 32, 224, 109, 46, 231, 225, 216, 245, 161, 252,
       253, 255, 202, 61, 193, 189, 219, 229, 139, 108, 203, 106, 253,
       193, 158, 184, 79, 237, 30, 163, 220, 79, 59, 223, 117, 67, 125,
       187, 20, 247, 109, 22, 189, 116, 90, 182, 79, 163, 106, 177, 8,
       61, 126, 176, 209, 191, 140, 12, 196, 236, 11, 172, 206, 7, 33,
       180, 67, 0, 9, 146, 17, 2, 5, 78, 2, 162, 49, 144, 1, 130, 132, 2,
       2, 84, 0, 65, 10, 144, 228, 3, 12, 129, 128, 9, 19, 8, 16, 73,
       112, 4, 148, 170, 2, 100, 3, 210, 130, 194, 44, 8, 18, 28, 64,
       140, 19, 44, 50, 4, 0, 24, 165, 0, 128, 32, 41, 88, 76, 20, 34,
       177, 71, 36, 0, 16, 89, 2, 1, 74, 0, 32, 131, 50, 0, 203, 128, 3,
       66, 68, 5, 64, 139, 128, 136, 10, 14, 136, 136, 11, 146, 8, 1, 77,
       81, 38, 20, 186, 0, 48, 5, 214, 0, 64, 8, 10, 64, 8, 0, 201, 1,
       36, 16, 4, 0, 26, 132, 1, 16, 32, 33, 184, 72, 6, 32, 248, 28, 35,
       215, 176, 16, 33, 33, 118, 196, 164, 66, 53, 85, 167, 147, 66,
       234, 212, 3, 98, 193, 32, 196, 51, 76, 136, 164, 9, 82, 12, 48,
       105, 117, 36, 85, 186, 82, 120, 1, 84, 80, 64, 24, 14, 68, 20,
       193, 110, 153, 44, 24, 5, 240, 28, 156, 73, 16, 242, 51, 188, 88,
       86, 32, 250, 109, 46, 247, 161, 216, 244, 163, 252, 248, 125, 202,
       55, 205, 191, 155, 229, 235, 220, 139, 96, 233, 129, 142, 56, 78,
       232, 56, 163, 222, 14, 59, 223, 117, 39, 85, 187, 80, 242, 45,
       116, 245, 84, 24, 30, 77, 130, 72, 209, 153, 44, 92, 36, 240, 31,
       140, 73, 144, 240, 35, 188, 76, 71, 32, 240, 163, 4, 0, 2, 133, 4,
       5, 5, 162, 71, 33, 64, 0, 9, 6, 5, 9, 100, 4, 197, 0, 130, 48, 32,
       80, 149, 29, 40, 147, 24, 0, 1, 0, 44, 146, 138, 0, 0, 1, 138, 0,
       194, 24, 137, 16, 88, 52, 132, 16, 0, 16, 8, 0, 0, 166, 34, 184,
       32, 32, 20, 0, 213, 12, 104, 5, 7, 0, 2, 128, 4, 1, 64, 162, 4, 0,
       2, 0, 43, 128, 1, 66, 100, 5, 36, 64, 130, 128, 96, 8, 128, 12, 9,
       146, 8, 0, 9, 112, 38, 84, 154, 0, 0, 5, 140, 132, 64, 24, 130, 0,
       64, 64, 196, 1, 36, 16, 4, 16, 24, 132, 1, 16, 96, 32, 28, 72, 70,
       32, 249, 39, 54, 81, 167, 221, 132, 11, 73, 230, 111, 1, 114, 173,
       11, 128, 85, 98, 213, 5, 96, 201, 34, 131, 124, 76, 152, 168, 11,
       210, 8, 33, 107, 81, 36, 92, 186, 66, 56, 33, 214, 192, 66, 24,
       138, 192, 16, 192, 29, 153, 172, 24, 1, 96, 28, 156, 73, 16, 242,
       51, 156, 88, 86, 32, 185, 82, 1, 8, 22, 71, 2, 26, 45, 198, 2, 17,
       4, 49, 0, 17, 18, 52, 19, 2, 212, 0, 35, 193, 6, 24, 128, 172, 12,
       2, 184, 21, 40, 64, 44, 4, 191, 74, 40, 0, 64, 0, 72, 21, 8, 147,
       60, 128, 78, 19, 174, 24, 1, 32, 24, 20, 83, 0, 114, 51, 184, 56,
       86, 32, 226, 54, 177, 89, 158, 63, 149, 221, 8, 246, 230, 21, 250,
       189, 106, 180, 84, 242, 214, 0, 99, 199, 34, 195, 102, 204, 130,
       228, 107, 82, 40, 245, 107, 215, 36, 85, 190, 82, 120, 233, 116,
       114, 94, 56, 47, 212, 20, 245, 111, 153, 172, 24, 5, 240, 29, 156,
       73, 16, 242, 51, 189, 88, 87, 34, 251, 66, 3, 1, 144, 64, 2, 2,
       71, 132, 130, 3, 4, 17, 4, 17, 2, 0, 85, 1, 100, 128, 33, 192, 35,
       12, 192, 140, 12, 16, 136, 49, 72, 84, 36, 85, 187, 0, 104, 5, 64,
       32, 64, 16, 10, 69, 28, 193, 78, 25, 44, 24, 1, 113, 29, 156, 8,
       16, 98, 51, 188, 72, 86, 32, 242, 14, 34, 205, 50, 62, 113, 140,
       198, 112, 186, 90, 183, 220, 54, 163, 99, 227, 213, 33, 227, 197,
       37, 195, 114, 77, 206, 180, 43, 82, 78, 51, 106, 215, 36, 85, 186,
       90, 120, 233, 116, 112, 92, 56, 47, 213, 20, 245, 111, 153, 172,
       24, 5, 240, 29, 156, 73, 16, 242, 51, 189, 88, 87, 32, 250, 63,
       50, 117, 162, 63, 183, 47, 88, 230, 126, 208, 53, 253, 47, 177,
       85, 242, 213, 3, 96, 225, 35, 195, 118, 76, 136, 164, 13, 82, 12,
       113, 233, 215, 36, 85, 186, 82, 120, 129, 116, 112, 92, 24, 14,
       213, 20, 229, 79, 153, 172, 24, 5, 240, 29, 156, 73, 16, 242, 51,
       189, 88, 87, 32, 250 ]
