%YAML:1.0
descriptors: !!opencv-matrix
   rows: 24
   cols: 64
   dt: u
   data: [ 126, 49, 253, 182, 95, 167, 63, 127, 244, 110, 213, 54, 253,
       239, 179, 86, 250, 213, 99, 102, 233, 167, 195, 119, 76, 218, 180,
       175, 82, 140, 115, 235, 215, 36, 87, 186, 82, 120, 233, 116, 120,
       92, 56, 47, 213, 21, 229, 111, 153, 172, 24, 5, 240, 29, 156, 73,
       16, 242, 51, 189, 88, 87, 32, 250, 127, 53, 253, 178, 95, 167, 39,
       126, 246, 108, 212, 51, 253, 238, 178, 87, 250, 245, 35, 102, 225,
       39, 195, 119, 206, 250, 252, 47, 82, 12, 115, 233, 215, 36, 85,
       190, 82, 120, 233, 116, 112, 92, 56, 47, 213, 20, 245, 111, 153,
       172, 24, 5, 240, 29, 156, 73, 16, 242, 51, 189, 88, 87, 32, 250,
       125, 53, 245, 182, 127, 167, 63, 126, 228, 228, 209, 114, 255,
       110, 178, 86, 251, 213, 99, 103, 241, 39, 195, 119, 76, 234, 180,
       175, 82, 12, 113, 235, 215, 36, 85, 186, 82, 120, 233, 116, 120,
       92, 56, 47, 213, 21, 245, 111, 153, 172, 24, 5, 240, 29, 156, 73,
       16, 242, 51, 189, 88, 87, 32, 250, 126, 51, 247, 182, 255, 183,
       47, 123, 230, 124, 209, 55, 255, 255, 179, 85, 250, 213, 99, 102,
       249, 167, 195, 119, 206, 250, 252, 47, 210, 28, 115, 235, 215, 36,
       85, 190, 82, 120, 233, 116, 112, 92, 24, 47, 213, 20, 229, 111,
       153, 172, 24, 5, 240, 29, 156, 73, 16, 242, 51, 189, 88, 87, 32,
       250, 124, 49, 245, 182, 94, 167, 55, 126, 212, 100, 213, 55, 253,
       238, 146, 68, 250, 221, 99, 96, 241, 39, 195, 247, 78, 234, 180,
       173, 82, 12, 115, 233, 215, 36, 85, 186, 83, 120, 233, 116, 120,
       92, 56, 47, 213, 53, 247, 111, 153, 172, 24, 5, 240, 29, 156, 73,
       16, 242, 51, 189, 88, 87, 32, 250, 127, 51, 245, 178, 127, 183,
       47, 122, 230, 254, 210, 51, 253, 238, 179, 87, 250, 245, 35, 102,
       233, 39, 195, 119, 76, 250, 180, 45, 82, 12, 115, 235, 215, 36,
       85, 190, 82, 120, 233, 116, 112, 92, 56, 47, 213, 20, 245, 111,
       153, 172, 24, 5, 240, 29, 156, 73, 16, 242, 51, 189, 88, 87, 32,
       250, 125, 51, 245, 182, 127, 183, 191, 126, 246, 124, 210, 119,
       253, 127, 179, 84, 250, 213, 99, 102, 225, 39, 195, 119, 204, 250,
       240, 47, 82, 12, 115, 235, 215, 36, 85, 190, 82, 120, 233, 124,
       112, 92, 56, 47, 213, 20, 245, 111, 153, 172, 24, 5, 240, 29, 156,
       73, 16, 242, 51, 189, 88, 87, 32, 250, 15, 55, 197, 54, 63, 51,
       158, 26, 242, 186, 138, 103, 252, 118, 163, 83, 233, 255, 35, 243,
       197, 39, 67, 118, 196, 222, 245, 239, 82, 14, 179, 98, 215, 44,
       85, 190, 91, 120, 233, 116, 120, 92, 56, 47, 213, 85, 247, 111,
       153, 172, 24, 5, 240, 29, 156, 73, 16, 242, 51, 189, 88, 87, 32,
       250, 247, 50, 241, 182, 221, 164, 15, 72, 230, 111, 17, 114, 175,
       203, 150, 85, 226, 213, 37, 96, 201, 7, 138, 125, 78, 154, 184,
       47, 210, 8, 49, 111, 215, 36, 84, 186, 82, 120, 161, 246, 80, 74,
       24, 15, 209, 20, 245, 79, 153, 172, 24, 5, 240, 28, 156, 73, 16,
       242, 51, 189, 88, 87, 32, 249, 111, 50, 237, 163, 223, 183, 167,
       92, 244, 255, 210, 55, 253, 46, 179, 71, 234, 245, 3, 96, 233, 39,
       203, 116, 76, 248, 188, 47, 82, 92, 49, 235, 215, 36, 85, 186, 82,
       120, 169, 116, 120, 92, 56, 47, 213, 20, 245, 111, 153, 172, 24,
       5, 240, 29, 156, 73, 16, 242, 51, 189, 88, 87, 32, 250, 189, 254,
       254, 175, 255, 127, 190, 243, 60, 253, 126, 255, 158, 126, 255,
       236, 235, 221, 37, 99, 229, 37, 231, 114, 79, 223, 185, 47, 211,
       79, 51, 251, 215, 36, 85, 186, 83, 120, 233, 116, 114, 92, 56, 47,
       213, 22, 247, 111, 153, 172, 24, 5, 240, 29, 156, 73, 16, 242, 51,
       189, 88, 87, 32, 250, 253, 254, 255, 255, 255, 127, 191, 248, 124,
       255, 254, 251, 239, 251, 251, 237, 251, 213, 109, 107, 253, 229,
       135, 120, 79, 255, 185, 63, 223, 79, 115, 251, 243, 36, 85, 186,
       82, 122, 233, 116, 242, 92, 58, 63, 213, 134, 213, 109, 153, 173,
       28, 5, 240, 29, 157, 73, 16, 242, 51, 189, 88, 87, 32, 250, 252,
       253, 255, 253, 50, 103, 125, 247, 215, 237, 253, 219, 95, 232,
       182, 222, 255, 221, 126, 111, 62, 189, 230, 187, 255, 235, 183,
       255, 89, 245, 254, 239, 199, 55, 52, 255, 214, 125, 242, 253, 91,
       255, 253, 127, 251, 60, 221, 238, 205, 164, 127, 215, 248, 62,
       148, 77, 217, 254, 121, 251, 127, 125, 131, 255, 252, 241, 125,
       183, 255, 119, 255, 248, 254, 255, 253, 251, 253, 123, 182, 116,
       243, 215, 71, 119, 125, 227, 227, 246, 204, 239, 245, 191, 218,
       90, 119, 251, 255, 44, 84, 190, 83, 120, 233, 244, 122, 92, 56,
       47, 209, 53, 245, 111, 153, 172, 24, 5, 240, 29, 156, 73, 16, 242,
       51, 189, 88, 87, 32, 250, 84, 3, 147, 212, 64, 7, 74, 99, 2, 34,
       3, 6, 210, 224, 19, 2, 100, 201, 32, 102, 14, 173, 66, 195, 154,
       66, 182, 76, 0, 132, 176, 104, 87, 23, 69, 171, 0, 108, 70, 64,
       48, 32, 144, 78, 229, 12, 129, 79, 153, 172, 24, 85, 112, 88, 156,
       75, 17, 122, 19, 189, 88, 116, 1, 250, 68, 1, 144, 144, 64, 130,
       2, 71, 2, 2, 3, 4, 80, 192, 17, 2, 100, 9, 1, 70, 130, 45, 64,
       131, 10, 2, 166, 76, 0, 132, 144, 64, 66, 22, 65, 170, 0, 104, 66,
       64, 0, 32, 20, 2, 65, 12, 129, 78, 17, 44, 24, 64, 48, 88, 28, 73,
       1, 114, 19, 177, 72, 54, 33, 224, 1, 3, 0, 144, 200, 128, 2, 4,
       32, 0, 2, 4, 128, 69, 1, 1, 100, 65, 1, 98, 194, 33, 66, 99, 72,
       10, 128, 12, 16, 0, 17, 65, 87, 38, 81, 186, 80, 96, 65, 64, 64,
       80, 24, 14, 64, 20, 225, 79, 153, 44, 24, 4, 240, 29, 156, 73, 17,
       114, 51, 181, 72, 87, 32, 248, 253, 127, 255, 253, 126, 127, 249,
       255, 253, 255, 254, 191, 127, 254, 251, 255, 251, 253, 251, 111,
       125, 223, 255, 191, 223, 239, 255, 191, 255, 223, 126, 255, 251,
       111, 247, 255, 214, 255, 245, 253, 254, 95, 255, 62, 223, 167, 75,
       255, 254, 189, 222, 221, 250, 191, 159, 93, 252, 252, 107, 255,
       255, 222, 47, 183, 68, 2, 131, 144, 72, 66, 34, 206, 0, 226, 3, 4,
       65, 132, 155, 3, 8, 93, 25, 96, 138, 129, 206, 9, 14, 192, 136, 7,
       16, 9, 49, 79, 113, 135, 85, 43, 0, 230, 37, 6, 128, 32, 72, 8,
       67, 140, 64, 145, 28, 44, 116, 20, 1, 120, 132, 10, 192, 104, 33,
       156, 76, 6, 48, 244, 254, 253, 255, 223, 255, 239, 223, 249, 255,
       93, 253, 251, 255, 127, 246, 253, 243, 247, 126, 119, 127, 255,
       179, 126, 254, 255, 255, 127, 255, 251, 255, 191, 223, 109, 30,
       255, 222, 117, 249, 253, 95, 223, 255, 191, 217, 63, 253, 31, 173,
       183, 223, 141, 248, 191, 159, 95, 120, 246, 113, 191, 255, 95, 62,
       253, 243, 245, 125, 134, 255, 143, 95, 8, 246, 69, 61, 122, 191,
       107, 180, 93, 246, 247, 52, 116, 66, 103, 145, 100, 238, 214, 249,
       63, 242, 58, 212, 41, 210, 45, 22, 222, 194, 121, 171, 245, 82,
       218, 24, 15, 209, 28, 244, 15, 145, 164, 16, 5, 104, 25, 158, 75,
       24, 246, 48, 61, 88, 87, 32, 248, 55, 51, 81, 146, 21, 4, 1, 78,
       198, 68, 2, 52, 33, 203, 144, 85, 226, 212, 1, 100, 65, 130, 160,
       55, 78, 136, 32, 9, 210, 8, 48, 41, 112, 38, 84, 186, 66, 112, 1,
       212, 144, 64, 24, 14, 64, 20, 192, 204, 153, 36, 24, 4, 112, 28,
       132, 73, 16, 240, 35, 188, 88, 86, 32, 249, 61, 53, 240, 50, 17,
       37, 33, 127, 132, 70, 209, 52, 48, 14, 129, 70, 226, 212, 3, 96,
       193, 34, 193, 55, 76, 136, 160, 9, 82, 12, 48, 105, 212, 36, 85,
       186, 82, 120, 1, 84, 112, 72, 24, 14, 212, 20, 229, 78, 153, 172,
       24, 5, 240, 28, 156, 73, 16, 242, 51, 188, 88, 86, 32, 250, 63,
       51, 253, 182, 63, 181, 63, 120, 246, 254, 210, 51, 253, 127, 179,
       87, 242, 245, 3, 98, 229, 39, 194, 119, 76, 186, 180, 47, 82, 8,
       113, 235, 215, 36, 85, 190, 82, 120, 233, 116, 112, 92, 56, 47,
       213, 20, 245, 111, 153, 172, 24, 5, 240, 29, 156, 73, 16, 242, 51,
       189, 88, 87, 32, 250 ]
