%YAML:1.0
descriptors: !!opencv-matrix
   rows: 10
   cols: 64
   dt: u
   data: [ 189, 255, 127, 253, 54, 253, 253, 248, 253, 223, 252, 249,
       125, 127, 253, 253, 243, 244, 127, 111, 117, 122, 180, 54, 253,
       255, 231, 185, 127, 223, 126, 187, 240, 108, 255, 254, 214, 115,
       249, 253, 255, 223, 251, 63, 214, 167, 220, 126, 143, 189, 223,
       141, 250, 189, 159, 93, 184, 246, 123, 222, 219, 222, 46, 185, 58,
       145, 236, 190, 63, 181, 221, 31, 247, 254, 180, 225, 61, 122, 52,
       95, 252, 246, 99, 243, 245, 54, 209, 119, 197, 187, 229, 123, 91,
       220, 245, 227, 223, 44, 87, 190, 91, 120, 233, 116, 120, 95, 56,
       47, 212, 117, 247, 111, 153, 172, 24, 5, 240, 29, 156, 73, 16,
       242, 51, 189, 88, 87, 32, 251, 31, 178, 77, 166, 63, 249, 149, 56,
       119, 188, 222, 245, 253, 63, 57, 81, 249, 246, 1, 243, 229, 112,
       195, 115, 205, 190, 224, 187, 126, 78, 245, 235, 215, 44, 85, 186,
       91, 120, 233, 116, 116, 93, 58, 47, 212, 21, 247, 111, 153, 172,
       24, 5, 242, 29, 156, 73, 16, 242, 51, 189, 88, 87, 32, 250, 255,
       252, 255, 239, 255, 255, 255, 253, 255, 253, 255, 249, 255, 190,
       254, 252, 251, 213, 127, 121, 253, 219, 191, 61, 191, 239, 239,
       191, 255, 219, 127, 255, 229, 109, 60, 255, 214, 119, 249, 255,
       251, 223, 255, 63, 223, 191, 252, 61, 143, 181, 223, 141, 234,
       191, 159, 93, 248, 246, 123, 250, 223, 142, 46, 189, 63, 183, 253,
       254, 55, 189, 253, 123, 247, 222, 221, 240, 253, 127, 188, 94,
       251, 222, 99, 123, 245, 118, 195, 247, 205, 190, 229, 251, 122,
       30, 245, 235, 223, 44, 85, 190, 219, 120, 249, 117, 120, 92, 57,
       47, 212, 53, 247, 111, 153, 172, 24, 5, 240, 29, 156, 73, 16, 242,
       51, 189, 88, 87, 32, 250, 59, 212, 108, 253, 63, 253, 255, 56,
       253, 255, 253, 248, 253, 121, 124, 255, 189, 255, 126, 251, 244,
       115, 219, 126, 245, 255, 231, 255, 127, 247, 253, 239, 223, 252,
       151, 124, 255, 249, 248, 123, 122, 223, 111, 45, 247, 247, 247,
       107, 191, 255, 158, 15, 252, 157, 223, 93, 58, 247, 255, 191, 251,
       219, 46, 255, 35, 199, 109, 136, 7, 223, 7, 73, 165, 70, 189, 140,
       57, 61, 124, 101, 131, 116, 3, 116, 16, 114, 144, 100, 92, 245,
       13, 20, 59, 154, 25, 9, 208, 108, 211, 154, 66, 112, 9, 56, 54,
       251, 28, 173, 84, 220, 244, 72, 17, 172, 16, 12, 19, 25, 134, 28,
       56, 230, 34, 188, 72, 214, 42, 249, 114, 190, 255, 207, 254, 159,
       219, 9, 255, 119, 23, 222, 191, 127, 63, 93, 254, 247, 120, 182,
       212, 119, 219, 109, 251, 242, 124, 127, 62, 249, 221, 111, 135,
       237, 223, 23, 254, 217, 255, 127, 117, 93, 107, 173, 213, 220,
       253, 55, 191, 252, 153, 13, 180, 165, 156, 251, 112, 254, 250,
       189, 242, 221, 60, 254, 236, 237, 239, 221, 254, 255, 255, 255,
       221, 255, 255, 186, 251, 238, 251, 238, 139, 85, 250, 111, 191,
       223, 254, 63, 127, 231, 190, 55, 91, 249, 62, 255, 231, 135, 255,
       251, 214, 255, 255, 63, 242, 127, 231, 126, 191, 158, 93, 179,
       223, 172, 62, 253, 219, 253, 189, 246, 208, 238, 249, 255, 223,
       253, 187, 246, 189, 222, 239, 253, 190, 253, 253, 240, 189, 255,
       254, 223, 223, 124, 127, 237, 185, 253, 251, 107, 252, 127, 222,
       255, 123, 127, 183, 182, 125, 215, 127, 255, 255, 251, 255, 117,
       255, 255, 248, 63, 255, 125, 239, 62, 255, 183, 255, 123, 191,
       221, 159, 239, 255, 253, 159, 92, 119, 214, 255, 255, 243, 255,
       175, 254 ]
