%YAML:1.0
descriptors: !!opencv-matrix
   rows: 12
   cols: 64
   dt: u
   data: [ 42, 213, 236, 190, 55, 189, 93, 27, 247, 254, 181, 225, 61,
       59, 60, 95, 254, 246, 99, 243, 245, 38, 209, 119, 85, 187, 229,
       59, 91, 92, 245, 227, 207, 44, 87, 190, 219, 120, 233, 117, 120,
       94, 56, 175, 212, 117, 247, 111, 153, 172, 24, 5, 240, 29, 156,
       73, 16, 242, 51, 189, 90, 87, 32, 251, 47, 176, 237, 166, 62, 253,
       149, 52, 125, 252, 94, 117, 221, 63, 185, 69, 233, 252, 65, 243,
       245, 116, 195, 115, 77, 252, 160, 187, 122, 95, 117, 239, 215, 36,
       85, 186, 91, 122, 233, 116, 112, 93, 122, 47, 212, 20, 247, 111,
       153, 172, 24, 5, 240, 29, 156, 73, 16, 242, 51, 189, 88, 87, 32,
       250, 255, 252, 255, 239, 255, 255, 255, 249, 255, 253, 255, 255,
       255, 254, 254, 253, 243, 245, 127, 123, 253, 223, 191, 124, 255,
       239, 255, 191, 255, 219, 127, 255, 231, 109, 127, 255, 214, 119,
       249, 255, 255, 223, 255, 63, 223, 191, 252, 61, 141, 181, 223,
       141, 234, 191, 159, 77, 248, 246, 123, 254, 223, 143, 46, 189, 63,
       182, 125, 166, 63, 189, 187, 120, 252, 254, 214, 119, 253, 127,
       249, 85, 242, 255, 67, 243, 245, 98, 211, 246, 221, 190, 245, 255,
       126, 222, 247, 235, 223, 44, 87, 190, 91, 120, 233, 124, 120, 92,
       56, 47, 213, 53, 247, 111, 153, 172, 24, 5, 240, 29, 156, 73, 16,
       242, 51, 189, 90, 87, 32, 250, 62, 177, 125, 188, 55, 181, 253,
       120, 247, 254, 221, 241, 253, 127, 180, 86, 251, 220, 99, 243,
       245, 118, 195, 247, 205, 190, 225, 251, 122, 222, 245, 235, 223,
       44, 87, 190, 218, 120, 233, 125, 120, 92, 57, 47, 212, 53, 247,
       111, 153, 172, 24, 5, 240, 29, 156, 73, 24, 242, 51, 189, 88, 87,
       32, 250, 199, 33, 211, 214, 217, 130, 71, 74, 198, 1, 1, 115, 163,
       202, 162, 81, 98, 213, 37, 71, 206, 45, 130, 99, 14, 218, 179, 47,
       146, 8, 16, 41, 215, 39, 20, 186, 66, 120, 103, 212, 80, 66, 24,
       75, 201, 28, 213, 207, 153, 164, 24, 4, 112, 24, 156, 75, 16, 114,
       51, 189, 88, 87, 32, 250, 250, 249, 255, 223, 247, 111, 221, 251,
       223, 221, 252, 251, 191, 250, 246, 254, 251, 215, 127, 63, 63,
       191, 239, 127, 255, 255, 119, 63, 255, 219, 126, 191, 226, 239,
       62, 223, 246, 125, 255, 255, 115, 255, 231, 127, 159, 30, 125,
       183, 205, 181, 215, 221, 248, 182, 167, 127, 248, 252, 104, 123,
       223, 13, 183, 191, 133, 196, 72, 0, 217, 0, 7, 64, 34, 71, 40, 82,
       146, 107, 166, 65, 194, 85, 37, 100, 64, 4, 128, 96, 78, 149, 185,
       41, 146, 10, 50, 9, 212, 36, 84, 186, 82, 112, 9, 244, 112, 92,
       24, 15, 208, 20, 244, 76, 153, 172, 24, 5, 240, 29, 156, 73, 16,
       242, 51, 188, 88, 87, 32, 248, 191, 245, 125, 254, 223, 45, 87,
       121, 255, 85, 252, 251, 191, 122, 244, 124, 243, 245, 127, 119,
       119, 46, 185, 118, 126, 255, 119, 59, 255, 219, 94, 173, 146, 111,
       22, 254, 198, 113, 127, 252, 115, 223, 254, 95, 216, 22, 253, 199,
       133, 181, 211, 140, 248, 158, 142, 73, 120, 244, 123, 155, 218,
       95, 166, 253, 109, 62, 239, 249, 254, 253, 255, 252, 189, 255,
       250, 189, 207, 189, 251, 239, 235, 253, 123, 107, 253, 231, 222,
       185, 77, 239, 190, 183, 125, 31, 123, 255, 119, 103, 247, 187,
       210, 255, 253, 127, 252, 92, 122, 190, 215, 171, 125, 179, 156,
       173, 28, 37, 241, 253, 159, 77, 216, 254, 115, 191, 222, 215, 40,
       246, 69, 38, 225, 144, 24, 6, 33, 110, 128, 100, 130, 52, 65, 167,
       131, 66, 202, 68, 3, 96, 201, 129, 206, 51, 76, 136, 128, 13, 16,
       12, 49, 75, 113, 36, 85, 186, 0, 112, 1, 86, 16, 64, 24, 14, 64,
       4, 193, 79, 25, 44, 24, 4, 112, 28, 148, 73, 16, 98, 35, 156, 72,
       22, 32, 248, 70, 32, 209, 146, 24, 2, 9, 78, 194, 98, 1, 48, 17,
       130, 163, 82, 226, 212, 1, 96, 139, 128, 200, 42, 12, 136, 160, 9,
       18, 8, 49, 105, 113, 36, 20, 186, 2, 112, 1, 86, 16, 64, 24, 10,
       66, 28, 193, 13, 153, 44, 16, 4, 96, 24, 148, 73, 144, 114, 49,
       188, 88, 70, 32, 241 ]
