%YAML:1.0
descriptors: !!opencv-matrix
   rows: 13
   cols: 64
   dt: u
   data: [ 63, 146, 252, 238, 63, 253, 157, 60, 63, 252, 214, 241, 189,
       63, 188, 85, 255, 246, 97, 251, 245, 96, 195, 115, 109, 191, 240,
       123, 126, 93, 245, 239, 215, 100, 87, 186, 87, 120, 233, 124, 116,
       93, 58, 47, 212, 21, 247, 111, 153, 172, 24, 5, 240, 29, 156, 73,
       16, 242, 51, 189, 90, 87, 32, 250, 63, 178, 125, 163, 255, 189,
       191, 120, 254, 126, 218, 115, 237, 127, 187, 85, 242, 245, 3, 112,
       229, 39, 195, 124, 204, 252, 253, 175, 90, 30, 115, 235, 215, 44,
       85, 190, 90, 120, 233, 116, 120, 92, 58, 47, 213, 21, 245, 111,
       153, 172, 24, 5, 240, 29, 156, 73, 16, 242, 51, 189, 88, 87, 32,
       250, 63, 243, 125, 222, 55, 189, 223, 120, 255, 214, 213, 254,
       253, 127, 252, 85, 242, 247, 66, 115, 245, 118, 195, 246, 237,
       254, 245, 123, 126, 30, 247, 235, 223, 44, 85, 190, 218, 120, 233,
       117, 112, 93, 57, 47, 213, 52, 245, 111, 153, 172, 24, 5, 240, 29,
       156, 73, 16, 242, 51, 189, 120, 87, 32, 250, 12, 42, 115, 161,
       216, 229, 163, 252, 136, 255, 194, 53, 209, 6, 219, 224, 234, 220,
       131, 98, 201, 129, 142, 56, 13, 136, 56, 139, 210, 14, 51, 63,
       117, 38, 93, 187, 16, 242, 13, 116, 208, 84, 24, 14, 66, 134, 72,
       245, 153, 44, 88, 37, 240, 31, 141, 73, 144, 240, 35, 188, 92, 70,
       32, 176, 204, 106, 103, 233, 248, 253, 163, 241, 61, 255, 234, 31,
       217, 189, 219, 228, 139, 221, 255, 106, 253, 193, 142, 184, 79,
       253, 29, 179, 253, 71, 59, 223, 113, 65, 93, 235, 84, 247, 237,
       52, 253, 116, 122, 54, 79, 135, 126, 241, 141, 45, 124, 53, 217,
       255, 143, 12, 212, 204, 43, 172, 206, 71, 32, 180, 64, 0, 1, 178,
       72, 34, 34, 78, 0, 34, 64, 4, 0, 129, 129, 34, 2, 76, 1, 96, 128,
       128, 172, 26, 14, 136, 136, 3, 210, 1, 33, 79, 113, 132, 20, 58,
       1, 224, 5, 198, 130, 98, 24, 2, 64, 12, 64, 201, 9, 36, 80, 0, 69,
       26, 132, 8, 128, 168, 33, 152, 76, 6, 34, 181, 253, 255, 255, 253,
       54, 127, 125, 254, 253, 255, 252, 187, 127, 255, 255, 254, 251,
       253, 251, 111, 125, 223, 254, 191, 223, 239, 247, 187, 127, 223,
       126, 255, 251, 111, 247, 255, 214, 127, 245, 253, 254, 223, 251,
       191, 223, 179, 111, 255, 191, 173, 255, 153, 250, 191, 159, 93,
       236, 244, 123, 223, 255, 222, 47, 255, 68, 2, 129, 176, 72, 66,
       34, 102, 0, 162, 66, 4, 64, 132, 153, 2, 10, 77, 1, 96, 130, 129,
       204, 27, 12, 136, 140, 134, 0, 5, 49, 78, 113, 135, 117, 43, 0,
       226, 5, 70, 128, 32, 64, 2, 67, 140, 1, 203, 25, 108, 120, 20, 97,
       92, 20, 8, 192, 106, 3, 184, 72, 6, 48, 244, 76, 34, 131, 176, 72,
       2, 34, 71, 0, 162, 66, 20, 81, 132, 155, 194, 10, 77, 25, 96, 136,
       129, 204, 27, 14, 200, 136, 135, 64, 9, 49, 78, 113, 133, 85, 59,
       0, 246, 37, 86, 128, 96, 72, 10, 67, 140, 65, 201, 29, 44, 120,
       20, 65, 92, 149, 10, 192, 232, 1, 184, 72, 6, 50, 244, 253, 250,
       255, 253, 254, 119, 253, 254, 253, 253, 254, 251, 255, 255, 251,
       254, 251, 253, 255, 107, 253, 223, 231, 255, 255, 255, 255, 191,
       255, 223, 126, 255, 255, 109, 127, 255, 222, 127, 249, 253, 255,
       95, 251, 62, 223, 167, 219, 255, 175, 189, 223, 141, 250, 191,
       157, 93, 244, 246, 123, 255, 255, 223, 44, 254, 254, 253, 127,
       223, 255, 255, 223, 249, 255, 93, 253, 251, 255, 127, 246, 252,
       243, 247, 126, 127, 127, 255, 179, 254, 255, 255, 247, 127, 255,
       251, 255, 191, 255, 109, 30, 255, 222, 113, 249, 253, 95, 223,
       255, 63, 217, 63, 253, 127, 173, 183, 159, 143, 250, 191, 159, 93,
       120, 246, 123, 191, 255, 223, 46, 253, 242, 213, 120, 214, 255,
       135, 95, 9, 246, 69, 61, 122, 191, 106, 52, 93, 246, 247, 52, 247,
       78, 47, 177, 102, 238, 214, 243, 63, 210, 58, 213, 41, 146, 45,
       22, 223, 194, 121, 243, 245, 83, 203, 29, 75, 209, 28, 253, 15,
       133, 166, 16, 5, 104, 26, 156, 75, 24, 242, 48, 61, 88, 95, 48,
       249, 183, 51, 81, 130, 221, 2, 1, 74, 230, 64, 1, 54, 45, 203,
       128, 85, 226, 212, 5, 100, 65, 128, 160, 54, 78, 136, 168, 9, 146,
       8, 48, 41, 112, 36, 84, 186, 66, 112, 1, 212, 144, 64, 24, 14,
       192, 20, 192, 76, 153, 36, 16, 4, 96, 28, 132, 73, 16, 242, 49,
       188, 88, 86, 32, 249 ]
