%YAML:1.0
descriptors: !!opencv-matrix
   rows: 22
   cols: 64
   dt: u
   data: [ 6, 33, 193, 144, 16, 4, 1, 78, 192, 70, 1, 48, 81, 130, 147,
       66, 226, 84, 1, 100, 1, 128, 192, 2, 12, 136, 160, 9, 82, 8, 48,
       41, 80, 36, 20, 186, 2, 112, 1, 84, 16, 64, 24, 10, 64, 20, 192,
       76, 25, 44, 24, 4, 112, 24, 148, 73, 16, 242, 49, 184, 88, 86, 32,
       241, 191, 245, 109, 238, 55, 117, 253, 250, 245, 223, 253, 249,
       127, 59, 244, 253, 251, 244, 103, 107, 117, 114, 181, 118, 125,
       191, 165, 59, 127, 95, 125, 249, 246, 108, 28, 254, 210, 120, 249,
       253, 250, 223, 63, 63, 208, 23, 208, 110, 153, 173, 30, 5, 248,
       29, 159, 77, 24, 242, 51, 157, 91, 95, 34, 187, 62, 113, 117, 190,
       55, 47, 61, 127, 215, 68, 253, 177, 125, 58, 148, 86, 242, 214,
       67, 112, 113, 42, 225, 55, 220, 168, 228, 153, 123, 248, 252, 233,
       200, 44, 36, 190, 206, 112, 129, 253, 91, 219, 151, 15, 192, 53,
       228, 78, 169, 166, 219, 13, 122, 28, 159, 73, 40, 178, 59, 216,
       123, 70, 38, 249, 61, 246, 109, 236, 54, 125, 189, 120, 245, 222,
       248, 241, 109, 63, 253, 229, 243, 252, 71, 105, 241, 114, 180,
       118, 109, 189, 165, 153, 127, 94, 125, 249, 240, 108, 223, 190,
       214, 120, 185, 253, 126, 223, 59, 175, 214, 163, 244, 110, 154,
       189, 30, 13, 234, 29, 159, 93, 184, 242, 59, 156, 219, 223, 46,
       176, 31, 182, 213, 62, 63, 177, 188, 127, 242, 184, 214, 245, 124,
       119, 169, 83, 234, 222, 3, 243, 197, 38, 193, 247, 205, 138, 228,
       207, 82, 12, 177, 106, 223, 44, 69, 190, 91, 120, 233, 116, 120,
       92, 56, 47, 212, 117, 247, 111, 153, 172, 24, 5, 240, 29, 156, 73,
       16, 242, 51, 189, 88, 87, 32, 250, 31, 51, 205, 246, 62, 179, 157,
       62, 114, 188, 215, 245, 125, 126, 177, 83, 248, 222, 1, 243, 229,
       36, 193, 243, 205, 170, 224, 223, 90, 76, 245, 235, 215, 44, 85,
       186, 91, 120, 233, 116, 112, 92, 56, 47, 212, 21, 247, 111, 153,
       172, 24, 5, 240, 29, 156, 73, 16, 242, 51, 189, 88, 87, 32, 250,
       254, 253, 251, 251, 218, 15, 71, 235, 207, 101, 253, 58, 255, 238,
       246, 92, 243, 213, 127, 102, 63, 159, 155, 103, 222, 222, 127, 47,
       210, 155, 122, 173, 194, 39, 6, 223, 194, 125, 119, 94, 50, 195,
       212, 251, 93, 28, 253, 151, 197, 36, 144, 252, 106, 190, 134, 123,
       88, 252, 121, 59, 94, 92, 59, 184, 7, 32, 65, 130, 17, 2, 3, 74,
       198, 66, 1, 48, 33, 10, 128, 81, 226, 212, 1, 100, 65, 32, 128,
       34, 76, 136, 168, 9, 146, 8, 49, 105, 80, 36, 84, 186, 66, 112, 1,
       212, 0, 64, 24, 11, 64, 20, 192, 76, 153, 36, 16, 4, 96, 24, 156,
       73, 16, 242, 51, 188, 88, 86, 32, 249, 82, 35, 1, 22, 64, 2, 10,
       7, 66, 2, 19, 52, 112, 130, 129, 82, 98, 1, 0, 196, 3, 161, 65,
       135, 140, 136, 168, 13, 2, 12, 48, 72, 80, 36, 69, 186, 74, 122,
       129, 84, 128, 64, 16, 10, 192, 12, 128, 78, 153, 172, 16, 5, 48,
       24, 20, 73, 0, 114, 19, 176, 72, 6, 32, 240, 68, 35, 1, 128, 216,
       162, 34, 112, 0, 8, 64, 21, 64, 65, 129, 1, 66, 77, 129, 100, 192,
       33, 0, 211, 78, 136, 8, 133, 0, 12, 33, 73, 86, 39, 84, 186, 16,
       48, 5, 20, 65, 64, 24, 134, 65, 0, 192, 79, 24, 36, 24, 0, 241,
       24, 140, 9, 0, 226, 19, 156, 72, 71, 32, 248, 5, 6, 1, 32, 157,
       160, 33, 88, 160, 10, 128, 97, 224, 9, 128, 1, 66, 108, 135, 80,
       224, 34, 24, 220, 68, 184, 4, 130, 144, 4, 33, 64, 93, 8, 158,
       184, 0, 32, 1, 4, 77, 64, 26, 143, 64, 97, 182, 65, 56, 52, 24, 0,
       224, 24, 206, 1, 16, 130, 135, 132, 8, 87, 36, 120, 129, 6, 0, 6,
       133, 128, 4, 16, 2, 5, 34, 67, 130, 25, 64, 5, 2, 101, 132, 1,
       192, 6, 168, 65, 0, 52, 9, 34, 20, 8, 1, 21, 104, 33, 56, 16, 0,
       8, 6, 128, 193, 162, 42, 135, 136, 66, 24, 145, 0, 17, 48, 36, 13,
       138, 139, 130, 50, 0, 50, 4, 64, 20, 4, 8, 18, 33, 17, 18, 1, 2,
       0, 78, 194, 2, 131, 36, 97, 2, 128, 18, 118, 2, 2, 20, 2, 32, 65,
       199, 132, 128, 224, 9, 2, 168, 192, 8, 14, 12, 71, 190, 8, 8, 3,
       76, 32, 64, 20, 1, 160, 112, 161, 78, 16, 166, 136, 2, 32, 24, 92,
       81, 0, 50, 18, 177, 40, 87, 96, 74, 5, 6, 68, 0, 153, 128, 161,
       120, 32, 84, 6, 71, 128, 63, 137, 5, 66, 100, 129, 32, 240, 2,
       152, 112, 66, 40, 8, 0, 188, 8, 1, 9, 156, 100, 81, 154, 16, 18,
       13, 12, 213, 20, 24, 134, 64, 128, 80, 193, 8, 52, 25, 12, 208,
       28, 136, 9, 48, 64, 34, 140, 72, 71, 36, 88, 1, 6, 69, 2, 221,
       132, 3, 24, 160, 28, 2, 65, 136, 25, 0, 5, 66, 100, 3, 32, 208, 2,
       24, 228, 64, 168, 12, 0, 184, 8, 1, 65, 92, 44, 84, 186, 80, 48,
       1, 140, 85, 64, 26, 142, 64, 96, 192, 69, 32, 36, 24, 0, 112, 24,
       140, 1, 56, 32, 35, 156, 72, 70, 36, 248, 129, 70, 6, 6, 149, 0,
       129, 250, 34, 1, 1, 67, 162, 25, 0, 1, 34, 101, 4, 5, 0, 6, 128,
       96, 2, 176, 9, 0, 148, 8, 0, 25, 120, 36, 48, 154, 0, 8, 3, 133,
       209, 66, 8, 6, 136, 0, 200, 141, 0, 53, 16, 4, 24, 138, 141, 2,
       16, 48, 48, 12, 0, 5, 36, 25, 5, 3, 0, 0, 17, 32, 36, 120, 0, 8,
       130, 49, 32, 72, 128, 1, 98, 68, 129, 68, 65, 32, 129, 82, 4, 24,
       0, 1, 144, 12, 32, 1, 92, 36, 20, 186, 16, 48, 1, 84, 81, 64, 24,
       14, 64, 1, 128, 76, 8, 36, 24, 4, 112, 24, 140, 1, 16, 34, 35,
       148, 8, 7, 32, 120, 130, 1, 137, 18, 5, 0, 12, 14, 194, 2, 1, 6,
       34, 196, 38, 19, 76, 2, 32, 149, 10, 132, 99, 6, 134, 130, 240, 8,
       130, 40, 2, 0, 134, 12, 194, 142, 10, 8, 66, 64, 0, 72, 52, 105,
       144, 92, 165, 44, 80, 138, 0, 3, 48, 17, 116, 99, 17, 50, 16, 49,
       48, 81, 64, 74, 23, 17, 24, 150, 23, 0, 28, 106, 2, 130, 145, 48,
       32, 138, 128, 82, 98, 212, 4, 85, 2, 128, 192, 3, 12, 128, 224, 9,
       18, 40, 20, 41, 80, 36, 180, 154, 66, 120, 3, 213, 16, 192, 53, 9,
       130, 4, 192, 78, 19, 172, 16, 5, 32, 24, 180, 65, 16, 50, 49, 216,
       88, 20, 32, 178, 0, 2, 33, 0, 0, 0, 0, 111, 128, 0, 130, 4, 81, 4,
       17, 2, 64, 8, 67, 64, 192, 2, 64, 133, 20, 136, 132, 0, 0, 132, 1,
       72, 76, 44, 67, 186, 8, 32, 1, 76, 40, 0, 20, 130, 68, 96, 160,
       76, 24, 44, 137, 0, 50, 24, 28, 1, 0, 98, 19, 176, 8, 6, 32, 64,
       22, 33, 9, 146, 18, 0, 28, 7, 66, 130, 17, 16, 17, 130, 144, 82,
       2, 70, 0, 65, 2, 176, 192, 3, 12, 128, 160, 9, 2, 168, 16, 40, 64,
       36, 20, 154, 10, 104, 3, 212, 0, 74, 53, 8, 146, 20, 128, 14, 19,
       172, 16, 7, 32, 24, 52, 89, 16, 50, 49, 24, 88, 20, 96, 243, 12,
       34, 101, 160, 20, 165, 35, 124, 224, 78, 210, 21, 73, 5, 145, 65,
       226, 68, 3, 96, 192, 32, 192, 242, 12, 136, 160, 137, 82, 12, 49,
       73, 84, 36, 85, 186, 80, 120, 1, 84, 84, 64, 24, 14, 64, 4, 192,
       78, 24, 44, 24, 4, 240, 28, 156, 73, 0, 242, 51, 156, 72, 86, 32,
       248 ]
