%YAML:1.0
descriptors: !!opencv-matrix
   rows: 19
   cols: 64
   dt: u
   data: [ 186, 253, 125, 238, 55, 109, 221, 123, 215, 92, 253, 241, 127,
       126, 244, 252, 251, 214, 103, 113, 117, 58, 181, 55, 191, 191,
       229, 27, 255, 219, 124, 253, 224, 108, 60, 254, 214, 115, 217,
       253, 91, 223, 247, 47, 220, 54, 244, 78, 141, 181, 223, 141, 250,
       30, 159, 77, 184, 242, 123, 248, 91, 31, 46, 189, 163, 52, 64, 2,
       149, 0, 5, 8, 230, 68, 0, 115, 40, 11, 132, 85, 98, 212, 5, 100,
       65, 2, 129, 100, 78, 152, 41, 9, 146, 8, 0, 41, 208, 36, 20, 186,
       66, 112, 1, 212, 81, 66, 24, 11, 192, 16, 244, 76, 129, 36, 16, 4,
       96, 24, 140, 73, 16, 240, 51, 188, 88, 87, 32, 249, 39, 33, 65,
       146, 17, 130, 13, 74, 198, 66, 1, 48, 33, 202, 160, 87, 226, 213,
       5, 100, 3, 6, 129, 103, 14, 152, 160, 13, 18, 8, 48, 41, 82, 36,
       20, 154, 66, 120, 1, 212, 16, 64, 24, 11, 192, 28, 192, 14, 153,
       36, 16, 4, 96, 24, 148, 73, 16, 114, 49, 156, 88, 22, 32, 248,
       191, 245, 124, 222, 55, 189, 221, 112, 119, 223, 53, 250, 191,
       122, 180, 95, 255, 246, 100, 235, 213, 118, 225, 118, 237, 63,
       245, 123, 127, 95, 245, 107, 215, 36, 20, 254, 82, 121, 249, 245,
       114, 223, 124, 47, 208, 20, 245, 111, 153, 172, 24, 5, 248, 29,
       158, 73, 16, 242, 51, 189, 89, 95, 34, 251, 1, 134, 68, 2, 220,
       36, 131, 80, 160, 20, 2, 71, 8, 25, 128, 1, 98, 100, 3, 32, 192,
       2, 136, 116, 72, 168, 12, 0, 190, 8, 1, 73, 212, 100, 80, 154, 80,
       50, 13, 164, 213, 84, 26, 134, 64, 96, 80, 197, 24, 52, 24, 4,
       240, 28, 140, 73, 48, 112, 34, 172, 72, 87, 36, 249, 70, 33, 9,
       146, 2, 18, 24, 15, 130, 130, 19, 16, 17, 130, 145, 82, 0, 84, 0,
       69, 10, 176, 192, 3, 12, 128, 164, 9, 2, 168, 16, 8, 80, 4, 20,
       170, 66, 120, 131, 84, 128, 64, 52, 8, 130, 12, 128, 110, 19, 172,
       16, 5, 32, 25, 180, 73, 144, 114, 49, 184, 72, 22, 96, 242, 4, 35,
       1, 128, 16, 128, 34, 112, 0, 10, 2, 21, 64, 2, 129, 0, 66, 68,
       129, 64, 192, 32, 128, 194, 12, 136, 0, 1, 16, 8, 33, 73, 84, 36,
       84, 186, 16, 112, 1, 84, 128, 64, 16, 14, 64, 4, 192, 78, 24, 36,
       24, 0, 96, 24, 140, 1, 0, 98, 19, 188, 72, 6, 32, 240, 4, 2, 1, 1,
       0, 64, 160, 228, 128, 138, 194, 4, 80, 0, 153, 2, 10, 8, 195, 64,
       64, 0, 204, 128, 12, 16, 12, 128, 0, 132, 33, 24, 116, 0, 65, 168,
       20, 162, 1, 8, 168, 0, 16, 2, 70, 164, 2, 96, 26, 40, 41, 32, 146,
       24, 4, 0, 132, 64, 3, 224, 0, 3, 96, 98, 1, 4, 128, 0, 0, 0, 4,
       22, 160, 6, 0, 2, 128, 1, 6, 3, 12, 104, 2, 128, 192, 6, 82, 192,
       0, 48, 148, 0, 0, 0, 1, 64, 205, 24, 195, 32, 8, 8, 32, 0, 108, 0,
       36, 161, 21, 112, 52, 105, 48, 136, 8, 0, 146, 8, 88, 0, 43, 2,
       18, 177, 32, 211, 68, 74, 2, 1, 128, 0, 5, 128, 128, 18, 134, 134,
       1, 2, 128, 8, 19, 3, 12, 32, 64, 144, 0, 38, 82, 195, 0, 48, 148,
       0, 16, 128, 0, 0, 78, 56, 195, 8, 8, 8, 10, 8, 32, 32, 48, 171, 4,
       112, 177, 111, 16, 136, 152, 1, 48, 8, 88, 16, 1, 2, 18, 177, 32,
       209, 64, 98, 129, 210, 0, 6, 133, 8, 4, 24, 34, 1, 37, 203, 162,
       25, 68, 9, 110, 230, 36, 1, 64, 2, 161, 96, 32, 149, 17, 40, 151,
       10, 2, 1, 212, 36, 112, 152, 66, 8, 10, 164, 81, 218, 40, 7, 136,
       80, 252, 4, 128, 145, 80, 4, 160, 10, 142, 9, 16, 48, 48, 60, 80,
       85, 4, 251, 5, 35, 101, 4, 16, 12, 1, 118, 192, 4, 150, 21, 65,
       21, 144, 0, 0, 68, 67, 32, 81, 0, 0, 128, 12, 40, 4, 0, 32, 12, 0,
       9, 60, 36, 112, 154, 8, 50, 1, 132, 133, 17, 24, 134, 0, 34, 64,
       76, 0, 36, 201, 8, 16, 26, 1, 8, 44, 32, 2, 176, 72, 6, 38, 89, 6,
       32, 64, 130, 21, 2, 10, 106, 70, 2, 51, 48, 33, 2, 145, 98, 66,
       84, 0, 64, 1, 160, 129, 34, 12, 128, 168, 9, 18, 8, 49, 73, 112,
       36, 84, 154, 66, 114, 1, 212, 128, 64, 16, 10, 64, 6, 192, 76, 16,
       44, 16, 4, 32, 24, 149, 9, 128, 34, 49, 184, 72, 22, 32, 176, 103,
       48, 225, 130, 221, 134, 11, 76, 198, 102, 145, 52, 225, 15, 147,
       87, 106, 85, 1, 96, 201, 33, 202, 109, 12, 200, 168, 15, 18, 8,
       49, 111, 85, 165, 21, 187, 66, 120, 37, 86, 0, 64, 8, 10, 193, 24,
       193, 79, 24, 44, 24, 5, 112, 24, 156, 67, 16, 50, 51, 156, 88, 23,
       32, 250, 22, 33, 1, 22, 0, 0, 8, 39, 66, 2, 17, 20, 16, 130, 3,
       18, 96, 2, 0, 212, 3, 160, 193, 6, 140, 128, 164, 9, 2, 136, 32,
       40, 112, 44, 68, 186, 74, 56, 1, 84, 0, 64, 16, 10, 192, 20, 129,
       78, 153, 44, 16, 5, 48, 24, 20, 73, 0, 114, 49, 184, 88, 70, 32,
       240, 5, 6, 0, 32, 153, 168, 161, 88, 160, 25, 130, 101, 224, 13,
       128, 1, 66, 108, 135, 64, 224, 2, 24, 88, 4, 60, 9, 130, 148, 6,
       33, 68, 93, 32, 92, 184, 17, 176, 41, 164, 77, 68, 26, 143, 64,
       97, 190, 81, 8, 52, 24, 32, 224, 28, 142, 1, 16, 128, 135, 164, 8,
       87, 32, 56, 53, 52, 117, 0, 28, 168, 1, 120, 226, 0, 214, 116,
       109, 37, 128, 81, 98, 36, 3, 112, 224, 98, 0, 196, 132, 176, 68,
       137, 42, 12, 65, 104, 28, 108, 197, 158, 8, 40, 9, 92, 92, 16, 28,
       131, 192, 113, 180, 77, 178, 60, 137, 10, 240, 25, 92, 73, 44, 50,
       23, 184, 40, 151, 100, 72, 50, 1, 153, 22, 3, 0, 88, 47, 198, 128,
       149, 52, 49, 194, 17, 18, 126, 18, 2, 22, 2, 170, 197, 7, 156,
       128, 228, 9, 2, 168, 196, 40, 2, 44, 32, 190, 10, 8, 2, 92, 128,
       193, 149, 72, 160, 52, 129, 78, 83, 34, 219, 131, 48, 24, 52, 81,
       1, 51, 59, 249, 57, 4, 160, 195, 5, 2, 68, 0, 217, 160, 34, 120,
       0, 8, 130, 117, 0, 11, 128, 1, 66, 76, 129, 64, 193, 0, 136, 112,
       0, 8, 8, 1, 208, 12, 33, 69, 92, 36, 84, 186, 16, 114, 5, 148,
       209, 64, 26, 6, 64, 1, 66, 193, 8, 36, 88, 4, 240, 28, 140, 9, 16,
       160, 35, 172, 72, 7, 36, 121 ]
