%YAML:1.0
descriptors: !!opencv-matrix
   rows: 16
   cols: 64
   dt: u
   data: [ 28, 177, 93, 150, 55, 177, 253, 122, 118, 190, 213, 241, 125,
       126, 180, 66, 246, 222, 65, 99, 229, 116, 193, 243, 201, 58, 224,
       218, 88, 204, 245, 235, 223, 36, 85, 186, 83, 120, 233, 116, 112,
       93, 56, 47, 212, 21, 247, 111, 153, 172, 24, 5, 240, 29, 156, 73,
       16, 242, 51, 189, 88, 87, 32, 250, 122, 188, 255, 255, 126, 247,
       251, 191, 255, 255, 86, 221, 255, 254, 59, 222, 255, 215, 251, 43,
       244, 127, 255, 255, 251, 251, 254, 182, 127, 241, 255, 239, 215,
       239, 247, 53, 255, 253, 254, 127, 120, 125, 239, 111, 255, 53,
       245, 107, 255, 254, 155, 223, 247, 61, 156, 223, 127, 254, 255,
       255, 251, 255, 221, 254, 58, 221, 220, 222, 47, 221, 217, 39, 255,
       252, 125, 205, 61, 126, 61, 252, 255, 242, 224, 187, 246, 122,
       215, 127, 249, 163, 230, 122, 127, 241, 221, 239, 151, 238, 139,
       52, 255, 219, 250, 121, 243, 223, 239, 109, 180, 150, 245, 111,
       187, 250, 143, 79, 254, 5, 251, 93, 63, 243, 254, 255, 243, 251,
       175, 223, 34, 136, 137, 154, 10, 142, 85, 15, 231, 102, 55, 192,
       25, 106, 60, 30, 239, 86, 32, 33, 134, 52, 200, 111, 89, 131, 164,
       15, 2, 185, 29, 111, 151, 164, 67, 16, 98, 72, 234, 106, 32, 223,
       108, 105, 148, 20, 245, 111, 209, 168, 24, 4, 54, 1, 189, 75, 25,
       114, 50, 185, 81, 93, 0, 250, 191, 245, 125, 252, 63, 191, 255,
       120, 255, 255, 253, 251, 255, 123, 244, 93, 243, 245, 127, 123,
       245, 119, 211, 127, 237, 255, 247, 191, 127, 127, 245, 235, 215,
       108, 158, 190, 214, 121, 249, 245, 122, 223, 123, 47, 213, 21,
       245, 111, 157, 172, 24, 5, 248, 29, 158, 77, 16, 246, 115, 191,
       91, 223, 40, 251, 12, 234, 109, 168, 90, 127, 163, 123, 181, 94,
       238, 53, 93, 127, 253, 228, 192, 220, 67, 96, 245, 112, 128, 243,
       93, 44, 172, 133, 105, 206, 57, 251, 253, 36, 87, 186, 83, 114,
       201, 252, 254, 93, 24, 14, 84, 183, 226, 111, 153, 172, 24, 5,
       242, 29, 157, 73, 24, 242, 51, 188, 88, 86, 34, 249, 127, 53, 253,
       156, 55, 135, 91, 127, 231, 228, 213, 176, 125, 234, 180, 86, 242,
       213, 67, 119, 187, 35, 194, 55, 220, 170, 228, 93, 83, 156, 253,
       233, 215, 44, 20, 190, 74, 120, 193, 124, 50, 219, 61, 47, 209,
       20, 225, 111, 153, 172, 24, 5, 112, 29, 156, 73, 16, 242, 59, 189,
       88, 86, 34, 251, 63, 182, 125, 174, 54, 189, 189, 120, 247, 222,
       213, 240, 253, 59, 188, 86, 246, 214, 35, 99, 245, 102, 193, 119,
       205, 190, 229, 251, 90, 30, 245, 235, 215, 44, 85, 190, 91, 120,
       233, 116, 120, 92, 56, 47, 212, 21, 247, 111, 153, 172, 24, 5,
       240, 29, 156, 73, 16, 242, 51, 189, 88, 87, 32, 250, 255, 254,
       239, 237, 255, 189, 191, 216, 253, 255, 253, 251, 239, 57, 190,
       93, 251, 245, 59, 123, 253, 119, 218, 125, 109, 255, 189, 191, 94,
       93, 119, 239, 215, 236, 223, 187, 82, 249, 233, 119, 120, 94, 122,
       47, 213, 21, 245, 123, 153, 172, 24, 5, 240, 189, 156, 73, 16,
       246, 179, 189, 216, 215, 32, 254, 63, 51, 253, 182, 55, 117, 185,
       126, 118, 222, 214, 245, 125, 62, 185, 87, 251, 222, 65, 243, 229,
       112, 193, 115, 205, 170, 224, 217, 122, 92, 245, 235, 215, 36, 85,
       186, 91, 120, 233, 116, 112, 93, 56, 47, 212, 21, 247, 111, 153,
       172, 24, 5, 240, 29, 156, 73, 16, 242, 51, 189, 88, 87, 32, 250,
       231, 204, 239, 216, 63, 23, 93, 15, 165, 230, 45, 136, 27, 233,
       54, 79, 137, 116, 54, 107, 158, 246, 248, 43, 95, 199, 135, 51,
       83, 185, 61, 79, 211, 158, 150, 75, 194, 252, 243, 186, 50, 234,
       108, 233, 150, 92, 85, 171, 83, 232, 18, 5, 77, 25, 245, 28, 153,
       226, 241, 191, 221, 212, 10, 191, 63, 247, 253, 254, 55, 189, 253,
       120, 247, 222, 253, 250, 253, 123, 188, 94, 246, 215, 35, 123,
       245, 118, 195, 119, 205, 255, 247, 251, 122, 62, 245, 233, 215,
       44, 85, 190, 218, 120, 249, 117, 120, 94, 57, 47, 212, 21, 245,
       111, 153, 172, 24, 5, 240, 29, 156, 73, 16, 242, 51, 189, 88, 87,
       32, 250, 63, 54, 117, 165, 191, 181, 191, 120, 254, 254, 210, 119,
       237, 127, 187, 85, 250, 245, 3, 98, 229, 35, 195, 126, 204, 250,
       244, 239, 90, 28, 241, 239, 215, 36, 85, 190, 82, 120, 233, 116,
       120, 92, 56, 47, 213, 21, 245, 111, 153, 172, 24, 5, 240, 29, 156,
       73, 16, 242, 51, 189, 88, 87, 32, 250, 126, 50, 245, 178, 254,
       183, 43, 120, 198, 127, 208, 51, 255, 202, 146, 84, 242, 213, 3,
       96, 201, 7, 131, 117, 78, 216, 188, 47, 210, 12, 113, 107, 215,
       36, 84, 186, 82, 120, 161, 116, 80, 92, 24, 15, 209, 20, 229, 79,
       153, 172, 24, 5, 240, 29, 156, 73, 16, 242, 51, 189, 88, 87, 32,
       250, 127, 49, 125, 150, 127, 135, 31, 72, 230, 102, 147, 50, 253,
       110, 178, 87, 250, 245, 3, 102, 201, 39, 195, 118, 204, 222, 244,
       45, 82, 28, 113, 105, 215, 36, 85, 190, 82, 120, 225, 84, 112, 92,
       56, 47, 213, 20, 229, 111, 153, 172, 24, 5, 240, 29, 156, 73, 16,
       242, 51, 189, 88, 87, 32, 250, 60, 185, 255, 254, 54, 127, 253,
       126, 247, 254, 221, 245, 127, 126, 182, 94, 255, 223, 99, 107,
       245, 55, 195, 247, 205, 255, 247, 255, 91, 94, 247, 235, 223, 44,
       85, 190, 83, 120, 233, 117, 120, 92, 57, 47, 213, 53, 247, 111,
       153, 172, 24, 5, 240, 29, 156, 73, 16, 242, 51, 189, 88, 87, 32,
       250 ]
