%YAML:1.0
descriptors: !!opencv-matrix
   rows: 39
   cols: 64
   dt: u
   data: [ 29, 49, 93, 182, 63, 177, 189, 120, 246, 62, 213, 113, 125,
       127, 176, 81, 242, 212, 67, 99, 225, 34, 193, 118, 76, 190, 224,
       27, 90, 12, 117, 235, 223, 36, 85, 186, 82, 120, 233, 116, 112,
       92, 56, 47, 212, 21, 245, 111, 153, 172, 24, 5, 240, 29, 156, 73,
       16, 242, 51, 189, 88, 87, 32, 250, 39, 37, 97, 50, 17, 4, 5, 73,
       194, 70, 129, 48, 48, 10, 160, 86, 226, 84, 3, 96, 9, 162, 129,
       36, 76, 152, 164, 9, 82, 8, 48, 41, 80, 36, 20, 186, 2, 112, 1,
       84, 16, 66, 24, 11, 208, 20, 196, 76, 153, 172, 16, 4, 96, 28,
       148, 73, 16, 242, 51, 188, 88, 86, 32, 248, 13, 39, 97, 176, 16,
       36, 33, 238, 192, 238, 194, 53, 65, 163, 147, 66, 226, 212, 3, 96,
       73, 128, 196, 50, 76, 136, 164, 9, 210, 12, 48, 121, 112, 36, 84,
       186, 82, 114, 1, 212, 208, 84, 24, 14, 64, 20, 192, 76, 153, 44,
       24, 5, 240, 29, 157, 73, 16, 242, 51, 188, 88, 86, 32, 249, 45,
       46, 231, 185, 24, 117, 161, 254, 189, 252, 202, 53, 81, 191, 187,
       230, 235, 220, 195, 106, 253, 131, 206, 48, 77, 233, 148, 129, 88,
       78, 59, 203, 245, 36, 85, 186, 86, 114, 233, 116, 120, 84, 24, 46,
       84, 135, 101, 109, 153, 44, 28, 5, 240, 29, 156, 73, 16, 242, 35,
       188, 88, 70, 32, 250, 109, 46, 231, 161, 58, 125, 163, 253, 189,
       252, 206, 53, 93, 61, 251, 230, 203, 252, 203, 106, 253, 209, 222,
       184, 93, 108, 156, 147, 252, 215, 59, 223, 253, 96, 87, 186, 212,
       242, 233, 124, 252, 85, 90, 182, 68, 167, 226, 105, 185, 44, 220,
       13, 242, 29, 157, 77, 60, 230, 43, 188, 202, 6, 40, 254, 13, 142,
       231, 105, 253, 253, 163, 252, 185, 253, 202, 109, 204, 61, 203,
       173, 139, 237, 251, 106, 252, 71, 94, 249, 99, 125, 28, 182, 124,
       71, 43, 215, 253, 195, 217, 33, 117, 179, 253, 39, 253, 52, 122,
       182, 77, 227, 127, 243, 188, 93, 60, 57, 213, 253, 143, 12, 110,
       204, 135, 167, 194, 207, 45, 86, 190, 248, 127, 255, 63, 125, 253,
       251, 255, 253, 253, 249, 127, 122, 244, 252, 251, 214, 119, 123,
       245, 122, 165, 126, 253, 255, 247, 187, 127, 255, 255, 255, 215,
       108, 62, 254, 222, 125, 249, 255, 123, 223, 255, 63, 218, 55, 253,
       127, 175, 183, 223, 143, 248, 159, 159, 93, 184, 246, 115, 251,
       255, 95, 38, 191, 61, 52, 245, 54, 187, 161, 189, 121, 224, 42,
       195, 115, 252, 103, 160, 65, 226, 221, 3, 98, 241, 39, 195, 247,
       204, 186, 228, 175, 82, 12, 49, 106, 223, 36, 85, 190, 83, 120,
       233, 116, 120, 92, 56, 47, 213, 117, 247, 111, 153, 172, 24, 5,
       240, 29, 156, 73, 16, 242, 51, 189, 88, 87, 32, 250, 28, 50, 93,
       183, 191, 185, 191, 120, 252, 63, 211, 114, 237, 127, 152, 80,
       242, 221, 99, 98, 237, 38, 195, 118, 76, 254, 241, 187, 82, 4,
       113, 235, 223, 36, 85, 186, 83, 120, 233, 116, 120, 92, 56, 47,
       213, 21, 247, 111, 153, 172, 24, 5, 240, 29, 156, 73, 16, 242, 51,
       189, 88, 87, 32, 250, 190, 249, 125, 246, 255, 45, 221, 59, 215,
       93, 253, 123, 255, 122, 244, 92, 242, 214, 102, 243, 247, 126,
       161, 118, 190, 190, 247, 123, 254, 251, 255, 253, 134, 108, 12,
       254, 254, 113, 251, 253, 219, 223, 215, 79, 208, 55, 245, 79, 175,
       183, 155, 143, 250, 23, 159, 89, 56, 242, 119, 187, 251, 31, 174,
       253, 61, 180, 251, 46, 55, 103, 189, 126, 212, 188, 221, 245, 115,
       14, 183, 94, 251, 220, 99, 65, 241, 7, 199, 215, 205, 233, 244,
       139, 83, 12, 115, 235, 205, 36, 85, 190, 83, 120, 233, 116, 120,
       92, 48, 47, 213, 53, 183, 111, 153, 172, 24, 5, 240, 29, 156, 65,
       16, 242, 51, 189, 88, 87, 32, 250, 159, 180, 93, 39, 63, 249, 190,
       73, 122, 187, 250, 255, 252, 38, 166, 113, 231, 215, 33, 99, 197,
       36, 195, 112, 205, 223, 241, 107, 82, 14, 179, 106, 215, 36, 85,
       186, 82, 120, 233, 116, 112, 92, 56, 47, 213, 20, 245, 111, 153,
       172, 24, 5, 240, 29, 156, 73, 16, 242, 51, 189, 88, 87, 32, 250,
       206, 34, 64, 33, 216, 32, 46, 192, 0, 43, 97, 50, 128, 130, 131,
       83, 64, 73, 5, 64, 201, 129, 10, 24, 70, 152, 185, 171, 210, 40,
       35, 86, 113, 164, 92, 187, 113, 116, 33, 86, 96, 64, 24, 9, 211,
       21, 194, 17, 25, 172, 24, 5, 96, 28, 156, 105, 144, 240, 49, 188,
       76, 86, 32, 176, 45, 38, 109, 168, 222, 61, 35, 253, 244, 126,
       194, 53, 125, 63, 249, 229, 226, 252, 67, 96, 121, 194, 156, 52,
       76, 168, 44, 137, 218, 28, 57, 249, 240, 36, 85, 186, 82, 114, 5,
       116, 220, 84, 24, 14, 80, 135, 64, 68, 153, 44, 28, 4, 240, 29,
       141, 73, 16, 240, 35, 188, 88, 86, 34, 249, 205, 46, 194, 49, 152,
       224, 160, 196, 24, 187, 66, 61, 130, 135, 139, 170, 203, 72, 161,
       99, 237, 133, 238, 57, 79, 201, 186, 163, 210, 1, 35, 207, 117,
       162, 117, 51, 53, 246, 109, 118, 120, 84, 120, 46, 79, 21, 75,
       241, 153, 108, 88, 37, 212, 31, 156, 72, 146, 224, 163, 189, 204,
       70, 32, 246, 108, 174, 239, 249, 184, 253, 191, 245, 189, 255, 74,
       157, 217, 181, 251, 238, 139, 221, 249, 107, 252, 209, 206, 56,
       77, 205, 190, 183, 93, 67, 63, 223, 117, 129, 253, 121, 117, 255,
       253, 54, 252, 124, 107, 62, 119, 135, 127, 49, 159, 205, 62, 53,
       215, 253, 157, 108, 212, 238, 171, 253, 207, 87, 40, 246, 97, 6,
       149, 3, 200, 134, 3, 120, 134, 37, 2, 66, 131, 89, 18, 5, 102,
       231, 41, 36, 216, 7, 138, 101, 74, 226, 44, 46, 146, 8, 1, 43, 87,
       37, 80, 187, 80, 32, 37, 196, 80, 80, 24, 143, 193, 104, 181, 199,
       153, 172, 24, 0, 240, 24, 156, 195, 16, 122, 51, 189, 88, 87, 32,
       248, 55, 54, 113, 130, 159, 160, 15, 88, 230, 70, 131, 112, 173,
       75, 160, 85, 242, 244, 3, 112, 193, 34, 145, 116, 68, 152, 224, 9,
       146, 24, 97, 105, 86, 36, 86, 154, 66, 112, 1, 84, 80, 64, 24,
       143, 192, 0, 228, 79, 152, 172, 24, 4, 96, 29, 156, 73, 16, 242,
       51, 188, 88, 87, 32, 248, 31, 154, 206, 190, 63, 123, 153, 190,
       54, 190, 254, 183, 45, 255, 43, 251, 253, 214, 33, 243, 229, 165,
       197, 115, 77, 171, 240, 75, 91, 8, 243, 107, 247, 36, 85, 186, 91,
       122, 233, 116, 240, 92, 56, 47, 212, 23, 245, 111, 153, 172, 24,
       5, 240, 29, 157, 73, 16, 242, 51, 189, 88, 87, 32, 250, 35, 6, 44,
       128, 7, 151, 3, 53, 36, 78, 16, 4, 25, 41, 49, 4, 12, 125, 65,
       176, 240, 99, 208, 227, 24, 48, 140, 20, 56, 144, 17, 201, 221,
       40, 19, 40, 218, 104, 0, 104, 116, 0, 24, 143, 213, 48, 228, 79,
       25, 168, 152, 9, 240, 24, 156, 25, 56, 226, 51, 156, 66, 215, 40,
       250, 67, 1, 1, 146, 192, 2, 2, 2, 2, 64, 3, 4, 16, 102, 128, 0,
       66, 68, 0, 36, 66, 40, 128, 3, 14, 130, 0, 13, 130, 8, 16, 9, 50,
       38, 84, 154, 0, 66, 7, 132, 128, 96, 8, 74, 0, 12, 193, 134, 1,
       36, 16, 4, 33, 24, 133, 11, 0, 96, 32, 56, 72, 4, 32, 248, 1, 6,
       4, 128, 72, 6, 7, 18, 36, 92, 2, 1, 8, 41, 16, 5, 4, 105, 193, 32,
       208, 32, 16, 227, 80, 56, 12, 4, 56, 0, 1, 65, 85, 32, 82, 32, 81,
       8, 0, 8, 100, 20, 24, 143, 64, 64, 228, 79, 24, 44, 24, 0, 240,
       24, 156, 9, 40, 98, 19, 180, 64, 87, 32, 120, 2, 1, 8, 130, 3, 2,
       6, 7, 6, 66, 61, 0, 16, 36, 36, 18, 4, 18, 0, 148, 0, 48, 193, 2,
       16, 0, 136, 76, 0, 160, 129, 65, 148, 52, 3, 0, 10, 64, 2, 72, 32,
       128, 4, 9, 148, 20, 228, 76, 17, 138, 16, 4, 36, 8, 112, 155, 25,
       67, 50, 48, 0, 80, 0, 72, 70, 2, 128, 144, 0, 18, 2, 70, 4, 162,
       3, 4, 16, 128, 57, 2, 8, 88, 1, 68, 138, 161, 204, 3, 12, 128,
       140, 12, 16, 132, 49, 72, 81, 6, 85, 170, 0, 106, 5, 66, 160, 32,
       16, 8, 81, 12, 1, 202, 25, 44, 16, 4, 81, 29, 148, 8, 16, 98, 33,
       188, 72, 86, 32, 243, 178, 249, 123, 214, 255, 140, 93, 11, 199,
       65, 189, 250, 191, 202, 244, 92, 246, 215, 52, 23, 15, 190, 161,
       103, 190, 215, 243, 59, 147, 187, 212, 61, 130, 175, 60, 223, 226,
       125, 243, 247, 67, 203, 229, 73, 153, 28, 253, 31, 197, 167, 211,
       133, 104, 146, 182, 99, 88, 50, 112, 59, 29, 93, 178, 189, 62,
