%YAML:1.0
descriptors: !!opencv-matrix
   rows: 16
   cols: 64
   dt: u
   data: [ 47, 176, 236, 174, 63, 177, 157, 30, 181, 254, 165, 225, 61,
       59, 180, 87, 249, 252, 99, 241, 225, 102, 81, 119, 69, 189, 225,
       59, 90, 28, 117, 227, 223, 44, 87, 186, 91, 120, 233, 124, 120,
       92, 56, 47, 212, 85, 247, 111, 153, 172, 24, 5, 240, 29, 156, 73,
       16, 242, 51, 189, 88, 87, 32, 250, 63, 182, 125, 167, 191, 181,
       191, 88, 252, 254, 210, 115, 237, 63, 185, 85, 242, 253, 3, 112,
       225, 35, 195, 124, 204, 252, 244, 175, 90, 29, 113, 239, 215, 44,
       85, 190, 91, 120, 233, 116, 120, 92, 58, 47, 213, 21, 247, 111,
       153, 172, 24, 5, 240, 29, 156, 73, 16, 242, 51, 189, 88, 87, 32,
       250, 47, 138, 236, 170, 63, 253, 181, 124, 61, 252, 222, 245, 189,
       63, 188, 197, 235, 252, 97, 121, 245, 96, 202, 115, 109, 255, 177,
       51, 126, 91, 49, 235, 223, 100, 85, 186, 87, 120, 233, 124, 112,
       93, 58, 47, 213, 21, 245, 111, 153, 172, 24, 5, 240, 29, 156, 73,
       16, 242, 51, 189, 90, 87, 32, 250, 255, 252, 255, 239, 255, 255,
       255, 249, 255, 125, 255, 255, 255, 126, 254, 253, 243, 245, 127,
       123, 253, 223, 187, 124, 255, 255, 255, 191, 255, 219, 127, 255,
       231, 109, 127, 255, 214, 119, 249, 255, 255, 223, 127, 63, 221,
       191, 252, 61, 141, 181, 222, 141, 250, 191, 159, 77, 120, 246,
       123, 190, 255, 79, 46, 189, 14, 130, 204, 169, 31, 249, 160, 85,
       60, 248, 6, 69, 152, 22, 185, 97, 139, 92, 1, 98, 197, 32, 202,
       123, 77, 152, 0, 35, 94, 79, 51, 70, 215, 36, 87, 186, 83, 122,
       233, 52, 112, 92, 58, 47, 212, 20, 247, 107, 153, 172, 24, 5, 240,
       29, 156, 73, 16, 242, 51, 189, 88, 87, 32, 250, 63, 241, 125, 254,
       55, 189, 253, 120, 247, 222, 221, 255, 253, 126, 188, 86, 242,
       212, 99, 115, 245, 54, 195, 247, 205, 190, 245, 187, 90, 222, 245,
       235, 223, 44, 85, 190, 218, 120, 233, 125, 120, 92, 57, 47, 212,
       53, 247, 111, 153, 174, 24, 5, 240, 29, 156, 73, 16, 242, 51, 189,
       120, 87, 32, 250, 63, 245, 253, 254, 55, 189, 253, 123, 247, 214,
       253, 248, 253, 123, 180, 95, 243, 214, 99, 107, 247, 126, 193,
       119, 205, 191, 231, 187, 82, 62, 245, 233, 215, 36, 85, 190, 210,
       120, 249, 117, 122, 94, 57, 47, 244, 21, 245, 111, 153, 172, 24,
       5, 240, 29, 156, 73, 16, 242, 51, 189, 88, 87, 32, 250, 227, 49,
       211, 214, 221, 130, 69, 74, 198, 65, 3, 115, 163, 202, 160, 81,
       98, 213, 37, 103, 70, 45, 130, 103, 14, 222, 51, 47, 146, 8, 16,
       45, 86, 39, 20, 154, 66, 120, 111, 212, 81, 64, 24, 75, 201, 28,
       253, 135, 129, 164, 16, 4, 112, 26, 156, 75, 16, 114, 51, 191, 88,
       21, 33, 250, 243, 253, 246, 214, 223, 15, 85, 74, 246, 69, 60,
       251, 191, 234, 166, 93, 226, 247, 60, 39, 79, 175, 177, 103, 110,
       223, 115, 47, 243, 91, 86, 45, 210, 39, 52, 219, 66, 117, 119,
       244, 83, 235, 172, 75, 201, 28, 253, 135, 197, 164, 82, 4, 104,
       26, 142, 75, 24, 244, 112, 63, 92, 93, 177, 185, 253, 204, 238,
       253, 46, 255, 253, 247, 189, 253, 222, 221, 95, 253, 127, 238,
       153, 253, 251, 43, 244, 95, 254, 251, 123, 127, 23, 182, 125, 215,
       126, 239, 223, 219, 251, 97, 247, 221, 254, 59, 125, 189, 235,
       119, 191, 181, 119, 235, 255, 250, 239, 223, 245, 101, 250, 220,
       255, 223, 239, 239, 243, 249, 221, 222, 237, 46, 239, 249, 248,
       255, 171, 253, 189, 255, 202, 191, 223, 189, 251, 239, 203, 253,
       251, 111, 125, 215, 222, 184, 95, 125, 191, 182, 217, 87, 59, 159,
       123, 1, 215, 251, 87, 255, 253, 126, 124, 92, 122, 190, 223, 171,
       127, 177, 189, 236, 28, 181, 209, 255, 156, 76, 212, 252, 177,
       189, 222, 215, 56, 246, 255, 252, 255, 253, 255, 255, 255, 248,
       255, 127, 253, 251, 255, 249, 246, 253, 243, 245, 127, 127, 253,
       255, 178, 124, 255, 255, 255, 63, 255, 95, 127, 191, 247, 109,
       158, 255, 214, 117, 253, 253, 90, 223, 251, 63, 217, 31, 253, 61,
       157, 189, 30, 5, 232, 191, 159, 77, 216, 246, 123, 191, 222, 223,
       58, 189, 7, 11, 65, 144, 216, 8, 4, 64, 40, 4, 42, 82, 128, 87,
       200, 1, 226, 69, 5, 102, 70, 36, 128, 114, 78, 158, 17, 41, 146,
       10, 48, 9, 210, 38, 84, 186, 82, 114, 201, 116, 240, 84, 24, 15,
       84, 22, 245, 79, 153, 172, 24, 4, 240, 29, 141, 73, 16, 240, 51,
       189, 88, 87, 32, 248, 196, 41, 227, 209, 216, 135, 199, 202, 172,
       101, 2, 114, 211, 238, 178, 76, 234, 85, 57, 102, 79, 173, 202,
       99, 78, 218, 190, 47, 210, 8, 50, 11, 87, 39, 85, 187, 82, 124,
       111, 84, 112, 112, 56, 47, 205, 28, 253, 135, 157, 172, 24, 5,
       241, 28, 156, 75, 16, 248, 51, 189, 72, 85, 33, 250, 186, 252,
       254, 255, 191, 189, 221, 57, 255, 255, 253, 251, 191, 122, 244,
       92, 255, 183, 254, 155, 247, 126, 219, 255, 241, 119, 247, 255,
       127, 251, 223, 254, 143, 254, 174, 118, 255, 221, 250, 127, 123,
       223, 231, 109, 183, 117, 191, 127, 255, 255, 139, 207, 254, 165,
       250, 245, 127, 247, 254, 235, 187, 249, 255, 223, 70, 32, 209,
       144, 24, 0, 11, 204, 130, 234, 1, 52, 17, 130, 163, 83, 226, 212,
       1, 96, 137, 129, 206, 40, 12, 136, 168, 11, 82, 9, 49, 111, 113,
       36, 84, 187, 66, 116, 33, 86, 144, 64, 8, 10, 66, 20, 193, 93,
       153, 44, 24, 5, 96, 28, 148, 73, 144, 242, 33, 188, 92, 70, 32,
       241 ]
