%YAML:1.0
descriptors: !!opencv-matrix
   rows: 26
   cols: 64
   dt: u
   data: [ 5, 35, 64, 32, 217, 162, 162, 120, 0, 24, 194, 117, 32, 67,
       128, 1, 66, 77, 129, 68, 193, 40, 136, 114, 6, 8, 0, 5, 144, 12,
       33, 77, 94, 35, 92, 186, 17, 50, 5, 148, 197, 96, 26, 6, 64, 1,
       67, 195, 8, 52, 88, 4, 81, 28, 141, 9, 0, 32, 39, 132, 8, 7, 37,
       121, 55, 180, 109, 0, 23, 176, 3, 120, 226, 6, 148, 112, 109, 25,
       132, 81, 82, 36, 67, 80, 240, 114, 80, 198, 132, 160, 68, 137, 42,
       28, 65, 232, 156, 76, 134, 142, 10, 56, 1, 89, 76, 131, 30, 129,
       80, 113, 176, 79, 50, 62, 137, 10, 112, 24, 92, 17, 44, 50, 22,
       152, 58, 215, 110, 91, 5, 6, 1, 32, 157, 160, 35, 88, 160, 26,
       130, 97, 224, 73, 128, 1, 2, 108, 135, 64, 224, 34, 24, 220, 4,
       56, 4, 130, 144, 4, 33, 64, 76, 0, 222, 184, 16, 160, 1, 4, 73,
       64, 26, 135, 64, 97, 178, 67, 40, 52, 24, 0, 224, 24, 140, 1, 20,
       34, 23, 132, 8, 23, 36, 56, 82, 49, 137, 150, 22, 2, 28, 7, 66,
       226, 17, 144, 16, 130, 22, 82, 124, 66, 0, 209, 11, 180, 193, 3,
       140, 130, 162, 73, 2, 40, 148, 104, 66, 52, 180, 154, 74, 108, 2,
       87, 0, 202, 37, 105, 146, 28, 129, 46, 83, 168, 16, 7, 32, 24, 52,
       75, 128, 51, 48, 89, 29, 80, 96, 163, 117, 51, 241, 144, 84, 166,
       3, 126, 198, 70, 129, 52, 97, 201, 145, 65, 234, 197, 3, 102, 194,
       37, 192, 119, 14, 136, 162, 13, 18, 12, 32, 105, 86, 38, 21, 186,
       66, 120, 65, 84, 48, 64, 24, 142, 69, 0, 193, 78, 24, 44, 24, 0,
       112, 24, 156, 65, 16, 178, 51, 157, 88, 87, 32, 242, 7, 49, 9,
       150, 22, 2, 25, 26, 2, 2, 1, 48, 0, 2, 160, 83, 98, 84, 4, 69, 2,
       160, 224, 2, 12, 128, 160, 9, 18, 40, 16, 41, 112, 36, 20, 154,
       66, 120, 3, 213, 144, 194, 28, 10, 130, 20, 192, 78, 17, 44, 16,
       5, 32, 24, 148, 65, 144, 50, 48, 28, 72, 22, 32, 177, 163, 36, 64,
       34, 145, 128, 7, 72, 194, 3, 1, 114, 160, 10, 162, 81, 234, 212,
       5, 100, 65, 2, 131, 116, 76, 152, 184, 9, 210, 8, 49, 41, 212, 36,
       84, 186, 66, 120, 1, 84, 80, 64, 24, 11, 208, 20, 196, 76, 153,
       172, 24, 5, 112, 28, 156, 73, 16, 242, 51, 188, 88, 87, 32, 250,
       192, 64, 10, 129, 197, 0, 134, 152, 0, 139, 40, 202, 130, 128, 0,
       43, 5, 69, 180, 5, 8, 132, 172, 0, 0, 85, 25, 32, 144, 2, 2, 17,
       120, 16, 152, 65, 0, 77, 6, 128, 66, 34, 38, 40, 18, 28, 0, 176,
       82, 24, 50, 180, 13, 232, 100, 162, 193, 8, 4, 64, 4, 16, 84, 40,
       129, 71, 0, 7, 149, 0, 133, 248, 2, 129, 46, 67, 130, 27, 192, 33,
       98, 68, 4, 37, 0, 4, 160, 96, 40, 150, 9, 0, 182, 10, 0, 25, 176,
       37, 112, 218, 64, 24, 3, 132, 211, 18, 26, 22, 136, 2, 88, 132, 0,
       53, 81, 36, 88, 138, 141, 10, 16, 48, 32, 12, 64, 20, 36, 184, 2,
       3, 129, 16, 1, 0, 132, 139, 128, 130, 3, 6, 128, 4, 3, 2, 12, 0,
       2, 146, 2, 38, 66, 198, 16, 144, 148, 0, 0, 128, 2, 0, 78, 28, 67,
       136, 24, 8, 74, 0, 32, 32, 48, 168, 7, 112, 53, 110, 16, 138, 24,
       1, 144, 24, 92, 16, 1, 2, 18, 49, 32, 81, 64, 66, 131, 198, 0, 7,
       197, 128, 134, 24, 42, 1, 46, 67, 130, 25, 64, 1, 0, 69, 12, 21,
       0, 0, 160, 96, 32, 128, 9, 6, 180, 8, 0, 21, 48, 101, 120, 16, 64,
       11, 6, 128, 195, 18, 10, 6, 136, 10, 72, 16, 0, 17, 80, 36, 29,
       226, 139, 170, 16, 0, 48, 4, 64, 4, 6, 25, 4, 2, 1, 128, 0, 64,
       160, 230, 0, 136, 66, 21, 1, 4, 153, 160, 10, 76, 129, 64, 0, 0,
       204, 128, 8, 136, 8, 0, 0, 136, 33, 88, 116, 4, 125, 154, 20, 98,
       9, 4, 129, 96, 16, 2, 66, 134, 0, 192, 25, 44, 127, 0, 17, 24, 4,
       0, 128, 64, 10, 232, 72, 6, 32, 240, 6, 33, 9, 146, 2, 16, 24, 15,
       134, 130, 19, 20, 17, 130, 145, 82, 0, 84, 0, 69, 2, 176, 192, 2,
       12, 128, 164, 9, 2, 168, 16, 8, 96, 4, 20, 138, 2, 104, 3, 80,
       128, 64, 21, 8, 146, 20, 128, 78, 19, 44, 16, 5, 32, 25, 20, 89,
       144, 114, 49, 184, 72, 22, 96, 243, 5, 34, 1, 128, 89, 130, 34,
       88, 0, 2, 129, 48, 64, 1, 129, 1, 66, 69, 1, 68, 192, 33, 128, 67,
       12, 136, 136, 13, 18, 8, 33, 73, 84, 36, 20, 186, 0, 56, 1, 84, 0,
       64, 24, 10, 64, 16, 192, 79, 24, 44, 24, 0, 112, 24, 156, 9, 0,
       34, 51, 152, 72, 87, 32, 240, 1, 134, 69, 2, 220, 32, 163, 120,
       160, 20, 6, 71, 128, 25, 128, 33, 98, 100, 135, 96, 192, 2, 136,
       116, 74, 184, 12, 2, 188, 10, 1, 93, 212, 100, 80, 154, 80, 50,
       13, 180, 213, 84, 26, 134, 64, 96, 112, 197, 8, 52, 24, 4, 240,
       28, 140, 73, 48, 240, 34, 172, 72, 87, 36, 248, 108, 47, 235, 249,
       114, 127, 166, 231, 89, 208, 222, 180, 83, 180, 251, 238, 203,
       153, 187, 111, 101, 149, 196, 51, 95, 221, 153, 165, 99, 198, 62,
       219, 167, 5, 85, 187, 87, 122, 237, 124, 248, 93, 56, 52, 221,
       159, 119, 238, 223, 172, 173, 157, 243, 125, 157, 72, 80, 254, 51,
       253, 89, 87, 56, 250, 126, 55, 125, 32, 118, 63, 59, 123, 245, 30,
       210, 53, 109, 79, 185, 85, 242, 245, 67, 116, 241, 119, 209, 247,
       220, 168, 236, 157, 122, 220, 125, 232, 78, 108, 135, 190, 206,
       58, 17, 85, 156, 197, 151, 142, 64, 225, 131, 79, 190, 52, 153,
       10, 98, 60, 95, 85, 108, 182, 95, 218, 123, 142, 110, 240, 62,
       245, 125, 230, 55, 127, 125, 123, 245, 92, 255, 241, 125, 63, 252,
       245, 243, 244, 71, 105, 245, 122, 177, 119, 253, 175, 231, 155,
       127, 223, 125, 253, 224, 108, 190, 254, 214, 114, 153, 253, 223,
       223, 255, 175, 194, 167, 244, 78, 139, 181, 223, 13, 234, 29, 159,
       93, 184, 242, 123, 222, 219, 158, 46, 189, 155, 222, 30, 221, 239,
       253, 219, 176, 63, 253, 87, 207, 156, 124, 121, 245, 253, 255,
       220, 187, 246, 122, 158, 250, 233, 127, 247, 126, 125, 119, 223,
       247, 255, 248, 91, 100, 255, 219, 250, 123, 243, 29, 239, 126,
       245, 182, 251, 107, 189, 219, 153, 79, 254, 141, 153, 73, 55, 211,
       254, 191, 243, 127, 167, 223, 191, 245, 125, 238, 63, 125, 125,
       123, 247, 92, 253, 241, 127, 126, 244, 253, 243, 246, 103, 113,
       245, 114, 177, 119, 253, 191, 229, 155, 127, 219, 125, 233, 208,
       108, 150, 254, 214, 112, 249, 253, 90, 223, 127, 47, 208, 55, 244,
       110, 153, 173, 158, 13, 248, 29, 159, 89, 48, 242, 51, 188, 91,
       223, 46, 249, 63, 63, 239, 124, 55, 127, 125, 126, 245, 222, 255,
       180, 109, 191, 191, 255, 251, 252, 99, 123, 55, 243, 212, 183,
       221, 171, 230, 153, 123, 252, 124, 233, 239, 108, 231, 190, 222,
       58, 209, 125, 126, 95, 187, 175, 214, 227, 231, 110, 186, 174,
       158, 11, 242, 29, 223, 85, 184, 246, 127, 223, 251, 214, 174, 242,
       45, 255, 239, 248, 55, 127, 253, 127, 245, 222, 253, 248, 111,
       255, 254, 207, 251, 252, 99, 111, 119, 118, 240, 119, 77, 255,
       183, 185, 127, 90, 126, 233, 214, 100, 215, 186, 210, 124, 249,
       117, 124, 92, 58, 63, 215, 181, 245, 110, 153, 172, 28, 5, 240,
       29, 158, 93, 16, 242, 115, 191, 91, 215, 40, 250, 29, 176, 93,
       134, 63, 177, 189, 126, 118, 62, 254, 113, 125, 127, 176, 97, 242,
       222, 65, 98, 225, 96, 193, 243, 200, 42, 224, 219, 88, 77, 241,
       235, 223, 36, 85, 186, 83, 120, 233, 116, 112, 92, 56, 47, 212,
       53, 247, 111, 153, 172, 24, 5, 240, 29, 156, 73, 16, 242, 51, 189,
       88, 87, 32, 248, 68, 35, 193, 176, 16, 2, 33, 110, 128, 64, 194,
       52, 65, 130, 131, 66, 226, 84, 1, 100, 65, 129, 192, 51, 76, 136,
       168, 9, 82, 8, 48, 9, 112, 36, 84, 186, 66, 114, 5, 84, 144, 64,
       24, 14, 64, 4, 64, 204, 153, 44, 24, 4, 112, 28, 148, 73, 16, 240,
       35, 188, 72, 6, 32, 248, 62, 145, 252, 254, 63, 125, 249, 127, 55,
       252, 221, 181, 61, 94, 189, 119, 255, 214, 65, 99, 213, 50, 193,
       115, 77, 139, 224, 75, 82, 93, 245, 235, 215, 36, 87, 186, 82,
       120, 233, 117, 112, 93, 56, 47, 212, 20, 245, 111, 153, 172, 24,
       5, 240, 29, 156, 73, 16, 242, 51, 189, 88, 87, 32, 250, 61, 183,
       253, 246, 63, 189, 185, 127, 246, 252, 215, 245, 125, 123, 176,
       84, 254, 222, 67, 99, 245, 102, 193, 247, 205, 186, 228, 219, 122,
