%YAML:1.0
descriptors: !!opencv-matrix
   rows: 11
   cols: 64
   dt: u
   data: [ 167, 52, 65, 2, 221, 130, 5, 74, 166, 65, 1, 114, 163, 75,
       132, 85, 98, 213, 5, 97, 195, 46, 136, 103, 78, 154, 33, 15, 146,
       8, 49, 109, 87, 38, 20, 154, 66, 120, 33, 214, 65, 66, 24, 11,
       193, 20, 213, 79, 145, 36, 16, 4, 96, 24, 140, 73, 16, 242, 51,
       157, 88, 87, 32, 248, 61, 182, 125, 182, 63, 189, 191, 120, 246,
       126, 214, 117, 253, 127, 184, 85, 242, 222, 67, 98, 245, 98, 195,
       246, 205, 190, 229, 255, 122, 30, 241, 235, 223, 36, 85, 190, 83,
       120, 233, 116, 120, 92, 56, 47, 212, 53, 247, 111, 153, 172, 24,
       5, 240, 29, 156, 73, 16, 242, 51, 189, 88, 87, 32, 250, 181, 250,
       83, 103, 253, 184, 251, 216, 218, 185, 194, 255, 231, 83, 192, 89,
       98, 197, 188, 43, 205, 44, 171, 124, 111, 222, 59, 39, 222, 43,
       35, 127, 119, 231, 124, 211, 116, 191, 255, 183, 211, 126, 235,
       94, 235, 2, 216, 51, 200, 245, 124, 181, 253, 166, 175, 235, 84,
       252, 182, 79, 220, 29, 183, 191, 92, 233, 155, 254, 42, 123, 252,
       167, 81, 186, 252, 189, 114, 246, 175, 234, 157, 139, 249, 155,
       247, 253, 111, 155, 241, 95, 211, 246, 73, 231, 175, 230, 143,
       154, 227, 100, 191, 204, 250, 113, 120, 61, 231, 101, 255, 117,
       55, 235, 255, 234, 175, 223, 247, 77, 120, 220, 87, 219, 223, 243,
       187, 251, 217, 78, 63, 51, 125, 246, 63, 181, 249, 120, 246, 254,
       255, 245, 253, 122, 177, 119, 242, 254, 67, 115, 245, 114, 193,
       118, 205, 170, 229, 219, 122, 94, 245, 235, 247, 44, 85, 190, 91,
       120, 233, 116, 120, 93, 56, 47, 212, 21, 247, 111, 153, 172, 24,
       5, 240, 29, 156, 73, 16, 242, 51, 189, 88, 87, 32, 250, 188, 246,
       125, 237, 62, 125, 253, 253, 253, 254, 255, 253, 125, 63, 249,
       247, 251, 244, 71, 107, 245, 114, 181, 190, 253, 191, 231, 187,
       127, 223, 127, 255, 240, 108, 255, 254, 214, 115, 249, 253, 255,
       95, 251, 190, 214, 167, 208, 124, 139, 189, 222, 13, 250, 31, 159,
       93, 152, 242, 123, 222, 223, 222, 42, 182, 62, 241, 125, 238, 55,
       109, 253, 123, 215, 92, 253, 241, 125, 59, 220, 244, 243, 214, 71,
       121, 113, 122, 165, 54, 253, 189, 231, 153, 127, 250, 252, 185,
       240, 108, 188, 222, 222, 114, 153, 253, 223, 207, 191, 47, 210,
       183, 244, 78, 171, 181, 215, 141, 232, 30, 151, 93, 168, 178, 123,
       218, 123, 206, 46, 181, 62, 113, 117, 142, 54, 111, 21, 127, 231,
       68, 253, 176, 125, 63, 220, 246, 243, 212, 71, 120, 51, 114, 181,
       182, 221, 173, 229, 153, 115, 158, 124, 249, 248, 44, 38, 158,
       202, 114, 129, 221, 190, 219, 21, 175, 84, 183, 100, 78, 139, 37,
       215, 8, 106, 28, 135, 93, 168, 178, 41, 216, 121, 198, 46, 177,
       191, 221, 253, 220, 55, 125, 93, 90, 183, 215, 189, 250, 111, 249,
       246, 127, 247, 246, 118, 127, 54, 246, 240, 119, 253, 247, 247,
       121, 127, 62, 254, 41, 210, 108, 150, 254, 194, 121, 251, 253,
       118, 223, 57, 191, 214, 18, 245, 110, 153, 173, 30, 13, 248, 29,
       158, 93, 56, 246, 115, 159, 91, 214, 46, 251, 108, 37, 227, 145,
       16, 133, 169, 111, 196, 230, 195, 52, 81, 138, 147, 70, 234, 212,
       3, 102, 201, 33, 198, 55, 12, 136, 164, 13, 82, 12, 48, 43, 103,
       36, 85, 186, 82, 120, 65, 84, 48, 64, 16, 14, 69, 20, 193, 110,
       153, 172, 24, 5, 240, 29, 156, 65, 16, 242, 51, 189, 88, 86, 32,
       242, 173, 174, 103, 161, 202, 253, 163, 245, 189, 253, 206, 95,
       217, 61, 251, 228, 203, 125, 203, 104, 252, 83, 222, 252, 125,
       125, 29, 162, 236, 215, 59, 223, 205, 192, 75, 120, 117, 243, 237,
       62, 253, 21, 122, 182, 69, 231, 126, 241, 189, 93, 141, 45, 215,
       159, 136, 120, 54, 204, 167, 173, 194, 223, 44, 254 ]
