%YAML:1.0
descriptors: !!opencv-matrix
   rows: 29
   cols: 64
   dt: u
   data: [ 4, 34, 97, 128, 24, 132, 35, 104, 4, 102, 194, 52, 65, 10,
       145, 64, 226, 212, 1, 96, 193, 32, 136, 48, 76, 136, 168, 9, 82,
       8, 49, 73, 113, 36, 84, 186, 66, 114, 1, 214, 144, 64, 24, 14, 64,
       6, 192, 77, 153, 44, 24, 4, 112, 29, 157, 73, 16, 242, 51, 188,
       88, 86, 32, 241, 77, 38, 101, 161, 216, 245, 35, 252, 172, 124,
       202, 53, 217, 63, 185, 229, 226, 220, 67, 96, 249, 129, 142, 48,
       76, 168, 40, 133, 216, 14, 59, 155, 113, 36, 85, 186, 80, 114, 5,
       84, 244, 84, 24, 14, 68, 134, 192, 69, 153, 44, 24, 4, 240, 29,
       140, 73, 16, 224, 35, 188, 72, 70, 32, 240, 109, 38, 101, 161,
       222, 245, 167, 249, 172, 127, 202, 63, 221, 125, 251, 229, 195,
       253, 75, 96, 249, 227, 158, 124, 94, 236, 60, 165, 252, 94, 59,
       159, 113, 103, 95, 187, 82, 115, 13, 92, 220, 84, 88, 30, 69, 167,
       200, 145, 152, 45, 28, 36, 211, 159, 141, 73, 16, 228, 35, 188,
       78, 70, 32, 176, 55, 182, 241, 34, 221, 160, 131, 88, 246, 61,
       208, 123, 239, 75, 132, 85, 242, 245, 7, 112, 225, 7, 154, 125,
       102, 152, 104, 47, 222, 25, 97, 111, 151, 236, 156, 158, 114, 56,
       45, 118, 73, 194, 26, 137, 193, 81, 216, 199, 152, 52, 24, 0, 224,
       180, 142, 105, 16, 178, 183, 156, 216, 87, 36, 253, 254, 252, 255,
       239, 255, 253, 255, 249, 255, 125, 253, 251, 255, 250, 246, 253,
       251, 247, 127, 127, 125, 223, 183, 124, 254, 255, 255, 187, 255,
       251, 255, 191, 231, 237, 190, 223, 254, 117, 249, 255, 219, 223,
       255, 159, 217, 63, 252, 21, 239, 183, 215, 141, 232, 182, 159,
       125, 248, 246, 121, 223, 255, 159, 62, 189, 20, 35, 145, 213, 0,
       132, 72, 69, 2, 198, 3, 20, 209, 70, 153, 18, 98, 196, 0, 34, 142,
       45, 194, 67, 140, 130, 166, 77, 0, 168, 16, 40, 87, 22, 85, 186,
       0, 122, 195, 84, 32, 64, 144, 66, 166, 4, 193, 46, 145, 172, 56,
       69, 48, 24, 156, 73, 0, 114, 18, 189, 88, 71, 33, 242, 254, 253,
       127, 239, 255, 253, 255, 249, 255, 95, 253, 251, 255, 122, 246,
       253, 243, 247, 127, 119, 125, 127, 179, 124, 255, 255, 255, 191,
       255, 255, 255, 191, 246, 109, 158, 255, 222, 119, 249, 253, 219,
       223, 223, 31, 209, 63, 253, 29, 143, 191, 159, 141, 248, 191, 159,
       121, 112, 246, 123, 191, 255, 159, 46, 189, 68, 3, 17, 144, 0,
       132, 10, 65, 2, 34, 3, 4, 208, 68, 145, 18, 100, 65, 0, 100, 10,
       160, 66, 2, 12, 128, 164, 76, 0, 140, 17, 8, 66, 20, 85, 138, 0,
       104, 3, 66, 32, 0, 16, 10, 4, 12, 129, 14, 17, 44, 16, 0, 32, 24,
       20, 73, 0, 114, 17, 181, 72, 70, 32, 242, 65, 52, 1, 0, 220, 130,
       7, 82, 194, 4, 128, 3, 192, 73, 128, 1, 98, 101, 3, 68, 193, 7, 1,
       69, 14, 136, 172, 13, 146, 12, 1, 64, 86, 36, 20, 186, 0, 48, 1,
       212, 64, 66, 24, 139, 64, 80, 128, 79, 16, 36, 24, 0, 112, 24,
       156, 65, 16, 50, 51, 156, 88, 86, 32, 248, 50, 1, 33, 22, 1, 128,
       11, 45, 198, 32, 145, 20, 97, 4, 1, 22, 126, 2, 66, 80, 130, 35,
       195, 7, 156, 128, 228, 12, 2, 184, 65, 104, 15, 44, 1, 190, 138,
       40, 2, 72, 32, 64, 17, 138, 132, 112, 161, 110, 19, 174, 153, 11,
       48, 24, 92, 65, 0, 50, 19, 185, 40, 22, 32, 74, 50, 17, 45, 26,
       23, 151, 27, 126, 198, 166, 213, 20, 105, 9, 17, 6, 22, 84, 66,
       80, 176, 115, 193, 167, 12, 160, 164, 12, 18, 152, 65, 232, 207,
       44, 131, 190, 218, 40, 0, 89, 56, 72, 49, 174, 212, 112, 129, 110,
       58, 174, 153, 9, 112, 24, 220, 81, 32, 178, 51, 217, 56, 214, 44,
       250, 1, 6, 37, 0, 220, 172, 35, 80, 160, 28, 2, 69, 192, 89, 128,
       1, 66, 109, 135, 32, 240, 34, 24, 244, 4, 184, 4, 134, 156, 4, 33,
       64, 87, 0, 210, 184, 48, 176, 9, 36, 77, 68, 26, 135, 64, 96, 180,
       67, 56, 52, 24, 0, 224, 28, 142, 1, 52, 34, 19, 132, 74, 87, 36,
       120, 233, 14, 231, 221, 114, 247, 187, 245, 189, 255, 123, 159,
       223, 189, 251, 238, 171, 221, 123, 111, 188, 195, 254, 184, 93,
       239, 190, 190, 89, 147, 63, 255, 113, 37, 117, 251, 210, 255, 245,
       126, 252, 92, 121, 190, 223, 174, 73, 57, 157, 173, 126, 5, 241,
       127, 157, 76, 208, 254, 51, 253, 223, 86, 32, 182, 66, 1, 137,
       146, 3, 18, 14, 15, 198, 162, 17, 52, 49, 134, 147, 82, 2, 20, 0,
       85, 10, 147, 198, 7, 12, 128, 172, 13, 2, 168, 48, 8, 96, 44, 4,
       186, 66, 120, 1, 86, 0, 72, 21, 8, 146, 28, 129, 12, 19, 172, 16,
       5, 32, 25, 212, 89, 128, 114, 49, 184, 72, 86, 32, 242, 103, 39,
       225, 146, 21, 134, 1, 94, 198, 70, 129, 52, 33, 203, 129, 71, 98,
       85, 1, 100, 131, 37, 192, 99, 14, 128, 160, 13, 18, 8, 16, 73, 86,
       38, 21, 186, 66, 120, 3, 84, 0, 64, 24, 10, 64, 24, 193, 78, 16,
       44, 24, 4, 48, 24, 156, 65, 16, 50, 51, 157, 72, 86, 32, 248, 6,
       35, 65, 128, 16, 16, 0, 102, 66, 6, 17, 20, 65, 3, 145, 32, 66,
       68, 0, 100, 0, 32, 132, 2, 12, 128, 128, 9, 18, 8, 16, 25, 112,
       36, 20, 154, 66, 112, 1, 212, 16, 64, 24, 14, 64, 4, 192, 76, 19,
       44, 17, 0, 48, 24, 132, 9, 0, 98, 34, 152, 72, 22, 32, 248, 67, 4,
       128, 50, 205, 162, 6, 2, 32, 32, 0, 66, 168, 73, 32, 1, 100, 43,
       1, 208, 192, 39, 27, 67, 66, 90, 152, 14, 210, 0, 33, 71, 23, 173,
       18, 58, 91, 8, 37, 66, 64, 64, 24, 139, 193, 89, 167, 75, 25, 236,
       24, 0, 245, 24, 152, 193, 16, 178, 51, 149, 8, 87, 32, 106, 51, 1,
       16, 2, 0, 4, 4, 6, 102, 4, 17, 0, 12, 41, 20, 18, 110, 66, 4, 165,
       2, 2, 161, 36, 24, 145, 36, 8, 2, 136, 128, 40, 16, 36, 0, 154, 2,
       0, 2, 200, 4, 194, 8, 137, 0, 16, 64, 12, 1, 32, 80, 0, 32, 8,
       166, 11, 152, 114, 32, 24, 80, 20, 32, 233, 131, 70, 1, 2, 128, 8,
       1, 8, 162, 5, 6, 66, 138, 59, 64, 0, 66, 102, 4, 37, 0, 128, 160,
       96, 40, 144, 9, 8, 182, 8, 0, 25, 144, 100, 16, 218, 66, 2, 7,
       140, 133, 146, 8, 23, 0, 2, 72, 132, 1, 5, 69, 4, 24, 2, 135, 42,
       48, 112, 32, 12, 64, 20, 36, 217, 0, 7, 0, 128, 0, 4, 128, 51, 4,
       198, 1, 4, 0, 4, 17, 6, 12, 72, 64, 130, 16, 34, 208, 194, 24, 20,
       148, 0, 16, 146, 0, 16, 70, 16, 131, 0, 144, 8, 10, 0, 32, 32, 48,
       170, 6, 112, 0, 110, 18, 136, 184, 9, 144, 8, 24, 16, 1, 3, 18,
       81, 0, 67, 72, 98, 79, 18, 0, 33, 207, 178, 162, 0, 48, 59, 208,
       103, 168, 73, 32, 17, 68, 171, 9, 208, 233, 103, 27, 121, 70, 216,
       104, 231, 90, 85, 225, 199, 87, 168, 215, 33, 123, 168, 45, 98,
       108, 68, 74, 137, 209, 81, 247, 67, 184, 236, 24, 1, 244, 125,
       220, 193, 22, 178, 151, 149, 154, 211, 48, 108, 1, 3, 0, 128, 0,
       68, 160, 54, 0, 134, 0, 4, 0, 5, 17, 2, 12, 104, 193, 0, 16, 0,
       68, 130, 24, 48, 20, 0, 0, 130, 0, 17, 76, 16, 195, 32, 17, 8, 8,
       8, 36, 32, 48, 162, 36, 96, 34, 104, 18, 8, 169, 8, 145, 8, 72,
       16, 47, 3, 2, 192, 0, 211, 76, 98, 3, 80, 8, 2, 5, 0, 4, 16, 34,
       6, 49, 2, 8, 11, 4, 17, 68, 102, 4, 144, 0, 2, 1, 96, 0, 144, 45,
       8, 146, 8, 0, 33, 16, 44, 144, 154, 74, 8, 0, 192, 2, 194, 24, 9,
       16, 80, 128, 76, 0, 53, 16, 0, 40, 8, 134, 1, 16, 50, 48, 28, 64,
       18, 36, 169, 5, 34, 65, 130, 89, 130, 2, 92, 0, 34, 0, 52, 32, 3,
       129, 1, 66, 69, 1, 64, 193, 1, 136, 65, 12, 128, 8, 5, 18, 8, 1,
       73, 85, 36, 20, 186, 0, 112, 5, 22, 0, 64, 24, 10, 64, 16, 192,
       73, 16, 44, 24, 0, 49, 24, 156, 9, 0, 34, 51, 152, 72, 86, 32,
       240, 95, 185, 207, 190, 63, 115, 153, 190, 118, 188, 252, 181,
       127, 254, 63, 251, 253, 214, 97, 243, 229, 165, 197, 51, 205, 235,
       240, 79, 83, 76, 247, 235, 247, 44, 85, 186, 90, 120, 233, 116,
       114, 95, 56, 47, 213, 20, 245, 111, 153, 172, 24, 5, 240, 29, 156,
       73, 16, 242, 51, 189, 88, 87, 34, 251, 6, 1, 8, 144, 2, 2, 8, 71,
       134, 2, 3, 4, 81, 128, 49, 66, 0, 16, 2, 196, 2, 130, 64, 3, 28,
       128, 132, 9, 2, 140, 16, 0, 96, 44, 6, 186, 2, 104, 1, 84, 0, 64,
       20, 8, 2, 84, 128, 78, 17, 44, 16, 1, 32, 24, 20, 16, 16, 98, 49,
       184, 72, 22, 32, 224, 33, 6, 36, 2, 137, 132, 131, 64, 38, 84, 2,
