%YAML:1.0
descriptors: !!opencv-matrix
   rows: 14
   cols: 64
   dt: u
   data: [ 60, 62, 117, 226, 126, 63, 161, 123, 244, 92, 214, 117, 125,
       123, 249, 101, 242, 244, 67, 96, 245, 118, 153, 247, 94, 168, 36,
       141, 126, 216, 121, 235, 127, 38, 87, 186, 86, 114, 137, 124, 220,
       85, 26, 14, 64, 167, 193, 79, 153, 44, 24, 4, 242, 29, 159, 73,
       16, 242, 51, 188, 90, 23, 32, 248, 127, 53, 253, 220, 55, 151, 91,
       95, 231, 230, 149, 176, 127, 234, 182, 95, 242, 247, 66, 115, 191,
       251, 242, 55, 221, 170, 230, 95, 83, 189, 253, 233, 199, 44, 22,
       190, 194, 120, 241, 255, 82, 203, 61, 47, 210, 20, 193, 111, 153,
       172, 24, 5, 112, 29, 156, 73, 24, 242, 115, 189, 89, 214, 42, 251,
       120, 249, 247, 222, 126, 7, 87, 123, 247, 92, 252, 251, 255, 254,
       182, 92, 255, 215, 123, 39, 215, 47, 195, 119, 222, 255, 247, 127,
       123, 216, 246, 233, 215, 47, 21, 191, 86, 120, 255, 124, 112, 223,
       189, 47, 221, 52, 245, 111, 157, 164, 153, 5, 240, 28, 156, 73,
       88, 246, 115, 191, 90, 87, 33, 250, 227, 205, 72, 162, 71, 138,
       23, 10, 111, 67, 31, 202, 191, 46, 100, 95, 227, 55, 52, 245, 134,
       119, 209, 103, 85, 214, 185, 47, 18, 58, 18, 41, 150, 44, 86, 155,
       75, 88, 237, 92, 96, 217, 60, 105, 149, 28, 245, 47, 213, 164, 16,
       4, 224, 5, 190, 139, 24, 242, 50, 189, 88, 87, 48, 250, 46, 32,
       121, 162, 19, 39, 37, 78, 196, 38, 192, 52, 49, 142, 177, 86, 226,
       212, 3, 96, 65, 130, 193, 55, 76, 136, 164, 9, 82, 8, 48, 105,
       208, 36, 85, 186, 82, 120, 1, 116, 112, 64, 24, 14, 84, 20, 192,
       76, 153, 44, 24, 5, 240, 29, 156, 73, 16, 242, 51, 188, 88, 86,
       32, 248, 68, 143, 247, 137, 64, 223, 163, 247, 41, 220, 130, 141,
       85, 53, 187, 170, 235, 221, 235, 110, 212, 5, 206, 243, 93, 105,
       60, 108, 45, 140, 50, 75, 213, 3, 117, 171, 16, 122, 237, 124, 53,
       28, 56, 38, 85, 188, 117, 238, 153, 172, 56, 21, 240, 93, 156, 73,
       16, 222, 35, 173, 88, 71, 33, 242, 63, 247, 253, 254, 54, 189,
       221, 121, 255, 223, 253, 250, 255, 123, 180, 95, 247, 247, 103,
       123, 247, 118, 211, 119, 221, 255, 247, 255, 127, 254, 245, 235,
       215, 108, 214, 190, 218, 120, 249, 125, 126, 95, 57, 47, 213, 21,
       245, 111, 153, 172, 24, 5, 242, 29, 156, 93, 24, 242, 115, 189,
       121, 215, 40, 251, 63, 186, 125, 255, 63, 253, 191, 120, 255, 254,
       223, 247, 237, 127, 249, 117, 255, 255, 99, 115, 245, 118, 211,
       247, 205, 255, 245, 255, 94, 94, 247, 235, 223, 44, 215, 190, 91,
       120, 233, 117, 120, 92, 58, 47, 213, 53, 247, 111, 153, 172, 24,
       5, 240, 29, 156, 73, 16, 242, 51, 189, 88, 87, 32, 250, 191, 254,
       125, 239, 255, 253, 191, 248, 252, 255, 254, 251, 237, 127, 253,
       245, 251, 255, 111, 123, 245, 103, 203, 124, 237, 255, 245, 255,
       126, 95, 243, 255, 215, 108, 85, 190, 87, 122, 233, 116, 120, 92,
       58, 63, 213, 183, 247, 111, 153, 173, 24, 5, 240, 29, 159, 73, 16,
       242, 51, 189, 90, 87, 32, 250, 63, 54, 245, 165, 191, 181, 171,
       124, 254, 254, 210, 119, 237, 63, 187, 85, 250, 253, 3, 98, 225,
       35, 195, 124, 204, 248, 244, 239, 90, 28, 243, 239, 215, 36, 85,
       190, 82, 120, 233, 116, 120, 92, 56, 46, 213, 17, 247, 111, 153,
       172, 24, 5, 240, 29, 156, 73, 16, 242, 51, 189, 88, 87, 32, 250,
       63, 221, 252, 190, 55, 127, 221, 63, 183, 254, 221, 249, 61, 127,
       63, 223, 253, 254, 99, 243, 245, 119, 211, 119, 221, 255, 244, 95,
       123, 93, 245, 235, 223, 44, 87, 190, 219, 120, 233, 125, 120, 95,
       56, 47, 213, 53, 247, 111, 153, 172, 24, 13, 240, 29, 156, 73, 16,
       242, 51, 189, 90, 87, 42, 250, 62, 177, 253, 254, 54, 55, 125,
       127, 215, 222, 213, 240, 127, 122, 182, 94, 255, 223, 99, 243,
       247, 55, 193, 247, 205, 251, 246, 223, 82, 156, 245, 233, 223, 44,
       85, 190, 219, 120, 233, 117, 120, 92, 57, 47, 213, 53, 247, 111,
       153, 172, 24, 5, 240, 29, 156, 73, 16, 242, 51, 189, 88, 87, 32,
       250, 127, 51, 245, 182, 119, 167, 59, 94, 228, 124, 211, 53, 125,
       255, 177, 87, 234, 213, 3, 100, 225, 35, 193, 55, 76, 200, 164,
       13, 82, 12, 48, 233, 215, 36, 85, 186, 82, 120, 193, 116, 112, 92,
       56, 47, 213, 20, 229, 110, 153, 172, 24, 5, 240, 29, 156, 73, 16,
       242, 51, 189, 88, 86, 32, 250, 45, 54, 229, 162, 29, 167, 163,
       126, 228, 92, 194, 53, 109, 63, 185, 69, 234, 213, 67, 96, 241,
       35, 193, 119, 76, 168, 172, 141, 82, 12, 49, 235, 215, 36, 85,
       186, 82, 122, 137, 116, 120, 84, 24, 14, 213, 21, 225, 111, 153,
       172, 24, 5, 240, 29, 156, 73, 16, 242, 51, 189, 88, 87, 32, 250 ]
