%YAML:1.0
descriptors: !!opencv-matrix
   rows: 2
   cols: 64
   dt: u
   data: [ 23, 178, 205, 174, 63, 248, 157, 28, 123, 188, 222, 245, 236,
       63, 9, 17, 237, 230, 1, 243, 229, 96, 195, 115, 205, 191, 240,
       251, 126, 13, 225, 107, 215, 44, 85, 186, 90, 120, 233, 116, 112,
       92, 58, 47, 212, 17, 245, 111, 153, 172, 24, 5, 240, 29, 156, 73,
       16, 242, 51, 189, 88, 87, 32, 250, 62, 241, 125, 254, 54, 189,
       253, 120, 247, 222, 213, 251, 253, 127, 188, 84, 242, 255, 99,
       115, 245, 118, 195, 247, 253, 190, 245, 251, 126, 223, 245, 235,
       223, 108, 87, 190, 219, 120, 249, 125, 124, 93, 57, 47, 212, 53,
       247, 111, 153, 172, 24, 7, 240, 29, 156, 77, 24, 242, 51, 189,
       120, 87, 32, 250 ]
