%YAML:1.0
descriptors: !!opencv-matrix
   rows: 28
   cols: 64
   dt: u
   data: [ 60, 177, 125, 158, 55, 181, 189, 122, 214, 222, 213, 245, 125,
       126, 180, 70, 246, 222, 67, 99, 245, 34, 193, 247, 201, 58, 228,
       202, 80, 220, 245, 235, 223, 36, 85, 190, 83, 120, 233, 116, 120,
       92, 56, 47, 212, 53, 247, 111, 153, 172, 24, 5, 240, 29, 156, 73,
       16, 242, 51, 189, 88, 87, 32, 250, 69, 32, 65, 144, 152, 128, 35,
       76, 0, 98, 129, 52, 209, 130, 131, 66, 226, 84, 1, 96, 137, 128,
       202, 40, 12, 136, 168, 11, 210, 8, 49, 79, 113, 36, 20, 186, 0,
       112, 1, 214, 144, 64, 24, 14, 64, 28, 192, 5, 25, 44, 16, 4, 112,
       28, 148, 73, 16, 240, 33, 188, 72, 70, 32, 241, 252, 252, 255,
       253, 254, 127, 251, 255, 253, 253, 254, 255, 255, 254, 255, 254,
       251, 221, 255, 111, 125, 223, 255, 189, 255, 255, 255, 191, 255,
       223, 126, 191, 249, 111, 127, 255, 223, 119, 253, 253, 219, 223,
       255, 62, 219, 175, 219, 245, 239, 189, 223, 157, 251, 191, 159,
       93, 244, 252, 109, 255, 255, 142, 62, 183, 254, 248, 255, 255,
       255, 191, 255, 249, 255, 127, 253, 251, 255, 122, 246, 253, 243,
       247, 127, 127, 255, 255, 179, 124, 255, 255, 255, 255, 255, 255,
       255, 191, 215, 237, 158, 223, 222, 125, 249, 255, 219, 223, 255,
       127, 217, 63, 253, 63, 175, 191, 154, 143, 234, 191, 159, 125,
       120, 246, 241, 191, 255, 223, 190, 189, 196, 11, 195, 211, 216,
       130, 131, 203, 128, 67, 2, 86, 131, 194, 130, 65, 74, 85, 41, 102,
       78, 173, 138, 99, 78, 210, 18, 45, 146, 10, 18, 8, 87, 39, 85,
       155, 16, 124, 79, 84, 96, 112, 24, 75, 77, 12, 245, 135, 89, 44,
       24, 20, 209, 29, 140, 75, 16, 120, 49, 189, 72, 85, 49, 250, 68,
       11, 195, 208, 216, 2, 68, 75, 160, 2, 34, 2, 131, 195, 128, 9,
       194, 69, 37, 102, 70, 45, 136, 99, 78, 222, 19, 37, 146, 10, 48,
       8, 82, 38, 85, 154, 0, 116, 111, 20, 32, 96, 24, 79, 77, 28, 245,
       199, 25, 172, 16, 4, 81, 29, 140, 9, 16, 224, 49, 189, 72, 87, 33,
       248, 92, 49, 220, 183, 255, 163, 190, 120, 116, 185, 221, 115,
       189, 119, 179, 64, 242, 223, 65, 103, 197, 37, 195, 242, 72, 74,
       248, 191, 82, 12, 183, 235, 223, 36, 85, 186, 83, 120, 233, 116,
       112, 92, 56, 47, 213, 21, 247, 111, 153, 172, 24, 5, 240, 29, 156,
       73, 16, 242, 51, 189, 88, 87, 32, 250, 4, 3, 1, 16, 200, 4, 36,
       67, 32, 0, 10, 6, 64, 197, 144, 1, 194, 76, 1, 102, 70, 172, 128,
       99, 78, 138, 6, 1, 144, 12, 48, 8, 82, 38, 84, 186, 0, 112, 65, 4,
       0, 112, 24, 15, 68, 20, 229, 206, 24, 44, 24, 4, 80, 29, 140, 9,
       16, 224, 35, 189, 72, 86, 32, 248, 2, 2, 0, 130, 1, 128, 5, 64, 6,
       6, 3, 0, 1, 41, 16, 2, 226, 84, 0, 96, 128, 34, 128, 32, 76, 128,
       164, 8, 18, 8, 17, 73, 208, 36, 84, 186, 66, 112, 129, 212, 16,
       88, 24, 15, 208, 20, 228, 76, 153, 172, 16, 5, 112, 25, 148, 73,
       16, 114, 51, 188, 88, 86, 32, 248, 44, 174, 101, 171, 154, 253,
       161, 125, 253, 252, 206, 53, 121, 126, 249, 228, 227, 244, 195,
       98, 245, 34, 157, 246, 93, 172, 4, 131, 126, 223, 59, 223, 247,
       38, 71, 186, 86, 114, 233, 124, 252, 85, 88, 38, 84, 166, 245,
       107, 185, 44, 153, 13, 242, 29, 157, 73, 48, 242, 51, 188, 90, 87,
       32, 248, 126, 53, 253, 156, 54, 135, 91, 127, 247, 230, 213, 176,
       125, 234, 180, 86, 242, 215, 67, 119, 147, 35, 209, 55, 220, 170,
       230, 93, 83, 156, 253, 233, 199, 44, 20, 190, 202, 120, 193, 124,
       146, 202, 61, 15, 208, 20, 193, 110, 153, 172, 24, 5, 112, 29,
       156, 73, 16, 242, 59, 189, 88, 86, 34, 251, 71, 6, 128, 130, 217,
       130, 3, 8, 36, 96, 2, 4, 128, 207, 129, 5, 66, 117, 1, 68, 200, 7,
       138, 105, 70, 192, 8, 15, 146, 8, 1, 79, 87, 167, 84, 187, 0, 112,
       37, 86, 0, 64, 8, 10, 65, 8, 192, 131, 16, 36, 24, 4, 37, 24, 140,
       139, 16, 106, 51, 188, 72, 70, 48, 240, 199, 46, 199, 55, 109, 90,
       142, 138, 248, 185, 186, 103, 238, 119, 11, 49, 233, 129, 43, 247,
       197, 39, 67, 119, 69, 223, 189, 47, 66, 14, 35, 98, 215, 44, 69,
       186, 90, 56, 233, 116, 112, 92, 56, 175, 213, 80, 245, 111, 153,
       172, 24, 1, 240, 29, 156, 73, 16, 242, 51, 189, 88, 87, 32, 250,
       237, 174, 239, 137, 254, 255, 175, 253, 253, 255, 234, 63, 221,
       188, 251, 237, 203, 253, 251, 110, 253, 211, 222, 188, 95, 253,
       61, 183, 221, 95, 127, 159, 125, 101, 223, 251, 214, 247, 237,
       126, 252, 93, 106, 62, 87, 175, 252, 177, 156, 173, 28, 37, 211,
       255, 157, 127, 208, 236, 169, 188, 223, 207, 56, 182, 242, 253,
       251, 223, 247, 15, 93, 139, 223, 197, 189, 251, 191, 202, 246,
       222, 251, 215, 60, 31, 15, 159, 227, 103, 191, 215, 251, 63, 211,
       251, 214, 45, 130, 175, 60, 223, 230, 125, 255, 255, 115, 219,
       229, 123, 155, 28, 253, 189, 197, 166, 211, 157, 104, 178, 183,
       231, 80, 188, 112, 123, 61, 93, 176, 191, 213, 49, 211, 214, 209,
       2, 77, 202, 198, 7, 161, 50, 179, 202, 176, 91, 226, 213, 37, 102,
       79, 173, 128, 55, 14, 138, 162, 13, 210, 8, 48, 57, 114, 39, 84,
       187, 66, 124, 65, 212, 80, 66, 24, 14, 201, 28, 193, 206, 153,
       172, 16, 5, 112, 28, 156, 73, 16, 242, 49, 189, 88, 86, 32, 249,
       37, 39, 229, 154, 17, 31, 33, 127, 228, 84, 128, 176, 113, 251,
       189, 71, 234, 244, 99, 98, 213, 39, 209, 119, 92, 168, 164, 13,
       82, 12, 48, 73, 215, 38, 87, 186, 82, 120, 201, 116, 112, 92, 56,
       47, 84, 20, 245, 110, 153, 172, 24, 5, 240, 29, 156, 73, 16, 242,
       51, 189, 88, 87, 32, 250, 7, 35, 65, 160, 148, 160, 7, 80, 96, 4,
       131, 52, 201, 79, 153, 65, 226, 212, 1, 96, 193, 32, 128, 112, 76,
       136, 160, 9, 82, 12, 49, 41, 212, 36, 85, 186, 82, 112, 129, 84,
       48, 84, 24, 15, 196, 20, 228, 78, 153, 172, 24, 5, 240, 29, 156,
       73, 16, 242, 51, 188, 88, 86, 32, 248, 186, 248, 83, 231, 254,
       169, 218, 161, 90, 57, 87, 127, 254, 86, 218, 112, 118, 131, 124,
       146, 205, 45, 3, 220, 170, 94, 251, 255, 206, 255, 247, 182, 143,
       237, 77, 247, 255, 219, 235, 119, 217, 221, 199, 95, 237, 39, 191,
       31, 173, 247, 137, 227, 254, 166, 24, 235, 70, 243, 222, 179, 190,
       43, 240, 140, 63, 251, 125, 254, 55, 189, 253, 120, 255, 223, 253,
       251, 255, 122, 244, 95, 255, 247, 103, 123, 245, 118, 195, 119,
       237, 255, 247, 255, 127, 126, 247, 235, 215, 44, 87, 190, 219,
       120, 249, 125, 122, 95, 57, 47, 213, 21, 247, 111, 153, 172, 24,
       5, 240, 29, 156, 73, 16, 242, 51, 189, 120, 87, 32, 251, 63, 182,
       125, 167, 63, 253, 191, 120, 254, 254, 223, 247, 253, 127, 249,
       116, 255, 255, 99, 115, 245, 102, 211, 247, 221, 254, 245, 255,
       90, 158, 247, 235, 223, 44, 87, 190, 219, 120, 233, 125, 120, 92,
       57, 47, 213, 53, 247, 111, 153, 172, 24, 5, 240, 29, 156, 73, 16,
       242, 51, 189, 88, 87, 32, 250, 60, 54, 245, 167, 223, 229, 163,
       125, 244, 124, 194, 55, 237, 31, 187, 85, 250, 213, 3, 96, 225, 7,
       203, 124, 76, 216, 188, 175, 210, 12, 115, 239, 215, 36, 85, 186,
       82, 120, 233, 116, 120, 84, 56, 47, 197, 5, 245, 109, 153, 172,
       24, 5, 240, 29, 156, 73, 16, 242, 51, 189, 88, 87, 32, 250, 255,
       50, 245, 183, 255, 183, 187, 248, 246, 127, 208, 115, 253, 123,
       178, 85, 242, 213, 3, 98, 233, 39, 195, 124, 206, 218, 252, 47,
       210, 12, 113, 239, 215, 36, 84, 190, 82, 120, 161, 116, 80, 76,
       24, 14, 209, 20, 209, 79, 153, 172, 24, 5, 240, 29, 156, 73, 16,
       242, 51, 157, 88, 87, 32, 250, 47, 180, 252, 174, 55, 255, 189,
       95, 247, 222, 132, 225, 125, 63, 189, 95, 255, 254, 99, 243, 245,
       38, 81, 119, 213, 255, 241, 255, 90, 94, 245, 227, 223, 44, 87,
       190, 219, 120, 233, 116, 120, 92, 58, 175, 213, 117, 247, 111,
       153, 172, 24, 5, 240, 29, 156, 73, 16, 242, 51, 189, 90, 87, 32,
       250, 127, 50, 125, 182, 63, 182, 31, 72, 230, 238, 155, 50, 253,
       47, 176, 87, 243, 213, 3, 99, 205, 39, 195, 118, 205, 222, 245,
       47, 82, 28, 241, 107, 215, 36, 85, 190, 82, 120, 233, 116, 112,
