%YAML:1.0
descriptors: !!opencv-matrix
   rows: 21
   cols: 64
   dt: u
   data: [ 35, 20, 80, 2, 223, 130, 7, 8, 230, 0, 0, 114, 172, 75, 160,
       85, 98, 247, 1, 116, 192, 39, 131, 101, 70, 144, 232, 15, 146, 8,
       65, 105, 151, 36, 84, 186, 66, 120, 33, 84, 64, 64, 24, 11, 193,
       16, 245, 79, 145, 172, 24, 4, 240, 24, 156, 73, 16, 114, 51, 189,
       88, 87, 32, 248, 68, 43, 147, 209, 200, 130, 74, 199, 2, 34, 3,
       20, 211, 196, 147, 18, 74, 65, 56, 102, 142, 173, 206, 11, 14,
       194, 190, 79, 130, 136, 16, 78, 115, 135, 85, 139, 0, 246, 71, 70,
       0, 96, 128, 72, 15, 12, 9, 147, 85, 44, 16, 116, 33, 120, 20, 235,
       193, 104, 0, 57, 76, 68, 49, 240, 250, 249, 255, 239, 255, 255,
       219, 185, 223, 93, 253, 255, 255, 250, 126, 252, 255, 215, 126,
       255, 125, 159, 167, 125, 255, 255, 255, 127, 255, 251, 254, 191,
       255, 109, 30, 223, 254, 119, 253, 253, 219, 223, 215, 95, 217, 63,
       253, 21, 239, 151, 223, 143, 250, 183, 159, 251, 112, 247, 253,
       123, 255, 29, 182, 189, 3, 6, 0, 2, 205, 128, 6, 8, 34, 1, 2, 67,
       160, 75, 32, 5, 98, 55, 5, 144, 192, 38, 137, 103, 2, 146, 0, 7,
       146, 8, 1, 69, 23, 38, 16, 178, 67, 0, 5, 132, 65, 64, 8, 11, 64,
       64, 192, 67, 16, 36, 24, 4, 100, 8, 140, 1, 16, 50, 50, 148, 8,
       23, 32, 104, 68, 35, 225, 176, 80, 38, 35, 78, 132, 102, 131, 52,
       65, 138, 155, 99, 226, 84, 3, 100, 9, 129, 196, 50, 76, 136, 168,
       13, 210, 12, 48, 73, 112, 36, 85, 186, 0, 114, 5, 84, 144, 64, 24,
       14, 64, 28, 193, 76, 153, 44, 24, 5, 112, 29, 148, 73, 144, 242,
       33, 188, 72, 70, 32, 240, 102, 33, 81, 146, 16, 0, 7, 73, 198, 98,
       1, 48, 33, 194, 144, 82, 226, 84, 1, 100, 11, 160, 128, 38, 12,
       136, 160, 9, 146, 8, 48, 9, 80, 36, 20, 154, 0, 112, 1, 86, 0, 64,
       16, 10, 64, 28, 192, 14, 25, 36, 16, 4, 96, 24, 148, 73, 16, 114,
       49, 184, 88, 70, 32, 240, 191, 245, 125, 158, 62, 157, 221, 56,
       255, 125, 189, 251, 253, 122, 244, 93, 255, 246, 100, 179, 245,
       112, 161, 246, 237, 191, 241, 123, 123, 91, 245, 107, 215, 44, 84,
       190, 218, 120, 233, 125, 114, 223, 127, 47, 212, 20, 245, 111,
       153, 172, 24, 5, 240, 29, 157, 73, 16, 242, 51, 189, 88, 95, 34,
       251, 33, 6, 4, 2, 201, 132, 130, 65, 38, 84, 6, 69, 136, 121, 1,
       5, 66, 96, 1, 160, 208, 34, 153, 96, 88, 32, 12, 4, 190, 12, 1,
       65, 180, 100, 64, 152, 80, 2, 13, 12, 213, 20, 24, 134, 64, 64,
       208, 69, 17, 44, 24, 8, 176, 24, 136, 73, 48, 96, 34, 180, 64, 71,
       32, 248, 4, 35, 1, 128, 16, 128, 2, 124, 0, 0, 2, 20, 64, 65, 129,
       0, 66, 68, 1, 100, 64, 32, 128, 194, 12, 128, 0, 1, 0, 8, 17, 9,
       116, 38, 84, 186, 0, 114, 1, 20, 128, 64, 24, 6, 64, 4, 192, 78,
       16, 36, 24, 4, 48, 24, 12, 9, 0, 98, 3, 152, 72, 6, 32, 240, 63,
       178, 125, 166, 191, 189, 59, 88, 246, 94, 215, 112, 253, 59, 188,
       85, 242, 244, 3, 96, 225, 98, 129, 116, 76, 168, 224, 27, 94, 28,
       113, 233, 213, 36, 84, 186, 82, 122, 129, 116, 208, 94, 24, 15,
       208, 6, 208, 77, 153, 172, 24, 5, 240, 29, 159, 73, 16, 242, 51,
       188, 88, 87, 32, 249, 0, 2, 1, 128, 0, 68, 160, 225, 0, 142, 66,
       4, 80, 36, 89, 130, 8, 8, 193, 64, 64, 0, 132, 128, 24, 28, 4,
       128, 0, 134, 48, 152, 96, 16, 65, 168, 21, 34, 0, 8, 160, 32, 16,
       2, 70, 164, 2, 104, 11, 8, 97, 0, 146, 29, 4, 0, 132, 64, 11, 224,
       64, 2, 64, 34, 131, 198, 0, 2, 129, 136, 132, 0, 34, 5, 5, 72, 8,
       57, 4, 17, 110, 226, 4, 160, 0, 2, 161, 96, 32, 149, 29, 40, 183,
       10, 1, 1, 148, 100, 16, 24, 66, 0, 10, 136, 5, 146, 8, 131, 144,
       80, 252, 4, 1, 17, 80, 4, 48, 2, 130, 11, 48, 80, 32, 4, 80, 85,
       6, 217, 2, 65, 0, 150, 3, 0, 28, 3, 6, 194, 17, 128, 16, 8, 33, 6,
       13, 18, 4, 151, 2, 162, 196, 2, 16, 151, 147, 8, 16, 178, 4, 16,
       2, 60, 67, 128, 128, 72, 194, 65, 32, 40, 53, 105, 182, 20, 132,
       110, 17, 138, 16, 1, 18, 8, 112, 16, 1, 35, 48, 49, 32, 113, 0,
       42, 6, 34, 65, 130, 16, 2, 3, 100, 66, 6, 17, 20, 1, 3, 145, 0,
       66, 68, 0, 100, 0, 0, 132, 32, 12, 128, 140, 9, 18, 8, 17, 89,
       112, 36, 20, 154, 66, 112, 1, 212, 16, 64, 24, 14, 64, 0, 192, 76,
       19, 44, 16, 0, 48, 24, 132, 9, 0, 98, 34, 152, 72, 22, 32, 240,
       60, 53, 253, 158, 54, 245, 57, 127, 247, 222, 213, 180, 125, 250,
       179, 86, 250, 212, 67, 102, 249, 35, 199, 55, 220, 168, 228, 29,
       83, 156, 124, 169, 215, 36, 85, 190, 82, 122, 193, 116, 208, 94,
       24, 14, 208, 20, 193, 110, 153, 172, 24, 5, 240, 29, 156, 73, 16,
       242, 51, 189, 88, 86, 34, 251, 103, 38, 225, 128, 220, 134, 3, 94,
       198, 100, 128, 52, 225, 15, 145, 69, 226, 85, 1, 100, 193, 5, 202,
       97, 14, 200, 8, 15, 18, 8, 17, 79, 85, 37, 21, 154, 0, 120, 5, 86,
       0, 64, 24, 138, 65, 8, 224, 199, 24, 36, 24, 0, 113, 24, 156, 67,
       16, 50, 51, 156, 72, 7, 32, 248, 2, 1, 128, 16, 1, 0, 0, 111, 132,
       130, 211, 20, 49, 128, 1, 2, 66, 16, 3, 84, 64, 34, 192, 7, 28,
       136, 132, 9, 2, 140, 32, 8, 100, 44, 69, 186, 18, 40, 1, 92, 0,
       64, 20, 10, 64, 20, 129, 78, 25, 44, 24, 1, 112, 24, 156, 65, 0,
       114, 51, 184, 8, 22, 32, 234, 33, 6, 101, 0, 156, 180, 33, 80,
       160, 28, 2, 71, 192, 25, 144, 5, 66, 108, 135, 32, 240, 2, 24,
       244, 4, 184, 12, 130, 188, 4, 33, 65, 85, 8, 210, 184, 48, 176, 1,
       12, 205, 68, 26, 134, 64, 96, 128, 65, 56, 52, 24, 8, 240, 28,
       142, 1, 52, 34, 19, 132, 202, 215, 36, 120, 51, 20, 109, 0, 22,
       189, 1, 120, 230, 4, 214, 84, 109, 57, 20, 5, 84, 116, 67, 112,
       240, 114, 208, 102, 28, 160, 132, 24, 122, 144, 81, 233, 196, 108,
       194, 190, 206, 42, 1, 73, 220, 85, 22, 143, 208, 112, 160, 79,
       186, 60, 153, 8, 240, 29, 157, 81, 40, 178, 51, 184, 122, 215, 44,
       251, 50, 1, 33, 22, 3, 4, 29, 47, 198, 132, 145, 16, 49, 8, 17,
       22, 62, 18, 66, 80, 18, 34, 193, 71, 156, 128, 228, 8, 2, 184, 84,
       104, 70, 44, 1, 190, 138, 40, 2, 76, 32, 72, 53, 139, 164, 112,
       129, 78, 19, 174, 153, 11, 48, 24, 28, 81, 0, 51, 59, 249, 56, 7,
       32, 226, 37, 38, 101, 0, 156, 4, 7, 80, 226, 4, 0, 1, 64, 9, 144,
       5, 98, 100, 3, 96, 209, 34, 17, 100, 12, 168, 44, 9, 146, 12, 1,
       65, 84, 36, 22, 186, 0, 48, 1, 196, 68, 66, 24, 142, 64, 112, 128,
       77, 16, 36, 24, 0, 112, 24, 140, 65, 24, 50, 19, 148, 72, 86, 32,
       248 ]
