%YAML:1.0
descriptors: !!opencv-matrix
   rows: 22
   cols: 64
   dt: u
   data: [ 55, 54, 80, 2, 221, 128, 7, 72, 230, 64, 0, 114, 172, 75, 132,
       85, 98, 215, 5, 96, 193, 38, 129, 101, 78, 152, 32, 15, 18, 8, 33,
       105, 215, 36, 84, 186, 66, 56, 33, 84, 64, 64, 24, 143, 192, 16,
       244, 79, 152, 164, 24, 4, 112, 24, 156, 73, 16, 242, 51, 188, 88,
       87, 32, 248, 60, 254, 127, 253, 190, 253, 249, 253, 253, 255, 218,
       189, 253, 127, 251, 247, 251, 252, 203, 106, 253, 242, 254, 188,
       253, 189, 246, 251, 255, 223, 255, 255, 109, 108, 207, 254, 222,
       247, 249, 125, 254, 93, 247, 190, 246, 231, 203, 127, 190, 191,
       143, 235, 250, 189, 159, 93, 236, 246, 223, 223, 255, 159, 110,
       182, 62, 245, 125, 254, 190, 173, 127, 105, 255, 101, 253, 248,
       253, 127, 252, 116, 247, 255, 71, 115, 247, 122, 147, 118, 253,
       255, 231, 255, 123, 251, 253, 237, 151, 110, 71, 158, 203, 121,
       249, 127, 126, 223, 253, 111, 244, 55, 247, 47, 153, 166, 145, 79,
       250, 29, 158, 93, 56, 243, 115, 191, 251, 255, 171, 250, 60, 241,
       121, 126, 48, 58, 125, 75, 243, 16, 197, 176, 117, 82, 172, 83,
       242, 162, 195, 210, 247, 120, 81, 215, 212, 42, 226, 221, 107,
       252, 236, 224, 142, 78, 134, 190, 173, 24, 211, 125, 110, 223,
       183, 193, 244, 241, 167, 78, 186, 182, 169, 74, 226, 21, 123, 85,
       46, 179, 223, 195, 59, 251, 239, 75, 186, 253, 127, 254, 63, 109,
       221, 187, 255, 93, 252, 251, 127, 127, 244, 252, 247, 214, 119,
       251, 117, 46, 177, 126, 255, 191, 247, 251, 255, 251, 254, 253,
       254, 109, 62, 254, 254, 119, 249, 253, 219, 223, 255, 63, 202, 55,
       253, 111, 173, 183, 223, 141, 232, 30, 159, 77, 188, 246, 127,
       251, 255, 15, 166, 189, 178, 245, 125, 222, 55, 31, 95, 41, 231,
       68, 189, 250, 253, 126, 116, 94, 244, 215, 118, 247, 23, 254, 145,
       102, 253, 246, 247, 121, 51, 186, 220, 41, 130, 62, 6, 222, 202,
       121, 210, 253, 50, 251, 181, 111, 180, 60, 245, 46, 147, 167, 145,
       79, 56, 25, 159, 91, 57, 243, 120, 59, 121, 255, 175, 251, 127,
       252, 255, 239, 255, 255, 255, 121, 255, 253, 221, 251, 255, 127,
       252, 221, 251, 245, 127, 123, 245, 119, 211, 127, 253, 255, 253,
       191, 127, 219, 127, 239, 215, 109, 215, 191, 222, 121, 249, 125,
       125, 221, 255, 175, 213, 53, 245, 111, 191, 188, 153, 13, 242,
       189, 158, 93, 120, 246, 115, 191, 251, 223, 44, 254, 44, 37, 101,
       176, 16, 39, 37, 127, 196, 100, 211, 52, 113, 14, 145, 70, 226,
       212, 67, 96, 241, 34, 192, 55, 76, 168, 164, 137, 82, 12, 49, 233,
       211, 36, 85, 186, 82, 120, 1, 84, 120, 80, 24, 47, 212, 20, 229,
       79, 153, 172, 24, 5, 240, 29, 156, 73, 16, 242, 51, 189, 88, 86,
       32, 250, 5, 35, 65, 18, 81, 130, 3, 122, 0, 0, 130, 52, 32, 67,
       128, 1, 66, 69, 1, 68, 192, 36, 128, 99, 14, 128, 0, 13, 18, 8, 0,
       73, 86, 38, 84, 186, 0, 120, 1, 84, 128, 64, 24, 14, 64, 0, 193,
       78, 16, 36, 24, 4, 32, 24, 156, 9, 0, 34, 51, 188, 72, 22, 32,
       120, 33, 6, 4, 2, 200, 6, 131, 80, 224, 84, 6, 69, 0, 57, 128, 5,
       66, 100, 133, 32, 208, 34, 25, 116, 80, 168, 12, 4, 182, 8, 1, 65,
       244, 36, 64, 184, 80, 18, 13, 140, 213, 84, 24, 134, 64, 96, 208,
       69, 25, 44, 24, 8, 240, 28, 140, 65, 48, 112, 34, 172, 72, 87, 36,
       248, 3, 85, 0, 2, 5, 0, 14, 16, 34, 2, 1, 64, 32, 9, 4, 17, 100,
       98, 4, 148, 0, 34, 17, 68, 0, 20, 237, 72, 18, 40, 128, 0, 80, 44,
       144, 132, 10, 8, 2, 193, 0, 194, 24, 137, 144, 112, 164, 76, 0,
       160, 16, 0, 32, 8, 74, 3, 16, 51, 50, 20, 48, 82, 36, 41, 0, 3,
       128, 0, 0, 0, 160, 230, 0, 130, 2, 6, 80, 0, 27, 2, 12, 8, 195, 0,
       0, 2, 64, 192, 8, 48, 20, 0, 0, 132, 2, 0, 76, 16, 67, 32, 20, 8,
       8, 8, 164, 32, 20, 0, 36, 112, 32, 104, 50, 8, 169, 16, 146, 25,
       88, 16, 7, 0, 18, 97, 0, 195, 64, 98, 66, 33, 8, 146, 22, 18, 28,
       7, 70, 2, 17, 48, 49, 130, 17, 82, 64, 80, 0, 212, 3, 176, 193, 6,
       12, 128, 160, 9, 2, 168, 16, 40, 64, 44, 20, 154, 74, 120, 3, 84,
       0, 74, 20, 8, 146, 28, 128, 76, 19, 172, 16, 5, 32, 24, 180, 81,
       144, 114, 49, 24, 92, 80, 96, 179, 131, 198, 4, 2, 129, 0, 129, 0,
       34, 5, 36, 66, 136, 57, 0, 1, 102, 102, 4, 33, 0, 2, 160, 96, 40,
       144, 9, 8, 182, 8, 0, 17, 180, 100, 48, 152, 64, 8, 1, 136, 199,
       2, 8, 134, 0, 0, 88, 4, 0, 17, 81, 0, 24, 2, 131, 10, 56, 80, 32,
       4, 64, 85, 36, 217, 70, 3, 1, 144, 0, 2, 0, 71, 6, 34, 3, 20, 17,
       134, 145, 66, 66, 80, 1, 68, 0, 128, 192, 2, 12, 128, 172, 9, 2,
       136, 48, 72, 80, 36, 68, 186, 0, 114, 1, 84, 128, 64, 16, 8, 64,
       12, 0, 76, 17, 44, 16, 4, 32, 25, 148, 9, 144, 98, 33, 188, 72,
       22, 32, 240, 1, 6, 33, 32, 28, 164, 33, 88, 160, 14, 128, 5, 65,
       9, 128, 1, 66, 108, 131, 64, 240, 34, 24, 212, 68, 168, 4, 128,
       16, 0, 33, 64, 77, 8, 210, 168, 16, 40, 1, 0, 76, 64, 26, 135, 64,
       97, 164, 73, 56, 52, 24, 0, 224, 24, 12, 1, 20, 34, 19, 148, 72,
       215, 36, 120, 131, 21, 0, 6, 4, 0, 29, 6, 162, 4, 1, 192, 0, 9, 4,
       19, 109, 102, 4, 161, 0, 2, 96, 6, 8, 145, 181, 72, 19, 40, 0, 32,
       144, 44, 32, 156, 10, 8, 2, 193, 0, 202, 56, 171, 144, 112, 180,
       76, 16, 160, 80, 0, 32, 8, 52, 1, 24, 50, 48, 24, 48, 85, 32, 235,
       43, 33, 109, 0, 22, 61, 1, 126, 196, 6, 215, 52, 121, 8, 52, 71,
       82, 116, 67, 80, 240, 114, 80, 199, 28, 160, 132, 136, 34, 152,
       81, 200, 142, 44, 195, 190, 74, 40, 1, 72, 60, 209, 20, 137, 80,
       113, 165, 78, 50, 172, 137, 8, 242, 29, 92, 17, 40, 50, 19, 184,
       40, 215, 108, 90, 5, 34, 65, 128, 16, 0, 1, 100, 66, 68, 23, 20,
       64, 18, 129, 64, 98, 68, 1, 96, 64, 32, 132, 0, 12, 128, 0, 9,
       146, 8, 17, 9, 112, 36, 84, 154, 66, 114, 1, 212, 144, 80, 24, 14,
       64, 4, 192, 76, 17, 36, 81, 4, 48, 24, 133, 9, 0, 98, 34, 156, 72,
       6, 32, 249, 49, 53, 49, 2, 20, 4, 5, 122, 194, 6, 129, 48, 97, 13,
       144, 21, 118, 100, 66, 64, 208, 34, 81, 198, 156, 176, 228, 9, 18,
       28, 65, 72, 76, 44, 134, 158, 8, 40, 1, 76, 12, 64, 20, 139, 192,
       112, 164, 78, 16, 36, 24, 8, 32, 24, 28, 1, 40, 50, 19, 176, 40,
       215, 104, 106, 37, 38, 97, 130, 220, 133, 3, 120, 70, 68, 130, 52,
       225, 74, 177, 69, 226, 84, 1, 96, 193, 32, 136, 97, 12, 152, 8,
       13, 18, 8, 17, 73, 85, 36, 85, 154, 0, 112, 1, 86, 176, 80, 24,
       15, 64, 20, 224, 79, 24, 44, 24, 4, 112, 24, 140, 73, 16, 50, 51,
       188, 72, 87, 32, 249, 5, 38, 100, 0, 153, 160, 163, 120, 160, 20,
       134, 101, 96, 25, 128, 1, 98, 100, 135, 64, 225, 2, 9, 212, 4, 56,
       12, 0, 144, 12, 1, 65, 92, 36, 84, 186, 16, 48, 1, 148, 209, 80,
       26, 134, 64, 96, 128, 69, 24, 36, 24, 4, 240, 28, 140, 1, 48, 50,
       35, 156, 72, 23, 36, 248 ]
