%YAML:1.0
descriptors: !!opencv-matrix
   rows: 19
   cols: 64
   dt: u
   data: [ 167, 33, 65, 146, 217, 2, 3, 72, 198, 64, 2, 114, 161, 74,
       128, 85, 98, 85, 5, 68, 67, 40, 137, 102, 14, 154, 32, 13, 146, 8,
       17, 41, 82, 38, 20, 154, 66, 112, 5, 212, 64, 64, 24, 11, 64, 4,
       193, 199, 17, 36, 16, 4, 96, 24, 140, 73, 16, 112, 35, 157, 72,
       22, 32, 248, 99, 0, 229, 147, 223, 134, 3, 76, 166, 102, 17, 20,
       153, 237, 177, 71, 226, 85, 17, 100, 202, 39, 202, 33, 78, 192,
       172, 15, 18, 8, 17, 75, 83, 37, 85, 187, 66, 120, 37, 86, 16, 64,
       24, 14, 213, 28, 193, 15, 153, 172, 24, 5, 113, 24, 156, 75, 16,
       114, 51, 189, 88, 86, 32, 248, 255, 50, 125, 247, 255, 183, 191,
       248, 254, 127, 217, 122, 253, 127, 178, 85, 242, 215, 127, 103,
       253, 231, 195, 116, 204, 254, 253, 255, 218, 30, 247, 171, 215,
       44, 85, 191, 82, 120, 233, 116, 120, 92, 56, 47, 213, 53, 245,
       111, 153, 172, 24, 5, 240, 29, 156, 73, 16, 242, 51, 189, 88, 87,
       32, 250, 59, 220, 255, 223, 191, 221, 223, 57, 255, 253, 61, 217,
       191, 127, 124, 92, 191, 247, 248, 187, 254, 127, 219, 127, 249,
       247, 247, 127, 127, 251, 215, 239, 151, 251, 251, 21, 254, 217,
       250, 63, 117, 253, 239, 109, 183, 180, 253, 59, 191, 218, 185,
       111, 244, 165, 190, 255, 127, 215, 254, 239, 243, 255, 189, 222,
       69, 34, 241, 148, 216, 2, 35, 238, 128, 100, 131, 54, 65, 163,
       131, 66, 226, 197, 1, 96, 139, 129, 206, 56, 78, 136, 168, 15,
       210, 8, 49, 79, 113, 37, 84, 187, 0, 112, 5, 214, 144, 64, 24, 14,
       65, 12, 192, 13, 153, 44, 80, 5, 112, 30, 148, 73, 144, 240, 33,
       188, 92, 70, 32, 240, 45, 38, 109, 168, 22, 119, 33, 255, 244,
       254, 218, 53, 125, 63, 251, 230, 226, 220, 67, 96, 113, 194, 196,
       52, 93, 168, 172, 129, 218, 92, 57, 251, 240, 36, 85, 186, 82,
       114, 129, 116, 248, 84, 24, 14, 84, 135, 64, 76, 153, 44, 28, 5,
       240, 29, 141, 73, 16, 240, 35, 188, 88, 86, 32, 248, 254, 117,
       125, 150, 55, 15, 31, 75, 230, 70, 189, 48, 125, 238, 180, 87,
       246, 214, 6, 100, 27, 162, 177, 54, 220, 138, 224, 73, 211, 28,
       252, 41, 194, 36, 20, 190, 66, 112, 129, 212, 18, 218, 28, 15,
       208, 20, 229, 78, 153, 172, 16, 5, 112, 29, 148, 73, 16, 242, 49,
       188, 88, 86, 34, 249, 55, 54, 113, 130, 159, 128, 15, 72, 230, 66,
       147, 114, 173, 11, 160, 85, 242, 214, 1, 112, 193, 34, 129, 116,
       196, 152, 224, 9, 146, 8, 113, 105, 84, 36, 84, 158, 66, 112, 1,
       84, 64, 64, 24, 15, 208, 20, 244, 77, 152, 172, 24, 5, 96, 29,
       156, 73, 16, 242, 51, 188, 88, 87, 32, 248, 108, 33, 229, 176, 16,
       7, 32, 111, 196, 224, 192, 53, 113, 167, 147, 70, 234, 212, 3, 96,
       201, 131, 196, 55, 76, 136, 164, 9, 82, 12, 48, 104, 113, 36, 21,
       186, 82, 120, 1, 84, 80, 64, 24, 14, 68, 20, 193, 78, 153, 44, 24,
       5, 240, 28, 156, 73, 16, 242, 51, 188, 88, 22, 32, 250, 3, 64, 8,
       10, 7, 0, 28, 0, 2, 2, 57, 0, 16, 6, 36, 17, 4, 18, 4, 144, 0, 48,
       1, 64, 0, 132, 192, 72, 146, 32, 129, 0, 176, 52, 144, 0, 43, 64,
       2, 192, 2, 138, 12, 9, 16, 20, 196, 76, 17, 10, 16, 4, 44, 0, 96,
       137, 25, 3, 56, 16, 16, 80, 2, 1, 4, 35, 1, 144, 0, 2, 32, 71, 0,
       2, 131, 4, 65, 128, 145, 2, 66, 76, 3, 100, 2, 160, 64, 3, 12,
       128, 128, 9, 0, 12, 16, 8, 80, 4, 85, 138, 0, 106, 1, 68, 128, 0,
       16, 2, 64, 4, 65, 78, 25, 44, 16, 4, 48, 24, 20, 8, 0, 98, 1, 188,
       72, 6, 32, 240, 124, 58, 239, 249, 62, 253, 187, 249, 253, 254,
       222, 191, 221, 254, 251, 231, 235, 221, 99, 107, 253, 245, 198,
       114, 77, 255, 181, 171, 90, 95, 55, 251, 247, 36, 85, 186, 82,
       122, 233, 116, 248, 92, 56, 46, 213, 150, 209, 111, 153, 172, 24,
       5, 240, 29, 157, 73, 16, 242, 51, 189, 88, 87, 32, 250, 50, 16, 4,
       130, 78, 135, 3, 49, 134, 68, 23, 68, 13, 57, 16, 4, 116, 215, 64,
       164, 208, 3, 208, 96, 24, 48, 172, 76, 48, 144, 81, 105, 69, 44,
       83, 184, 90, 72, 8, 72, 112, 80, 16, 143, 197, 32, 244, 77, 145,
       172, 153, 9, 176, 25, 156, 65, 48, 114, 50, 188, 64, 23, 36, 250,
       61, 183, 125, 150, 63, 189, 157, 120, 246, 254, 247, 243, 253,
       123, 144, 84, 242, 214, 67, 99, 245, 98, 193, 118, 205, 170, 228,
       91, 90, 28, 241, 107, 215, 36, 84, 190, 82, 120, 233, 116, 240,
       92, 56, 47, 208, 20, 245, 111, 153, 172, 24, 5, 240, 29, 157, 73,
       16, 242, 51, 189, 88, 87, 32, 250, 67, 5, 8, 128, 71, 134, 3, 4,
       36, 70, 1, 4, 0, 8, 33, 7, 12, 125, 1, 196, 208, 35, 208, 34, 16,
       160, 136, 12, 80, 16, 49, 65, 68, 52, 19, 168, 18, 104, 0, 72, 48,
       0, 20, 138, 209, 16, 192, 78, 25, 172, 24, 5, 112, 24, 156, 65,
       16, 162, 51, 156, 72, 214, 32, 234, 0, 2, 0, 130, 77, 134, 3, 49,
       4, 78, 2, 5, 1, 9, 16, 5, 68, 101, 65, 4, 208, 3, 208, 96, 64, 56,
       140, 4, 16, 16, 33, 65, 77, 36, 83, 176, 80, 40, 8, 64, 112, 64,
       16, 143, 69, 96, 180, 77, 24, 172, 24, 0, 240, 24, 156, 65, 0,
       114, 51, 148, 64, 87, 32, 122, 159, 186, 206, 247, 63, 249, 191,
       248, 124, 191, 254, 243, 255, 127, 251, 243, 243, 213, 97, 99,
       229, 37, 195, 114, 77, 255, 177, 59, 90, 14, 115, 235, 215, 36,
       85, 186, 82, 122, 233, 116, 240, 92, 56, 47, 213, 22, 245, 111,
       153, 172, 24, 5, 240, 29, 157, 73, 16, 242, 51, 189, 88, 87, 32,
       250, 126, 49, 253, 182, 23, 39, 61, 126, 244, 238, 211, 53, 125,
       238, 179, 86, 250, 212, 3, 98, 225, 167, 195, 55, 76, 138, 164,
       13, 82, 12, 113, 233, 215, 36, 85, 186, 82, 120, 193, 116, 120,
       92, 24, 46, 213, 21, 197, 111, 153, 172, 24, 5, 240, 29, 156, 73,
       16, 242, 51, 189, 88, 86, 32, 250, 61, 55, 253, 162, 55, 55, 35,
       123, 230, 86, 211, 54, 253, 63, 176, 86, 250, 213, 67, 96, 241,
       39, 193, 119, 204, 184, 244, 141, 82, 28, 113, 233, 215, 36, 85,
       190, 82, 120, 233, 116, 120, 92, 56, 47, 213, 21, 245, 111, 153,
       172, 24, 5, 240, 29, 156, 73, 16, 242, 51, 189, 88, 87, 32, 250 ]
