%YAML:1.0
descriptors: !!opencv-matrix
   rows: 6
   cols: 64
   dt: u
   data: [ 63, 48, 109, 170, 30, 183, 167, 122, 244, 126, 212, 48, 125,
       63, 177, 85, 242, 253, 67, 112, 241, 115, 209, 247, 204, 184, 164,
       143, 90, 92, 113, 235, 215, 44, 87, 190, 91, 120, 169, 116, 120,
       92, 56, 47, 213, 53, 247, 111, 153, 172, 24, 5, 240, 29, 156, 73,
       16, 242, 51, 189, 88, 87, 32, 250, 45, 38, 101, 170, 29, 191, 167,
       122, 228, 124, 194, 53, 105, 63, 185, 69, 226, 253, 67, 96, 241,
       34, 217, 247, 76, 184, 164, 135, 90, 12, 49, 207, 223, 36, 87,
       186, 83, 120, 169, 116, 124, 84, 26, 47, 85, 241, 247, 79, 152,
       172, 24, 5, 240, 29, 156, 73, 16, 242, 51, 189, 88, 87, 32, 250,
       62, 49, 253, 222, 54, 159, 93, 111, 199, 198, 149, 176, 125, 126,
       180, 86, 254, 214, 98, 115, 151, 55, 193, 119, 221, 170, 228, 93,
       66, 188, 245, 105, 215, 44, 69, 190, 202, 120, 233, 124, 112, 221,
       53, 47, 212, 20, 245, 111, 153, 172, 24, 5, 240, 29, 156, 73, 16,
       242, 51, 189, 88, 87, 32, 250, 253, 49, 211, 178, 95, 35, 47, 254,
       212, 191, 192, 51, 243, 206, 178, 75, 235, 213, 33, 103, 233, 165,
       226, 55, 78, 219, 184, 47, 82, 8, 50, 235, 215, 36, 84, 186, 82,
       120, 225, 116, 112, 76, 56, 47, 213, 20, 229, 111, 153, 172, 24,
       5, 240, 29, 156, 73, 16, 242, 51, 189, 88, 87, 32, 250, 124, 49,
       243, 181, 250, 167, 187, 249, 194, 229, 211, 55, 245, 194, 147,
       80, 250, 213, 3, 102, 203, 173, 194, 118, 142, 154, 180, 47, 210,
       12, 51, 59, 87, 36, 85, 186, 82, 120, 225, 84, 240, 88, 24, 14,
       193, 20, 193, 79, 153, 172, 24, 5, 240, 28, 156, 73, 16, 242, 51,
       189, 88, 87, 32, 251, 61, 189, 237, 248, 31, 255, 247, 127, 253,
       252, 220, 253, 255, 126, 188, 76, 251, 253, 227, 99, 245, 63, 219,
       247, 125, 255, 183, 167, 123, 223, 115, 239, 223, 46, 87, 186, 87,
       120, 249, 124, 120, 125, 250, 47, 213, 53, 247, 111, 185, 172,
       152, 13, 240, 29, 156, 73, 48, 242, 115, 191, 90, 87, 32, 250 ]
