%YAML:1.0
descriptors: !!opencv-matrix
   rows: 7
   cols: 64
   dt: u
   data: [ 255, 184, 206, 183, 127, 115, 223, 184, 126, 253, 255, 251,
       191, 127, 123, 255, 253, 247, 101, 243, 229, 101, 231, 114, 205,
       255, 241, 127, 122, 95, 247, 251, 247, 36, 85, 186, 90, 120, 233,
       244, 112, 93, 56, 47, 213, 22, 245, 111, 153, 172, 24, 5, 240, 29,
       156, 73, 16, 242, 51, 189, 88, 87, 32, 250, 61, 178, 253, 191, 63,
       247, 191, 120, 212, 254, 221, 255, 253, 94, 183, 117, 251, 221,
       99, 99, 245, 39, 195, 246, 204, 255, 245, 175, 82, 14, 243, 235,
       223, 36, 85, 190, 83, 120, 233, 116, 120, 92, 56, 47, 213, 53,
       247, 111, 153, 172, 24, 5, 240, 29, 156, 73, 16, 242, 51, 189, 88,
       87, 32, 250, 189, 254, 255, 245, 63, 255, 191, 252, 252, 253, 255,
       255, 255, 127, 254, 252, 251, 221, 103, 99, 245, 103, 227, 246,
       205, 255, 245, 255, 123, 30, 243, 235, 223, 36, 85, 190, 83, 122,
       233, 244, 250, 92, 56, 47, 213, 55, 247, 111, 153, 172, 24, 5,
       240, 29, 157, 73, 16, 242, 51, 189, 88, 87, 32, 250, 156, 184,
       222, 39, 127, 123, 190, 251, 56, 185, 254, 251, 190, 114, 174,
       120, 235, 221, 33, 99, 197, 37, 195, 114, 77, 223, 177, 47, 82,
       14, 51, 106, 215, 36, 85, 186, 83, 120, 233, 116, 112, 92, 56, 47,
       213, 21, 247, 111, 153, 172, 24, 5, 240, 29, 156, 73, 16, 242, 51,
       189, 88, 87, 32, 250, 191, 177, 253, 54, 63, 251, 191, 120, 242,
       187, 253, 250, 253, 114, 166, 112, 251, 215, 35, 115, 229, 39,
       195, 246, 205, 223, 245, 239, 82, 14, 243, 234, 223, 44, 85, 190,
       90, 120, 233, 116, 120, 92, 56, 47, 213, 53, 245, 111, 153, 172,
       24, 5, 240, 29, 156, 73, 16, 242, 51, 189, 88, 87, 32, 250, 253,
       158, 254, 185, 254, 127, 191, 240, 60, 255, 126, 159, 141, 127,
       251, 237, 235, 221, 97, 98, 253, 229, 198, 122, 77, 255, 185, 63,
       218, 15, 51, 251, 247, 36, 85, 186, 82, 122, 233, 116, 240, 92,
       56, 46, 213, 22, 245, 111, 153, 172, 24, 5, 240, 29, 157, 73, 16,
       242, 51, 189, 88, 87, 32, 250, 28, 51, 209, 182, 23, 33, 33, 126,
       196, 164, 211, 53, 117, 14, 185, 82, 234, 212, 3, 96, 193, 32,
       193, 55, 76, 136, 160, 9, 82, 12, 49, 105, 215, 36, 85, 186, 82,
       120, 129, 116, 112, 92, 24, 14, 212, 20, 193, 110, 153, 172, 24,
       5, 240, 29, 156, 73, 16, 242, 51, 189, 88, 86, 32, 250 ]
