%YAML:1.0
descriptors: !!opencv-matrix
   rows: 66
   cols: 64
   dt: u
   data: [ 62, 54, 125, 162, 22, 181, 35, 93, 230, 110, 208, 48, 125, 42,
       177, 87, 250, 212, 3, 96, 225, 34, 193, 119, 204, 136, 228, 141,
       82, 12, 113, 233, 215, 36, 85, 190, 82, 120, 129, 116, 120, 92,
       24, 15, 212, 20, 229, 79, 153, 172, 24, 5, 240, 29, 156, 73, 16,
       242, 51, 189, 88, 87, 32, 250, 60, 49, 253, 190, 54, 103, 121,
       127, 212, 252, 213, 181, 125, 254, 187, 70, 251, 220, 67, 98, 245,
       36, 193, 183, 205, 170, 164, 137, 82, 140, 116, 233, 215, 36, 85,
       186, 83, 120, 201, 116, 120, 92, 48, 47, 212, 53, 231, 110, 153,
       172, 24, 5, 240, 29, 156, 73, 16, 242, 51, 189, 88, 87, 32, 250,
       62, 50, 117, 162, 63, 181, 175, 121, 246, 254, 210, 53, 253, 47,
       177, 87, 242, 214, 67, 96, 241, 34, 195, 118, 204, 136, 228, 11,
       90, 24, 113, 235, 215, 36, 85, 190, 82, 120, 233, 116, 112, 92,
       24, 46, 212, 20, 229, 111, 153, 172, 24, 5, 240, 29, 156, 73, 16,
       242, 51, 189, 88, 87, 32, 250, 63, 54, 125, 162, 63, 181, 15, 120,
       246, 126, 210, 49, 237, 27, 177, 85, 242, 244, 3, 240, 225, 34,
       193, 118, 204, 168, 224, 11, 82, 28, 241, 235, 215, 44, 85, 190,
       90, 120, 161, 116, 120, 92, 56, 15, 212, 17, 245, 79, 153, 172,
       24, 5, 240, 29, 156, 73, 16, 242, 51, 189, 88, 87, 32, 250, 63,
       50, 125, 166, 63, 181, 191, 120, 244, 126, 214, 113, 237, 59, 176,
       85, 246, 254, 67, 113, 225, 34, 195, 118, 204, 170, 228, 203, 82,
       20, 241, 235, 215, 44, 85, 190, 83, 120, 233, 116, 120, 92, 56,
       47, 212, 17, 247, 111, 153, 172, 24, 5, 240, 29, 156, 73, 16, 242,
       51, 189, 88, 87, 32, 250, 60, 183, 125, 190, 62, 189, 188, 117,
       212, 254, 86, 117, 93, 119, 153, 84, 250, 222, 67, 98, 245, 34,
       193, 247, 205, 154, 164, 203, 82, 12, 177, 234, 215, 36, 85, 190,
       83, 120, 233, 116, 120, 92, 56, 47, 212, 53, 247, 111, 153, 172,
       24, 5, 240, 29, 156, 73, 16, 242, 51, 189, 88, 87, 32, 250, 60,
       177, 125, 190, 54, 181, 253, 120, 116, 220, 85, 241, 93, 122, 180,
       68, 242, 222, 65, 99, 245, 32, 192, 243, 201, 186, 160, 219, 80,
       216, 117, 235, 223, 36, 85, 186, 83, 120, 233, 116, 112, 93, 57,
       47, 212, 21, 247, 111, 153, 172, 24, 5, 240, 29, 156, 73, 16, 242,
       51, 189, 88, 87, 32, 250, 124, 49, 253, 182, 115, 167, 59, 126,
       212, 124, 213, 53, 125, 126, 178, 86, 250, 213, 67, 100, 241, 39,
       195, 119, 76, 234, 172, 141, 82, 136, 117, 233, 215, 36, 85, 190,
       83, 120, 201, 124, 120, 92, 48, 47, 213, 21, 229, 111, 153, 172,
       24, 5, 240, 29, 156, 73, 16, 242, 51, 189, 88, 87, 32, 250, 35,
       22, 64, 2, 221, 128, 7, 8, 102, 0, 2, 113, 172, 91, 160, 85, 98,
       247, 1, 144, 193, 38, 145, 103, 70, 144, 96, 13, 18, 8, 65, 97,
       151, 44, 84, 186, 66, 48, 1, 84, 64, 80, 24, 139, 192, 80, 244,
       79, 144, 36, 24, 4, 240, 24, 156, 73, 16, 114, 51, 189, 88, 87,
       32, 248, 252, 57, 255, 245, 254, 119, 251, 255, 252, 253, 212, 63,
       255, 255, 179, 94, 251, 221, 123, 103, 125, 199, 195, 119, 222,
       234, 188, 191, 250, 220, 118, 235, 215, 37, 85, 255, 86, 120, 237,
       124, 120, 93, 57, 63, 221, 61, 247, 111, 157, 172, 24, 5, 240, 61,
       156, 73, 80, 246, 51, 189, 88, 87, 32, 250, 114, 145, 209, 150,
       223, 131, 7, 11, 198, 96, 21, 115, 191, 202, 164, 92, 246, 215,
       33, 118, 192, 39, 195, 103, 206, 218, 232, 15, 18, 8, 208, 105,
       215, 36, 84, 190, 82, 120, 225, 116, 80, 94, 24, 15, 209, 20, 245,
       79, 153, 172, 24, 5, 240, 29, 156, 73, 16, 242, 51, 189, 88, 87,
       32, 251, 115, 21, 208, 146, 223, 130, 7, 10, 102, 68, 20, 114,
       191, 123, 164, 85, 246, 247, 33, 244, 193, 39, 129, 103, 70, 218,
       224, 15, 18, 24, 209, 105, 215, 36, 84, 190, 82, 120, 105, 116,
       112, 92, 24, 15, 209, 20, 245, 79, 153, 172, 24, 5, 240, 29, 156,
       73, 16, 242, 51, 189, 88, 87, 32, 248, 50, 149, 208, 150, 223,
       134, 22, 3, 230, 64, 21, 114, 189, 106, 52, 85, 246, 243, 0, 244,
       193, 39, 145, 103, 214, 210, 228, 79, 18, 152, 209, 96, 215, 44,
       70, 190, 90, 120, 233, 116, 112, 88, 28, 11, 209, 84, 245, 79,
       153, 172, 24, 5, 240, 25, 156, 73, 16, 242, 51, 189, 88, 87, 32,
       248, 50, 16, 16, 134, 223, 130, 14, 8, 70, 64, 17, 98, 172, 74, 0,
       21, 118, 215, 0, 208, 192, 37, 131, 103, 198, 146, 224, 79, 18,
       56, 193, 105, 151, 44, 20, 190, 74, 120, 41, 84, 96, 72, 24, 11,
       209, 20, 245, 79, 145, 172, 24, 5, 240, 24, 156, 73, 16, 114, 51,
       189, 88, 87, 32, 248, 35, 54, 64, 2, 221, 128, 7, 8, 98, 65, 50,
       115, 168, 75, 128, 85, 98, 231, 5, 80, 193, 32, 137, 100, 70, 152,
       105, 11, 146, 8, 1, 41, 86, 38, 84, 186, 66, 48, 5, 212, 65, 64,
       24, 139, 64, 0, 244, 69, 128, 36, 24, 0, 96, 24, 140, 65, 16, 112,
       35, 188, 88, 23, 32, 248, 255, 254, 255, 239, 255, 253, 223, 217,
       255, 255, 250, 255, 175, 127, 251, 253, 251, 247, 63, 107, 253,
       79, 190, 124, 111, 255, 127, 63, 255, 91, 127, 255, 247, 239, 221,
       223, 246, 255, 253, 119, 255, 92, 234, 254, 223, 138, 252, 177,
       236, 253, 28, 165, 253, 183, 141, 239, 208, 252, 240, 47, 222, 95,
       58, 190, 199, 46, 195, 211, 217, 150, 131, 200, 172, 127, 2, 127,
       131, 207, 155, 77, 234, 213, 57, 102, 207, 141, 138, 121, 78, 222,
       59, 47, 150, 11, 51, 95, 87, 167, 93, 187, 82, 253, 111, 86, 112,
       116, 8, 63, 77, 12, 253, 179, 221, 172, 24, 53, 209, 63, 140, 235,
       80, 124, 49, 61, 76, 85, 48, 250, 226, 10, 195, 147, 223, 134,
       131, 137, 238, 127, 16, 95, 175, 239, 179, 93, 226, 213, 57, 102,
       200, 133, 138, 121, 78, 218, 58, 47, 146, 9, 51, 111, 87, 167, 93,
       187, 82, 253, 109, 118, 64, 64, 72, 14, 205, 28, 217, 145, 221,
       172, 24, 5, 245, 62, 156, 235, 80, 252, 51, 157, 92, 85, 48, 254,
       252, 253, 255, 253, 54, 255, 253, 255, 249, 253, 255, 249, 223,
       247, 255, 254, 185, 237, 254, 107, 247, 125, 118, 223, 253, 127,
       247, 255, 109, 255, 255, 255, 207, 123, 231, 238, 222, 189, 250,
       125, 127, 189, 247, 247, 255, 243, 255, 111, 191, 255, 175, 219,
       250, 253, 31, 93, 127, 223, 223, 251, 251, 255, 237, 222, 197, 10,
       195, 209, 216, 134, 135, 200, 172, 103, 2, 90, 131, 207, 187, 73,
       194, 85, 57, 102, 206, 173, 138, 105, 78, 222, 31, 39, 146, 10,
       51, 95, 87, 167, 85, 187, 80, 252, 111, 22, 96, 116, 8, 15, 77,
       28, 253, 147, 152, 172, 24, 36, 209, 61, 140, 75, 16, 108, 49,
       189, 76, 85, 48, 248, 114, 212, 120, 134, 255, 143, 223, 9, 246,
       69, 61, 122, 191, 126, 52, 85, 244, 247, 60, 180, 208, 55, 147,
       103, 254, 214, 233, 127, 210, 251, 213, 107, 135, 45, 22, 159,
       218, 113, 232, 125, 112, 223, 77, 139, 213, 28, 245, 79, 149, 174,
       24, 15, 248, 61, 156, 203, 80, 247, 50, 189, 122, 95, 56, 248,
       252, 254, 255, 253, 254, 253, 255, 253, 253, 255, 251, 255, 255,
       255, 251, 253, 251, 213, 255, 107, 255, 223, 254, 252, 255, 255,
       63, 191, 223, 95, 127, 255, 103, 231, 255, 223, 214, 255, 253,
       119, 255, 92, 235, 254, 255, 175, 253, 177, 207, 253, 126, 245,
       219, 183, 159, 127, 208, 252, 249, 239, 255, 223, 59, 182, 199,
       11, 199, 81, 216, 210, 71, 194, 40, 167, 42, 14, 154, 253, 179,
       107, 203, 85, 61, 103, 206, 173, 206, 59, 78, 223, 159, 47, 146,
       10, 50, 91, 211, 39, 85, 187, 82, 124, 111, 86, 112, 112, 56, 47,
       221, 28, 245, 179, 153, 172, 24, 5, 241, 29, 156, 75, 16, 244, 49,
       189, 88, 86, 48, 250, 97, 0, 161, 144, 89, 135, 3, 126, 198, 102,
       129, 20, 113, 200, 144, 70, 226, 213, 3, 96, 192, 35, 192, 39, 76,
       128, 164, 13, 18, 12, 17, 105, 215, 36, 85, 186, 66, 120, 129, 86,
       48, 88, 24, 15, 212, 20, 229, 79, 153, 172, 24, 5, 112, 29, 156,
       73, 16, 242, 51, 189, 88, 86, 32, 248, 32, 5, 33, 144, 0, 7, 7,
       79, 198, 100, 131, 0, 81, 44, 176, 70, 194, 84, 3, 96, 192, 34,
