%YAML:1.0
descriptors: !!opencv-matrix
   rows: 31
   cols: 64
   dt: u
   data: [ 62, 113, 121, 158, 54, 15, 93, 106, 198, 70, 61, 178, 125,
       234, 180, 94, 246, 214, 38, 99, 71, 180, 193, 119, 204, 159, 231,
       73, 82, 40, 244, 105, 210, 36, 20, 190, 66, 120, 193, 244, 114,
       218, 61, 47, 208, 20, 245, 78, 153, 172, 24, 5, 240, 29, 156, 73,
       16, 242, 51, 189, 88, 86, 32, 251, 55, 53, 81, 54, 21, 160, 25,
       78, 194, 68, 209, 52, 108, 107, 128, 82, 226, 212, 1, 96, 193, 32,
       193, 55, 76, 136, 160, 9, 82, 8, 113, 105, 210, 36, 84, 186, 66,
       112, 129, 212, 208, 74, 24, 14, 192, 20, 193, 78, 153, 164, 24, 5,
       112, 28, 156, 73, 16, 242, 51, 188, 88, 86, 34, 249, 255, 252,
       111, 255, 255, 253, 255, 185, 253, 255, 253, 251, 255, 126, 252,
       253, 251, 253, 127, 251, 253, 119, 211, 125, 253, 255, 255, 191,
       127, 119, 255, 255, 215, 237, 223, 255, 223, 121, 249, 127, 122,
       223, 255, 63, 215, 183, 255, 127, 191, 191, 154, 15, 248, 189,
       158, 93, 112, 246, 251, 191, 251, 223, 44, 254, 253, 255, 239,
       253, 254, 255, 255, 254, 253, 255, 248, 187, 223, 249, 255, 207,
       251, 253, 251, 111, 254, 255, 254, 191, 79, 255, 191, 182, 217,
       87, 127, 255, 219, 47, 215, 255, 214, 253, 253, 127, 126, 126,
       251, 63, 223, 189, 255, 243, 191, 173, 30, 213, 241, 253, 157, 93,
       208, 254, 115, 191, 223, 215, 187, 247, 195, 1, 130, 83, 201, 130,
       66, 8, 34, 33, 1, 10, 130, 203, 134, 9, 66, 101, 60, 6, 142, 175,
       42, 43, 70, 210, 26, 47, 146, 9, 1, 7, 147, 167, 20, 91, 2, 133,
       119, 150, 1, 226, 8, 201, 9, 88, 73, 147, 69, 4, 80, 48, 5, 242,
       132, 162, 81, 44, 32, 31, 12, 100, 145, 233, 123, 157, 254, 255,
       255, 183, 255, 127, 253, 125, 212, 123, 191, 253, 183, 93, 250,
       245, 123, 102, 254, 127, 211, 119, 94, 250, 250, 63, 250, 81, 125,
       239, 199, 39, 23, 187, 211, 121, 253, 124, 124, 95, 90, 143, 213,
       29, 245, 79, 157, 172, 24, 13, 240, 61, 156, 73, 24, 246, 115,
       159, 90, 87, 40, 250, 67, 4, 0, 2, 201, 130, 6, 0, 34, 33, 0, 74,
       128, 75, 4, 5, 64, 33, 28, 148, 202, 7, 27, 104, 66, 208, 9, 39,
       146, 8, 1, 70, 131, 167, 16, 27, 0, 128, 39, 130, 4, 98, 8, 137,
       1, 88, 172, 145, 16, 68, 16, 0, 5, 96, 12, 163, 88, 44, 128, 48,
       128, 85, 48, 104, 255, 246, 125, 142, 255, 159, 31, 121, 255, 85,
       189, 250, 253, 127, 252, 125, 247, 247, 94, 116, 253, 115, 147,
       116, 252, 255, 237, 127, 255, 250, 223, 169, 214, 109, 87, 191,
       202, 121, 249, 253, 118, 223, 125, 47, 213, 126, 244, 79, 157,
       175, 152, 13, 250, 61, 159, 95, 56, 246, 51, 189, 122, 223, 42,
       248, 123, 214, 108, 171, 255, 191, 159, 25, 189, 127, 252, 235,
       189, 61, 124, 117, 247, 247, 93, 121, 248, 115, 154, 124, 117,
       252, 233, 63, 127, 115, 125, 239, 213, 237, 223, 49, 243, 249,
       173, 127, 126, 223, 106, 173, 213, 159, 252, 49, 157, 223, 24, 13,
       253, 253, 223, 255, 120, 254, 183, 188, 218, 223, 62, 254, 0, 0,
       17, 4, 8, 131, 10, 101, 2, 162, 3, 4, 80, 0, 25, 2, 4, 8, 66, 64,
       128, 33, 68, 139, 8, 0, 172, 76, 0, 132, 49, 78, 101, 20, 1, 40,
       16, 170, 0, 66, 128, 64, 5, 10, 98, 36, 129, 75, 27, 104, 24, 3,
       50, 24, 20, 65, 0, 99, 27, 176, 72, 6, 96, 230, 80, 2, 17, 4, 8,
       130, 10, 101, 2, 162, 3, 4, 80, 0, 25, 2, 102, 64, 2, 64, 128, 33,
       68, 139, 140, 0, 172, 76, 0, 132, 177, 74, 101, 20, 65, 42, 16,
       170, 128, 66, 160, 64, 1, 10, 98, 36, 129, 79, 153, 168, 24, 3,
       48, 25, 28, 65, 0, 99, 19, 176, 72, 6, 96, 226, 126, 177, 253,
       223, 254, 151, 223, 120, 246, 247, 149, 250, 253, 122, 182, 86,
       242, 213, 50, 103, 205, 53, 195, 119, 204, 218, 180, 63, 82, 25,
       117, 107, 215, 36, 85, 190, 82, 120, 233, 116, 112, 92, 56, 47,
       213, 20, 245, 111, 153, 172, 24, 5, 240, 29, 156, 73, 16, 242, 51,
       189, 88, 87, 32, 250, 118, 49, 89, 150, 83, 134, 31, 8, 198, 70,
       21, 50, 189, 110, 180, 84, 242, 215, 0, 100, 193, 39, 195, 103,
       204, 210, 228, 13, 18, 136, 209, 105, 215, 36, 85, 190, 66, 120,
       225, 124, 112, 88, 56, 43, 213, 20, 245, 79, 153, 172, 24, 5, 240,
       25, 156, 73, 16, 242, 51, 189, 88, 87, 32, 250, 71, 50, 81, 130,
       221, 130, 3, 72, 230, 65, 3, 114, 173, 107, 128, 81, 226, 213, 5,
       100, 193, 5, 128, 97, 78, 152, 168, 13, 146, 8, 33, 41, 86, 36,
       84, 154, 66, 120, 1, 212, 64, 64, 24, 15, 193, 24, 240, 79, 153,
       164, 24, 4, 96, 24, 156, 73, 16, 114, 51, 188, 88, 87, 32, 248,
       60, 170, 109, 170, 91, 127, 161, 123, 212, 92, 222, 117, 125, 126,
       249, 228, 242, 212, 67, 98, 245, 50, 137, 247, 78, 168, 36, 141,
       86, 206, 57, 235, 223, 36, 87, 186, 82, 114, 233, 116, 248, 93,
       16, 14, 84, 55, 245, 79, 153, 172, 24, 5, 240, 29, 157, 73, 16,
       242, 51, 189, 88, 87, 32, 248, 63, 182, 125, 174, 55, 189, 189,
       120, 247, 222, 213, 240, 253, 59, 188, 86, 242, 214, 99, 115, 245,
       102, 193, 119, 205, 190, 229, 187, 122, 30, 245, 235, 223, 44, 85,
       190, 83, 120, 233, 116, 120, 92, 56, 47, 212, 53, 247, 111, 153,
       172, 24, 5, 240, 29, 156, 73, 16, 242, 51, 189, 88, 87, 32, 250,
       255, 254, 239, 237, 255, 191, 191, 216, 253, 255, 249, 251, 239,
       121, 182, 93, 243, 253, 63, 123, 253, 103, 218, 125, 79, 255, 189,
       191, 254, 21, 119, 239, 215, 237, 214, 191, 82, 249, 253, 247,
       126, 94, 122, 63, 213, 25, 255, 51, 157, 172, 24, 5, 240, 189,
       157, 73, 80, 246, 179, 189, 216, 87, 48, 254, 47, 182, 109, 171,
       63, 189, 177, 120, 252, 254, 214, 117, 237, 63, 185, 69, 234, 252,
       67, 98, 245, 98, 211, 117, 77, 184, 164, 175, 90, 92, 113, 235,
       215, 44, 87, 186, 83, 122, 233, 116, 248, 92, 58, 47, 212, 53,
       247, 111, 153, 172, 24, 5, 240, 29, 156, 73, 16, 242, 51, 189, 88,
       87, 32, 250, 31, 51, 221, 166, 55, 241, 189, 126, 116, 158, 214,
       245, 125, 62, 185, 83, 251, 220, 65, 115, 229, 112, 193, 115, 205,
       168, 224, 153, 90, 76, 117, 235, 215, 36, 85, 186, 91, 120, 233,
       116, 112, 92, 56, 47, 212, 21, 247, 111, 153, 172, 24, 5, 240, 29,
       156, 73, 16, 242, 51, 189, 88, 87, 32, 250, 133, 207, 158, 89, 32,
       127, 228, 247, 57, 216, 110, 203, 66, 117, 207, 170, 141, 8, 233,
       43, 117, 109, 126, 211, 121, 127, 23, 226, 109, 70, 162, 210, 255,
       82, 97, 32, 21, 136, 252, 32, 127, 60, 186, 183, 119, 243, 119,
       234, 185, 201, 44, 123, 209, 77, 25, 12, 23, 201, 71, 165, 82,
       115, 201, 234, 54, 49, 113, 150, 22, 132, 25, 73, 198, 70, 145,
       48, 101, 74, 144, 87, 242, 212, 3, 98, 195, 34, 193, 70, 204, 138,
       228, 9, 82, 12, 241, 105, 198, 36, 84, 190, 82, 120, 193, 84, 112,
       88, 16, 11, 208, 20, 129, 79, 153, 172, 24, 5, 112, 29, 156, 65,
       16, 242, 51, 189, 88, 87, 32, 251, 58, 216, 40, 139, 47, 93, 221,
       157, 255, 230, 61, 140, 61, 12, 125, 255, 253, 246, 112, 177, 148,
       82, 245, 44, 249, 213, 253, 122, 83, 251, 223, 123, 197, 172, 211,
       126, 218, 105, 232, 115, 114, 223, 100, 45, 149, 22, 244, 109,
       147, 172, 154, 13, 188, 29, 156, 81, 16, 242, 58, 61, 89, 221, 42,
       250, 5, 239, 247, 201, 208, 95, 167, 253, 185, 212, 14, 255, 81,
       118, 255, 233, 235, 213, 233, 46, 85, 41, 206, 242, 77, 253, 17,
       33, 189, 74, 26, 25, 214, 39, 85, 186, 80, 114, 239, 52, 241, 53,
       56, 55, 85, 150, 117, 230, 153, 44, 93, 4, 146, 31, 141, 73, 16,
       232, 34, 173, 88, 79, 37, 250, 195, 204, 200, 170, 87, 26, 7, 10,
       37, 103, 41, 202, 187, 175, 230, 111, 131, 85, 53, 101, 10, 199,
       160, 112, 79, 223, 153, 43, 211, 10, 50, 73, 208, 36, 84, 219, 67,
       124, 37, 182, 98, 234, 56, 57, 215, 28, 116, 169, 89, 164, 16, 4,
       73, 31, 166, 8, 24, 240, 49, 188, 92, 86, 50, 187, 62, 243, 125,
       254, 54, 189, 253, 121, 255, 223, 253, 250, 255, 123, 180, 95,
       243, 247, 103, 123, 247, 118, 211, 119, 221, 255, 247, 255, 123,
