%YAML:1.0
descriptors: !!opencv-matrix
   rows: 11
   cols: 64
   dt: u
   data: [ 61, 183, 253, 182, 62, 189, 185, 127, 246, 252, 215, 245, 125,
       127, 184, 84, 250, 222, 67, 99, 245, 98, 193, 247, 205, 170, 228,
       219, 122, 92, 245, 235, 215, 44, 85, 190, 83, 120, 233, 116, 120,
       92, 56, 47, 212, 53, 247, 111, 153, 172, 24, 5, 240, 29, 156, 73,
       16, 242, 51, 189, 88, 87, 32, 250, 31, 49, 205, 182, 63, 225, 221,
       62, 242, 188, 215, 181, 125, 126, 33, 83, 253, 214, 35, 243, 229,
       36, 193, 119, 205, 170, 224, 219, 122, 76, 245, 107, 215, 44, 85,
       190, 90, 120, 233, 116, 112, 93, 56, 47, 212, 21, 245, 111, 153,
       172, 24, 5, 240, 29, 156, 73, 16, 242, 51, 189, 88, 87, 32, 250,
       68, 34, 65, 161, 216, 128, 163, 77, 196, 106, 130, 52, 193, 6,
       155, 64, 234, 213, 1, 96, 201, 1, 202, 120, 12, 136, 40, 13, 210,
       8, 49, 79, 85, 36, 85, 187, 80, 114, 5, 86, 144, 64, 24, 14, 65,
       4, 192, 21, 153, 44, 24, 5, 240, 28, 156, 73, 16, 242, 51, 188,
       72, 71, 32, 240, 191, 253, 125, 125, 255, 185, 255, 88, 251, 185,
       255, 251, 254, 118, 236, 89, 253, 191, 62, 251, 231, 125, 83, 255,
       229, 223, 243, 255, 126, 127, 247, 231, 159, 249, 223, 30, 255,
       249, 250, 119, 121, 221, 239, 109, 245, 85, 255, 63, 189, 254,
       137, 79, 252, 181, 216, 109, 63, 215, 247, 175, 187, 255, 245,
       222, 63, 244, 125, 174, 55, 125, 125, 123, 247, 92, 253, 241, 125,
       58, 244, 245, 243, 244, 71, 121, 245, 114, 177, 54, 253, 175, 229,
       155, 127, 91, 125, 233, 240, 108, 22, 254, 222, 114, 129, 253,
       218, 223, 95, 15, 208, 55, 244, 78, 153, 173, 30, 13, 248, 29,
       159, 77, 56, 242, 59, 188, 91, 30, 46, 249, 63, 245, 109, 190, 55,
       47, 125, 127, 245, 92, 253, 177, 125, 94, 244, 245, 243, 244, 71,
       112, 113, 122, 177, 54, 124, 175, 229, 153, 123, 88, 124, 233,
       192, 108, 150, 190, 206, 112, 145, 245, 91, 223, 159, 15, 208, 55,
       228, 78, 137, 181, 223, 13, 106, 28, 159, 65, 184, 178, 123, 154,
       91, 142, 46, 249, 118, 57, 243, 86, 82, 130, 88, 107, 194, 160,
       209, 50, 247, 194, 144, 90, 114, 131, 50, 87, 143, 173, 195, 135,
       158, 218, 230, 143, 66, 172, 224, 110, 67, 47, 36, 191, 10, 60,
       99, 94, 16, 72, 181, 106, 203, 60, 129, 175, 217, 164, 16, 211,
       112, 24, 20, 67, 64, 114, 81, 251, 56, 52, 161, 250, 229, 5, 210,
       50, 81, 2, 165, 78, 134, 7, 129, 114, 162, 202, 130, 85, 234, 213,
       33, 103, 67, 39, 195, 119, 78, 218, 176, 13, 82, 8, 48, 41, 214,
       36, 84, 186, 82, 120, 65, 84, 80, 72, 56, 15, 209, 20, 209, 78,
       153, 172, 24, 5, 240, 28, 156, 73, 16, 242, 51, 189, 88, 87, 32,
       250, 191, 253, 255, 222, 55, 95, 93, 11, 239, 198, 189, 250, 191,
       254, 254, 223, 255, 247, 118, 127, 54, 255, 208, 103, 245, 247,
       247, 121, 115, 250, 222, 169, 198, 126, 231, 222, 202, 124, 250,
       125, 48, 223, 245, 237, 183, 124, 245, 110, 215, 174, 144, 79,
       234, 29, 255, 87, 57, 247, 120, 127, 123, 253, 169, 250, 172, 170,
       239, 169, 218, 253, 163, 253, 221, 253, 238, 255, 209, 60, 251,
       236, 219, 252, 251, 106, 245, 17, 254, 252, 125, 109, 29, 163,
       237, 215, 63, 255, 237, 193, 79, 248, 247, 243, 237, 60, 249, 21,
       118, 54, 85, 167, 126, 241, 191, 125, 239, 45, 211, 159, 140, 80,
       118, 200, 175, 172, 219, 143, 40, 254, 247, 253, 255, 223, 247,
       223, 223, 239, 255, 199, 189, 250, 255, 254, 246, 254, 255, 215,
       62, 191, 15, 255, 231, 103, 255, 215, 255, 125, 183, 254, 222, 57,
       182, 127, 189, 223, 202, 125, 223, 253, 115, 251, 189, 125, 191,
       30, 253, 190, 215, 191, 247, 255, 187, 243, 246, 255, 249, 127,
       120, 127, 125, 253, 255, 251 ]
