%YAML:1.0
descriptors: !!opencv-matrix
   rows: 8
   cols: 64
   dt: u
   data: [ 63, 183, 253, 54, 62, 243, 191, 121, 242, 186, 249, 243, 253,
       115, 163, 115, 251, 223, 35, 115, 229, 39, 195, 246, 205, 223,
       245, 239, 82, 14, 243, 234, 215, 44, 85, 190, 91, 120, 233, 116,
       120, 92, 56, 47, 213, 53, 247, 111, 153, 172, 24, 5, 240, 29, 156,
       73, 16, 242, 51, 189, 88, 87, 32, 250, 55, 54, 117, 6, 221, 128,
       7, 72, 226, 4, 129, 112, 236, 107, 128, 81, 226, 229, 3, 96, 193,
       34, 129, 118, 76, 152, 224, 15, 82, 12, 97, 105, 215, 36, 84, 186,
       82, 56, 169, 116, 112, 92, 24, 143, 213, 16, 245, 79, 153, 172,
       24, 5, 240, 29, 156, 73, 16, 242, 51, 189, 88, 87, 32, 248, 34,
       134, 233, 138, 15, 221, 129, 15, 245, 246, 28, 132, 57, 62, 61,
       230, 139, 116, 65, 184, 144, 83, 223, 109, 121, 129, 12, 7, 63,
       217, 25, 75, 133, 236, 211, 18, 122, 90, 45, 58, 50, 85, 100, 45,
       20, 148, 116, 225, 19, 40, 153, 12, 151, 1, 236, 28, 48, 98, 170,
       188, 203, 223, 110, 255, 127, 246, 124, 237, 255, 191, 191, 24,
       189, 127, 255, 249, 205, 127, 124, 85, 180, 255, 91, 243, 245,
       115, 90, 120, 229, 254, 233, 255, 126, 119, 253, 231, 215, 248,
       215, 47, 251, 249, 232, 127, 124, 92, 107, 173, 245, 81, 247, 107,
       153, 254, 24, 15, 244, 61, 159, 89, 48, 247, 179, 189, 250, 215,
       44, 254, 235, 250, 104, 171, 223, 249, 175, 156, 253, 59, 250,
       191, 237, 14, 111, 253, 219, 253, 63, 208, 233, 211, 191, 60, 103,
       221, 121, 167, 223, 87, 107, 255, 121, 237, 223, 127, 127, 247,
       45, 118, 250, 198, 74, 61, 87, 215, 126, 177, 190, 93, 30, 4, 205,
       181, 207, 121, 214, 244, 175, 188, 222, 219, 58, 53, 121, 190,
       255, 143, 254, 247, 187, 189, 253, 255, 214, 223, 253, 61, 123,
       237, 255, 247, 219, 57, 240, 87, 223, 253, 249, 104, 252, 182,
       124, 209, 255, 255, 253, 233, 223, 53, 255, 251, 172, 123, 252,
       93, 107, 190, 213, 167, 210, 121, 191, 252, 141, 15, 246, 189,
       157, 93, 118, 246, 191, 188, 251, 223, 110, 254, 191, 253, 239,
       255, 63, 127, 253, 255, 253, 223, 253, 251, 255, 251, 246, 221,
       251, 253, 127, 123, 245, 127, 247, 127, 255, 255, 247, 187, 127,
       245, 126, 239, 223, 108, 190, 254, 255, 125, 249, 253, 127, 223,
       255, 127, 223, 55, 247, 111, 191, 191, 159, 141, 250, 189, 159,
       93, 56, 246, 127, 255, 251, 223, 174, 255, 63, 49, 229, 182, 23,
       36, 41, 94, 228, 68, 209, 53, 109, 171, 177, 87, 226, 212, 3, 96,
       193, 32, 193, 55, 76, 136, 160, 9, 82, 12, 48, 105, 86, 36, 20,
       186, 82, 120, 1, 84, 80, 64, 24, 14, 192, 20, 193, 78, 153, 172,
       24, 5, 240, 28, 156, 73, 16, 242, 51, 189, 88, 86, 32, 250 ]
