%YAML:1.0
descriptors: !!opencv-matrix
   rows: 8
   cols: 64
   dt: u
   data: [ 61, 190, 255, 253, 62, 253, 249, 125, 253, 252, 214, 253, 253,
       127, 251, 252, 251, 252, 227, 107, 245, 115, 215, 247, 253, 255,
       244, 191, 127, 223, 255, 239, 223, 108, 87, 190, 215, 122, 249,
       124, 120, 93, 123, 175, 213, 53, 247, 111, 185, 172, 153, 13, 240,
       29, 156, 73, 52, 242, 115, 189, 218, 223, 40, 254, 231, 38, 229,
       144, 223, 143, 7, 88, 165, 101, 132, 123, 191, 251, 182, 69, 234,
       245, 107, 100, 248, 175, 218, 117, 94, 250, 156, 47, 250, 24, 121,
       77, 215, 39, 86, 186, 82, 120, 37, 124, 116, 86, 56, 143, 209, 24,
       253, 199, 153, 164, 24, 12, 240, 28, 156, 73, 56, 246, 51, 189,
       88, 87, 32, 250, 58, 221, 124, 255, 255, 189, 223, 57, 255, 253,
       127, 251, 189, 126, 124, 252, 245, 215, 94, 187, 254, 123, 211,
       126, 249, 254, 231, 254, 127, 243, 253, 255, 239, 255, 94, 117,
       255, 251, 250, 255, 251, 223, 239, 111, 245, 55, 255, 63, 191,
       223, 155, 79, 254, 165, 157, 253, 119, 247, 254, 191, 243, 255,
       171, 255, 7, 54, 65, 2, 157, 128, 7, 72, 226, 4, 128, 113, 172,
       15, 128, 81, 226, 197, 1, 96, 193, 0, 129, 116, 76, 152, 168, 13,
       18, 8, 33, 105, 213, 36, 84, 186, 82, 56, 1, 84, 112, 80, 24, 15,
       196, 16, 244, 77, 153, 172, 24, 4, 240, 28, 156, 73, 16, 242, 51,
       188, 88, 87, 32, 248, 45, 86, 109, 168, 63, 253, 61, 125, 181, 94,
       251, 52, 93, 45, 121, 229, 209, 252, 67, 112, 240, 114, 148, 180,
       93, 45, 164, 152, 121, 86, 125, 249, 120, 108, 215, 170, 219, 114,
       129, 125, 190, 95, 30, 14, 84, 231, 194, 76, 154, 173, 30, 5, 226,
       29, 215, 93, 152, 226, 59, 188, 90, 222, 42, 177, 60, 55, 125,
       190, 50, 61, 61, 127, 225, 96, 221, 176, 125, 54, 172, 86, 243,
       136, 67, 89, 177, 112, 81, 151, 213, 40, 224, 153, 98, 220, 253,
       232, 205, 44, 102, 190, 203, 120, 129, 125, 60, 219, 53, 167, 244,
       245, 167, 78, 187, 166, 169, 15, 98, 29, 91, 93, 44, 243, 31, 248,
       59, 214, 110, 90, 191, 255, 109, 238, 55, 61, 253, 123, 245, 92,
       254, 247, 125, 127, 252, 244, 243, 244, 71, 123, 245, 122, 145,
       118, 253, 190, 229, 155, 126, 223, 127, 249, 214, 108, 127, 254,
       222, 122, 249, 253, 223, 223, 251, 191, 212, 179, 245, 111, 169,
       181, 153, 13, 248, 29, 159, 93, 56, 242, 123, 191, 251, 223, 46,
       250, 68, 33, 193, 176, 16, 2, 41, 79, 128, 194, 131, 52, 65, 130,
       147, 66, 234, 84, 1, 100, 11, 129, 196, 19, 12, 136, 160, 9, 82,
       8, 48, 9, 112, 36, 85, 186, 66, 114, 1, 84, 144, 64, 24, 14, 66,
       12, 65, 78, 153, 44, 24, 5, 112, 28, 148, 73, 144, 114, 33, 188,
       72, 6, 32, 240 ]
