%YAML:1.0
descriptors: !!opencv-matrix
   rows: 44
   cols: 64
   dt: u
   data: [ 60, 51, 245, 182, 59, 55, 61, 127, 228, 116, 211, 52, 125,
       127, 176, 84, 250, 212, 67, 96, 241, 34, 193, 119, 76, 184, 164,
       137, 82, 140, 113, 233, 215, 36, 87, 186, 82, 120, 233, 116, 120,
       92, 24, 15, 212, 21, 245, 79, 153, 172, 24, 5, 240, 29, 156, 73,
       16, 242, 51, 189, 88, 87, 32, 250, 60, 55, 117, 174, 63, 165, 57,
       127, 244, 84, 213, 49, 125, 122, 181, 85, 250, 212, 67, 96, 241,
       34, 193, 119, 76, 184, 164, 13, 82, 12, 113, 233, 215, 36, 85,
       186, 82, 120, 233, 116, 112, 92, 56, 15, 212, 20, 245, 79, 153,
       172, 24, 5, 240, 29, 156, 73, 16, 242, 51, 189, 88, 87, 32, 250,
       62, 52, 253, 182, 55, 181, 61, 127, 246, 254, 212, 51, 253, 42,
       179, 87, 242, 212, 67, 96, 241, 39, 195, 119, 76, 168, 228, 9, 82,
       28, 113, 235, 215, 36, 85, 190, 82, 120, 233, 116, 112, 92, 56,
       47, 212, 20, 245, 111, 153, 172, 24, 5, 240, 29, 156, 73, 16, 242,
       51, 189, 88, 87, 32, 250, 62, 49, 253, 178, 31, 165, 53, 127, 214,
       126, 212, 53, 125, 78, 179, 87, 242, 212, 67, 96, 241, 35, 195,
       119, 76, 168, 164, 13, 82, 28, 113, 233, 215, 36, 85, 190, 82,
       120, 201, 116, 112, 92, 24, 46, 212, 20, 229, 111, 153, 172, 24,
       5, 240, 29, 156, 73, 16, 242, 51, 189, 88, 87, 32, 250, 60, 49,
       253, 182, 62, 39, 61, 126, 244, 68, 213, 53, 125, 127, 176, 84,
       250, 212, 67, 96, 225, 34, 193, 119, 76, 152, 164, 9, 82, 140,
       113, 233, 215, 36, 85, 186, 82, 120, 233, 116, 112, 92, 56, 47,
       212, 20, 245, 111, 153, 172, 24, 5, 240, 29, 156, 73, 16, 242, 51,
       189, 88, 87, 32, 250, 61, 54, 245, 182, 63, 181, 37, 126, 230,
       124, 210, 49, 125, 122, 177, 85, 250, 244, 67, 96, 241, 34, 195,
       119, 204, 184, 228, 141, 82, 12, 113, 233, 215, 36, 85, 190, 82,
       120, 161, 124, 120, 92, 24, 15, 212, 21, 229, 79, 153, 172, 24, 5,
       240, 29, 156, 73, 16, 242, 51, 189, 88, 87, 32, 250, 62, 50, 245,
       178, 63, 181, 173, 127, 246, 254, 210, 55, 253, 47, 179, 87, 242,
       213, 67, 98, 225, 39, 195, 119, 204, 136, 228, 13, 82, 28, 113,
       235, 215, 36, 85, 190, 82, 120, 233, 116, 112, 92, 56, 47, 212,
       20, 245, 111, 153, 172, 24, 5, 240, 29, 156, 73, 16, 242, 51, 189,
       88, 87, 32, 250, 61, 51, 245, 166, 59, 181, 45, 124, 246, 92, 210,
       49, 253, 123, 179, 84, 250, 212, 67, 96, 225, 34, 195, 119, 204,
       184, 244, 9, 82, 12, 241, 233, 215, 36, 85, 190, 82, 120, 233,
       124, 112, 92, 56, 47, 213, 20, 245, 111, 153, 172, 24, 5, 240, 29,
       156, 73, 16, 242, 51, 189, 88, 87, 32, 250, 29, 49, 93, 22, 62,
       161, 61, 120, 242, 10, 209, 112, 125, 103, 160, 64, 246, 222, 67,
       114, 241, 34, 193, 246, 200, 58, 228, 202, 64, 12, 241, 232, 223,
       44, 69, 190, 91, 120, 233, 116, 120, 92, 56, 47, 212, 117, 247,
       111, 153, 172, 24, 5, 240, 29, 156, 73, 16, 242, 51, 189, 88, 87,
       32, 250, 61, 183, 125, 6, 63, 185, 189, 120, 240, 28, 255, 113,
       125, 127, 132, 64, 226, 220, 67, 99, 245, 34, 193, 246, 201, 62,
       229, 154, 80, 12, 113, 233, 223, 36, 85, 190, 83, 120, 233, 116,
       120, 92, 56, 47, 212, 53, 247, 111, 153, 172, 24, 5, 240, 29, 156,
       73, 16, 242, 51, 189, 88, 87, 32, 250, 60, 176, 255, 166, 55, 119,
       189, 126, 244, 252, 253, 245, 127, 63, 179, 126, 251, 220, 99, 99,
       241, 7, 229, 119, 77, 233, 244, 155, 91, 76, 119, 235, 221, 36,
       85, 190, 83, 120, 233, 116, 120, 92, 56, 47, 213, 53, 247, 111,
       153, 172, 24, 5, 240, 29, 156, 73, 16, 242, 51, 189, 88, 87, 32,
       250, 60, 180, 255, 174, 23, 103, 189, 127, 212, 254, 216, 181,
       125, 14, 179, 95, 251, 220, 99, 97, 241, 7, 197, 247, 205, 233,
       244, 139, 83, 28, 115, 235, 221, 36, 85, 190, 83, 120, 169, 116,
       120, 92, 56, 47, 212, 53, 247, 109, 153, 172, 24, 5, 240, 29, 156,
       73, 16, 242, 51, 189, 88, 87, 32, 250, 45, 54, 101, 160, 223, 53,
       35, 124, 244, 126, 194, 53, 109, 59, 249, 229, 226, 244, 67, 96,
       121, 130, 156, 52, 76, 168, 44, 137, 218, 12, 57, 249, 112, 36,
       87, 186, 82, 114, 5, 116, 220, 84, 24, 14, 80, 135, 64, 196, 153,
       45, 28, 4, 240, 29, 141, 73, 16, 240, 35, 188, 88, 86, 32, 240,
       191, 245, 125, 150, 55, 29, 95, 121, 246, 71, 189, 242, 253, 123,
       180, 85, 246, 246, 70, 101, 87, 242, 177, 118, 220, 190, 229, 89,
       242, 24, 244, 41, 210, 44, 20, 190, 194, 120, 193, 245, 82, 219,
       24, 15, 208, 20, 245, 78, 153, 172, 16, 5, 120, 29, 156, 73, 16,
       242, 51, 189, 88, 86, 42, 249, 67, 18, 133, 22, 205, 130, 10, 28,
       34, 34, 1, 6, 136, 193, 3, 3, 102, 213, 0, 36, 200, 37, 194, 97,
       10, 192, 168, 12, 18, 8, 17, 106, 87, 37, 85, 187, 82, 104, 5, 68,
       112, 64, 24, 14, 193, 28, 193, 79, 153, 172, 24, 5, 176, 24, 156,
       75, 16, 114, 51, 189, 88, 86, 32, 248, 65, 2, 133, 16, 221, 162,
       34, 126, 128, 32, 128, 5, 224, 197, 2, 3, 226, 77, 3, 68, 200, 7,
       202, 115, 70, 200, 136, 14, 80, 4, 33, 78, 223, 37, 21, 187, 82,
       56, 37, 86, 80, 64, 24, 15, 193, 25, 229, 79, 24, 44, 24, 4, 241,
       60, 156, 73, 16, 178, 51, 157, 72, 86, 32, 248, 247, 117, 125,
       158, 55, 15, 95, 75, 230, 70, 189, 50, 125, 107, 180, 87, 246,
       214, 6, 100, 83, 162, 177, 54, 220, 138, 229, 89, 211, 28, 244,
       41, 210, 36, 20, 190, 66, 112, 129, 212, 18, 218, 24, 15, 208, 20,
       229, 78, 153, 172, 16, 5, 112, 29, 148, 73, 16, 242, 49, 188, 88,
       86, 34, 249, 55, 54, 113, 162, 159, 160, 15, 88, 230, 70, 131,
       114, 173, 75, 160, 85, 242, 246, 1, 112, 193, 34, 145, 116, 68,
       152, 224, 9, 210, 24, 97, 105, 84, 36, 84, 158, 66, 112, 1, 84, 4,
       64, 24, 143, 192, 0, 244, 77, 152, 164, 24, 4, 96, 28, 156, 73,
       16, 242, 51, 188, 88, 87, 32, 248, 65, 6, 0, 2, 65, 130, 3, 52, 2,
       4, 22, 1, 0, 25, 1, 0, 102, 119, 0, 36, 192, 35, 128, 99, 8, 160,
       8, 12, 16, 8, 1, 73, 84, 36, 80, 184, 64, 0, 5, 76, 144, 80, 24,
       6, 64, 0, 192, 78, 17, 36, 25, 4, 48, 24, 156, 67, 32, 114, 50,
       156, 72, 6, 32, 248, 55, 54, 81, 166, 31, 128, 15, 9, 230, 66, 17,
       114, 173, 75, 160, 85, 242, 215, 1, 112, 193, 34, 129, 102, 196,
       152, 224, 9, 18, 24, 241, 105, 87, 44, 84, 190, 74, 120, 129, 84,
       64, 72, 24, 11, 208, 20, 245, 79, 153, 172, 24, 5, 112, 29, 156,
       73, 16, 242, 51, 189, 88, 87, 32, 250, 66, 1, 8, 146, 69, 2, 6, 2,
       2, 2, 17, 0, 0, 66, 4, 16, 70, 87, 4, 4, 2, 32, 128, 2, 12, 128,
       168, 13, 18, 8, 16, 72, 18, 36, 148, 154, 66, 96, 7, 192, 0, 66,
       8, 9, 16, 28, 192, 78, 19, 44, 16, 4, 32, 24, 132, 75, 16, 50, 48,
       24, 88, 84, 48, 177, 186, 253, 125, 222, 191, 173, 223, 121, 255,
       125, 253, 251, 255, 122, 246, 92, 255, 215, 118, 115, 245, 126,
       243, 118, 253, 255, 245, 59, 127, 251, 247, 239, 215, 108, 84,
       254, 214, 121, 249, 253, 115, 223, 255, 47, 213, 20, 245, 111,
       153, 172, 153, 13, 248, 29, 157, 73, 56, 242, 115, 189, 123, 95,
       34, 251, 36, 33, 241, 176, 16, 6, 32, 111, 196, 162, 192, 52, 113,
       166, 145, 66, 234, 212, 3, 96, 193, 2, 196, 55, 76, 136, 164, 9,
       82, 12, 48, 104, 85, 36, 21, 186, 82, 120, 1, 84, 112, 64, 24, 14,
       68, 20, 193, 78, 153, 44, 24, 5, 240, 28, 156, 73, 16, 242, 51,
       188, 88, 86, 32, 250, 2, 1, 1, 130, 194, 2, 2, 5, 66, 2, 17, 20,
       48, 70, 0, 16, 98, 68, 1, 68, 2, 160, 129, 2, 12, 128, 168, 9,
       130, 8, 17, 8, 96, 36, 20, 154, 10, 96, 1, 198, 0, 64, 20, 8, 64,
       28, 128, 12, 17, 36, 16, 4, 34, 24, 4, 9, 0, 34, 1, 184, 8, 6, 32,
       224, 55, 49, 125, 22, 63, 157, 27, 124, 246, 36, 215, 116, 253,
       123, 148, 84, 250, 214, 3, 115, 197, 34, 195, 119, 205, 154, 228,
       47, 82, 28, 241, 104, 215, 44, 85, 190, 90, 120, 233, 116, 112,
       92, 56, 47, 213, 52, 245, 111, 153, 172, 24, 5, 240, 29, 156, 73,
       16, 242, 51, 189, 88, 87, 32, 250, 1, 7, 0, 0, 4, 34, 5, 18, 160,
