%YAML:1.0
descriptors: !!opencv-matrix
   rows: 8
   cols: 64
   dt: u
   data: [ 63, 178, 253, 174, 63, 253, 189, 124, 247, 254, 222, 241, 237,
       127, 189, 85, 255, 254, 99, 242, 245, 98, 195, 119, 205, 189, 229,
       251, 126, 95, 241, 235, 223, 44, 85, 190, 91, 120, 233, 116, 120,
       92, 58, 47, 212, 53, 247, 111, 153, 172, 24, 5, 240, 29, 156, 73,
       16, 242, 51, 189, 88, 87, 32, 250, 62, 241, 125, 254, 62, 189,
       253, 121, 247, 254, 221, 251, 253, 127, 180, 87, 242, 255, 99,
       115, 245, 118, 211, 247, 253, 190, 229, 255, 122, 223, 245, 235,
       223, 108, 87, 190, 219, 120, 249, 125, 120, 93, 61, 47, 212, 53,
       247, 111, 153, 172, 24, 5, 240, 29, 156, 77, 24, 242, 51, 189, 90,
       87, 32, 250, 124, 63, 255, 221, 126, 255, 251, 245, 253, 252, 95,
       157, 221, 253, 251, 238, 251, 221, 123, 111, 254, 255, 214, 183,
       93, 235, 166, 190, 120, 221, 127, 255, 247, 39, 87, 187, 214, 122,
       253, 124, 252, 93, 249, 190, 213, 174, 193, 111, 159, 172, 157,
       13, 242, 61, 157, 93, 80, 246, 123, 191, 91, 86, 41, 254, 50, 136,
       136, 186, 11, 10, 92, 7, 87, 98, 21, 128, 58, 238, 60, 30, 111,
       18, 32, 147, 134, 53, 201, 111, 89, 215, 162, 14, 18, 177, 157,
       111, 151, 166, 81, 48, 99, 76, 234, 98, 96, 222, 100, 105, 151,
       20, 245, 111, 209, 232, 24, 5, 164, 1, 188, 203, 17, 114, 58, 185,
       16, 85, 16, 238, 59, 221, 220, 254, 47, 221, 220, 7, 127, 253, 61,
       201, 190, 127, 124, 252, 255, 178, 32, 187, 247, 126, 211, 127,
       241, 87, 243, 122, 127, 243, 215, 231, 151, 238, 75, 52, 255, 89,
       250, 123, 115, 223, 235, 109, 180, 84, 247, 111, 187, 250, 155,
       79, 252, 5, 250, 93, 55, 243, 254, 191, 243, 251, 173, 222, 253,
       254, 239, 253, 255, 253, 255, 248, 253, 255, 254, 255, 255, 125,
       251, 237, 187, 253, 255, 123, 253, 127, 254, 252, 111, 255, 63,
       183, 255, 87, 127, 255, 255, 235, 223, 255, 247, 255, 253, 63,
       255, 125, 251, 63, 223, 167, 255, 115, 188, 253, 30, 237, 219,
       191, 159, 93, 254, 254, 247, 175, 255, 223, 173, 190, 60, 177,
       125, 182, 54, 53, 189, 126, 118, 222, 213, 245, 125, 127, 177, 86,
       242, 222, 65, 99, 245, 112, 193, 243, 205, 170, 224, 219, 122,
       220, 245, 235, 215, 36, 85, 186, 83, 120, 233, 116, 112, 93, 56,
       47, 212, 21, 247, 111, 153, 172, 24, 5, 240, 29, 156, 73, 16, 242,
       51, 189, 88, 87, 32, 250, 247, 85, 120, 150, 23, 6, 29, 10, 166,
       70, 57, 50, 61, 234, 180, 87, 242, 214, 4, 100, 3, 162, 129, 38,
       76, 128, 225, 9, 210, 56, 112, 41, 208, 36, 20, 190, 66, 112, 1,
       212, 18, 202, 24, 11, 208, 28, 228, 76, 145, 172, 16, 5, 96, 24,
       148, 73, 16, 242, 49, 188, 88, 86, 34, 249 ]
