%YAML:1.0
descriptors: !!opencv-matrix
   rows: 4
   cols: 64
   dt: u
   data: [ 223, 178, 199, 181, 62, 115, 159, 178, 114, 189, 254, 243,
       222, 126, 51, 115, 225, 221, 33, 243, 229, 37, 195, 114, 205, 255,
       177, 255, 90, 78, 247, 107, 215, 44, 85, 186, 90, 120, 233, 116,
       112, 92, 56, 47, 213, 20, 247, 111, 153, 172, 24, 5, 240, 29, 156,
       73, 16, 242, 51, 189, 88, 87, 32, 250, 188, 186, 253, 183, 63,
       255, 191, 252, 252, 255, 255, 251, 255, 127, 250, 244, 251, 221,
       103, 99, 245, 39, 227, 246, 205, 255, 245, 191, 90, 30, 243, 235,
       223, 36, 85, 190, 83, 120, 233, 116, 120, 92, 56, 47, 213, 55,
       247, 111, 153, 172, 24, 5, 240, 29, 157, 73, 16, 242, 51, 189, 88,
       87, 32, 250, 114, 225, 217, 222, 34, 142, 95, 11, 231, 69, 61,
       216, 159, 251, 52, 94, 246, 215, 52, 39, 134, 125, 192, 103, 221,
       215, 167, 63, 35, 184, 92, 105, 146, 46, 38, 158, 202, 88, 242,
       94, 50, 251, 173, 105, 181, 28, 245, 47, 211, 164, 145, 79, 56,
       25, 182, 95, 25, 118, 114, 123, 121, 85, 59, 251, 58, 244, 121,
       254, 191, 205, 221, 9, 255, 117, 95, 253, 189, 126, 252, 244, 247,
       182, 68, 114, 247, 122, 155, 127, 253, 158, 231, 127, 126, 251,
       221, 239, 135, 238, 79, 150, 239, 219, 251, 127, 241, 221, 229,
       105, 212, 22, 245, 111, 153, 246, 153, 79, 246, 5, 159, 121, 56,
       242, 242, 191, 251, 223, 168, 222 ]
