%YAML:1.0
descriptors: !!opencv-matrix
   rows: 6
   cols: 64
   dt: u
   data: [ 28, 35, 241, 176, 16, 103, 41, 111, 192, 238, 195, 52, 81, 38,
       155, 66, 234, 220, 3, 98, 225, 33, 192, 51, 12, 136, 164, 141, 66,
       12, 49, 233, 87, 36, 85, 186, 82, 120, 193, 84, 112, 84, 56, 46,
       212, 20, 225, 110, 153, 172, 24, 5, 240, 29, 156, 73, 16, 242, 51,
       189, 88, 86, 32, 250, 179, 245, 125, 222, 54, 15, 95, 59, 231, 68,
       189, 242, 125, 122, 116, 86, 246, 247, 70, 247, 23, 250, 145, 230,
       252, 182, 231, 89, 242, 190, 220, 41, 202, 62, 6, 222, 202, 120,
       210, 221, 18, 251, 189, 111, 176, 60, 245, 78, 131, 167, 129, 79,
       120, 24, 150, 89, 57, 243, 113, 59, 121, 246, 175, 217, 62, 55,
       112, 52, 63, 170, 62, 67, 114, 88, 199, 113, 252, 82, 164, 81,
       242, 171, 195, 208, 241, 44, 81, 215, 212, 26, 224, 221, 106, 252,
       237, 224, 143, 56, 6, 190, 173, 56, 209, 125, 76, 157, 23, 193,
       225, 97, 183, 79, 184, 230, 137, 74, 226, 20, 90, 81, 62, 179,
       215, 151, 58, 179, 237, 74, 62, 245, 125, 254, 190, 237, 123, 73,
       231, 101, 221, 252, 253, 126, 180, 116, 255, 254, 71, 115, 183,
       122, 211, 119, 252, 158, 231, 255, 114, 187, 253, 235, 135, 238,
       71, 158, 203, 120, 249, 127, 120, 217, 253, 233, 212, 21, 247, 47,
       153, 174, 153, 79, 240, 21, 156, 89, 56, 242, 115, 187, 248, 255,
       169, 250, 189, 254, 127, 253, 62, 253, 253, 253, 253, 255, 250,
       189, 125, 127, 251, 247, 251, 252, 203, 107, 253, 250, 246, 190,
       253, 255, 247, 187, 127, 223, 127, 255, 127, 108, 223, 254, 222,
       247, 249, 125, 254, 93, 251, 190, 246, 227, 215, 127, 186, 189,
       158, 75, 250, 157, 159, 93, 188, 246, 123, 255, 255, 223, 110,
       182, 39, 54, 81, 2, 221, 128, 3, 72, 230, 68, 130, 114, 173, 75,
       128, 85, 226, 213, 5, 96, 193, 38, 137, 116, 78, 152, 32, 15, 146,
       8, 33, 105, 87, 36, 84, 186, 66, 48, 1, 84, 68, 64, 24, 143, 192,
       16, 224, 79, 152, 44, 24, 0, 112, 28, 156, 73, 16, 242, 51, 188,
       88, 87, 32, 248 ]
