%YAML:1.0
descriptors: !!opencv-matrix
   rows: 19
   cols: 64
   dt: u
   data: [ 69, 32, 193, 144, 24, 2, 33, 78, 128, 102, 3, 52, 65, 135,
       131, 66, 226, 84, 1, 96, 139, 129, 200, 34, 12, 136, 168, 9, 18,
       8, 49, 75, 113, 36, 85, 186, 0, 112, 1, 86, 16, 64, 24, 10, 64,
       28, 192, 13, 25, 44, 16, 4, 112, 28, 148, 73, 16, 242, 33, 188,
       72, 70, 32, 240, 6, 35, 65, 146, 216, 128, 6, 72, 162, 2, 2, 22,
       129, 103, 153, 65, 194, 85, 1, 102, 70, 32, 136, 98, 78, 150, 20,
       9, 146, 8, 16, 8, 86, 38, 85, 154, 64, 114, 71, 84, 32, 112, 24,
       14, 68, 20, 229, 198, 145, 44, 16, 4, 48, 25, 140, 73, 16, 112,
       34, 189, 72, 87, 32, 248, 69, 3, 65, 16, 1, 2, 5, 78, 160, 32, 3,
       0, 16, 172, 160, 66, 194, 84, 1, 100, 2, 130, 128, 34, 76, 128,
       132, 9, 144, 8, 16, 72, 80, 36, 84, 186, 64, 112, 1, 84, 16, 64,
       24, 15, 68, 20, 228, 76, 25, 44, 16, 4, 112, 24, 132, 9, 16, 98,
       33, 188, 72, 86, 32, 248, 70, 35, 193, 178, 81, 34, 35, 78, 128,
       34, 128, 54, 33, 195, 131, 83, 226, 85, 1, 102, 75, 173, 128, 51,
       14, 138, 162, 13, 210, 8, 48, 73, 114, 38, 84, 187, 66, 116, 5,
       84, 128, 64, 24, 10, 64, 28, 193, 206, 25, 44, 24, 4, 96, 28, 132,
       73, 16, 240, 33, 189, 92, 70, 32, 241, 45, 54, 101, 168, 223, 61,
       35, 120, 244, 126, 194, 53, 109, 59, 249, 229, 226, 252, 67, 96,
       121, 130, 156, 52, 76, 168, 44, 137, 218, 12, 57, 249, 240, 36,
       87, 186, 82, 114, 1, 116, 252, 84, 24, 14, 84, 135, 192, 68, 153,
       45, 28, 4, 240, 29, 141, 73, 16, 240, 35, 188, 88, 86, 32, 241,
       191, 245, 125, 150, 55, 29, 95, 121, 246, 70, 189, 242, 125, 123,
       180, 85, 246, 246, 6, 101, 83, 242, 177, 118, 220, 174, 229, 89,
       243, 24, 252, 41, 210, 44, 20, 254, 194, 112, 129, 245, 82, 218,
       24, 15, 208, 20, 228, 78, 153, 172, 16, 5, 120, 29, 158, 73, 24,
       242, 49, 188, 88, 86, 42, 249, 254, 53, 121, 150, 55, 7, 31, 79,
       230, 70, 149, 48, 125, 234, 180, 87, 242, 212, 7, 100, 91, 162,
       177, 54, 220, 136, 228, 9, 210, 28, 252, 41, 192, 36, 20, 190, 66,
       112, 129, 212, 18, 202, 28, 15, 208, 20, 192, 76, 153, 172, 16, 5,
       112, 29, 148, 73, 16, 242, 49, 188, 88, 86, 34, 249, 55, 54, 81,
       162, 159, 128, 15, 8, 230, 66, 147, 112, 173, 11, 160, 85, 242,
       246, 1, 112, 193, 34, 129, 116, 196, 152, 224, 9, 18, 24, 97, 105,
       86, 44, 84, 158, 74, 120, 1, 84, 64, 64, 24, 15, 192, 20, 228, 79,
       152, 172, 24, 5, 112, 29, 156, 73, 16, 242, 51, 188, 88, 87, 32,
       248, 66, 4, 8, 144, 67, 134, 2, 7, 4, 230, 1, 4, 17, 140, 49, 7,
       12, 125, 1, 68, 136, 35, 208, 3, 20, 128, 136, 12, 80, 128, 49,
       65, 65, 36, 19, 170, 2, 104, 0, 66, 16, 64, 20, 10, 213, 92, 129,
       79, 25, 172, 24, 5, 113, 24, 156, 65, 16, 226, 51, 188, 72, 22,
       32, 250, 114, 18, 13, 130, 79, 151, 3, 58, 134, 68, 23, 68, 9, 24,
       16, 5, 116, 247, 64, 180, 208, 35, 192, 99, 8, 224, 172, 12, 16,
       144, 81, 105, 71, 44, 83, 184, 90, 72, 136, 72, 112, 84, 16, 143,
       197, 32, 245, 79, 145, 172, 152, 1, 176, 25, 156, 83, 48, 114, 50,
       188, 80, 23, 36, 250, 33, 6, 4, 130, 72, 134, 7, 17, 38, 92, 2, 1,
       9, 121, 16, 5, 68, 101, 65, 36, 208, 35, 152, 99, 24, 176, 12, 4,
       56, 16, 1, 65, 87, 34, 82, 48, 80, 0, 5, 72, 68, 4, 24, 143, 65,
       64, 228, 79, 16, 36, 24, 8, 176, 24, 140, 9, 8, 98, 18, 148, 66,
       87, 32, 248, 67, 5, 193, 18, 193, 2, 7, 74, 162, 68, 1, 2, 2, 239,
       132, 0, 98, 69, 4, 38, 66, 45, 128, 99, 78, 146, 2, 13, 146, 8, 0,
       9, 146, 39, 84, 154, 0, 48, 71, 220, 1, 96, 8, 195, 9, 24, 229,
       134, 1, 36, 16, 4, 49, 24, 132, 11, 16, 112, 32, 61, 72, 68, 33,
       248, 68, 2, 1, 144, 24, 2, 3, 78, 0, 34, 3, 20, 1, 130, 129, 66,
       2, 84, 1, 64, 130, 160, 204, 2, 12, 128, 136, 13, 18, 8, 17, 73,
       113, 6, 85, 154, 0, 114, 5, 22, 128, 96, 0, 10, 0, 12, 64, 74, 16,
       44, 16, 4, 1, 24, 132, 0, 128, 34, 33, 184, 72, 6, 32, 240, 12,
       33, 209, 176, 16, 97, 32, 119, 128, 170, 66, 53, 81, 134, 147, 66,
       234, 212, 3, 98, 193, 160, 198, 51, 76, 136, 164, 9, 82, 12, 48,
       104, 117, 36, 85, 186, 82, 120, 1, 116, 112, 68, 24, 46, 68, 20,
       193, 110, 153, 172, 24, 5, 240, 28, 156, 73, 16, 242, 51, 189, 88,
       86, 32, 250, 3, 196, 8, 2, 129, 136, 2, 0, 6, 64, 53, 64, 168, 43,
       4, 20, 68, 18, 4, 144, 0, 2, 129, 96, 32, 144, 9, 8, 146, 40, 1,
       1, 144, 36, 16, 146, 66, 0, 2, 138, 163, 194, 8, 137, 16, 16, 116,
       4, 1, 0, 16, 4, 44, 0, 227, 171, 16, 96, 32, 52, 0, 81, 32, 73, 4,
       33, 33, 144, 0, 70, 0, 71, 134, 6, 3, 4, 81, 160, 147, 34, 66, 64,
       3, 100, 2, 128, 68, 2, 28, 128, 132, 9, 128, 136, 16, 8, 32, 6, 7,
       138, 0, 32, 3, 76, 128, 0, 20, 128, 0, 28, 0, 140, 17, 36, 112, 0,
       2, 24, 4, 0, 136, 96, 9, 56, 72, 4, 32, 225, 188, 222, 110, 249,
       63, 125, 253, 249, 189, 255, 254, 255, 189, 127, 255, 239, 251,
       212, 103, 107, 245, 114, 213, 118, 77, 255, 177, 59, 127, 95, 127,
       251, 247, 36, 85, 186, 86, 122, 249, 116, 254, 95, 122, 47, 212,
       23, 245, 111, 153, 172, 24, 5, 240, 29, 157, 77, 16, 242, 51, 189,
       90, 87, 34, 250, 191, 241, 125, 254, 55, 61, 93, 122, 247, 255,
       253, 251, 255, 122, 244, 95, 243, 244, 119, 123, 245, 118, 225,
       118, 109, 191, 245, 59, 123, 91, 119, 235, 215, 44, 20, 254, 210,
       121, 249, 245, 122, 223, 123, 47, 208, 21, 245, 111, 153, 172, 26,
       5, 248, 29, 158, 77, 16, 242, 51, 189, 89, 87, 34, 251, 127, 49,
       253, 183, 255, 167, 27, 120, 246, 111, 209, 54, 253, 235, 179, 85,
       242, 213, 3, 102, 233, 167, 195, 119, 78, 218, 188, 63, 210, 12,
       113, 235, 215, 36, 84, 186, 82, 120, 225, 116, 80, 92, 24, 14,
       209, 20, 193, 79, 153, 172, 24, 5, 240, 29, 156, 73, 16, 242, 51,
       189, 88, 87, 32, 250 ]
