%YAML:1.0
descriptors: !!opencv-matrix
   rows: 17
   cols: 64
   dt: u
   data: [ 38, 33, 65, 146, 217, 2, 3, 72, 198, 64, 0, 54, 161, 66, 160,
       81, 98, 85, 1, 102, 67, 40, 136, 98, 14, 138, 34, 9, 146, 8, 48,
       9, 82, 38, 84, 154, 66, 112, 71, 212, 0, 64, 24, 10, 64, 28, 193,
       198, 25, 36, 16, 4, 112, 24, 140, 73, 16, 112, 33, 189, 72, 86,
       32, 248, 252, 253, 255, 253, 250, 255, 255, 255, 221, 253, 253,
       255, 255, 254, 255, 238, 187, 213, 254, 111, 191, 253, 254, 191,
       255, 255, 191, 191, 255, 255, 126, 191, 231, 231, 61, 223, 214,
       255, 255, 255, 123, 255, 239, 127, 191, 190, 125, 179, 207, 191,
       127, 255, 217, 255, 183, 238, 208, 252, 249, 111, 255, 109, 187,
       191, 252, 255, 255, 253, 122, 127, 249, 255, 253, 252, 254, 191,
       127, 255, 251, 238, 251, 221, 251, 107, 255, 223, 254, 191, 255,
       235, 182, 183, 125, 221, 126, 255, 255, 107, 103, 255, 215, 255,
       253, 125, 254, 127, 251, 118, 255, 167, 67, 235, 255, 173, 255,
       223, 243, 63, 159, 92, 252, 252, 111, 255, 255, 206, 175, 255,
       101, 36, 227, 144, 25, 70, 5, 207, 134, 230, 137, 180, 83, 142,
       179, 70, 235, 84, 34, 99, 139, 131, 230, 35, 76, 197, 180, 11, 19,
       8, 19, 75, 193, 36, 85, 186, 66, 120, 97, 86, 48, 72, 32, 47, 213,
       28, 165, 47, 153, 172, 24, 5, 112, 25, 148, 65, 16, 242, 49, 189,
       88, 86, 32, 250, 204, 234, 239, 253, 250, 255, 251, 245, 189, 255,
       250, 159, 223, 189, 251, 238, 137, 221, 251, 111, 252, 221, 238,
       185, 95, 111, 191, 182, 253, 199, 62, 191, 243, 83, 117, 235, 87,
       255, 253, 126, 254, 125, 251, 62, 255, 175, 75, 177, 159, 173,
       126, 181, 219, 255, 159, 76, 208, 236, 105, 253, 223, 86, 51, 182,
       44, 46, 101, 226, 126, 63, 163, 123, 244, 124, 214, 117, 125, 123,
       249, 229, 242, 245, 195, 98, 245, 34, 152, 247, 95, 168, 36, 135,
       126, 218, 121, 239, 231, 38, 87, 186, 86, 114, 233, 124, 221, 85,
       26, 142, 64, 166, 225, 79, 153, 45, 152, 12, 242, 29, 159, 73, 16,
       242, 51, 188, 90, 71, 32, 248, 127, 181, 125, 188, 55, 191, 31,
       126, 247, 68, 245, 176, 125, 58, 180, 87, 246, 246, 67, 245, 245,
       115, 209, 55, 205, 170, 228, 93, 123, 92, 253, 233, 215, 44, 86,
       190, 90, 122, 129, 252, 218, 223, 60, 47, 208, 22, 229, 110, 153,
       172, 24, 5, 242, 29, 157, 73, 24, 242, 51, 189, 88, 86, 34, 251,
       62, 254, 115, 171, 218, 220, 135, 201, 207, 127, 42, 127, 181, 14,
       249, 244, 251, 212, 13, 96, 201, 0, 158, 124, 127, 221, 57, 43,
       215, 27, 123, 127, 97, 165, 93, 155, 114, 247, 45, 86, 163, 68,
       72, 24, 70, 142, 92, 149, 201, 45, 84, 36, 234, 23, 167, 105, 144,
       240, 41, 188, 92, 79, 50, 180, 197, 32, 211, 161, 216, 130, 171,
       204, 202, 239, 130, 58, 195, 130, 131, 82, 234, 213, 33, 99, 137,
       133, 238, 40, 14, 137, 58, 47, 210, 9, 51, 127, 113, 165, 92, 187,
       18, 252, 37, 86, 144, 64, 40, 10, 67, 28, 72, 145, 153, 44, 24, 5,
       96, 30, 132, 73, 144, 240, 33, 188, 92, 86, 32, 179, 63, 179, 252,
       182, 55, 117, 185, 126, 55, 222, 214, 245, 61, 126, 185, 87, 255,
       222, 65, 99, 245, 114, 193, 115, 205, 170, 224, 91, 122, 92, 245,
       235, 215, 36, 85, 190, 83, 120, 233, 116, 112, 93, 56, 47, 212,
       21, 247, 111, 153, 172, 24, 5, 240, 29, 156, 73, 16, 242, 51, 189,
       88, 87, 32, 250, 34, 201, 239, 139, 194, 221, 199, 141, 239, 197,
       31, 222, 189, 126, 255, 252, 219, 245, 120, 102, 14, 115, 223,
       100, 127, 213, 29, 45, 183, 154, 26, 41, 148, 102, 71, 218, 66,
       83, 239, 30, 48, 221, 36, 53, 21, 156, 125, 180, 151, 172, 151,
       44, 147, 5, 132, 251, 48, 100, 40, 61, 89, 221, 56, 250, 38, 55,
       113, 162, 20, 132, 6, 73, 198, 64, 131, 52, 97, 7, 145, 21, 226,
       196, 3, 96, 65, 34, 129, 116, 76, 136, 164, 9, 18, 12, 33, 40, 80,
       36, 85, 186, 66, 48, 1, 84, 32, 80, 24, 143, 196, 20, 228, 78,
       153, 172, 24, 1, 112, 28, 156, 73, 16, 242, 51, 188, 88, 86, 32,
       248, 62, 241, 125, 254, 55, 189, 253, 120, 247, 222, 253, 250,
       253, 122, 189, 95, 251, 247, 99, 123, 245, 118, 193, 119, 205,
       255, 245, 251, 90, 126, 245, 235, 215, 44, 87, 190, 218, 120, 233,
       117, 120, 95, 57, 47, 213, 21, 245, 111, 153, 172, 24, 5, 240, 29,
       156, 73, 16, 242, 51, 189, 120, 87, 32, 250, 63, 178, 125, 165,
       191, 181, 191, 248, 252, 255, 214, 127, 237, 127, 249, 85, 242,
       253, 3, 114, 229, 39, 195, 124, 205, 254, 245, 255, 94, 95, 243,
       255, 215, 44, 85, 190, 83, 120, 233, 117, 120, 92, 58, 47, 213,
       21, 247, 111, 153, 172, 24, 5, 240, 29, 156, 73, 16, 242, 51, 189,
       88, 87, 32, 250, 61, 154, 255, 239, 63, 253, 185, 124, 63, 253,
       222, 253, 189, 127, 251, 244, 255, 254, 225, 107, 244, 113, 206,
       123, 109, 255, 240, 127, 126, 91, 119, 239, 223, 100, 85, 186, 87,
       122, 233, 124, 244, 93, 122, 47, 213, 135, 245, 111, 153, 172, 24,
       5, 240, 29, 157, 73, 16, 242, 55, 189, 90, 87, 32, 250, 61, 63,
       245, 162, 89, 255, 163, 126, 244, 94, 202, 53, 125, 127, 185, 101,
       235, 213, 35, 98, 245, 39, 193, 119, 77, 236, 164, 141, 90, 14,
       51, 235, 215, 36, 85, 186, 82, 122, 233, 116, 120, 92, 56, 47,
       213, 21, 245, 111, 153, 172, 24, 5, 240, 29, 156, 73, 16, 242, 51,
       189, 88, 87, 32, 250, 127, 51, 241, 182, 55, 167, 27, 78, 198,
       110, 209, 52, 125, 202, 177, 87, 242, 213, 3, 102, 77, 167, 193,
       55, 76, 138, 164, 13, 82, 12, 112, 41, 210, 36, 85, 186, 82, 120,
       193, 116, 112, 92, 24, 14, 209, 20, 193, 78, 153, 172, 24, 5, 240,
       29, 156, 73, 16, 242, 51, 189, 88, 86, 32, 250 ]
