%YAML:1.0
descriptors: !!opencv-matrix
   rows: 7
   cols: 64
   dt: u
   data: [ 239, 29, 239, 211, 223, 71, 71, 223, 175, 101, 133, 186, 191,
       234, 182, 95, 251, 245, 123, 103, 94, 191, 210, 103, 94, 255, 187,
       47, 242, 152, 114, 41, 215, 39, 87, 187, 66, 124, 127, 124, 112,
       89, 60, 47, 221, 28, 245, 167, 157, 172, 24, 5, 243, 61, 156, 75,
       24, 244, 113, 189, 88, 85, 48, 250, 7, 21, 80, 18, 29, 2, 5, 74,
       166, 6, 1, 112, 44, 75, 160, 85, 226, 212, 1, 96, 193, 38, 193,
       119, 76, 154, 160, 15, 82, 8, 49, 105, 87, 36, 20, 186, 82, 120,
       33, 84, 80, 64, 24, 15, 192, 20, 245, 79, 153, 172, 24, 5, 240,
       28, 156, 73, 16, 242, 51, 189, 88, 87, 32, 250, 12, 33, 97, 176,
       16, 133, 41, 111, 132, 234, 195, 52, 81, 6, 153, 66, 234, 212, 3,
       98, 193, 32, 196, 19, 12, 136, 164, 9, 82, 12, 49, 106, 103, 36,
       85, 186, 82, 122, 193, 84, 176, 64, 16, 14, 196, 20, 193, 110,
       153, 172, 24, 5, 240, 29, 156, 73, 16, 242, 51, 189, 88, 86, 32,
       242, 60, 177, 253, 254, 54, 127, 249, 126, 215, 220, 213, 245,
       125, 126, 190, 126, 255, 222, 99, 99, 245, 54, 193, 247, 205, 170,
       228, 217, 90, 220, 244, 233, 223, 36, 85, 190, 87, 120, 233, 124,
       120, 93, 57, 47, 212, 53, 247, 111, 153, 172, 24, 5, 240, 29, 156,
       73, 16, 242, 51, 189, 88, 87, 32, 250, 60, 183, 253, 254, 62, 253,
       249, 127, 247, 220, 214, 245, 125, 126, 189, 116, 254, 246, 67,
       99, 245, 114, 211, 247, 221, 170, 228, 219, 122, 220, 245, 235,
       207, 44, 87, 190, 223, 122, 233, 124, 248, 93, 58, 47, 212, 53,
       247, 111, 185, 172, 24, 13, 240, 29, 156, 73, 16, 242, 51, 189,
       90, 87, 40, 250, 63, 182, 125, 168, 63, 189, 191, 120, 244, 254,
       214, 241, 237, 59, 185, 85, 250, 252, 67, 113, 241, 98, 83, 252,
       197, 188, 229, 251, 126, 93, 241, 235, 223, 44, 215, 190, 91, 120,
       233, 117, 120, 92, 58, 47, 212, 113, 247, 111, 153, 172, 24, 5,
       240, 29, 156, 73, 16, 242, 51, 189, 88, 215, 32, 250, 61, 182,
       125, 174, 62, 189, 189, 121, 247, 254, 215, 241, 253, 63, 185, 87,
       254, 254, 67, 99, 245, 114, 209, 247, 221, 184, 228, 219, 122,
       220, 245, 235, 223, 44, 87, 190, 219, 120, 233, 125, 120, 92, 57,
       47, 244, 53, 247, 111, 153, 172, 24, 7, 240, 29, 156, 73, 16, 242,
       51, 189, 122, 215, 40, 250 ]
