%YAML:1.0
descriptors: !!opencv-matrix
   rows: 21
   cols: 64
   dt: u
   data: [ 62, 177, 253, 190, 55, 181, 253, 123, 247, 254, 213, 177, 125,
       122, 181, 86, 242, 222, 99, 115, 245, 54, 193, 247, 205, 186, 228,
       219, 82, 252, 245, 235, 223, 44, 85, 190, 219, 120, 233, 117, 120,
       92, 57, 47, 244, 53, 247, 111, 153, 174, 24, 7, 240, 29, 156, 73,
       16, 242, 51, 189, 120, 87, 32, 250, 63, 182, 125, 174, 62, 189,
       189, 121, 247, 254, 215, 241, 253, 59, 189, 87, 242, 254, 67, 251,
       245, 114, 209, 247, 221, 186, 229, 251, 122, 221, 245, 235, 215,
       44, 87, 190, 219, 120, 233, 125, 120, 93, 57, 47, 212, 53, 247,
       111, 153, 172, 24, 13, 240, 29, 156, 89, 16, 242, 51, 189, 122,
       215, 40, 250, 60, 181, 253, 254, 55, 253, 241, 127, 247, 220, 212,
       245, 125, 126, 188, 84, 254, 246, 195, 115, 245, 50, 211, 247,
       253, 170, 228, 219, 122, 220, 245, 235, 223, 44, 87, 190, 247,
       120, 233, 124, 120, 93, 58, 47, 212, 53, 247, 111, 185, 172, 152,
       13, 240, 29, 156, 73, 22, 242, 55, 189, 90, 87, 32, 250, 62, 185,
       253, 254, 54, 127, 249, 127, 215, 220, 213, 181, 125, 126, 191,
       126, 255, 214, 99, 115, 245, 62, 193, 247, 205, 171, 228, 217, 82,
       220, 244, 233, 223, 44, 87, 190, 218, 120, 201, 117, 120, 93, 53,
       47, 212, 53, 245, 110, 153, 172, 24, 5, 240, 29, 156, 73, 16, 242,
       51, 189, 88, 87, 32, 250, 54, 49, 145, 150, 17, 6, 25, 79, 198,
       68, 21, 52, 49, 74, 144, 86, 250, 214, 0, 71, 67, 38, 193, 71, 76,
       146, 164, 13, 18, 168, 16, 105, 198, 36, 21, 186, 66, 120, 67, 84,
       112, 72, 48, 43, 212, 20, 165, 110, 145, 172, 24, 5, 240, 24, 156,
       65, 16, 114, 51, 185, 88, 87, 32, 250, 55, 22, 80, 2, 25, 128, 5,
       72, 162, 70, 0, 112, 164, 75, 132, 85, 226, 212, 1, 96, 193, 38,
       128, 119, 76, 152, 160, 11, 82, 8, 33, 105, 215, 36, 84, 186, 66,
       120, 1, 116, 80, 74, 24, 15, 208, 16, 209, 79, 153, 172, 24, 4,
       112, 28, 156, 73, 16, 242, 51, 189, 88, 87, 32, 249, 44, 33, 241,
       176, 16, 5, 41, 111, 196, 230, 193, 52, 81, 2, 145, 70, 234, 212,
       3, 98, 193, 32, 196, 19, 12, 136, 164, 9, 82, 12, 49, 104, 71, 36,
       85, 186, 18, 120, 65, 84, 144, 64, 16, 14, 192, 20, 129, 110, 153,
       44, 24, 5, 240, 28, 156, 65, 16, 242, 51, 189, 88, 86, 32, 243,
       125, 191, 255, 252, 126, 127, 253, 126, 247, 254, 253, 241, 127,
       255, 191, 223, 251, 245, 123, 111, 247, 127, 212, 247, 223, 239,
       247, 191, 127, 221, 126, 235, 215, 46, 215, 191, 222, 124, 251,
       125, 126, 95, 251, 111, 245, 117, 245, 111, 191, 172, 152, 207,
       240, 61, 157, 93, 116, 246, 115, 191, 251, 215, 173, 250, 65, 1,
       129, 146, 217, 130, 6, 90, 0, 34, 2, 50, 160, 194, 128, 3, 66, 85,
       1, 68, 200, 37, 194, 67, 14, 136, 128, 13, 18, 8, 32, 73, 87, 38,
       20, 186, 16, 120, 1, 84, 80, 64, 24, 10, 65, 4, 193, 79, 24, 44,
       24, 4, 112, 24, 156, 65, 16, 50, 51, 153, 72, 23, 32, 250, 4, 2,
       1, 1, 128, 64, 162, 229, 128, 130, 2, 6, 208, 4, 11, 0, 72, 8,
       131, 0, 72, 128, 14, 192, 24, 16, 28, 128, 128, 134, 3, 18, 108,
       0, 65, 40, 24, 2, 13, 0, 40, 20, 16, 130, 68, 100, 2, 224, 58, 8,
       41, 32, 147, 29, 72, 0, 6, 64, 3, 160, 0, 3, 96, 98, 1, 6, 4, 0,
       221, 32, 131, 88, 160, 20, 0, 65, 8, 25, 0, 1, 66, 100, 133, 32,
       192, 2, 136, 112, 64, 40, 12, 0, 188, 0, 1, 65, 220, 96, 16, 176,
       80, 0, 5, 132, 85, 2, 26, 134, 64, 96, 208, 68, 40, 52, 24, 4,
       112, 24, 140, 9, 56, 0, 34, 140, 64, 71, 36, 249, 82, 33, 1, 146,
       6, 2, 8, 7, 66, 2, 19, 20, 80, 130, 17, 82, 96, 2, 0, 212, 11,
       160, 65, 2, 140, 128, 160, 9, 2, 168, 144, 8, 96, 44, 68, 154, 74,
       114, 3, 212, 128, 64, 20, 8, 128, 12, 129, 14, 145, 44, 16, 7, 34,
       24, 21, 73, 128, 114, 17, 176, 72, 22, 96, 224, 1, 2, 5, 0, 28,
       160, 3, 80, 160, 6, 0, 0, 65, 9, 20, 1, 0, 108, 67, 96, 224, 66,
       16, 196, 0, 48, 140, 128, 16, 0, 33, 64, 80, 12, 210, 170, 8, 32,
       1, 0, 12, 64, 18, 137, 80, 112, 160, 76, 48, 44, 24, 0, 96, 24,
       12, 17, 40, 34, 19, 144, 8, 211, 100, 105, 5, 2, 1, 32, 153, 160,
       33, 88, 160, 8, 128, 97, 224, 1, 132, 1, 2, 44, 131, 64, 224, 34,
       8, 192, 68, 136, 0, 128, 16, 0, 33, 64, 92, 0, 208, 168, 1, 40, 9,
       4, 77, 0, 26, 131, 64, 113, 180, 75, 56, 52, 8, 0, 224, 28, 76, 1,
       4, 130, 23, 164, 0, 87, 36, 89, 63, 50, 125, 162, 191, 189, 27,
       88, 246, 94, 210, 115, 253, 59, 180, 85, 242, 244, 3, 96, 225, 98,
       129, 116, 76, 152, 164, 11, 90, 28, 113, 233, 213, 36, 84, 186,
       82, 120, 161, 116, 208, 92, 24, 15, 208, 20, 244, 77, 153, 172,
       24, 5, 240, 29, 159, 73, 16, 242, 51, 188, 88, 87, 32, 249, 131,
       85, 0, 6, 5, 0, 4, 18, 162, 5, 1, 67, 2, 9, 4, 1, 44, 100, 36,
       145, 0, 6, 49, 68, 64, 54, 21, 0, 144, 0, 0, 0, 216, 44, 176, 152,
       0, 8, 2, 129, 69, 130, 58, 139, 128, 112, 180, 76, 0, 144, 16, 0,
       0, 10, 10, 0, 57, 50, 16, 20, 32, 85, 4, 106, 55, 37, 109, 2, 22,
       4, 1, 111, 198, 6, 145, 52, 105, 47, 145, 70, 82, 36, 66, 84, 48,
       114, 80, 199, 148, 160, 196, 137, 34, 152, 64, 136, 12, 12, 131,
       142, 136, 8, 1, 72, 44, 1, 21, 129, 4, 113, 36, 78, 50, 46, 137,
       10, 50, 24, 92, 16, 40, 34, 19, 216, 42, 147, 108, 74, 131, 17, 1,
       22, 4, 0, 28, 14, 226, 2, 33, 192, 34, 129, 4, 19, 46, 102, 4, 65,
       2, 162, 97, 6, 4, 147, 165, 8, 18, 40, 0, 0, 144, 44, 50, 154, 10,
       8, 2, 193, 0, 202, 60, 41, 146, 80, 164, 76, 16, 160, 16, 0, 32,
       24, 52, 1, 24, 50, 48, 24, 56, 84, 32, 235, 7, 51, 69, 0, 20, 32,
       1, 90, 226, 6, 129, 32, 105, 9, 132, 1, 66, 100, 3, 80, 97, 98, 1,
       198, 132, 176, 228, 137, 18, 12, 64, 64, 88, 44, 134, 190, 8, 32,
       1, 69, 12, 66, 24, 139, 192, 112, 128, 76, 16, 36, 0, 0, 96, 24,
       92, 1, 40, 50, 19, 144, 40, 214, 100, 105, 5, 34, 69, 0, 20, 0,
       130, 124, 64, 16, 150, 21, 64, 17, 137, 32, 66, 68, 1, 32, 64, 0,
       128, 192, 12, 8, 8, 0, 48, 12, 1, 73, 124, 36, 81, 186, 88, 114,
       1, 148, 149, 16, 24, 6, 64, 134, 192, 76, 24, 36, 73, 4, 48, 24,
       141, 9, 0, 98, 3, 156, 72, 6, 36, 216, 5, 34, 101, 128, 220, 161,
       35, 120, 36, 84, 130, 53, 201, 29, 153, 65, 226, 212, 1, 96, 193,
       0, 136, 113, 14, 168, 8, 5, 18, 12, 49, 73, 85, 36, 85, 186, 80,
       114, 1, 84, 212, 84, 24, 14, 64, 4, 224, 77, 152, 44, 24, 4, 240,
       29, 140, 73, 16, 114, 51, 188, 72, 23, 32, 248 ]
