%YAML:1.0
descriptors: !!opencv-matrix
   rows: 16
   cols: 64
   dt: u
   data: [ 62, 245, 252, 190, 55, 63, 253, 95, 247, 254, 245, 177, 125,
       122, 189, 95, 255, 254, 99, 243, 245, 54, 209, 119, 213, 191, 245,
       251, 91, 252, 245, 227, 207, 44, 87, 190, 219, 120, 233, 117, 120,
       94, 58, 175, 212, 117, 247, 111, 153, 174, 24, 5, 240, 29, 156,
       73, 16, 243, 51, 189, 122, 87, 40, 251, 31, 186, 77, 174, 63, 249,
       149, 56, 127, 252, 222, 245, 237, 63, 121, 209, 253, 254, 33, 243,
       229, 100, 195, 115, 205, 255, 241, 251, 126, 79, 241, 235, 215,
       36, 85, 186, 91, 122, 233, 116, 116, 92, 58, 47, 212, 17, 247,
       111, 153, 172, 24, 5, 240, 29, 157, 73, 16, 242, 51, 189, 88, 87,
       32, 250, 255, 252, 255, 239, 255, 255, 255, 253, 255, 253, 255,
       255, 255, 254, 254, 252, 243, 245, 127, 123, 253, 223, 255, 125,
       255, 239, 255, 191, 255, 219, 127, 255, 231, 109, 125, 255, 214,
       127, 249, 255, 255, 223, 255, 63, 223, 191, 253, 125, 143, 181,
       223, 141, 234, 191, 159, 77, 248, 246, 123, 254, 223, 143, 46,
       189, 62, 177, 125, 254, 55, 189, 253, 120, 247, 222, 221, 241,
       253, 127, 188, 85, 251, 246, 67, 115, 245, 118, 195, 247, 205,
       190, 229, 251, 122, 222, 245, 235, 223, 44, 87, 190, 218, 120,
       249, 125, 124, 93, 57, 47, 212, 53, 245, 111, 153, 172, 24, 5,
       240, 29, 156, 73, 24, 242, 51, 189, 88, 87, 32, 250, 68, 32, 227,
       177, 216, 132, 171, 237, 128, 238, 195, 52, 209, 130, 155, 66,
       202, 85, 3, 98, 137, 33, 206, 25, 12, 136, 172, 15, 82, 12, 49,
       78, 117, 36, 85, 187, 16, 250, 33, 86, 176, 64, 16, 14, 71, 28,
       193, 51, 25, 44, 24, 5, 112, 29, 156, 73, 16, 226, 51, 189, 72,
       71, 32, 242, 7, 7, 97, 144, 153, 0, 1, 73, 164, 66, 128, 0, 1, 73,
       129, 5, 194, 84, 1, 96, 66, 32, 136, 34, 68, 128, 0, 1, 146, 8,
       33, 9, 82, 38, 85, 154, 64, 112, 1, 20, 160, 96, 24, 143, 64, 20,
       192, 66, 24, 44, 16, 4, 16, 24, 132, 9, 16, 96, 35, 188, 72, 86,
       32, 241, 252, 57, 255, 253, 114, 127, 123, 254, 221, 255, 223,
       191, 223, 254, 251, 238, 187, 221, 251, 111, 63, 255, 230, 191,
       223, 235, 190, 191, 121, 223, 126, 191, 251, 39, 117, 255, 214,
       255, 247, 127, 250, 253, 247, 126, 255, 175, 233, 191, 223, 173,
       255, 247, 251, 255, 151, 94, 208, 254, 121, 255, 255, 174, 187,
       246, 254, 248, 239, 253, 126, 255, 127, 255, 253, 231, 213, 186,
       255, 250, 191, 207, 251, 245, 123, 107, 191, 255, 255, 63, 127,
       251, 191, 191, 115, 221, 127, 239, 215, 37, 183, 219, 194, 125,
       245, 127, 56, 219, 253, 63, 223, 157, 213, 63, 159, 172, 30, 133,
       122, 61, 149, 93, 208, 246, 121, 255, 221, 223, 42, 255, 252, 59,
       255, 253, 118, 127, 251, 254, 253, 252, 255, 191, 95, 252, 251,
       238, 187, 253, 251, 111, 127, 253, 246, 183, 223, 111, 182, 244,
       109, 214, 126, 187, 255, 59, 231, 255, 222, 127, 221, 125, 250,
       125, 243, 126, 255, 175, 227, 238, 191, 173, 239, 223, 243, 127,
       157, 85, 117, 254, 123, 255, 127, 254, 239, 250, 248, 248, 255,
       207, 250, 223, 251, 253, 255, 125, 222, 255, 255, 255, 255, 252,
       255, 215, 251, 38, 252, 221, 175, 253, 255, 255, 125, 255, 239,
       219, 254, 191, 223, 229, 95, 127, 94, 247, 253, 126, 247, 93, 79,
       63, 221, 62, 253, 181, 221, 204, 155, 181, 247, 255, 157, 239, 92,
       252, 187, 61, 222, 93, 18, 255, 96, 0, 1, 146, 72, 134, 7, 77,
       198, 100, 1, 20, 17, 132, 145, 2, 226, 85, 1, 96, 200, 33, 202,
       39, 76, 128, 172, 15, 18, 8, 17, 107, 211, 36, 85, 186, 66, 120,
       33, 86, 48, 80, 16, 15, 85, 28, 229, 79, 153, 172, 24, 5, 112, 25,
       156, 73, 16, 114, 51, 188, 88, 86, 32, 250, 196, 11, 131, 81, 200,
       130, 130, 194, 136, 33, 130, 86, 194, 225, 147, 8, 202, 69, 59,
       102, 206, 173, 138, 123, 78, 218, 30, 39, 146, 14, 50, 78, 87, 39,
       85, 187, 80, 52, 111, 22, 224, 116, 8, 14, 73, 12, 249, 147, 25,
       44, 24, 4, 209, 93, 140, 75, 16, 232, 49, 189, 72, 85, 49, 248,
       252, 253, 255, 255, 118, 111, 253, 255, 223, 253, 252, 255, 127,
       254, 255, 254, 251, 215, 255, 111, 63, 159, 247, 191, 191, 255,
       247, 191, 127, 223, 254, 191, 239, 111, 39, 255, 214, 255, 255,
       253, 251, 255, 247, 127, 191, 191, 125, 254, 239, 181, 255, 255,
       251, 255, 183, 223, 252, 252, 105, 251, 255, 109, 159, 255, 198,
       42, 195, 147, 217, 130, 130, 201, 136, 107, 2, 126, 131, 195, 130,
       65, 194, 85, 57, 102, 206, 141, 138, 105, 78, 218, 58, 47, 146, 9,
       51, 78, 87, 167, 85, 187, 82, 125, 111, 86, 64, 116, 8, 11, 73,
       28, 249, 147, 153, 44, 24, 4, 241, 125, 156, 235, 80, 120, 51,
       189, 76, 85, 48, 250, 187, 222, 126, 111, 255, 189, 255, 184, 255,
       253, 252, 251, 175, 127, 110, 253, 247, 255, 255, 251, 245, 119,
       155, 124, 243, 255, 121, 255, 255, 115, 239, 255, 223, 237, 223,
       117, 255, 185, 248, 127, 127, 223, 107, 191, 213, 243, 254, 117,
       190, 223, 157, 11, 252, 165, 223, 253, 126, 247, 247, 159, 242,
       223, 190, 95, 55, 55, 209, 2, 223, 130, 7, 26, 230, 70, 146, 112,
       173, 75, 160, 85, 242, 247, 1, 112, 193, 39, 145, 119, 70, 154,
       224, 15, 18, 24, 113, 105, 215, 36, 84, 190, 82, 120, 1, 116, 64,
       84, 24, 15, 209, 16, 245, 79, 152, 172, 24, 5, 240, 29, 156, 73,
       16, 242, 51, 189, 88, 87, 32, 248 ]
