%YAML:1.0
descriptors: !!opencv-matrix
   rows: 3
   cols: 64
   dt: u
   data: [ 159, 179, 207, 183, 63, 115, 159, 184, 118, 191, 254, 243,
       255, 126, 50, 115, 245, 215, 37, 243, 229, 37, 195, 114, 205, 223,
       241, 127, 90, 78, 247, 235, 215, 44, 85, 186, 90, 120, 233, 116,
       112, 92, 56, 47, 213, 20, 245, 111, 153, 172, 24, 5, 240, 29, 156,
       73, 16, 242, 51, 189, 88, 87, 32, 250, 60, 50, 253, 182, 63, 183,
       191, 121, 246, 190, 216, 115, 253, 127, 178, 84, 251, 215, 99,
       115, 241, 39, 195, 246, 204, 255, 245, 239, 90, 156, 243, 234,
       223, 44, 85, 190, 90, 120, 233, 116, 120, 92, 56, 47, 213, 53,
       247, 111, 153, 172, 24, 5, 240, 29, 156, 73, 16, 242, 51, 189, 88,
       87, 32, 250, 191, 247, 253, 255, 62, 255, 255, 249, 254, 255, 253,
       251, 253, 123, 190, 127, 255, 215, 35, 99, 229, 39, 195, 118, 205,
       223, 245, 255, 82, 30, 243, 235, 215, 36, 85, 190, 82, 120, 233,
       116, 120, 92, 56, 47, 213, 21, 245, 111, 153, 172, 24, 5, 240, 29,
       156, 73, 16, 242, 51, 189, 88, 87, 32, 250 ]
