%YAML:1.0
descriptors: !!opencv-matrix
   rows: 22
   cols: 64
   dt: u
   data: [ 61, 245, 125, 174, 55, 61, 61, 125, 247, 94, 213, 53, 125, 62,
       189, 85, 246, 254, 195, 96, 241, 114, 145, 246, 220, 168, 228,
       217, 123, 220, 253, 233, 204, 36, 151, 190, 215, 114, 129, 125,
       254, 223, 31, 143, 244, 53, 230, 78, 155, 172, 153, 13, 242, 29,
       157, 89, 56, 242, 59, 188, 90, 222, 46, 249, 28, 177, 25, 30, 51,
       147, 190, 122, 210, 154, 213, 245, 112, 70, 164, 82, 246, 147, 67,
       67, 197, 34, 193, 215, 201, 10, 228, 207, 66, 140, 181, 106, 207,
       36, 69, 190, 83, 120, 233, 116, 120, 92, 48, 47, 212, 53, 183,
       111, 153, 172, 24, 5, 240, 29, 156, 65, 16, 242, 51, 189, 88, 87,
       32, 250, 189, 254, 239, 253, 190, 253, 253, 253, 253, 255, 254,
       223, 223, 252, 255, 239, 185, 253, 251, 43, 252, 127, 222, 255,
       249, 127, 183, 182, 125, 215, 127, 255, 223, 251, 255, 117, 255,
       255, 248, 127, 251, 125, 239, 127, 255, 183, 255, 123, 191, 216,
       191, 255, 246, 189, 157, 92, 119, 246, 255, 255, 251, 255, 175,
       254, 251, 221, 222, 223, 111, 255, 223, 59, 63, 253, 127, 207,
       191, 126, 124, 253, 189, 247, 252, 187, 246, 127, 211, 123, 243,
       119, 243, 126, 125, 243, 223, 231, 223, 121, 211, 116, 255, 91,
       250, 121, 115, 157, 239, 111, 245, 23, 247, 111, 191, 218, 155,
       207, 254, 237, 218, 223, 127, 247, 254, 191, 243, 249, 143, 222,
       59, 212, 108, 236, 63, 253, 255, 17, 61, 255, 253, 200, 221, 124,
       124, 245, 189, 254, 70, 251, 245, 114, 211, 122, 245, 127, 245,
       250, 125, 247, 255, 227, 207, 120, 215, 44, 251, 121, 248, 121,
       122, 223, 127, 45, 244, 117, 247, 111, 187, 254, 152, 15, 250, 29,
       220, 93, 50, 243, 119, 189, 251, 219, 108, 250, 1, 7, 37, 128,
       200, 191, 35, 120, 164, 84, 130, 4, 73, 125, 121, 165, 128, 125,
       67, 100, 112, 98, 152, 112, 94, 184, 12, 4, 188, 6, 57, 9, 212,
       66, 83, 40, 64, 98, 12, 8, 180, 52, 24, 135, 68, 162, 228, 64, 24,
       13, 24, 12, 209, 93, 143, 9, 57, 196, 35, 188, 64, 71, 36, 248,
       60, 43, 255, 220, 50, 117, 121, 247, 197, 230, 219, 148, 81, 244,
       187, 230, 251, 220, 67, 107, 63, 176, 196, 147, 221, 43, 166, 136,
       64, 156, 62, 233, 106, 36, 87, 186, 210, 122, 193, 84, 176, 93,
       53, 46, 214, 166, 193, 110, 155, 172, 28, 5, 242, 29, 148, 89,
       144, 242, 59, 189, 89, 86, 32, 242, 62, 242, 125, 168, 62, 189,
       191, 121, 231, 126, 249, 244, 125, 60, 253, 117, 242, 244, 71,
       120, 241, 114, 152, 252, 252, 188, 229, 155, 127, 255, 125, 250,
       245, 236, 223, 158, 218, 122, 169, 119, 190, 79, 87, 12, 214, 247,
       244, 77, 186, 191, 148, 11, 234, 29, 223, 93, 152, 178, 187, 156,
       251, 223, 110, 181, 62, 178, 125, 166, 63, 189, 189, 120, 246,
       254, 215, 240, 253, 59, 180, 87, 242, 214, 67, 115, 245, 102, 193,
       119, 205, 190, 229, 187, 122, 28, 241, 235, 223, 44, 85, 190, 83,
       120, 233, 116, 120, 92, 56, 47, 212, 53, 247, 111, 153, 172, 24,
       5, 240, 29, 156, 73, 16, 242, 51, 189, 88, 87, 32, 250, 31, 51,
       221, 182, 54, 241, 189, 126, 118, 158, 214, 245, 125, 62, 185, 83,
       251, 222, 1, 243, 229, 32, 193, 115, 205, 170, 224, 201, 90, 76,
       245, 235, 215, 36, 85, 186, 91, 120, 233, 116, 112, 92, 56, 47,
       212, 21, 247, 111, 153, 172, 24, 5, 240, 29, 156, 73, 16, 242, 51,
       189, 88, 87, 32, 250, 51, 205, 200, 138, 39, 158, 87, 8, 111, 199,
       61, 202, 191, 62, 52, 94, 255, 183, 52, 245, 134, 119, 211, 101,
       121, 215, 185, 63, 115, 186, 86, 41, 151, 44, 83, 154, 74, 89,
       233, 120, 112, 219, 60, 41, 149, 28, 245, 47, 145, 172, 24, 5,
       240, 13, 188, 73, 16, 242, 50, 189, 89, 87, 32, 250, 68, 138, 199,
       136, 64, 207, 166, 103, 41, 228, 2, 133, 80, 181, 223, 138, 201,
       73, 233, 102, 196, 5, 78, 243, 93, 93, 28, 36, 33, 134, 19, 74,
       213, 3, 65, 170, 16, 250, 109, 44, 52, 52, 56, 39, 85, 156, 117,
       227, 153, 44, 56, 52, 177, 93, 141, 8, 16, 204, 3, 173, 72, 71,
       33, 250, 235, 200, 202, 163, 215, 250, 223, 8, 29, 203, 127, 254,
       187, 14, 228, 109, 131, 85, 61, 117, 128, 7, 234, 121, 109, 222,
       9, 39, 82, 11, 59, 43, 215, 37, 28, 219, 67, 125, 237, 182, 80,
       220, 56, 41, 215, 28, 116, 179, 157, 172, 26, 5, 233, 53, 188,
       168, 80, 242, 51, 189, 72, 23, 48, 250, 190, 59, 243, 116, 25, 98,
       233, 202, 192, 160, 195, 119, 103, 198, 129, 83, 250, 165, 167,
       83, 167, 47, 109, 95, 134, 154, 246, 143, 66, 46, 227, 254, 7,
       175, 111, 159, 48, 188, 121, 87, 77, 64, 176, 226, 235, 73, 3,
       239, 232, 54, 112, 211, 242, 22, 60, 65, 0, 186, 213, 235, 188, 7,
       177, 30, 63, 247, 125, 254, 62, 189, 255, 121, 255, 254, 255, 251,
       253, 123, 253, 85, 246, 247, 99, 123, 245, 118, 211, 246, 253,
       255, 245, 255, 126, 95, 247, 235, 215, 44, 215, 190, 219, 120,
       249, 125, 120, 93, 59, 47, 213, 181, 247, 111, 153, 172, 24, 13,
       240, 29, 158, 89, 16, 242, 51, 189, 122, 215, 40, 250, 191, 254,
       125, 239, 191, 189, 191, 248, 252, 253, 252, 251, 237, 123, 252,
       93, 242, 223, 111, 123, 245, 103, 195, 124, 237, 255, 245, 255,
       126, 91, 247, 255, 215, 44, 85, 190, 87, 120, 233, 117, 122, 94,
       58, 47, 213, 21, 247, 111, 153, 173, 24, 5, 240, 29, 156, 73, 16,
       242, 51, 189, 88, 87, 32, 250, 63, 250, 127, 175, 255, 253, 191,
       248, 255, 255, 254, 255, 253, 63, 251, 245, 251, 213, 43, 123,
       237, 103, 203, 124, 205, 255, 253, 63, 94, 95, 247, 255, 215, 44,
       85, 190, 82, 122, 233, 117, 120, 92, 122, 47, 213, 23, 245, 111,
       153, 172, 24, 5, 240, 29, 157, 73, 16, 242, 51, 189, 88, 87, 32,
       250, 125, 63, 255, 251, 127, 127, 179, 255, 253, 252, 254, 191,
       127, 255, 251, 255, 251, 213, 99, 102, 253, 231, 215, 55, 95, 239,
       176, 191, 123, 30, 114, 251, 247, 36, 85, 186, 82, 122, 233, 116,
       254, 92, 56, 46, 213, 23, 229, 111, 153, 172, 24, 5, 240, 29, 157,
       73, 16, 242, 51, 189, 88, 86, 34, 250, 60, 177, 255, 246, 54, 119,
       253, 126, 247, 222, 213, 245, 127, 126, 182, 94, 255, 223, 99, 99,
       245, 53, 195, 119, 205, 251, 246, 223, 82, 92, 245, 235, 215, 36,
       85, 190, 83, 120, 233, 117, 120, 92, 57, 47, 213, 21, 247, 111,
       153, 172, 24, 5, 240, 29, 156, 73, 16, 242, 51, 189, 88, 87, 32,
       250, 126, 49, 249, 182, 55, 183, 27, 95, 198, 206, 209, 48, 125,
       202, 179, 87, 242, 213, 35, 102, 77, 167, 195, 55, 204, 138, 230,
       13, 82, 12, 112, 41, 210, 36, 84, 190, 82, 120, 193, 116, 112, 92,
       56, 15, 209, 20, 193, 78, 153, 172, 24, 5, 240, 29, 156, 73, 16,
       242, 51, 189, 88, 86, 32, 250, 61, 39, 245, 178, 25, 111, 35, 127,
       228, 100, 210, 53, 125, 127, 155, 68, 235, 213, 67, 96, 241, 39,
       193, 119, 76, 248, 180, 141, 82, 12, 51, 233, 215, 36, 85, 186,
       82, 120, 233, 116, 120, 92, 56, 47, 213, 21, 245, 111, 153, 172,
       24, 5, 240, 29, 156, 73, 16, 242, 51, 189, 88, 87, 32, 250, 63,
       53, 245, 182, 23, 7, 29, 75, 230, 70, 209, 48, 125, 110, 176, 86,
       250, 215, 3, 102, 71, 39, 193, 119, 204, 154, 228, 77, 82, 28,
       240, 41, 214, 44, 85, 190, 82, 120, 193, 116, 112, 88, 56, 47,
       213, 20, 229, 110, 153, 172, 24, 5, 240, 29, 156, 73, 16, 242, 51,
       189, 88, 87, 32, 250 ]
