%YAML:1.0
descriptors: !!opencv-matrix
   rows: 21
   cols: 64
   dt: u
   data: [ 5, 35, 65, 146, 153, 0, 1, 74, 134, 64, 2, 51, 33, 75, 128,
       65, 98, 84, 5, 96, 67, 40, 136, 98, 78, 138, 32, 9, 146, 8, 48, 9,
       82, 38, 84, 154, 0, 112, 1, 212, 1, 64, 24, 10, 64, 20, 65, 198,
       9, 36, 16, 4, 96, 26, 140, 73, 16, 112, 35, 188, 72, 70, 32, 248,
       252, 255, 255, 253, 254, 255, 251, 255, 253, 253, 254, 255, 255,
       255, 251, 254, 251, 221, 127, 111, 125, 223, 247, 189, 255, 255,
       255, 191, 255, 223, 126, 191, 243, 109, 117, 255, 214, 119, 253,
       253, 254, 95, 251, 62, 223, 175, 219, 253, 175, 173, 223, 141,
       250, 191, 159, 93, 208, 254, 123, 223, 223, 94, 58, 191, 3, 6, 0,
       34, 217, 0, 6, 8, 36, 0, 10, 6, 160, 79, 129, 5, 66, 84, 1, 64,
       64, 2, 137, 96, 70, 156, 9, 1, 146, 10, 33, 73, 80, 38, 85, 154,
       0, 48, 13, 6, 33, 64, 24, 139, 68, 16, 100, 193, 8, 36, 16, 4, 80,
       24, 140, 9, 16, 96, 33, 188, 72, 71, 32, 112, 68, 1, 147, 144, 64,
       134, 74, 71, 2, 34, 1, 4, 82, 196, 147, 10, 226, 69, 48, 102, 142,
       173, 194, 3, 14, 194, 166, 13, 0, 12, 16, 72, 83, 39, 85, 187, 0,
       108, 71, 86, 32, 96, 144, 74, 77, 28, 129, 143, 25, 44, 16, 85,
       49, 88, 20, 75, 81, 122, 49, 185, 72, 68, 49, 242, 250, 208, 104,
       255, 255, 159, 223, 9, 255, 127, 61, 218, 191, 126, 116, 92, 181,
       247, 60, 183, 206, 127, 147, 108, 253, 215, 255, 127, 126, 251,
       215, 111, 151, 253, 30, 63, 250, 121, 250, 127, 112, 223, 237,
       105, 245, 28, 253, 63, 159, 142, 152, 7, 252, 181, 156, 251, 80,
       247, 242, 191, 248, 223, 56, 254, 199, 32, 81, 150, 17, 2, 9, 74,
       130, 226, 129, 50, 35, 138, 128, 82, 226, 212, 5, 101, 11, 132,
       224, 35, 12, 136, 168, 9, 82, 8, 48, 105, 112, 36, 52, 155, 66,
       124, 1, 214, 144, 66, 24, 10, 194, 28, 192, 12, 153, 36, 16, 5,
       96, 24, 148, 73, 144, 242, 49, 188, 92, 86, 32, 185, 70, 1, 8,
       144, 2, 2, 10, 71, 134, 162, 3, 4, 81, 128, 177, 66, 0, 80, 2, 69,
       10, 178, 64, 3, 12, 128, 164, 13, 2, 172, 48, 64, 96, 4, 6, 170,
       2, 104, 1, 82, 128, 64, 20, 8, 146, 92, 129, 78, 17, 172, 16, 5,
       32, 25, 20, 16, 16, 98, 49, 188, 72, 18, 96, 227, 1, 134, 4, 2,
       221, 128, 135, 80, 34, 4, 6, 67, 136, 89, 32, 1, 98, 116, 5, 32,
       192, 34, 137, 100, 72, 184, 12, 8, 178, 8, 17, 1, 212, 36, 80,
       154, 82, 16, 9, 212, 81, 80, 24, 7, 64, 80, 212, 69, 129, 36, 24,
       4, 112, 24, 140, 73, 48, 114, 50, 188, 88, 87, 36, 248, 71, 35,
       225, 145, 220, 134, 7, 92, 132, 103, 130, 54, 193, 206, 147, 67,
       202, 85, 3, 102, 203, 37, 202, 97, 14, 200, 24, 45, 18, 12, 49, 9,
       87, 39, 85, 187, 66, 120, 69, 86, 32, 96, 16, 14, 69, 12, 77, 151,
       24, 44, 24, 4, 113, 24, 156, 65, 16, 98, 51, 189, 72, 23, 32, 250,
       4, 34, 9, 128, 20, 19, 2, 118, 4, 6, 19, 20, 65, 0, 145, 98, 64,
       84, 1, 100, 129, 16, 196, 0, 12, 128, 140, 13, 16, 12, 17, 73,
       112, 4, 213, 138, 66, 114, 1, 214, 144, 64, 16, 12, 64, 14, 64,
       76, 19, 44, 16, 4, 48, 25, 132, 24, 128, 98, 35, 152, 72, 22, 32,
       240, 0, 3, 138, 88, 0, 82, 192, 134, 0, 130, 5, 132, 2, 144, 35,
       43, 8, 0, 32, 143, 2, 144, 100, 131, 1, 17, 144, 0, 1, 2, 2, 16,
       32, 18, 179, 192, 0, 12, 66, 0, 128, 32, 48, 112, 50, 204, 1, 168,
       81, 9, 102, 85, 17, 72, 96, 146, 147, 65, 8, 85, 65, 48, 67, 195,
       63, 242, 109, 162, 190, 189, 155, 88, 246, 94, 214, 112, 253, 59,
       252, 85, 242, 212, 7, 96, 225, 80, 129, 116, 76, 136, 172, 11, 94,
       28, 121, 233, 212, 36, 84, 186, 82, 122, 129, 244, 210, 94, 24,
       14, 208, 22, 192, 77, 153, 172, 24, 5, 240, 29, 159, 73, 16, 242,
       51, 188, 88, 87, 34, 249, 131, 198, 5, 2, 128, 0, 5, 136, 162, 5,
       37, 66, 138, 59, 4, 0, 66, 68, 4, 37, 0, 128, 160, 96, 8, 148, 29,
       8, 162, 10, 0, 25, 144, 100, 16, 218, 66, 0, 3, 140, 71, 130, 8,
       147, 128, 24, 80, 132, 1, 37, 1, 4, 24, 10, 134, 10, 56, 112, 32,
       28, 64, 84, 36, 249, 1, 6, 0, 0, 0, 68, 4, 20, 2, 6, 0, 64, 0, 13,
       22, 5, 13, 104, 0, 128, 208, 2, 120, 128, 16, 49, 20, 64, 0, 16,
       1, 65, 197, 24, 195, 32, 8, 0, 40, 8, 100, 0, 32, 171, 20, 112,
       52, 104, 16, 8, 24, 0, 148, 8, 24, 0, 43, 2, 2, 48, 0, 211, 72,
       106, 4, 3, 1, 128, 0, 65, 160, 110, 132, 128, 6, 4, 17, 16, 155,
       162, 10, 92, 1, 64, 0, 2, 228, 2, 12, 128, 4, 0, 16, 136, 16, 8,
       116, 4, 49, 138, 0, 98, 1, 4, 144, 48, 16, 6, 0, 134, 0, 204, 25,
       44, 127, 4, 16, 24, 133, 0, 144, 96, 43, 156, 72, 6, 32, 241, 4,
       35, 65, 128, 16, 0, 0, 102, 0, 2, 2, 20, 64, 1, 129, 2, 2, 68, 1,
       100, 64, 32, 192, 3, 12, 128, 128, 1, 16, 8, 48, 8, 116, 4, 84,
       186, 0, 122, 1, 84, 128, 64, 24, 10, 64, 4, 64, 78, 24, 44, 24, 4,
       48, 24, 156, 8, 0, 98, 19, 152, 72, 6, 32, 240, 5, 38, 69, 0, 216,
       130, 3, 88, 160, 4, 128, 115, 192, 27, 128, 1, 98, 101, 7, 100,
       193, 2, 24, 96, 6, 168, 12, 5, 146, 8, 1, 65, 84, 36, 84, 154, 0,
       48, 5, 148, 69, 64, 24, 134, 64, 64, 192, 197, 16, 36, 24, 0, 112,
       24, 140, 1, 48, 48, 35, 156, 72, 87, 36, 248, 51, 21, 17, 2, 4,
       132, 5, 8, 194, 4, 17, 0, 33, 8, 16, 21, 118, 102, 2, 0, 192, 34,
       209, 71, 140, 160, 228, 8, 18, 24, 193, 104, 6, 44, 128, 190, 8,
       8, 1, 72, 0, 64, 20, 137, 192, 112, 164, 79, 18, 36, 9, 8, 32, 24,
       28, 65, 40, 50, 19, 184, 40, 151, 44, 234, 51, 22, 101, 2, 22,
       140, 1, 120, 198, 4, 146, 84, 109, 13, 16, 4, 118, 100, 67, 176,
       240, 66, 209, 228, 156, 176, 44, 8, 58, 156, 65, 72, 76, 44, 193,
       190, 78, 40, 9, 72, 92, 80, 18, 143, 64, 96, 164, 77, 178, 36,
       137, 8, 224, 24, 30, 17, 40, 50, 19, 184, 106, 151, 44, 122, 1,
       38, 101, 32, 156, 176, 35, 88, 224, 30, 130, 65, 192, 17, 128, 1,
       66, 100, 131, 32, 224, 2, 24, 212, 68, 168, 12, 129, 30, 4, 33,
       64, 85, 4, 214, 184, 48, 56, 9, 36, 108, 68, 26, 135, 64, 96, 180,
       77, 56, 60, 24, 0, 240, 29, 142, 9, 20, 162, 19, 132, 72, 87, 36,
       120, 50, 1, 128, 22, 3, 0, 8, 15, 198, 2, 147, 52, 49, 134, 19,
       22, 106, 16, 2, 208, 0, 162, 193, 7, 28, 128, 164, 9, 2, 168, 0,
       72, 64, 44, 68, 190, 66, 40, 1, 92, 0, 64, 16, 10, 192, 116, 129,
       78, 25, 44, 24, 1, 112, 24, 148, 65, 0, 114, 51, 184, 40, 22, 32,
       106 ]
