%YAML:1.0
descriptors: !!opencv-matrix
   rows: 18
   cols: 64
   dt: u
   data: [ 191, 252, 125, 239, 255, 61, 255, 249, 255, 93, 253, 251, 255,
       122, 252, 253, 243, 247, 127, 117, 117, 118, 177, 124, 255, 255,
       253, 187, 255, 255, 255, 191, 198, 109, 222, 223, 222, 115, 249,
       253, 251, 223, 127, 31, 209, 55, 252, 93, 173, 191, 159, 13, 250,
       191, 159, 89, 120, 246, 123, 191, 255, 223, 46, 189, 5, 39, 101,
       128, 216, 175, 35, 112, 96, 92, 194, 87, 200, 113, 128, 65, 226,
       197, 131, 100, 193, 37, 130, 243, 76, 184, 8, 5, 120, 12, 49, 9,
       86, 36, 85, 186, 80, 122, 9, 84, 212, 84, 26, 6, 193, 4, 225, 79,
       152, 44, 24, 4, 240, 29, 156, 73, 16, 242, 51, 189, 72, 87, 36,
       248, 5, 2, 4, 32, 153, 160, 160, 122, 16, 24, 194, 117, 224, 81,
       129, 1, 66, 76, 129, 64, 225, 12, 136, 209, 2, 40, 0, 128, 212, 4,
       33, 79, 93, 34, 85, 184, 21, 178, 9, 4, 209, 52, 26, 6, 72, 1, 74,
       193, 8, 52, 88, 52, 208, 30, 140, 8, 6, 0, 39, 164, 72, 7, 36, 88,
       3, 21, 16, 22, 21, 128, 25, 94, 2, 2, 1, 128, 32, 9, 4, 19, 102,
       70, 0, 65, 2, 32, 192, 35, 4, 128, 160, 9, 18, 8, 0, 41, 80, 36,
       52, 186, 2, 104, 3, 213, 18, 202, 24, 10, 130, 16, 192, 78, 16,
       36, 16, 4, 32, 24, 148, 73, 16, 50, 51, 156, 88, 86, 34, 251, 50,
       37, 17, 18, 1, 130, 15, 77, 194, 2, 129, 52, 97, 6, 129, 18, 122,
       2, 2, 84, 130, 32, 65, 199, 148, 128, 224, 13, 2, 168, 1, 8, 14,
       12, 5, 158, 8, 40, 3, 76, 32, 64, 20, 169, 36, 112, 165, 78, 18,
       174, 8, 2, 34, 24, 124, 81, 8, 50, 19, 177, 40, 23, 104, 66, 163,
       21, 0, 6, 5, 4, 13, 18, 162, 4, 33, 64, 2, 9, 4, 23, 102, 102, 6,
       37, 2, 6, 113, 103, 4, 162, 165, 8, 18, 8, 64, 33, 80, 44, 176,
       158, 2, 40, 2, 193, 64, 194, 56, 171, 130, 112, 4, 78, 0, 160, 16,
       0, 32, 24, 182, 1, 24, 50, 50, 28, 72, 20, 36, 250, 18, 1, 9, 146,
       2, 16, 28, 7, 66, 130, 17, 16, 48, 130, 1, 82, 78, 86, 0, 69, 2,
       176, 193, 3, 140, 144, 160, 9, 2, 40, 16, 40, 16, 4, 148, 154, 10,
       104, 3, 82, 32, 74, 53, 104, 146, 28, 192, 14, 19, 172, 16, 5, 32,
       25, 52, 75, 0, 50, 48, 120, 88, 20, 96, 242, 39, 36, 41, 2, 17,
       130, 7, 79, 194, 2, 133, 52, 97, 6, 132, 0, 66, 36, 66, 80, 209,
       112, 80, 199, 148, 160, 200, 141, 34, 152, 1, 72, 141, 12, 195,
       142, 8, 8, 9, 72, 40, 17, 20, 129, 84, 113, 164, 79, 50, 174, 137,
       10, 50, 25, 88, 17, 44, 34, 23, 176, 40, 211, 108, 74, 128, 2, 7,
       133, 160, 64, 128, 244, 66, 144, 22, 85, 64, 17, 67, 160, 34, 68,
       4, 44, 0, 0, 164, 192, 40, 128, 8, 0, 164, 10, 2, 24, 180, 100,
       112, 216, 92, 82, 11, 132, 151, 16, 9, 22, 8, 134, 72, 4, 0, 17,
       103, 161, 24, 2, 129, 10, 0, 64, 0, 76, 64, 4, 38, 249, 5, 2, 5,
       32, 152, 160, 35, 88, 160, 28, 128, 65, 64, 9, 128, 1, 2, 108,
       131, 64, 224, 34, 8, 212, 68, 184, 12, 128, 152, 0, 33, 64, 92, 0,
       216, 168, 1, 160, 1, 0, 205, 32, 26, 135, 64, 97, 178, 65, 56, 52,
       8, 0, 65, 24, 78, 0, 44, 2, 7, 132, 0, 215, 100, 89, 0, 0, 162, 1,
       1, 68, 128, 239, 132, 138, 18, 21, 17, 4, 27, 6, 8, 0, 195, 4, 0,
       130, 198, 4, 28, 128, 28, 0, 0, 136, 2, 8, 100, 40, 41, 168, 20,
       38, 1, 8, 1, 32, 16, 138, 14, 160, 8, 240, 59, 8, 121, 129, 145,
       26, 20, 0, 128, 64, 8, 64, 4, 5, 0, 98, 1, 6, 5, 2, 28, 32, 5, 16,
       224, 14, 0, 0, 8, 9, 0, 1, 66, 100, 3, 96, 224, 2, 16, 228, 0, 32,
       4, 0, 144, 0, 33, 64, 80, 44, 148, 186, 8, 32, 1, 128, 76, 66, 26,
       139, 64, 112, 128, 76, 48, 36, 24, 0, 96, 24, 12, 1, 24, 34, 19,
       148, 72, 214, 36, 105, 70, 34, 1, 130, 0, 2, 10, 7, 66, 34, 19,
       20, 64, 134, 1, 18, 96, 0, 0, 212, 9, 128, 69, 0, 140, 128, 168,
       9, 2, 12, 33, 72, 112, 36, 84, 186, 74, 114, 1, 86, 128, 64, 16,
       10, 192, 28, 128, 76, 153, 44, 16, 1, 32, 25, 21, 73, 128, 114,
       17, 176, 72, 86, 32, 224, 3, 16, 0, 130, 21, 32, 0, 58, 66, 10,
       178, 48, 32, 2, 0, 1, 66, 84, 5, 144, 64, 0, 161, 0, 12, 128, 32,
       1, 18, 8, 1, 89, 112, 36, 148, 186, 66, 98, 1, 197, 192, 66, 18,
       10, 64, 6, 128, 76, 0, 53, 80, 4, 40, 24, 133, 1, 128, 50, 34,
       152, 8, 22, 36, 57, 5, 34, 65, 130, 25, 130, 34, 120, 0, 8, 2, 49,
       0, 3, 129, 1, 66, 68, 1, 96, 192, 0, 128, 96, 12, 136, 8, 5, 18,
       8, 33, 73, 85, 36, 84, 186, 16, 120, 1, 84, 68, 64, 24, 14, 64,
       16, 192, 77, 24, 36, 24, 4, 112, 24, 156, 9, 0, 34, 51, 188, 72,
       71, 32, 248, 60, 49, 245, 182, 16, 38, 57, 126, 230, 76, 211, 53,
       109, 111, 145, 86, 250, 212, 3, 98, 193, 32, 193, 119, 204, 136,
       164, 9, 82, 12, 112, 105, 86, 36, 85, 186, 82, 120, 193, 84, 112,
       92, 24, 14, 196, 20, 193, 78, 153, 172, 24, 5, 240, 29, 156, 73,
       16, 242, 51, 189, 88, 87, 32, 250, 28, 50, 85, 162, 29, 177, 33,
       120, 228, 58, 210, 53, 109, 7, 145, 65, 226, 212, 3, 96, 225, 32,
       193, 116, 76, 136, 160, 139, 82, 12, 49, 235, 85, 36, 85, 186, 82,
       120, 161, 116, 120, 84, 24, 14, 196, 5, 192, 79, 153, 172, 24, 5,
       240, 29, 156, 73, 16, 242, 51, 188, 88, 87, 32, 248, 45, 54, 101,
       168, 63, 189, 165, 120, 244, 126, 194, 49, 109, 63, 185, 69, 226,
       252, 67, 96, 241, 98, 217, 116, 76, 168, 164, 139, 122, 28, 113,
       235, 213, 36, 87, 186, 83, 120, 169, 116, 124, 92, 26, 47, 212,
       113, 246, 79, 153, 172, 24, 5, 240, 29, 156, 73, 16, 242, 51, 188,
       88, 87, 32, 250 ]
