%YAML:1.0
descriptors: !!opencv-matrix
   rows: 17
   cols: 64
   dt: u
   data: [ 76, 33, 227, 176, 18, 7, 33, 111, 196, 198, 66, 52, 81, 130,
       179, 66, 234, 212, 1, 102, 65, 161, 196, 51, 12, 136, 160, 13, 82,
       8, 48, 41, 114, 36, 21, 186, 82, 120, 1, 84, 48, 64, 16, 14, 64,
       20, 65, 78, 153, 44, 24, 5, 240, 28, 156, 73, 16, 242, 51, 189,
       88, 22, 32, 242, 191, 245, 125, 254, 55, 61, 125, 123, 245, 84,
       253, 243, 127, 122, 244, 92, 243, 212, 103, 115, 117, 126, 177,
       119, 252, 191, 229, 155, 127, 219, 124, 233, 222, 108, 4, 254,
       214, 120, 217, 253, 91, 223, 191, 47, 208, 53, 245, 78, 187, 165,
       155, 13, 248, 29, 158, 89, 56, 242, 123, 187, 123, 223, 46, 251,
       127, 246, 125, 253, 127, 191, 255, 88, 253, 255, 196, 251, 237,
       127, 173, 87, 242, 255, 155, 107, 245, 119, 219, 126, 229, 254,
       225, 255, 126, 119, 253, 239, 215, 224, 215, 190, 247, 248, 249,
       127, 124, 94, 122, 47, 213, 145, 247, 107, 185, 236, 24, 5, 244,
       29, 156, 77, 62, 246, 183, 189, 218, 215, 46, 255, 61, 52, 125,
       188, 48, 167, 63, 127, 225, 110, 193, 180, 125, 39, 181, 86, 242,
       168, 67, 96, 241, 112, 81, 183, 212, 40, 228, 157, 107, 156, 253,
       225, 223, 4, 7, 190, 139, 120, 129, 125, 62, 202, 29, 175, 244,
       113, 231, 79, 155, 174, 24, 15, 224, 28, 92, 93, 28, 179, 27, 185,
       58, 210, 106, 227, 59, 22, 109, 168, 63, 117, 189, 60, 181, 254,
       250, 181, 125, 45, 121, 231, 217, 252, 195, 248, 240, 114, 252,
       188, 77, 173, 164, 146, 89, 87, 125, 251, 121, 40, 215, 164, 255,
       114, 161, 113, 126, 76, 122, 44, 86, 231, 194, 108, 186, 173, 30,
       5, 242, 29, 220, 93, 158, 242, 47, 188, 219, 214, 106, 182, 55,
       50, 85, 162, 29, 178, 15, 72, 230, 6, 131, 112, 173, 111, 128, 81,
       226, 247, 1, 96, 193, 36, 193, 119, 76, 152, 224, 15, 82, 8, 97,
       105, 215, 36, 84, 186, 82, 120, 169, 116, 112, 92, 24, 15, 213,
       16, 245, 79, 153, 172, 24, 5, 240, 29, 156, 73, 16, 242, 51, 189,
       88, 87, 32, 250, 67, 1, 128, 22, 21, 130, 14, 76, 2, 34, 17, 16,
       32, 131, 128, 19, 98, 84, 0, 68, 138, 33, 195, 35, 12, 128, 168,
       13, 18, 8, 33, 73, 81, 36, 20, 186, 2, 104, 1, 86, 0, 64, 24, 10,
       192, 28, 193, 78, 17, 36, 24, 5, 32, 24, 148, 73, 16, 50, 51, 152,
       8, 22, 32, 240, 82, 33, 1, 150, 2, 2, 10, 39, 66, 2, 19, 20, 112,
       134, 17, 18, 116, 130, 0, 212, 3, 161, 65, 131, 140, 128, 224, 13,
       2, 168, 128, 104, 96, 36, 69, 154, 74, 112, 1, 86, 0, 64, 17, 10,
       192, 12, 129, 78, 145, 44, 16, 3, 32, 24, 20, 65, 128, 114, 17,
       176, 72, 6, 96, 224, 0, 2, 1, 128, 0, 0, 168, 101, 0, 138, 82, 21,
       17, 4, 153, 160, 2, 68, 129, 64, 64, 0, 196, 0, 12, 136, 12, 0, 2,
       8, 49, 88, 116, 36, 93, 154, 20, 98, 1, 4, 129, 64, 16, 10, 66,
       134, 0, 72, 27, 44, 94, 4, 2, 16, 5, 8, 128, 98, 10, 168, 68, 6,
       32, 176, 5, 38, 1, 32, 25, 160, 36, 72, 224, 0, 128, 97, 96, 67,
       132, 1, 66, 44, 131, 64, 192, 34, 8, 198, 68, 136, 0, 129, 2, 8,
       1, 64, 30, 6, 68, 154, 32, 40, 9, 4, 109, 0, 24, 131, 64, 113,
       180, 75, 48, 36, 8, 0, 224, 16, 76, 1, 12, 34, 23, 160, 8, 87, 36,
       72, 1, 6, 0, 2, 221, 32, 7, 80, 160, 4, 0, 3, 0, 9, 0, 1, 66, 100,
       5, 96, 64, 2, 24, 100, 64, 168, 12, 0, 144, 8, 33, 65, 80, 36, 20,
       186, 0, 32, 1, 132, 80, 66, 24, 142, 64, 112, 128, 77, 24, 36, 24,
       0, 112, 24, 140, 1, 16, 32, 35, 156, 72, 86, 36, 249, 38, 33, 33,
       2, 1, 0, 5, 15, 194, 130, 147, 52, 113, 6, 137, 18, 82, 0, 66, 20,
       17, 34, 80, 199, 148, 128, 196, 9, 2, 152, 0, 8, 12, 12, 71, 142,
       8, 8, 1, 72, 32, 16, 20, 160, 4, 112, 37, 110, 50, 46, 137, 10,
       50, 25, 124, 80, 40, 34, 18, 176, 40, 211, 104, 74, 129, 3, 7, 5,
       52, 32, 128, 254, 0, 144, 52, 69, 2, 17, 3, 33, 34, 68, 4, 41, 0,
       8, 228, 96, 8, 136, 0, 0, 180, 8, 0, 25, 52, 36, 48, 152, 84, 0,
       0, 133, 215, 32, 27, 22, 136, 0, 72, 204, 0, 17, 69, 129, 16, 154,
       128, 8, 0, 0, 32, 76, 64, 4, 6, 217, 5, 33, 68, 0, 17, 32, 32,
       122, 32, 0, 128, 113, 32, 11, 128, 65, 98, 92, 129, 64, 65, 32,
       128, 114, 0, 8, 0, 1, 208, 12, 32, 65, 92, 36, 20, 186, 0, 112, 1,
       212, 209, 64, 24, 6, 64, 1, 66, 76, 24, 36, 24, 4, 112, 28, 140,
       9, 16, 176, 35, 156, 8, 6, 36, 249, 131, 81, 16, 22, 21, 0, 9, 90,
       130, 4, 33, 130, 34, 137, 132, 19, 98, 68, 4, 65, 2, 142, 224, 39,
       12, 130, 161, 9, 18, 8, 0, 9, 82, 36, 52, 154, 0, 40, 3, 197, 2,
       194, 56, 11, 138, 16, 0, 76, 0, 164, 112, 4, 32, 26, 164, 0, 24,
       50, 49, 24, 24, 84, 32, 187, 7, 33, 1, 150, 21, 0, 12, 126, 66,
       130, 177, 48, 96, 2, 128, 67, 98, 84, 0, 65, 0, 160, 192, 2, 12,
       128, 160, 9, 18, 8, 33, 73, 112, 36, 20, 186, 2, 120, 1, 212, 144,
       66, 24, 10, 130, 20, 192, 78, 17, 44, 16, 5, 32, 24, 149, 73, 16,
       50, 51, 152, 72, 22, 32, 241, 4, 50, 101, 128, 28, 163, 11, 124,
       64, 70, 145, 52, 73, 1, 145, 65, 226, 212, 3, 96, 192, 32, 192,
       241, 12, 136, 168, 13, 82, 12, 49, 105, 85, 36, 21, 186, 82, 120,
       1, 84, 48, 64, 24, 14, 192, 20, 192, 79, 24, 172, 24, 5, 112, 24,
       156, 73, 16, 242, 51, 156, 88, 87, 32, 248 ]
