%YAML:1.0
descriptors: !!opencv-matrix
   rows: 8
   cols: 64
   dt: u
   data: [ 60, 181, 125, 182, 63, 181, 191, 125, 246, 92, 214, 117, 253,
       126, 176, 84, 250, 213, 67, 98, 245, 35, 195, 119, 204, 186, 228,
       143, 90, 92, 241, 235, 215, 36, 85, 190, 82, 120, 233, 116, 120,
       92, 56, 47, 213, 53, 247, 111, 153, 172, 24, 5, 240, 29, 156, 73,
       16, 242, 51, 189, 88, 87, 32, 250, 62, 181, 253, 254, 55, 183,
       223, 125, 246, 212, 213, 244, 253, 126, 189, 86, 250, 215, 67,
       115, 245, 55, 195, 119, 205, 250, 228, 93, 114, 92, 245, 233, 215,
       44, 85, 190, 90, 120, 233, 116, 120, 93, 56, 47, 213, 53, 245,
       111, 153, 172, 24, 5, 240, 29, 156, 73, 16, 242, 51, 189, 88, 87,
       32, 250, 63, 182, 237, 170, 63, 255, 177, 127, 245, 126, 214, 117,
       125, 63, 185, 228, 251, 252, 67, 112, 245, 115, 219, 119, 125,
       168, 164, 159, 126, 221, 113, 235, 223, 44, 85, 190, 87, 122, 233,
       124, 120, 93, 122, 47, 213, 181, 247, 111, 153, 172, 24, 5, 240,
       29, 156, 73, 16, 242, 51, 189, 90, 87, 40, 250, 247, 48, 243, 181,
       220, 134, 155, 232, 198, 109, 209, 119, 231, 79, 147, 84, 234,
       213, 3, 102, 201, 165, 130, 124, 78, 218, 184, 47, 210, 10, 115,
       127, 87, 37, 85, 187, 82, 120, 233, 116, 80, 72, 24, 14, 193, 20,
       201, 95, 153, 172, 24, 5, 240, 28, 156, 73, 16, 242, 51, 189, 88,
       87, 32, 250, 255, 54, 231, 182, 95, 39, 45, 127, 244, 254, 210,
       51, 239, 203, 178, 71, 242, 245, 99, 99, 253, 175, 219, 127, 14,
       234, 182, 143, 90, 93, 113, 239, 87, 39, 84, 187, 82, 124, 97,
       244, 88, 68, 26, 14, 201, 5, 193, 207, 152, 172, 24, 5, 240, 28,
       156, 73, 16, 242, 51, 189, 88, 86, 32, 250, 100, 51, 225, 176, 92,
       174, 34, 83, 196, 104, 66, 23, 193, 195, 144, 65, 226, 213, 3,
       100, 193, 37, 129, 119, 78, 152, 164, 13, 82, 12, 49, 104, 87, 36,
       84, 186, 82, 120, 1, 84, 80, 84, 24, 15, 193, 20, 229, 79, 153,
       44, 24, 4, 240, 29, 156, 73, 16, 242, 51, 189, 88, 87, 32, 248,
       124, 189, 255, 252, 127, 255, 247, 127, 253, 252, 222, 253, 127,
       254, 255, 206, 251, 253, 115, 115, 247, 63, 223, 247, 255, 255,
       247, 191, 123, 223, 127, 239, 207, 46, 87, 190, 223, 120, 249,
       124, 120, 125, 254, 47, 213, 53, 247, 111, 189, 172, 152, 77, 240,
       29, 156, 73, 16, 242, 119, 191, 91, 95, 169, 250, 190, 253, 255,
       255, 54, 125, 253, 255, 255, 222, 255, 255, 127, 254, 255, 254,
       255, 254, 231, 251, 119, 254, 245, 247, 255, 191, 247, 249, 239,
       255, 254, 185, 238, 126, 239, 254, 255, 127, 219, 253, 123, 255,
       247, 255, 254, 247, 247, 238, 251, 191, 239, 223, 250, 31, 255,
       93, 191, 243, 127, 255, 127, 191, 239, 250 ]
