%YAML:1.0
descriptors: !!opencv-matrix
   rows: 16
   cols: 64
   dt: u
   data: [ 60, 176, 255, 166, 55, 119, 189, 126, 244, 252, 253, 245, 127,
       63, 179, 110, 251, 220, 99, 99, 241, 7, 229, 247, 77, 235, 244,
       155, 90, 76, 119, 235, 223, 36, 85, 190, 83, 120, 233, 116, 120,
       92, 56, 47, 212, 53, 247, 111, 153, 172, 24, 5, 240, 29, 156, 73,
       16, 242, 51, 189, 88, 87, 32, 250, 45, 38, 101, 160, 30, 53, 35,
       253, 244, 126, 194, 53, 125, 59, 249, 231, 226, 252, 67, 96, 113,
       194, 156, 52, 76, 168, 44, 129, 218, 12, 57, 251, 112, 36, 87,
       186, 82, 114, 1, 116, 220, 84, 24, 30, 80, 135, 64, 76, 153, 45,
       28, 4, 240, 29, 141, 73, 16, 240, 35, 188, 88, 86, 32, 249, 65, 2,
       133, 144, 204, 130, 2, 116, 96, 32, 146, 7, 200, 245, 11, 0, 226,
       197, 9, 100, 200, 37, 194, 241, 78, 200, 168, 12, 16, 4, 33, 75,
       87, 37, 85, 186, 82, 120, 165, 68, 116, 84, 24, 14, 197, 12, 225,
       79, 153, 172, 24, 5, 240, 29, 156, 73, 16, 242, 51, 189, 72, 86,
       32, 248, 126, 53, 125, 150, 54, 7, 31, 79, 230, 68, 149, 48, 125,
       234, 180, 86, 242, 212, 7, 100, 27, 162, 177, 54, 220, 136, 228,
       9, 210, 28, 124, 41, 192, 36, 20, 190, 66, 112, 129, 212, 18, 202,
       28, 15, 208, 28, 192, 78, 153, 172, 18, 5, 112, 28, 148, 73, 16,
       242, 49, 188, 88, 22, 34, 249, 55, 54, 81, 166, 29, 128, 13, 9,
       230, 66, 131, 112, 173, 11, 160, 85, 242, 246, 1, 112, 193, 34,
       145, 116, 196, 152, 224, 9, 18, 8, 225, 105, 86, 36, 86, 158, 66,
       120, 129, 84, 0, 72, 24, 139, 192, 20, 244, 79, 152, 172, 24, 5,
       96, 29, 156, 73, 16, 242, 51, 188, 88, 87, 32, 248, 82, 1, 8, 130,
       64, 130, 10, 0, 6, 2, 19, 4, 17, 0, 17, 18, 68, 83, 0, 4, 0, 32,
       128, 3, 8, 128, 168, 12, 2, 168, 16, 8, 80, 36, 16, 138, 2, 72, 2,
       64, 0, 64, 17, 8, 0, 12, 128, 78, 19, 44, 16, 0, 32, 24, 148, 67,
       0, 114, 50, 184, 72, 22, 32, 240, 67, 1, 0, 20, 5, 2, 25, 126, 0,
       160, 49, 128, 0, 137, 4, 3, 0, 84, 4, 65, 130, 162, 224, 35, 12,
       130, 128, 8, 16, 8, 1, 73, 112, 52, 52, 186, 2, 104, 2, 199, 146,
       226, 24, 10, 130, 20, 65, 78, 17, 32, 80, 4, 96, 24, 148, 8, 16,
       34, 49, 152, 72, 22, 34, 249, 71, 4, 0, 16, 93, 130, 6, 88, 32,
       32, 129, 32, 32, 137, 132, 3, 64, 37, 5, 80, 138, 162, 136, 35, 4,
       136, 136, 15, 16, 12, 1, 64, 89, 36, 20, 186, 0, 32, 5, 214, 0,
       66, 24, 11, 64, 88, 192, 11, 16, 36, 16, 4, 97, 24, 132, 9, 16,
       34, 35, 156, 8, 86, 32, 121, 76, 33, 211, 176, 16, 97, 32, 118,
       128, 168, 66, 53, 81, 134, 147, 66, 234, 220, 3, 98, 201, 161,
       198, 19, 76, 136, 164, 9, 82, 12, 48, 104, 117, 36, 85, 186, 82,
       120, 1, 116, 112, 68, 16, 46, 68, 20, 129, 110, 153, 44, 24, 5,
       240, 28, 156, 73, 16, 242, 51, 189, 88, 86, 32, 250, 5, 7, 0, 0,
       0, 0, 4, 82, 32, 4, 0, 0, 0, 1, 0, 3, 64, 108, 1, 68, 64, 130, 0,
       0, 0, 0, 4, 0, 144, 0, 0, 0, 80, 4, 16, 170, 0, 32, 1, 0, 4, 2,
       24, 131, 64, 112, 0, 204, 16, 36, 16, 4, 0, 24, 4, 0, 24, 32, 3,
       148, 8, 70, 36, 105, 60, 186, 239, 249, 62, 253, 249, 249, 253,
       254, 222, 191, 221, 255, 251, 239, 251, 221, 107, 107, 253, 245,
       198, 126, 77, 255, 181, 187, 126, 95, 119, 251, 247, 36, 87, 186,
       86, 122, 233, 116, 248, 93, 122, 62, 213, 134, 245, 111, 153, 173,
       28, 5, 240, 29, 157, 73, 16, 242, 51, 189, 90, 87, 32, 250, 63,
       183, 125, 222, 55, 189, 221, 120, 247, 246, 245, 242, 253, 123,
       180, 87, 242, 214, 3, 99, 197, 38, 193, 118, 205, 158, 245, 59,
       82, 28, 245, 107, 215, 36, 85, 190, 82, 120, 233, 117, 112, 92,
       56, 47, 212, 20, 245, 111, 153, 172, 24, 5, 240, 29, 156, 73, 16,
       242, 51, 189, 88, 87, 32, 250, 18, 16, 1, 134, 6, 2, 10, 32, 66,
       2, 19, 4, 17, 0, 17, 18, 116, 130, 0, 144, 128, 32, 193, 128, 136,
       128, 232, 72, 2, 168, 145, 104, 96, 44, 20, 190, 74, 104, 0, 64,
       128, 64, 5, 10, 130, 4, 128, 76, 147, 44, 16, 3, 32, 24, 20, 65,
       0, 114, 18, 152, 72, 22, 96, 224, 63, 183, 125, 150, 62, 189, 157,
       120, 246, 222, 255, 243, 253, 127, 188, 84, 242, 214, 35, 99, 245,
       102, 195, 119, 205, 190, 245, 123, 90, 30, 241, 107, 215, 36, 85,
       190, 82, 120, 233, 116, 112, 92, 56, 47, 212, 20, 245, 111, 153,
       172, 24, 5, 240, 29, 156, 73, 16, 242, 51, 189, 88, 87, 32, 250,
       66, 0, 1, 128, 4, 2, 10, 52, 2, 2, 17, 0, 64, 0, 0, 3, 4, 68, 0,
       196, 192, 33, 192, 2, 12, 128, 168, 12, 18, 0, 33, 73, 112, 36,
       144, 184, 10, 104, 0, 193, 128, 66, 24, 10, 192, 20, 192, 78, 18,
       40, 24, 4, 32, 24, 28, 9, 0, 34, 19, 152, 72, 22, 34, 225, 60, 49,
       125, 182, 63, 165, 189, 125, 246, 220, 215, 113, 253, 127, 176,
       85, 251, 212, 67, 99, 245, 34, 195, 247, 204, 190, 244, 155, 82,
       28, 241, 235, 223, 44, 85, 190, 82, 120, 233, 116, 120, 92, 56,
       47, 212, 53, 245, 111, 153, 172, 24, 5, 240, 29, 156, 73, 16, 242,
       51, 189, 88, 87, 32, 250 ]
