%YAML:1.0
descriptors: !!opencv-matrix
   rows: 25
   cols: 64
   dt: u
   data: [ 55, 54, 81, 130, 93, 130, 3, 74, 230, 64, 129, 112, 173, 75,
       132, 85, 226, 215, 1, 96, 193, 39, 129, 103, 70, 152, 224, 15, 18,
       8, 97, 105, 215, 36, 20, 186, 82, 120, 33, 116, 112, 72, 24, 15,
       209, 20, 245, 79, 153, 172, 24, 5, 240, 24, 156, 73, 16, 242, 51,
       157, 88, 87, 32, 249, 70, 2, 131, 211, 217, 130, 131, 200, 8, 43,
       2, 23, 129, 194, 131, 1, 66, 85, 153, 6, 206, 45, 138, 73, 14,
       194, 10, 39, 146, 9, 1, 95, 55, 167, 93, 27, 48, 246, 103, 22,
       129, 96, 8, 72, 73, 12, 73, 147, 64, 44, 24, 52, 5, 114, 140, 171,
       80, 104, 34, 45, 76, 5, 49, 180, 249, 62, 255, 245, 254, 247, 123,
       253, 253, 255, 211, 191, 255, 249, 187, 222, 251, 245, 123, 107,
       254, 223, 222, 189, 223, 251, 190, 191, 218, 221, 127, 239, 199,
       175, 87, 255, 210, 253, 253, 127, 120, 92, 233, 191, 223, 44, 249,
       179, 157, 172, 24, 173, 241, 189, 156, 79, 80, 254, 243, 191, 222,
       87, 56, 254, 2, 1, 128, 144, 1, 6, 4, 6, 4, 230, 1, 4, 16, 140,
       49, 6, 12, 80, 0, 224, 130, 35, 192, 35, 72, 0, 132, 4, 16, 0, 17,
       65, 215, 52, 81, 40, 2, 72, 0, 64, 48, 32, 16, 42, 212, 20, 229,
       110, 25, 168, 24, 5, 48, 25, 156, 8, 17, 98, 51, 181, 64, 86, 0,
       234, 120, 63, 255, 220, 114, 127, 127, 247, 253, 254, 223, 149,
       95, 253, 251, 238, 255, 253, 251, 111, 126, 253, 246, 179, 219,
       107, 182, 220, 105, 212, 126, 233, 251, 51, 119, 189, 222, 126,
       214, 125, 252, 125, 187, 190, 255, 174, 229, 238, 191, 172, 191,
       223, 243, 125, 159, 93, 117, 254, 123, 255, 123, 246, 137, 250,
       121, 63, 239, 252, 126, 127, 127, 127, 253, 254, 254, 149, 127,
       252, 251, 238, 187, 253, 251, 111, 244, 223, 220, 191, 223, 111,
       190, 150, 121, 215, 126, 239, 223, 43, 231, 181, 255, 126, 253,
       125, 252, 125, 255, 47, 223, 231, 247, 235, 191, 172, 159, 223,
       243, 125, 159, 93, 127, 254, 127, 255, 251, 223, 201, 254, 63,
       183, 125, 182, 127, 191, 191, 120, 246, 254, 255, 241, 253, 123,
       252, 84, 242, 215, 3, 99, 229, 99, 193, 118, 205, 222, 229, 191,
       90, 30, 241, 235, 215, 36, 85, 190, 83, 120, 233, 116, 120, 92,
       56, 47, 213, 21, 247, 111, 153, 172, 24, 5, 240, 29, 157, 73, 16,
       242, 51, 189, 88, 87, 32, 250, 67, 5, 0, 2, 205, 130, 6, 8, 34, 0,
       0, 1, 160, 75, 0, 5, 102, 35, 1, 148, 192, 39, 129, 99, 64, 128,
       8, 12, 18, 8, 1, 65, 150, 36, 16, 176, 67, 8, 5, 64, 64, 64, 24,
       139, 65, 80, 228, 79, 16, 36, 24, 4, 112, 24, 156, 9, 16, 50, 51,
       148, 8, 86, 32, 104, 76, 33, 225, 176, 16, 167, 35, 127, 132, 230,
       195, 52, 81, 130, 153, 66, 202, 84, 3, 100, 137, 33, 194, 51, 76,
       136, 164, 13, 82, 12, 49, 73, 81, 36, 85, 186, 82, 120, 1, 84,
       176, 64, 16, 14, 65, 20, 193, 110, 153, 44, 24, 5, 240, 29, 156,
       73, 16, 242, 51, 189, 72, 86, 32, 242, 31, 51, 77, 181, 54, 184,
       159, 80, 126, 158, 218, 119, 205, 127, 217, 83, 240, 213, 3, 243,
       229, 32, 195, 114, 205, 158, 165, 107, 90, 14, 241, 107, 215, 44,
       85, 186, 90, 120, 233, 116, 112, 92, 56, 47, 212, 16, 245, 111,
       153, 172, 24, 5, 240, 29, 156, 73, 16, 242, 51, 189, 88, 87, 32,
       250, 109, 54, 109, 168, 30, 117, 35, 253, 244, 254, 222, 53, 125,
       191, 251, 231, 227, 252, 67, 96, 249, 210, 156, 52, 77, 168, 172,
       137, 219, 92, 59, 251, 241, 36, 87, 186, 82, 114, 1, 116, 218, 84,
       26, 30, 84, 135, 66, 76, 153, 44, 30, 4, 240, 29, 141, 73, 16,
       240, 43, 188, 88, 86, 34, 248, 45, 54, 101, 168, 223, 61, 35, 120,
       244, 126, 194, 53, 109, 63, 249, 229, 226, 244, 67, 96, 121, 130,
       156, 52, 76, 168, 44, 9, 210, 12, 57, 249, 240, 36, 85, 186, 82,
       114, 1, 116, 248, 84, 24, 30, 84, 134, 192, 68, 153, 45, 28, 4,
       240, 29, 143, 73, 16, 240, 35, 156, 88, 86, 34, 249, 182, 117,
       121, 150, 55, 15, 31, 73, 230, 68, 189, 48, 125, 106, 180, 86,
       242, 212, 6, 100, 3, 162, 177, 54, 220, 138, 224, 9, 210, 28, 244,
       41, 194, 36, 20, 190, 66, 112, 129, 212, 18, 218, 24, 15, 208, 20,
       229, 78, 153, 172, 16, 5, 112, 29, 148, 73, 16, 242, 49, 188, 88,
       86, 34, 249, 55, 54, 113, 130, 159, 128, 15, 88, 230, 66, 131,
       112, 173, 75, 160, 85, 242, 246, 3, 112, 193, 34, 129, 116, 196,
       136, 224, 9, 18, 8, 113, 105, 87, 36, 84, 190, 66, 112, 1, 84, 64,
       64, 24, 15, 192, 20, 244, 79, 152, 172, 24, 5, 96, 29, 156, 73,
       16, 242, 51, 188, 88, 87, 32, 248, 126, 49, 241, 180, 18, 7, 25,
       103, 198, 102, 209, 52, 85, 130, 179, 86, 226, 212, 3, 100, 9,
       128, 196, 55, 12, 136, 164, 9, 82, 12, 48, 104, 112, 36, 21, 186,
       66, 112, 1, 84, 16, 72, 28, 14, 192, 20, 192, 76, 153, 172, 24, 5,
       112, 28, 148, 73, 16, 242, 51, 188, 88, 22, 32, 248, 71, 3, 129,
       18, 80, 130, 3, 66, 2, 4, 1, 16, 2, 203, 128, 0, 2, 69, 0, 38, 2,
       45, 128, 99, 14, 130, 130, 13, 18, 8, 0, 9, 82, 38, 20, 154, 0,
       56, 71, 212, 0, 96, 8, 75, 128, 8, 193, 142, 17, 36, 16, 0, 33,
       24, 148, 11, 0, 98, 48, 29, 72, 20, 33, 248, 100, 33, 241, 176,
       17, 6, 32, 111, 196, 226, 192, 52, 113, 166, 147, 70, 234, 212, 3,
       96, 65, 131, 196, 55, 76, 136, 164, 9, 82, 140, 48, 104, 85, 36,
       21, 186, 82, 120, 1, 84, 16, 64, 24, 14, 68, 20, 193, 78, 153, 44,
       24, 5, 240, 28, 156, 73, 16, 242, 51, 188, 88, 86, 32, 250, 4, 1,
       136, 144, 0, 6, 32, 71, 4, 70, 3, 4, 16, 128, 49, 3, 72, 88, 1,
       68, 2, 160, 84, 3, 12, 128, 128, 8, 16, 132, 48, 1, 64, 4, 87,
       170, 0, 96, 1, 64, 176, 0, 20, 10, 80, 20, 129, 78, 25, 44, 16, 4,
       112, 25, 148, 65, 16, 98, 35, 188, 72, 86, 32, 243, 2, 1, 8, 138,
       3, 0, 20, 5, 2, 66, 61, 4, 16, 36, 36, 50, 4, 18, 0, 144, 0, 48,
       65, 2, 16, 0, 128, 72, 0, 160, 129, 64, 132, 52, 3, 128, 11, 64,
       2, 72, 34, 139, 20, 9, 148, 20, 228, 78, 17, 170, 24, 5, 48, 8,
       80, 9, 27, 99, 50, 176, 0, 82, 98, 201, 1, 6, 4, 0, 5, 38, 7, 48,
       36, 76, 0, 1, 8, 9, 0, 5, 64, 109, 1, 96, 208, 35, 208, 114, 72,
       40, 140, 4, 16, 0, 33, 65, 213, 32, 80, 168, 81, 40, 1, 96, 116,
       4, 24, 143, 209, 16, 244, 79, 24, 172, 24, 0, 240, 28, 156, 1, 16,
       242, 51, 180, 72, 87, 32, 250, 2, 0, 0, 130, 137, 128, 2, 1, 2,
       64, 1, 0, 32, 35, 0, 16, 70, 18, 4, 128, 192, 32, 137, 96, 4, 128,
       8, 9, 146, 8, 1, 65, 16, 36, 16, 154, 66, 64, 1, 194, 128, 66, 8,
       8, 0, 20, 192, 76, 17, 36, 16, 4, 32, 0, 132, 9, 16, 114, 34, 60,
       72, 86, 32, 249, 99, 6, 36, 130, 70, 143, 7, 48, 36, 68, 16, 0, 9,
       41, 20, 4, 68, 117, 65, 164, 208, 99, 208, 226, 88, 112, 140, 4,
       48, 144, 17, 73, 212, 44, 82, 184, 90, 104, 128, 104, 116, 92, 24,
       143, 213, 48, 244, 79, 153, 172, 24, 9, 240, 29, 156, 65, 56, 242,
       51, 188, 88, 215, 40, 250, 62, 179, 125, 150, 63, 181, 159, 120,
       246, 254, 253, 115, 253, 127, 176, 85, 243, 215, 67, 99, 245, 118,
       195, 118, 204, 254, 245, 123, 90, 92, 245, 235, 215, 44, 85, 190,
       82, 120, 233, 116, 112, 92, 56, 47, 213, 52, 245, 111, 153, 172,
       24, 5, 240, 29, 156, 73, 16, 242, 51, 189, 88, 87, 32, 250, 96, 6,
       5, 130, 72, 6, 3, 33, 166, 68, 18, 65, 9, 57, 16, 4, 102, 215, 89,
       36, 208, 3, 144, 96, 24, 208, 172, 12, 16, 152, 17, 72, 68, 37,
       66, 185, 82, 0, 5, 76, 80, 80, 16, 143, 193, 40, 192, 77, 153, 44,
       24, 0, 241, 24, 156, 203, 80, 118, 51, 188, 72, 23, 32, 248, 31,
       50, 196, 54, 63, 185, 159, 120, 122, 188, 254, 247, 172, 127, 139,
       115, 227, 213, 33, 243, 197, 39, 195, 118, 77, 222, 177, 43, 90,
       14, 51, 107, 215, 36, 85, 186, 82, 120, 233, 116, 112, 92, 56, 47,
       213, 20, 245, 111, 153, 172, 24, 5, 240, 29, 156, 73, 16, 242, 51,
       189, 88, 87, 32, 250 ]
