%YAML:1.0
descriptors: !!opencv-matrix
   rows: 3
   cols: 64
   dt: u
   data: [ 63, 146, 236, 174, 63, 253, 157, 62, 183, 254, 222, 241, 61,
       127, 61, 85, 249, 244, 99, 243, 245, 118, 195, 119, 77, 255, 245,
       59, 126, 93, 117, 235, 223, 44, 87, 190, 94, 120, 233, 116, 120,
       93, 58, 47, 213, 53, 245, 111, 153, 172, 24, 5, 240, 29, 156, 73,
       16, 242, 51, 189, 88, 87, 32, 250, 255, 252, 255, 239, 255, 255,
       255, 249, 255, 125, 255, 255, 255, 126, 255, 253, 243, 245, 127,
       122, 253, 223, 155, 124, 255, 254, 255, 191, 255, 219, 127, 255,
       231, 109, 127, 255, 214, 119, 249, 255, 255, 223, 95, 63, 221,
       191, 252, 29, 141, 181, 222, 141, 250, 191, 159, 93, 120, 246,
       123, 191, 255, 207, 46, 189, 63, 247, 125, 254, 55, 189, 253, 120,
       247, 222, 253, 250, 253, 127, 188, 94, 242, 222, 99, 123, 245,
       118, 193, 247, 205, 190, 229, 251, 122, 94, 245, 235, 223, 44, 85,
       190, 219, 120, 249, 117, 120, 93, 57, 47, 212, 53, 247, 111, 153,
       172, 24, 5, 240, 29, 156, 73, 16, 242, 51, 189, 88, 87, 32, 250 ]
