%YAML:1.0
descriptors: !!opencv-matrix
   rows: 24
   cols: 64
   dt: u
   data: [ 28, 179, 93, 214, 51, 177, 189, 122, 116, 222, 213, 241, 125,
       126, 180, 66, 246, 222, 65, 99, 245, 112, 193, 243, 200, 42, 224,
       218, 120, 196, 245, 233, 223, 36, 85, 186, 83, 120, 233, 124, 112,
       93, 56, 47, 212, 53, 247, 111, 153, 172, 24, 5, 240, 29, 156, 73,
       16, 242, 51, 189, 88, 87, 32, 250, 187, 254, 255, 239, 255, 253,
       255, 184, 255, 255, 254, 255, 255, 127, 238, 253, 255, 255, 255,
       251, 253, 127, 255, 125, 231, 255, 123, 255, 255, 119, 255, 255,
       223, 233, 255, 117, 255, 255, 249, 255, 255, 223, 239, 127, 223,
       231, 255, 119, 254, 255, 159, 239, 254, 167, 223, 125, 126, 247,
       255, 239, 255, 255, 190, 222, 3, 146, 0, 35, 221, 176, 162, 24,
       56, 59, 66, 79, 172, 75, 1, 17, 102, 247, 137, 208, 232, 39, 139,
       124, 66, 136, 104, 38, 222, 1, 33, 71, 87, 165, 220, 49, 117, 176,
       45, 98, 197, 68, 74, 14, 65, 1, 218, 81, 152, 92, 24, 4, 244, 165,
       156, 233, 18, 178, 183, 148, 208, 87, 52, 125, 250, 221, 255, 247,
       255, 183, 219, 185, 255, 253, 245, 251, 191, 122, 118, 92, 246,
       215, 126, 247, 254, 127, 179, 127, 255, 254, 255, 127, 254, 251,
       247, 255, 215, 237, 94, 255, 254, 121, 254, 255, 89, 93, 239, 127,
       217, 61, 253, 63, 189, 190, 153, 143, 252, 191, 156, 235, 112,
       247, 243, 191, 250, 95, 176, 254, 124, 191, 255, 253, 126, 247,
       255, 255, 253, 255, 212, 253, 255, 252, 187, 207, 251, 253, 251,
       111, 253, 95, 255, 255, 255, 107, 254, 247, 125, 213, 254, 239,
       207, 59, 247, 181, 255, 253, 253, 125, 120, 125, 243, 254, 255,
       165, 215, 235, 255, 238, 188, 219, 241, 125, 156, 93, 119, 255,
       247, 223, 251, 255, 157, 254, 115, 146, 80, 135, 255, 138, 155, 8,
       254, 57, 151, 127, 189, 94, 105, 117, 244, 183, 24, 148, 193, 35,
       131, 124, 230, 216, 232, 127, 214, 123, 223, 111, 213, 173, 87,
       191, 250, 115, 172, 119, 209, 92, 73, 14, 209, 30, 248, 77, 157,
       174, 24, 5, 244, 61, 156, 203, 80, 247, 183, 188, 120, 87, 48,
       248, 125, 62, 255, 213, 254, 255, 123, 127, 253, 253, 214, 189,
       255, 253, 187, 206, 251, 245, 123, 111, 253, 239, 222, 191, 223,
       107, 190, 190, 120, 221, 119, 239, 207, 39, 87, 191, 214, 253,
       253, 126, 120, 92, 251, 175, 221, 60, 245, 111, 157, 172, 24, 13,
       240, 61, 156, 73, 80, 254, 115, 191, 218, 87, 40, 254, 120, 191,
       255, 220, 98, 127, 255, 247, 253, 220, 126, 149, 95, 244, 127,
       238, 255, 221, 251, 111, 118, 125, 244, 179, 251, 111, 182, 220,
       109, 214, 126, 233, 238, 115, 99, 253, 222, 126, 222, 124, 122,
       61, 187, 247, 253, 174, 245, 238, 191, 168, 175, 223, 243, 125,
       159, 93, 117, 254, 123, 255, 123, 127, 203, 250, 124, 61, 239,
       252, 54, 127, 127, 127, 245, 254, 254, 181, 125, 188, 191, 238,
       251, 221, 123, 111, 125, 247, 212, 183, 93, 239, 174, 157, 91,
       220, 126, 169, 202, 44, 215, 187, 222, 126, 193, 117, 122, 93, 63,
       175, 215, 183, 231, 110, 159, 172, 24, 13, 242, 29, 156, 93, 16,
       246, 123, 253, 91, 214, 42, 242, 76, 33, 227, 176, 16, 167, 35,
       127, 192, 230, 195, 52, 81, 130, 187, 66, 202, 93, 3, 102, 201,
       165, 194, 19, 12, 136, 172, 141, 82, 12, 48, 9, 87, 36, 85, 186,
       18, 120, 1, 84, 176, 64, 16, 14, 85, 20, 193, 110, 153, 172, 24,
       5, 240, 29, 156, 73, 16, 242, 51, 189, 72, 86, 32, 242, 60, 179,
       109, 138, 95, 63, 163, 123, 245, 92, 222, 117, 61, 126, 249, 228,
       242, 213, 67, 98, 245, 50, 129, 119, 93, 168, 164, 13, 90, 218,
       121, 251, 247, 36, 87, 186, 82, 122, 201, 124, 240, 93, 24, 14,
       212, 22, 209, 79, 153, 172, 24, 5, 242, 29, 157, 73, 16, 242, 51,
       188, 88, 87, 34, 248, 127, 181, 125, 188, 55, 191, 91, 126, 247,
       68, 245, 176, 125, 58, 188, 87, 246, 247, 67, 117, 245, 115, 209,
       55, 221, 170, 228, 93, 123, 220, 253, 233, 215, 44, 86, 190, 210,
       122, 193, 252, 242, 223, 60, 47, 208, 22, 229, 110, 153, 172, 24,
       5, 242, 29, 157, 73, 24, 242, 51, 189, 89, 86, 34, 251, 62, 179,
       125, 162, 55, 181, 189, 120, 246, 222, 213, 240, 253, 63, 176, 85,
       250, 246, 67, 115, 245, 114, 195, 247, 205, 190, 229, 187, 122,
       92, 245, 235, 223, 44, 87, 190, 90, 120, 233, 116, 124, 93, 56,
       47, 212, 53, 245, 111, 153, 172, 24, 5, 240, 29, 156, 73, 16, 242,
       51, 189, 88, 87, 32, 250, 23, 51, 197, 38, 53, 184, 157, 30, 242,
       152, 210, 117, 108, 63, 137, 19, 232, 238, 3, 243, 229, 34, 193,
       119, 197, 138, 224, 201, 82, 12, 225, 105, 215, 44, 85, 190, 91,
       56, 233, 116, 120, 92, 56, 175, 212, 81, 247, 111, 153, 172, 24,
       1, 240, 29, 156, 73, 16, 242, 51, 189, 88, 87, 32, 250, 5, 35, 85,
       32, 144, 128, 39, 64, 226, 4, 130, 52, 68, 47, 145, 81, 226, 196,
       3, 96, 65, 34, 128, 116, 76, 136, 164, 9, 210, 12, 33, 41, 212,
       36, 85, 186, 82, 48, 1, 84, 112, 84, 24, 143, 196, 16, 228, 76,
       153, 172, 24, 1, 240, 29, 156, 73, 16, 242, 51, 188, 88, 86, 32,
       248, 63, 241, 125, 254, 54, 189, 253, 120, 247, 223, 245, 251,
       253, 123, 180, 95, 246, 247, 103, 123, 245, 118, 211, 119, 237,
       255, 247, 255, 126, 255, 245, 235, 215, 108, 86, 190, 219, 120,
       249, 125, 126, 95, 127, 47, 213, 21, 247, 111, 153, 172, 24, 5,
       240, 29, 156, 77, 24, 242, 51, 189, 121, 95, 32, 251, 63, 178,
       125, 255, 62, 253, 191, 120, 255, 254, 223, 247, 253, 127, 249,
       85, 255, 255, 99, 115, 245, 118, 211, 246, 221, 255, 245, 255,
       126, 222, 247, 235, 215, 44, 87, 190, 91, 120, 233, 124, 120, 92,
       56, 47, 213, 53, 247, 111, 153, 172, 24, 5, 240, 29, 156, 73, 16,
       242, 51, 189, 88, 87, 32, 250, 63, 190, 255, 238, 63, 255, 249,
       127, 255, 254, 222, 245, 125, 127, 255, 252, 255, 246, 107, 123,
       245, 119, 215, 127, 253, 239, 244, 223, 127, 219, 255, 239, 223,
       108, 87, 190, 215, 122, 249, 125, 248, 221, 123, 175, 213, 167,
       245, 111, 185, 172, 158, 13, 240, 29, 158, 93, 48, 242, 59, 189,
       218, 223, 42, 250, 63, 50, 125, 161, 191, 181, 191, 120, 254, 254,
       218, 55, 237, 127, 187, 85, 242, 253, 3, 114, 229, 39, 195, 124,
       204, 252, 244, 239, 90, 29, 241, 235, 215, 44, 85, 190, 82, 120,
       233, 116, 120, 92, 58, 47, 213, 21, 247, 111, 153, 172, 24, 5,
       240, 29, 156, 73, 16, 242, 51, 189, 88, 87, 32, 250, 23, 182, 220,
       46, 61, 248, 149, 60, 114, 188, 222, 245, 172, 63, 141, 49, 239,
       230, 33, 243, 229, 38, 195, 119, 205, 253, 241, 111, 90, 14, 227,
       107, 215, 44, 85, 190, 91, 56, 233, 116, 112, 92, 58, 175, 213,
       17, 247, 111, 153, 172, 24, 1, 240, 29, 156, 73, 16, 242, 51, 189,
       88, 87, 32, 250, 125, 48, 247, 181, 255, 167, 59, 252, 246, 127,
       208, 51, 255, 235, 179, 84, 234, 213, 35, 102, 201, 135, 131, 117,
       78, 218, 188, 47, 210, 12, 49, 107, 215, 36, 84, 186, 82, 112,
       225, 116, 112, 92, 24, 14, 209, 20, 193, 79, 153, 172, 24, 5, 240,
       29, 156, 73, 16, 242, 51, 189, 88, 87, 32, 250, 62, 185, 255, 254,
       55, 119, 221, 63, 247, 254, 245, 249, 125, 122, 191, 95, 253, 223,
       99, 251, 245, 55, 195, 247, 205, 255, 247, 255, 83, 92, 247, 235,
       223, 44, 87, 190, 219, 120, 233, 117, 120, 94, 57, 47, 213, 53,
       247, 111, 153, 172, 24, 5, 240, 29, 156, 73, 16, 242, 51, 189,
       120, 87, 32, 250, 118, 49, 241, 150, 255, 167, 31, 89, 198, 102,
       145, 50, 229, 202, 177, 87, 242, 213, 35, 102, 201, 39, 195, 119,
       76, 216, 240, 45, 82, 12, 113, 105, 215, 36, 85, 190, 82, 120,
       225, 116, 112, 72, 56, 15, 213, 20, 193, 79, 153, 172, 24, 5, 240,
       29, 156, 73, 16, 242, 51, 189, 88, 87, 32, 250, 62, 53, 241, 182,
       23, 135, 31, 73, 230, 70, 145, 50, 253, 42, 177, 87, 250, 215, 3,
       100, 193, 39, 195, 119, 204, 152, 244, 77, 82, 28, 241, 105, 215,
       36, 85, 190, 82, 120, 225, 116, 112, 88, 56, 47, 213, 20, 245,
       111, 153, 172, 24, 5, 240, 29, 156, 73, 16, 242, 51, 189, 88, 87,
