%YAML:1.0
descriptors: !!opencv-matrix
   rows: 20
   cols: 64
   dt: u
   data: [ 62, 177, 253, 254, 62, 181, 253, 122, 245, 254, 213, 241, 125,
       122, 180, 86, 242, 220, 67, 99, 245, 52, 193, 247, 205, 186, 228,
       155, 90, 253, 245, 235, 215, 44, 87, 190, 219, 120, 233, 117, 120,
       93, 57, 47, 244, 21, 247, 111, 153, 172, 24, 7, 240, 29, 156, 73,
       16, 242, 51, 189, 120, 87, 32, 250, 61, 182, 125, 164, 62, 189,
       185, 121, 245, 254, 215, 241, 253, 59, 188, 87, 242, 252, 67, 99,
       245, 98, 208, 247, 221, 186, 228, 219, 122, 220, 117, 235, 223,
       44, 87, 190, 223, 120, 233, 125, 120, 92, 59, 175, 212, 53, 247,
       111, 153, 172, 24, 5, 240, 29, 156, 73, 16, 242, 51, 189, 122, 87,
       32, 250, 30, 161, 153, 190, 35, 83, 124, 111, 87, 152, 213, 181,
       113, 86, 180, 82, 255, 154, 97, 83, 197, 52, 193, 83, 205, 139,
       224, 201, 66, 204, 181, 232, 207, 36, 69, 190, 87, 120, 233, 116,
       112, 93, 53, 47, 212, 21, 183, 111, 153, 172, 24, 5, 240, 29, 156,
       65, 16, 242, 51, 189, 88, 87, 32, 250, 68, 35, 225, 176, 16, 6,
       35, 111, 128, 196, 195, 52, 65, 2, 147, 66, 234, 76, 3, 70, 65,
       33, 192, 18, 76, 136, 180, 13, 80, 12, 48, 9, 70, 36, 85, 186, 16,
       120, 65, 84, 112, 64, 48, 46, 197, 20, 161, 110, 153, 172, 24, 5,
       240, 28, 156, 65, 16, 242, 51, 189, 88, 87, 32, 250, 35, 6, 64, 2,
       221, 128, 7, 72, 162, 64, 0, 113, 160, 11, 128, 85, 226, 212, 1,
       96, 193, 2, 137, 116, 78, 136, 40, 11, 146, 8, 33, 73, 85, 36, 84,
       186, 66, 112, 1, 84, 64, 64, 24, 15, 64, 16, 212, 77, 152, 36, 24,
       4, 112, 28, 140, 73, 16, 242, 51, 188, 88, 87, 32, 248, 5, 35, 65,
       0, 88, 130, 34, 80, 0, 14, 2, 21, 64, 67, 129, 1, 66, 69, 129,
       100, 193, 33, 128, 99, 12, 136, 8, 5, 18, 8, 33, 73, 86, 38, 84,
       186, 16, 120, 5, 84, 132, 64, 24, 14, 64, 0, 193, 79, 24, 36, 24,
       4, 32, 24, 156, 9, 0, 98, 19, 156, 72, 6, 32, 240, 131, 81, 0, 2,
       21, 0, 12, 24, 34, 10, 177, 34, 40, 3, 4, 3, 98, 6, 4, 148, 0,
       128, 129, 32, 0, 128, 224, 9, 146, 8, 32, 16, 120, 36, 156, 154,
       66, 32, 1, 212, 18, 194, 24, 10, 130, 16, 192, 76, 0, 39, 16, 4,
       40, 24, 199, 9, 152, 50, 48, 28, 12, 86, 34, 33, 5, 6, 68, 1, 153,
       160, 163, 124, 48, 84, 134, 101, 160, 63, 137, 5, 66, 108, 129,
       32, 240, 0, 158, 112, 96, 40, 8, 2, 188, 8, 1, 95, 189, 66, 81,
       144, 20, 146, 13, 12, 213, 53, 26, 134, 64, 129, 88, 193, 8, 53,
       77, 44, 209, 14, 137, 0, 48, 64, 38, 140, 194, 7, 36, 88, 1, 22,
       5, 2, 156, 160, 7, 24, 224, 14, 0, 65, 168, 9, 4, 1, 66, 100, 7,
       96, 224, 2, 17, 228, 64, 40, 172, 0, 146, 8, 33, 65, 88, 44, 148,
       186, 8, 32, 1, 196, 76, 66, 26, 143, 192, 112, 128, 77, 48, 36,
       24, 0, 96, 24, 12, 1, 24, 178, 19, 148, 72, 86, 36, 121, 82, 33,
       1, 150, 2, 2, 8, 7, 66, 2, 19, 20, 80, 134, 17, 82, 96, 130, 0,
       196, 3, 160, 65, 130, 140, 128, 160, 9, 2, 172, 144, 32, 112, 36,
       68, 154, 74, 122, 129, 84, 128, 64, 17, 10, 128, 12, 129, 78, 145,
       172, 16, 7, 32, 24, 20, 73, 0, 115, 17, 176, 72, 22, 96, 224, 146,
       0, 11, 131, 134, 16, 136, 167, 0, 138, 114, 84, 17, 0, 19, 160, 0,
       84, 5, 4, 0, 128, 164, 8, 46, 128, 40, 1, 151, 8, 48, 24, 116, 36,
       28, 219, 126, 118, 1, 144, 131, 66, 17, 24, 2, 6, 64, 148, 83, 44,
       86, 132, 9, 2, 165, 40, 192, 96, 40, 88, 68, 20, 34, 181, 5, 6, 4,
       32, 157, 168, 37, 88, 160, 25, 128, 97, 224, 9, 132, 1, 66, 108,
       135, 80, 224, 2, 8, 248, 64, 56, 9, 130, 212, 4, 33, 68, 92, 0,
       220, 168, 1, 160, 41, 164, 77, 4, 26, 135, 64, 97, 182, 65, 40,
       52, 24, 0, 224, 156, 206, 1, 18, 128, 135, 132, 0, 87, 36, 24,
       129, 214, 20, 6, 145, 128, 129, 88, 34, 1, 32, 67, 130, 27, 132,
       1, 34, 101, 132, 37, 64, 12, 128, 96, 32, 152, 9, 0, 180, 8, 0,
       29, 248, 101, 56, 144, 0, 8, 3, 133, 87, 66, 10, 6, 168, 16, 88,
       68, 0, 53, 112, 52, 24, 138, 142, 10, 24, 16, 50, 12, 64, 68, 38,
       185, 55, 37, 49, 2, 16, 0, 5, 111, 194, 0, 147, 48, 97, 6, 128,
       82, 82, 36, 66, 80, 145, 34, 80, 199, 148, 160, 196, 137, 2, 152,
       65, 72, 12, 12, 197, 142, 8, 8, 1, 92, 40, 16, 52, 161, 68, 113,
       164, 110, 50, 174, 137, 10, 48, 24, 92, 81, 44, 50, 23, 184, 40,
       151, 108, 74, 18, 17, 137, 146, 22, 16, 28, 6, 70, 130, 17, 16,
       17, 130, 17, 82, 94, 214, 0, 135, 2, 176, 193, 3, 140, 128, 162,
       9, 18, 40, 20, 40, 82, 4, 148, 138, 74, 108, 2, 81, 32, 72, 53,
       104, 146, 28, 129, 46, 83, 172, 16, 5, 32, 25, 244, 91, 128, 50,
       48, 89, 89, 16, 96, 178, 131, 21, 16, 6, 21, 0, 5, 26, 162, 4, 33,
       66, 34, 9, 4, 19, 102, 102, 4, 33, 2, 6, 97, 103, 4, 146, 165, 8,
       18, 8, 64, 33, 82, 36, 176, 158, 2, 40, 2, 197, 65, 194, 56, 171,
       130, 80, 20, 76, 0, 176, 16, 0, 32, 24, 166, 1, 16, 50, 48, 28,
       88, 20, 36, 186, 54, 37, 17, 2, 1, 0, 5, 79, 194, 2, 131, 48, 97,
       6, 128, 18, 114, 2, 2, 84, 3, 34, 80, 199, 148, 128, 224, 73, 2,
       168, 64, 8, 14, 12, 5, 158, 8, 8, 3, 76, 32, 64, 20, 129, 164,
       112, 165, 78, 16, 166, 8, 2, 32, 24, 92, 1, 8, 50, 18, 177, 40,
       23, 104, 74, 23, 17, 16, 22, 21, 0, 28, 74, 2, 2, 17, 176, 32, 2,
       132, 19, 98, 214, 4, 65, 2, 32, 192, 35, 12, 128, 224, 9, 18, 40,
       0, 104, 80, 36, 52, 154, 2, 120, 3, 213, 0, 202, 57, 11, 130, 20,
       228, 78, 17, 164, 16, 4, 32, 24, 180, 73, 16, 50, 51, 152, 24, 22,
       34, 179, 5, 2, 68, 32, 153, 32, 34, 88, 32, 24, 194, 117, 32, 3,
       128, 1, 66, 76, 129, 64, 193, 0, 136, 112, 0, 24, 8, 1, 216, 12,
       33, 69, 92, 36, 84, 186, 17, 114, 1, 20, 213, 84, 26, 6, 64, 1,
       66, 65, 8, 36, 88, 4, 208, 28, 141, 9, 16, 160, 39, 172, 72, 7,
       36, 120, 4, 34, 101, 160, 152, 164, 163, 112, 96, 92, 194, 21,
       201, 49, 153, 65, 194, 84, 131, 96, 193, 32, 128, 112, 12, 136, 8,
       5, 90, 12, 49, 73, 84, 36, 85, 186, 80, 122, 1, 20, 212, 84, 24,
       14, 64, 132, 192, 77, 24, 44, 24, 4, 240, 28, 140, 9, 0, 226, 51,
       188, 72, 7, 32, 248 ]
