%YAML:1.0
descriptors: !!opencv-matrix
   rows: 17
   cols: 64
   dt: u
   data: [ 127, 51, 247, 176, 127, 183, 47, 122, 246, 254, 210, 51, 253,
       254, 179, 87, 250, 213, 35, 102, 233, 167, 195, 119, 76, 250, 180,
       47, 82, 12, 115, 235, 215, 36, 85, 190, 82, 120, 233, 116, 112,
       92, 56, 47, 213, 20, 245, 111, 153, 172, 24, 5, 240, 29, 156, 73,
       16, 242, 51, 189, 88, 87, 32, 250, 252, 49, 243, 247, 216, 161,
       227, 232, 198, 101, 194, 119, 247, 78, 179, 80, 226, 213, 5, 98,
       207, 45, 139, 127, 14, 218, 178, 47, 210, 10, 51, 127, 119, 38,
       84, 186, 82, 112, 105, 86, 80, 64, 24, 14, 193, 4, 217, 79, 153,
       172, 24, 5, 240, 28, 156, 73, 16, 242, 51, 189, 88, 23, 32, 248,
       189, 184, 255, 183, 63, 247, 255, 252, 252, 253, 253, 255, 255,
       127, 179, 124, 251, 221, 99, 99, 245, 103, 231, 246, 237, 255,
       245, 191, 122, 79, 119, 251, 223, 36, 85, 190, 83, 120, 233, 116,
       120, 93, 56, 47, 213, 53, 247, 111, 153, 172, 24, 5, 240, 29, 156,
       73, 16, 242, 51, 189, 88, 87, 32, 250, 191, 181, 253, 255, 62,
       255, 255, 249, 254, 255, 253, 251, 253, 123, 191, 127, 251, 215,
       35, 99, 229, 39, 195, 118, 205, 223, 245, 255, 82, 30, 243, 235,
       215, 44, 85, 190, 90, 120, 233, 116, 120, 92, 56, 47, 213, 21,
       247, 111, 153, 172, 24, 5, 240, 29, 156, 73, 16, 242, 51, 189, 88,
       87, 32, 250, 237, 190, 239, 213, 254, 255, 251, 253, 253, 255,
       219, 255, 223, 255, 251, 239, 251, 245, 123, 111, 254, 255, 254,
       124, 127, 255, 190, 63, 255, 91, 127, 255, 119, 231, 127, 251,
       210, 255, 253, 127, 252, 124, 234, 62, 223, 174, 217, 177, 157,
       173, 30, 37, 211, 255, 157, 111, 216, 252, 113, 191, 223, 95, 49,
       182, 67, 0, 128, 179, 207, 130, 2, 12, 36, 99, 0, 4, 184, 239, 35,
       7, 106, 85, 17, 98, 200, 39, 203, 105, 66, 202, 168, 47, 82, 9,
       49, 79, 87, 165, 85, 59, 83, 104, 101, 86, 80, 64, 8, 10, 209, 28,
       225, 67, 25, 172, 24, 5, 245, 28, 156, 203, 16, 242, 51, 189, 88,
       87, 48, 250, 253, 46, 247, 213, 248, 247, 235, 252, 236, 255, 211,
       155, 223, 249, 155, 206, 234, 213, 123, 107, 158, 173, 238, 61,
       79, 235, 190, 47, 83, 9, 51, 127, 115, 39, 116, 187, 82, 255, 245,
       246, 208, 92, 104, 62, 219, 14, 73, 179, 153, 172, 92, 5, 240, 31,
       157, 73, 208, 254, 51, 189, 220, 86, 32, 255, 67, 6, 128, 34, 205,
       130, 2, 8, 36, 98, 2, 0, 160, 75, 0, 5, 66, 117, 1, 80, 200, 7,
       139, 105, 66, 200, 8, 7, 18, 8, 33, 71, 87, 165, 84, 59, 65, 72,
       37, 70, 68, 64, 8, 8, 65, 8, 192, 67, 24, 44, 24, 4, 101, 24, 156,
       139, 16, 34, 179, 188, 72, 87, 48, 120, 67, 5, 0, 18, 1, 130, 6,
       4, 2, 34, 1, 0, 16, 136, 36, 7, 64, 81, 0, 68, 138, 163, 192, 35,
       76, 128, 136, 12, 18, 8, 17, 64, 65, 36, 20, 186, 2, 104, 1, 66,
       0, 66, 24, 11, 208, 28, 133, 14, 17, 172, 16, 4, 32, 24, 148, 1,
       16, 114, 51, 188, 72, 86, 32, 250, 254, 248, 125, 255, 255, 189,
       223, 249, 255, 127, 253, 251, 255, 122, 246, 125, 242, 247, 126,
       123, 255, 127, 179, 124, 253, 255, 247, 63, 255, 251, 255, 191,
       199, 237, 158, 223, 222, 121, 249, 255, 219, 223, 247, 127, 209,
       63, 253, 31, 175, 191, 155, 15, 250, 191, 159, 117, 120, 246, 249,
       191, 255, 159, 190, 189, 68, 35, 193, 208, 216, 2, 3, 74, 2, 0, 2,
       22, 193, 195, 129, 65, 98, 69, 1, 102, 70, 173, 128, 67, 14, 130,
       34, 13, 146, 8, 16, 9, 114, 39, 84, 155, 0, 118, 71, 212, 128, 96,
       24, 74, 72, 12, 193, 134, 0, 36, 16, 4, 33, 26, 140, 11, 16, 96,
       32, 61, 72, 68, 33, 176, 255, 252, 255, 247, 255, 255, 255, 249,
       255, 127, 253, 251, 255, 255, 246, 253, 251, 247, 127, 127, 125,
       223, 183, 124, 255, 255, 255, 255, 255, 123, 255, 191, 251, 237,
       158, 255, 222, 119, 253, 255, 223, 223, 255, 191, 217, 63, 252,
       21, 173, 183, 94, 141, 232, 191, 159, 125, 248, 244, 241, 191,
       255, 223, 62, 189, 243, 220, 154, 207, 239, 142, 223, 137, 126,
       97, 61, 202, 191, 252, 102, 29, 253, 179, 60, 151, 78, 159, 155,
       108, 242, 215, 123, 126, 182, 179, 214, 39, 135, 237, 91, 85, 234,
       77, 254, 107, 113, 221, 108, 249, 221, 92, 253, 181, 213, 222,
       144, 141, 253, 227, 216, 235, 121, 253, 240, 63, 180, 125, 152,
       206, 13, 138, 238, 249, 44, 253, 241, 246, 57, 189, 238, 205, 206,
       253, 123, 171, 137, 236, 251, 43, 244, 125, 110, 251, 107, 111,
       22, 182, 125, 71, 59, 199, 255, 210, 249, 32, 119, 223, 248, 33,
       253, 61, 234, 54, 255, 163, 119, 227, 187, 217, 175, 255, 245,
       237, 154, 76, 55, 207, 239, 239, 211, 251, 197, 222, 76, 42, 231,
       241, 248, 247, 163, 245, 189, 255, 202, 31, 209, 189, 219, 230,
       203, 221, 219, 110, 124, 129, 206, 176, 93, 233, 156, 165, 216,
       198, 59, 155, 117, 37, 85, 187, 84, 115, 205, 116, 252, 84, 24,
       62, 69, 143, 107, 240, 157, 44, 92, 37, 209, 31, 156, 72, 208,
       236, 35, 189, 76, 70, 32, 242, 69, 32, 65, 176, 24, 0, 35, 204,
       128, 38, 131, 52, 65, 131, 131, 67, 226, 68, 3, 96, 137, 128, 206,
       48, 76, 136, 168, 9, 210, 12, 33, 75, 113, 36, 84, 186, 66, 112,
       1, 214, 144, 64, 24, 14, 64, 16, 192, 13, 153, 44, 24, 4, 112, 28,
       148, 73, 16, 240, 33, 188, 88, 86, 32, 241, 61, 246, 125, 174, 63,
       125, 61, 125, 255, 126, 253, 253, 109, 63, 252, 247, 255, 254,
       199, 121, 241, 114, 241, 252, 253, 189, 229, 219, 127, 127, 255,
       237, 221, 124, 255, 190, 207, 250, 169, 255, 255, 223, 123, 191,
       246, 243, 246, 109, 186, 183, 255, 15, 234, 29, 223, 93, 188, 243,
       191, 252, 251, 223, 110, 255 ]
