%YAML:1.0
descriptors: !!opencv-matrix
   rows: 8
   cols: 64
   dt: u
   data: [ 44, 234, 111, 233, 186, 253, 178, 245, 93, 253, 254, 221, 217,
       52, 251, 228, 211, 220, 219, 106, 245, 80, 239, 248, 121, 109, 12,
       162, 253, 215, 63, 255, 237, 96, 87, 240, 119, 243, 233, 180, 219,
       93, 86, 54, 84, 167, 210, 97, 191, 109, 159, 13, 250, 29, 157, 89,
       22, 242, 47, 188, 219, 31, 42, 252, 4, 33, 65, 130, 209, 128, 3,
       72, 132, 64, 3, 50, 129, 74, 176, 65, 226, 84, 5, 100, 75, 32,
       128, 96, 14, 136, 32, 9, 146, 8, 48, 9, 80, 36, 20, 154, 0, 112,
       1, 212, 0, 64, 24, 10, 64, 12, 192, 4, 25, 36, 16, 4, 96, 24, 132,
       73, 16, 112, 49, 188, 72, 22, 32, 248, 63, 54, 113, 32, 89, 178,
       34, 74, 96, 16, 194, 52, 108, 115, 160, 81, 242, 169, 3, 212, 225,
       97, 81, 215, 212, 8, 232, 205, 106, 156, 233, 224, 31, 44, 71,
       190, 121, 56, 1, 92, 108, 85, 24, 129, 65, 65, 167, 79, 184, 44,
       136, 8, 242, 29, 88, 73, 46, 242, 23, 180, 24, 211, 100, 72, 35,
       22, 64, 130, 157, 128, 5, 8, 230, 66, 0, 114, 173, 11, 128, 85,
       98, 246, 5, 96, 65, 2, 129, 100, 68, 144, 41, 9, 146, 8, 33, 41,
       84, 36, 84, 186, 66, 112, 1, 212, 64, 64, 24, 139, 192, 16, 244,
       77, 153, 172, 24, 4, 112, 24, 140, 73, 16, 114, 51, 156, 88, 87,
       32, 248, 63, 183, 125, 246, 63, 189, 253, 121, 246, 254, 213, 241,
       253, 122, 180, 85, 242, 214, 67, 99, 245, 114, 193, 118, 205, 186,
       228, 219, 90, 92, 245, 235, 215, 36, 85, 190, 82, 120, 233, 117,
       120, 92, 56, 47, 212, 21, 247, 111, 153, 172, 24, 5, 240, 29, 156,
       73, 16, 242, 51, 189, 88, 87, 32, 250, 190, 253, 125, 238, 55,
       109, 221, 123, 247, 92, 253, 241, 127, 126, 244, 252, 243, 214,
       71, 123, 117, 58, 181, 118, 253, 191, 231, 27, 255, 219, 255, 253,
       226, 108, 60, 254, 222, 115, 217, 253, 91, 223, 255, 63, 220, 55,
       244, 78, 137, 181, 223, 141, 250, 30, 159, 77, 56, 242, 123, 254,
       91, 31, 46, 189, 191, 245, 125, 236, 55, 109, 253, 127, 247, 220,
       253, 241, 127, 30, 244, 253, 251, 244, 71, 107, 117, 122, 181, 62,
       253, 191, 231, 155, 127, 95, 127, 253, 224, 108, 190, 254, 214,
       115, 217, 245, 219, 223, 255, 63, 218, 183, 244, 110, 139, 181,
       223, 141, 234, 158, 159, 93, 184, 178, 123, 218, 255, 143, 46,
       191, 61, 118, 125, 40, 54, 61, 187, 125, 245, 30, 250, 52, 109,
       14, 249, 245, 242, 252, 195, 120, 241, 114, 21, 150, 237, 168,
       228, 153, 127, 92, 253, 248, 104, 76, 223, 190, 220, 50, 129, 117,
       190, 199, 87, 142, 118, 227, 130, 78, 186, 63, 142, 11, 106, 29,
       79, 85, 172, 178, 79, 202, 251, 142, 110, 49 ]
