%YAML:1.0
descriptors: !!opencv-matrix
   rows: 21
   cols: 64
   dt: u
   data: [ 62, 177, 237, 182, 55, 63, 157, 59, 247, 254, 213, 241, 127,
       58, 52, 86, 252, 214, 99, 243, 245, 38, 193, 119, 221, 186, 228,
       223, 82, 156, 245, 235, 215, 44, 87, 190, 218, 120, 233, 125, 120,
       92, 57, 47, 212, 53, 245, 111, 153, 172, 24, 5, 240, 29, 156, 73,
       16, 242, 51, 189, 88, 87, 32, 250, 63, 50, 117, 165, 254, 180,
       175, 88, 254, 127, 210, 115, 237, 63, 179, 85, 242, 245, 3, 96,
       225, 39, 203, 124, 204, 248, 188, 47, 90, 12, 113, 239, 215, 36,
       85, 190, 82, 120, 233, 116, 112, 92, 56, 47, 213, 16, 245, 111,
       153, 172, 24, 5, 240, 29, 156, 73, 16, 242, 51, 189, 88, 87, 32,
       250, 47, 162, 237, 170, 63, 253, 165, 126, 181, 254, 222, 241, 61,
       63, 189, 69, 235, 252, 99, 121, 245, 102, 202, 119, 77, 253, 181,
       35, 126, 91, 49, 235, 215, 44, 85, 186, 83, 120, 233, 116, 120,
       92, 58, 47, 213, 149, 245, 111, 153, 172, 24, 5, 240, 29, 156, 73,
       16, 242, 51, 189, 88, 87, 32, 250, 63, 182, 125, 167, 191, 181,
       187, 120, 252, 255, 214, 123, 237, 59, 185, 85, 242, 253, 67, 114,
       245, 99, 219, 124, 205, 252, 241, 191, 94, 95, 113, 255, 223, 44,
       213, 190, 83, 120, 233, 117, 120, 92, 58, 47, 213, 49, 243, 111,
       153, 172, 24, 5, 240, 29, 156, 73, 16, 242, 51, 189, 88, 87, 32,
       250, 255, 254, 255, 239, 255, 255, 255, 249, 255, 125, 223, 255,
       255, 254, 255, 252, 251, 245, 127, 122, 253, 223, 159, 124, 255,
       254, 255, 191, 255, 219, 127, 255, 231, 109, 255, 255, 214, 119,
       253, 127, 255, 223, 223, 158, 205, 175, 252, 21, 175, 181, 223,
       141, 250, 191, 159, 93, 232, 246, 123, 255, 255, 143, 46, 181, 62,
       177, 125, 254, 55, 189, 253, 121, 247, 254, 221, 249, 253, 127,
       188, 87, 251, 254, 99, 243, 245, 118, 211, 247, 221, 190, 229,
       251, 122, 222, 245, 235, 223, 44, 87, 190, 219, 120, 249, 125,
       120, 93, 61, 47, 212, 53, 247, 111, 153, 172, 24, 5, 240, 29, 156,
       73, 24, 242, 51, 189, 88, 87, 32, 250, 215, 241, 211, 246, 21, 34,
       93, 74, 98, 65, 33, 250, 47, 203, 132, 91, 226, 213, 37, 103, 7,
       172, 160, 115, 78, 138, 163, 11, 211, 8, 48, 41, 210, 39, 52, 154,
       66, 124, 65, 212, 83, 74, 56, 79, 200, 28, 201, 142, 137, 164, 80,
       5, 96, 30, 148, 73, 16, 242, 49, 189, 92, 86, 34, 185, 252, 249,
       255, 223, 246, 95, 219, 254, 254, 213, 253, 254, 255, 254, 191,
       238, 251, 213, 122, 103, 95, 167, 231, 246, 239, 127, 245, 63,
       211, 158, 246, 43, 223, 36, 85, 254, 82, 121, 233, 116, 114, 92,
       57, 63, 213, 52, 245, 110, 153, 172, 24, 5, 240, 29, 156, 73, 16,
       242, 51, 189, 88, 87, 32, 250, 250, 253, 255, 222, 119, 79, 93,
       143, 255, 69, 61, 250, 63, 238, 246, 254, 251, 215, 60, 55, 14,
       223, 161, 39, 239, 215, 243, 59, 243, 123, 94, 41, 210, 101, 52,
       223, 194, 117, 251, 245, 114, 219, 253, 123, 157, 30, 253, 46,
       197, 164, 86, 133, 232, 59, 150, 79, 216, 246, 56, 63, 93, 93, 50,
       187, 223, 186, 223, 183, 127, 123, 191, 254, 254, 189, 254, 255,
       239, 255, 219, 251, 255, 215, 39, 243, 229, 167, 231, 118, 205,
       223, 253, 239, 218, 14, 243, 251, 247, 44, 85, 190, 90, 122, 233,
       244, 248, 92, 56, 47, 213, 23, 247, 111, 153, 172, 24, 5, 240, 29,
       157, 73, 16, 242, 51, 189, 88, 87, 32, 250, 3, 4, 0, 35, 137, 160,
       34, 12, 32, 41, 0, 1, 160, 9, 2, 19, 102, 46, 1, 64, 200, 128,
       203, 56, 4, 136, 168, 2, 210, 1, 33, 71, 113, 164, 16, 48, 51,
       224, 33, 198, 64, 64, 8, 10, 64, 17, 202, 81, 25, 68, 24, 4, 100,
       28, 156, 105, 16, 176, 163, 188, 136, 70, 32, 229, 255, 252, 125,
       239, 255, 253, 223, 249, 255, 127, 253, 255, 255, 126, 254, 253,
       243, 247, 127, 114, 253, 255, 179, 124, 255, 255, 255, 191, 255,
       251, 127, 191, 199, 109, 159, 255, 222, 115, 249, 255, 251, 223,
       215, 31, 213, 63, 253, 29, 141, 189, 158, 13, 250, 191, 159, 113,
       120, 246, 123, 191, 255, 159, 46, 189, 67, 17, 16, 82, 221, 130,
       70, 8, 2, 0, 0, 80, 160, 75, 132, 17, 98, 87, 20, 38, 194, 41,
       136, 99, 14, 130, 34, 13, 18, 8, 1, 41, 18, 39, 20, 155, 0, 112,
       23, 212, 131, 226, 136, 73, 65, 28, 193, 7, 0, 36, 16, 4, 33, 48,
       141, 203, 17, 58, 34, 159, 88, 86, 179, 185, 92, 51, 125, 245,
       254, 183, 191, 112, 60, 255, 209, 91, 221, 125, 178, 64, 242, 221,
       65, 99, 253, 101, 194, 242, 76, 126, 177, 191, 88, 68, 119, 235,
       215, 36, 85, 186, 83, 120, 233, 116, 120, 92, 56, 47, 213, 21,
       247, 111, 153, 172, 24, 5, 240, 29, 156, 73, 16, 242, 51, 189, 88,
       87, 32, 250, 255, 252, 127, 255, 255, 189, 223, 249, 255, 127,
       253, 251, 255, 122, 246, 125, 243, 247, 127, 123, 255, 255, 179,
       124, 255, 255, 247, 251, 255, 251, 255, 255, 215, 237, 158, 223,
       222, 125, 249, 255, 95, 223, 255, 127, 217, 63, 253, 63, 175, 191,
       147, 143, 250, 183, 159, 125, 120, 246, 241, 255, 255, 223, 190,
       191, 255, 252, 255, 253, 255, 253, 255, 253, 253, 255, 254, 255,
       255, 190, 255, 254, 251, 213, 127, 127, 125, 223, 255, 188, 255,
       255, 255, 191, 255, 223, 127, 191, 249, 109, 188, 255, 222, 119,
       253, 253, 219, 223, 255, 62, 223, 167, 223, 245, 175, 189, 223,
       141, 248, 191, 159, 93, 252, 244, 127, 223, 255, 158, 46, 191,
       211, 154, 158, 79, 239, 216, 218, 128, 59, 187, 22, 207, 156, 117,
       107, 184, 189, 139, 184, 187, 204, 117, 78, 248, 225, 87, 121,
       118, 44, 115, 199, 118, 159, 249, 201, 5, 255, 155, 254, 43, 245,
       29, 107, 61, 245, 222, 255, 51, 191, 218, 8, 39, 245, 229, 217,
       251, 87, 223, 182, 165, 242, 251, 88, 222, 237, 46, 239, 249, 126,
       119, 171, 247, 189, 254, 234, 159, 79, 189, 251, 239, 139, 253,
       251, 107, 252, 213, 254, 187, 95, 109, 188, 182, 253, 87, 123,
       223, 253, 65, 215, 249, 214, 246, 253, 124, 124, 92, 122, 190, 95,
       163, 119, 233, 188, 173, 62, 157, 209, 125, 156, 92, 246, 236,
       107, 189, 223, 215, 40, 246, 109, 46, 231, 249, 120, 119, 167,
       255, 189, 254, 202, 53, 81, 189, 251, 230, 203, 221, 251, 106,
       252, 129, 206, 185, 77, 237, 156, 167, 89, 71, 51, 223, 245, 33,
       85, 187, 84, 242, 237, 116, 124, 84, 122, 62, 85, 167, 103, 233,
       157, 172, 28, 5, 211, 29, 156, 72, 148, 236, 43, 189, 74, 71, 32,
       242, 109, 34, 229, 176, 25, 183, 35, 94, 164, 254, 194, 53, 97,
       191, 187, 71, 202, 125, 3, 96, 225, 7, 202, 55, 76, 232, 140, 133,
       82, 12, 49, 203, 215, 36, 87, 186, 82, 120, 225, 116, 120, 84, 56,
       47, 85, 21, 229, 111, 153, 172, 24, 5, 240, 29, 156, 73, 16, 226,
       51, 189, 72, 87, 32, 250, 183, 117, 125, 150, 247, 15, 31, 72,
       230, 70, 53, 50, 61, 106, 180, 85, 242, 214, 4, 100, 3, 162, 129,
       102, 76, 158, 229, 25, 210, 58, 116, 41, 210, 36, 20, 158, 66,
       112, 129, 212, 18, 218, 24, 15, 208, 28, 228, 14, 153, 172, 16, 5,
       120, 29, 148, 73, 16, 242, 49, 188, 88, 86, 34, 249 ]
