%YAML:1.0
descriptors: !!opencv-matrix
   rows: 6
   cols: 64
   dt: u
   data: [ 62, 177, 253, 254, 62, 181, 253, 126, 247, 254, 213, 241, 125,
       126, 180, 86, 254, 222, 99, 243, 245, 54, 193, 247, 221, 186, 228,
       219, 82, 252, 245, 235, 223, 60, 87, 190, 219, 120, 233, 125, 120,
       93, 57, 47, 244, 53, 247, 111, 153, 174, 24, 7, 240, 29, 156, 73,
       16, 243, 51, 189, 120, 87, 32, 250, 63, 182, 125, 172, 63, 189,
       187, 121, 245, 254, 213, 249, 253, 123, 188, 85, 250, 253, 67,
       243, 245, 98, 211, 247, 221, 186, 229, 255, 126, 93, 245, 235,
       223, 44, 87, 190, 219, 120, 233, 125, 124, 92, 59, 175, 213, 113,
       247, 111, 153, 174, 24, 5, 240, 29, 156, 73, 16, 242, 51, 189,
       122, 87, 40, 251, 63, 178, 109, 174, 63, 185, 191, 56, 252, 254,
       246, 251, 237, 59, 156, 85, 240, 253, 67, 241, 229, 103, 203, 127,
       109, 252, 225, 191, 126, 95, 113, 239, 215, 44, 85, 186, 95, 120,
       233, 116, 120, 92, 58, 47, 213, 17, 247, 111, 153, 172, 24, 5,
       240, 29, 156, 73, 16, 242, 51, 189, 88, 87, 32, 250, 70, 33, 211,
       146, 89, 130, 1, 74, 198, 34, 1, 50, 163, 195, 144, 81, 226, 213,
       33, 102, 195, 37, 194, 115, 78, 138, 162, 15, 82, 8, 48, 105, 87,
       38, 84, 154, 66, 120, 37, 86, 16, 66, 24, 15, 209, 28, 193, 207,
       153, 172, 24, 4, 112, 28, 156, 73, 16, 242, 51, 189, 88, 87, 32,
       251, 69, 38, 227, 177, 216, 134, 163, 236, 128, 229, 194, 54, 193,
       227, 131, 66, 234, 213, 3, 102, 201, 37, 202, 113, 76, 152, 184,
       15, 82, 12, 49, 75, 87, 38, 85, 186, 80, 120, 69, 84, 208, 80, 24,
       14, 65, 20, 65, 103, 153, 44, 24, 5, 240, 29, 156, 73, 16, 242,
       51, 189, 88, 87, 32, 250, 172, 174, 239, 169, 218, 253, 163, 245,
       253, 253, 206, 255, 209, 60, 251, 236, 219, 253, 251, 106, 253,
       83, 254, 252, 127, 125, 29, 166, 237, 215, 127, 255, 237, 193, 79,
       112, 119, 243, 237, 62, 121, 21, 118, 54, 85, 183, 126, 241, 191,
       252, 143, 45, 215, 157, 156, 81, 118, 204, 175, 173, 219, 223, 44,
       254 ]
