%YAML:1.0
descriptors: !!opencv-matrix
   rows: 15
   cols: 64
   dt: u
   data: [ 62, 177, 253, 254, 62, 181, 253, 122, 247, 254, 213, 241, 253,
       122, 180, 87, 182, 254, 98, 251, 245, 118, 209, 247, 205, 186,
       228, 219, 90, 253, 245, 235, 215, 60, 87, 190, 219, 120, 232, 125,
       120, 93, 123, 47, 244, 53, 247, 111, 153, 174, 24, 7, 240, 29,
       156, 73, 16, 243, 51, 189, 120, 87, 32, 250, 23, 178, 93, 46, 61,
       184, 191, 88, 242, 188, 214, 243, 236, 63, 140, 17, 230, 239, 3,
       241, 229, 34, 195, 118, 197, 188, 225, 255, 122, 13, 225, 111,
       223, 44, 85, 190, 91, 56, 233, 117, 120, 92, 58, 47, 212, 81, 247,
       111, 153, 172, 24, 5, 240, 29, 156, 73, 16, 242, 51, 189, 88, 87,
       32, 250, 62, 177, 253, 190, 55, 53, 125, 127, 215, 252, 213, 181,
       125, 94, 181, 86, 255, 222, 67, 115, 245, 50, 193, 119, 221, 170,
       228, 201, 82, 220, 245, 233, 207, 44, 85, 190, 95, 120, 233, 124,
       120, 93, 53, 47, 212, 53, 247, 111, 153, 172, 24, 5, 240, 29, 156,
       65, 16, 242, 51, 189, 88, 87, 32, 250, 63, 214, 108, 238, 63, 189,
       159, 56, 191, 255, 244, 251, 173, 59, 52, 85, 244, 255, 71, 251,
       245, 98, 211, 126, 77, 190, 229, 127, 126, 89, 245, 239, 215, 108,
       84, 190, 223, 120, 233, 125, 124, 94, 123, 175, 213, 49, 247, 111,
       153, 172, 24, 5, 240, 29, 156, 73, 16, 242, 51, 189, 218, 215, 32,
       251, 60, 177, 253, 254, 54, 127, 121, 127, 215, 252, 215, 181,
       125, 126, 190, 118, 255, 222, 99, 107, 245, 63, 193, 247, 221,
       170, 230, 223, 122, 220, 245, 233, 223, 44, 85, 190, 223, 120,
       249, 125, 120, 93, 189, 47, 212, 53, 247, 111, 153, 172, 153, 5,
       240, 29, 156, 73, 16, 242, 51, 189, 89, 87, 32, 250, 124, 187,
       255, 252, 126, 191, 255, 127, 255, 252, 254, 245, 127, 126, 253,
       253, 242, 245, 123, 111, 245, 127, 211, 127, 253, 234, 238, 159,
       127, 221, 125, 239, 247, 101, 87, 191, 214, 122, 249, 245, 250,
       223, 123, 46, 213, 134, 209, 111, 157, 173, 30, 5, 242, 61, 159,
       77, 80, 246, 123, 157, 91, 95, 34, 251, 127, 245, 125, 206, 255,
       191, 223, 121, 255, 95, 253, 249, 255, 123, 244, 125, 242, 245,
       95, 103, 245, 119, 179, 119, 237, 234, 233, 63, 127, 93, 125, 233,
       215, 101, 20, 191, 210, 123, 249, 245, 210, 223, 125, 15, 209, 30,
       245, 79, 157, 172, 24, 5, 248, 29, 159, 73, 24, 246, 51, 189, 88,
       95, 34, 249, 109, 63, 239, 249, 118, 127, 235, 254, 253, 254, 210,
       189, 95, 253, 251, 239, 203, 253, 251, 111, 253, 223, 214, 191,
       79, 251, 190, 181, 89, 94, 114, 235, 215, 47, 215, 187, 86, 126,
       253, 116, 252, 124, 186, 62, 223, 191, 119, 239, 191, 172, 28,
       133, 241, 61, 157, 93, 208, 254, 115, 191, 91, 215, 40, 242, 123,
       190, 215, 239, 255, 253, 223, 56, 255, 253, 94, 255, 189, 127,
       121, 85, 255, 247, 248, 178, 253, 47, 219, 125, 233, 255, 255,
       255, 126, 123, 247, 239, 215, 237, 95, 53, 255, 217, 250, 127,
       125, 93, 235, 111, 245, 21, 253, 51, 189, 222, 153, 111, 244, 165,
       156, 235, 119, 255, 246, 191, 242, 127, 180, 254, 6, 35, 65, 146,
       217, 130, 0, 75, 194, 0, 3, 114, 161, 67, 128, 80, 226, 213, 1,
       96, 131, 36, 128, 99, 14, 138, 32, 13, 146, 8, 49, 72, 86, 38, 84,
       154, 64, 120, 1, 214, 128, 64, 24, 10, 192, 28, 193, 15, 153, 44,
       16, 4, 112, 24, 148, 73, 16, 114, 49, 189, 88, 87, 32, 249, 103,
       36, 193, 18, 17, 134, 5, 79, 198, 102, 1, 48, 33, 138, 178, 87,
       226, 84, 1, 96, 137, 131, 195, 39, 12, 136, 172, 13, 18, 8, 48,
       105, 81, 36, 20, 186, 2, 112, 1, 84, 0, 66, 24, 10, 80, 20, 193,
       78, 25, 44, 24, 4, 96, 24, 148, 73, 16, 242, 51, 188, 88, 86, 32,
       248, 69, 39, 227, 17, 80, 134, 35, 124, 128, 230, 194, 52, 193,
       139, 131, 66, 234, 85, 3, 102, 201, 165, 198, 49, 76, 136, 184,
       13, 82, 12, 49, 11, 87, 36, 85, 186, 80, 122, 69, 84, 144, 80, 24,
       14, 65, 20, 65, 103, 153, 44, 24, 5, 240, 29, 156, 73, 16, 242,
       51, 189, 72, 87, 32, 250, 255, 253, 255, 254, 55, 63, 93, 27, 247,
       215, 189, 250, 255, 251, 244, 95, 255, 247, 126, 255, 55, 255,
       113, 119, 213, 247, 247, 125, 123, 254, 254, 169, 210, 126, 150,
       191, 202, 124, 250, 125, 126, 255, 189, 237, 183, 124, 245, 110,
       223, 174, 152, 79, 248, 61, 254, 93, 57, 247, 115, 255, 123, 241,
       255, 251, 60, 190, 255, 173, 250, 253, 183, 253, 253, 253, 222,
       127, 253, 62, 251, 244, 251, 221, 219, 106, 253, 19, 223, 252,
       253, 109, 252, 239, 239, 223, 255, 255, 237, 44, 71, 254, 223,
       243, 233, 124, 248, 93, 86, 62, 213, 167, 254, 109, 189, 172, 159,
       13, 242, 29, 157, 89, 54, 242, 63, 188, 219, 31, 42, 254, 221,
       251, 214, 117, 248, 242, 250, 240, 24, 185, 238, 127, 198, 213,
       203, 169, 111, 201, 189, 111, 239, 173, 47, 219, 235, 127, 123,
       246, 220, 71, 162, 183, 127, 211, 125, 113, 53, 255, 255, 183,
       217, 52, 235, 118, 239, 139, 91, 179, 236, 219, 110, 247, 221,
       230, 137, 238, 215, 221, 213, 71, 196, 45, 149, 190 ]
