%YAML:1.0
descriptors: !!opencv-matrix
   rows: 24
   cols: 64
   dt: u
   data: [ 61, 54, 117, 162, 23, 181, 33, 122, 244, 94, 210, 53, 125, 63,
       177, 87, 226, 212, 3, 96, 225, 34, 193, 119, 76, 152, 160, 9, 82,
       12, 49, 233, 215, 36, 85, 186, 82, 120, 129, 116, 80, 92, 24, 14,
       212, 20, 224, 79, 153, 172, 24, 5, 240, 29, 156, 73, 16, 242, 51,
       188, 88, 87, 32, 250, 127, 189, 239, 252, 55, 255, 253, 127, 245,
       254, 213, 253, 127, 255, 190, 79, 251, 253, 123, 127, 245, 127,
       211, 247, 125, 235, 246, 191, 127, 221, 124, 235, 223, 108, 151,
       190, 222, 120, 249, 125, 126, 223, 255, 47, 213, 53, 247, 111,
       191, 174, 153, 13, 240, 29, 158, 93, 56, 246, 127, 191, 251, 223,
       46, 251, 28, 49, 221, 190, 55, 35, 61, 126, 84, 28, 213, 177, 117,
       74, 148, 82, 226, 212, 1, 98, 197, 32, 193, 115, 76, 138, 160, 9,
       82, 12, 48, 105, 214, 36, 85, 186, 82, 120, 193, 116, 112, 94, 56,
       47, 212, 20, 245, 78, 153, 172, 24, 5, 240, 29, 156, 73, 16, 242,
       51, 189, 88, 87, 32, 250, 188, 253, 255, 252, 54, 125, 253, 255,
       253, 220, 252, 253, 127, 254, 254, 254, 251, 252, 231, 123, 119,
       254, 117, 183, 255, 127, 247, 187, 111, 223, 254, 248, 206, 110,
       103, 254, 223, 127, 249, 125, 123, 253, 247, 119, 254, 247, 247,
       238, 235, 191, 239, 223, 250, 31, 158, 93, 54, 243, 127, 255, 251,
       255, 239, 222, 211, 221, 158, 223, 239, 219, 222, 2, 59, 249, 61,
       203, 190, 246, 110, 217, 253, 179, 188, 187, 199, 125, 91, 107,
       227, 87, 243, 126, 45, 123, 223, 103, 159, 243, 243, 101, 255,
       205, 250, 107, 119, 191, 239, 117, 189, 22, 253, 111, 245, 219,
       137, 223, 190, 225, 251, 255, 127, 223, 246, 55, 243, 249, 221,
       206, 121, 190, 253, 143, 62, 189, 159, 57, 255, 255, 214, 223,
       253, 61, 59, 87, 244, 255, 219, 185, 248, 87, 219, 253, 249, 120,
       252, 246, 124, 213, 255, 239, 221, 232, 215, 52, 255, 251, 168,
       123, 124, 93, 107, 175, 215, 225, 246, 105, 191, 254, 137, 15,
       246, 189, 222, 93, 54, 246, 191, 252, 251, 223, 108, 254, 5, 6,
       101, 129, 217, 156, 131, 89, 173, 118, 130, 4, 137, 61, 185, 5,
       128, 125, 139, 32, 216, 67, 218, 121, 69, 224, 8, 36, 60, 8, 25,
       75, 85, 66, 219, 10, 80, 250, 45, 2, 164, 52, 8, 132, 85, 194,
       116, 145, 24, 28, 24, 32, 147, 221, 141, 24, 16, 64, 34, 172, 192,
       215, 44, 242, 108, 38, 109, 168, 30, 119, 33, 255, 244, 254, 210,
       53, 125, 191, 251, 231, 226, 220, 67, 104, 241, 210, 156, 52, 93,
       168, 172, 129, 250, 92, 57, 251, 113, 36, 85, 186, 82, 114, 1,
       116, 252, 84, 24, 30, 84, 135, 64, 76, 153, 45, 28, 4, 240, 29,
       141, 73, 16, 240, 43, 188, 88, 86, 34, 240, 45, 54, 101, 160, 223,
       53, 35, 88, 228, 94, 194, 53, 109, 59, 249, 69, 226, 244, 3, 96,
       121, 130, 152, 52, 76, 168, 44, 137, 210, 12, 57, 185, 112, 36,
       87, 186, 82, 114, 5, 116, 252, 84, 24, 14, 80, 135, 192, 68, 153,
       45, 24, 4, 240, 29, 141, 73, 16, 240, 35, 188, 88, 86, 32, 241,
       67, 0, 0, 146, 76, 130, 10, 100, 66, 34, 17, 4, 0, 1, 1, 2, 14,
       69, 0, 68, 200, 33, 195, 3, 12, 128, 168, 12, 18, 12, 33, 73, 81,
       36, 20, 186, 66, 104, 0, 64, 0, 64, 24, 10, 193, 20, 193, 79, 27,
       44, 24, 5, 112, 24, 156, 73, 0, 50, 51, 152, 72, 22, 32, 242, 182,
       117, 125, 158, 55, 15, 95, 73, 230, 70, 189, 48, 125, 106, 180,
       86, 242, 212, 6, 100, 67, 162, 177, 54, 220, 138, 228, 9, 211, 28,
       244, 41, 210, 36, 20, 190, 66, 112, 129, 244, 18, 218, 24, 15,
       208, 20, 229, 78, 153, 172, 16, 5, 112, 29, 148, 73, 16, 242, 49,
       188, 88, 86, 34, 249, 55, 54, 113, 130, 159, 128, 15, 73, 230, 66,
       147, 48, 173, 79, 160, 85, 242, 246, 3, 112, 193, 34, 145, 116,
       196, 136, 224, 9, 18, 24, 97, 105, 86, 44, 86, 190, 66, 120, 1,
       84, 0, 64, 24, 143, 192, 0, 228, 79, 152, 172, 24, 1, 96, 29, 156,
       73, 16, 114, 51, 188, 88, 87, 32, 248, 82, 1, 1, 146, 66, 2, 2,
       38, 66, 2, 19, 4, 48, 194, 17, 18, 102, 3, 0, 148, 2, 161, 1, 134,
       136, 128, 172, 12, 2, 136, 0, 8, 112, 44, 4, 154, 74, 32, 3, 196,
       128, 64, 0, 10, 0, 12, 129, 78, 17, 36, 16, 0, 32, 24, 20, 67, 0,
       114, 16, 48, 72, 4, 32, 225, 36, 39, 245, 144, 17, 5, 32, 127,
       196, 192, 194, 53, 113, 167, 145, 70, 234, 212, 3, 96, 193, 2,
       196, 55, 76, 136, 164, 9, 82, 12, 48, 104, 84, 36, 85, 186, 82,
       120, 1, 84, 80, 64, 24, 14, 68, 20, 193, 78, 153, 44, 24, 5, 240,
       28, 156, 73, 16, 242, 51, 188, 88, 86, 32, 250, 129, 5, 128, 0, 0,
       0, 4, 6, 160, 2, 0, 2, 0, 1, 6, 1, 8, 96, 0, 4, 0, 130, 80, 64,
       64, 145, 28, 0, 128, 8, 2, 0, 4, 4, 131, 138, 0, 0, 7, 0, 32, 32,
       16, 129, 5, 120, 52, 132, 16, 0, 0, 0, 1, 8, 0, 2, 16, 0, 0, 52,
       0, 81, 64, 106, 1, 6, 4, 0, 4, 34, 35, 82, 160, 4, 0, 0, 0, 25, 0,
       1, 0, 108, 7, 100, 64, 2, 24, 160, 0, 40, 12, 0, 176, 0, 1, 65,
       80, 32, 144, 168, 0, 32, 5, 128, 132, 34, 24, 134, 64, 96, 64,
       200, 0, 36, 16, 0, 81, 24, 140, 8, 56, 32, 3, 148, 64, 86, 36,
       121, 63, 183, 125, 222, 63, 253, 223, 120, 254, 254, 221, 255,
       253, 127, 190, 117, 251, 247, 67, 99, 245, 98, 195, 118, 205, 254,
       241, 123, 122, 30, 247, 107, 215, 36, 85, 190, 82, 120, 233, 117,
       112, 92, 56, 47, 213, 20, 245, 111, 153, 172, 24, 5, 240, 29, 156,
       73, 16, 242, 51, 189, 88, 87, 32, 250, 1, 3, 4, 32, 65, 34, 35,
       126, 0, 16, 192, 5, 0, 25, 128, 1, 66, 77, 129, 100, 224, 33, 128,
       243, 8, 40, 8, 132, 80, 4, 33, 73, 92, 32, 16, 184, 17, 32, 5,
       132, 85, 0, 26, 6, 64, 1, 194, 78, 24, 36, 24, 0, 241, 28, 140, 9,
       0, 162, 35, 156, 72, 6, 36, 120, 3, 1, 0, 20, 5, 0, 25, 30, 2,
       128, 5, 128, 0, 136, 36, 3, 0, 84, 0, 65, 2, 160, 224, 35, 4, 130,
       128, 8, 16, 8, 16, 73, 80, 36, 52, 186, 2, 104, 2, 213, 146, 202,
       60, 11, 130, 20, 65, 78, 17, 160, 16, 4, 32, 24, 148, 0, 16, 50,
       49, 156, 72, 22, 34, 251, 82, 0, 9, 130, 2, 2, 10, 35, 2, 2, 19,
       4, 17, 0, 17, 18, 68, 86, 0, 68, 0, 16, 192, 0, 8, 128, 172, 12,
       2, 40, 17, 72, 80, 36, 16, 138, 10, 104, 0, 64, 128, 64, 21, 8, 0,
       12, 128, 76, 19, 44, 16, 5, 32, 24, 20, 75, 0, 114, 51, 184, 72,
       22, 96, 240, 31, 186, 204, 178, 63, 121, 189, 126, 124, 190, 254,
       247, 61, 63, 251, 227, 235, 212, 33, 99, 229, 36, 195, 115, 77,
       255, 177, 43, 90, 14, 51, 235, 215, 36, 85, 186, 82, 122, 233,
       116, 240, 92, 56, 47, 212, 22, 245, 111, 153, 172, 24, 5, 240, 29,
       157, 73, 16, 242, 51, 189, 88, 87, 32, 250, 62, 177, 253, 190, 54,
       119, 125, 126, 246, 222, 253, 182, 125, 254, 182, 126, 251, 212,
       99, 99, 245, 53, 193, 119, 205, 255, 181, 153, 82, 158, 118, 233,
       215, 36, 85, 190, 82, 120, 233, 116, 112, 92, 56, 47, 213, 20,
       245, 111, 153, 172, 24, 5, 240, 29, 156, 73, 16, 242, 51, 189, 88,
       87, 32, 250, 62, 49, 253, 182, 55, 39, 61, 126, 246, 236, 215, 53,
       125, 238, 179, 86, 250, 212, 3, 99, 225, 39, 193, 119, 76, 138,
       180, 9, 82, 12, 113, 233, 215, 36, 85, 186, 82, 120, 193, 116,
       112, 92, 56, 46, 213, 20, 193, 111, 153, 172, 24, 5, 240, 29, 156,
       73, 16, 242, 51, 189, 88, 87, 32, 250, 60, 48, 253, 182, 63, 247,
       189, 126, 244, 252, 220, 113, 125, 127, 179, 85, 251, 213, 99, 99,
       241, 39, 195, 119, 76, 239, 180, 191, 90, 12, 115, 235, 215, 36,
       85, 186, 82, 120, 233, 116, 120, 92, 56, 47, 213, 21, 245, 111,
       153, 172, 24, 5, 240, 29, 156, 73, 16, 242, 51, 189, 88, 87, 32,
       250 ]
