%YAML:1.0
descriptors: !!opencv-matrix
   rows: 11
   cols: 64
   dt: u
   data: [ 63, 255, 255, 222, 55, 95, 93, 27, 239, 198, 187, 250, 191,
       254, 254, 223, 255, 247, 98, 63, 54, 127, 208, 103, 213, 247, 247,
       125, 58, 250, 222, 41, 206, 126, 215, 158, 202, 124, 251, 125, 52,
       93, 253, 237, 183, 124, 245, 111, 214, 174, 152, 79, 178, 29, 255,
       87, 57, 246, 114, 63, 123, 253, 173, 250, 68, 34, 227, 129, 216,
       132, 162, 197, 128, 166, 2, 22, 193, 101, 147, 64, 234, 85, 3, 98,
       201, 1, 142, 112, 78, 152, 60, 13, 210, 12, 51, 90, 85, 36, 85,
       186, 80, 112, 13, 84, 80, 64, 24, 14, 69, 4, 192, 69, 25, 44, 24,
       5, 240, 28, 156, 73, 16, 240, 51, 157, 72, 87, 32, 250, 109, 236,
       239, 169, 202, 237, 167, 245, 189, 253, 206, 223, 217, 61, 251,
       236, 139, 57, 251, 98, 252, 87, 222, 253, 127, 125, 29, 182, 237,
       215, 59, 223, 205, 195, 99, 96, 181, 235, 253, 62, 125, 53, 126,
       167, 93, 241, 126, 241, 191, 220, 169, 185, 215, 255, 8, 60, 110,
       204, 239, 233, 195, 207, 108, 222, 255, 252, 255, 251, 222, 127,
       255, 255, 255, 255, 248, 251, 255, 239, 254, 255, 251, 245, 251,
       111, 253, 223, 251, 127, 255, 239, 127, 191, 255, 219, 126, 239,
       71, 239, 191, 255, 246, 253, 125, 254, 127, 206, 254, 255, 95,
       251, 125, 245, 255, 181, 30, 252, 235, 191, 143, 119, 252, 252,
       239, 255, 223, 221, 187, 182, 31, 177, 201, 62, 62, 177, 157, 30,
       82, 188, 212, 245, 120, 94, 165, 83, 232, 254, 1, 211, 229, 32,
       65, 211, 205, 170, 224, 203, 82, 76, 245, 107, 215, 44, 85, 186,
       91, 120, 233, 116, 112, 93, 56, 47, 212, 21, 247, 111, 153, 172,
       24, 5, 240, 29, 156, 65, 16, 242, 51, 189, 88, 87, 32, 250, 247,
       53, 247, 19, 213, 66, 7, 222, 230, 69, 181, 250, 239, 203, 134,
       95, 251, 245, 39, 103, 75, 135, 227, 103, 78, 219, 249, 47, 146,
       8, 66, 41, 215, 37, 84, 190, 82, 120, 109, 116, 112, 88, 56, 175,
       217, 24, 245, 239, 153, 172, 24, 5, 240, 28, 156, 75, 16, 242, 51,
       189, 88, 87, 32, 250, 63, 182, 252, 182, 63, 189, 184, 119, 54,
       252, 86, 245, 28, 126, 185, 84, 226, 222, 1, 99, 197, 32, 193,
       115, 77, 138, 160, 75, 90, 77, 177, 107, 215, 36, 85, 186, 83,
       120, 233, 116, 112, 92, 56, 47, 212, 20, 247, 111, 153, 172, 24,
       5, 240, 29, 156, 73, 16, 242, 51, 189, 88, 87, 32, 250, 61, 246,
       125, 172, 54, 125, 189, 122, 245, 222, 248, 241, 109, 63, 253,
       229, 243, 244, 67, 104, 241, 114, 212, 247, 109, 173, 165, 153,
       127, 94, 125, 249, 252, 108, 223, 190, 214, 122, 153, 253, 254,
       94, 59, 175, 214, 163, 244, 110, 186, 189, 30, 13, 250, 29, 159,
       93, 184, 242, 59, 156, 219, 223, 46, 177, 62, 245, 117, 190, 55,
       47, 125, 127, 215, 68, 253, 177, 125, 122, 148, 86, 242, 214, 67,
       117, 113, 42, 225, 55, 220, 171, 228, 153, 123, 252, 252, 233,
       206, 44, 36, 190, 206, 120, 129, 253, 123, 219, 181, 143, 208, 53,
       229, 78, 187, 166, 219, 13, 112, 28, 158, 65, 40, 178, 123, 248,
       123, 70, 38, 249, 63, 245, 109, 238, 55, 117, 253, 254, 245, 222,
       253, 249, 125, 59, 245, 221, 251, 244, 103, 107, 241, 114, 245,
       118, 125, 191, 165, 153, 127, 94, 125, 251, 244, 108, 28, 190,
       214, 120, 185, 253, 126, 95, 59, 47, 210, 53, 208, 110, 153, 173,
       30, 5, 248, 29, 157, 77, 24, 242, 51, 156, 91, 223, 42, 251, 5,
       35, 65, 128, 16, 4, 1, 76, 128, 70, 1, 52, 65, 2, 145, 66, 234,
       84, 1, 96, 1, 128, 192, 48, 12, 136, 160, 9, 18, 8, 48, 9, 80, 36,
       85, 186, 64, 120, 1, 84, 16, 64, 24, 14, 64, 20, 192, 76, 25, 44,
       16, 5, 112, 28, 148, 73, 16, 242, 49, 156, 88, 86, 32, 242 ]
