%YAML:1.0
descriptors: !!opencv-matrix
   rows: 14
   cols: 64
   dt: u
   data: [ 63, 213, 236, 190, 63, 189, 221, 31, 183, 254, 181, 225, 61,
       122, 52, 95, 253, 254, 99, 243, 245, 118, 209, 119, 213, 191, 229,
       127, 123, 93, 245, 227, 223, 44, 87, 190, 219, 120, 233, 117, 120,
       95, 58, 47, 212, 117, 247, 111, 153, 172, 24, 5, 240, 29, 156, 73,
       16, 242, 51, 189, 90, 87, 40, 251, 63, 158, 252, 238, 63, 253,
       189, 124, 63, 252, 222, 241, 189, 63, 253, 213, 255, 246, 97, 123,
       245, 118, 211, 127, 109, 255, 241, 127, 126, 95, 245, 239, 223,
       100, 87, 190, 87, 122, 249, 124, 116, 93, 122, 47, 213, 21, 247,
       111, 153, 172, 24, 5, 242, 29, 157, 77, 56, 242, 55, 189, 219, 95,
       32, 250, 63, 241, 125, 222, 55, 189, 221, 120, 255, 223, 221, 251,
       253, 126, 180, 85, 246, 247, 66, 123, 245, 118, 195, 119, 237,
       254, 245, 123, 126, 223, 245, 235, 215, 44, 87, 190, 210, 120,
       249, 125, 112, 93, 57, 47, 213, 20, 245, 111, 153, 172, 24, 5,
       240, 29, 156, 73, 16, 242, 51, 189, 88, 87, 32, 250, 255, 250,
       255, 247, 255, 127, 255, 250, 254, 253, 254, 251, 255, 251, 254,
       253, 243, 247, 127, 111, 253, 135, 167, 118, 207, 255, 249, 127,
       255, 95, 243, 255, 247, 37, 84, 255, 82, 121, 237, 244, 122, 92,
       56, 63, 213, 31, 245, 109, 157, 173, 24, 5, 240, 61, 157, 73, 16,
       246, 51, 189, 88, 87, 32, 250, 69, 7, 163, 209, 200, 134, 35, 74,
       164, 102, 2, 6, 195, 201, 147, 5, 194, 85, 57, 102, 206, 173, 202,
       99, 78, 202, 154, 5, 144, 8, 48, 9, 87, 39, 85, 187, 16, 124, 71,
       84, 112, 96, 24, 14, 69, 12, 225, 199, 25, 44, 24, 4, 241, 93,
       156, 11, 16, 106, 51, 189, 72, 87, 49, 248, 68, 33, 195, 145, 216,
       134, 3, 79, 128, 98, 0, 22, 131, 194, 147, 67, 194, 85, 57, 102,
       202, 173, 202, 11, 78, 202, 138, 45, 146, 8, 48, 11, 87, 39, 85,
       187, 0, 124, 103, 86, 48, 96, 24, 14, 77, 28, 193, 147, 25, 44,
       24, 4, 113, 88, 156, 75, 16, 106, 51, 189, 72, 86, 49, 240, 252,
       185, 255, 183, 255, 119, 255, 254, 254, 255, 253, 255, 255, 239,
       182, 126, 251, 213, 127, 103, 125, 167, 231, 246, 206, 239, 253,
       191, 219, 78, 118, 171, 223, 37, 85, 191, 82, 120, 233, 244, 122,
       92, 56, 47, 213, 61, 245, 111, 157, 172, 24, 5, 240, 29, 156, 73,
       16, 246, 51, 189, 88, 87, 32, 250, 189, 191, 255, 253, 58, 127,
       253, 255, 253, 252, 254, 253, 95, 253, 251, 238, 187, 253, 251,
       107, 247, 127, 126, 255, 255, 111, 150, 183, 109, 215, 127, 255,
       255, 91, 103, 254, 255, 255, 249, 61, 255, 125, 251, 246, 255,
       227, 247, 235, 191, 255, 239, 223, 242, 61, 159, 92, 119, 255,
       255, 239, 251, 255, 239, 254, 194, 200, 139, 155, 26, 192, 157,
       204, 206, 167, 45, 156, 19, 134, 191, 234, 235, 212, 32, 99, 136,
       129, 238, 44, 77, 197, 189, 43, 83, 11, 19, 126, 241, 36, 85, 186,
       82, 112, 233, 246, 114, 94, 40, 46, 212, 22, 229, 45, 153, 172,
       26, 5, 240, 29, 148, 73, 16, 242, 49, 188, 88, 86, 34, 251, 198,
       40, 195, 149, 217, 198, 11, 205, 142, 231, 1, 58, 131, 202, 147,
       79, 235, 85, 56, 103, 138, 143, 206, 41, 78, 195, 186, 47, 146, 9,
       19, 79, 87, 167, 85, 187, 2, 253, 103, 86, 48, 64, 40, 43, 205,
       28, 233, 177, 29, 172, 24, 37, 113, 122, 148, 235, 80, 120, 49,
       61, 92, 84, 48, 250, 196, 11, 195, 213, 216, 134, 71, 206, 140,
       229, 3, 18, 195, 233, 146, 74, 234, 85, 57, 103, 142, 173, 202,
       107, 78, 218, 158, 47, 146, 8, 50, 79, 87, 39, 84, 187, 0, 252,
       103, 86, 48, 96, 40, 47, 201, 28, 205, 179, 25, 172, 24, 21, 113,
       94, 156, 75, 80, 120, 49, 189, 72, 85, 49, 250, 252, 253, 255,
       253, 250, 255, 255, 255, 253, 253, 253, 251, 255, 254, 254, 254,
       187, 213, 255, 111, 191, 175, 238, 63, 255, 255, 191, 191, 255,
       251, 126, 191, 247, 231, 125, 223, 214, 255, 255, 255, 123, 255,
       235, 127, 191, 62, 125, 179, 205, 189, 127, 247, 217, 255, 183,
       238, 208, 252, 249, 111, 255, 125, 179, 190, 187, 252, 125, 239,
       255, 189, 223, 25, 255, 127, 253, 251, 191, 123, 244, 125, 247,
       247, 126, 187, 255, 126, 187, 124, 245, 255, 247, 127, 255, 123,
       255, 255, 151, 236, 158, 222, 254, 249, 251, 255, 127, 223, 239,
       253, 245, 83, 253, 55, 175, 255, 147, 111, 252, 165, 255, 125,
       120, 183, 246, 159, 251, 223, 190, 159, 36, 35, 81, 210, 217, 2,
       65, 74, 198, 64, 2, 54, 161, 78, 128, 65, 226, 85, 1, 102, 71, 44,
       128, 102, 14, 138, 34, 9, 146, 8, 48, 9, 82, 38, 84, 154, 0, 112,
       71, 212, 1, 96, 24, 78, 64, 20, 193, 206, 137, 36, 16, 4, 96, 24,
       140, 73, 16, 112, 51, 189, 72, 70, 33, 248 ]
