%YAML:1.0
descriptors: !!opencv-matrix
   rows: 19
   cols: 64
   dt: u
   data: [ 39, 39, 65, 146, 217, 2, 1, 74, 192, 64, 130, 54, 33, 203,
       128, 64, 226, 84, 1, 102, 67, 168, 136, 34, 78, 138, 34, 9, 146,
       8, 48, 9, 114, 38, 84, 186, 64, 112, 5, 212, 128, 64, 24, 14, 64,
       4, 193, 198, 25, 36, 16, 4, 112, 28, 132, 73, 16, 112, 33, 189,
       72, 70, 32, 249, 187, 252, 254, 223, 63, 189, 221, 57, 255, 253,
       253, 251, 191, 123, 116, 92, 245, 183, 254, 187, 247, 126, 211,
       255, 241, 119, 247, 254, 127, 243, 223, 255, 159, 248, 170, 116,
       255, 217, 250, 251, 127, 223, 239, 239, 183, 113, 247, 111, 191,
       251, 137, 207, 252, 165, 251, 93, 127, 247, 254, 255, 243, 251,
       237, 223, 252, 191, 255, 253, 126, 127, 249, 255, 253, 253, 254,
       191, 127, 254, 251, 238, 251, 253, 251, 111, 253, 223, 255, 191,
       255, 239, 254, 183, 255, 223, 126, 255, 255, 111, 247, 255, 214,
       255, 253, 125, 254, 93, 251, 62, 223, 167, 91, 255, 191, 173, 223,
       221, 243, 191, 159, 93, 244, 252, 127, 255, 255, 222, 47, 254, 70,
       4, 65, 130, 153, 132, 3, 77, 166, 102, 3, 0, 129, 139, 147, 7, 66,
       84, 1, 96, 136, 128, 138, 40, 76, 128, 136, 11, 146, 8, 17, 79,
       81, 36, 84, 154, 0, 112, 37, 86, 0, 64, 8, 138, 0, 28, 64, 129,
       17, 44, 16, 0, 16, 24, 132, 11, 16, 96, 33, 60, 72, 84, 32, 248,
       68, 1, 131, 144, 200, 130, 35, 78, 0, 100, 3, 20, 209, 228, 147,
       2, 130, 69, 1, 102, 142, 173, 194, 3, 78, 202, 138, 13, 0, 8, 48,
       75, 83, 39, 85, 187, 0, 120, 71, 86, 16, 96, 24, 2, 69, 28, 193,
       143, 25, 44, 24, 5, 113, 88, 148, 75, 16, 106, 51, 189, 72, 70,
       33, 248, 242, 253, 255, 215, 255, 142, 223, 139, 254, 101, 189,
       123, 191, 235, 246, 92, 243, 215, 62, 119, 79, 143, 163, 109, 238,
       223, 251, 63, 215, 59, 214, 47, 215, 239, 28, 223, 202, 117, 255,
       247, 83, 218, 237, 123, 217, 28, 253, 151, 197, 164, 16, 133, 233,
       178, 156, 235, 88, 252, 112, 63, 92, 93, 48, 188, 76, 34, 225,
       177, 24, 199, 43, 108, 128, 230, 211, 52, 209, 134, 147, 66, 138,
       85, 3, 99, 137, 161, 198, 57, 12, 136, 140, 15, 82, 12, 49, 75,
       113, 36, 85, 186, 82, 120, 1, 86, 16, 64, 24, 14, 209, 28, 193,
       107, 25, 172, 24, 5, 240, 29, 156, 72, 16, 226, 51, 189, 72, 86,
       32, 250, 55, 54, 81, 6, 157, 128, 15, 8, 230, 66, 3, 112, 173, 11,
       160, 85, 226, 246, 0, 48, 193, 34, 129, 100, 68, 144, 224, 9, 146,
       8, 65, 105, 84, 36, 84, 154, 66, 112, 1, 84, 0, 64, 24, 15, 192,
       20, 228, 77, 145, 172, 24, 5, 32, 24, 156, 73, 16, 114, 50, 188,
       88, 87, 32, 248, 126, 53, 121, 150, 54, 7, 25, 79, 230, 70, 149,
       52, 125, 234, 182, 86, 242, 212, 3, 100, 67, 162, 161, 54, 92,
       136, 164, 9, 211, 156, 116, 41, 240, 36, 20, 190, 66, 112, 129,
       212, 18, 202, 28, 14, 208, 20, 193, 78, 153, 172, 18, 5, 112, 28,
       148, 73, 16, 242, 49, 188, 88, 86, 34, 249, 68, 2, 1, 144, 0, 66,
       1, 70, 134, 38, 3, 20, 17, 130, 145, 194, 10, 84, 0, 96, 2, 128,
       172, 2, 12, 128, 132, 9, 2, 136, 16, 72, 112, 4, 20, 138, 0, 114,
       3, 214, 128, 96, 0, 0, 0, 142, 0, 136, 19, 44, 118, 4, 1, 24, 133,
       2, 128, 96, 41, 24, 72, 4, 32, 177, 124, 49, 241, 182, 22, 39, 40,
       119, 198, 226, 81, 20, 65, 134, 147, 82, 226, 212, 3, 100, 73,
       128, 197, 55, 76, 136, 164, 9, 82, 12, 48, 104, 112, 36, 85, 186,
       82, 112, 1, 84, 16, 72, 24, 14, 192, 20, 193, 78, 153, 172, 24, 5,
       112, 28, 156, 73, 16, 242, 51, 188, 88, 86, 32, 248, 2, 132, 0,
       138, 7, 196, 132, 5, 38, 66, 57, 64, 8, 37, 4, 20, 13, 2, 0, 144,
       0, 0, 49, 64, 16, 5, 1, 72, 1, 176, 129, 0, 132, 60, 19, 0, 74, 0,
       8, 0, 32, 0, 0, 137, 20, 20, 244, 76, 17, 8, 16, 8, 52, 0, 224, 8,
       19, 67, 34, 20, 0, 81, 8, 72, 4, 33, 145, 18, 17, 128, 32, 127,
       192, 40, 192, 53, 97, 134, 131, 66, 234, 68, 3, 64, 193, 35, 195,
       23, 76, 136, 164, 9, 82, 12, 33, 104, 69, 36, 85, 186, 18, 56, 1,
       84, 80, 64, 16, 142, 68, 20, 129, 78, 153, 44, 24, 1, 240, 28,
       156, 65, 16, 242, 51, 188, 88, 86, 32, 250, 67, 4, 0, 2, 217, 130,
       7, 8, 66, 1, 1, 66, 160, 11, 132, 17, 98, 71, 5, 68, 192, 1, 137,
       100, 6, 152, 40, 15, 146, 8, 1, 9, 20, 37, 20, 154, 2, 0, 5, 214,
       1, 66, 24, 11, 65, 24, 236, 5, 1, 36, 16, 4, 96, 24, 132, 3, 16,
       48, 33, 188, 88, 87, 32, 248, 68, 1, 1, 144, 0, 2, 32, 71, 0, 162,
       3, 4, 81, 128, 145, 2, 10, 76, 1, 68, 2, 160, 196, 3, 12, 128,
       128, 4, 0, 12, 48, 72, 80, 4, 85, 170, 0, 104, 1, 68, 160, 96, 16,
       10, 64, 20, 1, 78, 25, 44, 24, 5, 48, 25, 148, 8, 16, 98, 35, 184,
       72, 86, 32, 243, 33, 6, 37, 130, 13, 132, 1, 57, 166, 68, 2, 1, 9,
       41, 16, 5, 70, 100, 65, 32, 208, 2, 152, 100, 24, 160, 12, 0, 58,
       152, 1, 73, 85, 36, 82, 184, 80, 8, 1, 72, 100, 64, 24, 143, 64,
       0, 192, 77, 16, 36, 152, 8, 50, 24, 156, 9, 40, 34, 18, 148, 66,
       71, 36, 120, 98, 1, 40, 128, 7, 7, 27, 13, 132, 70, 17, 0, 25, 8,
       49, 6, 4, 53, 66, 212, 16, 51, 208, 2, 20, 128, 140, 12, 16, 144,
       17, 73, 64, 60, 2, 170, 138, 104, 0, 72, 16, 72, 20, 136, 209, 92,
       128, 78, 25, 172, 24, 1, 112, 24, 28, 81, 24, 50, 51, 184, 8, 214,
       40, 235, 31, 186, 77, 36, 62, 121, 191, 112, 120, 188, 254, 247,
       220, 127, 235, 241, 227, 221, 35, 99, 229, 36, 195, 114, 77, 223,
       181, 171, 90, 14, 115, 107, 215, 36, 85, 186, 82, 122, 233, 116,
       112, 92, 56, 47, 213, 22, 247, 111, 153, 172, 24, 5, 240, 29, 157,
       73, 16, 242, 51, 189, 88, 87, 32, 250, 63, 245, 125, 190, 55, 63,
       29, 59, 246, 254, 245, 178, 253, 123, 190, 87, 254, 247, 99, 243,
       245, 38, 209, 118, 221, 187, 245, 105, 82, 28, 243, 233, 215, 44,
       85, 190, 90, 120, 233, 116, 112, 94, 56, 47, 213, 20, 245, 111,
       153, 172, 24, 5, 240, 29, 156, 73, 16, 242, 51, 189, 88, 87, 32,
       251 ]
