%YAML:1.0
descriptors: !!opencv-matrix
   rows: 18
   cols: 64
   dt: u
   data: [ 76, 33, 225, 144, 16, 7, 33, 110, 128, 230, 195, 52, 81, 134,
       147, 66, 234, 84, 3, 96, 129, 161, 192, 51, 12, 136, 160, 13, 82,
       8, 49, 73, 85, 36, 85, 186, 0, 120, 1, 84, 16, 64, 24, 14, 68, 20,
       65, 78, 153, 44, 24, 5, 112, 28, 148, 73, 16, 242, 51, 189, 72,
       86, 32, 242, 186, 240, 253, 239, 255, 189, 223, 57, 223, 125, 245,
       251, 255, 122, 182, 92, 255, 151, 126, 147, 253, 127, 211, 125,
       253, 255, 247, 127, 127, 249, 255, 174, 207, 237, 142, 247, 254,
       121, 251, 125, 121, 223, 231, 111, 213, 117, 189, 63, 191, 190,
       155, 143, 254, 165, 220, 113, 126, 183, 254, 251, 187, 223, 188,
       223, 255, 252, 239, 253, 255, 245, 255, 253, 253, 255, 249, 250,
       255, 235, 246, 255, 251, 253, 127, 107, 191, 223, 254, 61, 127,
       255, 191, 191, 255, 123, 127, 255, 215, 237, 159, 255, 210, 253,
       253, 127, 126, 206, 251, 191, 223, 29, 253, 51, 157, 189, 30, 165,
       232, 191, 156, 125, 216, 246, 241, 159, 223, 223, 58, 183, 253,
       254, 239, 253, 246, 255, 255, 255, 253, 255, 250, 191, 207, 189,
       255, 239, 251, 253, 251, 111, 253, 215, 254, 189, 95, 111, 191,
       182, 125, 87, 126, 175, 255, 105, 255, 255, 215, 127, 253, 125,
       126, 92, 251, 191, 223, 171, 127, 245, 190, 189, 62, 189, 241,
       255, 159, 92, 252, 254, 123, 223, 255, 214, 46, 246, 113, 223,
       175, 222, 238, 223, 95, 59, 255, 127, 30, 201, 159, 253, 124, 140,
       255, 247, 120, 39, 222, 127, 210, 247, 91, 247, 191, 62, 61, 211,
       94, 107, 199, 103, 83, 57, 214, 108, 254, 104, 116, 125, 235, 175,
       221, 60, 245, 239, 151, 136, 152, 141, 243, 125, 158, 223, 121,
       254, 114, 191, 82, 213, 25, 250, 67, 6, 0, 34, 205, 130, 6, 0, 32,
       32, 0, 66, 160, 73, 0, 1, 100, 35, 1, 208, 192, 35, 27, 104, 66,
       216, 8, 14, 146, 0, 33, 70, 23, 173, 80, 48, 1, 0, 37, 66, 68, 64,
       8, 139, 65, 89, 166, 67, 24, 100, 24, 0, 117, 24, 136, 129, 16,
       50, 147, 180, 0, 87, 48, 104, 68, 1, 145, 144, 0, 2, 8, 71, 2,
       162, 3, 4, 80, 132, 147, 2, 0, 72, 0, 98, 138, 161, 68, 139, 12,
       128, 166, 76, 0, 140, 49, 74, 113, 20, 85, 170, 0, 104, 3, 66, 0,
       64, 4, 10, 34, 28, 1, 110, 25, 44, 56, 5, 32, 24, 20, 72, 128, 98,
       17, 176, 72, 6, 96, 226, 39, 35, 65, 130, 209, 130, 3, 72, 198, 4,
       1, 48, 161, 75, 128, 81, 226, 213, 1, 100, 65, 34, 129, 102, 76,
       136, 168, 13, 146, 8, 17, 9, 82, 36, 84, 154, 66, 112, 1, 84, 0,
       64, 24, 11, 64, 20, 192, 78, 145, 36, 16, 4, 112, 24, 156, 73, 16,
       114, 51, 188, 88, 86, 32, 249, 82, 33, 9, 150, 6, 128, 28, 7, 66,
       162, 17, 144, 112, 130, 17, 82, 116, 2, 0, 213, 11, 160, 193, 7,
       140, 128, 166, 9, 2, 168, 148, 40, 82, 44, 4, 154, 74, 104, 131,
       86, 0, 74, 53, 40, 146, 28, 129, 14, 147, 172, 16, 7, 32, 24, 52,
       73, 128, 115, 49, 249, 88, 22, 96, 227, 70, 32, 129, 144, 80, 130,
       2, 76, 64, 34, 3, 52, 193, 131, 129, 2, 2, 69, 1, 68, 136, 33,
       194, 1, 12, 128, 136, 13, 18, 8, 33, 9, 87, 36, 20, 186, 0, 120,
       1, 84, 128, 64, 24, 10, 65, 12, 193, 79, 25, 44, 24, 5, 49, 24,
       156, 9, 0, 34, 51, 184, 72, 22, 32, 243, 0, 2, 1, 128, 0, 64, 32,
       103, 0, 0, 2, 4, 0, 4, 153, 162, 2, 68, 1, 68, 64, 0, 228, 0, 12,
       136, 8, 0, 16, 8, 48, 8, 116, 36, 84, 186, 16, 98, 1, 132, 128,
       64, 16, 10, 64, 134, 0, 76, 24, 44, 94, 4, 17, 24, 133, 8, 128,
       32, 35, 152, 72, 6, 34, 241, 3, 49, 9, 2, 20, 138, 3, 30, 194, 2,
       151, 36, 97, 1, 0, 1, 82, 36, 66, 20, 192, 98, 65, 199, 132, 160,
       196, 13, 34, 136, 65, 72, 158, 12, 195, 190, 10, 8, 1, 72, 160,
       80, 20, 1, 80, 112, 161, 78, 50, 44, 137, 2, 48, 25, 92, 17, 40,
       50, 18, 184, 40, 215, 100, 75, 129, 4, 128, 2, 140, 0, 5, 20, 160,
       7, 0, 66, 0, 9, 6, 1, 12, 100, 0, 160, 64, 130, 122, 192, 0, 49,
       28, 34, 144, 0, 1, 1, 213, 8, 146, 32, 8, 0, 0, 0, 68, 0, 10, 129,
       16, 112, 180, 64, 48, 16, 8, 0, 4, 8, 24, 0, 57, 0, 2, 52, 0, 209,
       68, 106, 19, 33, 17, 18, 0, 2, 3, 10, 194, 2, 129, 32, 97, 3, 4,
       18, 118, 34, 2, 20, 64, 34, 65, 71, 132, 128, 228, 13, 2, 168,
       192, 64, 6, 44, 70, 190, 8, 8, 3, 72, 32, 64, 20, 137, 128, 80,
       165, 78, 16, 166, 8, 2, 32, 24, 92, 67, 8, 50, 18, 176, 56, 86,
       96, 74, 131, 7, 0, 2, 5, 132, 5, 16, 162, 5, 1, 66, 128, 9, 6, 5,
       12, 102, 4, 149, 0, 2, 114, 68, 0, 148, 29, 40, 18, 24, 0, 0, 4,
       44, 146, 144, 8, 8, 2, 1, 65, 128, 40, 169, 128, 112, 52, 4, 16,
       144, 16, 0, 0, 128, 38, 2, 48, 48, 16, 20, 0, 85, 4, 106, 33, 6,
       5, 2, 156, 132, 3, 16, 226, 4, 0, 64, 136, 9, 16, 5, 66, 100, 3,
       32, 208, 2, 16, 228, 64, 160, 12, 0, 146, 24, 1, 1, 84, 44, 22,
       186, 64, 32, 1, 204, 68, 64, 24, 143, 64, 96, 192, 76, 16, 36, 24,
       0, 48, 24, 140, 1, 56, 50, 18, 156, 72, 87, 36, 249, 5, 39, 0, 0,
       17, 34, 32, 122, 0, 0, 130, 53, 96, 73, 128, 1, 66, 68, 129, 68,
       65, 32, 128, 82, 4, 24, 0, 1, 144, 12, 32, 1, 88, 38, 20, 186, 0,
       112, 1, 20, 208, 64, 24, 6, 64, 0, 64, 76, 8, 36, 24, 4, 112, 24,
       140, 1, 16, 32, 35, 156, 72, 6, 36, 248, 0, 35, 5, 0, 4, 64, 0,
       118, 64, 4, 86, 21, 64, 21, 17, 0, 8, 76, 67, 224, 64, 32, 196,
       146, 8, 40, 4, 128, 36, 4, 0, 8, 84, 36, 17, 154, 76, 50, 1, 4,
       149, 0, 25, 134, 64, 160, 96, 76, 18, 36, 205, 0, 16, 24, 2, 8, 4,
       98, 11, 208, 72, 6, 102, 248 ]
