%YAML:1.0
descriptors: !!opencv-matrix
   rows: 24
   cols: 64
   dt: u
   data: [ 60, 177, 253, 246, 54, 55, 121, 122, 214, 212, 213, 245, 125,
       126, 180, 86, 246, 214, 67, 99, 247, 46, 193, 247, 205, 170, 230,
       219, 82, 140, 245, 233, 215, 36, 85, 190, 82, 120, 233, 116, 120,
       92, 57, 47, 212, 53, 247, 111, 153, 172, 24, 5, 240, 29, 156, 73,
       16, 242, 51, 189, 88, 87, 32, 250, 253, 255, 127, 253, 54, 127,
       255, 254, 253, 253, 254, 253, 127, 191, 253, 254, 251, 212, 127,
       111, 125, 250, 164, 54, 125, 255, 191, 191, 127, 223, 126, 187,
       240, 101, 117, 255, 214, 119, 249, 253, 254, 95, 123, 62, 223,
       167, 216, 124, 141, 173, 94, 5, 248, 31, 159, 77, 144, 246, 59,
       156, 95, 94, 34, 187, 62, 181, 253, 190, 55, 189, 253, 91, 247,
       254, 165, 161, 125, 122, 189, 95, 254, 254, 99, 243, 245, 38, 81,
       119, 213, 187, 229, 219, 90, 92, 245, 227, 207, 44, 87, 190, 219,
       120, 233, 117, 120, 94, 58, 175, 212, 117, 247, 111, 153, 172, 24,
       5, 240, 29, 156, 73, 16, 242, 51, 189, 90, 87, 40, 251, 31, 178,
       77, 166, 63, 185, 157, 56, 127, 188, 222, 241, 237, 63, 232, 81,
       249, 254, 1, 243, 229, 96, 195, 115, 205, 190, 241, 251, 126, 79,
       241, 235, 215, 36, 85, 186, 95, 120, 233, 116, 112, 92, 58, 47,
       212, 17, 247, 111, 153, 172, 24, 5, 240, 29, 157, 73, 16, 242, 51,
       189, 88, 87, 32, 250, 63, 178, 125, 175, 191, 189, 191, 120, 254,
       255, 254, 251, 237, 123, 185, 85, 242, 245, 3, 115, 229, 99, 195,
       124, 205, 255, 245, 191, 94, 95, 115, 239, 215, 44, 85, 190, 82,
       120, 233, 117, 120, 92, 58, 47, 213, 21, 245, 111, 153, 172, 24,
       5, 240, 29, 156, 73, 16, 242, 51, 189, 88, 87, 32, 250, 254, 254,
       255, 255, 254, 255, 251, 253, 253, 253, 254, 253, 255, 254, 255,
       255, 251, 245, 127, 107, 253, 223, 255, 61, 255, 239, 255, 191,
       255, 223, 127, 255, 225, 109, 255, 255, 214, 119, 253, 255, 255,
       221, 247, 190, 207, 175, 253, 117, 143, 181, 223, 137, 250, 191,
       159, 93, 248, 246, 123, 254, 223, 142, 46, 180, 63, 182, 125, 164,
       63, 189, 187, 121, 252, 252, 214, 119, 253, 127, 185, 84, 242,
       253, 67, 115, 245, 34, 210, 246, 221, 190, 245, 255, 122, 222,
       113, 235, 223, 44, 87, 190, 95, 120, 233, 124, 120, 92, 56, 47,
       213, 53, 247, 111, 153, 172, 24, 5, 240, 29, 156, 73, 16, 242, 51,
       189, 90, 87, 32, 250, 63, 241, 125, 254, 63, 189, 253, 120, 255,
       254, 213, 255, 253, 126, 188, 85, 242, 255, 99, 123, 245, 118,
       195, 247, 237, 190, 245, 251, 126, 95, 245, 235, 223, 44, 87, 190,
       223, 120, 233, 125, 120, 93, 59, 47, 213, 53, 247, 111, 153, 172,
       24, 5, 240, 29, 156, 73, 16, 242, 51, 189, 88, 87, 32, 250, 70,
       33, 193, 146, 217, 130, 3, 74, 230, 64, 0, 50, 163, 203, 128, 81,
       98, 213, 33, 100, 67, 5, 136, 99, 78, 154, 40, 13, 146, 8, 32, 41,
       86, 39, 84, 186, 66, 120, 5, 84, 0, 66, 24, 11, 73, 28, 193, 199,
       153, 36, 24, 4, 96, 24, 140, 73, 16, 112, 51, 189, 88, 87, 32,
       249, 124, 51, 125, 150, 126, 151, 31, 121, 230, 126, 145, 48, 253,
       127, 176, 84, 242, 215, 67, 102, 209, 39, 195, 247, 204, 234, 228,
       79, 82, 156, 241, 105, 215, 36, 85, 190, 82, 120, 233, 116, 112,
       92, 56, 47, 213, 52, 245, 79, 153, 172, 24, 5, 240, 29, 156, 73,
       16, 242, 51, 189, 88, 87, 32, 250, 68, 32, 1, 144, 16, 130, 2, 70,
       2, 34, 1, 20, 81, 130, 145, 66, 2, 68, 0, 68, 138, 161, 192, 3,
       12, 128, 136, 13, 2, 136, 17, 73, 81, 4, 20, 186, 0, 120, 3, 86,
       0, 64, 0, 8, 2, 28, 65, 14, 17, 36, 16, 4, 32, 24, 20, 10, 0, 98,
       33, 152, 72, 4, 32, 240, 67, 2, 1, 128, 73, 150, 3, 76, 164, 38,
       2, 4, 137, 45, 25, 5, 192, 85, 1, 100, 192, 35, 194, 112, 76, 200,
       172, 12, 16, 0, 49, 75, 213, 36, 85, 186, 82, 120, 129, 64, 112,
       84, 24, 14, 85, 16, 192, 79, 153, 172, 24, 5, 240, 29, 156, 73,
       16, 242, 51, 188, 88, 86, 32, 248, 251, 248, 125, 175, 255, 191,
       159, 120, 255, 125, 252, 123, 255, 123, 252, 93, 242, 245, 127,
       112, 249, 87, 155, 124, 110, 253, 253, 63, 255, 219, 127, 255,
       213, 237, 30, 255, 246, 241, 173, 255, 251, 223, 75, 31, 213, 158,
       252, 17, 157, 189, 24, 5, 253, 189, 159, 107, 112, 254, 187, 188,
       218, 223, 50, 253, 187, 252, 125, 142, 255, 239, 223, 57, 255, 85,
       253, 251, 255, 127, 252, 252, 247, 247, 126, 244, 245, 42, 177,
       118, 254, 255, 237, 127, 255, 255, 255, 237, 206, 109, 84, 190,
       222, 113, 233, 253, 115, 223, 57, 175, 213, 54, 252, 79, 137, 167,
       153, 13, 248, 29, 159, 73, 56, 246, 115, 189, 122, 95, 46, 248, 3,
       3, 1, 144, 13, 130, 7, 72, 32, 38, 10, 0, 128, 77, 1, 1, 201, 77,
       1, 98, 192, 37, 194, 115, 76, 220, 129, 36, 16, 0, 33, 73, 215,
       36, 85, 186, 82, 40, 105, 96, 112, 84, 56, 175, 213, 16, 245, 111,
       153, 172, 24, 1, 240, 29, 156, 73, 16, 242, 51, 189, 72, 87, 32,
       250, 123, 221, 239, 250, 127, 191, 95, 123, 181, 126, 212, 219,
       191, 252, 182, 77, 234, 245, 123, 103, 246, 127, 210, 119, 126,
       254, 178, 63, 123, 89, 125, 235, 215, 38, 21, 186, 210, 121, 249,
       124, 112, 223, 120, 47, 213, 20, 245, 111, 157, 172, 24, 13, 240,
       29, 156, 73, 16, 242, 123, 191, 90, 87, 42, 251, 253, 255, 247,
       219, 216, 79, 231, 207, 251, 117, 140, 191, 255, 247, 255, 253,
       255, 231, 251, 38, 127, 205, 27, 255, 254, 255, 127, 239, 239,
       219, 218, 175, 215, 199, 87, 255, 16, 245, 127, 126, 55, 93, 236,
       247, 93, 156, 125, 183, 221, 164, 232, 252, 178, 255, 12, 239,
       124, 252, 72, 47, 222, 109, 251, 250, 254, 253, 255, 255, 126,
       127, 253, 251, 255, 253, 253, 251, 255, 251, 246, 254, 251, 213,
       127, 127, 255, 255, 181, 255, 255, 255, 247, 191, 255, 251, 126,
       255, 219, 111, 46, 255, 254, 125, 255, 253, 123, 255, 255, 127,
       219, 63, 253, 255, 239, 183, 223, 223, 248, 191, 159, 93, 124,
       254, 119, 255, 255, 95, 187, 191, 254, 252, 251, 191, 255, 239,
       95, 77, 239, 231, 223, 254, 255, 238, 254, 222, 251, 213, 63, 115,
       175, 191, 250, 63, 127, 223, 251, 63, 83, 251, 127, 239, 131, 165,
       119, 223, 194, 255, 237, 127, 48, 221, 109, 105, 223, 28, 253, 59,
       221, 164, 18, 13, 234, 55, 180, 107, 88, 246, 249, 189, 221, 95,
       56, 254, 127, 190, 255, 235, 255, 253, 255, 221, 253, 255, 222,
       255, 255, 127, 251, 253, 251, 245, 251, 123, 253, 119, 223, 125,
       247, 255, 123, 183, 127, 255, 127, 255, 207, 237, 223, 127, 254,
       255, 253, 127, 125, 93, 107, 252, 215, 193, 255, 51, 254, 255,
       158, 45, 246, 181, 220, 117, 246, 246, 255, 191, 255, 223, 188,
       246, 197, 41, 195, 213, 208, 194, 79, 206, 10, 225, 1, 154, 195,
       227, 131, 74, 139, 85, 56, 103, 14, 173, 238, 43, 78, 211, 154,
       47, 146, 8, 18, 15, 83, 39, 53, 219, 0, 253, 119, 86, 48, 104,
       168, 111, 175, 28, 109, 179, 93, 172, 112, 181, 17, 122, 148, 234,
       80, 108, 49, 63, 76, 84, 49, 250, 68, 35, 113, 176, 16, 34, 32,
       79, 192, 34, 195, 52, 65, 135, 129, 66, 226, 76, 3, 96, 131, 160,
       196, 19, 12, 136, 160, 137, 66, 12, 33, 72, 112, 36, 21, 186, 0,
       48, 1, 86, 0, 64, 24, 14, 64, 4, 192, 78, 25, 44, 16, 0, 112, 28,
       148, 73, 0, 242, 3, 156, 72, 6, 32, 240, 12, 32, 225, 180, 16,
       164, 41, 125, 132, 238, 192, 53, 65, 130, 145, 66, 234, 212, 3,
       96, 201, 33, 194, 51, 76, 136, 160, 13, 82, 12, 49, 107, 87, 36,
       85, 186, 82, 120, 1, 84, 112, 64, 24, 14, 196, 20, 193, 111, 153,
       172, 24, 5, 240, 28, 156, 73, 16, 242, 51, 189, 88, 86, 32, 250,
       44, 34, 101, 160, 24, 119, 35, 255, 180, 126, 194, 53, 81, 63,
       187, 229, 203, 220, 195, 96, 241, 130, 140, 48, 76, 168, 44, 129,
       216, 76, 59, 203, 113, 36, 85, 186, 80, 114, 1, 116, 252, 84, 24,
       14, 68, 134, 64, 76, 153, 44, 28, 4, 242, 29, 141, 73, 16, 224,
       35, 188, 72, 70, 32, 240 ]
