%YAML:1.0
descriptors: !!opencv-matrix
   rows: 9
   cols: 64
   dt: u
   data: [ 60, 177, 253, 254, 54, 63, 125, 122, 214, 252, 221, 245, 125,
       126, 180, 118, 246, 223, 99, 99, 247, 46, 193, 247, 205, 170, 230,
       223, 82, 204, 245, 233, 223, 36, 85, 190, 83, 120, 233, 116, 120,
       93, 57, 47, 212, 53, 247, 111, 153, 172, 24, 5, 240, 29, 156, 73,
       16, 242, 51, 189, 88, 87, 32, 250, 23, 178, 205, 166, 63, 184,
       157, 60, 123, 188, 222, 241, 236, 63, 9, 81, 253, 230, 33, 243,
       229, 36, 195, 119, 205, 255, 240, 251, 126, 12, 225, 107, 215, 44,
       85, 190, 91, 120, 233, 116, 112, 92, 58, 47, 213, 17, 247, 111,
       153, 172, 24, 5, 240, 29, 156, 73, 16, 242, 51, 189, 88, 87, 32,
       250, 63, 241, 125, 254, 55, 189, 253, 120, 247, 254, 213, 251,
       253, 126, 188, 87, 246, 247, 67, 251, 245, 118, 211, 247, 237,
       190, 229, 251, 122, 223, 245, 235, 223, 44, 87, 190, 218, 120,
       233, 125, 120, 93, 57, 47, 212, 53, 247, 111, 153, 172, 24, 5,
       240, 29, 156, 73, 16, 242, 51, 189, 88, 87, 32, 250, 68, 32, 195,
       177, 24, 134, 43, 78, 128, 238, 3, 52, 209, 130, 147, 66, 234, 85,
       1, 98, 139, 165, 206, 27, 12, 136, 166, 15, 82, 9, 49, 79, 119,
       164, 85, 187, 18, 254, 97, 86, 144, 64, 8, 14, 195, 28, 193, 123,
       153, 44, 24, 5, 112, 28, 156, 73, 144, 242, 51, 189, 72, 86, 32,
       243, 191, 252, 125, 255, 255, 189, 223, 152, 255, 255, 253, 251,
       191, 123, 244, 93, 246, 247, 126, 187, 255, 127, 187, 124, 253,
       255, 247, 127, 255, 123, 255, 255, 215, 237, 158, 223, 254, 249,
       251, 255, 127, 223, 239, 125, 243, 85, 253, 63, 175, 255, 154, 79,
       236, 167, 255, 125, 120, 247, 246, 223, 255, 223, 190, 191, 252,
       62, 239, 253, 62, 127, 125, 255, 253, 254, 251, 188, 95, 188, 251,
       239, 155, 252, 123, 107, 191, 211, 254, 191, 93, 239, 190, 191,
       121, 223, 127, 255, 233, 13, 247, 251, 218, 255, 245, 127, 190,
       125, 243, 62, 255, 175, 103, 185, 159, 173, 254, 223, 211, 191,
       151, 92, 240, 238, 105, 255, 255, 214, 107, 246, 235, 222, 238,
       123, 127, 247, 255, 158, 189, 255, 224, 233, 175, 251, 47, 205,
       155, 255, 251, 191, 244, 95, 255, 127, 99, 255, 123, 183, 127,
       115, 111, 247, 223, 235, 223, 53, 247, 252, 252, 49, 127, 127,
       250, 253, 223, 113, 247, 235, 252, 250, 28, 221, 247, 229, 252,
       220, 127, 191, 247, 191, 243, 251, 159, 95, 250, 221, 254, 223,
       255, 207, 219, 175, 223, 117, 95, 255, 191, 254, 126, 252, 255,
       151, 124, 182, 214, 31, 179, 119, 255, 255, 255, 127, 255, 251,
       222, 239, 135, 45, 69, 255, 254, 87, 254, 125, 241, 221, 229, 127,
       221, 30, 253, 111, 221, 174, 155, 143, 250, 127, 156, 203, 112,
       255, 123, 185, 123, 29, 152, 254, 198, 34, 195, 147, 216, 134, 7,
       73, 132, 103, 2, 50, 147, 234, 178, 68, 194, 85, 57, 102, 203,
       175, 202, 107, 78, 210, 190, 47, 146, 8, 49, 79, 87, 39, 84, 187,
       82, 124, 103, 86, 80, 96, 8, 15, 65, 28, 205, 147, 25, 44, 24, 4,
       241, 24, 156, 75, 16, 120, 51, 189, 72, 87, 48, 250 ]
