%YAML:1.0
descriptors: !!opencv-matrix
   rows: 19
   cols: 64
   dt: u
   data: [ 28, 49, 93, 182, 55, 161, 188, 122, 246, 138, 213, 113, 125,
       103, 176, 82, 246, 222, 67, 243, 229, 38, 193, 247, 200, 58, 228,
       219, 80, 140, 245, 232, 223, 44, 85, 190, 91, 120, 233, 116, 120,
       92, 56, 47, 212, 53, 247, 111, 153, 172, 24, 5, 240, 29, 156, 73,
       16, 242, 51, 189, 88, 87, 32, 250, 12, 2, 68, 162, 19, 161, 45,
       120, 132, 14, 192, 49, 49, 42, 176, 70, 226, 212, 3, 96, 193, 34,
       129, 52, 76, 136, 164, 9, 82, 12, 49, 41, 80, 36, 84, 186, 82,
       112, 1, 116, 80, 64, 24, 15, 208, 20, 192, 76, 153, 172, 24, 5,
       240, 28, 156, 73, 16, 242, 51, 188, 88, 86, 32, 248, 44, 46, 111,
       169, 62, 125, 161, 253, 253, 252, 206, 53, 93, 62, 251, 229, 227,
       220, 195, 98, 245, 2, 220, 116, 77, 168, 44, 131, 222, 79, 59,
       255, 245, 36, 87, 186, 87, 114, 233, 116, 248, 84, 26, 14, 84,
       167, 226, 109, 153, 44, 28, 5, 240, 29, 157, 73, 16, 242, 51, 188,
       90, 87, 32, 248, 188, 178, 255, 179, 63, 117, 189, 254, 116, 255,
       252, 243, 255, 62, 178, 102, 251, 220, 101, 99, 241, 36, 231, 242,
       73, 127, 177, 171, 88, 198, 115, 251, 223, 36, 85, 186, 83, 120,
       233, 116, 120, 92, 56, 47, 213, 53, 247, 111, 153, 172, 24, 5,
       240, 29, 156, 73, 16, 242, 51, 189, 88, 87, 32, 250, 62, 253, 125,
       238, 55, 125, 249, 125, 255, 92, 255, 253, 125, 126, 252, 252,
       243, 212, 95, 120, 245, 58, 181, 118, 253, 175, 229, 153, 127,
       223, 253, 253, 228, 108, 118, 254, 214, 115, 217, 253, 219, 223,
       215, 30, 200, 167, 252, 78, 173, 181, 223, 141, 250, 159, 159, 93,
       48, 242, 123, 254, 251, 14, 46, 253, 44, 46, 103, 170, 26, 127,
       163, 255, 253, 252, 206, 53, 125, 126, 249, 228, 227, 212, 195,
       98, 245, 34, 157, 246, 93, 172, 4, 131, 254, 222, 59, 255, 247,
       38, 71, 186, 86, 114, 233, 124, 248, 85, 88, 14, 84, 167, 241,
       111, 153, 44, 152, 13, 242, 29, 157, 73, 16, 242, 51, 188, 90, 87,
       32, 248, 255, 245, 125, 222, 55, 31, 95, 95, 231, 102, 189, 248,
       127, 122, 180, 127, 247, 246, 102, 119, 183, 114, 241, 55, 221,
       239, 231, 127, 115, 188, 245, 105, 210, 44, 86, 190, 202, 120,
       241, 253, 114, 219, 61, 47, 212, 84, 245, 110, 153, 172, 24, 5,
       240, 29, 156, 73, 16, 242, 115, 189, 120, 214, 42, 251, 63, 176,
       125, 174, 63, 181, 189, 120, 247, 254, 213, 241, 253, 63, 181, 85,
       250, 244, 67, 115, 245, 118, 195, 119, 205, 190, 229, 191, 122,
       94, 245, 235, 215, 44, 87, 190, 90, 120, 233, 116, 120, 93, 56,
       47, 212, 53, 247, 111, 153, 172, 24, 5, 240, 29, 156, 73, 16, 242,
       51, 189, 88, 87, 32, 250, 124, 53, 255, 190, 54, 103, 121, 127,
       247, 204, 221, 181, 125, 238, 179, 118, 255, 214, 67, 103, 117,
       178, 245, 55, 220, 170, 228, 89, 83, 220, 252, 233, 226, 36, 21,
       190, 210, 122, 193, 116, 90, 221, 29, 46, 212, 20, 193, 110, 153,
       172, 26, 5, 240, 29, 156, 73, 16, 242, 59, 189, 88, 22, 34, 250,
       60, 49, 255, 150, 50, 99, 177, 127, 214, 144, 214, 53, 117, 214,
       179, 66, 251, 212, 67, 99, 197, 37, 197, 55, 77, 138, 164, 9, 82,
       12, 48, 232, 215, 36, 85, 186, 82, 120, 201, 116, 80, 92, 56, 46,
       212, 20, 225, 110, 153, 172, 24, 5, 240, 29, 156, 73, 16, 242, 51,
       189, 88, 87, 32, 250, 46, 32, 97, 162, 19, 36, 37, 78, 196, 110,
       192, 52, 113, 142, 177, 87, 226, 212, 3, 96, 65, 130, 193, 55, 76,
       136, 164, 9, 82, 8, 48, 105, 80, 36, 85, 186, 82, 120, 1, 116,
       112, 64, 24, 14, 84, 20, 192, 76, 153, 172, 24, 5, 240, 29, 156,
       73, 16, 242, 51, 188, 88, 86, 32, 248, 102, 101, 73, 138, 19, 30,
       7, 11, 165, 70, 45, 178, 25, 191, 252, 103, 131, 117, 4, 100, 11,
       210, 144, 32, 92, 213, 141, 9, 51, 154, 24, 25, 144, 4, 215, 154,
       66, 120, 5, 28, 38, 251, 60, 41, 20, 158, 100, 12, 19, 173, 16, 4,
       11, 25, 166, 26, 24, 96, 40, 60, 72, 212, 58, 185, 63, 241, 125,
       254, 55, 189, 253, 120, 247, 222, 213, 250, 253, 126, 188, 95,
       246, 247, 99, 251, 245, 118, 195, 119, 237, 254, 247, 255, 90,
       126, 245, 235, 215, 44, 87, 190, 219, 120, 233, 117, 120, 95, 57,
       47, 213, 21, 247, 111, 153, 172, 24, 5, 240, 29, 156, 73, 16, 242,
       51, 189, 88, 87, 32, 250, 63, 178, 125, 239, 191, 189, 191, 248,
       252, 255, 214, 251, 237, 123, 249, 85, 242, 223, 99, 123, 245, 39,
       195, 126, 205, 254, 245, 255, 94, 95, 247, 255, 215, 44, 85, 190,
       87, 120, 233, 117, 120, 92, 58, 47, 213, 21, 247, 111, 153, 172,
       24, 5, 240, 29, 156, 73, 16, 242, 51, 189, 88, 87, 32, 250, 63,
       154, 252, 238, 63, 253, 249, 124, 191, 252, 222, 245, 189, 62,
       255, 244, 255, 222, 99, 251, 245, 119, 195, 119, 109, 239, 244,
       127, 126, 95, 247, 239, 223, 44, 85, 190, 87, 122, 233, 124, 120,
       93, 123, 47, 213, 55, 247, 111, 153, 172, 24, 5, 240, 29, 156, 73,
       16, 242, 51, 189, 90, 87, 32, 250, 63, 178, 125, 175, 63, 245,
       191, 120, 254, 255, 218, 251, 237, 127, 187, 85, 251, 215, 35,
       115, 229, 39, 195, 126, 205, 223, 245, 255, 90, 31, 243, 235, 215,
       44, 85, 190, 90, 120, 233, 116, 120, 92, 58, 47, 213, 21, 245,
       111, 153, 172, 24, 5, 240, 29, 156, 73, 16, 242, 51, 189, 88, 87,
       32, 250, 60, 185, 253, 254, 54, 127, 253, 126, 247, 222, 213, 241,
       127, 122, 182, 94, 255, 223, 99, 107, 245, 63, 193, 247, 237, 251,
       247, 255, 91, 92, 245, 233, 223, 44, 85, 190, 219, 120, 233, 117,
       120, 95, 57, 47, 213, 53, 247, 111, 153, 172, 24, 5, 240, 29, 156,
       73, 16, 242, 51, 189, 88, 87, 32, 250, 61, 55, 245, 176, 31, 127,
       35, 126, 244, 126, 210, 53, 125, 127, 185, 70, 234, 213, 3, 98,
       245, 39, 193, 119, 76, 248, 164, 141, 82, 12, 49, 233, 215, 36,
       85, 186, 82, 120, 233, 116, 120, 92, 56, 47, 213, 21, 245, 111,
       153, 172, 24, 5, 240, 29, 156, 73, 16, 242, 51, 189, 88, 87, 32,
       250, 61, 55, 245, 182, 55, 39, 43, 126, 198, 78, 211, 53, 109, 74,
       177, 85, 242, 213, 3, 102, 197, 39, 193, 119, 76, 138, 228, 13,
       82, 12, 112, 105, 214, 36, 85, 190, 82, 120, 193, 116, 112, 92,
       24, 14, 208, 20, 193, 78, 153, 172, 24, 5, 240, 29, 156, 73, 16,
       242, 51, 189, 88, 87, 32, 250 ]
