%YAML:1.0
descriptors: !!opencv-matrix
   rows: 30
   cols: 64
   dt: u
   data: [ 70, 32, 65, 144, 24, 0, 3, 77, 192, 98, 131, 52, 65, 130, 147,
       67, 226, 84, 1, 96, 139, 128, 204, 8, 76, 136, 168, 11, 210, 8,
       49, 111, 113, 36, 84, 186, 66, 112, 1, 214, 144, 64, 24, 10, 64,
       28, 192, 13, 153, 44, 16, 4, 112, 28, 148, 73, 16, 240, 33, 188,
       88, 86, 32, 241, 254, 252, 255, 255, 255, 253, 255, 249, 255, 127,
       253, 251, 255, 122, 246, 253, 243, 247, 127, 127, 255, 255, 179,
       124, 254, 255, 255, 255, 255, 251, 255, 191, 231, 237, 158, 223,
       222, 117, 253, 255, 219, 223, 255, 95, 217, 63, 253, 21, 239, 183,
       215, 175, 232, 183, 159, 127, 248, 254, 249, 159, 255, 223, 62,
       189, 255, 252, 125, 255, 255, 255, 223, 249, 255, 127, 253, 251,
       255, 122, 246, 253, 243, 247, 127, 127, 255, 255, 179, 124, 255,
       255, 255, 191, 255, 123, 255, 191, 215, 237, 158, 255, 222, 121,
       249, 255, 122, 223, 255, 63, 209, 63, 253, 63, 159, 191, 26, 13,
       250, 191, 159, 125, 120, 246, 121, 191, 255, 223, 62, 191, 4, 3,
       1, 144, 0, 6, 4, 67, 0, 0, 0, 2, 64, 65, 145, 1, 194, 68, 1, 68,
       66, 32, 0, 66, 78, 144, 4, 8, 144, 8, 0, 8, 194, 38, 85, 154, 0,
       48, 1, 4, 32, 96, 16, 135, 68, 16, 4, 206, 17, 44, 16, 0, 16, 24,
       132, 9, 16, 96, 33, 189, 72, 71, 32, 248, 4, 3, 0, 16, 0, 1, 4,
       70, 32, 2, 9, 4, 16, 164, 49, 2, 129, 84, 1, 96, 0, 162, 128, 34,
       76, 128, 132, 8, 16, 8, 48, 72, 80, 36, 85, 186, 64, 96, 1, 68,
       48, 64, 24, 15, 84, 20, 228, 78, 25, 44, 16, 4, 112, 29, 148, 8,
       16, 226, 35, 188, 72, 86, 32, 248, 109, 46, 231, 241, 252, 255,
       163, 252, 236, 255, 202, 63, 205, 253, 251, 231, 235, 253, 219,
       110, 253, 199, 158, 189, 95, 236, 188, 167, 252, 87, 123, 159,
       121, 39, 87, 187, 80, 247, 237, 126, 252, 84, 90, 190, 69, 171,
       75, 177, 156, 45, 28, 37, 243, 253, 141, 73, 80, 252, 35, 188,
       206, 70, 32, 244, 99, 6, 128, 179, 221, 130, 7, 8, 44, 105, 2, 75,
       170, 203, 0, 21, 98, 85, 57, 114, 200, 47, 139, 121, 70, 218, 40,
       47, 146, 9, 33, 79, 87, 167, 84, 59, 114, 240, 101, 86, 64, 68, 8,
       11, 65, 24, 237, 147, 153, 36, 24, 4, 245, 60, 156, 235, 16, 242,
       179, 189, 72, 87, 48, 248, 61, 184, 255, 174, 55, 119, 185, 254,
       245, 252, 253, 245, 127, 62, 183, 254, 251, 220, 99, 99, 241, 3,
       229, 55, 77, 233, 244, 139, 83, 76, 119, 235, 253, 36, 85, 190,
       83, 120, 233, 116, 122, 92, 56, 47, 212, 53, 247, 109, 153, 172,
       24, 5, 240, 29, 156, 73, 16, 242, 51, 189, 88, 87, 34, 251, 70,
       49, 211, 146, 221, 130, 129, 90, 198, 74, 130, 49, 33, 202, 129,
       81, 226, 213, 1, 102, 199, 45, 128, 99, 78, 138, 162, 13, 146, 8,
       48, 107, 119, 38, 84, 186, 82, 112, 69, 84, 80, 64, 24, 14, 65,
       20, 193, 207, 153, 44, 24, 5, 240, 28, 156, 73, 16, 114, 51, 189,
       88, 86, 32, 248, 109, 38, 109, 168, 158, 125, 35, 252, 244, 126,
       202, 53, 109, 63, 249, 231, 226, 252, 67, 96, 121, 130, 140, 52,
       76, 168, 44, 129, 218, 12, 57, 251, 240, 36, 85, 186, 82, 114, 5,
       116, 250, 84, 24, 14, 84, 135, 66, 196, 153, 44, 24, 4, 240, 29,
       141, 73, 16, 240, 35, 188, 88, 86, 34, 248, 119, 53, 253, 150, 87,
       135, 31, 90, 230, 68, 149, 48, 253, 110, 176, 85, 246, 247, 2,
       102, 193, 39, 195, 103, 204, 250, 236, 77, 82, 24, 208, 105, 215,
       36, 85, 190, 82, 120, 201, 116, 112, 92, 56, 47, 213, 28, 245, 79,
       153, 172, 24, 5, 240, 29, 156, 73, 16, 242, 51, 189, 88, 87, 32,
       250, 124, 185, 255, 246, 126, 183, 255, 126, 244, 252, 213, 119,
       255, 255, 178, 92, 250, 213, 123, 103, 245, 103, 195, 119, 206,
       234, 252, 191, 122, 221, 119, 235, 215, 36, 85, 190, 83, 120, 233,
       116, 120, 93, 56, 47, 213, 53, 247, 111, 153, 172, 24, 5, 240, 29,
       156, 73, 16, 242, 51, 189, 88, 87, 32, 250, 167, 101, 109, 130,
       23, 20, 7, 73, 230, 71, 37, 242, 61, 43, 180, 71, 194, 244, 7,
       101, 1, 226, 176, 52, 76, 144, 173, 9, 210, 24, 48, 41, 208, 36,
       20, 154, 66, 120, 1, 212, 18, 202, 24, 15, 208, 20, 228, 12, 153,
       172, 16, 4, 112, 29, 132, 73, 16, 242, 49, 188, 88, 86, 34, 249,
       55, 54, 113, 130, 157, 160, 7, 88, 230, 70, 131, 48, 173, 75, 128,
       85, 242, 244, 3, 112, 193, 34, 145, 116, 68, 152, 224, 9, 210, 8,
       97, 105, 84, 36, 86, 154, 66, 112, 1, 84, 16, 64, 24, 143, 192, 0,
       228, 77, 153, 172, 24, 0, 96, 29, 156, 73, 16, 242, 51, 188, 88,
       87, 32, 248, 97, 7, 145, 146, 201, 134, 7, 9, 166, 69, 4, 64, 131,
       125, 20, 20, 102, 215, 24, 38, 194, 45, 130, 99, 74, 194, 40, 44,
       146, 8, 0, 41, 214, 39, 80, 187, 0, 64, 71, 196, 80, 82, 8, 135,
       209, 24, 245, 199, 145, 36, 24, 0, 48, 24, 156, 203, 16, 122, 50,
       189, 88, 85, 32, 248, 66, 4, 12, 150, 38, 135, 31, 5, 166, 102,
       17, 0, 25, 41, 52, 7, 20, 119, 64, 164, 144, 35, 208, 99, 24, 160,
       172, 92, 16, 176, 21, 73, 71, 60, 3, 40, 202, 40, 0, 72, 48, 72,
       52, 143, 149, 120, 229, 79, 17, 168, 24, 1, 32, 24, 156, 83, 25,
       114, 51, 157, 112, 215, 40, 250, 50, 2, 4, 130, 71, 143, 3, 54,
       38, 68, 18, 5, 29, 61, 48, 4, 116, 247, 64, 180, 208, 99, 192, 99,
       24, 32, 140, 12, 56, 144, 81, 73, 93, 44, 83, 176, 90, 74, 136,
       72, 84, 21, 28, 15, 197, 32, 228, 79, 145, 172, 153, 8, 178, 25,
       156, 89, 40, 114, 51, 188, 64, 87, 32, 250, 67, 4, 8, 144, 0, 150,
       2, 71, 0, 230, 3, 4, 16, 128, 49, 7, 8, 121, 1, 68, 136, 49, 84,
       3, 20, 128, 136, 4, 0, 0, 49, 65, 65, 4, 87, 170, 2, 104, 1, 66,
       32, 96, 20, 8, 83, 28, 1, 106, 25, 40, 24, 5, 113, 29, 148, 0, 16,
       226, 51, 188, 72, 86, 32, 242, 4, 39, 225, 176, 17, 6, 32, 79,
       132, 234, 194, 52, 65, 167, 147, 70, 202, 84, 3, 96, 193, 2, 196,
       51, 76, 136, 132, 1, 82, 12, 48, 72, 85, 36, 85, 186, 82, 120, 1,
       84, 80, 64, 24, 14, 68, 20, 193, 78, 25, 44, 24, 5, 240, 28, 156,
       73, 16, 242, 51, 188, 72, 86, 32, 250, 4, 1, 1, 144, 0, 6, 0, 70,
       6, 4, 3, 20, 17, 102, 185, 98, 66, 84, 1, 100, 2, 160, 128, 34,
       12, 128, 4, 9, 128, 136, 16, 9, 112, 38, 85, 154, 0, 114, 7, 212,
       128, 96, 24, 2, 0, 14, 64, 142, 17, 36, 80, 4, 0, 24, 133, 8, 16,
       96, 32, 60, 72, 4, 32, 240, 18, 0, 8, 138, 3, 2, 6, 1, 6, 2, 57,
       4, 24, 36, 4, 48, 68, 18, 0, 148, 0, 32, 129, 32, 0, 132, 232, 72,
       18, 168, 129, 32, 48, 52, 17, 0, 34, 64, 2, 192, 34, 130, 12, 9,
       20, 20, 228, 76, 19, 0, 16, 4, 36, 0, 224, 139, 25, 35, 40, 16,
       16, 0, 2, 96, 63, 183, 125, 222, 62, 189, 223, 120, 246, 255, 181,
       250, 253, 123, 182, 85, 251, 215, 35, 99, 197, 38, 195, 118, 205,
       223, 245, 123, 82, 30, 247, 107, 215, 36, 85, 190, 82, 120, 233,
       116, 112, 92, 56, 47, 213, 20, 245, 111, 153, 172, 24, 5, 240, 29,
       156, 73, 16, 242, 51, 189, 88, 87, 32, 250, 71, 0, 1, 2, 217, 130,
       3, 76, 128, 34, 1, 20, 0, 67, 129, 1, 66, 69, 1, 68, 130, 33, 136,
       67, 12, 128, 8, 13, 18, 8, 1, 73, 21, 38, 21, 154, 0, 48, 5, 22,
       0, 96, 8, 8, 64, 24, 64, 131, 16, 36, 16, 4, 33, 24, 132, 3, 0,
       34, 34, 152, 72, 6, 32, 240, 65, 5, 0, 16, 0, 2, 34, 71, 0, 66, 2,
       4, 0, 4, 1, 2, 0, 8, 1, 68, 64, 33, 64, 3, 8, 8, 136, 4, 0, 0, 32,
       64, 64, 4, 81, 168, 17, 104, 0, 64, 32, 0, 16, 10, 68, 20, 131,
       78, 25, 40, 24, 5, 240, 29, 28, 0, 16, 98, 51, 180, 72, 86, 32,
       234, 60, 179, 253, 150, 63, 189, 159, 120, 246, 190, 223, 114,
       237, 127, 154, 84, 251, 215, 99, 115, 245, 39, 195, 246, 205, 254,
       244, 127, 82, 28, 241, 235, 223, 44, 85, 190, 82, 120, 233, 116,
       112, 92, 56, 47, 213, 52, 245, 111, 153, 172, 24, 5, 240, 29, 156,
       73, 16, 242, 51, 189, 88, 87, 32, 250, 31, 186, 77, 180, 62, 57,
       189, 114, 124, 190, 254, 243, 221, 127, 250, 242, 227, 212, 35,
       99, 229, 36, 193, 114, 77, 223, 181, 59, 90, 14, 115, 235, 215,
       36, 85, 186, 82, 122, 233, 116, 240, 92, 56, 47, 212, 22, 245,
