%YAML:1.0
descriptors: !!opencv-matrix
   rows: 23
   cols: 64
   dt: u
   data: [ 68, 39, 231, 240, 220, 166, 163, 115, 96, 92, 194, 23, 195,
       209, 145, 65, 226, 205, 131, 102, 197, 45, 128, 243, 14, 138, 34,
       133, 88, 12, 48, 73, 86, 39, 85, 186, 84, 122, 69, 84, 212, 116,
       26, 14, 73, 4, 193, 207, 152, 44, 24, 4, 240, 28, 156, 73, 0, 242,
       51, 189, 72, 23, 32, 248, 5, 3, 0, 160, 217, 162, 162, 122, 16,
       24, 194, 117, 0, 65, 128, 1, 66, 77, 133, 70, 224, 45, 136, 83,
       14, 26, 8, 132, 212, 4, 33, 93, 94, 35, 124, 186, 21, 242, 5, 148,
       209, 116, 26, 6, 73, 1, 75, 195, 8, 52, 89, 52, 209, 30, 141, 0,
       0, 8, 39, 169, 72, 7, 37, 120, 84, 35, 1, 132, 20, 35, 10, 126, 0,
       8, 210, 21, 65, 0, 129, 98, 98, 84, 1, 68, 64, 32, 132, 18, 12,
       136, 168, 13, 16, 12, 48, 89, 112, 36, 84, 186, 86, 114, 1, 212,
       144, 64, 17, 14, 64, 6, 192, 78, 8, 36, 89, 5, 112, 24, 156, 73,
       128, 34, 35, 152, 72, 6, 32, 240, 18, 33, 145, 22, 0, 2, 0, 15,
       194, 160, 131, 52, 112, 134, 137, 18, 110, 2, 2, 82, 131, 32, 65,
       135, 148, 128, 228, 77, 2, 168, 129, 72, 7, 12, 69, 190, 8, 8,
       195, 78, 32, 80, 53, 32, 36, 116, 161, 110, 147, 174, 41, 67, 50,
       25, 116, 65, 0, 50, 19, 241, 40, 70, 96, 66, 86, 33, 9, 146, 2,
       18, 28, 3, 66, 130, 17, 144, 81, 130, 145, 82, 66, 70, 0, 69, 2,
       180, 192, 3, 140, 144, 160, 9, 2, 168, 16, 40, 82, 4, 148, 138,
       10, 120, 3, 80, 0, 72, 53, 40, 146, 28, 129, 46, 147, 172, 16, 7,
       32, 25, 52, 91, 0, 114, 48, 121, 88, 16, 96, 242, 0, 34, 1, 1,
       128, 192, 160, 96, 200, 152, 82, 5, 64, 53, 89, 128, 11, 8, 195,
       192, 64, 0, 13, 212, 136, 28, 28, 128, 4, 134, 33, 24, 92, 8, 73,
       136, 29, 34, 9, 8, 173, 20, 16, 134, 68, 224, 2, 64, 42, 9, 69, 2,
       144, 13, 8, 8, 134, 64, 2, 160, 64, 3, 96, 34, 4, 35, 1, 0, 0, 0,
       0, 79, 128, 0, 130, 36, 64, 4, 1, 2, 64, 8, 3, 80, 64, 34, 64,
       134, 16, 136, 132, 128, 0, 128, 0, 64, 8, 44, 65, 186, 8, 8, 1,
       68, 40, 16, 16, 130, 68, 97, 36, 76, 56, 36, 9, 0, 178, 24, 24, 1,
       0, 34, 19, 176, 8, 70, 32, 72, 55, 52, 33, 2, 20, 130, 7, 79, 194,
       2, 147, 112, 97, 6, 128, 81, 82, 36, 2, 80, 177, 34, 80, 199, 148,
       160, 68, 141, 2, 152, 65, 72, 13, 12, 134, 142, 136, 8, 9, 92, 40,
       0, 20, 129, 68, 97, 180, 79, 50, 46, 137, 10, 50, 16, 92, 17, 44,
       50, 22, 176, 40, 151, 108, 74, 129, 215, 0, 6, 21, 160, 1, 26, 34,
       5, 33, 67, 130, 25, 4, 1, 100, 103, 4, 21, 0, 14, 32, 97, 32, 186,
       9, 10, 20, 8, 64, 5, 90, 37, 184, 152, 64, 8, 2, 133, 81, 130, 42,
       143, 136, 64, 88, 77, 0, 177, 16, 0, 104, 162, 142, 3, 48, 18, 50,
       14, 64, 85, 36, 57, 1, 2, 129, 0, 1, 0, 0, 12, 128, 2, 130, 6,
       192, 4, 3, 2, 12, 41, 3, 16, 64, 135, 82, 196, 16, 16, 156, 32,
       128, 128, 3, 64, 15, 24, 195, 40, 8, 8, 40, 8, 40, 0, 48, 161, 69,
       112, 53, 105, 50, 136, 137, 8, 145, 25, 88, 16, 32, 0, 21, 49, 32,
       211, 72, 74, 5, 6, 68, 2, 153, 160, 161, 88, 32, 20, 6, 65, 136,
       59, 129, 1, 66, 100, 129, 32, 224, 2, 138, 112, 96, 168, 8, 0,
       188, 8, 1, 77, 189, 96, 80, 144, 16, 146, 5, 132, 213, 22, 26,
       134, 64, 128, 88, 193, 8, 53, 89, 36, 80, 138, 139, 9, 56, 0, 34,
       140, 64, 7, 36, 217, 22, 35, 1, 150, 38, 0, 24, 134, 66, 162, 19,
       20, 80, 130, 3, 82, 100, 130, 0, 211, 11, 160, 197, 2, 140, 128,
       224, 73, 2, 168, 144, 120, 112, 36, 52, 154, 74, 122, 131, 214,
       128, 64, 17, 8, 130, 12, 193, 12, 145, 172, 16, 7, 48, 24, 52, 73,
       128, 115, 17, 24, 92, 22, 32, 243, 5, 6, 68, 1, 153, 160, 161,
       120, 48, 84, 6, 69, 136, 63, 137, 5, 66, 108, 129, 32, 224, 0,
       142, 112, 104, 168, 8, 0, 188, 8, 1, 95, 189, 96, 81, 144, 21,
       146, 13, 28, 213, 20, 26, 134, 64, 128, 88, 193, 8, 52, 73, 44,
       208, 6, 137, 8, 56, 64, 38, 140, 64, 7, 36, 216, 131, 80, 0, 2,
       21, 0, 8, 24, 2, 10, 177, 34, 32, 2, 4, 3, 66, 20, 4, 144, 64,
       128, 161, 0, 0, 128, 224, 8, 146, 8, 32, 25, 120, 36, 156, 186,
       66, 96, 1, 212, 210, 194, 24, 10, 130, 20, 192, 76, 0, 39, 16, 4,
       40, 24, 199, 9, 144, 48, 53, 28, 12, 22, 34, 49, 3, 0, 0, 130, 17,
       128, 2, 76, 66, 2, 3, 20, 32, 2, 129, 2, 98, 84, 1, 64, 192, 32,
       193, 64, 12, 136, 168, 9, 18, 8, 33, 73, 85, 36, 20, 186, 0, 120,
       1, 84, 0, 64, 24, 10, 64, 20, 192, 76, 25, 44, 24, 4, 96, 24, 156,
       65, 0, 50, 51, 184, 72, 6, 32, 240, 5, 39, 97, 144, 16, 6, 33,
       110, 128, 70, 194, 52, 65, 195, 129, 66, 226, 84, 3, 96, 65, 160,
       192, 50, 76, 136, 160, 9, 82, 8, 48, 73, 80, 36, 85, 186, 64, 114,
       1, 84, 144, 64, 24, 14, 64, 4, 193, 78, 153, 44, 24, 4, 112, 28,
       148, 73, 16, 242, 35, 188, 72, 86, 32, 248, 126, 49, 247, 214, 82,
       7, 77, 107, 198, 70, 209, 50, 127, 234, 180, 94, 242, 213, 103,
       103, 7, 47, 192, 103, 94, 138, 166, 13, 82, 136, 112, 41, 82, 38,
       20, 159, 66, 124, 83, 212, 144, 194, 156, 79, 201, 28, 193, 206,
       153, 164, 16, 4, 98, 24, 149, 73, 24, 242, 113, 155, 88, 86, 33,
       249, 6, 34, 65, 130, 24, 128, 8, 73, 198, 98, 1, 48, 33, 3, 144,
       83, 226, 212, 1, 96, 193, 32, 192, 33, 76, 136, 160, 9, 18, 8, 49,
       104, 81, 36, 84, 186, 66, 120, 1, 86, 0, 64, 24, 14, 192, 20, 192,
       79, 153, 172, 24, 5, 112, 28, 156, 73, 16, 242, 51, 188, 88, 86,
       32, 248, 252, 249, 255, 220, 82, 79, 125, 239, 247, 199, 253, 186,
       127, 238, 182, 94, 251, 213, 127, 103, 63, 191, 224, 167, 255,
       255, 183, 61, 67, 154, 118, 169, 210, 39, 38, 255, 130, 125, 247,
       124, 50, 251, 189, 111, 255, 60, 245, 174, 221, 172, 18, 213, 121,
       63, 148, 79, 88, 254, 121, 251, 93, 117, 177, 250, 254, 250, 103,
       171, 255, 253, 163, 253, 253, 253, 222, 127, 253, 63, 251, 245,
       251, 245, 91, 98, 253, 3, 158, 124, 111, 253, 61, 47, 255, 219,
       123, 255, 245, 237, 95, 255, 82, 243, 237, 118, 249, 92, 74, 62,
       85, 135, 252, 49, 157, 173, 28, 5, 240, 159, 156, 105, 16, 244,
       179, 188, 216, 71, 32, 252, 187, 253, 125, 254, 62, 253, 253, 49,
       255, 253, 255, 249, 255, 126, 124, 252, 253, 254, 231, 251, 245,
       122, 241, 255, 249, 127, 247, 251, 127, 247, 247, 255, 223, 248,
       127, 116, 255, 121, 248, 253, 123, 221, 255, 111, 246, 55, 247,
       111, 185, 255, 139, 79, 252, 13, 154, 93, 55, 243, 247, 255, 251,
       255, 172, 222, 62, 177, 253, 254, 55, 255, 253, 126, 247, 254,
       213, 245, 125, 126, 188, 86, 255, 215, 99, 115, 245, 127, 193,
       247, 205, 250, 230, 223, 122, 220, 245, 235, 223, 44, 85, 190,
       223, 120, 249, 125, 120, 93, 59, 47, 213, 53, 247, 111, 153, 172,
       24, 5, 240, 29, 156, 73, 16, 242, 51, 189, 120, 87, 32, 250, 47,
       182, 124, 182, 63, 189, 187, 89, 247, 254, 135, 225, 253, 59, 188,
       87, 254, 255, 67, 243, 245, 98, 83, 119, 213, 186, 229, 255, 122,
       124, 245, 227, 223, 44, 87, 190, 219, 120, 233, 125, 124, 92, 58,
       175, 213, 113, 247, 111, 153, 174, 24, 5, 240, 29, 156, 73, 16,
       243, 51, 189, 122, 87, 40, 250 ]
