%YAML:1.0
descriptors: !!opencv-matrix
   rows: 23
   cols: 64
   dt: u
   data: [ 102, 33, 225, 146, 16, 6, 1, 79, 198, 68, 129, 52, 97, 194,
       147, 70, 226, 212, 1, 102, 75, 161, 192, 39, 76, 138, 160, 13, 82,
       8, 48, 41, 82, 38, 20, 186, 66, 112, 1, 84, 144, 64, 24, 14, 64,
       20, 193, 78, 153, 44, 24, 4, 112, 28, 156, 73, 16, 242, 51, 189,
       88, 22, 32, 249, 246, 49, 253, 150, 86, 7, 95, 111, 230, 100, 61,
       48, 63, 234, 182, 94, 242, 215, 54, 101, 11, 143, 225, 39, 78,
       203, 172, 13, 82, 24, 112, 41, 210, 37, 20, 190, 66, 120, 129,
       214, 18, 202, 60, 15, 217, 28, 229, 14, 153, 164, 16, 5, 96, 24,
       148, 73, 16, 242, 49, 189, 88, 86, 32, 249, 252, 249, 255, 221,
       118, 127, 117, 255, 223, 245, 254, 191, 127, 254, 255, 254, 251,
       212, 127, 111, 63, 223, 165, 183, 255, 255, 247, 185, 255, 223,
       126, 189, 250, 111, 55, 255, 214, 119, 213, 253, 159, 223, 247,
       62, 79, 175, 73, 180, 239, 37, 247, 220, 122, 190, 135, 93, 232,
       252, 105, 219, 223, 140, 47, 189, 253, 254, 255, 253, 254, 255,
       255, 254, 253, 255, 254, 255, 255, 191, 251, 254, 251, 253, 255,
       111, 125, 223, 247, 189, 255, 255, 255, 191, 255, 223, 126, 191,
       249, 109, 255, 255, 214, 127, 253, 253, 255, 95, 251, 190, 223,
       163, 219, 253, 175, 189, 223, 137, 248, 191, 159, 93, 240, 246,
       123, 223, 255, 222, 42, 183, 5, 6, 0, 0, 9, 0, 32, 74, 32, 32, 0,
       2, 128, 9, 128, 1, 2, 109, 129, 64, 192, 4, 8, 97, 68, 128, 8, 2,
       16, 8, 1, 69, 21, 132, 80, 10, 0, 136, 37, 6, 36, 34, 8, 131, 64,
       16, 64, 193, 16, 36, 56, 48, 5, 24, 140, 8, 16, 32, 35, 140, 72,
       71, 32, 121, 70, 35, 227, 144, 214, 39, 1, 127, 192, 70, 211, 54,
       203, 192, 147, 67, 202, 85, 35, 102, 75, 165, 194, 83, 14, 138,
       182, 13, 210, 12, 48, 9, 87, 38, 85, 186, 90, 124, 65, 84, 176,
       96, 24, 14, 65, 20, 225, 207, 25, 44, 24, 5, 240, 29, 156, 73, 16,
       242, 51, 189, 72, 87, 32, 250, 2, 3, 0, 2, 201, 0, 128, 129, 0, 2,
       2, 6, 128, 69, 1, 1, 64, 80, 1, 192, 64, 32, 136, 98, 66, 136, 0,
       8, 146, 0, 33, 80, 118, 38, 92, 154, 81, 96, 1, 4, 0, 64, 24, 10,
       64, 20, 192, 197, 25, 44, 24, 4, 112, 24, 140, 73, 16, 96, 35,
       180, 72, 71, 32, 240, 86, 33, 73, 146, 23, 18, 28, 110, 66, 194,
       177, 48, 113, 130, 129, 66, 66, 84, 0, 69, 8, 144, 192, 3, 12,
       128, 168, 9, 18, 8, 16, 41, 112, 4, 148, 186, 66, 120, 1, 212,
       146, 66, 29, 8, 146, 28, 64, 76, 19, 44, 16, 5, 32, 25, 245, 72,
       128, 50, 49, 216, 72, 22, 34, 241, 163, 21, 0, 6, 5, 0, 13, 14,
       194, 3, 1, 66, 34, 11, 6, 19, 111, 102, 36, 213, 2, 130, 113, 4,
       4, 149, 245, 9, 146, 40, 192, 32, 0, 44, 178, 158, 10, 0, 2, 67,
       0, 194, 52, 169, 130, 88, 180, 12, 80, 130, 80, 0, 32, 2, 52, 35,
       152, 50, 48, 25, 52, 85, 0, 106, 251, 213, 108, 134, 255, 143, 87,
       27, 182, 69, 61, 74, 191, 252, 116, 93, 245, 247, 124, 244, 80,
       23, 177, 101, 110, 255, 249, 61, 242, 90, 86, 41, 210, 45, 22,
       219, 66, 113, 205, 245, 83, 219, 28, 15, 217, 28, 244, 76, 141,
       164, 144, 13, 249, 60, 156, 203, 120, 246, 51, 189, 88, 95, 52,
       248, 84, 1, 145, 144, 64, 135, 42, 103, 2, 162, 3, 4, 80, 196,
       145, 2, 100, 9, 65, 70, 142, 41, 66, 131, 152, 2, 166, 76, 0, 132,
       177, 64, 71, 22, 69, 171, 0, 104, 71, 64, 16, 32, 148, 14, 101,
       60, 129, 79, 25, 44, 24, 69, 48, 88, 28, 75, 1, 122, 19, 177, 72,
       102, 97, 226, 129, 6, 0, 6, 5, 0, 1, 154, 130, 133, 39, 66, 130,
       27, 0, 3, 2, 101, 4, 5, 0, 134, 160, 96, 8, 176, 13, 8, 178, 8, 0,
       25, 48, 36, 48, 154, 64, 8, 3, 132, 193, 16, 8, 150, 136, 0, 8,
       132, 0, 49, 17, 0, 24, 10, 137, 2, 32, 48, 48, 28, 64, 20, 36,
       217, 69, 36, 64, 0, 217, 130, 35, 88, 32, 0, 128, 49, 160, 75,
       128, 1, 98, 101, 3, 68, 193, 34, 9, 96, 6, 136, 8, 5, 146, 12, 1,
       69, 88, 39, 20, 186, 0, 48, 5, 212, 129, 66, 24, 130, 64, 80, 192,
       197, 0, 36, 24, 4, 96, 24, 140, 1, 24, 32, 35, 156, 8, 6, 32, 105,
       1, 6, 5, 2, 132, 132, 3, 16, 226, 4, 0, 64, 8, 9, 0, 1, 66, 100,
       3, 32, 64, 34, 16, 100, 64, 160, 12, 8, 146, 8, 1, 1, 84, 44, 16,
       154, 64, 32, 1, 204, 4, 64, 24, 142, 64, 96, 128, 76, 16, 36, 16,
       0, 48, 24, 140, 1, 48, 50, 18, 156, 72, 87, 36, 249, 1, 7, 68, 2,
       144, 0, 3, 80, 162, 4, 4, 1, 0, 27, 128, 1, 98, 100, 5, 36, 64,
       34, 128, 100, 72, 176, 12, 0, 178, 8, 1, 9, 208, 36, 84, 186, 64,
       48, 1, 212, 81, 80, 24, 135, 64, 80, 192, 68, 1, 36, 24, 4, 48,
       24, 140, 9, 16, 96, 34, 188, 72, 70, 36, 248, 51, 48, 17, 2, 20,
       128, 3, 8, 226, 6, 1, 32, 101, 3, 4, 17, 118, 102, 2, 80, 192, 34,
       17, 70, 132, 128, 228, 13, 2, 40, 65, 72, 4, 44, 134, 158, 8, 8,
       1, 72, 4, 64, 20, 137, 192, 112, 164, 78, 16, 36, 0, 2, 34, 24,
       92, 17, 40, 50, 18, 144, 40, 214, 100, 104, 0, 2, 0, 0, 136, 72,
       0, 20, 132, 6, 2, 6, 1, 9, 18, 1, 12, 40, 193, 0, 64, 130, 10,
       192, 0, 49, 28, 0, 128, 130, 3, 64, 157, 24, 195, 32, 0, 0, 8, 8,
       228, 16, 4, 1, 80, 112, 180, 64, 48, 8, 136, 0, 146, 9, 88, 16,
       40, 0, 2, 48, 0, 211, 68, 74, 50, 48, 57, 2, 23, 21, 1, 58, 198,
       6, 149, 48, 125, 8, 16, 86, 86, 22, 66, 16, 144, 114, 193, 198,
       156, 160, 196, 8, 34, 152, 81, 104, 140, 12, 131, 190, 138, 8, 1,
       72, 160, 209, 21, 129, 16, 112, 160, 78, 178, 44, 137, 8, 50, 25,
       92, 81, 40, 50, 18, 248, 56, 147, 108, 75, 0, 3, 1, 128, 0, 0, 0,
       119, 0, 2, 2, 4, 0, 4, 153, 35, 2, 68, 1, 64, 0, 0, 196, 2, 12,
       136, 0, 0, 16, 8, 48, 8, 116, 36, 85, 186, 0, 98, 1, 132, 128, 64,
       16, 10, 64, 134, 0, 76, 24, 44, 92, 4, 16, 24, 148, 8, 128, 34,
       43, 152, 72, 6, 34, 241, 5, 38, 33, 0, 156, 160, 33, 88, 224, 8,
       130, 97, 224, 1, 128, 1, 66, 100, 131, 0, 192, 34, 24, 196, 4,
       136, 4, 129, 18, 8, 33, 64, 93, 4, 214, 186, 0, 40, 1, 4, 77, 64,
       26, 131, 64, 113, 180, 73, 48, 52, 8, 0, 224, 24, 12, 1, 4, 34,
       23, 164, 8, 87, 36, 88, 151, 48, 81, 2, 221, 128, 3, 72, 194, 35,
       144, 114, 165, 11, 128, 81, 226, 213, 5, 96, 201, 0, 138, 108, 76,
       152, 40, 11, 146, 9, 33, 111, 81, 164, 92, 154, 66, 112, 37, 214,
       193, 66, 8, 11, 64, 20, 200, 21, 137, 36, 16, 4, 96, 24, 141, 73,
       16, 240, 51, 188, 88, 87, 32, 185, 4, 34, 65, 128, 16, 0, 32, 82,
       0, 10, 2, 21, 65, 5, 145, 1, 2, 76, 1, 96, 192, 32, 64, 210, 12,
       136, 132, 1, 0, 8, 33, 72, 84, 36, 85, 186, 16, 56, 1, 84, 64, 64,
       24, 14, 68, 0, 192, 78, 24, 44, 24, 0, 240, 28, 156, 9, 0, 98, 19,
       156, 72, 23, 32, 240, 50, 33, 1, 150, 6, 0, 24, 39, 198, 130, 17,
       52, 49, 130, 17, 18, 114, 2, 2, 208, 3, 162, 197, 6, 156, 128,
       164, 9, 2, 184, 160, 40, 96, 44, 4, 190, 74, 40, 1, 84, 0, 64, 17,
       136, 194, 20, 129, 78, 27, 172, 16, 1, 48, 24, 20, 81, 128, 114,
       51, 152, 56, 22, 32, 225 ]
