%YAML:1.0
descriptors: !!opencv-matrix
   rows: 24
   cols: 64
   dt: u
   data: [ 22, 161, 25, 158, 51, 137, 20, 104, 70, 0, 189, 240, 241, 86,
       180, 80, 243, 148, 64, 81, 71, 32, 193, 66, 76, 150, 225, 41, 18,
       142, 20, 41, 206, 36, 85, 186, 66, 120, 201, 116, 112, 93, 48, 47,
       212, 20, 181, 110, 153, 172, 24, 5, 240, 29, 156, 65, 16, 242, 51,
       189, 88, 87, 32, 250, 84, 32, 209, 144, 16, 2, 41, 110, 194, 226,
       193, 52, 81, 130, 147, 66, 234, 212, 1, 97, 131, 160, 196, 11, 12,
       136, 160, 9, 66, 8, 49, 107, 113, 36, 52, 186, 2, 120, 1, 86, 144,
       64, 16, 14, 66, 20, 65, 110, 153, 44, 24, 5, 96, 28, 148, 73, 144,
       242, 35, 184, 88, 86, 32, 243, 68, 33, 97, 144, 16, 2, 32, 71, 0,
       34, 131, 52, 80, 130, 129, 66, 194, 68, 3, 64, 3, 160, 192, 3, 12,
       136, 160, 9, 2, 12, 48, 72, 112, 36, 84, 154, 0, 114, 1, 86, 128,
       64, 16, 10, 64, 28, 192, 78, 25, 44, 16, 4, 96, 28, 148, 9, 16,
       98, 33, 184, 72, 70, 32, 241, 252, 249, 255, 253, 54, 127, 121,
       254, 253, 255, 253, 187, 127, 250, 255, 254, 187, 253, 255, 111,
       63, 255, 230, 191, 255, 255, 247, 255, 125, 255, 126, 255, 251,
       87, 183, 255, 214, 255, 241, 253, 250, 255, 255, 127, 255, 191,
       239, 126, 191, 175, 255, 255, 248, 191, 159, 93, 252, 254, 121,
       223, 255, 158, 175, 191, 197, 33, 195, 145, 217, 134, 67, 206,
       164, 101, 1, 54, 131, 235, 179, 71, 234, 85, 57, 102, 142, 175,
       202, 43, 78, 202, 158, 47, 146, 8, 16, 79, 87, 39, 20, 187, 2,
       124, 103, 86, 16, 96, 8, 14, 201, 28, 201, 147, 25, 44, 24, 5,
       113, 24, 156, 75, 16, 126, 49, 189, 72, 84, 49, 250, 109, 254,
       247, 121, 252, 255, 47, 125, 237, 255, 233, 184, 207, 253, 252,
       207, 139, 253, 123, 111, 191, 231, 90, 189, 95, 127, 191, 190,
       121, 23, 115, 207, 219, 199, 215, 59, 209, 189, 253, 127, 124,
       124, 122, 175, 247, 249, 255, 179, 156, 205, 60, 61, 247, 253,
       158, 237, 104, 254, 211, 191, 250, 215, 61, 254, 186, 253, 255,
       223, 255, 239, 215, 59, 255, 93, 220, 251, 255, 126, 252, 92, 251,
       247, 127, 119, 247, 63, 147, 119, 255, 255, 247, 63, 255, 219,
       255, 239, 199, 111, 23, 254, 222, 121, 251, 124, 123, 223, 255,
       239, 221, 52, 253, 111, 157, 164, 155, 13, 248, 29, 156, 73, 56,
       246, 123, 191, 218, 95, 174, 250, 251, 254, 255, 239, 255, 191,
       223, 152, 255, 127, 252, 251, 175, 123, 246, 125, 243, 247, 127,
       51, 253, 79, 187, 124, 238, 255, 123, 63, 255, 123, 255, 255, 215,
       237, 222, 119, 255, 245, 253, 247, 123, 222, 107, 63, 221, 27,
       253, 145, 253, 253, 24, 165, 253, 183, 159, 235, 112, 252, 183,
       191, 222, 223, 54, 253, 255, 254, 255, 239, 255, 191, 223, 153,
       255, 125, 252, 123, 175, 127, 230, 125, 242, 247, 127, 54, 253,
       95, 155, 125, 246, 254, 123, 63, 255, 91, 255, 255, 223, 239, 158,
       247, 254, 245, 253, 247, 127, 223, 202, 223, 221, 139, 253, 145,
       236, 253, 28, 173, 253, 231, 143, 239, 124, 252, 246, 159, 222,
       223, 190, 189, 44, 50, 101, 226, 127, 191, 163, 123, 244, 124,
       214, 117, 125, 123, 249, 101, 242, 245, 67, 96, 245, 118, 153,
       119, 94, 168, 36, 7, 126, 216, 121, 235, 119, 102, 87, 186, 86,
       114, 137, 124, 220, 85, 90, 14, 64, 167, 225, 79, 153, 45, 152, 4,
       242, 29, 159, 73, 16, 242, 51, 188, 90, 31, 32, 248, 69, 35, 209,
       210, 81, 130, 65, 74, 6, 0, 1, 50, 163, 203, 128, 67, 98, 85, 1,
       102, 135, 45, 192, 99, 78, 138, 162, 13, 18, 8, 48, 9, 86, 38, 84,
       154, 0, 120, 67, 84, 0, 98, 24, 79, 73, 28, 193, 207, 25, 36, 24,
       4, 96, 24, 156, 73, 16, 242, 51, 189, 88, 86, 33, 249, 63, 183,
       125, 174, 54, 189, 189, 121, 247, 222, 213, 240, 253, 59, 188, 87,
       242, 214, 67, 99, 245, 118, 193, 119, 205, 190, 229, 187, 122, 92,
       245, 235, 215, 44, 85, 190, 91, 120, 233, 116, 120, 92, 56, 47,
       212, 21, 247, 111, 153, 172, 24, 5, 240, 29, 156, 73, 16, 242, 51,
       189, 88, 87, 32, 250, 255, 254, 239, 237, 255, 191, 255, 216, 253,
       255, 245, 250, 239, 59, 182, 93, 250, 253, 59, 123, 253, 119, 218,
       124, 109, 255, 255, 191, 95, 127, 119, 239, 215, 237, 223, 255,
       218, 249, 237, 119, 122, 94, 122, 63, 215, 29, 253, 51, 157, 172,
       24, 5, 240, 189, 156, 109, 80, 246, 179, 189, 220, 215, 56, 255,
       47, 182, 109, 171, 63, 253, 181, 120, 253, 254, 214, 245, 237, 63,
       185, 69, 251, 252, 67, 98, 245, 98, 211, 119, 77, 188, 164, 191,
       122, 95, 113, 235, 215, 44, 87, 186, 83, 122, 233, 116, 120, 92,
       58, 47, 212, 53, 247, 111, 153, 172, 24, 5, 240, 29, 156, 73, 16,
       242, 51, 189, 88, 87, 32, 250, 54, 53, 121, 148, 54, 132, 25, 73,
       198, 68, 149, 48, 109, 66, 148, 85, 242, 212, 3, 98, 199, 32, 193,
       119, 204, 154, 228, 9, 82, 28, 113, 105, 214, 36, 84, 190, 82,
       120, 193, 116, 112, 92, 24, 15, 208, 20, 241, 79, 153, 172, 24, 5,
       240, 29, 156, 73, 16, 242, 51, 189, 88, 87, 32, 251, 5, 239, 69,
       201, 208, 221, 135, 89, 173, 84, 14, 252, 145, 126, 253, 229, 139,
       85, 33, 38, 213, 33, 218, 97, 105, 213, 21, 37, 53, 10, 19, 9,
       151, 70, 85, 154, 80, 90, 239, 52, 53, 53, 56, 39, 85, 148, 117,
       99, 145, 172, 25, 12, 179, 29, 142, 10, 16, 226, 34, 173, 72, 79,
       36, 250, 76, 200, 175, 216, 10, 223, 85, 99, 173, 230, 47, 142,
       211, 188, 252, 238, 137, 93, 99, 107, 142, 119, 202, 123, 93, 215,
       149, 38, 65, 143, 19, 75, 215, 22, 71, 170, 66, 120, 235, 58, 48,
       189, 96, 47, 151, 20, 117, 107, 155, 172, 24, 5, 241, 29, 156, 24,
       16, 226, 51, 189, 89, 87, 32, 250, 190, 249, 255, 254, 55, 189,
       221, 123, 215, 223, 253, 250, 255, 250, 180, 94, 242, 215, 118,
       123, 183, 126, 241, 119, 189, 191, 231, 63, 127, 251, 244, 233,
       199, 108, 150, 254, 222, 121, 251, 253, 90, 223, 245, 111, 242,
       52, 245, 111, 159, 174, 155, 207, 250, 29, 158, 93, 56, 242, 123,
       251, 123, 223, 171, 255, 62, 243, 125, 254, 54, 189, 253, 121,
       255, 223, 253, 250, 255, 127, 180, 95, 251, 215, 103, 123, 247,
       118, 211, 119, 205, 255, 247, 255, 122, 254, 247, 235, 215, 44,
       215, 190, 218, 120, 249, 117, 120, 95, 57, 47, 213, 21, 245, 111,
       153, 172, 24, 5, 240, 29, 156, 93, 16, 242, 51, 189, 88, 87, 32,
       250, 31, 186, 221, 166, 63, 249, 145, 124, 126, 188, 214, 117,
       237, 63, 185, 241, 255, 246, 1, 243, 229, 32, 195, 115, 205, 168,
       224, 91, 126, 13, 241, 239, 215, 36, 85, 186, 90, 122, 233, 116,
       240, 92, 58, 47, 212, 7, 245, 111, 153, 172, 24, 5, 240, 29, 157,
       73, 16, 242, 51, 189, 88, 87, 32, 250, 63, 181, 236, 190, 55, 255,
       221, 63, 247, 254, 221, 241, 61, 127, 61, 95, 253, 246, 99, 243,
       245, 119, 211, 119, 221, 239, 228, 95, 123, 221, 245, 235, 207,
       44, 87, 190, 219, 120, 233, 125, 120, 95, 56, 175, 213, 53, 247,
       111, 153, 172, 24, 13, 240, 29, 156, 73, 16, 242, 51, 189, 90, 87,
       42, 250, 62, 177, 253, 254, 55, 63, 125, 126, 215, 214, 213, 240,
       125, 122, 180, 94, 254, 214, 99, 115, 247, 55, 193, 247, 205, 170,
       228, 223, 82, 92, 245, 233, 223, 44, 85, 190, 91, 120, 233, 117,
       120, 93, 57, 47, 213, 53, 247, 111, 153, 172, 24, 5, 240, 29, 156,
       73, 16, 242, 51, 189, 88, 87, 32, 250, 61, 49, 245, 182, 145, 165,
       41, 124, 198, 78, 209, 48, 245, 235, 147, 86, 250, 212, 3, 100,
       73, 167, 195, 55, 78, 136, 164, 9, 82, 12, 112, 41, 215, 36, 85,
       186, 82, 120, 129, 116, 112, 76, 24, 15, 208, 20, 225, 78, 153,
       172, 24, 5, 240, 29, 156, 73, 16, 242, 51, 189, 88, 86, 32, 250,
       62, 53, 121, 190, 55, 135, 31, 73, 230, 198, 145, 176, 253, 42,
       180, 87, 250, 215, 35, 101, 193, 39, 193, 119, 204, 153, 245, 109,
       82, 28, 241, 105, 214, 36, 85, 190, 82, 120, 225, 116, 112, 88,
       56, 47, 213, 20, 245, 111, 153, 172, 24, 5, 240, 29, 156, 73, 16,
       242, 51, 189, 88, 87, 32, 250 ]
