%YAML:1.0
descriptors: !!opencv-matrix
   rows: 16
   cols: 64
   dt: u
   data: [ 223, 251, 207, 247, 63, 115, 159, 184, 127, 255, 254, 251,
       255, 122, 242, 251, 241, 215, 37, 251, 229, 245, 231, 114, 205,
       255, 241, 127, 91, 94, 247, 251, 247, 36, 85, 186, 90, 120, 233,
       244, 114, 92, 56, 47, 213, 22, 245, 111, 153, 172, 24, 5, 240, 29,
       156, 73, 16, 242, 51, 189, 88, 87, 32, 250, 180, 177, 253, 135,
       127, 199, 159, 124, 246, 197, 189, 114, 255, 126, 178, 116, 251,
       213, 98, 99, 213, 39, 195, 102, 204, 255, 245, 63, 82, 10, 87,
       107, 223, 36, 85, 190, 82, 120, 233, 116, 112, 92, 56, 47, 213,
       52, 245, 111, 153, 172, 24, 5, 240, 29, 156, 73, 16, 242, 51, 189,
       88, 87, 32, 250, 127, 50, 253, 183, 255, 183, 191, 120, 254, 255,
       214, 119, 253, 127, 187, 87, 242, 255, 75, 103, 253, 39, 195, 119,
       205, 250, 252, 255, 90, 28, 241, 235, 215, 36, 85, 190, 83, 120,
       233, 116, 120, 92, 56, 47, 213, 21, 247, 111, 153, 172, 24, 5,
       240, 29, 156, 73, 16, 242, 51, 189, 88, 87, 32, 250, 199, 48, 81,
       163, 217, 128, 35, 200, 202, 105, 34, 123, 163, 194, 130, 81, 226,
       213, 5, 96, 201, 137, 170, 40, 14, 138, 56, 47, 146, 9, 49, 127,
       113, 167, 92, 187, 0, 245, 37, 214, 193, 64, 8, 10, 73, 28, 72,
       145, 137, 36, 80, 36, 96, 26, 133, 107, 144, 120, 33, 188, 92, 6,
       48, 185, 65, 7, 163, 144, 201, 150, 3, 78, 164, 102, 130, 4, 129,
       233, 147, 5, 194, 85, 43, 102, 206, 39, 194, 115, 78, 202, 138,
       44, 82, 8, 48, 73, 87, 39, 85, 187, 82, 120, 101, 84, 112, 112,
       24, 15, 85, 28, 225, 207, 25, 172, 24, 5, 241, 29, 156, 73, 16,
       242, 51, 189, 72, 87, 32, 250, 69, 5, 131, 144, 200, 134, 99, 79,
       128, 102, 1, 4, 195, 192, 147, 2, 194, 85, 57, 102, 142, 173, 202,
       35, 78, 202, 170, 13, 16, 8, 48, 75, 87, 39, 85, 187, 0, 124, 103,
       86, 48, 96, 24, 14, 69, 28, 193, 143, 25, 44, 24, 5, 113, 88, 156,
       75, 16, 122, 51, 189, 72, 86, 49, 250, 67, 1, 128, 146, 201, 130,
       7, 78, 134, 34, 1, 0, 147, 202, 128, 6, 66, 85, 48, 70, 138, 175,
       138, 35, 78, 194, 138, 15, 18, 8, 17, 73, 83, 39, 20, 155, 0, 112,
       103, 86, 0, 96, 0, 73, 1, 28, 165, 131, 17, 44, 16, 4, 33, 24,
       132, 131, 16, 106, 33, 61, 72, 84, 48, 248, 67, 8, 131, 19, 25,
       64, 129, 206, 130, 162, 43, 20, 17, 134, 139, 226, 139, 84, 32,
       99, 138, 130, 238, 32, 77, 197, 157, 43, 18, 10, 19, 90, 241, 36,
       85, 154, 66, 120, 233, 86, 48, 80, 40, 46, 20, 30, 100, 41, 153,
       172, 16, 5, 144, 25, 148, 72, 16, 98, 33, 60, 72, 84, 32, 250, 71,
       4, 129, 18, 25, 198, 5, 79, 134, 226, 9, 16, 1, 142, 130, 70, 11,
       84, 32, 97, 138, 135, 202, 43, 76, 197, 152, 47, 18, 8, 17, 79,
       209, 36, 85, 186, 2, 120, 35, 86, 32, 72, 40, 43, 149, 28, 229,
       43, 17, 172, 16, 5, 48, 24, 148, 75, 16, 114, 49, 61, 72, 84, 32,
       250, 71, 36, 195, 145, 216, 134, 3, 77, 130, 231, 1, 152, 131,
       131, 130, 10, 202, 69, 32, 99, 138, 133, 234, 41, 78, 195, 152,
       47, 18, 9, 1, 79, 211, 37, 84, 187, 2, 120, 103, 86, 48, 72, 40,
       139, 145, 24, 225, 35, 25, 172, 24, 5, 113, 24, 148, 75, 16, 114,
       49, 189, 88, 84, 32, 251, 69, 0, 195, 145, 216, 134, 7, 76, 174,
       231, 3, 26, 131, 237, 147, 71, 234, 85, 57, 103, 138, 133, 202,
       41, 78, 202, 184, 47, 18, 9, 49, 79, 87, 39, 84, 187, 66, 120,
       101, 86, 48, 80, 40, 47, 213, 28, 205, 179, 153, 172, 24, 5, 113,
       29, 156, 75, 16, 254, 49, 189, 88, 86, 48, 250, 253, 255, 255,
       253, 254, 119, 251, 254, 253, 255, 252, 187, 255, 251, 255, 254,
       251, 253, 251, 111, 125, 223, 247, 191, 255, 239, 255, 191, 255,
       223, 126, 191, 251, 111, 55, 255, 214, 127, 253, 253, 254, 223,
       251, 62, 223, 175, 219, 253, 191, 173, 223, 157, 249, 191, 159,
       93, 240, 252, 123, 223, 255, 222, 58, 247, 252, 253, 255, 253,
       250, 111, 255, 255, 253, 253, 253, 251, 255, 254, 254, 238, 187,
       221, 255, 111, 63, 191, 254, 191, 255, 255, 191, 191, 255, 255,
       126, 255, 231, 231, 125, 223, 214, 255, 255, 255, 123, 255, 239,
       127, 191, 63, 125, 179, 205, 189, 127, 255, 217, 255, 181, 238,
       209, 252, 249, 111, 255, 125, 179, 190, 126, 49, 253, 183, 255,
       183, 63, 124, 244, 255, 213, 55, 253, 239, 179, 86, 242, 213, 123,
       102, 253, 167, 195, 119, 204, 234, 252, 191, 82, 156, 119, 235,
       215, 36, 87, 191, 82, 120, 233, 116, 120, 92, 56, 47, 213, 21,
       245, 111, 153, 172, 24, 5, 240, 29, 156, 73, 16, 242, 51, 189, 88,
       87, 32, 250, 5, 35, 65, 146, 217, 2, 1, 74, 224, 64, 2, 55, 33,
       67, 128, 65, 226, 84, 1, 100, 67, 168, 136, 34, 78, 136, 32, 9,
       146, 8, 48, 9, 114, 38, 84, 186, 0, 112, 5, 212, 129, 64, 24, 14,
       64, 4, 65, 198, 9, 36, 80, 4, 96, 30, 140, 73, 16, 112, 35, 188,
       72, 70, 32, 249, 28, 49, 213, 182, 18, 33, 41, 126, 68, 14, 211,
       52, 117, 14, 145, 82, 234, 212, 1, 96, 193, 32, 193, 51, 76, 136,
       160, 9, 82, 12, 48, 105, 215, 36, 85, 186, 82, 120, 129, 116, 112,
       92, 24, 14, 212, 20, 225, 110, 153, 172, 24, 5, 240, 29, 156, 73,
       16, 242, 51, 189, 88, 86, 32, 250 ]
