%YAML:1.0
descriptors: !!opencv-matrix
   rows: 38
   cols: 64
   dt: u
   data: [ 60, 51, 245, 182, 51, 55, 57, 126, 244, 92, 212, 53, 125, 127,
       176, 86, 250, 220, 67, 98, 225, 38, 193, 119, 76, 138, 164, 137,
       82, 140, 113, 233, 215, 36, 87, 186, 83, 120, 193, 116, 120, 92,
       24, 15, 212, 21, 231, 79, 153, 172, 24, 5, 240, 29, 156, 73, 16,
       242, 51, 189, 88, 87, 32, 250, 61, 53, 253, 182, 54, 39, 189, 126,
       244, 196, 215, 113, 125, 126, 176, 70, 250, 220, 67, 99, 245, 36,
       193, 247, 76, 170, 164, 153, 82, 12, 117, 233, 215, 36, 85, 186,
       83, 120, 233, 116, 120, 92, 56, 47, 212, 21, 247, 111, 153, 172,
       24, 5, 240, 29, 156, 73, 16, 242, 51, 189, 88, 87, 32, 250, 60,
       52, 117, 166, 63, 167, 63, 123, 198, 100, 213, 48, 125, 90, 177,
       85, 250, 212, 67, 96, 241, 34, 193, 119, 76, 184, 160, 13, 82, 28,
       113, 233, 199, 36, 85, 186, 82, 120, 233, 116, 112, 92, 56, 15,
       212, 20, 245, 79, 153, 172, 24, 5, 240, 29, 156, 73, 16, 242, 51,
       189, 88, 87, 32, 250, 60, 49, 253, 182, 54, 39, 121, 127, 212, 84,
       213, 53, 125, 126, 180, 70, 250, 220, 67, 98, 245, 32, 193, 247,
       204, 170, 164, 137, 82, 140, 117, 233, 223, 36, 85, 190, 83, 120,
       201, 116, 120, 92, 56, 47, 212, 53, 247, 111, 153, 172, 24, 5,
       240, 29, 156, 73, 16, 242, 51, 189, 88, 87, 32, 250, 62, 50, 117,
       162, 63, 181, 175, 121, 246, 254, 210, 55, 253, 47, 177, 87, 242,
       213, 67, 96, 225, 32, 195, 118, 204, 136, 224, 15, 82, 28, 113,
       235, 215, 36, 85, 186, 82, 120, 233, 116, 112, 92, 24, 46, 212,
       20, 229, 111, 153, 172, 24, 5, 240, 29, 156, 73, 16, 242, 51, 189,
       88, 87, 32, 250, 61, 50, 117, 164, 63, 181, 47, 120, 246, 124,
       194, 49, 253, 59, 177, 85, 250, 244, 3, 96, 225, 34, 195, 118,
       204, 184, 228, 75, 82, 12, 241, 235, 215, 36, 85, 190, 82, 120,
       169, 124, 112, 92, 56, 47, 212, 16, 245, 111, 153, 172, 24, 5,
       240, 29, 156, 73, 16, 242, 51, 189, 88, 87, 32, 250, 63, 54, 125,
       160, 63, 189, 191, 120, 246, 126, 210, 115, 237, 123, 144, 85,
       242, 252, 3, 96, 225, 34, 195, 118, 204, 184, 228, 203, 90, 28,
       241, 235, 215, 36, 85, 190, 82, 120, 233, 116, 120, 92, 58, 47,
       212, 17, 247, 111, 153, 172, 24, 5, 240, 29, 156, 73, 16, 242, 51,
       189, 88, 87, 32, 250, 28, 177, 93, 182, 51, 161, 188, 122, 246,
       152, 213, 241, 125, 103, 176, 80, 246, 154, 67, 99, 197, 34, 193,
       247, 204, 26, 228, 219, 66, 140, 181, 234, 223, 36, 69, 190, 83,
       120, 233, 116, 120, 92, 56, 47, 212, 53, 247, 111, 153, 172, 24,
       5, 240, 29, 156, 73, 16, 242, 51, 189, 88, 87, 32, 250, 36, 37,
       113, 128, 17, 4, 1, 79, 198, 68, 128, 53, 97, 14, 145, 87, 226,
       212, 3, 96, 65, 34, 192, 55, 76, 136, 164, 9, 82, 12, 48, 105, 68,
       36, 85, 186, 82, 112, 1, 84, 80, 64, 16, 14, 196, 20, 224, 78,
       153, 172, 24, 5, 240, 28, 156, 65, 16, 242, 51, 188, 88, 86, 32,
       248, 182, 241, 125, 158, 55, 29, 29, 110, 230, 70, 189, 248, 127,
       234, 180, 94, 247, 214, 39, 99, 71, 162, 225, 55, 204, 143, 229,
       73, 83, 28, 240, 41, 210, 36, 84, 190, 66, 120, 193, 244, 114, 94,
       56, 47, 208, 20, 245, 78, 153, 172, 24, 5, 240, 29, 156, 73, 16,
       242, 51, 189, 88, 86, 34, 249, 191, 241, 125, 222, 55, 61, 89,
       126, 247, 84, 245, 248, 127, 250, 244, 222, 242, 214, 103, 99,
       119, 114, 161, 55, 236, 171, 229, 89, 123, 88, 252, 169, 242, 44,
       20, 254, 82, 113, 209, 252, 210, 223, 61, 15, 208, 22, 209, 78,
       153, 172, 26, 5, 248, 29, 159, 73, 16, 242, 59, 189, 89, 86, 34,
       249, 61, 54, 125, 236, 54, 61, 57, 121, 245, 94, 214, 53, 125, 63,
       249, 214, 242, 244, 67, 104, 241, 114, 145, 182, 253, 168, 228,
       153, 126, 221, 125, 233, 96, 108, 190, 190, 214, 122, 145, 253,
       222, 207, 223, 158, 194, 163, 194, 76, 170, 53, 159, 137, 234, 29,
       159, 85, 168, 242, 123, 220, 251, 142, 46, 181, 60, 178, 125, 170,
       91, 191, 163, 122, 244, 92, 254, 53, 125, 127, 189, 100, 242, 213,
       67, 96, 241, 98, 129, 119, 76, 168, 164, 141, 122, 200, 121, 233,
       247, 36, 87, 186, 82, 122, 137, 124, 250, 93, 24, 14, 84, 23, 241,
       79, 153, 172, 24, 5, 240, 29, 157, 73, 16, 242, 51, 188, 88, 87,
       34, 249, 61, 242, 125, 170, 63, 245, 191, 120, 244, 126, 249, 248,
       125, 63, 244, 117, 243, 222, 71, 97, 241, 114, 165, 116, 204, 173,
       229, 187, 91, 30, 247, 251, 245, 36, 85, 190, 83, 112, 233, 244,
       122, 92, 56, 47, 212, 55, 246, 109, 153, 172, 24, 5, 240, 29, 156,
       73, 16, 242, 51, 188, 88, 86, 32, 248, 63, 50, 125, 166, 255, 189,
       187, 120, 252, 126, 214, 115, 253, 123, 248, 85, 242, 244, 71, 96,
       241, 98, 129, 116, 204, 184, 237, 155, 254, 92, 125, 251, 241,
       108, 86, 190, 82, 114, 161, 244, 220, 92, 26, 30, 208, 167, 208,
       77, 153, 173, 24, 5, 240, 29, 159, 73, 16, 242, 51, 156, 88, 87,
       32, 248, 63, 240, 125, 174, 63, 189, 157, 88, 246, 95, 213, 248,
       253, 42, 180, 85, 242, 246, 7, 113, 225, 114, 195, 118, 205, 158,
       225, 59, 82, 58, 117, 235, 215, 36, 84, 190, 82, 120, 233, 117,
       112, 94, 56, 47, 212, 20, 245, 111, 153, 172, 24, 5, 240, 29, 156,
       73, 16, 242, 51, 189, 88, 87, 32, 251, 63, 182, 125, 170, 63, 189,
       157, 120, 246, 126, 209, 180, 253, 47, 189, 85, 250, 212, 3, 96,
       225, 34, 195, 119, 76, 156, 164, 41, 82, 28, 113, 107, 215, 36,
       85, 190, 82, 120, 233, 116, 112, 92, 56, 47, 212, 20, 245, 111,
       153, 172, 24, 5, 240, 29, 156, 73, 16, 242, 51, 189, 88, 87, 32,
       250, 15, 51, 197, 52, 55, 177, 140, 94, 242, 154, 146, 53, 124,
       54, 161, 83, 232, 252, 3, 243, 193, 34, 65, 119, 196, 136, 228,
       201, 90, 76, 177, 98, 215, 44, 85, 190, 90, 120, 233, 116, 120,
       92, 56, 47, 212, 85, 247, 111, 153, 172, 24, 5, 240, 29, 156, 73,
       16, 242, 51, 189, 88, 87, 32, 250, 62, 177, 253, 222, 55, 181, 89,
       126, 247, 212, 213, 244, 125, 122, 180, 86, 250, 214, 99, 99, 245,
       38, 193, 119, 221, 186, 228, 93, 82, 156, 245, 233, 215, 44, 85,
       190, 82, 120, 233, 124, 112, 93, 57, 47, 212, 52, 245, 111, 153,
       172, 24, 5, 240, 29, 156, 73, 16, 242, 51, 189, 88, 87, 32, 250,
       44, 34, 225, 178, 17, 37, 33, 126, 196, 110, 194, 52, 113, 142,
       145, 70, 226, 212, 3, 96, 193, 2, 193, 55, 76, 136, 160, 9, 82, 8,
       49, 105, 81, 36, 85, 186, 82, 120, 1, 116, 112, 68, 24, 14, 84,
       20, 228, 78, 153, 172, 24, 5, 240, 29, 156, 73, 16, 242, 51, 188,
       88, 86, 32, 250, 39, 36, 113, 162, 17, 6, 37, 79, 198, 70, 131,
       48, 113, 174, 176, 86, 226, 212, 3, 96, 65, 130, 192, 55, 76, 136,
       164, 9, 82, 8, 48, 105, 80, 36, 84, 186, 66, 120, 1, 84, 48, 64,
       24, 15, 196, 20, 228, 76, 153, 172, 24, 5, 112, 28, 156, 73, 16,
       242, 51, 188, 88, 86, 32, 248, 54, 53, 113, 148, 30, 132, 25, 73,
       198, 70, 145, 48, 117, 74, 176, 85, 242, 212, 3, 96, 193, 34, 129,
       70, 204, 154, 164, 9, 82, 12, 113, 105, 198, 36, 84, 190, 82, 120,
       193, 84, 112, 88, 16, 15, 208, 20, 161, 79, 153, 172, 24, 5, 240,
       29, 156, 65, 16, 242, 51, 189, 88, 87, 32, 248, 34, 133, 0, 218,
       203, 205, 199, 13, 239, 68, 46, 4, 49, 126, 125, 165, 203, 118, 0,
       34, 198, 42, 155, 102, 80, 215, 3, 32, 179, 138, 27, 65, 151, 38,
       83, 178, 82, 64, 123, 60, 48, 117, 12, 99, 84, 84, 245, 71, 145,
       44, 152, 12, 176, 9, 140, 11, 49, 98, 106, 63, 88, 71, 37, 248,
       70, 200, 171, 152, 2, 94, 68, 67, 133, 230, 45, 138, 211, 132,
       252, 78, 137, 85, 37, 107, 142, 148, 200, 75, 93, 215, 151, 39,
       17, 139, 19, 74, 195, 134, 87, 42, 66, 252, 111, 50, 48, 250, 100,
       41, 23, 28, 53, 171, 83, 168, 48, 4, 193, 29, 172, 24, 16, 226,
       49, 189, 89, 85, 32, 250, 7, 51, 113, 160, 148, 164, 7, 64, 226,
       4, 131, 52, 69, 7, 153, 81, 226, 196, 3, 96, 65, 32, 128, 112, 76,
       136, 164, 9, 82, 12, 49, 41, 80, 36, 85, 186, 66, 112, 129, 84,
