%YAML:1.0
descriptors: !!opencv-matrix
   rows: 32
   cols: 64
   dt: u
   data: [ 124, 47, 183, 85, 96, 71, 250, 231, 194, 188, 195, 53, 86,
       230, 155, 194, 127, 139, 227, 198, 247, 47, 87, 215, 155, 122,
       246, 204, 64, 156, 226, 230, 79, 59, 103, 191, 156, 62, 251, 124,
       120, 124, 177, 230, 237, 97, 163, 111, 185, 238, 169, 219, 240,
       29, 24, 65, 71, 251, 87, 179, 122, 103, 225, 106, 70, 35, 147,
       177, 64, 2, 170, 198, 0, 138, 67, 20, 64, 192, 131, 18, 74, 77,
       129, 70, 194, 45, 198, 75, 14, 138, 178, 13, 2, 40, 48, 75, 87, 7,
       92, 187, 48, 108, 71, 68, 0, 96, 144, 72, 99, 12, 193, 222, 89,
       44, 56, 85, 113, 88, 60, 73, 128, 106, 19, 153, 76, 7, 49, 242,
       209, 81, 24, 86, 49, 2, 90, 66, 2, 171, 1, 194, 134, 131, 132, 19,
       102, 195, 60, 79, 11, 173, 225, 75, 136, 146, 243, 127, 18, 41,
       160, 97, 82, 53, 60, 219, 2, 108, 98, 215, 80, 202, 169, 75, 171,
       24, 193, 63, 1, 162, 48, 7, 104, 56, 188, 203, 81, 59, 49, 91, 92,
       52, 49, 171, 195, 137, 147, 31, 0, 66, 216, 134, 67, 160, 9, 204,
       2, 134, 15, 186, 173, 2, 48, 135, 6, 137, 102, 3, 197, 195, 242,
       107, 3, 42, 130, 102, 149, 181, 113, 91, 8, 4, 234, 70, 33, 24,
       41, 107, 175, 24, 189, 46, 209, 162, 106, 87, 180, 82, 52, 226,
       145, 123, 16, 49, 28, 101, 147, 234, 3, 6, 0, 2, 201, 128, 6, 0,
       34, 1, 0, 98, 160, 3, 6, 1, 64, 33, 129, 144, 193, 7, 91, 64, 64,
       16, 24, 38, 130, 12, 1, 64, 143, 128, 130, 0, 32, 136, 37, 10, 36,
       2, 8, 129, 21, 80, 52, 129, 48, 84, 8, 32, 21, 64, 72, 162, 62, 0,
       150, 4, 0, 211, 116, 74, 197, 2, 138, 1, 221, 176, 170, 184, 24,
       155, 194, 71, 130, 64, 3, 1, 8, 77, 189, 151, 72, 133, 142, 216,
       34, 82, 25, 38, 148, 7, 35, 23, 127, 145, 152, 97, 117, 205, 108,
       1, 81, 36, 10, 30, 193, 13, 154, 177, 30, 222, 24, 37, 213, 226,
       200, 227, 71, 25, 180, 7, 4, 19, 84, 14, 22, 49, 0, 32, 221, 128,
       14, 73, 2, 2, 147, 52, 96, 70, 128, 16, 96, 0, 6, 208, 195, 34,
       129, 70, 132, 128, 96, 73, 146, 44, 129, 64, 40, 172, 76, 158, 40,
       32, 3, 212, 1, 64, 16, 200, 64, 81, 128, 78, 128, 38, 16, 0, 32,
       16, 68, 97, 128, 50, 150, 176, 8, 70, 160, 0, 128, 138, 130, 197,
       237, 240, 170, 240, 24, 187, 66, 79, 130, 80, 75, 129, 8, 205,
       189, 203, 204, 37, 206, 216, 41, 95, 25, 166, 212, 7, 35, 22, 127,
       177, 217, 33, 85, 249, 236, 35, 241, 52, 106, 62, 225, 133, 219,
       49, 152, 217, 28, 37, 213, 239, 152, 232, 87, 217, 183, 167, 68,
       51, 4, 254, 35, 52, 1, 2, 5, 130, 7, 12, 194, 2, 145, 96, 33, 3,
       0, 17, 70, 38, 0, 144, 128, 34, 81, 198, 128, 128, 64, 13, 2, 56,
       65, 72, 13, 140, 130, 132, 40, 8, 10, 8, 4, 0, 4, 129, 0, 113,
       180, 79, 50, 58, 137, 10, 52, 0, 120, 19, 44, 50, 150, 32, 32,
       209, 236, 74, 214, 35, 131, 149, 48, 66, 136, 230, 66, 161, 19,
       22, 194, 194, 131, 18, 40, 69, 0, 71, 14, 173, 230, 2, 13, 130,
       178, 11, 2, 40, 18, 14, 119, 53, 116, 186, 90, 126, 195, 86, 192,
       72, 41, 10, 139, 28, 201, 46, 153, 172, 88, 7, 112, 26, 20, 75, 0,
       114, 17, 57, 92, 85, 32, 250, 4, 34, 131, 161, 0, 192, 160, 196,
       8, 138, 2, 69, 64, 4, 139, 128, 9, 8, 129, 0, 0, 0, 78, 201, 9, 0,
       18, 192, 4, 132, 34, 6, 117, 146, 105, 0, 61, 134, 14, 0, 129, 36,
       0, 64, 46, 132, 27, 176, 80, 88, 104, 242, 135, 66, 32, 168, 135,
       72, 6, 96, 4, 33, 65, 34, 243, 17, 178, 55, 221, 128, 137, 206,
       134, 169, 209, 55, 163, 206, 131, 22, 122, 21, 2, 83, 138, 175,
       198, 111, 14, 154, 246, 15, 146, 184, 98, 126, 103, 173, 45, 191,
       50, 60, 65, 94, 9, 64, 17, 202, 203, 88, 137, 63, 73, 172, 88, 1,
       112, 26, 188, 97, 128, 50, 49, 153, 44, 7, 48, 114, 197, 178, 215,
       21, 248, 226, 187, 254, 240, 191, 192, 219, 194, 201, 130, 11,
       106, 237, 191, 99, 232, 13, 110, 219, 78, 187, 190, 166, 88, 5,
       35, 111, 223, 1, 188, 187, 16, 188, 109, 117, 89, 76, 58, 135,
       251, 112, 217, 251, 56, 188, 56, 49, 241, 188, 156, 65, 20, 186,
       51, 143, 88, 87, 37, 251, 130, 9, 138, 159, 35, 74, 156, 143, 11,
       194, 31, 132, 18, 134, 43, 250, 137, 18, 32, 15, 6, 145, 230, 3,
       77, 213, 176, 41, 19, 42, 30, 40, 149, 148, 117, 194, 50, 78, 202,
       80, 32, 93, 37, 105, 183, 28, 117, 108, 211, 170, 58, 5, 150, 1,
       244, 234, 144, 115, 48, 121, 29, 85, 16, 234, 147, 209, 138, 190,
       55, 128, 92, 10, 2, 131, 53, 250, 170, 130, 4, 27, 32, 87, 52,
       223, 2, 12, 224, 99, 37, 215, 243, 59, 19, 41, 4, 41, 146, 180,
       60, 218, 98, 109, 162, 247, 98, 202, 45, 105, 155, 28, 85, 47, 81,
       170, 48, 5, 104, 16, 188, 110, 16, 178, 48, 123, 25, 85, 50, 187,
       3, 6, 0, 34, 221, 128, 6, 8, 34, 1, 128, 98, 168, 9, 4, 17, 64,
       37, 5, 208, 192, 34, 25, 96, 4, 144, 73, 13, 18, 8, 1, 1, 26, 44,
       154, 154, 32, 8, 1, 128, 69, 194, 24, 137, 64, 81, 180, 69, 0, 52,
       16, 0, 96, 0, 206, 33, 24, 50, 22, 148, 0, 87, 36, 9, 133, 0, 3,
       161, 216, 128, 162, 200, 0, 201, 130, 87, 194, 1, 129, 1, 2, 77,
       133, 65, 192, 4, 136, 72, 14, 136, 8, 3, 146, 8, 33, 95, 117, 4,
       28, 186, 16, 250, 5, 148, 193, 96, 24, 2, 96, 4, 72, 193, 9, 44,
       56, 52, 81, 26, 140, 8, 16, 40, 51, 136, 72, 22, 33, 248, 167, 50,
       64, 130, 213, 2, 7, 72, 230, 3, 33, 114, 161, 11, 128, 85, 226,
       213, 5, 100, 65, 2, 161, 100, 78, 152, 41, 13, 146, 8, 32, 41, 84,
       36, 84, 154, 66, 112, 1, 212, 64, 64, 24, 11, 192, 28, 208, 12,
       153, 172, 16, 4, 112, 24, 140, 73, 16, 114, 49, 188, 88, 87, 32,
       248, 243, 208, 88, 134, 255, 131, 159, 8, 246, 67, 61, 122, 189,
       42, 164, 85, 242, 215, 28, 52, 64, 3, 131, 100, 110, 212, 233, 45,
       210, 24, 85, 41, 212, 37, 28, 219, 66, 113, 141, 244, 82, 202, 24,
       15, 209, 28, 244, 12, 149, 172, 16, 5, 120, 24, 156, 75, 16, 242,
       50, 188, 88, 87, 34, 249, 68, 35, 225, 144, 16, 6, 34, 247, 128,
       130, 66, 20, 65, 134, 155, 98, 226, 84, 3, 100, 73, 129, 198, 48,
       76, 136, 172, 9, 82, 12, 48, 8, 112, 36, 85, 186, 16, 114, 1, 84,
       144, 80, 24, 14, 64, 4, 64, 76, 153, 44, 24, 5, 240, 29, 156, 73,
       16, 242, 35, 188, 72, 70, 32, 240, 108, 47, 239, 248, 114, 127,
       35, 255, 189, 222, 206, 149, 91, 189, 251, 238, 203, 221, 251,
       111, 124, 213, 196, 179, 93, 233, 156, 133, 121, 204, 58, 185,
       240, 37, 85, 187, 82, 122, 197, 116, 240, 93, 56, 62, 87, 134, 65,
       236, 157, 172, 28, 5, 241, 29, 157, 76, 16, 246, 59, 189, 89, 86,
       32, 250, 125, 191, 255, 253, 126, 255, 251, 254, 253, 254, 218,
       189, 111, 255, 251, 239, 251, 253, 251, 111, 247, 127, 214, 191,
       207, 255, 190, 183, 127, 95, 126, 255, 255, 111, 255, 191, 214,
       126, 253, 117, 252, 124, 251, 62, 255, 171, 247, 255, 190, 188,
       30, 213, 243, 189, 157, 93, 212, 254, 123, 255, 255, 215, 41, 246,
       251, 254, 247, 239, 254, 253, 255, 188, 255, 253, 254, 255, 239,
       127, 255, 253, 255, 247, 250, 187, 253, 47, 255, 253, 239, 255,
       255, 255, 255, 127, 247, 255, 223, 237, 127, 117, 255, 253, 253,
       119, 125, 92, 235, 127, 253, 191, 255, 51, 189, 223, 92, 231, 244,
       167, 156, 239, 86, 255, 247, 175, 250, 127, 181, 254, 127, 252,
       253, 255, 255, 191, 255, 121, 255, 125, 213, 249, 255, 126, 180,
       92, 242, 245, 95, 103, 253, 127, 243, 127, 191, 234, 238, 63, 127,
       89, 125, 239, 215, 109, 20, 255, 214, 123, 253, 255, 219, 223,
       223, 15, 209, 31, 253, 79, 157, 164, 26, 13, 250, 61, 159, 77,
       120, 246, 123, 191, 219, 31, 58, 255, 252, 251, 255, 125, 255,
       251, 255, 255, 249, 185, 222, 255, 255, 247, 239, 248, 251, 157,
       251, 127, 127, 255, 79, 255, 247, 255, 255, 191, 239, 223, 126,
       190, 223, 239, 111, 255, 223, 255, 253, 127, 125, 125, 251, 119,
       253, 255, 255, 183, 255, 190, 169, 255, 243, 255, 220, 255, 124,
       252, 253, 239, 255, 127, 253, 222, 254, 248, 255, 255, 255, 255,
