%YAML:1.0
descriptors: !!opencv-matrix
   rows: 7
   cols: 64
   dt: u
   data: [ 35, 36, 65, 130, 217, 128, 7, 8, 98, 97, 1, 114, 162, 75, 132,
       81, 98, 87, 4, 64, 195, 36, 137, 101, 6, 146, 33, 15, 146, 8, 1,
       109, 18, 166, 20, 154, 2, 120, 35, 214, 1, 66, 8, 9, 192, 28, 212,
       7, 1, 36, 16, 4, 32, 16, 140, 75, 16, 50, 48, 60, 88, 85, 32, 248,
       60, 189, 255, 254, 63, 255, 255, 127, 253, 252, 222, 245, 253,
       126, 185, 246, 251, 253, 99, 115, 245, 127, 211, 247, 221, 255,
       246, 191, 122, 223, 255, 235, 207, 46, 87, 190, 223, 122, 249,
       125, 120, 93, 255, 47, 213, 53, 247, 111, 185, 172, 152, 13, 242,
       29, 156, 89, 48, 242, 115, 191, 91, 95, 40, 250, 118, 245, 125,
       223, 246, 157, 223, 9, 255, 199, 61, 250, 157, 122, 116, 86, 180,
       215, 94, 191, 158, 127, 210, 102, 253, 214, 247, 127, 50, 187,
       213, 41, 135, 60, 150, 143, 202, 121, 250, 127, 114, 251, 229,
       105, 183, 28, 245, 63, 151, 174, 145, 79, 248, 185, 188, 255, 121,
       247, 114, 255, 121, 255, 249, 251, 68, 9, 131, 212, 64, 6, 106,
       70, 0, 166, 1, 4, 66, 193, 147, 10, 226, 65, 49, 102, 142, 173,
       194, 3, 78, 202, 166, 12, 0, 12, 48, 73, 83, 39, 85, 187, 0, 108,
       71, 86, 16, 96, 152, 74, 201, 28, 193, 207, 25, 172, 24, 17, 113,
       88, 148, 75, 17, 122, 51, 189, 72, 84, 33, 250, 3, 6, 64, 2, 217,
       128, 7, 72, 32, 96, 2, 6, 160, 79, 129, 5, 66, 85, 1, 96, 200,
       130, 138, 96, 70, 152, 24, 1, 146, 8, 1, 73, 81, 38, 85, 154, 0,
       112, 5, 22, 32, 64, 24, 10, 68, 8, 100, 129, 25, 44, 16, 4, 81,
       24, 140, 9, 16, 96, 33, 156, 72, 86, 32, 248, 68, 1, 131, 208, 72,
       130, 78, 71, 2, 34, 1, 16, 82, 196, 147, 10, 194, 81, 56, 70, 142,
       173, 194, 3, 14, 194, 162, 13, 2, 8, 16, 72, 67, 39, 20, 155, 0,
       124, 71, 86, 0, 96, 128, 74, 13, 28, 129, 143, 81, 44, 16, 20, 33,
       88, 148, 67, 81, 122, 49, 57, 72, 84, 49, 242, 163, 53, 65, 146,
       221, 128, 7, 72, 198, 65, 147, 114, 161, 75, 128, 85, 98, 213, 5,
       68, 195, 38, 129, 102, 78, 146, 161, 15, 146, 8, 1, 41, 82, 36,
       84, 154, 66, 112, 1, 212, 64, 64, 24, 11, 192, 20, 196, 79, 145,
       164, 16, 4, 96, 24, 140, 73, 16, 114, 51, 189, 88, 23, 32, 248 ]
