%YAML:1.0
descriptors: !!opencv-matrix
   rows: 4
   cols: 64
   dt: u
   data: [ 63, 178, 252, 238, 63, 253, 157, 60, 127, 252, 222, 241, 189,
       63, 188, 85, 255, 246, 97, 251, 245, 96, 211, 115, 237, 191, 240,
       123, 126, 93, 245, 239, 215, 100, 87, 186, 95, 120, 233, 124, 116,
       93, 58, 47, 212, 21, 247, 111, 153, 172, 24, 5, 240, 29, 156, 73,
       16, 242, 51, 189, 90, 87, 32, 250, 63, 178, 125, 167, 191, 189,
       191, 120, 254, 254, 210, 115, 237, 63, 187, 85, 242, 213, 3, 114,
       229, 35, 195, 124, 205, 220, 245, 191, 90, 31, 115, 239, 215, 44,
       85, 190, 90, 120, 233, 116, 120, 92, 58, 47, 213, 21, 245, 111,
       153, 172, 24, 5, 240, 29, 156, 73, 16, 242, 51, 189, 88, 87, 32,
       250, 253, 254, 255, 239, 255, 255, 255, 253, 255, 253, 255, 255,
       255, 254, 254, 253, 243, 245, 127, 107, 253, 223, 183, 125, 255,
       239, 255, 191, 255, 95, 127, 255, 247, 109, 125, 255, 214, 119,
       249, 255, 223, 221, 255, 63, 223, 175, 253, 61, 141, 181, 94, 141,
       250, 191, 159, 77, 248, 246, 123, 191, 223, 159, 46, 188, 62, 179,
       125, 254, 55, 189, 253, 120, 247, 254, 253, 250, 253, 127, 188,
       87, 242, 254, 99, 123, 245, 118, 195, 247, 205, 190, 229, 251,
       122, 222, 245, 235, 223, 44, 87, 190, 219, 120, 249, 117, 124, 92,
       57, 47, 212, 53, 247, 111, 153, 172, 24, 5, 240, 29, 156, 89, 16,
       242, 51, 189, 88, 87, 32, 250 ]
