%YAML:1.0
descriptors: !!opencv-matrix
   rows: 6
   cols: 64
   dt: u
   data: [ 101, 32, 241, 178, 89, 34, 47, 74, 196, 106, 128, 114, 227,
       203, 128, 85, 226, 213, 3, 96, 193, 37, 128, 119, 78, 154, 184,
       15, 210, 8, 49, 105, 87, 36, 20, 186, 82, 120, 33, 84, 80, 66, 24,
       15, 209, 20, 193, 79, 153, 172, 24, 5, 96, 28, 156, 73, 16, 242,
       51, 189, 88, 87, 32, 251, 63, 183, 125, 246, 63, 189, 189, 120,
       254, 254, 215, 243, 253, 127, 248, 85, 246, 254, 67, 115, 245, 98,
       211, 118, 205, 190, 245, 251, 94, 30, 245, 235, 215, 44, 87, 190,
       91, 120, 233, 116, 120, 92, 56, 47, 212, 53, 247, 111, 153, 172,
       24, 5, 240, 29, 156, 73, 16, 242, 51, 189, 88, 87, 32, 250, 63,
       245, 125, 254, 55, 189, 253, 121, 247, 95, 213, 251, 253, 122,
       180, 93, 246, 246, 103, 115, 247, 126, 209, 119, 253, 190, 231,
       251, 126, 255, 245, 233, 215, 108, 150, 190, 222, 120, 249, 125,
       120, 223, 255, 47, 212, 53, 245, 111, 153, 174, 152, 15, 242, 29,
       158, 93, 56, 242, 115, 191, 123, 223, 44, 250, 125, 51, 241, 245,
       217, 162, 235, 232, 200, 225, 195, 55, 229, 70, 139, 80, 250, 221,
       3, 70, 239, 45, 195, 86, 204, 218, 242, 239, 82, 14, 243, 239, 87,
       39, 85, 190, 16, 122, 233, 86, 216, 84, 24, 14, 193, 13, 235, 111,
       153, 172, 24, 5, 240, 29, 156, 73, 16, 242, 51, 189, 88, 23, 33,
       250, 124, 35, 247, 183, 50, 231, 171, 253, 204, 190, 194, 55, 241,
       198, 187, 98, 235, 213, 35, 103, 205, 167, 195, 118, 77, 222, 180,
       173, 82, 14, 51, 234, 215, 36, 85, 186, 82, 120, 233, 116, 120,
       92, 56, 47, 213, 20, 245, 111, 153, 172, 24, 5, 240, 29, 156, 73,
       16, 242, 51, 189, 88, 87, 32, 250, 61, 189, 255, 248, 63, 255,
       247, 127, 253, 253, 222, 253, 255, 126, 188, 204, 251, 253, 227,
       99, 245, 127, 219, 247, 125, 255, 183, 183, 123, 223, 127, 239,
       223, 46, 87, 190, 215, 120, 249, 124, 120, 93, 254, 47, 213, 53,
       247, 111, 185, 172, 152, 13, 240, 29, 156, 73, 48, 242, 119, 191,
       219, 95, 40, 250 ]
