%YAML:1.0
descriptors: !!opencv-matrix
   rows: 9
   cols: 64
   dt: u
   data: [ 62, 189, 255, 255, 62, 255, 251, 127, 255, 252, 223, 245, 253,
       126, 251, 246, 251, 215, 115, 123, 245, 127, 211, 247, 253, 255,
       246, 191, 122, 223, 255, 235, 215, 44, 87, 190, 223, 122, 249,
       125, 120, 93, 255, 47, 213, 53, 247, 111, 153, 172, 153, 13, 240,
       29, 156, 89, 16, 242, 115, 189, 91, 95, 40, 250, 76, 33, 225, 144,
       16, 39, 33, 127, 128, 198, 194, 52, 81, 128, 147, 66, 202, 92, 3,
       100, 65, 129, 196, 147, 12, 136, 132, 13, 80, 12, 48, 73, 80, 36,
       85, 186, 16, 120, 1, 84, 176, 64, 16, 14, 64, 20, 65, 78, 25, 44,
       24, 5, 112, 28, 156, 73, 16, 226, 35, 188, 72, 70, 32, 242, 3, 6,
       0, 2, 201, 128, 6, 8, 32, 0, 0, 67, 160, 75, 0, 5, 98, 53, 5, 0,
       192, 34, 137, 100, 66, 152, 0, 7, 146, 8, 1, 69, 22, 38, 20, 146,
       0, 0, 5, 132, 65, 64, 24, 11, 64, 64, 192, 67, 0, 36, 24, 4, 96,
       8, 140, 9, 16, 48, 50, 156, 8, 87, 32, 120, 187, 253, 255, 223,
       63, 189, 221, 56, 255, 253, 253, 251, 255, 123, 116, 94, 181, 183,
       254, 187, 247, 126, 243, 255, 249, 119, 247, 254, 127, 255, 215,
       239, 159, 250, 170, 116, 254, 221, 250, 251, 123, 255, 239, 111,
       191, 117, 253, 123, 255, 219, 137, 207, 252, 165, 250, 125, 127,
       215, 246, 251, 243, 249, 205, 223, 122, 28, 175, 157, 239, 191,
       95, 125, 236, 103, 215, 10, 255, 236, 59, 79, 246, 213, 123, 118,
       254, 151, 218, 61, 94, 234, 188, 46, 82, 145, 61, 239, 199, 45,
       87, 59, 210, 125, 228, 114, 48, 92, 76, 47, 221, 60, 237, 147,
       157, 140, 24, 133, 241, 253, 156, 203, 80, 254, 51, 189, 216, 86,
       24, 254, 68, 1, 147, 209, 64, 6, 66, 199, 2, 162, 3, 4, 66, 196,
       147, 2, 104, 65, 56, 70, 14, 173, 198, 3, 14, 194, 190, 77, 0,
       140, 16, 10, 99, 23, 21, 139, 0, 108, 71, 70, 32, 32, 128, 74, 15,
       12, 1, 134, 81, 44, 48, 209, 49, 88, 20, 75, 193, 104, 1, 57, 76,
       36, 17, 242, 252, 255, 255, 223, 254, 255, 243, 255, 223, 253,
       254, 255, 255, 254, 251, 252, 251, 213, 127, 111, 127, 159, 191,
       63, 255, 255, 127, 63, 255, 219, 126, 191, 231, 111, 117, 255,
       214, 119, 253, 252, 219, 93, 255, 62, 205, 174, 253, 183, 141,
       173, 223, 157, 250, 191, 157, 79, 240, 252, 107, 255, 223, 13, 50,
       254, 35, 20, 64, 130, 221, 130, 7, 8, 230, 68, 1, 114, 173, 75,
       160, 85, 98, 247, 5, 112, 192, 39, 129, 101, 70, 152, 168, 15,
       146, 8, 1, 105, 87, 36, 20, 186, 66, 112, 33, 84, 64, 64, 24, 11,
       193, 16, 244, 79, 145, 164, 24, 4, 112, 24, 156, 73, 16, 114, 51,
       189, 88, 87, 32, 248, 251, 254, 255, 239, 255, 254, 255, 152, 255,
       255, 250, 251, 175, 95, 123, 253, 255, 247, 191, 59, 236, 95, 159,
       124, 231, 223, 123, 191, 223, 115, 255, 255, 247, 237, 223, 85,
       255, 255, 253, 119, 127, 92, 107, 125, 223, 143, 252, 177, 236,
       223, 28, 181, 253, 231, 159, 235, 86, 252, 246, 47, 246, 223, 144,
       182 ]
