%YAML:1.0
descriptors: !!opencv-matrix
   rows: 30
   cols: 64
   dt: u
   data: [ 28, 51, 93, 22, 63, 177, 188, 120, 242, 26, 209, 113, 124,
       119, 160, 64, 226, 222, 67, 98, 193, 34, 193, 246, 200, 26, 228,
       203, 80, 12, 177, 104, 223, 36, 85, 190, 83, 120, 233, 116, 120,
       92, 56, 47, 212, 53, 247, 111, 153, 172, 24, 5, 240, 29, 156, 73,
       16, 242, 51, 189, 88, 87, 32, 250, 35, 21, 64, 2, 223, 128, 7, 8,
       230, 1, 16, 115, 172, 75, 164, 85, 98, 247, 5, 80, 193, 38, 137,
       100, 70, 154, 97, 47, 146, 8, 1, 41, 146, 46, 84, 186, 66, 112, 5,
       212, 65, 66, 24, 11, 64, 80, 252, 71, 129, 36, 16, 4, 112, 24,
       140, 73, 16, 112, 51, 188, 88, 87, 32, 248, 252, 249, 255, 253,
       246, 111, 255, 255, 223, 253, 254, 191, 255, 254, 255, 254, 251,
       213, 127, 111, 63, 223, 238, 191, 191, 255, 255, 191, 255, 223,
       126, 191, 243, 111, 117, 255, 214, 127, 245, 253, 219, 223, 255,
       126, 207, 191, 77, 182, 239, 165, 255, 253, 251, 191, 135, 95,
       248, 252, 105, 251, 223, 12, 179, 191, 248, 189, 247, 223, 254,
       239, 245, 255, 255, 253, 222, 255, 255, 254, 251, 252, 251, 215,
       251, 111, 255, 63, 255, 255, 255, 255, 118, 63, 127, 219, 126,
       255, 199, 111, 119, 255, 214, 255, 255, 124, 217, 253, 255, 126,
       205, 62, 125, 231, 237, 180, 223, 221, 250, 191, 157, 207, 120,
       252, 107, 255, 219, 13, 191, 254, 196, 42, 195, 209, 216, 138,
       199, 192, 8, 39, 2, 94, 195, 199, 155, 72, 202, 85, 57, 102, 206,
       173, 138, 107, 78, 214, 30, 47, 146, 11, 19, 79, 215, 39, 85, 155,
       64, 247, 111, 86, 48, 112, 8, 31, 93, 28, 125, 147, 157, 44, 24,
       52, 209, 127, 140, 75, 80, 124, 33, 61, 76, 85, 49, 248, 69, 11,
       195, 81, 216, 130, 6, 194, 160, 39, 2, 22, 194, 229, 147, 3, 202,
       85, 57, 102, 206, 173, 138, 43, 78, 210, 30, 47, 146, 8, 18, 14,
       83, 39, 85, 187, 64, 124, 103, 86, 32, 96, 8, 14, 77, 12, 109,
       147, 25, 44, 24, 4, 17, 88, 140, 75, 16, 104, 33, 189, 72, 84, 49,
       250, 252, 190, 255, 253, 254, 255, 127, 255, 253, 255, 222, 191,
       255, 252, 255, 238, 187, 253, 251, 127, 125, 223, 222, 189, 223,
       127, 255, 247, 249, 215, 126, 175, 207, 59, 231, 255, 223, 255,
       253, 127, 124, 125, 247, 191, 255, 255, 127, 177, 191, 238, 190,
       255, 211, 255, 158, 92, 254, 252, 253, 255, 255, 223, 249, 246,
       64, 9, 130, 208, 65, 131, 66, 110, 4, 32, 133, 20, 147, 200, 150,
       74, 234, 85, 57, 103, 142, 173, 194, 35, 78, 202, 138, 12, 80, 12,
       48, 73, 211, 39, 85, 187, 66, 120, 71, 84, 48, 120, 56, 47, 221,
       28, 229, 239, 153, 172, 24, 5, 241, 28, 156, 75, 16, 242, 51, 189,
       88, 86, 32, 250, 127, 51, 125, 182, 127, 183, 63, 120, 246, 126,
       209, 112, 253, 127, 176, 85, 242, 215, 67, 115, 241, 35, 195, 247,
       204, 234, 228, 255, 82, 28, 241, 235, 223, 44, 85, 190, 90, 120,
       233, 116, 120, 92, 56, 47, 213, 53, 245, 111, 153, 172, 24, 5,
       240, 29, 156, 73, 16, 242, 51, 189, 88, 87, 32, 250, 69, 34, 227,
       144, 88, 2, 35, 78, 128, 230, 131, 52, 65, 130, 147, 66, 234, 84,
       3, 96, 139, 129, 206, 57, 12, 136, 168, 13, 82, 8, 49, 75, 113,
       36, 85, 187, 0, 112, 5, 86, 144, 64, 24, 14, 66, 28, 65, 141, 25,
       44, 24, 5, 112, 28, 148, 73, 144, 242, 33, 188, 72, 86, 32, 240,
       60, 184, 255, 174, 55, 119, 185, 254, 245, 252, 252, 245, 127,
       190, 191, 254, 251, 212, 99, 99, 245, 19, 229, 55, 77, 235, 180,
       139, 91, 77, 119, 235, 245, 36, 85, 186, 83, 120, 233, 116, 122,
       93, 56, 46, 212, 21, 247, 111, 153, 172, 24, 5, 240, 29, 156, 73,
       16, 242, 51, 189, 88, 87, 34, 251, 45, 38, 109, 168, 30, 53, 33,
       253, 244, 126, 194, 53, 125, 63, 249, 231, 226, 252, 67, 96, 241,
       194, 156, 52, 76, 168, 44, 129, 218, 76, 57, 251, 240, 36, 87,
       186, 82, 114, 1, 116, 220, 84, 26, 14, 84, 135, 66, 76, 153, 45,
       28, 4, 240, 29, 141, 73, 16, 240, 35, 188, 88, 86, 34, 249, 45,
       54, 101, 160, 221, 61, 35, 88, 228, 94, 194, 53, 109, 59, 249, 69,
       226, 244, 3, 96, 97, 194, 136, 52, 76, 168, 44, 9, 218, 12, 57,
       185, 112, 36, 84, 186, 82, 114, 1, 116, 212, 84, 24, 14, 64, 134,
       192, 68, 152, 45, 24, 4, 240, 29, 143, 73, 16, 240, 35, 156, 88,
       86, 32, 176, 190, 245, 125, 214, 55, 61, 95, 121, 247, 69, 189,
       250, 253, 123, 180, 85, 246, 214, 70, 119, 87, 114, 177, 118, 252,
       190, 225, 89, 114, 28, 252, 41, 210, 44, 22, 190, 194, 120, 193,
       245, 82, 219, 56, 15, 208, 20, 245, 78, 153, 172, 16, 5, 120, 29,
       159, 73, 16, 242, 51, 189, 88, 86, 34, 249, 55, 54, 113, 162, 157,
       160, 15, 88, 230, 66, 147, 112, 173, 11, 128, 85, 226, 212, 7,
       112, 193, 34, 129, 116, 76, 152, 232, 9, 210, 8, 97, 41, 84, 36,
       84, 154, 66, 112, 1, 212, 80, 64, 24, 143, 192, 0, 244, 77, 153,
       172, 16, 5, 96, 28, 156, 73, 16, 242, 51, 188, 88, 87, 32, 248,
       126, 53, 121, 150, 54, 7, 29, 79, 230, 68, 149, 48, 125, 234, 180,
       86, 242, 212, 6, 100, 19, 162, 177, 54, 220, 138, 228, 9, 210, 28,
       124, 41, 192, 36, 20, 190, 66, 112, 129, 212, 18, 218, 28, 14,
       208, 28, 192, 78, 153, 172, 16, 5, 112, 28, 148, 73, 16, 242, 49,
       188, 88, 22, 34, 249, 76, 33, 209, 176, 16, 33, 32, 119, 128, 170,
       192, 53, 65, 134, 147, 66, 234, 212, 3, 96, 201, 160, 196, 51, 76,
       136, 164, 9, 82, 12, 48, 104, 113, 36, 85, 186, 82, 120, 1, 84,
       112, 64, 24, 14, 68, 20, 193, 110, 153, 44, 24, 5, 240, 28, 156,
       73, 16, 242, 51, 188, 88, 86, 32, 250, 4, 33, 1, 144, 16, 2, 0,
       70, 130, 2, 3, 20, 17, 194, 145, 66, 66, 84, 0, 36, 2, 40, 128, 3,
       12, 128, 134, 13, 18, 8, 16, 8, 82, 6, 20, 154, 0, 98, 3, 84, 128,
       98, 28, 64, 0, 12, 65, 78, 17, 36, 16, 4, 32, 24, 5, 10, 0, 34,
       32, 24, 72, 4, 35, 241, 191, 245, 125, 222, 63, 189, 223, 120,
       255, 125, 253, 251, 253, 122, 244, 93, 243, 246, 102, 99, 245,
       114, 241, 118, 253, 255, 245, 59, 127, 219, 245, 235, 215, 44, 86,
       190, 210, 121, 249, 253, 114, 223, 57, 47, 212, 20, 245, 111, 153,
       172, 24, 5, 248, 29, 156, 73, 16, 242, 51, 189, 88, 87, 34, 251,
       2, 2, 0, 10, 1, 0, 0, 5, 34, 2, 40, 4, 16, 39, 41, 33, 4, 2, 128,
       144, 192, 32, 1, 64, 0, 0, 0, 64, 0, 160, 129, 64, 148, 16, 67,
       32, 57, 0, 8, 32, 32, 16, 8, 1, 20, 84, 164, 72, 17, 72, 8, 4,
       180, 1, 88, 8, 22, 67, 22, 180, 0, 82, 96, 72, 2, 1, 8, 138, 3, 0,
       28, 3, 2, 2, 41, 0, 16, 0, 36, 51, 4, 18, 0, 144, 0, 48, 0, 66, 0,
       0, 128, 72, 0, 32, 133, 64, 144, 16, 17, 0, 3, 72, 2, 192, 34,
       138, 4, 9, 180, 20, 164, 78, 17, 138, 16, 7, 38, 9, 80, 9, 19, 67,
       50, 52, 0, 82, 66, 73, 6, 0, 1, 128, 192, 6, 3, 64, 4, 70, 3, 4,
       1, 39, 144, 32, 2, 84, 5, 100, 0, 128, 136, 32, 12, 128, 8, 9,
       146, 8, 17, 9, 112, 36, 84, 154, 0, 114, 5, 150, 128, 64, 8, 10,
       0, 14, 64, 128, 1, 36, 80, 4, 1, 24, 133, 10, 144, 96, 32, 60, 72,
       4, 32, 176, 61, 183, 125, 22, 63, 253, 155, 120, 254, 255, 223,
       247, 253, 127, 144, 116, 251, 214, 67, 99, 245, 34, 195, 246, 205,
       254, 245, 123, 82, 14, 243, 107, 223, 36, 85, 190, 82, 120, 233,
       116, 112, 92, 56, 47, 213, 52, 245, 111, 153, 172, 24, 5, 240, 29,
       156, 73, 16, 242, 51, 189, 88, 87, 32, 250, 1, 5, 8, 144, 0, 6, 2,
       71, 0, 70, 3, 4, 16, 4, 49, 7, 12, 88, 1, 68, 64, 33, 208, 3, 28,
       128, 128, 12, 80, 0, 48, 65, 68, 36, 81, 170, 18, 104, 0, 64, 48,
       64, 20, 10, 84, 20, 193, 78, 25, 44, 24, 5, 240, 29, 156, 65, 16,
       226, 51, 188, 72, 86, 32, 250, 0, 6, 4, 130, 12, 134, 2, 49, 36,
       92, 2, 65, 9, 57, 16, 5, 68, 112, 65, 160, 208, 34, 144, 96, 24,
       56, 140, 4, 16, 144, 17, 65, 69, 32, 82, 176, 81, 72, 0, 64, 84,
       20, 16, 143, 192, 0, 228, 77, 24, 44, 24, 8, 240, 24, 156, 9, 18,
       114, 51, 180, 66, 87, 32, 248, 2, 0, 4, 130, 6, 7, 3, 49, 54, 68,
       22, 5, 29, 56, 48, 5, 116, 114, 64, 176, 208, 114, 208, 96, 24,
