%YAML:1.0
descriptors: !!opencv-matrix
   rows: 13
   cols: 64
   dt: u
   data: [ 124, 51, 245, 178, 255, 183, 39, 123, 244, 127, 208, 119, 255,
       255, 178, 84, 250, 213, 99, 98, 241, 39, 195, 119, 78, 250, 180,
       175, 210, 140, 115, 235, 215, 36, 87, 186, 82, 120, 233, 116, 120,
       92, 56, 47, 213, 21, 245, 111, 153, 172, 24, 5, 240, 29, 156, 73,
       16, 242, 51, 189, 88, 87, 32, 250, 126, 53, 245, 182, 95, 167,
       167, 127, 246, 68, 212, 51, 253, 122, 179, 85, 250, 213, 35, 102,
       225, 39, 195, 119, 206, 217, 252, 173, 82, 12, 115, 233, 215, 36,
       85, 190, 82, 120, 233, 116, 120, 92, 56, 47, 213, 21, 245, 111,
       153, 172, 24, 5, 240, 29, 156, 73, 16, 242, 51, 189, 88, 87, 32,
       250, 254, 49, 255, 179, 223, 231, 183, 255, 214, 253, 220, 55,
       255, 206, 179, 87, 251, 213, 99, 103, 249, 167, 195, 119, 78, 254,
       188, 47, 82, 30, 115, 235, 215, 36, 85, 186, 82, 120, 233, 116,
       112, 92, 56, 47, 213, 20, 245, 111, 153, 172, 24, 5, 240, 29, 156,
       73, 16, 242, 51, 189, 88, 87, 32, 250, 126, 49, 253, 182, 94, 231,
       63, 126, 244, 236, 212, 55, 253, 238, 179, 87, 251, 213, 99, 103,
       225, 39, 195, 119, 76, 218, 180, 47, 82, 140, 115, 235, 215, 36,
       87, 186, 82, 120, 233, 116, 120, 92, 56, 47, 213, 20, 245, 111,
       153, 172, 24, 5, 240, 29, 156, 73, 16, 242, 51, 189, 88, 87, 32,
       250, 125, 51, 245, 180, 255, 183, 39, 122, 230, 116, 211, 51, 255,
       250, 178, 85, 250, 245, 99, 102, 233, 39, 195, 119, 78, 250, 252,
       47, 210, 12, 115, 233, 215, 36, 85, 190, 82, 120, 233, 124, 112,
       92, 56, 47, 213, 20, 245, 111, 153, 172, 24, 5, 240, 29, 156, 73,
       16, 242, 51, 189, 88, 87, 32, 250, 125, 51, 253, 176, 126, 183,
       39, 122, 246, 126, 210, 51, 253, 255, 179, 87, 250, 245, 35, 102,
       233, 39, 195, 119, 78, 250, 188, 47, 82, 12, 115, 235, 215, 36,
       85, 186, 82, 120, 233, 124, 112, 92, 56, 47, 213, 20, 245, 111,
       153, 172, 24, 5, 240, 29, 156, 73, 16, 242, 51, 189, 88, 87, 32,
       250, 124, 50, 245, 180, 126, 183, 175, 127, 230, 124, 210, 119,
       253, 127, 178, 84, 251, 213, 99, 102, 225, 39, 194, 119, 78, 218,
       188, 47, 82, 12, 115, 235, 215, 36, 85, 186, 82, 120, 233, 116,
       112, 92, 56, 47, 213, 20, 245, 111, 153, 172, 24, 5, 240, 29, 156,
       73, 16, 242, 51, 189, 88, 87, 32, 250, 127, 50, 245, 178, 95, 183,
       15, 126, 230, 126, 210, 50, 237, 203, 179, 87, 250, 213, 99, 96,
       225, 39, 195, 119, 76, 232, 252, 45, 82, 28, 113, 233, 215, 36,
       85, 190, 82, 120, 233, 116, 112, 92, 56, 47, 213, 20, 245, 111,
       153, 172, 24, 5, 240, 29, 156, 73, 16, 242, 51, 189, 88, 87, 32,
       250, 150, 59, 197, 54, 61, 122, 158, 8, 250, 185, 251, 115, 238,
       119, 10, 51, 237, 207, 35, 243, 197, 39, 195, 118, 205, 223, 245,
       239, 82, 14, 163, 106, 215, 44, 85, 190, 91, 56, 233, 116, 120,
       92, 56, 175, 213, 81, 247, 111, 153, 172, 24, 1, 240, 29, 156, 73,
       16, 242, 51, 189, 88, 87, 32, 250, 223, 184, 207, 183, 62, 115,
       159, 176, 126, 189, 127, 247, 223, 127, 123, 115, 249, 247, 37,
       243, 229, 165, 199, 114, 205, 255, 177, 127, 122, 78, 247, 251,
       247, 44, 85, 186, 90, 120, 233, 116, 112, 92, 56, 47, 213, 20,
       245, 111, 153, 172, 24, 5, 240, 29, 156, 73, 16, 242, 51, 189, 88,
       87, 32, 250, 188, 178, 253, 183, 127, 247, 191, 252, 244, 255,
       252, 115, 255, 127, 178, 116, 251, 221, 99, 99, 245, 39, 195, 246,
       204, 255, 245, 191, 90, 94, 247, 235, 223, 44, 85, 190, 83, 120,
       233, 116, 120, 92, 56, 47, 213, 53, 247, 111, 153, 172, 24, 5,
       240, 29, 156, 73, 16, 242, 51, 189, 88, 87, 32, 250, 30, 49, 80,
       150, 19, 1, 8, 110, 70, 0, 209, 52, 49, 14, 145, 82, 226, 212, 1,
       64, 65, 34, 193, 55, 76, 136, 160, 9, 82, 12, 48, 105, 212, 36,
       85, 186, 82, 120, 129, 116, 112, 88, 16, 15, 212, 20, 229, 78,
       153, 172, 24, 5, 240, 28, 156, 73, 16, 242, 51, 188, 88, 86, 32,
       250, 63, 55, 245, 182, 55, 53, 45, 126, 230, 254, 210, 49, 125,
       62, 179, 87, 254, 246, 3, 99, 241, 34, 193, 118, 204, 184, 244,
       73, 82, 28, 241, 233, 215, 36, 85, 190, 82, 120, 225, 124, 120,
       92, 56, 47, 212, 21, 229, 111, 153, 172, 24, 5, 240, 29, 156, 73,
       16, 242, 51, 189, 88, 87, 32, 250 ]
