%YAML:1.0
descriptors: !!opencv-matrix
   rows: 28
   cols: 64
   dt: u
   data: [ 60, 49, 253, 180, 55, 39, 61, 126, 244, 92, 213, 53, 125, 110,
       178, 86, 250, 220, 67, 99, 229, 38, 192, 119, 76, 138, 164, 137,
       82, 140, 113, 233, 215, 36, 87, 190, 82, 120, 201, 116, 120, 92,
       48, 47, 212, 21, 245, 111, 153, 172, 24, 5, 240, 29, 156, 73, 16,
       242, 51, 189, 88, 87, 32, 250, 62, 48, 125, 178, 23, 181, 45, 95,
       246, 110, 208, 48, 125, 42, 177, 87, 250, 212, 3, 96, 225, 34,
       193, 119, 204, 136, 228, 13, 82, 12, 113, 233, 215, 36, 85, 190,
       82, 120, 129, 116, 120, 92, 56, 15, 212, 20, 229, 79, 153, 172,
       24, 5, 240, 29, 156, 73, 16, 242, 51, 189, 88, 87, 32, 250, 62,
       48, 125, 178, 31, 165, 53, 127, 214, 126, 212, 53, 125, 78, 177,
       87, 242, 212, 67, 96, 241, 34, 193, 119, 76, 168, 228, 13, 82, 28,
       113, 235, 215, 36, 85, 190, 82, 120, 201, 116, 112, 92, 24, 46,
       212, 20, 229, 111, 153, 172, 24, 5, 240, 29, 156, 73, 16, 242, 51,
       189, 88, 87, 32, 250, 62, 50, 117, 166, 63, 181, 173, 121, 246,
       126, 210, 53, 253, 63, 177, 85, 242, 212, 67, 96, 225, 34, 195,
       118, 204, 136, 228, 11, 82, 28, 113, 235, 215, 36, 85, 190, 82,
       120, 233, 116, 112, 92, 56, 47, 212, 20, 245, 111, 153, 172, 24,
       5, 240, 29, 156, 73, 16, 242, 51, 189, 88, 87, 32, 250, 63, 50,
       125, 162, 63, 181, 47, 120, 246, 126, 210, 49, 237, 59, 145, 87,
       242, 244, 3, 112, 225, 34, 195, 118, 204, 168, 228, 11, 82, 28,
       113, 235, 215, 44, 85, 190, 82, 120, 233, 116, 120, 92, 56, 47,
       212, 17, 245, 111, 153, 172, 24, 5, 240, 29, 156, 73, 16, 242, 51,
       189, 88, 87, 32, 250, 60, 179, 125, 190, 62, 189, 189, 122, 246,
       222, 213, 245, 125, 127, 188, 84, 246, 222, 67, 99, 245, 34, 193,
       247, 205, 186, 228, 219, 82, 28, 245, 235, 223, 36, 85, 190, 83,
       120, 233, 116, 120, 92, 57, 47, 212, 53, 247, 111, 153, 172, 24,
       5, 240, 29, 156, 73, 16, 242, 51, 189, 88, 87, 32, 250, 19, 17,
       17, 86, 137, 128, 76, 72, 2, 0, 1, 65, 128, 67, 132, 16, 102, 134,
       4, 2, 198, 40, 128, 66, 140, 146, 227, 75, 18, 40, 1, 109, 150,
       54, 16, 154, 0, 72, 90, 196, 65, 104, 136, 67, 160, 20, 245, 79,
       129, 164, 16, 68, 32, 0, 156, 75, 17, 114, 50, 11, 16, 117, 161,
       248, 28, 163, 93, 182, 35, 153, 60, 106, 118, 146, 215, 240, 125,
       119, 148, 82, 246, 154, 65, 115, 197, 96, 193, 243, 205, 138, 224,
       219, 66, 140, 177, 232, 223, 36, 69, 186, 83, 120, 233, 124, 112,
       92, 57, 47, 212, 21, 247, 111, 153, 172, 24, 5, 240, 29, 156, 73,
       16, 242, 51, 189, 88, 87, 32, 250, 12, 34, 1, 160, 24, 160, 32,
       77, 0, 106, 66, 20, 1, 6, 145, 2, 10, 76, 1, 64, 192, 32, 200, 26,
       12, 136, 128, 131, 82, 0, 49, 206, 85, 132, 85, 186, 17, 248, 33,
       86, 32, 64, 16, 10, 68, 5, 64, 75, 25, 44, 24, 4, 240, 28, 156, 8,
       0, 226, 51, 188, 72, 70, 32, 246, 62, 184, 125, 255, 191, 253,
       251, 61, 223, 253, 255, 253, 253, 126, 255, 244, 251, 214, 67,
       251, 245, 115, 215, 126, 253, 255, 245, 187, 127, 255, 255, 239,
       207, 44, 71, 190, 223, 123, 233, 125, 120, 93, 119, 47, 213, 55,
       247, 111, 187, 174, 155, 15, 242, 29, 156, 89, 48, 242, 63, 189,
       251, 223, 40, 254, 191, 255, 253, 246, 63, 253, 221, 122, 255,
       253, 255, 251, 255, 127, 252, 253, 255, 246, 102, 123, 247, 110,
       241, 119, 237, 255, 247, 123, 126, 123, 247, 239, 215, 110, 87,
       190, 254, 120, 251, 253, 121, 93, 251, 111, 212, 50, 245, 111,
       185, 174, 24, 71, 240, 29, 157, 73, 48, 242, 115, 191, 250, 119,
       165, 250, 59, 212, 108, 236, 191, 189, 223, 88, 183, 127, 245,
       250, 189, 120, 52, 85, 240, 245, 23, 115, 244, 114, 144, 126, 108,
       254, 165, 63, 126, 91, 117, 235, 215, 44, 148, 186, 82, 121, 233,
       245, 82, 223, 124, 47, 209, 20, 245, 111, 153, 172, 24, 5, 248,
       29, 156, 73, 16, 242, 51, 189, 88, 95, 34, 251, 109, 37, 109, 152,
       16, 191, 39, 126, 229, 102, 237, 176, 121, 59, 180, 71, 195, 117,
       99, 101, 179, 35, 208, 55, 92, 235, 133, 13, 83, 12, 49, 73, 215,
       36, 85, 186, 66, 120, 225, 124, 114, 90, 56, 175, 212, 16, 245,
       111, 153, 172, 24, 5, 240, 29, 156, 73, 16, 242, 51, 189, 88, 86,
       32, 251, 63, 50, 125, 162, 63, 181, 189, 120, 246, 190, 209, 112,
       253, 63, 176, 84, 250, 214, 67, 115, 241, 114, 195, 247, 204, 190,
       228, 251, 82, 28, 241, 235, 223, 44, 85, 190, 90, 120, 233, 116,
       120, 92, 56, 47, 212, 53, 247, 111, 153, 172, 24, 5, 240, 29, 156,
       73, 16, 242, 51, 189, 88, 87, 32, 250, 31, 51, 197, 182, 55, 113,
       153, 30, 114, 158, 210, 53, 124, 62, 169, 83, 232, 222, 1, 243,
       229, 32, 193, 115, 205, 138, 224, 201, 90, 76, 241, 107, 215, 44,
       85, 186, 91, 120, 233, 116, 112, 92, 56, 47, 212, 21, 247, 111,
       153, 172, 24, 5, 240, 29, 156, 73, 16, 242, 51, 189, 88, 87, 32,
       250, 46, 32, 105, 162, 18, 33, 33, 78, 196, 102, 192, 52, 113,
       142, 177, 82, 226, 212, 1, 96, 65, 128, 193, 55, 76, 136, 160, 9,
       82, 8, 48, 105, 208, 36, 85, 186, 82, 120, 1, 116, 112, 64, 24,
       14, 84, 20, 192, 76, 153, 172, 24, 5, 240, 29, 156, 73, 16, 242,
       51, 188, 88, 86, 32, 250, 179, 220, 152, 139, 175, 220, 149, 1,
       47, 71, 61, 202, 191, 62, 126, 157, 253, 247, 36, 177, 132, 87,
       243, 100, 241, 215, 121, 122, 55, 187, 215, 35, 133, 236, 211, 22,
       202, 73, 234, 106, 112, 221, 104, 173, 149, 92, 244, 45, 145, 152,
       152, 13, 180, 5, 218, 251, 48, 242, 48, 61, 80, 217, 44, 218, 54,
       53, 113, 150, 30, 133, 25, 65, 198, 70, 145, 48, 117, 66, 176, 85,
       242, 212, 3, 98, 195, 34, 129, 119, 204, 154, 164, 9, 82, 12, 49,
       104, 198, 36, 84, 190, 82, 120, 193, 84, 112, 88, 16, 15, 208, 20,
       225, 79, 153, 172, 24, 5, 240, 29, 156, 73, 16, 242, 51, 189, 88,
       87, 32, 248, 7, 51, 81, 160, 148, 160, 7, 64, 102, 4, 131, 48,
       205, 11, 153, 81, 226, 212, 1, 96, 193, 32, 128, 112, 76, 136,
       160, 9, 82, 12, 49, 41, 212, 36, 85, 186, 82, 112, 129, 84, 48,
       92, 24, 15, 212, 20, 228, 78, 153, 172, 24, 5, 240, 29, 156, 73,
       16, 242, 51, 188, 88, 86, 32, 248, 62, 241, 253, 254, 55, 189,
       253, 120, 247, 222, 253, 251, 253, 123, 180, 94, 255, 215, 99,
       115, 245, 118, 195, 119, 205, 255, 247, 255, 122, 126, 245, 235,
       223, 44, 85, 190, 210, 120, 249, 117, 120, 93, 57, 47, 245, 53,
       247, 111, 153, 174, 24, 7, 240, 29, 156, 73, 24, 242, 51, 189,
       120, 87, 32, 250, 63, 190, 125, 231, 63, 253, 191, 121, 255, 255,
       223, 247, 253, 127, 249, 84, 255, 255, 99, 123, 245, 102, 211,
       247, 221, 254, 245, 255, 126, 30, 247, 235, 223, 44, 85, 190, 219,
       120, 233, 125, 120, 92, 57, 175, 213, 53, 247, 111, 153, 172, 24,
       5, 240, 29, 156, 73, 16, 242, 51, 189, 120, 87, 32, 250, 255, 246,
       255, 167, 255, 181, 191, 248, 252, 127, 208, 123, 239, 127, 178,
       93, 242, 245, 63, 97, 249, 71, 171, 124, 78, 254, 249, 63, 254,
       95, 115, 255, 215, 101, 92, 187, 82, 113, 169, 245, 84, 92, 90,
       31, 209, 21, 252, 93, 153, 172, 24, 5, 240, 29, 156, 73, 16, 246,
       51, 157, 220, 87, 32, 248, 126, 50, 117, 165, 255, 181, 143, 120,
       230, 127, 208, 119, 237, 111, 178, 85, 242, 213, 3, 96, 233, 39,
       194, 124, 204, 200, 248, 111, 82, 28, 113, 235, 215, 36, 84, 190,
       82, 120, 161, 116, 80, 76, 24, 14, 209, 20, 193, 79, 153, 172, 24,
       5, 240, 29, 156, 73, 16, 242, 51, 157, 88, 87, 32, 250, 127, 52,
       125, 180, 255, 167, 31, 72, 230, 102, 151, 50, 253, 110, 179, 87,
       250, 245, 3, 96, 233, 39, 195, 116, 204, 248, 252, 47, 82, 28,
       113, 107, 215, 36, 85, 190, 82, 120, 233, 124, 112, 92, 56, 47,
       213, 20, 245, 111, 153, 172, 24, 5, 240, 29, 156, 73, 16, 242, 51,
       189, 88, 87, 32, 250, 63, 183, 253, 254, 55, 127, 153, 63, 247,
       254, 213, 245, 125, 126, 188, 127, 255, 246, 99, 243, 245, 39,
