%YAML:1.0
descriptors: !!opencv-matrix
   rows: 22
   cols: 64
   dt: u
   data: [ 69, 43, 231, 240, 216, 166, 39, 122, 96, 101, 194, 115, 195,
       197, 146, 65, 226, 197, 43, 102, 206, 45, 202, 243, 14, 218, 50,
       175, 82, 12, 48, 79, 87, 39, 84, 187, 80, 124, 101, 86, 84, 112,
       24, 15, 73, 8, 229, 199, 152, 44, 24, 4, 241, 28, 156, 73, 0, 250,
       51, 191, 72, 87, 33, 250, 86, 33, 9, 146, 22, 18, 26, 7, 66, 130,
       17, 16, 81, 130, 16, 82, 0, 68, 0, 69, 10, 176, 192, 2, 12, 128,
       160, 9, 2, 168, 16, 40, 112, 36, 148, 186, 74, 120, 3, 212, 0, 64,
       17, 8, 146, 28, 129, 78, 19, 172, 16, 7, 32, 25, 52, 89, 0, 114,
       49, 152, 72, 22, 96, 243, 4, 35, 5, 128, 16, 226, 162, 117, 64,
       16, 82, 21, 64, 21, 153, 32, 74, 72, 129, 100, 65, 32, 69, 146,
       76, 8, 8, 132, 64, 4, 32, 8, 116, 36, 85, 186, 92, 114, 1, 4, 48,
       80, 24, 6, 68, 132, 194, 78, 24, 44, 73, 1, 240, 28, 28, 73, 4,
       98, 3, 144, 72, 6, 32, 240, 5, 35, 69, 132, 20, 0, 129, 126, 64,
       132, 151, 21, 65, 17, 131, 163, 2, 68, 64, 37, 0, 0, 100, 128, 12,
       168, 128, 128, 32, 12, 0, 9, 124, 36, 116, 154, 72, 114, 1, 148,
       145, 16, 24, 6, 128, 2, 192, 76, 0, 36, 77, 3, 16, 26, 21, 8, 4,
       34, 2, 152, 72, 6, 38, 249, 4, 35, 115, 160, 16, 64, 161, 238,
       128, 196, 194, 52, 81, 167, 153, 194, 235, 212, 3, 96, 65, 0, 196,
       51, 77, 152, 176, 9, 82, 14, 48, 25, 112, 36, 85, 186, 80, 122,
       137, 84, 80, 84, 24, 46, 68, 4, 64, 108, 153, 44, 24, 5, 240, 29,
       156, 73, 16, 242, 51, 188, 88, 87, 32, 250, 129, 71, 6, 7, 21, 0,
       129, 250, 2, 129, 45, 67, 162, 25, 128, 33, 34, 68, 4, 5, 0, 12,
       160, 96, 0, 160, 9, 0, 180, 8, 0, 25, 56, 37, 48, 154, 16, 8, 3,
       132, 215, 2, 8, 6, 136, 2, 72, 204, 0, 53, 113, 21, 24, 10, 141,
       10, 32, 48, 48, 12, 64, 4, 36, 25, 69, 4, 0, 0, 217, 162, 34, 88,
       0, 8, 128, 113, 32, 10, 128, 1, 98, 101, 133, 68, 193, 1, 137, 64,
       6, 24, 8, 5, 146, 12, 33, 65, 72, 37, 20, 186, 16, 48, 5, 212, 81,
       64, 26, 138, 65, 1, 130, 197, 8, 36, 24, 4, 97, 24, 140, 1, 16,
       48, 35, 148, 8, 23, 32, 104, 1, 22, 5, 2, 156, 128, 7, 24, 226,
       14, 0, 0, 8, 9, 0, 1, 66, 100, 3, 32, 192, 34, 16, 196, 64, 176,
       44, 0, 16, 8, 97, 1, 88, 44, 150, 190, 72, 32, 1, 76, 68, 66, 26,
       143, 64, 112, 128, 76, 48, 36, 24, 0, 96, 24, 12, 1, 24, 50, 19,
       148, 72, 214, 32, 121, 1, 6, 4, 2, 157, 32, 129, 120, 160, 20, 2,
       69, 0, 25, 129, 5, 98, 100, 3, 32, 80, 2, 136, 116, 64, 40, 12, 0,
       144, 8, 1, 73, 124, 36, 84, 186, 80, 48, 9, 148, 209, 84, 26, 134,
       64, 96, 128, 68, 24, 36, 24, 4, 240, 28, 140, 65, 48, 112, 35,
       156, 72, 7, 36, 248, 2, 33, 17, 18, 0, 8, 0, 78, 194, 0, 131, 36,
       112, 2, 128, 18, 118, 2, 2, 16, 131, 32, 65, 199, 132, 128, 224,
       73, 2, 168, 129, 64, 135, 12, 67, 190, 8, 8, 195, 76, 160, 88, 16,
       1, 176, 80, 161, 110, 145, 174, 8, 3, 176, 25, 88, 65, 0, 114, 19,
       177, 56, 83, 96, 74, 129, 0, 129, 0, 136, 0, 0, 12, 160, 0, 0, 6,
       128, 5, 6, 1, 12, 40, 128, 16, 64, 135, 66, 192, 0, 0, 148, 32,
       128, 0, 3, 0, 157, 24, 195, 32, 8, 8, 8, 0, 100, 0, 0, 129, 20,
       112, 181, 105, 48, 136, 136, 0, 144, 24, 88, 16, 45, 0, 22, 49, 0,
       211, 68, 74, 50, 48, 105, 2, 20, 128, 1, 120, 194, 0, 151, 116,
       97, 23, 128, 80, 82, 36, 67, 80, 193, 112, 65, 198, 132, 160, 68,
       137, 34, 140, 65, 72, 140, 12, 130, 142, 8, 8, 9, 88, 76, 145, 20,
       129, 208, 113, 164, 79, 50, 46, 137, 10, 242, 25, 88, 17, 44, 50,
       22, 184, 40, 147, 108, 74, 62, 241, 125, 142, 55, 141, 29, 127,
       215, 68, 253, 177, 125, 62, 180, 244, 243, 214, 70, 112, 177, 114,
       161, 39, 188, 169, 228, 25, 123, 248, 221, 233, 176, 108, 38, 158,
       206, 112, 129, 253, 27, 219, 21, 15, 144, 54, 228, 78, 163, 181,
       215, 12, 42, 24, 151, 93, 184, 178, 58, 216, 123, 78, 46, 249, 4,
       2, 1, 0, 0, 192, 160, 101, 128, 138, 66, 21, 80, 4, 153, 160, 10,
       8, 131, 64, 64, 0, 198, 128, 12, 136, 4, 0, 0, 136, 49, 8, 116,
       32, 109, 154, 20, 34, 9, 4, 129, 64, 16, 10, 70, 132, 0, 72, 25,
       44, 124, 0, 2, 24, 20, 8, 128, 66, 10, 160, 64, 7, 32, 240, 5, 6,
       4, 32, 221, 168, 39, 88, 160, 27, 130, 99, 192, 9, 192, 1, 2, 108,
       135, 64, 224, 2, 24, 248, 68, 60, 9, 130, 148, 6, 33, 68, 88, 32,
       220, 56, 0, 176, 45, 4, 77, 68, 26, 143, 64, 97, 190, 81, 40, 53,
       24, 32, 193, 156, 142, 1, 18, 0, 135, 132, 0, 87, 32, 48, 61, 247,
       125, 253, 62, 253, 253, 249, 253, 254, 255, 245, 125, 127, 249,
       244, 251, 244, 71, 107, 245, 122, 181, 62, 253, 191, 231, 155,
       127, 223, 125, 255, 240, 108, 93, 190, 214, 114, 249, 253, 127,
       95, 251, 190, 214, 167, 212, 110, 139, 173, 94, 13, 250, 29, 159,
       93, 152, 242, 123, 220, 219, 222, 42, 180, 7, 33, 1, 130, 16, 0,
       0, 78, 64, 2, 1, 48, 64, 2, 129, 67, 66, 68, 1, 64, 64, 32, 192,
       2, 12, 128, 160, 9, 18, 8, 48, 73, 84, 36, 20, 186, 0, 120, 1, 84,
       128, 64, 24, 10, 64, 20, 192, 78, 24, 44, 24, 4, 112, 24, 156, 73,
       16, 34, 51, 152, 72, 22, 32, 241, 18, 49, 9, 150, 38, 0, 28, 7,
       66, 130, 17, 144, 16, 130, 16, 18, 116, 194, 0, 209, 3, 160, 193,
       3, 140, 130, 162, 73, 2, 40, 148, 40, 114, 52, 52, 154, 74, 104,
       2, 213, 0, 74, 53, 104, 146, 20, 129, 78, 19, 172, 16, 7, 32, 24,
       52, 73, 128, 51, 17, 88, 88, 84, 96, 227, 58, 220, 190, 223, 47,
       221, 221, 49, 63, 255, 62, 201, 159, 124, 124, 30, 253, 243, 224,
       187, 252, 127, 219, 127, 249, 119, 247, 118, 126, 243, 255, 239,
       199, 248, 211, 36, 255, 201, 250, 107, 112, 221, 239, 237, 183,
       52, 245, 107, 187, 202, 152, 79, 244, 13, 252, 93, 55, 243, 247,
       255, 243, 251, 200, 254, 61, 183, 125, 244, 63, 189, 253, 121,
       246, 254, 247, 241, 253, 122, 188, 85, 242, 220, 67, 99, 245, 34,
       193, 246, 205, 190, 229, 219, 90, 93, 245, 235, 223, 44, 85, 190,
       82, 120, 233, 116, 120, 92, 56, 47, 212, 53, 247, 111, 153, 172,
       24, 5, 240, 29, 156, 73, 16, 242, 51, 189, 88, 87, 32, 250, 7, 34,
       65, 130, 216, 128, 3, 72, 192, 68, 2, 54, 193, 11, 145, 65, 226,
       212, 1, 96, 73, 128, 136, 48, 76, 136, 40, 9, 146, 8, 49, 9, 112,
       36, 84, 154, 66, 112, 1, 212, 128, 64, 24, 14, 64, 4, 192, 4, 153,
       36, 16, 4, 112, 28, 132, 73, 16, 240, 33, 188, 88, 70, 32, 248,
       63, 178, 125, 246, 63, 189, 189, 120, 247, 254, 215, 241, 253,
       127, 185, 87, 246, 254, 67, 115, 245, 118, 193, 119, 205, 186,
       228, 223, 122, 93, 245, 235, 215, 44, 87, 190, 211, 120, 233, 125,
       120, 92, 59, 47, 212, 21, 247, 111, 153, 172, 24, 5, 240, 29, 156,
       73, 16, 242, 51, 189, 88, 87, 32, 250 ]
