%YAML:1.0
descriptors: !!opencv-matrix
   rows: 5
   cols: 64
   dt: u
   data: [ 126, 189, 253, 190, 55, 255, 219, 121, 254, 252, 245, 251,
       253, 122, 191, 95, 250, 215, 99, 243, 245, 39, 211, 119, 221, 251,
       245, 255, 82, 94, 247, 235, 215, 44, 87, 190, 218, 120, 233, 116,
       120, 92, 56, 47, 213, 21, 247, 111, 153, 172, 24, 5, 240, 29, 156,
       73, 16, 242, 51, 189, 88, 87, 32, 251, 23, 54, 213, 50, 61, 178,
       143, 30, 242, 190, 210, 55, 236, 127, 139, 17, 237, 239, 35, 242,
       229, 37, 195, 119, 204, 222, 240, 239, 82, 12, 227, 107, 215, 44,
       85, 190, 91, 56, 233, 116, 120, 92, 56, 175, 213, 17, 247, 111,
       153, 172, 24, 1, 240, 29, 156, 73, 16, 242, 51, 189, 88, 87, 32,
       250, 60, 48, 253, 182, 63, 247, 191, 124, 244, 190, 220, 115, 253,
       111, 179, 85, 251, 221, 99, 115, 245, 39, 195, 246, 204, 255, 245,
       191, 90, 94, 247, 235, 223, 44, 85, 190, 91, 120, 233, 116, 120,
       92, 56, 47, 213, 53, 247, 111, 153, 172, 24, 5, 240, 29, 156, 73,
       16, 242, 51, 189, 88, 87, 32, 250, 191, 255, 255, 255, 62, 255,
       255, 248, 255, 255, 253, 251, 255, 123, 255, 255, 251, 215, 99,
       99, 245, 39, 195, 118, 205, 255, 245, 255, 91, 94, 247, 251, 215,
       36, 85, 190, 82, 120, 233, 116, 122, 92, 56, 47, 213, 22, 245,
       111, 153, 172, 24, 5, 240, 29, 156, 73, 16, 242, 51, 189, 88, 87,
       32, 250, 63, 244, 125, 174, 55, 125, 189, 121, 253, 222, 255, 247,
       125, 62, 253, 247, 251, 254, 199, 249, 117, 114, 209, 246, 253,
       189, 245, 217, 127, 254, 255, 249, 204, 124, 239, 254, 255, 122,
       169, 125, 255, 221, 127, 47, 246, 247, 246, 108, 187, 191, 187,
       15, 250, 29, 255, 93, 62, 243, 63, 252, 123, 223, 108, 250 ]
