%YAML:1.0
descriptors: !!opencv-matrix
   rows: 18
   cols: 64
   dt: u
   data: [ 60, 177, 125, 182, 62, 181, 253, 120, 119, 220, 213, 241, 125,
       123, 180, 84, 246, 222, 65, 99, 245, 112, 193, 242, 205, 186, 225,
       219, 122, 220, 245, 235, 223, 36, 85, 186, 83, 120, 233, 124, 112,
       93, 57, 47, 212, 21, 247, 111, 153, 172, 24, 5, 240, 29, 156, 73,
       16, 242, 51, 189, 88, 87, 32, 250, 6, 33, 195, 146, 17, 2, 1, 74,
       198, 64, 0, 50, 35, 203, 128, 81, 226, 212, 37, 102, 67, 172, 128,
       99, 78, 138, 34, 9, 146, 8, 48, 41, 82, 38, 20, 154, 66, 116, 71,
       212, 0, 66, 24, 74, 72, 20, 65, 198, 137, 36, 16, 4, 96, 24, 132,
       73, 16, 112, 33, 189, 88, 70, 32, 249, 187, 252, 125, 239, 255,
       189, 223, 185, 255, 93, 253, 251, 191, 123, 116, 93, 247, 247,
       126, 187, 247, 126, 147, 124, 253, 247, 247, 127, 255, 123, 223,
       255, 159, 236, 158, 214, 254, 121, 250, 255, 127, 223, 239, 253,
       245, 115, 253, 63, 175, 191, 153, 79, 252, 165, 223, 125, 120,
       247, 246, 159, 243, 223, 190, 159, 253, 254, 255, 253, 255, 255,
       255, 250, 253, 255, 254, 251, 239, 255, 255, 255, 251, 253, 255,
       127, 125, 223, 191, 189, 239, 255, 255, 191, 255, 95, 254, 191,
       251, 109, 255, 255, 222, 247, 253, 247, 255, 222, 251, 62, 223,
       175, 223, 181, 236, 189, 94, 181, 233, 191, 159, 109, 212, 252,
       253, 223, 255, 207, 62, 183, 196, 10, 131, 145, 200, 134, 7, 198,
       32, 231, 3, 2, 195, 193, 146, 11, 138, 69, 57, 103, 138, 141, 74,
       11, 78, 202, 158, 47, 144, 8, 50, 79, 83, 39, 84, 187, 0, 252,
       103, 86, 32, 96, 40, 47, 201, 12, 201, 179, 25, 172, 24, 21, 81,
       88, 156, 10, 16, 104, 49, 189, 72, 84, 48, 250, 50, 192, 17, 171,
       137, 128, 140, 12, 70, 107, 56, 201, 49, 6, 5, 16, 111, 214, 4, 0,
       200, 0, 175, 44, 76, 133, 169, 43, 147, 41, 49, 127, 245, 164, 28,
       186, 114, 96, 33, 246, 98, 74, 8, 8, 214, 20, 212, 93, 153, 172,
       24, 5, 228, 24, 156, 73, 144, 242, 51, 188, 92, 86, 34, 177, 253,
       255, 255, 253, 254, 127, 255, 255, 253, 253, 252, 187, 255, 255,
       255, 254, 251, 253, 255, 111, 125, 223, 254, 191, 255, 239, 255,
       191, 255, 223, 126, 255, 251, 111, 119, 255, 214, 127, 253, 253,
       254, 223, 251, 63, 223, 191, 255, 247, 191, 173, 223, 157, 249,
       191, 159, 93, 252, 252, 123, 223, 223, 222, 59, 255, 0, 7, 33,
       144, 1, 4, 33, 79, 164, 64, 2, 4, 1, 101, 25, 5, 202, 84, 1, 96,
       64, 34, 136, 50, 76, 136, 4, 0, 144, 0, 48, 72, 80, 38, 85, 186,
       80, 98, 1, 68, 32, 84, 24, 14, 68, 4, 65, 198, 25, 44, 24, 4, 240,
       29, 140, 9, 16, 224, 35, 188, 72, 86, 32, 248, 204, 42, 231, 249,
       248, 253, 163, 244, 249, 255, 202, 63, 211, 181, 219, 234, 139,
       221, 251, 110, 125, 197, 206, 184, 79, 253, 31, 167, 205, 199, 58,
       159, 113, 7, 125, 251, 84, 247, 253, 52, 252, 116, 120, 62, 79,
       143, 107, 177, 157, 45, 124, 181, 209, 255, 141, 108, 196, 236,
       41, 173, 76, 70, 49, 182, 246, 48, 81, 163, 223, 128, 139, 204,
       198, 111, 49, 50, 161, 10, 179, 85, 226, 213, 1, 96, 201, 131,
       175, 60, 14, 136, 168, 43, 210, 9, 49, 127, 113, 164, 20, 187, 82,
       112, 33, 214, 208, 72, 8, 10, 208, 20, 192, 29, 153, 172, 24, 5,
       112, 28, 156, 73, 144, 242, 49, 188, 92, 86, 32, 177, 54, 53, 113,
       150, 62, 132, 25, 73, 198, 64, 149, 48, 109, 66, 144, 85, 242,
       212, 3, 98, 195, 32, 129, 118, 204, 154, 164, 9, 82, 12, 49, 104,
       214, 36, 84, 186, 82, 120, 193, 84, 112, 88, 24, 15, 208, 20, 225,
       79, 153, 172, 24, 5, 240, 29, 156, 73, 16, 242, 51, 189, 88, 87,
       32, 249, 7, 55, 113, 32, 148, 164, 7, 65, 226, 4, 131, 52, 69, 7,
       145, 81, 226, 196, 3, 96, 65, 32, 128, 116, 76, 136, 164, 9, 210,
       12, 49, 40, 80, 36, 85, 186, 66, 112, 129, 84, 48, 80, 24, 15,
       196, 20, 228, 76, 153, 172, 24, 5, 240, 29, 156, 73, 16, 242, 51,
       188, 88, 86, 32, 248, 21, 255, 119, 201, 208, 223, 163, 240, 171,
       213, 134, 95, 205, 53, 217, 224, 235, 205, 251, 46, 84, 97, 142,
       240, 237, 253, 61, 108, 172, 14, 91, 59, 214, 67, 85, 154, 80,
       122, 237, 116, 245, 21, 56, 183, 85, 138, 124, 36, 153, 189, 45,
       45, 240, 125, 141, 79, 112, 220, 34, 173, 88, 71, 36, 250, 68, 74,
       41, 152, 8, 222, 5, 67, 165, 230, 171, 128, 81, 164, 124, 175,
       137, 124, 35, 105, 134, 116, 88, 43, 93, 213, 149, 38, 1, 143, 51,
       75, 211, 150, 215, 42, 64, 232, 233, 42, 48, 60, 96, 45, 23, 84,
       116, 107, 19, 168, 48, 4, 193, 29, 142, 24, 16, 226, 51, 189, 72,
       215, 104, 250, 126, 50, 245, 167, 255, 165, 171, 89, 246, 127,
       208, 51, 237, 11, 179, 85, 242, 213, 3, 96, 201, 39, 195, 116, 76,
       216, 188, 47, 82, 12, 113, 235, 215, 36, 85, 190, 82, 120, 169,
       116, 112, 92, 24, 15, 213, 20, 209, 77, 153, 172, 24, 5, 240, 29,
       156, 73, 16, 242, 51, 189, 88, 87, 32, 250, 63, 157, 252, 190, 55,
       127, 221, 63, 183, 254, 221, 245, 61, 127, 63, 223, 253, 254, 99,
       243, 245, 119, 211, 119, 221, 255, 244, 95, 123, 221, 245, 235,
       223, 44, 87, 190, 219, 120, 233, 125, 120, 92, 56, 175, 213, 53,
       247, 111, 153, 172, 24, 13, 240, 29, 156, 73, 16, 242, 51, 189,
       90, 87, 40, 250, 60, 49, 255, 246, 54, 39, 249, 126, 214, 220,
       215, 241, 127, 122, 178, 86, 254, 215, 99, 99, 231, 47, 195, 119,
       141, 170, 230, 223, 82, 204, 245, 235, 215, 36, 84, 190, 82, 120,
       233, 117, 88, 92, 57, 47, 209, 21, 209, 111, 153, 172, 24, 5, 240,
       29, 156, 73, 16, 242, 51, 189, 88, 23, 32, 250, 61, 191, 245, 254,
       62, 127, 189, 123, 244, 92, 255, 119, 125, 127, 191, 100, 243,
       213, 99, 98, 245, 47, 193, 119, 78, 238, 164, 157, 82, 30, 115,
       233, 215, 36, 85, 186, 82, 120, 233, 116, 120, 92, 56, 47, 213,
       53, 247, 111, 153, 172, 24, 5, 240, 29, 156, 73, 16, 242, 51, 189,
       88, 87, 32, 250 ]
