%YAML:1.0
descriptors: !!opencv-matrix
   rows: 25
   cols: 64
   dt: u
   data: [ 126, 53, 253, 178, 95, 167, 47, 95, 230, 110, 208, 50, 253,
       234, 179, 87, 250, 213, 35, 102, 233, 167, 195, 119, 204, 216,
       252, 45, 82, 28, 115, 233, 215, 36, 85, 190, 82, 120, 233, 116,
       120, 92, 56, 47, 213, 20, 245, 111, 153, 172, 24, 5, 240, 29, 156,
       73, 16, 242, 51, 189, 88, 87, 32, 250, 126, 49, 255, 179, 95, 231,
       151, 127, 214, 238, 212, 55, 253, 206, 179, 87, 251, 213, 99, 102,
       249, 39, 195, 119, 76, 254, 188, 47, 82, 28, 115, 235, 215, 36,
       85, 186, 82, 120, 233, 116, 112, 92, 56, 47, 213, 20, 245, 111,
       153, 172, 24, 5, 240, 29, 156, 73, 16, 242, 51, 189, 88, 87, 32,
       250, 252, 49, 255, 183, 255, 231, 191, 254, 244, 237, 213, 119,
       255, 239, 179, 84, 251, 213, 99, 103, 233, 167, 195, 119, 78, 254,
       188, 47, 210, 142, 115, 235, 215, 36, 85, 186, 82, 120, 233, 116,
       120, 92, 56, 47, 213, 20, 245, 111, 153, 172, 24, 5, 240, 29, 156,
       73, 16, 242, 51, 189, 88, 87, 32, 250, 127, 51, 245, 182, 255,
       183, 39, 122, 230, 116, 211, 51, 253, 254, 178, 85, 250, 245, 99,
       102, 225, 39, 195, 119, 206, 250, 252, 45, 82, 12, 113, 233, 215,
       36, 85, 190, 82, 120, 233, 124, 112, 92, 56, 47, 213, 20, 245,
       111, 153, 172, 24, 5, 240, 29, 156, 73, 16, 242, 51, 189, 88, 87,
       32, 250, 253, 53, 255, 183, 95, 167, 191, 254, 244, 237, 220, 243,
       255, 238, 179, 94, 251, 213, 35, 103, 233, 167, 195, 119, 78, 255,
       188, 47, 82, 12, 115, 235, 215, 36, 85, 186, 82, 120, 233, 116,
       120, 92, 56, 47, 213, 20, 245, 111, 153, 172, 24, 5, 240, 29, 156,
       73, 16, 242, 51, 189, 88, 87, 32, 250, 126, 51, 247, 179, 127,
       183, 47, 122, 230, 255, 208, 55, 255, 239, 178, 87, 250, 213, 35,
       103, 233, 39, 195, 119, 204, 222, 244, 47, 82, 28, 115, 235, 215,
       36, 85, 190, 82, 120, 233, 116, 112, 92, 56, 47, 213, 20, 245,
       111, 153, 172, 24, 5, 240, 29, 156, 73, 16, 242, 51, 189, 88, 87,
       32, 250, 126, 49, 255, 182, 127, 231, 63, 94, 244, 238, 213, 55,
       253, 206, 179, 87, 251, 213, 35, 103, 233, 167, 195, 119, 76, 218,
       188, 175, 82, 12, 51, 235, 215, 36, 87, 186, 82, 120, 233, 116,
       120, 92, 56, 47, 213, 21, 245, 111, 153, 172, 24, 5, 240, 29, 156,
       73, 16, 242, 51, 189, 88, 87, 32, 250, 125, 50, 245, 178, 94, 183,
       39, 122, 246, 126, 210, 51, 253, 127, 179, 87, 250, 245, 35, 102,
       225, 39, 195, 119, 76, 250, 188, 47, 82, 12, 113, 235, 215, 36,
       85, 190, 82, 120, 233, 116, 112, 92, 56, 47, 213, 20, 245, 111,
       153, 172, 24, 5, 240, 29, 156, 73, 16, 242, 51, 189, 88, 87, 32,
       250, 255, 251, 239, 247, 127, 119, 159, 186, 126, 253, 255, 251,
       255, 126, 123, 255, 253, 215, 101, 243, 229, 181, 231, 114, 205,
       255, 241, 127, 90, 94, 247, 251, 247, 44, 85, 186, 90, 120, 233,
       244, 112, 93, 56, 47, 213, 22, 245, 111, 153, 172, 24, 5, 240, 29,
       156, 73, 16, 242, 51, 189, 88, 87, 32, 250, 60, 48, 245, 166, 63,
       167, 191, 125, 244, 252, 221, 115, 253, 111, 178, 84, 251, 221,
       99, 99, 241, 39, 195, 246, 204, 254, 244, 191, 90, 28, 115, 235,
       223, 36, 85, 190, 83, 120, 233, 116, 120, 92, 56, 47, 213, 53,
       247, 111, 153, 172, 24, 5, 240, 29, 156, 73, 16, 242, 51, 189, 88,
       87, 32, 250, 189, 190, 253, 182, 62, 255, 191, 120, 254, 255, 255,
       255, 253, 127, 254, 116, 251, 213, 99, 99, 245, 39, 195, 118, 205,
       255, 245, 191, 90, 30, 243, 235, 215, 36, 85, 190, 82, 120, 233,
       116, 120, 92, 56, 47, 213, 21, 247, 111, 153, 172, 24, 5, 240, 29,
       156, 73, 16, 242, 51, 189, 88, 87, 32, 250, 76, 35, 229, 176, 16,
       183, 43, 127, 196, 230, 195, 52, 81, 130, 153, 66, 234, 221, 67,
       100, 209, 33, 192, 147, 76, 136, 164, 141, 80, 140, 49, 201, 87,
       36, 85, 186, 82, 120, 193, 84, 240, 84, 16, 14, 213, 20, 225, 110,
       153, 172, 24, 5, 240, 29, 156, 73, 16, 242, 51, 189, 88, 86, 32,
       250, 63, 48, 125, 182, 127, 183, 191, 120, 244, 254, 221, 113,
       253, 127, 176, 85, 242, 221, 67, 99, 245, 99, 195, 118, 204, 254,
       229, 191, 90, 30, 117, 235, 215, 36, 85, 190, 83, 120, 233, 116,
       120, 92, 56, 47, 213, 21, 247, 111, 153, 172, 24, 5, 240, 29, 156,
       73, 16, 242, 51, 189, 88, 87, 32, 250, 61, 182, 125, 166, 63, 191,
       191, 120, 246, 124, 223, 115, 237, 127, 144, 84, 242, 223, 67, 99,
       245, 35, 195, 246, 204, 254, 229, 255, 82, 14, 241, 235, 223, 36,
       85, 190, 83, 120, 233, 116, 120, 92, 56, 47, 213, 53, 247, 111,
       153, 172, 24, 5, 240, 29, 156, 73, 16, 242, 51, 189, 88, 87, 32,
       250, 124, 190, 255, 252, 126, 127, 255, 127, 245, 252, 222, 245,
       95, 253, 255, 238, 187, 253, 251, 111, 245, 127, 252, 255, 255,
       111, 190, 150, 125, 215, 127, 239, 207, 123, 247, 61, 255, 254,
       253, 125, 252, 125, 251, 175, 255, 163, 247, 235, 191, 236, 191,
       219, 243, 125, 159, 92, 127, 254, 255, 255, 251, 255, 141, 254,
       120, 63, 255, 220, 98, 127, 251, 247, 247, 220, 95, 149, 95, 253,
       251, 238, 255, 253, 251, 111, 246, 125, 212, 183, 219, 235, 166,
       220, 105, 208, 126, 235, 247, 59, 99, 189, 222, 122, 218, 125,
       252, 61, 187, 102, 253, 174, 229, 110, 191, 172, 141, 223, 242,
       125, 157, 93, 117, 254, 115, 255, 123, 247, 205, 250, 1, 5, 0, 16,
       1, 2, 6, 2, 32, 0, 0, 0, 0, 73, 4, 5, 4, 41, 1, 132, 192, 39, 80,
       99, 64, 2, 128, 4, 16, 0, 0, 65, 150, 50, 16, 160, 1, 8, 2, 72,
       68, 34, 24, 131, 80, 80, 197, 78, 16, 32, 24, 0, 112, 24, 152, 1,
       27, 34, 51, 149, 0, 83, 0, 73, 65, 7, 128, 16, 65, 2, 6, 6, 32, 0,
       0, 0, 0, 65, 4, 1, 4, 41, 1, 196, 66, 39, 80, 67, 64, 2, 128, 68,
       16, 0, 0, 64, 158, 18, 18, 160, 1, 8, 2, 64, 68, 32, 24, 131, 65,
       80, 167, 78, 16, 32, 24, 0, 97, 88, 24, 1, 27, 2, 19, 149, 0, 115,
       1, 74, 248, 62, 255, 213, 254, 255, 127, 255, 253, 255, 210, 159,
       255, 253, 187, 206, 255, 245, 123, 111, 252, 255, 218, 191, 223,
       106, 190, 190, 120, 213, 127, 239, 207, 47, 87, 63, 214, 255, 245,
       126, 252, 93, 234, 190, 221, 174, 237, 251, 157, 172, 24, 141,
       243, 61, 157, 75, 80, 254, 115, 191, 218, 87, 40, 254, 66, 0, 0,
       50, 73, 130, 10, 0, 0, 34, 19, 4, 128, 0, 0, 18, 68, 11, 1, 208,
       200, 33, 202, 73, 64, 128, 168, 78, 18, 32, 33, 70, 23, 180, 81,
       32, 3, 72, 32, 66, 32, 0, 0, 9, 209, 20, 167, 75, 25, 200, 24, 5,
       100, 25, 156, 193, 17, 50, 179, 176, 0, 82, 32, 98, 197, 10, 131,
       209, 200, 130, 194, 200, 10, 41, 2, 71, 130, 198, 131, 0, 66, 69,
       153, 6, 206, 173, 138, 75, 14, 210, 26, 39, 146, 9, 19, 95, 119,
       135, 93, 27, 16, 246, 111, 22, 129, 96, 8, 66, 73, 12, 73, 147,
       69, 36, 16, 52, 21, 114, 140, 171, 80, 104, 32, 45, 76, 5, 49,
       180, 253, 255, 255, 253, 62, 255, 253, 255, 253, 255, 222, 253,
       255, 255, 255, 239, 187, 253, 251, 123, 247, 127, 119, 255, 253,
       127, 247, 247, 125, 255, 255, 255, 255, 123, 239, 255, 254, 191,
       249, 125, 255, 125, 251, 254, 255, 227, 247, 111, 190, 255, 175,
       219, 242, 189, 159, 93, 126, 255, 223, 255, 251, 255, 239, 254,
       51, 50, 81, 166, 95, 130, 15, 10, 230, 66, 145, 112, 173, 75, 132,
       85, 242, 215, 1, 112, 193, 38, 129, 103, 76, 154, 224, 15, 18, 8,
       97, 105, 215, 36, 20, 190, 82, 120, 33, 116, 96, 74, 24, 11, 209,
       20, 245, 79, 153, 172, 24, 5, 240, 24, 156, 73, 16, 242, 51, 157,
       88, 87, 32, 250, 126, 49, 253, 158, 54, 7, 27, 111, 246, 100, 21,
       176, 61, 122, 180, 86, 254, 215, 32, 102, 197, 39, 193, 119, 204,
       202, 228, 77, 82, 24, 245, 105, 215, 36, 85, 190, 82, 120, 233,
       116, 112, 92, 56, 47, 213, 20, 245, 111, 153, 172, 24, 5, 240, 29,
       156, 73, 16, 242, 51, 189, 88, 87, 32, 250, 63, 50, 245, 178, 63,
       180, 47, 88, 246, 254, 210, 51, 237, 47, 177, 87, 242, 245, 3, 98,
       225, 39, 195, 119, 204, 184, 228, 13, 82, 12, 113, 235, 215, 36,
