%YAML:1.0
descriptors: !!opencv-matrix
   rows: 18
   cols: 64
   dt: u
   data: [ 62, 49, 253, 182, 54, 39, 125, 126, 244, 254, 213, 53, 125,
       110, 179, 86, 250, 220, 67, 99, 229, 36, 193, 119, 204, 138, 164,
       137, 82, 140, 117, 233, 215, 36, 85, 186, 83, 120, 233, 116, 120,
       92, 56, 47, 212, 21, 247, 111, 153, 172, 24, 5, 240, 29, 156, 73,
       16, 242, 51, 189, 88, 87, 32, 250, 63, 54, 117, 166, 63, 181, 47,
       124, 230, 126, 210, 53, 253, 126, 177, 85, 250, 244, 3, 96, 225,
       34, 195, 118, 204, 184, 228, 15, 82, 12, 113, 235, 215, 36, 85,
       190, 82, 120, 161, 124, 120, 92, 24, 15, 212, 20, 229, 79, 153,
       172, 24, 5, 240, 29, 156, 73, 16, 242, 51, 189, 88, 87, 32, 250,
       61, 50, 117, 166, 63, 181, 191, 120, 246, 124, 214, 113, 253, 127,
       177, 84, 250, 246, 67, 96, 225, 34, 195, 118, 204, 184, 224, 75,
       90, 12, 241, 235, 215, 36, 85, 190, 82, 120, 233, 124, 120, 92,
       56, 47, 212, 21, 245, 111, 153, 172, 24, 5, 240, 29, 156, 73, 16,
       242, 51, 189, 88, 87, 32, 250, 28, 177, 93, 182, 55, 161, 188,
       122, 246, 186, 213, 241, 125, 103, 176, 82, 246, 222, 67, 115,
       229, 38, 193, 247, 204, 58, 224, 219, 90, 204, 245, 234, 223, 36,
       85, 190, 83, 120, 233, 116, 120, 92, 56, 47, 212, 53, 247, 111,
       153, 172, 24, 5, 240, 29, 156, 73, 16, 242, 51, 189, 88, 87, 32,
       250, 60, 178, 125, 174, 63, 189, 189, 120, 246, 254, 215, 240,
       253, 63, 188, 87, 242, 212, 67, 115, 245, 98, 193, 247, 205, 190,
       229, 187, 122, 28, 245, 235, 223, 44, 85, 190, 82, 120, 233, 116,
       120, 92, 56, 47, 212, 53, 247, 111, 153, 172, 24, 5, 240, 29, 156,
       73, 16, 242, 51, 189, 88, 87, 32, 250, 60, 32, 225, 178, 23, 37,
       41, 126, 196, 110, 208, 52, 113, 142, 145, 70, 226, 212, 3, 96,
       193, 128, 193, 55, 76, 136, 160, 9, 82, 8, 48, 105, 208, 36, 85,
       186, 82, 120, 129, 116, 112, 92, 24, 15, 212, 20, 228, 76, 153,
       172, 24, 5, 240, 29, 156, 73, 16, 242, 51, 188, 88, 86, 32, 248,
       76, 139, 239, 137, 64, 215, 167, 119, 45, 214, 142, 140, 211, 181,
       185, 170, 201, 89, 235, 111, 148, 85, 206, 243, 93, 117, 28, 36,
       32, 134, 18, 75, 215, 2, 83, 170, 16, 248, 237, 40, 116, 53, 56,
       39, 85, 188, 117, 227, 153, 172, 56, 21, 243, 93, 156, 72, 16,
       202, 35, 173, 88, 87, 33, 250, 54, 53, 113, 148, 26, 132, 9, 73,
       198, 68, 129, 48, 113, 66, 176, 84, 226, 212, 3, 96, 193, 34, 129,
       70, 76, 138, 164, 9, 82, 12, 49, 104, 198, 36, 84, 186, 82, 120,
       129, 84, 80, 88, 16, 15, 208, 20, 129, 79, 153, 172, 24, 5, 240,
       28, 156, 65, 16, 242, 51, 189, 88, 87, 32, 248, 4, 171, 197, 216,
       80, 223, 135, 109, 175, 212, 14, 188, 17, 118, 191, 200, 203, 85,
       33, 38, 199, 33, 198, 99, 77, 215, 20, 37, 17, 138, 19, 9, 215,
       38, 85, 186, 80, 120, 239, 116, 112, 61, 56, 39, 85, 20, 117, 110,
       153, 172, 24, 4, 176, 29, 156, 73, 16, 226, 34, 189, 88, 87, 32,
       250, 190, 249, 253, 255, 54, 173, 221, 121, 223, 221, 253, 251,
       255, 126, 244, 126, 246, 215, 118, 251, 183, 126, 211, 215, 253,
       254, 247, 255, 111, 255, 255, 239, 207, 124, 38, 254, 222, 121,
       251, 253, 123, 223, 247, 111, 255, 53, 191, 111, 175, 183, 139,
       203, 250, 29, 30, 85, 124, 243, 127, 251, 251, 191, 239, 255, 63,
       241, 125, 254, 55, 189, 253, 120, 247, 222, 213, 251, 253, 122,
       180, 95, 246, 247, 99, 107, 245, 118, 195, 119, 205, 254, 247,
       255, 122, 126, 245, 235, 215, 44, 87, 190, 210, 120, 249, 117,
       120, 95, 57, 47, 213, 21, 247, 111, 153, 172, 24, 5, 240, 29, 156,
       73, 16, 242, 51, 189, 88, 87, 32, 250, 63, 190, 255, 238, 63, 253,
       249, 126, 255, 252, 222, 253, 125, 63, 255, 253, 255, 254, 107,
       123, 244, 119, 214, 119, 253, 255, 244, 255, 127, 219, 127, 239,
       223, 108, 87, 190, 215, 122, 249, 125, 248, 93, 123, 63, 213, 167,
       245, 111, 185, 172, 156, 13, 240, 29, 158, 77, 48, 242, 59, 189,
       219, 95, 32, 250, 63, 178, 125, 167, 63, 181, 191, 120, 252, 254,
       214, 115, 237, 63, 185, 85, 242, 253, 3, 115, 229, 39, 195, 126,
       205, 252, 245, 191, 94, 95, 243, 239, 215, 44, 85, 190, 83, 120,
       233, 117, 120, 92, 58, 47, 213, 21, 247, 111, 153, 172, 24, 5,
       240, 29, 156, 73, 16, 242, 51, 189, 88, 87, 32, 250, 63, 183, 253,
       246, 55, 255, 157, 63, 247, 254, 213, 240, 127, 127, 52, 95, 253,
       254, 99, 243, 245, 119, 209, 119, 221, 255, 245, 255, 82, 30, 247,
       235, 215, 44, 87, 190, 219, 120, 233, 125, 120, 92, 56, 47, 213,
       117, 247, 111, 153, 172, 24, 5, 240, 29, 156, 73, 16, 242, 51,
       189, 88, 87, 32, 250, 109, 54, 245, 160, 31, 183, 35, 124, 228,
       126, 194, 53, 237, 47, 187, 71, 234, 213, 3, 96, 225, 39, 195,
       119, 76, 136, 172, 13, 82, 12, 49, 233, 215, 36, 85, 186, 82, 120,
       129, 116, 120, 92, 24, 14, 213, 21, 229, 79, 153, 172, 24, 5, 240,
       29, 156, 73, 16, 242, 51, 189, 88, 87, 32, 250, 62, 48, 241, 162,
       23, 166, 43, 75, 198, 78, 208, 48, 253, 42, 176, 86, 242, 213, 3,
       96, 193, 39, 195, 119, 76, 136, 172, 13, 82, 12, 113, 105, 215,
       36, 84, 186, 82, 120, 129, 116, 112, 76, 24, 15, 209, 20, 193, 79,
       153, 172, 24, 5, 240, 29, 156, 73, 16, 242, 51, 189, 88, 87, 32,
       250, 62, 53, 125, 158, 54, 165, 31, 93, 230, 70, 145, 48, 253, 42,
       181, 87, 250, 212, 3, 96, 193, 35, 195, 119, 204, 152, 244, 13,
       82, 28, 113, 105, 215, 36, 85, 190, 82, 120, 193, 116, 112, 92,
       56, 47, 213, 20, 245, 111, 153, 172, 24, 5, 240, 29, 156, 73, 16,
       242, 51, 189, 88, 87, 32, 250, 62, 49, 253, 182, 55, 39, 125, 122,
       214, 196, 213, 242, 255, 106, 180, 86, 246, 223, 99, 99, 247, 47,
       193, 119, 204, 186, 246, 223, 82, 156, 245, 233, 215, 44, 84, 190,
       83, 120, 233, 124, 120, 92, 49, 47, 213, 53, 247, 111, 153, 172,
       24, 5, 240, 29, 156, 73, 16, 242, 51, 189, 88, 87, 32, 250 ]
