%YAML:1.0
descriptors: !!opencv-matrix
   rows: 28
   cols: 64
   dt: u
   data: [ 124, 51, 245, 178, 91, 167, 39, 127, 228, 124, 208, 51, 253,
       127, 178, 84, 250, 213, 99, 98, 241, 39, 195, 119, 78, 250, 180,
       143, 82, 140, 113, 235, 215, 36, 87, 186, 82, 120, 233, 116, 120,
       92, 56, 47, 213, 21, 245, 111, 153, 172, 24, 5, 240, 29, 156, 73,
       16, 242, 51, 189, 88, 87, 32, 250, 126, 49, 245, 182, 95, 167,
       167, 95, 230, 68, 196, 51, 253, 122, 179, 85, 250, 213, 35, 102,
       225, 39, 195, 119, 206, 219, 252, 173, 82, 12, 115, 233, 215, 36,
       85, 190, 82, 120, 233, 116, 120, 92, 56, 47, 213, 21, 245, 111,
       153, 172, 24, 5, 240, 29, 156, 73, 16, 242, 51, 189, 88, 87, 32,
       250, 254, 49, 255, 179, 223, 231, 159, 255, 214, 255, 220, 55,
       255, 206, 179, 87, 251, 213, 99, 103, 249, 167, 195, 119, 78, 254,
       188, 47, 82, 30, 115, 235, 215, 36, 85, 186, 82, 120, 233, 116,
       112, 92, 56, 47, 213, 20, 245, 111, 153, 172, 24, 5, 240, 29, 156,
       73, 16, 242, 51, 189, 88, 87, 32, 250, 124, 49, 245, 182, 127,
       167, 63, 126, 196, 100, 213, 55, 253, 110, 178, 86, 250, 213, 99,
       103, 225, 39, 195, 119, 76, 218, 180, 15, 82, 140, 115, 233, 215,
       36, 85, 186, 82, 120, 233, 116, 120, 92, 56, 47, 213, 20, 245,
       111, 153, 172, 24, 5, 240, 29, 156, 73, 16, 242, 51, 189, 88, 87,
       32, 250, 127, 51, 245, 182, 255, 183, 47, 122, 230, 124, 211, 51,
       255, 250, 178, 85, 250, 245, 99, 102, 233, 167, 195, 119, 206,
       250, 252, 47, 210, 12, 115, 235, 215, 36, 85, 190, 82, 120, 233,
       124, 112, 92, 56, 47, 213, 20, 245, 111, 153, 172, 24, 5, 240, 29,
       156, 73, 16, 242, 51, 189, 88, 87, 32, 250, 126, 51, 247, 178,
       127, 183, 47, 123, 230, 254, 216, 55, 255, 239, 179, 87, 242, 213,
       99, 103, 225, 39, 195, 119, 204, 222, 244, 47, 82, 28, 115, 235,
       215, 36, 85, 190, 82, 120, 233, 116, 112, 92, 56, 47, 213, 20,
       245, 111, 153, 172, 24, 5, 240, 29, 156, 73, 16, 242, 51, 189, 88,
       87, 32, 250, 125, 50, 245, 178, 95, 183, 39, 122, 246, 126, 210,
       51, 253, 111, 179, 87, 250, 245, 35, 98, 225, 39, 195, 119, 76,
       250, 188, 47, 82, 12, 113, 235, 215, 36, 85, 186, 82, 120, 233,
       124, 112, 92, 56, 47, 213, 20, 245, 111, 153, 172, 24, 5, 240, 29,
       156, 73, 16, 242, 51, 189, 88, 87, 32, 250, 223, 51, 199, 55, 62,
       115, 158, 144, 114, 185, 123, 119, 222, 118, 35, 115, 233, 223,
       33, 243, 197, 37, 195, 114, 205, 223, 181, 239, 82, 14, 179, 106,
       215, 44, 85, 186, 91, 120, 233, 116, 112, 92, 56, 47, 213, 20,
       247, 111, 153, 172, 24, 5, 240, 29, 156, 73, 16, 242, 51, 189, 88,
       87, 32, 250, 188, 176, 253, 183, 63, 247, 191, 252, 246, 255, 253,
       255, 255, 127, 178, 116, 251, 215, 99, 99, 245, 103, 195, 246,
       204, 255, 245, 191, 90, 95, 247, 235, 223, 36, 85, 190, 82, 120,
       233, 116, 120, 92, 56, 47, 213, 53, 247, 111, 153, 172, 24, 5,
       240, 29, 156, 73, 16, 242, 51, 189, 88, 87, 32, 250, 253, 254,
       255, 191, 255, 127, 191, 248, 124, 253, 254, 187, 239, 255, 251,
       239, 235, 221, 109, 99, 253, 229, 135, 112, 79, 255, 185, 191,
       251, 79, 115, 251, 243, 36, 85, 186, 83, 122, 233, 116, 240, 92,
       58, 63, 213, 23, 215, 109, 153, 172, 24, 5, 240, 29, 157, 73, 16,
       242, 51, 189, 88, 87, 32, 250, 69, 38, 225, 176, 88, 6, 33, 79,
       128, 102, 131, 52, 65, 129, 147, 66, 130, 68, 3, 96, 138, 133,
       200, 35, 78, 136, 140, 5, 18, 12, 49, 73, 113, 38, 84, 186, 0,
       112, 5, 86, 0, 96, 24, 10, 64, 28, 65, 201, 25, 44, 24, 4, 65, 24,
       148, 8, 0, 96, 33, 188, 72, 70, 32, 240, 127, 52, 253, 178, 127,
       183, 59, 124, 246, 126, 212, 55, 253, 126, 179, 87, 242, 245, 3,
       100, 225, 39, 195, 119, 204, 232, 252, 143, 82, 92, 113, 235, 215,
       36, 85, 190, 82, 120, 233, 124, 120, 92, 56, 47, 213, 21, 229,
       111, 153, 172, 24, 5, 240, 29, 156, 73, 16, 242, 51, 189, 88, 87,
       32, 250, 76, 34, 231, 177, 88, 102, 41, 238, 128, 230, 193, 20,
       67, 165, 147, 98, 138, 93, 3, 99, 138, 133, 206, 59, 78, 136, 138,
       15, 82, 13, 49, 79, 113, 39, 21, 187, 0, 252, 101, 86, 16, 96, 24,
       14, 75, 12, 65, 187, 25, 44, 24, 5, 81, 28, 148, 8, 144, 224, 33,
       157, 76, 86, 32, 242, 127, 58, 255, 183, 255, 183, 191, 248, 254,
       255, 214, 123, 255, 255, 187, 85, 242, 245, 123, 103, 253, 103,
       195, 127, 207, 234, 252, 63, 90, 93, 115, 235, 215, 37, 85, 191,
       82, 120, 237, 116, 120, 92, 58, 47, 213, 21, 245, 111, 157, 172,
       24, 5, 240, 29, 156, 73, 16, 246, 51, 189, 88, 87, 32, 250, 251,
       255, 125, 215, 254, 191, 223, 185, 255, 93, 255, 251, 255, 125,
       124, 93, 244, 247, 126, 247, 252, 127, 147, 244, 255, 126, 255,
       254, 254, 255, 247, 187, 223, 125, 215, 255, 222, 121, 248, 125,
       121, 221, 251, 63, 245, 124, 253, 63, 191, 159, 153, 15, 248, 253,
       158, 251, 116, 255, 115, 191, 250, 223, 60, 250, 68, 3, 225, 144,
       217, 134, 7, 79, 164, 100, 131, 20, 145, 237, 145, 70, 194, 85, 3,
       102, 206, 47, 202, 35, 78, 202, 140, 13, 18, 8, 49, 73, 87, 39,
       85, 187, 0, 120, 69, 86, 48, 112, 24, 14, 69, 28, 229, 79, 25, 44,
       24, 4, 113, 28, 156, 75, 16, 114, 51, 189, 72, 86, 32, 250, 69, 5,
       130, 16, 217, 130, 6, 79, 130, 32, 1, 16, 146, 198, 162, 74, 194,
       85, 49, 70, 142, 175, 202, 3, 78, 194, 142, 15, 18, 8, 16, 72,
       195, 39, 84, 187, 2, 112, 103, 86, 16, 96, 0, 11, 85, 28, 165,
       143, 17, 44, 16, 4, 49, 24, 148, 3, 16, 122, 49, 189, 72, 84, 32,
       248, 69, 36, 193, 144, 89, 6, 5, 78, 132, 100, 1, 48, 17, 202,
       178, 71, 138, 85, 1, 96, 138, 135, 202, 35, 78, 128, 148, 15, 18,
       8, 17, 75, 215, 36, 84, 186, 2, 120, 33, 86, 16, 96, 24, 11, 81,
       28, 229, 75, 25, 44, 24, 4, 113, 24, 156, 9, 16, 98, 51, 189, 72,
       86, 32, 250, 69, 32, 231, 145, 219, 135, 7, 94, 164, 229, 1, 186,
       147, 238, 178, 79, 235, 85, 33, 99, 143, 167, 202, 59, 78, 203,
       152, 47, 82, 9, 49, 79, 215, 37, 85, 187, 66, 120, 229, 86, 48,
       88, 40, 47, 213, 28, 229, 43, 153, 172, 24, 5, 113, 29, 156, 73,
       16, 242, 51, 189, 88, 86, 32, 250, 98, 2, 229, 144, 216, 134, 7,
       76, 164, 102, 128, 20, 217, 237, 177, 71, 194, 85, 3, 100, 200, 5,
       202, 33, 78, 192, 140, 15, 18, 12, 49, 75, 87, 37, 85, 187, 66,
       120, 37, 86, 48, 64, 24, 14, 85, 28, 197, 79, 25, 44, 24, 4, 113,
       24, 156, 75, 16, 242, 51, 188, 72, 86, 32, 248, 99, 0, 193, 146,
       217, 134, 7, 72, 134, 102, 1, 16, 145, 236, 176, 68, 226, 85, 17,
       102, 202, 39, 138, 107, 78, 194, 172, 15, 18, 8, 17, 79, 215, 39,
       84, 187, 66, 120, 103, 86, 16, 64, 8, 15, 213, 28, 229, 11, 153,
       44, 24, 4, 113, 24, 156, 75, 16, 114, 51, 189, 88, 86, 32, 248,
       114, 145, 209, 158, 223, 130, 31, 11, 230, 64, 21, 122, 191, 202,
       164, 93, 242, 215, 32, 100, 192, 37, 131, 103, 78, 210, 249, 47,
       146, 8, 16, 105, 215, 36, 85, 186, 82, 120, 233, 116, 112, 94, 24,
       11, 213, 28, 245, 79, 153, 172, 24, 5, 240, 29, 156, 75, 16, 242,
       51, 189, 88, 87, 32, 251, 39, 39, 65, 146, 217, 128, 3, 72, 230,
       64, 130, 114, 161, 75, 128, 85, 226, 85, 5, 100, 67, 34, 137, 102,
       78, 138, 32, 9, 146, 8, 49, 9, 82, 38, 84, 154, 64, 112, 5, 212,
       64, 64, 24, 10, 64, 4, 192, 71, 25, 36, 16, 4, 96, 24, 140, 73,
       16, 112, 51, 188, 72, 22, 32, 248, 114, 21, 209, 150, 223, 134,
       23, 11, 198, 68, 21, 114, 183, 202, 176, 85, 246, 215, 32, 100,
       192, 7, 195, 103, 78, 210, 248, 47, 18, 8, 80, 105, 215, 36, 85,
       190, 82, 120, 233, 116, 112, 88, 56, 15, 213, 28, 245, 79, 153,
       172, 24, 5, 240, 25, 156, 75, 16, 242, 51, 189, 88, 87, 32, 250,
       118, 53, 221, 146, 95, 135, 7, 11, 230, 102, 21, 50, 189, 234,
       178, 85, 242, 215, 32, 100, 193, 39, 195, 103, 206, 208, 252, 13,
       18, 24, 209, 105, 215, 36, 85, 190, 82, 120, 225, 116, 112, 92,
       56, 15, 213, 28, 245, 79, 153, 172, 24, 5, 240, 29, 156, 73, 16,
