%YAML:1.0
descriptors: !!opencv-matrix
   rows: 9
   cols: 64
   dt: u
   data: [ 45, 38, 231, 161, 221, 229, 163, 221, 172, 239, 194, 55, 201,
       111, 179, 69, 234, 117, 3, 98, 249, 47, 222, 121, 78, 216, 62, 39,
       82, 11, 51, 223, 119, 39, 93, 187, 82, 124, 109, 22, 81, 64, 24,
       14, 71, 4, 73, 179, 25, 44, 24, 5, 241, 28, 140, 73, 144, 224, 35,
       157, 76, 7, 32, 242, 71, 34, 65, 130, 217, 130, 3, 72, 194, 32, 0,
       50, 161, 75, 128, 80, 226, 213, 5, 96, 193, 32, 136, 96, 76, 152,
       168, 15, 146, 8, 49, 105, 82, 36, 84, 186, 66, 120, 1, 86, 128,
       64, 24, 11, 64, 20, 224, 79, 153, 36, 16, 4, 112, 28, 140, 73, 16,
       242, 51, 188, 88, 86, 32, 249, 62, 185, 255, 255, 55, 255, 253,
       255, 255, 255, 223, 253, 127, 126, 191, 255, 251, 215, 115, 123,
       245, 55, 247, 119, 253, 255, 245, 255, 91, 223, 247, 235, 215, 44,
       87, 190, 223, 120, 233, 117, 120, 93, 119, 47, 213, 53, 247, 111,
       153, 172, 152, 5, 240, 29, 156, 89, 16, 242, 51, 189, 123, 95, 32,
       250, 15, 177, 137, 62, 63, 35, 150, 30, 82, 184, 132, 229, 112,
       86, 37, 83, 224, 215, 1, 211, 197, 37, 65, 87, 196, 202, 224, 143,
       82, 12, 177, 98, 215, 44, 85, 186, 91, 120, 233, 116, 112, 92, 48,
       47, 213, 85, 183, 111, 153, 172, 24, 5, 240, 29, 156, 65, 16, 242,
       51, 189, 88, 87, 32, 250, 68, 33, 147, 144, 0, 6, 8, 103, 2, 162,
       3, 20, 80, 132, 147, 2, 8, 64, 0, 98, 138, 161, 68, 131, 12, 128,
       166, 76, 0, 140, 48, 72, 115, 20, 85, 170, 0, 110, 3, 70, 0, 64,
       16, 10, 38, 28, 1, 46, 25, 44, 48, 5, 48, 24, 20, 72, 128, 98, 17,
       185, 72, 6, 32, 226, 67, 6, 0, 35, 205, 130, 6, 0, 32, 33, 2, 3,
       160, 73, 0, 21, 100, 35, 1, 208, 200, 3, 27, 104, 66, 216, 40, 46,
       146, 0, 33, 70, 21, 173, 82, 49, 113, 128, 37, 66, 68, 64, 8, 137,
       65, 89, 166, 65, 24, 76, 24, 0, 245, 24, 140, 225, 16, 50, 179,
       180, 136, 87, 48, 104, 253, 254, 255, 253, 254, 253, 255, 252,
       253, 255, 250, 255, 239, 253, 255, 239, 251, 253, 255, 111, 253,
       223, 254, 189, 111, 255, 191, 183, 255, 87, 127, 191, 255, 109,
       255, 255, 214, 255, 253, 119, 126, 92, 251, 191, 223, 171, 255,
       177, 190, 189, 30, 189, 233, 191, 159, 93, 252, 252, 115, 223,
       255, 223, 46, 182, 186, 253, 255, 255, 191, 189, 223, 57, 223,
       255, 253, 251, 255, 126, 116, 92, 247, 215, 126, 187, 245, 127,
       211, 255, 249, 126, 247, 255, 127, 255, 255, 238, 207, 252, 174,
       244, 255, 121, 250, 253, 123, 223, 247, 111, 247, 53, 191, 127,
       191, 254, 137, 207, 254, 165, 220, 125, 126, 247, 255, 251, 251,
       251, 238, 222, 68, 32, 193, 144, 16, 2, 33, 78, 128, 98, 1, 52,
       65, 130, 147, 66, 226, 84, 1, 96, 139, 129, 192, 35, 12, 136, 160,
       9, 18, 8, 49, 73, 113, 36, 21, 186, 0, 112, 1, 86, 16, 64, 24, 10,
       64, 28, 193, 76, 25, 44, 16, 4, 96, 24, 148, 73, 144, 114, 33,
       156, 72, 70, 32, 240 ]
