%YAML:1.0
descriptors: !!opencv-matrix
   rows: 12
   cols: 64
   dt: u
   data: [ 124, 51, 245, 178, 123, 55, 39, 127, 228, 126, 208, 55, 253,
       255, 178, 86, 250, 213, 99, 102, 241, 39, 195, 119, 78, 250, 180,
       143, 82, 140, 115, 235, 215, 36, 85, 186, 82, 120, 233, 116, 120,
       92, 56, 47, 213, 21, 245, 111, 153, 172, 24, 5, 240, 29, 156, 73,
       16, 242, 51, 189, 88, 87, 32, 250, 126, 48, 253, 178, 94, 167, 39,
       95, 246, 110, 208, 51, 253, 234, 179, 87, 250, 213, 35, 100, 233,
       167, 195, 119, 204, 217, 252, 173, 82, 12, 115, 233, 215, 36, 85,
       190, 82, 120, 233, 116, 120, 92, 56, 47, 213, 20, 245, 111, 153,
       172, 24, 5, 240, 29, 156, 73, 16, 242, 51, 189, 88, 87, 32, 250,
       124, 49, 255, 180, 127, 231, 63, 126, 244, 228, 213, 55, 255, 238,
       178, 86, 251, 213, 99, 103, 225, 39, 195, 119, 78, 218, 180, 175,
       82, 140, 115, 235, 215, 36, 85, 186, 82, 120, 233, 116, 120, 92,
       56, 47, 213, 21, 245, 111, 153, 172, 24, 5, 240, 29, 156, 73, 16,
       242, 51, 189, 88, 87, 32, 250, 125, 50, 247, 182, 255, 183, 47,
       122, 230, 124, 211, 51, 253, 254, 179, 85, 250, 245, 99, 102, 233,
       167, 195, 119, 78, 250, 252, 47, 210, 12, 115, 235, 215, 36, 85,
       190, 82, 120, 233, 124, 112, 92, 56, 47, 213, 20, 245, 111, 153,
       172, 24, 5, 240, 29, 156, 73, 16, 242, 51, 189, 88, 87, 32, 250,
       253, 58, 255, 183, 255, 247, 191, 252, 254, 255, 254, 115, 255,
       255, 179, 87, 251, 213, 99, 103, 237, 167, 195, 119, 79, 255, 189,
       47, 218, 14, 115, 235, 215, 36, 85, 190, 82, 120, 233, 116, 112,
       92, 56, 47, 213, 20, 245, 111, 153, 172, 24, 5, 240, 29, 156, 73,
       16, 242, 51, 189, 88, 87, 32, 250, 159, 251, 223, 247, 63, 123,
       159, 248, 254, 189, 255, 251, 255, 127, 254, 251, 243, 215, 39,
       243, 229, 39, 227, 118, 205, 255, 241, 127, 90, 14, 243, 251, 215,
       44, 85, 190, 90, 122, 233, 244, 240, 92, 56, 47, 213, 23, 245,
       111, 153, 172, 24, 5, 240, 29, 157, 73, 16, 242, 51, 189, 88, 87,
       32, 250, 142, 240, 207, 63, 62, 115, 158, 152, 242, 186, 188, 251,
       252, 86, 175, 123, 233, 223, 35, 243, 197, 37, 67, 118, 197, 223,
       245, 239, 83, 78, 179, 114, 215, 44, 85, 190, 91, 120, 233, 116,
       122, 92, 56, 47, 213, 85, 247, 111, 153, 172, 24, 5, 240, 29, 156,
       73, 16, 242, 51, 189, 88, 87, 32, 250, 156, 252, 222, 175, 127,
       127, 190, 243, 62, 251, 126, 251, 158, 114, 254, 252, 255, 223,
       37, 99, 197, 37, 227, 114, 205, 223, 241, 111, 219, 79, 179, 123,
       215, 36, 85, 186, 83, 120, 233, 116, 114, 92, 56, 47, 213, 22,
       247, 111, 153, 172, 24, 5, 240, 29, 156, 73, 16, 242, 51, 189, 88,
       87, 32, 250, 60, 178, 253, 182, 127, 247, 191, 124, 246, 191, 248,
       115, 253, 127, 178, 84, 251, 213, 99, 115, 245, 39, 195, 246, 204,
       255, 245, 175, 90, 94, 243, 235, 223, 44, 85, 190, 82, 120, 233,
       116, 120, 92, 56, 47, 213, 53, 247, 111, 153, 172, 24, 5, 240, 29,
       156, 73, 16, 242, 51, 189, 88, 87, 32, 250, 253, 254, 254, 191,
       255, 127, 191, 240, 124, 255, 254, 251, 239, 251, 251, 239, 235,
       213, 109, 99, 253, 229, 135, 122, 79, 255, 185, 63, 219, 79, 115,
       251, 243, 36, 85, 186, 82, 122, 233, 116, 242, 92, 58, 47, 213,
       22, 213, 109, 153, 172, 24, 5, 240, 29, 157, 73, 16, 242, 51, 189,
       88, 87, 32, 250, 63, 50, 245, 182, 62, 181, 63, 120, 246, 254,
       211, 51, 253, 127, 179, 87, 250, 245, 3, 98, 225, 39, 195, 119,
       204, 184, 180, 47, 82, 12, 113, 235, 215, 36, 85, 190, 82, 120,
       233, 116, 112, 92, 56, 47, 213, 20, 245, 111, 153, 172, 24, 5,
       240, 29, 156, 73, 16, 242, 51, 189, 88, 87, 32, 250, 56, 49, 253,
       182, 55, 245, 185, 126, 244, 212, 213, 119, 253, 127, 179, 86,
       250, 212, 99, 99, 244, 39, 195, 119, 76, 170, 180, 153, 122, 136,
       119, 233, 215, 36, 85, 190, 82, 120, 233, 116, 120, 92, 56, 47,
       213, 21, 245, 111, 153, 172, 24, 5, 240, 29, 156, 73, 16, 242, 51,
       189, 88, 87, 32, 250 ]
