%YAML:1.0
descriptors: !!opencv-matrix
   rows: 20
   cols: 64
   dt: u
   data: [ 68, 35, 229, 144, 84, 34, 10, 118, 64, 66, 209, 22, 73, 193,
       147, 67, 234, 197, 1, 100, 65, 165, 192, 242, 14, 136, 184, 13,
       146, 12, 48, 73, 87, 36, 21, 186, 82, 120, 1, 84, 16, 64, 24, 14,
       193, 4, 193, 78, 24, 44, 24, 5, 240, 24, 156, 73, 0, 242, 51, 157,
       72, 87, 32, 250, 5, 1, 65, 22, 21, 0, 24, 126, 2, 130, 145, 48,
       32, 3, 128, 3, 34, 84, 0, 65, 2, 160, 224, 34, 12, 128, 160, 9,
       18, 8, 0, 8, 112, 36, 52, 186, 2, 120, 1, 213, 146, 194, 24, 10,
       130, 20, 192, 78, 17, 36, 16, 5, 96, 24, 149, 8, 16, 50, 51, 152,
       8, 22, 34, 249, 22, 33, 9, 146, 2, 16, 24, 7, 66, 130, 17, 16, 17,
       130, 16, 18, 64, 66, 0, 65, 10, 176, 192, 2, 140, 128, 160, 9, 2,
       168, 16, 40, 80, 4, 20, 138, 74, 104, 3, 80, 0, 74, 17, 8, 146,
       20, 128, 14, 19, 172, 16, 5, 32, 25, 52, 73, 0, 114, 48, 24, 88,
       84, 96, 243, 69, 5, 64, 0, 217, 128, 6, 88, 32, 1, 128, 33, 160,
       75, 132, 1, 98, 33, 1, 84, 73, 33, 139, 96, 6, 8, 8, 13, 144, 12,
       33, 1, 216, 39, 20, 186, 2, 48, 5, 244, 80, 66, 24, 15, 64, 17,
       200, 196, 25, 36, 24, 4, 112, 24, 140, 73, 16, 176, 35, 156, 24,
       86, 34, 105, 131, 85, 1, 22, 21, 2, 9, 90, 162, 4, 33, 194, 34,
       137, 4, 3, 102, 100, 4, 101, 2, 142, 224, 103, 12, 130, 165, 8,
       18, 8, 0, 9, 82, 36, 52, 154, 0, 40, 3, 197, 135, 194, 56, 11,
       138, 80, 64, 76, 0, 32, 112, 4, 96, 26, 164, 12, 24, 50, 48, 24,
       24, 84, 38, 187, 7, 32, 17, 2, 1, 130, 15, 8, 194, 2, 129, 32, 96,
       3, 128, 17, 110, 34, 2, 80, 130, 34, 64, 70, 132, 144, 224, 77, 2,
       40, 65, 64, 7, 12, 7, 158, 8, 40, 1, 78, 32, 64, 16, 137, 84, 80,
       165, 79, 16, 174, 24, 2, 32, 24, 92, 65, 8, 50, 19, 177, 56, 87,
       96, 66, 131, 6, 129, 2, 4, 8, 4, 18, 162, 1, 1, 66, 130, 1, 6, 1,
       8, 100, 34, 149, 0, 6, 82, 196, 0, 144, 157, 32, 128, 8, 2, 0,
       132, 44, 194, 136, 8, 8, 10, 0, 96, 0, 32, 161, 129, 112, 180,
       108, 48, 128, 8, 0, 0, 8, 24, 2, 16, 34, 16, 53, 32, 85, 68, 74,
       50, 33, 145, 22, 2, 67, 17, 46, 198, 128, 151, 52, 113, 162, 25,
       82, 126, 2, 66, 144, 0, 146, 197, 135, 156, 128, 228, 9, 2, 184,
       212, 104, 40, 44, 1, 190, 138, 8, 2, 72, 160, 65, 21, 8, 0, 52,
       129, 110, 147, 42, 137, 11, 50, 24, 112, 81, 40, 98, 27, 248, 41,
       132, 96, 67, 5, 6, 68, 0, 157, 32, 161, 88, 32, 20, 6, 69, 0, 25,
       129, 1, 66, 108, 129, 96, 64, 2, 136, 112, 32, 168, 8, 0, 188, 0,
       1, 9, 180, 96, 80, 152, 80, 18, 9, 132, 213, 16, 26, 6, 64, 128,
       64, 192, 8, 52, 89, 4, 80, 10, 137, 9, 48, 0, 34, 140, 64, 7, 36,
       217, 5, 34, 1, 32, 25, 128, 35, 72, 192, 0, 128, 49, 96, 3, 128,
       1, 66, 36, 131, 80, 192, 34, 8, 196, 4, 136, 8, 129, 2, 8, 1, 72,
       12, 4, 69, 186, 0, 40, 1, 12, 41, 64, 16, 131, 68, 97, 52, 77, 48,
       36, 8, 0, 48, 24, 76, 1, 4, 34, 7, 128, 8, 71, 32, 72, 53, 54,
       113, 166, 24, 164, 41, 72, 228, 108, 195, 53, 101, 47, 144, 85,
       226, 212, 3, 96, 193, 34, 192, 118, 76, 152, 164, 9, 82, 8, 49,
       105, 87, 36, 85, 186, 82, 120, 169, 84, 112, 92, 24, 47, 196, 20,
       245, 111, 153, 172, 24, 5, 240, 29, 156, 73, 16, 242, 51, 189, 88,
       87, 32, 250, 3, 17, 8, 2, 21, 0, 28, 26, 2, 2, 177, 48, 32, 2, 4,
       3, 2, 68, 4, 209, 0, 160, 161, 2, 0, 128, 224, 9, 18, 8, 0, 9,
       120, 36, 148, 186, 2, 104, 1, 209, 146, 194, 24, 8, 146, 20, 192,
       76, 18, 38, 16, 4, 40, 24, 197, 9, 144, 50, 49, 24, 12, 22, 34,
       33, 18, 49, 1, 22, 6, 2, 24, 39, 66, 130, 19, 20, 80, 130, 1, 82,
       116, 130, 0, 212, 3, 160, 69, 130, 140, 128, 224, 73, 2, 44, 180,
       104, 96, 44, 20, 190, 74, 106, 129, 84, 128, 64, 21, 8, 130, 4,
       128, 78, 147, 172, 16, 7, 32, 24, 52, 65, 128, 115, 17, 240, 72,
       22, 96, 162, 52, 49, 113, 150, 17, 132, 9, 78, 198, 198, 131, 52,
       97, 14, 145, 86, 234, 212, 3, 96, 193, 34, 193, 119, 76, 136, 164,
       9, 82, 8, 49, 105, 87, 36, 85, 186, 82, 120, 193, 84, 112, 92, 24,
       14, 212, 20, 225, 111, 153, 172, 24, 5, 240, 29, 156, 73, 16, 242,
       51, 189, 88, 87, 32, 250, 6, 34, 1, 128, 16, 128, 2, 64, 2, 66, 1,
       16, 64, 3, 128, 3, 98, 68, 1, 96, 192, 32, 192, 66, 12, 136, 160,
       9, 18, 8, 33, 73, 84, 36, 20, 186, 0, 120, 1, 84, 0, 64, 24, 10,
       64, 20, 192, 78, 24, 44, 24, 4, 96, 24, 156, 73, 0, 50, 51, 152,
       72, 86, 32, 242, 60, 49, 241, 244, 48, 35, 121, 126, 194, 192,
       195, 53, 117, 198, 129, 82, 250, 212, 3, 98, 103, 40, 197, 23,
       140, 138, 226, 201, 82, 12, 240, 233, 114, 38, 85, 190, 82, 120,
       209, 84, 80, 72, 153, 78, 224, 21, 193, 78, 153, 172, 24, 69, 240,
       28, 156, 73, 16, 242, 51, 191, 88, 70, 33, 250, 63, 245, 125, 254,
       55, 189, 93, 123, 247, 222, 245, 240, 255, 123, 180, 95, 246, 246,
       103, 123, 247, 126, 209, 119, 253, 190, 231, 251, 122, 124, 244,
       233, 214, 108, 150, 190, 218, 120, 249, 117, 120, 223, 191, 47,
       212, 53, 245, 111, 155, 174, 152, 15, 240, 29, 158, 93, 56, 242,
       115, 191, 123, 223, 44, 250, 45, 50, 101, 160, 157, 176, 35, 88,
       228, 126, 194, 53, 225, 15, 137, 69, 226, 212, 3, 96, 193, 2, 136,
       124, 76, 136, 168, 11, 210, 12, 49, 75, 85, 36, 85, 186, 82, 114,
       1, 84, 208, 84, 24, 14, 64, 4, 192, 77, 152, 44, 24, 5, 240, 29,
       156, 73, 16, 242, 51, 188, 88, 87, 32, 248, 45, 54, 109, 170, 31,
       181, 167, 124, 244, 126, 210, 52, 237, 63, 185, 69, 234, 252, 67,
       96, 241, 98, 219, 124, 76, 168, 172, 171, 90, 29, 113, 235, 213,
       36, 215, 186, 83, 120, 169, 116, 124, 92, 58, 47, 212, 17, 246,
       109, 153, 172, 24, 5, 240, 29, 156, 73, 16, 242, 51, 188, 88, 87,
       32, 250, 63, 54, 125, 162, 63, 181, 189, 125, 244, 254, 210, 48,
       253, 58, 177, 87, 250, 220, 67, 97, 241, 34, 195, 116, 77, 168,
       164, 171, 82, 28, 113, 235, 213, 44, 85, 190, 83, 120, 169, 116,
       120, 92, 56, 47, 212, 53, 247, 111, 153, 172, 24, 5, 240, 29, 156,
       73, 16, 242, 51, 188, 88, 87, 32, 250 ]
