%YAML:1.0
descriptors: !!opencv-matrix
   rows: 18
   cols: 64
   dt: u
   data: [ 70, 32, 193, 144, 16, 6, 9, 79, 198, 98, 1, 48, 65, 130, 147,
       82, 226, 84, 1, 96, 139, 129, 192, 2, 12, 128, 160, 9, 18, 8, 49,
       105, 113, 36, 20, 186, 2, 112, 1, 86, 128, 64, 16, 10, 66, 28,
       193, 12, 25, 44, 16, 4, 96, 24, 148, 73, 144, 114, 49, 188, 88,
       86, 32, 241, 68, 34, 225, 144, 24, 6, 33, 110, 128, 36, 195, 20,
       65, 165, 147, 66, 202, 76, 3, 96, 136, 129, 206, 19, 76, 136, 132,
       13, 64, 12, 49, 75, 117, 36, 85, 186, 0, 112, 1, 86, 16, 64, 24,
       14, 64, 4, 193, 75, 25, 44, 24, 5, 112, 28, 148, 73, 16, 226, 35,
       156, 72, 6, 32, 248, 58, 253, 254, 255, 63, 253, 253, 55, 255,
       253, 253, 249, 255, 127, 124, 254, 253, 251, 254, 187, 245, 127,
       243, 255, 249, 127, 247, 254, 125, 247, 255, 238, 207, 120, 227,
       116, 255, 91, 248, 121, 127, 223, 247, 175, 247, 247, 247, 111,
       191, 251, 143, 203, 254, 141, 219, 93, 127, 247, 255, 255, 243,
       251, 238, 223, 109, 254, 239, 249, 254, 255, 255, 244, 189, 255,
       234, 153, 207, 189, 255, 239, 139, 253, 251, 111, 252, 247, 222,
       189, 77, 127, 191, 182, 125, 87, 127, 191, 251, 99, 255, 187, 215,
       255, 253, 119, 254, 126, 122, 191, 215, 171, 95, 51, 188, 157, 60,
       37, 241, 253, 159, 76, 220, 254, 115, 159, 223, 215, 58, 183, 250,
       253, 125, 222, 255, 143, 87, 57, 255, 85, 253, 251, 191, 126, 244,
       92, 243, 247, 126, 54, 119, 62, 177, 102, 254, 255, 247, 63, 255,
       219, 223, 189, 202, 111, 6, 222, 206, 113, 251, 253, 115, 223,
       255, 239, 221, 60, 253, 79, 165, 181, 147, 13, 248, 62, 158, 75,
       120, 246, 114, 59, 122, 95, 174, 249, 44, 38, 101, 162, 95, 191,
       163, 123, 244, 124, 198, 117, 125, 123, 249, 101, 242, 245, 195,
       98, 245, 38, 153, 127, 94, 168, 36, 7, 126, 217, 57, 239, 247, 38,
       87, 186, 86, 114, 233, 116, 221, 85, 90, 142, 64, 166, 241, 79,
       153, 44, 24, 12, 242, 29, 141, 73, 16, 242, 51, 188, 90, 87, 32,
       248, 70, 35, 209, 146, 217, 130, 2, 75, 194, 64, 3, 54, 161, 198,
       128, 81, 98, 85, 1, 70, 203, 45, 130, 99, 14, 138, 162, 13, 146,
       8, 48, 8, 86, 38, 84, 154, 0, 120, 67, 86, 0, 64, 24, 11, 193, 28,
       229, 15, 153, 36, 16, 4, 112, 24, 156, 73, 16, 114, 51, 189, 88,
       87, 32, 248, 124, 51, 253, 183, 255, 183, 63, 125, 246, 127, 209,
       51, 255, 251, 178, 86, 250, 215, 107, 102, 249, 39, 195, 119, 206,
       250, 252, 239, 82, 156, 243, 235, 215, 36, 85, 190, 82, 120, 233,
       116, 120, 92, 56, 47, 213, 53, 245, 111, 153, 172, 24, 5, 240, 29,
       156, 73, 16, 242, 51, 189, 88, 87, 32, 250, 69, 35, 69, 176, 208,
       34, 39, 90, 32, 12, 194, 55, 65, 199, 153, 67, 226, 77, 1, 100,
       73, 164, 128, 51, 78, 136, 160, 13, 208, 12, 48, 9, 82, 38, 85,
       186, 16, 114, 5, 84, 116, 84, 24, 14, 68, 0, 193, 206, 152, 44,
       24, 4, 240, 29, 140, 73, 16, 240, 51, 189, 72, 70, 32, 248, 63,
       178, 125, 174, 63, 181, 189, 120, 247, 254, 213, 241, 253, 63,
       185, 85, 250, 246, 67, 99, 241, 114, 195, 119, 205, 188, 229, 187,
       122, 92, 245, 235, 215, 44, 85, 190, 83, 120, 233, 116, 120, 93,
       56, 47, 212, 53, 247, 111, 153, 172, 24, 5, 240, 29, 156, 73, 16,
       242, 51, 189, 88, 87, 32, 250, 4, 175, 229, 137, 208, 223, 135,
       109, 173, 68, 14, 62, 145, 63, 255, 228, 203, 85, 57, 36, 69, 1,
       194, 96, 125, 213, 29, 37, 180, 138, 26, 9, 148, 71, 85, 154, 80,
       82, 205, 52, 49, 21, 56, 39, 21, 156, 124, 164, 145, 172, 153, 44,
       145, 29, 140, 10, 16, 72, 42, 45, 72, 79, 36, 250, 231, 237, 239,
       152, 83, 95, 7, 75, 173, 198, 45, 186, 155, 191, 252, 79, 137,
       117, 62, 109, 30, 215, 208, 97, 95, 245, 29, 37, 51, 154, 18, 9,
       146, 78, 199, 203, 66, 124, 127, 62, 52, 251, 60, 169, 23, 88,
       116, 161, 87, 172, 176, 156, 137, 121, 230, 158, 120, 236, 120,
       61, 89, 213, 120, 250, 63, 243, 125, 254, 55, 189, 253, 120, 247,
       223, 253, 250, 253, 122, 180, 95, 255, 255, 103, 123, 245, 118,
       211, 119, 205, 255, 247, 255, 123, 254, 245, 235, 215, 44, 87,
       190, 219, 120, 249, 125, 120, 95, 57, 47, 213, 21, 247, 111, 153,
       172, 24, 5, 240, 29, 156, 73, 16, 242, 51, 189, 120, 87, 32, 250,
       47, 180, 236, 190, 63, 245, 157, 31, 247, 252, 188, 225, 61, 127,
       52, 93, 253, 246, 99, 243, 245, 38, 83, 119, 197, 255, 245, 127,
       91, 94, 241, 227, 223, 44, 87, 190, 91, 120, 233, 116, 120, 92,
       58, 47, 213, 117, 247, 111, 153, 172, 24, 5, 240, 29, 156, 73, 16,
       242, 51, 189, 88, 87, 32, 250, 255, 48, 245, 183, 254, 166, 59,
       124, 198, 111, 209, 51, 239, 203, 146, 86, 234, 213, 35, 101, 201,
       133, 195, 53, 78, 218, 188, 47, 210, 12, 49, 43, 211, 36, 84, 186,
       82, 120, 161, 116, 80, 92, 24, 15, 209, 20, 225, 79, 153, 172, 24,
       5, 240, 29, 156, 73, 16, 242, 51, 189, 88, 87, 32, 250, 254, 241,
       253, 191, 255, 215, 95, 105, 254, 239, 253, 250, 255, 234, 182,
       126, 251, 213, 39, 99, 205, 183, 195, 119, 204, 223, 245, 47, 83,
       26, 119, 107, 211, 36, 85, 190, 82, 120, 233, 116, 114, 94, 60,
       47, 213, 20, 245, 111, 153, 172, 24, 5, 240, 29, 156, 73, 16, 242,
       51, 189, 88, 87, 34, 251, 126, 49, 249, 182, 23, 134, 31, 73, 198,
       102, 145, 50, 253, 74, 178, 87, 242, 215, 3, 101, 201, 167, 195,
       118, 204, 202, 244, 45, 82, 24, 113, 105, 215, 36, 21, 190, 82,
       120, 225, 116, 112, 72, 56, 47, 213, 20, 229, 111, 153, 172, 24,
       5, 240, 29, 156, 73, 16, 242, 51, 189, 88, 87, 32, 250, 62, 53,
       113, 150, 23, 135, 31, 73, 230, 68, 149, 50, 253, 42, 176, 87,
       250, 215, 3, 100, 193, 39, 195, 119, 204, 216, 245, 109, 82, 28,
       241, 105, 215, 36, 85, 190, 82, 120, 233, 116, 112, 92, 56, 47,
       213, 20, 245, 111, 153, 172, 24, 5, 240, 29, 156, 73, 16, 242, 51,
       189, 88, 87, 32, 250 ]
