%YAML:1.0
descriptors: !!opencv-matrix
   rows: 9
   cols: 64
   dt: u
   data: [ 47, 181, 237, 190, 63, 181, 221, 31, 247, 252, 180, 225, 61,
       122, 52, 95, 252, 246, 99, 243, 245, 54, 81, 119, 197, 187, 229,
       123, 123, 88, 245, 227, 223, 44, 87, 190, 91, 120, 233, 116, 120,
       95, 56, 47, 212, 117, 245, 111, 153, 172, 24, 5, 240, 29, 156, 73,
       16, 242, 51, 189, 88, 87, 32, 251, 31, 186, 77, 166, 62, 249, 149,
       56, 123, 188, 222, 245, 237, 63, 121, 209, 253, 246, 1, 243, 229,
       96, 195, 115, 205, 255, 225, 251, 126, 15, 241, 107, 215, 44, 85,
       186, 90, 122, 233, 116, 116, 92, 58, 47, 212, 16, 245, 111, 153,
       172, 24, 5, 240, 29, 157, 73, 16, 242, 51, 189, 88, 87, 32, 250,
       255, 254, 255, 255, 255, 255, 255, 253, 255, 253, 255, 255, 255,
       254, 254, 254, 243, 245, 127, 107, 253, 223, 255, 61, 255, 239,
       255, 191, 255, 219, 127, 255, 229, 109, 255, 255, 214, 119, 253,
       255, 255, 223, 255, 63, 207, 175, 253, 53, 143, 181, 223, 141,
       234, 191, 159, 93, 232, 246, 123, 250, 255, 142, 46, 181, 63, 182,
       125, 166, 63, 189, 187, 120, 254, 254, 214, 247, 253, 127, 249,
       84, 246, 255, 67, 115, 245, 98, 211, 246, 221, 190, 245, 255, 126,
       222, 247, 235, 223, 44, 87, 190, 91, 120, 233, 124, 120, 92, 56,
       47, 213, 53, 247, 111, 153, 172, 24, 5, 240, 29, 156, 73, 16, 242,
       51, 189, 90, 87, 32, 250, 62, 177, 253, 190, 55, 181, 253, 120,
       247, 254, 221, 241, 253, 127, 180, 86, 251, 222, 99, 115, 245,
       118, 195, 247, 205, 190, 229, 255, 122, 222, 245, 235, 223, 44,
       87, 190, 219, 120, 233, 117, 120, 92, 57, 47, 212, 53, 247, 111,
       153, 172, 24, 5, 240, 29, 156, 73, 24, 242, 51, 189, 88, 87, 32,
       250, 109, 159, 238, 252, 62, 255, 255, 118, 61, 254, 110, 209, 31,
       125, 249, 239, 235, 253, 105, 107, 244, 117, 210, 115, 77, 239,
       161, 62, 124, 68, 117, 235, 215, 36, 85, 186, 82, 122, 249, 124,
       116, 93, 56, 47, 213, 22, 245, 111, 153, 172, 24, 5, 240, 29, 157,
       73, 16, 242, 51, 189, 88, 87, 32, 250, 251, 253, 255, 254, 55, 63,
       125, 123, 247, 252, 253, 251, 127, 254, 246, 255, 247, 247, 127,
       127, 119, 255, 241, 183, 223, 239, 231, 223, 123, 254, 254, 233,
       202, 46, 118, 254, 223, 124, 243, 253, 122, 223, 191, 239, 221,
       119, 247, 111, 189, 174, 152, 207, 248, 29, 159, 93, 57, 246, 115,
       191, 123, 246, 171, 251, 63, 244, 125, 175, 255, 253, 191, 125,
       253, 253, 220, 253, 253, 63, 191, 245, 251, 247, 67, 112, 241,
       115, 215, 124, 253, 253, 253, 191, 127, 251, 255, 239, 221, 108,
       87, 190, 255, 121, 233, 125, 120, 93, 123, 47, 213, 53, 247, 111,
       185, 174, 153, 13, 240, 29, 156, 89, 56, 242, 63, 189, 250, 223,
       44, 254, 3, 1, 1, 22, 4, 128, 92, 2, 2, 130, 17, 18, 130, 194, 0,
       18, 0, 68, 4, 3, 2, 44, 192, 67, 12, 146, 163, 9, 18, 40, 0, 9,
       18, 36, 52, 154, 2, 104, 66, 214, 0, 96, 169, 105, 130, 28, 229,
       46, 81, 164, 16, 5, 32, 16, 180, 42, 16, 50, 48, 89, 72, 20, 32,
       186 ]
