%YAML:1.0
descriptors: !!opencv-matrix
   rows: 22
   cols: 64
   dt: u
   data: [ 28, 177, 125, 148, 50, 181, 189, 114, 116, 220, 213, 241, 93,
       127, 176, 66, 242, 220, 67, 99, 245, 32, 193, 243, 201, 58, 164,
       218, 88, 204, 245, 235, 223, 36, 85, 186, 83, 120, 233, 116, 120,
       92, 57, 47, 212, 53, 247, 111, 153, 172, 24, 5, 240, 29, 156, 73,
       16, 242, 51, 189, 88, 87, 32, 250, 127, 50, 255, 182, 127, 183,
       191, 122, 246, 254, 210, 51, 255, 254, 179, 87, 254, 247, 123,
       102, 225, 39, 195, 119, 206, 250, 252, 239, 90, 92, 243, 235, 215,
       36, 85, 191, 82, 120, 233, 116, 120, 92, 56, 47, 213, 21, 245,
       111, 153, 172, 24, 5, 240, 29, 156, 73, 16, 242, 51, 189, 88, 87,
       32, 250, 71, 37, 195, 146, 216, 134, 7, 75, 132, 103, 0, 50, 147,
       206, 178, 76, 194, 85, 49, 102, 207, 175, 194, 99, 78, 202, 158,
       45, 146, 8, 48, 9, 215, 39, 84, 187, 82, 124, 71, 84, 112, 96, 24,
       11, 213, 28, 229, 207, 25, 172, 24, 4, 241, 24, 156, 75, 16, 242,
       51, 189, 88, 87, 48, 250, 102, 0, 195, 147, 217, 134, 3, 76, 166,
       101, 1, 22, 155, 239, 179, 71, 226, 85, 25, 102, 202, 173, 202,
       107, 78, 194, 184, 47, 146, 8, 17, 79, 87, 39, 85, 187, 66, 120,
       103, 86, 16, 64, 8, 14, 69, 28, 193, 135, 25, 44, 24, 4, 113, 24,
       156, 75, 16, 114, 51, 189, 72, 86, 48, 248, 252, 187, 255, 247,
       255, 191, 191, 248, 124, 255, 255, 250, 255, 127, 242, 86, 243,
       221, 125, 103, 253, 229, 195, 114, 77, 255, 185, 191, 218, 22,
       119, 235, 215, 37, 85, 187, 83, 120, 233, 116, 112, 92, 56, 47,
       213, 29, 247, 111, 153, 172, 24, 5, 240, 29, 156, 73, 16, 246, 51,
       189, 88, 87, 32, 250, 255, 252, 127, 255, 255, 189, 223, 249, 255,
       255, 253, 251, 255, 122, 246, 125, 242, 247, 127, 127, 255, 255,
       179, 124, 255, 255, 255, 63, 255, 123, 255, 191, 215, 237, 158,
       223, 218, 125, 249, 255, 91, 223, 255, 127, 211, 31, 253, 55, 141,
       191, 26, 13, 232, 191, 159, 125, 120, 246, 121, 191, 255, 223, 58,
       191, 5, 3, 65, 17, 216, 136, 135, 64, 168, 4, 10, 86, 128, 127,
       201, 1, 194, 69, 1, 98, 198, 38, 136, 114, 78, 222, 21, 41, 146,
       10, 3, 24, 214, 38, 85, 186, 80, 48, 233, 84, 96, 84, 24, 143, 85,
       16, 245, 71, 153, 172, 24, 0, 240, 29, 140, 73, 16, 242, 51, 189,
       72, 87, 32, 248, 64, 0, 76, 144, 25, 3, 4, 78, 164, 32, 7, 16, 17,
       172, 178, 66, 202, 84, 1, 96, 192, 130, 192, 34, 76, 136, 132, 9,
       210, 8, 49, 72, 209, 36, 84, 186, 66, 112, 1, 86, 48, 80, 24, 15,
       212, 20, 228, 76, 25, 172, 24, 4, 112, 29, 148, 73, 16, 242, 51,
       188, 72, 86, 32, 248, 44, 38, 101, 162, 31, 191, 161, 123, 244,
       124, 198, 117, 125, 126, 249, 229, 226, 244, 195, 98, 245, 34,
       153, 127, 94, 168, 36, 135, 94, 219, 57, 239, 247, 38, 87, 186,
       86, 114, 233, 124, 216, 85, 90, 14, 64, 167, 225, 79, 153, 44, 24,
       4, 242, 29, 141, 73, 16, 242, 51, 188, 90, 87, 32, 248, 242, 145,
       211, 150, 223, 130, 94, 11, 198, 99, 17, 122, 191, 194, 166, 92,
       226, 215, 52, 23, 206, 45, 195, 103, 78, 210, 250, 47, 146, 40,
       16, 40, 215, 37, 84, 155, 66, 124, 231, 118, 80, 74, 12, 75, 209,
       28, 245, 15, 145, 172, 24, 5, 112, 25, 156, 75, 16, 114, 50, 189,
       88, 85, 48, 250, 68, 35, 193, 178, 209, 2, 35, 74, 128, 0, 131,
       54, 161, 199, 130, 65, 226, 85, 1, 102, 79, 173, 128, 114, 14,
       138, 162, 13, 146, 8, 48, 9, 82, 39, 84, 155, 64, 114, 69, 212,
       128, 64, 24, 14, 73, 12, 193, 134, 153, 36, 16, 4, 96, 30, 140,
       73, 16, 240, 49, 189, 72, 70, 32, 240, 252, 49, 255, 183, 254,
       103, 191, 254, 246, 255, 213, 119, 255, 239, 178, 94, 251, 223,
       123, 103, 125, 167, 195, 119, 206, 251, 252, 255, 218, 156, 246,
       235, 215, 37, 87, 191, 83, 120, 233, 116, 120, 92, 56, 47, 213,
       29, 247, 111, 157, 172, 24, 5, 240, 29, 156, 73, 16, 246, 51, 189,
       88, 87, 32, 250, 63, 176, 125, 170, 63, 181, 189, 120, 244, 254,
       212, 245, 253, 62, 189, 85, 250, 252, 67, 115, 241, 34, 195, 119,
       205, 188, 228, 171, 90, 92, 241, 235, 223, 44, 85, 190, 83, 120,
       233, 116, 120, 92, 56, 47, 212, 53, 247, 111, 153, 172, 24, 5,
       240, 29, 156, 73, 16, 242, 51, 189, 88, 87, 32, 250, 45, 34, 241,
       178, 17, 33, 41, 126, 196, 110, 194, 52, 113, 142, 145, 70, 226,
       212, 3, 96, 193, 2, 193, 55, 76, 136, 160, 9, 82, 8, 49, 105, 81,
       36, 85, 186, 82, 112, 1, 116, 112, 68, 24, 14, 212, 20, 224, 78,
       153, 172, 24, 5, 240, 29, 156, 73, 16, 242, 51, 188, 88, 86, 32,
       248, 63, 241, 125, 254, 54, 189, 253, 120, 255, 223, 253, 251,
       253, 123, 180, 95, 255, 247, 99, 123, 245, 118, 211, 119, 237,
       255, 247, 251, 126, 254, 245, 235, 215, 108, 87, 190, 218, 120,
       249, 125, 124, 95, 57, 47, 213, 53, 247, 111, 153, 172, 24, 5,
       240, 29, 156, 77, 24, 242, 51, 189, 120, 87, 32, 250, 61, 182,
       125, 175, 191, 245, 191, 248, 252, 255, 254, 251, 237, 123, 249,
       85, 251, 253, 99, 115, 245, 35, 211, 246, 205, 255, 245, 175, 94,
       95, 243, 251, 223, 44, 87, 190, 83, 120, 233, 116, 120, 92, 58,
       47, 213, 53, 247, 111, 153, 172, 24, 5, 240, 29, 156, 73, 16, 242,
       51, 189, 90, 87, 32, 250, 61, 190, 255, 254, 63, 253, 249, 127,
       255, 252, 222, 245, 125, 127, 187, 254, 255, 222, 99, 107, 245,
       119, 215, 119, 253, 255, 244, 255, 126, 219, 255, 235, 223, 44,
       85, 190, 215, 122, 233, 125, 120, 93, 123, 47, 213, 53, 247, 111,
       153, 172, 24, 5, 240, 29, 156, 73, 16, 242, 51, 189, 90, 87, 32,
       250, 63, 50, 117, 167, 191, 181, 191, 88, 254, 255, 210, 115, 237,
       63, 187, 85, 250, 245, 3, 99, 229, 39, 195, 124, 205, 254, 245,
       63, 90, 29, 115, 239, 215, 36, 85, 190, 82, 120, 233, 116, 120,
       92, 56, 47, 213, 16, 245, 111, 153, 172, 24, 5, 240, 29, 156, 73,
       16, 242, 51, 189, 88, 87, 32, 250, 126, 50, 247, 183, 255, 167,
       187, 249, 198, 111, 209, 55, 239, 202, 179, 85, 242, 213, 35, 98,
       201, 165, 135, 117, 78, 218, 184, 47, 210, 12, 115, 123, 247, 36,
       85, 186, 82, 112, 233, 116, 112, 92, 24, 14, 209, 20, 209, 79,
       153, 172, 24, 5, 240, 29, 156, 73, 16, 242, 51, 189, 88, 87, 32,
       248, 60, 54, 245, 160, 26, 167, 167, 121, 228, 110, 194, 54, 253,
       47, 187, 69, 234, 221, 3, 96, 225, 39, 195, 117, 76, 216, 188,
       141, 82, 12, 49, 235, 215, 36, 85, 186, 82, 120, 169, 116, 120,
       92, 56, 47, 213, 21, 247, 111, 153, 172, 24, 5, 240, 29, 156, 73,
       16, 242, 51, 189, 88, 87, 32, 250, 127, 49, 125, 182, 127, 135,
       31, 72, 230, 103, 191, 50, 253, 110, 178, 86, 251, 245, 35, 103,
       205, 39, 195, 118, 204, 223, 245, 63, 82, 30, 119, 107, 215, 36,
       85, 190, 82, 120, 233, 124, 112, 92, 60, 47, 213, 20, 245, 111,
       153, 172, 24, 5, 240, 29, 156, 73, 16, 242, 51, 189, 88, 87, 32,
       250, 62, 177, 253, 254, 54, 63, 253, 126, 247, 222, 245, 240, 125,
       122, 180, 94, 255, 223, 99, 115, 247, 55, 193, 247, 205, 251, 247,
       223, 82, 28, 245, 233, 223, 44, 85, 190, 91, 120, 233, 117, 120,
       92, 57, 47, 213, 53, 247, 111, 153, 172, 24, 5, 240, 29, 156, 73,
       16, 242, 51, 189, 88, 87, 32, 250 ]
