%YAML:1.0
descriptors: !!opencv-matrix
   rows: 18
   cols: 64
   dt: u
   data: [ 68, 34, 225, 144, 24, 64, 33, 78, 128, 230, 131, 52, 65, 167,
       155, 66, 202, 84, 3, 96, 137, 128, 206, 50, 76, 136, 128, 9, 82,
       8, 49, 75, 113, 36, 85, 186, 16, 114, 1, 86, 16, 80, 24, 14, 68,
       4, 65, 77, 153, 44, 24, 5, 112, 29, 148, 73, 16, 226, 35, 188, 72,
       70, 32, 242, 68, 33, 145, 144, 0, 4, 0, 71, 2, 34, 3, 20, 80, 132,
       147, 2, 66, 64, 0, 96, 10, 160, 192, 3, 12, 128, 166, 9, 2, 8, 16,
       72, 80, 6, 85, 186, 0, 112, 3, 86, 0, 64, 16, 10, 2, 12, 1, 142,
       17, 44, 16, 4, 32, 24, 148, 9, 128, 96, 33, 56, 72, 4, 32, 240,
       67, 6, 0, 35, 201, 130, 6, 8, 44, 41, 2, 7, 160, 79, 128, 5, 66,
       117, 9, 64, 200, 7, 139, 105, 70, 200, 8, 39, 146, 9, 33, 71, 23,
       167, 84, 51, 49, 128, 37, 6, 68, 64, 8, 138, 65, 8, 236, 145, 24,
       4, 24, 36, 229, 60, 140, 171, 16, 108, 163, 188, 72, 71, 48, 120,
       67, 6, 0, 35, 205, 130, 2, 8, 36, 43, 2, 3, 168, 73, 0, 21, 102,
       119, 9, 208, 200, 39, 139, 104, 70, 200, 40, 46, 146, 1, 33, 71,
       87, 165, 84, 49, 115, 96, 37, 102, 96, 68, 8, 11, 65, 24, 200, 83,
       152, 76, 24, 4, 245, 28, 156, 235, 16, 242, 179, 188, 88, 87, 48,
       248, 5, 35, 193, 177, 152, 128, 161, 76, 128, 162, 194, 52, 65,
       99, 131, 64, 234, 212, 1, 98, 199, 41, 206, 115, 76, 138, 34, 13,
       82, 8, 49, 75, 119, 38, 85, 186, 80, 114, 65, 84, 128, 64, 24, 14,
       64, 4, 65, 199, 153, 44, 24, 4, 240, 28, 156, 73, 16, 242, 35,
       189, 72, 87, 32, 241, 66, 1, 136, 146, 7, 18, 26, 15, 198, 162,
       17, 176, 49, 130, 19, 82, 2, 16, 0, 213, 10, 179, 197, 7, 12, 128,
       164, 13, 2, 168, 20, 40, 96, 44, 4, 186, 74, 120, 3, 82, 128, 74,
       53, 8, 146, 28, 129, 46, 19, 172, 16, 1, 32, 25, 244, 80, 144,
       114, 49, 216, 57, 18, 96, 243, 1, 6, 37, 0, 220, 176, 163, 80,
       224, 28, 130, 65, 192, 89, 128, 1, 66, 101, 135, 32, 224, 34, 24,
       244, 68, 184, 12, 134, 188, 4, 33, 64, 85, 0, 210, 184, 80, 176,
       1, 4, 205, 64, 26, 134, 64, 224, 128, 67, 56, 53, 24, 0, 240, 24,
       142, 1, 52, 34, 19, 132, 72, 215, 36, 121, 51, 16, 41, 2, 22, 135,
       3, 58, 198, 6, 150, 20, 105, 8, 16, 4, 86, 100, 67, 144, 240, 50,
       193, 199, 140, 160, 228, 12, 18, 152, 81, 104, 79, 44, 130, 190,
       78, 40, 1, 72, 88, 81, 20, 139, 192, 96, 160, 79, 178, 44, 137, 8,
       242, 25, 92, 81, 40, 50, 19, 184, 40, 151, 108, 250, 50, 17, 17,
       22, 2, 134, 2, 47, 198, 0, 19, 4, 49, 0, 17, 22, 126, 2, 66, 148,
       130, 35, 193, 71, 152, 128, 228, 12, 2, 184, 209, 104, 7, 44, 65,
       190, 10, 8, 2, 72, 32, 64, 21, 138, 4, 116, 161, 78, 147, 172,
       153, 1, 50, 24, 28, 81, 0, 50, 18, 185, 56, 7, 32, 106, 3, 49, 65,
       2, 212, 2, 3, 90, 226, 6, 1, 32, 32, 75, 128, 1, 98, 101, 3, 68,
       65, 34, 1, 71, 6, 128, 36, 13, 146, 8, 0, 0, 86, 44, 20, 154, 0,
       48, 1, 212, 128, 66, 24, 11, 64, 112, 128, 78, 16, 44, 24, 4, 48,
       24, 156, 65, 16, 50, 51, 156, 72, 86, 32, 249, 71, 34, 1, 130, 17,
       130, 2, 76, 0, 34, 3, 52, 0, 2, 129, 66, 74, 69, 1, 68, 137, 33,
       202, 1, 12, 128, 136, 13, 18, 8, 33, 73, 85, 4, 21, 186, 0, 120,
       5, 86, 0, 64, 16, 8, 65, 12, 0, 75, 24, 44, 24, 4, 33, 24, 148, 0,
       0, 34, 51, 152, 72, 6, 32, 242, 131, 70, 8, 2, 193, 152, 2, 8, 42,
       1, 39, 74, 128, 59, 68, 32, 2, 17, 4, 37, 8, 64, 160, 96, 40, 128,
       9, 0, 182, 8, 0, 25, 176, 68, 80, 138, 0, 67, 6, 130, 134, 178, 8,
       16, 16, 14, 72, 128, 1, 1, 17, 36, 25, 65, 163, 170, 24, 72, 32,
       44, 64, 20, 22, 153, 131, 198, 9, 2, 132, 24, 5, 24, 34, 5, 45,
       66, 10, 25, 68, 1, 79, 102, 4, 37, 0, 0, 32, 96, 40, 149, 25, 40,
       183, 10, 0, 9, 144, 36, 16, 218, 66, 0, 3, 128, 83, 146, 40, 151,
       144, 16, 116, 4, 1, 21, 71, 0, 24, 2, 135, 3, 48, 112, 32, 28, 64,
       85, 36, 248, 130, 65, 8, 134, 7, 64, 28, 10, 6, 2, 17, 68, 0, 12,
       4, 22, 45, 18, 4, 149, 2, 162, 160, 2, 0, 149, 241, 72, 18, 186,
       134, 48, 0, 60, 2, 8, 10, 0, 2, 65, 0, 8, 37, 41, 146, 84, 164,
       44, 17, 138, 16, 1, 32, 0, 116, 67, 145, 51, 48, 48, 48, 81, 0,
       42, 6, 33, 9, 130, 22, 18, 8, 75, 70, 2, 49, 16, 17, 2, 144, 66,
       66, 84, 0, 68, 2, 176, 128, 2, 12, 128, 160, 9, 18, 8, 16, 8, 112,
       4, 148, 154, 66, 120, 3, 212, 130, 194, 20, 8, 18, 20, 128, 76,
       19, 44, 16, 4, 32, 25, 149, 25, 144, 98, 48, 24, 72, 22, 34, 177,
       4, 35, 101, 144, 20, 38, 33, 122, 132, 68, 130, 52, 65, 65, 145,
       65, 194, 84, 3, 100, 64, 32, 192, 115, 12, 136, 128, 9, 18, 12,
       48, 9, 86, 38, 85, 186, 64, 120, 1, 84, 48, 80, 24, 15, 68, 20,
       225, 78, 24, 44, 24, 4, 112, 28, 156, 9, 0, 226, 51, 189, 72, 86,
       32, 248, 1, 18, 68, 2, 156, 128, 129, 80, 162, 20, 6, 65, 136, 25,
       0, 1, 98, 228, 7, 32, 192, 2, 129, 100, 72, 176, 12, 8, 146, 8, 1,
       97, 212, 36, 84, 186, 82, 48, 1, 212, 209, 80, 24, 143, 64, 96,
       208, 77, 145, 44, 24, 0, 240, 24, 140, 73, 16, 114, 50, 156, 88,
       87, 36, 249, 63, 50, 117, 166, 63, 181, 15, 88, 230, 62, 145, 114,
       253, 107, 176, 85, 250, 213, 3, 96, 193, 39, 195, 118, 204, 154,
       244, 15, 82, 8, 113, 107, 215, 36, 84, 190, 82, 120, 169, 116,
       112, 92, 24, 15, 213, 20, 245, 79, 153, 172, 24, 5, 240, 29, 156,
       73, 16, 242, 51, 189, 88, 87, 32, 250 ]
