%YAML:1.0
descriptors: !!opencv-matrix
   rows: 33
   cols: 64
   dt: u
   data: [ 12, 33, 245, 176, 16, 165, 41, 111, 196, 238, 194, 53, 81,
       166, 177, 66, 234, 212, 3, 99, 193, 33, 198, 51, 76, 136, 160, 13,
       82, 8, 49, 107, 215, 36, 85, 186, 82, 120, 193, 116, 112, 92, 56,
       46, 212, 20, 193, 111, 153, 172, 24, 5, 240, 29, 156, 73, 16, 242,
       51, 189, 88, 86, 32, 250, 191, 252, 125, 231, 255, 189, 255, 121,
       255, 255, 253, 251, 255, 122, 244, 221, 242, 247, 127, 123, 253,
       127, 251, 125, 253, 254, 247, 191, 127, 251, 255, 255, 207, 237,
       222, 255, 246, 123, 249, 255, 219, 223, 255, 111, 209, 119, 253,
       55, 191, 191, 153, 13, 250, 181, 159, 125, 120, 246, 247, 255,
       251, 223, 190, 255, 253, 254, 239, 253, 255, 255, 255, 248, 253,
       255, 251, 255, 239, 253, 255, 237, 251, 253, 127, 127, 253, 127,
       158, 253, 111, 255, 191, 191, 253, 87, 127, 191, 255, 109, 223,
       255, 223, 127, 253, 119, 254, 94, 251, 63, 215, 171, 255, 51, 189,
       189, 28, 37, 249, 253, 159, 93, 88, 254, 243, 191, 254, 223, 58,
       182, 195, 0, 130, 147, 217, 130, 66, 8, 0, 35, 0, 2, 130, 194,
       128, 1, 2, 85, 29, 6, 138, 173, 138, 43, 6, 194, 10, 7, 146, 9, 1,
       79, 51, 167, 20, 155, 0, 228, 39, 150, 128, 98, 8, 72, 9, 28, 73,
       147, 65, 36, 16, 52, 5, 114, 132, 170, 208, 40, 32, 29, 76, 84,
       49, 177, 251, 253, 255, 255, 255, 255, 255, 248, 255, 125, 252,
       251, 239, 255, 246, 253, 243, 247, 127, 119, 127, 255, 187, 255,
       239, 255, 127, 191, 255, 123, 254, 191, 223, 239, 220, 223, 254,
       125, 255, 255, 123, 223, 251, 255, 221, 59, 253, 183, 239, 183,
       25, 255, 232, 183, 159, 235, 124, 252, 245, 191, 254, 255, 191,
       188, 65, 3, 128, 144, 64, 2, 2, 70, 32, 38, 2, 4, 0, 65, 1, 3, 4,
       73, 1, 102, 198, 33, 64, 3, 72, 2, 130, 68, 0, 0, 17, 65, 87, 18,
       81, 40, 16, 104, 66, 64, 96, 32, 24, 6, 81, 16, 225, 79, 25, 136,
       24, 5, 240, 89, 156, 73, 17, 98, 51, 181, 64, 86, 1, 234, 123,
       157, 239, 223, 255, 191, 219, 123, 255, 125, 212, 91, 191, 249,
       63, 76, 246, 245, 123, 118, 254, 127, 210, 119, 126, 250, 182, 62,
       126, 89, 125, 239, 215, 47, 21, 187, 214, 121, 255, 124, 112, 255,
       219, 15, 221, 180, 245, 79, 157, 172, 24, 13, 240, 61, 158, 73,
       81, 246, 123, 191, 90, 87, 34, 251, 251, 255, 125, 215, 255, 191,
       223, 185, 255, 117, 255, 127, 255, 126, 124, 252, 246, 247, 126,
       183, 255, 127, 179, 124, 255, 254, 255, 127, 254, 251, 223, 191,
       135, 237, 78, 223, 254, 123, 250, 255, 219, 221, 199, 255, 241,
       62, 253, 63, 173, 151, 153, 79, 254, 183, 159, 243, 112, 255, 242,
       191, 250, 223, 188, 252, 93, 55, 196, 22, 55, 99, 58, 119, 112,
       176, 215, 181, 124, 119, 171, 99, 235, 221, 33, 247, 197, 37, 193,
       243, 73, 74, 160, 141, 80, 12, 177, 106, 223, 36, 85, 186, 91,
       120, 233, 116, 112, 92, 56, 47, 213, 53, 247, 111, 153, 172, 24,
       5, 240, 29, 156, 73, 16, 242, 51, 189, 88, 87, 32, 250, 251, 214,
       109, 175, 255, 191, 159, 25, 254, 127, 252, 123, 175, 121, 116,
       93, 246, 247, 127, 112, 248, 119, 155, 124, 126, 254, 233, 63,
       254, 123, 117, 239, 215, 237, 222, 63, 254, 241, 173, 247, 122,
       222, 74, 143, 209, 29, 252, 19, 189, 220, 24, 13, 245, 189, 158,
       235, 80, 246, 183, 189, 218, 223, 58, 253, 68, 1, 129, 144, 0, 3,
       10, 103, 0, 162, 3, 4, 81, 128, 17, 2, 0, 73, 64, 68, 130, 33,
       192, 131, 12, 128, 172, 76, 0, 132, 49, 72, 65, 20, 69, 170, 0,
       104, 0, 66, 16, 64, 20, 10, 64, 12, 129, 78, 25, 44, 24, 5, 48,
       24, 20, 73, 0, 98, 19, 184, 72, 22, 32, 242, 95, 51, 215, 182,
       127, 115, 31, 126, 118, 188, 214, 53, 125, 254, 179, 83, 251, 215,
       33, 247, 229, 37, 193, 115, 204, 202, 224, 79, 82, 12, 241, 107,
       215, 36, 85, 186, 90, 120, 233, 116, 112, 92, 56, 47, 213, 20,
       245, 111, 153, 172, 24, 5, 240, 29, 156, 73, 16, 242, 51, 189, 88,
       87, 32, 250, 7, 50, 65, 130, 221, 130, 3, 8, 102, 0, 3, 112, 173,
       11, 128, 81, 226, 213, 1, 100, 193, 37, 129, 97, 68, 152, 168, 13,
       18, 8, 33, 105, 86, 36, 84, 186, 66, 120, 1, 84, 64, 64, 24, 15,
       193, 20, 224, 79, 153, 172, 24, 4, 112, 24, 156, 73, 16, 114, 51,
       188, 88, 87, 32, 248, 45, 38, 101, 160, 221, 61, 35, 88, 244, 126,
       194, 53, 109, 59, 249, 229, 226, 244, 67, 96, 121, 130, 156, 52,
       76, 168, 44, 129, 218, 12, 57, 217, 112, 36, 87, 186, 82, 114, 5,
       116, 252, 84, 24, 14, 84, 135, 64, 196, 153, 45, 28, 4, 240, 29,
       141, 73, 16, 240, 35, 188, 88, 86, 32, 240, 191, 245, 125, 222,
       55, 61, 95, 121, 247, 71, 189, 250, 253, 123, 180, 85, 246, 246,
       70, 119, 119, 114, 177, 118, 252, 190, 229, 89, 243, 24, 252, 41,
       210, 44, 22, 254, 194, 120, 209, 245, 82, 219, 57, 15, 208, 20,
       245, 78, 153, 172, 16, 13, 120, 29, 158, 73, 24, 242, 51, 189, 88,
       86, 42, 249, 191, 117, 125, 158, 55, 29, 95, 73, 230, 70, 189, 50,
       125, 106, 180, 86, 242, 214, 6, 100, 83, 162, 177, 54, 220, 138,
       229, 25, 211, 28, 244, 41, 210, 36, 20, 190, 194, 112, 129, 244,
       82, 218, 24, 15, 208, 20, 229, 78, 153, 172, 16, 5, 120, 29, 148,
       73, 16, 242, 49, 189, 88, 86, 34, 249, 64, 2, 1, 144, 72, 130, 2,
       69, 4, 34, 3, 4, 1, 5, 17, 2, 10, 69, 1, 100, 200, 33, 202, 35,
       12, 128, 136, 4, 16, 0, 49, 72, 85, 36, 85, 186, 0, 104, 5, 66, 0,
       64, 24, 14, 69, 12, 193, 75, 25, 44, 24, 0, 113, 24, 156, 8, 0,
       98, 51, 188, 72, 22, 32, 242, 82, 1, 0, 22, 67, 130, 10, 47, 134,
       2, 19, 4, 49, 0, 17, 22, 116, 19, 66, 148, 192, 35, 193, 7, 24,
       128, 236, 12, 2, 152, 1, 104, 72, 44, 0, 190, 10, 34, 0, 72, 128,
       64, 21, 10, 129, 108, 128, 78, 19, 44, 24, 1, 50, 24, 20, 67, 0,
       114, 51, 184, 40, 22, 32, 96, 0, 0, 0, 128, 1, 2, 2, 71, 132, 2,
       2, 4, 17, 4, 25, 0, 0, 24, 65, 4, 192, 34, 192, 2, 24, 0, 12, 4,
       0, 128, 17, 64, 100, 16, 3, 40, 0, 2, 0, 0, 128, 0, 16, 2, 68,
       228, 0, 74, 17, 40, 24, 0, 49, 24, 156, 16, 16, 66, 43, 180, 64,
       6, 32, 224, 36, 35, 241, 176, 17, 4, 32, 111, 196, 66, 194, 52,
       113, 167, 147, 70, 234, 212, 3, 96, 65, 130, 196, 55, 76, 136,
       164, 9, 82, 12, 48, 104, 84, 36, 85, 186, 82, 112, 1, 84, 80, 64,
       24, 14, 68, 20, 193, 78, 153, 44, 24, 5, 240, 28, 156, 73, 16,
       242, 51, 188, 88, 86, 32, 250, 191, 245, 125, 222, 63, 157, 95,
       56, 247, 119, 53, 250, 191, 122, 180, 95, 250, 215, 36, 115, 199,
       54, 225, 118, 237, 223, 247, 123, 83, 123, 245, 107, 215, 44, 20,
       190, 210, 120, 233, 245, 114, 223, 57, 47, 209, 20, 245, 111, 153,
       172, 24, 5, 240, 29, 156, 73, 16, 242, 51, 189, 88, 87, 34, 251,
       5, 6, 64, 2, 200, 4, 3, 64, 160, 4, 2, 2, 0, 59, 128, 5, 66, 100,
       5, 96, 64, 2, 24, 96, 92, 128, 12, 1, 178, 8, 1, 1, 16, 36, 64,
       154, 0, 16, 5, 140, 132, 2, 24, 130, 64, 64, 192, 0, 1, 36, 16, 4,
       17, 24, 133, 9, 56, 96, 32, 28, 72, 70, 32, 249, 191, 247, 125,
       222, 63, 253, 223, 120, 255, 245, 253, 251, 255, 123, 246, 95,
       251, 215, 39, 107, 245, 103, 195, 118, 205, 255, 245, 59, 123, 27,
       247, 107, 215, 36, 85, 190, 82, 120, 233, 117, 114, 94, 56, 47,
       213, 20, 245, 111, 153, 172, 24, 5, 240, 29, 156, 73, 16, 242, 51,
       189, 88, 87, 32, 250, 71, 37, 64, 18, 17, 2, 1, 78, 2, 0, 1, 48,
       32, 203, 128, 67, 98, 84, 0, 68, 3, 162, 128, 35, 12, 128, 160, 9,
       18, 8, 0, 73, 82, 38, 20, 154, 2, 48, 3, 214, 0, 66, 24, 10, 0,
       24, 193, 14, 17, 36, 16, 4, 32, 24, 132, 3, 16, 50, 33, 28, 72,
       68, 32, 249, 0, 3, 5, 128, 0, 19, 0, 119, 0, 0, 87, 4, 65, 21, 17,
       2, 0, 76, 65, 100, 0, 32, 192, 130, 8, 0, 132, 0, 0, 4, 16, 8,
       112, 36, 80, 170, 74, 106, 0, 192, 144, 16, 16, 14, 64, 132, 64,
       78, 27, 40, 9, 0, 48, 24, 148, 8, 0, 98, 3, 152, 72, 22, 34, 248,
       64, 2, 0, 130, 0, 6, 2, 37, 134, 0, 18, 4, 17, 4, 17, 6, 68, 0,
