%YAML:1.0
descriptors: !!opencv-matrix
   rows: 14
   cols: 64
   dt: u
   data: [ 108, 38, 111, 168, 30, 119, 33, 255, 245, 254, 222, 53, 125,
       191, 251, 230, 227, 220, 67, 104, 241, 210, 220, 52, 93, 168, 172,
       129, 250, 92, 59, 251, 241, 36, 85, 186, 82, 114, 129, 116, 250,
       84, 24, 30, 84, 135, 66, 76, 153, 45, 30, 5, 240, 29, 141, 73, 16,
       240, 43, 188, 88, 22, 34, 248, 45, 38, 101, 160, 222, 61, 35, 248,
       244, 126, 194, 53, 109, 59, 249, 229, 226, 244, 67, 96, 121, 194,
       156, 52, 76, 168, 44, 137, 218, 12, 57, 249, 112, 36, 87, 186, 82,
       114, 5, 116, 252, 84, 24, 14, 80, 135, 64, 68, 153, 45, 28, 4,
       240, 29, 141, 73, 16, 240, 35, 188, 88, 86, 32, 241, 191, 245,
       125, 158, 55, 29, 95, 73, 230, 70, 189, 50, 125, 123, 180, 85,
       246, 214, 6, 100, 83, 242, 177, 54, 220, 138, 229, 89, 211, 28,
       244, 41, 210, 36, 20, 190, 194, 112, 129, 244, 82, 218, 24, 15,
       208, 20, 229, 78, 153, 172, 16, 5, 120, 29, 156, 73, 16, 242, 51,
       189, 88, 86, 34, 249, 1, 7, 68, 2, 221, 130, 2, 88, 34, 0, 4, 65,
       160, 81, 128, 1, 66, 69, 5, 36, 192, 33, 128, 99, 66, 130, 8, 4,
       178, 8, 1, 73, 158, 39, 80, 154, 0, 16, 7, 132, 197, 112, 24, 7,
       65, 0, 193, 79, 16, 52, 25, 4, 49, 24, 140, 11, 24, 50, 50, 156,
       72, 87, 36, 89, 55, 54, 81, 166, 159, 128, 15, 72, 230, 66, 131,
       114, 173, 11, 160, 85, 242, 246, 1, 112, 193, 34, 129, 116, 196,
       152, 224, 9, 18, 8, 97, 105, 87, 36, 84, 158, 66, 120, 129, 84,
       64, 72, 24, 15, 192, 20, 244, 79, 152, 172, 24, 5, 96, 29, 156,
       73, 16, 242, 51, 188, 88, 87, 32, 248, 0, 3, 1, 130, 200, 128,
       130, 120, 2, 0, 2, 5, 0, 86, 137, 1, 66, 68, 0, 0, 64, 32, 136,
       64, 8, 128, 0, 0, 150, 8, 17, 24, 116, 38, 88, 154, 0, 66, 3, 132,
       129, 112, 8, 6, 0, 134, 200, 68, 0, 52, 81, 4, 18, 0, 141, 11, 0,
       0, 2, 40, 64, 6, 38, 241, 68, 33, 129, 16, 16, 2, 0, 79, 130, 2,
       3, 52, 1, 194, 131, 2, 66, 4, 0, 68, 2, 168, 192, 3, 12, 128, 134,
       9, 2, 8, 0, 8, 114, 38, 68, 154, 0, 48, 3, 84, 0, 96, 16, 10, 0,
       28, 1, 206, 17, 36, 80, 0, 32, 24, 4, 10, 128, 96, 1, 56, 8, 68,
       32, 240, 1, 6, 4, 0, 201, 0, 131, 16, 32, 20, 4, 65, 8, 57, 0, 1,
       4, 104, 129, 32, 192, 2, 24, 96, 64, 40, 12, 0, 188, 0, 1, 65,
       148, 96, 16, 32, 49, 0, 4, 168, 197, 2, 26, 134, 64, 96, 192, 64,
       32, 0, 8, 0, 17, 8, 138, 8, 58, 64, 34, 132, 64, 71, 36, 89, 76,
       33, 199, 176, 16, 35, 33, 126, 228, 164, 194, 53, 81, 167, 147,
       66, 234, 212, 3, 96, 201, 129, 198, 51, 76, 136, 164, 9, 82, 12,
       48, 105, 113, 36, 85, 186, 82, 120, 1, 84, 112, 64, 24, 14, 68,
       20, 193, 110, 153, 44, 24, 5, 240, 28, 156, 73, 16, 242, 51, 188,
       88, 86, 32, 250, 2, 2, 1, 130, 0, 0, 2, 5, 2, 2, 2, 4, 1, 6, 145,
       2, 66, 68, 1, 64, 64, 128, 136, 0, 12, 128, 8, 9, 146, 8, 1, 72,
       112, 36, 84, 186, 0, 98, 1, 196, 128, 64, 16, 10, 64, 4, 0, 76,
       16, 36, 16, 0, 32, 24, 132, 9, 128, 96, 1, 184, 72, 6, 32, 240,
       67, 6, 33, 0, 85, 34, 7, 94, 224, 14, 128, 0, 96, 9, 0, 1, 64,
       101, 3, 84, 224, 35, 80, 214, 4, 168, 140, 4, 16, 0, 33, 73, 92,
       44, 148, 186, 90, 32, 5, 68, 88, 64, 24, 143, 193, 112, 128, 78,
       24, 44, 24, 0, 113, 24, 156, 65, 16, 178, 51, 156, 72, 86, 32,
       248, 65, 4, 4, 2, 65, 130, 3, 52, 2, 4, 20, 1, 0, 25, 1, 0, 102,
       71, 0, 36, 192, 35, 128, 96, 8, 160, 140, 12, 16, 8, 1, 73, 212,
       37, 16, 186, 66, 0, 5, 76, 16, 64, 24, 14, 65, 8, 192, 76, 17, 36,
       25, 4, 48, 24, 156, 67, 16, 114, 51, 152, 72, 6, 32, 249, 7, 58,
       197, 38, 60, 56, 157, 90, 240, 188, 218, 119, 236, 55, 139, 3,
       235, 197, 35, 243, 197, 37, 195, 119, 77, 222, 180, 171, 82, 14,
       35, 107, 215, 44, 85, 186, 90, 56, 233, 116, 112, 92, 56, 47, 213,
       16, 245, 111, 153, 172, 24, 1, 240, 29, 156, 73, 16, 242, 51, 189,
       88, 87, 32, 250, 62, 245, 253, 190, 55, 63, 93, 59, 246, 254, 245,
       179, 61, 234, 191, 95, 246, 215, 35, 243, 245, 167, 209, 119, 221,
       219, 241, 107, 83, 24, 241, 235, 199, 44, 85, 190, 90, 120, 225,
       116, 114, 94, 56, 47, 213, 20, 245, 111, 153, 172, 24, 5, 240, 29,
       156, 73, 16, 242, 51, 189, 88, 87, 32, 251 ]
