%YAML:1.0
descriptors: !!opencv-matrix
   rows: 9
   cols: 64
   dt: u
   data: [ 70, 35, 65, 146, 217, 130, 3, 73, 198, 0, 0, 50, 161, 66, 128,
       81, 98, 85, 1, 100, 195, 37, 138, 99, 14, 138, 32, 13, 146, 8, 17,
       8, 86, 38, 84, 154, 66, 112, 5, 84, 0, 64, 24, 11, 65, 28, 193, 7,
       153, 36, 16, 4, 112, 24, 140, 73, 16, 114, 51, 189, 88, 87, 32,
       249, 69, 5, 129, 16, 17, 6, 1, 78, 132, 102, 1, 20, 1, 137, 129,
       6, 130, 84, 1, 96, 130, 162, 192, 35, 76, 128, 132, 9, 18, 8, 0,
       73, 81, 36, 84, 186, 0, 56, 1, 86, 16, 64, 24, 138, 64, 16, 65,
       78, 17, 44, 16, 0, 48, 24, 148, 8, 16, 98, 35, 188, 72, 86, 32,
       248, 70, 1, 65, 146, 17, 2, 5, 78, 134, 34, 1, 48, 17, 142, 164,
       66, 194, 84, 0, 100, 2, 130, 128, 34, 76, 128, 128, 9, 146, 8, 16,
       73, 208, 36, 84, 154, 2, 112, 3, 86, 16, 64, 24, 11, 16, 28, 100,
       140, 17, 44, 16, 4, 48, 24, 132, 11, 16, 96, 33, 60, 72, 84, 32,
       248, 7, 7, 65, 2, 17, 2, 0, 75, 130, 0, 3, 22, 0, 7, 128, 65, 194,
       84, 0, 100, 2, 130, 128, 32, 78, 144, 136, 9, 146, 8, 16, 8, 80,
       36, 85, 154, 64, 112, 3, 84, 32, 80, 24, 11, 4, 28, 228, 12, 17,
       44, 16, 4, 48, 25, 132, 75, 16, 112, 32, 60, 72, 84, 32, 248, 98,
       6, 1, 131, 201, 134, 7, 9, 238, 99, 2, 4, 161, 79, 17, 5, 66, 85,
       9, 96, 200, 35, 139, 108, 78, 192, 44, 47, 146, 8, 17, 78, 85,
       165, 85, 187, 82, 112, 37, 86, 32, 80, 8, 138, 69, 28, 196, 19,
       153, 44, 24, 4, 49, 25, 140, 75, 16, 114, 51, 188, 72, 86, 48,
       248, 250, 253, 255, 223, 255, 239, 223, 185, 255, 125, 253, 255,
       255, 254, 118, 124, 255, 247, 126, 183, 127, 223, 147, 253, 254,
       255, 255, 127, 254, 251, 222, 191, 207, 237, 15, 223, 222, 125,
       255, 127, 121, 221, 231, 255, 221, 61, 253, 181, 237, 215, 153,
       235, 252, 247, 158, 243, 120, 253, 252, 59, 255, 253, 188, 222,
       253, 254, 239, 253, 254, 255, 255, 252, 253, 255, 249, 186, 207,
       253, 255, 207, 251, 253, 123, 111, 255, 223, 222, 253, 79, 255,
       191, 191, 127, 95, 127, 191, 215, 109, 223, 251, 214, 253, 253,
       119, 126, 94, 251, 63, 223, 185, 253, 179, 158, 189, 28, 165, 225,
       253, 159, 125, 216, 254, 123, 223, 223, 215, 56, 182, 187, 252,
       127, 239, 255, 189, 223, 57, 255, 253, 253, 251, 191, 127, 244,
       124, 247, 247, 254, 187, 253, 127, 219, 125, 253, 254, 247, 255,
       126, 251, 255, 255, 143, 237, 143, 119, 255, 249, 249, 255, 127,
       223, 231, 255, 245, 113, 253, 127, 191, 255, 153, 139, 254, 165,
       222, 117, 126, 247, 246, 255, 251, 223, 188, 222, 68, 32, 225,
       144, 16, 6, 33, 110, 128, 102, 131, 52, 65, 134, 147, 66, 234, 68,
       3, 96, 137, 129, 198, 19, 76, 136, 160, 9, 82, 8, 49, 73, 113, 36,
       85, 186, 0, 112, 1, 86, 16, 64, 24, 14, 64, 20, 193, 76, 25, 44,
       24, 4, 112, 28, 148, 73, 16, 242, 35, 188, 72, 70, 32, 240 ]
