%YAML:1.0
descriptors: !!opencv-matrix
   rows: 31
   cols: 64
   dt: u
   data: [ 252, 49, 255, 182, 255, 231, 63, 126, 244, 117, 213, 119, 255,
       255, 178, 84, 251, 213, 99, 103, 233, 167, 195, 119, 78, 218, 188,
       47, 210, 140, 115, 235, 215, 36, 85, 186, 82, 120, 233, 116, 120,
       92, 56, 47, 213, 20, 245, 111, 153, 172, 24, 5, 240, 29, 156, 73,
       16, 242, 51, 189, 88, 87, 32, 250, 125, 51, 245, 182, 255, 183,
       47, 122, 230, 124, 211, 51, 255, 250, 178, 85, 250, 245, 99, 102,
       233, 167, 195, 119, 206, 250, 252, 47, 210, 12, 115, 235, 215, 36,
       85, 190, 82, 120, 233, 124, 112, 92, 56, 47, 213, 20, 245, 79,
       153, 172, 24, 5, 240, 29, 156, 73, 16, 242, 51, 189, 88, 87, 32,
       250, 124, 49, 253, 182, 254, 231, 59, 126, 212, 84, 213, 119, 253,
       126, 146, 68, 251, 213, 99, 100, 241, 39, 195, 247, 78, 234, 180,
       175, 82, 12, 115, 233, 215, 36, 85, 186, 83, 120, 233, 116, 120,
       92, 56, 47, 213, 53, 247, 111, 153, 172, 24, 5, 240, 29, 156, 73,
       16, 242, 51, 189, 88, 87, 32, 250, 255, 59, 255, 183, 255, 183,
       191, 250, 246, 255, 214, 115, 255, 251, 179, 87, 251, 245, 99,
       103, 237, 167, 195, 119, 78, 255, 189, 47, 210, 12, 115, 235, 215,
       36, 85, 186, 82, 120, 233, 116, 112, 92, 56, 47, 213, 20, 245,
       111, 153, 172, 24, 5, 240, 29, 156, 73, 16, 242, 51, 189, 88, 87,
       32, 250, 127, 50, 253, 182, 255, 183, 63, 126, 246, 126, 210, 51,
       237, 251, 179, 87, 250, 213, 99, 98, 249, 39, 195, 119, 78, 249,
       252, 45, 82, 28, 115, 235, 215, 36, 85, 190, 82, 120, 233, 116,
       112, 92, 56, 47, 213, 20, 245, 111, 153, 172, 24, 5, 240, 29, 156,
       73, 16, 242, 51, 189, 88, 87, 32, 250, 223, 187, 207, 245, 62,
       115, 159, 176, 126, 191, 254, 251, 223, 126, 114, 123, 249, 213,
       37, 243, 229, 53, 231, 114, 205, 223, 177, 127, 90, 78, 247, 251,
       215, 44, 85, 186, 90, 120, 233, 244, 112, 92, 56, 47, 213, 20,
       245, 111, 153, 172, 24, 5, 240, 29, 156, 73, 16, 242, 51, 189, 88,
       87, 32, 250, 188, 176, 255, 183, 127, 247, 191, 252, 246, 255,
       252, 251, 255, 127, 178, 116, 251, 215, 99, 99, 245, 103, 195,
       246, 205, 255, 245, 191, 90, 95, 247, 235, 223, 36, 85, 190, 83,
       120, 233, 116, 120, 92, 56, 47, 213, 53, 247, 111, 153, 172, 24,
       5, 240, 29, 156, 73, 16, 242, 51, 189, 88, 87, 32, 250, 253, 158,
       254, 187, 254, 127, 191, 240, 60, 255, 126, 159, 143, 255, 251,
       239, 235, 213, 97, 98, 253, 165, 199, 122, 79, 255, 185, 47, 218,
       15, 51, 251, 247, 36, 85, 186, 83, 122, 233, 116, 240, 92, 56, 46,
       213, 22, 247, 109, 153, 172, 24, 5, 240, 29, 157, 73, 16, 242, 51,
       189, 88, 87, 32, 250, 191, 241, 253, 255, 55, 247, 223, 248, 254,
       255, 253, 251, 255, 126, 182, 127, 251, 247, 39, 115, 229, 55,
       195, 118, 205, 255, 247, 127, 83, 94, 247, 107, 215, 44, 85, 190,
       90, 120, 233, 116, 114, 94, 56, 47, 213, 20, 245, 111, 153, 172,
       24, 5, 240, 29, 156, 73, 16, 242, 51, 189, 88, 87, 34, 251, 76,
       34, 231, 177, 88, 166, 35, 100, 0, 230, 195, 20, 209, 165, 155,
       66, 202, 93, 3, 102, 200, 165, 194, 51, 76, 200, 140, 141, 64, 12,
       49, 203, 87, 36, 85, 186, 16, 122, 197, 84, 48, 84, 24, 46, 69,
       12, 193, 111, 153, 44, 24, 5, 241, 29, 156, 73, 16, 226, 51, 189,
       72, 86, 32, 250, 127, 48, 237, 182, 127, 167, 59, 126, 244, 124,
       214, 53, 253, 238, 177, 87, 226, 245, 3, 100, 225, 39, 195, 119,
       78, 232, 172, 15, 82, 12, 113, 235, 215, 36, 85, 186, 82, 120,
       225, 124, 120, 92, 24, 15, 213, 20, 229, 79, 153, 172, 24, 5, 240,
       29, 156, 73, 16, 242, 51, 189, 88, 87, 32, 250, 127, 50, 253, 182,
       127, 183, 63, 122, 246, 126, 214, 49, 237, 123, 185, 85, 242, 213,
       99, 118, 241, 39, 195, 119, 206, 232, 236, 143, 82, 28, 241, 235,
       215, 44, 85, 190, 82, 120, 233, 116, 120, 92, 56, 47, 213, 21,
       245, 111, 153, 172, 24, 5, 240, 29, 156, 73, 16, 242, 51, 189, 88,
       87, 32, 250, 35, 7, 65, 130, 221, 128, 7, 8, 166, 66, 0, 48, 161,
       75, 160, 69, 194, 85, 1, 96, 192, 34, 136, 102, 78, 128, 0, 13,
       146, 8, 17, 73, 82, 38, 84, 154, 66, 112, 5, 84, 32, 64, 24, 11,
       64, 20, 196, 71, 16, 44, 16, 4, 48, 24, 140, 9, 16, 98, 34, 188,
       72, 86, 32, 248, 98, 0, 129, 146, 201, 134, 7, 77, 230, 100, 1, 4,
       185, 237, 51, 6, 226, 85, 1, 100, 202, 39, 195, 103, 76, 192, 172,
       13, 18, 8, 17, 73, 215, 37, 85, 186, 66, 120, 5, 86, 16, 80, 24,
       14, 85, 28, 229, 79, 153, 44, 24, 5, 112, 25, 156, 75, 16, 242,
       51, 189, 88, 86, 32, 250, 60, 51, 125, 182, 125, 191, 191, 121,
       246, 126, 211, 112, 237, 127, 144, 84, 242, 207, 67, 98, 245, 35,
       195, 246, 204, 250, 228, 255, 82, 28, 225, 235, 223, 44, 85, 190,
       83, 56, 233, 116, 120, 92, 56, 175, 213, 49, 247, 111, 153, 172,
       24, 1, 240, 29, 156, 73, 16, 242, 51, 189, 88, 87, 32, 250, 252,
       62, 255, 253, 254, 255, 251, 253, 253, 255, 223, 190, 223, 252,
       251, 238, 187, 253, 123, 111, 191, 223, 254, 189, 223, 255, 190,
       191, 249, 215, 127, 191, 207, 47, 247, 255, 222, 255, 253, 127,
       124, 125, 247, 62, 255, 191, 255, 179, 191, 172, 191, 255, 211,
       255, 148, 124, 244, 254, 249, 255, 255, 223, 121, 246, 68, 15,
       131, 17, 200, 134, 6, 71, 168, 33, 2, 6, 194, 229, 147, 2, 202,
       69, 41, 102, 206, 173, 202, 35, 78, 194, 30, 47, 144, 8, 2, 74,
       87, 39, 85, 187, 0, 48, 103, 86, 32, 112, 8, 142, 77, 24, 101,
       131, 25, 44, 24, 0, 81, 89, 140, 11, 16, 104, 33, 189, 72, 84, 49,
       250, 250, 253, 255, 223, 255, 239, 223, 191, 223, 253, 252, 255,
       191, 254, 254, 252, 255, 215, 127, 119, 255, 159, 231, 127, 255,
       255, 255, 127, 255, 219, 254, 239, 199, 111, 53, 255, 222, 117,
       253, 125, 123, 221, 247, 63, 221, 60, 253, 255, 221, 172, 219,
       141, 250, 191, 156, 203, 112, 254, 123, 251, 219, 93, 54, 254, 98,
       0, 193, 147, 207, 134, 3, 13, 230, 100, 17, 4, 185, 239, 49, 84,
       226, 85, 17, 100, 200, 39, 202, 109, 78, 192, 172, 15, 18, 8, 17,
       111, 215, 37, 85, 187, 82, 120, 37, 86, 16, 64, 8, 10, 209, 28,
       193, 15, 153, 172, 24, 5, 112, 24, 156, 75, 16, 114, 51, 189, 88,
       86, 48, 248, 70, 2, 195, 147, 217, 130, 7, 72, 142, 99, 0, 26,
       147, 198, 179, 64, 66, 85, 57, 102, 202, 45, 138, 105, 78, 194,
       58, 47, 146, 9, 17, 79, 87, 167, 84, 187, 82, 248, 103, 86, 64,
       96, 8, 10, 69, 28, 201, 147, 25, 44, 24, 4, 113, 24, 156, 75, 16,
       120, 51, 189, 72, 85, 48, 248, 255, 254, 255, 231, 255, 255, 255,
       216, 255, 255, 250, 251, 239, 255, 251, 253, 251, 245, 191, 127,
       255, 207, 191, 125, 239, 255, 127, 63, 223, 91, 123, 255, 247,
       239, 125, 223, 118, 255, 255, 247, 255, 92, 234, 127, 223, 139,
       125, 177, 237, 253, 94, 181, 221, 247, 143, 239, 208, 252, 244,
       47, 222, 93, 177, 190, 35, 54, 64, 2, 223, 128, 7, 8, 230, 65,
       144, 115, 173, 75, 160, 85, 98, 247, 5, 112, 193, 38, 153, 100,
       70, 152, 96, 13, 146, 24, 97, 41, 86, 46, 86, 154, 66, 112, 1,
       212, 65, 64, 24, 11, 64, 80, 192, 71, 144, 36, 24, 4, 96, 24, 140,
       73, 16, 50, 51, 188, 88, 87, 32, 248, 115, 16, 208, 150, 223, 130,
       7, 10, 230, 96, 21, 112, 175, 111, 160, 85, 242, 247, 32, 116,
       192, 39, 195, 103, 70, 194, 232, 15, 18, 8, 81, 105, 215, 36, 20,
       186, 82, 120, 105, 116, 80, 88, 24, 11, 209, 20, 245, 79, 153,
       172, 24, 5, 240, 24, 156, 73, 16, 242, 51, 189, 88, 87, 32, 248,
       39, 54, 81, 130, 157, 128, 7, 8, 230, 70, 0, 48, 173, 75, 128, 85,
       98, 246, 1, 96, 193, 34, 129, 103, 68, 128, 32, 13, 18, 8, 1, 105,
       86, 36, 84, 154, 66, 120, 1, 84, 0, 64, 24, 139, 64, 16, 228, 79,
       144, 36, 24, 4, 96, 24, 156, 73, 16, 114, 51, 156, 88, 87, 32,
       248, 115, 51, 213, 150, 127, 150, 15, 74, 230, 68, 19, 50, 189,
       123, 178, 84, 242, 215, 32, 100, 193, 39, 195, 119, 206, 216, 252,
       13, 18, 8, 113, 105, 215, 36, 85, 190, 82, 120, 225, 92, 112, 92,
