%YAML:1.0
descriptors: !!opencv-matrix
   rows: 9
   cols: 64
   dt: u
   data: [ 122, 253, 255, 222, 55, 95, 93, 15, 231, 198, 189, 186, 63,
       238, 191, 223, 255, 247, 114, 255, 55, 255, 209, 103, 255, 247,
       247, 125, 51, 250, 222, 169, 198, 46, 231, 223, 202, 124, 251,
       125, 48, 219, 245, 233, 191, 124, 181, 110, 215, 174, 146, 207,
       178, 25, 244, 87, 57, 247, 120, 127, 123, 253, 185, 250, 168, 138,
       175, 169, 202, 253, 163, 253, 221, 253, 206, 223, 209, 60, 251,
       236, 219, 253, 251, 106, 252, 19, 254, 220, 127, 125, 28, 166,
       237, 215, 63, 255, 205, 195, 67, 120, 119, 243, 237, 62, 249, 21,
       118, 54, 85, 167, 62, 241, 189, 92, 239, 61, 215, 159, 136, 80,
       118, 200, 175, 173, 195, 15, 44, 222, 243, 240, 92, 134, 255, 155,
       159, 40, 126, 69, 61, 122, 189, 122, 244, 84, 246, 215, 20, 244,
       193, 39, 129, 116, 238, 222, 249, 127, 210, 27, 213, 105, 215, 44,
       84, 190, 90, 120, 169, 244, 82, 223, 24, 15, 209, 28, 244, 77,
       153, 172, 24, 5, 248, 29, 156, 73, 16, 242, 51, 188, 88, 87, 34,
       249, 76, 35, 229, 176, 16, 119, 32, 231, 128, 138, 194, 52, 81,
       164, 155, 194, 202, 72, 67, 102, 97, 161, 196, 146, 76, 136, 164,
       129, 64, 132, 48, 200, 112, 36, 69, 186, 81, 114, 193, 84, 184,
       84, 16, 14, 68, 37, 195, 110, 153, 44, 24, 1, 240, 29, 156, 73,
       16, 226, 51, 189, 72, 86, 32, 242, 39, 54, 64, 2, 221, 128, 3, 72,
       166, 0, 2, 112, 160, 11, 128, 21, 98, 229, 1, 96, 193, 6, 129,
       101, 70, 152, 168, 13, 18, 8, 33, 105, 85, 36, 84, 186, 66, 56, 1,
       84, 64, 64, 24, 139, 192, 0, 244, 77, 152, 172, 24, 0, 240, 24,
       156, 73, 16, 114, 51, 188, 88, 87, 32, 248, 4, 33, 225, 144, 16,
       5, 41, 111, 128, 198, 195, 52, 81, 134, 145, 66, 202, 84, 3, 100,
       65, 32, 192, 19, 12, 136, 164, 9, 80, 12, 48, 8, 66, 36, 85, 186,
       16, 120, 1, 84, 48, 64, 16, 46, 196, 20, 225, 110, 25, 172, 24, 5,
       240, 29, 156, 73, 16, 242, 51, 185, 72, 86, 32, 242, 60, 177, 253,
       222, 54, 127, 249, 119, 247, 220, 87, 213, 93, 126, 188, 102, 251,
       222, 99, 99, 245, 63, 193, 247, 249, 42, 164, 223, 120, 221, 245,
       235, 215, 44, 85, 190, 223, 120, 249, 125, 120, 93, 189, 47, 212,
       52, 247, 111, 153, 172, 25, 5, 240, 29, 156, 73, 16, 242, 51, 189,
       89, 87, 32, 250, 63, 182, 125, 190, 63, 189, 189, 122, 247, 254,
       215, 241, 237, 123, 185, 85, 242, 254, 67, 115, 245, 118, 209,
       247, 205, 186, 228, 219, 90, 92, 245, 235, 223, 44, 215, 190, 219,
       120, 233, 117, 120, 92, 59, 47, 212, 53, 247, 111, 153, 172, 24,
       5, 240, 29, 156, 73, 16, 242, 51, 189, 90, 215, 40, 250, 60, 177,
       125, 246, 62, 181, 253, 122, 247, 254, 213, 241, 125, 123, 180,
       86, 242, 214, 67, 99, 245, 118, 193, 247, 205, 170, 228, 155, 122,
       217, 117, 235, 215, 44, 85, 190, 211, 120, 249, 125, 120, 93, 57,
       47, 244, 53, 245, 111, 153, 172, 24, 5, 240, 29, 156, 73, 16, 242,
       51, 189, 120, 87, 32, 250 ]
