%YAML:1.0
descriptors: !!opencv-matrix
   rows: 11
   cols: 64
   dt: u
   data: [ 63, 190, 236, 167, 63, 253, 149, 60, 127, 252, 222, 245, 189,
       63, 121, 245, 253, 246, 65, 243, 245, 112, 211, 115, 205, 254,
       224, 123, 122, 95, 245, 239, 215, 36, 87, 186, 95, 122, 233, 124,
       112, 93, 122, 47, 212, 21, 247, 111, 153, 172, 24, 5, 240, 29,
       156, 73, 16, 242, 51, 189, 90, 87, 32, 250, 63, 182, 125, 231, 63,
       189, 187, 121, 255, 254, 215, 247, 253, 123, 249, 85, 246, 247,
       67, 243, 245, 114, 211, 246, 221, 190, 245, 255, 126, 94, 245,
       235, 223, 44, 87, 190, 218, 122, 233, 125, 248, 92, 58, 47, 213,
       53, 247, 111, 153, 172, 24, 5, 240, 29, 156, 73, 16, 242, 51, 189,
       90, 87, 32, 250, 60, 241, 125, 254, 54, 189, 253, 120, 247, 222,
       213, 251, 253, 127, 180, 84, 246, 215, 67, 99, 245, 118, 195, 246,
       237, 190, 229, 251, 122, 222, 245, 235, 223, 108, 87, 190, 218,
       120, 249, 125, 120, 93, 57, 47, 212, 53, 245, 111, 153, 172, 24,
       5, 240, 29, 156, 73, 24, 242, 51, 189, 88, 87, 32, 250, 55, 245,
       125, 222, 55, 149, 221, 123, 247, 214, 181, 242, 253, 123, 180,
       87, 246, 214, 34, 107, 199, 46, 193, 119, 205, 158, 231, 123, 82,
       60, 245, 105, 215, 36, 85, 190, 82, 120, 233, 117, 112, 94, 57,
       47, 212, 20, 245, 111, 153, 172, 24, 5, 240, 29, 156, 73, 16, 242,
       51, 189, 88, 87, 32, 250, 68, 34, 227, 145, 88, 2, 43, 206, 0,
       238, 131, 52, 65, 131, 147, 66, 130, 85, 3, 98, 139, 133, 206, 59,
       14, 136, 170, 15, 82, 12, 49, 79, 113, 36, 84, 187, 16, 252, 37,
       86, 16, 64, 24, 14, 195, 28, 193, 25, 25, 44, 24, 5, 97, 28, 148,
       72, 144, 226, 49, 188, 76, 86, 32, 242, 252, 179, 255, 183, 255,
       247, 191, 249, 254, 127, 249, 123, 255, 255, 178, 124, 251, 213,
       127, 119, 253, 167, 227, 246, 206, 255, 253, 175, 210, 30, 115,
       171, 223, 45, 85, 191, 82, 120, 237, 116, 120, 92, 56, 47, 213,
       61, 245, 111, 153, 172, 24, 5, 240, 29, 156, 73, 16, 242, 51, 189,
       88, 87, 32, 250, 68, 32, 227, 144, 88, 70, 5, 79, 134, 230, 1, 54,
       211, 206, 178, 78, 235, 85, 35, 99, 139, 167, 202, 35, 78, 195,
       180, 47, 18, 8, 19, 75, 215, 36, 85, 186, 2, 120, 97, 86, 48, 72,
       32, 47, 213, 28, 229, 111, 153, 172, 24, 5, 240, 25, 156, 73, 16,
       242, 51, 189, 88, 86, 32, 250, 252, 255, 255, 253, 126, 127, 249,
       255, 253, 253, 254, 191, 127, 254, 251, 238, 251, 221, 251, 111,
       125, 223, 255, 191, 255, 239, 255, 191, 255, 223, 126, 255, 251,
       111, 117, 255, 214, 127, 253, 253, 254, 93, 251, 62, 223, 175, 75,
       247, 255, 173, 223, 157, 251, 191, 159, 77, 244, 252, 107, 255,
       223, 78, 63, 255, 250, 217, 254, 223, 255, 15, 223, 171, 223, 125,
       125, 251, 191, 250, 118, 92, 255, 215, 124, 183, 246, 31, 179,
       127, 254, 255, 255, 63, 255, 251, 222, 239, 199, 109, 22, 255,
       222, 125, 255, 255, 83, 223, 229, 127, 217, 28, 253, 239, 205,
       164, 155, 141, 250, 62, 156, 203, 112, 254, 114, 187, 251, 93, 50,
       255, 255, 255, 255, 255, 255, 255, 255, 249, 255, 255, 253, 251,
       255, 255, 254, 253, 251, 247, 127, 127, 127, 223, 183, 124, 255,
       255, 255, 255, 255, 127, 254, 191, 250, 109, 254, 223, 222, 119,
       253, 247, 223, 223, 251, 63, 219, 191, 252, 181, 237, 183, 214,
       173, 235, 255, 135, 255, 248, 252, 121, 223, 255, 223, 62, 189,
       35, 55, 81, 146, 221, 128, 3, 72, 198, 67, 2, 114, 161, 75, 128,
       85, 98, 213, 5, 68, 195, 32, 137, 102, 78, 138, 32, 13, 146, 8,
       33, 41, 82, 38, 84, 186, 66, 112, 5, 212, 64, 64, 24, 11, 64, 4,
       193, 71, 152, 44, 16, 4, 96, 24, 140, 73, 16, 114, 51, 189, 88,
       86, 32, 248 ]
