%YAML:1.0
descriptors: !!opencv-matrix
   rows: 11
   cols: 64
   dt: u
   data: [ 63, 178, 237, 166, 63, 253, 157, 60, 127, 252, 222, 245, 253,
       127, 57, 85, 253, 254, 65, 243, 245, 112, 195, 115, 205, 190, 224,
       251, 126, 95, 245, 239, 215, 36, 85, 186, 95, 120, 233, 124, 116,
       93, 122, 47, 212, 21, 247, 111, 153, 172, 24, 5, 242, 29, 156, 73,
       16, 242, 51, 189, 90, 87, 32, 250, 63, 182, 125, 174, 63, 189,
       187, 120, 254, 254, 214, 247, 237, 127, 185, 85, 246, 255, 67,
       115, 245, 102, 211, 246, 205, 190, 245, 255, 94, 94, 247, 235,
       223, 44, 87, 190, 95, 120, 233, 117, 120, 92, 58, 47, 213, 53,
       247, 111, 153, 172, 24, 5, 240, 29, 156, 73, 16, 242, 51, 189, 90,
       87, 32, 250, 62, 241, 125, 254, 62, 189, 253, 121, 247, 254, 213,
       251, 253, 123, 180, 95, 242, 247, 99, 115, 245, 118, 211, 247,
       221, 190, 229, 251, 122, 223, 245, 235, 215, 108, 87, 190, 218,
       120, 249, 125, 124, 93, 57, 47, 212, 53, 247, 111, 153, 172, 24,
       5, 240, 29, 156, 77, 24, 242, 51, 189, 90, 87, 32, 250, 108, 33,
       225, 176, 16, 167, 35, 127, 196, 228, 194, 53, 81, 142, 153, 70,
       234, 92, 3, 98, 225, 33, 192, 55, 76, 136, 164, 141, 82, 12, 49,
       235, 215, 36, 85, 186, 18, 120, 1, 116, 120, 84, 24, 46, 85, 21,
       195, 111, 153, 172, 24, 5, 240, 29, 156, 73, 16, 242, 51, 189, 88,
       86, 32, 250, 120, 191, 255, 220, 114, 127, 245, 119, 247, 220,
       222, 149, 95, 253, 251, 238, 255, 253, 251, 47, 246, 127, 212,
       247, 251, 111, 230, 212, 109, 214, 254, 235, 207, 123, 67, 188,
       222, 122, 250, 125, 252, 61, 247, 230, 253, 167, 247, 238, 191,
       172, 141, 219, 242, 29, 159, 93, 111, 254, 127, 255, 251, 255,
       205, 254, 124, 47, 239, 216, 114, 127, 119, 127, 245, 252, 222,
       181, 95, 253, 255, 238, 251, 253, 251, 111, 117, 247, 212, 183,
       95, 239, 156, 149, 121, 222, 126, 233, 218, 36, 87, 186, 214, 122,
       221, 124, 120, 93, 58, 47, 213, 183, 229, 110, 191, 172, 157, 13,
       240, 29, 156, 93, 52, 246, 123, 189, 91, 214, 40, 250, 61, 191,
       253, 223, 62, 221, 217, 117, 255, 252, 215, 253, 253, 126, 249,
       244, 255, 242, 226, 171, 247, 122, 215, 255, 249, 63, 247, 250,
       108, 223, 223, 239, 207, 122, 67, 52, 222, 218, 250, 125, 125, 29,
       239, 103, 244, 244, 247, 111, 187, 254, 137, 79, 246, 13, 152, 93,
       63, 211, 254, 175, 251, 255, 173, 222, 125, 191, 255, 253, 126,
       255, 255, 127, 253, 253, 222, 249, 255, 253, 189, 205, 191, 255,
       251, 251, 247, 127, 219, 255, 251, 127, 247, 246, 125, 247, 253,
       239, 223, 251, 239, 53, 255, 253, 248, 125, 125, 125, 251, 239,
       255, 241, 255, 107, 191, 254, 169, 223, 245, 253, 158, 221, 127,
       223, 247, 239, 243, 255, 221, 254, 249, 62, 255, 215, 254, 247,
       123, 253, 253, 255, 245, 187, 255, 249, 179, 206, 251, 245, 123,
       111, 254, 255, 254, 191, 223, 235, 191, 191, 123, 217, 119, 239,
       223, 39, 119, 255, 214, 253, 253, 127, 248, 92, 235, 191, 219, 60,
       249, 179, 157, 172, 24, 141, 241, 189, 156, 79, 80, 254, 115, 191,
       223, 87, 40, 255, 67, 150, 4, 35, 221, 176, 162, 24, 56, 59, 194,
       79, 172, 89, 1, 17, 102, 239, 153, 176, 232, 103, 139, 120, 66,
       216, 120, 166, 254, 65, 225, 71, 95, 225, 217, 49, 117, 179, 45,
       34, 205, 84, 74, 142, 65, 65, 250, 81, 184, 92, 24, 36, 245, 229,
       156, 233, 22, 254, 183, 180, 210, 87, 52, 124, 247, 85, 120, 150,
       55, 6, 31, 11, 166, 70, 61, 50, 61, 234, 180, 87, 242, 214, 4,
       100, 3, 162, 129, 38, 76, 150, 225, 9, 210, 56, 240, 41, 210, 36,
       20, 158, 66, 112, 129, 212, 18, 202, 24, 11, 208, 28, 228, 12,
       153, 172, 16, 5, 96, 25, 148, 73, 16, 242, 49, 188, 88, 86, 34,
       249 ]
