%YAML:1.0
descriptors: !!opencv-matrix
   rows: 21
   cols: 64
   dt: u
   data: [ 5, 38, 68, 0, 217, 162, 163, 122, 160, 16, 130, 119, 224, 89,
       128, 1, 98, 101, 131, 68, 193, 7, 136, 241, 6, 40, 8, 5, 144, 12,
       33, 65, 93, 38, 84, 186, 16, 48, 5, 20, 213, 84, 26, 134, 64, 97,
       192, 197, 24, 36, 24, 4, 240, 28, 140, 9, 16, 32, 35, 156, 72, 7,
       36, 120, 101, 39, 225, 148, 85, 134, 3, 126, 194, 68, 131, 54,
       225, 79, 131, 69, 226, 85, 1, 102, 195, 45, 194, 99, 14, 138, 160,
       13, 18, 8, 16, 9, 87, 38, 85, 186, 64, 120, 65, 84, 16, 80, 24,
       14, 197, 12, 229, 79, 152, 44, 24, 5, 112, 28, 156, 73, 16, 114,
       51, 189, 72, 87, 32, 250, 50, 1, 129, 22, 3, 130, 27, 46, 198, 2,
       147, 52, 49, 8, 17, 22, 54, 18, 66, 84, 130, 35, 195, 7, 28, 128,
       228, 13, 2, 184, 68, 40, 6, 44, 5, 190, 2, 40, 2, 76, 160, 64, 21,
       8, 128, 112, 161, 78, 19, 166, 153, 1, 32, 24, 124, 81, 8, 34, 59,
       249, 40, 6, 32, 67, 3, 21, 25, 18, 23, 2, 29, 10, 66, 6, 1, 0, 32,
       10, 32, 19, 102, 86, 4, 5, 2, 32, 192, 3, 12, 144, 160, 9, 18, 40,
       16, 41, 64, 36, 148, 154, 2, 104, 3, 209, 0, 192, 60, 9, 130, 20,
       164, 78, 17, 172, 16, 4, 32, 24, 180, 67, 16, 50, 50, 28, 88, 20,
       32, 186, 35, 36, 37, 0, 4, 134, 7, 124, 192, 4, 151, 52, 105, 45,
       16, 4, 66, 36, 67, 80, 240, 98, 80, 199, 28, 160, 132, 140, 34,
       156, 65, 200, 143, 12, 195, 190, 136, 40, 9, 72, 12, 16, 16, 129,
       212, 112, 165, 79, 50, 44, 137, 8, 240, 25, 92, 17, 40, 50, 19,
       184, 40, 215, 108, 90, 130, 1, 8, 18, 7, 72, 24, 6, 134, 2, 49,
       128, 0, 128, 54, 19, 13, 2, 32, 149, 2, 162, 96, 2, 0, 147, 149,
       72, 3, 168, 2, 0, 128, 60, 195, 136, 10, 8, 194, 64, 32, 24, 52,
       41, 148, 84, 165, 108, 17, 136, 16, 1, 48, 25, 116, 18, 17, 51,
       48, 49, 48, 80, 64, 234, 1, 6, 5, 32, 221, 162, 35, 88, 160, 12,
       128, 69, 192, 73, 4, 1, 66, 109, 131, 64, 224, 34, 24, 245, 68,
       184, 12, 132, 24, 0, 33, 64, 93, 8, 211, 168, 1, 32, 9, 32, 109,
       0, 26, 135, 64, 113, 180, 75, 56, 52, 24, 0, 224, 24, 14, 1, 28,
       130, 23, 132, 0, 87, 36, 120, 131, 6, 0, 6, 5, 0, 5, 16, 130, 5,
       3, 65, 2, 25, 0, 1, 108, 98, 4, 129, 0, 2, 33, 68, 0, 49, 29, 10,
       20, 8, 0, 0, 20, 44, 32, 16, 64, 8, 2, 136, 65, 128, 40, 135, 128,
       96, 60, 76, 0, 16, 80, 4, 32, 2, 130, 3, 48, 80, 32, 4, 64, 21, 4,
       234, 6, 1, 9, 146, 0, 2, 8, 71, 134, 2, 1, 20, 17, 130, 145, 2,
       66, 16, 0, 68, 2, 162, 192, 2, 12, 128, 164, 9, 2, 136, 16, 8, 64,
       4, 6, 186, 0, 104, 1, 84, 0, 64, 20, 8, 18, 20, 0, 76, 17, 44, 16,
       0, 32, 24, 148, 8, 144, 98, 49, 184, 72, 22, 32, 241, 70, 32, 8,
       146, 2, 2, 10, 7, 70, 34, 19, 52, 49, 130, 147, 82, 72, 16, 0,
       208, 139, 129, 193, 6, 12, 128, 168, 13, 2, 136, 17, 72, 65, 44,
       68, 186, 74, 120, 1, 86, 128, 64, 20, 8, 18, 28, 128, 76, 19, 44,
       16, 5, 32, 25, 148, 73, 128, 114, 49, 184, 72, 86, 32, 227, 1, 2,
       1, 0, 0, 64, 128, 38, 0, 134, 2, 6, 0, 5, 19, 2, 13, 40, 193, 0,
       64, 0, 64, 192, 24, 49, 20, 0, 0, 130, 2, 0, 76, 16, 195, 32, 25,
       8, 8, 8, 36, 32, 48, 161, 20, 112, 52, 104, 50, 8, 169, 0, 145, 9,
       88, 16, 47, 0, 2, 33, 0, 211, 72, 74, 39, 53, 49, 50, 22, 4, 12,
       71, 194, 14, 41, 48, 64, 6, 176, 87, 227, 212, 3, 64, 193, 34,
       193, 23, 76, 136, 164, 9, 82, 12, 49, 104, 196, 36, 20, 186, 82,
       120, 1, 116, 112, 72, 48, 47, 212, 20, 165, 78, 153, 172, 24, 5,
       240, 28, 156, 65, 16, 242, 51, 188, 88, 86, 32, 248, 131, 64, 0,
       130, 21, 0, 1, 24, 2, 0, 180, 114, 32, 27, 128, 1, 66, 84, 4, 16,
       64, 0, 161, 96, 0, 128, 8, 1, 146, 8, 1, 25, 56, 36, 148, 154, 66,
       80, 1, 148, 147, 194, 24, 14, 0, 2, 64, 76, 0, 53, 17, 4, 24, 24,
       199, 1, 16, 32, 32, 28, 8, 22, 38, 25, 33, 6, 68, 2, 136, 4, 131,
       64, 176, 20, 6, 69, 8, 59, 128, 5, 66, 96, 135, 32, 208, 2, 25,
       116, 80, 168, 12, 0, 190, 8, 1, 81, 180, 44, 64, 176, 82, 18, 9,
       156, 213, 84, 24, 134, 64, 96, 144, 69, 57, 44, 24, 12, 240, 24,
       136, 1, 48, 96, 34, 156, 74, 23, 32, 248, 1, 0, 0, 130, 25, 128,
       2, 88, 2, 2, 128, 48, 32, 2, 128, 1, 66, 84, 1, 64, 192, 32, 192,
       67, 4, 128, 160, 13, 18, 8, 1, 73, 85, 36, 20, 186, 2, 120, 1, 84,
       144, 64, 24, 14, 64, 4, 192, 79, 17, 44, 24, 4, 48, 24, 156, 73,
       16, 50, 51, 156, 72, 23, 32, 249, 188, 50, 247, 183, 184, 180,
       173, 205, 224, 191, 227, 115, 231, 115, 147, 83, 250, 212, 39, 99,
       233, 36, 239, 125, 204, 155, 245, 171, 82, 13, 241, 254, 119, 164,
       84, 190, 82, 248, 161, 118, 120, 92, 120, 14, 208, 5, 211, 79,
       153, 172, 24, 5, 240, 29, 157, 73, 16, 242, 51, 157, 88, 87, 32,
       254, 189, 254, 119, 233, 188, 252, 171, 216, 249, 255, 202, 255,
       237, 63, 219, 253, 235, 252, 143, 107, 237, 96, 207, 124, 77, 220,
       184, 179, 223, 79, 123, 255, 245, 228, 93, 186, 119, 251, 233,
       118, 222, 92, 90, 190, 212, 131, 250, 113, 152, 237, 28, 5, 240,
       157, 159, 73, 16, 242, 179, 188, 222, 87, 34, 254, 31, 178, 205,
       166, 63, 249, 153, 62, 118, 188, 214, 245, 125, 63, 59, 243, 249,
       214, 65, 243, 229, 32, 199, 119, 205, 170, 224, 155, 90, 77, 241,
       235, 215, 44, 85, 186, 91, 122, 233, 116, 240, 92, 56, 46, 212,
       21, 243, 111, 153, 172, 24, 5, 240, 29, 156, 73, 16, 242, 51, 189,
       88, 87, 32, 250, 56, 190, 253, 254, 62, 253, 253, 127, 247, 254,
       214, 245, 125, 126, 185, 214, 255, 246, 99, 107, 245, 114, 215,
       255, 253, 171, 228, 223, 126, 221, 245, 239, 223, 44, 87, 190,
       215, 122, 249, 125, 120, 93, 123, 47, 212, 165, 247, 111, 187,
       172, 152, 13, 240, 29, 156, 89, 48, 242, 123, 189, 219, 223, 40,
       254, 84, 33, 241, 180, 16, 2, 33, 110, 194, 100, 193, 52, 65, 199,
       147, 82, 226, 212, 3, 102, 75, 168, 192, 51, 76, 136, 160, 9, 82,
       8, 48, 41, 82, 36, 84, 186, 82, 112, 1, 84, 16, 64, 24, 14, 192,
       20, 193, 78, 153, 44, 24, 5, 112, 28, 156, 73, 16, 242, 51, 189,
       88, 70, 32, 248, 62, 49, 253, 150, 55, 151, 93, 126, 230, 196,
       151, 244, 125, 126, 176, 86, 254, 215, 66, 119, 215, 55, 193, 119,
       221, 186, 228, 93, 114, 152, 212, 41, 214, 44, 87, 190, 90, 120,
       201, 124, 112, 93, 60, 47, 213, 20, 245, 110, 153, 172, 24, 5,
       240, 29, 156, 73, 16, 242, 51, 189, 88, 87, 32, 250 ]
