%YAML:1.0
descriptors: !!opencv-matrix
   rows: 18
   cols: 64
   dt: u
   data: [ 64, 3, 130, 18, 0, 2, 4, 7, 0, 0, 2, 4, 0, 196, 3, 2, 72, 1,
       1, 132, 192, 5, 66, 131, 18, 0, 148, 4, 0, 136, 0, 64, 7, 6, 65,
       170, 16, 8, 5, 72, 32, 32, 16, 130, 69, 80, 1, 206, 17, 44, 8, 0,
       48, 24, 24, 0, 0, 98, 19, 177, 8, 81, 0, 74, 131, 1, 0, 2, 205,
       128, 2, 8, 34, 1, 0, 67, 160, 67, 2, 17, 100, 35, 1, 212, 64, 39,
       3, 66, 6, 138, 96, 13, 146, 8, 1, 0, 22, 38, 20, 186, 2, 0, 1,
       196, 65, 66, 24, 11, 192, 80, 129, 79, 17, 36, 24, 4, 112, 24,
       156, 73, 16, 50, 51, 148, 24, 87, 32, 105, 195, 4, 0, 54, 221,
       130, 2, 8, 2, 41, 0, 99, 162, 203, 128, 17, 98, 71, 5, 68, 200,
       143, 170, 105, 6, 138, 40, 15, 146, 8, 33, 77, 83, 167, 20, 187,
       0, 32, 5, 198, 193, 66, 24, 10, 73, 24, 200, 213, 8, 36, 88, 4,
       97, 26, 140, 203, 16, 48, 35, 152, 8, 70, 48, 121, 62, 186, 253,
       162, 127, 255, 183, 120, 254, 220, 222, 119, 253, 127, 251, 117,
       251, 223, 99, 114, 245, 103, 195, 247, 205, 254, 241, 255, 126,
       94, 243, 235, 223, 44, 87, 190, 91, 122, 233, 116, 124, 92, 56,
       47, 213, 53, 247, 111, 153, 172, 24, 5, 240, 29, 156, 73, 16, 242,
       51, 189, 88, 87, 32, 250, 254, 253, 125, 222, 54, 255, 95, 121,
       255, 215, 253, 254, 255, 126, 254, 254, 251, 215, 119, 103, 117,
       119, 243, 246, 221, 255, 245, 127, 115, 222, 246, 169, 214, 44,
       87, 190, 218, 120, 233, 253, 114, 95, 61, 47, 213, 54, 245, 111,
       159, 172, 152, 13, 242, 29, 156, 89, 16, 242, 51, 189, 89, 87, 42,
       251, 246, 49, 243, 151, 246, 71, 91, 239, 198, 239, 209, 54, 247,
       194, 147, 82, 250, 213, 51, 103, 75, 173, 231, 54, 206, 203, 254,
       47, 210, 8, 114, 59, 115, 37, 20, 191, 82, 116, 193, 212, 80, 72,
       17, 14, 201, 28, 193, 94, 153, 172, 24, 5, 240, 30, 156, 73, 16,
       242, 49, 189, 92, 86, 32, 250, 76, 238, 239, 169, 114, 127, 167,
       245, 189, 254, 234, 154, 217, 60, 255, 239, 203, 221, 107, 108,
       244, 213, 194, 240, 77, 253, 189, 165, 89, 70, 51, 235, 213, 36,
       85, 186, 82, 120, 233, 116, 120, 92, 56, 47, 213, 151, 247, 109,
       153, 172, 24, 5, 240, 29, 156, 73, 16, 242, 51, 189, 88, 87, 32,
       250, 94, 50, 113, 161, 252, 176, 175, 88, 192, 47, 211, 118, 205,
       5, 145, 81, 226, 205, 11, 96, 233, 37, 130, 120, 76, 220, 184,
       175, 210, 14, 49, 251, 87, 36, 93, 187, 82, 120, 41, 86, 96, 64,
       24, 14, 197, 12, 244, 29, 152, 172, 24, 5, 240, 28, 156, 73, 16,
       242, 51, 157, 88, 87, 32, 242, 255, 57, 255, 246, 118, 35, 127,
       254, 214, 253, 245, 179, 127, 234, 146, 90, 250, 213, 55, 103,
       237, 173, 231, 55, 206, 203, 243, 175, 82, 12, 114, 235, 243, 36,
       20, 186, 82, 120, 225, 244, 80, 94, 57, 47, 209, 20, 193, 111,
       153, 172, 24, 5, 240, 29, 156, 73, 16, 242, 51, 189, 88, 86, 32,
       250, 254, 249, 255, 255, 118, 127, 123, 255, 223, 255, 253, 190,
       127, 238, 255, 254, 251, 213, 127, 111, 127, 255, 231, 55, 255,
       255, 247, 189, 219, 223, 254, 187, 242, 44, 23, 255, 222, 127,
       249, 245, 250, 223, 245, 63, 215, 22, 229, 110, 159, 172, 30, 133,
       248, 29, 157, 89, 208, 242, 123, 189, 93, 94, 34, 251, 63, 246,
       125, 254, 63, 253, 191, 121, 253, 126, 253, 251, 253, 123, 252,
       253, 243, 253, 103, 115, 245, 114, 209, 118, 221, 255, 245, 187,
       123, 223, 119, 235, 223, 108, 87, 190, 219, 120, 249, 125, 126,
       95, 58, 47, 213, 55, 247, 111, 153, 172, 24, 13, 240, 29, 157, 73,
       24, 242, 51, 189, 90, 215, 40, 251, 252, 177, 255, 246, 54, 39,
       249, 254, 214, 223, 245, 243, 255, 234, 150, 94, 242, 213, 39,
       103, 103, 173, 227, 119, 206, 138, 182, 175, 82, 12, 116, 235,
       215, 36, 20, 186, 82, 120, 225, 244, 80, 78, 57, 47, 209, 20, 209,
       111, 153, 172, 24, 5, 240, 29, 156, 73, 16, 242, 51, 189, 88, 87,
       32, 251, 126, 57, 255, 254, 55, 119, 125, 127, 119, 246, 213, 176,
       127, 254, 182, 94, 251, 223, 97, 103, 247, 189, 195, 51, 221, 255,
       243, 253, 83, 222, 246, 233, 215, 36, 85, 186, 83, 120, 249, 116,
       112, 93, 57, 47, 213, 21, 247, 111, 153, 172, 24, 5, 240, 29, 156,
       73, 16, 242, 51, 189, 88, 87, 32, 250, 61, 178, 255, 247, 62, 117,
       251, 252, 254, 252, 214, 119, 253, 127, 155, 244, 250, 212, 67,
       99, 245, 41, 199, 126, 205, 170, 244, 155, 94, 77, 119, 239, 247,
       36, 85, 190, 86, 122, 233, 117, 216, 92, 27, 46, 213, 21, 241,
       111, 153, 172, 24, 5, 240, 29, 156, 73, 16, 242, 51, 189, 88, 87,
       32, 250, 60, 177, 253, 254, 55, 127, 253, 127, 247, 252, 212, 245,
       125, 126, 190, 94, 255, 222, 99, 99, 245, 63, 193, 247, 221, 255,
       244, 223, 122, 222, 247, 235, 223, 36, 87, 190, 83, 120, 233, 124,
       120, 93, 60, 47, 213, 53, 247, 111, 153, 172, 24, 5, 240, 29, 156,
       73, 16, 242, 51, 189, 88, 87, 32, 250, 3, 6, 64, 2, 157, 128, 5,
       72, 34, 0, 2, 32, 32, 75, 160, 21, 98, 116, 1, 64, 193, 34, 129,
       98, 68, 128, 32, 9, 18, 8, 1, 65, 86, 36, 84, 186, 64, 112, 1, 84,
       64, 64, 24, 11, 64, 64, 192, 79, 16, 44, 24, 4, 112, 24, 156, 73,
       16, 114, 51, 156, 72, 87, 32, 248, 63, 183, 253, 254, 63, 253, 29,
       126, 247, 254, 223, 176, 125, 127, 191, 215, 255, 246, 99, 114,
       245, 115, 211, 119, 221, 255, 245, 127, 122, 94, 247, 235, 223,
       44, 215, 190, 218, 120, 233, 125, 120, 93, 56, 47, 213, 53, 245,
       111, 153, 172, 24, 5, 240, 29, 156, 73, 16, 242, 51, 189, 88, 215,
       40, 250, 83, 17, 211, 150, 18, 2, 25, 14, 230, 132, 21, 17, 63,
       235, 178, 82, 238, 215, 32, 103, 66, 45, 225, 39, 78, 138, 176,
       13, 82, 8, 16, 41, 214, 36, 20, 186, 82, 120, 65, 84, 80, 72, 56,
       15, 201, 20, 193, 110, 153, 172, 24, 5, 240, 24, 156, 73, 16, 242,
       51, 189, 88, 87, 32, 250 ]
