%YAML:1.0
descriptors: !!opencv-matrix
   rows: 8
   cols: 64
   dt: u
   data: [ 5, 0, 65, 2, 145, 0, 1, 72, 0, 0, 0, 48, 0, 3, 128, 1, 66, 68,
       1, 4, 64, 128, 136, 32, 78, 128, 8, 1, 146, 8, 0, 9, 80, 38, 20,
       154, 0, 112, 5, 148, 1, 66, 24, 10, 0, 20, 64, 128, 1, 36, 80, 4,
       1, 26, 132, 10, 16, 96, 32, 28, 72, 4, 32, 177, 62, 180, 125, 255,
       63, 189, 255, 121, 255, 255, 245, 249, 253, 122, 189, 86, 255,
       255, 99, 123, 245, 119, 211, 127, 253, 255, 245, 255, 126, 223,
       245, 239, 215, 44, 215, 190, 223, 120, 249, 125, 120, 93, 123, 47,
       213, 53, 247, 111, 155, 172, 152, 13, 240, 29, 156, 89, 16, 242,
       51, 189, 251, 215, 40, 254, 61, 183, 253, 254, 62, 189, 253, 115,
       244, 252, 86, 245, 221, 127, 185, 69, 242, 254, 99, 99, 245, 110,
       211, 255, 217, 62, 166, 251, 124, 93, 245, 239, 223, 44, 87, 190,
       215, 120, 249, 117, 120, 92, 58, 47, 212, 117, 247, 111, 185, 172,
       24, 5, 240, 29, 156, 73, 16, 242, 51, 189, 90, 87, 32, 250, 62,
       253, 255, 254, 62, 191, 253, 123, 245, 252, 253, 253, 255, 126,
       180, 126, 247, 255, 99, 107, 245, 127, 211, 255, 253, 254, 231,
       255, 127, 215, 245, 239, 215, 108, 87, 190, 223, 120, 249, 125,
       122, 95, 255, 47, 213, 53, 247, 111, 185, 172, 152, 13, 240, 29,
       156, 93, 16, 242, 115, 191, 123, 95, 42, 251, 60, 185, 255, 254,
       54, 255, 253, 127, 247, 252, 213, 245, 127, 254, 189, 222, 255,
       222, 227, 123, 245, 127, 211, 247, 253, 255, 247, 255, 127, 223,
       246, 235, 223, 108, 119, 190, 223, 120, 249, 125, 120, 221, 255,
       47, 245, 53, 247, 111, 187, 174, 153, 79, 240, 29, 156, 93, 52,
       242, 127, 255, 123, 223, 44, 250, 7, 34, 65, 130, 209, 0, 3, 72,
       0, 0, 0, 48, 1, 3, 128, 65, 66, 84, 1, 100, 65, 128, 128, 32, 12,
       128, 8, 9, 146, 8, 0, 9, 112, 36, 20, 154, 0, 112, 5, 212, 0, 64,
       24, 10, 64, 12, 64, 132, 0, 36, 16, 4, 32, 24, 132, 9, 16, 32, 33,
       156, 72, 70, 32, 177, 7, 0, 65, 130, 217, 128, 7, 72, 130, 0, 2,
       114, 161, 10, 128, 65, 98, 84, 5, 64, 64, 32, 136, 96, 12, 144, 8,
       9, 146, 8, 1, 9, 80, 38, 20, 154, 0, 112, 5, 212, 1, 64, 24, 11,
       64, 4, 64, 197, 1, 36, 16, 4, 32, 24, 140, 9, 16, 48, 34, 156, 72,
       22, 32, 248, 5, 38, 65, 130, 209, 0, 3, 72, 128, 64, 130, 52, 33,
       11, 128, 65, 194, 84, 1, 100, 65, 0, 128, 96, 76, 136, 8, 9, 146,
       8, 32, 9, 112, 36, 84, 154, 0, 114, 5, 148, 129, 64, 24, 10, 64,
       4, 64, 132, 0, 36, 80, 4, 0, 26, 133, 9, 16, 96, 33, 188, 72, 6,
       32, 176 ]
