%YAML:1.0
descriptors: !!opencv-matrix
   rows: 17
   cols: 64
   dt: u
   data: [ 64, 3, 130, 18, 0, 2, 4, 7, 0, 32, 2, 4, 0, 198, 3, 2, 8, 1,
       1, 132, 192, 133, 66, 131, 2, 0, 128, 4, 0, 136, 0, 64, 7, 6, 65,
       170, 16, 8, 1, 64, 32, 32, 16, 128, 69, 80, 129, 206, 24, 44, 8,
       0, 48, 24, 24, 0, 0, 98, 19, 177, 8, 80, 64, 106, 3, 1, 0, 6, 205,
       128, 2, 8, 34, 1, 0, 67, 160, 73, 2, 17, 100, 35, 1, 212, 64, 45,
       3, 66, 6, 138, 96, 13, 146, 8, 1, 1, 22, 38, 16, 186, 2, 32, 1,
       196, 65, 66, 24, 11, 192, 80, 129, 79, 17, 36, 24, 4, 112, 24,
       156, 65, 16, 50, 51, 149, 24, 87, 32, 105, 195, 4, 0, 54, 217,
       130, 2, 8, 2, 41, 0, 99, 162, 195, 128, 17, 98, 71, 5, 68, 200,
       173, 170, 104, 6, 138, 40, 15, 146, 8, 33, 77, 83, 167, 20, 187,
       0, 32, 5, 198, 193, 66, 24, 10, 73, 24, 200, 213, 8, 36, 88, 4,
       97, 26, 140, 203, 16, 56, 35, 152, 8, 70, 48, 121, 254, 249, 125,
       220, 54, 255, 95, 121, 255, 215, 253, 254, 255, 126, 254, 254,
       255, 215, 119, 103, 117, 119, 243, 246, 221, 255, 245, 127, 115,
       222, 246, 169, 214, 44, 87, 190, 218, 120, 233, 253, 114, 223, 61,
       47, 213, 54, 245, 111, 159, 172, 152, 13, 242, 29, 156, 89, 16,
       242, 51, 189, 89, 87, 42, 251, 246, 49, 243, 151, 246, 71, 91,
       239, 198, 229, 213, 54, 247, 194, 147, 94, 251, 213, 51, 103, 75,
       173, 231, 55, 206, 203, 190, 45, 210, 12, 114, 59, 243, 37, 20,
       191, 82, 112, 193, 212, 80, 72, 17, 14, 201, 28, 201, 14, 153,
       172, 24, 5, 240, 30, 156, 73, 16, 242, 49, 189, 88, 86, 32, 250,
       76, 238, 237, 169, 114, 127, 167, 245, 189, 254, 238, 154, 217,
       60, 255, 238, 203, 221, 107, 108, 244, 213, 194, 240, 93, 253,
       189, 165, 89, 198, 51, 235, 213, 36, 85, 186, 82, 120, 233, 116,
       120, 92, 56, 47, 213, 151, 246, 109, 153, 172, 24, 5, 240, 29,
       156, 73, 16, 242, 51, 189, 88, 87, 32, 250, 94, 50, 113, 161, 252,
       176, 175, 88, 192, 63, 211, 118, 205, 5, 145, 81, 226, 205, 11,
       96, 233, 37, 130, 120, 76, 220, 184, 175, 214, 14, 49, 251, 87,
       36, 93, 187, 82, 120, 41, 86, 96, 64, 24, 14, 197, 12, 244, 29,
       152, 172, 24, 5, 240, 28, 156, 73, 16, 242, 51, 157, 88, 87, 32,
       242, 255, 57, 255, 246, 118, 35, 127, 254, 214, 253, 245, 179,
       127, 234, 178, 90, 251, 213, 55, 103, 237, 173, 231, 55, 206, 219,
       243, 47, 82, 12, 114, 235, 211, 36, 84, 186, 82, 120, 225, 244,
       80, 94, 56, 47, 209, 20, 193, 111, 153, 172, 24, 5, 240, 29, 156,
       73, 16, 242, 51, 189, 88, 86, 32, 250, 254, 249, 255, 255, 118,
       127, 123, 255, 223, 255, 253, 190, 127, 238, 255, 254, 251, 215,
       127, 111, 127, 255, 231, 55, 255, 255, 247, 189, 219, 223, 254,
       187, 242, 44, 21, 255, 222, 127, 249, 245, 250, 223, 253, 63, 215,
       22, 229, 126, 159, 172, 30, 133, 248, 29, 157, 89, 208, 246, 123,
       189, 93, 94, 34, 251, 60, 185, 247, 182, 27, 111, 161, 127, 116,
       124, 198, 117, 125, 126, 187, 84, 251, 221, 225, 98, 245, 37, 195,
       115, 79, 218, 176, 143, 90, 78, 51, 235, 215, 36, 85, 186, 87,
       120, 233, 116, 112, 93, 56, 47, 213, 21, 247, 111, 153, 172, 24,
       5, 240, 29, 156, 73, 16, 242, 51, 189, 88, 87, 32, 250, 253, 177,
       255, 246, 54, 39, 249, 254, 214, 223, 245, 243, 255, 234, 146, 94,
       242, 213, 39, 103, 103, 175, 227, 119, 206, 138, 182, 143, 82, 12,
       116, 235, 215, 36, 20, 190, 82, 120, 225, 244, 88, 94, 57, 47,
       209, 20, 209, 111, 153, 172, 24, 5, 240, 29, 156, 73, 16, 242, 51,
       189, 88, 87, 32, 251, 254, 249, 255, 255, 54, 127, 125, 255, 255,
       255, 253, 187, 127, 254, 255, 254, 251, 213, 127, 111, 127, 255,
       247, 55, 253, 255, 247, 189, 123, 255, 254, 187, 194, 44, 55, 255,
       222, 125, 249, 125, 122, 223, 245, 127, 247, 55, 245, 110, 159,
       172, 159, 143, 248, 29, 156, 93, 80, 246, 123, 255, 123, 222, 42,
       251, 61, 178, 247, 247, 62, 101, 251, 252, 254, 252, 214, 119,
       125, 127, 155, 244, 250, 212, 67, 99, 245, 41, 199, 126, 205, 170,
       244, 155, 90, 77, 119, 239, 247, 36, 85, 190, 86, 122, 233, 117,
       217, 92, 27, 46, 213, 21, 241, 111, 153, 172, 24, 5, 240, 29, 156,
       73, 16, 242, 51, 189, 88, 87, 32, 250, 60, 177, 253, 254, 55, 127,
       253, 127, 117, 252, 212, 245, 125, 127, 191, 86, 251, 223, 97, 99,
       245, 125, 193, 243, 221, 255, 240, 223, 122, 222, 247, 235, 223,
       36, 87, 186, 83, 120, 249, 124, 120, 93, 60, 47, 213, 21, 247,
       111, 153, 172, 24, 5, 240, 29, 156, 73, 24, 242, 51, 189, 88, 87,
       32, 250, 3, 6, 64, 2, 153, 128, 5, 72, 34, 0, 2, 32, 32, 75, 160,
       21, 98, 116, 1, 64, 193, 34, 129, 98, 68, 128, 32, 9, 18, 8, 1,
       65, 86, 36, 84, 186, 0, 112, 1, 84, 64, 64, 24, 11, 64, 64, 196,
       79, 16, 44, 24, 4, 112, 24, 156, 73, 16, 114, 51, 156, 72, 87, 32,
       120, 61, 183, 253, 254, 63, 255, 191, 124, 246, 252, 223, 241,
       125, 127, 190, 85, 255, 246, 99, 115, 245, 115, 211, 119, 221,
       255, 245, 127, 122, 222, 247, 235, 223, 44, 87, 190, 210, 120,
       233, 124, 120, 93, 56, 47, 213, 53, 245, 111, 153, 172, 24, 5,
       240, 29, 156, 73, 16, 242, 51, 189, 88, 87, 32, 250, 83, 17, 211,
       150, 2, 2, 25, 14, 230, 132, 21, 17, 63, 235, 146, 82, 238, 215,
       32, 103, 66, 45, 225, 39, 78, 138, 176, 13, 82, 8, 16, 41, 214,
       36, 20, 186, 82, 120, 65, 84, 80, 72, 56, 15, 201, 20, 193, 110,
       153, 172, 24, 5, 240, 24, 156, 73, 16, 242, 51, 189, 88, 87, 32,
       250 ]
