%YAML:1.0
descriptors: !!opencv-matrix
   rows: 11
   cols: 64
   dt: u
   data: [ 63, 50, 117, 165, 255, 181, 187, 248, 246, 125, 210, 119, 237,
       123, 179, 85, 242, 220, 67, 98, 225, 32, 135, 126, 204, 170, 224,
       219, 218, 77, 241, 255, 247, 36, 84, 190, 82, 112, 233, 244, 88,
       92, 26, 14, 192, 5, 195, 79, 153, 172, 24, 5, 240, 28, 156, 73,
       16, 242, 51, 157, 88, 87, 32, 248, 63, 247, 125, 252, 63, 189, 95,
       121, 255, 127, 245, 250, 253, 120, 244, 87, 246, 245, 71, 115,
       247, 114, 211, 118, 221, 255, 247, 123, 122, 254, 245, 235, 215,
       44, 87, 190, 218, 120, 249, 125, 120, 95, 125, 47, 213, 20, 245,
       111, 153, 172, 24, 5, 242, 29, 156, 89, 16, 242, 51, 189, 88, 215,
       40, 250, 60, 185, 255, 254, 62, 127, 125, 127, 247, 254, 253, 245,
       127, 254, 182, 126, 255, 222, 99, 99, 245, 125, 193, 247, 221,
       239, 246, 223, 123, 221, 247, 235, 223, 44, 87, 190, 223, 120,
       249, 124, 120, 93, 125, 47, 213, 53, 247, 111, 153, 172, 24, 5,
       240, 29, 156, 73, 16, 242, 51, 189, 90, 87, 32, 250, 63, 246, 125,
       255, 255, 189, 191, 120, 252, 125, 254, 123, 253, 123, 252, 85,
       251, 253, 103, 114, 245, 98, 147, 118, 221, 255, 245, 191, 254,
       95, 119, 235, 215, 44, 87, 190, 211, 120, 233, 125, 124, 93, 58,
       47, 213, 49, 247, 111, 153, 172, 24, 13, 240, 29, 156, 73, 48,
       242, 51, 189, 90, 215, 32, 250, 4, 33, 193, 144, 16, 2, 0, 71, 0,
       2, 1, 52, 81, 130, 147, 66, 202, 84, 1, 100, 1, 128, 196, 3, 12,
       128, 128, 9, 2, 8, 48, 8, 112, 36, 20, 186, 0, 112, 1, 84, 128,
       64, 16, 10, 64, 20, 64, 76, 25, 44, 16, 4, 48, 24, 148, 9, 144,
       98, 33, 184, 72, 6, 32, 241, 61, 29, 254, 246, 63, 103, 249, 254,
       180, 252, 214, 117, 63, 123, 147, 70, 234, 221, 99, 99, 245, 47,
       199, 119, 77, 170, 180, 31, 90, 77, 113, 235, 223, 36, 85, 186,
       87, 122, 233, 116, 216, 92, 58, 46, 209, 53, 211, 111, 153, 172,
       24, 5, 240, 29, 156, 73, 16, 242, 51, 189, 88, 87, 32, 250, 191,
       54, 125, 247, 255, 189, 251, 248, 254, 253, 214, 119, 237, 127,
       219, 85, 242, 213, 7, 99, 229, 41, 195, 126, 205, 250, 242, 191,
       222, 31, 115, 255, 215, 36, 85, 190, 86, 122, 233, 117, 216, 92,
       27, 14, 209, 5, 241, 111, 153, 172, 24, 5, 240, 29, 157, 73, 16,
       242, 51, 189, 88, 87, 32, 250, 35, 6, 64, 2, 153, 128, 1, 72, 166,
       64, 0, 48, 160, 11, 128, 5, 98, 116, 1, 96, 192, 2, 129, 100, 68,
       128, 32, 9, 18, 8, 1, 9, 84, 36, 84, 154, 64, 48, 1, 84, 0, 66,
       24, 139, 64, 16, 192, 69, 16, 36, 16, 4, 32, 24, 140, 73, 16, 114,
       51, 156, 72, 87, 32, 249, 252, 191, 255, 253, 62, 127, 249, 255,
       253, 252, 222, 245, 127, 254, 251, 238, 251, 252, 251, 107, 245,
       255, 244, 183, 255, 239, 246, 159, 127, 223, 126, 255, 255, 111,
       119, 254, 214, 122, 249, 125, 254, 93, 251, 62, 221, 167, 243,
       111, 189, 173, 223, 141, 242, 31, 159, 93, 52, 246, 123, 255, 251,
       31, 42, 254, 30, 177, 221, 190, 55, 99, 176, 95, 246, 152, 212,
       181, 125, 86, 191, 83, 255, 223, 35, 243, 197, 39, 195, 119, 205,
       219, 244, 205, 82, 76, 183, 232, 215, 44, 87, 190, 91, 120, 233,
       116, 120, 93, 56, 47, 213, 85, 247, 111, 153, 172, 24, 5, 240, 29,
       156, 73, 16, 242, 51, 189, 88, 87, 32, 250, 191, 245, 125, 255,
       63, 189, 255, 120, 255, 255, 253, 251, 253, 122, 244, 95, 246,
       247, 119, 123, 253, 119, 211, 118, 253, 255, 247, 255, 123, 255,
       247, 235, 215, 44, 86, 254, 218, 121, 249, 253, 122, 223, 121, 47,
       209, 21, 245, 111, 153, 172, 24, 5, 248, 29, 156, 93, 16, 242, 51,
       189, 123, 215, 42, 251 ]
