%YAML:1.0
descriptors: !!opencv-matrix
   rows: 8
   cols: 64
   dt: u
   data: [ 35, 4, 0, 2, 9, 128, 1, 8, 198, 0, 1, 0, 32, 10, 128, 21, 98,
       86, 0, 32, 192, 34, 129, 100, 76, 144, 32, 9, 18, 8, 17, 105, 148,
       36, 84, 154, 2, 80, 1, 84, 0, 64, 24, 11, 64, 20, 224, 77, 145,
       36, 16, 4, 48, 24, 156, 73, 16, 114, 50, 188, 88, 87, 32, 249, 61,
       182, 125, 190, 191, 189, 191, 121, 254, 124, 254, 123, 253, 127,
       189, 85, 251, 246, 67, 98, 245, 98, 211, 126, 221, 255, 245, 251,
       122, 223, 247, 239, 223, 44, 87, 190, 210, 120, 233, 125, 124, 93,
       122, 175, 212, 53, 245, 111, 153, 172, 24, 13, 240, 29, 156, 73,
       48, 242, 51, 189, 218, 87, 32, 250, 62, 185, 255, 254, 62, 255,
       253, 126, 247, 254, 212, 241, 125, 126, 191, 94, 255, 222, 99,
       243, 245, 55, 195, 247, 221, 171, 228, 223, 90, 221, 245, 235,
       223, 44, 87, 190, 95, 120, 233, 124, 120, 93, 123, 47, 213, 53,
       247, 111, 153, 172, 24, 5, 240, 29, 156, 73, 16, 242, 51, 189, 90,
       87, 32, 250, 63, 183, 125, 244, 63, 189, 95, 121, 255, 255, 255,
       250, 253, 126, 188, 87, 251, 245, 67, 115, 245, 114, 210, 118,
       221, 255, 247, 123, 122, 222, 119, 235, 215, 44, 87, 190, 210,
       120, 249, 125, 124, 93, 125, 47, 213, 53, 245, 111, 153, 172, 24,
       5, 242, 29, 156, 73, 16, 242, 51, 189, 88, 87, 40, 250, 63, 245,
       125, 255, 63, 181, 223, 121, 255, 255, 253, 250, 253, 107, 180,
       87, 246, 247, 103, 115, 253, 118, 211, 126, 205, 255, 247, 127,
       90, 127, 247, 235, 215, 44, 215, 190, 210, 120, 249, 117, 122, 94,
       57, 47, 213, 20, 245, 111, 153, 172, 24, 5, 240, 29, 156, 73, 16,
       242, 51, 189, 88, 87, 32, 250, 191, 246, 125, 255, 191, 189, 255,
       120, 255, 255, 253, 251, 253, 122, 244, 95, 246, 247, 103, 115,
       253, 119, 211, 118, 221, 255, 245, 255, 122, 255, 247, 235, 215,
       44, 87, 190, 210, 120, 233, 125, 122, 95, 121, 47, 213, 21, 247,
       111, 153, 172, 24, 5, 240, 29, 156, 73, 16, 242, 51, 189, 88, 87,
       32, 251, 68, 35, 65, 128, 16, 2, 1, 78, 0, 66, 1, 52, 65, 130,
       129, 66, 66, 68, 1, 100, 1, 128, 132, 0, 12, 128, 136, 9, 18, 8,
       48, 9, 112, 36, 20, 154, 0, 112, 1, 212, 128, 64, 24, 10, 64, 12,
       64, 204, 17, 44, 16, 4, 32, 24, 132, 9, 128, 96, 33, 152, 72, 6,
       32, 241, 7, 6, 64, 2, 153, 128, 3, 72, 34, 0, 0, 114, 160, 11,
       128, 17, 98, 68, 5, 96, 65, 0, 136, 96, 76, 128, 40, 9, 146, 8, 1,
       9, 16, 36, 20, 154, 0, 112, 1, 212, 129, 66, 24, 10, 64, 16, 192,
       68, 0, 36, 16, 4, 32, 24, 140, 9, 16, 112, 34, 156, 72, 70, 32,
       249 ]
