%YAML:1.0
descriptors: !!opencv-matrix
   rows: 21
   cols: 64
   dt: u
   data: [ 64, 3, 130, 18, 1, 2, 4, 7, 0, 32, 2, 6, 0, 196, 3, 2, 72, 1,
       1, 132, 192, 5, 66, 195, 18, 0, 144, 4, 0, 136, 0, 64, 15, 6, 65,
       170, 16, 8, 1, 72, 32, 32, 16, 130, 69, 80, 1, 207, 17, 44, 8, 0,
       48, 24, 88, 0, 0, 98, 19, 177, 8, 81, 0, 74, 131, 5, 128, 6, 205,
       130, 2, 8, 2, 1, 0, 67, 162, 67, 6, 17, 102, 7, 5, 84, 64, 45,
       131, 98, 6, 138, 48, 15, 146, 8, 0, 1, 214, 39, 20, 186, 66, 32,
       5, 196, 65, 66, 24, 11, 193, 16, 225, 79, 17, 36, 24, 4, 112, 24,
       156, 73, 16, 114, 51, 189, 24, 87, 32, 249, 3, 135, 128, 18, 9,
       130, 6, 6, 2, 33, 1, 192, 146, 98, 4, 2, 8, 1, 32, 209, 194, 37,
       67, 67, 64, 83, 145, 46, 0, 8, 1, 64, 151, 38, 64, 170, 0, 8, 107,
       106, 96, 56, 56, 41, 213, 84, 181, 111, 17, 172, 24, 4, 240, 25,
       152, 9, 16, 242, 51, 181, 24, 83, 32, 74, 195, 6, 0, 54, 201, 130,
       2, 8, 2, 41, 0, 67, 162, 203, 128, 17, 98, 5, 5, 68, 200, 173,
       170, 104, 6, 138, 40, 15, 146, 8, 33, 79, 83, 167, 20, 187, 0, 32,
       5, 198, 193, 66, 24, 10, 73, 24, 200, 213, 8, 36, 88, 4, 97, 26,
       140, 203, 16, 56, 35, 156, 8, 70, 48, 121, 62, 186, 253, 162, 127,
       255, 183, 121, 254, 220, 222, 119, 253, 127, 251, 117, 251, 255,
       99, 242, 245, 103, 211, 247, 205, 254, 241, 255, 126, 94, 243,
       235, 223, 44, 87, 190, 91, 122, 233, 116, 124, 92, 56, 47, 213,
       53, 247, 111, 153, 172, 24, 5, 240, 29, 156, 73, 16, 242, 51, 189,
       88, 87, 32, 250, 254, 249, 125, 222, 54, 255, 91, 121, 255, 215,
       253, 254, 255, 122, 254, 254, 243, 215, 119, 103, 117, 119, 243,
       246, 221, 255, 245, 127, 115, 222, 246, 169, 214, 44, 87, 190,
       218, 120, 233, 253, 114, 95, 61, 47, 213, 54, 245, 111, 159, 172,
       152, 13, 242, 29, 156, 89, 16, 242, 51, 189, 89, 87, 42, 251, 246,
       49, 243, 151, 246, 71, 91, 239, 198, 231, 209, 54, 247, 194, 147,
       82, 250, 213, 51, 103, 75, 173, 231, 54, 206, 203, 254, 47, 210,
       8, 114, 59, 115, 37, 20, 191, 82, 116, 193, 212, 80, 72, 17, 14,
       201, 28, 193, 30, 153, 172, 24, 5, 240, 30, 156, 73, 16, 242, 49,
       189, 92, 86, 32, 248, 76, 238, 237, 169, 114, 127, 167, 245, 189,
       254, 238, 154, 217, 60, 255, 238, 203, 221, 107, 108, 244, 213,
       194, 240, 93, 253, 189, 165, 89, 70, 51, 235, 213, 36, 85, 186,
       82, 120, 233, 116, 120, 92, 56, 47, 213, 151, 247, 109, 153, 172,
       24, 5, 240, 29, 156, 73, 16, 242, 51, 189, 88, 87, 32, 250, 94,
       50, 113, 161, 252, 176, 175, 88, 224, 63, 211, 118, 205, 5, 145,
       81, 226, 205, 11, 96, 233, 37, 130, 120, 76, 220, 184, 175, 214,
       14, 49, 251, 87, 36, 221, 187, 82, 120, 41, 86, 96, 64, 24, 14,
       197, 12, 244, 29, 152, 172, 24, 5, 240, 28, 156, 73, 16, 242, 51,
       157, 88, 87, 32, 242, 252, 190, 255, 255, 127, 127, 241, 255, 253,
       252, 254, 255, 127, 255, 251, 238, 251, 253, 251, 107, 245, 127,
       247, 247, 127, 235, 244, 191, 127, 223, 127, 255, 255, 109, 87,
       254, 215, 122, 249, 124, 250, 93, 122, 62, 221, 167, 243, 111,
       189, 173, 159, 13, 240, 29, 159, 77, 48, 246, 59, 189, 91, 95, 38,
       251, 255, 49, 255, 246, 118, 35, 127, 254, 214, 253, 245, 179,
       127, 234, 146, 90, 250, 213, 55, 103, 237, 173, 231, 55, 206, 203,
       243, 47, 82, 12, 114, 235, 243, 36, 20, 186, 82, 120, 225, 244,
       80, 94, 56, 47, 209, 20, 193, 111, 153, 172, 24, 5, 240, 29, 156,
       73, 16, 242, 51, 189, 88, 86, 32, 251, 252, 253, 255, 255, 118,
       127, 121, 255, 255, 252, 255, 191, 127, 254, 255, 254, 251, 213,
       123, 111, 125, 255, 247, 183, 223, 255, 247, 191, 251, 223, 126,
       251, 251, 44, 87, 254, 214, 122, 249, 124, 250, 93, 125, 63, 213,
       55, 229, 110, 157, 172, 154, 13, 242, 29, 157, 73, 16, 246, 123,
       189, 91, 86, 42, 250, 60, 191, 247, 182, 59, 111, 161, 127, 116,
       124, 198, 117, 125, 126, 187, 84, 251, 221, 225, 98, 245, 37, 195,
       115, 79, 250, 176, 143, 122, 78, 115, 235, 215, 36, 85, 186, 87,
       122, 233, 116, 112, 93, 56, 47, 213, 21, 247, 111, 153, 172, 24,
       5, 240, 29, 156, 73, 16, 242, 51, 189, 88, 87, 32, 250, 63, 246,
       125, 254, 63, 253, 127, 121, 253, 126, 253, 251, 253, 123, 252,
       127, 243, 245, 103, 115, 245, 114, 209, 118, 221, 255, 245, 187,
       123, 223, 119, 235, 215, 44, 87, 190, 218, 120, 249, 125, 126, 95,
       58, 175, 213, 55, 245, 111, 153, 172, 24, 13, 240, 29, 156, 73,
       24, 242, 51, 189, 90, 215, 42, 251, 254, 49, 255, 246, 54, 39,
       121, 255, 214, 255, 245, 243, 255, 202, 146, 94, 242, 213, 39,
       103, 111, 173, 227, 119, 204, 138, 182, 191, 82, 12, 116, 235,
       215, 36, 20, 190, 82, 120, 225, 245, 88, 78, 57, 47, 209, 20, 193,
       111, 153, 172, 24, 5, 240, 29, 156, 73, 16, 242, 51, 189, 88, 86,
       32, 251, 126, 177, 255, 254, 55, 103, 125, 111, 215, 206, 213,
       178, 127, 238, 182, 94, 251, 215, 99, 103, 103, 191, 193, 119,
       205, 223, 243, 109, 82, 156, 246, 233, 215, 36, 21, 190, 82, 120,
       233, 116, 112, 92, 189, 47, 213, 21, 245, 110, 153, 172, 24, 5,
       240, 29, 156, 73, 16, 242, 51, 189, 88, 87, 32, 250, 254, 249,
       255, 255, 54, 127, 125, 255, 255, 255, 253, 187, 127, 254, 255,
       254, 251, 213, 127, 111, 127, 255, 247, 55, 253, 255, 247, 189,
       123, 255, 126, 185, 194, 44, 55, 255, 222, 125, 249, 125, 122,
       223, 245, 127, 215, 55, 245, 110, 159, 172, 158, 143, 248, 29,
       156, 93, 16, 246, 123, 255, 123, 222, 42, 251, 60, 189, 253, 254,
       54, 127, 121, 127, 247, 222, 213, 181, 125, 255, 190, 94, 251,
       223, 99, 99, 245, 117, 193, 247, 221, 255, 245, 221, 122, 222,
       246, 233, 223, 36, 85, 190, 91, 120, 249, 124, 120, 93, 57, 47,
       213, 53, 247, 111, 153, 172, 24, 5, 240, 29, 156, 73, 16, 242, 51,
       189, 88, 87, 32, 250, 61, 186, 247, 247, 254, 119, 187, 252, 254,
       252, 214, 117, 125, 127, 155, 244, 251, 212, 67, 98, 245, 41, 199,
       126, 205, 170, 244, 155, 222, 77, 119, 239, 247, 36, 85, 190, 86,
       114, 233, 116, 216, 92, 27, 14, 213, 23, 241, 111, 153, 172, 24,
       5, 240, 29, 156, 73, 16, 242, 51, 189, 88, 87, 32, 250, 63, 183,
       253, 254, 63, 253, 93, 126, 247, 254, 223, 176, 125, 127, 191, 87,
       255, 246, 99, 114, 245, 115, 211, 119, 221, 255, 245, 127, 122,
       94, 247, 235, 223, 44, 87, 190, 218, 120, 233, 125, 120, 93, 56,
       47, 213, 53, 245, 111, 153, 172, 24, 5, 240, 29, 156, 73, 16, 242,
       51, 189, 88, 215, 32, 250, 83, 17, 211, 150, 2, 2, 25, 14, 230,
       132, 21, 17, 63, 235, 146, 82, 238, 215, 32, 103, 66, 45, 225, 39,
       78, 138, 176, 13, 82, 8, 16, 41, 214, 36, 20, 186, 82, 120, 65,
       84, 80, 72, 56, 15, 201, 20, 193, 110, 153, 172, 24, 5, 240, 24,
       156, 73, 16, 242, 51, 189, 88, 87, 32, 250 ]
