%YAML:1.0
descriptors: !!opencv-matrix
   rows: 9
   cols: 64
   dt: u
   data: [ 63, 246, 125, 190, 63, 189, 191, 121, 255, 126, 253, 251, 253,
       123, 189, 85, 251, 246, 99, 114, 245, 114, 211, 118, 221, 191,
       245, 59, 123, 223, 245, 235, 215, 44, 87, 190, 210, 120, 233, 125,
       120, 95, 121, 47, 212, 53, 245, 111, 153, 172, 24, 13, 240, 29,
       156, 89, 48, 242, 51, 189, 90, 215, 40, 250, 191, 50, 125, 247,
       191, 177, 187, 120, 246, 127, 241, 115, 237, 107, 176, 85, 242,
       215, 7, 115, 229, 32, 195, 126, 204, 138, 226, 27, 90, 13, 245,
       235, 247, 36, 84, 190, 82, 120, 225, 245, 80, 78, 27, 14, 208, 21,
       209, 79, 153, 172, 24, 5, 240, 29, 156, 73, 16, 242, 51, 189, 88,
       87, 32, 249, 63, 247, 125, 254, 63, 189, 95, 121, 255, 127, 253,
       250, 253, 122, 180, 87, 242, 247, 103, 115, 247, 114, 211, 118,
       221, 255, 247, 123, 122, 254, 245, 235, 215, 44, 86, 190, 218,
       120, 249, 125, 120, 95, 61, 47, 213, 20, 245, 111, 153, 172, 24,
       5, 242, 29, 156, 73, 16, 242, 51, 189, 88, 215, 40, 250, 4, 33,
       193, 144, 16, 2, 0, 71, 0, 66, 1, 52, 81, 130, 145, 66, 202, 84,
       1, 100, 1, 128, 196, 3, 12, 128, 128, 9, 2, 8, 48, 8, 112, 36, 20,
       186, 0, 112, 1, 84, 128, 64, 16, 10, 64, 20, 64, 76, 25, 44, 16,
       4, 48, 24, 148, 9, 144, 98, 33, 184, 72, 6, 32, 241, 191, 54, 125,
       247, 255, 245, 187, 248, 252, 253, 214, 119, 237, 127, 243, 85,
       250, 221, 7, 99, 229, 33, 231, 126, 205, 250, 240, 191, 222, 79,
       119, 255, 215, 36, 85, 190, 87, 122, 233, 117, 216, 92, 27, 14,
       209, 5, 243, 111, 153, 172, 24, 5, 240, 29, 156, 73, 16, 242, 51,
       189, 88, 23, 32, 250, 35, 6, 64, 2, 153, 128, 1, 72, 162, 64, 0,
       48, 160, 11, 128, 69, 98, 116, 1, 96, 192, 2, 129, 100, 68, 128,
       32, 9, 146, 8, 1, 9, 84, 36, 84, 154, 64, 48, 1, 84, 0, 66, 24,
       139, 64, 16, 192, 69, 16, 36, 16, 4, 96, 24, 140, 9, 16, 114, 51,
       156, 72, 87, 32, 249, 252, 191, 255, 253, 62, 127, 249, 255, 253,
       252, 254, 245, 127, 255, 251, 238, 251, 252, 251, 107, 245, 255,
       244, 183, 255, 239, 246, 155, 127, 223, 127, 255, 255, 108, 119,
       254, 215, 122, 249, 125, 254, 93, 251, 62, 221, 167, 243, 111,
       189, 173, 223, 141, 242, 29, 159, 93, 52, 246, 127, 255, 219, 159,
       46, 254, 31, 145, 221, 62, 63, 107, 177, 126, 182, 156, 84, 149,
       29, 94, 191, 89, 239, 223, 35, 98, 196, 39, 194, 119, 77, 223,
       180, 77, 82, 74, 55, 106, 215, 44, 85, 190, 83, 120, 233, 116,
       120, 93, 56, 47, 213, 116, 245, 111, 153, 172, 24, 5, 240, 29,
       156, 73, 16, 242, 51, 189, 88, 87, 32, 250, 191, 254, 125, 247,
       63, 189, 191, 249, 255, 255, 255, 251, 253, 127, 254, 213, 243,
       255, 111, 123, 245, 119, 211, 118, 221, 255, 245, 255, 126, 95,
       247, 251, 215, 44, 87, 190, 219, 120, 233, 125, 124, 92, 58, 47,
       213, 55, 247, 111, 153, 172, 24, 5, 240, 29, 157, 73, 16, 242, 51,
       189, 90, 87, 40, 250 ]
