%YAML:1.0
descriptors: !!opencv-matrix
   rows: 16
   cols: 64
   dt: u
   data: [ 171, 212, 108, 138, 223, 29, 21, 8, 183, 71, 60, 234, 191,
       123, 36, 93, 227, 247, 37, 241, 80, 86, 177, 100, 118, 247, 57,
       43, 243, 26, 81, 105, 212, 44, 150, 186, 66, 112, 41, 252, 114,
       219, 60, 13, 208, 84, 244, 77, 145, 172, 24, 4, 248, 29, 142, 73,
       56, 242, 51, 188, 88, 215, 42, 249, 1, 2, 4, 130, 0, 8, 4, 18, 32,
       4, 6, 0, 0, 49, 0, 1, 0, 96, 1, 32, 64, 64, 0, 96, 8, 0, 8, 0,
       176, 8, 0, 1, 20, 4, 80, 136, 0, 0, 1, 0, 4, 16, 24, 7, 0, 128,
       100, 204, 16, 32, 1, 0, 16, 8, 130, 8, 40, 64, 2, 4, 64, 2, 36,
       72, 2, 68, 0, 138, 1, 8, 4, 1, 32, 66, 43, 4, 16, 4, 108, 33, 0,
       32, 0, 0, 0, 0, 16, 0, 80, 132, 8, 0, 0, 10, 8, 0, 0, 4, 83, 138,
       0, 66, 0, 128, 130, 144, 20, 1, 4, 86, 36, 76, 1, 32, 16, 4, 2, 9,
       3, 8, 16, 96, 0, 52, 0, 66, 34, 32, 1, 6, 1, 0, 72, 134, 2, 69,
       160, 0, 2, 4, 0, 5, 1, 1, 2, 96, 1, 64, 192, 34, 24, 67, 0, 128,
       12, 4, 0, 8, 1, 64, 69, 4, 67, 170, 0, 34, 5, 0, 0, 32, 16, 130,
       64, 64, 128, 75, 16, 44, 24, 0, 49, 24, 140, 0, 16, 98, 3, 180,
       72, 70, 32, 112, 1, 7, 0, 136, 0, 8, 4, 3, 34, 64, 40, 0, 16, 36,
       44, 3, 64, 32, 1, 64, 0, 32, 16, 2, 80, 128, 128, 8, 0, 136, 8, 1,
       0, 4, 83, 170, 0, 64, 1, 72, 32, 128, 24, 129, 68, 84, 100, 78,
       17, 36, 16, 4, 32, 24, 2, 9, 16, 98, 3, 180, 72, 66, 32, 96, 1, 3,
       4, 16, 0, 2, 0, 66, 34, 4, 3, 0, 0, 113, 0, 1, 66, 64, 0, 100, 66,
       32, 0, 34, 8, 128, 132, 8, 32, 8, 16, 1, 16, 6, 16, 154, 0, 64, 3,
       64, 132, 2, 24, 6, 64, 0, 192, 78, 16, 36, 1, 4, 48, 24, 131, 9,
       0, 98, 3, 148, 72, 6, 36, 249, 2, 2, 129, 144, 200, 132, 2, 69,
       132, 42, 2, 6, 129, 69, 147, 0, 74, 69, 1, 96, 200, 37, 194, 99,
       76, 152, 180, 13, 18, 8, 49, 72, 87, 36, 84, 186, 16, 40, 1, 68,
       64, 64, 16, 138, 193, 20, 193, 79, 25, 44, 24, 1, 240, 24, 156,
       73, 16, 114, 51, 189, 72, 87, 32, 250, 69, 2, 129, 144, 201, 130,
       6, 78, 32, 32, 2, 4, 128, 229, 131, 3, 202, 85, 1, 100, 200, 5,
       202, 99, 78, 200, 24, 15, 18, 8, 49, 75, 87, 38, 84, 186, 16, 120,
       5, 86, 64, 64, 24, 14, 65, 28, 65, 199, 25, 44, 24, 4, 113, 28,
       156, 73, 16, 112, 35, 189, 72, 87, 32, 250, 2, 0, 137, 19, 0, 192,
       138, 132, 2, 162, 3, 2, 128, 2, 3, 2, 75, 84, 32, 99, 130, 33,
       194, 66, 72, 145, 177, 43, 18, 10, 19, 74, 87, 36, 85, 186, 18,
       104, 233, 86, 48, 64, 56, 43, 213, 20, 245, 111, 153, 172, 24, 5,
       240, 25, 156, 73, 16, 114, 51, 189, 88, 87, 32, 250, 62, 244, 125,
       255, 63, 189, 255, 121, 255, 255, 253, 251, 253, 122, 252, 119,
       246, 247, 71, 123, 244, 114, 210, 126, 253, 255, 247, 255, 90,
       251, 119, 235, 215, 44, 215, 190, 222, 120, 233, 117, 122, 95,
       123, 47, 213, 21, 245, 111, 153, 172, 24, 5, 240, 29, 156, 89, 16,
       242, 51, 189, 90, 215, 40, 250, 61, 190, 253, 239, 191, 253, 251,
       125, 255, 253, 214, 253, 253, 127, 249, 245, 255, 254, 195, 123,
       245, 123, 223, 255, 253, 127, 244, 255, 126, 223, 255, 239, 223,
       232, 223, 182, 255, 251, 249, 125, 253, 93, 255, 47, 213, 165,
       247, 111, 187, 254, 157, 15, 242, 157, 158, 93, 62, 242, 255, 191,
       251, 223, 44, 254, 60, 185, 255, 254, 54, 253, 253, 127, 247, 254,
       213, 241, 127, 126, 191, 222, 255, 254, 99, 251, 245, 127, 211,
       247, 249, 107, 246, 251, 123, 221, 245, 235, 207, 44, 87, 190,
       223, 120, 249, 125, 120, 93, 247, 47, 245, 53, 247, 111, 185, 174,
       152, 15, 240, 29, 156, 89, 20, 243, 115, 191, 123, 87, 40, 250,
       61, 190, 253, 239, 63, 253, 253, 124, 255, 253, 222, 253, 253,
       127, 189, 245, 255, 254, 227, 251, 245, 118, 219, 255, 253, 127,
       229, 255, 126, 223, 245, 239, 223, 108, 215, 190, 255, 121, 249,
       125, 120, 93, 123, 47, 213, 181, 247, 111, 185, 172, 152, 13, 240,
       29, 158, 93, 54, 242, 183, 189, 251, 223, 44, 254, 63, 183, 125,
       254, 63, 189, 125, 121, 255, 252, 255, 251, 253, 127, 190, 86,
       255, 254, 99, 115, 245, 122, 211, 118, 221, 191, 245, 251, 122,
       223, 247, 239, 223, 44, 87, 190, 211, 120, 249, 125, 120, 93, 121,
       47, 212, 53, 247, 111, 153, 172, 24, 13, 240, 29, 156, 73, 16,
       242, 51, 189, 90, 87, 32, 250, 63, 182, 125, 254, 62, 253, 189,
       121, 255, 252, 222, 245, 253, 127, 189, 117, 255, 254, 67, 99,
       245, 118, 211, 247, 221, 190, 245, 251, 126, 95, 247, 235, 215,
       108, 85, 190, 223, 120, 249, 124, 124, 93, 58, 47, 212, 53, 247,
       111, 153, 172, 24, 5, 240, 29, 156, 73, 16, 242, 51, 189, 90, 87,
       32, 250, 7, 34, 65, 130, 217, 128, 3, 72, 2, 0, 0, 50, 160, 3,
       128, 1, 66, 68, 5, 4, 72, 0, 136, 96, 78, 128, 8, 1, 146, 8, 1, 9,
       80, 36, 20, 154, 0, 112, 5, 148, 1, 64, 8, 10, 64, 24, 72, 128, 0,
       36, 80, 4, 1, 26, 132, 11, 16, 32, 32, 28, 72, 70, 32, 185 ]
