%YAML:1.0
descriptors: !!opencv-matrix
   rows: 8
   cols: 64
   dt: u
   data: [ 35, 4, 0, 2, 9, 128, 1, 8, 194, 0, 1, 0, 32, 10, 128, 17, 98,
       86, 0, 32, 192, 34, 129, 100, 76, 144, 32, 9, 18, 8, 17, 105, 148,
       36, 84, 154, 2, 80, 1, 84, 0, 64, 24, 11, 64, 20, 224, 77, 145,
       36, 16, 4, 48, 24, 156, 73, 16, 114, 50, 188, 88, 87, 32, 249, 61,
       182, 125, 255, 191, 189, 191, 121, 254, 124, 222, 127, 253, 127,
       189, 85, 251, 246, 67, 98, 245, 98, 211, 126, 221, 254, 245, 251,
       126, 223, 247, 239, 223, 44, 87, 190, 210, 120, 233, 124, 124, 92,
       122, 175, 212, 49, 245, 111, 153, 172, 24, 13, 240, 29, 156, 73,
       48, 242, 51, 189, 218, 87, 32, 250, 63, 246, 125, 254, 191, 253,
       191, 121, 254, 126, 253, 187, 253, 122, 253, 85, 251, 247, 67,
       114, 245, 114, 211, 118, 221, 255, 245, 251, 122, 95, 247, 235,
       223, 44, 87, 190, 218, 120, 233, 117, 120, 93, 122, 47, 213, 53,
       245, 111, 153, 172, 24, 5, 242, 29, 156, 73, 16, 242, 51, 189, 90,
       87, 40, 250, 189, 246, 117, 239, 255, 253, 191, 248, 252, 125,
       254, 123, 237, 127, 251, 245, 251, 253, 111, 98, 245, 99, 155,
       124, 205, 255, 253, 191, 254, 95, 119, 255, 215, 100, 87, 190,
       215, 120, 233, 125, 124, 92, 122, 191, 213, 163, 247, 111, 153,
       173, 24, 5, 240, 29, 159, 73, 48, 242, 51, 189, 218, 87, 36, 250,
       63, 245, 125, 255, 63, 181, 223, 89, 255, 255, 253, 250, 253, 107,
       180, 87, 246, 247, 103, 115, 253, 118, 211, 126, 205, 255, 247,
       127, 90, 127, 247, 235, 215, 44, 215, 190, 210, 120, 249, 117,
       122, 94, 57, 47, 213, 21, 245, 111, 153, 172, 24, 5, 240, 29, 156,
       73, 16, 242, 51, 189, 88, 87, 32, 250, 191, 244, 125, 255, 191,
       189, 255, 120, 255, 255, 253, 251, 253, 122, 244, 95, 246, 247,
       103, 115, 253, 119, 211, 118, 221, 255, 245, 255, 123, 255, 247,
       235, 215, 44, 86, 190, 210, 120, 233, 125, 122, 95, 121, 47, 213,
       21, 245, 111, 153, 172, 24, 5, 240, 29, 156, 73, 16, 242, 51, 189,
       88, 87, 32, 251, 68, 35, 65, 128, 16, 2, 1, 78, 0, 66, 3, 52, 65,
       130, 129, 66, 66, 68, 1, 100, 1, 128, 132, 0, 12, 128, 136, 9,
       146, 8, 48, 9, 112, 36, 20, 154, 0, 112, 1, 84, 128, 64, 24, 10,
       64, 12, 64, 204, 25, 44, 16, 4, 32, 24, 132, 9, 128, 96, 33, 152,
       72, 6, 32, 241, 3, 4, 64, 2, 153, 128, 7, 8, 34, 0, 0, 112, 160,
       11, 132, 81, 98, 84, 5, 64, 193, 2, 137, 100, 68, 144, 40, 9, 146,
       8, 1, 9, 20, 36, 20, 154, 2, 112, 1, 212, 1, 66, 24, 11, 64, 16,
       192, 69, 1, 36, 16, 4, 32, 24, 140, 73, 16, 50, 34, 156, 88, 87,
       32, 249 ]
