%YAML:1.0
descriptors: !!opencv-matrix
   rows: 8
   cols: 64
   dt: u
   data: [ 71, 38, 65, 2, 209, 2, 3, 72, 0, 0, 0, 48, 0, 11, 128, 65, 66,
       84, 1, 68, 72, 128, 136, 32, 14, 128, 8, 9, 146, 8, 0, 9, 80, 36,
       84, 154, 0, 112, 5, 148, 128, 66, 24, 10, 64, 12, 64, 132, 0, 36,
       80, 4, 1, 26, 133, 11, 16, 96, 32, 28, 72, 70, 32, 177, 61, 190,
       255, 255, 63, 253, 253, 121, 253, 253, 222, 253, 253, 127, 253,
       221, 251, 252, 227, 123, 245, 126, 219, 255, 253, 127, 245, 191,
       126, 223, 253, 239, 223, 108, 215, 190, 215, 249, 249, 125, 125,
       93, 251, 175, 213, 181, 247, 111, 185, 190, 153, 13, 240, 29, 156,
       93, 54, 242, 247, 191, 251, 223, 44, 254, 60, 185, 254, 254, 55,
       253, 253, 127, 87, 252, 213, 245, 127, 126, 180, 94, 255, 222, 97,
       243, 245, 61, 195, 243, 253, 127, 242, 255, 90, 221, 245, 235,
       223, 36, 87, 186, 215, 120, 249, 125, 112, 93, 245, 47, 245, 21,
       247, 111, 153, 174, 24, 5, 240, 29, 156, 73, 16, 243, 51, 189, 91,
       95, 32, 250, 63, 246, 125, 255, 63, 189, 255, 121, 255, 255, 253,
       251, 253, 123, 253, 87, 255, 246, 67, 123, 245, 114, 211, 126,
       253, 255, 247, 251, 126, 127, 247, 235, 215, 108, 215, 190, 222,
       121, 249, 117, 120, 95, 123, 47, 212, 181, 247, 111, 187, 172, 24,
       5, 240, 29, 156, 93, 16, 242, 115, 191, 251, 215, 40, 250, 191,
       246, 125, 247, 191, 189, 191, 121, 255, 255, 251, 250, 253, 127,
       252, 85, 242, 247, 103, 115, 253, 119, 211, 126, 205, 254, 245,
       255, 122, 95, 247, 235, 215, 44, 87, 190, 218, 120, 233, 117, 124,
       92, 121, 47, 213, 21, 245, 111, 153, 172, 24, 5, 240, 29, 156, 73,
       16, 242, 51, 189, 88, 87, 32, 250, 69, 35, 65, 128, 16, 2, 1, 78,
       0, 2, 0, 52, 1, 131, 129, 66, 66, 68, 1, 100, 0, 128, 128, 32, 12,
       128, 8, 9, 146, 8, 32, 9, 112, 36, 20, 154, 0, 112, 5, 212, 128,
       64, 24, 10, 64, 12, 64, 196, 17, 36, 80, 4, 0, 24, 132, 8, 128,
       96, 33, 152, 72, 6, 32, 241, 4, 35, 193, 128, 16, 0, 33, 70, 0,
       134, 2, 20, 65, 133, 145, 66, 130, 76, 1, 100, 0, 128, 196, 19,
       76, 136, 128, 1, 16, 12, 48, 9, 112, 4, 85, 186, 0, 114, 1, 20, 0,
       96, 24, 14, 70, 4, 64, 204, 25, 44, 24, 4, 80, 28, 132, 8, 128,
       96, 35, 188, 72, 70, 32, 240, 5, 34, 65, 130, 217, 0, 3, 72, 128,
       0, 2, 54, 129, 11, 128, 65, 98, 84, 5, 100, 65, 0, 136, 96, 14,
       136, 8, 9, 146, 8, 1, 9, 80, 36, 84, 154, 0, 114, 5, 148, 129, 66,
       24, 10, 64, 4, 72, 132, 1, 36, 80, 4, 32, 26, 133, 9, 16, 96, 32,
       156, 72, 6, 34, 185 ]
