%YAML:1.0
descriptors: !!opencv-matrix
   rows: 8
   cols: 64
   dt: u
   data: [ 71, 38, 65, 2, 209, 2, 3, 72, 0, 0, 2, 48, 0, 2, 128, 65, 66,
       84, 1, 68, 72, 128, 136, 32, 14, 128, 8, 1, 146, 8, 0, 9, 112, 36,
       84, 154, 0, 112, 5, 148, 128, 64, 24, 10, 64, 12, 64, 132, 0, 36,
       80, 4, 1, 26, 133, 10, 144, 96, 32, 28, 72, 6, 32, 176, 61, 182,
       125, 239, 191, 253, 251, 120, 255, 253, 214, 253, 253, 127, 185,
       117, 255, 255, 195, 123, 245, 114, 219, 255, 237, 254, 245, 255,
       126, 95, 247, 239, 223, 108, 93, 190, 247, 120, 249, 125, 125, 93,
       123, 47, 213, 181, 247, 111, 185, 188, 24, 5, 240, 29, 156, 73,
       54, 242, 183, 189, 218, 95, 36, 254, 61, 254, 255, 253, 63, 253,
       253, 121, 255, 253, 214, 253, 253, 127, 253, 221, 255, 254, 227,
       251, 245, 126, 219, 255, 253, 127, 231, 255, 126, 223, 245, 239,
       207, 108, 87, 190, 255, 123, 249, 125, 125, 93, 251, 175, 213,
       181, 247, 111, 185, 190, 153, 13, 240, 29, 156, 93, 54, 242, 247,
       191, 251, 223, 44, 254, 60, 177, 253, 252, 55, 255, 253, 127, 119,
       252, 213, 245, 125, 126, 189, 94, 255, 222, 99, 243, 245, 125,
       195, 243, 253, 127, 226, 223, 120, 221, 245, 235, 223, 52, 87,
       190, 223, 120, 249, 125, 120, 93, 253, 47, 245, 53, 247, 111, 153,
       174, 153, 7, 240, 29, 156, 77, 24, 243, 51, 189, 91, 95, 32, 250,
       63, 246, 125, 255, 63, 189, 255, 121, 255, 255, 253, 251, 253,
       123, 253, 87, 247, 246, 67, 251, 245, 114, 211, 126, 253, 255,
       247, 251, 126, 127, 247, 235, 215, 108, 215, 190, 222, 121, 249,
       125, 120, 95, 123, 47, 212, 181, 247, 111, 187, 172, 24, 5, 240,
       29, 156, 93, 16, 242, 115, 191, 251, 223, 40, 250, 191, 246, 125,
       247, 254, 189, 191, 121, 254, 127, 249, 251, 253, 127, 180, 85,
       243, 247, 103, 99, 253, 119, 211, 124, 221, 255, 245, 255, 122,
       223, 247, 235, 215, 44, 87, 190, 218, 120, 233, 125, 124, 92, 120,
       47, 213, 21, 245, 111, 153, 172, 24, 5, 240, 29, 156, 73, 16, 242,
       51, 189, 88, 87, 32, 250, 70, 33, 65, 128, 16, 2, 1, 78, 128, 2,
       1, 52, 1, 131, 129, 66, 66, 68, 1, 100, 0, 128, 128, 32, 12, 128,
       8, 9, 146, 8, 48, 9, 112, 36, 20, 154, 0, 112, 5, 212, 128, 64,
       24, 10, 64, 28, 64, 204, 17, 36, 80, 4, 0, 24, 132, 8, 144, 96,
       33, 156, 76, 6, 32, 177, 5, 34, 65, 128, 217, 0, 3, 72, 128, 0, 2,
       54, 129, 3, 128, 65, 98, 84, 5, 100, 65, 128, 136, 96, 14, 136, 8,
       9, 146, 8, 1, 9, 112, 36, 84, 154, 0, 114, 5, 212, 129, 64, 24, 2,
       64, 4, 72, 132, 1, 36, 80, 4, 32, 26, 133, 9, 16, 96, 33, 156, 72,
       6, 34, 185 ]
