%YAML:1.0
descriptors: !!opencv-matrix
   rows: 5
   cols: 64
   dt: u
   data: [ 71, 38, 65, 2, 209, 2, 3, 72, 0, 64, 2, 50, 0, 2, 128, 65, 66,
       84, 1, 68, 72, 128, 136, 32, 14, 128, 8, 1, 146, 8, 16, 9, 80, 36,
       84, 154, 0, 112, 5, 148, 0, 64, 24, 10, 64, 12, 64, 132, 1, 36,
       80, 4, 1, 26, 132, 10, 144, 96, 32, 60, 76, 6, 32, 176, 60, 191,
       255, 253, 62, 253, 249, 127, 255, 252, 222, 253, 255, 126, 253,
       252, 255, 254, 227, 123, 245, 126, 211, 255, 253, 127, 231, 255,
       126, 223, 255, 239, 207, 108, 71, 190, 255, 123, 249, 125, 249,
       93, 255, 47, 213, 183, 247, 111, 187, 190, 153, 79, 242, 29, 156,
       93, 54, 242, 127, 255, 251, 223, 44, 254, 60, 189, 255, 252, 54,
       255, 253, 119, 119, 252, 213, 245, 95, 255, 188, 222, 255, 222,
       97, 235, 245, 125, 193, 243, 221, 127, 242, 223, 121, 221, 245,
       235, 223, 52, 85, 186, 223, 120, 249, 125, 112, 93, 185, 47, 245,
       21, 247, 111, 155, 172, 25, 7, 240, 29, 156, 77, 16, 243, 115,
       189, 90, 87, 32, 250, 63, 246, 125, 255, 63, 189, 255, 121, 255,
       255, 253, 251, 253, 123, 253, 87, 255, 246, 67, 123, 245, 114,
       211, 126, 253, 255, 247, 251, 126, 255, 247, 235, 215, 108, 215,
       190, 222, 121, 249, 125, 120, 95, 123, 47, 212, 53, 247, 111, 187,
       172, 24, 5, 240, 29, 156, 93, 16, 242, 115, 191, 251, 223, 40,
       250, 5, 34, 65, 128, 208, 0, 35, 72, 32, 4, 2, 54, 65, 3, 128, 65,
       66, 68, 1, 100, 64, 128, 136, 32, 78, 136, 8, 1, 146, 8, 32, 9,
       112, 36, 84, 154, 0, 114, 5, 148, 129, 64, 24, 2, 64, 0, 64, 132,
       9, 36, 80, 4, 65, 26, 132, 9, 16, 96, 33, 156, 72, 6, 32, 248 ]
