%YAML:1.0
descriptors: !!opencv-matrix
   rows: 19
   cols: 64
   dt: u
   data: [ 129, 206, 64, 134, 217, 72, 167, 72, 56, 85, 46, 75, 130, 123,
       196, 173, 235, 85, 165, 97, 196, 44, 168, 112, 79, 223, 17, 35,
       214, 10, 51, 95, 214, 39, 85, 186, 82, 112, 237, 180, 113, 92, 56,
       39, 205, 16, 252, 229, 137, 164, 24, 4, 240, 31, 140, 73, 16, 240,
       51, 189, 88, 87, 32, 250, 1, 6, 0, 8, 137, 8, 4, 0, 32, 0, 42, 4,
       0, 4, 41, 33, 68, 0, 1, 64, 64, 128, 8, 0, 64, 128, 8, 0, 128, 0,
       9, 1, 48, 4, 81, 8, 0, 66, 5, 128, 6, 0, 28, 0, 68, 134, 68, 192,
       0, 0, 80, 4, 2, 24, 1, 9, 144, 0, 0, 52, 0, 70, 2, 32, 69, 6, 1,
       0, 72, 130, 2, 78, 128, 32, 2, 4, 0, 1, 129, 1, 66, 68, 1, 64,
       192, 33, 8, 3, 12, 136, 12, 4, 0, 8, 1, 72, 81, 38, 64, 186, 0,
       32, 5, 4, 0, 32, 24, 130, 64, 64, 0, 195, 16, 36, 24, 0, 1, 24,
       12, 0, 0, 32, 3, 156, 72, 70, 32, 112, 2, 2, 128, 130, 201, 130,
       2, 5, 6, 2, 0, 6, 128, 66, 2, 1, 64, 17, 1, 64, 192, 37, 194, 67,
       6, 128, 168, 13, 18, 8, 1, 64, 87, 36, 84, 186, 0, 104, 1, 68, 64,
       64, 16, 10, 65, 20, 129, 79, 16, 36, 24, 4, 96, 24, 156, 9, 16,
       50, 51, 181, 8, 87, 32, 104, 131, 202, 66, 131, 221, 202, 135,
       200, 60, 217, 46, 203, 130, 95, 196, 169, 235, 213, 37, 103, 196,
       45, 174, 113, 79, 223, 57, 47, 215, 10, 51, 127, 215, 39, 84, 186,
       82, 120, 237, 244, 113, 92, 56, 47, 221, 22, 253, 231, 137, 172,
       24, 5, 240, 31, 141, 73, 16, 240, 51, 189, 88, 87, 32, 250, 0, 3,
       0, 144, 0, 2, 0, 6, 34, 0, 7, 4, 16, 113, 0, 2, 68, 0, 0, 100, 2,
       32, 0, 131, 8, 0, 128, 12, 32, 136, 0, 64, 16, 4, 80, 138, 0, 66,
       3, 64, 132, 16, 24, 2, 64, 4, 192, 78, 17, 36, 1, 0, 48, 24, 19,
       9, 8, 98, 3, 148, 72, 2, 32, 72, 1, 7, 0, 2, 0, 10, 0, 3, 34, 0,
       2, 0, 0, 33, 0, 2, 68, 32, 0, 4, 192, 32, 16, 3, 80, 0, 128, 12,
       0, 8, 0, 64, 16, 4, 64, 168, 0, 8, 1, 72, 4, 0, 24, 129, 64, 64,
       228, 78, 16, 36, 8, 0, 34, 24, 10, 9, 8, 98, 19, 180, 8, 66, 32,
       72, 66, 2, 129, 146, 201, 130, 6, 78, 0, 32, 0, 3, 130, 195, 130,
       0, 98, 85, 1, 100, 200, 133, 202, 43, 78, 200, 40, 15, 146, 8, 49,
       78, 87, 39, 84, 187, 16, 112, 37, 86, 64, 64, 24, 10, 73, 28, 65,
       195, 25, 36, 24, 4, 113, 24, 140, 73, 16, 112, 35, 189, 72, 86,
       32, 248, 64, 2, 128, 128, 192, 134, 2, 101, 4, 102, 3, 6, 144,
       160, 147, 2, 194, 85, 1, 100, 8, 133, 194, 32, 78, 200, 152, 12,
       144, 8, 48, 9, 81, 36, 85, 187, 64, 120, 5, 68, 16, 64, 24, 14,
       65, 28, 192, 12, 25, 44, 24, 4, 113, 29, 148, 73, 16, 114, 49,
       188, 72, 86, 32, 250, 65, 1, 128, 144, 64, 2, 2, 102, 2, 36, 1, 4,
       0, 193, 19, 2, 64, 64, 0, 102, 10, 161, 192, 131, 10, 0, 132, 12,
       0, 8, 0, 1, 114, 38, 17, 170, 0, 32, 3, 64, 48, 32, 24, 10, 64,
       24, 193, 78, 17, 44, 24, 1, 48, 24, 20, 65, 17, 98, 49, 145, 72,
       70, 32, 224, 35, 6, 64, 2, 157, 128, 3, 8, 34, 64, 0, 48, 160, 11,
       128, 21, 98, 116, 5, 96, 192, 2, 129, 100, 68, 128, 40, 9, 146, 8,
       1, 9, 16, 36, 84, 154, 64, 112, 1, 212, 4, 66, 24, 139, 64, 16,
       192, 77, 16, 36, 16, 4, 32, 24, 140, 73, 16, 50, 50, 156, 88, 86,
       32, 121, 70, 33, 65, 128, 16, 2, 1, 78, 130, 2, 1, 52, 1, 131,
       129, 66, 66, 68, 1, 100, 1, 128, 128, 32, 12, 128, 168, 9, 146, 8,
       48, 9, 112, 36, 20, 154, 0, 112, 1, 212, 128, 64, 24, 10, 64, 28,
       64, 204, 17, 36, 16, 4, 32, 24, 132, 9, 144, 96, 33, 152, 72, 6,
       32, 241, 28, 49, 213, 190, 55, 107, 116, 127, 246, 16, 213, 183,
       125, 214, 182, 83, 255, 223, 99, 103, 197, 47, 193, 247, 204, 219,
       244, 205, 82, 12, 182, 232, 223, 36, 85, 190, 83, 120, 233, 116,
       120, 93, 56, 47, 213, 53, 247, 111, 153, 172, 24, 5, 240, 29, 156,
       73, 16, 242, 51, 189, 88, 87, 32, 250, 252, 253, 255, 255, 118,
       127, 253, 255, 253, 252, 255, 191, 127, 254, 255, 254, 251, 213,
       123, 111, 127, 191, 247, 183, 223, 239, 247, 191, 251, 223, 126,
       251, 235, 39, 87, 254, 214, 122, 249, 125, 250, 93, 253, 62, 221,
       55, 245, 110, 157, 172, 158, 13, 242, 29, 157, 73, 16, 242, 123,
       191, 91, 86, 34, 250, 191, 245, 125, 254, 63, 189, 127, 121, 255,
       255, 253, 250, 253, 122, 246, 87, 247, 247, 103, 115, 245, 114,
       211, 118, 221, 255, 247, 251, 91, 223, 247, 235, 215, 44, 87, 190,
       218, 120, 249, 125, 122, 95, 125, 47, 213, 53, 245, 111, 153, 172,
       24, 5, 240, 29, 156, 89, 16, 242, 51, 189, 90, 215, 40, 251, 60,
       190, 255, 252, 62, 125, 253, 127, 255, 252, 254, 253, 127, 126,
       255, 252, 255, 254, 227, 107, 245, 127, 247, 255, 253, 111, 246,
       251, 127, 221, 255, 239, 207, 108, 71, 190, 223, 122, 249, 125,
       126, 221, 255, 175, 212, 183, 247, 111, 187, 172, 159, 13, 242,
       29, 159, 93, 60, 242, 127, 255, 251, 223, 46, 254, 62, 185, 253,
       254, 54, 127, 125, 127, 247, 252, 221, 245, 127, 254, 182, 94,
       255, 223, 99, 243, 245, 63, 193, 247, 221, 255, 245, 255, 122,
       223, 247, 235, 223, 44, 85, 190, 223, 120, 233, 124, 120, 93, 57,
       47, 213, 53, 247, 111, 153, 172, 25, 5, 240, 29, 156, 73, 16, 242,
       51, 189, 90, 87, 32, 250, 3, 6, 0, 2, 153, 128, 3, 8, 2, 0, 0, 0,
       160, 11, 128, 17, 98, 86, 5, 0, 192, 0, 136, 96, 68, 128, 40, 9,
       146, 8, 1, 9, 16, 36, 84, 154, 0, 112, 1, 214, 0, 64, 8, 11, 64,
       20, 192, 5, 17, 36, 16, 4, 32, 24, 140, 73, 16, 112, 34, 60, 72,
       86, 32, 248, 118, 53, 241, 150, 19, 7, 9, 111, 198, 68, 145, 48,
       113, 202, 176, 86, 234, 213, 3, 71, 65, 39, 193, 87, 76, 138, 164,
       13, 82, 12, 48, 104, 198, 36, 20, 186, 82, 120, 65, 116, 80, 72,
       16, 15, 209, 20, 165, 78, 153, 172, 24, 5, 240, 28, 156, 65, 16,
       242, 51, 189, 88, 87, 32, 250 ]
