%YAML:1.0
descriptors: !!opencv-matrix
   rows: 23
   cols: 64
   dt: u
   data: [ 64, 3, 130, 18, 0, 2, 4, 7, 0, 32, 2, 4, 0, 196, 3, 2, 8, 1,
       1, 132, 192, 133, 66, 131, 2, 0, 128, 4, 0, 136, 0, 64, 7, 6, 65,
       170, 16, 8, 1, 64, 32, 32, 16, 128, 69, 80, 1, 206, 16, 44, 8, 0,
       48, 24, 24, 0, 0, 98, 19, 177, 8, 80, 64, 106, 131, 5, 128, 6,
       205, 130, 2, 8, 34, 1, 0, 67, 162, 75, 6, 17, 102, 7, 1, 212, 64,
       47, 131, 98, 6, 138, 32, 15, 146, 8, 1, 1, 151, 39, 20, 186, 66,
       32, 5, 196, 65, 66, 24, 11, 193, 16, 209, 79, 17, 36, 24, 4, 112,
       24, 156, 73, 16, 242, 51, 189, 24, 87, 32, 249, 67, 135, 128, 18,
       9, 138, 6, 2, 2, 33, 1, 192, 146, 98, 4, 2, 8, 1, 32, 209, 194,
       37, 67, 67, 64, 83, 145, 46, 0, 8, 1, 64, 151, 38, 64, 170, 0, 8,
       107, 106, 96, 56, 56, 41, 209, 84, 181, 111, 17, 172, 24, 4, 240,
       25, 152, 9, 16, 242, 51, 181, 24, 83, 32, 74, 195, 4, 0, 54, 217,
       130, 2, 8, 2, 41, 0, 99, 162, 195, 128, 17, 98, 71, 5, 68, 200,
       141, 170, 104, 6, 138, 40, 15, 146, 8, 33, 77, 83, 167, 20, 187,
       0, 32, 5, 198, 65, 66, 24, 10, 73, 24, 200, 213, 8, 36, 88, 4, 97,
       26, 140, 203, 16, 48, 35, 152, 8, 70, 48, 121, 63, 190, 253, 162,
       127, 255, 183, 120, 254, 220, 222, 119, 253, 127, 251, 245, 251,
       255, 99, 114, 245, 103, 195, 246, 205, 255, 241, 255, 126, 94,
       243, 235, 223, 44, 85, 190, 91, 122, 233, 116, 124, 92, 56, 47,
       213, 53, 247, 111, 153, 172, 24, 5, 240, 29, 156, 73, 16, 242, 51,
       189, 88, 87, 32, 250, 254, 249, 125, 222, 54, 255, 95, 121, 255,
       215, 253, 254, 255, 126, 254, 254, 251, 215, 119, 103, 117, 119,
       243, 246, 221, 255, 245, 127, 115, 222, 246, 169, 214, 44, 87,
       190, 218, 120, 233, 253, 114, 95, 61, 47, 213, 54, 245, 111, 159,
       172, 152, 13, 242, 29, 156, 89, 16, 242, 51, 189, 89, 87, 42, 251,
       246, 49, 243, 151, 246, 71, 91, 239, 198, 229, 213, 54, 247, 194,
       147, 118, 251, 213, 51, 103, 75, 173, 231, 55, 206, 203, 254, 45,
       210, 12, 114, 59, 243, 37, 20, 191, 82, 112, 193, 212, 80, 72, 17,
       14, 201, 28, 193, 46, 153, 172, 24, 5, 240, 30, 148, 73, 16, 242,
       49, 189, 88, 86, 32, 248, 12, 34, 229, 161, 72, 247, 162, 245, 32,
       252, 194, 21, 80, 53, 155, 160, 203, 77, 195, 96, 240, 1, 78, 240,
       77, 120, 156, 132, 64, 6, 51, 203, 93, 0, 85, 186, 81, 122, 233,
       116, 124, 20, 24, 38, 69, 165, 246, 109, 153, 172, 24, 5, 240, 29,
       156, 73, 16, 226, 51, 188, 72, 87, 32, 250, 76, 238, 239, 169,
       114, 127, 167, 245, 189, 254, 234, 154, 217, 60, 255, 239, 203,
       221, 107, 108, 252, 213, 210, 240, 77, 253, 189, 165, 89, 70, 51,
       235, 213, 36, 85, 186, 82, 120, 233, 116, 120, 92, 56, 47, 213,
       151, 247, 109, 153, 172, 24, 5, 240, 29, 156, 73, 16, 242, 51,
       189, 88, 87, 32, 250, 94, 50, 113, 161, 252, 176, 175, 88, 192,
       63, 211, 118, 205, 5, 145, 81, 226, 205, 11, 96, 201, 37, 130,
       120, 76, 220, 184, 175, 214, 14, 49, 251, 87, 36, 93, 187, 82,
       120, 41, 86, 96, 64, 24, 14, 197, 12, 244, 29, 152, 172, 24, 5,
       240, 28, 156, 73, 16, 242, 51, 157, 88, 87, 32, 242, 252, 190,
       255, 253, 127, 127, 241, 255, 253, 252, 254, 255, 127, 255, 251,
       238, 251, 253, 251, 107, 245, 127, 247, 247, 255, 235, 244, 159,
       127, 223, 127, 255, 255, 109, 87, 254, 215, 122, 249, 124, 250,
       93, 122, 62, 221, 167, 243, 111, 189, 173, 159, 13, 240, 29, 159,
       77, 48, 246, 59, 189, 91, 95, 38, 250, 255, 57, 255, 246, 118, 35,
       127, 254, 214, 253, 245, 179, 127, 234, 146, 90, 250, 213, 55,
       103, 237, 173, 231, 55, 206, 219, 243, 47, 82, 12, 114, 235, 211,
       36, 20, 186, 82, 120, 225, 244, 80, 94, 56, 47, 209, 20, 193, 111,
       153, 172, 24, 5, 240, 29, 156, 73, 16, 242, 51, 189, 88, 86, 32,
       251, 252, 249, 255, 255, 118, 127, 121, 255, 255, 254, 255, 191,
       127, 254, 255, 254, 251, 213, 123, 111, 125, 255, 247, 55, 223,
       255, 247, 191, 251, 223, 126, 251, 243, 44, 87, 254, 214, 123,
       249, 124, 250, 93, 253, 63, 213, 55, 229, 110, 157, 172, 26, 5,
       242, 29, 157, 93, 16, 246, 123, 189, 91, 86, 42, 251, 60, 187,
       247, 182, 122, 111, 161, 127, 244, 124, 198, 117, 125, 126, 187,
       68, 251, 221, 227, 98, 245, 37, 195, 247, 207, 250, 180, 143, 122,
       206, 115, 235, 223, 36, 85, 186, 87, 122, 233, 116, 120, 93, 56,
       47, 213, 53, 247, 111, 153, 172, 24, 5, 240, 29, 156, 73, 16, 242,
       51, 189, 88, 87, 32, 250, 63, 246, 125, 252, 63, 189, 191, 121,
       253, 126, 253, 251, 253, 123, 252, 253, 243, 253, 103, 115, 245,
       114, 209, 118, 221, 255, 245, 251, 123, 223, 247, 235, 223, 44,
       87, 190, 219, 120, 249, 125, 126, 95, 58, 47, 213, 55, 247, 111,
       153, 172, 24, 13, 240, 29, 157, 73, 24, 242, 51, 189, 90, 215, 40,
       251, 255, 177, 255, 246, 54, 39, 249, 254, 214, 223, 245, 243,
       255, 234, 178, 94, 242, 213, 39, 103, 103, 175, 227, 119, 206,
       138, 182, 175, 82, 12, 116, 235, 215, 36, 20, 190, 82, 120, 225,
       244, 88, 94, 57, 47, 209, 20, 209, 111, 153, 172, 24, 5, 240, 29,
       156, 73, 16, 242, 51, 189, 88, 87, 32, 251, 124, 49, 253, 254, 55,
       119, 125, 127, 215, 206, 213, 178, 127, 238, 182, 94, 251, 215,
       99, 103, 119, 63, 193, 119, 205, 255, 247, 109, 82, 156, 246, 233,
       215, 36, 85, 190, 82, 120, 233, 116, 112, 92, 53, 47, 213, 20,
       245, 111, 153, 172, 24, 5, 240, 29, 156, 73, 16, 242, 51, 189, 88,
       87, 32, 250, 252, 249, 255, 252, 54, 127, 125, 255, 255, 254, 253,
       187, 127, 254, 255, 254, 251, 213, 123, 111, 127, 255, 246, 183,
       255, 255, 247, 253, 123, 223, 126, 233, 195, 44, 23, 255, 222,
       125, 249, 125, 122, 223, 245, 63, 215, 55, 245, 110, 159, 172,
       159, 143, 248, 29, 156, 93, 80, 246, 123, 255, 123, 222, 42, 251,
       61, 178, 255, 247, 62, 117, 251, 252, 252, 252, 214, 119, 125,
       127, 155, 244, 251, 212, 67, 99, 245, 41, 199, 126, 205, 170, 244,
       155, 94, 77, 119, 239, 247, 36, 85, 190, 86, 122, 233, 117, 216,
       92, 27, 46, 213, 23, 241, 111, 153, 172, 24, 5, 240, 29, 156, 73,
       16, 242, 51, 189, 88, 87, 32, 250, 60, 177, 253, 254, 55, 127,
       253, 127, 247, 252, 212, 245, 125, 126, 190, 94, 255, 223, 99, 99,
       245, 63, 193, 247, 221, 255, 244, 223, 90, 222, 247, 235, 223, 36,
       87, 190, 83, 120, 233, 124, 120, 93, 60, 47, 213, 53, 247, 111,
       153, 172, 24, 5, 240, 29, 156, 73, 16, 242, 51, 189, 88, 87, 32,
       250, 3, 6, 64, 2, 29, 128, 5, 72, 34, 0, 2, 32, 32, 75, 160, 21,
       98, 116, 1, 64, 193, 34, 129, 98, 68, 128, 32, 9, 18, 8, 1, 65,
       86, 36, 84, 186, 0, 112, 1, 84, 64, 64, 24, 11, 64, 0, 196, 79,
       16, 44, 24, 4, 112, 24, 156, 73, 16, 50, 51, 156, 72, 87, 32, 120,
       63, 183, 253, 254, 63, 253, 29, 126, 247, 254, 215, 176, 125, 127,
       191, 87, 255, 246, 99, 242, 245, 115, 211, 119, 221, 255, 245,
       127, 122, 94, 247, 235, 223, 44, 87, 190, 218, 120, 233, 125, 120,
       93, 56, 47, 213, 53, 245, 111, 153, 172, 24, 5, 240, 29, 156, 73,
       16, 242, 51, 189, 88, 215, 32, 250, 83, 1, 211, 150, 2, 2, 25, 14,
       230, 132, 21, 17, 63, 235, 146, 82, 238, 215, 32, 103, 66, 45,
       225, 39, 78, 138, 176, 13, 82, 8, 16, 41, 214, 36, 20, 186, 82,
       120, 65, 84, 80, 72, 56, 15, 201, 20, 225, 110, 153, 172, 24, 5,
       240, 24, 156, 73, 16, 242, 51, 189, 88, 87, 32, 250 ]
