%YAML:1.0
descriptors: !!opencv-matrix
   rows: 11
   cols: 64
   dt: u
   data: [ 62, 181, 253, 254, 54, 253, 253, 127, 247, 254, 213, 245, 125,
       126, 189, 87, 255, 254, 99, 251, 245, 118, 209, 247, 253, 191,
       229, 219, 126, 223, 245, 235, 223, 108, 215, 190, 223, 120, 249,
       125, 120, 93, 123, 47, 212, 53, 247, 111, 187, 174, 152, 15, 240,
       29, 156, 93, 48, 242, 123, 189, 123, 223, 44, 250, 62, 177, 253,
       254, 55, 253, 253, 127, 119, 222, 213, 241, 125, 126, 180, 86,
       251, 222, 97, 243, 245, 124, 193, 243, 221, 191, 226, 219, 122,
       252, 245, 233, 223, 52, 87, 186, 223, 120, 249, 125, 112, 93, 61,
       47, 244, 21, 247, 111, 153, 174, 24, 7, 240, 29, 156, 73, 16, 243,
       51, 189, 91, 87, 32, 250, 63, 182, 125, 238, 63, 189, 189, 125,
       247, 254, 214, 245, 125, 63, 189, 87, 255, 254, 67, 251, 245, 114,
       211, 247, 221, 186, 228, 219, 126, 221, 245, 235, 223, 44, 215,
       190, 223, 120, 233, 125, 120, 93, 123, 47, 212, 53, 247, 111, 185,
       172, 24, 13, 240, 29, 156, 89, 48, 242, 51, 189, 122, 215, 40,
       250, 197, 34, 65, 128, 209, 2, 1, 78, 0, 64, 2, 54, 1, 131, 130,
       65, 2, 68, 1, 68, 8, 128, 168, 0, 78, 128, 8, 1, 146, 8, 0, 9,
       112, 39, 84, 154, 0, 112, 5, 148, 128, 96, 24, 10, 72, 12, 64,
       128, 1, 36, 80, 4, 1, 26, 132, 10, 144, 96, 32, 60, 76, 4, 32,
       176, 59, 182, 125, 175, 191, 189, 191, 121, 254, 255, 215, 249,
       253, 63, 189, 84, 255, 247, 67, 115, 252, 99, 211, 252, 221, 254,
       245, 191, 122, 89, 117, 239, 223, 44, 85, 190, 219, 120, 233, 126,
       120, 92, 120, 47, 213, 53, 245, 111, 153, 172, 24, 5, 240, 29,
       156, 73, 16, 242, 51, 189, 88, 87, 32, 250, 60, 191, 255, 254, 62,
       189, 253, 123, 247, 254, 87, 245, 253, 126, 189, 93, 255, 254, 99,
       107, 245, 126, 211, 247, 249, 190, 230, 255, 126, 219, 245, 235,
       223, 44, 215, 190, 223, 120, 249, 125, 120, 93, 123, 47, 245, 53,
       247, 111, 185, 172, 24, 15, 240, 29, 156, 89, 20, 242, 115, 191,
       122, 215, 40, 250, 60, 189, 255, 252, 62, 255, 249, 123, 255, 252,
       213, 253, 255, 126, 188, 94, 251, 253, 99, 123, 247, 127, 211,
       247, 253, 254, 231, 255, 126, 223, 253, 239, 223, 108, 71, 190,
       222, 120, 249, 125, 120, 221, 255, 47, 245, 53, 247, 111, 187,
       174, 153, 79, 240, 29, 156, 93, 52, 242, 123, 255, 251, 223, 172,
       254, 63, 246, 253, 255, 63, 253, 253, 121, 255, 254, 253, 249,
       253, 127, 189, 95, 255, 254, 99, 251, 245, 118, 211, 255, 253,
       191, 231, 255, 126, 223, 245, 239, 223, 108, 215, 190, 223, 120,
       249, 125, 120, 93, 123, 47, 212, 53, 247, 111, 187, 174, 152, 15,
       240, 29, 156, 93, 48, 242, 119, 189, 251, 223, 40, 254, 7, 34, 65,
       128, 217, 0, 3, 72, 0, 0, 0, 50, 1, 3, 128, 65, 66, 68, 5, 100,
       64, 128, 136, 96, 14, 136, 8, 1, 146, 8, 1, 9, 112, 36, 20, 154,
       0, 112, 5, 148, 1, 64, 24, 10, 64, 4, 64, 132, 0, 36, 80, 4, 1,
       26, 132, 9, 0, 32, 33, 156, 72, 70, 32, 184, 7, 34, 65, 130, 209,
       0, 3, 72, 128, 64, 0, 48, 1, 3, 129, 65, 66, 84, 1, 100, 64, 128,
       136, 32, 14, 128, 8, 9, 146, 8, 0, 9, 112, 36, 84, 154, 0, 112, 5,
       148, 0, 66, 24, 10, 64, 28, 64, 132, 0, 36, 16, 4, 0, 24, 132, 9,
       16, 32, 33, 60, 72, 70, 32, 241, 35, 22, 64, 130, 157, 128, 5, 72,
       38, 64, 0, 112, 160, 11, 128, 21, 98, 244, 1, 96, 192, 2, 137,
       100, 68, 144, 32, 9, 146, 8, 1, 73, 84, 36, 84, 154, 64, 112, 1,
       84, 68, 64, 24, 11, 64, 0, 192, 77, 144, 36, 24, 4, 96, 24, 140,
       73, 16, 50, 51, 156, 88, 87, 32, 248 ]
