%YAML:1.0
descriptors: !!opencv-matrix
   rows: 19
   cols: 64
   dt: u
   data: [ 64, 3, 130, 18, 0, 2, 4, 7, 0, 0, 2, 4, 0, 196, 3, 2, 72, 1,
       1, 132, 192, 5, 66, 131, 18, 0, 148, 4, 0, 136, 0, 64, 7, 6, 65,
       170, 16, 8, 5, 72, 32, 32, 16, 130, 69, 80, 1, 206, 17, 44, 8, 0,
       48, 24, 24, 0, 0, 98, 19, 177, 8, 81, 0, 74, 3, 1, 0, 2, 205, 128,
       2, 8, 34, 1, 0, 67, 160, 75, 2, 17, 100, 35, 1, 212, 64, 45, 3,
       66, 6, 138, 96, 13, 146, 8, 1, 1, 22, 38, 20, 186, 2, 32, 1, 196,
       65, 66, 24, 11, 192, 80, 129, 79, 17, 36, 24, 4, 112, 24, 156, 65,
       16, 50, 51, 149, 24, 87, 32, 105, 67, 135, 128, 18, 9, 138, 6, 6,
       2, 33, 1, 192, 146, 99, 4, 2, 8, 1, 32, 209, 194, 37, 67, 67, 64,
       83, 145, 46, 0, 8, 1, 64, 151, 38, 64, 170, 0, 8, 107, 98, 96, 56,
       56, 43, 213, 84, 181, 111, 17, 172, 24, 4, 240, 25, 152, 9, 16,
       242, 51, 181, 24, 83, 32, 74, 195, 0, 0, 54, 201, 130, 2, 8, 2,
       41, 0, 67, 162, 203, 128, 17, 98, 5, 5, 68, 200, 173, 138, 104, 6,
       138, 40, 15, 146, 8, 33, 79, 83, 167, 20, 187, 0, 32, 5, 198, 193,
       66, 24, 10, 73, 24, 200, 213, 8, 36, 88, 4, 97, 26, 140, 203, 16,
       56, 35, 152, 8, 70, 48, 121, 63, 186, 253, 162, 127, 255, 183,
       120, 254, 220, 222, 119, 253, 127, 251, 85, 251, 247, 99, 114,
       245, 103, 195, 246, 205, 255, 241, 191, 126, 94, 243, 235, 223,
       44, 87, 190, 91, 120, 233, 116, 124, 92, 56, 47, 213, 53, 247,
       111, 153, 172, 24, 5, 240, 29, 156, 73, 16, 242, 51, 189, 88, 87,
       32, 250, 246, 49, 243, 151, 246, 71, 91, 239, 198, 239, 209, 54,
       247, 194, 147, 82, 250, 213, 51, 103, 75, 173, 230, 54, 206, 203,
       254, 47, 210, 8, 114, 59, 115, 37, 20, 191, 82, 116, 193, 212, 80,
       72, 17, 14, 201, 28, 193, 94, 153, 172, 24, 5, 240, 30, 156, 73,
       144, 242, 49, 189, 92, 86, 32, 248, 76, 238, 239, 169, 114, 127,
       167, 245, 189, 254, 234, 154, 217, 60, 255, 239, 203, 221, 107,
       108, 252, 213, 194, 240, 77, 253, 189, 165, 89, 70, 51, 235, 213,
       36, 85, 186, 82, 120, 233, 116, 120, 92, 56, 47, 213, 151, 247,
       109, 153, 172, 24, 5, 240, 29, 156, 73, 16, 242, 51, 189, 88, 87,
       32, 250, 94, 50, 113, 161, 252, 176, 175, 88, 192, 63, 211, 118,
       205, 5, 145, 81, 226, 205, 11, 96, 201, 37, 130, 120, 76, 220,
       184, 175, 214, 14, 49, 251, 87, 36, 93, 187, 82, 120, 41, 86, 96,
       64, 24, 14, 197, 12, 244, 29, 152, 172, 24, 5, 240, 28, 156, 73,
       16, 242, 51, 157, 88, 87, 32, 242, 255, 49, 255, 246, 118, 35,
       127, 254, 214, 253, 245, 179, 127, 234, 146, 90, 250, 213, 55,
       103, 237, 173, 229, 55, 206, 219, 243, 175, 82, 12, 114, 235, 211,
       36, 20, 190, 82, 120, 225, 244, 80, 94, 56, 47, 209, 20, 193, 111,
       153, 172, 24, 5, 240, 29, 156, 73, 16, 242, 51, 189, 88, 86, 32,
       250, 60, 191, 247, 182, 27, 111, 161, 127, 116, 124, 198, 117,
       125, 126, 187, 68, 251, 221, 225, 98, 245, 37, 195, 243, 95, 250,
       176, 143, 90, 206, 51, 235, 223, 36, 85, 186, 83, 120, 233, 116,
       112, 93, 56, 47, 213, 21, 247, 111, 153, 172, 24, 5, 240, 29, 156,
       73, 16, 242, 51, 189, 88, 87, 32, 250, 63, 246, 125, 252, 63, 253,
       63, 121, 253, 126, 253, 251, 253, 127, 252, 253, 243, 253, 103,
       115, 245, 114, 208, 118, 221, 255, 245, 251, 123, 223, 119, 235,
       223, 108, 87, 190, 219, 120, 249, 125, 126, 95, 58, 47, 213, 55,
       247, 111, 153, 172, 24, 13, 240, 29, 157, 73, 24, 242, 51, 189,
       90, 215, 42, 251, 252, 177, 255, 246, 54, 39, 253, 254, 214, 223,
       245, 243, 255, 234, 146, 94, 242, 213, 39, 103, 103, 175, 227,
       119, 206, 138, 182, 143, 82, 12, 116, 235, 215, 36, 20, 190, 82,
       120, 225, 244, 88, 94, 57, 47, 209, 20, 209, 111, 153, 172, 24, 5,
       240, 29, 156, 73, 16, 242, 51, 189, 88, 87, 32, 251, 126, 57, 255,
       254, 55, 119, 125, 127, 119, 246, 213, 176, 127, 254, 182, 94,
       255, 223, 97, 103, 247, 189, 195, 51, 221, 255, 243, 253, 83, 222,
       246, 233, 215, 36, 85, 186, 83, 120, 233, 116, 112, 93, 61, 47,
       213, 21, 247, 111, 153, 172, 24, 5, 240, 29, 156, 73, 16, 242, 51,
       189, 88, 87, 32, 250, 60, 191, 255, 252, 62, 127, 249, 255, 253,
       252, 222, 245, 127, 127, 255, 236, 251, 252, 235, 107, 245, 127,
       246, 247, 253, 255, 245, 187, 127, 223, 127, 239, 223, 108, 87,
       190, 215, 122, 249, 125, 252, 93, 251, 191, 213, 167, 247, 111,
       185, 172, 159, 13, 242, 29, 159, 93, 52, 246, 127, 191, 251, 223,
       44, 254, 61, 178, 247, 247, 62, 117, 251, 252, 254, 252, 214, 119,
       109, 127, 155, 244, 251, 212, 67, 99, 245, 41, 199, 126, 205, 170,
       244, 155, 94, 77, 119, 239, 247, 36, 85, 190, 86, 122, 233, 117,
       217, 92, 27, 46, 213, 21, 241, 111, 153, 172, 24, 5, 240, 29, 156,
       73, 16, 242, 51, 189, 88, 87, 32, 250, 60, 177, 253, 254, 55, 127,
       253, 127, 247, 252, 212, 245, 125, 126, 190, 94, 255, 222, 99, 99,
       245, 63, 193, 247, 221, 255, 244, 223, 122, 222, 247, 235, 223,
       36, 87, 190, 87, 120, 233, 124, 120, 93, 60, 47, 213, 53, 247,
       111, 153, 172, 24, 5, 240, 29, 156, 73, 16, 242, 51, 189, 88, 87,
       32, 250, 3, 6, 64, 2, 157, 128, 5, 72, 34, 0, 2, 32, 32, 75, 160,
       21, 98, 116, 1, 64, 193, 34, 129, 98, 68, 128, 32, 9, 18, 8, 1,
       65, 86, 36, 84, 186, 64, 112, 1, 84, 64, 64, 24, 11, 64, 64, 192,
       79, 16, 44, 24, 4, 112, 24, 156, 65, 16, 50, 51, 156, 72, 87, 32,
       120, 63, 183, 253, 254, 63, 253, 93, 127, 247, 254, 223, 176, 125,
       127, 191, 215, 255, 246, 99, 114, 245, 115, 211, 119, 221, 255,
       245, 127, 122, 94, 247, 235, 223, 44, 87, 190, 218, 120, 233, 125,
       120, 93, 56, 47, 213, 53, 245, 111, 153, 172, 24, 5, 240, 29, 156,
       73, 16, 242, 51, 189, 88, 87, 32, 250, 83, 1, 211, 150, 2, 2, 25,
       14, 102, 132, 21, 17, 63, 235, 178, 82, 238, 215, 32, 103, 66, 45,
       193, 35, 78, 138, 176, 13, 82, 8, 16, 41, 214, 36, 20, 186, 82,
       120, 65, 84, 80, 72, 56, 15, 201, 20, 193, 110, 153, 172, 24, 5,
       240, 24, 156, 73, 16, 242, 51, 189, 88, 87, 32, 250 ]
