%YAML:1.0
descriptors: !!opencv-matrix
   rows: 15
   cols: 64
   dt: u
   data: [ 189, 255, 125, 252, 55, 125, 253, 249, 255, 223, 253, 251,
       255, 59, 252, 255, 251, 246, 103, 111, 117, 118, 241, 246, 253,
       127, 245, 249, 127, 222, 254, 185, 222, 100, 215, 254, 214, 121,
       249, 125, 126, 223, 63, 63, 215, 183, 247, 110, 159, 173, 28, 13,
       250, 29, 159, 93, 24, 246, 115, 189, 91, 223, 40, 251, 171, 212,
       108, 138, 223, 29, 21, 8, 183, 71, 60, 234, 191, 122, 100, 93,
       226, 247, 37, 241, 80, 86, 177, 100, 118, 183, 121, 43, 243, 88,
       85, 97, 214, 44, 214, 186, 66, 112, 161, 252, 114, 223, 60, 13,
       208, 84, 244, 77, 145, 172, 24, 4, 122, 29, 143, 73, 56, 242, 51,
       188, 88, 223, 42, 249, 2, 4, 0, 136, 1, 8, 0, 1, 32, 66, 43, 4,
       16, 36, 108, 36, 0, 48, 0, 4, 0, 128, 16, 0, 80, 132, 8, 0, 128,
       138, 8, 0, 0, 4, 67, 138, 0, 66, 1, 136, 130, 128, 20, 129, 4, 86,
       36, 76, 1, 32, 16, 4, 2, 24, 3, 0, 16, 64, 8, 52, 0, 66, 34, 32,
       5, 6, 1, 0, 8, 130, 2, 69, 128, 0, 2, 4, 0, 5, 129, 1, 0, 96, 1,
       64, 192, 34, 88, 67, 4, 128, 12, 4, 0, 8, 1, 64, 69, 4, 67, 170,
       0, 34, 5, 0, 0, 32, 16, 130, 64, 64, 0, 75, 16, 44, 24, 0, 49, 24,
       140, 0, 16, 98, 3, 180, 72, 70, 32, 112, 1, 5, 0, 136, 0, 8, 4, 7,
       34, 64, 1, 0, 16, 33, 44, 3, 68, 32, 1, 100, 0, 32, 16, 3, 80,
       128, 128, 8, 0, 136, 24, 1, 144, 4, 82, 170, 0, 64, 1, 72, 34,
       130, 24, 1, 20, 84, 100, 78, 17, 36, 16, 4, 32, 24, 3, 9, 16, 98,
       35, 180, 72, 66, 34, 225, 1, 3, 0, 16, 0, 2, 0, 66, 34, 4, 3, 0,
       0, 113, 0, 0, 68, 64, 1, 100, 66, 32, 0, 34, 8, 128, 128, 8, 32,
       8, 16, 65, 16, 38, 80, 186, 0, 66, 1, 192, 132, 16, 24, 6, 64, 4,
       192, 78, 16, 36, 1, 4, 48, 24, 131, 9, 0, 98, 3, 148, 72, 6, 36,
       249, 0, 2, 129, 144, 200, 132, 6, 69, 132, 43, 2, 6, 129, 69, 146,
       0, 106, 69, 1, 96, 200, 37, 194, 99, 78, 154, 180, 15, 146, 8, 49,
       74, 87, 36, 84, 186, 16, 40, 1, 68, 64, 64, 24, 138, 197, 20, 229,
       79, 25, 44, 24, 1, 240, 24, 156, 73, 16, 114, 51, 189, 72, 87, 32,
       250, 69, 2, 129, 144, 201, 130, 6, 78, 32, 32, 2, 0, 130, 229,
       130, 3, 202, 85, 1, 100, 200, 5, 202, 99, 78, 202, 24, 15, 18, 8,
       49, 75, 87, 39, 84, 186, 16, 120, 37, 86, 64, 64, 24, 14, 65, 28,
       65, 199, 25, 44, 24, 4, 113, 28, 156, 73, 16, 114, 35, 189, 72,
       87, 32, 250, 192, 3, 131, 19, 8, 198, 139, 207, 132, 163, 3, 70,
       131, 192, 146, 2, 106, 85, 33, 67, 200, 167, 230, 67, 76, 155,
       180, 47, 18, 10, 51, 74, 71, 36, 85, 186, 80, 56, 105, 68, 224,
       64, 48, 15, 209, 20, 177, 111, 153, 172, 24, 1, 240, 29, 156, 65,
       16, 242, 51, 189, 88, 87, 32, 251, 69, 34, 65, 130, 16, 2, 3, 78,
       128, 2, 2, 52, 1, 131, 131, 67, 66, 68, 1, 100, 1, 128, 140, 32,
       12, 128, 8, 9, 146, 8, 0, 9, 112, 36, 84, 154, 0, 112, 5, 20, 128,
       64, 24, 10, 64, 12, 64, 132, 16, 36, 80, 4, 1, 24, 132, 8, 144,
       96, 33, 28, 76, 70, 32, 177, 3, 4, 64, 2, 153, 128, 7, 8, 34, 0,
       0, 50, 160, 11, 132, 85, 98, 118, 5, 0, 64, 2, 129, 100, 4, 128,
       40, 9, 146, 8, 1, 9, 16, 36, 20, 154, 0, 112, 1, 212, 0, 66, 24,
       11, 64, 16, 192, 4, 1, 36, 16, 4, 32, 24, 140, 73, 16, 48, 34,
       156, 88, 86, 32, 249, 62, 244, 125, 254, 63, 189, 255, 121, 255,
       255, 253, 251, 253, 122, 252, 119, 246, 247, 71, 123, 245, 114,
       211, 126, 253, 255, 247, 255, 90, 255, 247, 235, 215, 44, 215,
       190, 222, 120, 233, 125, 122, 95, 123, 47, 213, 21, 245, 111, 153,
       172, 24, 5, 240, 29, 156, 89, 16, 242, 51, 189, 90, 215, 40, 250,
       62, 185, 187, 254, 51, 219, 253, 111, 215, 184, 213, 241, 115, 86,
       180, 90, 255, 150, 99, 83, 199, 63, 195, 215, 221, 219, 246, 207,
       66, 237, 245, 234, 207, 44, 69, 190, 94, 120, 233, 124, 120, 93,
       181, 47, 245, 53, 181, 111, 153, 174, 153, 7, 240, 29, 156, 65,
       16, 242, 51, 189, 120, 87, 32, 250, 7, 0, 65, 130, 217, 128, 3, 8,
       2, 0, 0, 50, 160, 11, 128, 1, 98, 68, 5, 0, 64, 0, 136, 96, 4,
       128, 8, 9, 146, 8, 1, 9, 16, 36, 20, 154, 0, 112, 5, 150, 1, 64,
       8, 10, 64, 0, 72, 132, 0, 36, 80, 4, 32, 26, 132, 11, 16, 32, 32,
       28, 72, 6, 32, 176, 30, 49, 209, 150, 22, 135, 24, 67, 198, 6, 17,
       16, 85, 194, 176, 83, 242, 213, 3, 103, 195, 46, 193, 119, 76,
       154, 166, 13, 82, 12, 48, 40, 214, 36, 20, 186, 82, 120, 193, 116,
       112, 72, 56, 15, 208, 20, 229, 78, 153, 172, 24, 5, 240, 28, 156,
       73, 16, 242, 51, 189, 88, 87, 32, 250 ]
