%YAML:1.0
descriptors: !!opencv-matrix
   rows: 21
   cols: 64
   dt: u
   data: [ 163, 196, 68, 142, 221, 12, 5, 72, 181, 85, 44, 235, 175, 123,
       228, 109, 227, 244, 37, 97, 192, 42, 184, 116, 102, 223, 1, 43,
       251, 11, 17, 109, 212, 38, 22, 250, 66, 113, 41, 252, 83, 222, 56,
       15, 216, 16, 252, 197, 137, 164, 90, 4, 248, 30, 142, 9, 24, 240,
       35, 188, 88, 87, 34, 249, 129, 206, 64, 134, 201, 72, 167, 200,
       56, 85, 46, 75, 130, 123, 196, 173, 235, 85, 165, 97, 196, 44,
       168, 112, 111, 223, 17, 35, 215, 10, 51, 95, 214, 39, 85, 186, 82,
       112, 237, 180, 113, 92, 56, 39, 221, 20, 252, 229, 137, 164, 24,
       4, 240, 31, 140, 73, 16, 240, 51, 189, 88, 87, 32, 250, 1, 6, 0,
       8, 137, 0, 4, 64, 32, 0, 42, 4, 0, 5, 9, 33, 64, 0, 1, 64, 64,
       128, 8, 0, 66, 128, 8, 0, 128, 0, 8, 1, 48, 4, 81, 136, 0, 66, 5,
       128, 6, 0, 24, 0, 68, 18, 68, 196, 0, 4, 80, 4, 0, 24, 4, 9, 128,
       0, 0, 52, 0, 70, 34, 32, 69, 6, 1, 0, 72, 130, 2, 78, 128, 32, 2,
       4, 0, 1, 129, 1, 66, 68, 1, 64, 192, 32, 8, 3, 76, 136, 12, 4, 0,
       8, 1, 72, 81, 38, 64, 186, 0, 32, 5, 4, 0, 32, 24, 130, 64, 64, 0,
       195, 16, 36, 24, 0, 1, 24, 12, 0, 0, 32, 3, 156, 72, 70, 32, 112,
       2, 2, 128, 130, 201, 130, 2, 5, 6, 2, 2, 6, 128, 66, 2, 0, 66, 17,
       1, 64, 192, 37, 194, 67, 6, 128, 40, 13, 18, 8, 1, 64, 87, 36, 84,
       186, 0, 104, 1, 68, 64, 64, 16, 10, 65, 20, 129, 79, 16, 44, 24,
       4, 96, 24, 156, 9, 0, 114, 51, 177, 8, 87, 32, 104, 131, 202, 66,
       131, 221, 200, 135, 200, 60, 217, 46, 203, 130, 95, 228, 173, 235,
       213, 37, 103, 196, 45, 174, 113, 111, 223, 57, 47, 215, 10, 51,
       63, 215, 39, 84, 186, 82, 120, 237, 244, 115, 92, 56, 47, 221, 22,
       252, 231, 137, 172, 24, 5, 240, 29, 141, 73, 16, 240, 51, 189, 88,
       87, 32, 250, 64, 0, 0, 128, 0, 130, 6, 69, 2, 98, 1, 0, 0, 128, 1,
       3, 66, 64, 1, 100, 136, 129, 194, 0, 76, 128, 168, 12, 16, 8, 17,
       0, 80, 36, 84, 186, 0, 104, 1, 66, 32, 64, 24, 10, 64, 28, 192,
       12, 17, 44, 16, 4, 32, 24, 148, 9, 16, 98, 49, 188, 72, 86, 32,
       240, 65, 1, 1, 144, 0, 2, 0, 70, 2, 6, 1, 4, 16, 225, 16, 2, 4,
       64, 0, 100, 2, 160, 64, 3, 12, 128, 132, 12, 0, 8, 16, 1, 80, 4,
       16, 138, 0, 96, 2, 72, 0, 32, 28, 0, 0, 24, 193, 14, 17, 32, 16,
       4, 32, 24, 20, 10, 9, 34, 0, 16, 72, 4, 32, 225, 1, 7, 0, 2, 0,
       10, 0, 7, 34, 64, 3, 0, 0, 33, 0, 2, 68, 32, 1, 68, 128, 32, 80,
       3, 80, 0, 128, 12, 0, 136, 8, 65, 20, 4, 64, 170, 0, 8, 1, 72, 4,
       0, 24, 129, 0, 64, 101, 78, 16, 36, 8, 0, 34, 24, 24, 9, 8, 98,
       19, 180, 8, 66, 32, 72, 66, 0, 129, 146, 201, 130, 6, 78, 0, 33,
       0, 3, 130, 195, 130, 0, 98, 85, 1, 100, 200, 133, 138, 43, 78,
       202, 40, 15, 146, 8, 49, 78, 87, 39, 84, 187, 16, 112, 37, 214,
       64, 64, 24, 10, 73, 28, 65, 199, 25, 36, 24, 4, 113, 24, 140, 73,
       16, 112, 35, 188, 72, 86, 32, 248, 64, 2, 128, 128, 192, 134, 2,
       100, 4, 102, 3, 6, 144, 160, 147, 2, 194, 85, 1, 100, 8, 133, 194,
       32, 78, 200, 184, 12, 144, 8, 48, 9, 81, 36, 85, 187, 64, 120, 5,
       68, 16, 64, 24, 14, 65, 28, 192, 12, 25, 44, 24, 4, 113, 29, 148,
       73, 16, 114, 49, 188, 72, 86, 32, 250, 65, 1, 128, 16, 64, 2, 2,
       102, 2, 36, 1, 4, 0, 193, 19, 2, 64, 64, 0, 102, 10, 161, 192,
       131, 74, 0, 132, 12, 0, 8, 16, 1, 114, 38, 17, 186, 0, 32, 3, 64,
       16, 32, 24, 10, 64, 24, 193, 78, 17, 44, 16, 1, 48, 24, 20, 65,
       17, 98, 49, 177, 72, 70, 32, 224, 35, 6, 64, 2, 157, 128, 3, 8,
       34, 64, 0, 48, 160, 11, 132, 21, 98, 116, 5, 64, 192, 2, 129, 100,
       68, 128, 40, 9, 146, 8, 1, 9, 16, 36, 84, 154, 64, 112, 1, 212, 4,
       66, 24, 139, 64, 16, 192, 77, 16, 36, 16, 4, 32, 24, 140, 73, 16,
       50, 50, 156, 88, 86, 32, 121, 70, 33, 65, 128, 16, 2, 1, 78, 130,
       2, 1, 52, 1, 131, 129, 66, 66, 68, 1, 100, 1, 128, 128, 32, 12,
       128, 168, 9, 146, 8, 48, 9, 112, 36, 20, 154, 0, 112, 1, 212, 128,
       64, 24, 10, 64, 28, 64, 204, 17, 36, 16, 4, 32, 24, 132, 9, 144,
       96, 33, 152, 72, 6, 32, 241, 124, 185, 255, 254, 55, 111, 125,
       127, 119, 244, 223, 183, 127, 254, 191, 126, 255, 223, 97, 103,
       245, 45, 211, 115, 223, 255, 241, 253, 82, 222, 246, 233, 223, 36,
       87, 186, 83, 120, 233, 116, 112, 93, 60, 47, 213, 21, 247, 111,
       153, 172, 24, 5, 240, 29, 156, 73, 16, 242, 51, 189, 88, 87, 32,
       250, 190, 245, 125, 254, 63, 189, 95, 121, 255, 255, 253, 250,
       253, 122, 244, 87, 247, 247, 103, 115, 245, 114, 211, 118, 221,
       255, 247, 251, 91, 223, 247, 235, 215, 44, 215, 190, 218, 120,
       249, 125, 122, 95, 125, 47, 213, 53, 245, 111, 155, 172, 24, 5,
       240, 29, 156, 89, 16, 242, 51, 189, 122, 215, 40, 251, 61, 190,
       255, 252, 62, 125, 253, 127, 255, 252, 254, 253, 127, 127, 255,
       252, 255, 254, 227, 107, 245, 127, 247, 255, 253, 111, 246, 251,
       127, 221, 255, 239, 207, 108, 71, 190, 223, 122, 249, 125, 126,
       221, 255, 175, 212, 183, 247, 111, 187, 172, 159, 13, 242, 29,
       159, 93, 60, 242, 127, 255, 251, 223, 46, 254, 62, 185, 253, 254,
       54, 127, 125, 127, 247, 252, 221, 241, 127, 254, 190, 94, 255,
       223, 99, 243, 245, 63, 193, 247, 221, 255, 245, 255, 122, 223,
       247, 235, 223, 44, 85, 190, 223, 120, 249, 124, 120, 93, 61, 47,
       213, 53, 247, 111, 153, 172, 153, 5, 240, 29, 156, 73, 16, 242,
       51, 189, 90, 87, 32, 250, 61, 190, 253, 254, 63, 253, 255, 124,
       255, 252, 223, 243, 253, 127, 255, 213, 251, 247, 99, 106, 245,
       115, 211, 246, 221, 255, 245, 191, 126, 95, 247, 239, 223, 44, 87,
       190, 211, 120, 249, 125, 124, 93, 122, 47, 213, 181, 247, 111,
       153, 172, 24, 5, 240, 29, 156, 73, 48, 242, 51, 189, 90, 87, 32,
       250, 63, 182, 253, 247, 63, 181, 187, 120, 246, 255, 208, 115,
       237, 91, 147, 85, 246, 223, 67, 99, 245, 37, 195, 126, 204, 170,
       226, 223, 90, 89, 241, 239, 247, 36, 84, 190, 87, 120, 233, 245,
       216, 92, 59, 14, 208, 21, 211, 111, 153, 172, 24, 5, 240, 29, 156,
       73, 16, 242, 51, 189, 88, 87, 32, 251, 3, 6, 0, 2, 153, 128, 6, 8,
       2, 0, 0, 0, 160, 11, 128, 17, 98, 86, 5, 0, 192, 0, 136, 96, 68,
       128, 40, 9, 146, 8, 1, 9, 16, 36, 84, 154, 0, 112, 1, 214, 0, 64,
       8, 11, 64, 20, 192, 5, 17, 36, 16, 4, 32, 24, 140, 73, 16, 112,
       34, 188, 72, 86, 32, 248 ]
