%YAML:1.0
descriptors: !!opencv-matrix
   rows: 19
   cols: 64
   dt: u
   data: [ 163, 198, 68, 138, 221, 12, 5, 8, 166, 69, 40, 203, 175, 123,
       100, 13, 227, 245, 37, 113, 192, 6, 184, 112, 70, 223, 25, 43,
       187, 26, 1, 73, 212, 100, 86, 186, 66, 112, 41, 252, 103, 94, 56,
       175, 212, 16, 244, 77, 137, 164, 24, 4, 240, 28, 142, 73, 24, 240,
       51, 188, 88, 87, 32, 249, 2, 2, 1, 2, 200, 128, 130, 64, 0, 2, 2,
       6, 128, 69, 1, 1, 66, 69, 1, 64, 192, 4, 10, 64, 78, 144, 24, 5,
       146, 8, 1, 64, 87, 36, 85, 186, 16, 104, 1, 4, 0, 64, 24, 10, 65,
       4, 192, 65, 24, 44, 24, 4, 176, 24, 156, 9, 16, 98, 19, 189, 72,
       87, 32, 250, 1, 6, 4, 130, 0, 0, 4, 22, 34, 64, 2, 0, 0, 49, 0, 1,
       64, 96, 1, 32, 64, 0, 0, 32, 0, 0, 8, 0, 176, 8, 0, 1, 20, 4, 80,
       136, 0, 64, 1, 0, 4, 16, 24, 135, 0, 128, 68, 204, 16, 32, 1, 4,
       16, 8, 131, 8, 40, 64, 2, 4, 64, 66, 36, 72, 2, 68, 0, 136, 1, 8,
       4, 1, 32, 66, 43, 4, 16, 36, 108, 33, 0, 32, 0, 4, 0, 128, 16, 0,
       80, 132, 8, 0, 128, 138, 8, 0, 0, 4, 67, 138, 0, 66, 1, 136, 130,
       128, 20, 129, 4, 86, 36, 76, 1, 32, 16, 4, 0, 24, 3, 8, 16, 64, 0,
       52, 0, 66, 34, 32, 1, 6, 0, 0, 72, 130, 2, 69, 160, 0, 2, 4, 0, 5,
       1, 1, 2, 96, 1, 64, 192, 34, 24, 67, 0, 128, 12, 4, 16, 8, 1, 64,
       69, 4, 67, 170, 0, 34, 5, 0, 0, 32, 16, 130, 64, 64, 128, 75, 24,
       44, 24, 0, 49, 24, 140, 0, 16, 98, 3, 180, 72, 70, 32, 112, 1, 7,
       0, 128, 0, 12, 4, 67, 32, 68, 2, 0, 16, 57, 52, 7, 192, 96, 1, 96,
       64, 32, 16, 35, 80, 128, 132, 8, 32, 136, 24, 65, 0, 4, 82, 170,
       0, 66, 1, 72, 132, 16, 24, 131, 64, 64, 100, 78, 17, 36, 16, 12,
       34, 24, 139, 9, 16, 98, 3, 180, 72, 70, 32, 232, 0, 2, 129, 144,
       200, 132, 6, 69, 132, 42, 2, 6, 129, 69, 146, 0, 74, 69, 1, 96,
       200, 37, 194, 99, 78, 152, 180, 14, 146, 8, 49, 72, 87, 36, 84,
       186, 16, 40, 1, 68, 64, 64, 16, 138, 193, 20, 193, 79, 25, 44, 24,
       1, 240, 24, 156, 73, 16, 114, 51, 189, 72, 87, 32, 250, 69, 2,
       129, 144, 201, 130, 6, 78, 32, 32, 2, 4, 128, 229, 130, 3, 202,
       85, 1, 100, 200, 5, 202, 99, 78, 200, 24, 15, 18, 8, 49, 75, 87,
       38, 84, 186, 16, 120, 5, 86, 64, 64, 24, 14, 65, 28, 65, 199, 25,
       44, 24, 4, 113, 24, 156, 73, 16, 112, 35, 189, 72, 87, 32, 250, 1,
       3, 4, 16, 0, 2, 4, 82, 34, 4, 1, 0, 0, 105, 0, 3, 64, 68, 0, 100,
       2, 32, 128, 34, 8, 128, 128, 8, 48, 8, 0, 9, 82, 38, 16, 154, 0,
       64, 3, 68, 4, 2, 24, 3, 64, 16, 193, 78, 16, 36, 16, 4, 48, 24,
       148, 9, 24, 34, 51, 156, 72, 70, 36, 249, 65, 1, 129, 16, 1, 2, 1,
       78, 2, 0, 1, 4, 0, 204, 130, 2, 98, 84, 0, 70, 10, 165, 192, 35,
       78, 130, 160, 8, 144, 8, 16, 9, 82, 38, 85, 186, 0, 96, 67, 68,
       16, 64, 24, 11, 196, 28, 229, 78, 17, 44, 16, 4, 48, 24, 148, 65,
       16, 114, 49, 189, 88, 86, 32, 248, 195, 0, 1, 146, 200, 194, 6, 8,
       2, 35, 41, 66, 146, 70, 162, 2, 107, 85, 37, 97, 138, 161, 226,
       96, 76, 215, 185, 47, 146, 10, 19, 75, 215, 36, 84, 154, 2, 120,
       105, 86, 96, 64, 56, 43, 213, 28, 245, 47, 25, 172, 16, 5, 240,
       24, 156, 73, 16, 242, 49, 189, 88, 87, 32, 250, 3, 16, 16, 130,
       149, 0, 7, 8, 66, 2, 0, 48, 32, 10, 128, 81, 98, 86, 4, 4, 72,
       128, 129, 32, 12, 128, 40, 9, 146, 8, 1, 9, 80, 36, 20, 154, 0,
       112, 1, 212, 0, 64, 24, 8, 0, 4, 192, 4, 0, 36, 16, 4, 32, 24,
       132, 65, 144, 48, 32, 28, 72, 22, 32, 176, 3, 6, 65, 2, 157, 128,
       7, 8, 226, 0, 0, 114, 160, 11, 132, 81, 98, 84, 5, 32, 64, 2, 129,
       100, 68, 144, 40, 9, 146, 8, 1, 9, 16, 36, 20, 154, 0, 112, 1,
       212, 1, 66, 24, 11, 64, 16, 192, 4, 0, 36, 16, 4, 32, 24, 140, 9,
       16, 48, 34, 28, 72, 86, 32, 249, 62, 244, 125, 255, 63, 189, 255,
       121, 255, 255, 253, 251, 253, 122, 252, 119, 246, 247, 71, 123,
       245, 114, 211, 126, 253, 255, 247, 255, 90, 255, 247, 235, 215,
       44, 215, 190, 222, 120, 249, 117, 122, 95, 123, 47, 213, 21, 245,
       111, 153, 172, 24, 5, 240, 29, 156, 89, 16, 242, 51, 189, 91, 215,
       40, 251, 62, 185, 255, 254, 54, 253, 253, 127, 247, 254, 213, 241,
       127, 126, 191, 94, 255, 222, 99, 251, 245, 127, 211, 247, 253,
       251, 246, 255, 123, 253, 245, 235, 207, 44, 87, 190, 223, 120,
       249, 125, 120, 93, 243, 47, 245, 53, 247, 111, 187, 174, 152, 15,
       240, 29, 156, 89, 20, 243, 115, 191, 123, 87, 40, 250, 61, 190,
       255, 253, 63, 253, 253, 125, 255, 253, 220, 253, 253, 127, 189,
       254, 255, 254, 227, 123, 245, 126, 211, 255, 253, 127, 228, 255,
       125, 223, 245, 239, 223, 108, 87, 190, 223, 121, 249, 125, 124,
       93, 251, 175, 212, 53, 247, 111, 187, 174, 153, 13, 240, 29, 156,
       93, 52, 242, 247, 255, 251, 223, 44, 254, 61, 182, 125, 254, 63,
       253, 251, 120, 255, 252, 223, 247, 253, 127, 255, 247, 247, 246,
       67, 123, 245, 106, 211, 254, 221, 190, 245, 251, 126, 95, 247,
       239, 223, 44, 87, 190, 214, 122, 249, 125, 252, 93, 123, 47, 212,
       55, 245, 111, 153, 172, 24, 5, 240, 29, 156, 73, 48, 242, 51, 189,
       218, 87, 32, 250, 62, 181, 125, 254, 63, 189, 125, 121, 247, 254,
       213, 179, 253, 122, 189, 87, 255, 254, 99, 243, 245, 54, 211, 118,
       221, 191, 247, 251, 90, 221, 245, 235, 199, 44, 87, 190, 219, 120,
       233, 125, 120, 92, 57, 47, 212, 21, 247, 111, 153, 172, 24, 5,
       240, 29, 156, 73, 16, 242, 115, 189, 90, 87, 40, 250, 22, 49, 209,
       182, 23, 130, 24, 75, 198, 2, 145, 48, 117, 194, 176, 83, 242,
       213, 3, 103, 195, 46, 193, 119, 76, 154, 166, 13, 82, 12, 48, 40,
       214, 36, 20, 190, 82, 120, 193, 116, 112, 72, 56, 15, 208, 20,
       229, 78, 153, 172, 24, 5, 240, 28, 156, 73, 16, 242, 51, 189, 88,
       87, 32, 250 ]
