%YAML:1.0
descriptors: !!opencv-matrix
   rows: 17
   cols: 64
   dt: u
   data: [ 131, 5, 128, 2, 205, 130, 2, 8, 2, 1, 0, 67, 162, 67, 6, 17,
       102, 7, 5, 84, 64, 45, 131, 98, 6, 138, 32, 15, 146, 8, 0, 1, 150,
       39, 20, 186, 66, 32, 5, 196, 65, 66, 24, 11, 193, 16, 225, 79, 17,
       36, 24, 4, 112, 24, 156, 73, 16, 114, 51, 189, 24, 87, 32, 249,
       67, 135, 128, 18, 9, 138, 6, 6, 2, 33, 1, 192, 146, 98, 4, 2, 8,
       1, 32, 209, 194, 37, 67, 67, 64, 83, 145, 46, 0, 8, 1, 64, 151,
       38, 64, 186, 0, 8, 107, 106, 96, 56, 56, 43, 209, 84, 181, 111,
       17, 172, 24, 4, 240, 25, 152, 9, 16, 242, 51, 181, 24, 87, 32, 74,
       195, 4, 0, 54, 217, 130, 2, 8, 2, 41, 0, 99, 162, 195, 128, 17,
       98, 71, 5, 68, 200, 141, 170, 105, 6, 138, 40, 15, 146, 8, 33, 77,
       83, 167, 20, 187, 0, 32, 5, 198, 65, 66, 24, 10, 73, 24, 200, 213,
       8, 36, 88, 4, 97, 26, 140, 203, 16, 56, 35, 152, 8, 70, 48, 121,
       62, 186, 253, 162, 127, 255, 183, 120, 254, 220, 222, 119, 253,
       127, 251, 85, 251, 255, 99, 114, 245, 103, 195, 246, 205, 254,
       241, 255, 126, 94, 243, 235, 223, 44, 87, 190, 91, 122, 233, 116,
       124, 92, 56, 47, 213, 53, 247, 111, 153, 172, 24, 5, 240, 29, 156,
       73, 16, 242, 51, 189, 88, 87, 32, 250, 63, 255, 125, 190, 54, 255,
       191, 121, 255, 212, 253, 254, 253, 127, 254, 127, 251, 247, 99,
       119, 245, 119, 211, 246, 205, 255, 245, 253, 122, 94, 247, 233,
       215, 44, 85, 190, 90, 120, 233, 116, 120, 93, 56, 47, 213, 53,
       245, 111, 153, 172, 24, 5, 240, 29, 156, 73, 16, 242, 51, 189, 88,
       87, 32, 250, 246, 49, 243, 151, 246, 71, 91, 239, 198, 239, 209,
       54, 247, 194, 147, 82, 250, 213, 51, 103, 75, 173, 231, 54, 206,
       203, 254, 47, 210, 8, 114, 59, 115, 37, 20, 191, 82, 116, 193,
       212, 80, 72, 17, 14, 201, 28, 193, 30, 153, 172, 24, 5, 240, 30,
       156, 73, 144, 242, 49, 189, 92, 86, 32, 248, 76, 238, 239, 169,
       114, 127, 167, 245, 189, 254, 234, 154, 217, 60, 255, 239, 203,
       221, 107, 108, 252, 213, 194, 240, 77, 253, 189, 165, 89, 70, 51,
       235, 213, 36, 85, 186, 82, 120, 233, 116, 120, 92, 56, 47, 213,
       151, 247, 109, 153, 172, 24, 5, 240, 29, 156, 73, 16, 242, 51,
       189, 88, 87, 32, 250, 94, 50, 113, 161, 252, 178, 175, 88, 192,
       47, 211, 118, 205, 5, 145, 81, 226, 205, 11, 96, 201, 37, 130,
       120, 76, 220, 184, 175, 210, 14, 49, 251, 87, 36, 93, 187, 82,
       120, 41, 86, 96, 64, 24, 14, 197, 12, 244, 29, 152, 172, 24, 5,
       240, 28, 156, 73, 16, 242, 51, 157, 88, 87, 32, 242, 60, 187, 247,
       182, 59, 111, 161, 127, 116, 124, 198, 117, 125, 126, 187, 68,
       251, 221, 225, 98, 245, 37, 195, 115, 79, 250, 176, 143, 122, 78,
       51, 235, 215, 36, 85, 186, 83, 122, 233, 116, 112, 93, 56, 47,
       213, 21, 247, 111, 153, 172, 24, 5, 240, 29, 156, 73, 16, 242, 51,
       189, 88, 87, 32, 250, 63, 246, 125, 252, 63, 189, 63, 121, 253,
       126, 252, 251, 253, 123, 252, 253, 243, 253, 103, 115, 245, 114,
       209, 118, 221, 255, 245, 187, 123, 223, 119, 235, 223, 44, 87,
       190, 219, 120, 249, 125, 126, 95, 58, 47, 213, 55, 247, 111, 153,
       172, 24, 13, 240, 29, 157, 73, 24, 242, 51, 189, 90, 215, 40, 251,
       252, 177, 255, 246, 54, 39, 253, 254, 214, 223, 245, 243, 255,
       234, 146, 94, 242, 213, 39, 103, 103, 173, 227, 119, 206, 138,
       182, 175, 82, 12, 116, 235, 215, 36, 20, 186, 82, 120, 225, 244,
       80, 78, 57, 47, 209, 20, 209, 111, 153, 172, 24, 5, 240, 29, 156,
       73, 16, 242, 51, 189, 88, 87, 32, 251, 254, 249, 255, 255, 54,
       127, 125, 255, 223, 255, 253, 187, 127, 254, 255, 254, 251, 213,
       127, 111, 127, 255, 247, 55, 253, 255, 247, 189, 123, 255, 126,
       187, 226, 44, 55, 255, 222, 125, 249, 125, 122, 223, 245, 63, 247,
       55, 245, 110, 159, 172, 159, 143, 248, 29, 156, 93, 80, 246, 123,
       255, 123, 222, 42, 251, 61, 189, 253, 254, 54, 127, 121, 127, 247,
       222, 213, 181, 125, 255, 190, 94, 251, 223, 99, 99, 245, 117, 193,
       247, 221, 255, 245, 221, 122, 222, 246, 233, 223, 36, 85, 190, 91,
       120, 249, 124, 120, 93, 57, 47, 213, 53, 247, 111, 153, 172, 24,
       5, 240, 29, 156, 73, 16, 242, 51, 189, 88, 87, 32, 250, 188, 191,
       255, 252, 62, 127, 249, 255, 253, 252, 222, 247, 127, 255, 255,
       238, 251, 252, 235, 107, 245, 127, 247, 247, 253, 255, 245, 187,
       127, 223, 127, 239, 223, 108, 87, 254, 215, 122, 249, 125, 252,
       93, 251, 63, 213, 167, 247, 111, 185, 172, 159, 13, 242, 29, 158,
       93, 52, 246, 127, 191, 251, 223, 44, 254, 61, 178, 247, 245, 62,
       245, 251, 252, 252, 252, 214, 119, 253, 127, 155, 244, 250, 212,
       67, 99, 229, 41, 198, 126, 205, 170, 244, 155, 90, 77, 119, 239,
       247, 36, 85, 190, 86, 122, 233, 117, 216, 92, 27, 46, 213, 23,
       241, 111, 153, 172, 24, 5, 240, 29, 156, 73, 16, 242, 51, 189, 88,
       87, 32, 250, 3, 6, 64, 2, 157, 128, 5, 72, 34, 0, 2, 32, 32, 75,
       160, 21, 98, 116, 1, 0, 193, 34, 129, 98, 68, 128, 32, 9, 18, 8,
       1, 65, 86, 36, 84, 186, 0, 112, 1, 84, 64, 64, 24, 11, 64, 64,
       192, 79, 16, 44, 24, 4, 112, 24, 156, 65, 16, 50, 51, 156, 72, 87,
       32, 120, 63, 55, 253, 254, 63, 253, 31, 125, 247, 254, 223, 176,
       125, 127, 191, 215, 255, 246, 99, 242, 245, 115, 211, 119, 221,
       255, 245, 127, 122, 94, 247, 235, 223, 44, 87, 190, 218, 120, 233,
       125, 120, 93, 56, 47, 213, 53, 245, 111, 153, 172, 24, 5, 240, 29,
       156, 73, 16, 242, 51, 189, 88, 215, 40, 250 ]
