%YAML:1.0
descriptors: !!opencv-matrix
   rows: 15
   cols: 64
   dt: u
   data: [ 171, 212, 108, 138, 223, 29, 5, 9, 183, 71, 60, 234, 191, 123,
       52, 93, 226, 247, 37, 241, 80, 86, 177, 100, 118, 247, 57, 43,
       243, 26, 81, 105, 212, 44, 150, 186, 66, 112, 41, 252, 114, 219,
       60, 13, 208, 84, 244, 77, 145, 172, 24, 12, 248, 29, 142, 73, 56,
       242, 51, 188, 88, 215, 42, 249, 2, 68, 0, 138, 1, 8, 4, 1, 0, 66,
       43, 4, 16, 4, 108, 33, 0, 32, 0, 64, 0, 0, 16, 0, 80, 132, 8, 0,
       128, 138, 8, 0, 0, 4, 83, 138, 0, 66, 1, 128, 130, 128, 20, 1, 4,
       86, 36, 12, 1, 32, 16, 4, 2, 9, 3, 0, 16, 96, 0, 52, 0, 66, 34,
       32, 1, 6, 0, 0, 73, 130, 2, 69, 128, 0, 2, 4, 0, 5, 1, 1, 2, 96,
       1, 64, 192, 35, 24, 67, 0, 128, 12, 4, 16, 8, 1, 64, 69, 4, 67,
       170, 0, 34, 5, 0, 0, 32, 16, 130, 64, 64, 128, 75, 24, 44, 24, 0,
       49, 24, 140, 0, 16, 98, 3, 180, 72, 70, 32, 112, 1, 7, 0, 138, 0,
       8, 0, 3, 34, 64, 0, 4, 16, 32, 44, 3, 64, 32, 1, 64, 0, 32, 16, 3,
       80, 128, 128, 8, 0, 136, 8, 1, 144, 4, 83, 170, 0, 64, 1, 72, 34,
       130, 24, 1, 20, 84, 100, 78, 17, 36, 16, 4, 32, 24, 130, 9, 16,
       98, 3, 180, 72, 66, 34, 225, 1, 3, 4, 16, 0, 2, 0, 66, 34, 4, 3,
       0, 0, 113, 0, 0, 68, 64, 0, 100, 66, 32, 0, 34, 8, 0, 132, 8, 160,
       8, 16, 1, 16, 38, 80, 138, 0, 64, 3, 192, 132, 2, 24, 6, 64, 0,
       192, 78, 17, 36, 0, 4, 48, 24, 131, 9, 0, 98, 3, 148, 72, 6, 32,
       249, 2, 2, 129, 144, 200, 132, 6, 69, 132, 42, 2, 6, 129, 69, 147,
       0, 74, 69, 1, 96, 200, 37, 194, 99, 76, 152, 180, 13, 18, 8, 49,
       72, 87, 36, 84, 186, 16, 40, 1, 68, 64, 64, 16, 138, 193, 20, 193,
       79, 25, 44, 24, 1, 240, 24, 156, 73, 16, 114, 51, 189, 72, 87, 32,
       250, 68, 2, 129, 144, 73, 130, 6, 78, 32, 32, 2, 0, 128, 225, 130,
       3, 202, 85, 1, 100, 200, 5, 202, 99, 78, 200, 24, 15, 18, 8, 49,
       75, 87, 38, 84, 186, 16, 120, 37, 86, 64, 64, 24, 14, 65, 28, 65,
       199, 25, 44, 24, 4, 113, 24, 156, 73, 16, 112, 35, 189, 72, 87,
       32, 250, 3, 0, 1, 130, 153, 0, 3, 8, 66, 2, 0, 50, 32, 10, 128,
       81, 98, 86, 0, 0, 72, 128, 128, 32, 12, 128, 40, 9, 146, 8, 1, 9,
       112, 36, 20, 154, 0, 112, 1, 212, 0, 64, 8, 8, 0, 4, 192, 4, 1,
       36, 16, 4, 32, 24, 132, 75, 144, 48, 32, 28, 76, 6, 32, 176, 7, 6,
       65, 2, 145, 128, 3, 8, 162, 0, 0, 114, 160, 11, 128, 81, 98, 84,
       5, 100, 64, 2, 128, 96, 68, 128, 40, 9, 146, 8, 1, 9, 16, 36, 20,
       154, 0, 112, 1, 212, 1, 66, 24, 11, 64, 16, 192, 4, 0, 36, 16, 4,
       32, 24, 140, 9, 16, 48, 32, 156, 72, 70, 32, 249, 62, 244, 125,
       255, 63, 189, 255, 121, 255, 255, 253, 250, 253, 122, 252, 87,
       246, 247, 99, 123, 244, 114, 210, 126, 221, 255, 247, 251, 90,
       251, 119, 235, 215, 44, 215, 190, 218, 120, 249, 125, 122, 95,
       123, 47, 213, 21, 245, 111, 153, 172, 24, 5, 240, 29, 156, 89, 16,
       242, 51, 189, 123, 215, 40, 251, 63, 182, 125, 254, 63, 253, 251,
       120, 255, 252, 223, 247, 253, 127, 255, 247, 255, 246, 67, 123,
       245, 106, 211, 254, 221, 254, 245, 251, 126, 95, 247, 239, 223,
       44, 87, 190, 222, 122, 249, 125, 124, 93, 123, 47, 212, 55, 247,
       111, 153, 172, 24, 5, 240, 29, 156, 73, 48, 242, 51, 189, 218, 87,
       32, 250, 61, 191, 255, 254, 58, 253, 253, 127, 247, 254, 215, 245,
       127, 126, 188, 94, 255, 254, 227, 107, 245, 118, 211, 247, 221,
       191, 228, 251, 106, 221, 245, 235, 223, 44, 71, 190, 223, 120,
       249, 124, 120, 93, 121, 47, 244, 53, 247, 111, 187, 172, 153, 15,
       240, 29, 156, 89, 52, 242, 115, 189, 122, 215, 40, 250, 61, 190,
       253, 237, 63, 253, 253, 124, 255, 253, 222, 253, 253, 127, 253,
       245, 255, 254, 227, 251, 245, 118, 219, 255, 253, 127, 229, 255,
       124, 223, 245, 239, 223, 104, 215, 190, 255, 121, 249, 125, 120,
       93, 123, 47, 213, 181, 247, 111, 185, 172, 153, 13, 240, 29, 158,
       93, 54, 242, 183, 189, 251, 223, 44, 254, 62, 178, 125, 254, 62,
       253, 189, 121, 255, 252, 222, 247, 253, 127, 185, 85, 251, 254,
       67, 98, 245, 114, 211, 246, 221, 190, 244, 251, 126, 223, 247,
       235, 215, 108, 87, 190, 95, 120, 249, 124, 124, 93, 122, 47, 212,
       53, 247, 111, 153, 172, 24, 5, 240, 29, 156, 73, 16, 242, 51, 189,
       90, 87, 32, 250, 7, 2, 65, 2, 217, 128, 3, 72, 2, 0, 0, 48, 128,
       3, 128, 1, 66, 68, 5, 4, 72, 0, 136, 96, 78, 128, 8, 9, 146, 8, 1,
       9, 48, 36, 20, 154, 0, 112, 5, 148, 1, 64, 8, 10, 64, 8, 72, 132,
       0, 36, 80, 4, 0, 26, 132, 11, 16, 32, 32, 28, 72, 6, 32, 176 ]
