%YAML:1.0
descriptors: !!opencv-matrix
   rows: 6
   cols: 64
   dt: u
   data: [ 71, 34, 65, 128, 209, 2, 3, 72, 0, 0, 2, 52, 1, 3, 128, 65,
       66, 84, 1, 68, 64, 128, 136, 32, 14, 128, 8, 1, 146, 8, 0, 9, 80,
       36, 84, 154, 0, 112, 5, 148, 128, 64, 24, 10, 64, 12, 64, 132, 0,
       36, 80, 4, 1, 26, 132, 10, 144, 96, 32, 28, 72, 6, 32, 176, 61,
       254, 255, 255, 63, 253, 253, 121, 253, 253, 214, 253, 253, 127,
       253, 221, 251, 254, 227, 251, 245, 126, 219, 255, 253, 127, 247,
       255, 126, 223, 253, 239, 207, 108, 87, 190, 255, 123, 249, 125,
       125, 93, 251, 175, 213, 181, 247, 111, 185, 190, 153, 13, 240, 29,
       156, 93, 54, 242, 247, 191, 251, 223, 44, 254, 60, 177, 253, 252,
       63, 255, 253, 127, 119, 252, 213, 245, 125, 126, 188, 94, 255,
       222, 99, 243, 245, 125, 195, 243, 253, 127, 242, 223, 120, 221,
       245, 235, 223, 52, 87, 190, 223, 120, 249, 125, 120, 93, 253, 47,
       245, 53, 247, 111, 153, 174, 153, 7, 240, 29, 156, 73, 24, 243,
       51, 189, 91, 95, 32, 250, 63, 246, 125, 255, 63, 189, 255, 121,
       255, 255, 253, 251, 253, 123, 253, 87, 247, 246, 67, 251, 245,
       114, 211, 126, 253, 255, 247, 251, 126, 255, 247, 235, 215, 108,
       215, 190, 222, 121, 249, 125, 120, 95, 123, 47, 212, 181, 247,
       111, 187, 172, 24, 5, 240, 29, 156, 93, 16, 242, 115, 191, 251,
       215, 40, 250, 70, 33, 65, 128, 16, 2, 1, 78, 0, 2, 1, 52, 1, 131,
       129, 66, 66, 68, 1, 100, 0, 128, 128, 32, 12, 128, 8, 9, 146, 8,
       32, 9, 112, 36, 20, 154, 0, 112, 5, 212, 128, 64, 24, 10, 64, 28,
       64, 204, 17, 36, 80, 4, 0, 24, 132, 8, 144, 96, 33, 156, 76, 6,
       32, 177, 5, 34, 65, 128, 217, 0, 3, 72, 128, 0, 2, 54, 129, 3,
       128, 64, 98, 84, 5, 100, 65, 128, 136, 96, 12, 136, 8, 9, 146, 8,
       1, 9, 112, 36, 84, 154, 0, 114, 5, 212, 129, 64, 24, 2, 64, 4, 72,
       132, 1, 36, 80, 4, 32, 26, 133, 9, 16, 96, 33, 156, 72, 6, 32,
       185 ]
