%YAML:1.0
descriptors: !!opencv-matrix
   rows: 18
   cols: 64
   dt: u
   data: [ 2, 68, 0, 136, 1, 8, 4, 1, 32, 66, 43, 4, 16, 36, 108, 33, 0,
       32, 0, 4, 0, 128, 16, 0, 80, 132, 8, 0, 128, 138, 8, 0, 0, 4, 67,
       138, 0, 66, 1, 136, 130, 128, 20, 129, 4, 86, 36, 76, 1, 32, 16,
       4, 2, 24, 3, 8, 16, 64, 0, 52, 0, 66, 34, 32, 1, 6, 0, 0, 72, 130,
       2, 69, 160, 0, 2, 4, 0, 5, 1, 1, 2, 96, 1, 64, 192, 35, 24, 67, 0,
       128, 12, 4, 16, 8, 1, 64, 69, 4, 67, 170, 0, 34, 5, 0, 0, 32, 16,
       130, 64, 64, 128, 75, 24, 44, 24, 0, 49, 24, 140, 0, 16, 98, 3,
       180, 72, 70, 32, 112, 1, 7, 0, 138, 0, 8, 4, 3, 34, 64, 0, 0, 16,
       37, 44, 3, 64, 32, 1, 96, 0, 32, 16, 2, 80, 128, 128, 8, 0, 136,
       8, 1, 144, 4, 83, 170, 0, 64, 1, 72, 38, 130, 24, 1, 20, 84, 100,
       78, 17, 36, 16, 4, 32, 24, 130, 9, 16, 98, 3, 180, 72, 66, 34,
       225, 1, 3, 4, 16, 0, 2, 0, 66, 34, 4, 3, 0, 0, 113, 0, 0, 68, 64,
       0, 100, 66, 32, 0, 34, 8, 0, 132, 8, 160, 8, 16, 65, 16, 6, 80,
       138, 0, 64, 3, 192, 132, 2, 24, 6, 64, 0, 192, 78, 17, 36, 1, 4,
       48, 24, 131, 9, 0, 98, 3, 148, 72, 6, 32, 249, 0, 2, 129, 144,
       200, 132, 6, 69, 132, 42, 2, 6, 129, 69, 147, 0, 74, 69, 1, 96,
       200, 37, 194, 99, 78, 152, 180, 15, 146, 8, 49, 74, 87, 36, 84,
       186, 16, 40, 1, 68, 64, 64, 24, 10, 193, 20, 193, 79, 25, 44, 24,
       1, 240, 24, 156, 73, 16, 114, 51, 189, 72, 87, 32, 250, 69, 2,
       129, 144, 201, 130, 6, 78, 32, 32, 2, 4, 128, 229, 130, 3, 202,
       85, 1, 100, 200, 5, 202, 99, 78, 200, 24, 15, 18, 8, 49, 75, 87,
       38, 84, 186, 16, 120, 5, 86, 64, 64, 24, 14, 65, 28, 65, 199, 25,
       44, 24, 4, 113, 24, 156, 73, 16, 112, 35, 189, 72, 87, 32, 250,
       65, 1, 129, 16, 65, 2, 1, 78, 2, 0, 1, 4, 0, 204, 130, 2, 98, 84,
       0, 70, 10, 165, 192, 35, 78, 130, 160, 12, 144, 8, 16, 9, 82, 38,
       85, 186, 0, 96, 67, 68, 48, 64, 24, 11, 196, 28, 229, 78, 17, 172,
       16, 4, 48, 24, 148, 73, 16, 114, 49, 189, 88, 86, 32, 248, 195, 0,
       1, 146, 200, 194, 6, 0, 2, 35, 41, 66, 146, 70, 162, 2, 107, 85,
       37, 97, 138, 161, 226, 96, 76, 215, 185, 47, 146, 10, 19, 75, 215,
       36, 84, 154, 2, 120, 105, 86, 96, 72, 56, 43, 213, 28, 245, 47,
       25, 172, 16, 5, 240, 24, 156, 73, 16, 242, 49, 189, 88, 87, 32,
       250, 68, 10, 103, 145, 2, 223, 131, 231, 173, 246, 10, 20, 17,
       188, 249, 230, 194, 84, 65, 102, 212, 16, 196, 51, 89, 160, 140,
       4, 16, 138, 25, 91, 112, 36, 85, 186, 82, 114, 201, 92, 144, 84,
       24, 14, 84, 134, 192, 110, 153, 44, 24, 5, 242, 29, 157, 73, 16,
       98, 51, 188, 72, 86, 32, 248, 4, 34, 193, 128, 16, 0, 33, 78, 128,
       6, 2, 20, 65, 133, 155, 66, 138, 76, 1, 100, 0, 128, 204, 17, 12,
       136, 12, 1, 16, 8, 48, 9, 112, 4, 85, 154, 0, 114, 5, 20, 128, 96,
       24, 6, 64, 4, 64, 192, 25, 44, 16, 4, 81, 28, 132, 8, 128, 96, 33,
       188, 72, 70, 32, 240, 3, 6, 65, 2, 157, 128, 7, 72, 226, 0, 0,
       114, 160, 11, 132, 81, 98, 84, 5, 32, 64, 2, 129, 100, 68, 128,
       40, 9, 146, 8, 1, 9, 16, 36, 20, 154, 0, 112, 1, 212, 1, 66, 24,
       11, 64, 16, 192, 4, 0, 36, 16, 4, 32, 24, 140, 9, 16, 48, 34, 156,
       72, 86, 32, 249, 62, 244, 125, 255, 63, 189, 255, 121, 255, 255,
       253, 251, 253, 122, 252, 119, 246, 247, 71, 123, 245, 114, 211,
       126, 253, 255, 247, 255, 90, 255, 247, 235, 215, 44, 215, 190,
       222, 120, 233, 117, 122, 95, 123, 47, 213, 21, 245, 111, 153, 172,
       24, 5, 240, 29, 156, 89, 16, 242, 51, 189, 91, 215, 40, 251, 62,
       185, 255, 252, 54, 255, 253, 127, 247, 254, 213, 241, 127, 126,
       191, 222, 255, 222, 99, 251, 245, 127, 211, 247, 253, 251, 246,
       255, 91, 253, 245, 235, 207, 60, 87, 190, 223, 120, 249, 125, 120,
       93, 243, 47, 245, 53, 247, 111, 187, 174, 152, 15, 240, 29, 156,
       89, 16, 243, 115, 191, 123, 87, 40, 250, 61, 190, 125, 239, 191,
       253, 255, 125, 253, 253, 222, 253, 253, 127, 253, 213, 251, 255,
       195, 123, 245, 115, 219, 253, 253, 254, 228, 247, 126, 223, 253,
       239, 223, 232, 223, 182, 247, 251, 249, 125, 125, 93, 127, 47,
       213, 181, 247, 111, 185, 188, 152, 13, 242, 29, 156, 93, 62, 246,
       247, 189, 251, 223, 44, 254, 63, 182, 125, 254, 63, 253, 255, 120,
       255, 252, 223, 247, 253, 127, 254, 247, 247, 246, 67, 123, 245,
       106, 211, 126, 221, 190, 245, 251, 122, 95, 247, 239, 223, 44, 87,
       190, 214, 122, 249, 125, 124, 93, 123, 47, 212, 55, 245, 111, 153,
       172, 24, 5, 240, 29, 156, 73, 48, 242, 51, 189, 218, 87, 32, 250,
       63, 182, 253, 236, 63, 253, 253, 124, 255, 252, 214, 245, 253,
       127, 188, 85, 255, 254, 227, 243, 245, 102, 211, 255, 253, 191,
       229, 255, 126, 223, 245, 239, 223, 40, 87, 190, 255, 120, 233,
       125, 120, 93, 123, 47, 213, 49, 247, 111, 185, 172, 24, 13, 240,
       29, 156, 73, 54, 242, 55, 189, 250, 87, 32, 254, 7, 2, 65, 130,
       217, 128, 3, 72, 2, 0, 0, 50, 160, 3, 128, 1, 66, 68, 5, 4, 72, 0,
       136, 96, 70, 128, 8, 9, 146, 8, 1, 9, 16, 36, 20, 154, 0, 112, 5,
       148, 1, 64, 8, 10, 64, 8, 72, 132, 0, 36, 16, 4, 0, 26, 132, 11,
       16, 32, 32, 28, 72, 6, 32, 177, 54, 49, 241, 150, 23, 135, 29, 75,
       198, 6, 145, 48, 117, 202, 176, 87, 246, 215, 3, 103, 195, 46,
       193, 119, 204, 154, 230, 77, 82, 12, 240, 40, 214, 36, 20, 190,
       82, 120, 193, 116, 112, 72, 56, 15, 208, 20, 229, 78, 153, 172,
       24, 5, 240, 28, 156, 73, 16, 242, 51, 189, 88, 87, 32, 250 ]
