%YAML:1.0
descriptors: !!opencv-matrix
   rows: 16
   cols: 64
   dt: u
   data: [ 163, 196, 68, 142, 221, 12, 69, 72, 181, 85, 44, 235, 175,
       123, 228, 109, 227, 244, 37, 97, 192, 42, 184, 116, 102, 255, 1,
       43, 251, 11, 17, 109, 212, 38, 22, 250, 66, 113, 41, 252, 83, 222,
       56, 143, 216, 16, 252, 197, 137, 164, 90, 4, 248, 30, 142, 9, 24,
       240, 35, 188, 88, 87, 34, 249, 1, 6, 0, 8, 137, 8, 4, 0, 32, 64,
       42, 4, 0, 4, 41, 33, 68, 0, 1, 64, 64, 128, 8, 0, 64, 132, 8, 0,
       128, 0, 9, 1, 48, 4, 81, 8, 0, 66, 5, 128, 6, 0, 28, 0, 68, 134,
       68, 196, 0, 0, 80, 4, 2, 24, 1, 9, 144, 0, 0, 52, 0, 70, 2, 32, 5,
       6, 1, 0, 72, 130, 34, 78, 128, 32, 2, 4, 0, 5, 129, 0, 66, 4, 129,
       64, 192, 32, 8, 67, 12, 136, 8, 4, 0, 8, 1, 72, 85, 6, 84, 186, 0,
       160, 5, 4, 0, 32, 24, 130, 64, 0, 0, 195, 16, 36, 24, 0, 33, 24,
       12, 0, 0, 96, 3, 156, 72, 70, 32, 112, 2, 2, 128, 130, 201, 130,
       2, 5, 6, 2, 2, 6, 128, 66, 2, 0, 66, 17, 1, 64, 192, 37, 194, 67,
       6, 128, 40, 13, 18, 8, 1, 64, 87, 36, 84, 186, 0, 104, 1, 68, 64,
       64, 16, 10, 65, 20, 129, 79, 16, 44, 24, 4, 96, 24, 156, 9, 0, 50,
       51, 177, 8, 87, 32, 104, 131, 206, 66, 131, 221, 202, 135, 200,
       58, 217, 46, 203, 162, 95, 196, 173, 235, 213, 45, 103, 196, 45,
       174, 113, 79, 223, 57, 47, 215, 10, 51, 63, 215, 39, 84, 186, 82,
       120, 237, 244, 115, 92, 56, 47, 221, 22, 252, 231, 137, 173, 24,
       5, 240, 29, 140, 73, 16, 240, 51, 189, 88, 87, 32, 250, 1, 3, 0,
       16, 0, 2, 0, 6, 34, 0, 3, 4, 16, 113, 1, 2, 68, 0, 0, 100, 2, 32,
       0, 131, 8, 0, 128, 8, 32, 8, 0, 64, 16, 6, 80, 170, 0, 66, 2, 64,
       132, 0, 24, 2, 64, 4, 193, 78, 17, 36, 1, 4, 48, 24, 17, 9, 9, 98,
       3, 144, 72, 2, 32, 104, 1, 7, 0, 2, 0, 10, 0, 3, 34, 0, 3, 0, 0,
       33, 0, 2, 68, 32, 1, 68, 128, 32, 80, 3, 80, 0, 128, 12, 0, 8, 0,
       64, 16, 4, 64, 170, 0, 8, 1, 72, 4, 0, 24, 129, 0, 64, 100, 78,
       16, 36, 0, 0, 34, 24, 8, 9, 8, 98, 19, 180, 8, 66, 32, 72, 66, 2,
       129, 146, 201, 130, 6, 78, 0, 32, 0, 1, 130, 195, 130, 0, 98, 85,
       1, 100, 200, 133, 202, 43, 78, 200, 40, 15, 146, 8, 49, 79, 87,
       39, 84, 187, 0, 112, 37, 214, 64, 64, 24, 10, 73, 28, 65, 199, 25,
       36, 24, 4, 113, 24, 140, 73, 16, 112, 35, 188, 72, 86, 32, 248,
       64, 2, 128, 128, 192, 134, 2, 100, 4, 102, 3, 6, 144, 160, 147, 2,
       194, 85, 1, 100, 8, 133, 194, 32, 78, 200, 184, 12, 144, 8, 48, 9,
       81, 36, 85, 187, 64, 120, 5, 68, 16, 64, 24, 14, 65, 28, 192, 12,
       25, 44, 24, 4, 113, 29, 148, 73, 16, 114, 49, 188, 72, 86, 32,
       250, 65, 1, 128, 144, 64, 2, 2, 102, 2, 36, 1, 4, 0, 193, 19, 2,
       64, 64, 0, 102, 10, 161, 192, 3, 74, 0, 132, 12, 0, 8, 0, 1, 114,
       38, 17, 186, 0, 32, 3, 64, 16, 32, 24, 10, 64, 24, 193, 78, 17,
       44, 16, 1, 48, 24, 20, 65, 17, 98, 49, 177, 72, 70, 32, 224, 35,
       6, 64, 2, 157, 128, 3, 8, 34, 0, 0, 48, 160, 11, 128, 21, 98, 116,
       5, 96, 193, 2, 129, 100, 68, 128, 40, 9, 146, 8, 1, 9, 16, 36, 20,
       154, 66, 48, 1, 212, 0, 66, 24, 139, 64, 16, 192, 77, 16, 36, 16,
       4, 32, 24, 140, 73, 16, 50, 50, 156, 88, 86, 32, 249, 70, 33, 65,
       128, 16, 2, 1, 78, 130, 2, 1, 52, 1, 131, 129, 66, 66, 68, 1, 100,
       1, 128, 128, 32, 12, 128, 168, 9, 146, 8, 48, 9, 112, 36, 20, 154,
       0, 112, 1, 212, 128, 64, 24, 10, 64, 28, 64, 204, 17, 36, 16, 4,
       32, 24, 132, 9, 144, 96, 33, 152, 72, 6, 32, 241, 124, 185, 255,
       254, 55, 111, 125, 127, 247, 244, 223, 183, 127, 254, 191, 126,
       255, 223, 99, 103, 245, 61, 211, 247, 223, 255, 241, 253, 82, 222,
       246, 233, 223, 36, 87, 190, 83, 120, 233, 116, 120, 93, 60, 47,
       213, 21, 247, 111, 153, 172, 24, 5, 240, 29, 156, 73, 16, 242, 51,
       189, 88, 87, 32, 250, 63, 244, 125, 252, 63, 189, 127, 120, 255,
       126, 253, 250, 253, 123, 254, 85, 255, 247, 99, 114, 245, 114,
       210, 118, 221, 255, 245, 251, 123, 95, 247, 235, 215, 44, 215,
       190, 210, 120, 249, 125, 122, 94, 58, 47, 213, 53, 245, 111, 153,
       172, 24, 5, 240, 29, 156, 89, 24, 242, 51, 189, 90, 215, 40, 250,
       62, 185, 253, 254, 55, 127, 125, 127, 247, 252, 221, 241, 127,
       254, 182, 94, 255, 223, 99, 243, 245, 63, 193, 247, 221, 255, 245,
       255, 122, 223, 247, 235, 223, 44, 87, 190, 223, 120, 233, 124,
       120, 221, 61, 47, 213, 53, 247, 111, 153, 172, 153, 5, 240, 29,
       156, 73, 16, 242, 51, 189, 90, 87, 32, 250, 3, 6, 0, 2, 153, 128,
       3, 8, 2, 0, 0, 32, 160, 11, 128, 17, 98, 84, 1, 0, 192, 0, 137,
       96, 68, 128, 40, 9, 146, 8, 1, 9, 16, 36, 84, 154, 0, 112, 1, 214,
       0, 64, 8, 11, 64, 20, 192, 5, 17, 36, 16, 4, 32, 24, 140, 9, 16,
       112, 34, 188, 72, 86, 32, 248 ]
