%YAML:1.0
descriptors: !!opencv-matrix
   rows: 7
   cols: 64
   dt: u
   data: [ 3, 0, 0, 2, 217, 128, 6, 8, 6, 0, 0, 34, 160, 11, 128, 21, 98,
       22, 5, 0, 64, 2, 137, 96, 4, 128, 40, 9, 146, 8, 1, 1, 16, 36, 20,
       154, 0, 64, 5, 198, 0, 66, 8, 9, 64, 16, 192, 4, 0, 36, 16, 4, 32,
       16, 132, 11, 16, 48, 32, 28, 8, 86, 32, 41, 71, 34, 65, 130, 209,
       2, 3, 72, 0, 0, 2, 52, 1, 3, 128, 65, 66, 84, 1, 68, 72, 128, 136,
       32, 14, 128, 8, 1, 146, 8, 0, 9, 112, 36, 84, 154, 0, 112, 5, 148,
       128, 64, 24, 10, 64, 12, 64, 132, 0, 36, 80, 4, 1, 26, 132, 10,
       144, 96, 32, 28, 72, 6, 32, 176, 63, 180, 253, 252, 63, 253, 249,
       125, 255, 252, 214, 245, 253, 127, 189, 85, 255, 254, 227, 243,
       245, 118, 211, 255, 253, 186, 228, 255, 126, 221, 245, 239, 223,
       44, 87, 190, 255, 120, 249, 125, 120, 93, 123, 175, 213, 117, 247,
       111, 185, 172, 24, 13, 240, 29, 156, 73, 54, 242, 119, 189, 250,
       87, 40, 250, 61, 190, 255, 237, 63, 253, 249, 121, 255, 253, 214,
       253, 253, 125, 253, 253, 255, 254, 227, 123, 245, 126, 219, 255,
       253, 127, 231, 255, 126, 215, 253, 239, 207, 108, 95, 190, 255,
       123, 249, 125, 125, 93, 251, 175, 213, 181, 247, 111, 185, 190,
       153, 13, 240, 29, 156, 93, 54, 242, 247, 191, 251, 223, 44, 254,
       60, 185, 255, 252, 55, 253, 253, 127, 87, 252, 213, 245, 127, 126,
       180, 94, 255, 222, 97, 115, 245, 61, 194, 243, 253, 255, 242, 255,
       88, 221, 245, 235, 223, 52, 87, 186, 223, 120, 233, 125, 112, 93,
       245, 47, 245, 21, 247, 111, 153, 174, 153, 7, 240, 29, 156, 73,
       16, 242, 51, 189, 91, 95, 32, 250, 62, 246, 125, 255, 63, 189,
       255, 121, 255, 255, 253, 251, 253, 123, 253, 87, 255, 246, 67,
       123, 245, 114, 211, 126, 253, 255, 247, 251, 126, 255, 247, 235,
       215, 108, 215, 190, 222, 121, 249, 117, 120, 93, 123, 47, 212,
       181, 247, 111, 187, 172, 24, 5, 240, 29, 156, 93, 16, 242, 123,
       191, 251, 215, 40, 250, 70, 33, 65, 128, 16, 2, 1, 78, 0, 2, 1,
       52, 1, 131, 129, 66, 66, 68, 1, 100, 0, 128, 128, 32, 12, 128, 8,
       9, 146, 8, 32, 9, 112, 36, 20, 154, 0, 112, 5, 212, 128, 64, 24,
       10, 64, 12, 64, 204, 17, 36, 80, 4, 0, 24, 132, 8, 144, 96, 33,
       156, 76, 6, 32, 177 ]
