%YAML:1.0
descriptors: !!opencv-matrix
   rows: 9
   cols: 64
   dt: u
   data: [ 35, 4, 0, 2, 9, 128, 1, 8, 194, 0, 1, 0, 32, 10, 128, 21, 98,
       86, 0, 32, 192, 34, 129, 100, 76, 128, 32, 9, 18, 8, 17, 105, 148,
       36, 84, 154, 2, 80, 1, 84, 0, 64, 24, 11, 64, 20, 224, 77, 145,
       36, 24, 4, 48, 24, 156, 73, 16, 114, 50, 188, 88, 87, 32, 249, 63,
       183, 125, 174, 62, 253, 185, 121, 247, 222, 222, 245, 253, 127,
       189, 116, 255, 254, 67, 242, 245, 114, 209, 246, 253, 190, 228,
       217, 126, 222, 245, 235, 215, 108, 85, 190, 223, 120, 233, 124,
       124, 93, 58, 47, 212, 53, 247, 111, 153, 172, 24, 5, 240, 29, 156,
       73, 16, 242, 51, 189, 90, 87, 40, 250, 61, 182, 125, 254, 191,
       189, 191, 120, 254, 124, 254, 123, 253, 127, 189, 117, 243, 246,
       67, 98, 245, 98, 211, 126, 221, 255, 245, 187, 126, 223, 247, 239,
       223, 44, 87, 190, 210, 120, 233, 125, 124, 93, 122, 175, 212, 49,
       245, 111, 153, 172, 24, 13, 240, 29, 156, 73, 48, 242, 51, 189,
       218, 87, 32, 250, 61, 190, 255, 253, 63, 245, 249, 253, 253, 252,
       214, 253, 253, 127, 187, 236, 251, 252, 227, 107, 245, 127, 223,
       255, 253, 43, 228, 187, 127, 221, 253, 239, 239, 108, 87, 190,
       215, 251, 249, 125, 253, 93, 251, 174, 212, 165, 211, 111, 185,
       172, 157, 13, 242, 29, 156, 93, 54, 242, 255, 191, 251, 223, 44,
       254, 63, 181, 125, 180, 63, 189, 95, 121, 255, 255, 255, 242, 253,
       126, 188, 87, 251, 245, 67, 115, 245, 114, 210, 118, 221, 255,
       245, 123, 122, 223, 119, 235, 215, 44, 87, 190, 210, 120, 249,
       125, 120, 93, 125, 47, 213, 53, 245, 111, 153, 172, 24, 5, 240,
       29, 156, 73, 24, 242, 51, 189, 88, 215, 40, 250, 252, 191, 255,
       253, 54, 127, 249, 255, 253, 252, 254, 245, 127, 255, 251, 254,
       251, 220, 251, 107, 245, 127, 247, 183, 255, 235, 246, 159, 127,
       223, 126, 255, 255, 110, 119, 254, 215, 122, 249, 125, 254, 93,
       251, 62, 253, 183, 243, 111, 191, 172, 159, 207, 240, 29, 157, 93,
       116, 246, 123, 255, 251, 223, 47, 254, 63, 245, 125, 255, 63, 181,
       223, 89, 255, 255, 253, 250, 253, 107, 180, 87, 246, 247, 103,
       115, 253, 118, 211, 126, 205, 255, 247, 127, 90, 127, 247, 235,
       215, 44, 215, 190, 210, 120, 249, 117, 122, 94, 57, 47, 213, 20,
       245, 111, 153, 172, 24, 5, 240, 29, 156, 73, 16, 242, 51, 189, 88,
       87, 40, 250, 68, 35, 65, 128, 16, 2, 1, 78, 0, 66, 1, 52, 65, 130,
       129, 66, 66, 68, 1, 100, 1, 128, 132, 0, 12, 128, 136, 9, 18, 8,
       48, 9, 112, 36, 20, 186, 0, 112, 1, 212, 128, 64, 24, 10, 64, 12,
       64, 204, 25, 44, 16, 4, 32, 24, 132, 9, 128, 96, 33, 152, 72, 6,
       32, 241, 5, 34, 65, 130, 217, 128, 3, 72, 0, 64, 2, 55, 161, 11,
       128, 65, 98, 84, 5, 100, 65, 0, 136, 96, 12, 136, 8, 9, 146, 8, 1,
       9, 112, 36, 84, 154, 0, 114, 5, 148, 129, 64, 24, 10, 64, 4, 72,
       68, 0, 36, 80, 4, 96, 26, 141, 9, 16, 96, 35, 188, 72, 6, 32, 249 ]
