%YAML:1.0
descriptors: !!opencv-matrix
   rows: 7
   cols: 64
   dt: u
   data: [ 71, 34, 65, 130, 209, 2, 3, 72, 0, 0, 2, 52, 1, 3, 128, 65,
       66, 84, 1, 68, 72, 128, 136, 32, 14, 128, 8, 1, 146, 8, 0, 9, 112,
       36, 84, 154, 0, 112, 5, 148, 128, 64, 24, 10, 64, 12, 64, 132, 0,
       36, 80, 4, 1, 26, 132, 10, 16, 96, 32, 28, 72, 6, 32, 176, 61,
       254, 255, 239, 63, 253, 249, 121, 255, 253, 214, 253, 253, 127,
       253, 253, 255, 254, 227, 123, 245, 126, 219, 255, 253, 127, 231,
       255, 126, 223, 253, 239, 207, 108, 95, 190, 223, 121, 249, 125,
       125, 93, 251, 175, 213, 181, 247, 111, 185, 190, 153, 13, 240, 29,
       156, 93, 54, 242, 247, 191, 251, 223, 44, 254, 60, 189, 255, 254,
       50, 127, 125, 119, 119, 252, 85, 245, 95, 255, 190, 94, 255, 222,
       97, 107, 247, 125, 193, 243, 221, 255, 242, 223, 107, 253, 246,
       235, 215, 52, 85, 186, 223, 120, 249, 125, 112, 93, 185, 47, 245,
       20, 247, 111, 155, 172, 25, 7, 240, 29, 156, 73, 16, 243, 115,
       189, 88, 87, 32, 250, 63, 246, 125, 255, 63, 189, 255, 121, 255,
       255, 253, 251, 253, 123, 253, 87, 247, 246, 67, 251, 245, 114,
       211, 126, 253, 255, 247, 251, 126, 127, 247, 235, 215, 108, 215,
       190, 222, 121, 249, 125, 120, 95, 123, 47, 212, 181, 247, 111,
       187, 172, 24, 5, 240, 29, 156, 93, 16, 242, 115, 191, 251, 215,
       40, 250, 70, 33, 65, 128, 16, 2, 1, 78, 0, 2, 1, 52, 1, 131, 129,
       66, 66, 68, 1, 100, 0, 128, 128, 32, 12, 128, 136, 9, 146, 8, 32,
       9, 112, 36, 20, 154, 0, 112, 5, 212, 128, 64, 24, 10, 64, 28, 64,
       204, 17, 36, 80, 4, 0, 24, 132, 8, 144, 96, 33, 156, 76, 6, 32,
       177, 5, 34, 65, 128, 209, 0, 35, 72, 32, 68, 2, 54, 1, 11, 128,
       65, 194, 68, 5, 100, 64, 128, 136, 32, 78, 136, 8, 1, 146, 8, 32,
       9, 112, 36, 84, 154, 0, 114, 5, 148, 133, 64, 24, 2, 64, 0, 64,
       132, 0, 36, 80, 4, 65, 26, 132, 9, 16, 96, 33, 188, 72, 70, 32,
       248, 35, 22, 65, 2, 29, 128, 3, 8, 230, 66, 2, 48, 45, 11, 128,
       21, 98, 214, 1, 96, 192, 34, 129, 100, 76, 128, 160, 9, 18, 8, 1,
       105, 84, 36, 84, 186, 66, 120, 1, 84, 64, 64, 24, 11, 64, 16, 224,
       77, 144, 44, 24, 4, 112, 24, 156, 73, 16, 114, 51, 188, 88, 87,
       32, 248 ]
