%YAML:1.0
descriptors: !!opencv-matrix
   rows: 17
   cols: 64
   dt: u
   data: [ 171, 212, 108, 138, 223, 29, 21, 10, 183, 71, 60, 234, 191,
       123, 52, 93, 227, 247, 37, 241, 208, 86, 177, 100, 118, 247, 41,
       43, 243, 26, 81, 105, 212, 44, 150, 186, 66, 112, 41, 252, 82,
       223, 60, 13, 208, 84, 244, 77, 145, 172, 24, 12, 248, 29, 142, 73,
       56, 242, 51, 188, 88, 215, 42, 249, 3, 6, 1, 0, 201, 136, 2, 72,
       32, 1, 2, 70, 128, 65, 0, 1, 66, 69, 5, 96, 192, 4, 136, 96, 78,
       144, 25, 3, 146, 10, 1, 73, 87, 36, 85, 186, 0, 96, 41, 4, 192,
       84, 24, 11, 65, 0, 244, 65, 25, 44, 24, 4, 240, 29, 140, 9, 16,
       96, 51, 189, 72, 87, 32, 248, 1, 2, 4, 130, 0, 0, 4, 18, 32, 68,
       6, 0, 0, 49, 0, 1, 0, 96, 1, 32, 64, 64, 0, 96, 8, 0, 8, 0, 176,
       8, 0, 1, 16, 4, 80, 136, 0, 0, 1, 0, 4, 16, 24, 135, 0, 128, 100,
       204, 16, 32, 1, 0, 16, 8, 130, 8, 40, 0, 2, 4, 64, 2, 36, 72, 2,
       68, 0, 136, 1, 8, 4, 1, 32, 66, 43, 4, 16, 36, 108, 37, 0, 32, 0,
       4, 0, 128, 16, 0, 80, 132, 8, 0, 128, 138, 8, 1, 0, 4, 67, 138, 0,
       66, 1, 136, 130, 128, 20, 129, 4, 86, 100, 76, 1, 32, 16, 4, 2, 8,
       3, 8, 16, 64, 0, 52, 0, 66, 34, 32, 1, 7, 0, 138, 0, 8, 4, 3, 34,
       64, 0, 0, 16, 37, 44, 3, 64, 32, 1, 96, 0, 32, 16, 2, 80, 128,
       128, 8, 0, 136, 8, 1, 144, 4, 83, 170, 0, 64, 1, 72, 34, 130, 24,
       1, 20, 84, 100, 78, 17, 36, 16, 4, 32, 24, 2, 9, 16, 98, 3, 180,
       72, 66, 34, 225, 0, 2, 129, 144, 200, 132, 6, 69, 132, 42, 2, 6,
       129, 69, 147, 0, 106, 69, 1, 96, 200, 37, 194, 99, 78, 152, 180,
       15, 146, 8, 49, 74, 87, 36, 84, 186, 16, 40, 1, 68, 64, 64, 16,
       10, 193, 20, 193, 79, 25, 44, 24, 1, 240, 24, 156, 73, 16, 114,
       51, 189, 72, 87, 32, 250, 69, 2, 129, 144, 201, 130, 2, 78, 32,
       32, 2, 4, 128, 229, 131, 3, 202, 85, 1, 100, 200, 5, 202, 99, 78,
       200, 24, 15, 18, 8, 49, 75, 87, 38, 84, 186, 16, 120, 5, 86, 64,
       64, 24, 14, 65, 28, 65, 199, 25, 44, 24, 4, 113, 24, 156, 73, 16,
       114, 35, 189, 72, 87, 32, 250, 1, 3, 4, 16, 0, 2, 4, 82, 34, 4, 1,
       0, 0, 105, 0, 3, 64, 68, 0, 100, 2, 32, 128, 35, 8, 128, 128, 8,
       48, 8, 0, 9, 82, 38, 16, 154, 0, 64, 3, 68, 4, 2, 24, 3, 64, 16,
       193, 78, 16, 36, 16, 4, 48, 24, 148, 9, 24, 34, 51, 156, 72, 70,
       36, 249, 65, 1, 129, 16, 1, 2, 1, 78, 2, 0, 1, 4, 0, 204, 130, 2,
       98, 84, 0, 70, 10, 165, 192, 35, 78, 130, 160, 8, 144, 8, 16, 9,
       82, 38, 85, 186, 0, 96, 67, 68, 16, 64, 24, 11, 68, 28, 229, 78,
       17, 44, 16, 4, 48, 24, 148, 73, 16, 114, 49, 189, 88, 86, 32, 248,
       2, 0, 9, 18, 0, 192, 138, 4, 2, 162, 3, 2, 128, 2, 3, 2, 75, 68,
       32, 99, 130, 33, 194, 66, 72, 145, 177, 41, 18, 10, 19, 74, 87,
       36, 85, 186, 82, 104, 105, 86, 48, 64, 56, 43, 213, 20, 245, 111,
       153, 172, 24, 5, 240, 25, 156, 73, 16, 114, 51, 189, 88, 87, 32,
       250, 69, 34, 65, 130, 17, 2, 3, 78, 128, 2, 2, 52, 1, 3, 131, 67,
       66, 68, 1, 100, 1, 128, 140, 32, 12, 128, 8, 9, 146, 8, 0, 9, 112,
       36, 84, 154, 0, 112, 5, 20, 128, 64, 24, 10, 64, 12, 64, 132, 16,
       44, 80, 4, 1, 24, 132, 8, 144, 96, 33, 28, 76, 70, 32, 177, 3, 4,
       65, 2, 157, 128, 7, 72, 226, 0, 0, 114, 160, 11, 132, 81, 98, 84,
       5, 32, 64, 2, 129, 100, 68, 144, 40, 9, 146, 8, 1, 9, 16, 36, 20,
       154, 0, 112, 1, 212, 1, 66, 24, 11, 64, 16, 192, 4, 0, 36, 16, 4,
       32, 24, 140, 9, 16, 48, 34, 156, 72, 86, 32, 249, 62, 244, 125,
       254, 63, 189, 255, 121, 255, 255, 253, 251, 253, 122, 252, 119,
       246, 247, 71, 123, 244, 114, 210, 126, 253, 255, 247, 255, 90,
       251, 119, 235, 215, 44, 215, 190, 222, 120, 233, 117, 122, 95,
       123, 47, 213, 21, 245, 111, 153, 172, 24, 5, 240, 29, 156, 89, 16,
       242, 51, 189, 90, 215, 40, 251, 63, 182, 125, 254, 63, 253, 255,
       121, 255, 252, 223, 247, 253, 127, 255, 247, 255, 254, 67, 123,
       245, 106, 211, 126, 221, 190, 245, 251, 126, 95, 247, 239, 223,
       44, 87, 190, 215, 122, 249, 125, 124, 93, 123, 47, 212, 55, 247,
       111, 153, 172, 24, 13, 240, 29, 156, 73, 48, 242, 51, 189, 218,
       87, 32, 250, 63, 182, 253, 254, 63, 253, 253, 124, 255, 252, 214,
       241, 253, 127, 188, 85, 255, 254, 227, 243, 245, 102, 211, 255,
       253, 191, 229, 255, 126, 223, 245, 239, 223, 44, 87, 190, 255,
       120, 233, 125, 120, 93, 123, 47, 212, 49, 247, 111, 185, 172, 24,
       13, 240, 29, 156, 73, 54, 242, 55, 189, 250, 87, 32, 254, 7, 2,
       65, 2, 217, 128, 3, 72, 2, 0, 0, 50, 160, 3, 128, 1, 66, 68, 5, 4,
       72, 0, 136, 96, 70, 128, 8, 9, 146, 8, 1, 9, 16, 36, 20, 154, 0,
       112, 5, 148, 1, 64, 8, 10, 64, 8, 72, 132, 0, 36, 16, 4, 0, 26,
       132, 11, 16, 32, 32, 28, 72, 6, 32, 177, 30, 49, 209, 182, 23,
       131, 28, 75, 198, 2, 145, 48, 117, 194, 176, 83, 242, 213, 3, 103,
       195, 46, 193, 119, 76, 154, 166, 13, 82, 12, 48, 40, 214, 36, 20,
       190, 82, 120, 193, 116, 112, 72, 56, 15, 208, 20, 229, 78, 153,
       172, 24, 5, 240, 28, 156, 73, 16, 242, 51, 189, 88, 87, 32, 250 ]
