%YAML:1.0
descriptors: !!opencv-matrix
   rows: 8
   cols: 64
   dt: u
   data: [ 35, 4, 0, 2, 9, 128, 1, 8, 194, 0, 1, 0, 32, 10, 128, 21, 98,
       86, 0, 32, 192, 34, 129, 100, 76, 144, 32, 9, 18, 8, 17, 105, 148,
       36, 84, 154, 2, 80, 1, 84, 0, 64, 24, 11, 64, 20, 224, 77, 145,
       36, 16, 4, 48, 24, 156, 73, 16, 114, 50, 188, 88, 87, 32, 249, 61,
       182, 125, 190, 191, 189, 191, 121, 254, 124, 254, 123, 253, 127,
       189, 85, 243, 246, 67, 98, 245, 98, 210, 126, 221, 254, 245, 251,
       122, 219, 119, 239, 223, 44, 87, 190, 210, 120, 233, 124, 124, 92,
       122, 175, 212, 53, 245, 111, 153, 172, 24, 5, 240, 29, 156, 73,
       16, 242, 51, 189, 218, 87, 32, 250, 61, 190, 253, 254, 62, 253,
       249, 127, 247, 252, 222, 245, 125, 127, 190, 252, 255, 254, 227,
       99, 245, 102, 211, 255, 221, 171, 228, 219, 127, 221, 245, 239,
       207, 44, 87, 190, 215, 120, 249, 124, 120, 93, 122, 175, 212, 53,
       247, 111, 185, 172, 24, 13, 240, 29, 156, 73, 20, 242, 115, 189,
       90, 87, 40, 250, 62, 246, 125, 254, 190, 189, 63, 121, 254, 127,
       253, 251, 253, 122, 252, 85, 255, 247, 99, 114, 245, 114, 211,
       118, 221, 255, 245, 255, 122, 223, 247, 235, 215, 44, 87, 190,
       218, 120, 233, 124, 120, 93, 120, 47, 213, 53, 245, 111, 153, 172,
       24, 5, 240, 29, 156, 89, 16, 242, 51, 189, 90, 87, 40, 250, 189,
       254, 117, 239, 255, 253, 191, 248, 252, 125, 254, 123, 237, 127,
       251, 245, 251, 253, 111, 98, 245, 99, 155, 124, 205, 255, 253,
       191, 254, 95, 115, 255, 215, 100, 87, 190, 215, 122, 233, 125,
       124, 92, 58, 191, 213, 163, 247, 111, 153, 173, 24, 5, 240, 29,
       157, 73, 48, 242, 51, 189, 218, 87, 36, 250, 191, 244, 125, 255,
       191, 189, 255, 120, 255, 255, 253, 251, 253, 123, 244, 127, 246,
       247, 119, 123, 253, 119, 211, 118, 253, 255, 245, 255, 123, 95,
       247, 235, 215, 44, 87, 190, 210, 121, 233, 253, 122, 95, 121, 47,
       213, 21, 245, 111, 153, 172, 24, 5, 240, 29, 156, 73, 16, 242, 51,
       189, 90, 87, 32, 251, 68, 35, 193, 128, 16, 2, 1, 78, 0, 70, 1,
       52, 65, 130, 147, 66, 66, 84, 1, 100, 0, 128, 196, 0, 12, 128,
       136, 9, 18, 8, 48, 9, 112, 36, 20, 186, 0, 112, 1, 212, 128, 64,
       24, 10, 64, 4, 64, 204, 25, 44, 16, 4, 32, 24, 132, 8, 128, 96,
       33, 152, 72, 6, 32, 241, 3, 4, 64, 2, 153, 128, 7, 8, 34, 0, 0,
       112, 160, 11, 132, 85, 98, 116, 5, 64, 193, 2, 137, 100, 68, 144,
       40, 9, 146, 8, 1, 9, 20, 36, 20, 154, 2, 112, 1, 212, 1, 66, 24,
       11, 64, 16, 192, 69, 1, 36, 16, 4, 32, 24, 140, 73, 16, 50, 34,
       156, 88, 87, 32, 249 ]
