%YAML:1.0
descriptors: !!opencv-matrix
   rows: 13
   cols: 64
   dt: u
   data: [ 2, 4, 0, 136, 1, 8, 4, 1, 32, 66, 43, 4, 16, 36, 108, 33, 0,
       32, 0, 68, 0, 128, 16, 0, 80, 132, 8, 0, 128, 136, 8, 0, 32, 4,
       67, 138, 0, 66, 0, 136, 162, 130, 20, 129, 4, 214, 36, 76, 1, 32,
       16, 4, 0, 8, 3, 8, 16, 64, 8, 52, 0, 66, 34, 32, 1, 6, 0, 0, 72,
       130, 2, 69, 160, 0, 2, 4, 0, 5, 1, 1, 2, 96, 1, 64, 192, 34, 24,
       67, 0, 128, 12, 4, 16, 8, 1, 64, 69, 4, 67, 170, 0, 34, 5, 0, 0,
       32, 16, 130, 64, 64, 128, 75, 24, 44, 24, 0, 49, 24, 140, 0, 16,
       98, 3, 180, 72, 70, 32, 112, 1, 3, 4, 16, 0, 2, 0, 66, 34, 4, 3,
       0, 0, 113, 0, 1, 66, 64, 0, 100, 66, 32, 0, 34, 8, 128, 132, 8,
       32, 8, 16, 1, 16, 6, 16, 154, 0, 64, 3, 64, 132, 2, 24, 6, 64, 0,
       192, 78, 16, 36, 1, 4, 48, 24, 131, 9, 0, 98, 3, 148, 72, 6, 36,
       249, 2, 2, 129, 144, 200, 132, 2, 69, 132, 42, 2, 6, 129, 69, 147,
       0, 74, 69, 1, 96, 200, 37, 194, 99, 78, 152, 180, 13, 146, 8, 49,
       72, 87, 36, 85, 186, 16, 40, 1, 68, 64, 64, 16, 138, 193, 20, 225,
       79, 25, 44, 24, 1, 240, 24, 156, 73, 16, 114, 51, 189, 72, 87, 32,
       250, 69, 2, 195, 145, 217, 194, 131, 206, 36, 231, 0, 84, 131,
       237, 179, 67, 202, 85, 41, 103, 200, 5, 238, 123, 78, 218, 24, 39,
       82, 8, 51, 95, 87, 39, 85, 187, 82, 120, 109, 86, 80, 64, 24, 46,
       65, 12, 65, 227, 25, 44, 24, 5, 241, 28, 156, 73, 16, 242, 35,
       157, 72, 87, 32, 250, 69, 34, 65, 128, 16, 2, 1, 78, 128, 2, 2,
       52, 65, 131, 131, 67, 66, 68, 1, 100, 1, 128, 140, 32, 14, 128, 8,
       9, 146, 8, 0, 9, 112, 36, 84, 154, 0, 114, 5, 148, 128, 64, 24,
       10, 64, 12, 64, 132, 16, 36, 80, 4, 1, 26, 132, 8, 128, 96, 33,
       28, 76, 70, 32, 177, 3, 4, 65, 2, 157, 128, 7, 8, 226, 0, 0, 114,
       160, 11, 128, 81, 98, 84, 5, 96, 64, 2, 129, 100, 68, 128, 40, 9,
       146, 8, 1, 9, 16, 36, 20, 154, 0, 112, 1, 212, 1, 66, 24, 11, 64,
       16, 192, 4, 0, 36, 16, 4, 32, 24, 140, 9, 16, 48, 34, 156, 72, 86,
       32, 249, 62, 244, 125, 255, 63, 189, 255, 121, 255, 255, 253, 251,
       253, 122, 252, 87, 246, 247, 99, 123, 244, 114, 210, 126, 221,
       255, 247, 251, 90, 251, 119, 235, 215, 44, 215, 190, 218, 120,
       249, 125, 122, 95, 123, 47, 213, 21, 245, 111, 153, 172, 24, 5,
       240, 29, 156, 89, 16, 242, 51, 189, 123, 215, 40, 251, 61, 182,
       125, 254, 63, 253, 255, 120, 255, 252, 223, 247, 253, 127, 255,
       247, 247, 246, 67, 123, 245, 106, 211, 126, 221, 190, 245, 251,
       126, 95, 247, 239, 223, 44, 87, 190, 214, 122, 249, 125, 124, 93,
       123, 47, 212, 55, 245, 111, 153, 172, 24, 13, 240, 29, 156, 73,
       48, 242, 51, 189, 218, 87, 32, 250, 63, 191, 255, 254, 63, 253,
       253, 127, 247, 254, 215, 245, 127, 126, 188, 94, 255, 190, 99,
       251, 245, 118, 211, 247, 221, 187, 228, 255, 106, 221, 245, 235,
       223, 44, 71, 190, 223, 120, 249, 124, 120, 93, 121, 47, 212, 53,
       247, 111, 187, 174, 153, 15, 240, 29, 156, 89, 52, 242, 119, 189,
       122, 215, 40, 250, 61, 190, 253, 239, 63, 253, 253, 124, 255, 253,
       222, 253, 253, 127, 189, 213, 255, 254, 227, 123, 245, 118, 219,
       255, 253, 255, 229, 255, 126, 223, 245, 239, 223, 108, 215, 190,
       255, 121, 249, 125, 120, 93, 123, 47, 213, 181, 247, 111, 185,
       172, 152, 13, 240, 29, 158, 93, 54, 242, 183, 189, 251, 223, 44,
       254, 61, 182, 125, 254, 62, 253, 185, 121, 255, 252, 214, 247,
       253, 127, 189, 117, 255, 254, 67, 99, 245, 114, 211, 246, 221,
       190, 244, 251, 126, 95, 247, 235, 223, 108, 85, 190, 223, 120,
       249, 124, 124, 93, 58, 47, 212, 53, 247, 111, 153, 172, 24, 5,
       240, 29, 156, 73, 16, 242, 51, 189, 90, 87, 32, 250, 7, 2, 65, 2,
       217, 128, 3, 72, 2, 0, 0, 48, 128, 3, 128, 1, 66, 68, 5, 4, 72, 0,
       136, 96, 14, 128, 8, 9, 146, 8, 1, 9, 48, 36, 20, 154, 0, 112, 5,
       148, 1, 64, 8, 10, 64, 8, 72, 132, 0, 36, 80, 4, 0, 26, 132, 11,
       16, 32, 32, 28, 72, 6, 32, 176 ]
