%YAML:1.0
descriptors: !!opencv-matrix
   rows: 11
   cols: 64
   dt: u
   data: [ 35, 4, 0, 2, 9, 128, 1, 8, 70, 64, 1, 0, 32, 10, 160, 21, 98,
       86, 0, 32, 192, 34, 129, 100, 76, 144, 32, 9, 18, 8, 17, 105, 148,
       36, 84, 154, 2, 80, 1, 84, 0, 64, 24, 11, 64, 20, 224, 77, 145,
       36, 16, 4, 48, 24, 156, 73, 16, 114, 50, 188, 88, 87, 32, 249, 63,
       183, 125, 174, 62, 253, 185, 121, 247, 222, 222, 245, 253, 127,
       189, 116, 255, 254, 67, 114, 245, 114, 209, 246, 253, 190, 228,
       217, 126, 222, 245, 235, 223, 108, 87, 190, 223, 120, 233, 124,
       124, 93, 58, 47, 212, 53, 247, 111, 153, 172, 24, 5, 240, 29, 156,
       73, 16, 242, 51, 189, 90, 87, 40, 250, 61, 182, 125, 188, 191,
       253, 191, 120, 254, 124, 254, 123, 253, 127, 189, 117, 251, 244,
       67, 98, 245, 98, 211, 126, 221, 191, 245, 251, 122, 95, 247, 239,
       223, 44, 87, 190, 210, 120, 233, 125, 124, 92, 122, 47, 212, 53,
       245, 111, 153, 172, 24, 5, 240, 29, 156, 73, 16, 242, 51, 189,
       218, 87, 32, 250, 61, 190, 253, 254, 62, 253, 249, 127, 247, 252,
       214, 245, 125, 127, 190, 252, 255, 254, 227, 99, 245, 102, 211,
       255, 221, 171, 228, 219, 127, 221, 245, 239, 207, 44, 87, 190,
       215, 120, 249, 124, 120, 93, 122, 175, 212, 53, 247, 111, 185,
       172, 24, 13, 240, 29, 156, 73, 20, 242, 115, 189, 90, 87, 40, 250,
       63, 181, 125, 182, 63, 189, 95, 121, 255, 255, 255, 250, 253, 126,
       188, 87, 255, 247, 67, 115, 245, 114, 211, 118, 221, 255, 245,
       123, 122, 223, 247, 235, 215, 44, 87, 190, 218, 120, 249, 125,
       120, 93, 125, 47, 213, 21, 245, 111, 153, 172, 24, 5, 240, 29,
       156, 73, 24, 242, 51, 189, 88, 215, 40, 250, 60, 191, 255, 253,
       62, 127, 249, 255, 253, 252, 222, 245, 127, 127, 251, 252, 251,
       220, 235, 107, 245, 127, 247, 255, 253, 107, 230, 223, 125, 223,
       255, 239, 255, 106, 117, 190, 255, 122, 249, 125, 253, 93, 251,
       62, 253, 167, 243, 111, 191, 172, 159, 207, 242, 29, 157, 93, 62,
       246, 127, 255, 251, 223, 47, 254, 191, 242, 125, 247, 255, 189,
       251, 248, 254, 127, 255, 127, 237, 123, 242, 117, 242, 213, 79,
       98, 253, 43, 131, 126, 236, 254, 243, 191, 222, 95, 119, 255, 247,
       36, 84, 190, 86, 115, 233, 245, 216, 92, 27, 30, 209, 7, 209, 95,
       153, 173, 24, 5, 240, 29, 157, 73, 16, 242, 51, 189, 88, 87, 32,
       248, 63, 245, 125, 255, 63, 181, 223, 121, 255, 255, 253, 250,
       253, 107, 180, 87, 246, 247, 103, 115, 253, 118, 211, 126, 205,
       255, 247, 127, 90, 127, 247, 235, 215, 44, 215, 190, 210, 120,
       249, 117, 122, 94, 57, 47, 213, 20, 245, 111, 153, 172, 24, 5,
       240, 29, 156, 73, 16, 242, 51, 189, 88, 87, 40, 250, 191, 244,
       125, 255, 191, 189, 255, 120, 255, 255, 253, 251, 253, 123, 244,
       127, 246, 247, 119, 123, 253, 119, 211, 118, 253, 255, 245, 255,
       127, 223, 247, 235, 215, 44, 87, 190, 210, 121, 233, 253, 122, 95,
       121, 47, 213, 21, 245, 111, 153, 172, 24, 5, 240, 29, 156, 73, 16,
       242, 51, 189, 90, 87, 34, 251, 68, 35, 193, 128, 16, 2, 1, 78, 0,
       66, 3, 52, 65, 130, 147, 66, 66, 84, 1, 100, 0, 128, 196, 0, 12,
       128, 136, 9, 18, 8, 48, 9, 112, 36, 20, 186, 0, 112, 1, 212, 128,
       64, 24, 10, 64, 4, 64, 204, 25, 44, 80, 4, 32, 24, 132, 8, 128,
       96, 33, 156, 72, 6, 32, 241, 7, 38, 64, 2, 153, 128, 3, 72, 2, 0,
       0, 114, 160, 11, 128, 1, 98, 68, 5, 64, 65, 0, 136, 96, 76, 144,
       8, 9, 146, 8, 1, 9, 80, 36, 20, 154, 0, 48, 1, 212, 129, 66, 24,
       11, 64, 16, 192, 68, 0, 36, 16, 4, 32, 24, 140, 9, 16, 112, 34,
       156, 72, 86, 32, 249 ]
