%YAML:1.0
descriptors: !!opencv-matrix
   rows: 12
   cols: 64
   dt: u
   data: [ 63, 182, 125, 238, 63, 189, 253, 120, 255, 252, 214, 245, 253,
       127, 189, 85, 246, 254, 67, 251, 245, 114, 211, 119, 253, 190,
       229, 251, 126, 95, 245, 235, 223, 108, 215, 190, 223, 120, 249,
       125, 120, 93, 123, 47, 212, 53, 247, 111, 185, 174, 152, 13, 240,
       29, 156, 93, 48, 242, 55, 189, 250, 223, 44, 250, 62, 181, 253,
       254, 54, 253, 253, 127, 247, 254, 213, 241, 125, 126, 189, 87,
       255, 254, 99, 251, 245, 118, 209, 247, 253, 191, 229, 219, 126,
       223, 245, 235, 223, 108, 215, 190, 223, 120, 249, 125, 120, 93,
       123, 47, 212, 53, 247, 111, 187, 174, 152, 15, 240, 29, 156, 93,
       48, 242, 123, 189, 123, 223, 44, 250, 62, 177, 253, 254, 54, 189,
       253, 127, 247, 222, 213, 241, 125, 126, 180, 86, 251, 222, 99,
       251, 245, 124, 193, 247, 253, 190, 230, 219, 122, 252, 245, 233,
       223, 60, 87, 190, 223, 120, 249, 125, 120, 93, 63, 47, 244, 53,
       247, 111, 153, 174, 24, 7, 240, 29, 156, 73, 16, 243, 51, 189,
       123, 87, 32, 250, 60, 181, 253, 254, 54, 181, 253, 127, 247, 252,
       213, 241, 125, 122, 181, 86, 254, 254, 99, 115, 245, 118, 209,
       247, 253, 187, 228, 219, 122, 221, 245, 235, 223, 44, 87, 190,
       223, 120, 233, 125, 120, 93, 63, 47, 212, 53, 247, 111, 185, 172,
       153, 13, 240, 29, 156, 89, 48, 242, 51, 189, 122, 87, 40, 250, 69,
       34, 65, 128, 209, 2, 1, 78, 0, 64, 2, 52, 1, 130, 130, 64, 2, 68,
       1, 68, 8, 128, 168, 0, 78, 128, 8, 1, 146, 8, 0, 9, 112, 39, 84,
       154, 0, 112, 5, 148, 128, 96, 24, 10, 72, 12, 64, 128, 1, 36, 80,
       4, 1, 26, 132, 10, 144, 96, 32, 60, 76, 4, 32, 176, 63, 182, 125,
       175, 255, 189, 191, 121, 255, 255, 245, 251, 253, 123, 189, 85,
       255, 255, 91, 115, 253, 115, 219, 124, 253, 255, 253, 255, 126,
       93, 245, 239, 215, 108, 85, 190, 223, 121, 233, 127, 124, 92, 123,
       47, 213, 53, 247, 127, 153, 172, 24, 5, 240, 29, 156, 73, 16, 246,
       51, 189, 218, 215, 40, 254, 61, 254, 255, 253, 63, 189, 253, 121,
       253, 253, 220, 253, 255, 127, 252, 93, 251, 253, 227, 123, 245,
       126, 219, 255, 253, 126, 231, 255, 126, 95, 245, 239, 223, 108,
       87, 190, 215, 121, 249, 125, 121, 93, 123, 47, 213, 53, 247, 111,
       185, 172, 152, 13, 240, 29, 156, 77, 54, 242, 119, 191, 250, 223,
       44, 254, 60, 191, 255, 252, 62, 189, 253, 115, 245, 254, 215, 245,
       221, 126, 189, 77, 251, 252, 227, 235, 245, 126, 211, 247, 253,
       62, 167, 255, 124, 223, 245, 235, 223, 60, 215, 190, 223, 120,
       249, 125, 120, 93, 123, 47, 245, 53, 247, 111, 185, 172, 24, 15,
       240, 29, 156, 89, 22, 243, 115, 191, 122, 215, 40, 250, 63, 254,
       253, 255, 63, 253, 253, 121, 255, 254, 253, 249, 253, 127, 253,
       95, 255, 254, 99, 123, 245, 118, 211, 255, 253, 191, 231, 255,
       126, 223, 245, 239, 223, 108, 215, 190, 223, 120, 249, 125, 120,
       93, 123, 47, 212, 53, 247, 111, 187, 174, 152, 13, 240, 29, 156,
       93, 48, 242, 119, 189, 251, 223, 40, 254, 7, 34, 65, 130, 217, 0,
       3, 72, 128, 0, 0, 50, 1, 3, 128, 65, 66, 84, 5, 100, 64, 0, 136,
       96, 14, 128, 8, 9, 146, 8, 1, 9, 80, 36, 20, 154, 0, 112, 5, 148,
       1, 64, 24, 10, 64, 4, 72, 132, 0, 36, 80, 4, 0, 26, 132, 9, 0, 32,
       32, 28, 72, 70, 32, 184, 7, 34, 65, 130, 209, 0, 7, 72, 128, 0, 0,
       48, 1, 3, 128, 65, 66, 84, 1, 100, 64, 128, 136, 32, 14, 128, 8,
       9, 146, 8, 0, 9, 112, 36, 84, 154, 0, 112, 5, 212, 0, 64, 24, 10,
       64, 28, 64, 132, 0, 36, 16, 4, 0, 24, 132, 9, 16, 32, 33, 60, 72,
       70, 32, 176, 35, 22, 64, 130, 157, 128, 5, 72, 38, 64, 0, 112,
       161, 11, 128, 21, 98, 244, 1, 96, 192, 2, 137, 100, 68, 144, 32,
       9, 146, 8, 1, 73, 84, 36, 84, 154, 64, 112, 1, 84, 68, 64, 24, 11,
       64, 0, 192, 77, 144, 36, 24, 4, 96, 24, 140, 73, 16, 50, 51, 156,
       88, 87, 32, 248 ]
