%YAML:1.0
descriptors: !!opencv-matrix
   rows: 20
   cols: 64
   dt: u
   data: [ 189, 255, 125, 252, 55, 125, 253, 121, 255, 223, 253, 251,
       255, 59, 252, 223, 251, 247, 103, 111, 117, 118, 209, 246, 253,
       127, 245, 249, 127, 222, 254, 185, 222, 108, 215, 254, 214, 121,
       249, 125, 254, 223, 127, 63, 215, 183, 247, 110, 159, 173, 152,
       13, 250, 29, 159, 93, 56, 246, 115, 189, 91, 223, 42, 251, 163,
       198, 68, 138, 223, 12, 5, 8, 166, 69, 44, 203, 175, 123, 100, 13,
       227, 245, 37, 113, 192, 6, 184, 112, 70, 223, 25, 43, 187, 26, 1,
       73, 212, 100, 86, 186, 66, 112, 41, 252, 119, 94, 56, 175, 212,
       16, 244, 77, 137, 164, 24, 4, 240, 28, 142, 73, 24, 240, 51, 188,
       88, 87, 32, 249, 1, 6, 1, 0, 200, 128, 130, 64, 32, 0, 2, 70, 128,
       65, 128, 1, 74, 69, 5, 96, 192, 4, 136, 96, 78, 144, 24, 2, 146,
       10, 3, 73, 87, 4, 85, 154, 16, 96, 45, 4, 64, 80, 24, 3, 65, 0,
       240, 65, 25, 44, 24, 4, 240, 25, 140, 9, 16, 96, 51, 189, 72, 87,
       32, 248, 1, 6, 4, 130, 0, 0, 4, 22, 34, 68, 2, 0, 0, 49, 0, 1, 64,
       96, 1, 32, 64, 64, 0, 32, 8, 0, 8, 0, 176, 8, 0, 1, 20, 4, 80,
       136, 0, 64, 1, 0, 4, 16, 24, 135, 0, 128, 68, 204, 16, 32, 1, 4,
       16, 8, 131, 8, 40, 64, 2, 4, 64, 66, 36, 72, 2, 4, 0, 136, 1, 8,
       4, 1, 32, 66, 43, 4, 16, 36, 108, 33, 0, 32, 0, 4, 0, 128, 16, 0,
       80, 132, 8, 0, 128, 138, 8, 0, 0, 4, 67, 138, 0, 66, 1, 136, 130,
       128, 20, 1, 4, 86, 36, 76, 1, 32, 16, 4, 2, 24, 3, 8, 16, 64, 8,
       52, 0, 66, 34, 32, 1, 6, 1, 0, 72, 134, 2, 69, 128, 0, 2, 4, 0, 5,
       1, 1, 2, 96, 1, 64, 192, 35, 24, 67, 0, 128, 12, 4, 0, 8, 1, 64,
       69, 4, 67, 170, 0, 34, 5, 0, 0, 32, 16, 130, 64, 64, 128, 75, 24,
       44, 24, 0, 49, 24, 140, 0, 16, 98, 3, 180, 72, 70, 32, 112, 1, 7,
       0, 136, 0, 12, 4, 3, 34, 64, 40, 0, 16, 36, 44, 3, 64, 32, 1, 64,
       0, 32, 16, 2, 80, 128, 128, 8, 0, 136, 8, 1, 128, 4, 83, 170, 0,
       64, 1, 72, 32, 130, 24, 129, 68, 84, 100, 78, 17, 36, 16, 4, 32,
       24, 2, 9, 16, 98, 3, 180, 72, 66, 32, 224, 1, 3, 4, 16, 0, 2, 0,
       66, 34, 4, 3, 0, 0, 113, 0, 0, 68, 64, 0, 100, 66, 32, 0, 34, 8,
       0, 132, 8, 160, 8, 16, 65, 16, 36, 80, 186, 0, 66, 3, 192, 132,
       18, 24, 6, 64, 0, 192, 78, 16, 36, 1, 4, 48, 24, 131, 9, 0, 98, 3,
       148, 72, 6, 38, 249, 2, 2, 129, 144, 200, 132, 2, 69, 132, 42, 2,
       6, 129, 69, 147, 0, 74, 69, 1, 96, 200, 37, 194, 99, 78, 152, 180,
       13, 146, 8, 49, 74, 87, 36, 85, 186, 16, 40, 1, 68, 64, 64, 16,
       138, 193, 20, 193, 79, 25, 44, 24, 1, 240, 24, 156, 73, 16, 114,
       51, 189, 72, 87, 32, 250, 68, 2, 129, 144, 201, 130, 6, 78, 32,
       32, 2, 0, 128, 229, 131, 3, 202, 85, 1, 100, 200, 5, 202, 99, 78,
       200, 24, 15, 18, 8, 49, 75, 87, 38, 84, 186, 16, 120, 37, 86, 64,
       64, 24, 14, 65, 28, 65, 199, 25, 44, 24, 4, 113, 28, 156, 73, 16,
       112, 35, 189, 72, 87, 32, 250, 3, 0, 1, 2, 8, 130, 6, 0, 2, 32, 3,
       2, 128, 2, 2, 2, 74, 1, 0, 64, 130, 37, 194, 66, 76, 144, 156, 13,
       2, 8, 1, 72, 87, 36, 4, 154, 0, 40, 1, 70, 0, 64, 24, 11, 193, 28,
       165, 15, 17, 172, 24, 4, 112, 24, 156, 9, 16, 114, 51, 189, 72,
       23, 32, 250, 4, 34, 193, 128, 16, 0, 33, 78, 128, 6, 2, 20, 65,
       133, 155, 66, 138, 76, 1, 100, 0, 128, 204, 17, 12, 136, 12, 1, 0,
       8, 48, 9, 112, 4, 85, 154, 0, 114, 5, 20, 128, 96, 24, 6, 68, 4,
       64, 192, 25, 44, 16, 4, 81, 28, 132, 8, 128, 96, 33, 188, 72, 70,
       32, 240, 3, 6, 65, 2, 157, 128, 7, 8, 226, 0, 0, 114, 160, 11,
       132, 81, 98, 84, 5, 96, 64, 2, 129, 100, 68, 128, 40, 9, 146, 8,
       1, 9, 16, 36, 20, 154, 0, 112, 1, 212, 1, 66, 24, 11, 64, 16, 192,
       4, 0, 36, 16, 4, 32, 24, 140, 9, 16, 48, 32, 28, 72, 86, 32, 249,
       62, 244, 125, 255, 63, 189, 255, 121, 255, 255, 253, 251, 253,
       122, 244, 87, 246, 247, 71, 123, 244, 114, 210, 126, 253, 255,
       247, 255, 90, 251, 119, 235, 215, 44, 215, 190, 222, 120, 233,
       117, 122, 95, 123, 47, 213, 21, 245, 111, 153, 172, 24, 5, 240,
       29, 156, 89, 16, 242, 51, 189, 90, 215, 40, 251, 61, 190, 253,
       239, 191, 253, 251, 125, 255, 253, 214, 253, 253, 126, 249, 245,
       251, 254, 195, 251, 245, 115, 223, 255, 253, 127, 244, 255, 126,
       223, 255, 239, 223, 236, 223, 190, 255, 251, 249, 125, 125, 93,
       255, 47, 213, 229, 247, 111, 187, 254, 157, 13, 242, 29, 158, 93,
       54, 242, 255, 191, 251, 223, 44, 254, 63, 182, 125, 254, 63, 253,
       251, 120, 255, 252, 223, 247, 253, 127, 255, 247, 247, 254, 67,
       123, 245, 106, 211, 126, 221, 190, 245, 251, 126, 95, 247, 239,
       223, 44, 87, 190, 215, 122, 249, 125, 252, 93, 123, 47, 212, 55,
       247, 111, 153, 172, 24, 13, 240, 29, 156, 73, 48, 242, 51, 189,
       218, 87, 32, 250, 63, 175, 255, 254, 43, 221, 253, 111, 247, 254,
       215, 245, 127, 126, 188, 94, 255, 186, 99, 251, 245, 118, 211,
       247, 221, 187, 228, 251, 106, 253, 245, 235, 223, 44, 71, 190,
       255, 120, 249, 124, 120, 93, 121, 47, 212, 53, 247, 111, 187, 174,
       153, 15, 240, 29, 156, 89, 52, 242, 119, 189, 122, 215, 40, 250,
       61, 190, 253, 237, 63, 253, 253, 124, 253, 253, 222, 253, 253,
       127, 189, 197, 251, 252, 227, 251, 245, 118, 219, 255, 253, 127,
       229, 247, 124, 223, 245, 239, 223, 104, 215, 190, 255, 121, 249,
       125, 120, 93, 123, 47, 213, 181, 247, 111, 185, 172, 152, 13, 240,
       29, 158, 93, 54, 242, 183, 189, 251, 223, 44, 254, 63, 182, 125,
       254, 62, 253, 185, 121, 255, 252, 214, 245, 253, 127, 185, 117,
       251, 246, 67, 243, 245, 114, 211, 247, 221, 190, 244, 187, 126,
       95, 247, 235, 223, 108, 87, 190, 223, 120, 249, 124, 124, 93, 58,
       47, 212, 53, 247, 111, 153, 172, 24, 5, 240, 29, 156, 73, 16, 242,
       51, 189, 90, 87, 32, 250, 7, 34, 65, 130, 217, 128, 3, 72, 2, 0,
       0, 50, 128, 3, 128, 1, 66, 68, 5, 4, 72, 0, 136, 96, 78, 128, 8,
       1, 146, 8, 1, 9, 80, 36, 20, 154, 0, 112, 5, 148, 1, 64, 8, 10,
       64, 24, 72, 128, 0, 36, 80, 4, 1, 26, 132, 11, 16, 32, 32, 28, 72,
       70, 32, 177 ]
