%YAML:1.0
descriptors: !!opencv-matrix
   rows: 16
   cols: 64
   dt: u
   data: [ 64, 3, 130, 18, 0, 2, 4, 7, 0, 32, 2, 4, 0, 198, 3, 2, 8, 1,
       1, 132, 192, 133, 66, 131, 18, 0, 128, 4, 0, 136, 0, 64, 7, 6, 65,
       170, 16, 8, 1, 64, 32, 32, 16, 128, 69, 80, 129, 206, 16, 44, 8,
       0, 48, 24, 24, 0, 0, 34, 19, 177, 8, 80, 64, 106, 67, 135, 128,
       18, 9, 130, 6, 6, 2, 33, 1, 192, 146, 99, 4, 2, 8, 1, 32, 209,
       194, 37, 67, 67, 64, 83, 145, 46, 0, 8, 1, 64, 151, 38, 64, 170,
       0, 8, 107, 106, 96, 56, 56, 43, 213, 84, 181, 111, 17, 172, 24, 4,
       240, 25, 152, 9, 16, 242, 51, 181, 24, 83, 32, 74, 195, 0, 0, 54,
       201, 130, 2, 8, 2, 41, 0, 67, 162, 195, 128, 17, 98, 5, 5, 68,
       200, 141, 170, 104, 6, 138, 40, 15, 146, 8, 33, 79, 83, 167, 20,
       187, 0, 32, 5, 198, 193, 66, 24, 10, 73, 24, 200, 213, 8, 36, 88,
       4, 97, 26, 140, 203, 16, 56, 35, 156, 8, 70, 48, 121, 63, 247,
       125, 190, 54, 255, 191, 121, 255, 212, 253, 254, 253, 127, 254,
       127, 251, 247, 99, 247, 245, 119, 211, 246, 205, 255, 245, 253,
       122, 94, 247, 233, 215, 44, 85, 190, 90, 120, 233, 116, 120, 93,
       56, 47, 213, 53, 247, 111, 153, 172, 24, 5, 240, 29, 156, 73, 16,
       242, 51, 189, 88, 87, 32, 250, 246, 49, 243, 151, 246, 71, 91,
       239, 198, 239, 209, 54, 247, 194, 147, 82, 250, 213, 51, 103, 75,
       173, 231, 54, 206, 203, 250, 47, 210, 8, 114, 59, 115, 37, 20,
       191, 82, 116, 193, 212, 80, 72, 17, 14, 201, 28, 193, 94, 153,
       172, 24, 5, 240, 30, 156, 73, 16, 242, 49, 189, 92, 86, 32, 248,
       76, 238, 237, 169, 114, 127, 167, 245, 189, 254, 234, 154, 217,
       60, 255, 238, 203, 221, 107, 108, 244, 213, 194, 240, 93, 253,
       189, 165, 89, 198, 51, 235, 213, 4, 85, 186, 82, 120, 233, 116,
       120, 92, 56, 47, 213, 151, 247, 109, 153, 172, 24, 5, 240, 29,
       156, 73, 16, 242, 51, 189, 88, 87, 32, 250, 94, 50, 113, 161, 252,
       176, 175, 88, 192, 63, 211, 118, 205, 5, 145, 81, 226, 205, 11,
       96, 233, 37, 130, 120, 76, 220, 184, 175, 214, 14, 49, 251, 87,
       36, 93, 187, 82, 120, 41, 86, 96, 64, 24, 14, 197, 12, 244, 29,
       152, 172, 24, 5, 240, 28, 156, 73, 16, 242, 51, 157, 88, 87, 32,
       242, 252, 253, 255, 255, 118, 127, 125, 255, 255, 252, 255, 191,
       127, 254, 255, 254, 251, 213, 123, 111, 125, 255, 247, 183, 223,
       255, 247, 191, 251, 223, 126, 251, 251, 44, 87, 254, 214, 122,
       249, 124, 250, 93, 125, 63, 213, 55, 245, 110, 157, 172, 154, 13,
       242, 29, 157, 73, 16, 246, 123, 189, 91, 86, 42, 250, 60, 191,
       247, 182, 26, 111, 161, 119, 116, 124, 70, 85, 93, 126, 187, 84,
       251, 221, 225, 98, 245, 37, 195, 115, 79, 218, 176, 143, 122, 78,
       115, 235, 215, 36, 85, 186, 87, 120, 233, 116, 112, 93, 56, 47,
       213, 20, 247, 111, 153, 172, 24, 5, 240, 29, 156, 73, 16, 242, 51,
       189, 88, 87, 32, 250, 63, 246, 125, 252, 63, 61, 127, 121, 255,
       126, 253, 251, 253, 123, 252, 125, 243, 253, 103, 115, 245, 114,
       209, 118, 221, 255, 245, 251, 123, 223, 247, 235, 215, 44, 87,
       190, 218, 120, 249, 125, 126, 95, 58, 175, 213, 55, 247, 111, 153,
       172, 24, 13, 240, 29, 157, 73, 24, 242, 51, 189, 90, 215, 42, 251,
       253, 177, 255, 246, 54, 39, 249, 246, 214, 223, 117, 211, 223,
       234, 146, 94, 242, 213, 39, 103, 103, 175, 227, 119, 206, 138,
       182, 143, 82, 12, 116, 235, 215, 36, 20, 190, 82, 120, 225, 244,
       88, 78, 57, 47, 209, 20, 209, 111, 153, 172, 24, 5, 240, 29, 156,
       73, 16, 242, 51, 189, 88, 87, 32, 251, 61, 178, 255, 247, 62, 117,
       251, 252, 252, 252, 214, 119, 109, 127, 155, 244, 250, 212, 67,
       99, 229, 41, 199, 126, 205, 170, 244, 155, 94, 77, 119, 239, 247,
       36, 85, 190, 86, 122, 233, 117, 216, 92, 27, 46, 213, 21, 241,
       111, 153, 172, 24, 5, 240, 29, 156, 73, 16, 242, 51, 189, 88, 87,
       32, 250, 60, 177, 253, 254, 63, 127, 253, 127, 119, 252, 212, 245,
       125, 126, 182, 94, 255, 222, 97, 99, 245, 61, 193, 243, 221, 255,
       240, 223, 90, 222, 247, 235, 223, 36, 87, 186, 87, 120, 233, 124,
       112, 93, 60, 47, 213, 21, 247, 111, 153, 172, 24, 5, 240, 29, 156,
       73, 16, 242, 51, 189, 88, 87, 32, 250, 3, 6, 64, 2, 157, 128, 5,
       72, 34, 0, 2, 32, 32, 75, 160, 21, 98, 116, 1, 64, 193, 34, 129,
       98, 68, 128, 32, 9, 18, 8, 1, 65, 86, 36, 84, 186, 0, 112, 1, 84,
       64, 64, 24, 11, 64, 64, 192, 79, 16, 44, 24, 4, 112, 24, 156, 73,
       16, 50, 51, 156, 72, 87, 32, 120, 63, 183, 253, 254, 63, 253, 29,
       126, 247, 254, 215, 176, 125, 127, 191, 87, 255, 246, 99, 242,
       245, 115, 211, 119, 221, 255, 245, 127, 122, 94, 247, 235, 223,
       44, 87, 190, 218, 120, 233, 125, 120, 93, 56, 47, 213, 53, 245,
       111, 153, 172, 24, 5, 240, 29, 156, 73, 16, 242, 51, 189, 88, 215,
       32, 250, 82, 17, 211, 150, 2, 2, 25, 14, 230, 132, 21, 17, 63,
       235, 178, 82, 238, 215, 32, 103, 66, 45, 225, 39, 78, 138, 176,
       13, 82, 8, 16, 41, 214, 36, 20, 186, 82, 120, 65, 84, 80, 72, 56,
       15, 201, 20, 193, 110, 153, 172, 24, 5, 240, 24, 156, 73, 16, 242,
       51, 189, 88, 87, 32, 250 ]
