%YAML:1.0
descriptors: !!opencv-matrix
   rows: 11
   cols: 64
   dt: u
   data: [ 35, 4, 0, 2, 9, 128, 1, 8, 66, 64, 1, 0, 32, 11, 128, 21, 98,
       86, 0, 32, 192, 34, 129, 100, 76, 144, 32, 9, 18, 8, 17, 73, 148,
       36, 84, 154, 2, 80, 1, 84, 0, 64, 24, 11, 64, 20, 224, 77, 145,
       36, 16, 4, 48, 24, 156, 73, 16, 114, 50, 188, 88, 87, 32, 249, 63,
       183, 125, 174, 63, 253, 189, 121, 245, 222, 222, 245, 253, 127,
       189, 117, 251, 252, 67, 114, 245, 114, 209, 246, 253, 190, 228,
       153, 126, 222, 117, 235, 223, 108, 87, 190, 223, 120, 233, 124,
       124, 93, 58, 47, 212, 53, 247, 111, 153, 172, 24, 5, 240, 29, 156,
       73, 16, 242, 51, 189, 90, 87, 40, 250, 61, 182, 125, 255, 191,
       189, 191, 120, 254, 124, 254, 127, 253, 127, 189, 117, 243, 246,
       67, 98, 245, 98, 211, 126, 221, 254, 245, 251, 126, 223, 247, 239,
       223, 44, 87, 190, 210, 120, 233, 125, 124, 93, 122, 175, 212, 49,
       245, 111, 153, 172, 24, 13, 240, 29, 156, 73, 48, 242, 51, 189,
       218, 87, 32, 250, 61, 190, 253, 254, 62, 253, 249, 127, 247, 252,
       214, 245, 125, 127, 190, 252, 255, 254, 227, 99, 245, 103, 211,
       255, 221, 171, 228, 219, 127, 221, 245, 239, 223, 44, 87, 190,
       215, 120, 249, 124, 120, 93, 122, 175, 212, 53, 247, 111, 185,
       172, 24, 13, 240, 29, 156, 73, 20, 242, 115, 189, 90, 87, 40, 250,
       63, 181, 125, 182, 63, 189, 95, 121, 255, 255, 255, 242, 253, 126,
       188, 87, 255, 247, 67, 115, 245, 114, 211, 118, 221, 255, 245,
       123, 122, 223, 247, 235, 215, 44, 87, 190, 210, 120, 249, 125,
       120, 93, 125, 47, 213, 21, 245, 111, 153, 172, 24, 5, 240, 29,
       156, 73, 24, 242, 51, 189, 88, 215, 40, 250, 252, 191, 255, 253,
       54, 127, 249, 255, 253, 252, 254, 245, 127, 255, 251, 254, 251,
       220, 251, 107, 245, 127, 247, 183, 255, 235, 246, 159, 127, 223,
       126, 255, 255, 110, 119, 254, 215, 122, 249, 125, 254, 93, 251,
       62, 253, 183, 243, 111, 191, 172, 223, 207, 240, 29, 157, 93, 116,
       246, 123, 255, 251, 223, 47, 254, 124, 153, 254, 254, 55, 127,
       253, 127, 55, 252, 213, 181, 63, 254, 191, 95, 255, 223, 97, 103,
       245, 61, 211, 115, 77, 255, 242, 109, 83, 222, 246, 235, 223, 36,
       87, 186, 83, 120, 233, 116, 112, 93, 56, 47, 213, 21, 247, 111,
       153, 172, 24, 5, 240, 29, 156, 73, 16, 242, 51, 189, 88, 87, 32,
       250, 63, 245, 125, 255, 63, 181, 223, 89, 255, 255, 253, 250, 253,
       107, 180, 87, 242, 247, 103, 115, 253, 118, 211, 126, 205, 255,
       247, 63, 90, 127, 247, 235, 215, 44, 215, 190, 210, 120, 249, 117,
       122, 94, 57, 47, 213, 21, 245, 111, 153, 172, 24, 5, 240, 29, 156,
       73, 16, 242, 51, 189, 88, 87, 40, 250, 191, 244, 125, 255, 191,
       189, 255, 120, 255, 255, 253, 251, 253, 123, 244, 127, 242, 247,
       119, 123, 253, 119, 211, 118, 253, 255, 245, 255, 127, 223, 247,
       235, 215, 44, 87, 190, 210, 121, 233, 253, 122, 95, 121, 47, 213,
       21, 245, 111, 153, 172, 24, 5, 240, 29, 156, 73, 16, 242, 51, 189,
       88, 87, 32, 251, 68, 35, 65, 128, 16, 2, 1, 78, 0, 66, 1, 52, 65,
       130, 129, 66, 66, 68, 1, 100, 1, 128, 132, 0, 12, 128, 136, 9, 18,
       8, 48, 9, 112, 36, 20, 154, 0, 112, 1, 212, 128, 64, 24, 10, 64,
       12, 64, 204, 17, 44, 16, 4, 32, 24, 132, 9, 128, 96, 33, 152, 72,
       6, 32, 241, 7, 6, 64, 2, 153, 128, 3, 72, 34, 0, 0, 114, 160, 11,
       128, 17, 98, 84, 5, 96, 65, 0, 136, 96, 76, 136, 40, 9, 146, 8, 1,
       9, 16, 36, 20, 154, 0, 112, 1, 212, 129, 66, 24, 10, 64, 16, 192,
       68, 0, 36, 16, 4, 96, 24, 140, 9, 16, 112, 34, 156, 72, 86, 32,
       249 ]
