%YAML:1.0
descriptors: !!opencv-matrix
   rows: 7
   cols: 64
   dt: u
   data: [ 35, 4, 0, 2, 13, 128, 1, 8, 198, 0, 1, 0, 32, 11, 0, 21, 98,
       70, 0, 32, 192, 34, 129, 100, 76, 144, 32, 9, 18, 8, 1, 105, 148,
       36, 84, 154, 66, 16, 1, 84, 0, 64, 24, 139, 64, 16, 224, 76, 145,
       36, 16, 0, 48, 24, 156, 73, 16, 114, 50, 188, 88, 87, 32, 249, 61,
       182, 125, 190, 191, 189, 191, 121, 254, 124, 254, 123, 253, 127,
       189, 85, 243, 246, 67, 98, 245, 98, 210, 126, 221, 255, 245, 251,
       122, 219, 119, 239, 215, 44, 87, 190, 210, 120, 233, 125, 124, 93,
       122, 175, 212, 53, 245, 111, 153, 172, 24, 13, 240, 29, 156, 73,
       48, 242, 51, 189, 218, 87, 32, 250, 191, 242, 125, 247, 255, 181,
       251, 248, 254, 127, 255, 127, 237, 123, 242, 117, 242, 213, 79,
       98, 253, 43, 163, 126, 236, 254, 243, 191, 222, 95, 119, 255, 247,
       36, 84, 190, 86, 115, 249, 245, 216, 92, 27, 30, 209, 7, 209, 95,
       153, 173, 24, 5, 240, 29, 157, 73, 16, 242, 51, 189, 88, 87, 32,
       248, 63, 247, 125, 255, 63, 181, 223, 121, 255, 255, 249, 250,
       253, 106, 180, 87, 242, 247, 103, 115, 255, 118, 211, 126, 205,
       254, 247, 127, 90, 127, 245, 235, 215, 44, 215, 190, 210, 120,
       249, 117, 122, 94, 57, 47, 213, 20, 245, 111, 153, 172, 24, 5,
       240, 29, 156, 73, 16, 242, 51, 189, 88, 87, 32, 250, 191, 246,
       125, 255, 191, 189, 255, 120, 255, 255, 253, 251, 253, 122, 244,
       95, 246, 247, 103, 115, 253, 119, 211, 118, 221, 255, 245, 255,
       122, 255, 247, 235, 215, 44, 86, 190, 210, 120, 249, 125, 122, 95,
       121, 47, 213, 21, 247, 111, 153, 172, 24, 5, 240, 29, 156, 73, 16,
       242, 51, 189, 88, 87, 32, 251, 68, 35, 65, 128, 16, 2, 1, 78, 0,
       66, 1, 52, 65, 130, 129, 66, 66, 68, 1, 100, 1, 128, 132, 0, 12,
       128, 136, 9, 18, 8, 48, 9, 112, 36, 20, 186, 0, 112, 1, 84, 128,
       64, 24, 10, 64, 12, 64, 204, 17, 44, 16, 4, 32, 24, 132, 9, 128,
       96, 33, 152, 72, 6, 32, 241, 3, 4, 64, 2, 157, 128, 7, 8, 34, 0,
       0, 112, 160, 11, 132, 81, 98, 116, 5, 64, 193, 2, 137, 100, 68,
       144, 40, 9, 146, 8, 1, 9, 20, 36, 20, 154, 2, 112, 1, 212, 1, 66,
       24, 11, 64, 16, 192, 69, 1, 36, 16, 4, 32, 24, 140, 73, 16, 50,
       34, 156, 88, 87, 32, 249 ]
