%YAML:1.0
descriptors: !!opencv-matrix
   rows: 21
   cols: 64
   dt: u
   data: [ 163, 196, 109, 138, 223, 140, 5, 24, 183, 85, 172, 235, 175,
       121, 36, 77, 227, 245, 37, 113, 64, 70, 176, 116, 102, 255, 41,
       59, 255, 26, 113, 41, 214, 100, 22, 186, 66, 112, 41, 252, 119,
       222, 56, 143, 208, 16, 244, 77, 153, 164, 24, 4, 248, 28, 142, 73,
       24, 242, 51, 188, 88, 87, 34, 249, 163, 206, 109, 206, 255, 253,
       213, 88, 189, 85, 44, 219, 175, 121, 244, 237, 227, 245, 61, 97,
       196, 70, 184, 112, 111, 255, 57, 59, 255, 11, 51, 127, 214, 101,
       86, 250, 82, 113, 249, 244, 119, 222, 56, 63, 216, 22, 252, 101,
       137, 165, 30, 4, 248, 31, 142, 77, 24, 244, 51, 188, 88, 87, 34,
       249, 3, 3, 0, 2, 137, 8, 2, 0, 34, 0, 7, 0, 0, 113, 0, 1, 68, 64,
       0, 32, 66, 32, 0, 98, 64, 128, 0, 8, 176, 8, 1, 65, 18, 38, 80,
       138, 0, 0, 3, 128, 132, 16, 24, 131, 64, 0, 224, 78, 16, 36, 16,
       0, 48, 24, 139, 9, 17, 98, 50, 148, 64, 22, 36, 201, 1, 7, 0, 2,
       1, 8, 4, 3, 34, 64, 42, 4, 0, 37, 4, 33, 66, 32, 5, 100, 64, 32,
       16, 34, 64, 128, 0, 8, 128, 8, 8, 1, 16, 6, 80, 138, 0, 66, 1,
       192, 6, 146, 24, 129, 64, 18, 100, 76, 1, 36, 16, 4, 32, 24, 3, 9,
       24, 96, 0, 52, 8, 70, 34, 104, 4, 2, 128, 128, 200, 134, 2, 69,
       132, 34, 2, 6, 129, 68, 147, 1, 66, 65, 1, 64, 192, 39, 74, 67,
       14, 128, 12, 4, 0, 136, 1, 64, 71, 4, 71, 170, 0, 40, 1, 68, 0,
       64, 16, 138, 68, 68, 129, 79, 17, 44, 24, 0, 48, 24, 156, 9, 16,
       98, 19, 180, 72, 71, 32, 240, 0, 6, 0, 138, 0, 12, 4, 1, 34, 64,
       42, 4, 16, 36, 109, 164, 5, 16, 0, 32, 0, 0, 16, 32, 80, 132, 0,
       0, 160, 128, 24, 1, 48, 4, 65, 136, 0, 66, 0, 8, 166, 145, 28, 1,
       4, 150, 100, 76, 1, 0, 80, 4, 2, 8, 3, 8, 8, 64, 8, 48, 0, 70, 34,
       96, 0, 6, 0, 0, 1, 130, 2, 77, 128, 2, 0, 0, 0, 1, 129, 5, 66, 32,
       1, 64, 192, 34, 80, 67, 16, 128, 140, 4, 0, 8, 1, 64, 68, 4, 70,
       170, 0, 32, 1, 64, 0, 64, 16, 138, 64, 80, 128, 78, 17, 44, 24, 0,
       32, 24, 156, 1, 16, 98, 19, 180, 8, 86, 32, 96, 68, 7, 129, 16,
       72, 134, 0, 79, 128, 34, 2, 6, 129, 192, 147, 3, 66, 69, 1, 64,
       200, 39, 82, 67, 78, 128, 132, 5, 18, 8, 33, 72, 71, 36, 68, 186,
       0, 42, 1, 68, 128, 64, 16, 138, 65, 84, 129, 79, 25, 44, 24, 0,
       32, 24, 156, 9, 16, 98, 51, 189, 72, 70, 32, 242, 66, 5, 129, 18,
       0, 134, 4, 79, 134, 34, 1, 2, 129, 130, 146, 6, 74, 69, 1, 68,
       138, 135, 194, 3, 30, 128, 180, 13, 18, 136, 16, 8, 71, 38, 4,
       186, 0, 40, 1, 70, 0, 64, 16, 139, 65, 92, 1, 143, 17, 44, 24, 0,
       32, 24, 156, 1, 16, 114, 51, 185, 72, 87, 32, 250, 131, 201, 139,
       147, 0, 72, 157, 206, 10, 227, 47, 222, 18, 166, 198, 170, 235,
       84, 36, 99, 14, 164, 230, 34, 77, 215, 177, 43, 19, 10, 18, 123,
       211, 36, 85, 186, 82, 120, 233, 246, 112, 92, 56, 47, 151, 20,
       245, 44, 153, 172, 24, 5, 240, 29, 148, 73, 16, 242, 49, 189, 88,
       87, 32, 250, 7, 38, 65, 130, 145, 128, 3, 72, 194, 68, 130, 48,
       97, 11, 128, 65, 226, 84, 5, 96, 65, 0, 128, 96, 76, 136, 40, 9,
       146, 8, 49, 9, 80, 36, 84, 154, 66, 112, 1, 212, 128, 64, 24, 14,
       64, 4, 192, 76, 153, 36, 16, 4, 96, 24, 140, 73, 16, 114, 51, 188,
       72, 22, 32, 248, 5, 38, 65, 2, 217, 128, 35, 72, 128, 64, 2, 55,
       161, 11, 128, 65, 66, 84, 133, 100, 65, 0, 136, 96, 78, 136, 8, 1,
       146, 8, 1, 13, 112, 39, 84, 154, 0, 112, 5, 148, 133, 64, 24, 2,
       64, 0, 72, 192, 0, 36, 80, 36, 1, 26, 140, 9, 0, 96, 35, 140, 72,
       70, 32, 248, 70, 33, 65, 130, 81, 2, 3, 78, 2, 66, 1, 48, 33, 130,
       128, 83, 98, 84, 0, 68, 10, 128, 128, 0, 14, 128, 168, 9, 146, 8,
       16, 9, 16, 36, 20, 154, 0, 112, 7, 212, 128, 64, 24, 8, 0, 28, 64,
       140, 17, 36, 16, 4, 32, 24, 132, 75, 16, 48, 32, 60, 72, 20, 32,
       241, 60, 177, 253, 158, 54, 255, 31, 127, 247, 214, 253, 240, 125,
       62, 188, 94, 255, 215, 99, 99, 245, 119, 195, 247, 221, 255, 245,
       253, 114, 222, 245, 233, 215, 44, 85, 190, 218, 120, 233, 125,
       120, 93, 57, 47, 213, 52, 245, 111, 153, 172, 24, 5, 240, 29, 156,
       73, 16, 242, 51, 189, 120, 87, 32, 250, 127, 53, 249, 182, 63,
       183, 95, 110, 198, 231, 209, 242, 255, 234, 178, 86, 242, 215, 35,
       99, 207, 37, 195, 127, 205, 202, 226, 63, 82, 41, 117, 107, 215,
       36, 84, 190, 82, 120, 225, 247, 80, 92, 57, 47, 209, 20, 229, 111,
       153, 172, 24, 5, 240, 29, 156, 73, 16, 242, 51, 189, 88, 87, 32,
       250, 61, 190, 253, 255, 63, 253, 249, 125, 255, 255, 214, 253,
       253, 127, 249, 213, 255, 254, 227, 123, 245, 119, 211, 255, 253,
       255, 231, 255, 126, 223, 253, 239, 223, 108, 215, 190, 255, 122,
       249, 125, 252, 93, 123, 47, 213, 53, 247, 111, 185, 174, 152, 13,
       242, 29, 156, 93, 62, 242, 247, 191, 251, 223, 44, 254, 62, 179,
       253, 252, 63, 189, 253, 123, 247, 254, 215, 241, 253, 126, 189,
       86, 255, 222, 99, 243, 245, 62, 195, 247, 205, 190, 231, 255, 90,
       252, 245, 235, 223, 60, 87, 190, 223, 120, 233, 117, 120, 93, 51,
       47, 245, 53, 247, 111, 185, 174, 24, 7, 240, 29, 156, 73, 16, 243,
       51, 189, 122, 87, 32, 250, 63, 253, 255, 253, 63, 253, 253, 121,
       255, 255, 253, 249, 255, 125, 252, 95, 255, 254, 99, 251, 245,
       126, 211, 255, 253, 255, 231, 255, 127, 87, 245, 239, 223, 108,
       215, 190, 223, 121, 249, 125, 120, 95, 251, 175, 213, 53, 247,
       111, 185, 174, 24, 15, 240, 29, 156, 77, 52, 242, 119, 191, 251,
       223, 44, 254, 62, 182, 125, 239, 191, 189, 191, 121, 255, 255,
       215, 251, 253, 126, 189, 84, 251, 223, 99, 123, 245, 119, 211,
       125, 221, 255, 245, 255, 126, 223, 245, 239, 215, 44, 87, 190,
       223, 120, 233, 125, 120, 93, 123, 47, 213, 21, 247, 111, 153, 172,
       24, 5, 240, 29, 156, 73, 16, 242, 51, 189, 218, 87, 32, 254, 5,
       35, 65, 128, 16, 0, 1, 74, 0, 64, 2, 52, 1, 3, 129, 64, 2, 68, 1,
       100, 0, 0, 136, 33, 76, 128, 0, 1, 18, 8, 16, 9, 112, 38, 116,
       154, 0, 114, 5, 20, 129, 96, 24, 2, 0, 4, 64, 192, 0, 36, 80, 4,
       1, 24, 132, 8, 0, 96, 32, 188, 72, 70, 32, 240, 3, 0, 0, 130, 217,
       0, 6, 8, 6, 0, 0, 98, 32, 11, 128, 17, 98, 84, 5, 4, 64, 0, 137,
       96, 6, 128, 40, 9, 146, 8, 1, 9, 16, 36, 20, 154, 0, 112, 5, 212,
       0, 66, 8, 11, 64, 24, 64, 132, 0, 36, 16, 4, 32, 24, 132, 11, 16,
       48, 32, 28, 8, 84, 32, 121 ]
