%YAML:1.0
descriptors: !!opencv-matrix
   rows: 20
   cols: 64
   dt: u
   data: [ 64, 3, 130, 18, 0, 2, 4, 7, 0, 0, 2, 4, 0, 132, 3, 2, 72, 1,
       1, 132, 192, 5, 66, 131, 18, 0, 148, 4, 0, 136, 0, 64, 7, 6, 65,
       170, 16, 8, 5, 64, 32, 32, 16, 130, 69, 80, 1, 206, 17, 44, 8, 0,
       48, 24, 24, 0, 0, 98, 19, 177, 8, 81, 0, 74, 131, 5, 128, 6, 205,
       130, 2, 8, 34, 1, 0, 67, 162, 75, 6, 17, 102, 7, 5, 212, 64, 47,
       131, 98, 6, 138, 32, 15, 146, 8, 1, 33, 151, 39, 20, 186, 66, 32,
       5, 196, 65, 66, 24, 11, 193, 16, 249, 79, 17, 36, 24, 4, 112, 26,
       156, 73, 16, 114, 51, 189, 24, 87, 32, 249, 67, 135, 128, 18, 9,
       138, 6, 6, 2, 33, 1, 192, 146, 98, 4, 2, 8, 1, 32, 209, 194, 37,
       67, 67, 64, 83, 145, 46, 0, 8, 1, 64, 151, 38, 64, 186, 0, 8, 107,
       98, 96, 56, 56, 43, 213, 84, 181, 111, 17, 172, 24, 4, 240, 25,
       152, 9, 16, 242, 51, 181, 24, 87, 32, 74, 195, 4, 0, 54, 217, 130,
       2, 8, 2, 41, 0, 99, 162, 195, 128, 17, 98, 71, 5, 68, 200, 173,
       170, 104, 6, 138, 40, 15, 146, 8, 33, 77, 83, 167, 52, 187, 0, 32,
       5, 198, 193, 66, 24, 10, 73, 24, 200, 213, 8, 36, 88, 4, 97, 26,
       140, 203, 16, 56, 35, 152, 8, 70, 48, 121, 62, 186, 253, 162, 127,
       255, 183, 120, 254, 220, 222, 119, 253, 127, 251, 245, 251, 223,
       99, 242, 245, 103, 195, 246, 205, 255, 241, 255, 126, 94, 243,
       235, 223, 44, 87, 190, 91, 122, 233, 116, 124, 92, 56, 47, 213,
       53, 247, 111, 153, 172, 24, 5, 240, 29, 156, 73, 16, 242, 51, 189,
       88, 87, 32, 250, 63, 255, 125, 190, 54, 255, 191, 121, 255, 212,
       255, 254, 253, 127, 252, 119, 251, 247, 99, 103, 245, 119, 209,
       246, 205, 255, 245, 255, 114, 30, 247, 233, 215, 44, 85, 190, 90,
       120, 233, 116, 120, 93, 56, 47, 213, 53, 247, 111, 153, 172, 24,
       5, 240, 29, 156, 73, 16, 242, 51, 189, 88, 87, 32, 250, 254, 49,
       243, 151, 246, 71, 91, 239, 198, 229, 213, 54, 247, 194, 147, 118,
       251, 213, 51, 103, 75, 173, 231, 55, 206, 203, 254, 45, 210, 12,
       114, 59, 243, 37, 20, 191, 82, 112, 193, 212, 80, 72, 17, 14, 201,
       28, 201, 46, 153, 172, 88, 5, 240, 30, 148, 73, 16, 242, 49, 189,
       88, 86, 32, 248, 94, 50, 113, 161, 252, 176, 175, 88, 192, 63,
       211, 118, 205, 5, 145, 81, 226, 205, 11, 96, 201, 37, 130, 120,
       76, 220, 185, 175, 214, 14, 49, 251, 87, 36, 93, 187, 82, 120, 41,
       86, 96, 64, 24, 14, 197, 12, 244, 29, 152, 172, 24, 5, 240, 28,
       156, 73, 16, 242, 51, 157, 88, 87, 32, 242, 255, 57, 255, 246,
       118, 35, 127, 254, 214, 253, 245, 179, 127, 235, 146, 90, 250,
       213, 55, 103, 237, 173, 231, 55, 206, 219, 243, 175, 82, 12, 114,
       235, 211, 36, 20, 186, 82, 120, 225, 244, 80, 94, 57, 47, 209, 20,
       193, 111, 153, 172, 24, 5, 240, 29, 156, 73, 16, 242, 51, 189, 88,
       86, 32, 251, 191, 254, 125, 255, 255, 189, 191, 121, 255, 255,
       253, 251, 253, 127, 252, 253, 247, 247, 111, 115, 245, 119, 211,
       118, 221, 255, 245, 255, 127, 95, 247, 235, 215, 44, 87, 190, 218,
       120, 233, 125, 122, 94, 56, 175, 213, 55, 245, 111, 153, 172, 24,
       5, 240, 29, 157, 73, 16, 242, 51, 189, 90, 87, 42, 251, 252, 253,
       255, 255, 118, 127, 121, 255, 255, 252, 255, 191, 127, 254, 255,
       254, 251, 213, 123, 111, 125, 255, 247, 183, 223, 255, 247, 191,
       251, 223, 126, 251, 251, 44, 87, 254, 214, 122, 249, 124, 250, 93,
       125, 63, 213, 55, 229, 110, 157, 172, 154, 13, 242, 29, 157, 73,
       16, 246, 123, 189, 91, 86, 42, 250, 60, 187, 247, 182, 59, 111,
       161, 127, 116, 124, 198, 117, 125, 126, 187, 68, 251, 221, 225,
       98, 245, 37, 195, 243, 79, 250, 176, 143, 122, 78, 115, 235, 223,
       36, 85, 186, 83, 122, 233, 116, 112, 93, 56, 47, 213, 21, 247,
       111, 153, 172, 24, 5, 240, 29, 156, 73, 16, 242, 51, 189, 88, 87,
       32, 250, 63, 246, 125, 252, 63, 253, 127, 121, 253, 126, 253, 251,
       253, 123, 252, 125, 243, 253, 103, 115, 245, 114, 209, 118, 221,
       255, 245, 187, 123, 223, 119, 235, 215, 44, 87, 190, 218, 120,
       249, 125, 126, 95, 58, 175, 213, 55, 247, 111, 153, 172, 24, 13,
       240, 29, 156, 73, 24, 242, 51, 189, 90, 215, 42, 251, 252, 177,
       255, 246, 54, 39, 253, 255, 214, 223, 245, 243, 255, 234, 182, 94,
       242, 213, 39, 103, 103, 175, 227, 119, 206, 138, 182, 175, 82, 12,
       116, 235, 215, 36, 20, 190, 82, 120, 225, 244, 88, 94, 57, 47,
       209, 20, 209, 111, 153, 172, 24, 5, 240, 29, 156, 73, 16, 242, 51,
       189, 88, 87, 32, 251, 252, 253, 255, 252, 54, 127, 253, 255, 253,
       252, 255, 253, 127, 254, 255, 254, 251, 220, 115, 107, 245, 255,
       245, 183, 253, 255, 247, 191, 123, 223, 255, 235, 223, 108, 71,
       254, 215, 122, 249, 125, 126, 221, 255, 47, 213, 55, 247, 111,
       191, 172, 155, 141, 242, 29, 156, 93, 56, 246, 123, 255, 251, 223,
       42, 254, 61, 178, 247, 245, 62, 117, 251, 252, 252, 252, 214, 119,
       125, 127, 155, 244, 250, 212, 67, 99, 245, 41, 198, 126, 205, 170,
       244, 155, 94, 77, 119, 239, 247, 36, 85, 190, 86, 122, 233, 117,
       216, 92, 27, 46, 213, 23, 241, 111, 153, 172, 24, 5, 240, 29, 156,
       73, 16, 242, 51, 189, 88, 87, 32, 250, 60, 177, 253, 254, 55, 127,
       253, 127, 247, 252, 212, 245, 125, 126, 190, 94, 255, 222, 99, 99,
       245, 63, 193, 247, 221, 255, 244, 223, 90, 222, 247, 235, 223, 36,
       87, 190, 83, 120, 233, 124, 120, 93, 60, 47, 213, 53, 247, 111,
       153, 172, 24, 5, 240, 29, 156, 73, 16, 242, 51, 189, 88, 87, 32,
       250, 7, 6, 64, 2, 153, 128, 5, 72, 38, 64, 0, 96, 160, 11, 160,
       69, 66, 116, 1, 96, 193, 34, 144, 96, 68, 144, 0, 9, 18, 8, 1, 65,
       20, 36, 84, 154, 0, 48, 1, 84, 68, 64, 24, 139, 64, 80, 228, 79,
       16, 36, 24, 4, 112, 24, 140, 9, 16, 114, 51, 188, 72, 87, 32, 248,
       61, 62, 253, 182, 63, 255, 191, 124, 254, 252, 222, 55, 253, 127,
       187, 213, 251, 245, 99, 98, 245, 119, 211, 118, 221, 255, 245,
       191, 122, 95, 119, 235, 223, 44, 87, 190, 210, 120, 233, 125, 124,
       93, 122, 47, 213, 53, 245, 111, 153, 172, 24, 13, 240, 29, 156,
       73, 56, 242, 51, 189, 90, 87, 36, 250, 83, 17, 211, 150, 2, 2, 25,
       14, 230, 132, 21, 17, 63, 235, 146, 82, 238, 215, 32, 103, 66, 45,
       225, 39, 78, 138, 176, 13, 82, 8, 16, 41, 214, 36, 20, 186, 82,
       120, 65, 84, 80, 72, 56, 15, 201, 20, 193, 110, 153, 172, 24, 5,
       240, 24, 156, 73, 16, 242, 51, 189, 88, 87, 32, 250 ]
