%YAML:1.0
descriptors: !!opencv-matrix
   rows: 22
   cols: 64
   dt: u
   data: [ 133, 14, 71, 133, 249, 216, 161, 216, 40, 253, 10, 71, 131,
       93, 235, 165, 235, 213, 45, 99, 196, 4, 142, 112, 79, 223, 25, 34,
       148, 10, 51, 95, 87, 37, 85, 186, 80, 122, 233, 52, 241, 84, 56,
       63, 205, 6, 252, 225, 137, 173, 24, 5, 240, 31, 140, 73, 16, 240,
       51, 189, 72, 87, 32, 250, 0, 6, 0, 0, 9, 134, 2, 77, 164, 2, 2, 4,
       0, 9, 33, 5, 0, 32, 1, 64, 192, 34, 24, 96, 80, 128, 12, 4, 16,
       136, 1, 64, 69, 4, 67, 170, 0, 32, 1, 8, 0, 0, 16, 130, 64, 64,
       128, 75, 17, 44, 24, 0, 48, 24, 156, 0, 16, 98, 51, 180, 8, 23,
       32, 104, 2, 1, 8, 138, 3, 80, 0, 6, 2, 66, 1, 4, 16, 0, 41, 162,
       13, 16, 0, 148, 2, 144, 132, 0, 0, 129, 8, 0, 17, 0, 16, 1, 48,
       20, 145, 8, 2, 66, 2, 0, 160, 161, 20, 8, 22, 156, 96, 140, 83, 8,
       22, 4, 11, 1, 224, 138, 145, 64, 40, 48, 5, 16, 2, 161, 1, 70, 0,
       8, 136, 24, 6, 1, 32, 66, 42, 4, 0, 37, 109, 33, 0, 32, 129, 32,
       64, 64, 24, 64, 64, 4, 8, 0, 128, 0, 9, 1, 48, 0, 83, 0, 0, 66, 5,
       0, 166, 18, 8, 129, 4, 194, 100, 64, 0, 1, 16, 4, 1, 1, 3, 8, 16,
       64, 10, 36, 64, 66, 98, 32, 1, 3, 0, 2, 0, 8, 0, 0, 34, 0, 6, 4,
       0, 113, 8, 0, 66, 64, 1, 32, 64, 32, 0, 98, 8, 128, 0, 8, 160, 8,
       1, 1, 16, 36, 80, 154, 0, 66, 1, 128, 132, 16, 24, 6, 64, 130,
       192, 78, 0, 36, 1, 4, 48, 24, 139, 9, 0, 98, 2, 180, 64, 6, 36,
       249, 1, 7, 0, 130, 0, 8, 4, 2, 34, 64, 42, 4, 0, 37, 76, 33, 66,
       32, 1, 96, 64, 32, 0, 2, 64, 128, 0, 8, 128, 8, 8, 1, 144, 4, 81,
       138, 0, 66, 1, 136, 134, 16, 24, 129, 68, 18, 100, 76, 0, 36, 16,
       4, 32, 24, 131, 9, 0, 96, 0, 180, 72, 70, 32, 104, 66, 1, 8, 154,
       3, 2, 4, 15, 6, 98, 1, 0, 16, 130, 36, 23, 68, 18, 0, 212, 10,
       176, 192, 3, 4, 128, 128, 9, 18, 40, 24, 1, 32, 4, 18, 170, 2, 64,
       1, 192, 2, 194, 20, 8, 16, 20, 64, 78, 17, 40, 16, 4, 34, 24, 244,
       9, 144, 34, 43, 152, 8, 18, 34, 225, 2, 2, 129, 144, 8, 134, 0,
       79, 132, 34, 3, 6, 145, 0, 19, 6, 66, 85, 1, 64, 192, 39, 194, 67,
       28, 128, 132, 13, 2, 136, 49, 72, 71, 36, 70, 186, 0, 40, 1, 68,
       0, 64, 16, 136, 64, 20, 129, 79, 17, 36, 24, 0, 34, 24, 156, 1, 0,
       98, 19, 184, 72, 70, 32, 240, 3, 1, 0, 2, 0, 130, 4, 2, 2, 0, 1,
       2, 128, 128, 0, 2, 64, 65, 0, 64, 128, 6, 192, 67, 76, 128, 132,
       13, 2, 8, 0, 64, 18, 36, 68, 186, 0, 40, 1, 68, 0, 64, 24, 11,
       192, 20, 164, 79, 17, 164, 16, 4, 112, 24, 156, 9, 16, 114, 51,
       184, 72, 86, 32, 234, 4, 10, 111, 201, 34, 93, 129, 229, 45, 246,
       11, 148, 25, 60, 249, 230, 139, 212, 65, 106, 92, 176, 196, 48,
       93, 133, 132, 0, 21, 138, 27, 91, 240, 36, 85, 186, 82, 122, 201,
       116, 176, 92, 56, 62, 84, 134, 192, 108, 153, 173, 28, 5, 176, 29,
       157, 73, 16, 226, 51, 188, 88, 86, 34, 250, 69, 35, 65, 160, 16,
       2, 33, 78, 128, 64, 2, 52, 65, 130, 131, 67, 66, 84, 1, 100, 1,
       128, 132, 32, 14, 136, 8, 9, 146, 8, 48, 9, 112, 36, 84, 186, 0,
       114, 5, 212, 128, 64, 24, 10, 64, 12, 64, 204, 9, 36, 80, 4, 64,
       26, 133, 9, 144, 96, 33, 188, 76, 6, 32, 240, 7, 2, 64, 130, 217,
       128, 3, 72, 2, 64, 2, 51, 160, 11, 128, 81, 98, 84, 5, 0, 73, 0,
       137, 96, 6, 128, 40, 9, 146, 8, 1, 9, 112, 36, 20, 154, 0, 112, 5,
       212, 1, 64, 24, 10, 64, 4, 200, 132, 0, 36, 16, 4, 32, 26, 140, 9,
       16, 48, 32, 28, 72, 6, 32, 176, 5, 35, 65, 130, 209, 2, 3, 72,
       130, 0, 3, 52, 1, 3, 128, 65, 66, 84, 1, 100, 1, 128, 128, 32, 14,
       128, 8, 9, 146, 8, 16, 9, 80, 36, 84, 154, 0, 114, 5, 212, 128,
       64, 24, 10, 64, 12, 64, 132, 1, 36, 80, 4, 32, 24, 132, 9, 16, 96,
       33, 28, 72, 6, 32, 241, 63, 182, 125, 255, 63, 189, 255, 121, 255,
       255, 253, 249, 253, 122, 189, 85, 255, 255, 99, 123, 245, 114,
       211, 255, 253, 255, 229, 255, 126, 95, 245, 239, 223, 44, 215,
       190, 223, 120, 233, 117, 120, 93, 123, 47, 213, 53, 247, 111, 153,
       172, 24, 5, 240, 29, 156, 73, 16, 242, 51, 189, 250, 95, 40, 250,
       60, 185, 255, 252, 54, 255, 253, 127, 247, 254, 213, 241, 95, 254,
       189, 94, 255, 222, 227, 107, 245, 125, 208, 243, 253, 255, 247,
       255, 121, 255, 245, 235, 223, 52, 119, 190, 223, 120, 249, 125,
       120, 93, 255, 47, 247, 53, 247, 111, 155, 174, 153, 79, 240, 29,
       156, 93, 20, 243, 115, 255, 123, 223, 40, 250, 61, 254, 125, 239,
       63, 253, 253, 120, 255, 255, 222, 249, 253, 127, 252, 85, 255,
       255, 227, 251, 245, 118, 211, 255, 249, 127, 245, 255, 126, 223,
       245, 239, 223, 108, 215, 182, 255, 121, 249, 125, 124, 93, 123,
       47, 213, 181, 247, 111, 187, 190, 153, 13, 240, 29, 158, 93, 54,
       242, 247, 189, 251, 223, 44, 254, 63, 255, 253, 254, 62, 189, 253,
       123, 255, 254, 245, 249, 255, 123, 188, 94, 246, 254, 99, 107,
       245, 126, 211, 255, 221, 190, 231, 251, 126, 223, 245, 239, 199,
       44, 85, 190, 223, 120, 249, 125, 120, 93, 251, 175, 212, 53, 247,
       111, 153, 172, 24, 15, 240, 29, 156, 73, 16, 242, 115, 191, 122,
       87, 40, 250, 63, 191, 253, 254, 63, 253, 249, 123, 247, 252, 222,
       245, 125, 127, 249, 117, 246, 254, 99, 115, 245, 110, 209, 119,
       221, 190, 229, 223, 126, 95, 245, 235, 215, 44, 87, 190, 223, 122,
       249, 125, 120, 93, 58, 47, 212, 53, 247, 111, 153, 172, 24, 13,
       240, 29, 156, 73, 48, 242, 51, 189, 90, 87, 32, 250, 5, 34, 65, 0,
       216, 0, 3, 72, 0, 0, 2, 54, 0, 3, 128, 65, 66, 68, 1, 100, 72,
       128, 136, 32, 14, 128, 8, 1, 146, 8, 16, 9, 112, 38, 84, 154, 0,
       114, 5, 148, 129, 64, 24, 2, 64, 12, 72, 128, 0, 36, 80, 36, 1,
       26, 133, 10, 16, 96, 32, 60, 76, 70, 32, 177, 62, 177, 253, 190,
       55, 181, 253, 127, 119, 222, 213, 241, 125, 127, 177, 86, 250,
       222, 97, 243, 245, 116, 193, 243, 221, 186, 224, 223, 122, 220,
       245, 235, 223, 36, 87, 186, 219, 120, 249, 125, 112, 93, 61, 47,
       212, 21, 247, 111, 153, 172, 24, 5, 240, 29, 156, 73, 24, 242, 51,
       189, 88, 87, 32, 250, 63, 182, 253, 238, 63, 253, 189, 124, 255,
       254, 214, 245, 253, 63, 185, 85, 255, 254, 195, 123, 245, 118,
       211, 247, 253, 186, 228, 251, 126, 221, 245, 235, 223, 108, 87,
       190, 255, 122, 233, 125, 124, 93, 123, 47, 212, 53, 247, 111, 185,
       172, 24, 13, 240, 29, 156, 77, 52, 242, 55, 189, 250, 215, 40,
       250, 61, 246, 125, 236, 63, 189, 253, 121, 255, 252, 214, 253,
       253, 127, 252, 85, 250, 252, 67, 251, 245, 114, 211, 247, 253, 62,
       245, 251, 126, 95, 245, 235, 223, 108, 87, 190, 222, 120, 249,
       125, 124, 93, 123, 175, 213, 53, 247, 111, 185, 172, 24, 13, 240,
       29, 156, 73, 52, 242, 119, 189, 250, 215, 40, 250 ]
