%YAML:1.0
descriptors: !!opencv-matrix
   rows: 10
   cols: 64
   dt: u
   data: [ 63, 245, 125, 252, 63, 189, 95, 121, 255, 127, 245, 250, 253,
       122, 180, 87, 242, 245, 103, 115, 245, 114, 210, 118, 221, 255,
       247, 123, 122, 254, 117, 235, 215, 44, 87, 190, 218, 120, 249,
       125, 120, 95, 125, 47, 213, 20, 245, 111, 153, 172, 24, 5, 242,
       29, 156, 73, 16, 242, 51, 189, 88, 215, 40, 250, 60, 253, 255,
       254, 62, 127, 253, 127, 245, 252, 252, 245, 127, 255, 191, 238,
       251, 252, 99, 107, 245, 127, 209, 247, 253, 239, 183, 155, 123,
       223, 127, 235, 223, 108, 87, 190, 223, 120, 249, 125, 122, 223,
       123, 47, 213, 53, 247, 111, 185, 172, 152, 13, 240, 29, 156, 93,
       56, 242, 123, 189, 91, 87, 42, 250, 62, 49, 253, 254, 63, 55, 125,
       127, 119, 254, 221, 177, 125, 254, 182, 94, 251, 214, 97, 243,
       245, 117, 193, 247, 220, 255, 240, 159, 90, 220, 245, 235, 223,
       36, 87, 186, 91, 120, 233, 124, 112, 93, 60, 47, 213, 21, 247,
       111, 153, 172, 24, 5, 242, 29, 156, 89, 16, 242, 51, 189, 88, 87,
       32, 250, 63, 246, 125, 253, 255, 253, 191, 120, 253, 125, 254,
       123, 253, 123, 252, 85, 251, 253, 103, 114, 245, 98, 147, 118,
       221, 255, 245, 191, 254, 223, 119, 235, 223, 44, 87, 190, 210,
       120, 233, 125, 124, 93, 58, 47, 213, 53, 247, 111, 153, 172, 24,
       13, 240, 29, 156, 73, 48, 242, 51, 189, 90, 87, 32, 250, 4, 33,
       193, 144, 16, 2, 1, 78, 0, 6, 3, 52, 81, 130, 145, 66, 194, 84, 1,
       100, 1, 128, 196, 3, 12, 128, 160, 9, 18, 8, 48, 9, 112, 36, 20,
       186, 0, 112, 1, 84, 128, 64, 16, 10, 64, 20, 64, 76, 25, 44, 16,
       4, 32, 24, 148, 73, 144, 98, 33, 184, 72, 6, 32, 241, 61, 181,
       255, 246, 63, 55, 249, 255, 214, 254, 213, 241, 127, 250, 179, 94,
       250, 223, 99, 99, 245, 47, 199, 247, 205, 170, 246, 207, 82, 76,
       245, 235, 255, 36, 84, 190, 87, 120, 233, 116, 120, 92, 57, 46,
       209, 53, 211, 111, 153, 172, 24, 5, 240, 29, 156, 73, 16, 242, 51,
       189, 88, 87, 32, 251, 191, 54, 125, 247, 255, 189, 251, 248, 252,
       255, 214, 119, 237, 127, 219, 117, 242, 213, 7, 99, 229, 41, 195,
       126, 205, 250, 242, 191, 222, 31, 115, 255, 247, 36, 85, 190, 86,
       122, 233, 117, 216, 92, 27, 14, 209, 7, 243, 111, 153, 172, 24, 5,
       240, 29, 157, 73, 16, 242, 51, 189, 88, 87, 32, 250, 35, 6, 64, 2,
       153, 128, 1, 72, 162, 0, 0, 48, 160, 11, 128, 5, 98, 116, 1, 96,
       192, 2, 129, 100, 68, 144, 32, 9, 146, 8, 1, 9, 84, 36, 84, 154,
       64, 48, 1, 84, 0, 66, 24, 139, 64, 16, 192, 69, 16, 36, 16, 4, 32,
       24, 140, 73, 16, 114, 51, 156, 72, 87, 32, 249, 30, 177, 221, 190,
       55, 107, 176, 95, 246, 152, 214, 181, 125, 86, 191, 83, 255, 223,
       35, 243, 197, 39, 195, 119, 205, 219, 244, 205, 82, 78, 183, 232,
       215, 44, 87, 190, 91, 120, 233, 116, 120, 93, 56, 47, 213, 85,
       247, 111, 153, 172, 24, 5, 240, 29, 156, 73, 16, 242, 51, 189, 88,
       87, 32, 250, 191, 245, 125, 255, 63, 189, 255, 120, 255, 255, 253,
       250, 253, 122, 244, 95, 246, 247, 103, 123, 253, 119, 211, 118,
       221, 255, 247, 255, 123, 255, 247, 235, 215, 44, 86, 190, 218,
       120, 249, 253, 122, 95, 125, 47, 209, 21, 245, 111, 153, 172, 24,
       5, 240, 29, 156, 77, 16, 242, 51, 189, 123, 215, 42, 251 ]
