%YAML:1.0
descriptors: !!opencv-matrix
   rows: 10
   cols: 64
   dt: u
   data: [ 63, 246, 125, 190, 191, 189, 191, 121, 255, 126, 253, 187,
       253, 123, 189, 85, 251, 246, 99, 114, 245, 114, 211, 118, 221,
       255, 245, 187, 123, 223, 245, 235, 215, 44, 87, 190, 210, 120,
       233, 125, 120, 95, 121, 47, 213, 53, 245, 111, 153, 172, 24, 13,
       240, 29, 156, 89, 48, 242, 51, 189, 90, 215, 40, 250, 63, 247,
       125, 252, 63, 189, 95, 121, 255, 127, 253, 250, 253, 122, 244, 87,
       242, 245, 71, 115, 245, 114, 211, 118, 221, 255, 247, 123, 122,
       254, 245, 235, 215, 44, 87, 190, 218, 120, 249, 125, 120, 95, 125,
       47, 213, 20, 245, 111, 153, 172, 24, 5, 242, 29, 156, 73, 16, 242,
       51, 189, 88, 215, 40, 250, 60, 190, 255, 254, 62, 127, 249, 127,
       245, 252, 254, 245, 127, 127, 187, 254, 251, 252, 227, 107, 245,
       127, 223, 255, 253, 239, 228, 155, 127, 223, 127, 239, 223, 108,
       87, 190, 215, 122, 249, 125, 124, 93, 251, 175, 212, 183, 247,
       111, 185, 172, 153, 13, 240, 29, 156, 93, 60, 242, 123, 189, 251,
       95, 40, 254, 62, 49, 253, 254, 63, 55, 125, 127, 247, 254, 221,
       177, 125, 254, 182, 94, 255, 222, 99, 243, 245, 117, 193, 247,
       220, 255, 240, 223, 122, 220, 245, 235, 223, 44, 87, 190, 91, 120,
       249, 124, 120, 93, 60, 47, 213, 53, 247, 111, 153, 172, 24, 5,
       240, 29, 156, 89, 16, 242, 51, 189, 88, 87, 32, 250, 4, 33, 193,
       144, 16, 2, 0, 71, 0, 2, 1, 52, 81, 130, 145, 66, 202, 84, 1, 100,
       1, 128, 196, 3, 12, 128, 128, 9, 2, 8, 48, 8, 112, 36, 20, 186, 0,
       112, 1, 84, 128, 64, 20, 10, 64, 20, 64, 76, 25, 44, 16, 4, 48,
       24, 148, 9, 144, 98, 33, 184, 72, 6, 32, 241, 189, 185, 255, 247,
       62, 119, 249, 254, 244, 252, 214, 245, 127, 251, 187, 254, 251,
       221, 99, 99, 245, 45, 231, 119, 237, 235, 182, 159, 122, 77, 119,
       239, 247, 36, 85, 186, 87, 122, 249, 117, 216, 93, 187, 46, 209,
       23, 211, 111, 153, 172, 24, 5, 240, 29, 156, 73, 16, 242, 51, 189,
       88, 87, 32, 250, 191, 54, 125, 247, 255, 189, 251, 248, 254, 253,
       214, 119, 237, 127, 218, 85, 242, 213, 7, 115, 229, 41, 195, 126,
       205, 250, 242, 191, 222, 95, 115, 255, 215, 36, 85, 190, 86, 122,
       233, 117, 216, 92, 27, 14, 209, 5, 241, 111, 153, 172, 24, 5, 240,
       29, 157, 73, 16, 242, 51, 189, 88, 87, 32, 250, 35, 6, 64, 2, 153,
       128, 1, 72, 166, 64, 0, 48, 160, 11, 128, 69, 98, 116, 1, 96, 192,
       2, 129, 100, 68, 128, 32, 9, 146, 8, 1, 9, 84, 36, 84, 154, 64,
       48, 1, 84, 0, 66, 24, 139, 64, 16, 192, 69, 16, 36, 16, 4, 32, 24,
       140, 73, 16, 114, 51, 156, 72, 87, 32, 249, 252, 191, 255, 253,
       54, 127, 249, 255, 253, 252, 222, 247, 127, 254, 251, 254, 251,
       253, 251, 107, 245, 255, 246, 183, 255, 239, 246, 155, 127, 223,
       126, 255, 255, 111, 119, 254, 214, 122, 249, 125, 254, 93, 251,
       62, 221, 167, 243, 111, 189, 173, 223, 141, 242, 31, 159, 93, 52,
       246, 123, 255, 251, 159, 46, 250, 191, 245, 125, 255, 63, 189,
       255, 120, 255, 255, 253, 251, 253, 122, 244, 95, 246, 247, 119,
       123, 253, 119, 211, 118, 253, 255, 247, 255, 123, 255, 247, 235,
       215, 44, 86, 190, 218, 121, 249, 253, 122, 223, 121, 47, 213, 21,
       245, 111, 153, 172, 24, 5, 248, 29, 156, 77, 16, 242, 51, 189,
       123, 215, 42, 251 ]
