%YAML:1.0
descriptors: !!opencv-matrix
   rows: 17
   cols: 64
   dt: u
   data: [ 64, 3, 130, 18, 0, 2, 0, 7, 0, 0, 2, 4, 0, 196, 3, 2, 72, 1,
       1, 132, 192, 5, 66, 131, 18, 0, 148, 4, 0, 136, 0, 64, 7, 6, 65,
       170, 16, 8, 5, 72, 32, 32, 16, 130, 69, 80, 1, 206, 17, 44, 8, 0,
       48, 24, 24, 0, 0, 98, 19, 177, 8, 81, 0, 74, 131, 1, 0, 2, 205,
       128, 2, 8, 34, 1, 0, 67, 160, 67, 2, 17, 100, 35, 5, 212, 64, 39,
       3, 66, 6, 138, 96, 13, 146, 8, 1, 0, 22, 38, 20, 186, 2, 32, 1,
       196, 65, 66, 24, 11, 192, 80, 129, 79, 17, 36, 24, 4, 112, 24,
       156, 73, 16, 50, 51, 149, 24, 87, 32, 105, 3, 135, 128, 18, 9,
       138, 6, 6, 2, 33, 1, 192, 146, 98, 4, 2, 8, 1, 32, 209, 194, 37,
       67, 67, 64, 83, 145, 46, 0, 8, 1, 64, 151, 38, 64, 170, 0, 8, 107,
       98, 96, 56, 56, 41, 213, 84, 181, 111, 17, 172, 24, 4, 240, 25,
       152, 9, 16, 242, 51, 181, 24, 83, 32, 74, 195, 0, 0, 54, 201, 130,
       2, 8, 2, 41, 0, 67, 162, 195, 128, 17, 98, 5, 5, 68, 200, 173,
       170, 104, 6, 138, 40, 15, 146, 8, 33, 77, 83, 167, 52, 187, 0, 32,
       5, 198, 193, 66, 24, 10, 73, 24, 200, 213, 8, 36, 88, 4, 97, 26,
       140, 203, 16, 56, 35, 156, 8, 70, 48, 121, 246, 49, 243, 151, 246,
       71, 91, 239, 198, 231, 209, 54, 247, 194, 147, 82, 250, 213, 51,
       103, 75, 173, 231, 54, 206, 203, 254, 47, 210, 8, 114, 59, 115,
       37, 20, 191, 82, 116, 193, 212, 80, 72, 25, 14, 201, 28, 193, 30,
       153, 172, 24, 5, 240, 30, 156, 73, 16, 242, 49, 189, 92, 86, 32,
       248, 94, 50, 113, 161, 252, 176, 175, 88, 192, 63, 211, 118, 205,
       5, 145, 81, 226, 205, 11, 96, 201, 37, 130, 120, 76, 220, 184,
       175, 214, 14, 49, 251, 87, 36, 93, 187, 82, 120, 41, 86, 96, 64,
       24, 14, 197, 12, 244, 29, 152, 172, 24, 5, 240, 28, 156, 73, 16,
       242, 51, 157, 88, 87, 32, 242, 255, 49, 223, 246, 118, 35, 127,
       254, 214, 253, 245, 179, 127, 234, 146, 90, 250, 215, 53, 103,
       237, 173, 231, 55, 206, 203, 243, 47, 82, 8, 114, 235, 243, 36,
       20, 186, 82, 120, 225, 244, 80, 94, 56, 47, 209, 20, 193, 111,
       153, 172, 24, 5, 240, 29, 156, 73, 16, 242, 51, 189, 88, 86, 32,
       251, 252, 249, 255, 255, 118, 127, 121, 255, 255, 255, 255, 191,
       127, 254, 255, 254, 251, 213, 123, 111, 125, 255, 247, 55, 223,
       255, 247, 191, 251, 223, 126, 251, 243, 44, 87, 254, 214, 123,
       249, 124, 250, 93, 253, 63, 213, 55, 245, 110, 157, 172, 26, 5,
       242, 29, 157, 93, 16, 246, 123, 189, 91, 86, 42, 251, 60, 187,
       247, 182, 59, 111, 161, 127, 116, 124, 198, 117, 125, 126, 187,
       84, 251, 221, 225, 98, 245, 37, 195, 115, 79, 250, 176, 143, 122,
       78, 115, 235, 215, 36, 85, 186, 83, 120, 233, 116, 112, 93, 56,
       47, 213, 21, 247, 111, 153, 172, 24, 5, 240, 29, 156, 73, 16, 242,
       51, 189, 88, 87, 32, 250, 63, 246, 125, 252, 63, 189, 63, 121,
       253, 126, 253, 251, 253, 123, 252, 253, 243, 253, 103, 115, 245,
       114, 208, 118, 221, 255, 245, 187, 123, 223, 119, 235, 215, 108,
       87, 190, 218, 120, 249, 125, 126, 95, 58, 47, 213, 55, 245, 111,
       153, 172, 24, 13, 240, 29, 157, 73, 24, 242, 51, 189, 90, 215, 42,
       251, 252, 177, 255, 246, 54, 39, 249, 254, 214, 223, 213, 243,
       255, 234, 146, 94, 242, 213, 39, 103, 103, 175, 227, 119, 206,
       138, 182, 143, 82, 12, 116, 235, 215, 36, 20, 190, 82, 120, 225,
       244, 88, 94, 57, 47, 209, 20, 209, 111, 153, 172, 24, 5, 240, 29,
       156, 73, 16, 242, 51, 189, 88, 87, 32, 251, 126, 177, 251, 254,
       55, 103, 125, 111, 215, 206, 213, 178, 127, 238, 182, 94, 255,
       215, 99, 103, 103, 191, 193, 119, 205, 223, 247, 109, 82, 156,
       246, 233, 215, 36, 21, 190, 82, 120, 233, 116, 112, 92, 181, 47,
       213, 20, 245, 110, 153, 172, 24, 5, 240, 29, 156, 73, 16, 242, 51,
       189, 88, 87, 32, 250, 61, 178, 247, 247, 254, 119, 187, 252, 254,
       252, 214, 117, 125, 127, 155, 244, 250, 212, 67, 98, 245, 41, 199,
       126, 205, 170, 244, 155, 222, 77, 119, 239, 247, 36, 85, 190, 86,
       114, 233, 116, 216, 92, 27, 14, 213, 23, 241, 111, 153, 172, 24,
       5, 240, 29, 156, 73, 16, 242, 51, 189, 88, 87, 32, 250, 60, 177,
       253, 254, 55, 127, 253, 126, 247, 252, 212, 245, 125, 126, 190,
       94, 251, 222, 99, 99, 245, 63, 193, 247, 221, 255, 244, 223, 122,
       222, 247, 235, 223, 36, 87, 190, 87, 120, 233, 124, 120, 93, 60,
       47, 213, 53, 247, 111, 153, 172, 24, 5, 240, 29, 156, 73, 16, 242,
       51, 189, 88, 87, 32, 250, 3, 6, 64, 2, 29, 128, 5, 72, 34, 0, 2,
       32, 32, 75, 160, 21, 98, 116, 1, 64, 193, 34, 145, 98, 68, 128,
       32, 9, 18, 8, 1, 65, 86, 36, 84, 186, 0, 112, 1, 84, 64, 64, 24,
       11, 64, 64, 192, 79, 16, 44, 24, 4, 112, 24, 156, 65, 16, 50, 51,
       156, 72, 87, 32, 120, 63, 183, 253, 252, 63, 253, 125, 127, 247,
       254, 223, 176, 125, 127, 191, 215, 255, 246, 99, 114, 245, 115,
       211, 247, 221, 255, 245, 255, 122, 94, 247, 235, 223, 44, 87, 190,
       218, 120, 233, 125, 120, 93, 56, 47, 213, 53, 245, 111, 153, 172,
       24, 5, 240, 29, 156, 73, 16, 242, 51, 189, 88, 87, 32, 250, 83,
       17, 145, 150, 16, 2, 17, 78, 198, 4, 21, 17, 51, 202, 146, 82,
       234, 215, 33, 103, 66, 45, 225, 39, 78, 138, 176, 13, 82, 8, 16,
       41, 214, 36, 20, 186, 82, 120, 65, 116, 80, 72, 56, 15, 193, 20,
       225, 110, 153, 172, 24, 5, 240, 24, 156, 73, 16, 242, 51, 189, 88,
       87, 32, 250 ]
