%YAML:1.0
descriptors: !!opencv-matrix
   rows: 20
   cols: 64
   dt: u
   data: [ 163, 212, 108, 138, 223, 28, 21, 24, 183, 85, 44, 202, 175,
       123, 116, 77, 227, 244, 37, 113, 240, 70, 184, 116, 118, 255, 9,
       59, 255, 27, 81, 105, 212, 108, 22, 250, 66, 113, 41, 252, 114,
       222, 56, 175, 208, 80, 244, 77, 153, 173, 26, 12, 248, 29, 142,
       73, 56, 242, 51, 188, 88, 215, 38, 249, 133, 14, 71, 197, 249,
       216, 161, 216, 40, 253, 10, 71, 131, 93, 235, 165, 235, 245, 45,
       99, 196, 4, 142, 112, 79, 223, 25, 34, 148, 10, 51, 95, 87, 37,
       85, 186, 80, 122, 233, 52, 241, 84, 56, 63, 205, 6, 252, 225, 137,
       173, 24, 5, 240, 31, 140, 73, 16, 240, 51, 189, 72, 87, 32, 250,
       2, 1, 8, 138, 3, 80, 0, 6, 0, 66, 1, 4, 16, 128, 45, 162, 13, 16,
       0, 132, 2, 144, 132, 0, 0, 1, 8, 0, 17, 0, 16, 1, 48, 20, 145, 8,
       2, 66, 2, 0, 162, 161, 20, 8, 22, 156, 96, 140, 83, 8, 22, 4, 11,
       73, 224, 138, 145, 64, 40, 48, 1, 16, 66, 161, 1, 70, 0, 136, 128,
       24, 6, 64, 32, 66, 42, 0, 0, 53, 109, 33, 0, 32, 129, 32, 64, 64,
       24, 96, 64, 4, 9, 0, 160, 0, 9, 17, 48, 0, 83, 0, 0, 66, 5, 8,
       166, 18, 8, 128, 4, 194, 68, 192, 0, 1, 16, 36, 1, 1, 131, 8, 16,
       64, 8, 36, 64, 66, 66, 32, 1, 3, 0, 2, 128, 8, 0, 0, 34, 0, 6, 4,
       0, 113, 8, 0, 68, 64, 1, 32, 64, 32, 0, 98, 8, 128, 0, 8, 160, 8,
       1, 1, 16, 36, 80, 138, 0, 66, 1, 128, 132, 16, 24, 2, 64, 2, 192,
       76, 1, 36, 1, 4, 48, 24, 131, 9, 0, 98, 2, 180, 64, 6, 32, 249, 1,
       7, 0, 0, 0, 8, 4, 66, 34, 64, 10, 4, 0, 37, 76, 32, 66, 0, 1, 32,
       64, 0, 0, 2, 64, 128, 0, 0, 128, 8, 8, 1, 16, 4, 81, 138, 0, 2, 1,
       136, 132, 16, 24, 131, 68, 18, 100, 76, 0, 36, 16, 4, 32, 24, 131,
       9, 0, 96, 2, 180, 64, 70, 32, 104, 2, 2, 129, 144, 8, 134, 0, 79,
       132, 34, 3, 6, 145, 0, 19, 6, 66, 85, 1, 64, 192, 39, 194, 67, 28,
       128, 132, 13, 18, 136, 49, 72, 71, 36, 70, 186, 0, 40, 1, 68, 0,
       64, 16, 136, 64, 20, 129, 79, 16, 44, 24, 0, 34, 24, 156, 1, 0,
       98, 19, 184, 72, 70, 32, 240, 131, 1, 128, 18, 1, 64, 0, 6, 2, 35,
       3, 66, 2, 131, 2, 2, 72, 0, 36, 65, 10, 164, 226, 2, 76, 147, 145,
       43, 18, 8, 2, 72, 87, 36, 84, 186, 2, 104, 97, 86, 96, 64, 56, 41,
       145, 20, 245, 110, 17, 172, 24, 5, 112, 25, 148, 73, 16, 114, 49,
       189, 72, 87, 32, 250, 68, 35, 65, 160, 16, 2, 33, 78, 128, 64, 2,
       52, 65, 130, 147, 67, 194, 84, 1, 100, 1, 128, 132, 32, 14, 136,
       8, 9, 146, 8, 48, 9, 112, 36, 84, 186, 0, 114, 5, 212, 128, 64,
       24, 10, 64, 14, 64, 204, 9, 36, 80, 4, 64, 30, 133, 9, 144, 96,
       33, 188, 76, 6, 32, 240, 7, 2, 64, 130, 217, 128, 3, 72, 2, 64, 2,
       51, 160, 10, 128, 81, 98, 84, 5, 0, 73, 0, 137, 96, 6, 136, 40, 9,
       146, 8, 1, 9, 112, 36, 20, 154, 0, 112, 5, 212, 1, 64, 24, 10, 64,
       4, 72, 132, 0, 36, 80, 4, 32, 26, 140, 9, 16, 48, 32, 28, 72, 6,
       32, 176, 5, 35, 65, 128, 209, 2, 3, 72, 130, 0, 2, 52, 1, 3, 128,
       64, 66, 68, 1, 100, 1, 128, 128, 32, 14, 128, 8, 9, 146, 8, 0, 9,
       112, 36, 84, 154, 0, 114, 5, 212, 128, 64, 24, 10, 64, 12, 64,
       132, 1, 36, 16, 4, 32, 24, 132, 9, 0, 96, 33, 156, 72, 6, 32, 241,
       63, 182, 125, 255, 63, 189, 255, 121, 255, 255, 253, 249, 253,
       122, 189, 85, 255, 255, 99, 123, 245, 114, 211, 255, 253, 255,
       229, 255, 126, 95, 245, 239, 223, 44, 215, 190, 223, 120, 233,
       117, 120, 93, 123, 47, 213, 53, 247, 111, 153, 172, 24, 5, 240,
       29, 156, 73, 16, 242, 51, 189, 218, 95, 40, 250, 60, 185, 255,
       252, 54, 255, 253, 119, 119, 254, 213, 241, 95, 254, 189, 94, 255,
       222, 227, 235, 245, 125, 209, 243, 253, 127, 247, 255, 121, 223,
       245, 235, 223, 52, 87, 190, 223, 120, 249, 125, 120, 93, 255, 47,
       247, 53, 247, 111, 155, 172, 153, 79, 240, 29, 156, 93, 54, 243,
       115, 255, 91, 223, 40, 250, 63, 254, 125, 239, 63, 253, 253, 120,
       255, 255, 222, 253, 253, 127, 252, 85, 255, 255, 227, 251, 245,
       118, 219, 255, 253, 255, 245, 255, 126, 215, 245, 239, 223, 104,
       215, 180, 255, 121, 249, 125, 124, 93, 123, 47, 213, 181, 247,
       111, 187, 190, 153, 13, 240, 29, 158, 93, 54, 242, 247, 189, 251,
       223, 44, 254, 63, 255, 253, 254, 62, 189, 253, 123, 255, 254, 213,
       249, 255, 123, 188, 94, 246, 254, 99, 251, 245, 126, 211, 255,
       221, 190, 231, 251, 126, 223, 245, 239, 199, 44, 85, 190, 223,
       120, 249, 125, 120, 92, 251, 175, 212, 53, 247, 111, 153, 172, 24,
       15, 240, 29, 156, 73, 16, 242, 115, 191, 122, 87, 40, 250, 63,
       191, 255, 254, 63, 253, 249, 123, 247, 252, 222, 245, 125, 127,
       249, 117, 246, 254, 99, 115, 245, 110, 209, 119, 221, 190, 229,
       223, 126, 95, 245, 235, 215, 44, 87, 190, 215, 122, 249, 125, 120,
       93, 58, 47, 212, 53, 247, 111, 153, 172, 24, 13, 240, 29, 156, 73,
       48, 242, 51, 189, 90, 87, 32, 250, 5, 34, 65, 0, 216, 0, 3, 72, 0,
       0, 2, 54, 0, 3, 128, 65, 66, 68, 1, 100, 72, 128, 136, 0, 14, 128,
       8, 1, 146, 8, 16, 9, 112, 39, 84, 154, 0, 114, 5, 148, 129, 96,
       24, 2, 64, 12, 72, 128, 0, 36, 80, 36, 1, 26, 133, 10, 16, 96, 32,
       60, 72, 6, 32, 176, 62, 177, 253, 190, 55, 181, 253, 126, 247,
       222, 213, 241, 125, 127, 177, 86, 254, 222, 99, 243, 245, 118,
       193, 247, 221, 186, 228, 223, 122, 220, 245, 235, 223, 44, 87,
       190, 223, 120, 249, 125, 120, 93, 61, 47, 212, 53, 247, 111, 153,
       172, 24, 5, 240, 29, 156, 73, 24, 242, 51, 189, 88, 87, 32, 250,
       61, 182, 253, 166, 63, 253, 189, 125, 255, 254, 214, 245, 253, 63,
       185, 85, 255, 254, 195, 123, 245, 118, 211, 255, 221, 190, 228,
       251, 126, 223, 245, 235, 223, 108, 87, 190, 247, 122, 233, 125,
       124, 93, 123, 47, 212, 53, 247, 111, 185, 172, 24, 13, 240, 29,
       156, 77, 54, 242, 55, 189, 218, 215, 40, 250, 61, 182, 125, 238,
       63, 189, 251, 121, 255, 253, 214, 253, 253, 127, 252, 85, 254,
       254, 67, 251, 245, 114, 211, 247, 253, 62, 245, 255, 126, 95, 245,
       235, 223, 108, 87, 190, 223, 120, 249, 125, 124, 93, 123, 175,
       213, 53, 247, 111, 185, 172, 24, 13, 240, 29, 156, 77, 52, 242,
       119, 189, 122, 215, 40, 250 ]
