%YAML:1.0
descriptors: !!opencv-matrix
   rows: 7
   cols: 64
   dt: u
   data: [ 63, 51, 125, 247, 191, 177, 191, 120, 246, 255, 241, 115, 237,
       75, 176, 85, 242, 215, 3, 115, 229, 34, 195, 126, 204, 138, 226,
       91, 82, 28, 245, 235, 247, 44, 84, 190, 82, 120, 225, 245, 88, 78,
       27, 14, 208, 21, 193, 79, 153, 172, 24, 5, 240, 29, 156, 73, 16,
       242, 51, 189, 88, 86, 32, 249, 63, 245, 125, 254, 63, 189, 95,
       121, 255, 127, 245, 250, 253, 122, 180, 87, 242, 247, 103, 115,
       247, 114, 211, 118, 221, 255, 247, 123, 122, 254, 245, 235, 215,
       44, 87, 190, 218, 120, 249, 125, 120, 95, 125, 47, 213, 20, 245,
       111, 153, 172, 24, 5, 242, 29, 156, 89, 16, 242, 51, 189, 88, 215,
       40, 250, 62, 49, 253, 190, 62, 127, 117, 127, 214, 124, 212, 177,
       125, 126, 188, 86, 255, 222, 99, 242, 245, 54, 193, 247, 220, 255,
       245, 207, 66, 222, 247, 235, 223, 44, 69, 190, 95, 120, 233, 124,
       120, 93, 48, 47, 213, 53, 247, 111, 153, 172, 25, 5, 240, 29, 156,
       73, 16, 242, 51, 189, 88, 87, 32, 250, 4, 33, 193, 144, 16, 2, 0,
       71, 0, 2, 3, 52, 81, 130, 147, 66, 202, 84, 1, 100, 1, 128, 196,
       3, 12, 128, 128, 9, 2, 8, 48, 8, 112, 36, 20, 186, 0, 112, 1, 84,
       128, 64, 16, 10, 64, 20, 64, 76, 25, 44, 16, 4, 48, 24, 148, 9,
       144, 98, 33, 184, 72, 6, 32, 241, 191, 54, 125, 247, 255, 181,
       251, 248, 254, 255, 214, 119, 237, 127, 211, 85, 242, 213, 7, 99,
       229, 41, 195, 126, 205, 250, 242, 191, 222, 31, 115, 255, 215, 36,
       85, 186, 86, 122, 233, 117, 208, 92, 27, 14, 209, 5, 241, 111,
       153, 172, 24, 5, 240, 29, 156, 73, 16, 242, 51, 189, 88, 87, 32,
       250, 35, 6, 64, 2, 153, 128, 1, 72, 166, 0, 0, 48, 160, 11, 128,
       5, 98, 116, 1, 96, 192, 2, 129, 100, 68, 128, 32, 9, 146, 8, 1, 9,
       84, 36, 84, 154, 64, 48, 1, 84, 0, 66, 24, 139, 64, 16, 192, 69,
       16, 36, 16, 4, 32, 24, 140, 9, 16, 114, 51, 156, 72, 87, 32, 249,
       191, 245, 125, 255, 63, 189, 255, 120, 255, 255, 253, 251, 253,
       122, 244, 95, 242, 247, 119, 123, 253, 119, 211, 118, 253, 255,
       247, 255, 123, 255, 247, 235, 215, 44, 86, 190, 218, 121, 249,
       253, 122, 223, 121, 47, 213, 21, 245, 111, 153, 172, 24, 5, 248,
       29, 156, 77, 16, 242, 51, 189, 123, 215, 42, 251 ]
