%YAML:1.0
descriptors: !!opencv-matrix
   rows: 9
   cols: 64
   dt: u
   data: [ 35, 4, 0, 2, 9, 128, 1, 8, 194, 0, 1, 0, 32, 10, 128, 21, 98,
       86, 0, 32, 192, 34, 129, 100, 76, 128, 32, 9, 18, 8, 17, 105, 148,
       36, 84, 154, 2, 80, 1, 84, 0, 64, 24, 11, 64, 20, 192, 77, 145,
       36, 16, 4, 48, 24, 156, 73, 16, 114, 50, 188, 88, 87, 32, 249, 61,
       182, 125, 254, 191, 189, 191, 120, 254, 124, 254, 123, 253, 127,
       189, 85, 243, 246, 67, 98, 245, 98, 211, 126, 221, 255, 245, 251,
       126, 223, 247, 239, 223, 44, 87, 190, 210, 120, 233, 125, 124, 93,
       122, 47, 212, 53, 245, 111, 153, 172, 24, 5, 240, 29, 156, 73, 48,
       242, 51, 189, 218, 87, 32, 250, 191, 182, 125, 247, 191, 189, 251,
       120, 254, 253, 215, 127, 237, 123, 240, 85, 242, 215, 71, 115,
       245, 34, 194, 126, 205, 186, 228, 251, 126, 89, 117, 255, 247, 44,
       84, 190, 86, 122, 233, 245, 216, 92, 91, 14, 208, 7, 209, 111,
       153, 172, 24, 5, 240, 29, 157, 73, 16, 242, 51, 189, 88, 87, 32,
       251, 61, 190, 253, 254, 63, 253, 245, 127, 247, 252, 214, 245,
       125, 127, 190, 220, 255, 254, 227, 99, 245, 111, 219, 247, 221,
       171, 228, 219, 126, 221, 245, 239, 223, 44, 87, 190, 215, 120,
       249, 124, 120, 93, 122, 175, 212, 53, 247, 111, 185, 172, 24, 13,
       240, 29, 156, 73, 16, 242, 115, 189, 90, 87, 40, 250, 63, 181,
       125, 182, 63, 189, 95, 121, 255, 255, 255, 250, 253, 126, 188, 87,
       251, 247, 67, 115, 245, 114, 211, 118, 221, 255, 245, 123, 122,
       223, 247, 235, 215, 44, 87, 190, 210, 120, 233, 125, 120, 93, 125,
       47, 213, 53, 245, 111, 153, 172, 24, 5, 240, 29, 156, 73, 24, 242,
       51, 189, 88, 215, 40, 250, 63, 245, 125, 255, 63, 181, 223, 121,
       255, 255, 253, 250, 253, 107, 180, 87, 246, 247, 103, 115, 253,
       118, 211, 126, 205, 255, 247, 127, 90, 127, 247, 235, 215, 44,
       215, 190, 210, 120, 249, 117, 122, 94, 57, 47, 213, 21, 245, 111,
       153, 172, 24, 5, 240, 29, 156, 73, 16, 242, 51, 189, 88, 87, 32,
       250, 191, 246, 125, 255, 191, 189, 255, 120, 255, 255, 253, 251,
       253, 122, 244, 95, 246, 247, 103, 115, 253, 119, 211, 118, 221,
       255, 245, 255, 123, 255, 247, 235, 215, 44, 86, 190, 210, 120,
       249, 125, 122, 95, 121, 47, 213, 21, 247, 111, 153, 172, 24, 5,
       240, 29, 156, 73, 16, 242, 51, 189, 88, 87, 34, 251, 68, 35, 193,
       128, 16, 2, 1, 78, 128, 66, 3, 52, 65, 130, 147, 66, 66, 84, 1,
       100, 0, 128, 196, 0, 12, 128, 136, 9, 18, 8, 48, 9, 112, 36, 20,
       186, 0, 112, 1, 212, 128, 64, 24, 10, 64, 4, 64, 204, 25, 44, 16,
       4, 32, 24, 132, 8, 128, 96, 33, 156, 72, 6, 32, 241, 7, 6, 64, 2,
       153, 128, 3, 72, 34, 0, 0, 114, 160, 11, 128, 17, 98, 84, 5, 96,
       65, 0, 136, 96, 76, 136, 40, 9, 146, 8, 1, 9, 16, 36, 20, 154, 0,
       112, 1, 212, 129, 66, 24, 10, 64, 16, 192, 68, 0, 36, 16, 4, 96,
       24, 140, 9, 16, 112, 34, 156, 72, 70, 32, 249 ]
