%YAML:1.0
descriptors: !!opencv-matrix
   rows: 18
   cols: 64
   dt: u
   data: [ 163, 196, 76, 138, 221, 12, 85, 72, 181, 85, 44, 235, 175,
       123, 228, 109, 227, 244, 37, 97, 192, 42, 184, 116, 102, 223, 1,
       43, 251, 11, 49, 109, 212, 38, 22, 250, 66, 113, 41, 252, 83, 222,
       56, 15, 208, 16, 252, 197, 137, 164, 90, 4, 248, 30, 142, 9, 24,
       240, 35, 188, 88, 87, 34, 249, 129, 6, 0, 2, 201, 136, 130, 72,
       32, 65, 2, 71, 130, 103, 128, 1, 106, 69, 5, 97, 192, 44, 168, 96,
       78, 158, 17, 35, 146, 10, 3, 77, 215, 38, 84, 186, 16, 120, 109,
       4, 65, 84, 24, 7, 193, 20, 252, 193, 9, 36, 24, 4, 240, 30, 140,
       9, 16, 112, 51, 189, 72, 87, 32, 250, 1, 6, 0, 8, 129, 0, 6, 0, 0,
       0, 42, 4, 0, 5, 9, 33, 68, 0, 1, 0, 64, 128, 8, 0, 64, 128, 8, 0,
       128, 0, 9, 0, 48, 4, 81, 136, 0, 2, 5, 128, 6, 0, 24, 0, 68, 18,
       68, 196, 0, 0, 80, 4, 0, 24, 4, 8, 136, 32, 0, 48, 0, 70, 34, 32,
       5, 6, 1, 0, 72, 130, 34, 78, 128, 32, 2, 4, 0, 1, 129, 0, 66, 4,
       129, 64, 192, 32, 8, 67, 76, 136, 8, 4, 0, 8, 1, 72, 69, 6, 84,
       186, 0, 160, 5, 4, 0, 32, 24, 130, 64, 0, 0, 195, 16, 36, 24, 0,
       33, 24, 12, 0, 0, 96, 3, 180, 72, 70, 32, 112, 2, 2, 128, 130,
       201, 130, 2, 5, 6, 2, 2, 6, 128, 66, 2, 0, 66, 17, 1, 64, 192, 37,
       194, 67, 6, 128, 40, 13, 18, 8, 1, 64, 87, 36, 84, 186, 0, 104, 1,
       68, 64, 64, 16, 10, 65, 20, 129, 79, 16, 44, 24, 4, 96, 24, 156,
       9, 0, 114, 51, 177, 8, 87, 32, 104, 65, 1, 1, 144, 0, 2, 0, 6, 2,
       6, 1, 4, 0, 193, 17, 2, 0, 64, 0, 100, 2, 160, 64, 3, 8, 128, 132,
       12, 0, 8, 16, 1, 112, 4, 16, 138, 0, 96, 2, 64, 0, 32, 28, 8, 0,
       28, 193, 14, 17, 32, 16, 4, 32, 24, 20, 10, 9, 34, 0, 16, 72, 4,
       34, 225, 1, 7, 0, 2, 0, 10, 0, 2, 34, 64, 3, 0, 0, 33, 0, 2, 68,
       32, 1, 68, 128, 32, 80, 3, 80, 0, 128, 12, 0, 8, 8, 65, 16, 4, 64,
       170, 0, 8, 1, 72, 4, 0, 24, 129, 0, 64, 100, 78, 16, 36, 0, 0, 34,
       24, 10, 9, 8, 98, 19, 180, 8, 66, 32, 72, 67, 2, 129, 146, 201,
       130, 6, 78, 0, 32, 0, 1, 130, 195, 130, 1, 106, 85, 1, 100, 200,
       133, 202, 43, 78, 200, 40, 15, 146, 8, 49, 79, 87, 39, 84, 187, 0,
       112, 37, 86, 64, 64, 24, 10, 73, 28, 65, 199, 25, 36, 24, 4, 113,
       24, 140, 73, 16, 112, 35, 189, 72, 86, 32, 248, 65, 1, 128, 16,
       64, 2, 2, 102, 2, 36, 1, 4, 0, 193, 19, 2, 64, 64, 0, 102, 10,
       161, 192, 131, 74, 0, 132, 12, 0, 8, 16, 1, 114, 38, 17, 170, 0,
       32, 3, 64, 16, 32, 24, 10, 64, 24, 193, 78, 17, 44, 16, 1, 48, 24,
       20, 65, 17, 98, 49, 177, 72, 70, 32, 224, 125, 63, 255, 253, 62,
       127, 241, 255, 253, 252, 222, 181, 127, 254, 251, 238, 251, 221,
       251, 107, 245, 253, 238, 191, 255, 235, 182, 151, 127, 223, 127,
       255, 255, 103, 117, 254, 215, 254, 249, 124, 252, 93, 251, 62,
       221, 167, 67, 239, 191, 173, 223, 221, 242, 31, 157, 77, 116, 246,
       123, 255, 219, 15, 47, 254, 35, 22, 64, 2, 157, 128, 7, 8, 102,
       64, 0, 112, 168, 11, 132, 85, 98, 116, 5, 112, 193, 2, 129, 100,
       68, 144, 40, 9, 146, 8, 1, 9, 148, 36, 84, 154, 66, 112, 1, 212,
       1, 66, 24, 11, 64, 16, 196, 69, 0, 36, 16, 4, 32, 24, 140, 73, 16,
       50, 50, 188, 88, 87, 32, 249, 35, 6, 64, 2, 157, 128, 3, 8, 98, 0,
       0, 112, 160, 11, 132, 21, 98, 116, 5, 64, 193, 2, 129, 100, 68,
       128, 40, 9, 146, 8, 1, 9, 16, 36, 84, 154, 64, 112, 1, 212, 4, 66,
       24, 11, 64, 16, 192, 77, 16, 36, 16, 4, 32, 24, 140, 73, 16, 50,
       50, 156, 88, 86, 32, 121, 71, 33, 65, 130, 16, 2, 1, 78, 130, 2,
       1, 48, 1, 131, 129, 66, 66, 68, 1, 100, 1, 128, 128, 32, 12, 128,
       168, 9, 146, 8, 48, 9, 112, 36, 20, 154, 0, 112, 1, 212, 128, 66,
       24, 10, 64, 28, 64, 204, 17, 36, 16, 4, 32, 24, 132, 9, 144, 96,
       33, 152, 72, 6, 32, 241, 124, 185, 255, 254, 55, 111, 125, 127,
       247, 244, 223, 183, 127, 254, 191, 126, 255, 223, 99, 103, 245,
       63, 211, 119, 223, 255, 241, 253, 82, 222, 246, 233, 223, 36, 87,
       190, 83, 120, 233, 116, 120, 93, 60, 47, 213, 21, 247, 111, 153,
       172, 24, 5, 240, 29, 156, 73, 16, 242, 51, 189, 88, 87, 32, 250,
       63, 244, 125, 190, 63, 189, 127, 120, 255, 126, 253, 251, 253,
       123, 252, 117, 243, 247, 99, 114, 245, 114, 211, 118, 221, 255,
       245, 187, 123, 91, 119, 235, 215, 44, 87, 190, 211, 120, 249, 125,
       122, 95, 58, 47, 213, 53, 245, 111, 153, 172, 24, 5, 240, 29, 156,
       73, 56, 242, 51, 189, 90, 215, 40, 250, 61, 190, 255, 252, 62,
       125, 253, 127, 255, 252, 254, 253, 127, 127, 255, 252, 255, 254,
       227, 107, 245, 127, 247, 255, 253, 111, 246, 251, 127, 223, 255,
       239, 207, 108, 87, 190, 223, 122, 249, 125, 126, 221, 255, 175,
       212, 183, 247, 111, 187, 172, 159, 15, 242, 29, 159, 93, 60, 242,
       127, 255, 251, 223, 44, 254, 62, 185, 253, 254, 54, 127, 125, 127,
       247, 252, 221, 241, 127, 254, 182, 94, 255, 223, 99, 243, 245, 63,
       193, 247, 221, 255, 245, 255, 122, 223, 247, 235, 223, 44, 87,
       190, 223, 120, 233, 124, 120, 221, 61, 47, 213, 53, 247, 111, 153,
       172, 153, 5, 240, 29, 156, 73, 16, 242, 51, 189, 88, 87, 32, 250,
       3, 6, 0, 2, 153, 128, 2, 8, 2, 0, 0, 0, 160, 11, 128, 17, 98, 86,
       5, 0, 192, 0, 136, 96, 76, 128, 40, 9, 146, 8, 1, 9, 16, 36, 84,
       154, 0, 112, 1, 214, 0, 64, 8, 11, 64, 20, 192, 5, 17, 36, 16, 4,
       32, 24, 140, 73, 16, 112, 34, 188, 72, 86, 32, 248 ]
