%YAML:1.0
descriptors: !!opencv-matrix
   rows: 22
   cols: 64
   dt: u
   data: [ 163, 196, 68, 142, 221, 12, 69, 72, 181, 85, 44, 235, 175,
       123, 228, 109, 227, 116, 37, 97, 192, 42, 184, 116, 102, 255, 1,
       35, 251, 11, 19, 109, 212, 38, 22, 250, 66, 113, 41, 252, 83, 222,
       56, 15, 216, 18, 252, 197, 137, 164, 90, 4, 248, 30, 142, 9, 24,
       240, 35, 188, 88, 87, 34, 249, 129, 6, 0, 2, 201, 128, 130, 72,
       32, 65, 2, 71, 130, 103, 128, 1, 106, 69, 5, 96, 192, 36, 136, 96,
       78, 158, 17, 35, 146, 10, 3, 77, 87, 38, 84, 186, 16, 120, 109, 4,
       65, 84, 24, 3, 193, 20, 252, 193, 9, 36, 24, 4, 240, 30, 140, 9,
       16, 112, 51, 189, 72, 87, 32, 250, 1, 6, 0, 8, 137, 0, 4, 64, 0,
       0, 42, 4, 0, 5, 9, 33, 64, 0, 1, 64, 64, 128, 8, 0, 66, 128, 8, 0,
       128, 0, 8, 1, 48, 4, 81, 136, 0, 2, 5, 128, 6, 0, 24, 0, 68, 18,
       68, 196, 0, 4, 80, 4, 0, 24, 4, 9, 128, 0, 0, 52, 0, 70, 34, 32,
       5, 6, 1, 0, 72, 130, 34, 78, 128, 32, 2, 4, 0, 65, 129, 0, 66, 4,
       129, 64, 192, 32, 8, 3, 76, 136, 8, 4, 0, 8, 1, 72, 85, 6, 80,
       186, 0, 160, 5, 4, 0, 32, 24, 130, 64, 0, 0, 195, 16, 36, 24, 0,
       33, 24, 12, 0, 0, 96, 3, 156, 72, 70, 32, 112, 2, 2, 128, 130,
       201, 130, 2, 5, 6, 2, 2, 6, 128, 66, 2, 1, 64, 17, 1, 64, 192, 37,
       194, 67, 6, 128, 168, 13, 18, 8, 1, 64, 87, 36, 84, 186, 0, 104,
       1, 68, 64, 64, 16, 8, 65, 20, 129, 79, 16, 36, 24, 4, 96, 24, 156,
       9, 16, 50, 51, 181, 8, 87, 32, 104, 131, 203, 66, 131, 221, 202,
       135, 200, 60, 217, 46, 203, 130, 95, 196, 173, 235, 213, 45, 103,
       196, 45, 174, 113, 79, 223, 57, 47, 215, 10, 51, 63, 215, 39, 84,
       186, 82, 120, 237, 244, 113, 92, 56, 47, 221, 22, 253, 231, 137,
       172, 24, 5, 240, 29, 141, 73, 16, 242, 51, 189, 88, 87, 32, 250,
       1, 3, 0, 16, 0, 2, 0, 6, 34, 0, 3, 4, 16, 113, 1, 2, 68, 0, 0,
       100, 2, 32, 0, 131, 8, 0, 128, 8, 32, 8, 0, 64, 16, 6, 80, 170, 0,
       66, 2, 64, 132, 0, 24, 2, 64, 4, 193, 78, 17, 36, 1, 4, 48, 24,
       17, 9, 9, 98, 3, 144, 72, 2, 32, 104, 1, 7, 0, 2, 0, 10, 0, 2, 34,
       0, 2, 0, 0, 33, 0, 2, 68, 32, 0, 4, 192, 32, 16, 3, 80, 0, 128,
       12, 0, 8, 8, 65, 16, 4, 64, 168, 0, 8, 1, 72, 4, 16, 24, 129, 64,
       64, 228, 78, 16, 36, 8, 0, 34, 24, 10, 9, 8, 98, 19, 180, 8, 66,
       32, 72, 66, 0, 129, 146, 200, 130, 6, 78, 0, 32, 0, 3, 130, 195,
       130, 1, 98, 85, 1, 100, 200, 133, 138, 43, 78, 200, 40, 15, 146,
       8, 49, 79, 87, 39, 84, 187, 0, 112, 37, 214, 64, 64, 24, 10, 73,
       28, 65, 199, 25, 36, 24, 4, 113, 24, 140, 73, 16, 112, 35, 188,
       72, 86, 32, 248, 66, 1, 131, 144, 64, 2, 10, 71, 2, 130, 3, 4, 16,
       192, 17, 2, 2, 85, 0, 70, 10, 165, 192, 3, 14, 128, 162, 13, 2, 8,
       16, 8, 82, 38, 85, 155, 0, 108, 67, 70, 32, 96, 16, 8, 3, 28, 193,
       14, 17, 44, 16, 5, 32, 24, 148, 75, 16, 98, 49, 189, 72, 84, 32,
       242, 65, 1, 128, 144, 64, 2, 2, 102, 2, 36, 1, 4, 0, 193, 19, 2,
       64, 64, 0, 102, 10, 161, 192, 131, 74, 0, 132, 12, 0, 8, 16, 1,
       114, 38, 17, 186, 0, 32, 67, 64, 48, 32, 16, 10, 64, 24, 129, 78,
       17, 44, 16, 1, 48, 24, 20, 65, 17, 98, 49, 177, 72, 70, 32, 224,
       35, 22, 64, 2, 157, 128, 7, 8, 102, 64, 0, 112, 168, 11, 132, 85,
       98, 116, 5, 112, 193, 2, 129, 100, 68, 144, 40, 9, 146, 8, 1, 9,
       148, 36, 84, 154, 66, 112, 1, 212, 5, 66, 24, 11, 64, 16, 196, 69,
       0, 36, 16, 4, 96, 24, 140, 73, 16, 50, 50, 188, 88, 87, 32, 249,
       35, 6, 64, 2, 157, 128, 3, 8, 38, 64, 0, 48, 160, 11, 128, 21, 98,
       116, 5, 64, 192, 2, 129, 100, 68, 128, 40, 9, 146, 8, 1, 9, 16,
       36, 84, 154, 64, 112, 1, 212, 4, 66, 24, 139, 64, 16, 192, 77, 16,
       36, 16, 4, 32, 24, 140, 73, 16, 50, 50, 156, 88, 86, 32, 121, 70,
       33, 65, 128, 16, 2, 1, 78, 130, 2, 1, 52, 1, 131, 129, 66, 66, 68,
       1, 100, 1, 128, 128, 32, 12, 128, 168, 9, 146, 8, 48, 9, 112, 36,
       20, 154, 0, 112, 1, 212, 128, 64, 24, 10, 64, 28, 64, 204, 17, 36,
       16, 4, 32, 24, 132, 9, 144, 96, 33, 152, 72, 6, 32, 241, 124, 185,
       255, 254, 55, 111, 125, 127, 247, 244, 223, 183, 127, 254, 190,
       126, 255, 223, 99, 103, 245, 47, 195, 119, 223, 255, 241, 237, 82,
       222, 246, 233, 223, 36, 87, 190, 83, 120, 233, 116, 120, 93, 60,
       47, 213, 21, 247, 111, 153, 172, 24, 5, 240, 29, 156, 73, 16, 242,
       51, 189, 88, 87, 32, 250, 190, 245, 125, 254, 63, 189, 95, 121,
       255, 255, 253, 250, 253, 122, 244, 95, 247, 247, 103, 115, 245,
       114, 211, 118, 221, 255, 247, 251, 91, 223, 247, 235, 215, 44,
       214, 190, 218, 120, 249, 125, 122, 95, 125, 47, 213, 53, 245, 111,
       155, 172, 24, 5, 240, 29, 156, 89, 16, 242, 51, 189, 122, 215, 40,
       251, 60, 190, 255, 252, 62, 125, 253, 127, 255, 252, 254, 253,
       127, 126, 255, 252, 255, 254, 227, 107, 245, 127, 247, 255, 253,
       111, 246, 251, 127, 223, 255, 239, 207, 108, 71, 190, 223, 122,
       249, 125, 126, 221, 255, 175, 212, 183, 247, 111, 187, 172, 159,
       13, 242, 29, 159, 93, 60, 242, 127, 255, 251, 223, 46, 254, 62,
       185, 253, 254, 54, 127, 125, 126, 247, 252, 221, 241, 127, 254,
       182, 94, 255, 223, 99, 243, 245, 63, 193, 247, 221, 255, 245, 255,
       122, 223, 247, 235, 223, 44, 85, 190, 223, 120, 233, 124, 120, 93,
       61, 47, 213, 53, 247, 111, 153, 172, 153, 5, 240, 29, 156, 73, 16,
       242, 51, 189, 88, 87, 32, 250, 61, 190, 253, 254, 63, 253, 255,
       124, 255, 252, 223, 247, 253, 127, 255, 213, 255, 247, 99, 106,
       245, 115, 211, 246, 221, 255, 245, 255, 126, 223, 247, 239, 223,
       44, 87, 190, 210, 120, 249, 125, 124, 93, 122, 47, 213, 181, 245,
       111, 153, 172, 24, 13, 240, 29, 156, 73, 48, 242, 51, 189, 90, 87,
       32, 250, 63, 182, 245, 247, 63, 181, 187, 121, 246, 255, 208, 115,
       237, 91, 147, 85, 246, 223, 65, 99, 245, 37, 194, 122, 204, 170,
       226, 223, 90, 89, 241, 239, 247, 36, 84, 190, 87, 120, 233, 245,
       216, 92, 59, 14, 208, 21, 211, 111, 153, 172, 24, 5, 240, 29, 156,
       73, 16, 242, 51, 189, 88, 87, 32, 251, 3, 6, 0, 2, 153, 128, 2, 8,
       2, 0, 0, 0, 160, 3, 128, 17, 98, 86, 5, 0, 192, 0, 136, 96, 68,
       128, 40, 9, 146, 8, 1, 9, 16, 36, 84, 154, 0, 112, 1, 214, 0, 64,
       8, 11, 64, 20, 192, 5, 17, 36, 16, 4, 32, 24, 140, 73, 16, 112,
       34, 188, 72, 86, 32, 248, 118, 53, 241, 150, 19, 7, 1, 79, 198,
       68, 145, 48, 113, 202, 176, 86, 234, 213, 3, 71, 65, 39, 193, 119,
       76, 138, 164, 13, 82, 12, 48, 105, 198, 36, 20, 186, 82, 120, 65,
       116, 80, 72, 16, 15, 209, 20, 165, 78, 153, 172, 24, 5, 240, 28,
       156, 65, 16, 242, 51, 189, 88, 87, 32, 250 ]
