%YAML:1.0
descriptors: !!opencv-matrix
   rows: 24
   cols: 64
   dt: u
   data: [ 163, 196, 108, 138, 223, 28, 21, 9, 183, 71, 60, 202, 175, 59,
       36, 77, 193, 244, 37, 113, 192, 70, 176, 100, 118, 215, 41, 43,
       251, 27, 17, 105, 212, 108, 150, 250, 66, 112, 41, 244, 82, 218,
       56, 141, 208, 16, 244, 77, 145, 172, 24, 4, 248, 29, 142, 73, 24,
       242, 51, 188, 88, 215, 42, 249, 2, 2, 0, 130, 131, 132, 2, 1, 36,
       70, 2, 4, 17, 8, 49, 5, 0, 116, 0, 32, 64, 82, 144, 96, 16, 128,
       12, 0, 144, 152, 25, 1, 0, 4, 146, 136, 0, 66, 1, 0, 132, 1, 4,
       128, 0, 196, 64, 64, 16, 4, 144, 8, 2, 8, 196, 16, 8, 32, 34, 20,
       0, 130, 40, 97, 133, 14, 71, 197, 249, 220, 161, 216, 40, 221, 10,
       71, 131, 93, 235, 165, 235, 245, 45, 99, 196, 4, 142, 112, 79,
       223, 25, 34, 148, 10, 51, 95, 87, 37, 85, 186, 80, 122, 233, 52,
       241, 84, 56, 63, 205, 6, 252, 225, 136, 173, 24, 5, 240, 31, 140,
       73, 16, 240, 51, 189, 72, 87, 32, 250, 0, 6, 0, 0, 9, 134, 2, 77,
       164, 2, 2, 4, 0, 41, 1, 5, 2, 32, 1, 64, 192, 34, 24, 96, 80, 128,
       12, 4, 16, 136, 1, 64, 69, 4, 67, 170, 0, 32, 1, 8, 32, 0, 16,
       130, 64, 64, 128, 75, 17, 44, 24, 0, 48, 24, 156, 1, 16, 98, 51,
       180, 8, 87, 32, 120, 1, 70, 0, 136, 128, 152, 6, 64, 32, 66, 42,
       0, 0, 53, 109, 33, 0, 32, 129, 32, 64, 64, 24, 96, 64, 4, 9, 0,
       128, 0, 9, 17, 48, 0, 83, 0, 0, 66, 5, 8, 166, 18, 8, 128, 4, 194,
       68, 192, 0, 1, 16, 36, 1, 1, 131, 8, 16, 64, 10, 36, 64, 66, 66,
       32, 1, 7, 0, 2, 0, 8, 4, 2, 34, 64, 42, 4, 0, 37, 76, 33, 66, 32,
       1, 96, 0, 0, 16, 0, 64, 128, 0, 8, 128, 8, 8, 1, 144, 4, 81, 138,
       0, 66, 1, 136, 134, 16, 24, 129, 68, 18, 100, 76, 0, 36, 16, 4,
       32, 24, 131, 9, 0, 96, 0, 180, 72, 70, 32, 104, 2, 1, 8, 154, 3,
       0, 4, 15, 6, 66, 1, 0, 16, 130, 36, 23, 64, 16, 0, 212, 2, 176,
       192, 3, 4, 128, 128, 9, 18, 40, 24, 1, 0, 4, 20, 170, 2, 96, 1,
       192, 2, 194, 20, 8, 18, 20, 64, 78, 17, 36, 16, 4, 34, 24, 244, 8,
       144, 34, 43, 152, 8, 18, 34, 225, 2, 1, 8, 130, 3, 0, 0, 7, 6, 66,
       5, 0, 16, 128, 32, 2, 12, 18, 0, 148, 2, 144, 192, 2, 0, 128, 128,
       0, 18, 40, 0, 1, 0, 20, 16, 128, 2, 64, 2, 0, 160, 161, 20, 73, 2,
       20, 64, 204, 83, 8, 50, 4, 9, 0, 224, 130, 145, 1, 40, 16, 1, 16,
       0, 129, 1, 7, 4, 2, 0, 8, 0, 66, 34, 4, 6, 0, 0, 113, 0, 1, 66,
       68, 1, 32, 64, 32, 128, 98, 72, 128, 0, 8, 176, 8, 1, 65, 144, 38,
       80, 154, 0, 0, 1, 192, 132, 18, 24, 7, 64, 0, 192, 78, 16, 36, 1,
       4, 48, 24, 139, 9, 8, 98, 34, 148, 72, 70, 36, 249, 2, 2, 129,
       144, 8, 134, 2, 79, 132, 98, 3, 6, 145, 0, 19, 6, 66, 85, 1, 64,
       192, 39, 194, 67, 28, 128, 132, 13, 2, 136, 49, 72, 71, 36, 70,
       186, 0, 40, 1, 68, 0, 64, 16, 136, 64, 20, 129, 79, 17, 44, 24, 0,
       34, 24, 156, 1, 0, 98, 19, 184, 72, 70, 32, 240, 130, 1, 128, 18,
       1, 64, 8, 6, 2, 3, 3, 66, 2, 2, 2, 2, 8, 0, 32, 65, 2, 160, 226,
       66, 76, 147, 177, 43, 18, 8, 3, 72, 87, 36, 84, 154, 2, 104, 105,
       86, 96, 64, 56, 41, 145, 20, 245, 108, 17, 172, 24, 5, 112, 25,
       148, 73, 16, 114, 49, 189, 72, 87, 32, 250, 68, 35, 65, 160, 16,
       2, 33, 78, 128, 64, 2, 52, 65, 130, 147, 67, 194, 84, 1, 100, 1,
       128, 132, 32, 14, 136, 8, 9, 146, 8, 48, 9, 112, 36, 84, 186, 0,
       114, 5, 212, 128, 64, 24, 10, 64, 6, 64, 204, 9, 36, 80, 4, 64,
       30, 133, 9, 144, 96, 33, 188, 76, 6, 32, 240, 6, 34, 65, 128, 208,
       0, 3, 72, 130, 66, 3, 54, 65, 2, 144, 81, 226, 84, 1, 100, 1, 128,
       128, 32, 12, 128, 40, 9, 146, 8, 16, 9, 112, 36, 84, 154, 0, 114,
       1, 212, 128, 64, 24, 10, 64, 12, 192, 4, 1, 36, 80, 4, 32, 26,
       133, 9, 144, 96, 33, 60, 76, 6, 32, 177, 7, 34, 64, 130, 217, 128,
       3, 72, 2, 0, 2, 51, 160, 10, 128, 65, 98, 84, 5, 64, 73, 0, 136,
       96, 12, 136, 40, 9, 146, 8, 1, 9, 112, 36, 20, 154, 0, 112, 5,
       212, 1, 64, 24, 10, 64, 4, 72, 132, 0, 36, 80, 4, 32, 26, 140, 9,
       16, 48, 32, 28, 72, 6, 32, 184, 5, 35, 65, 128, 209, 2, 3, 72,
       130, 0, 3, 52, 1, 3, 128, 64, 66, 68, 1, 100, 1, 128, 128, 32, 14,
       128, 8, 9, 146, 8, 0, 9, 112, 36, 84, 154, 0, 114, 5, 212, 128,
       64, 24, 2, 64, 12, 64, 132, 1, 36, 80, 4, 32, 24, 132, 9, 0, 96,
       33, 156, 72, 6, 32, 241, 63, 182, 125, 255, 63, 189, 255, 121,
       255, 255, 253, 249, 253, 122, 189, 85, 255, 255, 99, 123, 245,
       114, 211, 255, 253, 255, 229, 255, 126, 95, 245, 239, 223, 44,
       215, 190, 223, 120, 249, 117, 120, 93, 123, 47, 213, 53, 247, 111,
       153, 174, 24, 5, 240, 29, 156, 73, 16, 242, 51, 189, 250, 95, 40,
       250, 61, 254, 255, 253, 63, 253, 253, 121, 255, 253, 220, 249,
       255, 125, 252, 93, 255, 254, 227, 251, 245, 126, 211, 255, 253,
       127, 247, 255, 127, 215, 253, 239, 207, 108, 215, 190, 255, 121,
       249, 125, 124, 93, 255, 175, 245, 117, 247, 111, 187, 254, 153,
       15, 242, 29, 222, 93, 62, 243, 247, 191, 251, 223, 172, 222, 60,
       185, 255, 252, 54, 255, 253, 127, 245, 254, 213, 245, 95, 254,
       191, 78, 251, 220, 227, 107, 247, 125, 210, 247, 253, 255, 182,
       223, 121, 221, 117, 235, 223, 62, 119, 190, 223, 120, 249, 125,
       120, 125, 255, 47, 247, 53, 247, 111, 187, 172, 153, 79, 240, 29,
       156, 93, 20, 242, 115, 255, 123, 95, 41, 250, 61, 254, 125, 239,
       63, 253, 253, 120, 255, 255, 222, 249, 253, 127, 252, 85, 255,
       255, 227, 251, 245, 118, 211, 255, 249, 127, 245, 254, 124, 215,
       245, 239, 223, 104, 215, 180, 255, 121, 249, 125, 124, 93, 123,
       47, 213, 181, 247, 111, 187, 190, 153, 15, 240, 29, 158, 93, 54,
       242, 247, 189, 251, 223, 44, 254, 63, 255, 253, 254, 62, 189, 253,
       123, 255, 254, 213, 249, 255, 127, 252, 94, 246, 254, 99, 123,
       245, 126, 211, 255, 221, 190, 231, 251, 126, 223, 245, 239, 207,
       44, 85, 190, 223, 120, 249, 125, 120, 93, 251, 175, 212, 53, 247,
       111, 153, 172, 24, 15, 240, 29, 156, 73, 16, 242, 115, 191, 122,
       87, 40, 250, 62, 191, 253, 254, 62, 255, 249, 123, 247, 252, 223,
       245, 125, 126, 253, 118, 255, 214, 99, 99, 245, 126, 209, 119,
       221, 254, 229, 223, 122, 222, 245, 235, 215, 44, 87, 190, 222,
       120, 249, 124, 120, 93, 57, 47, 212, 53, 245, 111, 153, 172, 152,
       13, 242, 29, 156, 73, 16, 242, 51, 189, 90, 87, 32, 250, 5, 34,
       65, 0, 216, 0, 3, 72, 0, 0, 2, 54, 0, 3, 128, 65, 66, 68, 1, 100,
       72, 128, 136, 32, 14, 128, 8, 1, 146, 8, 16, 9, 112, 39, 84, 154,
       0, 114, 5, 148, 129, 64, 24, 2, 64, 12, 72, 128, 0, 36, 80, 36, 1,
       26, 133, 10, 16, 96, 32, 60, 76, 70, 32, 177, 62, 177, 253, 190,
       55, 181, 253, 127, 247, 222, 213, 241, 125, 127, 177, 86, 250,
       222, 99, 243, 245, 118, 193, 247, 221, 186, 228, 223, 122, 220,
       245, 235, 223, 44, 87, 190, 223, 120, 249, 125, 120, 93, 61, 47,
       212, 53, 247, 111, 153, 172, 24, 5, 240, 29, 156, 73, 24, 242, 51,
       189, 88, 87, 32, 250, 61, 182, 253, 238, 63, 253, 189, 125, 255,
       254, 214, 245, 253, 63, 185, 85, 255, 254, 195, 123, 245, 118,
       211, 247, 253, 186, 228, 251, 126, 221, 245, 235, 223, 108, 87,
       190, 255, 122, 249, 125, 124, 93, 123, 47, 212, 53, 247, 111, 185,
       172, 24, 13, 240, 29, 156, 77, 52, 242, 55, 189, 250, 215, 40,
       250 ]
