%YAML:1.0
descriptors: !!opencv-matrix
   rows: 15
   cols: 64
   dt: u
   data: [ 2, 68, 0, 136, 1, 8, 4, 1, 32, 66, 43, 4, 16, 36, 108, 33, 0,
       32, 0, 4, 0, 128, 16, 0, 80, 132, 8, 0, 128, 138, 8, 0, 0, 4, 67,
       138, 0, 66, 1, 136, 130, 128, 20, 129, 4, 86, 100, 76, 1, 32, 16,
       4, 2, 24, 3, 8, 16, 64, 0, 52, 0, 66, 34, 32, 1, 6, 1, 0, 72, 134,
       2, 69, 128, 0, 2, 4, 0, 5, 1, 1, 2, 96, 1, 64, 192, 34, 24, 67, 0,
       128, 12, 4, 0, 8, 1, 64, 69, 4, 67, 170, 0, 34, 5, 0, 0, 32, 16,
       130, 64, 64, 128, 75, 24, 44, 24, 0, 49, 24, 140, 0, 16, 98, 3,
       180, 72, 70, 32, 112, 1, 3, 4, 16, 0, 2, 0, 66, 34, 4, 3, 0, 0,
       113, 0, 0, 70, 64, 0, 100, 66, 32, 0, 34, 8, 0, 132, 8, 160, 8,
       16, 65, 16, 38, 80, 186, 0, 64, 3, 192, 132, 2, 24, 6, 64, 0, 192,
       78, 16, 36, 1, 4, 48, 24, 131, 9, 0, 98, 3, 148, 72, 6, 32, 249,
       2, 2, 129, 146, 200, 128, 2, 69, 132, 42, 2, 6, 129, 65, 146, 0,
       74, 69, 1, 96, 200, 37, 194, 99, 76, 152, 180, 15, 18, 8, 49, 72,
       87, 36, 84, 186, 16, 104, 1, 68, 64, 64, 16, 10, 193, 20, 225, 79,
       25, 44, 24, 1, 240, 29, 156, 73, 16, 114, 51, 189, 72, 87, 32,
       250, 68, 2, 129, 144, 201, 130, 2, 78, 32, 32, 2, 4, 128, 229,
       131, 3, 202, 85, 1, 100, 200, 5, 202, 99, 78, 200, 24, 15, 18, 8,
       49, 75, 87, 38, 84, 186, 16, 120, 5, 86, 64, 64, 24, 14, 65, 28,
       65, 199, 25, 44, 24, 4, 113, 28, 156, 73, 16, 112, 35, 189, 72,
       87, 32, 250, 2, 0, 9, 19, 0, 192, 138, 132, 2, 162, 3, 2, 128, 3,
       3, 2, 75, 68, 32, 99, 130, 33, 194, 66, 72, 145, 177, 41, 18, 10,
       19, 74, 87, 36, 85, 186, 82, 104, 233, 86, 48, 64, 56, 43, 213,
       20, 245, 111, 153, 172, 24, 5, 240, 25, 156, 73, 16, 114, 51, 189,
       88, 87, 32, 250, 69, 34, 65, 128, 16, 2, 1, 78, 128, 2, 2, 52, 65,
       131, 131, 67, 66, 68, 1, 100, 1, 128, 140, 32, 12, 136, 8, 1, 146,
       8, 48, 9, 112, 36, 84, 154, 0, 114, 5, 148, 128, 64, 24, 10, 64,
       12, 64, 132, 16, 36, 80, 4, 1, 26, 132, 8, 128, 96, 33, 156, 76,
       70, 32, 177, 3, 4, 65, 2, 157, 128, 7, 8, 226, 0, 0, 114, 160, 11,
       128, 81, 98, 84, 5, 32, 64, 2, 129, 100, 68, 128, 40, 9, 146, 8,
       1, 9, 80, 36, 20, 154, 0, 112, 1, 212, 1, 66, 24, 11, 64, 16, 192,
       4, 0, 36, 16, 4, 32, 24, 140, 9, 16, 48, 34, 28, 72, 86, 32, 249,
       124, 185, 254, 254, 55, 111, 125, 127, 87, 252, 213, 243, 127,
       250, 182, 94, 255, 215, 99, 103, 247, 47, 195, 119, 207, 251, 243,
       111, 82, 76, 246, 233, 223, 38, 85, 190, 82, 120, 233, 116, 112,
       93, 56, 47, 221, 21, 247, 111, 153, 172, 24, 5, 240, 29, 156, 73,
       16, 242, 51, 189, 88, 87, 32, 250, 62, 244, 125, 255, 63, 189,
       255, 121, 255, 255, 253, 251, 253, 122, 252, 87, 246, 247, 99,
       123, 245, 114, 211, 126, 221, 255, 247, 251, 90, 255, 247, 235,
       215, 44, 215, 190, 218, 120, 249, 125, 122, 95, 123, 47, 213, 21,
       245, 111, 153, 172, 24, 5, 240, 29, 156, 89, 16, 242, 51, 189,
       122, 215, 40, 251, 61, 190, 253, 239, 191, 253, 249, 125, 253,
       253, 214, 253, 253, 126, 249, 245, 251, 254, 195, 251, 245, 115,
       219, 255, 253, 127, 244, 255, 126, 223, 255, 239, 223, 108, 207,
       190, 255, 251, 249, 125, 125, 93, 255, 47, 213, 229, 247, 111,
       187, 254, 157, 13, 242, 29, 158, 93, 62, 242, 255, 191, 251, 223,
       44, 254, 60, 185, 255, 254, 54, 253, 253, 127, 247, 254, 213, 241,
       127, 126, 191, 94, 255, 222, 99, 107, 245, 127, 211, 247, 253,
       235, 246, 255, 123, 221, 245, 235, 223, 44, 87, 190, 223, 120,
       249, 125, 120, 93, 243, 47, 245, 53, 247, 111, 185, 172, 152, 15,
       240, 29, 156, 89, 16, 242, 115, 191, 123, 87, 40, 250, 63, 190,
       125, 239, 191, 253, 255, 125, 255, 253, 222, 253, 253, 127, 253,
       245, 255, 255, 195, 251, 245, 115, 219, 125, 253, 255, 229, 255,
       126, 95, 245, 239, 223, 232, 215, 182, 255, 123, 249, 117, 125,
       93, 123, 47, 213, 53, 247, 111, 185, 188, 152, 13, 242, 29, 156,
       77, 54, 242, 183, 189, 219, 223, 44, 254, 61, 182, 125, 254, 62,
       253, 189, 121, 255, 252, 222, 247, 253, 127, 189, 117, 255, 254,
       67, 99, 245, 118, 211, 247, 221, 190, 244, 251, 126, 95, 247, 235,
       223, 108, 85, 190, 223, 120, 249, 124, 124, 93, 58, 47, 212, 53,
       247, 111, 153, 172, 24, 5, 240, 29, 156, 73, 16, 242, 51, 189, 90,
       87, 32, 250, 7, 2, 65, 2, 217, 128, 3, 72, 2, 0, 0, 50, 160, 3,
       128, 1, 98, 68, 5, 4, 72, 0, 136, 96, 6, 128, 8, 9, 146, 8, 1, 9,
       16, 36, 20, 154, 0, 112, 5, 148, 1, 64, 8, 10, 64, 8, 72, 132, 0,
       36, 80, 4, 0, 26, 132, 11, 16, 32, 32, 28, 72, 6, 32, 177 ]
