%YAML:1.0
descriptors: !!opencv-matrix
   rows: 24
   cols: 64
   dt: u
   data: [ 163, 212, 108, 138, 223, 29, 21, 24, 183, 85, 44, 203, 175,
       123, 116, 77, 227, 244, 53, 113, 240, 66, 184, 116, 118, 255, 9,
       59, 255, 27, 81, 105, 212, 108, 22, 250, 66, 113, 41, 252, 114,
       222, 56, 143, 208, 80, 244, 77, 153, 165, 26, 12, 248, 29, 142,
       73, 56, 242, 51, 188, 90, 215, 46, 249, 2, 2, 0, 130, 3, 20, 3, 0,
       4, 70, 2, 4, 17, 8, 49, 5, 0, 112, 0, 0, 64, 82, 144, 32, 24, 128,
       8, 0, 144, 136, 17, 1, 0, 4, 147, 136, 0, 66, 1, 8, 132, 1, 20, 0,
       0, 132, 64, 64, 18, 44, 144, 0, 3, 8, 196, 16, 8, 32, 42, 16, 0,
       130, 40, 97, 133, 14, 71, 133, 217, 204, 161, 216, 40, 253, 10,
       71, 131, 93, 235, 165, 235, 117, 37, 99, 196, 4, 142, 112, 79,
       223, 25, 34, 212, 10, 51, 95, 87, 37, 85, 186, 82, 122, 233, 52,
       241, 84, 56, 47, 205, 6, 252, 225, 137, 172, 24, 5, 208, 31, 140,
       73, 16, 240, 51, 189, 72, 87, 32, 250, 0, 6, 0, 0, 9, 134, 2, 77,
       164, 2, 2, 4, 0, 9, 1, 5, 2, 32, 1, 64, 192, 34, 24, 96, 80, 128,
       12, 4, 16, 136, 1, 64, 69, 4, 67, 170, 0, 32, 1, 8, 32, 0, 16,
       130, 64, 64, 128, 75, 17, 44, 24, 0, 48, 24, 156, 1, 16, 98, 51,
       180, 72, 87, 32, 120, 2, 1, 8, 138, 3, 80, 0, 6, 0, 66, 1, 4, 16,
       132, 41, 162, 13, 16, 0, 132, 2, 144, 132, 0, 0, 1, 8, 0, 17, 2,
       16, 1, 48, 20, 145, 8, 2, 66, 2, 0, 162, 161, 20, 8, 22, 156, 96,
       140, 83, 8, 22, 4, 11, 9, 224, 138, 145, 64, 40, 48, 1, 16, 66,
       161, 1, 70, 0, 136, 128, 12, 6, 65, 32, 70, 42, 4, 0, 37, 109, 37,
       0, 96, 129, 32, 64, 64, 24, 96, 80, 4, 8, 0, 160, 0, 9, 1, 48, 0,
       83, 0, 0, 66, 1, 0, 38, 2, 8, 128, 4, 194, 100, 64, 0, 1, 16, 44,
       3, 8, 3, 8, 24, 64, 2, 36, 64, 66, 106, 32, 1, 7, 0, 2, 0, 8, 4,
       2, 34, 64, 42, 4, 0, 37, 76, 33, 66, 32, 1, 96, 0, 0, 0, 0, 64,
       128, 0, 8, 128, 8, 8, 1, 16, 4, 81, 138, 0, 66, 1, 136, 134, 16,
       24, 129, 68, 18, 100, 76, 0, 36, 16, 4, 34, 24, 131, 9, 0, 96, 0,
       52, 72, 70, 32, 104, 133, 206, 67, 205, 253, 108, 165, 216, 184,
       221, 40, 219, 131, 89, 230, 237, 235, 213, 45, 107, 196, 12, 174,
       120, 111, 223, 57, 35, 215, 10, 51, 127, 215, 37, 124, 186, 82,
       124, 233, 244, 115, 94, 58, 63, 221, 20, 252, 245, 137, 173, 88,
       5, 240, 31, 140, 73, 16, 240, 51, 189, 92, 87, 32, 187, 1, 7, 4,
       0, 0, 10, 0, 2, 34, 4, 6, 0, 0, 113, 0, 1, 64, 68, 5, 96, 64, 32,
       128, 98, 8, 128, 0, 8, 176, 8, 1, 65, 144, 36, 80, 154, 0, 66, 1,
       192, 132, 18, 24, 7, 64, 0, 192, 78, 0, 36, 1, 4, 48, 24, 139, 9,
       8, 98, 50, 148, 72, 70, 36, 249, 2, 2, 129, 128, 8, 134, 2, 79,
       132, 98, 3, 6, 145, 0, 19, 6, 66, 85, 1, 64, 192, 39, 194, 67, 28,
       128, 132, 13, 18, 136, 49, 72, 71, 36, 70, 186, 0, 40, 1, 68, 0,
       64, 16, 136, 64, 20, 129, 79, 16, 44, 24, 0, 34, 24, 156, 1, 0,
       98, 19, 184, 72, 70, 32, 240, 3, 1, 0, 2, 0, 130, 4, 2, 2, 0, 1,
       2, 128, 128, 0, 2, 64, 65, 0, 68, 128, 6, 192, 67, 76, 128, 140,
       13, 2, 8, 0, 64, 18, 36, 68, 186, 0, 40, 1, 68, 0, 64, 24, 11,
       192, 20, 164, 79, 17, 36, 16, 4, 32, 24, 28, 1, 16, 114, 51, 184,
       72, 86, 32, 232, 131, 193, 138, 155, 1, 64, 156, 140, 10, 226, 45,
       138, 0, 2, 43, 171, 75, 84, 32, 99, 14, 160, 230, 34, 77, 215,
       177, 43, 19, 10, 19, 123, 245, 36, 85, 154, 82, 120, 233, 118, 48,
       92, 56, 43, 149, 20, 245, 44, 153, 172, 24, 5, 240, 29, 148, 73,
       16, 242, 49, 189, 88, 87, 32, 250, 68, 35, 65, 160, 16, 2, 33, 78,
       128, 64, 2, 52, 65, 134, 147, 67, 66, 84, 1, 100, 1, 128, 132, 32,
       14, 136, 8, 9, 146, 8, 48, 9, 112, 36, 84, 186, 0, 114, 5, 212,
       128, 64, 24, 10, 64, 14, 64, 204, 9, 36, 80, 4, 64, 30, 133, 9,
       144, 96, 33, 188, 76, 6, 32, 240, 6, 34, 65, 130, 144, 0, 3, 72,
       194, 66, 3, 54, 1, 2, 144, 81, 98, 84, 1, 100, 9, 128, 128, 32,
       12, 128, 40, 9, 146, 8, 17, 9, 112, 36, 84, 154, 0, 114, 1, 212,
       128, 64, 24, 10, 64, 12, 192, 4, 1, 36, 80, 4, 32, 26, 133, 9,
       144, 96, 32, 60, 76, 6, 32, 177, 5, 38, 65, 128, 208, 2, 35, 76,
       0, 64, 130, 53, 65, 3, 129, 65, 194, 68, 129, 100, 65, 128, 140,
       32, 78, 136, 8, 1, 146, 8, 32, 25, 112, 37, 84, 154, 0, 114, 5,
       148, 129, 64, 24, 6, 64, 12, 72, 192, 0, 36, 80, 36, 1, 26, 133,
       8, 128, 104, 33, 140, 76, 70, 32, 177, 5, 35, 65, 128, 208, 2, 3,
       72, 2, 0, 3, 52, 1, 3, 128, 64, 66, 84, 1, 100, 1, 128, 128, 32,
       14, 128, 8, 9, 146, 8, 16, 9, 112, 36, 84, 154, 0, 114, 5, 212,
       128, 64, 24, 10, 64, 12, 64, 132, 1, 36, 16, 4, 32, 24, 132, 9, 0,
       96, 33, 156, 72, 6, 32, 241, 63, 182, 125, 255, 63, 189, 255, 121,
       255, 254, 252, 249, 253, 126, 189, 85, 255, 255, 99, 123, 245,
       115, 211, 127, 221, 255, 229, 255, 126, 95, 245, 239, 223, 44,
       215, 190, 223, 120, 233, 117, 120, 93, 123, 47, 213, 53, 247, 111,
       153, 172, 24, 5, 240, 29, 156, 73, 16, 242, 51, 189, 218, 215, 40,
       250, 60, 185, 255, 252, 54, 255, 253, 127, 247, 254, 213, 245, 95,
       254, 191, 94, 255, 222, 227, 107, 247, 125, 210, 247, 253, 255,
       246, 255, 121, 221, 245, 235, 223, 62, 119, 190, 223, 120, 249,
       125, 120, 221, 255, 47, 247, 53, 247, 111, 187, 172, 153, 79, 240,
       29, 156, 93, 20, 242, 123, 255, 123, 95, 41, 250, 61, 254, 253,
       253, 63, 253, 253, 121, 255, 254, 212, 249, 253, 127, 253, 223,
       255, 254, 227, 251, 245, 126, 211, 255, 253, 127, 247, 255, 125,
       223, 245, 239, 207, 120, 215, 190, 255, 121, 249, 125, 124, 93,
       255, 175, 245, 181, 247, 111, 187, 190, 153, 15, 242, 29, 156, 93,
       62, 243, 255, 255, 251, 223, 172, 254, 63, 191, 253, 254, 62, 189,
       253, 123, 255, 254, 213, 249, 255, 123, 188, 94, 246, 254, 99,
       123, 247, 126, 211, 255, 221, 190, 231, 255, 126, 223, 245, 239,
       199, 44, 87, 190, 223, 120, 249, 125, 120, 93, 251, 175, 212, 53,
       247, 111, 153, 172, 24, 13, 240, 29, 156, 73, 16, 242, 115, 191,
       122, 87, 40, 250, 61, 190, 253, 239, 63, 253, 253, 120, 255, 253,
       214, 249, 253, 127, 189, 85, 255, 254, 227, 251, 245, 118, 211,
       255, 253, 127, 245, 255, 126, 223, 245, 239, 223, 108, 215, 190,
       255, 120, 249, 125, 124, 93, 123, 175, 245, 49, 247, 111, 185,
       174, 153, 15, 240, 29, 156, 93, 54, 243, 55, 189, 250, 223, 44,
       254, 62, 189, 253, 254, 62, 255, 249, 123, 247, 252, 223, 245,
       125, 126, 253, 118, 255, 214, 99, 99, 245, 126, 209, 119, 221,
       254, 229, 223, 122, 223, 245, 235, 215, 44, 87, 190, 222, 120,
       249, 125, 120, 93, 59, 47, 212, 53, 245, 111, 153, 172, 24, 5,
       240, 29, 156, 73, 16, 242, 51, 189, 90, 87, 32, 250, 62, 177, 253,
       190, 55, 181, 253, 123, 247, 222, 213, 241, 125, 126, 181, 86,
       254, 222, 99, 243, 245, 118, 193, 247, 221, 186, 224, 223, 122,
       220, 245, 235, 223, 44, 87, 190, 223, 120, 249, 125, 120, 93, 61,
       47, 212, 53, 247, 111, 153, 174, 24, 5, 240, 29, 156, 73, 24, 242,
       51, 189, 88, 87, 32, 250, 61, 182, 125, 238, 63, 253, 251, 121,
       255, 253, 214, 253, 253, 127, 252, 85, 250, 254, 67, 251, 245,
       114, 211, 246, 253, 62, 245, 251, 126, 95, 245, 235, 223, 108, 87,
       190, 223, 120, 249, 125, 124, 93, 123, 175, 213, 53, 247, 111,
       185, 172, 24, 13, 240, 29, 156, 77, 52, 242, 119, 189, 250, 215,
       40, 250 ]
