%YAML:1.0
descriptors: !!opencv-matrix
   rows: 17
   cols: 64
   dt: u
   data: [ 64, 3, 130, 18, 0, 2, 4, 7, 0, 0, 2, 4, 0, 196, 3, 2, 72, 1,
       1, 132, 192, 5, 66, 131, 18, 0, 148, 4, 0, 136, 0, 64, 7, 6, 65,
       170, 16, 8, 5, 72, 32, 32, 16, 130, 69, 80, 1, 206, 25, 44, 8, 0,
       48, 24, 24, 0, 0, 98, 19, 177, 8, 81, 0, 74, 195, 4, 0, 54, 217,
       130, 2, 8, 2, 41, 0, 99, 162, 203, 128, 17, 98, 69, 5, 68, 200,
       173, 170, 104, 6, 138, 40, 15, 146, 8, 33, 77, 83, 167, 20, 187,
       0, 32, 5, 198, 193, 66, 24, 10, 73, 24, 200, 213, 8, 36, 88, 4,
       97, 26, 140, 203, 16, 56, 35, 156, 8, 70, 50, 121, 62, 186, 253,
       162, 127, 255, 183, 121, 254, 220, 222, 119, 253, 127, 251, 85,
       251, 255, 99, 114, 245, 103, 211, 247, 205, 254, 241, 255, 126,
       94, 243, 235, 223, 44, 87, 190, 91, 122, 233, 116, 124, 92, 56,
       47, 213, 53, 247, 111, 153, 172, 24, 5, 240, 29, 156, 73, 16, 242,
       51, 189, 88, 87, 32, 250, 246, 49, 243, 151, 246, 71, 91, 239,
       198, 239, 209, 54, 247, 194, 147, 82, 250, 213, 51, 103, 75, 173,
       231, 54, 206, 203, 254, 47, 210, 8, 114, 59, 115, 37, 20, 191, 82,
       116, 193, 212, 80, 72, 17, 14, 201, 28, 193, 94, 153, 172, 24, 5,
       240, 30, 156, 73, 16, 242, 49, 189, 92, 86, 32, 248, 94, 50, 113,
       161, 252, 176, 175, 88, 232, 63, 195, 118, 205, 7, 145, 81, 226,
       205, 11, 96, 201, 37, 130, 120, 76, 220, 184, 175, 214, 14, 49,
       251, 87, 36, 93, 187, 82, 120, 169, 86, 96, 68, 24, 14, 197, 12,
       244, 29, 152, 172, 24, 5, 240, 29, 156, 73, 16, 242, 51, 189, 88,
       87, 32, 242, 255, 49, 255, 246, 118, 39, 127, 254, 214, 253, 245,
       179, 127, 234, 178, 90, 250, 213, 55, 103, 237, 173, 231, 55, 206,
       219, 243, 47, 82, 12, 118, 235, 211, 36, 20, 186, 82, 120, 225,
       244, 112, 94, 56, 47, 209, 20, 193, 111, 153, 172, 24, 5, 240, 29,
       156, 73, 16, 242, 51, 189, 88, 86, 32, 251, 252, 253, 255, 255,
       118, 127, 121, 255, 255, 252, 255, 191, 127, 254, 255, 254, 251,
       213, 123, 111, 125, 255, 247, 183, 223, 255, 247, 191, 251, 223,
       126, 251, 251, 44, 87, 254, 214, 122, 249, 124, 250, 93, 125, 63,
       213, 55, 245, 110, 157, 172, 26, 13, 242, 29, 157, 73, 16, 246,
       123, 189, 91, 86, 42, 250, 60, 189, 247, 182, 26, 111, 161, 119,
       116, 124, 70, 119, 93, 126, 187, 84, 251, 221, 225, 98, 245, 37,
       195, 115, 79, 250, 180, 143, 90, 76, 115, 235, 215, 36, 85, 186,
       87, 120, 233, 116, 112, 93, 56, 47, 213, 20, 247, 111, 153, 172,
       24, 5, 240, 29, 156, 73, 16, 242, 51, 189, 88, 87, 32, 250, 191,
       246, 125, 254, 63, 189, 127, 121, 255, 127, 253, 251, 253, 123,
       252, 127, 243, 245, 103, 115, 245, 114, 209, 118, 221, 255, 245,
       187, 123, 223, 247, 235, 215, 44, 87, 190, 218, 120, 249, 125,
       126, 95, 58, 175, 213, 55, 247, 111, 153, 172, 24, 13, 240, 29,
       157, 73, 24, 242, 51, 189, 90, 215, 42, 251, 253, 177, 255, 246,
       54, 39, 249, 254, 214, 255, 245, 243, 255, 234, 146, 94, 242, 213,
       103, 103, 229, 173, 227, 119, 206, 170, 182, 143, 82, 12, 116,
       235, 215, 36, 20, 186, 82, 120, 225, 244, 80, 94, 57, 15, 209, 20,
       209, 111, 153, 172, 24, 5, 240, 29, 156, 73, 16, 242, 51, 189, 88,
       87, 32, 251, 126, 57, 254, 254, 55, 119, 125, 127, 55, 246, 213,
       176, 63, 254, 183, 94, 251, 223, 97, 103, 247, 191, 195, 51, 77,
       255, 243, 125, 82, 222, 246, 233, 215, 36, 85, 186, 83, 120, 233,
       116, 112, 93, 61, 47, 213, 21, 247, 111, 153, 172, 24, 5, 240, 29,
       156, 73, 16, 242, 51, 189, 88, 87, 32, 250, 252, 253, 255, 252,
       54, 127, 253, 255, 253, 252, 255, 253, 127, 254, 255, 254, 251,
       220, 115, 107, 245, 255, 245, 183, 253, 255, 247, 191, 123, 223,
       255, 235, 223, 108, 71, 254, 215, 122, 249, 125, 126, 221, 255,
       47, 213, 55, 247, 111, 191, 172, 155, 141, 242, 29, 156, 93, 56,
       246, 123, 255, 251, 223, 42, 254, 61, 178, 255, 247, 62, 117, 251,
       252, 254, 252, 214, 119, 125, 127, 155, 244, 251, 212, 67, 99,
       245, 41, 199, 126, 205, 170, 244, 155, 94, 77, 119, 239, 247, 36,
       85, 190, 86, 122, 233, 117, 216, 92, 27, 46, 213, 21, 241, 111,
       153, 172, 24, 5, 240, 29, 156, 73, 16, 242, 51, 189, 88, 87, 32,
       250, 60, 177, 253, 254, 62, 127, 253, 127, 247, 252, 214, 245,
       125, 127, 191, 86, 255, 223, 99, 99, 245, 125, 193, 247, 221, 255,
       244, 223, 122, 222, 247, 235, 223, 36, 87, 190, 83, 120, 249, 124,
       120, 93, 60, 47, 213, 53, 247, 111, 153, 172, 24, 5, 240, 29, 156,
       73, 24, 242, 51, 189, 88, 87, 32, 250, 3, 6, 64, 2, 153, 128, 5,
       72, 34, 64, 2, 32, 32, 75, 160, 21, 98, 116, 1, 64, 193, 34, 145,
       98, 68, 144, 32, 9, 18, 8, 1, 65, 86, 36, 84, 186, 0, 112, 1, 84,
       64, 64, 24, 11, 64, 64, 196, 79, 16, 44, 24, 4, 112, 24, 156, 73,
       16, 114, 51, 156, 72, 87, 32, 248, 63, 55, 253, 254, 63, 253, 31,
       124, 247, 254, 215, 176, 125, 127, 191, 215, 255, 246, 99, 242,
       245, 115, 211, 119, 221, 255, 245, 127, 122, 94, 247, 235, 223,
       44, 87, 190, 218, 120, 233, 125, 120, 93, 56, 47, 213, 53, 245,
       111, 153, 172, 24, 5, 240, 29, 156, 73, 16, 242, 51, 189, 88, 215,
       32, 250, 83, 17, 211, 150, 2, 2, 25, 14, 230, 132, 21, 17, 63,
       235, 146, 82, 238, 215, 32, 103, 66, 45, 225, 39, 78, 138, 176,
       13, 82, 8, 16, 41, 214, 36, 20, 186, 82, 120, 65, 84, 80, 72, 56,
       15, 201, 20, 193, 110, 153, 172, 24, 5, 240, 24, 156, 73, 16, 242,
       51, 189, 88, 87, 32, 250 ]
