%YAML:1.0
descriptors: !!opencv-matrix
   rows: 16
   cols: 64
   dt: u
   data: [ 3, 1, 0, 6, 205, 128, 2, 8, 34, 1, 0, 67, 160, 67, 2, 17, 100,
       35, 1, 212, 64, 47, 3, 98, 6, 138, 224, 13, 146, 8, 1, 0, 22, 36,
       20, 186, 2, 40, 1, 196, 65, 66, 24, 11, 192, 80, 129, 79, 17, 36,
       24, 4, 112, 24, 156, 73, 16, 50, 51, 149, 24, 87, 32, 105, 195, 4,
       0, 54, 217, 130, 2, 8, 2, 41, 0, 99, 162, 203, 128, 17, 98, 71, 5,
       68, 200, 141, 170, 105, 6, 138, 40, 15, 146, 8, 33, 77, 83, 167,
       52, 187, 0, 32, 5, 198, 193, 66, 24, 10, 73, 24, 200, 213, 8, 36,
       88, 4, 97, 26, 140, 203, 16, 56, 35, 156, 8, 70, 48, 121, 254,
       253, 125, 222, 55, 255, 95, 121, 255, 215, 253, 250, 253, 126,
       254, 255, 243, 247, 119, 119, 125, 119, 211, 246, 221, 255, 245,
       125, 115, 222, 246, 169, 222, 44, 87, 190, 218, 120, 233, 125,
       114, 95, 61, 47, 213, 54, 245, 111, 157, 172, 24, 13, 242, 29,
       157, 73, 16, 242, 51, 189, 89, 87, 42, 251, 246, 49, 243, 151,
       246, 71, 91, 239, 198, 229, 213, 55, 247, 194, 147, 82, 250, 213,
       51, 103, 75, 173, 230, 55, 206, 203, 254, 45, 210, 8, 114, 58,
       243, 37, 20, 191, 82, 112, 193, 212, 80, 72, 17, 14, 201, 28, 201,
       78, 153, 172, 88, 5, 240, 30, 156, 73, 16, 242, 49, 189, 88, 86,
       32, 248, 77, 142, 239, 169, 120, 127, 167, 245, 60, 254, 238, 23,
       217, 61, 251, 229, 203, 253, 235, 96, 244, 69, 214, 240, 77, 125,
       157, 166, 124, 70, 51, 219, 213, 0, 85, 186, 83, 122, 233, 116,
       124, 92, 56, 47, 213, 167, 246, 109, 153, 172, 24, 5, 240, 29,
       156, 73, 16, 242, 51, 189, 88, 87, 32, 250, 94, 50, 113, 161, 252,
       176, 175, 88, 192, 47, 211, 118, 205, 5, 145, 81, 226, 205, 11,
       96, 201, 37, 130, 120, 76, 220, 184, 175, 214, 14, 49, 251, 87,
       36, 93, 155, 82, 120, 41, 86, 96, 64, 24, 14, 197, 12, 244, 29,
       152, 172, 24, 5, 240, 28, 156, 73, 16, 242, 51, 157, 88, 87, 32,
       242, 255, 57, 255, 246, 118, 35, 127, 254, 214, 253, 245, 179,
       127, 235, 146, 90, 250, 213, 55, 103, 237, 173, 231, 55, 206, 219,
       243, 175, 82, 12, 114, 235, 211, 36, 20, 186, 82, 120, 225, 244,
       80, 94, 57, 47, 209, 20, 193, 111, 153, 172, 24, 5, 240, 29, 156,
       73, 16, 242, 51, 189, 88, 86, 32, 251, 252, 253, 255, 255, 118,
       127, 121, 255, 255, 252, 255, 191, 127, 254, 255, 254, 251, 213,
       123, 111, 125, 255, 247, 183, 223, 255, 247, 191, 251, 223, 126,
       251, 251, 44, 87, 254, 214, 122, 249, 124, 250, 93, 125, 63, 213,
       55, 229, 110, 157, 172, 154, 13, 242, 29, 157, 73, 16, 246, 123,
       189, 91, 86, 42, 250, 60, 191, 247, 182, 58, 111, 161, 119, 116,
       124, 70, 85, 93, 126, 187, 68, 251, 221, 225, 98, 245, 37, 195,
       243, 79, 250, 180, 143, 122, 78, 51, 235, 215, 36, 85, 186, 83,
       122, 233, 116, 112, 93, 56, 47, 213, 20, 247, 111, 153, 172, 24,
       5, 240, 29, 156, 73, 16, 242, 51, 189, 88, 87, 32, 250, 63, 246,
       125, 252, 63, 189, 191, 121, 253, 126, 253, 251, 253, 123, 252,
       253, 243, 253, 103, 115, 245, 114, 209, 118, 221, 255, 245, 251,
       123, 223, 247, 235, 223, 108, 87, 190, 219, 120, 249, 125, 126,
       95, 58, 47, 213, 55, 247, 111, 153, 172, 24, 13, 240, 29, 157, 73,
       24, 242, 51, 189, 90, 215, 42, 251, 253, 177, 255, 246, 54, 39,
       253, 246, 214, 223, 117, 211, 223, 234, 150, 94, 242, 213, 39,
       103, 103, 173, 227, 119, 206, 138, 182, 175, 82, 12, 116, 235,
       215, 36, 20, 186, 82, 120, 225, 244, 80, 94, 57, 47, 209, 20, 209,
       111, 153, 172, 24, 5, 240, 29, 156, 73, 16, 242, 51, 189, 88, 87,
       32, 251, 61, 178, 247, 247, 62, 117, 251, 252, 252, 252, 214, 119,
       125, 127, 155, 244, 251, 212, 67, 99, 245, 41, 199, 126, 205, 170,
       244, 155, 94, 79, 119, 239, 247, 36, 85, 190, 86, 122, 233, 117,
       216, 92, 27, 46, 213, 23, 241, 111, 153, 172, 24, 5, 240, 29, 156,
       73, 16, 242, 51, 189, 88, 87, 32, 250, 60, 177, 253, 254, 55, 127,
       253, 126, 247, 252, 212, 245, 125, 126, 190, 94, 255, 222, 99, 99,
       245, 63, 193, 247, 221, 255, 240, 223, 122, 222, 247, 235, 223,
       36, 87, 190, 83, 120, 233, 124, 120, 93, 60, 47, 213, 53, 247,
       111, 153, 172, 24, 5, 240, 29, 156, 73, 16, 242, 51, 189, 88, 87,
       32, 250, 7, 6, 64, 2, 153, 128, 5, 72, 38, 64, 0, 112, 160, 11,
       160, 69, 66, 116, 1, 96, 193, 34, 144, 96, 68, 144, 0, 9, 18, 8,
       1, 65, 20, 36, 84, 154, 64, 112, 1, 84, 68, 64, 24, 139, 64, 80,
       228, 79, 16, 36, 24, 4, 112, 24, 140, 9, 16, 114, 51, 188, 72, 87,
       32, 248, 63, 183, 253, 254, 63, 253, 93, 127, 246, 254, 223, 176,
       125, 127, 191, 87, 255, 246, 99, 242, 245, 115, 211, 119, 221,
       255, 245, 127, 122, 94, 247, 235, 223, 44, 87, 190, 218, 120, 233,
       117, 120, 93, 56, 47, 213, 53, 245, 111, 153, 172, 24, 5, 240, 29,
       156, 73, 16, 242, 51, 189, 88, 87, 32, 250, 83, 17, 211, 150, 2,
       2, 25, 14, 230, 132, 21, 17, 63, 235, 178, 82, 238, 215, 32, 103,
       66, 45, 193, 39, 78, 138, 176, 13, 82, 8, 16, 41, 214, 36, 20,
       186, 82, 120, 65, 84, 80, 72, 56, 15, 201, 20, 225, 110, 153, 172,
       24, 5, 240, 24, 156, 73, 16, 242, 51, 189, 88, 87, 32, 250 ]
