%YAML:1.0
descriptors: !!opencv-matrix
   rows: 7
   cols: 64
   dt: u
   data: [ 71, 34, 65, 130, 209, 2, 3, 72, 0, 0, 0, 50, 0, 3, 128, 65,
       66, 84, 1, 100, 72, 128, 136, 32, 14, 128, 8, 9, 146, 8, 0, 9, 80,
       36, 84, 154, 0, 112, 5, 148, 0, 64, 24, 10, 64, 28, 64, 132, 1,
       36, 80, 4, 1, 26, 132, 11, 144, 96, 32, 60, 76, 70, 32, 176, 61,
       254, 255, 237, 63, 253, 253, 121, 255, 253, 214, 253, 253, 127,
       253, 221, 255, 254, 227, 123, 245, 126, 219, 255, 253, 127, 231,
       255, 126, 223, 253, 239, 207, 108, 95, 190, 223, 121, 249, 125,
       125, 93, 251, 175, 213, 181, 247, 111, 185, 190, 153, 13, 240, 29,
       156, 93, 54, 242, 247, 191, 251, 223, 44, 254, 60, 185, 255, 254,
       55, 253, 253, 127, 87, 252, 213, 245, 127, 126, 180, 94, 255, 222,
       97, 115, 245, 61, 195, 243, 253, 255, 242, 223, 90, 221, 245, 235,
       223, 36, 87, 186, 223, 120, 233, 125, 112, 93, 245, 47, 245, 21,
       247, 111, 153, 174, 24, 7, 240, 29, 156, 73, 16, 242, 51, 189, 91,
       87, 32, 250, 63, 246, 125, 255, 63, 189, 255, 121, 255, 255, 253,
       251, 253, 123, 253, 87, 247, 246, 67, 123, 245, 114, 211, 126,
       253, 255, 247, 251, 126, 255, 247, 235, 215, 108, 215, 190, 222,
       121, 249, 125, 120, 95, 123, 47, 212, 181, 247, 111, 187, 172, 24,
       5, 240, 29, 156, 93, 16, 242, 123, 191, 251, 223, 40, 250, 68, 35,
       65, 128, 16, 2, 1, 78, 0, 66, 2, 52, 65, 131, 129, 66, 66, 68, 1,
       100, 0, 128, 128, 0, 12, 128, 8, 9, 146, 8, 32, 9, 112, 4, 20,
       154, 0, 112, 5, 212, 128, 64, 24, 10, 64, 12, 64, 196, 17, 36, 16,
       4, 0, 24, 132, 8, 128, 96, 33, 152, 72, 6, 32, 241, 5, 34, 65,
       130, 217, 0, 3, 72, 128, 0, 2, 54, 129, 11, 128, 65, 98, 84, 5,
       100, 65, 0, 136, 96, 14, 136, 8, 9, 146, 8, 1, 9, 112, 36, 84,
       154, 0, 114, 5, 148, 129, 64, 24, 10, 64, 4, 72, 132, 1, 36, 80,
       4, 32, 26, 133, 9, 16, 96, 33, 156, 72, 6, 32, 185, 35, 22, 65,
       130, 29, 128, 3, 8, 230, 66, 0, 48, 45, 11, 128, 85, 98, 214, 1,
       96, 192, 34, 129, 100, 76, 128, 160, 9, 18, 8, 1, 105, 84, 36, 84,
       186, 66, 112, 1, 84, 64, 64, 24, 11, 64, 16, 224, 77, 145, 44, 24,
       4, 112, 24, 156, 73, 16, 114, 51, 188, 88, 87, 32, 248 ]
