%YAML:1.0
descriptors: !!opencv-matrix
   rows: 7
   cols: 64
   dt: u
   data: [ 35, 4, 0, 2, 9, 128, 1, 8, 70, 0, 1, 0, 32, 10, 160, 21, 98,
       86, 0, 32, 192, 34, 129, 100, 76, 144, 32, 9, 18, 8, 17, 73, 148,
       36, 84, 154, 2, 80, 1, 84, 0, 64, 24, 11, 64, 20, 224, 77, 145,
       36, 16, 4, 48, 24, 156, 73, 16, 114, 50, 188, 88, 87, 32, 249, 63,
       183, 125, 174, 62, 253, 189, 121, 247, 222, 222, 245, 125, 127,
       189, 116, 255, 254, 67, 114, 245, 114, 209, 246, 253, 190, 228,
       217, 126, 222, 245, 235, 223, 108, 87, 190, 223, 120, 233, 124,
       124, 93, 58, 47, 212, 53, 247, 111, 153, 172, 24, 5, 240, 29, 156,
       73, 16, 242, 51, 189, 90, 87, 40, 250, 61, 182, 125, 188, 191,
       253, 191, 121, 254, 124, 254, 127, 253, 127, 189, 117, 251, 244,
       67, 114, 245, 98, 211, 126, 221, 255, 245, 251, 122, 95, 247, 239,
       223, 44, 87, 190, 210, 120, 233, 125, 124, 92, 122, 47, 212, 117,
       245, 111, 153, 172, 24, 5, 240, 29, 156, 73, 16, 242, 51, 189,
       218, 87, 32, 250, 62, 245, 125, 254, 63, 189, 223, 121, 255, 255,
       253, 250, 253, 122, 244, 87, 255, 247, 103, 123, 245, 114, 211,
       126, 253, 255, 247, 251, 123, 255, 245, 235, 215, 44, 87, 190,
       218, 120, 249, 125, 120, 223, 121, 47, 213, 21, 245, 111, 153,
       172, 24, 5, 240, 29, 156, 89, 16, 242, 51, 189, 122, 215, 40, 250,
       60, 191, 255, 253, 62, 127, 249, 255, 253, 252, 222, 245, 127,
       127, 251, 252, 251, 220, 235, 107, 245, 127, 247, 255, 253, 107,
       246, 223, 125, 223, 255, 239, 255, 106, 117, 190, 255, 122, 249,
       125, 253, 93, 251, 62, 253, 167, 243, 111, 187, 172, 159, 207,
       242, 29, 157, 93, 62, 246, 127, 255, 251, 223, 47, 254, 68, 35,
       193, 128, 16, 2, 1, 78, 128, 66, 3, 52, 65, 130, 147, 66, 66, 84,
       1, 100, 0, 128, 196, 0, 12, 128, 136, 9, 18, 8, 48, 9, 112, 36,
       20, 186, 0, 112, 1, 212, 128, 64, 24, 10, 64, 4, 64, 204, 25, 44,
       16, 4, 32, 24, 132, 8, 128, 96, 33, 152, 72, 6, 32, 241, 3, 4, 64,
       2, 153, 128, 7, 8, 34, 0, 0, 112, 160, 11, 132, 85, 98, 84, 5, 64,
       193, 2, 137, 100, 68, 144, 40, 9, 146, 8, 1, 9, 20, 36, 20, 154,
       2, 112, 1, 212, 1, 66, 24, 11, 64, 16, 192, 69, 1, 36, 16, 4, 32,
       24, 140, 73, 16, 50, 34, 156, 88, 87, 32, 249 ]
