%YAML:1.0
descriptors: !!opencv-matrix
   rows: 19
   cols: 64
   dt: u
   data: [ 163, 212, 108, 138, 223, 29, 5, 8, 183, 71, 60, 234, 191, 123,
       36, 93, 227, 247, 37, 241, 80, 86, 177, 100, 118, 247, 57, 43,
       243, 26, 81, 105, 212, 44, 150, 186, 66, 112, 41, 252, 114, 222,
       56, 13, 208, 80, 244, 77, 145, 172, 24, 4, 248, 29, 142, 73, 56,
       242, 51, 188, 88, 215, 42, 249, 1, 2, 4, 2, 0, 8, 4, 6, 34, 4, 6,
       0, 0, 49, 0, 1, 0, 64, 0, 32, 64, 0, 0, 32, 8, 0, 8, 0, 48, 8, 0,
       1, 144, 4, 80, 128, 0, 0, 1, 0, 4, 16, 24, 7, 0, 128, 68, 76, 16,
       32, 1, 4, 16, 8, 131, 8, 40, 64, 2, 20, 64, 66, 36, 72, 2, 68, 0,
       138, 1, 8, 4, 1, 32, 66, 43, 4, 16, 4, 108, 33, 0, 32, 0, 4, 0, 0,
       16, 0, 80, 132, 8, 0, 0, 10, 8, 1, 0, 4, 83, 138, 0, 66, 0, 128,
       130, 144, 20, 1, 4, 86, 36, 76, 1, 32, 16, 4, 2, 9, 3, 0, 16, 96,
       0, 52, 0, 66, 34, 32, 1, 6, 1, 0, 72, 134, 2, 69, 160, 0, 2, 4, 0,
       5, 1, 1, 2, 96, 1, 64, 192, 34, 24, 67, 0, 128, 12, 4, 0, 8, 1,
       64, 69, 4, 67, 170, 0, 34, 5, 0, 0, 32, 16, 130, 64, 64, 128, 75,
       16, 44, 24, 0, 49, 24, 140, 0, 16, 98, 3, 180, 72, 70, 32, 112, 1,
       7, 0, 138, 0, 8, 4, 3, 34, 64, 0, 0, 16, 33, 44, 3, 64, 32, 1, 64,
       0, 32, 16, 2, 80, 128, 128, 8, 0, 136, 8, 1, 144, 4, 83, 170, 0,
       64, 1, 72, 34, 130, 24, 1, 84, 84, 100, 78, 17, 36, 16, 4, 32, 24,
       3, 9, 16, 98, 3, 180, 72, 66, 34, 225, 1, 3, 4, 16, 0, 2, 0, 66,
       34, 4, 3, 0, 0, 113, 0, 0, 68, 64, 0, 100, 66, 32, 0, 34, 8, 0,
       132, 8, 32, 8, 16, 65, 16, 6, 80, 170, 0, 66, 3, 192, 132, 2, 24,
       6, 64, 0, 192, 78, 17, 36, 1, 4, 48, 24, 131, 9, 0, 98, 3, 148,
       72, 6, 32, 249, 0, 2, 129, 144, 200, 132, 6, 69, 132, 42, 2, 6,
       129, 69, 147, 0, 74, 69, 1, 96, 200, 37, 194, 99, 78, 152, 180,
       15, 146, 8, 49, 74, 87, 36, 84, 186, 16, 40, 1, 68, 64, 64, 16,
       138, 193, 20, 193, 79, 25, 44, 24, 1, 240, 24, 156, 73, 16, 114,
       51, 189, 72, 87, 32, 250, 69, 2, 129, 144, 201, 130, 6, 78, 32,
       32, 2, 4, 128, 229, 131, 3, 202, 85, 1, 100, 200, 5, 202, 35, 78,
       200, 24, 15, 18, 8, 49, 75, 87, 38, 84, 186, 16, 120, 5, 86, 64,
       64, 24, 14, 65, 28, 65, 199, 25, 44, 24, 4, 113, 28, 156, 73, 16,
       112, 35, 189, 72, 87, 32, 250, 2, 0, 9, 19, 8, 192, 138, 132, 2,
       162, 3, 2, 128, 2, 3, 2, 75, 68, 32, 99, 130, 33, 194, 66, 72,
       213, 177, 43, 18, 10, 19, 74, 87, 36, 85, 186, 82, 104, 105, 86,
       48, 64, 56, 43, 213, 20, 245, 111, 153, 172, 24, 5, 240, 25, 156,
       73, 16, 114, 51, 189, 88, 87, 32, 250, 68, 10, 103, 145, 2, 223,
       131, 231, 173, 246, 10, 20, 17, 188, 249, 230, 194, 84, 65, 102,
       212, 48, 196, 51, 89, 160, 140, 4, 0, 138, 27, 91, 112, 36, 85,
       186, 82, 122, 201, 92, 176, 84, 24, 14, 84, 134, 192, 110, 153,
       44, 24, 5, 242, 29, 157, 73, 16, 98, 51, 188, 72, 86, 32, 248, 69,
       34, 65, 130, 17, 2, 3, 78, 128, 2, 2, 52, 1, 3, 129, 67, 66, 68,
       1, 100, 1, 128, 140, 32, 12, 128, 8, 9, 146, 8, 0, 9, 112, 36, 84,
       154, 0, 114, 5, 20, 128, 64, 24, 10, 64, 12, 64, 132, 16, 44, 80,
       4, 1, 24, 132, 8, 144, 96, 33, 28, 76, 70, 32, 177, 3, 4, 65, 2,
       157, 128, 7, 72, 226, 0, 0, 114, 160, 11, 132, 81, 98, 84, 5, 32,
       64, 2, 129, 100, 68, 128, 40, 9, 146, 8, 1, 9, 16, 36, 20, 154, 0,
       112, 1, 212, 1, 66, 24, 11, 64, 16, 192, 4, 0, 36, 16, 4, 32, 24,
       140, 9, 16, 48, 34, 156, 72, 86, 32, 249, 62, 244, 125, 255, 63,
       189, 255, 121, 255, 255, 253, 251, 253, 122, 252, 119, 246, 247,
       71, 123, 245, 114, 211, 126, 253, 255, 247, 255, 90, 255, 247,
       235, 215, 44, 215, 190, 222, 120, 233, 117, 122, 95, 123, 47, 213,
       21, 245, 111, 153, 172, 24, 5, 240, 29, 156, 89, 16, 242, 51, 189,
       91, 215, 40, 250, 62, 185, 255, 254, 54, 253, 253, 127, 247, 254,
       213, 241, 127, 122, 191, 222, 255, 222, 99, 107, 245, 127, 211,
       247, 253, 171, 246, 251, 91, 253, 245, 235, 199, 44, 87, 190, 223,
       120, 249, 125, 120, 93, 247, 47, 245, 53, 247, 111, 187, 172, 152,
       7, 240, 29, 156, 89, 16, 242, 115, 191, 123, 87, 40, 250, 61, 182,
       125, 254, 63, 253, 251, 120, 255, 252, 223, 247, 253, 127, 254,
       119, 247, 246, 67, 123, 245, 106, 211, 126, 221, 190, 244, 251,
       126, 95, 247, 239, 223, 44, 87, 190, 214, 122, 249, 125, 124, 93,
       123, 47, 212, 55, 247, 111, 153, 172, 24, 5, 240, 29, 156, 73, 48,
       242, 51, 189, 218, 87, 32, 250, 61, 190, 253, 239, 63, 253, 253,
       124, 255, 253, 222, 253, 253, 127, 189, 245, 255, 254, 227, 251,
       245, 114, 219, 255, 253, 127, 229, 255, 126, 223, 245, 239, 223,
       108, 215, 190, 255, 121, 249, 125, 120, 93, 123, 47, 213, 181,
       247, 111, 185, 172, 153, 13, 240, 29, 158, 93, 54, 242, 55, 189,
       251, 223, 44, 254, 60, 182, 125, 254, 62, 253, 189, 121, 255, 252,
       222, 247, 253, 127, 185, 85, 255, 254, 67, 98, 245, 114, 211, 246,
       221, 190, 244, 251, 126, 223, 247, 235, 223, 108, 87, 190, 223,
       120, 249, 124, 124, 93, 122, 47, 212, 53, 247, 111, 153, 172, 24,
       5, 240, 29, 156, 73, 16, 242, 51, 189, 90, 87, 32, 250, 7, 2, 65,
       2, 217, 128, 3, 72, 2, 0, 0, 50, 160, 11, 128, 1, 98, 68, 5, 4,
       72, 0, 136, 96, 6, 128, 8, 9, 146, 8, 1, 9, 16, 36, 20, 154, 0,
       112, 5, 148, 1, 64, 8, 10, 64, 8, 72, 132, 0, 36, 80, 4, 0, 26,
       132, 11, 16, 32, 32, 28, 72, 6, 32, 177, 54, 49, 241, 150, 23,
       134, 25, 75, 198, 70, 145, 48, 117, 202, 176, 87, 242, 213, 3,
       103, 67, 46, 193, 119, 76, 154, 166, 13, 82, 12, 48, 40, 214, 36,
       20, 190, 82, 120, 193, 116, 112, 72, 56, 15, 208, 20, 229, 78,
       153, 172, 24, 5, 240, 28, 156, 73, 16, 242, 51, 189, 88, 87, 32,
       250 ]
