%YAML:1.0
descriptors: !!opencv-matrix
   rows: 10
   cols: 64
   dt: u
   data: [ 63, 246, 125, 174, 191, 189, 191, 121, 255, 126, 253, 251,
       253, 123, 189, 85, 251, 246, 99, 114, 245, 114, 211, 126, 220,
       253, 245, 187, 123, 223, 247, 235, 223, 44, 87, 190, 214, 120,
       233, 125, 120, 95, 123, 47, 213, 53, 245, 111, 153, 172, 24, 13,
       240, 29, 156, 89, 48, 242, 51, 189, 218, 215, 40, 250, 63, 247,
       125, 252, 63, 189, 95, 121, 255, 127, 253, 250, 253, 120, 244, 87,
       246, 245, 71, 115, 245, 114, 211, 118, 221, 255, 247, 123, 122,
       254, 245, 235, 215, 44, 87, 190, 218, 120, 249, 125, 120, 95, 61,
       47, 213, 20, 245, 111, 153, 172, 24, 5, 242, 29, 156, 73, 16, 242,
       51, 189, 88, 215, 40, 250, 62, 49, 253, 190, 63, 127, 117, 127,
       214, 124, 220, 181, 125, 126, 188, 86, 255, 222, 99, 242, 245, 54,
       193, 247, 221, 255, 245, 207, 82, 222, 247, 235, 223, 44, 69, 190,
       95, 120, 233, 124, 120, 93, 48, 47, 213, 53, 247, 111, 153, 172,
       24, 5, 240, 29, 156, 73, 16, 242, 51, 189, 88, 87, 32, 250, 61,
       190, 255, 252, 62, 125, 253, 127, 253, 252, 254, 245, 127, 127,
       251, 254, 251, 252, 227, 107, 245, 126, 223, 255, 253, 239, 228,
       155, 127, 223, 127, 239, 223, 108, 87, 190, 215, 122, 249, 125,
       124, 93, 251, 175, 212, 183, 247, 111, 185, 172, 153, 13, 240, 29,
       157, 77, 60, 242, 115, 189, 219, 95, 40, 254, 4, 33, 193, 144, 16,
       2, 1, 78, 0, 6, 3, 52, 81, 130, 145, 66, 194, 84, 1, 100, 1, 128,
       196, 3, 12, 128, 160, 9, 18, 8, 48, 9, 112, 36, 20, 186, 0, 112,
       1, 84, 128, 64, 20, 10, 64, 20, 64, 76, 25, 44, 16, 4, 32, 24,
       148, 9, 144, 98, 33, 184, 72, 6, 32, 241, 191, 54, 125, 247, 255,
       181, 251, 248, 254, 255, 214, 119, 237, 127, 219, 117, 242, 213,
       7, 99, 229, 41, 195, 126, 205, 250, 242, 191, 222, 95, 115, 255,
       215, 36, 85, 190, 86, 122, 233, 117, 216, 92, 27, 14, 209, 5, 241,
       111, 153, 172, 24, 5, 240, 29, 156, 73, 16, 242, 51, 189, 88, 87,
       32, 250, 35, 6, 64, 2, 153, 128, 1, 72, 166, 64, 0, 48, 160, 11,
       128, 69, 98, 116, 1, 96, 192, 2, 137, 100, 68, 128, 32, 9, 146, 8,
       1, 9, 84, 36, 84, 154, 64, 48, 1, 84, 0, 66, 24, 139, 64, 16, 192,
       69, 17, 36, 16, 4, 32, 24, 140, 9, 16, 114, 51, 156, 72, 87, 32,
       249, 252, 191, 255, 253, 62, 127, 249, 255, 253, 252, 222, 245,
       127, 254, 251, 238, 251, 252, 251, 107, 245, 255, 244, 183, 255,
       239, 246, 159, 127, 223, 126, 255, 255, 111, 103, 254, 215, 122,
       249, 125, 254, 93, 251, 62, 221, 167, 243, 111, 189, 173, 223,
       141, 242, 31, 159, 93, 52, 246, 123, 255, 251, 159, 42, 254, 31,
       177, 221, 62, 63, 107, 176, 126, 242, 144, 212, 181, 124, 86, 175,
       89, 239, 223, 35, 242, 197, 39, 195, 247, 205, 223, 244, 205, 82,
       78, 183, 106, 223, 44, 85, 190, 91, 120, 233, 116, 120, 93, 56,
       47, 213, 117, 247, 111, 153, 172, 24, 5, 240, 29, 156, 73, 16,
       242, 51, 189, 88, 87, 32, 250, 191, 245, 125, 255, 63, 189, 255,
       120, 255, 255, 253, 251, 253, 122, 244, 95, 246, 247, 119, 123,
       253, 119, 211, 118, 253, 255, 247, 255, 123, 255, 247, 235, 215,
       44, 22, 254, 218, 121, 249, 253, 122, 223, 121, 47, 209, 21, 245,
       111, 153, 172, 24, 5, 248, 29, 156, 77, 16, 242, 51, 189, 123,
       215, 42, 251 ]
