%YAML:1.0
descriptors: !!opencv-matrix
   rows: 6
   cols: 64
   dt: u
   data: [ 60, 191, 255, 253, 62, 253, 249, 127, 255, 252, 222, 253, 255,
       126, 253, 252, 251, 252, 227, 123, 245, 126, 211, 255, 253, 127,
       231, 255, 126, 223, 255, 239, 207, 108, 71, 190, 254, 123, 249,
       125, 249, 93, 255, 47, 213, 183, 247, 111, 187, 174, 153, 79, 242,
       29, 156, 93, 54, 242, 127, 255, 251, 223, 44, 254, 62, 189, 255,
       254, 54, 255, 253, 119, 119, 254, 85, 245, 95, 255, 188, 222, 255,
       222, 97, 235, 247, 125, 193, 243, 221, 255, 242, 223, 123, 221,
       245, 235, 215, 36, 85, 186, 223, 120, 249, 124, 112, 93, 185, 47,
       213, 20, 247, 111, 155, 172, 25, 5, 240, 29, 156, 73, 16, 242,
       115, 189, 90, 87, 32, 250, 63, 246, 125, 255, 63, 189, 255, 121,
       255, 255, 253, 251, 253, 123, 253, 87, 247, 246, 67, 123, 245,
       114, 211, 126, 253, 255, 247, 251, 126, 255, 247, 235, 215, 108,
       215, 190, 222, 121, 249, 125, 120, 95, 123, 47, 212, 181, 247,
       111, 187, 172, 24, 5, 240, 29, 156, 93, 16, 242, 115, 191, 251,
       223, 40, 250, 69, 35, 65, 128, 16, 2, 1, 78, 0, 66, 0, 52, 1, 131,
       129, 66, 66, 68, 1, 100, 0, 128, 128, 32, 12, 128, 8, 9, 146, 8,
       0, 9, 112, 36, 20, 154, 0, 112, 5, 212, 128, 64, 24, 10, 64, 12,
       64, 196, 17, 36, 80, 4, 0, 24, 132, 8, 128, 96, 33, 152, 72, 6,
       32, 241, 5, 34, 65, 128, 209, 0, 35, 72, 32, 68, 2, 54, 1, 11,
       128, 65, 66, 68, 5, 100, 64, 128, 136, 32, 78, 136, 8, 1, 146, 8,
       32, 9, 112, 36, 84, 154, 0, 114, 5, 148, 133, 64, 24, 2, 64, 0,
       64, 132, 0, 36, 80, 4, 65, 26, 132, 9, 16, 96, 33, 156, 72, 70,
       32, 248, 35, 22, 81, 130, 29, 128, 3, 8, 230, 66, 0, 48, 45, 11,
       128, 85, 98, 214, 1, 96, 192, 34, 129, 100, 76, 128, 160, 9, 18,
       8, 1, 105, 84, 36, 84, 186, 66, 112, 1, 84, 64, 64, 24, 11, 64,
       16, 228, 77, 144, 44, 24, 4, 112, 24, 156, 73, 16, 114, 51, 188,
       88, 87, 32, 248 ]
