%YAML:1.0
descriptors: !!opencv-matrix
   rows: 24
   cols: 64
   dt: u
   data: [ 131, 1, 0, 2, 205, 128, 2, 8, 34, 1, 0, 67, 160, 75, 2, 17,
       100, 35, 1, 212, 64, 45, 3, 66, 6, 138, 32, 9, 146, 8, 1, 1, 22,
       38, 16, 186, 2, 8, 1, 196, 65, 66, 24, 11, 192, 80, 145, 79, 17,
       36, 24, 4, 112, 24, 156, 65, 16, 50, 51, 149, 24, 87, 32, 105, 67,
       135, 128, 18, 9, 138, 6, 6, 2, 33, 1, 192, 146, 98, 4, 2, 8, 1,
       32, 209, 194, 37, 67, 67, 64, 83, 145, 46, 0, 8, 1, 64, 151, 38,
       64, 186, 0, 8, 107, 106, 96, 56, 56, 43, 209, 84, 181, 111, 17,
       172, 24, 4, 240, 25, 152, 9, 16, 242, 51, 181, 24, 87, 32, 74,
       195, 4, 0, 54, 217, 130, 2, 8, 2, 41, 0, 99, 162, 195, 128, 17,
       98, 7, 5, 68, 200, 141, 170, 105, 6, 138, 40, 15, 146, 8, 33, 77,
       83, 167, 20, 187, 0, 32, 5, 198, 193, 66, 24, 10, 73, 24, 200,
       213, 8, 36, 88, 4, 97, 26, 140, 203, 16, 48, 35, 152, 8, 70, 50,
       121, 63, 186, 253, 162, 127, 255, 183, 120, 254, 220, 222, 119,
       253, 127, 251, 245, 251, 247, 99, 114, 245, 103, 211, 246, 205,
       255, 241, 191, 126, 94, 243, 235, 223, 44, 87, 190, 91, 122, 233,
       116, 124, 92, 56, 47, 213, 53, 247, 111, 153, 172, 24, 5, 240, 29,
       156, 73, 16, 242, 51, 189, 88, 87, 32, 250, 62, 241, 125, 158, 54,
       255, 31, 121, 247, 213, 253, 250, 253, 126, 182, 126, 255, 215,
       99, 247, 245, 55, 195, 118, 221, 255, 245, 125, 115, 158, 247,
       169, 215, 44, 85, 190, 218, 120, 233, 124, 112, 93, 57, 47, 213,
       20, 245, 111, 153, 172, 25, 5, 240, 29, 156, 73, 16, 242, 51, 189,
       88, 87, 32, 250, 246, 49, 243, 151, 246, 71, 91, 239, 198, 239,
       209, 54, 247, 194, 147, 82, 250, 213, 51, 103, 75, 173, 231, 54,
       206, 203, 254, 47, 210, 8, 114, 59, 115, 37, 20, 191, 82, 116,
       193, 212, 80, 72, 17, 14, 201, 28, 193, 30, 153, 172, 24, 5, 240,
       30, 148, 73, 144, 242, 49, 189, 92, 86, 32, 248, 12, 34, 229, 161,
       72, 247, 162, 245, 32, 252, 194, 21, 80, 53, 155, 160, 203, 77,
       195, 96, 240, 1, 206, 240, 77, 120, 156, 132, 64, 6, 51, 203, 213,
       0, 85, 186, 81, 122, 233, 116, 124, 20, 24, 38, 69, 165, 246, 109,
       153, 172, 24, 5, 240, 29, 156, 73, 16, 226, 51, 188, 72, 87, 32,
       250, 76, 238, 239, 169, 114, 127, 167, 245, 189, 254, 234, 154,
       217, 60, 255, 238, 203, 221, 107, 108, 244, 213, 194, 240, 93,
       253, 189, 165, 89, 198, 51, 235, 213, 36, 85, 186, 82, 120, 233,
       116, 120, 92, 56, 47, 213, 151, 247, 109, 153, 172, 24, 5, 240,
       29, 156, 73, 16, 242, 51, 189, 88, 87, 32, 250, 94, 50, 113, 161,
       252, 176, 175, 88, 224, 63, 211, 118, 205, 5, 145, 81, 226, 205,
       11, 96, 233, 37, 130, 120, 76, 220, 184, 175, 214, 14, 49, 251,
       87, 36, 93, 187, 82, 120, 41, 86, 96, 64, 24, 14, 197, 12, 244,
       29, 152, 172, 24, 5, 240, 28, 156, 73, 16, 242, 51, 157, 88, 87,
       32, 242, 255, 57, 255, 246, 118, 35, 127, 254, 214, 253, 245, 179,
       127, 235, 146, 90, 250, 213, 55, 103, 237, 173, 231, 55, 206, 203,
       243, 175, 82, 12, 114, 235, 243, 36, 20, 186, 82, 120, 225, 244,
       80, 94, 57, 47, 209, 20, 193, 111, 153, 172, 24, 5, 240, 29, 156,
       73, 16, 242, 51, 189, 88, 86, 32, 251, 252, 253, 255, 255, 118,
       127, 121, 255, 255, 252, 255, 191, 127, 254, 255, 254, 251, 213,
       123, 111, 125, 255, 247, 183, 223, 255, 247, 191, 251, 223, 126,
       251, 251, 44, 87, 254, 214, 122, 249, 124, 250, 93, 125, 63, 213,
       55, 229, 110, 157, 172, 154, 13, 242, 29, 157, 73, 16, 246, 123,
       189, 91, 86, 42, 250, 60, 191, 247, 182, 59, 111, 161, 127, 116,
       124, 198, 117, 125, 126, 187, 68, 251, 221, 225, 98, 245, 37, 195,
       115, 95, 250, 176, 143, 122, 78, 115, 235, 215, 36, 85, 186, 83,
       122, 233, 116, 112, 93, 56, 47, 213, 21, 247, 111, 153, 172, 24,
       5, 240, 29, 156, 73, 16, 242, 51, 189, 88, 87, 32, 250, 63, 246,
       125, 254, 63, 253, 127, 121, 255, 126, 253, 251, 253, 123, 252,
       255, 243, 245, 103, 115, 245, 114, 209, 118, 221, 255, 245, 187,
       123, 223, 119, 235, 215, 44, 87, 190, 218, 120, 249, 125, 126, 95,
       58, 175, 213, 55, 245, 111, 153, 172, 24, 13, 240, 29, 157, 73,
       24, 242, 51, 189, 90, 215, 42, 251, 254, 177, 255, 246, 54, 39,
       253, 251, 214, 223, 245, 243, 255, 234, 146, 94, 242, 213, 39,
       103, 103, 175, 227, 119, 206, 138, 183, 175, 82, 12, 116, 235,
       215, 36, 20, 190, 82, 120, 225, 244, 88, 94, 57, 47, 209, 20, 209,
       111, 153, 172, 24, 5, 240, 29, 156, 73, 16, 242, 51, 189, 88, 87,
       32, 251, 252, 249, 255, 253, 54, 127, 125, 255, 255, 254, 253,
       187, 127, 254, 255, 254, 251, 213, 127, 111, 127, 255, 244, 183,
       255, 255, 247, 253, 123, 223, 126, 251, 194, 44, 23, 255, 222,
       125, 249, 125, 122, 223, 245, 63, 215, 55, 245, 110, 159, 172,
       159, 141, 248, 29, 156, 93, 80, 246, 123, 255, 123, 222, 42, 251,
       60, 191, 255, 252, 62, 127, 241, 127, 253, 252, 222, 245, 127,
       127, 255, 236, 251, 252, 235, 107, 245, 127, 215, 247, 253, 255,
       245, 187, 127, 223, 127, 239, 223, 108, 87, 190, 215, 122, 249,
       125, 253, 93, 251, 63, 213, 167, 247, 111, 185, 173, 159, 13, 242,
       29, 158, 93, 52, 246, 127, 191, 251, 223, 44, 254, 61, 178, 255,
       247, 62, 117, 251, 252, 254, 252, 214, 119, 125, 127, 155, 244,
       251, 212, 67, 99, 245, 41, 199, 126, 205, 170, 244, 155, 94, 79,
       119, 239, 247, 36, 85, 190, 86, 122, 233, 117, 216, 92, 27, 46,
       213, 23, 241, 111, 153, 172, 24, 5, 240, 29, 156, 73, 16, 242, 51,
       189, 88, 87, 32, 250, 60, 177, 253, 254, 55, 127, 253, 127, 119,
       252, 212, 245, 125, 126, 190, 94, 255, 222, 97, 99, 245, 61, 193,
       243, 221, 255, 240, 223, 122, 222, 247, 235, 223, 36, 87, 186, 83,
       120, 233, 124, 112, 93, 60, 47, 213, 21, 247, 111, 153, 172, 24,
       5, 240, 29, 156, 73, 16, 242, 51, 189, 88, 87, 32, 250, 3, 6, 64,
       2, 153, 128, 5, 72, 34, 0, 2, 32, 32, 75, 160, 21, 98, 116, 1, 64,
       193, 34, 129, 98, 68, 128, 32, 9, 18, 8, 1, 65, 86, 36, 84, 186,
       0, 112, 1, 84, 64, 64, 24, 11, 64, 64, 196, 79, 16, 44, 24, 4,
       112, 24, 156, 73, 16, 50, 51, 156, 72, 87, 32, 248, 63, 55, 253,
       254, 63, 253, 93, 126, 247, 254, 223, 176, 125, 127, 191, 87, 255,
       246, 99, 242, 245, 115, 211, 119, 205, 255, 245, 127, 122, 94,
       247, 235, 223, 44, 87, 190, 218, 120, 233, 125, 120, 93, 56, 47,
       213, 53, 245, 111, 153, 172, 24, 5, 240, 29, 156, 73, 16, 242, 51,
       189, 88, 87, 32, 250, 62, 245, 253, 190, 54, 181, 93, 123, 247,
       238, 245, 186, 253, 234, 180, 95, 254, 215, 99, 243, 247, 54, 211,
       119, 221, 187, 247, 127, 82, 188, 245, 235, 199, 44, 23, 190, 218,
       120, 225, 117, 112, 94, 61, 47, 213, 20, 245, 111, 153, 172, 24,
       5, 240, 29, 156, 73, 16, 242, 51, 189, 88, 87, 40, 251, 83, 17,
       211, 150, 16, 2, 25, 14, 230, 132, 21, 17, 63, 235, 146, 82, 238,
       215, 32, 103, 66, 45, 193, 39, 78, 138, 176, 13, 82, 8, 16, 41,
       214, 36, 20, 186, 82, 120, 65, 84, 80, 72, 56, 15, 201, 20, 225,
       110, 153, 172, 24, 5, 240, 24, 156, 73, 16, 242, 51, 189, 88, 87,
       32, 250, 61, 62, 247, 245, 255, 245, 187, 252, 252, 253, 214, 119,
       237, 127, 251, 245, 242, 221, 67, 98, 245, 47, 206, 127, 207, 170,
       240, 159, 222, 93, 115, 255, 247, 36, 85, 190, 87, 122, 233, 117,
       216, 92, 90, 14, 193, 7, 211, 111, 153, 172, 24, 5, 240, 29, 157,
       73, 16, 242, 51, 189, 90, 87, 32, 250, 61, 182, 253, 173, 191,
       253, 187, 125, 252, 124, 214, 117, 253, 127, 187, 85, 251, 253,
       67, 98, 245, 103, 219, 127, 93, 248, 244, 191, 122, 93, 115, 239,
       215, 44, 87, 190, 211, 122, 233, 124, 120, 92, 26, 175, 213, 53,
       247, 111, 153, 172, 24, 13, 240, 29, 156, 73, 16, 242, 51, 189,
       90, 87, 32, 250 ]
