%YAML:1.0
descriptors: !!opencv-matrix
   rows: 9
   cols: 64
   dt: u
   data: [ 61, 182, 125, 175, 255, 253, 191, 120, 254, 124, 222, 63, 253,
       127, 253, 213, 251, 244, 67, 112, 245, 114, 155, 124, 206, 253,
       245, 187, 254, 95, 247, 239, 221, 108, 87, 190, 210, 112, 233,
       125, 124, 93, 90, 47, 213, 181, 244, 77, 153, 172, 24, 13, 240,
       29, 158, 73, 48, 242, 51, 189, 218, 87, 36, 250, 63, 245, 125,
       252, 63, 189, 95, 121, 255, 127, 253, 250, 253, 122, 244, 87, 242,
       245, 103, 115, 247, 114, 211, 118, 221, 255, 247, 123, 122, 254,
       245, 235, 215, 44, 87, 190, 218, 120, 249, 125, 120, 95, 125, 47,
       213, 20, 245, 111, 153, 172, 24, 5, 242, 29, 156, 89, 16, 242, 51,
       189, 88, 215, 40, 250, 63, 246, 125, 255, 255, 253, 191, 120, 252,
       125, 254, 123, 253, 123, 252, 85, 251, 253, 103, 114, 245, 98,
       147, 118, 221, 255, 245, 191, 254, 95, 119, 235, 223, 44, 87, 190,
       211, 120, 233, 125, 124, 93, 58, 175, 213, 49, 247, 111, 153, 172,
       24, 13, 240, 29, 156, 73, 48, 242, 51, 189, 90, 87, 32, 250, 4,
       33, 193, 144, 16, 2, 1, 78, 128, 2, 3, 52, 81, 130, 145, 66, 194,
       84, 1, 100, 1, 128, 196, 3, 12, 128, 160, 9, 18, 8, 48, 9, 112,
       36, 20, 186, 0, 112, 1, 84, 128, 64, 20, 10, 64, 20, 64, 76, 25,
       44, 16, 4, 32, 24, 148, 73, 144, 98, 33, 184, 72, 6, 32, 241, 191,
       54, 125, 247, 255, 181, 251, 248, 254, 253, 214, 119, 237, 127,
       219, 85, 242, 213, 7, 99, 229, 41, 195, 126, 205, 250, 242, 191,
       222, 31, 115, 255, 247, 36, 85, 190, 86, 122, 233, 117, 216, 92,
       27, 14, 209, 5, 209, 111, 153, 172, 24, 5, 240, 29, 157, 73, 16,
       242, 51, 189, 88, 87, 32, 250, 35, 6, 64, 2, 153, 128, 1, 72, 162,
       0, 0, 48, 160, 11, 128, 5, 98, 116, 1, 96, 192, 2, 129, 100, 68,
       128, 32, 9, 146, 8, 1, 9, 84, 36, 84, 154, 64, 48, 1, 84, 0, 66,
       24, 139, 64, 16, 192, 69, 16, 36, 16, 4, 32, 24, 140, 9, 16, 114,
       51, 156, 72, 87, 32, 249, 252, 191, 255, 253, 62, 127, 249, 255,
       253, 252, 222, 245, 127, 254, 251, 238, 251, 252, 251, 107, 245,
       255, 244, 183, 255, 239, 246, 159, 127, 223, 127, 255, 255, 111,
       103, 254, 215, 122, 249, 125, 254, 93, 251, 62, 221, 167, 243,
       111, 189, 173, 223, 141, 242, 29, 159, 93, 52, 246, 123, 255, 251,
       159, 42, 254, 30, 145, 220, 190, 55, 107, 176, 126, 54, 152, 214,
       181, 61, 94, 191, 83, 255, 223, 97, 243, 197, 39, 195, 115, 77,
       219, 240, 77, 82, 76, 183, 233, 223, 36, 87, 186, 83, 120, 233,
       116, 112, 93, 56, 47, 213, 21, 247, 111, 153, 172, 24, 5, 240, 29,
       156, 73, 16, 242, 51, 189, 88, 87, 32, 250, 191, 245, 125, 255,
       63, 189, 255, 120, 255, 255, 253, 251, 253, 122, 244, 95, 246,
       247, 119, 123, 253, 119, 211, 118, 253, 255, 247, 255, 123, 255,
       247, 235, 215, 44, 86, 254, 218, 121, 249, 253, 122, 223, 121, 47,
       209, 21, 245, 111, 153, 172, 24, 5, 248, 29, 156, 77, 16, 242, 51,
       189, 123, 215, 42, 251 ]
