%YAML:1.0
descriptors: !!opencv-matrix
   rows: 19
   cols: 64
   dt: u
   data: [ 131, 5, 0, 6, 205, 130, 2, 8, 2, 1, 0, 67, 162, 75, 6, 17, 98,
       7, 5, 84, 64, 45, 131, 98, 6, 138, 32, 15, 146, 8, 1, 1, 214, 39,
       20, 186, 2, 32, 5, 196, 65, 66, 24, 11, 193, 16, 249, 79, 17, 36,
       24, 4, 112, 26, 156, 73, 16, 50, 51, 189, 24, 87, 32, 233, 3, 135,
       128, 18, 9, 138, 6, 6, 2, 33, 1, 192, 146, 98, 4, 2, 8, 1, 32,
       209, 194, 37, 67, 67, 64, 83, 145, 46, 0, 8, 1, 64, 151, 38, 64,
       170, 0, 8, 107, 106, 96, 56, 56, 41, 213, 84, 181, 111, 17, 172,
       24, 4, 240, 25, 152, 9, 16, 242, 51, 181, 24, 83, 32, 74, 195, 4,
       0, 54, 217, 130, 2, 8, 2, 41, 0, 99, 162, 203, 128, 17, 98, 71, 5,
       68, 200, 175, 170, 104, 6, 138, 40, 15, 146, 8, 33, 77, 83, 167,
       52, 187, 0, 32, 5, 198, 193, 66, 24, 10, 73, 24, 200, 213, 8, 36,
       88, 4, 97, 26, 140, 203, 16, 56, 35, 152, 8, 70, 48, 121, 254,
       249, 125, 222, 54, 255, 95, 121, 255, 215, 253, 254, 255, 126,
       254, 254, 251, 215, 119, 103, 117, 119, 243, 246, 221, 255, 245,
       127, 115, 222, 246, 169, 214, 44, 87, 190, 218, 120, 233, 253,
       114, 95, 61, 47, 213, 54, 245, 111, 159, 172, 152, 13, 242, 29,
       156, 89, 16, 242, 51, 189, 89, 87, 42, 251, 246, 49, 243, 151,
       246, 71, 91, 239, 198, 231, 209, 54, 247, 194, 147, 82, 250, 213,
       51, 103, 75, 173, 231, 54, 206, 203, 254, 47, 210, 8, 114, 59,
       115, 37, 20, 191, 82, 116, 193, 212, 80, 72, 25, 14, 201, 28, 193,
       30, 153, 172, 24, 5, 240, 30, 156, 73, 16, 242, 49, 189, 92, 86,
       32, 248, 76, 234, 239, 169, 114, 127, 167, 245, 189, 254, 234,
       154, 217, 60, 255, 238, 203, 221, 107, 108, 244, 213, 194, 240,
       77, 253, 189, 165, 89, 198, 51, 235, 213, 36, 85, 186, 82, 120,
       233, 116, 120, 92, 56, 47, 213, 151, 247, 109, 153, 172, 24, 5,
       240, 29, 156, 73, 16, 242, 51, 189, 88, 87, 32, 250, 94, 50, 113,
       161, 252, 176, 175, 88, 192, 63, 211, 118, 205, 5, 145, 81, 226,
       205, 11, 96, 201, 37, 130, 120, 76, 220, 184, 175, 214, 14, 49,
       251, 87, 36, 93, 187, 82, 120, 41, 86, 96, 64, 24, 14, 197, 12,
       244, 29, 152, 172, 24, 5, 240, 28, 156, 73, 16, 242, 51, 157, 88,
       87, 32, 242, 252, 190, 255, 253, 127, 127, 241, 255, 253, 252,
       254, 255, 127, 255, 251, 238, 251, 253, 251, 107, 245, 127, 246,
       247, 127, 235, 244, 159, 127, 223, 127, 255, 255, 109, 87, 254,
       215, 122, 249, 124, 250, 93, 122, 62, 221, 167, 243, 111, 189,
       173, 159, 13, 240, 29, 159, 77, 48, 246, 59, 189, 91, 95, 38, 250,
       255, 49, 255, 246, 118, 39, 127, 254, 214, 253, 245, 179, 127,
       235, 146, 90, 250, 213, 55, 103, 237, 173, 231, 55, 206, 219, 243,
       47, 82, 12, 114, 235, 211, 36, 20, 186, 82, 120, 225, 244, 80, 94,
       56, 47, 209, 20, 193, 111, 153, 172, 24, 5, 240, 29, 156, 73, 16,
       242, 51, 189, 88, 86, 32, 251, 252, 253, 255, 255, 118, 127, 121,
       255, 255, 252, 255, 191, 127, 254, 255, 254, 251, 213, 123, 111,
       125, 255, 247, 183, 223, 255, 247, 191, 251, 223, 126, 251, 251,
       44, 87, 254, 214, 122, 249, 124, 250, 93, 125, 63, 213, 55, 229,
       110, 157, 172, 154, 13, 242, 29, 157, 73, 16, 246, 123, 189, 91,
       86, 42, 250, 60, 191, 247, 182, 123, 111, 161, 127, 116, 124, 198,
       117, 125, 126, 187, 68, 251, 221, 225, 98, 245, 37, 195, 243, 79,
       250, 176, 143, 122, 78, 115, 235, 223, 36, 85, 186, 83, 120, 233,
       116, 112, 93, 56, 47, 213, 21, 247, 111, 153, 172, 24, 5, 240, 29,
       156, 73, 16, 242, 51, 189, 88, 87, 32, 250, 63, 246, 125, 252, 63,
       61, 63, 121, 253, 126, 252, 251, 253, 127, 252, 253, 243, 253,
       103, 115, 245, 114, 209, 118, 221, 255, 245, 251, 123, 223, 247,
       235, 223, 108, 87, 190, 219, 120, 249, 125, 126, 95, 58, 47, 213,
       55, 247, 111, 153, 172, 24, 13, 240, 29, 157, 73, 24, 242, 51,
       189, 90, 215, 42, 251, 254, 177, 255, 246, 54, 39, 253, 254, 214,
       223, 245, 243, 255, 234, 146, 94, 242, 213, 39, 103, 103, 175,
       227, 119, 206, 138, 182, 175, 82, 12, 116, 235, 215, 36, 20, 190,
       82, 120, 225, 244, 88, 94, 57, 47, 209, 20, 209, 111, 153, 172,
       24, 5, 240, 29, 156, 73, 16, 242, 51, 189, 88, 87, 32, 251, 252,
       253, 255, 252, 54, 127, 253, 255, 253, 252, 255, 253, 127, 254,
       255, 254, 251, 220, 115, 107, 245, 255, 245, 183, 253, 255, 247,
       191, 123, 223, 255, 235, 223, 108, 71, 254, 215, 122, 249, 125,
       126, 221, 255, 47, 213, 55, 247, 111, 191, 172, 155, 141, 242, 29,
       156, 93, 56, 246, 123, 255, 251, 223, 42, 254, 61, 178, 247, 245,
       62, 117, 251, 252, 252, 252, 214, 119, 125, 127, 155, 244, 250,
       212, 67, 99, 245, 41, 198, 126, 205, 170, 244, 155, 94, 77, 119,
       239, 247, 36, 85, 190, 86, 122, 233, 117, 216, 92, 27, 46, 213,
       23, 241, 111, 153, 172, 24, 5, 240, 29, 156, 73, 16, 242, 51, 189,
       88, 87, 32, 250, 60, 177, 253, 254, 55, 127, 253, 127, 119, 252,
       212, 245, 125, 126, 190, 94, 255, 222, 97, 99, 245, 61, 193, 243,
       221, 255, 240, 223, 90, 222, 247, 235, 223, 36, 87, 186, 83, 120,
       233, 124, 112, 93, 60, 47, 213, 21, 247, 111, 153, 172, 24, 5,
       240, 29, 156, 73, 16, 242, 51, 189, 88, 87, 32, 250, 3, 6, 64, 2,
       25, 128, 5, 72, 34, 0, 2, 32, 32, 75, 160, 21, 98, 116, 1, 64,
       193, 34, 145, 98, 68, 128, 32, 9, 18, 8, 1, 65, 86, 36, 84, 186,
       0, 48, 1, 84, 64, 64, 24, 11, 64, 64, 192, 79, 16, 44, 24, 4, 112,
       24, 156, 65, 16, 114, 51, 156, 72, 87, 32, 120, 63, 183, 253, 254,
       63, 253, 93, 127, 247, 254, 223, 176, 125, 127, 191, 87, 255, 246,
       99, 114, 245, 115, 211, 119, 221, 255, 245, 127, 122, 94, 247,
       235, 223, 44, 87, 190, 218, 120, 233, 125, 120, 93, 56, 47, 213,
       53, 245, 111, 153, 172, 24, 5, 240, 29, 156, 73, 16, 242, 51, 189,
       88, 87, 32, 250, 62, 245, 253, 190, 54, 181, 93, 123, 247, 238,
       245, 186, 253, 234, 180, 94, 254, 215, 99, 243, 247, 54, 211, 119,
       221, 187, 247, 127, 82, 188, 245, 235, 199, 44, 23, 190, 218, 120,
       225, 117, 112, 94, 61, 47, 213, 20, 245, 111, 153, 172, 24, 5,
       240, 29, 156, 73, 16, 242, 51, 189, 88, 87, 40, 251 ]
