%YAML:1.0
descriptors: !!opencv-matrix
   rows: 12
   cols: 64
   dt: u
   data: [ 191, 50, 125, 247, 191, 177, 191, 120, 246, 255, 209, 115,
       237, 107, 176, 85, 246, 215, 7, 99, 229, 32, 195, 126, 204, 138,
       226, 91, 90, 8, 245, 235, 247, 36, 84, 190, 82, 120, 225, 245, 80,
       94, 27, 14, 208, 21, 193, 79, 153, 172, 24, 5, 240, 29, 156, 73,
       16, 242, 51, 189, 88, 87, 32, 249, 63, 247, 125, 254, 63, 189, 95,
       121, 255, 127, 253, 250, 253, 122, 244, 87, 246, 247, 103, 115,
       247, 114, 211, 118, 221, 255, 247, 123, 122, 254, 245, 235, 215,
       44, 87, 190, 218, 120, 249, 125, 120, 95, 125, 47, 213, 20, 245,
       111, 153, 172, 24, 5, 242, 29, 156, 89, 16, 242, 51, 189, 88, 215,
       40, 250, 60, 249, 255, 254, 62, 127, 253, 127, 245, 252, 252, 245,
       127, 255, 191, 238, 251, 252, 99, 107, 245, 127, 209, 255, 253,
       239, 183, 155, 123, 223, 127, 239, 223, 108, 87, 190, 223, 120,
       249, 125, 122, 93, 123, 47, 212, 53, 247, 111, 185, 172, 152, 13,
       240, 29, 156, 93, 56, 242, 123, 189, 219, 87, 42, 250, 62, 49,
       253, 254, 63, 55, 125, 127, 119, 254, 221, 177, 125, 254, 182, 94,
       255, 222, 97, 243, 245, 117, 193, 243, 220, 255, 240, 223, 90,
       220, 245, 235, 223, 36, 87, 186, 91, 120, 233, 124, 112, 93, 60,
       47, 213, 21, 247, 111, 153, 172, 24, 5, 242, 29, 156, 73, 16, 242,
       51, 189, 88, 87, 32, 250, 63, 246, 125, 255, 255, 253, 191, 120,
       254, 125, 254, 123, 253, 123, 252, 85, 251, 245, 103, 114, 245,
       98, 147, 118, 221, 255, 245, 191, 254, 94, 119, 235, 215, 44, 87,
       190, 210, 120, 233, 125, 124, 93, 58, 47, 213, 49, 245, 111, 153,
       172, 24, 13, 240, 29, 156, 73, 48, 242, 51, 189, 90, 215, 32, 250,
       4, 33, 193, 144, 16, 2, 0, 71, 0, 2, 3, 52, 81, 130, 147, 66, 202,
       84, 1, 100, 1, 128, 196, 3, 12, 128, 128, 9, 2, 8, 48, 8, 112, 36,
       20, 186, 0, 112, 1, 84, 128, 64, 16, 10, 64, 20, 64, 76, 25, 44,
       16, 4, 48, 24, 148, 9, 144, 98, 33, 184, 72, 6, 32, 241, 191, 54,
       125, 247, 255, 189, 251, 248, 254, 253, 214, 119, 237, 127, 210,
       85, 242, 213, 7, 99, 229, 41, 195, 126, 205, 250, 242, 191, 222,
       31, 115, 255, 215, 36, 84, 190, 86, 122, 233, 245, 216, 92, 27,
       14, 209, 5, 241, 111, 153, 172, 24, 5, 240, 29, 157, 73, 16, 242,
       51, 189, 88, 87, 32, 250, 35, 6, 64, 2, 153, 128, 1, 72, 162, 64,
       0, 48, 160, 11, 128, 5, 98, 116, 1, 96, 192, 2, 129, 100, 68, 128,
       32, 9, 146, 8, 1, 9, 84, 36, 84, 154, 64, 48, 1, 84, 0, 66, 24,
       139, 64, 16, 192, 69, 16, 36, 16, 4, 32, 24, 140, 73, 16, 114, 51,
       156, 72, 87, 32, 249, 30, 177, 221, 190, 55, 107, 240, 127, 246,
       152, 214, 181, 125, 86, 191, 83, 255, 223, 35, 243, 197, 39, 195,
       119, 205, 219, 244, 205, 82, 78, 183, 232, 215, 44, 85, 190, 91,
       120, 233, 116, 120, 93, 56, 47, 213, 21, 247, 111, 153, 172, 24,
       5, 240, 29, 156, 73, 16, 242, 51, 189, 88, 87, 32, 250, 252, 249,
       255, 255, 118, 127, 249, 255, 255, 255, 255, 191, 127, 254, 255,
       254, 251, 215, 123, 111, 127, 255, 247, 183, 255, 239, 247, 189,
       123, 223, 254, 187, 250, 44, 87, 254, 214, 127, 249, 125, 250, 95,
       255, 62, 221, 183, 225, 110, 157, 173, 158, 141, 250, 29, 157, 93,
       24, 246, 123, 191, 123, 94, 42, 251, 191, 245, 125, 255, 63, 189,
       255, 120, 255, 255, 253, 251, 253, 122, 244, 95, 246, 247, 119,
       123, 253, 119, 211, 118, 253, 255, 247, 255, 123, 255, 247, 235,
       215, 44, 86, 254, 218, 121, 249, 253, 122, 223, 121, 47, 209, 21,
       245, 111, 153, 172, 24, 5, 248, 29, 156, 93, 16, 242, 51, 189,
       123, 215, 42, 251, 120, 206, 238, 217, 238, 223, 223, 49, 191,
       247, 31, 206, 157, 125, 125, 236, 253, 251, 120, 235, 252, 119,
       218, 251, 121, 119, 181, 126, 124, 211, 223, 239, 215, 252, 67,
       46, 210, 249, 248, 122, 116, 29, 104, 47, 213, 244, 245, 107, 159,
       236, 152, 13, 246, 29, 156, 93, 56, 246, 115, 189, 219, 223, 40,
       254 ]
