%YAML:1.0
descriptors: !!opencv-matrix
   rows: 9
   cols: 64
   dt: u
   data: [ 63, 246, 125, 254, 191, 189, 191, 121, 255, 126, 253, 251,
       253, 123, 189, 85, 251, 246, 99, 114, 245, 114, 211, 118, 221,
       255, 245, 187, 123, 223, 245, 235, 215, 44, 87, 190, 210, 120,
       233, 125, 120, 95, 121, 47, 213, 53, 245, 111, 153, 172, 24, 13,
       240, 29, 156, 89, 48, 242, 51, 189, 90, 215, 40, 250, 63, 245,
       125, 252, 63, 189, 95, 121, 255, 127, 253, 250, 253, 122, 244, 87,
       242, 245, 103, 115, 245, 114, 211, 118, 221, 255, 247, 123, 122,
       254, 245, 235, 215, 44, 87, 190, 218, 120, 249, 125, 120, 95, 125,
       47, 213, 20, 245, 111, 153, 172, 24, 5, 242, 29, 156, 73, 16, 242,
       51, 189, 88, 215, 40, 250, 4, 33, 193, 144, 16, 2, 0, 71, 0, 2, 3,
       52, 81, 130, 147, 66, 202, 84, 1, 100, 1, 128, 196, 3, 12, 128,
       128, 9, 2, 8, 48, 8, 112, 36, 20, 186, 0, 112, 1, 84, 128, 64, 16,
       10, 64, 20, 64, 76, 25, 44, 16, 4, 48, 24, 148, 9, 144, 98, 33,
       184, 72, 6, 32, 241, 60, 189, 255, 254, 62, 127, 253, 255, 245,
       252, 252, 181, 127, 254, 191, 254, 251, 252, 115, 107, 245, 127,
       245, 191, 253, 235, 246, 155, 123, 221, 255, 239, 255, 108, 7,
       254, 223, 122, 249, 125, 122, 223, 255, 47, 212, 55, 247, 111,
       191, 172, 159, 13, 240, 29, 156, 93, 56, 242, 123, 191, 251, 223,
       42, 255, 191, 54, 125, 247, 255, 245, 187, 248, 252, 255, 214,
       119, 237, 127, 243, 117, 250, 221, 7, 99, 229, 33, 231, 126, 205,
       250, 240, 191, 222, 79, 119, 255, 247, 36, 85, 190, 87, 122, 233,
       117, 216, 92, 27, 14, 209, 5, 243, 111, 153, 172, 24, 5, 240, 29,
       156, 73, 16, 242, 51, 189, 88, 87, 32, 250, 35, 6, 64, 2, 153,
       128, 1, 72, 166, 0, 0, 48, 160, 11, 128, 5, 98, 116, 1, 96, 192,
       2, 129, 100, 68, 128, 32, 9, 146, 8, 1, 9, 84, 36, 84, 154, 64,
       48, 1, 84, 0, 66, 24, 139, 64, 16, 192, 69, 16, 36, 16, 4, 32, 24,
       140, 9, 16, 114, 51, 156, 72, 87, 32, 249, 252, 191, 255, 253, 62,
       127, 249, 255, 253, 252, 222, 245, 127, 254, 251, 238, 251, 252,
       251, 107, 245, 255, 244, 183, 255, 239, 246, 159, 127, 223, 127,
       255, 255, 111, 119, 254, 215, 122, 249, 125, 254, 93, 251, 62,
       221, 167, 243, 111, 189, 173, 223, 141, 242, 29, 159, 93, 52, 246,
       123, 255, 251, 159, 46, 254, 31, 145, 220, 190, 63, 107, 176, 126,
       54, 152, 212, 181, 60, 94, 175, 89, 239, 223, 33, 242, 197, 39,
       195, 115, 77, 223, 240, 77, 82, 78, 183, 107, 223, 36, 85, 186,
       83, 120, 233, 116, 112, 93, 56, 47, 213, 21, 247, 111, 153, 172,
       24, 5, 240, 29, 156, 73, 16, 242, 51, 189, 88, 87, 32, 250, 191,
       245, 125, 255, 63, 189, 255, 120, 255, 255, 253, 251, 253, 122,
       244, 95, 246, 247, 119, 123, 253, 119, 211, 118, 253, 255, 247,
       255, 123, 255, 247, 235, 215, 44, 22, 254, 218, 121, 249, 253,
       122, 223, 121, 47, 209, 21, 245, 111, 153, 172, 24, 5, 248, 29,
       156, 77, 16, 242, 51, 189, 91, 215, 42, 251 ]
