%YAML:1.0
descriptors: !!opencv-matrix
   rows: 21
   cols: 64
   dt: u
   data: [ 163, 196, 108, 138, 223, 29, 21, 9, 182, 71, 60, 202, 191, 59,
       52, 77, 195, 244, 37, 113, 192, 86, 176, 100, 118, 215, 41, 43,
       251, 27, 17, 105, 212, 100, 150, 250, 66, 112, 41, 244, 82, 218,
       56, 13, 208, 20, 244, 77, 145, 172, 24, 4, 248, 29, 142, 73, 24,
       242, 51, 188, 88, 215, 42, 249, 133, 14, 67, 197, 249, 220, 161,
       200, 40, 221, 10, 71, 131, 93, 235, 165, 235, 245, 45, 99, 196,
       12, 174, 112, 79, 223, 25, 35, 150, 10, 51, 95, 87, 37, 85, 186,
       80, 122, 233, 52, 241, 84, 56, 63, 205, 6, 252, 225, 137, 173, 24,
       5, 240, 31, 140, 73, 16, 240, 51, 189, 72, 87, 32, 250, 0, 6, 0,
       0, 9, 134, 2, 65, 164, 2, 2, 4, 0, 41, 33, 5, 0, 32, 1, 64, 192,
       34, 16, 96, 80, 128, 12, 4, 16, 136, 1, 64, 69, 4, 67, 170, 0, 32,
       1, 8, 32, 0, 16, 138, 64, 96, 128, 79, 17, 44, 24, 0, 48, 24, 156,
       1, 16, 98, 51, 180, 8, 87, 32, 104, 2, 1, 8, 138, 3, 80, 0, 6, 2,
       2, 1, 4, 16, 128, 45, 162, 13, 16, 0, 148, 2, 144, 132, 0, 0, 129,
       8, 0, 17, 0, 16, 1, 48, 20, 145, 8, 2, 64, 2, 0, 162, 161, 28, 8,
       22, 156, 96, 140, 83, 8, 22, 4, 11, 1, 224, 138, 145, 64, 40, 48,
       1, 16, 2, 161, 1, 70, 0, 136, 128, 24, 6, 64, 32, 66, 42, 0, 0,
       53, 105, 33, 0, 32, 129, 32, 64, 64, 24, 96, 80, 4, 9, 0, 160, 0,
       9, 17, 48, 0, 83, 0, 0, 2, 5, 8, 166, 18, 8, 128, 4, 194, 68, 192,
       0, 1, 16, 32, 1, 1, 131, 8, 16, 64, 0, 36, 64, 66, 66, 32, 1, 3,
       0, 2, 0, 8, 0, 0, 34, 0, 6, 4, 0, 113, 8, 0, 68, 64, 1, 32, 64,
       32, 0, 98, 8, 128, 0, 8, 160, 8, 1, 1, 16, 36, 80, 138, 0, 66, 1,
       128, 132, 16, 24, 6, 64, 2, 192, 76, 1, 36, 1, 4, 48, 24, 131, 9,
       0, 98, 2, 180, 64, 6, 32, 249, 1, 7, 0, 130, 0, 8, 4, 2, 34, 64,
       42, 4, 0, 37, 76, 33, 66, 32, 1, 96, 0, 0, 0, 2, 64, 128, 0, 8,
       128, 8, 8, 1, 144, 4, 81, 138, 0, 66, 1, 136, 134, 16, 24, 129,
       68, 18, 100, 76, 0, 36, 16, 4, 32, 24, 131, 9, 0, 96, 0, 180, 72,
       70, 32, 104, 2, 2, 129, 144, 8, 134, 2, 79, 132, 34, 3, 6, 145, 0,
       19, 6, 66, 85, 1, 64, 192, 39, 194, 67, 28, 128, 132, 13, 2, 136,
       49, 72, 71, 36, 70, 186, 0, 40, 1, 68, 0, 64, 16, 136, 64, 20,
       129, 79, 17, 36, 24, 0, 34, 24, 156, 1, 0, 98, 19, 184, 72, 70,
       32, 240, 3, 1, 0, 18, 1, 130, 4, 2, 2, 32, 1, 2, 128, 128, 0, 2,
       64, 65, 0, 64, 128, 4, 192, 67, 76, 128, 128, 13, 18, 8, 0, 72,
       18, 36, 84, 186, 0, 40, 1, 68, 0, 64, 24, 11, 192, 20, 164, 79,
       17, 36, 16, 4, 96, 24, 156, 9, 16, 114, 51, 184, 72, 86, 32, 234,
       69, 35, 65, 160, 16, 2, 33, 78, 128, 64, 2, 52, 65, 130, 131, 67,
       194, 84, 1, 100, 1, 128, 132, 32, 14, 136, 8, 9, 146, 8, 48, 9,
       112, 36, 84, 186, 0, 114, 5, 212, 128, 64, 24, 10, 64, 12, 64,
       204, 9, 36, 80, 4, 64, 30, 133, 9, 144, 96, 33, 188, 76, 6, 32,
       241, 6, 34, 65, 128, 144, 0, 3, 72, 130, 66, 3, 52, 65, 2, 144,
       81, 98, 84, 1, 100, 9, 128, 128, 32, 12, 128, 40, 9, 146, 8, 16,
       9, 112, 36, 84, 154, 0, 114, 1, 214, 128, 64, 24, 10, 64, 12, 192,
       4, 1, 36, 80, 4, 32, 26, 133, 9, 144, 96, 33, 60, 76, 6, 32, 177,
       7, 34, 64, 130, 217, 128, 3, 72, 2, 0, 2, 51, 160, 10, 128, 65,
       98, 84, 5, 64, 73, 0, 136, 96, 12, 136, 40, 9, 146, 8, 1, 9, 112,
       36, 20, 154, 0, 112, 5, 212, 1, 64, 24, 10, 64, 4, 72, 132, 0, 36,
       80, 4, 32, 26, 132, 9, 16, 48, 32, 28, 72, 6, 32, 184, 5, 35, 65,
       128, 209, 2, 3, 72, 2, 0, 3, 52, 1, 3, 128, 64, 66, 84, 1, 100, 1,
       128, 128, 32, 14, 128, 8, 9, 146, 8, 16, 9, 112, 36, 84, 154, 0,
       114, 5, 212, 128, 64, 24, 2, 64, 12, 64, 132, 1, 36, 16, 4, 32,
       24, 132, 9, 0, 96, 33, 156, 72, 6, 32, 241, 63, 182, 125, 255, 63,
       189, 255, 121, 255, 255, 255, 249, 253, 122, 189, 85, 255, 255,
       99, 123, 245, 114, 211, 255, 253, 255, 229, 255, 126, 95, 245,
       239, 223, 44, 215, 190, 223, 120, 249, 117, 120, 93, 123, 47, 213,
       53, 247, 111, 153, 172, 24, 5, 240, 29, 156, 73, 16, 242, 51, 189,
       218, 95, 40, 250, 60, 185, 255, 252, 54, 255, 253, 127, 245, 254,
       213, 241, 95, 254, 189, 78, 251, 220, 99, 107, 247, 125, 208, 247,
       253, 255, 183, 255, 121, 223, 117, 235, 223, 60, 87, 190, 223,
       120, 249, 125, 120, 93, 255, 47, 247, 53, 247, 111, 155, 172, 153,
       79, 240, 29, 156, 93, 20, 242, 123, 255, 123, 223, 40, 250, 61,
       254, 253, 253, 63, 253, 253, 121, 255, 254, 213, 249, 253, 125,
       253, 223, 255, 254, 227, 251, 245, 126, 211, 255, 253, 127, 247,
       254, 125, 215, 245, 239, 207, 124, 215, 190, 223, 120, 249, 125,
       124, 93, 251, 175, 245, 245, 247, 111, 187, 190, 153, 15, 240, 29,
       156, 93, 62, 243, 255, 191, 251, 223, 172, 254, 63, 191, 253, 246,
       62, 189, 253, 123, 255, 254, 215, 241, 255, 123, 188, 94, 246,
       254, 99, 107, 245, 126, 211, 255, 221, 190, 231, 251, 122, 255,
       245, 239, 199, 44, 85, 190, 223, 120, 249, 125, 120, 93, 251, 175,
       212, 53, 247, 111, 153, 172, 24, 15, 240, 29, 156, 77, 16, 242,
       115, 191, 122, 87, 40, 250, 63, 191, 255, 254, 63, 253, 249, 123,
       247, 252, 222, 245, 125, 127, 249, 117, 246, 254, 99, 99, 245,
       110, 209, 119, 221, 190, 229, 223, 126, 95, 245, 235, 215, 44, 87,
       190, 215, 122, 249, 125, 120, 93, 58, 47, 212, 53, 247, 111, 153,
       172, 24, 13, 240, 29, 156, 73, 48, 242, 51, 189, 90, 87, 32, 250,
       5, 34, 65, 128, 217, 0, 3, 72, 0, 0, 0, 54, 0, 3, 128, 65, 66, 84,
       5, 36, 72, 128, 136, 32, 78, 128, 8, 1, 146, 8, 0, 9, 112, 37, 84,
       154, 0, 112, 5, 148, 1, 64, 24, 2, 72, 12, 72, 128, 1, 36, 80, 36,
       1, 26, 132, 10, 16, 96, 32, 12, 76, 68, 32, 176, 62, 177, 253,
       190, 55, 177, 253, 126, 119, 222, 213, 241, 125, 127, 177, 86,
       250, 222, 97, 243, 245, 116, 193, 243, 205, 186, 224, 223, 122,
       220, 245, 235, 223, 36, 87, 186, 91, 120, 249, 125, 112, 93, 61,
       47, 212, 21, 247, 111, 153, 174, 24, 5, 240, 29, 156, 73, 24, 242,
       51, 189, 88, 87, 32, 250, 61, 182, 125, 236, 63, 253, 249, 121,
       255, 252, 214, 253, 253, 125, 252, 85, 254, 252, 67, 251, 245,
       114, 211, 247, 253, 62, 245, 255, 126, 95, 245, 235, 223, 108, 87,
       190, 222, 120, 249, 125, 124, 93, 123, 175, 213, 53, 247, 111,
       185, 172, 24, 13, 240, 29, 156, 77, 52, 242, 55, 189, 122, 215,
       40, 250 ]
