%YAML:1.0
descriptors: !!opencv-matrix
   rows: 17
   cols: 64
   dt: u
   data: [ 131, 1, 0, 6, 205, 128, 2, 8, 34, 1, 0, 67, 160, 67, 2, 17,
       100, 3, 5, 212, 64, 45, 3, 66, 6, 138, 96, 13, 146, 8, 1, 0, 22,
       38, 20, 186, 2, 32, 1, 196, 65, 66, 24, 11, 192, 80, 129, 79, 17,
       36, 24, 4, 112, 24, 156, 73, 16, 50, 51, 149, 24, 87, 32, 105, 67,
       4, 0, 50, 201, 130, 2, 8, 2, 40, 0, 3, 160, 203, 128, 17, 98, 7,
       1, 68, 200, 175, 139, 104, 6, 136, 40, 15, 146, 8, 33, 69, 83,
       167, 20, 187, 1, 32, 5, 198, 65, 66, 24, 10, 73, 24, 200, 197, 8,
       36, 24, 4, 97, 26, 140, 203, 16, 56, 35, 156, 8, 70, 48, 121, 254,
       249, 125, 222, 54, 255, 95, 121, 255, 215, 253, 250, 255, 126,
       254, 254, 243, 215, 119, 103, 117, 119, 243, 246, 221, 255, 245,
       127, 115, 222, 246, 169, 214, 44, 87, 190, 218, 120, 233, 253,
       114, 223, 61, 47, 213, 54, 245, 111, 159, 172, 152, 13, 242, 29,
       156, 89, 16, 242, 51, 189, 89, 87, 42, 251, 254, 241, 253, 222,
       55, 151, 95, 105, 231, 199, 189, 250, 255, 234, 182, 94, 243, 215,
       38, 103, 15, 183, 227, 119, 221, 223, 247, 127, 83, 188, 244, 41,
       210, 36, 20, 190, 194, 120, 225, 253, 114, 90, 61, 47, 213, 28,
       245, 111, 153, 172, 24, 5, 240, 29, 156, 73, 16, 242, 51, 189, 88,
       87, 32, 250, 246, 49, 243, 151, 246, 71, 91, 239, 198, 229, 213,
       54, 247, 194, 147, 126, 251, 213, 51, 103, 75, 173, 231, 55, 206,
       203, 254, 45, 210, 12, 114, 59, 243, 37, 20, 191, 82, 112, 193,
       212, 80, 72, 17, 14, 201, 28, 201, 14, 153, 172, 88, 5, 240, 30,
       148, 73, 16, 242, 49, 189, 88, 86, 32, 248, 77, 142, 239, 169,
       120, 127, 167, 245, 60, 254, 202, 23, 217, 61, 251, 229, 203, 221,
       235, 100, 244, 85, 214, 240, 77, 125, 189, 164, 92, 70, 51, 219,
       213, 0, 85, 186, 83, 122, 233, 116, 124, 92, 56, 47, 213, 183,
       246, 109, 153, 172, 24, 5, 240, 29, 156, 73, 16, 242, 51, 189, 88,
       87, 32, 250, 92, 50, 117, 161, 220, 166, 171, 249, 0, 127, 194,
       23, 193, 65, 145, 65, 226, 205, 3, 100, 232, 1, 130, 216, 78, 152,
       184, 141, 208, 4, 49, 155, 117, 36, 93, 187, 80, 112, 1, 84, 88,
       64, 24, 14, 193, 5, 194, 93, 152, 172, 24, 1, 240, 28, 156, 73, 0,
       242, 51, 156, 88, 87, 32, 240, 255, 49, 255, 246, 118, 35, 127,
       254, 214, 253, 245, 179, 127, 235, 146, 90, 250, 213, 55, 103,
       237, 173, 231, 55, 206, 219, 243, 175, 82, 12, 114, 235, 211, 36,
       20, 186, 82, 120, 225, 244, 112, 94, 56, 47, 209, 20, 193, 111,
       153, 172, 24, 5, 240, 29, 156, 73, 16, 242, 51, 189, 88, 86, 32,
       251, 60, 179, 253, 190, 59, 127, 53, 127, 86, 124, 214, 53, 125,
       126, 190, 84, 255, 223, 97, 98, 245, 37, 193, 115, 222, 255, 240,
       207, 82, 206, 243, 235, 215, 36, 85, 186, 83, 120, 233, 116, 112,
       93, 56, 47, 213, 21, 247, 111, 153, 172, 24, 5, 240, 29, 156, 73,
       16, 242, 51, 189, 88, 87, 32, 250, 63, 246, 125, 252, 63, 253,
       127, 121, 253, 126, 252, 251, 253, 123, 252, 253, 243, 253, 103,
       115, 245, 114, 209, 118, 221, 255, 245, 187, 123, 223, 119, 235,
       215, 44, 87, 190, 218, 120, 249, 125, 126, 95, 58, 175, 213, 55,
       247, 111, 153, 172, 24, 13, 240, 29, 157, 73, 24, 242, 51, 189,
       90, 215, 42, 251, 252, 177, 255, 246, 54, 39, 253, 255, 214, 223,
       245, 243, 255, 234, 146, 94, 242, 213, 39, 103, 103, 173, 227,
       119, 206, 138, 182, 143, 82, 12, 116, 235, 215, 36, 20, 186, 82,
       120, 225, 244, 80, 78, 57, 47, 209, 20, 209, 111, 153, 172, 24, 5,
       240, 28, 156, 73, 16, 242, 51, 189, 88, 87, 32, 251, 126, 177,
       251, 254, 55, 103, 125, 111, 215, 206, 213, 178, 127, 238, 182,
       94, 255, 215, 99, 103, 103, 191, 193, 119, 205, 223, 247, 109, 82,
       156, 246, 233, 215, 36, 21, 190, 82, 120, 233, 116, 112, 92, 181,
       47, 213, 20, 245, 110, 153, 172, 24, 5, 240, 29, 156, 73, 16, 242,
       51, 189, 88, 87, 32, 250, 60, 189, 253, 254, 54, 127, 121, 127,
       119, 254, 213, 181, 125, 255, 190, 94, 255, 223, 97, 99, 245, 117,
       193, 243, 221, 255, 241, 221, 122, 222, 247, 233, 223, 36, 85,
       186, 91, 120, 249, 124, 112, 93, 57, 47, 213, 21, 247, 111, 153,
       172, 24, 5, 240, 29, 156, 73, 16, 242, 51, 189, 88, 87, 32, 250,
       61, 178, 247, 247, 62, 117, 251, 252, 252, 252, 214, 119, 125,
       127, 155, 244, 251, 212, 67, 99, 245, 41, 199, 126, 205, 170, 244,
       155, 94, 77, 119, 239, 247, 36, 85, 190, 86, 122, 233, 117, 217,
       92, 27, 46, 213, 21, 209, 111, 153, 172, 24, 5, 240, 29, 156, 73,
       16, 242, 51, 189, 88, 87, 32, 250, 7, 6, 64, 2, 153, 128, 5, 72,
       38, 64, 0, 112, 160, 11, 160, 69, 98, 116, 1, 96, 193, 34, 144,
       96, 68, 144, 0, 9, 18, 8, 1, 65, 84, 36, 84, 154, 64, 112, 1, 84,
       68, 64, 24, 139, 64, 80, 228, 79, 16, 36, 24, 4, 112, 24, 140, 9,
       16, 114, 51, 188, 72, 87, 32, 248, 63, 183, 253, 254, 63, 253, 29,
       127, 247, 254, 215, 176, 125, 127, 191, 87, 255, 246, 99, 114,
       245, 115, 211, 119, 221, 255, 245, 127, 122, 94, 247, 235, 223,
       44, 87, 190, 218, 120, 233, 125, 120, 93, 56, 47, 213, 53, 245,
       111, 153, 172, 24, 5, 240, 29, 156, 73, 16, 242, 51, 189, 88, 87,
       32, 250, 83, 17, 211, 150, 2, 2, 25, 14, 230, 132, 21, 17, 63,
       235, 146, 82, 238, 215, 32, 103, 66, 45, 193, 39, 78, 138, 176,
       13, 82, 8, 16, 41, 214, 36, 20, 186, 82, 120, 65, 84, 80, 72, 56,
       15, 201, 20, 193, 110, 153, 172, 24, 5, 240, 24, 156, 73, 16, 242,
       51, 189, 88, 87, 32, 250 ]
