%YAML:1.0
descriptors: !!opencv-matrix
   rows: 9
   cols: 64
   dt: u
   data: [ 35, 4, 0, 2, 9, 128, 1, 8, 198, 0, 1, 0, 32, 10, 128, 21, 98,
       86, 0, 32, 192, 34, 129, 100, 76, 144, 32, 9, 18, 8, 17, 105, 148,
       36, 84, 154, 2, 80, 1, 84, 0, 64, 24, 11, 64, 20, 224, 77, 145,
       36, 16, 4, 48, 24, 156, 73, 16, 114, 50, 188, 88, 87, 32, 249, 61,
       182, 125, 255, 191, 189, 191, 121, 254, 124, 254, 123, 253, 127,
       253, 85, 255, 246, 67, 98, 245, 98, 211, 126, 221, 255, 245, 251,
       122, 223, 247, 239, 223, 44, 87, 190, 210, 120, 233, 125, 124, 92,
       122, 175, 212, 49, 245, 111, 153, 172, 24, 13, 240, 29, 156, 73,
       48, 242, 51, 189, 218, 87, 32, 250, 62, 177, 253, 254, 62, 255,
       253, 127, 247, 252, 212, 241, 125, 126, 191, 94, 255, 222, 99,
       243, 245, 55, 195, 247, 221, 171, 228, 223, 90, 221, 245, 235,
       223, 44, 87, 190, 95, 120, 233, 124, 120, 93, 123, 47, 213, 53,
       247, 111, 185, 172, 24, 5, 240, 29, 156, 73, 16, 242, 51, 189, 90,
       87, 32, 250, 61, 190, 255, 253, 63, 245, 249, 253, 253, 252, 214,
       253, 253, 127, 187, 236, 251, 252, 227, 107, 245, 127, 223, 255,
       253, 43, 228, 187, 126, 221, 253, 239, 239, 108, 87, 190, 215,
       250, 249, 125, 253, 93, 251, 174, 212, 165, 211, 111, 185, 172,
       157, 13, 242, 29, 156, 93, 54, 242, 255, 191, 251, 223, 44, 254,
       63, 181, 125, 190, 63, 189, 95, 121, 255, 255, 255, 250, 253, 126,
       188, 87, 251, 247, 67, 115, 245, 114, 211, 118, 221, 255, 245,
       123, 122, 223, 247, 235, 215, 44, 87, 190, 210, 120, 249, 125,
       120, 93, 125, 47, 213, 21, 245, 111, 153, 172, 24, 5, 240, 29,
       156, 89, 24, 242, 51, 189, 90, 215, 40, 250, 63, 245, 125, 255,
       63, 181, 223, 89, 255, 255, 253, 250, 253, 107, 180, 87, 246, 247,
       103, 115, 253, 118, 211, 126, 205, 255, 247, 127, 90, 63, 245,
       235, 215, 44, 215, 190, 210, 120, 249, 117, 114, 94, 57, 47, 213,
       20, 245, 111, 153, 172, 24, 5, 240, 29, 156, 73, 16, 242, 51, 189,
       88, 87, 32, 250, 191, 244, 125, 255, 191, 189, 255, 120, 255, 255,
       253, 251, 253, 122, 244, 95, 246, 247, 103, 115, 253, 119, 211,
       118, 221, 255, 245, 255, 122, 255, 247, 235, 215, 44, 86, 190,
       210, 120, 233, 125, 122, 95, 121, 47, 213, 21, 245, 111, 153, 172,
       24, 5, 240, 29, 156, 73, 16, 242, 51, 189, 88, 87, 32, 251, 68,
       35, 65, 128, 16, 2, 1, 78, 0, 66, 3, 52, 65, 130, 129, 66, 66, 68,
       1, 100, 1, 128, 196, 0, 12, 128, 136, 9, 18, 8, 48, 9, 112, 36,
       20, 186, 0, 112, 1, 84, 128, 64, 24, 10, 64, 12, 64, 204, 17, 44,
       16, 4, 32, 24, 132, 9, 128, 96, 33, 152, 72, 6, 32, 241, 5, 38,
       65, 130, 217, 128, 3, 72, 0, 64, 2, 55, 161, 11, 128, 65, 98, 84,
       5, 100, 65, 0, 136, 96, 12, 136, 8, 1, 146, 8, 1, 9, 112, 36, 84,
       154, 0, 114, 5, 148, 129, 64, 24, 10, 64, 0, 200, 68, 0, 36, 80,
       4, 96, 26, 141, 9, 16, 96, 35, 188, 72, 6, 32, 185 ]
