%YAML:1.0
descriptors: !!opencv-matrix
   rows: 18
   cols: 64
   dt: u
   data: [ 64, 3, 130, 18, 0, 2, 4, 7, 0, 0, 2, 4, 0, 196, 3, 2, 72, 1,
       1, 132, 192, 5, 66, 131, 18, 0, 148, 4, 0, 136, 0, 64, 7, 6, 65,
       170, 16, 8, 5, 72, 32, 32, 16, 130, 69, 80, 1, 206, 17, 44, 8, 0,
       48, 24, 24, 0, 0, 98, 3, 177, 8, 81, 0, 74, 67, 135, 128, 18, 9,
       138, 6, 6, 2, 33, 1, 192, 146, 99, 4, 2, 8, 1, 32, 209, 194, 37,
       67, 67, 64, 83, 145, 46, 0, 8, 1, 64, 151, 38, 64, 170, 0, 8, 107,
       106, 96, 56, 56, 43, 213, 84, 181, 111, 17, 172, 24, 4, 240, 25,
       152, 9, 16, 242, 51, 181, 24, 83, 32, 74, 195, 4, 0, 54, 221, 130,
       2, 8, 2, 41, 0, 99, 162, 203, 128, 17, 98, 71, 5, 68, 200, 143,
       170, 105, 6, 138, 40, 15, 146, 8, 33, 77, 83, 167, 20, 187, 0, 32,
       5, 198, 193, 66, 24, 10, 73, 24, 200, 213, 8, 36, 88, 4, 97, 58,
       140, 203, 16, 48, 35, 156, 8, 70, 48, 121, 63, 186, 253, 162, 127,
       255, 183, 120, 254, 220, 222, 119, 253, 127, 251, 85, 251, 255,
       99, 114, 245, 103, 195, 246, 205, 254, 241, 255, 126, 94, 243,
       235, 223, 44, 87, 190, 91, 122, 233, 116, 124, 92, 56, 47, 213,
       53, 247, 111, 153, 172, 24, 5, 240, 29, 156, 73, 16, 242, 51, 189,
       88, 87, 32, 250, 246, 49, 243, 151, 246, 71, 91, 239, 198, 239,
       209, 54, 247, 194, 147, 82, 250, 213, 50, 103, 75, 173, 231, 54,
       206, 203, 254, 47, 210, 8, 114, 59, 115, 37, 20, 191, 82, 116,
       193, 212, 80, 72, 17, 14, 201, 28, 193, 94, 153, 172, 24, 5, 240,
       30, 156, 73, 16, 242, 49, 189, 92, 86, 32, 248, 76, 238, 237, 169,
       114, 127, 167, 245, 189, 254, 238, 154, 217, 60, 255, 238, 203,
       221, 107, 108, 244, 213, 194, 240, 93, 253, 189, 165, 89, 198, 51,
       235, 213, 36, 85, 186, 82, 120, 233, 116, 120, 92, 56, 47, 213,
       149, 247, 109, 153, 172, 24, 5, 240, 29, 156, 73, 16, 242, 51,
       189, 88, 87, 32, 250, 94, 50, 113, 161, 252, 176, 175, 88, 192,
       47, 211, 118, 205, 5, 145, 81, 226, 205, 11, 96, 233, 37, 130,
       120, 76, 220, 184, 175, 210, 14, 49, 251, 87, 36, 93, 187, 82,
       120, 41, 86, 96, 64, 24, 14, 197, 12, 244, 29, 152, 172, 24, 5,
       240, 28, 156, 73, 16, 242, 51, 157, 88, 87, 32, 242, 253, 190,
       255, 255, 127, 127, 241, 254, 253, 252, 254, 255, 127, 255, 251,
       238, 251, 253, 251, 107, 245, 127, 247, 247, 127, 235, 244, 191,
       127, 223, 127, 255, 255, 109, 87, 254, 215, 122, 249, 124, 250,
       93, 122, 62, 221, 167, 243, 111, 189, 173, 159, 13, 240, 29, 157,
       77, 48, 246, 59, 189, 219, 95, 38, 250, 255, 57, 255, 246, 118,
       39, 127, 254, 214, 253, 245, 179, 127, 234, 146, 90, 250, 213, 55,
       103, 237, 173, 229, 55, 206, 203, 243, 47, 82, 12, 114, 235, 243,
       36, 20, 186, 82, 120, 225, 244, 80, 94, 56, 47, 209, 20, 193, 111,
       153, 172, 24, 5, 240, 29, 156, 73, 16, 242, 51, 189, 88, 86, 32,
       250, 252, 253, 255, 255, 118, 127, 125, 255, 255, 252, 255, 191,
       127, 254, 255, 254, 251, 213, 123, 111, 125, 255, 247, 183, 223,
       255, 247, 191, 251, 223, 126, 251, 251, 44, 87, 254, 214, 122,
       249, 124, 250, 93, 125, 63, 213, 55, 229, 110, 157, 172, 154, 13,
       242, 29, 157, 73, 16, 246, 123, 189, 91, 86, 42, 250, 60, 191,
       247, 182, 27, 111, 161, 127, 116, 124, 198, 117, 125, 126, 187,
       68, 251, 221, 225, 98, 245, 37, 195, 243, 95, 250, 176, 143, 122,
       206, 115, 235, 223, 36, 85, 186, 83, 120, 233, 116, 112, 93, 56,
       47, 213, 21, 247, 111, 153, 172, 24, 5, 240, 29, 156, 73, 16, 242,
       51, 189, 88, 87, 32, 250, 63, 246, 125, 254, 63, 61, 191, 121,
       253, 126, 253, 251, 253, 123, 252, 253, 243, 253, 103, 115, 245,
       114, 209, 118, 221, 255, 245, 187, 123, 223, 247, 235, 223, 108,
       87, 190, 219, 120, 249, 125, 126, 95, 58, 47, 213, 55, 247, 111,
       153, 172, 24, 13, 240, 29, 157, 73, 24, 242, 51, 189, 90, 215, 42,
       251, 252, 49, 255, 246, 54, 39, 249, 254, 214, 255, 245, 243, 255,
       234, 146, 94, 242, 213, 103, 103, 229, 173, 227, 119, 206, 138,
       182, 143, 82, 12, 116, 235, 215, 36, 20, 186, 82, 120, 225, 244,
       80, 94, 57, 15, 209, 20, 209, 79, 153, 172, 24, 5, 240, 29, 156,
       73, 16, 242, 51, 189, 88, 87, 32, 251, 61, 178, 255, 247, 62, 117,
       251, 252, 254, 252, 214, 119, 125, 127, 155, 244, 250, 212, 67,
       99, 245, 41, 199, 126, 205, 170, 244, 155, 94, 77, 119, 239, 247,
       36, 85, 190, 86, 122, 233, 117, 216, 92, 27, 46, 213, 21, 241,
       111, 153, 172, 24, 5, 240, 29, 156, 73, 16, 242, 51, 189, 88, 87,
       32, 250, 60, 177, 253, 254, 62, 127, 253, 127, 247, 252, 212, 245,
       125, 126, 190, 94, 251, 223, 99, 99, 245, 61, 193, 247, 221, 255,
       244, 223, 122, 222, 247, 235, 223, 36, 87, 190, 83, 120, 233, 124,
       120, 93, 60, 47, 213, 53, 247, 111, 153, 172, 24, 5, 240, 29, 156,
       73, 16, 242, 51, 189, 88, 87, 32, 250, 3, 6, 64, 2, 157, 128, 5,
       72, 34, 0, 2, 32, 32, 75, 160, 21, 98, 116, 1, 0, 193, 34, 129,
       98, 68, 128, 32, 9, 18, 8, 1, 65, 86, 36, 84, 186, 64, 112, 1, 84,
       64, 64, 24, 11, 64, 64, 196, 79, 16, 44, 24, 4, 112, 24, 156, 73,
       16, 50, 51, 156, 72, 87, 32, 120, 63, 55, 253, 254, 63, 253, 29,
       126, 247, 254, 215, 176, 125, 127, 191, 215, 255, 246, 99, 114,
       245, 115, 211, 247, 221, 255, 245, 255, 122, 94, 247, 235, 223,
       44, 87, 190, 218, 120, 233, 125, 120, 93, 56, 47, 213, 53, 245,
       111, 153, 172, 24, 5, 240, 29, 156, 73, 16, 242, 51, 189, 88, 215,
       32, 250, 83, 17, 145, 150, 16, 2, 17, 78, 70, 4, 21, 17, 51, 202,
       146, 82, 234, 215, 33, 103, 66, 45, 225, 35, 78, 138, 176, 13, 82,
       8, 16, 105, 214, 36, 20, 186, 82, 120, 65, 116, 80, 72, 56, 15,
       193, 20, 225, 110, 153, 172, 24, 5, 240, 24, 156, 73, 16, 242, 51,
       189, 88, 87, 32, 250 ]
