%YAML:1.0
descriptors: !!opencv-matrix
   rows: 10
   cols: 64
   dt: u
   data: [ 63, 246, 125, 190, 191, 253, 191, 121, 255, 126, 253, 251,
       253, 123, 189, 85, 251, 246, 99, 114, 245, 114, 211, 118, 221,
       255, 245, 187, 123, 223, 247, 235, 215, 44, 87, 190, 210, 120,
       233, 125, 120, 95, 121, 47, 213, 53, 245, 111, 153, 172, 24, 13,
       240, 29, 156, 89, 48, 242, 51, 189, 90, 215, 40, 250, 63, 245,
       125, 252, 63, 189, 95, 121, 255, 127, 245, 250, 253, 122, 244, 87,
       242, 245, 103, 115, 245, 114, 211, 118, 221, 255, 247, 123, 122,
       254, 245, 235, 215, 44, 87, 190, 218, 120, 249, 125, 120, 95, 125,
       47, 213, 20, 245, 111, 153, 172, 24, 5, 242, 29, 156, 73, 16, 242,
       51, 189, 88, 215, 40, 250, 62, 49, 253, 190, 63, 127, 117, 127,
       214, 124, 220, 177, 125, 126, 180, 86, 255, 222, 99, 243, 245, 54,
       193, 247, 220, 255, 245, 207, 82, 222, 247, 233, 223, 44, 69, 190,
       95, 120, 233, 124, 120, 93, 48, 47, 213, 53, 247, 111, 153, 172,
       24, 5, 240, 29, 156, 73, 16, 242, 51, 189, 88, 87, 32, 250, 4, 33,
       193, 144, 16, 2, 0, 71, 0, 2, 3, 52, 81, 130, 145, 66, 202, 84, 1,
       100, 1, 128, 196, 3, 12, 128, 128, 9, 2, 8, 48, 8, 112, 36, 20,
       186, 0, 112, 1, 84, 128, 64, 16, 10, 64, 20, 64, 76, 25, 44, 16,
       4, 48, 24, 148, 9, 144, 98, 33, 184, 72, 6, 32, 241, 61, 21, 254,
       246, 63, 55, 249, 255, 150, 254, 213, 241, 63, 250, 179, 94, 254,
       223, 99, 99, 245, 47, 199, 119, 77, 171, 246, 79, 82, 76, 245,
       235, 255, 36, 84, 190, 87, 120, 233, 116, 120, 92, 57, 46, 209,
       53, 211, 111, 153, 172, 24, 5, 240, 29, 156, 73, 16, 242, 51, 189,
       88, 87, 32, 250, 191, 54, 125, 247, 255, 245, 187, 248, 252, 253,
       214, 119, 237, 127, 178, 117, 250, 213, 7, 99, 229, 33, 231, 126,
       205, 250, 240, 191, 222, 79, 119, 255, 215, 36, 85, 190, 86, 122,
       233, 245, 216, 92, 27, 14, 209, 5, 241, 111, 153, 172, 24, 5, 240,
       29, 156, 73, 16, 242, 51, 189, 88, 87, 32, 250, 60, 189, 255, 182,
       59, 111, 240, 127, 86, 216, 214, 245, 125, 118, 187, 84, 255, 223,
       33, 99, 197, 37, 195, 115, 205, 218, 240, 207, 90, 76, 179, 235,
       215, 36, 85, 186, 87, 120, 233, 116, 112, 93, 56, 47, 213, 21,
       247, 111, 153, 172, 24, 5, 240, 29, 156, 73, 16, 242, 51, 189, 88,
       87, 32, 250, 35, 6, 64, 2, 153, 128, 1, 72, 162, 64, 0, 48, 160,
       11, 128, 69, 98, 116, 1, 96, 192, 34, 129, 100, 68, 128, 32, 9,
       146, 8, 1, 9, 84, 36, 84, 154, 64, 48, 1, 84, 0, 66, 24, 139, 64,
       16, 192, 69, 16, 36, 16, 4, 32, 24, 140, 73, 16, 114, 51, 156, 72,
       87, 32, 249, 252, 191, 255, 253, 62, 127, 249, 255, 253, 252, 222,
       245, 127, 254, 251, 238, 251, 252, 251, 107, 245, 255, 245, 183,
       255, 239, 246, 159, 127, 223, 126, 255, 255, 111, 119, 254, 215,
       122, 249, 125, 252, 93, 251, 62, 221, 167, 243, 111, 189, 173,
       223, 141, 242, 29, 159, 93, 52, 246, 123, 255, 251, 159, 42, 254,
       63, 245, 125, 254, 62, 189, 127, 120, 247, 255, 253, 250, 253,
       122, 180, 95, 246, 247, 103, 99, 245, 119, 211, 118, 221, 255,
       245, 255, 122, 255, 247, 235, 215, 44, 87, 190, 218, 120, 233,
       125, 122, 95, 57, 47, 213, 21, 245, 111, 153, 172, 24, 5, 240, 29,
       156, 73, 16, 242, 51, 189, 88, 87, 32, 251 ]
