%YAML:1.0
descriptors: !!opencv-matrix
   rows: 10
   cols: 64
   dt: u
   data: [ 63, 246, 125, 254, 63, 253, 191, 120, 255, 126, 245, 185, 253,
       123, 189, 85, 251, 246, 99, 114, 245, 114, 211, 118, 221, 255,
       245, 187, 123, 223, 245, 235, 215, 44, 87, 190, 218, 120, 233,
       125, 120, 95, 121, 47, 213, 53, 245, 111, 153, 172, 24, 13, 240,
       29, 156, 89, 48, 242, 51, 189, 218, 215, 40, 250, 63, 245, 125,
       252, 63, 189, 95, 121, 255, 127, 253, 250, 253, 122, 244, 87, 242,
       245, 71, 115, 245, 114, 210, 118, 221, 255, 247, 123, 122, 222,
       117, 235, 215, 44, 87, 190, 218, 120, 249, 125, 120, 95, 125, 47,
       213, 20, 245, 111, 153, 172, 24, 5, 242, 29, 156, 73, 16, 242, 51,
       189, 88, 215, 40, 250, 62, 49, 253, 254, 63, 55, 125, 127, 119,
       254, 221, 177, 125, 254, 182, 94, 251, 214, 97, 243, 245, 117,
       193, 247, 220, 255, 240, 159, 122, 220, 245, 235, 223, 36, 87,
       186, 91, 120, 249, 124, 112, 93, 60, 47, 213, 21, 247, 111, 153,
       172, 24, 5, 242, 29, 156, 89, 16, 242, 51, 189, 88, 87, 32, 250,
       4, 33, 193, 144, 16, 2, 1, 78, 0, 6, 1, 52, 81, 130, 145, 66, 194,
       84, 1, 100, 1, 128, 196, 3, 12, 128, 160, 9, 2, 8, 48, 9, 112, 36,
       20, 186, 0, 112, 1, 84, 128, 64, 16, 10, 64, 20, 64, 76, 25, 44,
       16, 4, 32, 24, 148, 73, 144, 98, 33, 184, 72, 6, 32, 241, 29, 177,
       223, 246, 55, 51, 249, 126, 214, 190, 213, 241, 127, 250, 178, 90,
       254, 223, 35, 99, 229, 47, 195, 119, 205, 139, 246, 223, 82, 76,
       245, 235, 215, 36, 84, 190, 83, 120, 233, 117, 120, 92, 57, 47,
       209, 21, 211, 111, 153, 172, 24, 5, 240, 29, 156, 73, 16, 242, 51,
       189, 88, 87, 32, 250, 191, 54, 125, 247, 255, 189, 251, 248, 252,
       253, 214, 119, 237, 127, 219, 85, 242, 213, 7, 99, 229, 41, 195,
       126, 205, 250, 242, 191, 222, 95, 115, 255, 215, 36, 85, 190, 86,
       122, 233, 117, 216, 92, 27, 14, 209, 5, 243, 111, 153, 172, 24, 5,
       240, 29, 157, 73, 16, 242, 51, 189, 88, 87, 32, 250, 61, 190, 255,
       253, 62, 127, 241, 255, 253, 252, 222, 245, 127, 127, 251, 236,
       251, 252, 235, 107, 245, 127, 222, 255, 253, 235, 244, 147, 125,
       223, 127, 255, 255, 106, 119, 254, 247, 250, 249, 124, 255, 93,
       251, 182, 221, 167, 243, 111, 185, 173, 207, 141, 242, 29, 159,
       93, 60, 246, 127, 255, 219, 207, 46, 254, 35, 6, 64, 2, 153, 128,
       1, 72, 162, 64, 0, 48, 160, 11, 128, 5, 98, 116, 1, 96, 192, 34,
       129, 100, 68, 128, 32, 9, 146, 8, 1, 9, 84, 36, 84, 154, 64, 48,
       1, 84, 0, 66, 24, 139, 64, 16, 192, 69, 16, 36, 16, 4, 32, 24,
       140, 73, 16, 114, 51, 156, 72, 87, 32, 249, 30, 177, 221, 190, 63,
       107, 176, 126, 246, 152, 212, 181, 125, 86, 191, 81, 255, 223, 99,
       242, 197, 39, 195, 247, 205, 223, 244, 205, 82, 78, 247, 234, 223,
       44, 87, 190, 91, 120, 233, 116, 120, 93, 56, 47, 213, 117, 247,
       111, 153, 172, 24, 5, 240, 29, 156, 73, 16, 242, 51, 189, 88, 87,
       32, 250, 191, 254, 125, 247, 255, 189, 191, 121, 255, 253, 254,
       251, 253, 127, 254, 117, 247, 255, 111, 123, 245, 103, 211, 118,
       221, 255, 245, 255, 126, 95, 247, 235, 223, 44, 85, 190, 219, 120,
       233, 125, 124, 92, 58, 175, 213, 55, 247, 111, 153, 172, 24, 13,
       240, 29, 159, 73, 16, 242, 51, 189, 90, 87, 40, 250 ]
