%YAML:1.0
descriptors: !!opencv-matrix
   rows: 19
   cols: 64
   dt: u
   data: [ 163, 196, 68, 138, 221, 12, 5, 72, 181, 85, 44, 235, 175, 123,
       228, 109, 227, 244, 37, 97, 64, 42, 184, 116, 102, 223, 1, 43,
       251, 11, 17, 109, 212, 38, 22, 250, 66, 113, 41, 252, 115, 222,
       56, 143, 216, 16, 252, 197, 137, 164, 90, 4, 248, 30, 142, 9, 24,
       240, 35, 188, 88, 87, 34, 249, 129, 206, 64, 134, 217, 200, 167,
       72, 56, 85, 46, 75, 130, 123, 196, 173, 107, 85, 165, 97, 196, 44,
       168, 112, 110, 223, 17, 35, 215, 10, 51, 93, 214, 39, 84, 186, 82,
       112, 237, 180, 113, 92, 56, 39, 221, 20, 252, 229, 137, 164, 24,
       4, 240, 31, 140, 73, 16, 240, 51, 189, 88, 87, 32, 250, 1, 6, 0,
       8, 137, 0, 4, 64, 32, 0, 42, 4, 0, 5, 9, 33, 64, 0, 1, 64, 64,
       128, 8, 0, 66, 128, 8, 0, 128, 0, 8, 1, 48, 4, 81, 136, 0, 2, 5,
       128, 6, 0, 24, 0, 68, 18, 68, 196, 0, 4, 80, 4, 0, 24, 4, 9, 136,
       0, 0, 52, 0, 70, 34, 32, 5, 6, 1, 0, 72, 130, 34, 78, 128, 32, 2,
       4, 0, 65, 129, 0, 66, 4, 129, 64, 192, 32, 8, 67, 76, 136, 8, 4,
       0, 8, 1, 72, 69, 6, 80, 186, 0, 160, 5, 4, 0, 32, 24, 130, 64, 0,
       0, 195, 16, 36, 24, 0, 1, 24, 12, 0, 0, 96, 3, 148, 72, 70, 32,
       112, 2, 2, 128, 130, 201, 130, 2, 5, 6, 2, 2, 6, 128, 66, 2, 1,
       64, 17, 1, 64, 192, 37, 194, 67, 6, 128, 168, 13, 18, 8, 1, 64,
       87, 36, 84, 186, 0, 104, 1, 68, 64, 64, 16, 8, 65, 20, 129, 79,
       16, 44, 24, 4, 96, 24, 156, 9, 16, 50, 51, 181, 8, 87, 32, 104,
       65, 1, 1, 144, 0, 2, 0, 6, 2, 6, 1, 4, 0, 225, 17, 2, 0, 64, 0,
       100, 2, 160, 64, 3, 8, 128, 132, 12, 0, 8, 16, 1, 112, 6, 16, 138,
       0, 96, 2, 64, 0, 32, 28, 8, 0, 24, 193, 14, 17, 32, 16, 4, 32, 24,
       20, 10, 137, 34, 1, 16, 72, 4, 34, 225, 1, 7, 0, 2, 0, 10, 0, 7,
       34, 64, 3, 0, 0, 33, 0, 2, 68, 32, 1, 68, 128, 32, 80, 3, 80, 0,
       128, 12, 0, 8, 8, 65, 20, 4, 64, 170, 0, 8, 1, 72, 4, 0, 24, 129,
       0, 64, 101, 78, 16, 36, 8, 4, 34, 24, 26, 9, 8, 98, 19, 180, 8,
       66, 32, 72, 66, 0, 129, 146, 200, 130, 6, 78, 0, 32, 0, 3, 130,
       195, 130, 1, 98, 85, 1, 100, 200, 133, 138, 43, 78, 200, 40, 15,
       146, 8, 49, 79, 87, 39, 84, 187, 0, 112, 37, 86, 64, 64, 24, 10,
       73, 28, 65, 199, 25, 36, 24, 4, 113, 24, 140, 73, 16, 112, 35,
       189, 72, 86, 32, 248, 64, 2, 128, 128, 192, 134, 2, 100, 0, 102,
       3, 6, 144, 160, 147, 2, 194, 85, 1, 100, 8, 133, 194, 32, 78, 200,
       184, 12, 144, 8, 48, 9, 81, 36, 85, 187, 64, 120, 5, 68, 16, 64,
       24, 14, 65, 28, 192, 12, 25, 44, 24, 4, 113, 29, 148, 73, 16, 114,
       49, 188, 72, 86, 32, 250, 66, 1, 131, 144, 64, 2, 10, 71, 2, 130,
       3, 4, 16, 192, 19, 2, 2, 85, 0, 70, 10, 165, 192, 3, 14, 128, 162,
       13, 2, 8, 16, 8, 114, 38, 85, 155, 0, 108, 67, 70, 32, 96, 16, 8,
       3, 28, 129, 14, 17, 44, 16, 5, 32, 24, 148, 75, 16, 98, 49, 189,
       72, 84, 32, 242, 65, 1, 128, 16, 64, 2, 2, 102, 2, 36, 1, 4, 0,
       193, 19, 2, 64, 64, 0, 102, 10, 161, 68, 131, 74, 0, 132, 12, 0,
       8, 0, 1, 114, 38, 17, 170, 0, 32, 67, 64, 48, 32, 24, 10, 64, 24,
       193, 78, 17, 44, 16, 1, 48, 24, 20, 65, 17, 98, 49, 177, 72, 70,
       32, 224, 35, 6, 64, 2, 157, 128, 3, 8, 34, 0, 0, 48, 160, 11, 128,
       21, 98, 116, 5, 64, 193, 2, 129, 100, 68, 128, 40, 9, 146, 8, 1,
       9, 16, 36, 20, 154, 66, 48, 1, 212, 0, 66, 24, 139, 64, 16, 192,
       77, 16, 36, 16, 4, 32, 24, 140, 73, 16, 50, 50, 156, 72, 86, 32,
       249, 70, 33, 65, 128, 16, 2, 1, 78, 130, 2, 1, 52, 1, 131, 129,
       66, 66, 68, 1, 100, 1, 128, 128, 32, 12, 128, 168, 9, 146, 8, 48,
       9, 112, 36, 20, 154, 0, 112, 1, 212, 128, 64, 24, 10, 64, 28, 64,
       204, 17, 36, 16, 4, 32, 24, 132, 9, 144, 96, 33, 156, 72, 6, 32,
       241, 190, 245, 125, 254, 63, 189, 95, 121, 255, 255, 253, 250,
       253, 122, 244, 95, 247, 247, 103, 115, 245, 114, 211, 118, 221,
       255, 247, 251, 91, 223, 247, 235, 215, 44, 215, 190, 218, 120,
       249, 125, 122, 95, 61, 47, 213, 53, 245, 111, 155, 172, 24, 5,
       240, 29, 156, 89, 16, 242, 51, 189, 90, 215, 40, 251, 62, 185,
       253, 254, 54, 127, 125, 127, 247, 252, 221, 241, 127, 254, 182,
       94, 255, 223, 99, 243, 245, 63, 193, 247, 221, 255, 245, 255, 122,
       223, 247, 235, 223, 44, 71, 190, 223, 120, 233, 124, 120, 93, 61,
       47, 213, 53, 247, 111, 153, 172, 153, 5, 240, 29, 156, 73, 16,
       242, 51, 189, 90, 87, 32, 250, 61, 190, 253, 254, 63, 253, 255,
       124, 255, 252, 255, 247, 253, 127, 255, 245, 255, 247, 99, 106,
       245, 115, 211, 246, 221, 255, 245, 255, 126, 223, 247, 239, 223,
       44, 87, 190, 210, 120, 249, 125, 124, 93, 122, 47, 213, 181, 245,
       111, 153, 172, 24, 5, 240, 29, 156, 73, 48, 242, 51, 189, 90, 87,
       32, 250, 63, 181, 253, 254, 63, 253, 93, 125, 247, 254, 245, 184,
       253, 122, 182, 94, 255, 246, 99, 115, 245, 114, 211, 119, 221,
       255, 247, 123, 83, 221, 247, 235, 215, 44, 87, 190, 218, 120, 233,
       124, 120, 95, 57, 47, 213, 52, 245, 111, 153, 172, 24, 5, 240, 29,
       156, 89, 16, 242, 51, 189, 88, 215, 40, 250, 3, 6, 0, 2, 153, 128,
       2, 8, 2, 0, 0, 0, 160, 11, 128, 17, 98, 86, 1, 0, 192, 0, 136, 96,
       68, 128, 40, 9, 146, 8, 1, 9, 16, 36, 84, 154, 0, 112, 1, 214, 0,
       64, 8, 11, 64, 20, 192, 5, 16, 36, 16, 4, 32, 24, 140, 73, 16,
       112, 34, 188, 72, 86, 32, 248, 118, 53, 245, 150, 23, 7, 24, 79,
       230, 64, 145, 48, 127, 227, 176, 86, 234, 213, 3, 103, 65, 39,
       193, 119, 76, 138, 164, 13, 82, 12, 48, 104, 214, 36, 20, 186, 82,
       120, 65, 84, 80, 72, 24, 15, 193, 20, 193, 78, 153, 172, 24, 5,
       240, 28, 156, 73, 16, 242, 51, 189, 88, 87, 32, 250 ]
