%YAML:1.0
descriptors: !!opencv-matrix
   rows: 9
   cols: 64
   dt: u
   data: [ 71, 34, 65, 128, 209, 2, 3, 72, 0, 0, 2, 52, 1, 3, 128, 65,
       66, 84, 1, 68, 64, 128, 136, 32, 14, 128, 8, 1, 146, 8, 0, 9, 80,
       36, 84, 154, 0, 112, 5, 148, 128, 64, 24, 10, 64, 12, 64, 132, 0,
       36, 80, 4, 1, 26, 132, 10, 144, 96, 32, 28, 72, 6, 32, 176, 61,
       180, 253, 254, 63, 253, 249, 125, 255, 252, 214, 245, 253, 127,
       189, 84, 254, 254, 227, 243, 245, 118, 211, 255, 253, 58, 228,
       255, 126, 221, 245, 239, 223, 44, 87, 190, 255, 120, 249, 124,
       120, 93, 123, 175, 213, 53, 247, 111, 185, 172, 24, 13, 240, 29,
       156, 73, 54, 242, 119, 189, 218, 87, 40, 250, 61, 254, 255, 237,
       63, 253, 253, 121, 255, 253, 214, 253, 253, 127, 253, 221, 255,
       254, 227, 123, 245, 126, 219, 255, 253, 127, 231, 255, 126, 223,
       253, 239, 207, 108, 95, 190, 255, 123, 249, 125, 125, 93, 251,
       175, 213, 181, 247, 111, 185, 190, 153, 13, 240, 29, 156, 93, 54,
       242, 247, 191, 251, 223, 44, 254, 60, 185, 255, 252, 55, 253, 253,
       127, 87, 252, 213, 245, 127, 126, 180, 94, 255, 222, 99, 243, 245,
       61, 195, 243, 253, 127, 242, 255, 88, 221, 245, 235, 223, 52, 87,
       190, 223, 120, 233, 125, 120, 93, 245, 47, 245, 53, 247, 111, 153,
       174, 153, 7, 240, 29, 156, 73, 16, 243, 51, 189, 91, 87, 32, 250,
       62, 246, 125, 255, 63, 189, 255, 121, 255, 255, 253, 251, 253,
       127, 253, 87, 255, 246, 67, 251, 245, 114, 211, 126, 253, 255,
       247, 251, 126, 255, 247, 235, 215, 108, 215, 190, 222, 121, 249,
       125, 120, 95, 123, 47, 212, 181, 247, 111, 187, 172, 24, 5, 240,
       29, 156, 93, 16, 242, 115, 191, 251, 215, 40, 250, 191, 246, 125,
       247, 254, 189, 191, 121, 254, 127, 253, 251, 253, 127, 180, 85,
       243, 245, 103, 99, 253, 119, 211, 124, 220, 255, 245, 191, 122,
       223, 247, 235, 215, 44, 87, 190, 218, 120, 233, 125, 124, 92, 120,
       47, 213, 21, 245, 111, 153, 172, 24, 5, 240, 29, 156, 73, 16, 242,
       51, 189, 90, 87, 32, 250, 70, 32, 65, 130, 17, 2, 5, 78, 2, 2, 1,
       48, 33, 130, 128, 83, 98, 84, 1, 68, 8, 128, 128, 32, 12, 128,
       168, 9, 146, 8, 0, 9, 112, 36, 20, 154, 0, 112, 1, 212, 0, 64, 24,
       10, 0, 28, 64, 140, 17, 36, 16, 4, 32, 24, 132, 9, 144, 32, 33,
       56, 72, 4, 32, 176, 4, 35, 193, 160, 16, 0, 32, 70, 0, 134, 194,
       20, 65, 133, 155, 66, 138, 76, 3, 100, 0, 128, 196, 19, 76, 136,
       128, 1, 16, 12, 48, 9, 112, 4, 85, 186, 0, 114, 1, 20, 32, 96, 24,
       14, 70, 4, 64, 204, 25, 44, 24, 4, 81, 28, 148, 8, 128, 226, 35,
       188, 72, 70, 32, 240, 5, 34, 65, 130, 217, 0, 3, 72, 128, 0, 2,
       54, 129, 11, 128, 65, 98, 84, 5, 100, 65, 0, 136, 96, 12, 136, 8,
       9, 146, 8, 1, 9, 112, 36, 84, 154, 0, 114, 5, 148, 129, 64, 24,
       10, 64, 4, 72, 132, 1, 36, 80, 4, 32, 26, 133, 9, 16, 96, 33, 156,
       72, 6, 32, 185 ]
