%YAML:1.0
descriptors: !!opencv-matrix
   rows: 20
   cols: 64
   dt: u
   data: [ 163, 196, 68, 142, 221, 12, 69, 72, 181, 85, 44, 235, 175,
       123, 228, 109, 227, 244, 37, 97, 192, 42, 184, 116, 102, 255, 1,
       43, 251, 11, 17, 109, 212, 38, 22, 250, 66, 113, 41, 252, 83, 222,
       56, 15, 216, 16, 252, 197, 137, 164, 90, 4, 248, 30, 142, 9, 24,
       240, 35, 188, 88, 87, 34, 249, 129, 206, 64, 134, 201, 72, 167,
       200, 56, 85, 46, 75, 130, 123, 196, 169, 235, 85, 165, 97, 196,
       44, 168, 112, 111, 223, 17, 35, 215, 10, 51, 95, 214, 39, 85, 186,
       82, 112, 237, 180, 113, 92, 56, 39, 221, 20, 252, 229, 137, 164,
       24, 4, 240, 31, 140, 73, 16, 240, 51, 189, 88, 87, 32, 250, 1, 6,
       0, 0, 137, 8, 4, 0, 32, 0, 42, 4, 0, 4, 41, 33, 64, 0, 1, 0, 64,
       128, 8, 0, 64, 128, 8, 0, 128, 0, 9, 1, 48, 4, 81, 136, 0, 66, 5,
       128, 134, 0, 28, 0, 68, 134, 64, 196, 0, 4, 80, 4, 2, 24, 1, 9,
       144, 0, 0, 52, 0, 70, 34, 32, 5, 6, 1, 0, 72, 130, 34, 78, 128,
       32, 2, 4, 0, 69, 129, 0, 66, 4, 129, 64, 192, 33, 8, 67, 76, 136,
       8, 4, 0, 8, 1, 72, 85, 6, 84, 186, 0, 160, 5, 4, 0, 32, 24, 130,
       64, 0, 0, 195, 16, 36, 24, 0, 33, 24, 12, 0, 0, 96, 3, 156, 72,
       70, 32, 112, 2, 2, 128, 130, 201, 130, 2, 5, 6, 2, 0, 6, 128, 66,
       2, 1, 64, 17, 1, 64, 192, 37, 194, 67, 6, 128, 168, 13, 18, 8, 1,
       64, 87, 36, 84, 186, 0, 104, 1, 68, 64, 64, 16, 10, 65, 20, 129,
       79, 16, 36, 24, 4, 96, 24, 156, 9, 16, 114, 51, 181, 8, 87, 32,
       104, 131, 203, 66, 195, 221, 202, 135, 200, 60, 217, 46, 203, 130,
       95, 196, 173, 235, 213, 45, 103, 196, 45, 174, 113, 79, 223, 57,
       47, 215, 10, 51, 63, 215, 39, 84, 186, 82, 120, 237, 244, 115, 92,
       56, 47, 221, 22, 253, 231, 137, 173, 24, 5, 240, 29, 141, 73, 16,
       240, 51, 189, 88, 87, 32, 250, 1, 3, 0, 16, 0, 2, 0, 6, 34, 0, 3,
       4, 16, 113, 1, 2, 68, 0, 0, 100, 2, 32, 0, 131, 8, 0, 128, 8, 32,
       8, 0, 64, 16, 6, 80, 170, 0, 66, 2, 64, 132, 0, 24, 2, 64, 4, 193,
       78, 17, 36, 1, 4, 48, 24, 17, 9, 9, 98, 3, 144, 72, 2, 32, 104, 1,
       7, 0, 2, 0, 10, 0, 3, 34, 64, 3, 0, 0, 33, 0, 2, 68, 32, 1, 68,
       128, 32, 80, 3, 80, 0, 128, 12, 0, 8, 0, 65, 16, 4, 64, 170, 0, 8,
       1, 72, 4, 0, 24, 129, 0, 64, 100, 78, 16, 36, 0, 0, 34, 24, 8, 9,
       8, 98, 19, 180, 8, 66, 32, 72, 66, 2, 129, 146, 201, 130, 6, 78,
       0, 33, 0, 3, 130, 195, 130, 0, 98, 85, 1, 100, 200, 133, 202, 43,
       78, 202, 40, 15, 146, 8, 49, 79, 87, 39, 84, 187, 0, 112, 37, 214,
       64, 64, 24, 10, 73, 28, 65, 199, 25, 36, 24, 4, 113, 24, 140, 73,
       16, 112, 35, 189, 72, 86, 32, 248, 64, 2, 128, 128, 192, 134, 2,
       100, 4, 102, 3, 6, 144, 160, 147, 2, 194, 85, 1, 100, 8, 133, 194,
       32, 78, 200, 184, 12, 144, 8, 48, 9, 81, 36, 85, 187, 64, 120, 5,
       68, 16, 64, 24, 14, 65, 28, 192, 132, 25, 44, 24, 4, 113, 29, 148,
       73, 16, 112, 49, 188, 72, 86, 32, 250, 64, 1, 130, 148, 64, 2, 10,
       198, 2, 162, 3, 4, 16, 229, 19, 2, 96, 81, 0, 102, 10, 173, 196,
       35, 78, 130, 166, 12, 0, 8, 16, 24, 114, 38, 85, 186, 0, 104, 67,
       70, 16, 96, 24, 10, 193, 28, 193, 14, 25, 44, 16, 5, 48, 24, 148,
       75, 16, 114, 49, 189, 72, 84, 32, 248, 35, 6, 64, 2, 157, 128, 7,
       8, 98, 64, 0, 112, 160, 11, 128, 21, 98, 118, 1, 64, 192, 2, 129,
       100, 68, 128, 40, 9, 146, 8, 1, 9, 20, 36, 84, 154, 64, 112, 1,
       212, 4, 66, 24, 139, 64, 16, 192, 77, 16, 36, 16, 4, 32, 24, 140,
       73, 16, 50, 50, 156, 72, 86, 32, 120, 70, 33, 65, 128, 16, 2, 1,
       78, 130, 2, 1, 52, 1, 131, 129, 66, 66, 68, 1, 100, 1, 128, 128,
       32, 12, 128, 168, 9, 146, 8, 48, 9, 112, 36, 20, 154, 0, 112, 1,
       212, 128, 64, 24, 10, 64, 28, 64, 204, 17, 36, 16, 4, 32, 24, 132,
       9, 144, 96, 33, 152, 72, 6, 32, 241, 60, 49, 220, 190, 55, 107,
       116, 127, 246, 16, 213, 183, 61, 222, 182, 87, 251, 215, 99, 103,
       197, 47, 195, 119, 76, 219, 244, 13, 82, 12, 182, 232, 223, 36,
       85, 190, 83, 120, 233, 116, 120, 93, 56, 47, 213, 53, 247, 111,
       153, 172, 24, 5, 240, 29, 156, 73, 16, 242, 51, 189, 88, 87, 32,
       250, 190, 245, 125, 254, 63, 189, 95, 121, 255, 255, 253, 250,
       253, 122, 244, 95, 247, 247, 103, 115, 245, 114, 211, 126, 221,
       255, 247, 251, 91, 223, 247, 235, 215, 44, 214, 190, 218, 120,
       249, 125, 122, 95, 125, 47, 213, 53, 245, 111, 155, 172, 24, 5,
       240, 29, 156, 89, 16, 242, 51, 189, 90, 215, 40, 251, 60, 190,
       255, 254, 62, 125, 253, 127, 255, 252, 254, 253, 127, 126, 255,
       252, 255, 254, 227, 107, 245, 127, 247, 255, 253, 111, 246, 251,
       127, 221, 255, 239, 207, 108, 71, 190, 223, 122, 249, 125, 126,
       221, 255, 175, 212, 183, 247, 111, 187, 172, 159, 13, 242, 29,
       159, 93, 60, 242, 127, 255, 251, 223, 46, 254, 62, 185, 253, 254,
       54, 127, 125, 127, 215, 252, 221, 241, 127, 254, 182, 94, 255,
       223, 99, 243, 245, 63, 193, 247, 221, 255, 245, 255, 122, 223,
       247, 235, 223, 44, 85, 190, 223, 120, 233, 124, 120, 93, 61, 47,
       213, 53, 247, 111, 153, 172, 153, 5, 240, 29, 156, 73, 16, 242,
       51, 189, 90, 87, 32, 250, 61, 190, 253, 255, 63, 255, 255, 252,
       255, 252, 222, 255, 253, 127, 255, 245, 251, 247, 99, 98, 245,
       115, 211, 118, 221, 255, 244, 191, 127, 91, 119, 239, 223, 108,
       87, 190, 215, 122, 249, 125, 124, 93, 122, 47, 213, 183, 245, 111,
       153, 172, 24, 13, 240, 29, 157, 73, 48, 242, 51, 189, 218, 87, 36,
       250, 189, 182, 255, 247, 191, 181, 251, 252, 252, 253, 214, 119,
       237, 123, 147, 117, 242, 223, 67, 107, 245, 47, 206, 126, 205,
       170, 242, 251, 94, 89, 115, 255, 247, 36, 84, 190, 87, 122, 233,
       245, 216, 92, 123, 14, 209, 5, 211, 111, 153, 172, 24, 5, 240, 29,
       156, 73, 16, 242, 51, 189, 90, 87, 32, 255, 3, 6, 0, 2, 153, 128,
       3, 8, 2, 0, 0, 0, 160, 11, 128, 17, 98, 86, 5, 0, 192, 0, 136, 96,
       68, 128, 40, 9, 146, 8, 1, 9, 16, 36, 84, 154, 0, 112, 1, 214, 0,
       64, 8, 11, 64, 20, 192, 5, 17, 36, 16, 4, 32, 24, 140, 9, 16, 112,
       34, 188, 72, 86, 32, 248 ]
