%YAML:1.0
descriptors: !!opencv-matrix
   rows: 18
   cols: 64
   dt: u
   data: [ 131, 1, 0, 22, 205, 128, 2, 8, 34, 1, 0, 67, 160, 67, 2, 17,
       100, 35, 5, 212, 64, 45, 3, 66, 6, 138, 160, 13, 146, 8, 1, 0, 22,
       38, 20, 186, 2, 40, 1, 196, 65, 66, 24, 11, 192, 80, 129, 79, 17,
       36, 24, 4, 112, 24, 156, 73, 16, 50, 51, 149, 24, 87, 32, 105, 64,
       1, 130, 18, 0, 66, 0, 6, 0, 160, 4, 4, 2, 196, 3, 2, 73, 1, 33,
       131, 194, 37, 78, 3, 66, 66, 144, 4, 0, 8, 2, 66, 135, 38, 65,
       170, 16, 8, 107, 64, 96, 48, 48, 34, 85, 84, 37, 239, 25, 172, 8,
       1, 240, 24, 24, 64, 16, 98, 51, 181, 8, 85, 32, 234, 195, 0, 0,
       54, 201, 130, 2, 8, 2, 41, 0, 67, 162, 203, 128, 17, 98, 7, 5, 68,
       200, 141, 138, 105, 6, 138, 40, 15, 146, 8, 33, 79, 83, 167, 52,
       187, 1, 32, 5, 198, 193, 66, 24, 10, 73, 24, 200, 213, 8, 36, 88,
       4, 97, 26, 140, 203, 16, 56, 35, 156, 8, 70, 48, 121, 254, 249,
       125, 222, 54, 255, 95, 121, 255, 215, 253, 250, 255, 126, 254,
       254, 251, 215, 119, 103, 117, 119, 243, 246, 221, 255, 245, 127,
       115, 222, 246, 169, 214, 44, 87, 190, 218, 120, 233, 253, 114, 95,
       61, 47, 213, 54, 245, 111, 159, 172, 152, 13, 242, 29, 156, 89,
       16, 242, 51, 189, 89, 87, 42, 251, 246, 49, 243, 151, 246, 71, 91,
       239, 198, 231, 209, 54, 247, 194, 147, 82, 250, 213, 51, 103, 75,
       173, 230, 54, 206, 203, 254, 47, 210, 8, 114, 59, 115, 37, 20,
       191, 82, 116, 193, 212, 80, 72, 17, 14, 201, 28, 193, 30, 153,
       172, 24, 5, 240, 30, 156, 73, 16, 242, 49, 189, 92, 86, 32, 248,
       76, 238, 239, 169, 114, 127, 167, 245, 189, 254, 234, 154, 217,
       60, 255, 239, 203, 221, 107, 108, 244, 213, 194, 240, 77, 253,
       189, 165, 89, 70, 51, 235, 215, 36, 85, 186, 82, 120, 233, 116,
       120, 92, 56, 47, 213, 151, 247, 109, 153, 172, 24, 5, 240, 29,
       156, 73, 16, 242, 51, 189, 88, 87, 32, 250, 94, 50, 113, 161, 252,
       176, 175, 88, 224, 63, 211, 118, 205, 5, 145, 81, 226, 205, 11,
       96, 233, 37, 130, 120, 76, 220, 184, 175, 214, 14, 49, 251, 87,
       36, 93, 187, 82, 120, 41, 86, 96, 64, 24, 14, 197, 12, 244, 29,
       152, 172, 24, 5, 240, 28, 156, 73, 16, 242, 51, 157, 88, 87, 32,
       242, 255, 57, 255, 246, 118, 39, 127, 254, 214, 253, 245, 179,
       127, 235, 146, 90, 250, 213, 55, 103, 237, 173, 231, 55, 206, 203,
       243, 191, 82, 12, 114, 235, 243, 36, 20, 186, 82, 120, 225, 244,
       80, 94, 57, 47, 209, 20, 193, 111, 153, 172, 24, 5, 240, 29, 156,
       73, 16, 242, 51, 189, 88, 86, 32, 251, 191, 254, 125, 255, 255,
       189, 191, 121, 255, 255, 253, 251, 253, 127, 252, 253, 247, 247,
       103, 115, 245, 119, 211, 118, 221, 255, 245, 127, 123, 95, 247,
       235, 215, 44, 87, 190, 210, 120, 233, 125, 122, 94, 56, 175, 213,
       55, 245, 111, 153, 172, 24, 5, 240, 29, 157, 73, 16, 242, 51, 189,
       90, 87, 42, 251, 60, 191, 247, 182, 122, 111, 161, 119, 116, 124,
       70, 85, 93, 126, 187, 68, 251, 221, 225, 98, 245, 37, 195, 243,
       79, 250, 180, 143, 122, 78, 115, 235, 215, 36, 85, 186, 87, 122,
       233, 116, 112, 93, 56, 47, 213, 20, 247, 111, 153, 172, 24, 5,
       240, 29, 156, 73, 16, 242, 51, 189, 88, 87, 32, 250, 63, 246, 125,
       254, 63, 189, 63, 121, 255, 126, 253, 251, 253, 127, 252, 253,
       243, 245, 103, 115, 245, 114, 209, 118, 221, 255, 245, 187, 123,
       95, 119, 235, 223, 108, 87, 190, 218, 120, 249, 125, 126, 95, 58,
       47, 213, 55, 245, 111, 153, 172, 24, 13, 240, 29, 157, 73, 24,
       242, 51, 189, 90, 215, 42, 251, 255, 177, 255, 246, 54, 39, 253,
       254, 214, 223, 245, 243, 255, 234, 146, 94, 242, 213, 39, 103,
       103, 173, 227, 119, 206, 138, 182, 175, 82, 12, 116, 235, 215, 36,
       20, 190, 82, 120, 225, 244, 88, 78, 57, 47, 209, 20, 209, 111,
       153, 172, 24, 5, 240, 29, 156, 73, 16, 242, 51, 189, 88, 87, 32,
       251, 252, 253, 255, 252, 54, 127, 253, 255, 253, 252, 255, 253,
       127, 254, 255, 254, 251, 252, 115, 107, 245, 255, 245, 183, 253,
       255, 247, 191, 123, 223, 255, 235, 223, 108, 71, 254, 215, 122,
       249, 125, 126, 221, 255, 47, 213, 55, 247, 111, 191, 172, 155,
       141, 242, 29, 156, 93, 56, 246, 123, 255, 251, 223, 42, 254, 61,
       178, 247, 247, 62, 117, 251, 252, 254, 252, 214, 119, 125, 127,
       155, 244, 250, 212, 67, 99, 245, 41, 199, 126, 205, 170, 244, 155,
       90, 77, 119, 239, 247, 36, 85, 190, 86, 122, 233, 117, 216, 92,
       27, 46, 213, 21, 241, 111, 153, 172, 24, 5, 240, 29, 156, 73, 16,
       242, 51, 189, 88, 87, 32, 250, 60, 177, 253, 254, 55, 127, 253,
       126, 247, 252, 212, 245, 125, 126, 190, 94, 255, 222, 99, 99, 245,
       63, 193, 247, 221, 255, 244, 223, 122, 222, 247, 235, 223, 36, 87,
       190, 83, 120, 233, 124, 120, 93, 60, 47, 213, 53, 247, 111, 153,
       172, 24, 5, 240, 29, 156, 73, 16, 242, 51, 189, 88, 87, 32, 250,
       3, 6, 64, 2, 157, 128, 5, 72, 34, 0, 2, 32, 32, 75, 160, 21, 98,
       116, 1, 64, 193, 34, 129, 98, 68, 128, 32, 9, 18, 8, 1, 65, 86,
       36, 84, 186, 0, 112, 1, 84, 64, 64, 24, 11, 64, 64, 196, 79, 16,
       44, 24, 4, 112, 24, 156, 73, 16, 50, 51, 156, 72, 87, 32, 120, 63,
       55, 253, 252, 63, 253, 29, 127, 247, 254, 223, 176, 125, 127, 191,
       215, 255, 246, 99, 242, 245, 115, 211, 247, 221, 255, 245, 255,
       122, 94, 247, 235, 223, 44, 215, 190, 218, 120, 233, 117, 120, 93,
       56, 47, 213, 53, 245, 111, 153, 172, 24, 5, 240, 29, 156, 73, 16,
       242, 51, 189, 88, 87, 40, 250, 83, 17, 211, 150, 2, 2, 25, 14,
       230, 132, 21, 17, 63, 235, 146, 82, 238, 215, 32, 103, 66, 45,
       193, 39, 78, 138, 176, 13, 82, 8, 16, 41, 214, 36, 20, 186, 82,
       120, 65, 84, 80, 72, 56, 15, 201, 20, 225, 110, 153, 172, 24, 5,
       240, 24, 156, 73, 16, 242, 51, 189, 88, 87, 32, 250 ]
