%YAML:1.0
descriptors: !!opencv-matrix
   rows: 8
   cols: 64
   dt: u
   data: [ 35, 4, 0, 2, 9, 128, 1, 8, 198, 0, 1, 0, 32, 10, 128, 21, 98,
       86, 0, 32, 192, 34, 129, 100, 76, 144, 32, 9, 18, 8, 17, 105, 148,
       36, 84, 154, 2, 80, 1, 84, 0, 64, 24, 11, 64, 20, 224, 77, 145,
       36, 16, 4, 48, 24, 156, 73, 16, 114, 50, 188, 88, 87, 32, 249, 61,
       182, 125, 254, 191, 189, 191, 120, 254, 124, 254, 123, 253, 127,
       189, 85, 243, 246, 67, 98, 245, 98, 210, 126, 221, 255, 245, 251,
       126, 219, 119, 239, 223, 44, 87, 190, 210, 120, 233, 125, 124, 93,
       122, 175, 212, 49, 245, 111, 153, 172, 24, 13, 240, 29, 156, 73,
       48, 242, 51, 189, 218, 87, 32, 250, 190, 245, 125, 254, 63, 189,
       223, 121, 255, 255, 253, 250, 253, 122, 244, 87, 255, 246, 103,
       123, 245, 114, 211, 126, 253, 255, 247, 251, 123, 255, 247, 235,
       215, 44, 87, 190, 218, 120, 249, 125, 120, 223, 121, 47, 213, 21,
       245, 111, 153, 172, 24, 5, 240, 29, 156, 89, 16, 242, 115, 189,
       122, 215, 40, 250, 63, 245, 125, 255, 63, 181, 223, 89, 255, 255,
       253, 250, 253, 107, 180, 87, 246, 247, 103, 115, 253, 118, 211,
       126, 205, 255, 247, 127, 90, 127, 247, 235, 215, 44, 215, 190,
       210, 120, 249, 117, 122, 94, 57, 47, 213, 21, 245, 111, 153, 172,
       24, 5, 240, 29, 156, 73, 16, 242, 51, 189, 88, 87, 32, 250, 191,
       244, 125, 255, 191, 189, 255, 120, 255, 255, 253, 251, 253, 122,
       244, 127, 246, 247, 119, 123, 253, 119, 211, 118, 253, 255, 245,
       255, 123, 95, 247, 235, 215, 44, 86, 190, 210, 121, 233, 253, 122,
       95, 121, 47, 213, 21, 245, 111, 153, 172, 24, 5, 240, 29, 156, 73,
       16, 242, 51, 189, 90, 87, 34, 251, 68, 35, 65, 128, 16, 2, 1, 78,
       0, 66, 1, 52, 65, 130, 129, 66, 66, 68, 1, 100, 1, 128, 132, 0,
       12, 128, 136, 9, 18, 8, 48, 9, 112, 36, 20, 154, 0, 112, 1, 84,
       128, 64, 24, 10, 64, 12, 64, 204, 17, 44, 16, 4, 32, 24, 132, 9,
       128, 96, 33, 152, 72, 6, 32, 241, 4, 35, 229, 144, 16, 80, 32,
       118, 0, 134, 194, 20, 65, 165, 145, 2, 138, 76, 3, 96, 0, 32, 196,
       179, 76, 136, 132, 129, 64, 12, 48, 9, 80, 4, 85, 170, 16, 120, 1,
       20, 48, 96, 24, 14, 68, 132, 65, 110, 25, 44, 24, 5, 240, 28, 156,
       8, 0, 226, 35, 156, 72, 86, 32, 242, 3, 4, 64, 2, 153, 128, 7, 8,
       34, 0, 0, 112, 160, 11, 132, 81, 98, 84, 5, 64, 193, 2, 137, 100,
       68, 144, 40, 9, 146, 8, 1, 9, 20, 36, 20, 154, 2, 112, 1, 212, 1,
       66, 24, 11, 64, 16, 192, 69, 1, 36, 16, 4, 32, 24, 140, 73, 16,
       50, 34, 156, 88, 87, 32, 249 ]
