%YAML:1.0
descriptors: !!opencv-matrix
   rows: 17
   cols: 64
   dt: u
   data: [ 189, 255, 125, 252, 54, 125, 253, 249, 255, 223, 255, 251,
       255, 58, 252, 255, 251, 246, 111, 111, 117, 118, 241, 246, 253,
       127, 245, 249, 127, 222, 254, 185, 222, 100, 215, 254, 214, 121,
       249, 125, 250, 223, 127, 63, 213, 183, 247, 110, 159, 173, 156,
       13, 250, 29, 159, 93, 48, 242, 115, 189, 91, 223, 40, 251, 163,
       198, 68, 138, 223, 12, 5, 8, 166, 69, 44, 203, 175, 123, 36, 13,
       227, 245, 37, 113, 192, 6, 184, 116, 70, 223, 25, 43, 187, 26, 1,
       73, 212, 100, 86, 186, 66, 112, 41, 252, 119, 94, 56, 175, 212,
       80, 244, 77, 137, 164, 24, 4, 240, 28, 140, 73, 24, 240, 51, 188,
       88, 87, 32, 249, 1, 2, 4, 130, 0, 8, 4, 18, 32, 68, 6, 0, 0, 49,
       0, 1, 64, 64, 1, 32, 64, 64, 0, 96, 8, 0, 8, 0, 48, 8, 0, 1, 16,
       4, 80, 128, 0, 0, 1, 0, 4, 16, 24, 135, 0, 128, 100, 76, 16, 32,
       1, 0, 16, 8, 131, 8, 40, 0, 2, 4, 64, 2, 36, 72, 2, 4, 0, 138, 1,
       8, 4, 1, 32, 66, 43, 4, 16, 4, 108, 33, 0, 32, 0, 4, 0, 0, 16, 0,
       80, 132, 8, 0, 0, 138, 8, 1, 0, 4, 83, 138, 0, 66, 0, 128, 130,
       128, 20, 129, 4, 86, 100, 76, 1, 32, 16, 4, 2, 9, 3, 0, 16, 96, 0,
       52, 0, 66, 34, 32, 1, 6, 1, 0, 8, 130, 2, 71, 128, 32, 0, 4, 0, 1,
       129, 1, 66, 100, 1, 64, 192, 2, 88, 3, 4, 128, 12, 4, 0, 8, 1, 64,
       101, 36, 71, 186, 0, 32, 5, 4, 0, 64, 16, 130, 64, 80, 0, 74, 24,
       44, 24, 0, 49, 24, 140, 0, 16, 98, 3, 148, 72, 70, 32, 112, 1, 7,
       0, 138, 0, 8, 4, 3, 34, 64, 0, 0, 16, 33, 44, 3, 64, 32, 1, 96, 0,
       32, 16, 2, 80, 128, 128, 8, 0, 136, 8, 1, 144, 4, 82, 170, 0, 64,
       1, 72, 38, 130, 24, 1, 84, 84, 100, 78, 17, 36, 16, 4, 32, 24, 3,
       9, 24, 98, 3, 180, 72, 66, 34, 225, 1, 3, 4, 16, 0, 2, 0, 66, 34,
       4, 3, 0, 0, 113, 0, 0, 70, 64, 1, 100, 66, 32, 0, 34, 8, 0, 132,
       8, 32, 8, 16, 65, 16, 36, 80, 186, 0, 66, 1, 192, 132, 18, 24, 6,
       64, 0, 192, 78, 16, 36, 1, 4, 48, 24, 131, 9, 0, 98, 3, 148, 72,
       6, 34, 249, 0, 2, 129, 146, 200, 128, 2, 69, 132, 42, 2, 6, 129,
       65, 146, 0, 74, 69, 1, 96, 200, 37, 194, 99, 78, 152, 180, 15,
       146, 8, 49, 74, 87, 36, 84, 186, 16, 104, 1, 68, 64, 64, 24, 10,
       193, 20, 225, 79, 25, 44, 24, 1, 240, 29, 156, 73, 16, 114, 51,
       189, 72, 87, 32, 250, 68, 2, 129, 144, 201, 130, 6, 78, 32, 32, 2,
       4, 130, 229, 130, 3, 202, 85, 1, 100, 200, 5, 202, 35, 78, 200,
       24, 15, 18, 8, 49, 75, 87, 38, 84, 186, 16, 120, 37, 86, 64, 64,
       24, 14, 65, 28, 65, 199, 25, 44, 24, 4, 113, 28, 156, 73, 16, 112,
       35, 189, 72, 87, 32, 250, 2, 0, 9, 19, 8, 192, 138, 132, 2, 162,
       3, 2, 128, 2, 3, 2, 75, 68, 32, 99, 130, 33, 194, 66, 72, 213,
       177, 43, 18, 10, 19, 74, 87, 36, 85, 186, 82, 104, 233, 86, 48,
       64, 56, 43, 213, 20, 245, 111, 153, 172, 24, 5, 240, 25, 156, 73,
       16, 114, 51, 189, 88, 87, 32, 250, 69, 34, 65, 130, 17, 2, 3, 78,
       128, 2, 2, 52, 1, 3, 129, 67, 66, 68, 1, 100, 1, 128, 140, 32, 12,
       128, 8, 9, 146, 8, 0, 9, 112, 36, 84, 154, 0, 114, 5, 20, 128, 64,
       24, 10, 64, 12, 64, 132, 16, 44, 80, 4, 1, 24, 132, 8, 144, 96,
       33, 28, 76, 70, 32, 177, 3, 4, 65, 2, 157, 128, 7, 72, 226, 0, 0,
       114, 160, 11, 132, 81, 98, 84, 5, 0, 64, 0, 129, 100, 68, 144, 40,
       9, 146, 8, 1, 9, 80, 36, 20, 154, 0, 112, 1, 212, 1, 66, 24, 11,
       64, 16, 192, 4, 0, 36, 16, 4, 32, 24, 140, 73, 16, 48, 34, 28, 88,
       86, 32, 249, 63, 246, 125, 238, 255, 189, 191, 120, 255, 127, 252,
       251, 253, 123, 254, 117, 247, 247, 67, 114, 245, 115, 211, 126,
       221, 255, 245, 255, 126, 95, 247, 235, 223, 44, 215, 190, 210,
       120, 233, 125, 126, 94, 122, 47, 213, 53, 245, 111, 153, 172, 24,
       5, 240, 29, 156, 73, 16, 242, 51, 189, 218, 215, 40, 250, 63, 182,
       125, 254, 63, 253, 255, 120, 255, 252, 223, 247, 253, 127, 255,
       247, 255, 246, 67, 123, 245, 106, 211, 126, 221, 254, 245, 251,
       126, 95, 247, 239, 223, 44, 87, 190, 214, 122, 249, 125, 124, 93,
       123, 47, 212, 55, 245, 111, 153, 172, 24, 5, 240, 29, 156, 73, 16,
       242, 51, 189, 90, 87, 32, 250, 63, 191, 253, 254, 59, 253, 249,
       111, 247, 252, 214, 245, 125, 122, 188, 222, 255, 190, 227, 123,
       245, 126, 211, 247, 221, 187, 244, 251, 111, 253, 245, 235, 207,
       44, 71, 190, 255, 120, 249, 124, 120, 93, 123, 175, 244, 53, 247,
       111, 185, 174, 24, 15, 240, 29, 156, 73, 54, 242, 119, 189, 122,
       87, 40, 250, 61, 190, 253, 239, 63, 253, 253, 124, 255, 255, 222,
       253, 253, 127, 189, 213, 255, 254, 227, 251, 245, 114, 219, 255,
       253, 127, 245, 255, 126, 95, 245, 239, 223, 108, 215, 190, 255,
       120, 249, 125, 124, 93, 123, 47, 213, 181, 247, 111, 185, 188,
       152, 13, 240, 29, 158, 93, 54, 242, 183, 189, 250, 223, 44, 254,
       62, 178, 125, 254, 62, 253, 189, 121, 255, 254, 214, 247, 253,
       127, 185, 85, 255, 254, 67, 242, 245, 114, 211, 246, 221, 190,
       244, 251, 126, 223, 247, 235, 215, 108, 87, 190, 95, 120, 249,
       124, 124, 93, 122, 47, 212, 53, 247, 111, 153, 172, 24, 5, 240,
       29, 156, 73, 16, 242, 51, 189, 90, 87, 32, 250 ]
