%YAML:1.0
descriptors: !!opencv-matrix
   rows: 10
   cols: 64
   dt: u
   data: [ 63, 182, 125, 238, 63, 189, 253, 120, 255, 254, 214, 245, 253,
       127, 189, 85, 246, 254, 67, 251, 245, 114, 211, 119, 253, 190,
       229, 251, 126, 95, 245, 235, 223, 108, 215, 190, 223, 120, 249,
       125, 120, 93, 123, 47, 212, 53, 247, 111, 185, 172, 152, 13, 240,
       29, 156, 89, 48, 242, 55, 189, 250, 223, 44, 250, 62, 177, 253,
       254, 54, 245, 253, 127, 247, 222, 213, 241, 125, 126, 180, 86,
       255, 214, 99, 115, 245, 124, 209, 247, 221, 187, 230, 219, 122,
       252, 245, 233, 223, 44, 87, 190, 222, 120, 249, 125, 120, 93, 61,
       47, 244, 53, 245, 111, 153, 174, 152, 7, 240, 29, 156, 89, 16,
       242, 51, 189, 123, 87, 32, 250, 63, 182, 125, 238, 63, 189, 189,
       125, 247, 254, 214, 245, 125, 63, 189, 87, 255, 254, 67, 251, 245,
       114, 211, 247, 221, 186, 228, 219, 126, 221, 245, 235, 223, 44,
       215, 190, 223, 120, 233, 125, 120, 93, 123, 47, 212, 53, 247, 111,
       185, 172, 24, 13, 240, 29, 156, 89, 48, 242, 51, 189, 122, 215,
       40, 250, 197, 34, 65, 128, 208, 2, 1, 78, 0, 64, 2, 54, 1, 130,
       130, 64, 2, 68, 1, 68, 8, 128, 168, 0, 78, 128, 8, 1, 146, 8, 0,
       9, 112, 39, 84, 154, 0, 112, 5, 148, 128, 96, 24, 10, 72, 12, 64,
       128, 1, 36, 80, 4, 1, 26, 132, 10, 144, 96, 32, 60, 76, 4, 32,
       176, 61, 254, 253, 253, 63, 189, 253, 120, 253, 253, 220, 253,
       255, 127, 252, 93, 251, 253, 227, 123, 245, 126, 219, 255, 253,
       126, 231, 255, 126, 95, 245, 239, 223, 108, 87, 190, 215, 121,
       249, 125, 125, 93, 123, 175, 213, 49, 247, 111, 185, 174, 152, 13,
       240, 29, 156, 77, 54, 242, 247, 191, 250, 223, 44, 254, 60, 191,
       255, 252, 62, 189, 253, 123, 245, 254, 215, 245, 221, 126, 189,
       77, 251, 252, 227, 107, 245, 126, 210, 247, 253, 254, 167, 255,
       124, 223, 117, 235, 223, 60, 215, 190, 223, 120, 249, 125, 120,
       93, 123, 47, 245, 53, 247, 111, 185, 172, 152, 15, 240, 29, 156,
       89, 20, 242, 115, 191, 122, 215, 40, 250, 63, 255, 253, 255, 63,
       253, 253, 121, 255, 254, 253, 249, 253, 127, 189, 95, 255, 254,
       99, 251, 245, 118, 211, 255, 253, 191, 231, 251, 126, 223, 245,
       235, 223, 108, 215, 190, 223, 120, 249, 125, 120, 93, 123, 47,
       212, 53, 247, 111, 185, 174, 152, 13, 240, 29, 156, 93, 48, 242,
       119, 191, 251, 223, 40, 250, 7, 34, 65, 130, 217, 0, 3, 72, 128,
       0, 0, 50, 1, 3, 128, 65, 66, 84, 5, 100, 65, 128, 136, 96, 14,
       136, 8, 9, 146, 8, 1, 9, 80, 36, 20, 154, 0, 112, 5, 148, 1, 64,
       24, 10, 64, 4, 64, 132, 0, 36, 80, 4, 0, 26, 132, 9, 0, 32, 33,
       156, 72, 70, 32, 176, 7, 34, 65, 130, 209, 0, 7, 72, 128, 0, 0,
       48, 1, 3, 129, 65, 66, 84, 1, 100, 64, 128, 136, 32, 12, 128, 8,
       9, 146, 8, 0, 9, 112, 36, 84, 154, 0, 112, 5, 212, 0, 64, 24, 10,
       64, 28, 64, 132, 0, 36, 16, 4, 0, 24, 132, 9, 16, 32, 33, 60, 72,
       70, 32, 176, 35, 22, 64, 130, 157, 128, 5, 72, 38, 64, 0, 112,
       160, 11, 128, 21, 98, 244, 1, 96, 192, 2, 137, 100, 68, 128, 32,
       9, 146, 8, 1, 73, 84, 36, 84, 154, 64, 112, 1, 84, 68, 64, 24,
       139, 64, 16, 192, 77, 144, 36, 24, 4, 96, 24, 140, 73, 16, 114,
       51, 156, 88, 87, 32, 248 ]
