%YAML:1.0
descriptors: !!opencv-matrix
   rows: 18
   cols: 64
   dt: u
   data: [ 163, 198, 68, 138, 221, 12, 5, 8, 164, 69, 40, 235, 171, 107,
       164, 13, 226, 116, 37, 113, 192, 6, 184, 96, 70, 159, 9, 35, 147,
       24, 1, 69, 212, 36, 86, 186, 66, 112, 33, 180, 103, 74, 56, 139,
       208, 80, 244, 197, 1, 164, 24, 4, 224, 26, 140, 9, 24, 240, 51,
       188, 88, 87, 32, 249, 129, 206, 64, 134, 201, 72, 167, 200, 56,
       85, 46, 75, 130, 123, 196, 169, 235, 85, 165, 97, 196, 44, 168,
       112, 111, 223, 17, 35, 215, 10, 51, 95, 214, 39, 85, 186, 82, 112,
       237, 180, 113, 92, 56, 39, 221, 16, 252, 229, 137, 164, 24, 4,
       240, 31, 140, 73, 16, 240, 51, 189, 88, 87, 32, 250, 1, 6, 0, 0,
       129, 0, 4, 64, 32, 0, 42, 4, 0, 5, 9, 33, 64, 0, 1, 64, 64, 128,
       8, 0, 66, 128, 8, 0, 128, 0, 8, 1, 48, 4, 81, 136, 0, 2, 5, 128,
       6, 0, 24, 0, 68, 18, 68, 196, 0, 4, 80, 4, 0, 24, 4, 8, 128, 0, 0,
       52, 0, 70, 34, 32, 69, 6, 1, 0, 72, 130, 34, 78, 128, 32, 2, 4, 0,
       5, 129, 1, 66, 68, 1, 64, 192, 33, 8, 3, 12, 136, 12, 4, 0, 8, 1,
       72, 81, 38, 64, 186, 0, 32, 5, 4, 0, 32, 24, 130, 64, 64, 0, 195,
       16, 36, 24, 0, 1, 24, 12, 0, 0, 32, 3, 156, 72, 70, 32, 112, 2, 2,
       128, 130, 201, 130, 2, 5, 6, 2, 0, 2, 128, 66, 2, 1, 66, 17, 1,
       64, 192, 37, 194, 67, 6, 128, 168, 13, 18, 8, 1, 64, 87, 36, 84,
       186, 0, 104, 1, 68, 64, 64, 16, 10, 65, 20, 129, 79, 16, 36, 24,
       4, 96, 24, 156, 9, 16, 50, 51, 181, 8, 87, 32, 104, 0, 3, 0, 144,
       0, 2, 0, 6, 34, 0, 7, 4, 16, 113, 0, 2, 68, 0, 0, 100, 2, 32, 64,
       131, 8, 0, 128, 12, 32, 136, 0, 64, 16, 4, 80, 138, 0, 66, 1, 64,
       132, 16, 24, 2, 64, 4, 193, 78, 17, 36, 129, 0, 48, 24, 19, 9, 8,
       98, 3, 148, 72, 2, 32, 72, 1, 7, 0, 2, 0, 10, 0, 7, 34, 0, 3, 0,
       0, 33, 0, 2, 68, 32, 1, 68, 128, 32, 80, 3, 80, 0, 128, 12, 0, 8,
       8, 64, 20, 4, 64, 170, 0, 8, 1, 72, 4, 0, 24, 129, 0, 64, 101, 78,
       16, 36, 8, 0, 34, 24, 24, 9, 8, 98, 19, 180, 8, 82, 32, 72, 67, 0,
       129, 146, 200, 130, 6, 78, 0, 33, 0, 3, 130, 199, 130, 0, 98, 85,
       1, 100, 200, 133, 202, 43, 78, 202, 40, 15, 146, 8, 49, 79, 87,
       39, 84, 187, 16, 112, 5, 214, 64, 64, 24, 10, 73, 28, 65, 199, 25,
       36, 24, 4, 113, 24, 140, 73, 16, 112, 35, 188, 72, 86, 32, 248,
       64, 2, 128, 128, 192, 134, 2, 101, 4, 102, 3, 6, 144, 160, 147, 2,
       194, 85, 1, 100, 8, 133, 194, 32, 78, 200, 184, 12, 144, 8, 48, 9,
       81, 36, 85, 187, 66, 120, 5, 84, 16, 64, 24, 14, 65, 28, 192, 12,
       25, 44, 24, 4, 113, 29, 148, 73, 16, 114, 49, 188, 72, 86, 32,
       250, 64, 1, 131, 148, 64, 2, 10, 198, 2, 162, 1, 4, 0, 196, 147,
       2, 98, 65, 0, 102, 10, 173, 196, 3, 78, 130, 166, 12, 0, 8, 16, 8,
       114, 38, 85, 186, 0, 104, 67, 68, 16, 96, 16, 10, 197, 28, 193,
       78, 25, 44, 16, 5, 48, 24, 148, 75, 16, 114, 49, 189, 72, 86, 32,
       240, 35, 6, 64, 2, 157, 128, 7, 8, 34, 64, 0, 112, 160, 11, 128,
       21, 98, 118, 1, 64, 192, 2, 129, 100, 68, 128, 40, 9, 146, 8, 1,
       9, 20, 36, 84, 154, 64, 112, 1, 212, 4, 66, 24, 139, 64, 16, 192,
       77, 16, 36, 16, 4, 32, 24, 140, 73, 16, 50, 50, 156, 72, 86, 32,
       120, 70, 33, 65, 128, 16, 2, 1, 78, 130, 2, 1, 52, 1, 131, 129,
       66, 66, 68, 1, 100, 1, 128, 128, 32, 12, 128, 168, 9, 146, 8, 48,
       9, 112, 36, 20, 154, 0, 112, 1, 212, 128, 64, 24, 10, 64, 28, 64,
       204, 17, 36, 16, 4, 32, 24, 132, 9, 144, 96, 33, 152, 72, 6, 32,
       241, 28, 177, 213, 190, 63, 107, 117, 126, 244, 52, 213, 183, 125,
       222, 182, 89, 255, 223, 99, 98, 229, 47, 193, 247, 206, 255, 244,
       205, 82, 6, 247, 233, 223, 36, 87, 190, 83, 120, 233, 116, 120,
       93, 56, 47, 213, 53, 247, 111, 153, 172, 24, 5, 240, 29, 156, 73,
       16, 242, 51, 189, 88, 87, 32, 250, 60, 190, 255, 252, 62, 125,
       253, 127, 255, 252, 254, 245, 127, 127, 255, 252, 255, 254, 227,
       107, 245, 127, 247, 255, 253, 111, 246, 251, 127, 221, 255, 239,
       207, 108, 71, 190, 223, 122, 249, 125, 126, 221, 255, 175, 212,
       183, 247, 111, 187, 172, 159, 13, 242, 29, 159, 93, 60, 242, 127,
       255, 251, 223, 44, 254, 60, 185, 253, 254, 62, 127, 253, 126, 247,
       252, 221, 245, 127, 126, 188, 94, 255, 223, 99, 99, 245, 63, 193,
       247, 221, 255, 245, 255, 122, 223, 247, 235, 223, 44, 85, 190,
       223, 120, 249, 124, 120, 93, 57, 47, 213, 53, 247, 111, 153, 172,
       25, 5, 240, 29, 156, 73, 16, 242, 51, 189, 90, 87, 32, 250, 61,
       190, 253, 254, 63, 253, 255, 124, 255, 252, 255, 247, 253, 127,
       255, 245, 255, 247, 99, 106, 245, 115, 211, 246, 221, 255, 245,
       255, 126, 223, 247, 239, 223, 44, 87, 190, 210, 120, 249, 125,
       124, 93, 122, 47, 213, 181, 245, 111, 153, 172, 24, 5, 240, 29,
       156, 73, 48, 242, 51, 189, 90, 87, 32, 250, 3, 6, 0, 2, 153, 128,
       2, 8, 2, 0, 0, 0, 160, 11, 128, 17, 98, 86, 5, 0, 192, 0, 136, 96,
       68, 128, 40, 9, 146, 8, 1, 9, 16, 36, 84, 154, 0, 112, 1, 214, 0,
       64, 8, 11, 64, 20, 192, 5, 17, 36, 16, 4, 32, 24, 140, 73, 16,
       112, 34, 60, 72, 86, 32, 248, 118, 53, 245, 22, 23, 7, 24, 79,
       230, 0, 149, 48, 127, 227, 176, 86, 234, 213, 35, 103, 65, 39,
       193, 119, 76, 138, 164, 13, 82, 12, 48, 104, 214, 36, 20, 186, 82,
       120, 65, 84, 80, 72, 56, 15, 193, 20, 193, 78, 153, 172, 24, 5,
       240, 28, 156, 73, 16, 242, 51, 189, 88, 87, 32, 250 ]
