%YAML:1.0
descriptors: !!opencv-matrix
   rows: 7
   cols: 64
   dt: u
   data: [ 71, 34, 65, 128, 209, 2, 3, 72, 128, 0, 2, 52, 1, 3, 128, 65,
       66, 84, 1, 68, 64, 128, 136, 32, 14, 128, 8, 1, 146, 8, 0, 9, 80,
       36, 84, 154, 0, 112, 5, 148, 128, 64, 24, 10, 64, 12, 64, 132, 0,
       36, 80, 4, 1, 26, 132, 10, 144, 96, 32, 28, 72, 6, 32, 176, 62,
       185, 255, 252, 55, 253, 253, 127, 87, 252, 213, 245, 127, 126,
       180, 94, 255, 222, 99, 243, 245, 61, 195, 243, 253, 255, 226, 255,
       90, 253, 245, 235, 223, 52, 87, 190, 222, 120, 233, 125, 112, 93,
       245, 47, 245, 21, 247, 111, 153, 174, 152, 7, 240, 29, 156, 73,
       16, 243, 51, 189, 91, 87, 32, 250, 60, 191, 255, 253, 62, 253,
       249, 127, 255, 252, 222, 253, 255, 124, 253, 252, 255, 252, 227,
       123, 245, 126, 211, 255, 253, 127, 231, 255, 126, 223, 255, 239,
       207, 108, 71, 190, 254, 123, 249, 125, 121, 93, 255, 47, 213, 183,
       247, 111, 187, 174, 153, 79, 242, 29, 156, 93, 54, 242, 127, 255,
       251, 223, 44, 254, 63, 246, 125, 255, 63, 189, 255, 121, 255, 255,
       253, 251, 253, 123, 253, 87, 255, 246, 67, 251, 245, 114, 211,
       126, 253, 255, 247, 251, 126, 255, 247, 235, 215, 108, 215, 190,
       222, 121, 249, 125, 120, 95, 123, 47, 212, 181, 247, 111, 187,
       172, 24, 5, 240, 29, 156, 93, 16, 242, 115, 191, 251, 223, 40,
       250, 70, 32, 65, 130, 17, 2, 5, 78, 2, 2, 1, 48, 33, 130, 128, 83,
       98, 84, 1, 68, 8, 128, 128, 32, 12, 128, 168, 9, 146, 8, 16, 9,
       112, 36, 20, 154, 0, 112, 1, 212, 0, 64, 24, 10, 0, 28, 64, 140,
       17, 36, 16, 4, 32, 24, 132, 9, 144, 32, 33, 56, 72, 68, 32, 176,
       5, 34, 65, 128, 208, 0, 35, 72, 32, 68, 2, 54, 65, 3, 128, 65, 66,
       68, 1, 100, 64, 128, 136, 32, 78, 136, 8, 1, 146, 8, 32, 9, 112,
       36, 84, 154, 0, 114, 5, 148, 129, 64, 24, 2, 64, 0, 64, 132, 1,
       36, 80, 4, 65, 26, 132, 9, 16, 96, 33, 156, 72, 6, 32, 248, 35,
       22, 65, 130, 29, 128, 3, 8, 230, 66, 0, 48, 45, 11, 128, 85, 98,
       214, 1, 96, 192, 34, 129, 100, 76, 128, 160, 9, 18, 8, 1, 105, 84,
       36, 84, 186, 66, 120, 1, 84, 64, 64, 24, 11, 64, 16, 224, 77, 145,
       44, 24, 4, 112, 24, 156, 73, 16, 114, 51, 188, 88, 87, 32, 248 ]
