%YAML:1.0
descriptors: !!opencv-matrix
   rows: 9
   cols: 64
   dt: u
   data: [ 63, 182, 125, 238, 63, 189, 189, 125, 247, 254, 214, 245, 253,
       127, 189, 85, 255, 254, 67, 251, 245, 114, 211, 247, 253, 186,
       228, 219, 126, 221, 245, 235, 223, 108, 215, 190, 223, 120, 233,
       125, 120, 93, 123, 47, 212, 53, 247, 111, 185, 172, 24, 13, 240,
       29, 156, 89, 48, 242, 51, 189, 122, 215, 40, 250, 197, 34, 65,
       128, 209, 2, 1, 206, 0, 64, 2, 54, 1, 131, 131, 65, 2, 68, 1, 68,
       8, 128, 172, 0, 78, 128, 8, 1, 146, 8, 0, 9, 112, 39, 84, 154, 0,
       112, 5, 148, 128, 96, 24, 10, 72, 12, 64, 128, 1, 36, 80, 4, 1,
       26, 132, 10, 144, 96, 32, 60, 76, 4, 32, 176, 63, 182, 125, 175,
       255, 189, 191, 121, 255, 255, 213, 251, 253, 127, 189, 85, 255,
       255, 75, 115, 253, 115, 219, 124, 253, 255, 253, 255, 126, 93,
       245, 239, 215, 108, 85, 190, 223, 121, 233, 127, 124, 92, 123, 47,
       213, 53, 247, 111, 153, 172, 24, 5, 240, 29, 156, 73, 16, 246, 51,
       189, 218, 87, 40, 254, 61, 191, 255, 252, 62, 189, 253, 123, 247,
       254, 215, 245, 221, 126, 185, 93, 255, 254, 227, 107, 245, 118,
       210, 247, 253, 190, 230, 255, 124, 223, 245, 235, 223, 60, 215,
       190, 223, 120, 249, 125, 120, 93, 123, 47, 245, 53, 247, 111, 185,
       172, 24, 15, 240, 29, 156, 89, 20, 242, 115, 191, 122, 215, 40,
       250, 60, 189, 255, 252, 62, 253, 249, 123, 253, 252, 215, 253,
       255, 126, 252, 126, 251, 253, 227, 123, 245, 127, 211, 247, 253,
       254, 231, 255, 126, 223, 253, 239, 223, 108, 215, 190, 223, 121,
       249, 125, 120, 221, 255, 47, 245, 53, 247, 111, 187, 174, 153, 79,
       240, 29, 156, 93, 52, 242, 127, 255, 251, 223, 44, 254, 63, 182,
       125, 255, 63, 189, 253, 120, 255, 255, 222, 251, 253, 127, 253,
       85, 246, 255, 99, 251, 245, 118, 211, 255, 253, 190, 245, 251,
       126, 223, 245, 239, 223, 108, 215, 190, 223, 120, 249, 125, 124,
       93, 123, 47, 212, 245, 247, 111, 187, 174, 152, 13, 240, 29, 158,
       93, 52, 242, 119, 191, 250, 223, 44, 254, 7, 34, 65, 130, 217, 0,
       3, 72, 128, 0, 0, 50, 1, 3, 128, 65, 66, 84, 5, 100, 65, 128, 136,
       96, 14, 136, 8, 9, 146, 8, 1, 9, 80, 36, 20, 154, 0, 112, 5, 148,
       1, 64, 24, 10, 64, 4, 64, 132, 0, 36, 80, 4, 0, 26, 132, 9, 0, 32,
       33, 156, 72, 70, 32, 184, 7, 34, 65, 130, 209, 0, 3, 72, 128, 64,
       0, 48, 1, 3, 129, 65, 66, 84, 1, 100, 64, 128, 136, 32, 14, 128,
       8, 9, 146, 8, 0, 9, 112, 36, 84, 154, 0, 112, 5, 148, 0, 66, 24,
       10, 64, 28, 64, 132, 0, 36, 80, 4, 0, 24, 132, 9, 16, 32, 33, 60,
       72, 70, 32, 241, 35, 22, 64, 130, 157, 128, 5, 72, 38, 64, 0, 112,
       160, 11, 128, 21, 98, 244, 1, 96, 192, 2, 137, 100, 68, 144, 32,
       9, 146, 8, 1, 73, 84, 36, 84, 154, 64, 112, 1, 84, 68, 64, 24,
       139, 64, 16, 192, 77, 16, 36, 24, 4, 96, 24, 140, 73, 16, 114, 51,
       156, 88, 87, 32, 248 ]
