%YAML:1.0
descriptors: !!opencv-matrix
   rows: 10
   cols: 64
   dt: u
   data: [ 63, 246, 125, 254, 63, 253, 191, 121, 255, 126, 253, 187, 253,
       123, 189, 85, 251, 246, 99, 114, 245, 114, 211, 118, 221, 255,
       245, 187, 123, 223, 247, 235, 215, 44, 87, 190, 210, 120, 233,
       125, 124, 95, 121, 47, 213, 53, 245, 111, 153, 172, 24, 13, 240,
       29, 156, 89, 48, 242, 51, 189, 218, 215, 40, 250, 63, 48, 125,
       183, 191, 177, 191, 120, 246, 255, 241, 115, 237, 75, 176, 85,
       242, 215, 7, 115, 225, 34, 194, 126, 204, 138, 226, 91, 82, 25,
       117, 235, 247, 36, 84, 190, 82, 120, 225, 245, 88, 78, 27, 14,
       208, 21, 193, 79, 153, 172, 24, 5, 240, 29, 156, 73, 16, 242, 51,
       189, 88, 86, 32, 249, 63, 247, 125, 252, 63, 189, 95, 121, 255,
       127, 245, 250, 253, 122, 244, 87, 242, 245, 103, 115, 247, 114,
       211, 118, 221, 255, 247, 123, 122, 254, 245, 235, 215, 44, 87,
       190, 218, 120, 249, 125, 120, 95, 61, 47, 213, 20, 245, 111, 153,
       172, 24, 5, 242, 29, 156, 89, 16, 242, 51, 189, 88, 215, 40, 250,
       62, 49, 253, 254, 63, 55, 125, 127, 119, 254, 221, 177, 125, 254,
       182, 94, 251, 222, 97, 243, 245, 117, 193, 243, 220, 255, 240,
       223, 122, 220, 245, 235, 223, 36, 87, 186, 91, 120, 249, 124, 112,
       93, 60, 47, 213, 21, 247, 111, 153, 172, 24, 5, 242, 29, 156, 89,
       16, 242, 51, 189, 88, 87, 32, 250, 4, 33, 193, 144, 16, 2, 1, 78,
       0, 70, 3, 52, 81, 130, 145, 66, 194, 84, 1, 100, 1, 128, 196, 3,
       12, 128, 160, 9, 18, 8, 48, 9, 112, 36, 20, 186, 0, 112, 1, 84,
       128, 64, 20, 10, 64, 20, 64, 76, 25, 44, 16, 4, 32, 24, 148, 9,
       144, 98, 33, 184, 72, 6, 32, 241, 28, 177, 223, 246, 55, 51, 249,
       126, 214, 190, 213, 241, 127, 250, 179, 90, 254, 223, 35, 99, 229,
       47, 195, 119, 205, 139, 246, 223, 82, 76, 245, 235, 215, 36, 84,
       190, 83, 120, 233, 117, 120, 92, 57, 47, 209, 21, 211, 111, 153,
       172, 24, 5, 240, 29, 156, 73, 16, 242, 51, 189, 88, 87, 32, 251,
       191, 54, 125, 247, 255, 189, 251, 248, 254, 253, 214, 119, 237,
       127, 219, 117, 242, 213, 7, 99, 229, 41, 195, 126, 205, 250, 242,
       191, 222, 31, 115, 255, 215, 36, 85, 190, 86, 122, 233, 117, 216,
       92, 27, 14, 209, 5, 241, 111, 153, 172, 24, 5, 240, 29, 156, 73,
       16, 242, 51, 189, 88, 87, 32, 250, 35, 6, 64, 2, 153, 128, 1, 72,
       166, 0, 0, 48, 160, 11, 128, 69, 98, 116, 1, 96, 192, 2, 129, 100,
       68, 128, 32, 9, 146, 8, 1, 9, 84, 36, 84, 154, 64, 48, 1, 84, 0,
       66, 24, 139, 64, 16, 192, 69, 16, 36, 16, 4, 32, 24, 140, 9, 16,
       114, 51, 156, 72, 87, 32, 249, 30, 177, 221, 190, 55, 107, 176,
       127, 246, 152, 214, 181, 125, 86, 191, 83, 255, 223, 99, 243, 197,
       39, 195, 247, 205, 219, 244, 205, 82, 76, 183, 232, 223, 44, 85,
       190, 91, 120, 233, 116, 120, 93, 56, 47, 213, 53, 247, 111, 153,
       172, 24, 5, 240, 29, 156, 73, 16, 242, 51, 189, 88, 87, 32, 250,
       191, 245, 125, 255, 63, 189, 255, 120, 255, 255, 253, 251, 253,
       122, 244, 95, 246, 247, 119, 123, 253, 119, 211, 118, 253, 255,
       247, 255, 123, 255, 247, 235, 215, 44, 86, 254, 218, 121, 249,
       253, 122, 223, 121, 47, 209, 21, 245, 111, 153, 172, 24, 5, 248,
       29, 156, 93, 16, 242, 51, 189, 123, 215, 42, 251 ]
