%YAML:1.0
descriptors: !!opencv-matrix
   rows: 10
   cols: 64
   dt: u
   data: [ 35, 4, 0, 2, 9, 128, 1, 8, 70, 0, 1, 0, 32, 10, 128, 21, 98,
       86, 0, 32, 192, 34, 129, 100, 76, 144, 32, 9, 18, 8, 17, 105, 148,
       36, 84, 154, 2, 80, 1, 84, 0, 64, 24, 11, 64, 20, 224, 77, 145,
       36, 16, 4, 48, 24, 156, 73, 16, 114, 50, 188, 88, 87, 32, 249, 63,
       183, 125, 174, 62, 253, 185, 121, 247, 222, 222, 245, 253, 127,
       189, 116, 255, 254, 67, 114, 245, 112, 209, 246, 253, 190, 228,
       217, 126, 222, 245, 235, 223, 108, 87, 190, 223, 120, 233, 124,
       124, 93, 58, 47, 212, 53, 247, 111, 153, 172, 24, 5, 240, 29, 156,
       73, 16, 242, 51, 189, 90, 87, 40, 250, 61, 182, 125, 255, 191,
       189, 191, 121, 254, 124, 254, 123, 253, 127, 189, 117, 243, 246,
       67, 98, 245, 98, 211, 126, 221, 255, 245, 251, 126, 223, 247, 239,
       215, 44, 87, 190, 210, 120, 233, 125, 124, 93, 122, 175, 212, 53,
       245, 111, 153, 172, 24, 13, 240, 29, 156, 73, 48, 242, 51, 189,
       218, 87, 32, 250, 191, 182, 125, 247, 191, 189, 251, 120, 254,
       253, 215, 127, 237, 123, 240, 85, 242, 215, 71, 115, 245, 42, 194,
       126, 205, 186, 228, 251, 126, 89, 117, 255, 247, 44, 84, 190, 86,
       122, 233, 245, 216, 92, 27, 14, 208, 7, 209, 111, 153, 172, 24, 5,
       240, 29, 157, 73, 16, 242, 51, 189, 88, 87, 32, 250, 63, 183, 125,
       254, 63, 189, 95, 121, 255, 255, 255, 250, 253, 126, 188, 87, 251,
       247, 67, 115, 245, 114, 211, 118, 221, 255, 247, 123, 122, 222,
       247, 235, 215, 44, 87, 190, 210, 120, 249, 125, 124, 93, 125, 47,
       213, 53, 245, 111, 153, 172, 24, 5, 242, 29, 156, 73, 16, 242, 51,
       189, 88, 87, 40, 250, 60, 191, 255, 253, 62, 127, 249, 255, 253,
       252, 222, 245, 127, 125, 251, 252, 251, 220, 235, 107, 245, 127,
       247, 255, 253, 107, 230, 223, 125, 223, 255, 239, 255, 106, 117,
       190, 222, 122, 249, 125, 253, 93, 251, 62, 253, 167, 243, 111,
       191, 172, 159, 207, 242, 29, 157, 93, 62, 246, 127, 255, 251, 223,
       47, 254, 191, 246, 125, 247, 255, 181, 251, 248, 254, 127, 255,
       127, 237, 123, 242, 117, 242, 213, 79, 98, 253, 43, 163, 126, 204,
       254, 243, 191, 222, 95, 119, 255, 247, 36, 84, 190, 86, 115, 249,
       245, 216, 92, 27, 30, 209, 7, 209, 95, 153, 173, 24, 5, 240, 29,
       157, 73, 16, 242, 51, 189, 88, 87, 32, 248, 191, 246, 125, 255,
       191, 189, 255, 120, 255, 255, 253, 251, 253, 122, 244, 95, 242,
       247, 103, 115, 253, 119, 211, 118, 221, 255, 245, 255, 123, 255,
       247, 235, 215, 44, 87, 190, 210, 120, 233, 125, 122, 95, 121, 47,
       213, 21, 247, 111, 153, 172, 24, 5, 240, 29, 156, 73, 16, 242, 51,
       189, 88, 87, 32, 251, 68, 35, 65, 128, 16, 2, 1, 78, 0, 66, 3, 52,
       65, 130, 129, 66, 66, 68, 1, 100, 1, 128, 132, 0, 12, 128, 136, 9,
       18, 8, 48, 9, 112, 36, 20, 154, 0, 112, 1, 84, 128, 64, 24, 10,
       64, 12, 64, 204, 17, 44, 16, 4, 32, 24, 132, 9, 128, 96, 33, 152,
       72, 6, 32, 241, 3, 4, 64, 2, 153, 128, 7, 8, 34, 0, 0, 112, 160,
       11, 132, 85, 98, 84, 5, 64, 193, 2, 137, 100, 68, 144, 40, 9, 146,
       8, 1, 9, 20, 36, 20, 154, 2, 112, 1, 212, 1, 66, 24, 11, 64, 16,
       192, 69, 1, 36, 16, 4, 32, 24, 140, 73, 16, 50, 34, 156, 88, 87,
       32, 249 ]
