%YAML:1.0
descriptors: !!opencv-matrix
   rows: 19
   cols: 64
   dt: u
   data: [ 133, 14, 71, 133, 217, 204, 161, 216, 40, 253, 10, 71, 131,
       93, 233, 165, 235, 117, 37, 99, 196, 4, 142, 112, 79, 223, 25, 34,
       212, 10, 51, 95, 87, 36, 85, 186, 82, 122, 233, 52, 241, 84, 56,
       47, 205, 6, 252, 225, 137, 172, 24, 5, 240, 31, 140, 73, 16, 240,
       51, 189, 72, 87, 32, 250, 2, 1, 8, 138, 1, 88, 0, 6, 2, 66, 3, 4,
       16, 0, 45, 162, 13, 16, 0, 148, 2, 144, 132, 0, 0, 1, 8, 0, 17, 0,
       0, 1, 48, 20, 145, 8, 2, 66, 2, 0, 162, 160, 28, 8, 22, 158, 96,
       140, 83, 8, 22, 4, 9, 65, 224, 138, 145, 64, 40, 48, 4, 16, 66,
       161, 1, 70, 0, 136, 128, 24, 6, 64, 32, 66, 42, 0, 0, 53, 105, 33,
       0, 32, 129, 32, 64, 64, 24, 96, 80, 4, 9, 0, 160, 0, 9, 17, 48, 0,
       83, 0, 0, 66, 5, 8, 166, 18, 8, 128, 4, 194, 68, 192, 0, 9, 16,
       36, 1, 1, 131, 8, 16, 64, 8, 36, 64, 66, 66, 32, 1, 7, 0, 0, 0, 8,
       4, 66, 34, 64, 10, 4, 0, 37, 76, 32, 64, 32, 1, 32, 64, 32, 0, 2,
       64, 128, 0, 0, 128, 8, 8, 1, 16, 4, 81, 138, 0, 2, 1, 136, 132,
       16, 24, 131, 68, 18, 100, 76, 0, 36, 16, 4, 32, 24, 131, 9, 0, 96,
       2, 52, 64, 70, 32, 104, 2, 2, 129, 144, 8, 134, 0, 79, 132, 98, 3,
       6, 145, 0, 19, 6, 66, 85, 1, 64, 192, 39, 194, 67, 28, 128, 132,
       13, 2, 136, 49, 72, 71, 36, 70, 186, 0, 40, 1, 68, 0, 64, 16, 136,
       64, 20, 129, 79, 17, 36, 24, 0, 34, 24, 156, 1, 0, 98, 19, 184,
       72, 70, 32, 240, 131, 201, 138, 155, 1, 64, 156, 140, 10, 226, 45,
       138, 0, 2, 107, 171, 75, 84, 32, 99, 14, 160, 230, 34, 77, 213,
       177, 41, 19, 10, 19, 123, 245, 36, 85, 186, 82, 120, 233, 118, 48,
       92, 56, 43, 149, 20, 245, 108, 153, 172, 24, 5, 240, 29, 148, 73,
       16, 242, 49, 189, 88, 87, 32, 250, 68, 35, 65, 160, 16, 2, 33, 78,
       128, 64, 2, 52, 65, 130, 147, 67, 66, 84, 1, 100, 1, 128, 132, 32,
       14, 136, 8, 9, 146, 8, 48, 9, 112, 36, 84, 186, 0, 114, 5, 212,
       128, 64, 24, 10, 64, 14, 64, 204, 9, 36, 80, 4, 64, 30, 133, 9,
       144, 96, 33, 188, 72, 6, 32, 240, 6, 34, 65, 130, 144, 0, 3, 72,
       194, 66, 3, 54, 1, 2, 144, 81, 98, 84, 1, 100, 9, 128, 128, 32,
       12, 128, 40, 9, 146, 8, 17, 9, 112, 36, 84, 154, 0, 114, 1, 212,
       128, 64, 24, 10, 64, 12, 192, 4, 1, 36, 80, 4, 32, 26, 132, 9,
       144, 96, 32, 60, 76, 6, 32, 177, 7, 2, 64, 130, 217, 128, 3, 72,
       2, 64, 2, 51, 160, 11, 128, 81, 98, 84, 5, 0, 73, 0, 137, 96, 6,
       136, 40, 9, 146, 8, 1, 9, 112, 36, 20, 154, 0, 112, 5, 212, 1, 64,
       24, 10, 64, 4, 200, 132, 0, 36, 80, 4, 32, 26, 140, 9, 16, 48, 32,
       28, 72, 6, 32, 176, 5, 35, 65, 130, 209, 2, 3, 72, 130, 0, 3, 52,
       1, 3, 128, 65, 66, 84, 1, 100, 1, 128, 128, 32, 14, 128, 8, 9,
       146, 8, 16, 9, 80, 36, 84, 154, 0, 114, 5, 212, 128, 64, 24, 10,
       64, 12, 64, 132, 1, 36, 16, 4, 32, 24, 132, 9, 16, 96, 33, 28, 72,
       6, 32, 241, 61, 254, 255, 255, 63, 253, 253, 121, 253, 253, 220,
       249, 255, 127, 252, 93, 255, 254, 227, 251, 245, 126, 211, 255,
       253, 127, 247, 255, 127, 215, 253, 239, 207, 108, 215, 190, 255,
       121, 249, 125, 124, 93, 251, 175, 245, 117, 247, 111, 187, 254,
       153, 15, 242, 29, 222, 93, 62, 243, 247, 255, 251, 223, 172, 222,
       60, 185, 255, 252, 54, 255, 253, 127, 247, 254, 213, 241, 127,
       254, 189, 94, 255, 222, 227, 251, 245, 125, 209, 247, 253, 127,
       247, 255, 121, 223, 245, 235, 223, 60, 119, 190, 223, 120, 249,
       125, 120, 93, 255, 47, 247, 53, 247, 111, 187, 174, 153, 79, 240,
       29, 156, 93, 22, 243, 127, 255, 123, 223, 40, 250, 63, 254, 125,
       239, 63, 253, 253, 120, 253, 255, 222, 253, 253, 127, 252, 85,
       251, 255, 227, 251, 245, 118, 219, 255, 253, 255, 245, 247, 126,
       223, 245, 239, 223, 104, 215, 182, 255, 121, 249, 125, 124, 93,
       123, 47, 213, 181, 247, 111, 187, 190, 153, 15, 240, 29, 158, 93,
       54, 242, 247, 189, 251, 223, 44, 254, 63, 255, 253, 254, 62, 189,
       253, 123, 255, 254, 213, 249, 255, 123, 188, 94, 246, 254, 99,
       107, 245, 126, 211, 255, 221, 190, 231, 251, 126, 223, 245, 239,
       199, 44, 85, 190, 223, 120, 249, 125, 120, 93, 251, 175, 212, 53,
       247, 111, 153, 172, 24, 15, 240, 29, 156, 73, 16, 242, 115, 191,
       122, 87, 40, 250, 62, 191, 253, 254, 62, 255, 249, 123, 247, 252,
       223, 245, 125, 126, 252, 118, 255, 214, 99, 99, 245, 126, 209,
       119, 221, 254, 229, 223, 122, 222, 245, 235, 215, 44, 87, 190,
       222, 120, 249, 125, 120, 93, 57, 47, 212, 53, 245, 111, 153, 172,
       24, 5, 242, 29, 156, 73, 16, 242, 51, 189, 90, 87, 32, 250, 5, 34,
       65, 128, 217, 0, 3, 72, 0, 0, 0, 54, 0, 3, 128, 65, 66, 68, 5, 36,
       72, 128, 136, 32, 78, 128, 8, 1, 146, 8, 0, 9, 80, 37, 84, 154, 0,
       112, 5, 148, 1, 64, 24, 2, 72, 12, 72, 128, 1, 36, 80, 36, 1, 26,
       132, 10, 16, 96, 32, 12, 76, 68, 32, 176, 62, 177, 253, 190, 55,
       181, 253, 127, 119, 222, 213, 241, 125, 126, 177, 86, 250, 214,
       97, 243, 245, 116, 193, 247, 221, 186, 224, 159, 122, 252, 245,
       235, 223, 36, 87, 186, 219, 120, 249, 125, 112, 93, 61, 47, 244,
       21, 247, 111, 153, 174, 24, 7, 240, 29, 156, 73, 24, 243, 51, 189,
       88, 87, 32, 250, 63, 190, 253, 238, 63, 253, 189, 125, 255, 254,
       214, 245, 253, 63, 185, 85, 255, 254, 195, 123, 245, 118, 211,
       247, 221, 190, 228, 251, 126, 223, 245, 235, 223, 108, 87, 190,
       255, 122, 233, 125, 124, 93, 123, 47, 212, 53, 247, 111, 185, 172,
       24, 13, 240, 29, 156, 93, 52, 242, 55, 189, 218, 215, 40, 250, 61,
       182, 125, 236, 63, 253, 251, 121, 255, 253, 214, 253, 253, 127,
       252, 85, 250, 252, 67, 251, 245, 114, 211, 247, 253, 62, 245, 255,
       126, 95, 245, 235, 223, 108, 87, 190, 222, 120, 249, 125, 124, 93,
       123, 175, 213, 53, 247, 111, 185, 172, 24, 13, 240, 29, 156, 77,
       52, 242, 119, 189, 122, 215, 40, 250 ]
