%YAML:1.0
descriptors: !!opencv-matrix
   rows: 17
   cols: 64
   dt: u
   data: [ 163, 196, 68, 138, 221, 12, 5, 72, 181, 69, 44, 235, 175, 123,
       228, 109, 227, 244, 37, 97, 192, 42, 184, 116, 102, 223, 1, 43,
       251, 11, 49, 109, 208, 38, 22, 250, 66, 113, 41, 252, 83, 222, 56,
       143, 208, 16, 252, 197, 137, 164, 90, 4, 248, 30, 142, 9, 24, 240,
       35, 188, 88, 87, 34, 249, 1, 6, 0, 0, 137, 8, 4, 0, 32, 0, 42, 4,
       16, 4, 41, 33, 68, 0, 1, 0, 64, 128, 8, 0, 66, 128, 8, 0, 128, 0,
       9, 1, 48, 4, 81, 136, 0, 66, 5, 128, 134, 0, 28, 0, 68, 134, 64,
       196, 0, 4, 80, 4, 2, 8, 1, 9, 144, 0, 0, 52, 0, 70, 34, 32, 129,
       198, 2, 135, 217, 192, 134, 200, 56, 81, 44, 203, 130, 91, 134, 9,
       235, 213, 37, 99, 192, 44, 170, 112, 110, 223, 17, 43, 215, 10,
       51, 127, 215, 39, 84, 186, 82, 120, 109, 244, 113, 92, 56, 47,
       217, 20, 253, 231, 137, 164, 24, 5, 240, 30, 140, 73, 16, 240, 51,
       189, 88, 87, 32, 250, 69, 6, 1, 0, 72, 130, 2, 78, 128, 32, 2, 4,
       0, 5, 129, 1, 66, 68, 1, 64, 192, 32, 8, 3, 12, 136, 12, 4, 0, 8,
       1, 72, 81, 38, 64, 186, 0, 32, 5, 4, 0, 32, 24, 130, 64, 64, 0,
       195, 16, 36, 24, 0, 33, 24, 12, 0, 0, 32, 3, 156, 72, 70, 32, 112,
       2, 2, 128, 130, 201, 130, 2, 5, 6, 2, 2, 6, 128, 66, 2, 1, 64, 17,
       1, 64, 192, 37, 194, 67, 6, 128, 168, 13, 18, 8, 1, 64, 87, 36,
       84, 186, 0, 104, 1, 68, 64, 64, 16, 8, 65, 20, 129, 79, 16, 36,
       24, 4, 96, 24, 156, 9, 16, 50, 51, 181, 8, 87, 32, 104, 1, 3, 0,
       16, 0, 2, 0, 6, 34, 0, 3, 4, 16, 113, 1, 2, 68, 0, 0, 100, 2, 32,
       0, 131, 8, 0, 128, 8, 32, 8, 0, 64, 16, 6, 80, 170, 0, 66, 2, 64,
       132, 0, 24, 2, 64, 4, 193, 78, 17, 36, 1, 4, 48, 24, 17, 9, 9, 98,
       3, 144, 72, 2, 32, 104, 1, 7, 0, 2, 0, 10, 0, 3, 34, 0, 3, 0, 0,
       33, 0, 2, 68, 32, 1, 68, 128, 32, 80, 3, 80, 0, 128, 12, 0, 8, 0,
       64, 16, 4, 64, 170, 0, 8, 1, 72, 4, 0, 24, 129, 0, 64, 100, 78,
       16, 36, 0, 0, 34, 24, 8, 9, 8, 98, 19, 180, 8, 66, 32, 72, 66, 2,
       129, 146, 200, 130, 6, 78, 0, 32, 0, 3, 130, 195, 130, 0, 98, 85,
       1, 100, 200, 133, 202, 43, 78, 200, 40, 15, 146, 8, 49, 79, 87,
       39, 84, 187, 0, 112, 37, 214, 64, 64, 24, 10, 73, 28, 65, 199, 25,
       36, 24, 4, 113, 24, 140, 73, 16, 112, 35, 188, 72, 86, 32, 248,
       64, 2, 128, 128, 192, 134, 2, 101, 4, 102, 3, 6, 144, 160, 147, 2,
       194, 85, 1, 100, 8, 133, 194, 32, 78, 200, 184, 12, 144, 8, 48, 9,
       81, 36, 85, 187, 64, 120, 5, 84, 16, 64, 24, 14, 65, 28, 192, 12,
       25, 44, 24, 4, 113, 29, 148, 73, 16, 114, 49, 188, 72, 86, 32,
       250, 64, 1, 130, 148, 64, 2, 10, 198, 2, 162, 3, 4, 16, 229, 19,
       2, 96, 81, 0, 102, 10, 173, 196, 35, 78, 130, 166, 12, 0, 8, 16,
       24, 114, 38, 85, 186, 0, 104, 67, 70, 16, 96, 24, 10, 193, 28,
       193, 14, 25, 172, 16, 5, 48, 24, 148, 75, 17, 114, 49, 189, 72,
       84, 32, 250, 35, 6, 64, 2, 157, 128, 3, 8, 38, 0, 0, 112, 160, 11,
       132, 21, 98, 116, 5, 96, 193, 2, 129, 100, 68, 128, 40, 9, 146, 8,
       1, 9, 16, 36, 84, 154, 64, 112, 1, 212, 4, 66, 24, 11, 64, 16,
       192, 77, 16, 36, 16, 4, 32, 24, 140, 73, 16, 50, 50, 156, 88, 86,
       32, 121, 70, 33, 65, 128, 16, 2, 1, 78, 130, 2, 1, 52, 1, 131,
       129, 66, 66, 68, 1, 100, 1, 128, 128, 32, 12, 128, 168, 9, 146, 8,
       48, 9, 112, 36, 20, 154, 0, 112, 1, 212, 128, 64, 24, 10, 64, 28,
       64, 204, 17, 36, 16, 4, 32, 24, 132, 9, 144, 96, 33, 152, 72, 6,
       32, 241, 28, 49, 220, 190, 55, 107, 112, 127, 182, 16, 197, 183,
       61, 222, 182, 87, 251, 223, 99, 103, 197, 47, 193, 119, 76, 219,
       244, 77, 82, 12, 182, 232, 223, 36, 87, 190, 83, 120, 233, 116,
       120, 93, 56, 47, 213, 117, 247, 111, 153, 172, 24, 5, 240, 29,
       156, 73, 16, 242, 51, 189, 88, 87, 32, 250, 190, 245, 125, 254,
       63, 189, 95, 121, 255, 255, 253, 250, 253, 122, 244, 87, 247, 247,
       103, 115, 245, 114, 211, 126, 221, 255, 247, 123, 91, 223, 247,
       235, 215, 44, 215, 190, 218, 120, 249, 125, 122, 95, 125, 47, 213,
       53, 245, 111, 155, 172, 24, 5, 240, 29, 156, 89, 16, 242, 51, 189,
       90, 215, 40, 251, 62, 185, 253, 254, 54, 127, 125, 127, 247, 252,
       221, 241, 127, 254, 182, 94, 255, 223, 99, 243, 245, 63, 193, 247,
       221, 255, 245, 255, 122, 223, 247, 235, 223, 44, 85, 190, 223,
       120, 233, 124, 120, 93, 61, 47, 213, 53, 247, 111, 153, 172, 153,
       5, 240, 29, 156, 73, 16, 242, 51, 189, 90, 87, 32, 250, 63, 54,
       245, 247, 63, 181, 187, 121, 246, 255, 208, 115, 237, 91, 147, 85,
       246, 223, 67, 99, 245, 37, 194, 126, 204, 170, 226, 223, 90, 89,
       241, 239, 247, 36, 84, 190, 87, 120, 233, 245, 216, 92, 58, 14,
       208, 21, 211, 111, 153, 172, 24, 5, 240, 29, 156, 73, 16, 242, 51,
       189, 88, 87, 32, 251, 3, 6, 0, 2, 153, 128, 2, 8, 2, 0, 0, 0, 160,
       11, 128, 17, 98, 86, 5, 0, 192, 0, 136, 96, 68, 128, 40, 9, 146,
       8, 1, 9, 16, 36, 84, 154, 0, 112, 1, 214, 0, 64, 8, 11, 64, 20,
       192, 5, 17, 36, 16, 4, 32, 24, 140, 73, 16, 112, 34, 188, 72, 86,
       32, 248 ]
