%YAML:1.0
descriptors: !!opencv-matrix
   rows: 20
   cols: 64
   dt: u
   data: [ 189, 255, 125, 252, 54, 125, 253, 249, 255, 223, 254, 251,
       255, 58, 252, 255, 251, 254, 111, 111, 117, 118, 209, 246, 253,
       127, 245, 249, 127, 222, 254, 185, 222, 108, 215, 254, 222, 121,
       249, 125, 254, 223, 127, 63, 213, 183, 247, 110, 159, 173, 28, 13,
       250, 29, 159, 93, 48, 242, 115, 189, 91, 223, 40, 251, 1, 2, 4,
       130, 0, 8, 4, 22, 34, 68, 2, 0, 0, 49, 0, 1, 64, 96, 1, 32, 64,
       64, 0, 96, 8, 0, 8, 0, 48, 8, 0, 1, 20, 4, 80, 136, 0, 64, 1, 0,
       4, 16, 24, 135, 0, 128, 100, 204, 16, 32, 1, 0, 16, 8, 130, 8, 40,
       64, 2, 4, 64, 66, 36, 72, 2, 71, 0, 138, 1, 8, 4, 1, 32, 66, 43,
       4, 16, 4, 108, 33, 0, 32, 4, 68, 0, 0, 16, 0, 80, 132, 0, 0, 128,
       10, 8, 1, 0, 4, 83, 138, 0, 66, 0, 128, 130, 128, 16, 1, 4, 86,
       36, 76, 1, 32, 16, 4, 0, 9, 3, 0, 16, 64, 0, 52, 0, 66, 34, 32, 1,
       6, 1, 0, 72, 134, 2, 69, 128, 0, 2, 4, 0, 5, 1, 1, 2, 96, 1, 64,
       192, 35, 24, 65, 0, 128, 12, 4, 0, 8, 1, 64, 69, 4, 67, 170, 0,
       34, 5, 0, 0, 32, 16, 130, 68, 64, 128, 75, 24, 44, 24, 0, 49, 24,
       140, 0, 16, 98, 3, 180, 72, 70, 32, 112, 1, 7, 0, 138, 0, 8, 4, 3,
       34, 64, 8, 0, 16, 36, 44, 3, 64, 32, 1, 64, 0, 32, 16, 2, 80, 128,
       128, 8, 0, 136, 8, 1, 0, 4, 83, 170, 0, 64, 1, 72, 32, 128, 24,
       129, 68, 84, 100, 78, 17, 36, 16, 4, 32, 24, 2, 9, 16, 98, 3, 180,
       72, 66, 32, 96, 1, 3, 4, 16, 0, 2, 0, 66, 34, 4, 1, 0, 0, 113, 0,
       1, 66, 64, 0, 100, 66, 32, 0, 34, 8, 128, 132, 8, 32, 8, 16, 1,
       16, 6, 16, 186, 0, 64, 3, 64, 132, 2, 24, 6, 64, 0, 192, 78, 16,
       36, 0, 4, 48, 24, 131, 9, 0, 98, 3, 148, 72, 6, 36, 249, 2, 2,
       129, 144, 200, 132, 6, 69, 132, 42, 2, 6, 129, 69, 147, 0, 74, 69,
       1, 96, 200, 37, 194, 99, 78, 152, 180, 13, 146, 8, 49, 72, 87, 36,
       84, 186, 16, 40, 1, 68, 64, 64, 16, 10, 193, 20, 193, 79, 25, 44,
       24, 1, 240, 24, 156, 73, 16, 114, 51, 189, 72, 87, 32, 250, 69, 2,
       129, 144, 201, 130, 6, 78, 32, 32, 2, 0, 128, 225, 131, 3, 202,
       85, 1, 100, 200, 37, 202, 99, 78, 200, 24, 15, 18, 8, 49, 75, 87,
       38, 84, 186, 16, 120, 5, 86, 64, 64, 24, 14, 65, 28, 65, 199, 25,
       44, 24, 4, 113, 24, 156, 73, 16, 112, 35, 189, 72, 87, 32, 250, 2,
       0, 9, 19, 0, 192, 138, 132, 2, 162, 3, 2, 128, 3, 3, 2, 75, 68,
       32, 99, 130, 33, 194, 66, 72, 145, 177, 41, 18, 10, 19, 74, 87,
       36, 85, 186, 82, 104, 105, 86, 48, 64, 56, 43, 213, 20, 245, 111,
       153, 172, 24, 5, 240, 25, 156, 73, 16, 114, 51, 189, 88, 87, 32,
       250, 96, 10, 103, 129, 2, 223, 131, 239, 173, 246, 10, 20, 17,
       188, 249, 230, 195, 84, 65, 102, 212, 16, 196, 51, 93, 128, 140,
       4, 16, 138, 27, 91, 112, 36, 85, 186, 82, 122, 201, 84, 176, 85,
       24, 46, 84, 134, 96, 110, 153, 44, 24, 5, 178, 29, 157, 73, 16,
       98, 51, 188, 72, 86, 32, 250, 69, 34, 65, 130, 17, 2, 3, 78, 128,
       2, 2, 52, 1, 131, 129, 67, 66, 68, 1, 100, 9, 128, 140, 32, 12,
       128, 8, 9, 146, 8, 0, 9, 112, 36, 84, 154, 0, 112, 5, 20, 128, 64,
       24, 10, 64, 12, 64, 132, 16, 44, 80, 4, 1, 24, 132, 8, 144, 96,
       33, 28, 76, 70, 32, 177, 3, 6, 64, 2, 157, 128, 7, 8, 226, 0, 0,
       114, 160, 11, 132, 81, 98, 84, 5, 96, 64, 2, 129, 100, 68, 128,
       40, 9, 146, 8, 1, 9, 16, 36, 20, 154, 0, 112, 1, 212, 1, 66, 24,
       11, 64, 16, 192, 4, 0, 36, 16, 4, 32, 24, 140, 9, 16, 48, 34, 156,
       72, 86, 32, 249, 124, 185, 254, 254, 55, 103, 124, 119, 87, 212,
       213, 243, 127, 250, 182, 94, 255, 223, 97, 103, 247, 45, 195, 115,
       207, 223, 243, 239, 82, 204, 246, 233, 215, 38, 85, 186, 83, 120,
       233, 116, 112, 93, 180, 47, 221, 21, 247, 111, 153, 172, 24, 5,
       240, 29, 156, 73, 16, 242, 51, 189, 88, 87, 32, 250, 62, 244, 125,
       255, 63, 189, 255, 121, 255, 255, 253, 251, 253, 122, 252, 119,
       246, 247, 71, 123, 245, 114, 211, 126, 253, 255, 247, 255, 90,
       255, 247, 235, 215, 44, 215, 190, 222, 120, 249, 117, 122, 95,
       123, 47, 213, 21, 245, 111, 153, 172, 24, 5, 240, 29, 156, 89, 16,
       242, 51, 189, 91, 215, 40, 251, 61, 190, 253, 239, 63, 253, 249,
       125, 255, 253, 214, 253, 253, 126, 249, 245, 255, 254, 195, 123,
       245, 123, 223, 255, 253, 127, 228, 255, 126, 223, 255, 239, 223,
       236, 199, 190, 255, 251, 249, 125, 125, 93, 255, 47, 213, 229,
       247, 111, 187, 254, 157, 13, 242, 29, 158, 93, 62, 242, 255, 191,
       251, 223, 44, 254, 62, 189, 255, 252, 62, 253, 253, 127, 247, 254,
       213, 241, 127, 122, 191, 94, 255, 222, 99, 251, 245, 127, 211,
       247, 253, 251, 246, 255, 91, 253, 245, 235, 207, 60, 87, 190, 223,
       120, 249, 125, 120, 93, 243, 47, 245, 53, 247, 111, 187, 174, 152,
       15, 240, 29, 156, 89, 20, 243, 115, 191, 123, 87, 40, 250, 61,
       190, 253, 237, 63, 253, 253, 124, 255, 253, 222, 253, 253, 127,
       253, 213, 255, 254, 227, 251, 245, 114, 219, 255, 253, 127, 229,
       255, 124, 223, 245, 239, 223, 104, 215, 190, 255, 121, 249, 125,
       120, 93, 123, 47, 213, 181, 247, 111, 185, 172, 153, 13, 240, 29,
       158, 93, 54, 242, 183, 189, 251, 223, 44, 254, 61, 182, 125, 254,
       62, 253, 185, 121, 255, 252, 222, 247, 253, 127, 189, 117, 255,
       254, 67, 99, 245, 114, 211, 246, 221, 190, 244, 251, 126, 95, 247,
       235, 223, 108, 85, 190, 223, 120, 249, 124, 124, 93, 58, 47, 212,
       53, 247, 111, 153, 172, 24, 5, 240, 29, 156, 73, 16, 242, 51, 189,
       90, 87, 32, 250, 7, 2, 65, 2, 217, 128, 3, 72, 2, 0, 0, 50, 160,
       3, 128, 1, 98, 68, 5, 4, 72, 0, 136, 96, 6, 128, 8, 9, 146, 8, 1,
       9, 16, 36, 20, 154, 0, 112, 5, 148, 1, 64, 8, 10, 64, 8, 72, 132,
       0, 36, 80, 4, 0, 26, 132, 11, 16, 32, 32, 28, 72, 6, 32, 177, 22,
       49, 209, 182, 23, 130, 24, 75, 198, 2, 145, 48, 117, 194, 176, 83,
       246, 215, 3, 103, 195, 46, 193, 119, 204, 154, 230, 77, 82, 12,
       176, 40, 214, 36, 20, 190, 82, 120, 193, 116, 112, 72, 56, 15,
       208, 20, 229, 78, 153, 172, 24, 5, 240, 28, 156, 73, 16, 242, 51,
       189, 88, 87, 32, 250 ]
