%YAML:1.0
descriptors: !!opencv-matrix
   rows: 21
   cols: 64
   dt: u
   data: [ 163, 196, 76, 142, 221, 12, 85, 72, 181, 85, 44, 235, 47, 123,
       228, 109, 227, 244, 37, 97, 64, 42, 184, 116, 102, 223, 1, 43,
       251, 11, 49, 109, 212, 38, 22, 250, 66, 113, 41, 252, 83, 222, 56,
       143, 208, 16, 252, 69, 137, 164, 90, 4, 248, 30, 142, 9, 24, 240,
       35, 188, 88, 87, 34, 249, 129, 206, 64, 134, 201, 72, 167, 200,
       56, 85, 46, 203, 130, 123, 196, 173, 235, 85, 165, 97, 196, 44,
       168, 112, 111, 223, 17, 35, 215, 10, 51, 95, 214, 39, 85, 186, 82,
       112, 237, 180, 113, 92, 56, 39, 221, 20, 252, 229, 137, 164, 24,
       4, 240, 31, 140, 73, 16, 240, 51, 189, 88, 87, 32, 250, 1, 6, 0,
       8, 137, 8, 4, 0, 0, 0, 42, 4, 0, 4, 41, 33, 69, 0, 1, 64, 64, 128,
       8, 0, 64, 132, 8, 0, 128, 0, 9, 1, 48, 4, 81, 8, 0, 66, 5, 128, 2,
       0, 28, 0, 68, 134, 68, 192, 0, 0, 80, 4, 2, 24, 1, 9, 144, 0, 0,
       52, 0, 70, 2, 32, 69, 6, 1, 0, 72, 130, 2, 78, 128, 32, 2, 4, 0,
       1, 129, 1, 66, 68, 1, 64, 192, 33, 8, 3, 76, 136, 12, 4, 0, 8, 1,
       72, 81, 38, 80, 186, 0, 32, 5, 4, 0, 32, 24, 130, 64, 64, 0, 195,
       16, 36, 24, 0, 33, 24, 12, 0, 0, 32, 3, 156, 72, 70, 32, 112, 2,
       2, 128, 130, 201, 130, 2, 5, 6, 2, 2, 6, 128, 66, 2, 1, 64, 17, 1,
       64, 192, 37, 194, 67, 6, 128, 168, 13, 18, 8, 1, 64, 87, 36, 84,
       186, 0, 104, 1, 68, 64, 64, 16, 10, 65, 20, 129, 79, 16, 36, 24,
       4, 96, 24, 156, 9, 16, 114, 51, 181, 8, 87, 32, 104, 64, 0, 0,
       128, 0, 130, 6, 69, 2, 98, 1, 0, 0, 128, 1, 2, 66, 64, 1, 100,
       136, 129, 194, 0, 76, 128, 168, 12, 16, 8, 49, 0, 80, 36, 84, 186,
       0, 104, 1, 66, 32, 64, 24, 10, 64, 28, 192, 12, 17, 44, 16, 4, 32,
       24, 148, 9, 16, 98, 49, 188, 72, 86, 32, 240, 65, 1, 0, 144, 0, 2,
       0, 70, 2, 6, 1, 4, 16, 225, 16, 2, 0, 64, 0, 100, 2, 160, 64, 3,
       8, 128, 132, 12, 0, 8, 16, 1, 80, 6, 16, 138, 0, 96, 2, 74, 0, 32,
       28, 2, 0, 28, 193, 14, 17, 32, 16, 4, 32, 24, 20, 10, 25, 98, 1,
       16, 72, 4, 34, 225, 1, 7, 0, 2, 0, 10, 0, 7, 34, 64, 3, 0, 0, 33,
       0, 2, 68, 32, 1, 68, 128, 32, 80, 3, 80, 0, 128, 12, 0, 8, 8, 64,
       20, 4, 64, 170, 0, 8, 1, 72, 4, 0, 24, 129, 0, 64, 101, 78, 16,
       36, 8, 4, 34, 24, 24, 9, 8, 98, 19, 180, 8, 66, 32, 72, 66, 0,
       129, 146, 200, 130, 6, 78, 0, 32, 0, 3, 130, 195, 130, 0, 98, 85,
       1, 100, 200, 133, 138, 43, 78, 200, 40, 15, 146, 8, 49, 79, 87,
       39, 84, 187, 0, 112, 37, 86, 64, 64, 24, 10, 73, 28, 65, 199, 25,
       36, 24, 4, 113, 24, 140, 73, 16, 112, 35, 189, 72, 86, 32, 248,
       66, 1, 131, 144, 64, 2, 10, 71, 2, 130, 3, 4, 16, 192, 17, 2, 2,
       85, 0, 70, 10, 165, 192, 3, 14, 128, 162, 13, 2, 8, 16, 8, 82, 38,
       85, 155, 0, 108, 67, 70, 32, 96, 16, 8, 3, 28, 193, 14, 17, 44,
       16, 5, 32, 24, 148, 75, 16, 98, 49, 189, 72, 84, 32, 242, 65, 1,
       128, 144, 64, 2, 2, 102, 2, 36, 1, 4, 0, 193, 19, 2, 64, 64, 0,
       102, 10, 161, 192, 3, 74, 0, 132, 12, 0, 8, 16, 1, 114, 38, 17,
       170, 0, 32, 67, 64, 48, 32, 24, 10, 64, 24, 193, 78, 17, 44, 24,
       1, 48, 24, 20, 65, 17, 98, 49, 177, 72, 70, 32, 224, 125, 63, 255,
       253, 62, 127, 241, 255, 253, 252, 222, 181, 127, 254, 251, 238,
       251, 221, 251, 107, 245, 255, 254, 191, 255, 235, 182, 151, 127,
       223, 127, 255, 255, 103, 117, 254, 215, 254, 249, 125, 252, 93,
       251, 62, 221, 167, 67, 239, 191, 173, 223, 221, 242, 31, 157, 77,
       116, 246, 123, 255, 219, 15, 47, 254, 35, 6, 64, 2, 157, 128, 3,
       8, 98, 0, 0, 48, 160, 11, 128, 21, 98, 116, 5, 96, 193, 2, 129,
       100, 68, 128, 40, 9, 146, 8, 1, 9, 16, 36, 84, 154, 64, 112, 1,
       212, 4, 66, 24, 11, 64, 16, 192, 77, 16, 36, 16, 4, 32, 24, 140,
       73, 16, 50, 50, 156, 88, 86, 32, 121, 70, 33, 65, 128, 16, 2, 1,
       78, 130, 2, 1, 52, 1, 131, 129, 66, 66, 68, 1, 100, 1, 128, 128,
       32, 12, 128, 168, 9, 146, 8, 48, 9, 112, 36, 20, 154, 0, 112, 1,
       212, 128, 64, 24, 10, 64, 28, 64, 204, 17, 36, 16, 4, 32, 24, 132,
       9, 144, 96, 33, 156, 72, 6, 32, 241, 124, 185, 255, 254, 55, 111,
       125, 127, 247, 244, 223, 183, 127, 254, 190, 126, 255, 223, 99,
       103, 245, 61, 211, 247, 223, 255, 241, 253, 82, 222, 246, 233,
       223, 36, 87, 190, 83, 120, 233, 116, 120, 93, 60, 47, 213, 21,
       247, 111, 153, 172, 24, 5, 240, 29, 156, 73, 16, 242, 51, 189, 88,
       87, 32, 250, 186, 245, 125, 254, 63, 189, 95, 121, 255, 255, 253,
       250, 253, 122, 244, 95, 247, 247, 103, 115, 244, 114, 211, 118,
       221, 255, 247, 251, 91, 219, 247, 235, 215, 44, 214, 190, 218,
       120, 249, 253, 122, 95, 61, 47, 213, 53, 245, 111, 155, 172, 24,
       5, 240, 29, 156, 89, 16, 242, 51, 189, 90, 215, 40, 251, 62, 185,
       253, 254, 54, 127, 125, 127, 215, 252, 221, 241, 127, 254, 182,
       94, 255, 223, 99, 115, 245, 63, 193, 247, 221, 255, 245, 255, 122,
       223, 247, 235, 223, 44, 69, 190, 223, 120, 233, 124, 120, 93, 53,
       47, 213, 53, 247, 111, 153, 172, 153, 5, 240, 29, 156, 73, 16,
       242, 51, 189, 88, 87, 32, 250, 61, 190, 255, 253, 63, 253, 253,
       127, 255, 252, 222, 253, 127, 127, 255, 252, 255, 254, 227, 107,
       245, 126, 223, 255, 253, 127, 244, 251, 127, 223, 255, 239, 223,
       108, 87, 190, 215, 122, 249, 125, 124, 93, 251, 175, 212, 183,
       247, 111, 185, 172, 157, 13, 240, 29, 158, 93, 52, 242, 119, 191,
       251, 223, 44, 254, 61, 190, 253, 254, 63, 253, 255, 124, 255, 252,
       223, 247, 253, 127, 255, 213, 255, 247, 99, 107, 245, 115, 211,
       246, 221, 255, 245, 255, 126, 223, 247, 239, 223, 44, 87, 190,
       210, 120, 249, 125, 124, 93, 123, 47, 213, 181, 245, 111, 153,
       172, 24, 5, 240, 29, 156, 73, 48, 242, 51, 189, 90, 87, 32, 250,
       3, 4, 0, 2, 153, 128, 2, 8, 2, 0, 0, 48, 160, 11, 128, 17, 98, 84,
       5, 0, 192, 0, 137, 96, 68, 128, 40, 9, 146, 8, 1, 9, 16, 36, 84,
       154, 0, 112, 1, 214, 0, 64, 8, 11, 64, 20, 192, 5, 17, 36, 16, 4,
       32, 24, 140, 9, 16, 112, 34, 188, 72, 86, 32, 248, 118, 49, 245,
       150, 23, 7, 25, 79, 230, 68, 149, 48, 127, 235, 176, 86, 234, 213,
       3, 103, 65, 39, 193, 119, 76, 138, 164, 13, 82, 12, 48, 105, 214,
       36, 20, 186, 82, 120, 65, 84, 80, 72, 56, 15, 193, 20, 193, 78,
       153, 172, 24, 5, 240, 28, 156, 73, 16, 242, 51, 189, 88, 87, 32,
       250 ]
