%YAML:1.0
descriptors: !!opencv-matrix
   rows: 9
   cols: 64
   dt: u
   data: [ 35, 4, 0, 2, 9, 128, 1, 8, 198, 64, 1, 0, 32, 10, 128, 21, 98,
       86, 0, 32, 192, 34, 129, 100, 76, 128, 32, 9, 18, 8, 17, 105, 148,
       36, 84, 154, 2, 80, 1, 84, 0, 64, 24, 11, 64, 20, 224, 77, 145,
       36, 16, 4, 48, 24, 156, 73, 16, 114, 50, 188, 88, 87, 32, 249, 61,
       182, 125, 166, 190, 189, 179, 120, 252, 92, 222, 119, 253, 127,
       249, 117, 242, 252, 195, 98, 245, 98, 147, 246, 252, 190, 228,
       187, 126, 95, 117, 239, 223, 108, 87, 190, 215, 122, 233, 125,
       125, 93, 26, 47, 212, 37, 247, 111, 185, 172, 24, 13, 240, 29,
       156, 73, 48, 242, 51, 189, 90, 95, 36, 250, 61, 182, 125, 188,
       191, 253, 191, 121, 254, 124, 222, 127, 253, 127, 189, 117, 251,
       244, 67, 98, 245, 98, 211, 126, 220, 191, 245, 251, 122, 95, 247,
       239, 223, 44, 87, 190, 210, 120, 233, 125, 124, 92, 122, 175, 212,
       53, 245, 111, 153, 172, 24, 5, 240, 29, 156, 73, 16, 242, 51, 189,
       218, 87, 32, 250, 61, 190, 253, 254, 62, 253, 249, 127, 247, 252,
       214, 245, 125, 127, 190, 252, 251, 254, 227, 99, 245, 102, 211,
       255, 221, 171, 228, 219, 126, 221, 245, 239, 223, 44, 87, 190,
       215, 120, 249, 124, 120, 93, 122, 175, 212, 53, 247, 111, 185,
       172, 24, 13, 240, 29, 156, 73, 20, 242, 115, 189, 90, 87, 40, 250,
       61, 190, 255, 253, 63, 245, 249, 253, 253, 252, 214, 253, 253,
       127, 187, 236, 251, 252, 227, 107, 245, 127, 223, 255, 253, 43,
       228, 187, 127, 221, 253, 239, 239, 108, 87, 190, 215, 250, 249,
       125, 253, 93, 251, 174, 212, 165, 211, 111, 185, 172, 157, 13,
       242, 29, 156, 93, 54, 242, 255, 191, 251, 223, 44, 254, 63, 181,
       125, 182, 63, 189, 95, 121, 255, 255, 255, 250, 253, 126, 188, 87,
       251, 247, 67, 115, 245, 114, 211, 118, 221, 255, 245, 123, 122,
       223, 247, 235, 215, 44, 87, 190, 218, 120, 249, 125, 120, 93, 125,
       47, 213, 21, 245, 111, 153, 172, 24, 5, 240, 29, 156, 73, 24, 242,
       51, 189, 90, 215, 40, 250, 188, 191, 255, 253, 62, 127, 249, 255,
       253, 252, 222, 245, 127, 255, 251, 254, 251, 252, 251, 107, 245,
       127, 246, 183, 255, 235, 246, 223, 127, 223, 126, 239, 255, 110,
       119, 254, 215, 122, 249, 125, 254, 93, 251, 62, 253, 183, 243,
       111, 191, 172, 159, 205, 240, 29, 157, 93, 124, 246, 123, 255,
       251, 223, 47, 254, 63, 245, 125, 255, 63, 181, 223, 121, 255, 255,
       253, 250, 253, 107, 180, 87, 242, 247, 103, 115, 253, 118, 211,
       126, 205, 255, 247, 127, 90, 127, 247, 235, 215, 44, 215, 190,
       210, 120, 249, 117, 122, 94, 57, 47, 213, 21, 245, 111, 153, 172,
       24, 5, 240, 29, 156, 73, 16, 242, 51, 189, 88, 87, 32, 250, 68,
       35, 193, 128, 16, 2, 1, 78, 128, 66, 3, 52, 65, 130, 147, 66, 66,
       84, 1, 100, 0, 128, 196, 0, 12, 128, 136, 9, 18, 8, 48, 9, 112,
       36, 20, 186, 0, 112, 1, 212, 128, 64, 24, 10, 64, 4, 64, 204, 25,
       44, 16, 4, 32, 24, 132, 8, 128, 96, 33, 152, 72, 6, 32, 241 ]
