%YAML:1.0
descriptors: !!opencv-matrix
   rows: 22
   cols: 64
   dt: u
   data: [ 163, 196, 76, 138, 221, 12, 85, 72, 181, 85, 44, 235, 175,
       123, 228, 109, 227, 244, 37, 97, 64, 42, 184, 116, 102, 223, 1,
       43, 251, 11, 51, 109, 208, 38, 22, 250, 66, 113, 41, 252, 83, 222,
       56, 15, 208, 16, 252, 197, 137, 164, 90, 4, 248, 30, 142, 9, 24,
       240, 35, 188, 88, 87, 34, 249, 129, 6, 0, 2, 201, 128, 130, 72,
       32, 65, 2, 71, 130, 99, 128, 1, 106, 69, 5, 97, 192, 44, 168, 96,
       78, 158, 17, 35, 146, 10, 3, 77, 215, 38, 84, 186, 16, 120, 109,
       4, 65, 84, 24, 3, 193, 20, 252, 193, 9, 36, 24, 4, 240, 30, 140,
       9, 16, 112, 51, 189, 72, 87, 32, 250, 1, 6, 0, 8, 137, 0, 4, 64,
       32, 0, 42, 4, 0, 5, 9, 33, 64, 0, 1, 64, 64, 128, 8, 0, 66, 128,
       8, 0, 128, 0, 8, 1, 48, 4, 81, 136, 0, 66, 5, 128, 6, 0, 24, 0,
       68, 18, 68, 196, 0, 4, 80, 4, 0, 24, 4, 9, 128, 0, 0, 52, 0, 70,
       34, 32, 69, 6, 1, 0, 72, 130, 2, 78, 128, 32, 2, 4, 0, 1, 129, 1,
       66, 68, 1, 64, 192, 32, 8, 3, 12, 136, 12, 4, 0, 8, 1, 72, 65, 38,
       64, 186, 0, 32, 5, 4, 0, 32, 24, 130, 64, 64, 0, 195, 16, 36, 24,
       0, 1, 24, 12, 0, 0, 32, 3, 152, 72, 70, 32, 112, 2, 2, 128, 130,
       201, 130, 2, 5, 6, 2, 2, 6, 128, 66, 2, 1, 64, 17, 1, 64, 192, 37,
       194, 67, 6, 128, 168, 13, 18, 8, 1, 64, 87, 36, 84, 186, 0, 104,
       1, 68, 64, 64, 16, 10, 65, 20, 129, 79, 16, 36, 24, 4, 96, 24,
       156, 9, 16, 114, 51, 181, 8, 87, 32, 104, 65, 1, 1, 144, 0, 2, 0,
       6, 2, 6, 1, 4, 0, 193, 17, 2, 0, 64, 0, 100, 2, 160, 64, 3, 8,
       128, 132, 12, 0, 8, 16, 1, 112, 6, 16, 138, 0, 96, 2, 64, 0, 32,
       28, 8, 0, 28, 193, 14, 17, 32, 16, 4, 32, 24, 20, 10, 9, 34, 1,
       16, 72, 4, 34, 225, 1, 7, 0, 2, 0, 10, 0, 7, 34, 64, 3, 0, 0, 33,
       0, 2, 68, 32, 1, 68, 128, 32, 80, 3, 80, 0, 128, 12, 0, 8, 8, 65,
       20, 4, 64, 170, 0, 8, 1, 72, 4, 0, 24, 129, 0, 64, 101, 78, 16,
       36, 8, 0, 34, 24, 26, 9, 8, 98, 19, 180, 8, 66, 32, 72, 66, 0,
       129, 146, 200, 130, 6, 78, 0, 32, 0, 3, 130, 195, 130, 0, 98, 85,
       1, 100, 200, 133, 138, 43, 78, 200, 40, 15, 146, 8, 49, 79, 87,
       39, 84, 187, 0, 112, 37, 214, 64, 64, 24, 10, 73, 28, 65, 199, 25,
       36, 24, 4, 113, 24, 140, 73, 16, 112, 35, 188, 72, 86, 32, 248,
       64, 2, 128, 128, 192, 134, 2, 100, 0, 102, 3, 6, 144, 160, 147, 2,
       194, 85, 1, 100, 8, 133, 194, 32, 78, 200, 184, 12, 144, 8, 48, 9,
       81, 36, 85, 187, 64, 120, 5, 68, 16, 64, 24, 14, 65, 28, 192, 12,
       25, 44, 24, 4, 113, 29, 148, 73, 16, 114, 49, 188, 72, 86, 32,
       250, 66, 1, 131, 144, 64, 2, 10, 71, 2, 130, 3, 4, 16, 192, 19, 2,
       2, 85, 0, 70, 10, 165, 192, 3, 14, 128, 162, 13, 2, 8, 16, 8, 82,
       38, 85, 155, 0, 108, 67, 70, 32, 96, 16, 8, 3, 28, 193, 14, 17,
       44, 16, 5, 32, 24, 148, 75, 16, 98, 49, 189, 72, 84, 32, 242, 65,
       1, 128, 144, 64, 2, 2, 102, 2, 36, 1, 4, 0, 193, 19, 2, 64, 64, 0,
       102, 10, 161, 196, 131, 74, 0, 132, 12, 0, 8, 0, 1, 114, 38, 17,
       170, 0, 32, 3, 64, 48, 32, 24, 10, 68, 24, 193, 78, 17, 44, 16, 1,
       48, 24, 20, 65, 17, 98, 49, 177, 72, 70, 32, 224, 253, 63, 255,
       253, 62, 127, 241, 255, 253, 252, 222, 181, 127, 254, 251, 238,
       251, 221, 251, 107, 245, 253, 254, 191, 255, 235, 182, 151, 125,
       223, 126, 255, 255, 103, 117, 254, 215, 126, 249, 125, 252, 93,
       251, 62, 221, 167, 67, 239, 191, 173, 223, 221, 242, 63, 157, 77,
       116, 246, 123, 255, 219, 14, 47, 254, 35, 6, 64, 2, 157, 128, 3,
       8, 34, 64, 0, 112, 160, 11, 132, 21, 98, 116, 5, 64, 192, 2, 129,
       100, 68, 128, 40, 9, 146, 8, 1, 9, 16, 36, 84, 154, 64, 112, 1,
       212, 4, 66, 24, 11, 64, 16, 192, 77, 16, 36, 16, 4, 32, 24, 140,
       73, 16, 50, 50, 156, 88, 86, 32, 121, 71, 33, 65, 130, 16, 2, 1,
       78, 130, 2, 1, 48, 1, 131, 129, 66, 66, 68, 1, 100, 1, 128, 128,
       0, 12, 128, 168, 9, 146, 8, 48, 9, 112, 36, 20, 154, 0, 112, 1,
       212, 128, 66, 24, 10, 64, 28, 64, 204, 17, 36, 16, 4, 32, 24, 132,
       9, 144, 96, 33, 152, 72, 6, 32, 241, 124, 189, 255, 254, 55, 111,
       125, 127, 119, 244, 223, 183, 127, 254, 190, 126, 255, 223, 97,
       103, 245, 61, 211, 115, 223, 255, 241, 253, 82, 222, 246, 233,
       223, 36, 87, 186, 83, 120, 233, 116, 112, 93, 60, 47, 213, 21,
       247, 111, 153, 172, 24, 5, 240, 29, 156, 73, 16, 242, 51, 189, 88,
       87, 32, 250, 252, 185, 255, 252, 54, 127, 249, 255, 253, 252, 222,
       181, 127, 254, 251, 238, 251, 221, 251, 111, 247, 255, 244, 183,
       255, 239, 246, 159, 123, 223, 126, 255, 239, 47, 103, 254, 214,
       126, 249, 125, 250, 93, 247, 62, 253, 183, 231, 111, 189, 172,
       223, 141, 250, 31, 157, 93, 112, 246, 123, 255, 123, 30, 43, 254,
       190, 245, 125, 254, 63, 189, 95, 121, 255, 255, 253, 250, 253,
       122, 244, 127, 247, 247, 103, 115, 245, 114, 211, 118, 221, 255,
       247, 251, 91, 223, 247, 235, 215, 44, 215, 190, 218, 120, 249,
       125, 122, 95, 125, 47, 213, 53, 245, 111, 155, 172, 24, 5, 240,
       29, 156, 89, 16, 242, 51, 189, 90, 215, 40, 251, 61, 190, 255,
       252, 62, 125, 253, 127, 255, 252, 254, 245, 127, 127, 255, 252,
       255, 254, 227, 107, 245, 127, 247, 255, 253, 111, 246, 251, 127,
       223, 255, 239, 207, 108, 87, 190, 223, 122, 249, 125, 126, 221,
       255, 175, 212, 183, 247, 111, 187, 172, 159, 15, 242, 29, 159, 93,
       62, 242, 127, 255, 251, 223, 44, 254, 62, 185, 253, 254, 54, 127,
       125, 127, 247, 252, 221, 241, 127, 254, 182, 94, 255, 223, 99,
       243, 245, 63, 193, 247, 221, 255, 245, 255, 122, 223, 247, 235,
       223, 44, 85, 190, 223, 120, 233, 124, 120, 221, 61, 47, 213, 53,
       247, 111, 153, 172, 153, 5, 240, 29, 156, 73, 16, 242, 51, 189,
       90, 87, 32, 250, 63, 181, 253, 254, 63, 253, 93, 125, 247, 254,
       245, 176, 125, 122, 182, 86, 255, 246, 99, 115, 245, 114, 211,
       119, 221, 255, 245, 123, 83, 221, 245, 235, 215, 44, 87, 190, 218,
       120, 233, 124, 120, 92, 57, 47, 213, 52, 245, 111, 153, 172, 24,
       5, 240, 29, 156, 89, 16, 242, 51, 189, 88, 215, 40, 250, 3, 6, 0,
       2, 153, 128, 2, 8, 2, 0, 0, 0, 160, 11, 128, 17, 98, 86, 5, 0,
       192, 0, 137, 96, 68, 128, 40, 9, 146, 8, 1, 9, 16, 36, 84, 154, 0,
       112, 1, 214, 0, 64, 8, 11, 64, 20, 192, 5, 17, 36, 16, 4, 32, 24,
       140, 73, 16, 112, 34, 188, 72, 86, 32, 248, 119, 53, 245, 150, 23,
       6, 25, 79, 230, 68, 145, 48, 127, 235, 176, 87, 234, 213, 3, 103,
       65, 39, 193, 119, 76, 138, 164, 13, 82, 12, 48, 105, 214, 36, 20,
       186, 82, 120, 65, 84, 80, 72, 24, 15, 193, 20, 193, 78, 153, 172,
       24, 5, 240, 28, 156, 73, 16, 242, 51, 189, 88, 87, 32, 250 ]
