%YAML:1.0
descriptors: !!opencv-matrix
   rows: 10
   cols: 64
   dt: u
   data: [ 63, 246, 125, 174, 191, 189, 191, 121, 255, 126, 253, 251,
       253, 123, 189, 85, 251, 246, 99, 114, 245, 114, 211, 118, 220,
       253, 245, 187, 123, 223, 247, 235, 223, 44, 87, 190, 210, 120,
       233, 125, 124, 95, 123, 47, 213, 53, 245, 111, 153, 172, 24, 13,
       240, 29, 156, 89, 48, 242, 51, 189, 218, 215, 40, 250, 63, 48,
       125, 183, 191, 177, 191, 120, 246, 255, 241, 115, 237, 75, 176,
       85, 242, 215, 7, 115, 229, 34, 195, 126, 204, 138, 226, 91, 82,
       29, 245, 235, 247, 44, 84, 190, 82, 120, 225, 245, 88, 78, 27, 14,
       208, 21, 193, 79, 153, 172, 24, 5, 240, 29, 156, 73, 16, 242, 51,
       189, 88, 86, 32, 249, 62, 247, 125, 254, 191, 189, 127, 121, 255,
       127, 253, 250, 253, 122, 252, 85, 246, 247, 103, 115, 245, 114,
       147, 118, 221, 255, 245, 251, 123, 223, 247, 235, 215, 44, 87,
       190, 218, 120, 233, 125, 122, 95, 121, 47, 213, 53, 245, 111, 153,
       172, 24, 5, 242, 29, 156, 89, 16, 242, 51, 189, 90, 215, 40, 251,
       62, 49, 253, 254, 63, 55, 125, 127, 247, 254, 221, 177, 125, 254,
       182, 94, 251, 158, 99, 243, 245, 119, 193, 247, 220, 255, 240,
       223, 122, 220, 245, 235, 223, 44, 87, 190, 91, 120, 233, 124, 120,
       93, 60, 47, 213, 53, 247, 111, 153, 172, 24, 5, 242, 29, 156, 89,
       16, 242, 51, 189, 88, 87, 32, 250, 4, 33, 193, 144, 16, 2, 0, 71,
       0, 2, 1, 52, 81, 130, 147, 66, 202, 84, 1, 100, 1, 128, 196, 3,
       12, 128, 128, 9, 2, 8, 48, 8, 112, 36, 20, 186, 0, 112, 1, 84,
       128, 64, 16, 10, 64, 20, 64, 76, 25, 44, 16, 4, 48, 24, 148, 9,
       144, 98, 33, 184, 72, 6, 32, 241, 61, 61, 255, 118, 63, 103, 249,
       255, 244, 188, 214, 117, 127, 123, 147, 70, 234, 221, 99, 99, 245,
       47, 199, 247, 77, 170, 180, 159, 90, 77, 49, 234, 255, 36, 85,
       190, 87, 122, 233, 116, 216, 92, 58, 46, 209, 53, 211, 111, 153,
       172, 24, 5, 240, 29, 156, 73, 16, 242, 51, 189, 88, 87, 32, 250,
       191, 54, 117, 247, 255, 189, 251, 248, 254, 253, 214, 119, 237,
       127, 219, 117, 242, 213, 7, 99, 229, 41, 195, 126, 205, 250, 242,
       191, 222, 31, 115, 255, 247, 36, 85, 190, 86, 122, 233, 245, 216,
       92, 27, 14, 193, 7, 241, 111, 153, 172, 24, 5, 240, 29, 157, 73,
       16, 242, 51, 189, 88, 87, 32, 250, 60, 185, 253, 182, 63, 111,
       241, 127, 246, 220, 214, 245, 125, 126, 187, 84, 255, 223, 99, 99,
       229, 39, 195, 119, 205, 218, 244, 207, 90, 76, 243, 235, 215, 36,
       85, 190, 87, 120, 233, 116, 120, 93, 56, 47, 213, 21, 247, 111,
       153, 172, 24, 5, 240, 29, 156, 73, 16, 242, 51, 189, 88, 87, 32,
       250, 35, 6, 64, 2, 153, 128, 1, 72, 162, 64, 0, 112, 160, 11, 128,
       5, 98, 116, 1, 96, 192, 2, 129, 100, 68, 128, 32, 9, 146, 8, 1, 9,
       84, 36, 84, 154, 64, 48, 1, 84, 0, 66, 24, 139, 64, 16, 192, 69,
       16, 36, 16, 4, 96, 24, 140, 9, 16, 114, 51, 156, 72, 87, 32, 249,
       191, 245, 125, 255, 63, 189, 255, 120, 255, 255, 253, 251, 253,
       122, 244, 95, 246, 247, 119, 123, 253, 119, 211, 118, 253, 255,
       247, 255, 123, 255, 247, 235, 215, 44, 86, 254, 218, 121, 249,
       253, 122, 223, 121, 47, 209, 21, 245, 111, 153, 172, 24, 5, 248,
       29, 156, 93, 16, 242, 51, 189, 123, 215, 42, 251 ]
