%YAML:1.0
descriptors: !!opencv-matrix
   rows: 11
   cols: 64
   dt: u
   data: [ 35, 4, 0, 2, 13, 128, 1, 8, 198, 0, 1, 0, 32, 11, 0, 21, 98,
       86, 0, 32, 192, 34, 129, 100, 76, 144, 32, 9, 18, 8, 1, 105, 148,
       36, 84, 154, 66, 16, 1, 84, 0, 64, 24, 139, 64, 16, 224, 76, 145,
       36, 24, 4, 48, 24, 156, 73, 16, 114, 50, 188, 88, 87, 32, 249, 61,
       182, 125, 254, 191, 189, 191, 121, 254, 124, 254, 123, 253, 127,
       189, 85, 243, 246, 67, 98, 245, 98, 211, 126, 221, 190, 245, 251,
       126, 95, 247, 239, 223, 44, 87, 190, 210, 120, 233, 125, 124, 93,
       122, 175, 212, 49, 245, 111, 153, 172, 24, 13, 240, 29, 156, 73,
       48, 242, 51, 189, 218, 87, 32, 250, 191, 182, 125, 247, 191, 189,
       251, 120, 254, 253, 215, 127, 237, 123, 240, 85, 242, 215, 71,
       115, 245, 34, 194, 126, 205, 186, 224, 251, 126, 89, 117, 255,
       247, 44, 84, 190, 86, 122, 233, 245, 216, 92, 123, 14, 208, 23,
       209, 111, 153, 172, 24, 5, 240, 29, 157, 73, 16, 242, 51, 189, 88,
       87, 32, 251, 61, 190, 253, 254, 62, 253, 249, 127, 245, 252, 222,
       245, 125, 127, 190, 252, 251, 254, 227, 99, 245, 110, 211, 255,
       221, 171, 228, 155, 127, 221, 245, 239, 207, 44, 87, 190, 247,
       120, 249, 124, 120, 93, 122, 175, 212, 53, 247, 111, 185, 172, 24,
       13, 240, 29, 156, 73, 22, 242, 119, 189, 90, 87, 40, 250, 61, 190,
       255, 253, 63, 245, 249, 125, 253, 253, 214, 253, 253, 127, 187,
       244, 251, 252, 227, 107, 245, 123, 222, 255, 253, 171, 228, 247,
       125, 221, 253, 239, 223, 104, 87, 190, 247, 250, 249, 125, 253,
       93, 251, 174, 212, 165, 243, 111, 185, 172, 157, 13, 240, 29, 156,
       77, 54, 242, 247, 189, 251, 223, 44, 254, 63, 181, 125, 180, 63,
       189, 95, 121, 255, 255, 255, 242, 253, 126, 188, 87, 251, 245, 67,
       115, 245, 114, 211, 118, 221, 255, 245, 123, 122, 223, 247, 235,
       215, 44, 87, 190, 210, 120, 249, 125, 120, 93, 125, 47, 213, 53,
       245, 111, 153, 172, 24, 5, 240, 29, 156, 73, 24, 242, 51, 189, 90,
       215, 40, 250, 191, 242, 125, 247, 255, 181, 251, 248, 254, 127,
       255, 123, 237, 123, 242, 117, 242, 213, 79, 98, 253, 43, 163, 126,
       236, 254, 243, 191, 222, 95, 119, 255, 247, 36, 84, 190, 86, 115,
       249, 245, 216, 92, 27, 30, 209, 7, 209, 95, 153, 173, 24, 5, 240,
       29, 157, 73, 16, 242, 51, 189, 88, 87, 32, 248, 63, 245, 125, 255,
       63, 181, 223, 89, 255, 255, 253, 250, 253, 107, 180, 87, 242, 247,
       103, 115, 253, 118, 211, 126, 205, 255, 247, 63, 90, 63, 247, 235,
       215, 44, 215, 190, 210, 120, 249, 117, 114, 94, 57, 47, 213, 20,
       245, 111, 153, 172, 24, 5, 240, 29, 156, 73, 16, 242, 51, 189, 88,
       87, 32, 250, 191, 246, 125, 255, 191, 189, 255, 120, 255, 255,
       253, 251, 253, 122, 244, 95, 242, 247, 103, 115, 253, 119, 211,
       118, 221, 255, 245, 255, 123, 255, 247, 235, 215, 44, 86, 190,
       210, 120, 249, 125, 122, 95, 121, 47, 213, 21, 247, 111, 153, 172,
       24, 5, 240, 29, 156, 73, 16, 242, 51, 189, 88, 87, 34, 251, 68,
       35, 65, 128, 16, 2, 1, 78, 0, 66, 1, 52, 65, 130, 129, 66, 66, 68,
       1, 100, 1, 128, 132, 0, 12, 128, 136, 9, 18, 8, 48, 9, 112, 36,
       20, 154, 0, 112, 1, 212, 128, 64, 24, 10, 64, 12, 64, 204, 17, 44,
       16, 4, 32, 24, 132, 9, 128, 96, 33, 152, 72, 6, 32, 241, 5, 34,
       65, 130, 217, 128, 3, 72, 0, 64, 2, 55, 161, 11, 128, 65, 98, 84,
       5, 100, 65, 0, 136, 96, 12, 136, 8, 9, 146, 8, 1, 9, 112, 36, 84,
       154, 0, 114, 5, 148, 129, 64, 24, 10, 64, 4, 72, 68, 0, 36, 80, 4,
       96, 26, 141, 9, 16, 96, 35, 188, 72, 6, 32, 249 ]
