%YAML:1.0
descriptors: !!opencv-matrix
   rows: 9
   cols: 64
   dt: u
   data: [ 63, 247, 125, 252, 63, 189, 95, 121, 255, 127, 245, 250, 253,
       122, 180, 87, 242, 245, 71, 115, 245, 114, 210, 118, 221, 255,
       247, 123, 122, 254, 117, 235, 215, 44, 87, 190, 218, 120, 249,
       125, 120, 95, 61, 47, 213, 20, 245, 111, 153, 172, 24, 5, 242, 29,
       156, 73, 16, 242, 51, 189, 88, 215, 40, 250, 62, 49, 253, 190, 63,
       127, 117, 127, 214, 124, 212, 177, 125, 126, 188, 86, 255, 222,
       99, 243, 245, 54, 193, 247, 221, 255, 245, 207, 82, 222, 247, 235,
       223, 44, 69, 190, 95, 120, 233, 124, 120, 93, 48, 47, 213, 53,
       247, 111, 153, 172, 25, 5, 240, 29, 156, 73, 16, 242, 51, 189, 88,
       87, 32, 250, 68, 33, 193, 144, 16, 2, 1, 78, 0, 70, 3, 52, 81,
       130, 145, 66, 194, 84, 1, 100, 1, 128, 196, 3, 12, 128, 160, 9,
       18, 8, 48, 9, 112, 36, 20, 186, 0, 112, 1, 84, 128, 64, 16, 10,
       64, 20, 64, 76, 25, 44, 16, 4, 32, 24, 148, 73, 144, 98, 33, 184,
       72, 6, 32, 241, 60, 31, 254, 244, 63, 119, 248, 247, 182, 252,
       214, 85, 95, 121, 179, 86, 254, 221, 99, 99, 213, 47, 199, 119,
       77, 138, 180, 79, 90, 76, 177, 234, 247, 36, 85, 190, 86, 122,
       233, 116, 216, 92, 56, 46, 209, 52, 211, 111, 153, 172, 24, 5,
       240, 29, 156, 73, 16, 242, 51, 189, 88, 87, 32, 250, 191, 54, 117,
       247, 255, 189, 251, 248, 252, 253, 214, 119, 237, 127, 219, 117,
       242, 213, 7, 99, 229, 41, 195, 126, 205, 250, 242, 191, 222, 31,
       115, 255, 215, 36, 85, 186, 86, 122, 233, 117, 216, 92, 27, 14,
       209, 5, 241, 111, 153, 172, 24, 5, 240, 29, 156, 73, 16, 242, 51,
       189, 88, 87, 32, 250, 29, 157, 222, 182, 63, 107, 240, 127, 54,
       216, 214, 245, 60, 126, 171, 84, 239, 223, 33, 99, 197, 39, 195,
       115, 77, 218, 240, 79, 90, 76, 179, 107, 215, 36, 85, 186, 87,
       120, 233, 116, 112, 93, 56, 47, 213, 21, 247, 111, 153, 172, 24,
       5, 240, 29, 156, 73, 16, 242, 51, 189, 88, 87, 32, 250, 35, 6, 64,
       2, 153, 128, 1, 72, 166, 0, 0, 48, 160, 11, 128, 69, 98, 116, 1,
       96, 192, 2, 129, 100, 68, 128, 32, 9, 146, 8, 1, 9, 84, 36, 84,
       154, 64, 48, 1, 84, 0, 66, 24, 139, 64, 16, 192, 69, 16, 36, 16,
       4, 96, 24, 140, 73, 16, 114, 51, 156, 72, 87, 32, 249, 252, 191,
       255, 253, 62, 127, 249, 255, 253, 252, 222, 245, 127, 254, 251,
       238, 251, 252, 251, 107, 245, 255, 244, 183, 255, 239, 246, 159,
       127, 223, 126, 255, 255, 111, 119, 254, 215, 122, 249, 125, 254,
       93, 251, 62, 221, 167, 243, 111, 189, 173, 223, 141, 242, 29, 159,
       93, 52, 246, 123, 255, 251, 159, 42, 254, 191, 245, 125, 255, 63,
       189, 255, 120, 255, 255, 253, 251, 253, 122, 244, 95, 246, 247,
       119, 123, 253, 119, 211, 118, 253, 255, 247, 255, 123, 255, 247,
       235, 215, 44, 22, 254, 218, 121, 249, 253, 122, 223, 121, 47, 209,
       21, 245, 111, 153, 172, 24, 5, 248, 29, 156, 93, 16, 242, 51, 189,
       123, 215, 42, 251 ]
