%YAML:1.0
descriptors: !!opencv-matrix
   rows: 5
   cols: 64
   dt: u
   data: [ 71, 34, 65, 128, 209, 2, 3, 72, 128, 0, 2, 52, 1, 3, 128, 65,
       66, 84, 1, 68, 64, 128, 136, 32, 14, 128, 8, 1, 146, 8, 0, 9, 80,
       36, 84, 154, 0, 114, 5, 148, 128, 64, 24, 10, 64, 12, 64, 132, 0,
       36, 80, 4, 1, 26, 132, 10, 144, 96, 32, 28, 72, 6, 32, 176, 61,
       190, 255, 239, 63, 253, 249, 121, 255, 253, 214, 253, 253, 127,
       253, 221, 255, 254, 227, 123, 245, 126, 219, 255, 253, 127, 231,
       255, 126, 223, 253, 239, 207, 108, 223, 190, 223, 123, 249, 125,
       125, 93, 251, 175, 213, 181, 247, 111, 185, 190, 153, 13, 240, 29,
       156, 93, 54, 242, 247, 191, 251, 223, 44, 254, 63, 246, 125, 255,
       63, 189, 255, 121, 255, 255, 253, 251, 253, 123, 253, 87, 243,
       244, 67, 251, 245, 114, 211, 126, 253, 255, 247, 187, 126, 223,
       247, 235, 215, 108, 215, 190, 222, 121, 249, 125, 120, 95, 123,
       47, 212, 181, 247, 111, 187, 172, 24, 5, 240, 29, 156, 93, 16,
       242, 123, 191, 251, 215, 40, 250, 70, 32, 65, 130, 17, 2, 5, 78,
       2, 2, 1, 48, 33, 130, 128, 83, 98, 84, 1, 68, 8, 128, 128, 32, 12,
       128, 168, 9, 146, 8, 16, 9, 112, 36, 20, 154, 0, 112, 5, 212, 0,
       66, 24, 10, 0, 28, 64, 140, 17, 36, 16, 4, 32, 24, 132, 11, 144,
       32, 33, 56, 72, 4, 32, 176, 5, 34, 65, 130, 217, 0, 3, 72, 128, 0,
       2, 54, 129, 11, 128, 65, 98, 84, 5, 100, 65, 0, 136, 96, 14, 136,
       8, 9, 146, 8, 1, 9, 112, 36, 84, 154, 0, 114, 5, 148, 129, 64, 24,
       10, 64, 4, 72, 132, 1, 36, 80, 4, 32, 26, 133, 9, 16, 96, 33, 156,
       72, 6, 32, 185 ]
