%YAML:1.0
descriptors: !!opencv-matrix
   rows: 17
   cols: 64
   dt: u
   data: [ 64, 3, 130, 18, 0, 2, 4, 7, 0, 0, 2, 4, 0, 196, 3, 2, 72, 1,
       1, 132, 192, 5, 66, 131, 18, 0, 148, 4, 0, 136, 0, 64, 7, 6, 65,
       170, 16, 8, 5, 72, 32, 32, 16, 130, 69, 80, 1, 206, 17, 44, 8, 0,
       48, 24, 24, 0, 0, 98, 19, 177, 8, 81, 0, 74, 3, 1, 0, 2, 205, 128,
       2, 8, 34, 1, 0, 67, 160, 67, 2, 17, 100, 35, 1, 212, 64, 37, 3,
       66, 6, 138, 96, 13, 146, 8, 1, 0, 22, 38, 20, 186, 2, 32, 1, 196,
       65, 66, 24, 11, 192, 80, 129, 79, 17, 36, 24, 4, 96, 24, 156, 73,
       16, 50, 51, 149, 24, 87, 32, 105, 195, 4, 0, 54, 217, 130, 2, 8,
       2, 41, 0, 99, 162, 203, 128, 17, 98, 69, 5, 68, 200, 173, 170,
       104, 6, 138, 40, 15, 146, 8, 33, 77, 83, 167, 20, 187, 0, 32, 5,
       198, 193, 66, 24, 10, 73, 24, 200, 213, 8, 36, 88, 4, 97, 26, 140,
       203, 16, 56, 35, 156, 8, 70, 48, 121, 246, 49, 243, 151, 246, 70,
       91, 239, 198, 229, 213, 54, 247, 194, 147, 114, 250, 213, 51, 103,
       75, 173, 231, 55, 206, 203, 254, 45, 210, 12, 114, 59, 243, 37,
       20, 191, 82, 112, 193, 212, 80, 72, 17, 14, 201, 28, 193, 78, 153,
       172, 24, 5, 240, 30, 156, 73, 16, 242, 49, 189, 88, 86, 32, 248,
       76, 238, 237, 169, 114, 127, 167, 245, 189, 254, 234, 154, 217,
       60, 255, 238, 203, 221, 107, 108, 252, 213, 194, 240, 93, 253,
       189, 165, 89, 198, 51, 235, 213, 36, 85, 186, 82, 120, 233, 116,
       120, 92, 56, 47, 213, 151, 247, 109, 153, 172, 24, 5, 240, 29,
       156, 73, 16, 242, 51, 189, 88, 87, 32, 250, 94, 50, 113, 161, 252,
       176, 175, 88, 192, 47, 211, 118, 205, 5, 145, 81, 226, 205, 11,
       96, 201, 37, 130, 120, 76, 220, 184, 175, 210, 14, 49, 251, 87,
       36, 93, 187, 82, 120, 41, 86, 96, 64, 24, 14, 197, 12, 244, 29,
       152, 172, 24, 5, 240, 28, 156, 73, 16, 242, 51, 157, 88, 87, 32,
       242, 255, 57, 255, 246, 118, 35, 127, 254, 214, 253, 245, 179,
       127, 234, 146, 90, 250, 213, 55, 103, 237, 173, 231, 55, 206, 203,
       243, 47, 82, 12, 114, 235, 243, 36, 84, 186, 82, 120, 225, 244,
       80, 94, 56, 47, 209, 20, 193, 111, 153, 172, 24, 5, 240, 29, 156,
       73, 16, 242, 51, 189, 88, 86, 32, 251, 252, 253, 255, 255, 118,
       127, 121, 255, 255, 252, 255, 191, 127, 254, 255, 254, 251, 213,
       123, 111, 125, 255, 247, 183, 223, 255, 247, 191, 251, 223, 126,
       251, 251, 44, 87, 254, 214, 122, 249, 124, 250, 93, 125, 63, 213,
       55, 229, 110, 157, 172, 154, 13, 242, 29, 157, 73, 16, 246, 123,
       189, 91, 86, 42, 250, 60, 191, 247, 182, 27, 111, 161, 127, 116,
       124, 198, 117, 125, 126, 187, 68, 251, 221, 225, 98, 245, 37, 195,
       243, 79, 250, 176, 143, 122, 78, 115, 235, 223, 36, 85, 186, 83,
       120, 233, 116, 112, 93, 56, 47, 213, 21, 247, 111, 153, 172, 24,
       5, 240, 29, 156, 73, 16, 242, 51, 189, 88, 87, 32, 250, 63, 246,
       125, 254, 63, 253, 127, 121, 255, 126, 253, 251, 253, 123, 252,
       255, 243, 245, 103, 115, 245, 114, 209, 118, 221, 255, 245, 187,
       123, 223, 247, 235, 215, 44, 87, 190, 218, 120, 249, 125, 126, 95,
       58, 175, 213, 55, 247, 111, 153, 172, 24, 13, 240, 29, 157, 73,
       24, 242, 51, 189, 90, 215, 42, 251, 252, 177, 255, 246, 54, 39,
       249, 254, 214, 223, 245, 243, 255, 234, 146, 94, 242, 213, 39,
       103, 103, 173, 227, 119, 206, 138, 182, 175, 82, 12, 116, 235,
       215, 36, 20, 186, 82, 120, 225, 244, 80, 94, 57, 47, 209, 20, 209,
       111, 153, 172, 24, 5, 240, 29, 156, 73, 16, 242, 51, 189, 88, 87,
       32, 251, 126, 61, 255, 254, 55, 119, 125, 127, 119, 246, 213, 176,
       127, 254, 182, 94, 255, 223, 97, 103, 247, 189, 195, 51, 221, 255,
       243, 253, 82, 156, 246, 233, 215, 36, 85, 186, 83, 120, 233, 116,
       112, 93, 57, 47, 213, 21, 247, 111, 153, 172, 24, 5, 240, 29, 156,
       73, 16, 242, 51, 189, 88, 87, 32, 250, 61, 186, 247, 247, 254,
       119, 187, 252, 254, 252, 214, 117, 125, 127, 155, 244, 251, 212,
       67, 98, 245, 41, 199, 126, 205, 170, 244, 155, 222, 77, 119, 239,
       247, 36, 85, 190, 86, 114, 233, 116, 216, 92, 27, 14, 213, 23,
       241, 111, 153, 172, 24, 5, 240, 29, 156, 73, 16, 242, 51, 189, 88,
       87, 32, 250, 60, 177, 253, 254, 63, 111, 253, 127, 119, 252, 214,
       245, 125, 127, 191, 86, 255, 223, 97, 99, 245, 125, 193, 243, 221,
       255, 240, 223, 122, 222, 247, 235, 223, 36, 87, 186, 83, 120, 249,
       124, 112, 93, 60, 47, 213, 21, 247, 111, 153, 172, 24, 5, 240, 29,
       156, 73, 24, 242, 51, 189, 88, 87, 32, 250, 7, 6, 64, 2, 153, 128,
       5, 72, 166, 64, 0, 112, 160, 11, 160, 69, 66, 116, 1, 96, 193, 34,
       144, 96, 68, 144, 0, 9, 18, 8, 1, 65, 20, 36, 84, 154, 64, 48, 1,
       84, 68, 64, 24, 139, 64, 80, 228, 79, 16, 36, 24, 4, 112, 24, 140,
       9, 16, 114, 51, 188, 72, 87, 32, 248, 63, 183, 253, 254, 63, 253,
       93, 127, 247, 254, 223, 176, 125, 127, 191, 87, 255, 246, 99, 242,
       245, 115, 211, 247, 221, 255, 245, 255, 122, 94, 247, 235, 223,
       44, 87, 190, 218, 120, 233, 125, 120, 93, 56, 47, 213, 53, 245,
       111, 153, 172, 24, 5, 240, 29, 156, 73, 16, 242, 51, 189, 88, 87,
       40, 250, 83, 17, 211, 150, 3, 2, 25, 14, 230, 132, 21, 17, 63,
       235, 146, 82, 238, 215, 32, 103, 66, 45, 193, 39, 78, 138, 176,
       13, 82, 8, 16, 41, 214, 36, 20, 186, 82, 120, 65, 84, 80, 72, 56,
       15, 201, 20, 193, 110, 153, 172, 24, 5, 240, 24, 156, 73, 16, 242,
       51, 189, 88, 87, 32, 250 ]
