%YAML:1.0
descriptors: !!opencv-matrix
   rows: 14
   cols: 64
   dt: u
   data: [ 63, 182, 125, 174, 191, 253, 183, 120, 255, 124, 222, 57, 253,
       127, 253, 213, 251, 244, 67, 112, 245, 114, 155, 124, 220, 253,
       245, 187, 254, 95, 119, 239, 221, 108, 87, 190, 210, 112, 233,
       125, 124, 93, 122, 47, 213, 245, 244, 111, 153, 172, 24, 13, 240,
       29, 158, 73, 48, 242, 51, 189, 218, 87, 36, 250, 63, 50, 125, 183,
       191, 177, 191, 120, 246, 255, 241, 115, 237, 75, 176, 85, 242,
       215, 3, 115, 229, 34, 194, 126, 204, 138, 226, 91, 82, 25, 117,
       235, 247, 44, 212, 190, 82, 120, 225, 245, 88, 78, 27, 14, 208,
       21, 193, 79, 153, 172, 24, 5, 240, 29, 156, 73, 16, 242, 51, 189,
       88, 86, 32, 249, 62, 247, 125, 254, 190, 189, 127, 121, 255, 127,
       253, 250, 253, 122, 252, 85, 246, 247, 103, 115, 245, 114, 147,
       118, 221, 255, 245, 251, 123, 223, 247, 235, 215, 44, 87, 190,
       218, 120, 233, 125, 122, 95, 121, 47, 213, 53, 245, 111, 153, 172,
       24, 5, 242, 29, 156, 89, 16, 242, 51, 189, 90, 215, 40, 251, 60,
       190, 255, 254, 62, 127, 249, 127, 253, 252, 254, 245, 127, 127,
       251, 254, 251, 252, 227, 107, 245, 127, 223, 255, 253, 239, 244,
       155, 127, 223, 255, 239, 223, 108, 87, 190, 215, 122, 249, 125,
       124, 93, 255, 175, 212, 183, 247, 111, 185, 172, 159, 13, 242, 29,
       156, 93, 60, 242, 123, 189, 251, 223, 40, 254, 62, 49, 253, 254,
       63, 55, 125, 127, 119, 254, 221, 177, 125, 254, 182, 94, 255, 222,
       97, 243, 245, 117, 193, 243, 220, 255, 240, 223, 122, 220, 245,
       235, 223, 36, 87, 186, 91, 120, 233, 124, 112, 93, 60, 47, 213,
       21, 247, 111, 153, 172, 24, 5, 242, 29, 156, 89, 16, 242, 51, 189,
       88, 87, 32, 250, 4, 33, 193, 144, 16, 2, 1, 78, 128, 2, 1, 52, 81,
       130, 145, 66, 194, 84, 1, 100, 1, 128, 196, 3, 12, 128, 160, 9, 2,
       8, 48, 9, 112, 36, 20, 186, 0, 112, 1, 84, 128, 64, 20, 10, 64,
       20, 64, 76, 25, 44, 16, 4, 32, 24, 148, 9, 144, 98, 33, 184, 72,
       6, 32, 241, 61, 182, 125, 175, 255, 253, 183, 120, 252, 124, 222,
       119, 237, 127, 249, 213, 251, 253, 67, 98, 245, 98, 147, 118, 77,
       255, 245, 191, 254, 95, 115, 255, 223, 100, 87, 190, 83, 120, 233,
       124, 124, 92, 58, 175, 213, 49, 247, 111, 153, 172, 24, 5, 240,
       29, 156, 73, 16, 242, 51, 189, 90, 87, 32, 250, 61, 31, 254, 246,
       63, 119, 249, 254, 182, 252, 214, 117, 63, 127, 147, 86, 254, 223,
       99, 99, 245, 47, 199, 119, 77, 170, 244, 95, 90, 76, 241, 235,
       223, 36, 85, 190, 87, 122, 233, 116, 216, 92, 56, 46, 209, 53,
       211, 111, 153, 172, 24, 5, 240, 29, 156, 73, 16, 242, 51, 189, 88,
       87, 32, 250, 191, 54, 117, 247, 255, 189, 251, 248, 254, 253, 214,
       119, 237, 127, 219, 117, 242, 213, 7, 99, 229, 41, 195, 126, 205,
       250, 242, 191, 222, 31, 115, 255, 215, 36, 85, 190, 86, 122, 233,
       117, 216, 92, 27, 14, 209, 5, 241, 111, 153, 172, 24, 5, 240, 29,
       156, 73, 16, 242, 51, 189, 88, 87, 32, 250, 35, 6, 64, 2, 153,
       128, 1, 72, 166, 64, 0, 48, 160, 11, 128, 69, 98, 116, 1, 96, 192,
       2, 129, 100, 68, 128, 32, 9, 146, 8, 1, 9, 84, 36, 84, 154, 64,
       48, 1, 84, 0, 66, 24, 139, 64, 16, 192, 69, 16, 36, 16, 4, 32, 24,
       140, 73, 16, 114, 51, 156, 72, 87, 32, 249, 30, 177, 221, 190, 63,
       107, 176, 127, 118, 216, 212, 181, 125, 86, 191, 89, 255, 223, 97,
       242, 197, 37, 195, 243, 205, 223, 240, 205, 82, 78, 183, 235, 223,
       36, 87, 186, 91, 120, 233, 116, 112, 93, 56, 47, 213, 21, 247,
       111, 153, 172, 24, 5, 240, 29, 156, 73, 16, 242, 51, 189, 88, 87,
       32, 250, 191, 245, 125, 255, 63, 189, 255, 120, 255, 255, 253,
       251, 253, 122, 244, 95, 246, 247, 119, 123, 253, 119, 211, 118,
       253, 255, 247, 255, 123, 255, 247, 235, 215, 44, 86, 254, 210,
       121, 249, 253, 122, 223, 121, 47, 209, 21, 245, 111, 153, 172, 24,
       5, 248, 29, 156, 77, 16, 242, 51, 189, 123, 215, 42, 251, 191,
       254, 125, 247, 191, 189, 191, 249, 255, 255, 255, 251, 253, 127,
       254, 85, 247, 255, 111, 123, 245, 119, 211, 118, 221, 255, 245,
       255, 126, 95, 247, 251, 215, 44, 87, 190, 219, 120, 233, 125, 124,
       92, 58, 47, 213, 55, 247, 111, 153, 172, 24, 5, 240, 29, 157, 73,
       16, 242, 51, 189, 90, 87, 40, 250, 104, 206, 236, 217, 238, 223,
       223, 49, 191, 247, 63, 206, 157, 125, 125, 236, 253, 251, 120,
       235, 254, 119, 218, 251, 121, 119, 181, 126, 124, 211, 255, 231,
       215, 252, 67, 46, 210, 249, 248, 122, 116, 29, 104, 47, 213, 244,
       245, 107, 157, 236, 152, 13, 246, 29, 158, 93, 57, 246, 115, 189,
       219, 223, 40, 254 ]
