%YAML:1.0
descriptors: !!opencv-matrix
   rows: 20
   cols: 64
   dt: u
   data: [ 131, 1, 0, 22, 205, 128, 2, 8, 34, 1, 0, 67, 160, 75, 2, 17,
       100, 35, 1, 212, 64, 47, 3, 66, 6, 138, 224, 13, 146, 8, 1, 1, 22,
       38, 16, 186, 2, 0, 1, 196, 65, 66, 24, 11, 192, 80, 129, 79, 17,
       36, 24, 4, 112, 24, 156, 65, 16, 50, 51, 149, 24, 87, 32, 105, 64,
       1, 130, 18, 0, 66, 4, 134, 0, 160, 6, 4, 2, 229, 3, 2, 73, 1, 33,
       195, 194, 133, 78, 3, 66, 82, 144, 4, 0, 8, 2, 66, 151, 38, 65,
       170, 16, 8, 107, 64, 96, 48, 56, 34, 69, 84, 37, 239, 25, 172, 24,
       5, 240, 24, 24, 72, 16, 98, 51, 181, 8, 85, 32, 234, 195, 4, 0,
       54, 217, 130, 2, 8, 2, 41, 0, 99, 162, 195, 128, 17, 98, 7, 5, 68,
       200, 141, 170, 105, 6, 138, 40, 15, 146, 8, 33, 77, 83, 167, 20,
       187, 0, 32, 5, 198, 65, 66, 24, 10, 73, 24, 200, 213, 8, 36, 88,
       4, 97, 26, 140, 203, 16, 48, 35, 156, 8, 70, 48, 121, 62, 186,
       253, 162, 127, 255, 183, 120, 254, 220, 222, 119, 253, 127, 251,
       245, 251, 223, 99, 114, 245, 103, 195, 246, 205, 254, 241, 255,
       126, 94, 243, 235, 223, 44, 87, 190, 91, 122, 233, 116, 124, 92,
       56, 47, 213, 53, 247, 111, 153, 172, 24, 5, 240, 29, 156, 73, 16,
       242, 51, 189, 88, 87, 32, 250, 254, 249, 125, 222, 54, 255, 95,
       121, 255, 215, 253, 254, 255, 126, 254, 254, 251, 215, 119, 103,
       117, 119, 243, 246, 221, 255, 245, 127, 115, 222, 246, 169, 214,
       44, 87, 190, 218, 120, 233, 253, 114, 223, 61, 47, 213, 54, 245,
       111, 159, 172, 152, 13, 242, 29, 156, 89, 16, 242, 51, 189, 89,
       87, 42, 251, 246, 49, 243, 151, 246, 71, 91, 239, 198, 229, 213,
       54, 247, 194, 147, 126, 251, 213, 51, 103, 75, 173, 231, 55, 206,
       203, 254, 45, 210, 12, 114, 59, 243, 37, 20, 191, 82, 112, 193,
       212, 80, 72, 17, 14, 201, 28, 201, 46, 153, 172, 88, 5, 240, 30,
       148, 73, 16, 242, 49, 189, 88, 86, 32, 248, 77, 142, 239, 169,
       120, 127, 167, 245, 60, 254, 238, 23, 217, 61, 251, 229, 203, 253,
       235, 96, 244, 69, 214, 240, 77, 125, 157, 166, 252, 70, 51, 219,
       213, 0, 85, 186, 83, 122, 233, 116, 124, 92, 56, 47, 213, 167,
       246, 109, 153, 172, 24, 5, 240, 29, 156, 73, 16, 242, 51, 189, 88,
       87, 32, 250, 94, 50, 113, 161, 252, 176, 175, 88, 192, 63, 211,
       118, 205, 5, 145, 81, 226, 205, 11, 96, 201, 37, 130, 120, 76,
       220, 185, 175, 214, 14, 49, 251, 87, 36, 93, 187, 82, 120, 41, 86,
       96, 64, 24, 14, 197, 12, 244, 29, 152, 172, 24, 5, 240, 28, 156,
       73, 16, 242, 51, 157, 88, 87, 32, 242, 255, 57, 255, 246, 118, 39,
       127, 254, 214, 253, 245, 179, 127, 234, 178, 90, 251, 213, 55,
       103, 237, 173, 231, 55, 206, 219, 243, 47, 83, 12, 118, 235, 211,
       36, 20, 186, 82, 120, 225, 244, 80, 94, 57, 47, 209, 20, 193, 111,
       153, 172, 24, 5, 240, 29, 156, 73, 16, 242, 51, 189, 88, 86, 32,
       251, 254, 249, 255, 255, 118, 127, 123, 255, 255, 255, 253, 190,
       127, 238, 255, 254, 251, 213, 127, 111, 127, 255, 231, 55, 255,
       255, 247, 189, 219, 223, 254, 187, 242, 44, 23, 255, 222, 127,
       249, 117, 250, 223, 253, 63, 215, 22, 229, 126, 159, 172, 30, 133,
       248, 29, 157, 89, 208, 246, 123, 189, 93, 94, 34, 251, 60, 191,
       247, 182, 91, 111, 161, 127, 116, 124, 198, 117, 125, 126, 187,
       68, 251, 221, 225, 98, 245, 37, 195, 115, 79, 250, 176, 143, 122,
       78, 115, 235, 215, 36, 85, 186, 87, 120, 233, 116, 112, 93, 56,
       47, 213, 21, 247, 111, 153, 172, 24, 5, 240, 29, 156, 73, 16, 242,
       51, 189, 88, 87, 32, 250, 63, 246, 125, 252, 63, 253, 127, 121,
       255, 126, 253, 251, 253, 123, 252, 255, 251, 253, 103, 115, 245,
       114, 209, 118, 221, 255, 245, 251, 123, 223, 247, 235, 215, 44,
       87, 190, 218, 120, 249, 125, 126, 95, 58, 47, 213, 55, 247, 111,
       153, 172, 24, 13, 240, 29, 157, 73, 24, 242, 51, 189, 90, 215, 42,
       251, 252, 177, 255, 246, 54, 39, 253, 254, 214, 223, 245, 243,
       255, 234, 150, 94, 242, 213, 39, 103, 103, 173, 227, 119, 206,
       138, 182, 175, 82, 12, 116, 235, 215, 36, 20, 190, 82, 120, 225,
       244, 88, 94, 185, 47, 209, 20, 209, 111, 153, 172, 24, 5, 240, 29,
       156, 73, 16, 242, 51, 189, 88, 87, 32, 251, 124, 177, 253, 254,
       55, 119, 125, 127, 215, 206, 213, 178, 127, 238, 182, 94, 255,
       215, 99, 103, 119, 191, 193, 119, 221, 255, 247, 109, 82, 220,
       246, 233, 215, 36, 21, 190, 82, 120, 233, 116, 112, 92, 53, 47,
       213, 20, 245, 111, 153, 172, 24, 5, 240, 29, 156, 73, 16, 242, 51,
       189, 88, 87, 32, 250, 252, 253, 255, 252, 54, 127, 253, 255, 253,
       252, 255, 253, 127, 254, 255, 254, 251, 252, 115, 107, 245, 255,
       245, 183, 253, 255, 247, 191, 123, 223, 255, 235, 223, 108, 71,
       254, 215, 122, 249, 125, 126, 221, 255, 47, 213, 55, 247, 111,
       191, 172, 155, 141, 242, 29, 156, 93, 56, 246, 123, 255, 251, 223,
       42, 254, 61, 178, 247, 245, 62, 245, 251, 252, 254, 252, 214, 117,
       125, 127, 155, 244, 250, 212, 67, 99, 245, 41, 198, 126, 205, 170,
       244, 155, 94, 77, 119, 239, 247, 36, 85, 190, 86, 122, 233, 117,
       216, 92, 27, 46, 213, 23, 209, 111, 153, 172, 24, 5, 240, 29, 156,
       73, 16, 242, 51, 189, 88, 87, 32, 250, 60, 177, 253, 254, 63, 127,
       253, 126, 245, 252, 212, 245, 125, 126, 190, 78, 251, 221, 99, 99,
       245, 55, 193, 247, 93, 255, 180, 159, 90, 222, 119, 235, 223, 36,
       87, 186, 87, 120, 233, 124, 120, 93, 58, 47, 213, 53, 247, 111,
       153, 172, 24, 5, 240, 29, 156, 73, 16, 242, 51, 189, 90, 87, 32,
       250, 3, 6, 64, 2, 157, 128, 5, 72, 34, 0, 2, 32, 32, 75, 160, 21,
       98, 116, 1, 64, 193, 34, 129, 102, 68, 128, 32, 9, 18, 8, 1, 65,
       86, 36, 84, 186, 64, 112, 1, 84, 64, 64, 24, 11, 64, 64, 192, 79,
       16, 44, 24, 4, 112, 24, 156, 65, 16, 50, 51, 156, 72, 87, 32, 120,
       63, 183, 253, 254, 63, 253, 61, 127, 247, 254, 223, 176, 125, 127,
       191, 87, 255, 246, 99, 114, 245, 115, 211, 119, 205, 255, 245,
       255, 122, 94, 247, 235, 223, 44, 87, 190, 218, 120, 233, 117, 120,
       93, 56, 47, 213, 53, 245, 111, 153, 172, 24, 5, 240, 29, 156, 73,
       16, 242, 51, 189, 88, 87, 32, 250, 83, 17, 211, 150, 3, 2, 25, 14,
       230, 132, 21, 17, 63, 235, 146, 82, 238, 215, 32, 103, 66, 173,
       225, 39, 78, 138, 176, 13, 82, 8, 16, 41, 214, 36, 20, 186, 82,
       120, 65, 84, 80, 72, 56, 15, 201, 20, 225, 110, 153, 172, 24, 5,
       240, 24, 156, 73, 16, 242, 51, 189, 88, 87, 32, 250 ]
