%YAML:1.0
descriptors: !!opencv-matrix
   rows: 107
   cols: 64
   dt: u
   data: [ 63, 182, 125, 190, 63, 255, 191, 121, 246, 252, 254, 247, 253,
       127, 189, 117, 251, 213, 99, 99, 245, 39, 193, 119, 205, 255, 245,
       191, 122, 94, 243, 235, 215, 36, 85, 190, 82, 120, 233, 116, 120,
       92, 56, 47, 213, 21, 247, 111, 153, 172, 24, 5, 240, 29, 156, 73,
       16, 242, 51, 189, 88, 87, 32, 250, 60, 252, 253, 255, 63, 253,
       253, 125, 255, 254, 222, 253, 253, 126, 253, 220, 255, 254, 227,
       123, 245, 126, 211, 255, 253, 255, 247, 255, 127, 219, 253, 239,
       223, 108, 215, 190, 223, 122, 249, 125, 120, 93, 255, 47, 213, 53,
       247, 111, 187, 174, 153, 15, 242, 29, 156, 93, 52, 242, 119, 255,
       251, 223, 44, 254, 61, 188, 253, 254, 63, 253, 253, 127, 255, 252,
       214, 253, 253, 127, 189, 221, 255, 246, 99, 123, 245, 118, 211,
       247, 253, 255, 245, 255, 126, 219, 245, 235, 223, 108, 215, 190,
       223, 120, 249, 125, 124, 93, 123, 175, 213, 49, 245, 111, 185,
       172, 153, 13, 240, 29, 156, 93, 56, 242, 119, 189, 250, 223, 44,
       250, 30, 179, 220, 254, 55, 249, 252, 119, 119, 248, 87, 245, 60,
       119, 189, 82, 255, 222, 33, 235, 197, 116, 195, 115, 205, 159,
       224, 219, 122, 76, 181, 234, 215, 36, 85, 186, 87, 120, 233, 117,
       112, 93, 59, 47, 212, 21, 247, 111, 155, 172, 25, 5, 240, 29, 156,
       73, 16, 242, 51, 189, 88, 87, 32, 250, 255, 180, 255, 175, 255,
       183, 155, 217, 254, 255, 212, 251, 237, 107, 191, 93, 250, 245,
       59, 115, 253, 39, 219, 124, 237, 250, 249, 63, 222, 89, 119, 239,
       215, 173, 95, 191, 210, 121, 237, 119, 120, 94, 122, 175, 213, 21,
       253, 127, 157, 172, 24, 5, 240, 189, 156, 73, 16, 246, 51, 189,
       218, 87, 32, 255, 39, 39, 225, 144, 17, 6, 1, 78, 164, 70, 131,
       54, 81, 42, 179, 71, 234, 213, 3, 100, 193, 39, 192, 115, 76, 152,
       180, 13, 82, 12, 48, 105, 215, 36, 85, 186, 82, 120, 1, 84, 112,
       80, 24, 15, 213, 20, 229, 79, 153, 172, 24, 5, 240, 29, 156, 73,
       16, 242, 51, 189, 88, 87, 32, 250, 77, 11, 130, 112, 89, 162, 232,
       86, 16, 186, 194, 37, 98, 193, 131, 11, 106, 9, 169, 194, 231, 45,
       75, 91, 70, 74, 162, 134, 88, 69, 161, 198, 95, 163, 85, 49, 53,
       188, 117, 100, 104, 100, 218, 78, 207, 21, 195, 235, 184, 236, 24,
       85, 245, 125, 156, 73, 23, 250, 215, 183, 138, 119, 129, 102, 86,
       160, 203, 213, 248, 144, 218, 4, 27, 187, 17, 252, 146, 2, 145,
       82, 8, 195, 184, 43, 143, 61, 202, 73, 173, 210, 190, 119, 4, 41,
       21, 110, 87, 145, 253, 35, 254, 253, 251, 119, 96, 108, 225, 104,
       179, 28, 217, 51, 159, 238, 56, 103, 245, 225, 188, 254, 84, 95,
       178, 251, 249, 113, 113, 254, 67, 5, 130, 179, 201, 130, 130, 2,
       36, 65, 2, 71, 162, 202, 32, 21, 102, 83, 57, 70, 198, 47, 139,
       99, 66, 218, 58, 15, 146, 0, 32, 67, 87, 39, 84, 147, 17, 76, 111,
       68, 65, 96, 24, 74, 73, 12, 241, 199, 89, 44, 24, 4, 241, 44, 140,
       203, 17, 122, 51, 189, 72, 23, 49, 250, 250, 113, 24, 246, 38,
       128, 94, 1, 66, 1, 85, 202, 190, 194, 4, 26, 116, 131, 20, 215,
       143, 45, 67, 199, 184, 94, 227, 255, 66, 176, 228, 160, 130, 189,
       32, 20, 239, 73, 210, 195, 73, 203, 181, 105, 235, 29, 175, 63,
       199, 194, 129, 195, 108, 0, 120, 225, 71, 179, 213, 243, 49, 51,
       211, 79, 218, 81, 16, 247, 226, 172, 122, 161, 75, 65, 85, 78,
       150, 100, 86, 48, 118, 155, 28, 231, 46, 173, 131, 82, 248, 94,
       243, 254, 194, 162, 254, 189, 130, 53, 48, 93, 139, 75, 218, 203,
       153, 217, 149, 82, 233, 29, 235, 31, 141, 130, 129, 103, 124, 198,
       16, 233, 65, 251, 113, 179, 116, 47, 147, 233, 83, 6, 16, 6, 201,
       130, 6, 0, 2, 32, 1, 3, 128, 3, 0, 16, 100, 3, 0, 148, 192, 33, 1,
       64, 192, 0, 232, 76, 2, 0, 129, 65, 19, 37, 80, 176, 9, 8, 4, 64,
       4, 64, 24, 139, 193, 24, 196, 79, 16, 36, 24, 0, 32, 24, 24, 203,
       0, 50, 19, 176, 24, 70, 48, 104, 82, 1, 136, 148, 34, 130, 90, 38,
       2, 162, 21, 128, 16, 128, 17, 2, 4, 19, 16, 195, 138, 53, 194, 11,
       8, 2, 162, 78, 64, 169, 149, 98, 71, 52, 16, 42, 10, 72, 226, 83,
       16, 168, 165, 8, 179, 28, 129, 111, 27, 234, 24, 7, 116, 25, 60,
       64, 17, 115, 59, 249, 88, 50, 96, 239, 69, 6, 146, 49, 200, 130,
       34, 68, 8, 231, 3, 8, 130, 137, 131, 3, 106, 93, 57, 97, 138, 133,
       206, 41, 78, 200, 170, 111, 16, 1, 49, 79, 113, 135, 116, 43, 0,
       237, 37, 70, 0, 64, 104, 10, 75, 12, 73, 147, 88, 76, 48, 52, 101,
       248, 148, 234, 208, 124, 161, 188, 200, 86, 49, 246, 3, 130, 1,
       130, 205, 130, 131, 8, 38, 24, 2, 65, 161, 89, 0, 1, 102, 213, 1,
       36, 192, 37, 138, 97, 74, 208, 40, 6, 18, 8, 1, 75, 215, 36, 80,
       176, 114, 120, 45, 100, 64, 84, 24, 15, 209, 20, 240, 79, 153,
       172, 24, 5, 240, 25, 156, 75, 16, 114, 50, 189, 88, 87, 32, 250,
       35, 212, 8, 138, 7, 158, 7, 9, 39, 66, 53, 64, 188, 58, 36, 21,
       212, 179, 0, 148, 208, 114, 17, 100, 80, 148, 201, 92, 50, 184,
       205, 97, 142, 108, 194, 132, 235, 72, 40, 104, 36, 155, 60, 137,
       148, 80, 244, 79, 145, 174, 152, 12, 38, 1, 218, 145, 56, 115, 54,
       180, 18, 219, 44, 75, 65, 2, 0, 0, 73, 178, 34, 22, 48, 26, 2, 5,
       0, 1, 1, 1, 4, 9, 129, 132, 192, 33, 72, 67, 0, 0, 8, 4, 24, 64,
       1, 65, 95, 16, 209, 32, 53, 72, 4, 32, 228, 36, 26, 4, 81, 1, 227,
       75, 56, 72, 24, 4, 181, 105, 216, 136, 23, 11, 23, 164, 0, 115,
       68, 74, 195, 6, 1, 130, 200, 0, 7, 200, 32, 70, 40, 2, 128, 11,
       130, 1, 66, 100, 5, 100, 72, 128, 8, 32, 78, 149, 25, 41, 146, 10,
       3, 25, 80, 36, 84, 154, 0, 96, 5, 6, 36, 64, 24, 137, 68, 24, 100,
       144, 0, 36, 16, 4, 1, 26, 132, 43, 144, 96, 33, 60, 76, 86, 32,
       176, 69, 7, 163, 144, 1, 6, 33, 95, 132, 230, 130, 4, 65, 200,
       187, 7, 202, 92, 3, 98, 200, 167, 194, 51, 78, 136, 132, 4, 16, 0,
       48, 73, 87, 38, 85, 186, 16, 120, 65, 68, 176, 112, 24, 14, 64, 4,
       65, 207, 25, 44, 24, 4, 240, 29, 156, 73, 16, 226, 51, 189, 72,
       86, 32, 250, 131, 130, 1, 227, 221, 160, 171, 200, 8, 123, 130,
       95, 161, 73, 193, 17, 98, 213, 141, 98, 206, 41, 142, 120, 44,
       154, 34, 39, 150, 9, 33, 95, 119, 231, 92, 27, 112, 243, 111, 150,
       193, 100, 202, 90, 67, 142, 217, 19, 8, 93, 80, 37, 69, 166, 141,
       107, 128, 72, 162, 143, 196, 7, 51, 181, 199, 15, 227, 148, 217,
       6, 9, 203, 134, 102, 131, 54, 3, 201, 147, 71, 234, 213, 37, 102,
       10, 141, 128, 35, 78, 218, 186, 9, 146, 8, 50, 25, 82, 39, 84,
       155, 64, 116, 69, 86, 0, 64, 24, 14, 201, 12, 193, 140, 153, 172,
       16, 5, 112, 30, 148, 73, 16, 112, 49, 189, 76, 84, 32, 176, 13, 5,
       175, 184, 7, 117, 53, 127, 180, 222, 196, 130, 219, 184, 51, 15,
       137, 124, 99, 99, 244, 55, 210, 243, 77, 251, 148, 160, 80, 68,
       50, 201, 223, 48, 83, 168, 82, 104, 232, 48, 120, 60, 56, 47, 213,
       53, 247, 107, 25, 172, 24, 5, 209, 29, 156, 8, 16, 226, 51, 189,
       72, 87, 32, 250, 68, 6, 173, 153, 234, 215, 31, 101, 173, 231, 25,
       140, 217, 165, 61, 6, 137, 93, 122, 103, 158, 117, 202, 121, 93,
       215, 140, 62, 64, 129, 53, 79, 215, 149, 85, 43, 66, 249, 236, 90,
       48, 56, 105, 47, 215, 28, 245, 59, 31, 140, 24, 5, 241, 93, 156,
       10, 80, 238, 51, 189, 88, 87, 56, 254, 7, 4, 0, 34, 73, 2, 38, 10,
       0, 32, 0, 32, 0, 3, 0, 17, 0, 41, 1, 208, 193, 32, 8, 66, 68, 152,
       8, 5, 18, 32, 1, 64, 17, 160, 16, 162, 33, 8, 5, 2, 0, 0, 24, 129,
       64, 81, 6, 73, 16, 100, 24, 4, 69, 0, 104, 128, 18, 2, 135, 180,
       8, 67, 48, 72, 137, 142, 175, 185, 38, 125, 189, 247, 189, 255,
       254, 207, 91, 189, 63, 175, 137, 124, 99, 107, 244, 215, 246, 115,
       93, 255, 149, 178, 89, 214, 55, 203, 215, 48, 83, 168, 83, 120,
       232, 56, 120, 60, 56, 47, 213, 53, 247, 105, 153, 172, 24, 5, 208,
       29, 156, 8, 16, 226, 51, 189, 72, 87, 32, 250, 71, 5, 0, 18, 193,
       130, 3, 72, 162, 0, 1, 0, 128, 75, 132, 5, 66, 85, 0, 100, 138,
