%YAML:1.0
descriptors: !!opencv-matrix
   rows: 44
   cols: 64
   dt: u
   data: [ 79, 185, 139, 127, 127, 243, 210, 158, 218, 176, 141, 175,
       242, 214, 43, 123, 237, 223, 59, 215, 207, 47, 67, 215, 199, 203,
       244, 239, 82, 12, 178, 98, 223, 47, 85, 190, 91, 120, 233, 116,
       120, 92, 56, 47, 213, 117, 183, 111, 153, 172, 24, 5, 240, 29,
       156, 73, 16, 242, 51, 189, 88, 87, 32, 250, 93, 191, 246, 116, 57,
       163, 249, 126, 176, 189, 196, 241, 230, 251, 128, 79, 234, 221,
       191, 107, 231, 47, 234, 127, 47, 250, 226, 151, 124, 69, 97, 239,
       223, 227, 52, 178, 117, 252, 251, 245, 221, 126, 251, 103, 235,
       49, 219, 235, 185, 230, 56, 213, 240, 60, 156, 77, 23, 254, 247,
       207, 218, 119, 165, 255, 61, 180, 253, 252, 63, 253, 253, 120,
       255, 254, 252, 249, 253, 123, 188, 93, 255, 254, 227, 123, 245,
       118, 211, 247, 253, 255, 245, 255, 126, 223, 245, 235, 223, 44,
       87, 190, 223, 120, 249, 125, 120, 93, 59, 47, 213, 53, 247, 111,
       185, 174, 24, 7, 240, 29, 156, 89, 52, 242, 55, 189, 122, 215, 40,
       250, 255, 220, 254, 239, 255, 255, 223, 216, 191, 127, 189, 251,
       191, 251, 246, 253, 247, 247, 63, 127, 238, 223, 186, 125, 111,
       255, 123, 127, 255, 123, 127, 127, 243, 231, 220, 223, 82, 119,
       255, 247, 211, 223, 106, 127, 219, 30, 252, 181, 205, 181, 86,
       133, 232, 183, 143, 111, 208, 252, 176, 63, 221, 93, 54, 189, 251,
       223, 191, 255, 239, 255, 255, 187, 255, 255, 255, 203, 191, 252,
       126, 191, 255, 255, 255, 255, 254, 255, 255, 127, 255, 255, 255,
       254, 255, 243, 255, 255, 255, 255, 251, 117, 255, 237, 254, 235,
       127, 253, 255, 125, 255, 255, 255, 255, 255, 219, 191, 255, 255,
       231, 254, 255, 247, 255, 255, 255, 247, 255, 221, 190, 47, 54,
       101, 163, 223, 176, 171, 88, 252, 127, 208, 123, 237, 11, 163, 85,
       226, 245, 3, 112, 233, 35, 203, 124, 68, 200, 232, 47, 218, 9, 97,
       111, 85, 164, 93, 187, 82, 120, 41, 118, 112, 68, 26, 15, 213, 1,
       240, 85, 152, 172, 24, 5, 240, 29, 156, 73, 16, 242, 51, 156, 88,
       87, 32, 248, 58, 144, 156, 222, 47, 217, 216, 44, 95, 248, 21,
       205, 189, 124, 60, 86, 253, 146, 96, 187, 196, 54, 195, 119, 233,
       147, 224, 122, 126, 249, 213, 107, 223, 60, 81, 180, 254, 88, 234,
       125, 112, 93, 107, 47, 212, 20, 245, 111, 153, 174, 25, 7, 240,
       29, 156, 73, 18, 243, 55, 189, 121, 95, 32, 250, 24, 137, 142,
       220, 34, 91, 216, 55, 23, 176, 85, 197, 27, 244, 62, 234, 173,
       208, 96, 235, 198, 61, 192, 243, 73, 75, 182, 94, 65, 196, 54,
       106, 223, 54, 81, 184, 94, 120, 250, 112, 112, 125, 181, 111, 245,
       52, 245, 111, 153, 168, 25, 71, 240, 29, 156, 73, 17, 243, 51,
       191, 89, 119, 161, 250, 30, 49, 217, 214, 50, 3, 93, 110, 198,
       134, 213, 48, 117, 226, 145, 82, 242, 214, 3, 103, 135, 45, 192,
       119, 140, 138, 230, 77, 82, 136, 116, 105, 214, 36, 20, 190, 82,
       120, 193, 84, 112, 72, 181, 47, 212, 20, 193, 110, 153, 172, 24,
       5, 240, 28, 156, 73, 16, 242, 51, 185, 88, 86, 32, 250, 62, 180,
       253, 255, 63, 253, 255, 125, 255, 255, 222, 253, 253, 126, 188,
       84, 255, 223, 99, 115, 245, 119, 195, 255, 253, 255, 229, 255,
       126, 223, 245, 239, 223, 44, 85, 190, 223, 120, 233, 117, 120, 93,
       123, 47, 213, 53, 247, 111, 185, 172, 24, 5, 240, 29, 156, 73, 16,
       242, 51, 189, 250, 87, 32, 254, 63, 186, 125, 239, 191, 253, 191,
       120, 255, 255, 254, 253, 253, 127, 253, 245, 255, 255, 107, 251,
       245, 119, 219, 255, 237, 255, 229, 255, 126, 95, 247, 239, 223,
       108, 215, 190, 223, 122, 249, 119, 252, 93, 123, 47, 213, 55, 247,
       111, 153, 172, 24, 5, 240, 29, 157, 73, 16, 242, 51, 189, 218, 87,
       32, 254, 250, 217, 158, 223, 231, 91, 211, 191, 159, 217, 62, 143,
       191, 220, 123, 254, 255, 215, 120, 55, 76, 159, 231, 55, 203, 199,
       249, 108, 211, 74, 214, 59, 247, 39, 81, 253, 82, 127, 238, 112,
       114, 93, 48, 62, 221, 30, 245, 238, 157, 172, 26, 5, 240, 31, 156,
       203, 81, 242, 51, 61, 88, 85, 2, 250, 62, 189, 254, 254, 63, 253,
       253, 127, 127, 254, 215, 249, 255, 126, 189, 223, 255, 254, 97,
       251, 245, 117, 211, 115, 253, 255, 243, 255, 127, 255, 245, 235,
       223, 100, 215, 186, 255, 120, 249, 125, 112, 93, 127, 47, 213, 21,
       247, 111, 155, 174, 152, 13, 242, 29, 156, 93, 50, 243, 119, 191,
       91, 223, 44, 250, 211, 41, 155, 214, 48, 66, 93, 110, 194, 130,
       53, 144, 19, 194, 130, 90, 107, 215, 48, 103, 6, 173, 228, 3, 15,
       203, 178, 13, 83, 40, 50, 105, 82, 39, 52, 251, 2, 124, 211, 84,
       48, 232, 185, 107, 187, 28, 229, 238, 217, 172, 114, 213, 96, 24,
       180, 73, 145, 242, 49, 251, 88, 20, 161, 250, 63, 180, 109, 166,
       255, 181, 155, 29, 246, 126, 212, 115, 173, 74, 179, 85, 242, 245,
       3, 112, 225, 35, 219, 124, 108, 136, 228, 15, 218, 89, 113, 239,
       247, 44, 222, 190, 118, 120, 169, 117, 216, 94, 90, 14, 208, 21,
       209, 79, 153, 172, 24, 5, 240, 29, 156, 73, 16, 242, 51, 188, 90,
       87, 32, 249, 76, 11, 239, 245, 50, 127, 185, 254, 189, 254, 202,
       149, 95, 189, 251, 238, 235, 220, 107, 111, 124, 197, 196, 179,
       77, 234, 164, 148, 88, 70, 58, 251, 242, 36, 85, 186, 82, 122,
       201, 116, 248, 92, 56, 62, 215, 134, 225, 110, 153, 172, 28, 5,
       240, 29, 157, 73, 16, 242, 51, 189, 88, 86, 32, 250, 76, 3, 163,
       176, 0, 71, 41, 111, 128, 198, 195, 20, 81, 164, 155, 194, 202,
       92, 3, 102, 8, 129, 198, 19, 13, 136, 164, 136, 64, 4, 48, 9, 80,
       36, 85, 186, 16, 122, 193, 84, 176, 84, 56, 46, 70, 4, 97, 110,
       153, 44, 24, 5, 240, 29, 156, 72, 16, 226, 51, 189, 72, 22, 32,
       242, 70, 32, 81, 130, 217, 0, 3, 76, 2, 98, 1, 50, 1, 2, 130, 80,
       98, 84, 1, 96, 8, 128, 136, 40, 14, 128, 40, 9, 146, 8, 17, 105,
       80, 164, 20, 154, 0, 112, 5, 86, 0, 66, 8, 8, 0, 28, 64, 148, 17,
       36, 16, 4, 32, 24, 132, 107, 144, 112, 32, 60, 92, 4, 32, 177, 60,
       248, 253, 255, 62, 253, 253, 117, 127, 255, 85, 221, 221, 126,
       253, 220, 255, 254, 225, 107, 245, 125, 211, 251, 253, 255, 179,
       255, 127, 255, 245, 239, 215, 116, 87, 186, 223, 120, 249, 125,
       112, 93, 255, 47, 245, 20, 247, 111, 153, 172, 152, 7, 240, 29,
       156, 93, 20, 243, 115, 189, 219, 223, 40, 254, 101, 39, 229, 178,
       17, 38, 45, 94, 228, 78, 139, 52, 107, 239, 144, 71, 235, 212, 3,
       103, 69, 166, 192, 55, 78, 158, 164, 13, 82, 8, 48, 41, 210, 36,
       85, 186, 82, 120, 193, 116, 80, 92, 24, 47, 212, 20, 229, 110,
       153, 172, 24, 5, 240, 29, 156, 73, 16, 242, 51, 189, 88, 86, 32,
       250, 117, 37, 241, 150, 17, 6, 45, 111, 198, 70, 137, 52, 99, 206,
       146, 86, 235, 213, 35, 102, 67, 167, 192, 55, 78, 222, 180, 13,
       82, 8, 48, 105, 214, 36, 85, 186, 66, 120, 193, 84, 112, 72, 56,
       47, 213, 20, 229, 110, 153, 172, 24, 5, 240, 29, 156, 73, 16, 242,
       51, 189, 88, 87, 32, 250, 198, 2, 0, 131, 217, 130, 134, 73, 32,
       11, 0, 66, 130, 3, 130, 1, 2, 85, 37, 36, 72, 5, 138, 96, 78, 212,
       25, 39, 146, 10, 3, 8, 84, 36, 92, 187, 16, 120, 45, 20, 64, 64,
       24, 11, 209, 28, 244, 209, 25, 44, 24, 4, 209, 24, 140, 11, 16,
       112, 50, 188, 72, 87, 32, 248, 18, 17, 129, 134, 7, 2, 27, 15,
       134, 66, 17, 20, 49, 2, 49, 86, 110, 214, 0, 84, 192, 33, 192, 99,
       12, 136, 168, 13, 82, 40, 49, 105, 85, 36, 20, 186, 66, 120, 1,
       84, 16, 72, 16, 10, 209, 20, 193, 78, 153, 172, 24, 5, 112, 24,
       156, 73, 16, 242, 51, 189, 88, 87, 32, 242, 6, 35, 217, 146, 16,
       22, 13, 75, 198, 230, 43, 48, 3, 130, 144, 83, 226, 212, 37, 97,
       131, 164, 224, 35, 76, 151, 165, 11, 18, 8, 48, 105, 82, 36, 84,
       186, 66, 120, 225, 212, 112, 80, 56, 47, 208, 20, 245, 111, 153,
       172, 24, 5, 240, 29, 156, 73, 16, 242, 51, 189, 88, 86, 32, 250,
       242, 49, 81, 150, 54, 6, 25, 43, 198, 4, 53, 18, 63, 226, 146, 82,
       246, 214, 4, 103, 10, 160, 161, 38, 204, 138, 228, 73, 146, 168,
