%YAML:1.0
descriptors: !!opencv-matrix
   rows: 78
   cols: 64
   dt: u
   data: [ 63, 190, 253, 247, 63, 253, 249, 120, 255, 254, 214, 245, 253,
       127, 249, 117, 255, 254, 99, 123, 245, 126, 211, 127, 237, 190,
       243, 251, 126, 95, 247, 239, 223, 108, 87, 190, 255, 120, 249,
       125, 124, 93, 123, 47, 212, 53, 247, 111, 185, 172, 24, 5, 242,
       29, 156, 77, 16, 242, 55, 189, 90, 95, 32, 250, 62, 185, 255, 254,
       55, 255, 253, 127, 247, 254, 221, 245, 127, 126, 182, 126, 255,
       223, 99, 115, 245, 63, 195, 247, 221, 255, 246, 255, 90, 223, 247,
       235, 223, 44, 85, 190, 223, 120, 249, 117, 120, 93, 185, 47, 213,
       53, 247, 111, 153, 172, 24, 5, 240, 29, 156, 73, 16, 242, 51, 189,
       120, 87, 32, 250, 62, 182, 253, 252, 63, 189, 189, 123, 247, 254,
       215, 243, 253, 127, 188, 87, 255, 255, 99, 243, 245, 119, 211,
       247, 221, 254, 245, 255, 122, 221, 245, 235, 223, 44, 87, 190,
       219, 120, 233, 125, 124, 93, 57, 47, 213, 53, 247, 111, 153, 172,
       24, 5, 240, 29, 156, 73, 16, 242, 51, 189, 90, 87, 32, 250, 63,
       254, 125, 239, 191, 253, 255, 121, 255, 255, 255, 251, 253, 127,
       252, 253, 255, 255, 99, 251, 245, 119, 211, 127, 253, 255, 245,
       255, 126, 255, 247, 239, 223, 108, 215, 190, 255, 121, 249, 125,
       124, 93, 123, 175, 213, 53, 247, 111, 187, 174, 153, 13, 240, 29,
       156, 93, 48, 242, 119, 189, 250, 223, 44, 254, 253, 123, 119, 117,
       126, 119, 123, 254, 252, 191, 250, 53, 111, 203, 219, 243, 242,
       236, 207, 107, 127, 234, 165, 190, 143, 171, 230, 219, 219, 95,
       247, 254, 123, 47, 252, 255, 223, 54, 209, 245, 222, 78, 155, 158,
       234, 227, 131, 94, 168, 191, 94, 195, 232, 191, 159, 77, 196, 182,
       87, 159, 254, 214, 167, 181, 62, 48, 253, 166, 159, 37, 121, 125,
       214, 100, 213, 53, 125, 10, 182, 116, 242, 214, 83, 112, 241, 155,
       227, 60, 190, 168, 236, 155, 210, 217, 125, 236, 101, 45, 38, 222,
       206, 115, 1, 223, 155, 203, 215, 10, 200, 53, 137, 12, 191, 52,
       219, 141, 98, 158, 148, 81, 248, 178, 57, 248, 255, 14, 38, 245,
       222, 249, 88, 126, 50, 107, 124, 71, 75, 33, 239, 248, 118, 246,
       236, 250, 255, 154, 39, 195, 47, 184, 33, 22, 213, 223, 247, 251,
       195, 230, 247, 224, 146, 180, 71, 222, 139, 112, 248, 119, 42,
       221, 245, 97, 245, 95, 183, 46, 205, 231, 70, 71, 234, 23, 50,
       105, 145, 243, 81, 183, 121, 123, 241, 234, 76, 42, 102, 233, 217,
       122, 166, 245, 57, 184, 202, 55, 72, 117, 203, 224, 201, 9, 251,
       226, 229, 225, 12, 184, 69, 93, 25, 231, 237, 199, 35, 214, 217,
       211, 87, 171, 117, 178, 237, 52, 108, 52, 122, 183, 85, 167, 118,
       225, 184, 237, 12, 33, 209, 127, 200, 73, 70, 204, 135, 165, 202,
       99, 112, 86, 68, 238, 16, 89, 200, 202, 230, 65, 43, 33, 10, 173,
       196, 103, 205, 184, 239, 139, 184, 130, 207, 41, 31, 202, 209, 87,
       119, 111, 129, 143, 139, 86, 155, 147, 71, 7, 16, 147, 255, 110,
       37, 60, 232, 227, 53, 248, 63, 179, 165, 204, 96, 114, 181, 237,
       0, 235, 71, 221, 194, 39, 152, 97, 241, 70, 190, 179, 113, 70,
       254, 143, 219, 41, 222, 21, 247, 115, 255, 82, 208, 84, 246, 151,
       94, 212, 245, 47, 129, 215, 190, 186, 237, 255, 198, 248, 213,
       172, 142, 45, 100, 158, 222, 51, 137, 221, 217, 221, 213, 143,
       201, 46, 152, 79, 175, 167, 201, 203, 250, 30, 159, 67, 100, 115,
       114, 248, 122, 15, 36, 221, 163, 214, 81, 167, 221, 160, 143, 8,
       254, 123, 40, 123, 175, 79, 132, 85, 98, 215, 37, 97, 200, 39,
       171, 124, 78, 222, 57, 47, 210, 9, 33, 127, 215, 165, 92, 187,
       114, 113, 45, 246, 65, 78, 8, 11, 209, 20, 220, 85, 153, 172, 24,
       5, 244, 28, 156, 105, 16, 242, 51, 189, 88, 87, 32, 248, 197, 46,
       227, 145, 216, 206, 163, 201, 136, 239, 130, 94, 195, 197, 219,
       161, 203, 77, 59, 102, 204, 133, 206, 120, 79, 222, 24, 39, 208,
       14, 51, 31, 87, 39, 85, 187, 80, 254, 237, 22, 240, 116, 56, 46,
       69, 12, 121, 177, 153, 44, 24, 37, 209, 95, 140, 72, 16, 232, 33,
       189, 76, 87, 32, 250, 250, 61, 251, 246, 87, 39, 85, 63, 214, 196,
       213, 51, 127, 206, 178, 94, 126, 183, 115, 215, 119, 159, 209, 7,
       150, 250, 246, 77, 82, 248, 212, 233, 142, 47, 6, 190, 222, 60,
       67, 93, 88, 65, 183, 235, 201, 113, 165, 238, 255, 174, 153, 201,
       240, 24, 92, 81, 112, 50, 119, 187, 58, 149, 172, 218, 61, 255,
       117, 214, 54, 189, 253, 123, 255, 92, 254, 113, 253, 127, 252, 85,
       242, 244, 71, 107, 247, 126, 145, 119, 125, 174, 39, 25, 126, 89,
       125, 253, 118, 110, 126, 190, 214, 122, 211, 244, 223, 247, 218,
       94, 192, 166, 209, 79, 137, 53, 28, 76, 234, 29, 143, 77, 16, 242,
       123, 159, 91, 15, 171, 185, 5, 2, 135, 33, 217, 160, 166, 220, 32,
       152, 194, 65, 192, 21, 129, 1, 74, 76, 129, 68, 192, 1, 78, 113,
       70, 136, 8, 132, 92, 4, 33, 19, 125, 2, 209, 168, 49, 240, 13, 36,
       101, 52, 26, 6, 68, 129, 90, 192, 24, 60, 120, 52, 209, 156, 140,
       8, 0, 136, 7, 132, 72, 71, 36, 88, 63, 50, 109, 137, 63, 125, 131,
       252, 255, 158, 186, 53, 125, 30, 249, 229, 211, 244, 67, 56, 241,
       82, 141, 188, 109, 164, 44, 1, 190, 95, 127, 123, 124, 108, 223,
       190, 94, 114, 137, 245, 214, 85, 78, 30, 22, 166, 64, 116, 190,
       61, 30, 4, 186, 157, 143, 85, 180, 32, 46, 60, 207, 142, 46, 180,
       36, 32, 109, 129, 26, 221, 129, 253, 223, 252, 150, 245, 121, 62,
       187, 198, 235, 212, 66, 33, 209, 18, 238, 228, 93, 161, 28, 3, 18,
       221, 27, 107, 213, 36, 85, 186, 82, 122, 169, 124, 240, 85, 36,
       46, 148, 52, 112, 109, 153, 172, 24, 5, 176, 29, 156, 73, 16, 114,
       50, 60, 88, 87, 32, 250, 13, 39, 101, 36, 20, 35, 33, 126, 160,
       84, 194, 53, 72, 61, 139, 3, 168, 108, 195, 100, 112, 128, 0, 178,
       12, 40, 128, 128, 248, 4, 32, 201, 88, 32, 85, 186, 21, 48, 1, 68,
       124, 20, 26, 135, 68, 161, 230, 76, 56, 36, 73, 8, 240, 30, 156,
       9, 44, 162, 23, 188, 74, 70, 36, 88, 13, 34, 101, 160, 152, 181,
       163, 116, 52, 124, 194, 21, 93, 61, 187, 65, 234, 220, 193, 96,
       241, 1, 202, 240, 76, 168, 24, 129, 120, 12, 49, 203, 213, 36, 85,
       186, 80, 114, 9, 116, 244, 84, 24, 14, 68, 132, 224, 77, 153, 44,
       24, 4, 240, 29, 156, 73, 16, 242, 51, 188, 72, 87, 32, 250, 37,
       37, 109, 152, 18, 95, 5, 119, 195, 70, 157, 176, 89, 164, 189,
       194, 203, 84, 98, 100, 19, 144, 192, 163, 92, 53, 149, 8, 1, 156,
       24, 41, 216, 36, 69, 186, 74, 112, 129, 92, 48, 217, 60, 47, 20,
       52, 228, 108, 147, 172, 18, 4, 50, 25, 148, 73, 16, 114, 41, 60,
       88, 84, 32, 250, 12, 34, 101, 160, 24, 173, 34, 117, 128, 32, 194,
       21, 81, 20, 153, 96, 226, 92, 3, 96, 193, 0, 128, 176, 76, 136,
       140, 137, 80, 12, 49, 72, 117, 36, 85, 186, 82, 114, 1, 84, 208,
       84, 24, 14, 68, 6, 192, 76, 153, 44, 24, 4, 240, 29, 157, 73, 16,
       242, 51, 188, 72, 70, 32, 248, 12, 47, 231, 152, 2, 127, 161, 119,
       145, 220, 214, 149, 81, 180, 187, 230, 235, 216, 227, 98, 245, 37,
       198, 243, 89, 40, 132, 132, 104, 196, 48, 234, 223, 32, 69, 186,
       86, 122, 201, 124, 248, 29, 56, 38, 84, 182, 243, 110, 153, 172,
       25, 13, 240, 29, 156, 73, 20, 242, 51, 189, 90, 87, 32, 250, 45,
       166, 109, 172, 63, 253, 177, 121, 189, 220, 206, 245, 221, 60,
       253, 101, 171, 252, 195, 99, 244, 114, 210, 243, 125, 255, 149,
       183, 124, 86, 55, 235, 223, 96, 87, 186, 119, 120, 233, 116, 120,
       93, 58, 47, 213, 53, 247, 111, 185, 172, 24, 13, 240, 29, 156, 73,
       20, 242, 55, 189, 90, 95, 36, 250, 35, 198, 64, 130, 221, 128, 7,
       8, 102, 65, 33, 122, 168, 75, 132, 21, 98, 247, 4, 32, 192, 6,
       129, 100, 70, 148, 57, 43, 146, 8, 1, 9, 146, 36, 84, 154, 64,
       120, 33, 86, 101, 66, 8, 11, 209, 16, 244, 5, 128, 164, 16, 4, 32,
       24, 140, 75, 16, 114, 50, 60, 88, 87, 32, 249, 61, 54, 245, 245,
       252, 181, 161, 121, 228, 124, 210, 119, 237, 123, 147, 69, 242,
