%YAML:1.0
descriptors: !!opencv-matrix
   rows: 88
   cols: 64
   dt: u
   data: [ 63, 250, 253, 254, 63, 253, 221, 56, 255, 254, 215, 253, 189,
       127, 253, 221, 255, 246, 99, 251, 245, 118, 211, 127, 237, 255,
       245, 127, 126, 251, 247, 239, 223, 108, 215, 190, 255, 120, 249,
       125, 120, 93, 123, 47, 213, 181, 245, 111, 187, 174, 152, 5, 240,
       29, 156, 93, 48, 242, 55, 189, 251, 223, 44, 254, 63, 180, 125,
       143, 191, 221, 155, 125, 255, 255, 149, 253, 253, 62, 188, 117,
       251, 247, 66, 113, 213, 115, 211, 116, 253, 250, 228, 127, 126,
       91, 245, 107, 215, 44, 87, 190, 210, 120, 233, 125, 112, 93, 56,
       47, 213, 20, 245, 111, 153, 172, 24, 13, 240, 29, 156, 73, 16,
       242, 51, 189, 90, 87, 40, 250, 44, 173, 239, 184, 22, 127, 117,
       127, 245, 222, 220, 181, 125, 190, 191, 206, 203, 220, 99, 107,
       245, 119, 210, 247, 93, 253, 180, 161, 123, 222, 58, 233, 223, 36,
       87, 186, 83, 120, 233, 124, 120, 93, 56, 47, 213, 53, 119, 110,
       153, 172, 24, 5, 240, 29, 156, 73, 16, 242, 59, 189, 91, 87, 32,
       250, 188, 59, 247, 214, 50, 109, 113, 255, 223, 213, 215, 119,
       255, 254, 250, 246, 242, 213, 103, 99, 119, 175, 227, 119, 95,
       170, 180, 11, 82, 222, 126, 169, 199, 36, 117, 186, 210, 122, 201,
       252, 209, 93, 49, 47, 200, 22, 229, 111, 153, 164, 153, 13, 240,
       31, 157, 73, 16, 242, 51, 189, 88, 87, 32, 250, 12, 170, 239, 237,
       62, 253, 241, 252, 189, 189, 222, 221, 89, 53, 251, 233, 137, 220,
       235, 107, 244, 113, 238, 249, 45, 125, 149, 178, 125, 71, 55, 255,
       221, 112, 213, 40, 119, 251, 233, 53, 249, 29, 123, 55, 213, 167,
       247, 107, 187, 189, 159, 5, 240, 29, 159, 76, 22, 210, 191, 253,
       219, 95, 36, 254, 188, 57, 247, 244, 50, 109, 121, 255, 223, 213,
       215, 247, 127, 250, 250, 214, 250, 212, 103, 107, 119, 175, 247,
       183, 221, 187, 182, 187, 114, 222, 126, 173, 199, 37, 102, 254,
       214, 122, 217, 252, 217, 93, 181, 175, 201, 38, 249, 110, 137,
       164, 217, 9, 242, 31, 157, 73, 16, 242, 115, 253, 91, 23, 32, 250,
       124, 47, 119, 181, 16, 47, 33, 251, 252, 252, 194, 55, 93, 255,
       249, 230, 226, 220, 195, 98, 125, 164, 132, 183, 95, 168, 164,
       137, 250, 142, 56, 251, 114, 36, 85, 186, 82, 114, 193, 252, 220,
       84, 24, 14, 192, 39, 195, 78, 153, 44, 24, 5, 240, 29, 157, 73,
       16, 242, 51, 188, 88, 70, 32, 248, 19, 153, 158, 222, 39, 221,
       221, 50, 63, 213, 63, 200, 159, 121, 60, 30, 189, 247, 96, 251,
       150, 111, 210, 115, 249, 247, 247, 126, 116, 187, 213, 107, 215,
       60, 115, 158, 218, 120, 250, 121, 112, 93, 185, 111, 181, 20, 245,
       111, 153, 170, 24, 71, 240, 29, 156, 77, 17, 243, 115, 191, 120,
       119, 161, 250, 9, 6, 140, 171, 138, 253, 162, 53, 61, 254, 78, 5,
       152, 61, 59, 165, 205, 120, 193, 224, 240, 83, 223, 249, 89, 105,
       12, 166, 124, 213, 59, 199, 221, 224, 83, 32, 119, 194, 168, 42,
       124, 21, 74, 174, 85, 227, 119, 97, 185, 72, 152, 9, 244, 13, 152,
       89, 62, 194, 175, 180, 194, 211, 40, 238, 205, 142, 103, 225, 249,
       245, 167, 216, 188, 255, 234, 79, 193, 61, 235, 165, 195, 253,
       255, 43, 252, 71, 30, 248, 101, 253, 25, 166, 252, 67, 51, 223,
       127, 195, 223, 49, 117, 251, 237, 54, 125, 116, 106, 182, 85, 227,
       90, 241, 188, 221, 60, 53, 213, 229, 140, 236, 86, 204, 183, 173,
       198, 223, 52, 254, 189, 253, 125, 253, 48, 125, 253, 253, 255,
       213, 245, 248, 127, 123, 222, 222, 251, 244, 119, 107, 55, 234,
       246, 182, 189, 187, 247, 187, 111, 157, 117, 187, 199, 76, 38,
       222, 214, 57, 241, 127, 250, 223, 185, 183, 242, 179, 209, 46,
       155, 173, 255, 75, 120, 29, 151, 85, 184, 242, 121, 255, 251, 215,
       43, 255, 63, 255, 255, 254, 55, 253, 253, 123, 255, 220, 223, 249,
       255, 126, 252, 222, 251, 247, 227, 123, 245, 126, 211, 247, 253,
       255, 247, 255, 127, 255, 245, 235, 223, 108, 215, 190, 254, 120,
       249, 125, 120, 93, 251, 47, 245, 53, 245, 111, 187, 174, 153, 15,
       240, 29, 156, 93, 52, 242, 119, 191, 123, 223, 44, 250, 13, 54,
       101, 33, 188, 181, 163, 112, 184, 63, 194, 101, 204, 57, 169, 1,
       192, 236, 195, 224, 241, 98, 26, 248, 68, 56, 12, 214, 124, 71,
       97, 215, 93, 104, 199, 44, 125, 186, 169, 60, 220, 20, 26, 142,
       192, 225, 242, 75, 184, 252, 8, 1, 240, 29, 152, 73, 54, 210, 151,
       180, 202, 211, 100, 122, 63, 247, 125, 236, 48, 116, 253, 205,
       246, 212, 253, 184, 125, 59, 159, 222, 251, 164, 35, 104, 51, 98,
       244, 54, 189, 189, 245, 249, 111, 189, 117, 233, 148, 204, 4, 222,
       202, 49, 177, 127, 62, 219, 57, 245, 244, 145, 213, 12, 155, 175,
       199, 11, 120, 21, 183, 125, 56, 246, 121, 221, 250, 215, 108, 219,
       5, 43, 167, 24, 0, 85, 164, 102, 1, 142, 10, 132, 80, 165, 155,
       170, 137, 72, 227, 106, 21, 4, 68, 147, 93, 125, 21, 224, 1, 142,
       50, 0, 212, 18, 69, 170, 16, 56, 105, 60, 48, 52, 56, 39, 119,
       180, 119, 234, 25, 172, 40, 116, 145, 93, 24, 8, 22, 192, 3, 165,
       72, 67, 97, 226, 47, 177, 200, 38, 31, 162, 28, 10, 100, 3, 149,
       242, 170, 78, 164, 89, 234, 51, 37, 209, 195, 38, 193, 103, 68,
       222, 241, 47, 82, 60, 165, 96, 151, 172, 20, 154, 107, 120, 233,
       117, 96, 202, 60, 105, 213, 85, 247, 111, 153, 174, 24, 5, 224,
       20, 252, 73, 24, 179, 51, 189, 24, 83, 32, 74, 251, 117, 121, 182,
       87, 39, 29, 43, 198, 70, 253, 50, 63, 138, 182, 126, 242, 214, 54,
       212, 59, 150, 177, 38, 158, 136, 237, 9, 211, 184, 244, 169, 96,
       44, 20, 223, 202, 116, 1, 221, 146, 202, 21, 137, 202, 30, 128,
       12, 199, 166, 82, 140, 104, 26, 165, 81, 216, 48, 57, 88, 61, 148,
       58, 177, 133, 239, 203, 216, 16, 30, 165, 218, 32, 222, 32, 218,
       66, 131, 228, 203, 138, 124, 165, 111, 6, 196, 96, 115, 77, 151,
       19, 33, 81, 10, 50, 25, 210, 6, 220, 170, 80, 124, 201, 52, 242,
       126, 56, 45, 146, 20, 85, 238, 25, 173, 56, 21, 208, 29, 173, 8,
       16, 224, 51, 189, 92, 85, 33, 187, 4, 7, 0, 144, 0, 68, 4, 67, 36,
       68, 11, 4, 17, 110, 177, 100, 137, 80, 1, 98, 66, 32, 192, 98, 92,
       150, 148, 1, 0, 138, 18, 73, 214, 6, 85, 138, 0, 120, 75, 28, 32,
       48, 24, 35, 68, 20, 245, 106, 25, 172, 24, 5, 146, 25, 156, 8, 16,
       98, 51, 189, 72, 87, 33, 250, 8, 14, 167, 160, 0, 71, 161, 103,
       33, 196, 78, 5, 81, 53, 155, 164, 203, 92, 129, 96, 208, 1, 222,
       241, 89, 200, 12, 132, 64, 128, 59, 203, 229, 36, 81, 184, 17,
       106, 73, 44, 112, 20, 24, 166, 68, 20, 101, 232, 25, 44, 24, 5,
       240, 29, 156, 72, 16, 226, 35, 188, 72, 71, 32, 250, 131, 150, 84,
       119, 221, 160, 229, 24, 48, 57, 224, 123, 174, 91, 132, 17, 98,
       247, 133, 18, 231, 46, 139, 127, 34, 138, 99, 39, 222, 9, 33, 111,
       95, 231, 28, 50, 119, 185, 115, 182, 213, 102, 202, 79, 200, 1,
       217, 211, 8, 117, 24, 36, 228, 134, 143, 105, 17, 178, 183, 143,
       216, 119, 165, 125, 86, 33, 211, 148, 88, 130, 11, 110, 130, 226,
       83, 20, 81, 196, 147, 82, 226, 213, 1, 102, 138, 173, 206, 43, 12,
       138, 162, 15, 82, 8, 49, 111, 119, 39, 117, 187, 66, 126, 69, 86,
       16, 64, 24, 14, 67, 28, 193, 47, 153, 44, 24, 5, 112, 28, 148, 73,
       16, 242, 51, 185, 88, 6, 32, 242, 173, 190, 103, 163, 223, 245,
       167, 217, 188, 221, 206, 127, 173, 63, 251, 229, 227, 245, 31,
       100, 113, 3, 190, 116, 110, 252, 56, 45, 254, 26, 58, 187, 116,
       103, 95, 219, 82, 115, 13, 148, 213, 84, 24, 30, 69, 142, 88, 148,
       137, 61, 92, 4, 248, 159, 141, 73, 16, 244, 33, 156, 92, 15, 34,
       248, 187, 180, 117, 135, 223, 165, 131, 248, 254, 93, 182, 127,
       175, 59, 178, 117, 242, 245, 95, 52, 241, 67, 191, 116, 38, 168,
       108, 63, 254, 89, 81, 191, 253, 109, 30, 222, 82, 115, 13, 245,
       215, 87, 26, 158, 192, 98, 216, 21, 172, 53, 222, 12, 248, 182,
       141, 107, 56, 180, 38, 156, 218, 31, 38, 249, 54, 197, 92, 158,
