%YAML:1.0
descriptors: !!opencv-matrix
   rows: 48
   cols: 64
   dt: u
   data: [ 254, 249, 255, 254, 55, 127, 127, 127, 215, 245, 253, 251,
       255, 254, 182, 126, 255, 215, 115, 247, 247, 47, 227, 247, 205,
       255, 247, 255, 83, 223, 246, 235, 223, 44, 85, 190, 91, 120, 233,
       116, 122, 95, 57, 47, 213, 53, 247, 111, 153, 172, 24, 5, 240, 29,
       156, 73, 16, 242, 51, 189, 88, 87, 34, 250, 63, 190, 253, 255, 63,
       253, 255, 121, 253, 254, 255, 255, 253, 127, 253, 255, 251, 253,
       99, 251, 245, 119, 211, 119, 221, 255, 245, 191, 126, 255, 247,
       235, 223, 44, 215, 190, 223, 120, 249, 125, 120, 93, 123, 47, 213,
       117, 247, 111, 185, 174, 152, 15, 240, 29, 156, 89, 48, 242, 51,
       189, 122, 215, 40, 250, 12, 170, 207, 121, 59, 249, 160, 127, 57,
       186, 206, 253, 216, 119, 171, 233, 203, 220, 161, 99, 197, 37,
       206, 251, 77, 203, 128, 167, 92, 77, 51, 110, 223, 36, 85, 186,
       83, 122, 233, 116, 240, 92, 56, 47, 213, 23, 247, 107, 153, 172,
       24, 5, 240, 29, 156, 73, 16, 242, 51, 189, 88, 87, 32, 250, 191,
       182, 125, 163, 255, 181, 191, 249, 254, 255, 210, 127, 253, 111,
       179, 85, 242, 213, 67, 98, 249, 39, 203, 124, 204, 254, 244, 43,
       210, 31, 115, 239, 215, 44, 93, 190, 82, 120, 233, 116, 120, 92,
       56, 47, 213, 52, 245, 125, 153, 172, 24, 5, 240, 29, 156, 73, 16,
       242, 51, 189, 88, 87, 32, 250, 50, 253, 253, 222, 55, 221, 221,
       59, 231, 198, 157, 248, 125, 126, 60, 94, 255, 246, 98, 187, 151,
       126, 209, 231, 253, 247, 247, 125, 51, 190, 220, 41, 222, 124,
       199, 158, 202, 120, 250, 125, 52, 219, 189, 109, 181, 52, 245,
       110, 147, 174, 137, 79, 178, 25, 220, 93, 57, 243, 122, 255, 121,
       253, 236, 218, 189, 60, 246, 165, 152, 237, 161, 245, 61, 253, 78,
       119, 221, 63, 219, 228, 251, 220, 195, 98, 253, 130, 206, 248,
       123, 40, 52, 227, 252, 199, 123, 239, 125, 32, 85, 250, 87, 243,
       233, 124, 217, 84, 26, 182, 76, 39, 239, 117, 153, 44, 88, 37,
       240, 31, 156, 73, 18, 240, 51, 189, 90, 7, 32, 254, 190, 253, 251,
       254, 55, 125, 253, 143, 183, 222, 253, 250, 63, 110, 254, 221,
       255, 182, 39, 115, 119, 126, 244, 118, 245, 223, 243, 121, 95,
       250, 254, 169, 134, 108, 159, 254, 243, 125, 217, 125, 122, 223,
       245, 105, 246, 21, 245, 110, 217, 174, 26, 13, 250, 21, 252, 93,
       152, 242, 123, 191, 127, 223, 171, 250, 191, 254, 239, 233, 191,
       249, 217, 248, 190, 223, 246, 251, 239, 89, 206, 221, 249, 212,
       39, 123, 228, 70, 226, 112, 111, 255, 113, 123, 255, 31, 115, 123,
       223, 108, 221, 218, 86, 121, 233, 117, 113, 92, 58, 63, 213, 21,
       245, 109, 153, 189, 24, 5, 240, 157, 158, 73, 16, 242, 51, 189,
       88, 87, 36, 250, 39, 229, 105, 170, 55, 156, 21, 9, 167, 70, 45,
       248, 189, 63, 252, 85, 219, 246, 36, 113, 163, 114, 144, 103, 117,
       213, 165, 57, 54, 186, 84, 41, 134, 108, 215, 154, 226, 88, 233,
       124, 36, 219, 60, 233, 212, 80, 244, 46, 145, 172, 144, 12, 224,
       5, 254, 61, 56, 242, 50, 189, 88, 223, 40, 250, 189, 182, 119, 41,
       152, 116, 167, 244, 248, 189, 232, 255, 109, 63, 147, 229, 251,
       236, 195, 105, 249, 194, 127, 188, 205, 125, 61, 163, 253, 15, 99,
       255, 253, 192, 213, 190, 117, 176, 41, 124, 125, 84, 58, 182, 84,
       225, 90, 113, 184, 253, 124, 33, 240, 159, 140, 77, 166, 240, 135,
       140, 222, 215, 36, 254, 43, 207, 236, 234, 55, 255, 189, 95, 125,
       222, 220, 233, 127, 61, 110, 205, 155, 184, 227, 253, 245, 119,
       243, 119, 117, 127, 241, 181, 127, 246, 254, 225, 207, 104, 223,
       176, 255, 120, 249, 125, 124, 93, 58, 173, 215, 113, 247, 110,
       185, 174, 24, 13, 242, 29, 222, 93, 62, 243, 119, 189, 123, 219,
       40, 250, 189, 242, 117, 229, 61, 113, 249, 248, 220, 189, 218,
       119, 109, 29, 209, 240, 251, 220, 199, 107, 225, 42, 172, 124,
       173, 191, 119, 251, 222, 79, 115, 255, 117, 228, 189, 254, 118,
       249, 249, 245, 89, 68, 251, 62, 198, 161, 122, 125, 170, 181, 95,
       129, 248, 150, 142, 77, 132, 176, 175, 203, 220, 15, 36, 182, 204,
       174, 231, 129, 232, 253, 162, 241, 41, 253, 74, 79, 210, 53, 251,
       161, 139, 233, 239, 107, 252, 69, 94, 248, 89, 125, 29, 166, 236,
       199, 51, 215, 253, 209, 95, 41, 81, 251, 237, 46, 253, 20, 104,
       182, 245, 102, 250, 49, 153, 205, 24, 37, 215, 93, 156, 72, 22,
       220, 147, 165, 202, 87, 32, 254, 255, 253, 255, 255, 255, 255,
       127, 251, 253, 255, 252, 251, 255, 235, 246, 255, 251, 213, 127,
       103, 125, 215, 183, 61, 207, 255, 255, 191, 251, 95, 126, 187,
       243, 37, 84, 255, 86, 125, 245, 245, 122, 94, 58, 63, 221, 31,
       253, 253, 157, 173, 26, 5, 248, 191, 156, 73, 88, 246, 51, 189,
       94, 86, 34, 187, 253, 255, 255, 253, 246, 127, 251, 254, 253, 253,
       254, 191, 255, 255, 255, 238, 251, 221, 251, 111, 125, 207, 231,
       183, 223, 239, 190, 191, 255, 223, 126, 191, 243, 103, 117, 255,
       86, 127, 253, 252, 254, 95, 251, 62, 221, 175, 203, 246, 189, 173,
       95, 149, 248, 63, 159, 77, 120, 252, 123, 255, 95, 70, 34, 255,
       125, 55, 109, 170, 119, 191, 55, 127, 245, 92, 222, 53, 125, 63,
       253, 229, 242, 245, 91, 100, 241, 115, 145, 119, 92, 168, 172, 29,
       126, 92, 120, 233, 244, 100, 86, 186, 82, 114, 133, 244, 214, 223,
       26, 14, 80, 134, 192, 78, 153, 36, 24, 4, 240, 29, 159, 73, 24,
       246, 59, 188, 90, 70, 34, 249, 126, 241, 125, 170, 119, 191, 31,
       127, 247, 70, 213, 176, 125, 58, 188, 87, 242, 215, 83, 100, 241,
       115, 193, 55, 236, 168, 236, 29, 115, 88, 124, 169, 212, 44, 148,
       190, 66, 122, 129, 245, 146, 219, 29, 15, 208, 158, 196, 78, 159,
       172, 26, 5, 98, 29, 159, 73, 24, 242, 59, 188, 89, 94, 34, 249,
       124, 55, 125, 184, 114, 63, 35, 127, 245, 94, 210, 52, 93, 126,
       253, 198, 242, 212, 67, 100, 117, 112, 128, 183, 93, 168, 164,
       157, 122, 216, 124, 169, 242, 36, 85, 186, 82, 114, 129, 116, 190,
       95, 28, 14, 84, 134, 193, 78, 157, 44, 24, 4, 114, 29, 159, 73,
       16, 242, 59, 188, 89, 70, 34, 241, 190, 245, 121, 246, 55, 95, 93,
       11, 215, 208, 255, 241, 127, 22, 244, 246, 247, 146, 70, 219, 55,
       58, 245, 22, 189, 159, 231, 217, 67, 254, 244, 248, 162, 44, 102,
       254, 250, 122, 203, 253, 218, 223, 181, 105, 178, 87, 183, 110,
       169, 167, 215, 79, 250, 21, 191, 81, 16, 243, 115, 253, 123, 126,
       170, 186, 255, 244, 252, 190, 223, 167, 31, 28, 246, 103, 189,
       184, 63, 138, 166, 127, 242, 247, 30, 117, 233, 147, 243, 45, 198,
       235, 232, 31, 83, 57, 253, 109, 241, 45, 22, 191, 66, 113, 165,
       247, 82, 203, 92, 11, 209, 30, 192, 13, 157, 164, 26, 5, 96, 60,
       149, 67, 24, 182, 51, 188, 88, 86, 50, 249, 45, 35, 101, 240, 216,
       55, 99, 122, 244, 124, 194, 53, 77, 121, 153, 101, 226, 252, 195,
       98, 245, 106, 152, 247, 30, 42, 134, 133, 248, 196, 49, 203, 123,
       38, 87, 186, 85, 50, 81, 252, 220, 116, 154, 134, 64, 163, 195,
       79, 184, 44, 152, 8, 240, 29, 141, 73, 60, 242, 115, 159, 74, 22,
       33, 249, 20, 59, 211, 245, 56, 32, 248, 239, 194, 186, 83, 55,
       197, 70, 155, 114, 242, 198, 128, 106, 199, 44, 198, 91, 141, 138,
       242, 219, 66, 40, 247, 126, 119, 52, 125, 191, 84, 254, 203, 85,
       209, 76, 153, 78, 234, 132, 193, 127, 153, 172, 24, 71, 240, 30,
       156, 73, 128, 242, 51, 191, 92, 7, 35, 183, 146, 249, 89, 222, 34,
       95, 92, 35, 75, 197, 63, 222, 158, 246, 92, 250, 255, 211, 60,
       175, 7, 44, 129, 99, 233, 215, 243, 125, 39, 170, 214, 57, 146,
       52, 117, 218, 74, 88, 218, 117, 112, 221, 185, 111, 181, 30, 245,
       46, 131, 173, 17, 199, 184, 29, 158, 75, 81, 243, 48, 125, 88,
       117, 32, 250, 141, 206, 78, 41, 252, 248, 190, 240, 56, 255, 254,
       219, 202, 57, 75, 169, 137, 205, 189, 233, 233, 65, 174, 248, 105,
       125, 25, 178, 221, 7, 35, 95, 253, 240, 221, 105, 87, 241, 173,
       55, 249, 28, 106, 191, 215, 147, 222, 49, 155, 221, 30, 37, 221,
