%YAML:1.0
descriptors: !!opencv-matrix
   rows: 88
   cols: 64
   dt: u
   data: [ 63, 254, 125, 255, 190, 253, 255, 89, 255, 255, 221, 251, 253,
       127, 252, 93, 255, 255, 227, 251, 245, 119, 91, 255, 245, 255,
       247, 255, 127, 255, 255, 239, 223, 252, 223, 190, 255, 249, 249,
       127, 124, 93, 123, 175, 245, 117, 247, 111, 185, 254, 152, 15,
       246, 157, 156, 93, 62, 247, 247, 191, 251, 223, 108, 254, 254,
       249, 235, 221, 254, 247, 222, 245, 156, 251, 125, 222, 211, 198,
       243, 238, 235, 213, 63, 111, 79, 141, 238, 56, 111, 223, 191, 47,
       211, 15, 54, 62, 231, 39, 85, 251, 82, 125, 237, 118, 112, 92,
       112, 62, 223, 28, 253, 181, 157, 172, 26, 5, 249, 255, 156, 107,
       208, 248, 49, 189, 92, 87, 48, 250, 251, 254, 126, 239, 255, 255,
       223, 152, 255, 221, 188, 251, 175, 123, 230, 253, 247, 247, 60,
       191, 125, 87, 191, 124, 231, 255, 121, 127, 255, 123, 247, 191,
       191, 237, 222, 215, 255, 81, 253, 247, 119, 223, 107, 253, 221,
       91, 252, 53, 236, 159, 158, 45, 253, 231, 223, 255, 120, 252, 244,
       63, 254, 223, 190, 157, 204, 137, 239, 153, 206, 247, 167, 247,
       45, 229, 85, 158, 223, 252, 59, 206, 233, 221, 121, 103, 126, 133,
       230, 177, 91, 127, 184, 174, 241, 150, 50, 171, 223, 39, 85, 187,
       83, 120, 237, 116, 112, 93, 56, 47, 213, 28, 247, 165, 157, 172,
       24, 5, 241, 125, 156, 73, 80, 244, 49, 189, 88, 87, 32, 250, 193,
       15, 134, 117, 232, 102, 231, 246, 56, 253, 110, 75, 130, 217, 2,
       175, 239, 205, 61, 111, 126, 143, 238, 51, 75, 127, 191, 174, 208,
       2, 34, 63, 243, 39, 116, 249, 83, 52, 237, 244, 89, 124, 56, 190,
       201, 40, 219, 229, 137, 172, 92, 145, 209, 126, 156, 201, 81, 252,
       49, 159, 92, 87, 17, 250, 62, 182, 253, 190, 63, 247, 191, 127,
       246, 254, 213, 181, 125, 126, 191, 87, 255, 254, 99, 114, 245, 51,
       211, 119, 205, 255, 244, 239, 82, 93, 247, 235, 223, 44, 87, 190,
       83, 120, 233, 116, 120, 93, 56, 47, 213, 53, 247, 111, 153, 172,
       24, 5, 240, 29, 156, 73, 16, 242, 51, 189, 88, 87, 32, 250, 55,
       182, 125, 142, 63, 221, 157, 60, 255, 254, 151, 253, 189, 63, 253,
       213, 255, 246, 98, 185, 213, 114, 211, 119, 237, 181, 245, 123,
       126, 91, 215, 107, 223, 108, 87, 190, 222, 120, 233, 125, 112, 93,
       43, 47, 212, 180, 245, 111, 153, 172, 24, 5, 240, 29, 156, 73, 48,
       242, 50, 189, 90, 215, 32, 250, 45, 166, 101, 163, 221, 253, 163,
       88, 252, 125, 194, 127, 237, 63, 249, 229, 235, 245, 203, 96, 241,
       99, 155, 124, 85, 252, 29, 39, 254, 95, 51, 223, 213, 100, 95,
       186, 118, 122, 237, 60, 253, 84, 26, 175, 85, 193, 252, 97, 184,
       188, 24, 1, 240, 29, 156, 73, 16, 242, 55, 189, 218, 87, 32, 250,
       41, 198, 108, 172, 47, 253, 185, 89, 189, 220, 134, 197, 153, 125,
       124, 69, 137, 252, 227, 99, 244, 98, 80, 115, 85, 191, 149, 50,
       124, 214, 53, 195, 223, 120, 87, 184, 243, 120, 232, 60, 124, 92,
       58, 175, 212, 113, 247, 107, 185, 172, 24, 13, 240, 29, 156, 73,
       50, 242, 55, 189, 90, 87, 40, 250, 47, 50, 97, 163, 221, 176, 171,
       92, 252, 59, 194, 113, 233, 75, 161, 81, 226, 213, 3, 96, 225, 35,
       203, 125, 76, 136, 40, 47, 86, 13, 49, 111, 87, 36, 92, 186, 82,
       120, 169, 118, 208, 68, 26, 14, 208, 5, 209, 95, 152, 172, 24, 5,
       240, 29, 156, 73, 16, 242, 51, 188, 88, 87, 32, 248, 126, 57, 255,
       222, 50, 7, 89, 111, 214, 230, 213, 180, 127, 226, 182, 94, 250,
       212, 98, 103, 23, 189, 193, 55, 157, 138, 230, 29, 82, 252, 116,
       232, 211, 36, 52, 190, 210, 124, 211, 117, 80, 203, 181, 111, 242,
       20, 225, 110, 155, 172, 24, 71, 240, 29, 156, 73, 16, 242, 123,
       251, 89, 86, 35, 251, 63, 187, 237, 254, 63, 189, 221, 62, 127,
       254, 255, 241, 253, 127, 61, 95, 253, 255, 97, 251, 245, 117, 211,
       243, 205, 255, 241, 255, 122, 221, 245, 235, 223, 36, 87, 186,
       223, 120, 249, 125, 112, 93, 59, 47, 213, 21, 247, 111, 153, 172,
       24, 5, 240, 29, 156, 73, 16, 242, 51, 189, 90, 87, 32, 250, 188,
       249, 255, 247, 183, 237, 249, 251, 223, 157, 215, 255, 255, 218,
       208, 126, 250, 215, 127, 127, 255, 46, 227, 255, 191, 186, 247,
       255, 94, 255, 246, 190, 206, 111, 44, 255, 223, 127, 249, 253,
       217, 221, 247, 95, 235, 37, 187, 127, 175, 183, 219, 207, 248,
       190, 156, 69, 100, 246, 119, 251, 255, 63, 165, 191, 255, 254,
       255, 111, 254, 245, 187, 252, 252, 191, 240, 249, 239, 11, 147,
       221, 250, 239, 251, 123, 249, 67, 255, 189, 175, 171, 254, 255,
       223, 93, 231, 254, 125, 237, 190, 255, 255, 181, 185, 247, 223,
       78, 123, 158, 219, 225, 219, 117, 188, 255, 94, 163, 228, 190,
       157, 125, 212, 182, 183, 222, 254, 223, 42, 183, 61, 189, 253,
       252, 63, 253, 253, 127, 253, 254, 253, 253, 253, 127, 191, 127,
       251, 253, 99, 115, 245, 119, 211, 247, 221, 255, 245, 255, 122,
       95, 247, 235, 223, 44, 87, 190, 215, 120, 249, 125, 120, 93, 59,
       47, 213, 53, 247, 111, 153, 172, 24, 5, 240, 29, 156, 73, 16, 242,
       51, 189, 90, 87, 40, 250, 255, 118, 113, 35, 221, 160, 39, 72,
       218, 59, 232, 123, 231, 139, 128, 83, 115, 167, 175, 81, 233, 134,
       27, 92, 196, 221, 121, 175, 210, 63, 225, 254, 11, 173, 204, 191,
       125, 188, 37, 119, 104, 68, 98, 233, 199, 97, 62, 213, 232, 247,
       8, 34, 228, 182, 110, 97, 36, 184, 151, 156, 190, 215, 244, 30,
       191, 240, 80, 62, 184, 104, 124, 0, 115, 56, 253, 187, 108, 103,
       196, 122, 255, 170, 167, 210, 237, 168, 41, 158, 196, 95, 243,
       251, 203, 39, 231, 246, 155, 172, 37, 246, 191, 145, 233, 127,
       105, 220, 123, 235, 245, 81, 191, 111, 169, 230, 74, 67, 252, 30,
       88, 105, 30, 179, 159, 177, 184, 99, 224, 78, 126, 255, 210, 218,
       210, 219, 70, 7, 107, 66, 41, 248, 54, 246, 236, 216, 255, 147,
       60, 134, 7, 61, 53, 7, 211, 215, 123, 109, 7, 234, 214, 32, 130,
       7, 71, 159, 8, 84, 255, 116, 32, 223, 52, 97, 29, 220, 245, 174,
       213, 165, 70, 86, 162, 101, 98, 235, 208, 255, 66, 37, 89, 121,
       241, 74, 189, 242, 85, 246, 252, 184, 121, 112, 114, 61, 117, 115,
       238, 83, 148, 81, 118, 207, 141, 105, 227, 108, 129, 255, 170,
       170, 226, 223, 126, 33, 229, 237, 87, 229, 188, 182, 111, 185,
       177, 247, 223, 202, 155, 95, 232, 129, 219, 79, 136, 247, 13, 67,
       108, 166, 159, 77, 22, 183, 179, 143, 248, 55, 167, 189, 60, 62,
       112, 118, 185, 248, 44, 69, 121, 122, 234, 53, 116, 119, 233, 245,
       255, 138, 163, 194, 245, 32, 61, 158, 215, 95, 241, 235, 207, 231,
       235, 230, 77, 128, 71, 52, 181, 178, 233, 116, 108, 92, 114, 183,
       245, 199, 183, 111, 184, 239, 124, 59, 246, 29, 218, 73, 134, 243,
       151, 165, 250, 115, 169, 78, 62, 48, 241, 38, 255, 32, 59, 109,
       198, 32, 209, 55, 253, 14, 146, 84, 250, 150, 67, 80, 225, 139,
       203, 124, 190, 152, 252, 155, 210, 249, 247, 238, 5, 173, 47, 223,
       238, 49, 33, 95, 9, 193, 215, 75, 205, 109, 173, 29, 238, 182,
       219, 137, 98, 182, 182, 113, 232, 178, 253, 217, 191, 15, 180, 86,
       201, 206, 206, 120, 73, 122, 102, 199, 57, 122, 234, 141, 14, 245,
       77, 175, 141, 41, 189, 250, 228, 237, 61, 59, 87, 95, 19, 182,
       233, 71, 43, 214, 219, 211, 65, 33, 117, 166, 252, 42, 110, 60,
       250, 245, 87, 211, 119, 235, 253, 201, 60, 84, 197, 125, 234, 140,
       223, 205, 199, 183, 150, 243, 219, 6, 29, 251, 117, 120, 16, 120,
       231, 204, 233, 130, 232, 188, 101, 103, 205, 249, 251, 140, 163,
       70, 103, 104, 4, 150, 197, 223, 115, 233, 67, 14, 98, 184, 222, 6,
       69, 158, 16, 48, 249, 116, 46, 124, 184, 103, 117, 247, 119, 110,
       153, 172, 40, 101, 240, 29, 68, 73, 156, 242, 79, 175, 24, 103,
       227, 82, 126, 57, 243, 247, 223, 103, 251, 254, 214, 132, 215, 53,
       125, 202, 155, 244, 242, 215, 91, 86, 119, 171, 231, 55, 190, 170,
       230, 141, 210, 252, 254, 174, 103, 47, 37, 223, 222, 119, 221,
