%YAML:1.0
descriptors: !!opencv-matrix
   rows: 98
   cols: 64
   dt: u
   data: [ 62, 148, 236, 174, 63, 253, 149, 61, 183, 252, 220, 253, 189,
       62, 61, 85, 253, 254, 99, 243, 245, 118, 211, 119, 125, 255, 245,
       127, 122, 223, 245, 235, 223, 44, 87, 190, 223, 120, 233, 124,
       120, 93, 122, 47, 213, 117, 247, 111, 185, 172, 152, 13, 240, 29,
       156, 73, 48, 242, 55, 189, 90, 87, 44, 250, 62, 185, 255, 254, 62,
       255, 253, 127, 247, 254, 255, 245, 125, 126, 191, 254, 255, 222,
       99, 123, 245, 119, 211, 247, 253, 255, 245, 255, 127, 255, 247,
       235, 207, 44, 87, 190, 223, 120, 249, 125, 120, 93, 115, 47, 245,
       53, 247, 111, 155, 174, 152, 15, 240, 29, 156, 89, 16, 242, 123,
       189, 123, 223, 40, 250, 61, 187, 125, 246, 63, 189, 251, 120, 254,
       252, 254, 117, 253, 123, 248, 245, 246, 255, 67, 115, 245, 98,
       193, 119, 237, 170, 224, 223, 126, 93, 245, 235, 255, 36, 85, 190,
       87, 122, 249, 244, 248, 92, 58, 47, 212, 23, 247, 111, 153, 172,
       24, 5, 240, 29, 157, 73, 16, 242, 51, 189, 90, 87, 32, 250, 60,
       245, 125, 254, 63, 191, 255, 127, 247, 220, 252, 245, 125, 126,
       188, 117, 247, 254, 67, 115, 245, 114, 209, 247, 253, 238, 228,
       223, 123, 220, 245, 235, 223, 44, 87, 190, 211, 120, 233, 124,
       122, 95, 58, 47, 212, 53, 247, 111, 153, 172, 24, 13, 240, 29,
       156, 73, 16, 242, 51, 189, 90, 87, 34, 250, 62, 176, 125, 172, 63,
       253, 189, 125, 255, 252, 222, 253, 253, 62, 188, 118, 253, 222,
       67, 243, 245, 114, 194, 246, 253, 191, 245, 251, 122, 223, 247,
       235, 223, 44, 87, 190, 223, 120, 233, 125, 120, 93, 123, 47, 212,
       53, 247, 111, 185, 172, 152, 5, 240, 29, 156, 73, 16, 242, 51,
       189, 90, 87, 32, 250, 60, 245, 125, 255, 54, 253, 253, 253, 255,
       254, 253, 249, 125, 122, 255, 254, 255, 254, 99, 107, 245, 114,
       215, 246, 253, 175, 247, 251, 127, 223, 255, 235, 223, 44, 215,
       190, 215, 120, 249, 125, 250, 95, 251, 47, 244, 55, 247, 111, 155,
       172, 152, 13, 240, 29, 157, 93, 16, 242, 123, 189, 123, 223, 42,
       251, 252, 55, 247, 245, 126, 55, 249, 255, 244, 252, 214, 115,
       239, 251, 147, 84, 250, 221, 235, 99, 245, 111, 211, 247, 222,
       251, 246, 255, 254, 220, 245, 239, 223, 110, 86, 190, 223, 120,
       249, 125, 124, 93, 187, 143, 193, 33, 211, 79, 185, 172, 153, 9,
       240, 29, 156, 89, 44, 246, 115, 159, 250, 87, 44, 254, 31, 48,
       209, 54, 30, 36, 9, 70, 214, 46, 16, 17, 85, 202, 176, 83, 226,
       212, 3, 98, 193, 162, 193, 55, 76, 138, 164, 11, 82, 12, 113, 107,
       211, 36, 84, 186, 82, 120, 97, 116, 80, 76, 24, 15, 208, 20, 225,
       79, 153, 172, 24, 5, 240, 28, 156, 73, 16, 242, 51, 189, 88, 86,
       32, 248, 62, 244, 125, 174, 191, 189, 221, 25, 255, 95, 213, 251,
       189, 122, 180, 85, 242, 246, 71, 115, 245, 118, 211, 118, 252,
       190, 229, 59, 126, 123, 245, 235, 215, 44, 214, 190, 218, 121,
       233, 117, 120, 223, 127, 47, 212, 21, 245, 111, 153, 172, 24, 5,
       240, 29, 156, 73, 16, 242, 51, 189, 122, 95, 40, 251, 62, 49, 112,
       244, 63, 34, 126, 102, 86, 104, 209, 49, 116, 66, 144, 82, 254,
       222, 3, 98, 231, 40, 193, 119, 204, 154, 226, 207, 82, 44, 245,
       235, 215, 36, 20, 190, 83, 120, 225, 116, 120, 76, 25, 15, 208,
       21, 195, 79, 153, 172, 24, 5, 240, 28, 156, 73, 16, 242, 51, 189,
       88, 87, 32, 250, 61, 54, 244, 168, 63, 255, 163, 95, 116, 252,
       238, 53, 125, 127, 171, 117, 251, 252, 227, 98, 245, 97, 219, 127,
       197, 237, 224, 239, 122, 87, 243, 231, 223, 32, 87, 190, 119, 120,
       233, 116, 124, 93, 122, 47, 213, 21, 247, 111, 185, 172, 24, 5,
       240, 29, 156, 73, 22, 242, 55, 189, 90, 87, 32, 250, 61, 54, 245,
       244, 60, 183, 185, 126, 244, 254, 210, 53, 109, 123, 145, 71, 242,
       236, 195, 107, 245, 102, 208, 247, 221, 170, 164, 159, 120, 212,
       113, 235, 223, 44, 215, 190, 223, 56, 225, 125, 252, 92, 59, 142,
       208, 225, 195, 111, 184, 172, 152, 11, 240, 29, 156, 89, 36, 242,
       19, 157, 122, 215, 44, 250, 13, 38, 229, 168, 26, 253, 161, 116,
       52, 254, 194, 53, 89, 63, 187, 196, 201, 120, 67, 96, 241, 97,
       194, 243, 93, 125, 144, 129, 104, 142, 51, 203, 221, 36, 85, 186,
       83, 120, 233, 124, 124, 92, 56, 47, 85, 21, 247, 111, 153, 172,
       24, 5, 240, 29, 156, 73, 16, 242, 51, 189, 88, 87, 32, 250, 60,
       59, 255, 252, 54, 117, 249, 255, 245, 254, 214, 181, 125, 254,
       187, 246, 251, 220, 99, 107, 245, 116, 198, 183, 221, 170, 164,
       153, 90, 220, 118, 235, 247, 36, 85, 186, 86, 122, 233, 116, 248,
       93, 57, 46, 212, 149, 225, 111, 153, 172, 24, 5, 240, 29, 156, 73,
       16, 242, 59, 189, 89, 87, 32, 250, 13, 6, 101, 33, 25, 48, 161,
       220, 160, 190, 194, 53, 64, 9, 131, 67, 194, 92, 131, 96, 224, 2,
       204, 112, 76, 136, 136, 131, 80, 4, 49, 91, 117, 4, 85, 186, 81,
       122, 1, 116, 216, 84, 24, 14, 80, 5, 66, 105, 25, 44, 24, 5, 240,
       29, 156, 72, 16, 226, 51, 188, 72, 87, 32, 250, 5, 38, 113, 160,
       16, 196, 39, 68, 0, 76, 194, 21, 64, 37, 153, 66, 235, 76, 131,
       96, 193, 0, 200, 16, 76, 156, 24, 129, 2, 14, 49, 9, 80, 4, 85,
       186, 16, 112, 5, 84, 36, 84, 24, 38, 68, 132, 100, 228, 24, 44,
       56, 4, 240, 28, 140, 73, 0, 224, 3, 172, 72, 71, 32, 242, 13, 38,
       117, 168, 16, 252, 39, 72, 164, 70, 234, 48, 209, 41, 253, 69,
       203, 124, 163, 96, 225, 64, 152, 112, 77, 221, 25, 33, 80, 14, 51,
       73, 212, 4, 85, 186, 16, 120, 45, 124, 52, 84, 56, 39, 84, 16,
       116, 229, 153, 172, 24, 4, 240, 29, 140, 9, 16, 224, 35, 188, 88,
       87, 32, 242, 151, 113, 81, 22, 221, 0, 13, 8, 194, 9, 49, 115,
       173, 75, 132, 81, 98, 214, 4, 96, 193, 40, 128, 102, 14, 138, 226,
       11, 146, 40, 97, 109, 114, 36, 28, 186, 66, 112, 1, 212, 67, 74,
       24, 10, 192, 20, 200, 79, 128, 36, 16, 4, 96, 26, 141, 73, 16, 50,
       51, 156, 88, 70, 34, 185, 54, 241, 201, 158, 54, 157, 221, 11,
       247, 196, 21, 250, 191, 122, 180, 94, 250, 215, 36, 99, 135, 52,
       193, 103, 125, 214, 181, 63, 82, 186, 84, 105, 215, 44, 23, 154,
       202, 120, 235, 124, 112, 223, 61, 47, 149, 20, 245, 111, 153, 172,
       24, 5, 240, 29, 156, 73, 16, 242, 51, 189, 88, 87, 32, 250, 183,
       50, 81, 134, 157, 160, 3, 88, 210, 89, 160, 115, 165, 91, 128, 81,
       98, 214, 5, 96, 193, 40, 136, 114, 140, 138, 96, 11, 214, 8, 97,
       109, 114, 36, 28, 186, 66, 112, 1, 212, 211, 194, 26, 14, 192, 0,
       200, 79, 136, 53, 88, 4, 104, 26, 143, 73, 16, 114, 51, 156, 88,
       6, 34, 185, 44, 47, 239, 252, 50, 127, 241, 127, 245, 252, 214,
       149, 93, 253, 187, 230, 155, 252, 195, 107, 244, 117, 212, 179,
       93, 170, 132, 148, 124, 212, 125, 235, 255, 32, 87, 186, 215, 122,
       249, 124, 252, 93, 59, 38, 212, 167, 195, 111, 187, 172, 157, 13,
       242, 29, 157, 93, 52, 242, 115, 189, 91, 215, 40, 250, 21, 50, 81,
       165, 217, 160, 163, 120, 210, 25, 194, 117, 229, 83, 128, 81, 98,
       213, 133, 96, 193, 40, 138, 112, 12, 136, 104, 15, 214, 8, 33,
       111, 87, 37, 92, 186, 20, 242, 1, 212, 209, 84, 26, 6, 192, 4,
       200, 71, 136, 52, 88, 36, 240, 28, 143, 73, 16, 242, 51, 140, 88,
       7, 36, 249, 62, 185, 255, 255, 54, 253, 253, 127, 255, 255, 255,
       249, 255, 126, 191, 254, 255, 215, 115, 251, 245, 127, 211, 247,
       253, 255, 247, 255, 127, 255, 247, 235, 223, 108, 71, 190, 223,
       121, 249, 125, 120, 221, 255, 47, 245, 53, 247, 111, 187, 174,
       153, 15, 240, 29, 156, 93, 52, 243, 123, 255, 123, 223, 40, 250,
       247, 185, 255, 214, 55, 143, 223, 122, 255, 213, 191, 251, 191,
       255, 182, 94, 255, 215, 114, 39, 215, 47, 195, 119, 205, 255, 247,
       127, 114, 152, 214, 107, 215, 38, 85, 190, 82, 120, 251, 124, 112,
       92, 184, 47, 213, 20, 245, 111, 153, 172, 24, 5, 240, 29, 156, 73,
       16, 242, 51, 189, 88, 87, 32, 250, 45, 142, 239, 233, 54, 245,
       185, 253, 189, 254, 214, 221, 221, 61, 187, 230, 137, 252, 195,
