%YAML:1.0
descriptors: !!opencv-matrix
   rows: 117
   cols: 64
   dt: u
   data: [ 63, 255, 125, 238, 54, 253, 253, 123, 247, 222, 252, 241, 125,
       63, 252, 221, 255, 254, 231, 249, 245, 118, 209, 247, 253, 191,
       229, 249, 127, 254, 253, 233, 222, 108, 223, 190, 255, 120, 249,
       125, 127, 223, 63, 47, 212, 245, 247, 111, 187, 191, 152, 15, 242,
       29, 158, 93, 62, 242, 119, 189, 123, 223, 44, 250, 62, 246, 109,
       170, 55, 253, 159, 61, 255, 222, 222, 252, 253, 62, 125, 245, 221,
       254, 67, 249, 245, 114, 211, 244, 253, 245, 117, 251, 127, 223,
       255, 235, 221, 76, 223, 174, 255, 122, 233, 121, 124, 93, 127, 45,
       212, 181, 246, 111, 187, 190, 153, 15, 242, 29, 222, 93, 62, 242,
       63, 253, 251, 219, 108, 250, 63, 178, 253, 182, 63, 253, 189, 124,
       255, 254, 222, 245, 253, 127, 185, 87, 251, 255, 67, 115, 245,
       103, 211, 127, 205, 254, 244, 255, 122, 223, 247, 239, 215, 44,
       87, 190, 95, 120, 233, 124, 120, 92, 58, 47, 213, 53, 247, 111,
       153, 172, 24, 5, 240, 29, 156, 73, 16, 242, 51, 189, 90, 87, 32,
       250, 62, 177, 125, 182, 62, 181, 253, 121, 244, 220, 215, 115,
       253, 127, 176, 84, 251, 221, 99, 99, 245, 102, 195, 246, 220, 254,
       181, 187, 122, 222, 119, 235, 215, 44, 87, 190, 91, 120, 233, 124,
       120, 92, 56, 47, 213, 53, 247, 111, 153, 172, 24, 5, 240, 29, 156,
       73, 16, 242, 51, 189, 88, 87, 32, 250, 191, 255, 125, 255, 55,
       189, 253, 121, 255, 223, 253, 250, 255, 123, 244, 95, 246, 247,
       103, 107, 247, 126, 209, 119, 221, 255, 247, 251, 126, 94, 247,
       251, 215, 36, 85, 190, 210, 120, 249, 117, 122, 95, 185, 47, 213,
       21, 245, 111, 153, 172, 24, 5, 240, 29, 156, 73, 16, 242, 115,
       191, 88, 87, 32, 250, 189, 191, 125, 245, 191, 253, 253, 120, 254,
       255, 254, 255, 253, 127, 250, 117, 255, 255, 99, 99, 245, 102,
       211, 246, 205, 255, 245, 251, 126, 95, 243, 235, 223, 44, 87, 190,
       83, 120, 233, 116, 120, 92, 58, 47, 213, 117, 247, 111, 153, 172,
       24, 5, 240, 29, 156, 73, 16, 242, 51, 189, 90, 87, 32, 250, 28,
       49, 243, 148, 48, 135, 120, 119, 66, 128, 215, 21, 85, 196, 147,
       82, 250, 200, 67, 103, 199, 45, 195, 211, 141, 10, 166, 205, 64,
       140, 180, 232, 87, 36, 117, 190, 30, 122, 193, 84, 80, 92, 177,
       46, 225, 20, 195, 110, 155, 172, 25, 71, 240, 29, 28, 73, 0, 242,
       51, 249, 88, 23, 32, 250, 60, 43, 255, 248, 50, 127, 177, 255,
       245, 252, 222, 181, 93, 191, 251, 238, 251, 220, 195, 107, 117,
       240, 228, 182, 93, 169, 180, 153, 105, 220, 126, 235, 253, 36,
       117, 186, 86, 122, 217, 124, 254, 93, 56, 62, 84, 183, 97, 108,
       155, 172, 223, 13, 242, 29, 157, 77, 16, 242, 43, 252, 91, 86, 34,
       250, 11, 150, 84, 35, 253, 176, 163, 88, 48, 27, 192, 115, 172,
       91, 128, 81, 98, 247, 1, 208, 225, 98, 139, 124, 68, 152, 96, 47,
       222, 12, 225, 103, 95, 100, 220, 190, 115, 56, 41, 117, 77, 70,
       26, 15, 208, 65, 210, 79, 152, 188, 24, 5, 240, 28, 220, 73, 16,
       178, 183, 156, 88, 87, 36, 121, 189, 254, 255, 247, 62, 253, 249,
       253, 253, 253, 254, 255, 255, 127, 254, 253, 251, 252, 103, 107,
       245, 126, 243, 255, 237, 255, 245, 187, 127, 95, 119, 239, 223,
       108, 87, 190, 215, 122, 249, 245, 254, 93, 123, 47, 212, 55, 247,
       111, 153, 172, 24, 13, 240, 29, 157, 73, 16, 242, 115, 191, 218,
       87, 36, 250, 31, 179, 223, 247, 63, 177, 253, 120, 119, 191, 213,
       251, 255, 126, 178, 83, 251, 223, 97, 243, 229, 117, 195, 115,
       205, 255, 243, 255, 90, 79, 247, 235, 215, 36, 85, 186, 91, 120,
       249, 116, 112, 93, 120, 47, 213, 21, 247, 111, 153, 172, 24, 5,
       240, 29, 156, 73, 16, 242, 51, 189, 88, 87, 32, 250, 186, 217,
       254, 246, 63, 185, 253, 58, 119, 123, 252, 251, 191, 126, 164, 93,
       255, 215, 37, 243, 229, 62, 195, 127, 231, 223, 243, 127, 90, 95,
       247, 239, 223, 36, 85, 190, 119, 120, 233, 117, 112, 221, 126, 47,
       213, 21, 247, 111, 153, 174, 24, 5, 240, 29, 156, 73, 16, 242, 55,
       189, 88, 87, 32, 250, 62, 189, 255, 254, 63, 253, 253, 127, 247,
       254, 254, 247, 255, 126, 190, 125, 251, 255, 99, 99, 245, 127,
       211, 119, 253, 255, 247, 251, 122, 223, 247, 235, 215, 44, 87,
       190, 215, 120, 249, 125, 120, 93, 59, 47, 213, 53, 247, 111, 153,
       172, 24, 5, 240, 29, 156, 89, 16, 242, 115, 189, 90, 87, 40, 250,
       31, 181, 221, 50, 55, 177, 188, 126, 210, 154, 214, 245, 252, 86,
       169, 81, 234, 222, 3, 115, 197, 38, 195, 119, 205, 154, 240, 203,
       82, 12, 177, 106, 223, 36, 85, 190, 83, 120, 233, 116, 120, 92,
       56, 47, 212, 21, 247, 111, 153, 172, 24, 5, 240, 29, 156, 73, 16,
       242, 51, 189, 88, 87, 32, 250, 189, 188, 253, 255, 62, 253, 255,
       113, 127, 255, 87, 219, 221, 122, 190, 92, 251, 223, 97, 99, 245,
       117, 195, 122, 205, 255, 177, 255, 122, 95, 247, 235, 215, 36, 85,
       186, 83, 120, 233, 117, 112, 93, 121, 47, 213, 20, 247, 111, 153,
       172, 24, 5, 240, 29, 156, 73, 16, 242, 51, 189, 88, 87, 32, 250,
       190, 252, 127, 255, 190, 253, 255, 249, 255, 255, 253, 251, 255,
       122, 254, 255, 247, 247, 127, 123, 252, 119, 242, 126, 253, 255,
       247, 251, 127, 251, 119, 255, 247, 108, 214, 254, 222, 121, 249,
       253, 250, 223, 255, 63, 213, 55, 245, 111, 191, 173, 152, 13, 248,
       29, 157, 93, 16, 246, 115, 191, 251, 223, 42, 255, 190, 249, 255,
       254, 55, 189, 221, 59, 215, 255, 245, 248, 255, 218, 180, 94, 255,
       215, 118, 251, 183, 126, 243, 127, 189, 255, 247, 255, 127, 255,
       244, 235, 207, 238, 174, 254, 255, 125, 251, 253, 122, 223, 247,
       109, 243, 53, 183, 111, 255, 190, 155, 207, 250, 181, 254, 85,
       120, 179, 255, 251, 187, 255, 239, 223, 29, 178, 221, 167, 62,
       249, 191, 112, 120, 191, 214, 255, 252, 63, 171, 65, 239, 223, 97,
       227, 229, 101, 195, 242, 201, 126, 241, 254, 124, 7, 243, 235,
       223, 36, 85, 186, 91, 120, 233, 116, 124, 92, 56, 47, 213, 53,
       247, 111, 153, 172, 24, 5, 240, 29, 156, 73, 16, 242, 51, 189, 88,
       87, 32, 250, 191, 254, 255, 239, 254, 253, 191, 249, 253, 255,
       252, 251, 255, 127, 254, 253, 251, 253, 127, 107, 253, 119, 191,
       124, 255, 255, 253, 191, 255, 95, 119, 255, 247, 108, 215, 190,
       223, 121, 249, 253, 126, 93, 122, 63, 213, 55, 247, 109, 157, 173,
       28, 13, 242, 29, 156, 77, 16, 246, 51, 189, 218, 223, 40, 254, 50,
       149, 89, 150, 55, 141, 213, 9, 230, 68, 21, 240, 189, 122, 52, 85,
       246, 214, 0, 115, 198, 38, 193, 103, 200, 150, 229, 105, 18, 58,
       213, 105, 150, 44, 85, 158, 74, 88, 235, 116, 112, 89, 56, 47,
       212, 20, 245, 111, 145, 172, 24, 5, 240, 25, 156, 73, 16, 242, 50,
       189, 88, 87, 32, 250, 63, 187, 255, 198, 55, 189, 157, 122, 246,
       220, 150, 243, 255, 127, 184, 85, 250, 245, 99, 51, 245, 103, 195,
       119, 77, 254, 244, 63, 126, 92, 117, 107, 215, 44, 85, 190, 86,
       120, 233, 117, 112, 92, 58, 47, 213, 20, 245, 111, 153, 172, 24,
       5, 240, 29, 156, 73, 16, 242, 51, 189, 88, 87, 32, 250, 55, 181,
       253, 158, 55, 159, 221, 123, 247, 84, 149, 240, 191, 123, 180, 93,
       254, 247, 98, 55, 213, 119, 209, 119, 221, 246, 229, 125, 114,
       152, 212, 105, 223, 44, 87, 190, 210, 120, 233, 124, 112, 93, 56,
       47, 213, 52, 245, 111, 153, 172, 24, 13, 240, 29, 156, 73, 48,
       242, 51, 189, 88, 87, 32, 250, 45, 166, 237, 168, 31, 189, 163,
       125, 180, 254, 210, 53, 217, 63, 185, 69, 136, 124, 67, 96, 241,
       99, 218, 241, 93, 168, 132, 135, 88, 92, 49, 203, 221, 44, 87,
       186, 83, 120, 169, 124, 120, 92, 58, 175, 213, 117, 247, 107, 153,
       172, 24, 5, 240, 29, 156, 73, 16, 226, 51, 189, 90, 87, 40, 250,
       50, 209, 93, 222, 39, 157, 93, 9, 246, 68, 21, 210, 189, 122, 52,
       84, 246, 214, 36, 51, 198, 62, 129, 103, 248, 150, 231, 121, 50,
       186, 213, 41, 150, 44, 21, 158, 202, 88, 251, 124, 112, 219, 61,
