%YAML:1.0
descriptors: !!opencv-matrix
   rows: 23
   cols: 64
   dt: u
   data: [ 255, 156, 254, 255, 255, 247, 219, 221, 62, 239, 145, 254,
       191, 234, 191, 93, 255, 247, 57, 247, 207, 39, 211, 121, 71, 223,
       251, 111, 210, 31, 243, 111, 215, 37, 87, 187, 82, 121, 237, 118,
       112, 92, 56, 47, 213, 28, 253, 63, 157, 172, 24, 5, 240, 29, 156,
       73, 16, 246, 51, 189, 88, 87, 32, 250, 255, 253, 239, 255, 255,
       255, 255, 254, 253, 255, 253, 255, 255, 255, 254, 255, 251, 213,
       127, 111, 127, 223, 239, 63, 111, 255, 187, 191, 255, 95, 126,
       191, 215, 103, 125, 251, 214, 125, 253, 119, 122, 255, 251, 127,
       223, 159, 253, 183, 221, 173, 94, 181, 217, 255, 158, 239, 208,
       252, 121, 255, 223, 95, 179, 255, 253, 255, 255, 255, 255, 255,
       255, 255, 255, 127, 253, 255, 255, 255, 254, 252, 255, 223, 255,
       111, 255, 255, 251, 255, 255, 255, 255, 255, 255, 255, 255, 239,
       223, 255, 253, 255, 247, 255, 255, 255, 127, 255, 251, 127, 255,
       191, 255, 255, 255, 247, 255, 255, 237, 255, 159, 255, 255, 255,
       255, 239, 255, 255, 191, 255, 124, 233, 255, 253, 50, 127, 253,
       247, 221, 252, 255, 189, 95, 244, 255, 238, 155, 217, 251, 111,
       63, 253, 246, 151, 253, 127, 151, 245, 105, 255, 126, 234, 207,
       27, 103, 239, 254, 255, 251, 125, 120, 61, 247, 119, 191, 183, 55,
       238, 255, 170, 239, 223, 243, 125, 56, 92, 103, 239, 127, 251,
       251, 249, 205, 254, 58, 153, 253, 220, 55, 253, 217, 127, 183,
       220, 215, 213, 93, 120, 60, 94, 252, 214, 98, 187, 244, 54, 192,
       247, 253, 170, 228, 90, 120, 220, 245, 235, 223, 60, 87, 188, 222,
       120, 232, 125, 112, 93, 59, 47, 212, 52, 245, 111, 185, 172, 153,
       5, 240, 29, 156, 73, 16, 242, 51, 189, 122, 87, 32, 250, 61, 190,
       237, 236, 55, 253, 189, 127, 245, 222, 215, 241, 125, 63, 188,
       198, 187, 252, 227, 107, 245, 118, 208, 247, 125, 191, 165, 179,
       126, 222, 117, 235, 223, 44, 87, 190, 214, 120, 233, 125, 120, 93,
       59, 47, 244, 53, 245, 111, 187, 172, 153, 13, 240, 29, 156, 89,
       48, 242, 51, 189, 122, 215, 40, 250, 45, 46, 247, 245, 217, 237,
       161, 124, 188, 124, 206, 53, 209, 127, 249, 229, 226, 252, 195,
       98, 245, 47, 154, 243, 95, 170, 4, 135, 252, 206, 59, 207, 255,
       98, 87, 186, 53, 242, 249, 60, 253, 53, 26, 134, 68, 163, 239,
       107, 185, 44, 152, 9, 240, 29, 156, 73, 54, 226, 55, 173, 74, 71,
       33, 248, 124, 49, 255, 246, 50, 167, 125, 111, 214, 196, 213, 181,
       119, 230, 180, 94, 250, 213, 99, 103, 199, 45, 193, 119, 206, 218,
       230, 141, 82, 140, 116, 233, 214, 38, 21, 190, 82, 120, 193, 116,
       112, 92, 189, 47, 213, 20, 229, 110, 153, 172, 24, 5, 240, 28,
       156, 73, 16, 242, 51, 185, 88, 87, 32, 250, 63, 253, 253, 254, 63,
       253, 253, 123, 127, 254, 223, 253, 253, 127, 252, 223, 255, 255,
       225, 251, 247, 125, 219, 251, 253, 255, 243, 255, 127, 255, 255,
       239, 223, 246, 215, 186, 255, 248, 251, 127, 116, 253, 251, 111,
       245, 21, 247, 111, 155, 254, 153, 79, 244, 29, 158, 93, 63, 243,
       255, 191, 219, 255, 173, 254, 62, 255, 255, 255, 62, 253, 253,
       125, 255, 254, 223, 253, 253, 126, 253, 222, 255, 247, 226, 251,
       247, 127, 211, 255, 253, 255, 247, 255, 127, 255, 255, 239, 207,
       254, 199, 190, 255, 249, 251, 127, 120, 253, 247, 111, 245, 181,
       247, 111, 191, 254, 137, 79, 246, 29, 222, 93, 55, 243, 255, 255,
       251, 255, 237, 254, 43, 134, 109, 171, 191, 189, 167, 121, 253,
       255, 214, 217, 253, 57, 121, 69, 203, 253, 195, 120, 244, 114,
       219, 252, 109, 253, 5, 182, 126, 87, 49, 239, 223, 108, 215, 56,
       127, 120, 169, 52, 124, 93, 122, 47, 213, 245, 246, 107, 185, 188,
       24, 5, 242, 29, 157, 73, 20, 242, 183, 189, 218, 223, 44, 254,
       222, 176, 219, 135, 255, 131, 155, 200, 222, 175, 145, 126, 255,
       206, 179, 88, 250, 213, 59, 102, 201, 135, 207, 124, 78, 218, 188,
       47, 210, 15, 115, 127, 87, 165, 29, 255, 82, 125, 237, 118, 80,
       76, 72, 14, 213, 28, 217, 53, 157, 172, 24, 5, 240, 61, 156, 107,
       80, 242, 49, 189, 92, 87, 48, 254, 45, 134, 229, 225, 153, 181,
       161, 92, 188, 255, 194, 121, 201, 121, 179, 69, 202, 124, 131, 98,
       236, 47, 218, 121, 76, 154, 18, 167, 94, 5, 49, 207, 87, 166, 93,
       186, 82, 248, 105, 54, 125, 116, 122, 47, 213, 5, 217, 115, 25,
       172, 24, 5, 240, 29, 156, 73, 16, 242, 51, 157, 200, 87, 32, 254,
       126, 181, 253, 158, 55, 23, 31, 63, 231, 198, 149, 176, 61, 42,
       180, 86, 255, 247, 98, 117, 19, 115, 209, 119, 221, 251, 229, 93,
       83, 184, 244, 105, 198, 44, 22, 190, 202, 120, 129, 125, 112, 219,
       61, 47, 213, 20, 245, 110, 153, 172, 24, 5, 112, 29, 156, 73, 24,
       242, 51, 189, 89, 87, 40, 250, 126, 49, 249, 150, 55, 7, 31, 107,
       198, 196, 213, 48, 125, 202, 177, 86, 242, 215, 2, 119, 3, 39,
       193, 103, 140, 138, 224, 13, 82, 56, 244, 41, 230, 44, 20, 190,
       194, 120, 129, 85, 16, 74, 53, 14, 209, 28, 193, 78, 153, 172, 24,
       5, 112, 28, 156, 73, 16, 242, 51, 185, 88, 86, 32, 250, 60, 54,
       125, 168, 62, 255, 179, 125, 213, 254, 222, 53, 93, 62, 185, 228,
       251, 220, 67, 96, 241, 115, 210, 247, 221, 236, 164, 205, 104,
       222, 127, 235, 205, 44, 71, 190, 223, 122, 233, 124, 120, 93, 20,
       46, 213, 181, 247, 111, 187, 172, 153, 13, 242, 29, 156, 89, 16,
       242, 51, 189, 90, 215, 40, 250, 45, 38, 101, 32, 253, 183, 163,
       120, 244, 60, 194, 117, 237, 59, 137, 69, 226, 253, 203, 96, 241,
       35, 203, 253, 76, 168, 12, 135, 126, 68, 49, 207, 221, 100, 85,
       186, 119, 58, 173, 116, 221, 84, 26, 142, 65, 225, 210, 75, 184,
       44, 24, 5, 240, 29, 159, 73, 52, 242, 55, 156, 218, 87, 36, 248,
       126, 49, 251, 246, 95, 35, 121, 126, 214, 110, 213, 52, 127, 202,
       177, 87, 250, 215, 3, 114, 239, 191, 193, 63, 142, 138, 226, 15,
       82, 73, 117, 235, 83, 38, 148, 190, 82, 124, 97, 87, 216, 64, 212,
       74, 193, 21, 193, 79, 153, 172, 24, 5, 112, 28, 156, 73, 16, 178,
       51, 155, 88, 22, 32, 251, 127, 117, 117, 190, 20, 38, 45, 75, 231,
       102, 225, 48, 109, 235, 180, 87, 250, 245, 35, 100, 243, 166, 144,
       55, 222, 159, 231, 13, 82, 24, 120, 233, 194, 36, 22, 190, 194,
       120, 33, 116, 56, 202, 56, 175, 213, 16, 229, 78, 153, 164, 16, 4,
       96, 28, 156, 73, 24, 242, 115, 157, 88, 86, 40, 250, 63, 52, 240,
       178, 27, 166, 35, 79, 230, 100, 193, 52, 61, 110, 177, 87, 250,
       212, 3, 96, 193, 35, 209, 55, 92, 136, 224, 13, 82, 12, 113, 107,
       215, 36, 85, 186, 82, 120, 161, 116, 112, 88, 24, 14, 212, 20,
       229, 79, 153, 172, 24, 5, 240, 29, 156, 73, 16, 242, 51, 189, 88,
       87, 32, 250, 62, 54, 113, 178, 30, 53, 33, 95, 212, 126, 210, 53,
       117, 10, 185, 119, 242, 212, 3, 96, 225, 34, 216, 62, 12, 136,
       164, 11, 82, 24, 49, 235, 101, 36, 85, 186, 82, 114, 129, 244,
       218, 84, 16, 14, 208, 22, 193, 79, 153, 44, 24, 5, 240, 29, 157,
       73, 16, 242, 51, 188, 88, 86, 34, 249, 56, 57, 255, 246, 55, 55,
       121, 127, 212, 254, 215, 177, 127, 250, 176, 86, 254, 214, 99,
       107, 247, 62, 193, 183, 141, 170, 226, 155, 82, 69, 245, 235, 223,
       36, 84, 190, 215, 120, 241, 117, 248, 92, 185, 47, 242, 53, 227,
       111, 155, 174, 24, 5, 240, 29, 156, 73, 16, 242, 51, 253, 89, 22,
       32, 250, 60, 177, 253, 254, 54, 53, 125, 127, 247, 254, 85, 177,
       125, 190, 189, 94, 251, 222, 97, 107, 245, 116, 192, 247, 221,
       187, 230, 219, 91, 248, 117, 235, 215, 36, 85, 190, 223, 120, 233,
       125, 120, 95, 61, 47, 246, 21, 245, 111, 155, 172, 24, 7, 240, 29,
       156, 93, 16, 242, 51, 253, 91, 87, 32, 250 ]
