%YAML:1.0
descriptors: !!opencv-matrix
   rows: 95
   cols: 64
   dt: u
   data: [ 62, 177, 239, 254, 62, 181, 221, 62, 247, 254, 213, 249, 253,
       122, 53, 94, 188, 254, 98, 251, 245, 118, 195, 255, 253, 186, 246,
       251, 90, 253, 245, 235, 215, 60, 87, 190, 223, 120, 232, 125, 120,
       93, 123, 47, 245, 53, 247, 111, 153, 174, 24, 7, 240, 29, 156, 73,
       16, 243, 51, 189, 123, 87, 32, 250, 47, 180, 125, 174, 63, 189,
       191, 89, 255, 254, 132, 233, 253, 127, 189, 85, 254, 255, 67, 243,
       245, 99, 83, 255, 213, 250, 228, 255, 122, 93, 245, 227, 223, 44,
       87, 190, 219, 120, 233, 125, 120, 92, 58, 175, 213, 113, 247, 111,
       153, 172, 24, 5, 240, 29, 156, 73, 16, 242, 51, 189, 90, 87, 40,
       250, 126, 241, 253, 254, 55, 103, 255, 127, 214, 222, 253, 249,
       125, 110, 182, 126, 251, 215, 99, 103, 247, 63, 193, 119, 205,
       239, 231, 239, 83, 222, 247, 235, 215, 44, 85, 190, 82, 120, 233,
       116, 122, 94, 53, 47, 213, 21, 247, 111, 153, 172, 24, 5, 240, 29,
       156, 73, 16, 242, 51, 189, 88, 87, 34, 251, 63, 189, 253, 254, 63,
       253, 249, 125, 255, 252, 214, 245, 253, 126, 191, 117, 255, 255,
       99, 115, 245, 119, 211, 247, 253, 254, 244, 255, 122, 223, 247,
       235, 223, 44, 87, 190, 223, 120, 233, 125, 120, 93, 127, 47, 213,
       53, 247, 111, 153, 172, 24, 13, 240, 29, 156, 73, 48, 242, 51,
       189, 90, 87, 32, 250, 47, 180, 253, 190, 63, 47, 57, 91, 246, 252,
       132, 161, 109, 43, 189, 87, 254, 255, 99, 242, 245, 39, 81, 247,
       213, 184, 245, 207, 82, 28, 241, 227, 223, 44, 87, 190, 91, 120,
       233, 116, 120, 92, 56, 175, 213, 113, 247, 111, 153, 172, 24, 5,
       240, 29, 156, 73, 16, 242, 51, 189, 88, 87, 32, 250, 189, 254,
       255, 111, 255, 241, 249, 252, 248, 191, 240, 249, 111, 75, 201,
       249, 251, 238, 255, 123, 253, 75, 127, 189, 167, 171, 239, 255,
       95, 127, 229, 255, 125, 237, 254, 255, 255, 183, 249, 247, 255,
       78, 123, 158, 250, 227, 219, 127, 184, 255, 94, 195, 236, 189,
       223, 77, 222, 182, 223, 158, 254, 223, 234, 53, 63, 250, 125, 239,
       63, 253, 255, 120, 127, 253, 222, 255, 253, 127, 252, 221, 255,
       255, 229, 251, 245, 124, 219, 251, 237, 255, 241, 255, 126, 95,
       247, 239, 223, 228, 95, 186, 255, 122, 249, 125, 117, 93, 122, 47,
       213, 21, 247, 111, 153, 252, 24, 5, 242, 29, 158, 77, 54, 242,
       183, 191, 219, 223, 36, 254, 28, 250, 114, 121, 25, 121, 162, 245,
       89, 186, 202, 189, 100, 86, 203, 243, 251, 136, 227, 210, 245, 32,
       77, 154, 197, 125, 115, 227, 73, 71, 227, 246, 207, 130, 69, 166,
       61, 176, 233, 116, 120, 28, 114, 167, 85, 245, 55, 111, 184, 238,
       44, 65, 242, 29, 72, 65, 134, 209, 135, 165, 154, 99, 225, 70, 60,
       187, 243, 120, 16, 106, 225, 79, 201, 130, 234, 180, 117, 198,
       207, 250, 251, 132, 163, 70, 39, 40, 101, 151, 197, 223, 119, 169,
       67, 142, 226, 168, 142, 6, 69, 158, 0, 48, 237, 84, 40, 84, 176,
       97, 117, 119, 55, 230, 153, 172, 32, 116, 242, 29, 68, 65, 0, 248,
       1, 175, 24, 87, 225, 90, 63, 55, 117, 166, 23, 37, 45, 123, 198,
       78, 209, 51, 237, 11, 144, 87, 250, 245, 99, 100, 51, 110, 209,
       119, 156, 188, 119, 185, 122, 152, 112, 169, 66, 110, 190, 158,
       198, 124, 17, 93, 61, 64, 183, 175, 79, 161, 124, 223, 138, 180,
       145, 136, 98, 190, 142, 85, 104, 180, 113, 219, 222, 135, 44, 178,
       76, 238, 82, 41, 216, 234, 162, 197, 9, 161, 74, 189, 208, 22,
       237, 234, 235, 9, 185, 192, 205, 129, 15, 152, 213, 93, 25, 239,
       193, 143, 163, 214, 129, 129, 101, 43, 17, 209, 237, 118, 41, 28,
       96, 39, 85, 157, 62, 177, 141, 237, 100, 53, 215, 255, 0, 227, 66,
       204, 129, 165, 216, 67, 48, 70, 243, 249, 88, 30, 119, 74, 94,
       142, 107, 3, 61, 250, 62, 226, 230, 219, 255, 179, 52, 151, 15,
       185, 97, 6, 225, 215, 251, 127, 131, 43, 198, 33, 146, 45, 85,
       223, 202, 89, 251, 119, 114, 218, 45, 105, 183, 92, 245, 46, 213,
       166, 18, 71, 172, 43, 116, 235, 152, 183, 48, 63, 60, 113, 178,
       171, 206, 237, 170, 124, 73, 78, 246, 3, 9, 224, 45, 232, 18, 214,
       236, 142, 137, 41, 61, 215, 151, 45, 61, 27, 119, 95, 147, 231,
       65, 183, 166, 214, 131, 147, 99, 3, 169, 140, 254, 42, 41, 63,
       228, 225, 253, 93, 183, 171, 205, 235, 98, 255, 221, 101, 96, 162,
       87, 207, 213, 167, 179, 113, 217, 14, 29, 242, 81, 246, 252, 184,
       105, 114, 82, 63, 66, 115, 134, 83, 196, 81, 118, 207, 141, 107,
       229, 44, 136, 219, 170, 154, 99, 207, 94, 65, 225, 239, 83, 163,
       188, 55, 117, 252, 113, 247, 217, 198, 219, 95, 234, 129, 255, 95,
       136, 245, 60, 116, 236, 172, 143, 65, 6, 186, 183, 143, 216, 55,
       165, 189, 125, 243, 255, 125, 52, 55, 59, 254, 244, 190, 241, 185,
       111, 139, 151, 107, 242, 237, 91, 111, 125, 227, 230, 191, 141,
       170, 238, 157, 91, 28, 112, 184, 250, 44, 206, 191, 222, 62, 145,
       245, 222, 78, 59, 158, 210, 243, 131, 126, 186, 172, 28, 3, 224,
       189, 157, 85, 148, 182, 51, 222, 126, 214, 106, 177, 78, 41, 235,
       180, 22, 7, 88, 239, 196, 226, 215, 180, 83, 194, 147, 74, 234,
       213, 51, 103, 15, 141, 228, 19, 15, 202, 166, 13, 82, 12, 48, 56,
       242, 38, 116, 186, 82, 124, 193, 212, 208, 92, 48, 46, 219, 28,
       65, 238, 153, 172, 24, 5, 240, 29, 156, 73, 16, 242, 51, 189, 88,
       86, 32, 251, 103, 33, 235, 152, 80, 70, 71, 198, 166, 70, 41, 186,
       19, 238, 183, 78, 203, 85, 51, 102, 11, 167, 194, 35, 78, 215,
       191, 45, 211, 136, 50, 41, 210, 38, 21, 187, 2, 116, 71, 124, 48,
       74, 60, 43, 85, 28, 229, 174, 153, 172, 24, 5, 113, 25, 148, 75,
       16, 240, 49, 189, 88, 86, 32, 250, 125, 59, 255, 113, 119, 179,
       123, 254, 216, 186, 211, 54, 253, 130, 171, 211, 242, 221, 91, 95,
       47, 245, 199, 159, 133, 234, 250, 157, 82, 76, 116, 186, 123, 12,
       213, 191, 95, 126, 197, 85, 216, 77, 223, 28, 211, 175, 195, 127,
       158, 174, 24, 7, 242, 189, 221, 89, 208, 254, 63, 255, 125, 150,
       240, 115, 196, 43, 243, 213, 240, 131, 227, 250, 136, 165, 135,
       55, 211, 208, 147, 66, 226, 213, 63, 103, 15, 173, 198, 115, 14,
       218, 146, 45, 208, 12, 50, 27, 114, 39, 116, 187, 16, 122, 199,
       212, 208, 112, 152, 6, 233, 12, 201, 175, 137, 172, 16, 53, 113,
       30, 156, 73, 16, 122, 49, 189, 72, 22, 33, 250, 203, 90, 198, 99,
       221, 50, 167, 216, 60, 185, 226, 123, 170, 153, 226, 205, 106,
       253, 189, 127, 105, 143, 175, 120, 38, 223, 59, 39, 222, 71, 34,
       55, 121, 167, 60, 251, 115, 245, 37, 244, 217, 68, 122, 31, 203,
       13, 90, 145, 204, 21, 94, 180, 201, 254, 143, 235, 210, 252, 165,
       30, 204, 23, 16, 186, 193, 10, 130, 113, 217, 34, 160, 254, 24,
       185, 194, 119, 162, 217, 131, 41, 66, 77, 185, 71, 204, 141, 238,
       123, 66, 202, 26, 6, 220, 1, 34, 95, 127, 163, 116, 113, 53, 246,
       109, 182, 209, 116, 10, 22, 73, 11, 73, 209, 72, 100, 88, 180,
       213, 126, 140, 138, 64, 236, 167, 175, 76, 69, 145, 125, 124, 46,
       247, 241, 186, 253, 39, 117, 173, 245, 215, 188, 223, 255, 187,
       198, 251, 249, 107, 107, 253, 247, 218, 179, 93, 107, 180, 255,
       104, 212, 127, 239, 207, 36, 71, 186, 211, 122, 249, 126, 124, 93,
       120, 175, 213, 37, 231, 111, 153, 172, 153, 13, 242, 29, 156, 89,
       48, 242, 115, 189, 90, 87, 40, 250, 77, 174, 228, 229, 113, 255,
       178, 116, 61, 253, 198, 253, 206, 57, 154, 199, 171, 217, 251,
       111, 245, 33, 231, 241, 109, 107, 152, 183, 125, 69, 51, 231, 223,
       97, 117, 176, 119, 122, 237, 116, 253, 29, 58, 39, 245, 165, 255,
       111, 189, 172, 189, 13, 241, 125, 154, 76, 118, 255, 55, 189, 90,
       87, 36, 250, 7, 7, 129, 16, 16, 2, 8, 70, 2, 2, 3, 0, 0, 194, 129,
       19, 98, 68, 1, 68, 2, 160, 64, 3, 12, 128, 162, 9, 18, 8, 48, 1,
       112, 36, 84, 186, 0, 112, 1, 212, 128, 66, 24, 10, 66, 20, 193,
       78, 25, 44, 16, 5, 32, 24, 149, 73, 144, 114, 49, 188, 72, 86, 32,
