%YAML:1.0
descriptors: !!opencv-matrix
   rows: 48
   cols: 64
   dt: u
   data: [ 186, 255, 247, 239, 255, 237, 247, 253, 255, 93, 252, 251,
       255, 127, 254, 253, 255, 247, 255, 255, 255, 111, 187, 253, 255,
       255, 127, 255, 255, 223, 255, 175, 223, 239, 127, 223, 255, 245,
       255, 127, 127, 223, 254, 255, 221, 255, 255, 183, 237, 213, 223,
       252, 254, 167, 158, 239, 127, 252, 254, 175, 215, 111, 183, 254,
       60, 177, 255, 254, 62, 183, 253, 126, 247, 254, 213, 243, 255,
       122, 182, 94, 255, 215, 99, 99, 245, 127, 195, 247, 221, 251, 247,
       255, 122, 253, 245, 235, 215, 44, 85, 190, 214, 120, 249, 125,
       120, 93, 125, 47, 245, 53, 247, 111, 153, 172, 24, 7, 240, 29,
       156, 73, 24, 242, 51, 189, 121, 87, 32, 250, 253, 189, 255, 247,
       255, 119, 251, 250, 254, 253, 214, 127, 255, 127, 187, 125, 251,
       255, 99, 99, 245, 255, 211, 118, 223, 254, 245, 255, 250, 95, 247,
       235, 223, 44, 87, 190, 215, 120, 249, 125, 120, 93, 58, 47, 213,
       53, 247, 111, 153, 172, 24, 5, 240, 29, 156, 73, 16, 242, 51, 189,
       90, 87, 32, 250, 63, 190, 255, 239, 63, 253, 189, 120, 253, 253,
       222, 255, 253, 127, 255, 253, 251, 253, 99, 123, 245, 119, 218,
       127, 109, 255, 245, 191, 126, 91, 119, 239, 223, 108, 87, 190, 87,
       122, 233, 117, 120, 93, 122, 47, 213, 53, 245, 111, 185, 172, 24,
       5, 240, 29, 156, 73, 16, 242, 51, 189, 218, 87, 32, 250, 203, 11,
       211, 247, 217, 162, 107, 206, 24, 187, 64, 63, 162, 203, 131, 27,
       98, 93, 185, 71, 238, 173, 202, 59, 6, 202, 186, 167, 218, 1, 35,
       207, 87, 167, 60, 113, 53, 253, 119, 118, 72, 100, 202, 90, 203,
       13, 75, 147, 93, 68, 88, 245, 197, 254, 188, 235, 209, 252, 247,
       159, 204, 36, 145, 246, 127, 53, 177, 52, 25, 38, 33, 111, 198,
       36, 209, 50, 97, 202, 146, 86, 246, 223, 3, 64, 225, 39, 192, 87,
       220, 136, 228, 205, 82, 140, 241, 232, 199, 36, 5, 190, 82, 56, 1,
       92, 120, 64, 16, 143, 193, 17, 161, 79, 153, 172, 24, 1, 240, 28,
       156, 65, 16, 242, 51, 189, 88, 87, 32, 250, 252, 58, 255, 245,
       122, 119, 125, 255, 212, 255, 248, 191, 127, 252, 182, 126, 251,
       213, 99, 99, 253, 141, 231, 63, 79, 223, 183, 171, 211, 207, 115,
       239, 211, 36, 85, 250, 86, 124, 233, 116, 112, 92, 56, 63, 221,
       20, 245, 111, 153, 172, 24, 5, 240, 31, 156, 73, 16, 242, 51, 189,
       92, 87, 32, 250, 55, 183, 80, 118, 221, 160, 201, 74, 246, 120,
       128, 115, 164, 75, 128, 85, 98, 215, 5, 34, 199, 46, 137, 127, 70,
       154, 98, 15, 82, 9, 97, 111, 87, 166, 92, 186, 114, 120, 99, 244,
       193, 78, 26, 203, 192, 16, 209, 79, 136, 164, 24, 5, 224, 28, 156,
       73, 16, 242, 51, 159, 88, 87, 32, 249, 101, 33, 225, 144, 17, 4,
       33, 78, 196, 78, 128, 52, 97, 202, 147, 71, 226, 212, 3, 100, 73,
       162, 194, 55, 76, 136, 164, 9, 82, 8, 48, 41, 82, 36, 20, 186, 82,
       112, 1, 84, 80, 64, 24, 14, 64, 20, 193, 78, 153, 44, 24, 5, 240,
       28, 156, 73, 16, 242, 51, 157, 88, 86, 32, 248, 63, 254, 109, 238,
       63, 253, 189, 121, 253, 252, 222, 253, 253, 63, 253, 77, 251, 253,
       227, 123, 245, 118, 211, 247, 253, 255, 245, 183, 126, 223, 119,
       235, 223, 108, 215, 190, 255, 120, 249, 125, 124, 93, 123, 47,
       213, 53, 247, 111, 187, 172, 153, 13, 240, 29, 156, 93, 54, 242,
       55, 189, 251, 223, 44, 250, 77, 142, 238, 169, 217, 253, 167, 212,
       60, 255, 194, 15, 192, 61, 187, 197, 203, 253, 203, 96, 249, 71,
       222, 120, 69, 104, 28, 167, 88, 5, 51, 199, 213, 0, 87, 187, 80,
       250, 237, 118, 124, 84, 58, 46, 85, 213, 247, 113, 153, 172, 24,
       5, 241, 29, 156, 73, 16, 226, 51, 189, 88, 87, 32, 250, 79, 50,
       209, 161, 217, 160, 43, 204, 0, 107, 194, 53, 65, 2, 163, 81, 226,
       212, 1, 96, 201, 129, 174, 56, 14, 136, 40, 15, 210, 9, 49, 111,
       117, 165, 92, 187, 80, 244, 37, 214, 192, 64, 24, 10, 64, 4, 200,
       213, 152, 44, 88, 4, 224, 28, 156, 73, 144, 240, 35, 156, 92, 6,
       32, 177, 79, 35, 131, 112, 88, 34, 96, 78, 0, 42, 194, 53, 66,
       193, 131, 3, 2, 76, 129, 70, 239, 173, 74, 27, 6, 138, 130, 133,
       210, 4, 32, 192, 119, 134, 84, 187, 49, 180, 69, 84, 136, 96, 152,
       72, 74, 5, 3, 202, 88, 36, 88, 84, 65, 28, 188, 8, 145, 232, 3,
       151, 76, 38, 177, 113, 186, 209, 88, 182, 255, 160, 95, 8, 38,
       107, 41, 122, 189, 74, 164, 85, 246, 215, 5, 83, 199, 42, 129,
       122, 68, 158, 227, 107, 210, 41, 245, 105, 147, 164, 20, 190, 99,
       120, 225, 246, 66, 202, 60, 73, 208, 20, 245, 79, 153, 164, 24, 5,
       96, 20, 156, 105, 16, 242, 51, 189, 88, 86, 32, 185, 13, 150, 84,
       33, 221, 176, 162, 88, 56, 57, 194, 105, 164, 89, 129, 17, 102,
       239, 137, 80, 224, 97, 14, 248, 226, 40, 104, 230, 252, 5, 225,
       247, 253, 193, 216, 52, 53, 146, 45, 165, 221, 22, 26, 134, 64,
       195, 218, 81, 184, 95, 24, 37, 244, 228, 201, 73, 54, 158, 135,
       132, 146, 71, 38, 93, 141, 150, 196, 97, 157, 176, 163, 124, 48,
       25, 196, 107, 238, 89, 130, 1, 64, 237, 135, 211, 241, 111, 123,
       251, 96, 42, 64, 166, 124, 69, 97, 199, 223, 98, 220, 48, 117,
       184, 121, 181, 93, 54, 26, 134, 192, 97, 219, 67, 56, 124, 24, 5,
       240, 188, 216, 73, 54, 146, 183, 135, 194, 247, 164, 91, 117, 53,
       117, 50, 221, 162, 39, 88, 226, 0, 197, 114, 228, 91, 132, 81,
       114, 37, 27, 84, 243, 103, 83, 198, 132, 250, 200, 141, 98, 12,
       193, 160, 143, 13, 134, 191, 136, 56, 5, 93, 76, 80, 24, 129, 225,
       121, 167, 79, 188, 166, 137, 74, 113, 124, 88, 195, 108, 190, 151,
       179, 56, 215, 252, 74, 22, 49, 153, 214, 34, 128, 88, 15, 194,
       128, 21, 176, 53, 66, 148, 82, 126, 150, 0, 67, 134, 40, 192, 3,
       140, 130, 226, 77, 66, 168, 148, 104, 150, 52, 52, 158, 10, 88,
       194, 84, 16, 203, 181, 105, 176, 20, 161, 110, 147, 174, 25, 71,
       112, 24, 52, 73, 16, 114, 51, 249, 88, 23, 33, 251, 86, 48, 145,
       151, 216, 194, 10, 101, 74, 162, 19, 52, 245, 6, 155, 82, 126,
       131, 24, 70, 139, 41, 79, 141, 140, 192, 234, 79, 2, 169, 145,
       110, 71, 133, 101, 159, 8, 250, 103, 86, 32, 64, 197, 104, 39, 12,
       9, 55, 151, 108, 33, 231, 38, 120, 52, 235, 192, 122, 152, 121,
       24, 4, 113, 230, 58, 245, 125, 222, 55, 189, 93, 57, 247, 198,
       221, 240, 125, 62, 124, 87, 253, 246, 70, 251, 55, 114, 209, 246,
       253, 183, 245, 121, 118, 254, 220, 169, 206, 124, 215, 158, 202,
       120, 216, 125, 120, 223, 53, 173, 180, 116, 245, 110, 155, 174,
       137, 15, 250, 29, 222, 85, 56, 243, 115, 253, 123, 219, 108, 218,
       62, 177, 249, 222, 50, 95, 93, 39, 199, 198, 61, 176, 93, 226,
       180, 94, 191, 210, 98, 111, 23, 120, 193, 135, 189, 131, 230, 93,
       67, 248, 220, 232, 134, 60, 39, 158, 202, 120, 210, 125, 50, 219,
       181, 105, 182, 20, 181, 110, 147, 174, 139, 79, 50, 25, 52, 85,
       24, 243, 123, 249, 121, 253, 107, 251, 63, 245, 124, 10, 55, 253,
       149, 57, 247, 86, 189, 240, 125, 127, 252, 85, 255, 246, 70, 240,
       245, 114, 145, 118, 245, 53, 229, 121, 127, 254, 213, 169, 142,
       108, 199, 158, 202, 56, 249, 125, 124, 223, 61, 173, 212, 113,
       244, 110, 187, 191, 153, 9, 248, 29, 218, 85, 56, 243, 123, 189,
       122, 219, 108, 218, 63, 51, 253, 166, 55, 183, 29, 126, 246, 94,
       213, 52, 125, 63, 179, 87, 250, 212, 3, 96, 225, 39, 195, 119,
       204, 152, 244, 13, 82, 28, 113, 233, 215, 36, 85, 190, 82, 120,
       201, 116, 112, 92, 24, 47, 213, 20, 229, 111, 153, 172, 24, 5,
       240, 29, 156, 73, 16, 242, 51, 189, 88, 87, 32, 250, 253, 221,
       255, 253, 255, 127, 245, 254, 189, 253, 254, 255, 255, 252, 255,
       239, 255, 253, 251, 127, 124, 223, 254, 243, 127, 255, 217, 242,
       253, 215, 126, 255, 223, 115, 243, 248, 247, 255, 253, 125, 127,
       189, 255, 55, 253, 183, 255, 237, 255, 191, 255, 189, 219, 255,
       223, 93, 127, 252, 255, 255, 223, 223, 143, 222, 63, 179, 89, 230,
       63, 176, 255, 24, 246, 89, 215, 115, 173, 91, 160, 81, 242, 215,
