%YAML:1.0
descriptors: !!opencv-matrix
   rows: 124
   cols: 64
   dt: u
   data: [ 63, 190, 253, 162, 63, 255, 183, 125, 252, 254, 214, 247, 253,
       127, 187, 85, 251, 221, 99, 99, 245, 39, 203, 119, 205, 255, 245,
       175, 90, 95, 115, 235, 215, 36, 85, 190, 83, 120, 233, 116, 120,
       92, 58, 47, 213, 21, 247, 111, 153, 172, 24, 5, 240, 29, 156, 73,
       16, 242, 51, 189, 88, 87, 32, 250, 191, 186, 255, 247, 63, 119,
       191, 250, 255, 255, 254, 255, 255, 126, 187, 127, 255, 255, 99,
       123, 245, 119, 211, 126, 205, 255, 245, 255, 122, 95, 247, 239,
       215, 44, 87, 190, 87, 120, 233, 125, 120, 93, 122, 47, 213, 21,
       247, 111, 153, 172, 24, 5, 242, 29, 156, 73, 16, 242, 51, 189, 90,
       87, 32, 250, 62, 177, 253, 182, 62, 181, 189, 120, 244, 222, 213,
       115, 253, 127, 176, 85, 251, 253, 99, 243, 245, 118, 195, 247,
       204, 254, 245, 187, 122, 222, 247, 235, 223, 44, 87, 190, 91, 120,
       233, 124, 120, 92, 56, 47, 213, 53, 247, 111, 153, 172, 24, 5,
       240, 29, 156, 73, 16, 242, 51, 189, 88, 87, 32, 250, 62, 245, 125,
       246, 54, 189, 253, 121, 247, 215, 245, 250, 255, 122, 180, 86,
       242, 213, 103, 99, 247, 46, 195, 119, 205, 254, 247, 187, 82, 30,
       245, 233, 215, 36, 85, 190, 82, 120, 233, 117, 120, 92, 57, 47,
       213, 21, 247, 111, 153, 172, 24, 5, 240, 29, 156, 73, 16, 242, 51,
       189, 88, 87, 32, 250, 189, 188, 124, 253, 191, 253, 251, 249, 60,
       253, 214, 255, 237, 123, 255, 85, 251, 253, 99, 99, 245, 47, 211,
       122, 125, 255, 243, 251, 90, 87, 243, 239, 223, 36, 87, 186, 211,
       120, 233, 116, 120, 92, 58, 175, 213, 21, 247, 111, 153, 172, 24,
       5, 240, 29, 156, 73, 16, 242, 51, 189, 90, 87, 32, 250, 191, 253,
       255, 253, 55, 189, 253, 122, 255, 223, 253, 251, 255, 251, 244,
       95, 242, 247, 127, 123, 247, 126, 243, 119, 253, 255, 247, 255,
       127, 255, 246, 187, 222, 108, 150, 254, 210, 121, 249, 253, 122,
       223, 251, 47, 209, 49, 245, 111, 153, 175, 152, 13, 248, 29, 158,
       93, 56, 246, 115, 159, 251, 223, 46, 251, 45, 36, 237, 168, 31,
       189, 161, 95, 244, 124, 134, 37, 233, 63, 187, 69, 234, 253, 67,
       96, 245, 39, 83, 119, 85, 168, 180, 135, 90, 28, 49, 227, 223, 36,
       87, 186, 83, 120, 233, 124, 120, 92, 56, 175, 213, 113, 247, 111,
       153, 172, 24, 5, 240, 29, 156, 73, 16, 242, 51, 189, 88, 87, 32,
       250, 54, 55, 121, 150, 50, 159, 25, 107, 198, 70, 145, 48, 117,
       106, 180, 86, 254, 146, 66, 96, 213, 34, 209, 71, 220, 146, 228,
       77, 2, 156, 213, 105, 199, 44, 69, 190, 202, 120, 233, 124, 112,
       92, 48, 175, 213, 20, 181, 111, 153, 172, 24, 5, 240, 29, 156, 65,
       16, 242, 51, 189, 88, 87, 32, 250, 188, 254, 255, 247, 62, 253,
       251, 253, 253, 253, 254, 255, 255, 127, 254, 253, 243, 253, 111,
       107, 245, 111, 247, 254, 253, 239, 245, 187, 127, 87, 119, 255,
       247, 100, 87, 190, 215, 122, 249, 245, 254, 93, 123, 63, 213, 55,
       247, 111, 153, 172, 24, 5, 240, 29, 157, 73, 16, 242, 51, 189, 90,
       87, 32, 250, 62, 189, 253, 158, 55, 159, 93, 123, 247, 246, 149,
       184, 253, 126, 188, 94, 250, 247, 98, 115, 213, 119, 211, 119,
       221, 254, 244, 127, 82, 220, 245, 105, 199, 44, 87, 190, 218, 120,
       233, 124, 112, 95, 56, 47, 213, 52, 245, 111, 153, 172, 24, 13,
       240, 29, 156, 73, 16, 242, 51, 189, 90, 87, 40, 250, 14, 145, 152,
       62, 63, 177, 254, 16, 51, 184, 5, 227, 176, 82, 166, 83, 238, 223,
       33, 211, 197, 39, 67, 83, 69, 223, 241, 111, 82, 77, 183, 98, 215,
       36, 87, 186, 83, 120, 233, 116, 112, 92, 56, 47, 213, 85, 183,
       111, 153, 172, 24, 5, 240, 29, 156, 73, 16, 242, 51, 189, 88, 87,
       32, 250, 189, 255, 255, 253, 62, 253, 251, 253, 253, 253, 254,
       255, 255, 121, 255, 253, 251, 253, 111, 107, 244, 127, 246, 246,
       253, 255, 247, 187, 127, 223, 119, 255, 255, 108, 87, 254, 222,
       123, 249, 253, 250, 93, 123, 63, 213, 55, 245, 111, 185, 172, 152,
       13, 240, 29, 157, 73, 48, 242, 115, 189, 90, 87, 34, 251, 191,
       253, 255, 247, 63, 189, 253, 123, 223, 255, 253, 251, 255, 218,
       244, 94, 246, 247, 119, 123, 255, 126, 243, 127, 189, 190, 231,
       251, 126, 255, 245, 255, 203, 238, 190, 254, 255, 125, 249, 253,
       219, 207, 247, 255, 250, 55, 255, 127, 175, 191, 155, 207, 234,
       189, 255, 85, 124, 183, 255, 219, 255, 191, 175, 191, 12, 32, 131,
       176, 24, 35, 32, 86, 132, 170, 192, 53, 65, 194, 179, 67, 202, 92,
       3, 66, 193, 39, 194, 19, 14, 136, 132, 133, 82, 12, 49, 202, 199,
       36, 85, 186, 82, 120, 33, 116, 248, 84, 16, 14, 80, 20, 131, 79,
       25, 172, 24, 5, 240, 29, 156, 65, 16, 242, 51, 189, 72, 87, 32,
       251, 31, 182, 220, 55, 63, 241, 190, 53, 115, 250, 87, 247, 188,
       119, 163, 83, 239, 223, 33, 243, 197, 37, 195, 115, 205, 223, 241,
       255, 82, 15, 183, 106, 215, 36, 85, 186, 91, 120, 233, 116, 112,
       92, 56, 47, 213, 21, 247, 111, 153, 172, 24, 5, 240, 29, 156, 73,
       16, 242, 51, 189, 88, 87, 32, 250, 190, 251, 255, 253, 55, 253,
       253, 251, 255, 255, 255, 255, 255, 254, 255, 254, 243, 245, 103,
       123, 253, 127, 214, 119, 221, 255, 247, 255, 123, 222, 119, 251,
       247, 44, 87, 190, 210, 120, 249, 253, 122, 93, 125, 47, 213, 55,
       245, 111, 153, 172, 24, 5, 242, 29, 156, 77, 16, 242, 115, 189,
       91, 87, 32, 250, 23, 48, 81, 6, 157, 128, 3, 72, 194, 4, 23, 113,
       164, 75, 128, 17, 226, 198, 0, 96, 193, 34, 129, 102, 76, 136,
       224, 11, 146, 8, 65, 105, 215, 36, 84, 190, 82, 48, 129, 84, 208,
       80, 24, 138, 192, 16, 193, 79, 153, 172, 24, 1, 240, 24, 156, 73,
       16, 114, 51, 189, 88, 87, 32, 249, 22, 162, 220, 38, 41, 154, 190,
       104, 114, 186, 214, 115, 252, 119, 139, 16, 238, 139, 35, 243,
       197, 103, 195, 247, 205, 94, 240, 255, 106, 140, 163, 106, 223,
       44, 69, 190, 91, 56, 233, 124, 124, 92, 56, 47, 213, 53, 247, 111,
       153, 172, 24, 1, 240, 29, 156, 73, 16, 242, 51, 189, 88, 87, 32,
       250, 183, 55, 85, 214, 255, 132, 157, 56, 246, 125, 17, 115, 175,
       123, 144, 85, 242, 215, 4, 99, 197, 44, 128, 119, 206, 154, 225,
       31, 82, 8, 113, 107, 215, 36, 84, 190, 82, 120, 233, 244, 80, 92,
       24, 15, 208, 20, 209, 79, 153, 172, 24, 5, 240, 29, 156, 73, 16,
       242, 51, 189, 88, 87, 32, 248, 236, 37, 239, 176, 16, 103, 33,
       255, 164, 238, 66, 54, 83, 170, 179, 70, 202, 92, 35, 101, 121,
       135, 210, 50, 94, 136, 188, 1, 208, 8, 50, 201, 193, 36, 85, 186,
       82, 120, 129, 116, 112, 92, 56, 14, 209, 20, 225, 108, 153, 172,
       24, 5, 240, 29, 156, 73, 16, 242, 51, 189, 88, 86, 32, 250, 108,
       46, 239, 253, 62, 117, 249, 255, 253, 254, 218, 181, 95, 174, 187,
       239, 235, 220, 99, 107, 253, 139, 230, 63, 79, 169, 182, 131, 91,
       89, 55, 255, 113, 36, 117, 187, 86, 118, 225, 116, 248, 92, 122,
       62, 222, 135, 193, 127, 153, 172, 94, 5, 240, 29, 157, 73, 144,
       242, 59, 189, 92, 70, 32, 242, 252, 59, 215, 215, 120, 71, 248,
       247, 82, 184, 67, 119, 118, 247, 147, 90, 255, 195, 232, 99, 199,
       173, 103, 223, 202, 74, 246, 223, 194, 173, 247, 110, 215, 39,
       117, 191, 149, 252, 251, 119, 81, 92, 233, 102, 237, 52, 211, 111,
       153, 238, 73, 215, 244, 30, 28, 73, 70, 251, 83, 191, 120, 103,
       161, 254, 13, 38, 231, 168, 24, 103, 33, 118, 160, 252, 194, 21,
       65, 189, 155, 227, 139, 76, 195, 96, 240, 1, 204, 179, 76, 41, 4,
       128, 80, 4, 51, 207, 221, 32, 85, 186, 17, 242, 41, 52, 124, 20,
       24, 166, 68, 161, 103, 232, 25, 44, 88, 4, 208, 29, 156, 8, 16,
       224, 35, 188, 72, 70, 32, 250, 45, 166, 237, 168, 63, 189, 163,
       125, 180, 254, 214, 53, 217, 63, 185, 69, 136, 124, 67, 96, 241,
       115, 218, 241, 93, 168, 132, 135, 120, 212, 49, 203, 223, 44, 87,
       186, 83, 120, 169, 124, 124, 92, 58, 175, 212, 117, 247, 107, 153,
       172, 24, 13, 240, 29, 156, 73, 16, 242, 51, 189, 90, 87, 40, 250,
