%YAML:1.0
descriptors: !!opencv-matrix
   rows: 68
   cols: 64
   dt: u
   data: [ 255, 205, 186, 87, 235, 211, 219, 236, 158, 175, 217, 254,
       179, 206, 134, 126, 255, 147, 63, 71, 15, 143, 231, 29, 95, 223,
       255, 111, 195, 143, 242, 59, 199, 39, 69, 255, 82, 125, 237, 126,
       112, 76, 48, 63, 223, 28, 189, 181, 157, 172, 24, 5, 240, 31, 156,
       67, 208, 248, 49, 189, 92, 87, 48, 250, 254, 249, 239, 243, 223,
       103, 255, 191, 109, 231, 251, 254, 255, 238, 115, 238, 249, 221,
       125, 247, 63, 157, 247, 185, 91, 127, 187, 174, 209, 150, 118,
       187, 235, 47, 87, 251, 91, 125, 237, 254, 122, 92, 52, 63, 221,
       63, 255, 181, 157, 172, 24, 5, 241, 63, 156, 73, 80, 244, 49, 189,
       92, 86, 32, 250, 197, 223, 214, 119, 249, 114, 255, 254, 184, 189,
       238, 255, 162, 223, 194, 175, 235, 205, 63, 111, 111, 143, 231,
       55, 79, 255, 191, 47, 215, 15, 34, 63, 243, 39, 116, 251, 83, 53,
       253, 244, 91, 124, 184, 191, 221, 27, 255, 180, 137, 173, 94, 145,
       217, 63, 148, 73, 208, 252, 33, 191, 92, 87, 49, 250, 63, 182,
       125, 138, 63, 221, 159, 120, 255, 94, 150, 245, 253, 62, 253, 213,
       255, 246, 66, 176, 213, 114, 211, 117, 221, 245, 245, 125, 62,
       222, 213, 107, 215, 108, 215, 190, 218, 120, 233, 125, 116, 93,
       58, 47, 213, 148, 245, 111, 153, 172, 24, 5, 242, 29, 156, 89, 48,
       242, 50, 189, 90, 223, 40, 250, 60, 185, 239, 254, 55, 127, 125,
       127, 245, 198, 253, 176, 127, 190, 180, 78, 187, 212, 99, 107,
       183, 118, 193, 119, 93, 239, 165, 157, 115, 252, 116, 233, 215,
       36, 21, 186, 210, 120, 249, 125, 120, 223, 189, 47, 244, 53, 245,
       110, 155, 174, 153, 15, 240, 29, 156, 93, 16, 242, 115, 253, 121,
       87, 40, 250, 47, 178, 101, 35, 253, 176, 163, 88, 252, 63, 194,
       117, 237, 91, 169, 65, 226, 213, 3, 96, 225, 35, 203, 125, 76,
       136, 40, 167, 94, 13, 49, 239, 87, 36, 93, 186, 114, 122, 169,
       116, 249, 84, 26, 14, 193, 5, 209, 79, 152, 172, 24, 5, 240, 29,
       156, 73, 16, 242, 51, 189, 88, 87, 32, 250, 126, 57, 255, 222, 54,
       71, 89, 127, 215, 238, 213, 180, 127, 226, 179, 94, 250, 212, 98,
       107, 151, 189, 193, 55, 157, 138, 230, 25, 82, 252, 116, 232, 215,
       36, 53, 190, 210, 124, 209, 117, 112, 93, 181, 47, 246, 20, 225,
       110, 155, 172, 24, 7, 240, 29, 156, 73, 16, 242, 59, 249, 89, 86,
       32, 251, 63, 252, 253, 254, 63, 253, 253, 124, 127, 254, 212, 249,
       253, 126, 188, 95, 255, 254, 97, 251, 245, 117, 211, 115, 253,
       255, 241, 255, 127, 223, 245, 235, 223, 36, 215, 186, 223, 120,
       249, 125, 112, 93, 127, 47, 213, 21, 247, 111, 153, 172, 152, 13,
       242, 29, 156, 93, 48, 242, 51, 189, 219, 223, 44, 250, 252, 249,
       255, 245, 54, 239, 249, 251, 221, 253, 253, 251, 255, 250, 244,
       254, 242, 221, 255, 123, 255, 63, 225, 255, 191, 255, 231, 255,
       127, 255, 246, 255, 235, 111, 52, 255, 223, 125, 249, 253, 219,
       223, 247, 127, 251, 55, 251, 111, 175, 183, 219, 207, 248, 190,
       157, 85, 124, 246, 127, 251, 251, 63, 175, 191, 63, 190, 255, 239,
       255, 245, 251, 252, 254, 255, 240, 253, 239, 75, 155, 253, 250,
       247, 123, 122, 253, 75, 255, 125, 175, 235, 238, 191, 223, 93,
       247, 255, 125, 237, 191, 255, 255, 183, 249, 247, 255, 78, 251,
       158, 219, 227, 219, 119, 188, 253, 94, 129, 224, 191, 156, 117,
       212, 182, 255, 222, 254, 207, 42, 181, 63, 190, 253, 255, 63, 253,
       253, 121, 255, 255, 220, 253, 253, 127, 188, 93, 251, 255, 227,
       123, 245, 118, 211, 247, 253, 255, 245, 255, 126, 223, 247, 235,
       223, 108, 215, 190, 255, 120, 249, 125, 124, 93, 123, 47, 213, 53,
       247, 111, 187, 174, 152, 13, 242, 29, 156, 93, 60, 242, 119, 189,
       250, 223, 44, 250, 252, 189, 247, 246, 118, 167, 121, 127, 215,
       197, 213, 245, 127, 226, 148, 126, 242, 215, 127, 103, 183, 45,
       241, 215, 255, 234, 230, 223, 106, 253, 252, 236, 238, 111, 36,
       191, 158, 127, 211, 253, 219, 235, 149, 206, 235, 61, 139, 110,
       237, 166, 235, 223, 120, 62, 28, 77, 108, 190, 115, 251, 59, 46,
       183, 255, 118, 249, 243, 126, 82, 74, 94, 79, 195, 2, 185, 248,
       119, 198, 164, 88, 251, 135, 62, 87, 7, 45, 33, 7, 198, 215, 235,
       237, 3, 174, 196, 40, 130, 47, 70, 159, 138, 52, 255, 245, 34,
       202, 181, 105, 253, 93, 181, 206, 213, 166, 128, 211, 96, 48, 116,
       219, 80, 190, 83, 187, 56, 117, 241, 90, 247, 241, 251, 126, 119,
       34, 95, 74, 194, 3, 249, 248, 111, 194, 132, 91, 115, 135, 62, 87,
       39, 173, 33, 7, 134, 223, 235, 253, 67, 56, 228, 168, 146, 47,
       148, 159, 202, 60, 119, 245, 106, 202, 181, 105, 219, 89, 149, 78,
       199, 166, 16, 195, 104, 48, 116, 211, 208, 190, 81, 155, 60, 212,
       241, 59, 62, 58, 84, 39, 255, 233, 190, 244, 123, 57, 250, 117,
       236, 103, 201, 240, 255, 138, 163, 210, 229, 40, 15, 220, 199, 93,
       241, 251, 234, 103, 231, 246, 95, 237, 93, 182, 255, 240, 249,
       119, 125, 92, 255, 47, 237, 7, 255, 111, 168, 246, 73, 71, 246,
       159, 24, 73, 14, 179, 151, 177, 186, 39, 164, 78, 59, 241, 85,
       246, 62, 163, 125, 58, 82, 57, 245, 243, 238, 67, 132, 89, 118,
       207, 36, 243, 231, 44, 129, 255, 174, 186, 227, 223, 122, 113,
       229, 239, 159, 253, 180, 182, 255, 88, 240, 247, 91, 203, 255, 75,
       232, 21, 223, 79, 168, 246, 9, 199, 108, 188, 30, 73, 111, 179,
       247, 219, 186, 119, 167, 205, 187, 48, 113, 54, 255, 160, 123, 60,
       214, 57, 213, 119, 237, 78, 134, 84, 254, 182, 83, 210, 249, 171,
       155, 126, 182, 186, 246, 219, 218, 249, 229, 238, 15, 237, 14,
       254, 255, 49, 241, 127, 73, 205, 215, 203, 201, 113, 175, 95, 174,
       246, 219, 139, 238, 182, 220, 113, 108, 179, 255, 155, 190, 143,
       190, 93, 77, 46, 247, 121, 217, 234, 38, 221, 233, 121, 234, 63,
       226, 247, 203, 233, 203, 41, 187, 70, 253, 141, 30, 153, 87, 125,
       25, 167, 232, 7, 43, 214, 201, 131, 69, 187, 49, 183, 237, 62,
       236, 52, 122, 183, 109, 235, 62, 177, 236, 109, 108, 252, 211,
       255, 73, 170, 102, 236, 199, 165, 138, 103, 241, 92, 61, 251, 116,
       252, 63, 107, 124, 118, 113, 58, 232, 189, 108, 103, 237, 249,
       255, 138, 227, 242, 247, 232, 5, 190, 197, 127, 243, 251, 233,
       103, 239, 231, 219, 242, 93, 180, 253, 240, 249, 117, 126, 92,
       251, 111, 244, 183, 247, 111, 184, 230, 88, 71, 226, 29, 88, 77,
       159, 247, 215, 183, 190, 99, 161, 38, 51, 85, 81, 150, 145, 128,
       29, 8, 198, 66, 33, 80, 165, 74, 132, 85, 102, 214, 4, 96, 130,
       42, 129, 103, 12, 150, 227, 9, 18, 40, 80, 41, 210, 36, 20, 154,
       2, 120, 67, 212, 0, 74, 24, 75, 208, 20, 245, 14, 145, 164, 16, 5,
       96, 24, 148, 73, 16, 50, 51, 185, 88, 87, 32, 184, 6, 162, 65,
       161, 221, 176, 131, 25, 180, 123, 130, 119, 169, 67, 129, 65, 64,
       93, 1, 80, 192, 36, 138, 120, 6, 152, 24, 35, 222, 10, 33, 94, 87,
       160, 93, 178, 115, 112, 41, 52, 65, 84, 26, 14, 193, 5, 208, 73,
       24, 188, 24, 5, 240, 21, 156, 73, 16, 242, 55, 188, 72, 87, 32,
       248, 125, 61, 247, 244, 118, 39, 123, 127, 212, 92, 211, 53, 127,
       206, 147, 92, 250, 253, 219, 102, 119, 63, 214, 183, 190, 170,
       230, 157, 250, 220, 124, 169, 78, 103, 189, 255, 214, 118, 213,
       93, 221, 205, 215, 206, 235, 169, 201, 222, 190, 52, 223, 217,
       226, 190, 158, 85, 232, 190, 123, 219, 255, 142, 175, 245, 253,
       63, 245, 112, 20, 111, 105, 255, 228, 142, 202, 53, 109, 207, 219,
       247, 251, 236, 195, 103, 127, 234, 116, 150, 157, 174, 230, 137,
       90, 30, 114, 168, 106, 46, 199, 191, 152, 54, 209, 221, 220, 100,
       146, 238, 198, 99, 39, 110, 184, 44, 88, 73, 226, 61, 28, 81, 172,
       178, 67, 191, 126, 214, 235, 176, 125, 55, 247, 124, 52, 119, 109,
       254, 228, 190, 250, 177, 109, 203, 155, 231, 251, 236, 235, 110,
       127, 235, 85, 191, 141, 171, 167, 153, 90, 92, 112, 249, 106, 46,
       255, 191, 220, 60, 209, 117, 124, 100, 186, 191, 70, 227, 3, 126,
