%YAML:1.0
descriptors: !!opencv-matrix
   rows: 45
   cols: 64
   dt: u
   data: [ 58, 48, 253, 182, 63, 55, 127, 123, 246, 254, 213, 113, 125,
       127, 176, 87, 246, 247, 99, 115, 244, 119, 209, 119, 204, 234,
       228, 223, 122, 217, 245, 235, 215, 44, 87, 190, 91, 120, 233, 116,
       120, 93, 56, 47, 213, 53, 245, 111, 153, 172, 24, 5, 240, 29, 156,
       73, 16, 242, 51, 189, 88, 87, 32, 250, 61, 254, 255, 253, 63, 255,
       255, 125, 255, 253, 254, 253, 253, 125, 255, 253, 255, 255, 123,
       251, 245, 127, 211, 255, 253, 127, 247, 255, 127, 215, 255, 239,
       207, 108, 215, 190, 223, 123, 249, 125, 126, 93, 251, 175, 213,
       183, 247, 111, 189, 174, 153, 13, 240, 29, 156, 93, 60, 246, 119,
       191, 251, 223, 46, 254, 60, 185, 255, 220, 54, 247, 253, 119, 119,
       254, 85, 209, 95, 124, 181, 78, 255, 223, 97, 107, 246, 125, 194,
       243, 217, 127, 179, 254, 88, 213, 245, 235, 223, 52, 87, 186, 219,
       120, 249, 125, 112, 93, 189, 47, 245, 20, 247, 111, 153, 172, 24,
       7, 240, 29, 156, 73, 16, 242, 51, 189, 89, 87, 32, 250, 124, 43,
       239, 252, 50, 119, 241, 255, 245, 252, 222, 181, 95, 190, 187,
       238, 155, 220, 235, 107, 245, 253, 196, 183, 93, 235, 148, 145,
       105, 221, 62, 235, 255, 38, 103, 186, 214, 122, 249, 124, 252,
       125, 255, 54, 253, 167, 99, 238, 191, 172, 191, 157, 242, 29, 156,
       92, 20, 242, 123, 253, 91, 94, 43, 254, 50, 241, 89, 158, 55, 132,
       95, 9, 199, 70, 53, 186, 189, 106, 180, 86, 246, 215, 32, 241,
       131, 54, 193, 102, 220, 151, 231, 121, 18, 184, 213, 41, 214, 44,
       20, 190, 202, 120, 227, 116, 50, 202, 53, 41, 148, 20, 245, 111,
       145, 172, 24, 5, 96, 25, 156, 73, 16, 242, 51, 189, 88, 87, 32,
       251, 92, 32, 211, 180, 56, 226, 58, 118, 80, 190, 211, 21, 65,
       196, 147, 66, 170, 205, 131, 99, 205, 33, 198, 155, 77, 138, 166,
       143, 64, 13, 49, 239, 87, 36, 85, 186, 86, 248, 225, 118, 80, 76,
       49, 46, 231, 4, 193, 107, 153, 172, 24, 5, 240, 29, 156, 73, 16,
       242, 51, 189, 88, 23, 32, 254, 182, 48, 89, 134, 255, 128, 27, 8,
       198, 3, 17, 114, 189, 74, 144, 80, 242, 214, 4, 96, 201, 32, 161,
       100, 142, 138, 224, 11, 210, 40, 113, 41, 82, 36, 20, 190, 66,
       112, 1, 212, 80, 200, 25, 10, 192, 20, 192, 77, 153, 172, 24, 5,
       96, 24, 156, 73, 16, 114, 51, 152, 88, 22, 32, 249, 105, 22, 197,
       162, 93, 162, 167, 90, 180, 120, 66, 117, 169, 95, 129, 69, 226,
       221, 129, 96, 224, 39, 202, 123, 70, 200, 168, 135, 90, 0, 33,
       239, 215, 36, 85, 186, 83, 120, 45, 116, 120, 84, 26, 15, 213, 21,
       247, 79, 152, 172, 24, 5, 240, 29, 156, 73, 16, 242, 51, 189, 88,
       87, 32, 250, 61, 188, 253, 238, 62, 253, 253, 119, 247, 254, 85,
       221, 221, 63, 188, 95, 255, 254, 227, 107, 245, 118, 210, 247,
       253, 255, 181, 255, 126, 219, 245, 235, 215, 108, 87, 190, 223,
       120, 249, 125, 120, 93, 123, 47, 245, 52, 245, 111, 185, 172, 152,
       15, 240, 29, 156, 93, 52, 242, 51, 189, 123, 223, 40, 250, 84, 48,
       209, 18, 216, 130, 34, 69, 66, 34, 1, 50, 164, 194, 131, 82, 118,
       199, 1, 64, 203, 165, 203, 9, 142, 136, 232, 79, 146, 8, 225, 110,
       115, 39, 20, 191, 0, 248, 5, 86, 128, 66, 8, 10, 64, 28, 201, 151,
       153, 36, 24, 4, 96, 24, 156, 73, 16, 114, 49, 184, 88, 70, 34,
       241, 114, 153, 219, 222, 118, 143, 95, 47, 214, 70, 53, 218, 191,
       234, 54, 92, 254, 215, 112, 103, 198, 63, 195, 103, 255, 211, 247,
       127, 82, 184, 212, 105, 215, 44, 87, 190, 82, 120, 235, 116, 112,
       223, 53, 47, 213, 28, 245, 111, 153, 172, 24, 5, 240, 29, 156, 75,
       16, 242, 51, 189, 88, 87, 32, 250, 51, 181, 221, 158, 23, 135, 19,
       27, 230, 68, 21, 48, 189, 123, 180, 85, 254, 247, 96, 118, 214,
       39, 209, 103, 208, 178, 228, 77, 18, 24, 208, 105, 214, 44, 87,
       190, 90, 120, 203, 116, 112, 88, 56, 143, 213, 84, 245, 79, 153,
       172, 24, 5, 240, 25, 156, 73, 16, 242, 51, 189, 88, 87, 32, 250,
       114, 17, 17, 150, 221, 130, 11, 9, 66, 65, 17, 80, 165, 67, 4, 17,
       102, 215, 4, 100, 194, 45, 128, 99, 78, 146, 227, 13, 146, 40, 17,
       41, 82, 36, 20, 154, 66, 112, 3, 214, 0, 74, 24, 75, 193, 28, 193,
       15, 145, 164, 16, 4, 96, 24, 156, 73, 16, 114, 51, 157, 88, 87,
       32, 249, 77, 38, 65, 36, 221, 162, 35, 88, 96, 9, 192, 115, 224,
       67, 128, 1, 98, 13, 143, 84, 225, 45, 8, 91, 6, 154, 74, 135, 214,
       4, 33, 77, 94, 167, 60, 155, 33, 184, 5, 150, 205, 226, 26, 11,
       73, 9, 74, 211, 8, 55, 80, 36, 97, 182, 206, 9, 0, 168, 135, 142,
       8, 7, 181, 17, 108, 46, 231, 249, 24, 127, 161, 255, 173, 252,
       202, 21, 81, 253, 251, 231, 203, 220, 195, 106, 244, 225, 222, 59,
       93, 233, 148, 133, 121, 10, 59, 207, 245, 6, 85, 186, 80, 242,
       237, 118, 180, 116, 24, 38, 85, 134, 97, 235, 153, 44, 92, 5, 242,
       29, 157, 73, 144, 224, 35, 189, 72, 70, 33, 242, 122, 16, 253,
       182, 255, 167, 27, 61, 214, 100, 213, 52, 189, 106, 16, 86, 246,
       215, 83, 116, 200, 35, 195, 119, 140, 202, 236, 95, 82, 185, 245,
       235, 215, 45, 20, 191, 90, 120, 225, 119, 80, 72, 21, 15, 209, 28,
       225, 79, 153, 172, 24, 5, 240, 28, 156, 73, 80, 242, 51, 185, 88,
       86, 32, 250, 15, 2, 65, 161, 221, 176, 175, 88, 180, 123, 194,
       115, 129, 15, 129, 65, 194, 93, 129, 96, 224, 37, 202, 121, 76,
       152, 40, 39, 90, 9, 49, 79, 87, 164, 92, 186, 115, 248, 41, 54,
       96, 68, 26, 15, 213, 21, 213, 83, 24, 172, 24, 5, 240, 29, 156,
       73, 16, 242, 51, 189, 72, 87, 32, 254, 254, 250, 247, 247, 255,
       247, 251, 249, 254, 255, 211, 127, 255, 251, 243, 93, 250, 245,
       127, 103, 253, 143, 159, 125, 254, 255, 255, 191, 222, 223, 119,
       191, 215, 45, 95, 255, 210, 125, 253, 126, 121, 92, 120, 63, 221,
       61, 249, 181, 157, 173, 24, 133, 240, 191, 156, 73, 80, 252, 49,
       189, 220, 87, 48, 190, 255, 62, 231, 177, 222, 183, 47, 248, 236,
       127, 210, 63, 239, 239, 179, 95, 242, 245, 123, 102, 253, 135,
       219, 125, 78, 250, 188, 175, 210, 28, 115, 175, 215, 45, 85, 191,
       82, 124, 237, 118, 124, 92, 56, 175, 213, 57, 253, 183, 157, 172,
       24, 5, 240, 61, 156, 73, 80, 246, 51, 189, 88, 87, 32, 250, 126,
       48, 243, 179, 223, 167, 11, 237, 206, 231, 209, 62, 253, 142, 147,
       86, 242, 213, 91, 100, 201, 135, 203, 61, 78, 200, 252, 47, 210,
       153, 113, 238, 101, 45, 85, 191, 82, 121, 37, 86, 80, 72, 16, 14,
       209, 28, 137, 21, 157, 172, 24, 5, 240, 28, 156, 65, 80, 242, 51,
       188, 88, 86, 32, 250, 63, 253, 255, 254, 63, 253, 221, 63, 255,
       254, 221, 248, 253, 127, 253, 223, 251, 246, 98, 123, 247, 126,
       211, 127, 253, 255, 247, 63, 127, 251, 117, 235, 223, 108, 215,
       190, 222, 120, 251, 125, 124, 93, 251, 239, 245, 117, 245, 111,
       187, 174, 152, 15, 240, 29, 156, 93, 56, 242, 115, 191, 251, 223,
       172, 250, 61, 254, 125, 237, 63, 253, 189, 121, 253, 252, 222,
       249, 253, 61, 253, 77, 255, 252, 227, 123, 245, 118, 219, 255,
       253, 127, 245, 242, 124, 215, 245, 239, 223, 232, 215, 52, 255,
       248, 249, 125, 124, 93, 123, 175, 213, 177, 247, 107, 187, 254,
       153, 15, 244, 29, 156, 93, 62, 242, 183, 189, 251, 223, 44, 254,
       124, 50, 245, 177, 254, 183, 35, 125, 236, 116, 210, 54, 253, 255,
       187, 70, 242, 213, 75, 102, 249, 37, 195, 117, 76, 200, 172, 173,
       82, 12, 49, 235, 215, 37, 85, 187, 82, 122, 229, 116, 248, 92, 24,
       14, 213, 12, 193, 79, 153, 172, 24, 5, 240, 29, 156, 73, 16, 242,
       51, 189, 88, 87, 32, 250, 253, 63, 247, 241, 244, 119, 169, 254,
       204, 254, 210, 54, 239, 207, 155, 87, 250, 253, 123, 110, 127,
       143, 198, 63, 207, 250, 254, 141, 210, 28, 114, 187, 119, 39, 221,
       191, 82, 62, 197, 85, 220, 68, 154, 158, 203, 169, 193, 255, 152,
       44, 24, 145, 240, 191, 156, 65, 192, 180, 49, 191, 92, 23, 32,
       242, 127, 52, 109, 130, 223, 167, 3, 88, 230, 102, 145, 48, 189,
