%YAML:1.0
descriptors: !!opencv-matrix
   rows: 57
   cols: 64
   dt: u
   data: [ 63, 182, 253, 175, 62, 253, 191, 121, 255, 255, 223, 255, 253,
       127, 190, 116, 255, 223, 99, 243, 245, 119, 211, 247, 221, 255,
       245, 255, 126, 223, 247, 235, 223, 44, 85, 190, 91, 120, 233, 124,
       124, 93, 56, 47, 213, 53, 247, 111, 153, 172, 24, 5, 240, 29, 156,
       73, 16, 242, 51, 189, 88, 87, 32, 250, 62, 245, 253, 222, 55, 157,
       221, 123, 247, 196, 189, 250, 255, 126, 180, 93, 247, 247, 102,
       119, 215, 62, 209, 119, 253, 255, 243, 125, 119, 158, 214, 41,
       214, 44, 87, 158, 210, 120, 251, 117, 114, 95, 57, 47, 213, 20,
       245, 111, 153, 172, 24, 13, 240, 29, 156, 73, 16, 242, 115, 189,
       88, 87, 32, 250, 45, 166, 237, 169, 26, 253, 167, 125, 189, 254,
       206, 244, 217, 61, 187, 103, 203, 221, 99, 99, 245, 117, 202, 251,
       77, 237, 180, 167, 88, 77, 51, 235, 215, 36, 85, 186, 82, 120,
       233, 116, 120, 92, 56, 47, 213, 53, 247, 107, 153, 172, 24, 5,
       240, 29, 156, 73, 16, 242, 51, 189, 88, 87, 32, 250, 76, 34, 243,
       176, 88, 34, 34, 103, 64, 170, 194, 21, 65, 132, 155, 66, 226, 76,
       131, 98, 201, 161, 206, 155, 12, 136, 172, 133, 64, 12, 49, 206,
       113, 6, 85, 187, 16, 242, 5, 84, 144, 68, 24, 6, 64, 132, 67, 207,
       153, 44, 56, 5, 240, 28, 157, 73, 128, 234, 3, 188, 72, 6, 32,
       240, 63, 254, 253, 254, 63, 191, 253, 123, 255, 252, 252, 251,
       255, 127, 190, 125, 243, 245, 99, 123, 245, 103, 211, 247, 221,
       239, 245, 191, 127, 221, 247, 235, 223, 44, 87, 190, 222, 120,
       249, 125, 122, 95, 59, 175, 213, 53, 247, 111, 153, 172, 24, 13,
       240, 29, 156, 73, 16, 242, 51, 189, 90, 87, 40, 250, 94, 48, 211,
       179, 216, 162, 43, 205, 194, 227, 193, 52, 229, 194, 147, 82, 226,
       213, 1, 98, 139, 169, 238, 25, 140, 136, 170, 15, 82, 41, 49, 111,
       117, 167, 28, 155, 0, 244, 5, 214, 128, 66, 24, 72, 66, 28, 73,
       151, 217, 44, 80, 37, 96, 28, 180, 105, 144, 184, 33, 152, 92, 6,
       50, 241, 60, 249, 255, 254, 62, 191, 253, 123, 247, 252, 253, 251,
       255, 250, 182, 126, 247, 223, 99, 123, 247, 127, 195, 247, 253,
       255, 247, 255, 123, 223, 247, 235, 223, 44, 85, 190, 223, 120,
       249, 125, 122, 223, 249, 47, 213, 53, 247, 111, 153, 172, 24, 5,
       240, 29, 156, 73, 16, 242, 115, 189, 123, 87, 34, 251, 226, 9,
       195, 147, 218, 71, 197, 203, 238, 199, 10, 86, 187, 238, 179, 124,
       235, 213, 53, 102, 78, 141, 142, 103, 78, 223, 55, 47, 210, 10,
       50, 59, 87, 39, 93, 219, 82, 116, 111, 84, 112, 84, 56, 47, 205,
       28, 245, 183, 153, 172, 24, 5, 240, 31, 140, 73, 16, 240, 49, 189,
       92, 85, 32, 250, 63, 244, 125, 254, 191, 189, 223, 24, 255, 127,
       181, 250, 189, 123, 244, 85, 246, 247, 70, 115, 245, 114, 147,
       126, 236, 254, 247, 127, 126, 123, 245, 239, 215, 108, 158, 190,
       218, 121, 249, 119, 114, 223, 123, 47, 213, 20, 245, 111, 153,
       191, 24, 5, 248, 29, 158, 73, 56, 242, 115, 191, 250, 223, 44,
       251, 60, 53, 125, 150, 23, 133, 19, 125, 230, 100, 213, 52, 125,
       62, 179, 86, 242, 212, 67, 96, 241, 35, 195, 54, 92, 168, 164, 9,
       114, 156, 113, 233, 215, 36, 85, 186, 82, 120, 129, 92, 48, 89,
       24, 14, 212, 20, 193, 79, 153, 172, 24, 5, 240, 29, 156, 73, 16,
       242, 51, 188, 88, 86, 32, 250, 124, 50, 117, 145, 82, 71, 139,
       253, 198, 230, 211, 54, 245, 14, 187, 86, 250, 213, 67, 102, 73,
       161, 198, 116, 76, 216, 188, 45, 210, 142, 51, 123, 87, 36, 85,
       186, 82, 120, 233, 84, 112, 92, 48, 46, 213, 20, 225, 109, 153,
       172, 24, 5, 240, 29, 156, 73, 16, 242, 51, 189, 88, 87, 32, 250,
       60, 46, 253, 220, 58, 95, 113, 127, 253, 244, 223, 180, 93, 190,
       251, 230, 251, 212, 67, 107, 181, 112, 212, 183, 93, 169, 132,
       155, 96, 221, 63, 235, 207, 36, 71, 186, 210, 122, 233, 126, 240,
       93, 113, 38, 244, 166, 229, 111, 155, 172, 153, 13, 242, 29, 157,
       93, 16, 242, 123, 253, 91, 87, 40, 254, 47, 50, 237, 170, 23, 245,
       165, 126, 244, 254, 208, 48, 125, 46, 185, 71, 251, 252, 99, 240,
       241, 38, 209, 247, 76, 253, 181, 169, 82, 158, 113, 235, 223, 44,
       87, 186, 91, 120, 233, 124, 120, 92, 56, 47, 213, 117, 247, 111,
       153, 172, 24, 5, 240, 29, 156, 73, 16, 242, 51, 189, 88, 87, 32,
       250, 44, 33, 101, 162, 147, 37, 33, 252, 196, 70, 194, 54, 113,
       42, 179, 70, 226, 212, 3, 96, 73, 130, 133, 52, 12, 136, 164, 9,
       210, 12, 48, 41, 112, 36, 84, 186, 82, 112, 1, 84, 80, 64, 24, 14,
       192, 20, 192, 76, 153, 172, 24, 5, 240, 28, 156, 73, 16, 242, 51,
       188, 88, 22, 32, 248, 188, 122, 109, 168, 54, 125, 49, 255, 253,
       220, 254, 183, 125, 190, 251, 231, 251, 212, 67, 104, 125, 146,
       212, 52, 93, 173, 181, 137, 219, 222, 58, 185, 240, 36, 87, 250,
       82, 114, 137, 116, 250, 93, 56, 62, 212, 183, 224, 108, 153, 172,
       30, 5, 240, 29, 157, 73, 16, 242, 59, 188, 88, 86, 34, 250, 45,
       54, 237, 96, 28, 247, 161, 126, 240, 190, 194, 53, 77, 61, 153,
       67, 203, 236, 195, 106, 241, 99, 94, 255, 76, 40, 4, 135, 124, 85,
       113, 207, 93, 74, 215, 186, 93, 186, 105, 60, 124, 84, 90, 174,
       68, 225, 67, 107, 58, 60, 28, 1, 240, 29, 156, 92, 54, 226, 135,
       157, 202, 151, 108, 246, 126, 169, 171, 158, 34, 95, 154, 39, 95,
       214, 95, 148, 31, 182, 63, 254, 157, 147, 112, 239, 148, 85, 194,
       211, 217, 199, 156, 124, 97, 250, 150, 234, 135, 28, 67, 162, 223,
       88, 232, 121, 112, 29, 53, 37, 181, 20, 245, 111, 159, 174, 137,
       15, 242, 29, 152, 89, 16, 243, 51, 253, 123, 219, 104, 250, 109,
       190, 238, 248, 127, 255, 253, 127, 253, 254, 222, 181, 127, 254,
       253, 239, 217, 253, 251, 250, 245, 119, 219, 255, 87, 127, 243,
       183, 121, 87, 127, 239, 223, 42, 215, 187, 255, 124, 253, 117,
       124, 125, 126, 47, 215, 245, 247, 235, 191, 236, 24, 13, 242, 61,
       220, 93, 22, 246, 255, 191, 219, 215, 168, 246, 13, 34, 199, 33,
       24, 113, 161, 252, 112, 188, 210, 53, 104, 59, 139, 224, 234, 220,
       131, 96, 225, 0, 206, 112, 77, 168, 56, 131, 90, 12, 51, 95, 245,
       36, 85, 186, 87, 122, 169, 116, 216, 84, 24, 14, 64, 7, 66, 109,
       153, 44, 24, 5, 240, 29, 156, 73, 16, 242, 35, 188, 88, 87, 32,
       250, 45, 174, 231, 161, 61, 253, 161, 253, 189, 252, 206, 117, 77,
       63, 251, 229, 235, 252, 195, 104, 245, 66, 222, 120, 125, 189, 28,
       131, 124, 91, 59, 255, 253, 100, 85, 186, 87, 122, 169, 116, 253,
       84, 58, 190, 84, 167, 242, 105, 153, 172, 28, 13, 240, 29, 157,
       73, 16, 242, 51, 188, 90, 87, 32, 250, 61, 190, 109, 174, 63, 125,
       181, 253, 253, 252, 254, 245, 125, 63, 251, 231, 251, 244, 99,
       105, 241, 82, 221, 116, 125, 189, 181, 187, 127, 223, 127, 255,
       221, 108, 215, 190, 215, 122, 185, 125, 124, 93, 122, 191, 212,
       167, 246, 109, 185, 173, 156, 13, 242, 29, 159, 93, 56, 242, 59,
       188, 219, 223, 44, 250, 191, 178, 81, 167, 253, 160, 187, 200,
       254, 251, 82, 127, 173, 75, 131, 85, 226, 213, 25, 99, 205, 41,
       202, 124, 108, 218, 58, 47, 94, 41, 49, 127, 87, 229, 92, 187,
       114, 249, 233, 118, 209, 76, 74, 14, 209, 20, 217, 83, 153, 188,
       24, 5, 244, 149, 156, 105, 16, 242, 179, 189, 216, 87, 32, 254,
       71, 50, 81, 167, 217, 160, 171, 200, 40, 59, 130, 127, 161, 79,
       131, 81, 226, 213, 9, 96, 201, 37, 138, 120, 78, 216, 56, 47, 214,
       9, 49, 79, 87, 165, 93, 187, 112, 243, 45, 118, 65, 68, 72, 14,
       197, 12, 216, 17, 152, 44, 24, 37, 240, 156, 156, 105, 16, 242,
       179, 188, 216, 87, 48, 244, 135, 194, 1, 163, 221, 184, 130, 136,
       40, 121, 34, 75, 128, 83, 192, 1, 0, 69, 13, 32, 192, 36, 136,
       120, 102, 148, 25, 35, 150, 43, 3, 95, 23, 165, 220, 26, 96, 240,
       45, 150, 225, 116, 10, 25, 193, 6, 248, 17, 0, 181, 16, 4, 205,
       167, 143, 43, 16, 64, 48, 44, 76, 87, 52, 185, 175, 254, 108, 171,
       255, 188, 163, 153, 252, 127, 174, 123, 173, 27, 236, 253, 242,
