%YAML:1.0
descriptors: !!opencv-matrix
   rows: 50
   cols: 64
   dt: u
   data: [ 63, 221, 252, 254, 63, 253, 253, 123, 191, 252, 220, 253, 189,
       127, 189, 125, 255, 255, 227, 243, 245, 127, 211, 119, 117, 255,
       229, 127, 126, 223, 247, 239, 207, 108, 87, 190, 247, 120, 249,
       125, 120, 93, 122, 175, 213, 117, 247, 111, 185, 174, 24, 13, 240,
       29, 156, 73, 18, 242, 119, 189, 122, 87, 40, 250, 191, 254, 255,
       255, 127, 255, 191, 248, 255, 255, 254, 255, 253, 127, 251, 253,
       255, 255, 107, 123, 245, 103, 211, 118, 205, 255, 245, 255, 126,
       95, 247, 251, 223, 44, 87, 190, 219, 122, 233, 125, 120, 92, 58,
       47, 213, 55, 247, 111, 153, 172, 24, 5, 240, 29, 156, 73, 16, 242,
       51, 189, 90, 87, 32, 250, 191, 249, 255, 255, 63, 253, 255, 120,
       255, 255, 253, 250, 255, 123, 244, 127, 247, 247, 103, 123, 253,
       119, 211, 247, 237, 255, 247, 255, 123, 223, 247, 251, 223, 44,
       87, 190, 218, 121, 249, 253, 122, 95, 57, 47, 213, 53, 245, 111,
       153, 172, 24, 5, 240, 29, 156, 77, 24, 242, 51, 189, 120, 87, 32,
       250, 191, 253, 255, 223, 63, 157, 221, 121, 255, 255, 189, 250,
       255, 122, 244, 95, 246, 247, 102, 123, 159, 126, 243, 127, 237,
       247, 247, 127, 127, 127, 245, 107, 215, 44, 214, 190, 218, 121,
       251, 247, 114, 223, 249, 47, 211, 20, 245, 111, 153, 172, 24, 5,
       248, 29, 157, 77, 16, 242, 115, 191, 121, 87, 42, 251, 28, 160,
       153, 190, 43, 195, 252, 111, 215, 186, 220, 245, 113, 70, 183, 90,
       251, 154, 99, 67, 197, 55, 195, 215, 205, 202, 228, 207, 66, 205,
       181, 234, 207, 36, 69, 190, 87, 120, 233, 116, 120, 93, 52, 47,
       213, 53, 183, 111, 153, 172, 24, 5, 240, 29, 156, 65, 16, 242, 51,
       189, 88, 87, 32, 250, 247, 254, 115, 167, 253, 228, 155, 216, 222,
       255, 131, 127, 229, 79, 219, 245, 235, 213, 31, 98, 205, 175, 143,
       124, 111, 222, 59, 47, 214, 11, 51, 127, 119, 165, 93, 219, 82,
       247, 237, 118, 241, 92, 8, 30, 197, 30, 216, 53, 137, 173, 24, 37,
       240, 159, 156, 105, 144, 240, 49, 189, 92, 87, 32, 176, 253, 237,
       255, 244, 114, 103, 125, 127, 149, 229, 229, 248, 87, 234, 182,
       206, 235, 221, 63, 111, 183, 175, 228, 55, 95, 235, 183, 159, 83,
       13, 52, 233, 211, 39, 52, 187, 66, 124, 247, 252, 90, 250, 185,
       111, 251, 29, 101, 238, 221, 164, 122, 213, 113, 60, 180, 76, 81,
       254, 115, 255, 89, 118, 179, 251, 197, 233, 227, 117, 84, 98, 240,
       222, 200, 161, 237, 251, 98, 211, 134, 235, 235, 197, 63, 79, 15,
       143, 231, 23, 79, 223, 191, 47, 211, 14, 34, 58, 242, 39, 116,
       251, 82, 61, 255, 244, 114, 122, 184, 255, 219, 24, 57, 174, 205,
       172, 94, 209, 209, 126, 148, 202, 208, 252, 97, 191, 92, 117, 145,
       251, 63, 244, 125, 142, 55, 253, 153, 24, 255, 215, 189, 252, 189,
       63, 252, 125, 251, 246, 98, 249, 241, 82, 211, 117, 245, 245, 233,
       63, 127, 122, 255, 105, 213, 108, 215, 190, 218, 120, 233, 125,
       114, 221, 56, 47, 212, 20, 244, 109, 153, 172, 24, 13, 240, 29,
       156, 93, 56, 242, 51, 188, 88, 223, 46, 250, 58, 153, 223, 222,
       35, 69, 217, 175, 87, 224, 93, 156, 63, 238, 23, 126, 255, 214,
       32, 99, 134, 172, 199, 39, 217, 139, 242, 88, 83, 185, 222, 107,
       247, 38, 53, 254, 211, 88, 218, 117, 50, 89, 189, 110, 190, 20,
       229, 110, 153, 174, 27, 71, 240, 28, 148, 73, 17, 243, 123, 251,
       121, 119, 163, 251, 187, 153, 154, 254, 35, 72, 216, 174, 94, 224,
       87, 222, 182, 254, 78, 222, 127, 214, 32, 107, 134, 172, 195, 119,
       169, 155, 242, 123, 83, 35, 247, 107, 215, 36, 117, 254, 211, 90,
       250, 117, 240, 92, 185, 111, 245, 20, 245, 111, 153, 174, 25, 7,
       240, 29, 156, 73, 17, 243, 51, 191, 88, 119, 161, 250, 186, 213,
       152, 254, 39, 36, 92, 3, 7, 70, 117, 194, 30, 202, 54, 94, 253,
       218, 37, 243, 38, 174, 209, 115, 222, 223, 243, 121, 211, 176,
       246, 225, 130, 46, 20, 254, 195, 124, 242, 117, 112, 202, 181,
       105, 213, 21, 247, 79, 217, 164, 24, 5, 96, 28, 188, 73, 17, 243,
       113, 159, 92, 119, 161, 250, 61, 54, 113, 174, 152, 236, 45, 73,
       249, 124, 74, 23, 149, 47, 223, 246, 255, 222, 129, 96, 232, 0,
       218, 120, 221, 220, 116, 195, 90, 99, 123, 239, 69, 160, 125, 52,
       53, 250, 233, 126, 109, 84, 90, 171, 102, 147, 110, 113, 168, 100,
       120, 36, 230, 23, 190, 105, 140, 242, 183, 168, 222, 71, 32, 182,
       189, 54, 109, 35, 159, 253, 163, 252, 220, 221, 214, 117, 237, 31,
       192, 197, 251, 244, 239, 121, 241, 83, 239, 244, 45, 125, 93, 167,
       126, 95, 115, 255, 93, 108, 221, 190, 87, 120, 173, 20, 125, 85,
       122, 167, 197, 33, 118, 101, 186, 189, 141, 13, 240, 157, 204, 65,
       38, 112, 167, 173, 202, 159, 44, 222, 222, 249, 202, 126, 55, 75,
       220, 138, 31, 131, 253, 250, 58, 202, 108, 218, 185, 147, 52, 215,
       7, 190, 229, 7, 39, 215, 243, 121, 83, 254, 246, 176, 210, 62, 37,
       223, 91, 125, 251, 125, 122, 255, 181, 105, 159, 31, 183, 110,
       223, 174, 18, 199, 248, 29, 245, 81, 17, 243, 121, 251, 61, 121,
       179, 171, 47, 182, 109, 171, 191, 181, 135, 221, 244, 254, 252,
       113, 45, 26, 179, 69, 251, 244, 67, 80, 241, 18, 255, 116, 36,
       169, 104, 35, 223, 89, 117, 235, 237, 44, 150, 186, 242, 112, 33,
       245, 122, 79, 118, 143, 208, 245, 208, 77, 184, 188, 30, 13, 242,
       157, 156, 65, 48, 178, 39, 156, 90, 223, 44, 249, 158, 50, 93,
       161, 190, 249, 163, 248, 216, 63, 214, 119, 205, 18, 217, 209,
       120, 204, 135, 96, 233, 80, 10, 216, 173, 152, 125, 227, 238, 79,
       243, 255, 81, 160, 213, 110, 127, 243, 169, 119, 216, 213, 74, 28,
       64, 135, 234, 81, 186, 125, 15, 38, 252, 157, 143, 121, 6, 240,
       143, 188, 216, 31, 100, 254, 45, 38, 101, 33, 216, 228, 163, 220,
       232, 124, 194, 53, 97, 63, 203, 229, 194, 108, 139, 96, 241, 1,
       30, 252, 70, 168, 8, 129, 222, 12, 41, 223, 125, 195, 93, 187, 53,
       178, 13, 20, 205, 84, 26, 150, 64, 195, 74, 209, 40, 61, 92, 32,
       209, 159, 141, 9, 132, 236, 135, 172, 206, 6, 34, 48, 77, 46, 99,
       33, 216, 234, 167, 208, 24, 62, 234, 53, 192, 13, 201, 161, 139,
       109, 139, 96, 225, 1, 14, 88, 78, 221, 25, 167, 220, 6, 35, 223,
       117, 131, 93, 169, 53, 182, 45, 4, 109, 36, 26, 182, 77, 131, 126,
       241, 40, 117, 124, 48, 193, 246, 142, 32, 198, 200, 135, 132, 206,
       7, 49, 52, 62, 54, 113, 160, 30, 180, 170, 9, 231, 74, 194, 52,
       237, 6, 185, 85, 244, 238, 67, 208, 241, 112, 25, 220, 212, 136,
       100, 201, 2, 156, 233, 242, 101, 12, 206, 174, 185, 58, 1, 68,
       140, 68, 20, 136, 64, 103, 130, 77, 186, 44, 136, 11, 114, 21, 93,
       89, 12, 50, 19, 180, 58, 210, 104, 96, 63, 246, 125, 42, 187, 189,
       161, 72, 249, 94, 198, 117, 125, 63, 236, 244, 242, 190, 135, 112,
       241, 114, 24, 124, 244, 188, 101, 211, 238, 211, 121, 255, 148,
       200, 79, 180, 255, 178, 169, 124, 223, 213, 90, 141, 84, 227, 246,
       77, 171, 61, 24, 12, 234, 5, 207, 81, 62, 242, 191, 172, 218, 223,
       106, 189, 118, 97, 217, 30, 16, 2, 92, 79, 195, 34, 173, 176, 115,
       194, 166, 90, 243, 2, 34, 71, 11, 184, 97, 7, 214, 131, 226, 9, 3,
       168, 148, 96, 162, 6, 6, 254, 10, 116, 67, 212, 50, 202, 52, 73,
       178, 92, 133, 78, 209, 174, 18, 87, 32, 24, 52, 65, 144, 178, 57,
       57, 24, 84, 227, 233, 12, 33, 249, 188, 16, 102, 61, 126, 132,
       230, 205, 176, 65, 143, 151, 78, 235, 212, 35, 99, 131, 33, 230,
       51, 77, 137, 160, 13, 83, 12, 48, 105, 213, 36, 21, 186, 82, 120,
       193, 116, 48, 74, 56, 47, 214, 20, 229, 110, 153, 172, 24, 5, 240,
       29, 148, 73, 16, 242, 51, 189, 88, 86, 32, 250, 44, 34, 101, 168,
       18, 181, 37, 105, 228, 126, 192, 48, 209, 58, 189, 70, 226, 212,
       3, 96, 225, 38, 192, 119, 76, 136, 164, 9, 82, 12, 49, 201, 215,
       36, 85, 186, 82, 120, 129, 116, 112, 92, 56, 15, 212, 20, 229, 79,
       153, 172, 24, 5, 240, 29, 156, 73, 16, 242, 51, 188, 88, 87, 32,
