%YAML:1.0
descriptors: !!opencv-matrix
   rows: 60
   cols: 64
   dt: u
   data: [ 63, 254, 253, 255, 63, 253, 191, 121, 255, 255, 255, 251, 253,
       127, 253, 253, 255, 255, 99, 243, 245, 119, 211, 127, 221, 255,
       245, 255, 127, 255, 247, 235, 207, 108, 87, 190, 223, 122, 249,
       125, 124, 93, 123, 175, 213, 119, 247, 111, 185, 174, 152, 13,
       242, 29, 157, 89, 48, 242, 119, 189, 250, 215, 40, 250, 222, 217,
       206, 190, 55, 115, 221, 30, 183, 184, 253, 251, 63, 254, 54, 127,
       253, 255, 99, 243, 229, 39, 227, 119, 69, 207, 241, 111, 83, 95,
       247, 235, 223, 44, 87, 190, 91, 120, 233, 116, 122, 95, 56, 47,
       213, 85, 247, 111, 153, 172, 24, 5, 240, 29, 156, 73, 16, 242, 51,
       189, 88, 87, 32, 250, 12, 168, 207, 59, 24, 249, 160, 119, 89,
       184, 78, 213, 210, 118, 171, 232, 203, 92, 161, 99, 197, 37, 207,
       243, 77, 203, 16, 167, 82, 79, 51, 110, 215, 38, 85, 186, 87, 120,
       233, 116, 112, 92, 56, 47, 213, 20, 247, 107, 153, 172, 24, 5,
       240, 29, 156, 73, 16, 242, 51, 189, 88, 87, 32, 250, 62, 185, 255,
       254, 55, 255, 249, 127, 247, 254, 253, 245, 127, 126, 191, 126,
       255, 222, 99, 251, 245, 127, 211, 247, 253, 255, 247, 255, 91,
       255, 247, 235, 223, 44, 87, 190, 223, 120, 249, 125, 120, 93, 179,
       47, 213, 53, 247, 111, 185, 174, 24, 7, 240, 29, 156, 89, 16, 242,
       115, 189, 123, 87, 32, 250, 63, 191, 253, 254, 63, 189, 253, 122,
       255, 124, 255, 251, 237, 123, 253, 93, 246, 255, 99, 114, 245,
       111, 211, 119, 205, 255, 231, 255, 126, 95, 245, 235, 215, 44, 85,
       190, 91, 120, 249, 117, 120, 92, 58, 47, 213, 49, 247, 111, 153,
       172, 24, 5, 240, 29, 156, 73, 16, 242, 51, 189, 88, 87, 32, 250,
       157, 190, 213, 168, 24, 125, 36, 70, 107, 126, 10, 135, 84, 164,
       254, 251, 255, 250, 161, 97, 197, 132, 73, 216, 205, 93, 245, 235,
       66, 14, 243, 97, 213, 4, 85, 190, 16, 250, 233, 116, 112, 92, 56,
       47, 84, 20, 118, 237, 153, 172, 24, 4, 226, 29, 158, 73, 16, 240,
       19, 189, 88, 87, 32, 250, 47, 228, 104, 170, 19, 156, 13, 9, 165,
       66, 169, 184, 189, 47, 228, 87, 203, 54, 37, 113, 161, 114, 209,
       119, 85, 149, 225, 57, 82, 186, 53, 225, 130, 164, 95, 154, 227,
       120, 169, 124, 36, 202, 60, 169, 214, 85, 244, 111, 145, 172, 16,
       12, 98, 21, 254, 25, 24, 242, 51, 189, 24, 215, 40, 50, 60, 138,
       102, 161, 154, 253, 161, 245, 189, 253, 218, 87, 221, 124, 251,
       228, 249, 220, 195, 98, 244, 50, 158, 120, 125, 252, 52, 99, 220,
       215, 63, 255, 101, 32, 95, 186, 86, 115, 233, 124, 113, 85, 84,
       62, 68, 134, 252, 117, 153, 44, 24, 5, 242, 31, 156, 73, 16, 240,
       59, 189, 90, 15, 32, 242, 159, 218, 239, 233, 191, 249, 245, 248,
       188, 255, 252, 255, 173, 61, 239, 237, 233, 252, 99, 123, 228, 86,
       206, 120, 101, 253, 113, 123, 253, 75, 115, 255, 223, 100, 221,
       218, 82, 121, 233, 119, 115, 92, 122, 63, 212, 149, 244, 101, 153,
       189, 30, 5, 248, 157, 158, 73, 16, 242, 59, 189, 88, 95, 36, 250,
       190, 221, 251, 168, 19, 117, 189, 207, 183, 222, 236, 243, 63, 46,
       183, 125, 255, 254, 167, 97, 112, 86, 244, 115, 253, 157, 113, 89,
       91, 250, 254, 249, 132, 68, 31, 254, 178, 124, 233, 124, 114, 223,
       60, 169, 214, 21, 244, 108, 217, 172, 26, 13, 250, 21, 188, 93,
       24, 242, 123, 189, 95, 223, 42, 250, 44, 38, 100, 165, 184, 245,
       164, 245, 108, 253, 74, 53, 76, 63, 219, 229, 139, 232, 195, 232,
       249, 192, 127, 184, 89, 61, 157, 179, 236, 222, 51, 215, 125, 64,
       87, 178, 213, 178, 169, 60, 125, 20, 122, 182, 228, 163, 218, 97,
       184, 237, 237, 41, 214, 31, 153, 76, 46, 227, 3, 132, 202, 67, 44,
       126, 157, 50, 103, 165, 190, 245, 179, 244, 156, 189, 254, 93,
       205, 61, 219, 224, 171, 220, 207, 105, 249, 64, 174, 248, 45, 189,
       29, 179, 252, 71, 51, 223, 117, 96, 125, 250, 87, 243, 169, 181,
       253, 84, 123, 62, 198, 167, 90, 113, 170, 189, 95, 37, 216, 159,
       141, 76, 132, 208, 35, 204, 207, 15, 36, 190, 214, 249, 218, 222,
       35, 91, 92, 35, 27, 192, 63, 254, 62, 246, 76, 250, 253, 147, 52,
       191, 7, 44, 225, 99, 249, 215, 243, 125, 67, 170, 214, 40, 146,
       52, 117, 222, 202, 88, 218, 117, 112, 221, 185, 111, 183, 28, 245,
       110, 147, 174, 17, 135, 248, 29, 188, 75, 16, 243, 50, 249, 121,
       117, 160, 250, 28, 123, 113, 220, 49, 107, 52, 91, 198, 0, 175,
       48, 117, 214, 252, 243, 127, 214, 71, 68, 7, 184, 48, 151, 134,
       159, 225, 73, 211, 14, 212, 160, 136, 4, 87, 158, 0, 114, 193,
       213, 178, 155, 20, 7, 244, 215, 164, 78, 128, 167, 198, 28, 122,
       29, 147, 73, 16, 242, 49, 190, 88, 70, 37, 216, 12, 170, 83, 41,
       152, 184, 160, 197, 121, 187, 234, 15, 192, 20, 235, 225, 194, 72,
       131, 104, 233, 0, 78, 216, 77, 136, 12, 163, 196, 69, 59, 214,
       117, 128, 93, 42, 49, 255, 169, 54, 235, 84, 74, 22, 118, 199, 74,
       241, 153, 109, 60, 52, 212, 157, 141, 104, 150, 192, 139, 164,
       204, 70, 98, 181, 246, 249, 218, 222, 55, 75, 93, 139, 223, 137,
       189, 253, 63, 206, 228, 255, 251, 150, 52, 31, 7, 190, 229, 39,
       231, 215, 243, 57, 19, 123, 222, 56, 154, 47, 61, 255, 242, 125,
       219, 245, 83, 223, 165, 107, 159, 30, 253, 110, 197, 167, 82, 197,
       168, 18, 180, 75, 144, 178, 124, 123, 61, 125, 179, 155, 179, 208,
       88, 142, 255, 136, 223, 8, 126, 65, 61, 250, 191, 74, 100, 93,
       247, 215, 52, 113, 192, 2, 163, 100, 110, 215, 249, 47, 211, 43,
       213, 41, 148, 36, 28, 218, 66, 113, 169, 246, 83, 218, 12, 11,
       209, 20, 252, 13, 129, 164, 18, 5, 232, 17, 156, 73, 16, 242, 58,
       188, 88, 31, 34, 249, 210, 201, 138, 215, 103, 66, 220, 143, 14,
       129, 61, 202, 50, 194, 38, 186, 61, 147, 52, 151, 6, 189, 231, 67,
       43, 199, 243, 111, 3, 171, 150, 40, 166, 191, 32, 83, 106, 77,
       250, 211, 3, 251, 229, 105, 187, 30, 189, 46, 215, 138, 83, 199,
       60, 2, 180, 235, 81, 115, 112, 123, 53, 61, 147, 203, 242, 213,
       152, 222, 35, 142, 92, 11, 39, 67, 45, 202, 190, 234, 36, 95, 189,
       179, 52, 151, 14, 191, 240, 99, 86, 215, 243, 125, 19, 186, 212,
       33, 130, 52, 54, 158, 130, 76, 242, 223, 34, 234, 173, 233, 187,
       92, 245, 46, 209, 162, 16, 31, 40, 16, 182, 235, 25, 115, 112, 63,
       57, 117, 153, 235, 227, 212, 80, 130, 221, 2, 7, 72, 230, 97, 32,
       122, 163, 11, 164, 93, 98, 215, 5, 32, 192, 130, 169, 100, 14,
       129, 41, 43, 147, 8, 17, 109, 240, 36, 20, 154, 66, 112, 37, 246,
       82, 66, 8, 11, 208, 28, 208, 133, 129, 36, 16, 4, 112, 24, 132,
       75, 16, 240, 32, 60, 88, 86, 34, 249, 13, 38, 96, 32, 153, 176,
       162, 72, 96, 24, 130, 55, 224, 119, 233, 65, 194, 40, 131, 208,
       225, 32, 25, 220, 68, 8, 0, 129, 134, 12, 41, 214, 61, 192, 78,
       138, 57, 178, 1, 150, 141, 20, 24, 128, 64, 195, 130, 65, 40, 109,
       8, 32, 82, 21, 75, 9, 22, 64, 135, 132, 8, 2, 96, 64, 253, 43,
       243, 147, 80, 103, 43, 254, 192, 199, 211, 178, 115, 130, 146,
       202, 234, 213, 35, 101, 73, 133, 231, 21, 77, 217, 188, 45, 82,
       12, 50, 41, 208, 37, 84, 187, 82, 120, 133, 116, 240, 92, 56, 47,
       209, 28, 192, 108, 153, 172, 24, 5, 240, 29, 156, 73, 16, 242, 51,
       189, 88, 86, 32, 251, 44, 35, 245, 152, 16, 79, 37, 127, 197, 68,
       143, 52, 81, 254, 191, 230, 235, 212, 99, 100, 23, 160, 192, 179,
       93, 189, 149, 9, 96, 142, 26, 41, 222, 36, 85, 154, 0, 112, 201,
       92, 48, 25, 48, 39, 84, 52, 245, 110, 153, 172, 129, 12, 240, 29,
       148, 73, 48, 242, 49, 189, 88, 87, 32, 250, 90, 49, 155, 215, 126,
       151, 90, 229, 66, 166, 83, 148, 213, 194, 179, 82, 118, 211, 88,
       235, 143, 185, 199, 159, 141, 138, 230, 223, 66, 173, 245, 110,
       103, 53, 53, 191, 218, 127, 226, 87, 144, 72, 229, 78, 243, 28,
       129, 63, 159, 172, 24, 71, 112, 29, 148, 73, 209, 243, 57, 251,
       121, 54, 99, 247, 60, 50, 101, 130, 222, 189, 35, 121, 236, 68,
