%YAML:1.0
descriptors: !!opencv-matrix
   rows: 81
   cols: 64
   dt: u
   data: [ 63, 254, 253, 239, 191, 253, 255, 121, 255, 255, 253, 251,
       253, 123, 255, 253, 243, 255, 107, 123, 245, 119, 219, 125, 253,
       255, 245, 255, 127, 223, 247, 239, 215, 108, 223, 190, 223, 121,
       249, 127, 126, 95, 123, 47, 213, 55, 247, 111, 153, 172, 24, 5,
       240, 29, 157, 93, 24, 246, 51, 189, 219, 223, 40, 255, 30, 49,
       221, 150, 51, 131, 92, 106, 246, 138, 213, 177, 125, 98, 176, 82,
       254, 147, 98, 243, 197, 63, 193, 247, 204, 154, 226, 93, 74, 236,
       180, 232, 223, 60, 71, 190, 90, 120, 233, 116, 112, 93, 61, 47,
       245, 53, 245, 111, 153, 174, 24, 7, 240, 29, 156, 73, 24, 243, 51,
       189, 120, 87, 32, 250, 63, 191, 253, 254, 55, 125, 253, 122, 247,
       220, 254, 243, 125, 127, 252, 255, 247, 254, 99, 251, 245, 118,
       209, 119, 221, 191, 245, 251, 126, 222, 247, 235, 223, 44, 87,
       190, 223, 120, 249, 125, 124, 93, 59, 47, 212, 55, 247, 111, 153,
       172, 24, 5, 240, 29, 157, 77, 16, 242, 51, 189, 90, 87, 32, 250,
       32, 2, 101, 130, 154, 133, 13, 120, 230, 94, 2, 17, 189, 43, 176,
       69, 226, 212, 1, 96, 72, 0, 129, 52, 76, 152, 160, 9, 146, 8, 49,
       41, 80, 36, 84, 186, 82, 112, 129, 116, 80, 84, 24, 15, 192, 20,
       192, 76, 153, 172, 24, 5, 240, 29, 156, 73, 16, 242, 51, 188, 88,
       86, 32, 248, 63, 254, 255, 253, 255, 181, 255, 252, 253, 255, 253,
       251, 253, 123, 255, 253, 243, 253, 123, 123, 253, 119, 214, 127,
       109, 239, 229, 191, 127, 93, 117, 255, 247, 108, 215, 190, 215,
       121, 249, 117, 250, 95, 123, 47, 213, 55, 211, 111, 153, 172, 24,
       5, 240, 29, 157, 77, 16, 246, 51, 189, 218, 215, 42, 255, 60, 249,
       255, 252, 62, 255, 253, 127, 247, 254, 253, 249, 255, 250, 190,
       126, 255, 223, 115, 123, 247, 127, 211, 247, 253, 255, 247, 255,
       127, 223, 247, 235, 223, 44, 87, 190, 223, 120, 249, 125, 122,
       223, 251, 47, 213, 53, 247, 111, 155, 172, 152, 15, 240, 29, 156,
       93, 16, 242, 123, 191, 123, 215, 42, 251, 60, 190, 111, 139, 62,
       93, 129, 249, 255, 220, 30, 117, 29, 63, 249, 229, 242, 212, 75,
       106, 212, 66, 156, 116, 109, 172, 44, 9, 254, 90, 123, 123, 245,
       100, 95, 186, 82, 114, 137, 116, 241, 85, 24, 30, 84, 134, 80,
       109, 153, 45, 28, 5, 240, 29, 141, 73, 16, 240, 43, 188, 88, 95,
       34, 248, 61, 255, 127, 205, 182, 253, 247, 249, 255, 213, 223,
       254, 253, 126, 251, 236, 251, 213, 107, 111, 117, 119, 214, 246,
       125, 255, 181, 61, 126, 222, 118, 187, 222, 36, 85, 186, 210, 122,
       233, 124, 112, 93, 56, 63, 213, 182, 245, 111, 153, 173, 25, 13,
       240, 29, 157, 73, 16, 242, 51, 189, 88, 87, 32, 250, 250, 209, 24,
       190, 39, 11, 92, 3, 7, 67, 61, 202, 62, 232, 36, 30, 245, 146, 36,
       213, 6, 182, 241, 34, 212, 215, 241, 120, 83, 178, 214, 33, 130,
       60, 18, 254, 203, 72, 192, 240, 114, 219, 53, 105, 212, 20, 247,
       110, 145, 170, 16, 5, 104, 29, 248, 89, 17, 243, 49, 189, 25, 82,
       42, 235, 250, 49, 253, 246, 255, 161, 93, 59, 214, 33, 213, 114,
       255, 234, 150, 86, 246, 151, 102, 211, 255, 175, 195, 119, 158,
       218, 246, 127, 82, 189, 244, 232, 223, 44, 4, 190, 206, 121, 243,
       245, 88, 217, 181, 111, 209, 53, 181, 79, 155, 166, 153, 71, 240,
       28, 156, 73, 16, 243, 115, 187, 120, 23, 160, 250, 190, 253, 253,
       254, 63, 191, 221, 27, 255, 93, 245, 251, 255, 122, 182, 93, 251,
       247, 119, 115, 245, 119, 243, 119, 255, 255, 245, 63, 127, 123,
       247, 233, 215, 108, 150, 190, 218, 121, 249, 245, 122, 223, 63,
       47, 209, 21, 245, 111, 153, 174, 152, 13, 240, 29, 158, 89, 48,
       242, 115, 189, 122, 95, 44, 251, 90, 17, 144, 182, 7, 34, 92, 15,
       6, 74, 209, 17, 52, 132, 6, 82, 127, 150, 0, 212, 10, 136, 225, 3,
       142, 136, 226, 73, 82, 32, 244, 40, 80, 36, 52, 255, 67, 100, 128,
       85, 16, 202, 21, 11, 202, 21, 231, 78, 153, 166, 90, 5, 96, 26,
       148, 73, 144, 179, 57, 185, 28, 6, 32, 162, 242, 213, 121, 222,
       247, 30, 95, 9, 247, 71, 61, 218, 191, 250, 244, 126, 247, 215,
       52, 101, 14, 174, 161, 102, 126, 215, 247, 59, 211, 186, 86, 41,
       210, 36, 20, 222, 194, 121, 227, 245, 82, 218, 57, 127, 144, 30,
       244, 14, 129, 165, 18, 5, 104, 27, 151, 75, 16, 242, 49, 61, 92,
       84, 34, 185, 120, 49, 241, 186, 16, 39, 45, 111, 193, 238, 64, 48,
       117, 134, 179, 82, 251, 198, 163, 96, 64, 145, 69, 151, 220, 137,
       166, 137, 66, 136, 56, 232, 65, 4, 5, 190, 17, 124, 1, 116, 120,
       72, 52, 43, 118, 20, 133, 110, 153, 172, 24, 5, 226, 28, 28, 73,
       148, 242, 19, 185, 88, 86, 96, 242, 16, 50, 147, 166, 25, 160,
       160, 46, 82, 184, 82, 53, 33, 2, 131, 80, 98, 214, 129, 2, 192,
       32, 207, 91, 8, 136, 96, 11, 82, 8, 33, 111, 117, 36, 28, 178, 53,
       250, 1, 212, 193, 68, 18, 14, 64, 4, 193, 79, 152, 44, 25, 5, 244,
       24, 156, 65, 0, 114, 55, 152, 72, 6, 32, 245, 16, 50, 211, 179,
       56, 48, 168, 239, 80, 250, 66, 53, 33, 3, 131, 82, 98, 198, 129,
       42, 192, 32, 205, 91, 140, 136, 162, 131, 90, 8, 33, 127, 119, 4,
       93, 178, 117, 250, 1, 116, 208, 68, 26, 14, 226, 132, 193, 111,
       153, 44, 24, 5, 240, 28, 156, 73, 132, 242, 55, 157, 88, 86, 34,
       243, 59, 245, 125, 222, 255, 191, 223, 24, 255, 127, 181, 250,
       189, 123, 244, 85, 246, 247, 22, 115, 247, 127, 147, 126, 236,
       254, 231, 127, 126, 123, 245, 107, 215, 108, 158, 190, 218, 121,
       249, 117, 114, 223, 123, 47, 213, 20, 245, 111, 153, 172, 24, 5,
       248, 29, 158, 73, 16, 242, 51, 191, 88, 223, 32, 251, 4, 33, 193,
       145, 16, 128, 1, 108, 192, 166, 1, 52, 209, 134, 147, 66, 234, 84,
       1, 98, 139, 37, 194, 3, 12, 136, 162, 13, 2, 8, 49, 75, 87, 38,
       53, 186, 0, 120, 1, 86, 16, 64, 24, 10, 70, 20, 65, 47, 25, 44,
       24, 5, 112, 24, 156, 73, 16, 98, 51, 185, 72, 6, 32, 242, 210,
       218, 18, 131, 203, 86, 139, 193, 46, 71, 11, 78, 159, 236, 115,
       124, 255, 215, 60, 102, 74, 133, 142, 104, 238, 215, 123, 111,
       150, 10, 210, 59, 82, 37, 93, 223, 82, 117, 239, 86, 113, 64, 8,
       63, 205, 12, 252, 181, 205, 141, 16, 37, 217, 243, 140, 235, 80,
       124, 48, 61, 84, 93, 16, 186, 60, 58, 255, 233, 58, 127, 163, 255,
       253, 254, 222, 53, 93, 62, 251, 230, 251, 220, 203, 106, 245, 211,
       254, 188, 93, 233, 60, 131, 127, 223, 127, 255, 245, 100, 87, 186,
       86, 114, 237, 124, 252, 85, 122, 62, 85, 167, 67, 237, 191, 44,
       159, 13, 242, 29, 157, 93, 148, 244, 43, 188, 219, 159, 40, 246,
       124, 42, 247, 169, 90, 127, 163, 255, 252, 252, 206, 53, 93, 189,
       251, 230, 251, 252, 203, 106, 245, 211, 222, 180, 93, 168, 12,
       129, 252, 221, 123, 223, 125, 4, 87, 186, 84, 242, 165, 124, 252,
       85, 90, 22, 68, 167, 66, 225, 185, 45, 223, 13, 242, 29, 141, 89,
       36, 224, 43, 188, 202, 6, 40, 244, 3, 6, 64, 34, 137, 128, 3, 8,
       36, 4, 2, 64, 168, 59, 0, 5, 66, 116, 1, 96, 192, 34, 155, 100,
       64, 136, 0, 7, 50, 8, 1, 65, 151, 36, 82, 146, 1, 8, 33, 14, 197,
       80, 24, 131, 64, 80, 208, 67, 16, 36, 24, 0, 116, 8, 140, 9, 56,
       98, 51, 180, 72, 87, 32, 120, 7, 17, 81, 150, 153, 128, 15, 72, 6,
       64, 1, 115, 161, 75, 128, 85, 98, 214, 4, 32, 194, 40, 128, 98,
       76, 154, 160, 11, 146, 8, 17, 105, 87, 36, 84, 154, 66, 120, 131,
       212, 65, 72, 24, 11, 192, 20, 197, 79, 145, 164, 24, 5, 112, 24,
       156, 73, 16, 114, 50, 189, 88, 87, 32, 248, 118, 49, 241, 182,
       255, 134, 95, 11, 214, 96, 149, 115, 191, 74, 150, 84, 242, 151,
       50, 86, 195, 47, 131, 103, 158, 202, 224, 95, 210, 184, 213, 108,
       135, 45, 4, 190, 218, 120, 225, 125, 80, 89, 21, 75, 193, 28, 181,
       79, 153, 166, 153, 13, 240, 28, 156, 65, 16, 242, 51, 185, 56, 87,
       32, 216, 255, 253, 255, 254, 255, 191, 95, 123, 246, 117, 245,
       251, 191, 250, 182, 93, 242, 247, 127, 119, 247, 127, 211, 119,
