%YAML:1.0
descriptors: !!opencv-matrix
   rows: 43
   cols: 64
   dt: u
   data: [ 63, 245, 253, 254, 63, 127, 253, 126, 247, 252, 252, 241, 125,
       126, 188, 127, 247, 254, 99, 243, 245, 126, 209, 119, 205, 175,
       225, 219, 123, 92, 245, 235, 223, 44, 87, 190, 91, 120, 249, 124,
       122, 95, 58, 47, 212, 21, 247, 111, 153, 172, 24, 5, 240, 29, 156,
       73, 16, 242, 51, 189, 90, 87, 34, 251, 61, 253, 254, 253, 55, 253,
       253, 121, 189, 221, 252, 249, 255, 127, 252, 78, 251, 252, 227,
       251, 245, 126, 211, 247, 125, 127, 245, 247, 125, 215, 247, 235,
       207, 120, 199, 190, 247, 120, 249, 125, 120, 93, 251, 175, 245,
       53, 247, 111, 187, 174, 153, 13, 240, 29, 156, 93, 62, 243, 119,
       255, 123, 223, 44, 250, 84, 35, 241, 212, 16, 133, 41, 103, 194,
       230, 3, 52, 81, 194, 145, 82, 226, 212, 1, 102, 143, 169, 194, 3,
       140, 138, 166, 13, 2, 136, 48, 40, 82, 6, 85, 186, 0, 120, 67, 84,
       176, 64, 16, 14, 224, 28, 193, 14, 153, 172, 24, 5, 112, 28, 148,
       73, 16, 242, 51, 189, 88, 86, 33, 243, 252, 185, 255, 212, 54, 7,
       93, 127, 215, 197, 245, 250, 127, 250, 150, 94, 251, 213, 126,
       111, 31, 191, 226, 167, 191, 251, 247, 125, 115, 188, 214, 169,
       198, 47, 52, 255, 206, 125, 211, 253, 80, 251, 181, 111, 187, 60,
       245, 238, 215, 166, 251, 223, 120, 58, 150, 71, 104, 254, 113, 91,
       121, 53, 161, 251, 124, 49, 255, 212, 54, 229, 120, 119, 83, 230,
       245, 176, 95, 192, 148, 90, 254, 206, 102, 235, 191, 60, 229, 151,
       141, 59, 231, 255, 65, 189, 244, 233, 203, 60, 52, 190, 222, 120,
       242, 117, 120, 219, 181, 47, 243, 53, 211, 110, 155, 174, 43, 199,
       248, 29, 28, 77, 16, 243, 115, 251, 121, 55, 225, 251, 63, 181,
       125, 138, 55, 189, 31, 25, 246, 70, 149, 48, 61, 59, 180, 85, 242,
       246, 67, 112, 241, 114, 209, 118, 92, 168, 224, 25, 114, 24, 117,
       105, 214, 44, 150, 190, 194, 120, 129, 117, 112, 219, 24, 143,
       208, 20, 229, 79, 153, 172, 24, 13, 240, 29, 156, 73, 24, 242, 51,
       188, 88, 215, 42, 249, 62, 49, 121, 150, 55, 133, 25, 41, 198,
       102, 213, 52, 125, 10, 176, 86, 242, 214, 66, 112, 193, 34, 193,
       102, 156, 136, 228, 9, 82, 184, 245, 105, 195, 44, 4, 190, 74,
       120, 129, 92, 16, 72, 21, 11, 208, 20, 161, 79, 153, 172, 24, 5,
       112, 29, 156, 65, 16, 242, 51, 185, 88, 22, 32, 250, 5, 6, 65, 33,
       221, 160, 171, 88, 160, 59, 194, 119, 128, 75, 129, 65, 226, 213,
       1, 96, 192, 37, 138, 120, 78, 152, 40, 15, 210, 9, 33, 95, 119,
       164, 93, 186, 82, 242, 41, 86, 209, 68, 24, 14, 65, 4, 208, 83,
       152, 44, 24, 5, 240, 29, 156, 73, 16, 242, 51, 188, 88, 87, 32,
       240, 63, 176, 125, 134, 63, 181, 159, 120, 246, 212, 215, 117,
       253, 127, 177, 85, 250, 245, 67, 99, 245, 39, 195, 119, 204, 254,
       244, 63, 122, 94, 117, 235, 215, 36, 85, 190, 82, 120, 233, 124,
       112, 93, 56, 47, 213, 20, 245, 111, 153, 172, 24, 5, 240, 29, 156,
       73, 16, 242, 51, 189, 88, 87, 32, 250, 55, 51, 113, 134, 63, 176,
       31, 88, 230, 6, 145, 114, 237, 75, 128, 81, 246, 215, 7, 112, 193,
       34, 129, 118, 204, 156, 225, 73, 82, 12, 241, 105, 214, 44, 84,
       190, 90, 120, 169, 116, 112, 92, 24, 15, 212, 20, 244, 79, 153,
       172, 24, 5, 240, 29, 156, 73, 16, 242, 51, 189, 88, 87, 32, 248,
       63, 183, 253, 164, 55, 253, 177, 126, 246, 220, 214, 117, 125,
       125, 184, 117, 255, 254, 67, 243, 245, 114, 209, 247, 221, 170,
       224, 223, 122, 84, 245, 233, 223, 44, 87, 190, 91, 120, 233, 124,
       124, 93, 56, 47, 212, 53, 247, 111, 153, 172, 24, 5, 242, 29, 156,
       73, 16, 242, 51, 189, 88, 87, 32, 250, 86, 49, 145, 150, 16, 6,
       92, 79, 134, 64, 5, 48, 19, 194, 148, 82, 98, 214, 32, 70, 3, 173,
       192, 3, 14, 138, 166, 13, 18, 40, 16, 40, 194, 38, 52, 186, 2,
       120, 67, 84, 48, 74, 52, 75, 200, 20, 165, 78, 145, 164, 24, 5,
       112, 24, 148, 73, 16, 114, 51, 185, 88, 70, 33, 250, 255, 245,
       125, 254, 55, 175, 95, 57, 247, 101, 253, 250, 191, 122, 180, 95,
       246, 247, 118, 115, 247, 127, 209, 118, 252, 255, 225, 127, 115,
       121, 245, 233, 199, 44, 22, 190, 202, 121, 249, 253, 114, 223, 61,
       47, 209, 20, 245, 111, 153, 174, 24, 13, 248, 29, 156, 73, 24,
       242, 115, 189, 88, 87, 42, 251, 21, 51, 85, 148, 188, 129, 9, 120,
       194, 12, 211, 119, 237, 107, 144, 80, 242, 212, 3, 96, 192, 36,
       128, 115, 204, 154, 224, 9, 82, 8, 113, 41, 214, 36, 84, 186, 82,
       120, 129, 116, 80, 92, 24, 15, 192, 20, 225, 79, 153, 172, 24, 5,
       240, 28, 156, 73, 16, 242, 51, 189, 88, 87, 32, 248, 60, 185, 255,
       212, 54, 55, 121, 119, 215, 148, 213, 241, 127, 240, 148, 90, 246,
       214, 114, 255, 55, 126, 225, 151, 189, 42, 230, 221, 105, 252,
       244, 232, 254, 60, 36, 254, 222, 120, 211, 253, 218, 223, 183,
       110, 242, 53, 131, 110, 187, 174, 139, 207, 248, 29, 29, 93, 60,
       243, 123, 251, 123, 190, 239, 251, 122, 49, 113, 151, 255, 135,
       91, 41, 198, 101, 213, 63, 253, 202, 144, 84, 246, 215, 86, 118,
       207, 175, 131, 103, 158, 154, 230, 127, 210, 185, 245, 111, 195,
       45, 20, 190, 202, 113, 225, 87, 208, 72, 149, 15, 193, 28, 233,
       15, 153, 166, 25, 5, 240, 28, 156, 73, 80, 242, 51, 185, 120, 86,
       32, 253, 254, 52, 121, 246, 127, 55, 123, 121, 214, 255, 247, 115,
       125, 74, 178, 118, 242, 215, 87, 83, 253, 187, 241, 62, 156, 234,
       230, 223, 90, 253, 245, 238, 227, 172, 6, 255, 255, 120, 225, 253,
       88, 221, 247, 15, 209, 117, 163, 111, 191, 174, 154, 15, 250, 29,
       156, 81, 84, 242, 119, 187, 251, 158, 40, 254, 63, 255, 125, 254,
       54, 253, 253, 123, 255, 222, 253, 249, 253, 127, 252, 221, 255,
       246, 99, 123, 245, 118, 209, 247, 253, 255, 245, 251, 127, 254,
       247, 233, 223, 108, 215, 190, 222, 120, 249, 125, 124, 221, 59,
       175, 245, 53, 245, 111, 187, 174, 153, 15, 240, 29, 158, 93, 60,
       242, 119, 191, 123, 223, 44, 250, 62, 180, 125, 170, 55, 125, 189,
       121, 247, 214, 253, 176, 125, 62, 189, 87, 251, 244, 67, 97, 241,
       50, 209, 118, 221, 189, 241, 9, 82, 222, 119, 233, 215, 36, 87,
       190, 82, 120, 233, 116, 112, 93, 60, 47, 212, 20, 244, 111, 153,
       172, 24, 5, 240, 29, 156, 73, 16, 242, 51, 189, 88, 87, 32, 250,
       191, 51, 125, 182, 55, 53, 157, 120, 246, 222, 209, 114, 125, 47,
       176, 87, 250, 212, 7, 99, 193, 34, 193, 118, 204, 158, 245, 11,
       82, 12, 113, 105, 215, 36, 84, 190, 82, 120, 233, 116, 80, 92, 56,
       47, 208, 20, 245, 111, 153, 172, 24, 5, 240, 29, 156, 73, 16, 242,
       51, 189, 88, 87, 32, 250, 61, 246, 125, 172, 55, 127, 191, 124,
       245, 222, 254, 241, 125, 63, 252, 247, 251, 252, 199, 121, 241,
       114, 245, 182, 245, 173, 233, 153, 127, 95, 253, 249, 248, 108,
       223, 190, 222, 114, 153, 253, 254, 223, 127, 63, 214, 247, 246,
       108, 190, 191, 158, 13, 234, 29, 223, 93, 188, 246, 127, 252, 251,
       222, 46, 145, 60, 242, 117, 236, 56, 239, 175, 124, 223, 188, 250,
       117, 109, 55, 217, 240, 251, 212, 207, 104, 245, 40, 172, 190,
       205, 189, 229, 159, 127, 207, 121, 255, 113, 101, 125, 190, 84,
       242, 169, 118, 255, 92, 219, 38, 230, 167, 252, 111, 137, 165,
       127, 1, 248, 29, 143, 77, 132, 242, 35, 236, 216, 71, 32, 180,
       253, 253, 255, 191, 119, 127, 191, 254, 253, 213, 255, 254, 255,
       190, 254, 254, 251, 245, 119, 103, 125, 215, 247, 117, 95, 255,
       253, 61, 251, 222, 118, 185, 222, 36, 85, 254, 82, 123, 201, 124,
       122, 93, 60, 47, 213, 55, 245, 108, 157, 172, 24, 5, 240, 29, 157,
       73, 24, 246, 51, 189, 88, 87, 32, 250, 254, 253, 255, 222, 54, 95,
       93, 183, 247, 198, 189, 186, 127, 254, 246, 254, 243, 246, 118,
       255, 55, 254, 245, 166, 191, 167, 247, 89, 227, 255, 222, 249,
       226, 46, 6, 222, 202, 117, 211, 255, 18, 219, 245, 127, 148, 126,
       133, 110, 151, 175, 135, 207, 122, 27, 149, 85, 56, 243, 121, 123,
