%YAML:1.0
descriptors: !!opencv-matrix
   rows: 107
   cols: 64
   dt: u
   data: [ 254, 221, 254, 255, 255, 255, 223, 191, 191, 255, 253, 255,
       191, 254, 127, 254, 253, 255, 127, 255, 255, 255, 255, 127, 255,
       255, 255, 127, 127, 255, 255, 255, 207, 255, 239, 255, 255, 125,
       255, 127, 122, 223, 255, 127, 223, 255, 255, 255, 255, 239, 159,
       141, 254, 253, 252, 255, 123, 247, 255, 255, 255, 255, 186, 254,
       253, 253, 255, 253, 54, 127, 253, 255, 253, 253, 253, 251, 127,
       251, 254, 254, 251, 253, 255, 123, 247, 255, 247, 255, 255, 255,
       247, 255, 127, 255, 254, 255, 223, 111, 183, 255, 255, 127, 249,
       253, 255, 223, 255, 127, 255, 183, 255, 111, 191, 191, 223, 223,
       250, 191, 159, 93, 124, 246, 127, 255, 251, 255, 175, 255, 63,
       244, 125, 142, 255, 157, 31, 56, 246, 70, 53, 122, 189, 59, 244,
       85, 242, 215, 6, 96, 193, 82, 129, 116, 238, 148, 237, 57, 242,
       26, 85, 41, 212, 44, 20, 158, 66, 112, 169, 116, 114, 223, 24, 15,
       212, 20, 244, 77, 153, 172, 24, 5, 248, 29, 158, 73, 16, 242, 51,
       188, 88, 87, 34, 249, 190, 240, 125, 239, 191, 189, 223, 120, 255,
       255, 253, 250, 253, 123, 244, 125, 242, 247, 103, 115, 253, 118,
       211, 124, 237, 255, 245, 63, 126, 123, 247, 235, 215, 108, 215,
       190, 218, 121, 249, 117, 122, 223, 123, 47, 213, 20, 245, 111,
       153, 172, 24, 5, 248, 29, 156, 89, 16, 242, 51, 189, 88, 223, 40,
       250, 252, 33, 179, 180, 16, 71, 56, 231, 196, 166, 209, 176, 83,
       194, 146, 74, 234, 212, 35, 67, 143, 173, 231, 23, 76, 139, 182,
       11, 83, 12, 48, 106, 199, 36, 84, 186, 82, 120, 225, 116, 112, 88,
       48, 47, 209, 20, 129, 111, 153, 172, 24, 5, 240, 29, 156, 65, 16,
       242, 51, 189, 88, 86, 32, 251, 191, 254, 127, 239, 191, 189, 249,
       248, 253, 255, 255, 251, 239, 123, 252, 253, 242, 245, 255, 123,
       255, 126, 155, 124, 173, 255, 247, 187, 127, 127, 119, 255, 255,
       236, 222, 222, 246, 249, 249, 255, 255, 223, 251, 253, 243, 163,
       253, 63, 174, 191, 157, 235, 250, 181, 255, 117, 116, 246, 255,
       207, 255, 223, 173, 191, 61, 190, 236, 168, 63, 253, 179, 125,
       253, 254, 222, 253, 253, 61, 253, 229, 251, 252, 99, 243, 245,
       115, 211, 247, 89, 125, 181, 182, 124, 87, 115, 235, 223, 44, 85,
       186, 87, 122, 233, 124, 124, 92, 58, 47, 213, 53, 247, 111, 185,
       172, 24, 5, 240, 29, 156, 73, 16, 242, 51, 189, 90, 87, 32, 250,
       61, 54, 109, 138, 31, 189, 39, 124, 245, 126, 218, 52, 253, 62,
       185, 70, 251, 244, 67, 112, 241, 115, 211, 247, 93, 252, 228, 29,
       122, 220, 117, 235, 223, 44, 87, 190, 82, 120, 233, 124, 124, 93,
       60, 47, 213, 53, 245, 111, 153, 172, 24, 5, 242, 29, 156, 73, 24,
       242, 51, 189, 88, 87, 32, 250, 62, 37, 185, 158, 50, 133, 24, 79,
       198, 226, 149, 176, 113, 2, 181, 86, 250, 146, 2, 65, 129, 50,
       211, 7, 220, 129, 228, 77, 66, 188, 181, 104, 199, 44, 7, 190,
       218, 120, 225, 116, 112, 72, 53, 43, 212, 20, 181, 111, 153, 172,
       24, 5, 240, 29, 156, 65, 16, 242, 51, 189, 88, 87, 32, 250, 45,
       182, 101, 161, 253, 177, 163, 120, 244, 124, 196, 115, 237, 59,
       161, 69, 226, 253, 131, 96, 225, 39, 202, 116, 76, 168, 40, 167,
       126, 13, 49, 239, 215, 36, 84, 186, 82, 120, 169, 116, 120, 92,
       26, 15, 209, 17, 211, 79, 153, 172, 24, 5, 240, 29, 156, 73, 16,
       242, 51, 188, 88, 87, 32, 250, 124, 47, 255, 220, 50, 127, 241,
       255, 221, 244, 222, 181, 93, 190, 251, 238, 251, 220, 227, 107,
       117, 245, 212, 183, 93, 111, 148, 153, 105, 222, 126, 251, 235,
       36, 103, 186, 214, 122, 201, 124, 248, 93, 177, 38, 212, 167, 227,
       110, 155, 172, 157, 13, 242, 29, 156, 93, 48, 242, 123, 253, 91,
       86, 40, 250, 244, 185, 211, 223, 248, 198, 223, 207, 142, 231, 1,
       186, 151, 194, 147, 94, 255, 215, 56, 103, 15, 173, 230, 43, 142,
       211, 246, 111, 147, 169, 246, 47, 87, 167, 61, 223, 2, 253, 247,
       86, 48, 106, 161, 123, 191, 28, 217, 191, 221, 172, 80, 245, 48,
       122, 148, 235, 209, 254, 112, 63, 92, 101, 177, 242, 23, 48, 81,
       22, 63, 129, 27, 120, 66, 37, 209, 112, 252, 74, 128, 82, 226,
       215, 1, 97, 193, 33, 195, 115, 140, 138, 224, 79, 82, 12, 241,
       105, 215, 36, 84, 186, 82, 120, 225, 116, 80, 92, 56, 15, 208, 20,
       229, 79, 153, 172, 24, 5, 240, 29, 156, 73, 16, 242, 51, 189, 88,
       87, 32, 250, 45, 190, 109, 233, 63, 255, 163, 124, 253, 252, 222,
       117, 109, 61, 249, 229, 194, 252, 203, 106, 245, 115, 223, 255,
       105, 40, 4, 150, 124, 87, 121, 255, 253, 104, 215, 48, 119, 250,
       249, 61, 253, 29, 90, 166, 84, 227, 243, 107, 184, 125, 141, 13,
       242, 29, 155, 93, 54, 230, 191, 172, 218, 207, 46, 222, 237, 54,
       230, 37, 253, 179, 171, 252, 248, 57, 194, 119, 234, 221, 131, 69,
       226, 237, 251, 82, 249, 135, 203, 253, 70, 106, 248, 166, 216, 69,
       35, 207, 223, 161, 213, 49, 119, 184, 237, 117, 124, 92, 90, 142,
       197, 97, 211, 73, 184, 238, 24, 1, 245, 189, 156, 73, 22, 182,
       183, 189, 218, 87, 36, 126, 191, 244, 125, 174, 191, 189, 159, 24,
       247, 95, 189, 250, 189, 122, 244, 85, 246, 247, 71, 113, 245, 114,
       145, 118, 228, 191, 241, 123, 255, 123, 245, 251, 215, 108, 214,
       190, 218, 120, 233, 245, 114, 223, 126, 47, 208, 20, 244, 79, 153,
       189, 24, 5, 250, 29, 159, 73, 48, 242, 51, 189, 90, 223, 46, 251,
       186, 245, 125, 214, 63, 189, 223, 57, 255, 85, 253, 251, 191, 127,
       116, 84, 247, 215, 70, 179, 247, 122, 177, 118, 253, 255, 231,
       123, 126, 251, 213, 235, 223, 108, 86, 190, 222, 121, 251, 253,
       91, 223, 255, 111, 212, 52, 245, 111, 187, 174, 153, 15, 248, 29,
       158, 93, 56, 243, 115, 191, 251, 223, 172, 254, 58, 213, 189, 254,
       38, 189, 93, 43, 215, 198, 125, 218, 191, 120, 52, 94, 244, 215,
       102, 251, 182, 126, 193, 119, 253, 190, 231, 254, 114, 242, 244,
       233, 199, 60, 32, 190, 203, 104, 250, 121, 120, 223, 181, 111,
       246, 53, 247, 111, 155, 170, 153, 79, 240, 29, 156, 93, 49, 243,
       115, 251, 121, 255, 169, 250, 124, 59, 255, 252, 62, 119, 251,
       127, 245, 252, 214, 181, 93, 255, 187, 206, 251, 221, 235, 107,
       245, 119, 198, 247, 93, 235, 180, 159, 120, 221, 117, 235, 223,
       36, 85, 186, 86, 122, 249, 124, 248, 93, 58, 46, 213, 165, 243,
       111, 153, 172, 24, 5, 240, 29, 156, 73, 16, 242, 51, 189, 90, 87,
       32, 250, 195, 22, 196, 34, 221, 162, 163, 24, 48, 57, 130, 99,
       170, 91, 2, 5, 96, 109, 137, 208, 225, 7, 27, 125, 66, 40, 24,
       134, 252, 5, 33, 71, 95, 233, 150, 48, 115, 16, 45, 36, 93, 68,
       26, 142, 73, 97, 218, 193, 56, 116, 24, 0, 245, 188, 152, 129, 54,
       180, 183, 148, 202, 23, 36, 88, 59, 145, 209, 246, 191, 160, 253,
       122, 214, 108, 213, 81, 239, 73, 128, 80, 246, 214, 0, 98, 230,
       44, 131, 127, 174, 138, 226, 219, 82, 33, 245, 239, 215, 38, 28,
       190, 211, 120, 250, 245, 81, 74, 153, 79, 232, 21, 217, 79, 153,
       166, 24, 71, 240, 28, 156, 73, 17, 242, 115, 159, 88, 103, 161,
       249, 191, 246, 125, 238, 255, 189, 223, 88, 247, 127, 189, 250,
       173, 123, 244, 85, 242, 247, 7, 113, 241, 114, 177, 126, 228, 190,
       225, 63, 255, 27, 253, 235, 215, 108, 158, 190, 210, 120, 185,
       247, 86, 222, 90, 15, 208, 18, 244, 79, 153, 189, 24, 5, 232, 29,
       159, 73, 24, 242, 51, 156, 216, 215, 46, 249, 126, 50, 113, 247,
       254, 164, 123, 109, 218, 121, 211, 61, 237, 66, 145, 80, 246, 199,
       26, 98, 207, 41, 203, 222, 140, 202, 226, 255, 66, 41, 245, 239,
       119, 165, 84, 191, 254, 241, 243, 119, 208, 76, 195, 78, 225, 4,
       201, 95, 153, 238, 24, 71, 244, 28, 156, 73, 68, 243, 243, 187,
       248, 6, 33, 245, 61, 150, 253, 249, 63, 245, 251, 125, 188, 254,
       222, 21, 221, 125, 185, 229, 255, 253, 195, 98, 244, 123, 222,
       255, 77, 106, 230, 246, 124, 85, 117, 239, 223, 98, 215, 52, 247,
       250, 249, 117, 124, 125, 250, 46, 213, 165, 247, 107, 185, 236,
