%YAML:1.0
descriptors: !!opencv-matrix
   rows: 89
   cols: 64
   dt: u
   data: [ 63, 255, 255, 255, 62, 253, 253, 123, 255, 255, 253, 251, 255,
       127, 252, 253, 255, 255, 99, 123, 244, 118, 210, 247, 253, 255,
       245, 255, 127, 251, 119, 235, 215, 108, 215, 190, 255, 120, 249,
       125, 126, 95, 123, 47, 213, 53, 245, 111, 187, 174, 153, 15, 242,
       29, 156, 93, 60, 242, 115, 191, 251, 223, 44, 250, 191, 245, 125,
       254, 255, 191, 223, 88, 247, 95, 253, 250, 255, 123, 244, 93, 242,
       247, 119, 115, 245, 119, 145, 119, 252, 254, 225, 63, 126, 123,
       245, 233, 215, 108, 150, 190, 210, 120, 249, 253, 114, 223, 58,
       47, 209, 20, 245, 79, 153, 172, 24, 5, 248, 29, 158, 73, 56, 242,
       51, 189, 90, 223, 40, 251, 124, 46, 255, 252, 50, 127, 113, 255,
       221, 252, 222, 181, 95, 190, 251, 238, 251, 220, 251, 111, 245,
       213, 246, 183, 93, 233, 188, 157, 121, 223, 126, 235, 229, 36,
       117, 186, 215, 122, 233, 124, 248, 93, 121, 62, 221, 183, 103,
       238, 159, 172, 31, 141, 240, 29, 157, 77, 16, 242, 59, 253, 91,
       86, 40, 250, 124, 46, 239, 184, 50, 127, 161, 255, 213, 252, 222,
       181, 93, 190, 251, 238, 251, 220, 235, 110, 117, 145, 244, 183,
       93, 233, 188, 129, 121, 220, 58, 235, 229, 36, 85, 186, 87, 114,
       205, 124, 248, 85, 56, 62, 85, 167, 99, 236, 157, 44, 159, 13,
       242, 29, 157, 73, 16, 240, 43, 188, 91, 86, 32, 250, 127, 62, 254,
       179, 255, 191, 167, 60, 190, 127, 214, 63, 175, 255, 187, 93, 255,
       255, 251, 114, 253, 71, 219, 125, 206, 254, 248, 239, 250, 81,
       243, 239, 215, 173, 85, 183, 119, 248, 237, 118, 120, 92, 122, 47,
       213, 21, 247, 111, 185, 236, 24, 5, 244, 29, 156, 73, 16, 246,
       183, 189, 218, 87, 32, 254, 127, 244, 125, 255, 255, 191, 223, 24,
       255, 127, 181, 250, 189, 122, 180, 93, 246, 247, 126, 119, 247,
       119, 211, 127, 236, 254, 255, 127, 126, 123, 245, 235, 215, 108,
       150, 191, 218, 121, 249, 127, 114, 223, 125, 47, 213, 28, 245,
       111, 157, 174, 24, 5, 248, 61, 158, 73, 56, 246, 51, 189, 248,
       223, 40, 251, 60, 253, 255, 254, 62, 253, 253, 123, 255, 252, 223,
       253, 255, 126, 253, 222, 255, 254, 227, 123, 244, 126, 210, 255,
       253, 255, 247, 255, 127, 219, 117, 239, 207, 108, 215, 190, 223,
       120, 249, 125, 120, 93, 255, 47, 245, 53, 245, 111, 187, 174, 153,
       79, 242, 29, 156, 93, 52, 242, 119, 191, 251, 223, 172, 254, 60,
       43, 255, 223, 50, 221, 209, 119, 223, 244, 30, 149, 93, 254, 251,
       230, 251, 212, 226, 42, 212, 125, 214, 183, 89, 227, 132, 20, 104,
       218, 31, 235, 199, 38, 71, 186, 214, 122, 251, 124, 240, 93, 241,
       38, 149, 166, 229, 111, 155, 172, 141, 9, 178, 29, 156, 89, 48,
       242, 123, 253, 91, 87, 40, 250, 58, 188, 239, 237, 63, 253, 249,
       125, 253, 254, 254, 253, 253, 124, 255, 236, 251, 220, 99, 99,
       244, 119, 211, 119, 125, 239, 180, 191, 126, 215, 119, 235, 215,
       36, 87, 186, 215, 122, 233, 116, 248, 93, 122, 47, 213, 23, 247,
       111, 153, 172, 24, 5, 240, 29, 156, 73, 16, 242, 51, 189, 90, 87,
       32, 250, 124, 59, 255, 253, 122, 255, 243, 127, 253, 252, 222,
       181, 223, 255, 187, 238, 251, 221, 251, 111, 253, 125, 206, 191,
       93, 235, 174, 183, 124, 221, 127, 239, 215, 39, 87, 187, 215, 122,
       253, 124, 124, 93, 251, 46, 213, 165, 247, 111, 159, 172, 157,
       141, 242, 61, 156, 93, 112, 254, 123, 253, 219, 215, 41, 254, 109,
       47, 247, 116, 120, 183, 227, 118, 244, 252, 198, 53, 95, 253, 153,
       70, 234, 237, 235, 106, 245, 111, 222, 255, 95, 106, 134, 150,
       108, 213, 113, 207, 255, 107, 71, 188, 213, 186, 253, 124, 252,
       117, 250, 166, 205, 225, 195, 235, 185, 172, 141, 73, 240, 29,
       157, 77, 54, 246, 119, 159, 202, 215, 45, 254, 54, 49, 241, 178,
       17, 0, 12, 79, 194, 2, 145, 48, 97, 194, 130, 82, 114, 134, 2, 80,
       3, 160, 193, 7, 132, 128, 226, 9, 2, 168, 224, 40, 2, 172, 12,
       158, 10, 60, 3, 214, 0, 64, 20, 72, 2, 20, 129, 14, 209, 36, 16,
       0, 32, 16, 52, 97, 128, 50, 17, 56, 28, 4, 32, 32, 108, 185, 239,
       249, 54, 127, 249, 255, 253, 254, 254, 189, 127, 190, 251, 239,
       155, 252, 251, 107, 245, 215, 246, 183, 125, 239, 180, 179, 125,
       223, 126, 251, 253, 108, 215, 254, 222, 123, 249, 125, 250, 93,
       119, 62, 213, 247, 247, 110, 191, 172, 158, 13, 242, 29, 156, 93,
       52, 246, 127, 189, 123, 223, 106, 250, 139, 213, 76, 222, 239,
       159, 223, 0, 55, 87, 53, 202, 158, 121, 116, 93, 180, 247, 52,
       179, 198, 126, 144, 99, 96, 246, 179, 126, 127, 123, 213, 99, 151,
       252, 154, 0, 242, 73, 250, 251, 115, 159, 111, 109, 209, 20, 245,
       111, 149, 190, 24, 13, 252, 5, 158, 77, 57, 215, 114, 191, 240,
       255, 46, 251, 191, 253, 253, 222, 55, 221, 221, 123, 255, 213,
       189, 250, 255, 126, 182, 125, 251, 247, 102, 99, 215, 127, 211,
       119, 253, 255, 245, 127, 115, 154, 215, 105, 215, 44, 87, 190,
       210, 120, 249, 125, 114, 93, 57, 47, 213, 52, 245, 111, 153, 172,
       24, 13, 240, 29, 156, 73, 16, 242, 51, 189, 88, 87, 32, 250, 4,
       35, 211, 209, 16, 128, 232, 238, 0, 162, 3, 20, 65, 130, 147, 98,
       2, 68, 128, 43, 138, 40, 198, 139, 13, 130, 130, 1, 0, 40, 16, 91,
       119, 22, 60, 138, 0, 254, 67, 150, 128, 96, 129, 64, 34, 142, 65,
       58, 83, 44, 112, 247, 17, 24, 52, 10, 128, 106, 8, 72, 76, 4, 99,
       241, 70, 35, 9, 149, 98, 155, 154, 225, 8, 130, 19, 22, 208, 68,
       123, 66, 128, 73, 10, 230, 135, 53, 66, 218, 13, 82, 190, 205, 0,
       174, 55, 18, 87, 16, 93, 139, 74, 122, 200, 18, 144, 60, 17, 12,
       247, 12, 193, 63, 155, 172, 16, 7, 115, 93, 157, 88, 16, 67, 17,
       189, 76, 19, 96, 242, 175, 238, 239, 171, 62, 253, 183, 249, 252,
       253, 254, 255, 255, 63, 255, 239, 235, 221, 99, 97, 245, 7, 202,
       124, 77, 253, 189, 163, 90, 91, 51, 239, 213, 36, 85, 186, 83,
       120, 233, 116, 120, 92, 120, 47, 213, 23, 246, 105, 153, 172, 24,
       5, 240, 29, 156, 73, 16, 242, 51, 189, 88, 87, 32, 250, 191, 54,
       239, 167, 63, 117, 189, 248, 252, 255, 255, 247, 253, 63, 187,
       103, 251, 253, 99, 243, 241, 119, 211, 124, 77, 253, 181, 187,
       122, 95, 119, 235, 215, 44, 87, 186, 91, 120, 233, 124, 124, 93,
       120, 47, 213, 21, 247, 109, 153, 172, 24, 5, 242, 29, 156, 73, 16,
       242, 51, 189, 88, 87, 32, 250, 20, 50, 81, 162, 216, 160, 163, 76,
       194, 24, 66, 117, 129, 70, 129, 80, 226, 212, 129, 96, 193, 32,
       138, 112, 14, 136, 32, 11, 210, 8, 49, 111, 85, 38, 93, 186, 80,
       114, 9, 84, 193, 84, 24, 14, 64, 4, 200, 71, 153, 36, 24, 4, 240,
       28, 140, 73, 16, 242, 35, 188, 88, 71, 32, 248, 58, 245, 125, 222,
       62, 173, 223, 57, 223, 213, 253, 249, 253, 126, 116, 84, 247, 214,
       70, 251, 247, 122, 195, 246, 253, 255, 231, 251, 127, 251, 213,
       239, 207, 124, 36, 190, 222, 121, 250, 253, 123, 223, 247, 111,
       244, 52, 253, 111, 187, 182, 137, 79, 250, 29, 158, 93, 57, 243,
       115, 251, 251, 255, 172, 222, 255, 221, 125, 221, 255, 157, 223,
       152, 191, 95, 189, 234, 191, 121, 118, 125, 244, 247, 60, 191,
       124, 247, 146, 114, 231, 247, 243, 127, 255, 123, 223, 57, 150,
       124, 150, 239, 250, 121, 250, 249, 114, 223, 107, 125, 209, 86,
       245, 127, 149, 191, 152, 13, 248, 181, 223, 127, 56, 246, 118, 63,
       251, 223, 62, 251, 189, 255, 255, 255, 62, 127, 249, 255, 255,
       253, 254, 255, 127, 127, 255, 254, 255, 255, 103, 107, 245, 127,
       247, 247, 253, 255, 247, 251, 127, 223, 255, 251, 255, 108, 87,
       254, 223, 122, 249, 253, 250, 93, 251, 63, 213, 55, 247, 111, 187,
       172, 153, 13, 240, 29, 156, 93, 48, 242, 115, 191, 251, 223, 46,
       251, 30, 177, 221, 54, 55, 177, 188, 123, 210, 154, 213, 241, 252,
       86, 161, 82, 239, 223, 35, 243, 197, 38, 195, 247, 205, 222, 244,
       239, 82, 76, 181, 106, 223, 44, 85, 190, 95, 120, 233, 117, 120,
       92, 59, 47, 213, 53, 247, 111, 153, 172, 24, 5, 240, 29, 156, 73,
