%YAML:1.0
descriptors: !!opencv-matrix
   rows: 100
   cols: 64
   dt: u
   data: [ 63, 254, 125, 237, 255, 253, 187, 248, 253, 255, 223, 255,
       237, 127, 249, 245, 251, 253, 123, 251, 253, 119, 219, 252, 237,
       255, 253, 255, 126, 95, 247, 255, 223, 108, 223, 190, 219, 121,
       233, 119, 120, 92, 122, 47, 213, 245, 247, 127, 185, 188, 24, 5,
       240, 157, 156, 73, 16, 242, 179, 189, 250, 215, 40, 254, 63, 255,
       255, 254, 63, 253, 253, 127, 255, 255, 254, 249, 255, 126, 252,
       223, 255, 247, 227, 59, 245, 127, 211, 127, 253, 255, 247, 255,
       127, 255, 247, 239, 223, 108, 247, 182, 255, 120, 249, 125, 124,
       93, 255, 111, 247, 53, 247, 111, 185, 174, 152, 79, 242, 29, 158,
       93, 62, 243, 247, 255, 251, 223, 173, 254, 30, 57, 153, 246, 51,
       155, 124, 110, 215, 154, 213, 241, 115, 210, 164, 90, 254, 147,
       34, 211, 197, 63, 193, 87, 205, 219, 242, 205, 66, 236, 244, 232,
       207, 60, 69, 190, 127, 120, 233, 125, 120, 93, 49, 47, 245, 21,
       183, 111, 153, 174, 24, 7, 240, 29, 156, 65, 16, 243, 55, 189,
       120, 87, 32, 250, 175, 190, 124, 163, 255, 253, 187, 216, 190,
       255, 130, 110, 173, 127, 251, 85, 251, 255, 107, 243, 253, 119,
       91, 124, 69, 254, 253, 127, 126, 95, 247, 247, 223, 108, 215, 190,
       211, 121, 233, 127, 124, 92, 122, 175, 213, 113, 247, 127, 153,
       172, 24, 5, 240, 29, 156, 73, 16, 242, 51, 189, 218, 215, 40, 250,
       63, 254, 255, 253, 63, 253, 253, 121, 253, 255, 223, 249, 255,
       124, 252, 221, 255, 253, 227, 123, 245, 127, 211, 255, 253, 255,
       247, 255, 127, 247, 247, 239, 223, 252, 215, 190, 255, 249, 249,
       125, 124, 223, 255, 111, 245, 181, 247, 111, 191, 190, 153, 79,
       242, 29, 159, 93, 54, 243, 247, 191, 251, 223, 172, 254, 55, 181,
       125, 214, 55, 15, 85, 123, 230, 68, 189, 240, 125, 123, 180, 84,
       242, 212, 102, 99, 215, 46, 193, 103, 204, 182, 229, 13, 50, 30,
       80, 105, 214, 44, 85, 190, 66, 120, 203, 116, 112, 89, 56, 47,
       212, 20, 245, 110, 153, 172, 24, 5, 240, 29, 156, 73, 16, 242, 51,
       189, 88, 87, 32, 250, 4, 34, 81, 129, 152, 132, 162, 197, 130,
       170, 2, 52, 193, 6, 153, 82, 234, 213, 1, 98, 201, 33, 206, 88,
       12, 152, 60, 15, 18, 9, 49, 126, 87, 164, 93, 186, 16, 248, 37,
       86, 48, 64, 8, 14, 71, 20, 65, 119, 153, 44, 24, 5, 240, 29, 156,
       73, 16, 242, 51, 189, 88, 87, 32, 242, 251, 61, 255, 215, 255,
       151, 91, 251, 238, 101, 149, 122, 255, 250, 178, 93, 254, 247,
       122, 119, 223, 255, 211, 119, 222, 250, 254, 127, 242, 25, 214,
       43, 215, 47, 86, 255, 210, 125, 255, 126, 112, 93, 124, 63, 217,
       28, 253, 47, 157, 172, 24, 5, 240, 61, 156, 75, 80, 254, 113, 191,
       88, 85, 48, 250, 63, 222, 124, 255, 63, 189, 253, 121, 189, 255,
       255, 251, 189, 127, 252, 221, 251, 255, 99, 123, 245, 118, 210,
       127, 125, 255, 247, 123, 126, 251, 119, 239, 223, 108, 215, 190,
       215, 121, 249, 125, 124, 93, 123, 47, 213, 183, 247, 111, 185,
       174, 152, 13, 242, 29, 159, 93, 48, 242, 119, 189, 251, 223, 40,
       254, 60, 42, 119, 225, 216, 221, 171, 225, 204, 254, 194, 54, 213,
       102, 249, 240, 251, 213, 75, 98, 205, 37, 142, 120, 79, 220, 63,
       47, 198, 143, 51, 255, 87, 134, 93, 187, 80, 250, 237, 86, 176,
       84, 72, 46, 69, 134, 241, 51, 153, 172, 24, 5, 242, 29, 156, 73,
       16, 242, 51, 189, 92, 87, 32, 182, 124, 249, 255, 252, 54, 247,
       125, 127, 211, 230, 213, 248, 127, 242, 150, 90, 255, 151, 114,
       255, 183, 125, 231, 151, 189, 127, 247, 255, 99, 253, 246, 234,
       207, 62, 37, 254, 222, 125, 251, 125, 120, 255, 245, 111, 191, 53,
       183, 110, 223, 174, 171, 223, 248, 29, 60, 93, 117, 243, 123, 251,
       121, 255, 233, 255, 252, 249, 255, 244, 50, 207, 125, 111, 211,
       229, 253, 251, 247, 230, 150, 90, 251, 215, 118, 111, 191, 45,
       227, 247, 255, 223, 247, 255, 67, 175, 246, 237, 215, 55, 36, 255,
       134, 125, 251, 253, 112, 255, 189, 111, 191, 28, 245, 111, 221,
       166, 59, 215, 240, 29, 188, 77, 89, 255, 115, 251, 121, 117, 161,
       254, 157, 187, 243, 245, 249, 160, 251, 248, 222, 189, 195, 127,
       231, 94, 193, 81, 250, 213, 191, 99, 239, 45, 138, 127, 174, 222,
       243, 127, 214, 47, 119, 127, 87, 167, 125, 191, 86, 253, 251, 119,
       81, 124, 235, 110, 233, 4, 249, 127, 137, 173, 24, 101, 240, 30,
       156, 73, 16, 250, 243, 175, 216, 55, 161, 254, 76, 34, 193, 176,
       16, 34, 33, 102, 0, 44, 194, 21, 65, 132, 145, 66, 194, 76, 129,
       96, 192, 128, 196, 19, 12, 136, 128, 133, 80, 4, 49, 73, 113, 36,
       84, 186, 16, 114, 1, 212, 208, 64, 24, 14, 64, 4, 65, 78, 25, 44,
       24, 4, 112, 28, 156, 9, 0, 226, 35, 156, 72, 6, 32, 240, 13, 134,
       237, 169, 57, 253, 161, 124, 188, 254, 194, 85, 201, 61, 185, 69,
       203, 252, 195, 98, 244, 98, 218, 115, 77, 168, 4, 162, 124, 68,
       49, 203, 215, 0, 87, 186, 83, 122, 233, 52, 124, 92, 58, 46, 84,
       181, 247, 107, 153, 172, 24, 5, 240, 29, 156, 73, 16, 226, 51,
       189, 90, 87, 32, 250, 44, 166, 237, 168, 62, 253, 161, 125, 181,
       254, 214, 245, 217, 60, 185, 70, 203, 220, 67, 107, 244, 118, 194,
       119, 93, 188, 132, 167, 94, 222, 49, 235, 215, 36, 85, 186, 86,
       120, 233, 116, 120, 93, 58, 47, 212, 21, 245, 111, 153, 172, 24,
       5, 240, 29, 156, 73, 16, 242, 51, 189, 90, 87, 32, 250, 47, 163,
       237, 160, 55, 245, 189, 126, 245, 222, 214, 245, 125, 62, 185, 71,
       235, 244, 99, 123, 245, 118, 192, 119, 77, 190, 164, 21, 122, 94,
       53, 235, 215, 44, 87, 186, 86, 120, 233, 116, 120, 93, 58, 47,
       213, 21, 245, 111, 153, 172, 24, 5, 240, 29, 156, 73, 16, 242, 51,
       189, 88, 87, 32, 250, 213, 45, 247, 84, 48, 7, 125, 126, 130, 196,
       129, 241, 67, 203, 150, 74, 171, 84, 38, 111, 7, 45, 224, 35, 15,
       155, 183, 29, 16, 12, 20, 105, 214, 55, 52, 154, 0, 124, 211, 213,
       81, 234, 185, 103, 171, 28, 85, 238, 81, 164, 120, 213, 96, 26,
       180, 76, 17, 178, 115, 251, 89, 117, 161, 250, 118, 33, 73, 154,
       19, 64, 15, 13, 198, 98, 57, 176, 49, 142, 182, 86, 235, 86, 0,
       69, 11, 160, 226, 38, 76, 197, 176, 9, 19, 168, 16, 41, 128, 36,
       21, 154, 2, 120, 3, 86, 34, 202, 52, 105, 150, 28, 229, 44, 145,
       164, 16, 4, 32, 24, 180, 105, 16, 114, 49, 56, 88, 86, 32, 250,
       60, 245, 253, 158, 55, 159, 93, 123, 247, 196, 181, 240, 127, 122,
       180, 94, 242, 215, 98, 99, 213, 54, 209, 119, 221, 191, 229, 61,
       114, 158, 212, 105, 222, 44, 87, 190, 210, 120, 233, 117, 112, 95,
       57, 47, 213, 52, 245, 111, 153, 172, 24, 5, 240, 29, 156, 73, 16,
       242, 51, 189, 88, 87, 32, 250, 135, 178, 65, 167, 253, 176, 139,
       200, 122, 63, 18, 127, 173, 75, 201, 81, 226, 213, 5, 96, 193, 4,
       138, 120, 78, 220, 57, 43, 214, 11, 51, 127, 87, 164, 93, 186, 82,
       120, 169, 118, 241, 92, 8, 14, 213, 4, 248, 85, 153, 172, 24, 5,
       240, 29, 156, 73, 16, 242, 51, 188, 88, 87, 32, 184, 94, 33, 227,
       177, 80, 34, 43, 206, 196, 226, 209, 52, 83, 130, 147, 82, 234,
       85, 59, 103, 11, 133, 198, 51, 14, 200, 186, 141, 82, 8, 48, 169,
       112, 37, 52, 187, 66, 124, 5, 84, 0, 64, 16, 8, 75, 28, 65, 188,
       89, 44, 24, 5, 97, 28, 180, 73, 208, 242, 49, 152, 76, 22, 48,
       243, 62, 245, 253, 222, 54, 31, 93, 123, 247, 196, 181, 240, 127,
       250, 180, 94, 242, 215, 102, 103, 23, 63, 209, 247, 221, 187, 231,
       93, 83, 188, 244, 41, 198, 44, 84, 190, 202, 120, 211, 253, 114,
       223, 61, 47, 209, 52, 245, 110, 153, 172, 24, 15, 240, 29, 156,
       73, 16, 242, 115, 189, 120, 87, 42, 251, 12, 33, 121, 156, 18, 71,
       61, 71, 134, 70, 137, 52, 81, 228, 181, 86, 235, 84, 3, 100, 3,
       160, 192, 34, 92, 137, 164, 9, 66, 140, 48, 41, 66, 36, 5, 186, 2,
       112, 193, 92, 48, 72, 20, 43, 212, 20, 229, 78, 153, 172, 16, 5,
       96, 29, 148, 73, 16, 242, 49, 185, 88, 86, 32, 240, 46, 160, 237,
       171, 62, 213, 155, 77, 255, 255, 20, 252, 253, 46, 183, 84, 235,
