%YAML:1.0
descriptors: !!opencv-matrix
   rows: 85
   cols: 64
   dt: u
   data: [ 62, 253, 255, 252, 54, 255, 253, 127, 255, 222, 253, 249, 255,
       120, 252, 222, 255, 255, 115, 251, 247, 127, 211, 247, 253, 255,
       247, 255, 127, 255, 247, 235, 223, 124, 87, 190, 222, 120, 249,
       125, 122, 223, 255, 47, 245, 53, 247, 111, 187, 174, 153, 15, 240,
       29, 156, 93, 48, 243, 123, 191, 123, 223, 42, 251, 30, 33, 220,
       246, 35, 147, 124, 106, 247, 146, 213, 240, 125, 115, 148, 82,
       254, 147, 99, 243, 199, 110, 193, 119, 205, 159, 243, 125, 66,
       172, 181, 232, 223, 44, 69, 190, 82, 120, 249, 116, 120, 92, 185,
       47, 245, 53, 247, 111, 155, 174, 24, 5, 240, 29, 156, 73, 16, 243,
       51, 189, 120, 87, 160, 250, 62, 188, 255, 191, 63, 245, 255, 253,
       255, 255, 253, 255, 253, 126, 191, 126, 251, 213, 99, 99, 245, 55,
       195, 119, 205, 255, 245, 191, 90, 95, 247, 235, 215, 36, 85, 190,
       82, 120, 233, 116, 120, 92, 56, 47, 213, 21, 247, 111, 153, 172,
       24, 5, 240, 29, 156, 73, 16, 242, 51, 189, 88, 87, 32, 250, 189,
       254, 255, 237, 254, 253, 187, 253, 253, 253, 254, 255, 255, 127,
       255, 253, 251, 253, 99, 99, 245, 119, 247, 254, 253, 239, 245,
       191, 127, 95, 119, 239, 247, 108, 85, 190, 215, 122, 233, 252,
       254, 93, 122, 47, 213, 55, 247, 111, 153, 172, 24, 5, 240, 29,
       157, 73, 16, 242, 51, 189, 90, 87, 34, 250, 191, 187, 125, 247,
       63, 253, 255, 120, 254, 253, 255, 251, 255, 127, 254, 245, 255,
       247, 103, 99, 245, 47, 195, 118, 205, 255, 245, 127, 126, 31, 247,
       235, 215, 36, 85, 190, 82, 120, 233, 117, 120, 92, 56, 47, 213,
       22, 245, 111, 153, 172, 24, 5, 240, 29, 156, 73, 16, 242, 51, 189,
       88, 87, 32, 250, 63, 245, 125, 238, 255, 191, 223, 120, 246, 95,
       253, 250, 191, 123, 244, 93, 242, 247, 39, 115, 245, 118, 145,
       119, 238, 254, 229, 63, 126, 91, 117, 235, 215, 108, 220, 190,
       210, 120, 249, 117, 114, 223, 59, 47, 213, 20, 245, 79, 153, 172,
       24, 5, 248, 29, 158, 73, 16, 242, 51, 189, 88, 95, 32, 251, 191,
       253, 125, 255, 63, 189, 223, 121, 255, 255, 253, 251, 255, 122,
       244, 125, 247, 247, 119, 123, 247, 126, 243, 119, 253, 255, 247,
       127, 95, 127, 247, 251, 215, 44, 86, 190, 210, 121, 249, 253, 90,
       223, 121, 47, 209, 22, 245, 111, 153, 172, 24, 5, 248, 29, 156,
       73, 16, 242, 115, 191, 90, 87, 42, 251, 127, 30, 254, 185, 255,
       183, 63, 217, 188, 255, 210, 63, 253, 252, 59, 95, 252, 255, 187,
       242, 237, 151, 219, 125, 198, 216, 248, 231, 218, 85, 243, 239,
       215, 169, 87, 53, 127, 248, 237, 118, 120, 92, 122, 47, 213, 85,
       247, 105, 189, 236, 24, 5, 244, 29, 156, 73, 22, 242, 183, 189,
       218, 87, 32, 254, 60, 41, 255, 220, 50, 247, 241, 127, 245, 252,
       222, 181, 93, 254, 187, 230, 251, 212, 195, 106, 245, 121, 198,
       183, 93, 170, 164, 149, 104, 205, 61, 239, 255, 38, 117, 186, 86,
       122, 249, 124, 240, 93, 124, 38, 84, 182, 225, 111, 153, 172, 153,
       5, 242, 29, 156, 77, 16, 242, 59, 189, 91, 71, 34, 250, 61, 245,
       125, 252, 62, 127, 255, 123, 247, 94, 253, 251, 125, 120, 252,
       252, 247, 252, 71, 115, 245, 114, 209, 246, 253, 191, 245, 219,
       127, 223, 255, 235, 223, 44, 87, 190, 222, 120, 233, 125, 122,
       223, 59, 47, 212, 55, 247, 111, 153, 172, 152, 13, 240, 29, 156,
       89, 48, 242, 51, 189, 90, 215, 42, 251, 30, 35, 93, 180, 35, 17,
       60, 106, 246, 154, 213, 48, 125, 118, 176, 82, 250, 152, 67, 243,
       193, 50, 193, 247, 204, 158, 241, 217, 66, 204, 181, 232, 223, 44,
       69, 190, 90, 120, 233, 116, 120, 93, 57, 47, 212, 53, 247, 111,
       153, 172, 24, 5, 240, 29, 156, 73, 16, 242, 51, 189, 88, 87, 32,
       250, 60, 171, 255, 221, 58, 245, 249, 253, 253, 252, 222, 189,
       221, 127, 187, 238, 251, 213, 235, 107, 253, 125, 214, 247, 93,
       239, 182, 55, 125, 223, 127, 235, 247, 102, 87, 186, 214, 122,
       249, 124, 116, 93, 249, 46, 213, 180, 245, 111, 155, 172, 153, 13,
       242, 29, 156, 93, 16, 242, 123, 189, 91, 95, 40, 250, 124, 46,
       239, 249, 50, 127, 161, 255, 253, 252, 222, 181, 93, 188, 187,
       238, 219, 220, 235, 107, 245, 213, 222, 183, 93, 105, 156, 151,
       125, 221, 63, 235, 237, 36, 119, 186, 214, 122, 233, 124, 252, 93,
       114, 54, 85, 167, 99, 233, 191, 172, 159, 141, 242, 29, 157, 92,
       52, 226, 43, 253, 219, 222, 40, 254, 179, 213, 92, 206, 191, 157,
       223, 8, 255, 85, 61, 202, 191, 123, 116, 93, 246, 247, 52, 179,
       198, 126, 145, 103, 233, 214, 231, 127, 127, 123, 213, 107, 151,
       108, 30, 158, 202, 89, 250, 247, 115, 223, 109, 111, 145, 20, 245,
       47, 145, 189, 16, 5, 252, 1, 158, 77, 25, 242, 50, 191, 80, 95,
       34, 251, 124, 58, 255, 253, 58, 127, 177, 255, 253, 252, 222, 181,
       93, 191, 251, 238, 251, 220, 203, 106, 253, 209, 222, 191, 221,
       233, 172, 159, 105, 223, 127, 255, 253, 36, 87, 190, 215, 242,
       249, 124, 254, 93, 127, 62, 84, 183, 227, 109, 189, 172, 159, 13,
       242, 29, 156, 93, 28, 246, 59, 188, 219, 70, 42, 254, 68, 33, 195,
       145, 16, 134, 170, 71, 128, 234, 3, 20, 81, 134, 147, 66, 138, 69,
       0, 99, 138, 37, 198, 11, 13, 128, 166, 5, 2, 40, 49, 74, 119, 4,
       85, 187, 16, 124, 195, 86, 32, 96, 48, 40, 167, 28, 65, 123, 25,
       172, 56, 5, 177, 25, 60, 72, 144, 98, 51, 185, 72, 23, 33, 242,
       63, 245, 253, 190, 127, 191, 95, 123, 246, 124, 245, 251, 255,
       122, 180, 93, 242, 247, 103, 115, 245, 55, 209, 119, 236, 250,
       229, 63, 122, 89, 117, 235, 215, 44, 22, 190, 210, 120, 233, 117,
       114, 223, 59, 47, 209, 20, 245, 79, 153, 172, 24, 5, 240, 29, 156,
       73, 16, 242, 51, 189, 88, 87, 34, 251, 54, 253, 255, 223, 55, 223,
       215, 123, 255, 197, 189, 250, 255, 126, 182, 93, 255, 247, 98, 39,
       215, 119, 211, 103, 253, 247, 245, 127, 114, 154, 214, 107, 215,
       44, 87, 190, 210, 120, 235, 124, 112, 93, 56, 47, 213, 52, 245,
       111, 153, 172, 152, 13, 240, 29, 156, 73, 16, 242, 51, 189, 88,
       87, 32, 250, 2, 0, 33, 132, 8, 68, 9, 78, 166, 100, 147, 4, 89,
       45, 17, 18, 238, 212, 1, 96, 192, 32, 128, 50, 76, 152, 160, 10,
       82, 0, 49, 107, 81, 36, 85, 186, 82, 112, 33, 86, 80, 64, 24, 14,
       196, 20, 228, 77, 153, 172, 24, 5, 240, 28, 156, 73, 16, 242, 51,
       188, 88, 86, 32, 248, 242, 21, 211, 150, 211, 2, 19, 139, 70, 65,
       21, 119, 183, 234, 130, 116, 98, 151, 4, 70, 66, 173, 163, 98, 78,
       138, 240, 13, 146, 40, 18, 41, 182, 37, 84, 154, 66, 112, 195,
       212, 1, 88, 24, 10, 201, 28, 201, 14, 129, 164, 80, 5, 48, 26,
       148, 75, 16, 114, 48, 61, 88, 68, 32, 248, 118, 45, 241, 154, 17,
       78, 65, 79, 199, 64, 11, 180, 49, 230, 254, 254, 251, 84, 32, 100,
       15, 157, 192, 39, 95, 213, 178, 13, 19, 170, 26, 41, 0, 7, 117,
       154, 0, 118, 199, 84, 32, 209, 52, 97, 47, 30, 101, 174, 213, 36,
       114, 20, 34, 25, 180, 75, 144, 120, 41, 57, 89, 68, 51, 242, 86,
       49, 209, 186, 81, 2, 5, 78, 198, 66, 9, 48, 33, 206, 164, 91, 235,
       214, 33, 68, 11, 140, 128, 35, 78, 213, 243, 13, 146, 40, 16, 41,
       18, 38, 20, 155, 2, 116, 7, 84, 32, 194, 60, 105, 13, 28, 101,
       142, 209, 36, 16, 4, 32, 24, 164, 75, 144, 48, 33, 61, 88, 68, 48,
       178, 12, 35, 227, 244, 48, 55, 41, 246, 0, 230, 195, 20, 81, 192,
       145, 98, 130, 92, 3, 99, 131, 168, 228, 51, 12, 138, 162, 137, 80,
       12, 48, 91, 114, 4, 20, 186, 16, 114, 1, 212, 144, 96, 24, 14,
       226, 6, 193, 78, 25, 44, 24, 5, 112, 28, 148, 73, 144, 242, 51,
       156, 72, 22, 33, 249, 62, 51, 251, 245, 54, 181, 249, 111, 196,
       170, 211, 180, 221, 192, 177, 82, 242, 220, 67, 107, 167, 54, 198,
       95, 157, 138, 166, 223, 66, 181, 53, 234, 103, 44, 71, 190, 218,
       122, 225, 87, 152, 72, 241, 12, 210, 37, 131, 111, 155, 172, 24,
       7, 240, 29, 156, 89, 16, 242, 51, 189, 121, 22, 32, 243, 13, 38,
       229, 128, 8, 253, 33, 117, 40, 116, 194, 21, 64, 53, 153, 130,
