%YAML:1.0
descriptors: !!opencv-matrix
   rows: 107
   cols: 64
   dt: u
   data: [ 63, 182, 125, 190, 63, 253, 191, 121, 246, 252, 254, 247, 253,
       127, 188, 117, 251, 215, 99, 99, 245, 38, 193, 119, 205, 255, 245,
       191, 122, 94, 247, 235, 215, 36, 85, 190, 83, 120, 233, 116, 120,
       92, 56, 47, 213, 21, 247, 111, 153, 172, 24, 5, 240, 29, 156, 73,
       16, 242, 51, 189, 88, 87, 32, 250, 62, 245, 125, 190, 63, 181,
       189, 123, 246, 254, 253, 177, 253, 126, 189, 87, 255, 214, 99,
       115, 245, 54, 209, 119, 205, 255, 245, 239, 82, 94, 245, 235, 215,
       44, 87, 190, 82, 120, 233, 116, 120, 95, 56, 47, 213, 21, 245,
       111, 153, 172, 24, 5, 240, 29, 156, 73, 16, 242, 51, 189, 88, 87,
       32, 250, 62, 254, 125, 239, 190, 253, 255, 121, 255, 253, 222,
       253, 253, 127, 252, 253, 255, 255, 227, 123, 245, 118, 219, 255,
       253, 255, 245, 255, 126, 223, 247, 239, 223, 236, 215, 190, 255,
       251, 249, 125, 124, 93, 123, 47, 213, 181, 247, 111, 187, 172,
       153, 15, 242, 29, 158, 93, 52, 242, 247, 189, 251, 223, 44, 254,
       28, 179, 221, 254, 55, 185, 252, 127, 115, 248, 213, 241, 124,
       119, 173, 82, 239, 222, 33, 99, 197, 116, 195, 243, 205, 158, 224,
       219, 122, 76, 181, 106, 223, 36, 85, 186, 87, 120, 233, 117, 112,
       93, 57, 47, 212, 21, 247, 111, 153, 172, 24, 5, 240, 29, 156, 73,
       16, 242, 51, 189, 88, 87, 32, 250, 217, 13, 146, 243, 200, 102,
       102, 199, 8, 229, 106, 142, 146, 228, 147, 186, 239, 219, 57, 103,
       46, 141, 239, 59, 79, 207, 191, 239, 195, 2, 178, 175, 243, 39,
       117, 251, 83, 125, 127, 214, 120, 116, 184, 127, 93, 28, 127, 183,
       221, 140, 88, 244, 209, 255, 148, 235, 81, 252, 97, 63, 92, 116,
       145, 250, 74, 9, 130, 246, 73, 162, 232, 71, 16, 186, 66, 5, 130,
       198, 131, 11, 10, 89, 185, 67, 230, 45, 203, 91, 70, 202, 178,
       135, 82, 1, 32, 198, 87, 163, 85, 49, 53, 236, 253, 102, 104, 108,
       186, 106, 223, 21, 227, 235, 217, 236, 24, 213, 245, 125, 156,
       201, 19, 250, 247, 191, 72, 119, 145, 254, 215, 160, 139, 213,
       254, 144, 222, 32, 27, 191, 21, 218, 146, 66, 0, 90, 8, 195, 60,
       171, 143, 61, 234, 73, 109, 214, 187, 127, 0, 43, 21, 127, 215,
       177, 92, 35, 254, 249, 234, 119, 80, 124, 233, 105, 179, 28, 253,
       59, 159, 206, 24, 103, 245, 249, 188, 234, 80, 223, 178, 249, 249,
       115, 112, 254, 14, 2, 130, 119, 217, 160, 232, 0, 16, 58, 66, 101,
       128, 67, 129, 1, 10, 77, 161, 66, 229, 44, 139, 91, 66, 154, 178,
       167, 90, 97, 33, 198, 87, 162, 93, 48, 53, 184, 249, 38, 232, 100,
       202, 74, 225, 1, 211, 91, 56, 236, 24, 65, 244, 13, 156, 73, 23,
       226, 247, 183, 202, 119, 161, 118, 4, 33, 97, 144, 16, 132, 33,
       77, 132, 68, 129, 48, 65, 107, 144, 70, 234, 212, 3, 96, 193, 32,
       192, 114, 76, 152, 164, 9, 82, 12, 49, 105, 214, 36, 85, 186, 82,
       120, 1, 84, 112, 88, 24, 15, 212, 20, 229, 78, 153, 172, 24, 5,
       240, 28, 156, 73, 16, 242, 51, 189, 88, 87, 32, 250, 67, 139, 147,
       83, 200, 138, 195, 10, 10, 29, 2, 71, 130, 87, 200, 17, 106, 215,
       61, 38, 198, 45, 138, 115, 106, 218, 58, 47, 150, 10, 50, 127, 87,
       39, 93, 147, 82, 126, 111, 116, 209, 84, 24, 78, 73, 12, 249, 199,
       157, 44, 24, 4, 241, 45, 140, 203, 80, 126, 50, 189, 88, 85, 49,
       250, 84, 153, 146, 212, 96, 138, 124, 102, 19, 169, 7, 209, 146,
       198, 148, 26, 61, 203, 184, 15, 135, 45, 226, 203, 171, 75, 226,
       126, 0, 41, 148, 102, 215, 147, 48, 33, 180, 204, 250, 119, 113,
       188, 225, 99, 175, 28, 253, 235, 213, 226, 105, 247, 181, 104, 56,
       206, 87, 95, 242, 227, 121, 37, 145, 238, 90, 17, 137, 150, 38,
       147, 26, 39, 66, 162, 87, 4, 17, 0, 17, 18, 28, 210, 64, 194, 130,
       49, 194, 131, 136, 0, 164, 92, 0, 160, 149, 104, 87, 60, 145, 168,
       74, 72, 128, 65, 48, 73, 149, 12, 176, 20, 129, 111, 155, 170, 25,
       7, 50, 25, 28, 89, 1, 115, 59, 249, 121, 18, 96, 234, 68, 2, 131,
       17, 200, 130, 42, 68, 0, 163, 3, 0, 130, 128, 131, 3, 8, 77, 25,
       71, 138, 133, 206, 9, 12, 200, 138, 47, 16, 8, 33, 78, 115, 167,
       116, 11, 0, 172, 37, 70, 128, 96, 8, 10, 67, 12, 9, 147, 25, 44,
       16, 4, 65, 88, 148, 10, 144, 106, 33, 189, 72, 22, 48, 242, 3, 18,
       4, 130, 93, 162, 7, 24, 54, 88, 16, 67, 168, 25, 4, 1, 102, 213,
       1, 52, 192, 37, 128, 97, 0, 144, 40, 6, 26, 8, 1, 73, 215, 36,
       208, 176, 114, 120, 33, 100, 80, 68, 26, 15, 209, 20, 244, 79,
       152, 172, 24, 4, 240, 24, 156, 73, 16, 178, 51, 156, 88, 87, 36,
       248, 35, 198, 68, 130, 223, 156, 7, 24, 174, 85, 44, 74, 173, 59,
       100, 5, 194, 116, 5, 32, 192, 98, 152, 100, 100, 180, 9, 3, 190,
       10, 89, 9, 148, 100, 218, 154, 64, 82, 9, 172, 199, 215, 10, 7,
       80, 82, 244, 69, 128, 53, 16, 12, 42, 129, 143, 9, 56, 48, 34, 44,
       80, 223, 38, 249, 3, 2, 0, 2, 141, 144, 130, 16, 48, 26, 2, 69,
       128, 81, 1, 1, 4, 75, 129, 144, 192, 96, 8, 106, 0, 0, 0, 70, 28,
       0, 1, 67, 31, 208, 216, 32, 117, 8, 8, 32, 197, 36, 10, 12, 64,
       128, 210, 75, 48, 88, 24, 0, 180, 0, 218, 137, 7, 2, 150, 132, 64,
       19, 68, 72, 227, 196, 72, 138, 215, 12, 7, 137, 167, 70, 45, 138,
       25, 174, 246, 239, 195, 116, 21, 100, 8, 146, 188, 32, 124, 133,
       41, 9, 147, 26, 26, 57, 112, 36, 30, 219, 66, 119, 5, 150, 146,
       194, 28, 25, 18, 30, 68, 148, 1, 37, 86, 4, 9, 26, 135, 42, 144,
       96, 40, 60, 76, 20, 34, 177, 75, 196, 136, 58, 79, 250, 6, 14, 52,
       122, 8, 205, 48, 78, 44, 45, 9, 59, 161, 146, 196, 55, 219, 123,
       64, 223, 147, 39, 91, 99, 35, 71, 151, 162, 211, 33, 115, 200,
       236, 32, 96, 124, 110, 105, 213, 85, 247, 107, 29, 236, 24, 4,
       231, 5, 220, 136, 19, 162, 183, 189, 16, 83, 176, 106, 65, 3, 128,
       208, 72, 2, 162, 70, 0, 32, 2, 5, 0, 101, 131, 0, 2, 9, 129, 70,
       198, 41, 76, 67, 74, 202, 2, 6, 0, 0, 1, 71, 55, 131, 81, 32, 17,
       194, 103, 2, 192, 48, 8, 66, 65, 12, 65, 203, 25, 108, 24, 4, 213,
       88, 152, 138, 17, 106, 3, 165, 64, 103, 49, 232, 199, 5, 130, 24,
       1, 66, 0, 78, 0, 162, 33, 128, 18, 128, 134, 138, 9, 16, 32, 65,
       2, 131, 228, 35, 14, 129, 128, 1, 19, 8, 16, 72, 241, 36, 52, 186,
       2, 100, 3, 214, 18, 106, 56, 43, 26, 28, 1, 232, 81, 44, 114, 20,
       17, 24, 180, 8, 144, 96, 33, 56, 72, 84, 34, 251, 69, 1, 227, 144,
       81, 2, 33, 78, 164, 102, 129, 20, 19, 204, 163, 71, 234, 85, 1,
       102, 2, 135, 196, 35, 78, 136, 160, 13, 210, 8, 48, 73, 119, 38,
       21, 186, 2, 116, 5, 86, 16, 64, 24, 14, 65, 28, 193, 206, 25, 44,
       24, 4, 112, 28, 148, 73, 16, 240, 33, 189, 72, 86, 32, 248, 3, 0,
       0, 50, 137, 128, 6, 0, 0, 34, 0, 4, 128, 68, 36, 1, 9, 0, 1, 0,
       194, 40, 10, 75, 68, 214, 19, 39, 18, 11, 1, 71, 23, 130, 81, 32,
       32, 200, 107, 2, 32, 32, 8, 97, 69, 20, 245, 67, 16, 68, 24, 4,
       165, 0, 12, 32, 17, 2, 178, 181, 0, 115, 33, 98, 5, 2, 0, 0, 200,
       2, 2, 64, 2, 32, 1, 2, 128, 67, 128, 1, 64, 65, 0, 64, 194, 36, 8,
       74, 2, 128, 128, 75, 128, 8, 1, 71, 19, 148, 84, 10, 0, 200, 1,
       198, 0, 0, 8, 2, 64, 24, 192, 75, 16, 100, 16, 4, 36, 24, 12, 9,
       0, 34, 17, 176, 8, 70, 32, 96, 65, 5, 0, 20, 1, 130, 15, 72, 0,
       36, 129, 0, 0, 9, 0, 3, 0, 69, 0, 68, 130, 35, 192, 35, 12, 128,
       128, 12, 16, 0, 1, 73, 82, 52, 80, 170, 0, 40, 0, 64, 32, 34, 24,
       139, 192, 24, 193, 79, 16, 172, 24, 5, 49, 24, 156, 0, 0, 34, 51,
       185, 8, 86, 32, 251, 1, 7, 4, 136, 1, 29, 6, 20, 38, 68, 5, 0, 16,
       61, 45, 5, 4, 112, 0, 164, 80, 96, 16, 34, 80, 32, 0, 0, 48, 0,
       25, 1, 212, 16, 83, 0, 0, 66, 0, 8, 180, 147, 24, 135, 20, 192,
       228, 76, 17, 0, 16, 12, 48, 9, 131, 8, 57, 66, 42, 148, 64, 66, 6,
       225, 7, 1, 0, 18, 65, 130, 2, 72, 2, 0, 1, 0, 0, 67, 128, 1, 66,
       69, 0, 68, 194, 32, 128, 67, 68, 128, 128, 13, 18, 8, 1, 9, 18,
       36, 20, 154, 0, 32, 3, 68, 0, 64, 24, 139, 64, 24, 224, 78, 17,
