%YAML:1.0
descriptors: !!opencv-matrix
   rows: 55
   cols: 64
   dt: u
   data: [ 60, 188, 125, 236, 63, 253, 255, 121, 255, 253, 222, 253, 253,
       126, 252, 213, 255, 255, 227, 251, 245, 114, 219, 255, 253, 127,
       229, 255, 124, 223, 245, 239, 223, 248, 215, 190, 255, 250, 249,
       127, 121, 93, 123, 47, 245, 53, 247, 111, 187, 254, 153, 15, 244,
       29, 156, 93, 54, 243, 247, 191, 251, 223, 44, 254, 222, 185, 218,
       255, 127, 219, 90, 174, 91, 185, 213, 255, 190, 246, 174, 90, 239,
       147, 57, 215, 207, 189, 195, 115, 207, 223, 242, 111, 83, 78, 182,
       106, 223, 39, 85, 187, 91, 120, 233, 116, 112, 93, 185, 47, 213,
       29, 247, 111, 157, 172, 24, 5, 240, 29, 156, 73, 16, 242, 51, 189,
       88, 87, 32, 250, 61, 178, 125, 238, 63, 189, 255, 120, 255, 252,
       254, 251, 253, 123, 253, 117, 246, 255, 99, 123, 245, 118, 211,
       255, 237, 255, 245, 255, 126, 95, 247, 239, 223, 108, 87, 190,
       223, 120, 233, 125, 120, 93, 123, 47, 213, 53, 247, 111, 185, 172,
       24, 5, 240, 29, 156, 73, 48, 242, 55, 189, 218, 87, 32, 250, 47,
       54, 101, 131, 223, 181, 131, 28, 252, 127, 18, 117, 189, 63, 185,
       69, 234, 245, 65, 32, 241, 99, 219, 124, 76, 232, 44, 39, 126, 88,
       113, 79, 85, 36, 87, 186, 82, 122, 169, 116, 116, 84, 90, 14, 85,
       132, 244, 69, 152, 44, 24, 5, 242, 29, 156, 73, 16, 242, 51, 188,
       218, 87, 32, 250, 63, 54, 101, 163, 223, 160, 175, 88, 244, 127,
       210, 115, 173, 15, 129, 85, 226, 213, 3, 112, 233, 35, 203, 124,
       76, 200, 168, 47, 90, 9, 33, 111, 85, 164, 93, 186, 114, 120, 41,
       118, 112, 68, 26, 15, 213, 17, 212, 93, 152, 172, 24, 5, 240, 29,
       156, 73, 16, 242, 51, 188, 88, 87, 32, 248, 255, 220, 254, 237,
       255, 255, 223, 216, 63, 255, 253, 251, 191, 248, 254, 253, 251,
       245, 63, 111, 111, 223, 175, 120, 111, 255, 123, 63, 255, 95, 126,
       63, 241, 231, 124, 219, 82, 119, 253, 247, 211, 223, 106, 63, 219,
       158, 252, 181, 205, 181, 86, 133, 232, 191, 135, 111, 208, 252,
       41, 62, 221, 93, 50, 189, 26, 141, 204, 222, 35, 221, 216, 39, 55,
       248, 23, 197, 28, 117, 60, 142, 173, 146, 96, 171, 212, 116, 194,
       115, 121, 19, 160, 90, 105, 243, 149, 107, 215, 52, 81, 48, 214,
       88, 250, 120, 112, 93, 57, 47, 244, 20, 245, 111, 153, 170, 25, 7,
       240, 29, 156, 77, 25, 243, 51, 189, 88, 87, 32, 250, 60, 189, 253,
       254, 63, 191, 253, 123, 247, 252, 213, 241, 253, 126, 188, 95,
       255, 215, 99, 115, 245, 63, 209, 247, 221, 255, 245, 255, 122,
       222, 245, 235, 223, 44, 87, 190, 219, 120, 233, 117, 120, 93, 57,
       47, 213, 53, 247, 111, 153, 172, 24, 5, 240, 29, 156, 73, 16, 242,
       51, 189, 88, 87, 32, 250, 63, 182, 253, 191, 63, 253, 191, 125,
       254, 254, 254, 253, 253, 126, 191, 117, 251, 213, 99, 115, 245,
       35, 195, 255, 205, 255, 245, 191, 90, 95, 247, 239, 223, 44, 85,
       190, 90, 120, 233, 116, 120, 92, 120, 47, 213, 53, 247, 111, 153,
       172, 24, 5, 240, 29, 156, 73, 16, 242, 51, 189, 88, 87, 32, 250,
       250, 217, 154, 223, 231, 91, 222, 191, 31, 249, 62, 143, 191, 220,
       123, 254, 255, 215, 57, 103, 76, 159, 231, 51, 75, 207, 251, 110,
       211, 67, 182, 59, 247, 37, 85, 249, 82, 119, 236, 116, 114, 93,
       56, 62, 221, 30, 245, 236, 157, 172, 26, 5, 240, 31, 156, 75, 81,
       242, 51, 189, 92, 87, 2, 250, 63, 246, 109, 237, 63, 253, 253,
       120, 253, 254, 254, 253, 253, 127, 253, 101, 187, 252, 227, 123,
       245, 118, 211, 255, 125, 191, 181, 179, 126, 95, 119, 239, 223,
       108, 223, 190, 255, 120, 249, 125, 125, 93, 123, 47, 212, 181,
       247, 111, 187, 190, 153, 13, 240, 29, 156, 93, 60, 242, 55, 189,
       251, 223, 44, 254, 126, 45, 251, 214, 34, 7, 93, 111, 199, 198,
       213, 176, 127, 238, 182, 94, 255, 147, 98, 103, 23, 191, 225, 39,
       221, 219, 246, 93, 66, 188, 244, 41, 198, 46, 36, 190, 194, 124,
       211, 124, 112, 201, 181, 111, 215, 20, 229, 110, 153, 172, 24, 5,
       240, 29, 156, 73, 16, 242, 115, 185, 121, 87, 33, 250, 94, 57,
       211, 244, 54, 35, 125, 110, 66, 132, 213, 181, 87, 198, 146, 90,
       250, 213, 33, 103, 7, 173, 194, 51, 141, 138, 162, 77, 82, 12,
       116, 105, 215, 38, 116, 186, 82, 120, 193, 116, 80, 92, 185, 111,
       205, 20, 229, 110, 153, 172, 24, 5, 240, 28, 156, 73, 16, 242, 51,
       191, 88, 86, 33, 250, 62, 182, 253, 254, 62, 253, 187, 125, 255,
       254, 215, 253, 253, 126, 191, 246, 255, 222, 67, 99, 245, 51, 211,
       255, 221, 234, 228, 255, 90, 221, 245, 239, 199, 44, 87, 190, 219,
       122, 233, 124, 120, 93, 120, 47, 213, 53, 247, 111, 153, 172, 24,
       5, 240, 29, 156, 73, 16, 242, 51, 189, 90, 87, 32, 250, 43, 182,
       97, 166, 191, 180, 137, 24, 244, 126, 210, 115, 173, 91, 176, 85,
       226, 244, 5, 48, 225, 34, 153, 124, 108, 152, 32, 3, 94, 89, 113,
       239, 215, 172, 94, 178, 119, 120, 169, 116, 209, 92, 90, 14, 208,
       21, 208, 79, 153, 188, 24, 5, 240, 29, 156, 73, 16, 242, 55, 188,
       90, 87, 32, 249, 213, 37, 147, 86, 16, 2, 93, 78, 2, 230, 1, 144,
       18, 194, 130, 90, 42, 84, 36, 103, 14, 173, 224, 3, 14, 139, 162,
       13, 18, 40, 48, 41, 82, 38, 52, 186, 2, 124, 195, 212, 16, 104,
       185, 107, 171, 28, 229, 110, 217, 164, 48, 213, 96, 24, 180, 73,
       17, 114, 49, 187, 88, 20, 33, 250, 63, 187, 237, 254, 63, 189,
       221, 62, 119, 254, 215, 241, 253, 127, 61, 95, 253, 254, 97, 251,
       245, 116, 211, 243, 237, 255, 243, 255, 126, 93, 245, 235, 223,
       36, 87, 186, 223, 120, 249, 125, 112, 93, 59, 47, 213, 21, 247,
       111, 153, 172, 24, 5, 240, 29, 156, 73, 16, 242, 51, 189, 90, 87,
       32, 250, 44, 35, 231, 184, 19, 119, 165, 255, 180, 254, 232, 181,
       89, 190, 179, 102, 235, 220, 99, 99, 241, 135, 198, 179, 77, 237,
       180, 129, 80, 142, 50, 203, 221, 36, 85, 186, 82, 120, 233, 116,
       120, 92, 56, 47, 213, 53, 245, 110, 153, 172, 24, 5, 240, 29, 156,
       73, 16, 242, 51, 189, 88, 87, 32, 250, 76, 35, 103, 177, 16, 101,
       33, 252, 132, 206, 194, 52, 65, 142, 155, 226, 235, 220, 3, 100,
       105, 128, 198, 48, 77, 136, 172, 137, 82, 12, 50, 153, 112, 36,
       85, 186, 82, 114, 129, 84, 176, 84, 24, 14, 68, 22, 192, 108, 153,
       44, 24, 5, 240, 29, 156, 73, 16, 242, 35, 188, 88, 86, 32, 242,
       163, 22, 64, 2, 221, 128, 7, 8, 102, 65, 0, 114, 172, 11, 160, 85,
       98, 247, 5, 116, 64, 2, 129, 100, 70, 148, 41, 47, 146, 8, 1, 41,
       84, 36, 20, 154, 66, 112, 5, 212, 64, 64, 24, 11, 193, 16, 244,
       69, 145, 44, 16, 4, 112, 24, 140, 73, 16, 114, 50, 156, 88, 87,
       32, 248, 199, 130, 65, 129, 221, 130, 135, 72, 36, 73, 0, 91, 131,
       11, 128, 1, 66, 85, 37, 100, 64, 5, 138, 96, 78, 220, 25, 39, 146,
       10, 51, 25, 84, 37, 92, 155, 82, 120, 45, 148, 65, 64, 24, 11,
       193, 28, 252, 149, 9, 164, 24, 4, 209, 24, 140, 11, 16, 240, 51,
       188, 72, 87, 48, 248, 69, 34, 65, 128, 208, 2, 3, 72, 128, 2, 1,
       54, 1, 131, 131, 67, 66, 85, 1, 100, 8, 129, 128, 32, 12, 136, 40,
       13, 146, 8, 48, 9, 112, 37, 84, 155, 0, 112, 5, 214, 128, 66, 24,
       10, 65, 28, 64, 132, 25, 44, 16, 4, 33, 24, 132, 11, 16, 96, 33,
       156, 76, 70, 34, 177, 51, 0, 1, 150, 28, 0, 9, 14, 194, 106, 19,
       20, 33, 66, 3, 18, 106, 212, 1, 96, 192, 160, 192, 38, 76, 136,
       160, 9, 18, 8, 49, 105, 85, 36, 84, 186, 82, 112, 1, 84, 80, 64,
       24, 10, 192, 20, 193, 79, 153, 172, 24, 5, 240, 28, 156, 73, 16,
       114, 51, 188, 88, 22, 32, 248, 61, 182, 125, 237, 191, 189, 191,
       120, 253, 253, 222, 251, 253, 127, 249, 69, 242, 253, 235, 251,
       245, 103, 219, 253, 237, 126, 245, 255, 124, 95, 245, 239, 223,
       108, 87, 190, 223, 120, 233, 125, 124, 93, 123, 47, 213, 49, 247,
       111, 185, 172, 24, 5, 240, 29, 156, 73, 54, 242, 55, 189, 218, 87,
       32, 254, 60, 184, 255, 253, 62, 253, 249, 124, 125, 255, 213, 253,
       221, 126, 189, 204, 251, 220, 97, 107, 245, 124, 194, 251, 253,
