%YAML:1.0
descriptors: !!opencv-matrix
   rows: 51
   cols: 64
   dt: u
   data: [ 62, 221, 252, 254, 55, 255, 253, 127, 191, 252, 221, 253, 189,
       126, 191, 223, 255, 255, 99, 243, 245, 119, 211, 119, 93, 255,
       245, 127, 123, 222, 247, 235, 207, 44, 87, 190, 211, 120, 233,
       125, 122, 95, 62, 175, 213, 117, 247, 111, 153, 172, 24, 13, 240,
       29, 156, 73, 16, 242, 115, 189, 122, 87, 42, 250, 63, 254, 127,
       255, 63, 253, 255, 248, 255, 255, 255, 251, 253, 123, 255, 253,
       247, 255, 99, 251, 245, 119, 211, 118, 237, 255, 245, 255, 126,
       95, 247, 251, 223, 108, 87, 190, 223, 122, 249, 125, 248, 92, 59,
       47, 213, 55, 247, 111, 153, 172, 24, 5, 240, 29, 157, 73, 16, 242,
       51, 189, 90, 87, 32, 250, 191, 249, 255, 223, 63, 189, 221, 120,
       255, 255, 253, 251, 255, 123, 252, 127, 246, 247, 103, 123, 245,
       127, 211, 247, 237, 255, 247, 255, 127, 223, 247, 235, 223, 108,
       87, 190, 218, 121, 249, 253, 122, 95, 123, 47, 213, 55, 245, 111,
       153, 174, 24, 7, 240, 29, 157, 77, 24, 242, 51, 189, 123, 95, 34,
       251, 63, 253, 255, 222, 63, 157, 221, 123, 255, 245, 189, 250,
       255, 122, 252, 127, 247, 215, 102, 123, 215, 126, 195, 247, 205,
       255, 231, 127, 114, 31, 247, 107, 223, 44, 85, 190, 218, 120, 251,
       117, 114, 95, 185, 47, 213, 52, 245, 111, 153, 172, 24, 5, 240,
       29, 156, 73, 16, 242, 115, 191, 120, 87, 32, 250, 51, 246, 81,
       231, 253, 248, 147, 24, 254, 121, 30, 127, 173, 95, 196, 117, 255,
       215, 5, 18, 196, 40, 139, 124, 228, 222, 113, 43, 222, 11, 99,
       127, 151, 164, 93, 178, 115, 241, 233, 119, 113, 92, 10, 15, 213,
       20, 252, 79, 136, 181, 24, 5, 244, 133, 158, 73, 16, 242, 182,
       191, 88, 87, 36, 252, 191, 253, 234, 168, 55, 121, 212, 79, 63,
       195, 253, 252, 126, 254, 174, 253, 249, 188, 35, 211, 39, 82, 247,
       51, 103, 223, 241, 107, 115, 63, 246, 225, 149, 36, 215, 218, 66,
       113, 233, 116, 114, 221, 60, 41, 212, 21, 247, 110, 153, 174, 26,
       5, 240, 29, 212, 73, 16, 242, 59, 189, 88, 87, 32, 218, 63, 221,
       248, 154, 55, 159, 93, 11, 47, 70, 53, 186, 157, 106, 62, 95, 252,
       247, 32, 245, 7, 119, 210, 99, 213, 215, 241, 125, 51, 184, 212,
       33, 150, 44, 87, 158, 202, 120, 251, 124, 48, 223, 60, 105, 213,
       92, 245, 111, 149, 172, 24, 5, 98, 29, 159, 89, 24, 242, 51, 189,
       89, 223, 40, 251, 12, 170, 117, 169, 56, 253, 163, 116, 121, 252,
       78, 149, 85, 55, 249, 227, 235, 236, 203, 104, 229, 65, 78, 184,
       77, 253, 28, 133, 109, 199, 59, 223, 213, 64, 119, 186, 53, 250,
       233, 60, 253, 21, 122, 54, 101, 135, 118, 105, 185, 45, 108, 53,
       242, 29, 158, 76, 22, 234, 11, 172, 74, 71, 34, 242, 63, 246, 125,
       174, 63, 189, 183, 120, 245, 92, 212, 113, 253, 59, 180, 85, 242,
       244, 67, 96, 241, 98, 145, 116, 124, 184, 164, 155, 126, 93, 125,
       235, 213, 100, 86, 190, 86, 122, 169, 124, 220, 95, 26, 14, 208,
       133, 208, 79, 153, 173, 24, 5, 240, 29, 159, 73, 56, 242, 51, 156,
       90, 87, 34, 249, 63, 241, 125, 158, 55, 29, 93, 58, 247, 70, 181,
       176, 61, 122, 180, 87, 246, 246, 70, 113, 19, 114, 129, 54, 236,
       162, 229, 89, 115, 248, 220, 41, 210, 44, 22, 190, 194, 120, 129,
       253, 178, 219, 61, 15, 208, 22, 229, 78, 153, 172, 18, 5, 120, 29,
       159, 73, 56, 242, 59, 156, 89, 214, 34, 249, 184, 251, 223, 223,
       54, 253, 241, 254, 217, 189, 94, 223, 255, 182, 223, 234, 235,
       213, 251, 107, 204, 61, 207, 247, 173, 223, 181, 171, 95, 75, 54,
       191, 215, 38, 117, 250, 86, 123, 233, 116, 240, 93, 251, 63, 223,
       150, 125, 231, 155, 173, 31, 133, 248, 29, 156, 73, 16, 242, 59,
       253, 89, 95, 32, 254, 44, 34, 101, 160, 250, 189, 163, 121, 244,
       94, 210, 53, 93, 59, 249, 196, 226, 252, 67, 96, 241, 114, 144,
       244, 92, 168, 44, 141, 252, 220, 57, 235, 85, 36, 87, 186, 83,
       114, 137, 124, 252, 85, 24, 14, 68, 167, 194, 77, 153, 44, 24, 5,
       242, 29, 157, 73, 16, 242, 51, 188, 88, 87, 32, 248, 186, 253,
       125, 255, 191, 189, 223, 57, 255, 253, 253, 251, 191, 126, 116,
       93, 255, 247, 126, 187, 247, 127, 211, 127, 253, 255, 247, 127,
       127, 251, 255, 239, 159, 236, 159, 246, 255, 89, 250, 127, 127,
       223, 239, 111, 245, 117, 253, 127, 191, 254, 153, 79, 254, 133,
       158, 125, 56, 247, 246, 255, 251, 255, 174, 222, 250, 217, 255,
       255, 255, 125, 249, 255, 223, 212, 255, 189, 63, 254, 255, 252,
       251, 214, 49, 102, 78, 155, 231, 55, 111, 207, 226, 57, 211, 123,
       126, 187, 245, 36, 85, 250, 82, 119, 201, 245, 242, 221, 29, 62,
       220, 150, 237, 110, 157, 172, 94, 5, 248, 31, 148, 73, 144, 242,
       57, 188, 92, 6, 34, 249, 210, 217, 138, 223, 55, 211, 222, 163,
       95, 131, 53, 250, 190, 194, 111, 218, 61, 147, 60, 223, 15, 125,
       231, 103, 169, 215, 243, 125, 87, 187, 214, 58, 214, 60, 157, 223,
       218, 125, 250, 113, 114, 222, 181, 125, 183, 28, 245, 62, 159,
       175, 18, 199, 248, 13, 252, 219, 81, 243, 120, 127, 125, 121, 162,
       187, 41, 174, 239, 138, 16, 253, 165, 119, 125, 252, 204, 189,
       113, 63, 191, 239, 203, 112, 227, 104, 241, 85, 95, 245, 89, 125,
       29, 161, 107, 222, 51, 195, 205, 6, 71, 186, 85, 120, 109, 60,
       124, 117, 58, 167, 85, 245, 119, 225, 57, 172, 168, 12, 209, 29,
       136, 28, 54, 224, 47, 189, 74, 215, 44, 250, 141, 234, 6, 33, 220,
       120, 162, 240, 24, 187, 194, 87, 192, 21, 201, 161, 203, 205, 173,
       104, 193, 4, 13, 216, 79, 93, 25, 162, 220, 7, 35, 86, 93, 128,
       221, 40, 117, 250, 173, 38, 248, 84, 122, 63, 85, 135, 118, 241,
       152, 125, 28, 36, 213, 189, 142, 72, 6, 192, 135, 164, 76, 83,
       100, 190, 148, 249, 92, 214, 49, 88, 84, 2, 50, 208, 47, 241, 62,
       243, 196, 250, 111, 146, 36, 175, 7, 40, 165, 35, 233, 23, 225,
       89, 51, 42, 130, 49, 146, 36, 116, 242, 82, 88, 203, 244, 114,
       159, 56, 39, 188, 22, 245, 110, 129, 165, 87, 5, 248, 13, 155, 73,
       18, 243, 50, 61, 88, 117, 36, 218, 129, 254, 71, 101, 253, 248,
       162, 216, 120, 185, 234, 111, 224, 21, 201, 161, 43, 173, 173, 27,
       228, 40, 46, 216, 101, 223, 89, 166, 252, 7, 35, 87, 159, 225,
       249, 17, 125, 187, 237, 39, 237, 52, 106, 183, 197, 195, 254, 113,
       168, 223, 76, 33, 213, 231, 206, 104, 6, 220, 150, 167, 198, 79,
       180, 30, 70, 69, 152, 154, 0, 6, 92, 7, 35, 70, 41, 128, 22, 226,
       52, 30, 245, 50, 36, 229, 3, 188, 113, 3, 218, 7, 163, 72, 1, 172,
       144, 33, 194, 22, 22, 170, 2, 76, 2, 216, 50, 202, 60, 105, 178,
       28, 229, 78, 145, 164, 16, 4, 32, 24, 16, 73, 25, 115, 49, 52, 88,
       112, 35, 233, 54, 49, 241, 30, 54, 2, 29, 126, 194, 0, 241, 48,
       109, 130, 149, 82, 242, 198, 3, 116, 1, 160, 193, 151, 204, 136,
       228, 73, 82, 12, 240, 104, 240, 44, 84, 190, 74, 56, 129, 212, 18,
       74, 24, 14, 208, 52, 129, 78, 153, 172, 24, 5, 112, 28, 156, 73,
       16, 242, 51, 188, 88, 86, 34, 249, 154, 249, 154, 215, 38, 89,
       220, 162, 95, 147, 127, 222, 255, 214, 82, 250, 61, 210, 124, 219,
       7, 188, 229, 215, 171, 87, 247, 122, 199, 239, 246, 186, 242, 60,
       45, 222, 222, 125, 250, 243, 113, 221, 245, 125, 191, 6, 183, 62,
       207, 235, 151, 215, 248, 7, 176, 93, 211, 243, 112, 123, 117, 57,
       193, 190, 141, 190, 139, 41, 188, 240, 190, 244, 88, 187, 236,
       233, 98, 17, 139, 137, 11, 204, 169, 217, 225, 1, 111, 216, 229,
       93, 249, 166, 93, 5, 163, 102, 221, 144, 221, 32, 127, 177, 232,
       49, 120, 92, 58, 63, 247, 21, 247, 121, 186, 254, 14, 7, 244, 189,
       216, 73, 150, 243, 183, 189, 88, 83, 100, 254, 12, 166, 96, 169,
       216, 252, 162, 213, 44, 94, 74, 7, 193, 21, 251, 229, 203, 220,
       137, 96, 225, 0, 30, 120, 78, 220, 28, 161, 220, 70, 59, 215, 117,
       192, 95, 26, 113, 242, 45, 6, 173, 84, 90, 150, 68, 135, 126, 241,
       136, 125, 92, 36, 211, 151, 142, 105, 128, 192, 3, 164, 70, 79,
