%YAML:1.0
descriptors: !!opencv-matrix
   rows: 104
   cols: 64
   dt: u
   data: [ 63, 178, 125, 231, 63, 245, 187, 120, 255, 255, 215, 253, 253,
       126, 185, 117, 251, 255, 67, 243, 229, 50, 195, 127, 237, 254,
       225, 255, 94, 127, 247, 239, 215, 44, 87, 190, 219, 120, 233, 117,
       120, 92, 121, 47, 213, 21, 247, 111, 153, 174, 24, 5, 240, 29,
       156, 73, 16, 242, 51, 189, 88, 87, 32, 250, 62, 189, 253, 254, 63,
       253, 253, 127, 247, 252, 253, 249, 253, 126, 188, 94, 251, 214,
       99, 251, 245, 126, 195, 119, 237, 255, 227, 255, 126, 127, 245,
       239, 215, 44, 85, 190, 255, 120, 249, 117, 120, 93, 251, 111, 244,
       21, 247, 111, 153, 174, 25, 7, 240, 29, 156, 73, 16, 243, 119,
       191, 122, 87, 160, 250, 61, 191, 255, 119, 62, 189, 249, 124, 255,
       189, 214, 253, 239, 123, 153, 93, 254, 255, 235, 123, 245, 127,
       195, 255, 237, 122, 246, 255, 126, 117, 245, 239, 223, 234, 237,
       182, 255, 187, 249, 125, 253, 93, 251, 239, 241, 225, 251, 111,
       186, 254, 137, 79, 240, 157, 159, 93, 62, 247, 247, 255, 251, 255,
       237, 254, 125, 51, 245, 176, 84, 39, 39, 122, 228, 68, 218, 50,
       109, 239, 145, 87, 235, 213, 35, 100, 65, 165, 193, 119, 78, 221,
       181, 13, 82, 14, 48, 41, 210, 36, 85, 186, 82, 120, 193, 84, 112,
       84, 56, 47, 213, 20, 245, 110, 153, 172, 24, 5, 240, 29, 156, 73,
       16, 242, 51, 189, 88, 87, 32, 250, 245, 54, 117, 85, 253, 180,
       255, 217, 238, 255, 163, 122, 239, 75, 144, 85, 242, 245, 62, 99,
       255, 47, 154, 124, 28, 254, 191, 63, 150, 63, 115, 127, 71, 167,
       158, 159, 208, 185, 255, 223, 69, 96, 232, 239, 225, 104, 221, 19,
       156, 253, 24, 97, 245, 248, 156, 99, 80, 126, 243, 159, 254, 151,
       185, 190, 250, 57, 211, 243, 215, 98, 227, 174, 222, 129, 118,
       123, 179, 202, 146, 126, 114, 215, 61, 71, 15, 143, 239, 55, 46,
       203, 123, 47, 210, 139, 50, 190, 98, 39, 52, 255, 83, 125, 87,
       212, 217, 224, 180, 90, 75, 29, 9, 182, 205, 36, 82, 244, 89, 254,
       164, 227, 209, 252, 97, 123, 92, 36, 145, 187, 110, 34, 229, 145,
       222, 135, 15, 125, 132, 231, 211, 20, 217, 172, 147, 70, 194, 85,
       27, 100, 138, 163, 206, 41, 12, 200, 174, 15, 18, 8, 49, 79, 113,
       37, 85, 187, 66, 126, 37, 86, 20, 64, 76, 14, 71, 12, 193, 19, 31,
       44, 16, 5, 99, 61, 148, 75, 192, 126, 49, 184, 76, 86, 48, 244,
       227, 159, 195, 3, 221, 138, 3, 8, 206, 65, 16, 123, 171, 219, 132,
       93, 98, 213, 61, 100, 202, 15, 139, 101, 78, 218, 57, 47, 146, 10,
       0, 45, 150, 39, 84, 155, 66, 113, 109, 244, 65, 80, 24, 11, 201,
       24, 253, 151, 133, 36, 24, 4, 241, 58, 140, 235, 80, 252, 51, 189,
       88, 85, 48, 249, 5, 7, 101, 208, 8, 92, 33, 78, 164, 100, 2, 4,
       81, 125, 185, 231, 138, 116, 1, 98, 198, 232, 156, 50, 76, 128, 4,
       1, 48, 8, 25, 73, 115, 6, 85, 186, 64, 114, 87, 30, 180, 112, 24,
       6, 68, 134, 65, 194, 25, 45, 20, 4, 17, 29, 135, 8, 16, 96, 35,
       157, 72, 70, 33, 248, 65, 5, 133, 144, 64, 6, 3, 111, 0, 100, 6,
       4, 1, 169, 25, 6, 136, 85, 1, 100, 64, 161, 196, 35, 76, 136, 136,
       4, 16, 8, 16, 73, 208, 37, 81, 186, 82, 98, 5, 84, 144, 80, 24,
       142, 65, 24, 193, 78, 25, 44, 24, 5, 113, 28, 156, 75, 16, 98, 35,
       188, 72, 6, 32, 251, 66, 2, 1, 130, 201, 2, 2, 9, 2, 66, 2, 0, 0,
       64, 33, 1, 98, 85, 1, 36, 64, 33, 136, 96, 12, 128, 40, 13, 146,
       8, 17, 9, 112, 37, 84, 155, 66, 98, 5, 196, 128, 64, 24, 10, 64,
       14, 192, 68, 1, 36, 16, 4, 33, 24, 133, 11, 16, 96, 34, 188, 72,
       6, 32, 177, 65, 3, 1, 16, 0, 2, 7, 74, 32, 6, 3, 0, 0, 129, 0, 3,
       2, 100, 1, 100, 2, 128, 64, 35, 64, 128, 136, 4, 16, 8, 0, 1, 80,
       4, 80, 138, 0, 40, 1, 0, 0, 32, 24, 3, 0, 72, 64, 76, 16, 44, 16,
       4, 1, 24, 132, 8, 16, 98, 33, 156, 72, 86, 32, 248, 65, 7, 128,
       144, 65, 6, 3, 79, 164, 102, 3, 4, 17, 172, 49, 7, 136, 117, 0,
       100, 192, 35, 208, 35, 88, 192, 140, 12, 16, 8, 16, 73, 69, 36,
       87, 186, 0, 96, 1, 72, 32, 64, 24, 11, 69, 28, 229, 78, 17, 44,
       24, 4, 177, 25, 156, 9, 16, 98, 51, 189, 72, 86, 32, 250, 66, 0,
       0, 130, 207, 130, 6, 9, 38, 66, 1, 0, 136, 45, 32, 5, 64, 85, 0,
       36, 192, 33, 128, 97, 64, 208, 136, 12, 18, 8, 17, 73, 151, 36,
       80, 186, 66, 72, 1, 64, 32, 64, 8, 9, 85, 28, 228, 79, 17, 172,
       24, 4, 48, 24, 156, 11, 16, 114, 50, 188, 72, 87, 32, 250, 44, 37,
       33, 130, 0, 133, 36, 109, 196, 66, 195, 52, 113, 6, 145, 70, 234,
       16, 67, 64, 209, 34, 193, 215, 92, 136, 164, 9, 66, 140, 49, 72,
       79, 36, 69, 186, 18, 120, 1, 92, 112, 64, 20, 47, 196, 52, 165,
       79, 153, 172, 24, 5, 240, 28, 156, 65, 16, 242, 51, 185, 88, 87,
       32, 250, 66, 3, 129, 146, 72, 134, 3, 12, 134, 100, 1, 4, 17, 105,
       17, 6, 66, 85, 0, 38, 192, 35, 194, 99, 76, 130, 132, 12, 18, 8,
       17, 75, 87, 36, 84, 186, 82, 104, 1, 68, 80, 64, 24, 14, 193, 20,
       193, 79, 25, 44, 24, 5, 240, 24, 156, 73, 16, 114, 51, 189, 72,
       86, 32, 250, 2, 2, 128, 146, 72, 134, 3, 6, 166, 38, 2, 4, 1, 105,
       49, 5, 66, 85, 1, 96, 192, 39, 194, 99, 72, 128, 132, 12, 18, 8,
       17, 75, 87, 36, 85, 186, 82, 104, 1, 64, 80, 80, 24, 14, 81, 20,
       193, 79, 25, 44, 24, 5, 240, 25, 156, 73, 16, 114, 51, 189, 72,
       87, 32, 250, 197, 15, 231, 153, 16, 87, 37, 255, 164, 230, 169,
       146, 67, 185, 179, 111, 203, 85, 35, 111, 158, 133, 230, 51, 79,
       235, 149, 46, 81, 8, 50, 91, 243, 38, 85, 186, 82, 124, 229, 116,
       112, 124, 56, 47, 223, 28, 65, 239, 153, 172, 24, 5, 240, 29, 156,
       72, 16, 242, 51, 189, 88, 86, 32, 250, 88, 187, 191, 253, 106,
       255, 249, 231, 223, 255, 83, 221, 223, 224, 63, 218, 189, 223,
       250, 43, 246, 61, 238, 219, 191, 219, 182, 246, 77, 225, 245, 238,
       215, 179, 125, 53, 255, 254, 250, 119, 248, 127, 231, 110, 251,
       20, 209, 123, 255, 234, 56, 215, 246, 125, 157, 221, 199, 255,
       247, 251, 251, 125, 147, 255, 7, 34, 65, 162, 216, 128, 11, 72,
       98, 2, 3, 54, 225, 35, 128, 81, 226, 213, 1, 100, 65, 4, 129, 112,
       78, 152, 184, 13, 210, 8, 49, 41, 84, 36, 84, 186, 82, 120, 1, 84,
       64, 64, 24, 15, 193, 20, 224, 77, 153, 172, 24, 5, 240, 28, 156,
       73, 16, 242, 51, 188, 88, 87, 32, 248, 195, 5, 129, 150, 217, 128,
       7, 76, 134, 97, 33, 88, 131, 200, 134, 6, 98, 84, 0, 101, 10, 131,
       226, 32, 14, 130, 168, 11, 147, 8, 16, 41, 245, 37, 20, 154, 2,
       112, 3, 214, 18, 66, 8, 10, 200, 28, 201, 20, 17, 36, 80, 4, 96,
       26, 148, 75, 144, 114, 33, 60, 88, 84, 34, 249, 87, 33, 64, 18,
       17, 2, 7, 78, 70, 34, 17, 52, 48, 142, 131, 82, 226, 212, 1, 100,
       73, 130, 129, 36, 76, 136, 168, 9, 210, 8, 48, 41, 208, 36, 20,
       186, 66, 112, 1, 84, 16, 64, 24, 10, 208, 20, 192, 76, 153, 172,
       16, 5, 112, 28, 148, 73, 16, 242, 49, 188, 88, 86, 32, 248, 16, 1,
       147, 87, 40, 128, 248, 39, 66, 170, 67, 197, 130, 192, 1, 18, 38,
       75, 128, 11, 134, 45, 66, 203, 137, 10, 162, 222, 0, 33, 181, 110,
       119, 146, 56, 32, 61, 204, 242, 195, 193, 104, 225, 98, 170, 4,
       131, 107, 27, 202, 41, 215, 116, 8, 60, 72, 7, 83, 211, 227, 97,
       53, 193, 238, 226, 197, 72, 138, 223, 30, 95, 9, 183, 71, 61, 218,
       187, 106, 116, 125, 227, 213, 52, 37, 72, 166, 160, 100, 110, 215,
       185, 47, 211, 59, 19, 57, 210, 36, 20, 251, 66, 121, 235, 244,
       114, 202, 40, 41, 145, 28, 244, 109, 145, 172, 18, 5, 232, 25,
       156, 75, 16, 242, 48, 61, 88, 85, 34, 185, 1, 130, 144, 213, 168,
       128, 232, 68, 26, 187, 2, 69, 128, 69, 1, 1, 102, 205, 129, 34,
       198, 45, 202, 123, 108, 138, 34, 102, 28, 1, 33, 71, 119, 242, 92,
       48, 52, 234, 122, 38, 197, 100, 202, 78, 224, 4, 217, 83, 24, 92,
       24, 101, 244, 128, 156, 105, 7, 82, 246, 135, 192, 39, 161, 246,
       69, 33, 211, 145, 16, 67, 33, 238, 128, 132, 130, 53, 81, 134,
       131, 66, 235, 212, 3, 102, 73, 161, 198, 51, 76, 137, 176, 9, 82,
