%YAML:1.0
descriptors: !!opencv-matrix
   rows: 76
   cols: 64
   dt: u
   data: [ 59, 159, 255, 254, 63, 191, 253, 127, 247, 254, 213, 209, 255,
       125, 180, 95, 255, 215, 99, 99, 246, 47, 195, 119, 205, 251, 246,
       127, 90, 93, 245, 235, 215, 44, 85, 190, 210, 120, 249, 117, 120,
       92, 185, 47, 213, 52, 245, 111, 153, 172, 24, 5, 240, 29, 156, 73,
       16, 242, 115, 191, 88, 87, 32, 250, 7, 178, 197, 7, 189, 240, 155,
       28, 114, 60, 146, 101, 236, 127, 9, 17, 237, 231, 1, 176, 225, 37,
       67, 249, 196, 248, 240, 127, 122, 14, 225, 103, 223, 44, 85, 186,
       90, 56, 233, 124, 116, 92, 58, 175, 213, 80, 245, 111, 153, 172,
       24, 1, 240, 29, 156, 73, 16, 242, 51, 189, 88, 87, 32, 250, 59,
       254, 255, 239, 255, 253, 255, 249, 255, 255, 254, 251, 255, 127,
       255, 125, 247, 247, 123, 123, 245, 119, 219, 127, 253, 255, 245,
       191, 126, 223, 255, 255, 223, 108, 215, 190, 254, 121, 249, 125,
       124, 93, 123, 191, 213, 179, 245, 111, 185, 172, 152, 13, 240, 29,
       156, 93, 52, 246, 119, 189, 250, 223, 44, 254, 63, 185, 253, 254,
       63, 189, 253, 58, 247, 254, 213, 249, 255, 122, 52, 95, 189, 254,
       98, 251, 245, 126, 211, 255, 253, 191, 231, 255, 122, 245, 245,
       235, 223, 60, 87, 190, 223, 120, 248, 125, 120, 95, 123, 47, 245,
       53, 247, 111, 153, 174, 24, 7, 240, 29, 156, 73, 16, 243, 51, 189,
       123, 87, 32, 250, 222, 57, 155, 245, 106, 183, 126, 167, 91, 187,
       81, 219, 215, 194, 18, 90, 188, 203, 56, 207, 142, 189, 230, 155,
       175, 203, 246, 255, 66, 225, 246, 238, 71, 179, 60, 101, 255, 253,
       242, 247, 88, 236, 229, 105, 187, 28, 155, 63, 223, 202, 59, 247,
       228, 125, 60, 255, 199, 255, 243, 219, 253, 53, 209, 246, 7, 50,
       93, 34, 60, 176, 142, 80, 114, 190, 2, 69, 204, 55, 137, 17, 238,
       231, 1, 224, 193, 97, 75, 249, 196, 216, 224, 239, 90, 12, 225,
       99, 215, 36, 85, 186, 122, 56, 233, 116, 116, 92, 58, 175, 213,
       80, 245, 111, 153, 172, 24, 1, 240, 29, 156, 73, 20, 242, 51, 189,
       88, 87, 32, 250, 186, 246, 125, 255, 63, 189, 255, 121, 255, 255,
       253, 251, 255, 123, 244, 93, 246, 247, 103, 251, 245, 119, 211,
       254, 253, 255, 247, 255, 127, 255, 255, 239, 207, 108, 215, 190,
       223, 121, 249, 125, 126, 95, 251, 175, 213, 53, 247, 111, 187,
       174, 152, 15, 240, 29, 156, 93, 56, 242, 119, 191, 251, 223, 46,
       255, 43, 22, 68, 38, 221, 160, 175, 24, 116, 123, 194, 99, 172,
       73, 0, 21, 230, 255, 129, 208, 225, 38, 155, 124, 68, 184, 104,
       167, 218, 85, 225, 231, 95, 172, 92, 48, 119, 184, 41, 116, 93,
       68, 26, 143, 192, 65, 214, 73, 184, 236, 24, 5, 228, 28, 156, 73,
       18, 178, 183, 156, 218, 87, 32, 120, 47, 132, 105, 168, 29, 182,
       161, 95, 180, 126, 128, 240, 1, 9, 181, 69, 202, 244, 33, 96, 192,
       2, 216, 115, 76, 153, 177, 15, 82, 8, 49, 107, 213, 36, 213, 186,
       82, 120, 41, 116, 112, 94, 56, 15, 213, 20, 240, 111, 153, 172,
       24, 5, 240, 29, 156, 73, 16, 242, 51, 189, 88, 87, 32, 251, 4, 33,
       65, 144, 16, 4, 32, 67, 128, 198, 1, 16, 81, 130, 145, 66, 226,
       84, 1, 96, 0, 160, 192, 2, 12, 136, 164, 9, 18, 8, 48, 8, 114, 36,
       20, 186, 0, 120, 1, 212, 16, 64, 20, 10, 192, 20, 193, 78, 25, 44,
       24, 5, 112, 24, 156, 73, 16, 114, 51, 184, 72, 86, 32, 248, 45,
       46, 229, 168, 24, 127, 165, 127, 165, 252, 202, 21, 93, 61, 187,
       228, 235, 252, 67, 96, 240, 1, 222, 51, 93, 233, 172, 1, 88, 152,
       59, 207, 213, 36, 87, 186, 82, 114, 233, 124, 116, 84, 24, 174,
       84, 132, 245, 109, 153, 172, 24, 5, 240, 29, 156, 73, 16, 242, 51,
       188, 90, 71, 32, 250, 28, 51, 117, 180, 48, 181, 63, 121, 164, 78,
       193, 48, 77, 107, 145, 70, 226, 212, 3, 96, 72, 160, 128, 50, 12,
       136, 164, 9, 82, 8, 49, 169, 114, 36, 20, 186, 82, 120, 129, 212,
       208, 74, 24, 14, 208, 4, 192, 78, 153, 172, 24, 5, 96, 28, 157,
       73, 16, 242, 51, 156, 88, 86, 32, 241, 59, 254, 253, 255, 63, 253,
       253, 57, 255, 253, 223, 249, 253, 127, 252, 221, 255, 247, 99,
       251, 245, 126, 211, 255, 253, 255, 247, 255, 127, 251, 247, 239,
       223, 236, 215, 182, 255, 121, 249, 127, 124, 221, 255, 175, 245,
       245, 247, 111, 187, 190, 153, 79, 246, 29, 222, 93, 60, 243, 247,
       191, 251, 223, 172, 222, 44, 39, 125, 136, 48, 189, 45, 119, 229,
       198, 195, 20, 93, 61, 185, 70, 218, 252, 67, 96, 177, 112, 80,
       247, 93, 56, 164, 157, 96, 156, 112, 233, 214, 4, 71, 186, 192,
       120, 129, 92, 60, 88, 56, 175, 244, 112, 229, 110, 153, 172, 24,
       1, 240, 29, 156, 89, 16, 242, 51, 189, 88, 215, 104, 250, 199,
       169, 211, 215, 217, 128, 221, 206, 214, 169, 4, 251, 179, 202,
       134, 90, 234, 213, 49, 99, 207, 45, 202, 123, 46, 218, 178, 47,
       82, 9, 50, 111, 215, 39, 52, 187, 82, 125, 107, 118, 81, 106, 184,
       111, 217, 20, 253, 183, 217, 172, 24, 21, 240, 30, 156, 73, 16,
       242, 51, 191, 88, 85, 33, 250, 186, 185, 191, 247, 230, 181, 222,
       49, 90, 135, 213, 218, 255, 80, 22, 88, 252, 211, 122, 247, 118,
       117, 195, 215, 175, 118, 247, 252, 70, 244, 246, 168, 207, 124,
       152, 207, 223, 105, 250, 113, 120, 221, 181, 109, 245, 61, 183,
       63, 159, 158, 137, 199, 240, 165, 88, 121, 85, 243, 114, 251, 113,
       251, 236, 250, 61, 117, 109, 168, 23, 61, 53, 122, 165, 70, 253,
       48, 125, 57, 244, 103, 209, 252, 71, 116, 49, 210, 144, 182, 84,
       61, 229, 153, 249, 158, 124, 185, 200, 108, 150, 174, 202, 112,
       129, 221, 62, 219, 28, 143, 212, 115, 230, 76, 138, 173, 144, 12,
       106, 29, 199, 21, 56, 178, 49, 188, 122, 214, 110, 153, 54, 229,
       113, 220, 224, 140, 95, 65, 175, 69, 143, 122, 213, 110, 252, 84,
       178, 49, 6, 102, 23, 46, 144, 102, 220, 214, 135, 125, 34, 190,
       92, 41, 130, 119, 71, 158, 128, 120, 218, 93, 37, 185, 189, 227,
       165, 92, 253, 14, 129, 166, 129, 111, 42, 17, 31, 43, 57, 123,
       112, 171, 120, 111, 177, 234, 77, 58, 247, 249, 60, 115, 169, 254,
       49, 254, 194, 181, 65, 133, 139, 227, 203, 220, 171, 106, 237,
       193, 238, 186, 77, 233, 186, 131, 89, 69, 51, 207, 125, 128, 253,
       187, 117, 246, 233, 119, 252, 68, 122, 62, 111, 133, 99, 249, 184,
       108, 126, 21, 210, 63, 156, 76, 134, 232, 143, 255, 206, 71, 32,
       246, 48, 203, 207, 223, 234, 221, 215, 177, 255, 213, 23, 204,
       159, 127, 121, 204, 191, 215, 120, 47, 150, 127, 223, 239, 251,
       247, 23, 62, 38, 187, 86, 62, 151, 255, 107, 23, 218, 221, 254,
       63, 113, 61, 233, 103, 189, 124, 253, 179, 213, 216, 169, 255,
       181, 229, 184, 254, 113, 95, 114, 111, 241, 125, 157, 254, 71, 50,
       80, 48, 93, 34, 42, 74, 0, 42, 225, 50, 128, 195, 128, 19, 96, 77,
       5, 64, 235, 164, 8, 26, 6, 136, 170, 207, 210, 32, 33, 69, 115,
       134, 156, 171, 33, 188, 5, 199, 142, 66, 26, 72, 66, 25, 194, 217,
       72, 36, 16, 4, 100, 124, 45, 41, 128, 176, 145, 150, 12, 86, 50,
       33, 207, 16, 200, 50, 221, 162, 42, 14, 0, 43, 97, 120, 162, 203,
       134, 27, 98, 95, 53, 81, 171, 133, 234, 59, 6, 139, 170, 175, 83,
       33, 33, 111, 23, 167, 156, 187, 99, 244, 37, 215, 74, 194, 56, 73,
       219, 25, 195, 147, 88, 164, 24, 4, 101, 180, 180, 233, 144, 178,
       163, 158, 92, 86, 48, 249, 118, 48, 241, 176, 16, 134, 11, 77,
       194, 34, 147, 52, 241, 130, 147, 82, 242, 213, 3, 68, 139, 161,
       195, 5, 156, 136, 172, 13, 2, 140, 49, 40, 69, 36, 69, 190, 0,
       122, 1, 86, 128, 64, 16, 10, 65, 28, 129, 14, 153, 44, 24, 5, 112,
       28, 148, 65, 0, 114, 49, 184, 88, 22, 32, 242, 61, 191, 252, 222,
       62, 253, 253, 51, 119, 252, 85, 241, 188, 127, 189, 95, 255, 214,
       224, 235, 245, 124, 211, 115, 217, 127, 241, 127, 126, 127, 245,
       235, 215, 36, 85, 182, 215, 120, 249, 117, 112, 93, 59, 47, 245,
       20, 247, 111, 153, 172, 24, 15, 240, 29, 156, 73, 18, 243, 115,
       191, 90, 87, 44, 250, 111, 213, 108, 252, 127, 191, 255, 57, 189,
