%YAML:1.0
descriptors: !!opencv-matrix
   rows: 75
   cols: 64
   dt: u
   data: [ 190, 252, 255, 235, 235, 221, 255, 237, 127, 255, 252, 255,
       253, 126, 255, 252, 255, 187, 249, 186, 253, 245, 223, 248, 255,
       245, 123, 251, 239, 255, 255, 255, 207, 210, 223, 101, 255, 253,
       255, 122, 115, 221, 239, 125, 119, 151, 255, 245, 255, 223, 191,
       255, 190, 199, 254, 255, 127, 221, 254, 109, 215, 251, 249, 246,
       221, 254, 223, 207, 254, 255, 246, 241, 123, 253, 126, 223, 222,
       55, 254, 233, 239, 223, 253, 173, 221, 85, 203, 249, 235, 127, 29,
       246, 253, 79, 151, 111, 215, 241, 249, 113, 127, 217, 253, 55,
       117, 157, 107, 55, 253, 156, 255, 241, 159, 221, 169, 191, 253,
       239, 154, 239, 126, 223, 58, 239, 211, 95, 116, 254, 251, 221,
       222, 95, 167, 217, 223, 140, 123, 255, 63, 234, 190, 254, 111,
       255, 239, 179, 56, 191, 15, 255, 211, 126, 241, 247, 243, 123,
       255, 123, 223, 35, 223, 254, 253, 247, 251, 95, 250, 123, 114,
       255, 237, 125, 183, 222, 253, 63, 223, 203, 62, 103, 190, 143,
       255, 239, 59, 247, 252, 127, 253, 249, 249, 250, 63, 55, 101, 36,
       53, 180, 173, 120, 164, 94, 211, 97, 77, 57, 16, 5, 180, 236, 67,
       240, 240, 98, 16, 246, 196, 56, 228, 208, 124, 52, 97, 201, 94,
       120, 222, 172, 221, 56, 136, 109, 77, 76, 27, 143, 224, 225, 214,
       79, 184, 191, 152, 11, 242, 29, 223, 89, 46, 211, 23, 148, 122,
       215, 108, 120, 60, 186, 255, 167, 126, 247, 185, 127, 254, 252,
       222, 117, 255, 127, 185, 116, 243, 215, 227, 114, 245, 7, 207,
       255, 255, 238, 228, 191, 126, 223, 247, 239, 255, 44, 85, 190,
       222, 122, 233, 116, 120, 92, 123, 46, 213, 53, 247, 111, 185, 172,
       24, 5, 240, 29, 156, 73, 20, 242, 55, 189, 218, 87, 32, 254, 61,
       190, 255, 239, 127, 255, 185, 126, 255, 252, 254, 245, 255, 127,
       251, 253, 251, 215, 235, 114, 245, 103, 195, 255, 239, 239, 229,
       255, 126, 95, 247, 239, 223, 108, 85, 190, 246, 122, 249, 117,
       252, 92, 123, 47, 213, 55, 247, 111, 185, 172, 24, 5, 240, 29,
       156, 73, 28, 246, 55, 189, 90, 87, 32, 254, 121, 253, 255, 255,
       119, 255, 255, 126, 255, 222, 252, 249, 255, 94, 191, 253, 255,
       247, 251, 127, 245, 127, 211, 247, 237, 239, 247, 255, 127, 94,
       247, 235, 223, 44, 215, 190, 223, 120, 249, 117, 122, 95, 59, 47,
       245, 53, 247, 111, 189, 174, 24, 7, 240, 29, 156, 73, 20, 242, 55,
       191, 123, 95, 36, 250, 126, 57, 255, 213, 114, 159, 95, 101, 207,
       231, 215, 186, 223, 250, 178, 86, 250, 213, 122, 103, 159, 189,
       194, 119, 221, 234, 182, 125, 66, 156, 244, 169, 215, 36, 69, 190,
       210, 120, 243, 92, 112, 93, 189, 47, 213, 28, 229, 47, 157, 172,
       24, 5, 240, 29, 156, 73, 16, 242, 115, 189, 88, 87, 32, 250, 253,
       191, 255, 119, 127, 127, 249, 255, 252, 189, 214, 255, 239, 255,
       218, 221, 251, 255, 255, 127, 117, 223, 247, 255, 191, 127, 255,
       251, 255, 223, 246, 254, 207, 109, 239, 255, 255, 63, 249, 125,
       221, 93, 243, 191, 217, 97, 183, 237, 190, 190, 159, 155, 240,
       191, 157, 85, 102, 246, 119, 255, 255, 223, 44, 254, 239, 54, 113,
       163, 220, 164, 39, 72, 232, 103, 193, 58, 237, 75, 178, 81, 226,
       213, 1, 100, 73, 165, 130, 112, 78, 216, 184, 47, 210, 8, 49, 41,
       87, 36, 84, 186, 82, 120, 37, 84, 112, 64, 24, 15, 209, 28, 236,
       21, 153, 172, 24, 5, 240, 29, 156, 73, 16, 242, 51, 189, 88, 87,
       32, 248, 69, 33, 144, 52, 89, 2, 34, 78, 0, 32, 129, 52, 64, 194,
       130, 82, 226, 137, 3, 68, 193, 165, 194, 19, 78, 136, 168, 13, 82,
       12, 32, 104, 87, 36, 84, 186, 0, 56, 1, 84, 80, 64, 24, 14, 193,
       20, 129, 79, 153, 44, 24, 5, 112, 28, 156, 73, 16, 242, 51, 189,
       88, 86, 32, 248, 62, 49, 121, 162, 22, 23, 0, 39, 198, 2, 87, 48,
       125, 2, 17, 82, 116, 210, 67, 208, 193, 50, 193, 215, 140, 136,
       228, 201, 66, 156, 241, 232, 68, 44, 5, 190, 90, 120, 1, 84, 120,
       64, 20, 15, 212, 52, 130, 78, 155, 172, 24, 1, 240, 29, 156, 81,
       16, 242, 51, 184, 88, 23, 32, 250, 4, 37, 101, 148, 16, 133, 11,
       97, 134, 70, 129, 48, 81, 34, 144, 70, 226, 80, 67, 96, 145, 32,
       192, 194, 92, 136, 164, 9, 64, 140, 49, 105, 194, 36, 69, 186, 2,
       120, 129, 92, 48, 88, 48, 15, 212, 20, 229, 78, 153, 172, 24, 5,
       112, 29, 156, 73, 16, 242, 51, 189, 88, 86, 32, 250, 70, 32, 193,
       148, 26, 2, 15, 76, 134, 38, 145, 48, 81, 134, 179, 82, 234, 213,
       3, 96, 201, 161, 194, 34, 76, 136, 172, 13, 82, 12, 49, 105, 209,
       36, 21, 186, 82, 120, 33, 84, 112, 72, 24, 43, 213, 20, 229, 79,
       153, 172, 24, 5, 240, 28, 156, 73, 16, 242, 51, 188, 88, 86, 32,
       250, 223, 50, 247, 177, 250, 247, 171, 236, 228, 255, 219, 54,
       221, 175, 179, 114, 235, 213, 59, 102, 201, 129, 238, 56, 76, 221,
       184, 47, 210, 10, 51, 123, 245, 37, 85, 187, 82, 112, 237, 118,
       112, 92, 56, 46, 213, 28, 225, 109, 153, 172, 24, 5, 240, 29, 156,
       73, 16, 242, 51, 189, 88, 87, 32, 250, 64, 2, 17, 177, 200, 128,
       34, 72, 2, 43, 2, 4, 128, 64, 0, 17, 102, 69, 1, 64, 200, 37, 74,
       73, 76, 200, 40, 110, 18, 0, 33, 79, 87, 167, 84, 59, 0, 232, 37,
       70, 0, 64, 8, 10, 65, 12, 201, 19, 24, 12, 24, 36, 100, 88, 156,
       107, 16, 122, 51, 157, 72, 87, 48, 242, 93, 54, 244, 52, 125, 179,
       191, 116, 180, 62, 194, 49, 76, 73, 131, 85, 252, 239, 195, 242,
       241, 99, 90, 254, 196, 40, 244, 214, 88, 85, 229, 230, 95, 184,
       199, 36, 253, 184, 161, 125, 124, 76, 91, 143, 245, 97, 147, 79,
       184, 238, 24, 3, 240, 29, 220, 81, 54, 243, 151, 149, 250, 211,
       104, 126, 124, 254, 255, 233, 254, 255, 191, 253, 253, 255, 250,
       189, 221, 191, 251, 238, 251, 213, 123, 110, 253, 81, 206, 61,
       111, 253, 189, 63, 95, 75, 127, 255, 245, 101, 93, 187, 82, 119,
       237, 118, 246, 92, 120, 62, 87, 142, 216, 53, 157, 173, 30, 5,
       242, 61, 157, 77, 208, 254, 59, 189, 93, 95, 32, 182, 58, 253,
       255, 254, 55, 255, 221, 63, 255, 254, 223, 253, 127, 126, 127,
       222, 255, 246, 114, 251, 183, 127, 215, 255, 253, 255, 247, 255,
       127, 251, 255, 235, 207, 126, 231, 190, 255, 120, 250, 125, 120,
       221, 247, 111, 183, 53, 245, 111, 191, 174, 155, 207, 242, 29,
       252, 93, 61, 243, 255, 255, 251, 255, 173, 222, 220, 184, 154,
       119, 248, 242, 250, 245, 91, 187, 209, 251, 230, 194, 131, 90, 63,
       139, 248, 203, 143, 173, 239, 221, 169, 91, 250, 255, 64, 37, 231,
       246, 79, 147, 189, 119, 191, 189, 254, 119, 120, 108, 227, 126,
       187, 61, 155, 51, 255, 202, 57, 243, 245, 253, 120, 230, 199, 255,
       215, 227, 189, 51, 209, 238, 193, 7, 147, 244, 105, 2, 106, 202,
       16, 120, 2, 71, 2, 193, 130, 17, 46, 77, 133, 3, 198, 173, 128,
       90, 78, 218, 178, 71, 210, 34, 35, 79, 83, 179, 84, 57, 48, 232,
       226, 100, 64, 108, 152, 74, 225, 16, 225, 75, 153, 172, 24, 5,
       240, 30, 156, 73, 17, 242, 51, 191, 72, 87, 33, 250, 66, 0, 145,
       182, 72, 2, 10, 77, 2, 98, 1, 2, 128, 64, 3, 18, 102, 71, 0, 66,
       194, 161, 202, 74, 76, 128, 176, 79, 146, 40, 33, 78, 7, 164, 21,
       58, 0, 232, 32, 70, 32, 64, 0, 72, 193, 20, 193, 79, 25, 172, 24,
       5, 52, 24, 156, 73, 16, 114, 51, 153, 88, 71, 32, 242, 253, 62,
       119, 161, 220, 247, 163, 252, 252, 255, 210, 125, 239, 189, 209,
       229, 250, 253, 223, 108, 249, 67, 174, 189, 206, 248, 44, 175,
       222, 31, 115, 255, 113, 101, 253, 191, 84, 183, 45, 246, 221, 68,
       90, 158, 75, 171, 72, 145, 172, 61, 92, 160, 225, 190, 142, 77,
       192, 252, 35, 156, 222, 71, 48, 180, 215, 251, 210, 119, 253, 162,
       250, 130, 90, 185, 242, 251, 230, 195, 192, 89, 118, 139, 189,
       215, 231, 45, 43, 95, 231, 223, 115, 239, 206, 47, 226, 246, 151,
       235, 124, 247, 127, 189, 255, 247, 201, 124, 235, 251, 203, 25,
       187, 247, 236, 247, 72, 243, 253, 230, 40, 227, 87, 159, 215, 167,
       188, 117, 149, 14, 250, 185, 154, 255, 254, 227, 250, 167, 91,
