%YAML:1.0
descriptors: !!opencv-matrix
   rows: 41
   cols: 64
   dt: u
   data: [ 118, 50, 241, 23, 248, 134, 10, 97, 194, 37, 17, 115, 229, 67,
       146, 80, 242, 199, 2, 98, 201, 37, 195, 76, 206, 218, 252, 111,
       130, 8, 241, 110, 87, 37, 68, 191, 90, 56, 225, 86, 112, 72, 0,
       15, 193, 28, 189, 31, 153, 172, 24, 1, 240, 24, 156, 75, 0, 114,
       51, 189, 88, 87, 32, 250, 114, 49, 249, 214, 54, 133, 95, 45, 198,
       231, 21, 176, 253, 198, 50, 86, 246, 215, 66, 211, 143, 63, 195,
       79, 156, 194, 230, 127, 66, 185, 245, 106, 199, 44, 6, 190, 202,
       120, 226, 87, 80, 72, 165, 105, 151, 20, 165, 111, 155, 174, 24,
       7, 240, 25, 156, 81, 16, 243, 115, 185, 121, 87, 32, 250, 63, 254,
       255, 255, 63, 253, 253, 125, 255, 255, 221, 249, 253, 127, 189,
       223, 255, 246, 99, 123, 245, 127, 211, 255, 253, 255, 247, 255,
       127, 127, 247, 239, 223, 108, 213, 190, 222, 120, 249, 125, 120,
       93, 251, 47, 245, 53, 245, 111, 187, 174, 153, 15, 240, 29, 156,
       93, 52, 242, 119, 191, 251, 215, 44, 254, 68, 35, 194, 176, 80,
       34, 34, 87, 32, 10, 2, 51, 194, 195, 147, 67, 194, 93, 33, 102,
       73, 173, 194, 51, 78, 202, 170, 5, 210, 12, 48, 8, 82, 39, 84,
       187, 80, 124, 69, 84, 80, 96, 24, 14, 73, 28, 193, 206, 25, 44,
       24, 4, 225, 28, 156, 73, 16, 242, 51, 189, 72, 86, 32, 240, 55,
       213, 124, 158, 55, 157, 29, 3, 39, 70, 61, 176, 61, 122, 116, 87,
       244, 246, 4, 241, 151, 114, 209, 103, 213, 166, 225, 89, 50, 184,
       221, 97, 130, 44, 214, 158, 202, 88, 131, 253, 50, 219, 60, 45,
       148, 86, 245, 78, 145, 174, 144, 13, 50, 25, 159, 89, 56, 243, 51,
       189, 89, 214, 40, 251, 45, 164, 237, 184, 54, 191, 63, 87, 245,
       254, 133, 160, 93, 57, 189, 71, 234, 253, 67, 225, 245, 39, 81,
       247, 85, 104, 164, 140, 80, 148, 49, 225, 223, 44, 87, 186, 91,
       120, 233, 124, 120, 92, 56, 175, 213, 117, 247, 111, 153, 172, 24,
       5, 240, 29, 156, 73, 16, 242, 51, 189, 88, 87, 32, 250, 66, 3, 0,
       210, 200, 130, 194, 2, 2, 0, 2, 66, 128, 66, 0, 17, 102, 71, 12,
       6, 198, 45, 136, 75, 14, 130, 34, 15, 146, 8, 1, 85, 50, 167, 28,
       155, 0, 64, 71, 134, 129, 96, 8, 72, 65, 12, 193, 135, 65, 36, 16,
       4, 37, 0, 140, 171, 17, 120, 34, 29, 64, 4, 49, 177, 131, 4, 0, 4,
       201, 128, 6, 8, 0, 33, 1, 67, 128, 73, 4, 1, 100, 85, 5, 64, 200,
       36, 130, 96, 70, 154, 184, 46, 146, 0, 33, 1, 215, 36, 16, 186,
       66, 96, 33, 68, 64, 66, 24, 11, 193, 16, 204, 79, 25, 164, 24, 4,
       96, 24, 156, 9, 16, 242, 51, 157, 88, 87, 32, 249, 68, 43, 71,
       176, 16, 10, 33, 194, 164, 132, 2, 22, 193, 253, 217, 67, 234,
       213, 7, 103, 79, 164, 128, 115, 77, 154, 180, 13, 82, 14, 48, 25,
       82, 38, 85, 186, 80, 122, 193, 84, 208, 84, 24, 14, 193, 4, 193,
       110, 153, 44, 24, 5, 240, 29, 157, 73, 16, 242, 51, 189, 88, 87,
       32, 250, 47, 182, 100, 162, 159, 188, 135, 24, 244, 94, 146, 113,
       173, 63, 184, 85, 242, 244, 3, 240, 241, 98, 153, 116, 68, 188,
       105, 13, 126, 90, 121, 233, 213, 108, 223, 190, 122, 120, 169,
       116, 108, 84, 26, 143, 84, 193, 244, 77, 152, 188, 24, 12, 242,
       29, 158, 73, 48, 242, 51, 188, 90, 215, 44, 248, 5, 38, 81, 161,
       216, 128, 163, 72, 160, 107, 130, 113, 193, 3, 129, 65, 234, 197,
       1, 96, 192, 33, 74, 120, 76, 216, 40, 47, 18, 8, 33, 79, 85, 36,
       93, 186, 80, 120, 45, 116, 96, 84, 56, 15, 69, 16, 240, 71, 152,
       172, 24, 4, 240, 29, 156, 73, 16, 242, 51, 189, 88, 87, 32, 250,
       120, 49, 185, 150, 34, 135, 26, 103, 198, 162, 209, 48, 117, 98,
       144, 82, 126, 147, 66, 215, 147, 35, 195, 151, 152, 10, 228, 205,
       66, 188, 245, 232, 79, 44, 4, 190, 218, 120, 129, 92, 88, 72, 53,
       14, 241, 52, 131, 78, 155, 174, 24, 3, 112, 28, 28, 81, 16, 243,
       51, 185, 120, 86, 32, 250, 39, 54, 101, 162, 221, 178, 163, 88,
       244, 92, 130, 113, 173, 123, 160, 85, 226, 245, 1, 96, 225, 34,
       153, 117, 68, 136, 40, 7, 126, 8, 33, 111, 215, 36, 84, 186, 114,
       120, 41, 116, 213, 84, 26, 143, 64, 1, 208, 79, 152, 44, 24, 4,
       240, 29, 157, 73, 16, 242, 51, 156, 88, 87, 32, 249, 114, 1, 1,
       182, 31, 2, 89, 14, 198, 42, 19, 16, 49, 194, 0, 82, 98, 84, 0,
       82, 206, 168, 129, 46, 12, 138, 162, 11, 210, 40, 49, 104, 115,
       38, 20, 186, 82, 112, 195, 212, 208, 96, 144, 74, 192, 20, 193,
       79, 153, 172, 24, 5, 96, 24, 156, 73, 16, 114, 51, 185, 88, 22,
       32, 248, 33, 7, 193, 218, 1, 14, 69, 75, 166, 68, 1, 2, 17, 253,
       180, 15, 130, 117, 32, 102, 198, 46, 208, 99, 94, 150, 135, 13,
       50, 136, 16, 73, 150, 38, 87, 186, 0, 120, 219, 76, 36, 120, 56,
       227, 213, 20, 245, 111, 17, 172, 24, 4, 240, 25, 156, 9, 25, 242,
       115, 189, 88, 87, 33, 250, 69, 15, 135, 84, 0, 2, 1, 242, 0, 132,
       7, 7, 2, 241, 139, 2, 170, 69, 33, 103, 70, 173, 192, 99, 75, 218,
       148, 4, 16, 8, 18, 25, 210, 38, 85, 186, 16, 122, 195, 84, 208,
       116, 56, 38, 193, 4, 193, 110, 153, 172, 24, 5, 240, 29, 156, 73,
       16, 114, 51, 189, 72, 87, 33, 250, 60, 191, 255, 254, 62, 253,
       253, 127, 255, 252, 254, 249, 255, 127, 188, 94, 251, 247, 227,
       251, 245, 127, 211, 247, 253, 127, 247, 191, 126, 223, 245, 239,
       223, 108, 87, 190, 255, 120, 249, 125, 120, 93, 251, 47, 245, 53,
       247, 111, 185, 174, 153, 15, 240, 29, 156, 93, 54, 243, 119, 191,
       251, 223, 40, 250, 68, 43, 183, 212, 32, 71, 249, 119, 0, 196,
       135, 213, 67, 213, 147, 10, 171, 205, 226, 111, 134, 45, 64, 211,
       79, 219, 150, 76, 64, 12, 48, 73, 215, 22, 117, 186, 16, 124, 219,
       84, 112, 60, 184, 103, 237, 4, 245, 238, 153, 172, 56, 85, 240,
       29, 156, 72, 17, 250, 115, 175, 72, 117, 161, 250, 118, 49, 241,
       178, 23, 134, 11, 78, 198, 102, 147, 52, 113, 142, 147, 86, 226,
       212, 1, 100, 137, 161, 194, 39, 12, 136, 168, 13, 82, 8, 48, 105,
       85, 36, 84, 186, 66, 120, 1, 84, 16, 64, 24, 10, 64, 20, 193, 78,
       153, 44, 24, 5, 112, 28, 156, 73, 16, 242, 51, 188, 88, 86, 32,
       240, 66, 5, 136, 154, 1, 74, 4, 7, 38, 66, 1, 128, 16, 238, 38, 6,
       203, 16, 32, 100, 6, 165, 194, 35, 72, 211, 144, 13, 18, 8, 18, 9,
       215, 36, 85, 186, 66, 104, 195, 96, 32, 88, 56, 41, 213, 20, 245,
       110, 145, 172, 24, 4, 240, 29, 156, 73, 16, 242, 51, 189, 88, 87,
       32, 250, 243, 128, 138, 135, 239, 130, 155, 136, 78, 235, 17, 74,
       187, 74, 2, 20, 102, 151, 60, 151, 200, 7, 203, 109, 46, 214, 187,
       47, 146, 59, 19, 127, 23, 173, 28, 91, 114, 109, 238, 214, 65, 72,
       104, 105, 147, 28, 253, 49, 213, 140, 24, 5, 229, 161, 188, 235,
       80, 118, 176, 61, 220, 21, 48, 190, 247, 241, 89, 150, 22, 14, 31,
       14, 230, 69, 61, 248, 63, 170, 180, 126, 243, 214, 4, 101, 73,
       162, 161, 38, 204, 135, 229, 9, 211, 152, 80, 41, 208, 36, 84,
       190, 66, 112, 129, 252, 82, 218, 56, 47, 208, 20, 228, 76, 145,
       172, 16, 5, 112, 29, 148, 73, 16, 242, 51, 188, 88, 86, 34, 249,
       194, 1, 136, 178, 3, 2, 92, 14, 6, 34, 21, 128, 50, 202, 38, 90,
       106, 87, 33, 67, 194, 167, 227, 35, 12, 139, 176, 15, 83, 40, 48,
       105, 215, 36, 20, 186, 83, 104, 97, 116, 80, 74, 52, 41, 209, 20,
       133, 79, 153, 172, 24, 5, 240, 24, 156, 65, 16, 242, 51, 185, 88,
       87, 34, 251, 65, 142, 237, 137, 201, 159, 7, 72, 173, 103, 46, 74,
       155, 249, 62, 13, 201, 117, 57, 100, 220, 71, 218, 97, 94, 245,
       29, 38, 176, 8, 19, 11, 215, 39, 83, 139, 66, 120, 109, 42, 52,
       52, 40, 175, 85, 88, 245, 163, 149, 140, 24, 4, 241, 125, 156, 11,
       56, 238, 51, 189, 88, 213, 48, 250, 70, 38, 65, 161, 221, 160,
       138, 217, 40, 99, 129, 58, 224, 3, 129, 65, 226, 213, 5, 96, 201,
       5, 138, 120, 78, 220, 185, 47, 210, 14, 49, 30, 83, 36, 85, 155,
       82, 120, 37, 86, 32, 72, 24, 14, 209, 28, 216, 21, 152, 172, 16,
       5, 112, 29, 156, 73, 16, 242, 51, 188, 88, 87, 32, 176, 127, 54,
