%YAML:1.0
descriptors: !!opencv-matrix
   rows: 47
   cols: 64
   dt: u
   data: [ 62, 175, 253, 254, 43, 221, 249, 111, 247, 252, 214, 245, 253,
       126, 189, 94, 255, 186, 227, 251, 245, 62, 211, 247, 221, 186,
       228, 255, 110, 253, 245, 235, 207, 44, 71, 190, 255, 120, 249,
       124, 120, 93, 113, 47, 213, 53, 247, 111, 185, 174, 153, 15, 240,
       29, 156, 73, 54, 242, 119, 189, 122, 87, 40, 250, 62, 185, 255,
       254, 54, 255, 253, 127, 215, 252, 213, 245, 127, 254, 190, 222,
       255, 222, 99, 251, 247, 63, 195, 247, 253, 255, 246, 223, 107,
       255, 247, 235, 223, 44, 101, 190, 223, 120, 249, 125, 120, 221,
       247, 47, 245, 53, 247, 111, 187, 174, 153, 79, 240, 29, 156, 89,
       52, 243, 123, 255, 123, 95, 32, 250, 68, 50, 209, 129, 216, 150,
       130, 193, 106, 47, 2, 22, 196, 71, 155, 17, 234, 199, 9, 32, 201,
       37, 10, 72, 206, 208, 188, 111, 146, 8, 147, 102, 87, 37, 85, 187,
       80, 250, 173, 86, 96, 84, 8, 14, 197, 12, 249, 21, 152, 172, 24,
       5, 240, 29, 156, 75, 16, 122, 51, 189, 88, 87, 32, 250, 90, 57,
       155, 214, 38, 135, 92, 39, 194, 166, 85, 144, 87, 194, 18, 90,
       254, 211, 98, 227, 135, 61, 195, 135, 141, 130, 230, 223, 66, 173,
       244, 106, 215, 60, 36, 190, 218, 124, 242, 119, 80, 88, 181, 107,
       179, 20, 165, 111, 155, 174, 25, 199, 240, 29, 60, 73, 17, 243,
       115, 251, 121, 118, 225, 254, 122, 217, 155, 222, 38, 95, 93, 47,
       199, 198, 61, 132, 31, 252, 125, 254, 189, 214, 112, 47, 22, 125,
       192, 7, 249, 215, 247, 92, 35, 250, 222, 41, 134, 30, 163, 206,
       202, 76, 218, 121, 48, 249, 181, 109, 183, 156, 245, 110, 215,
       170, 163, 207, 186, 25, 244, 87, 113, 243, 120, 123, 121, 253,
       201, 250, 179, 247, 124, 206, 55, 28, 157, 25, 231, 70, 189, 250,
       173, 123, 100, 93, 245, 182, 100, 185, 23, 118, 145, 102, 245,
       247, 241, 121, 54, 186, 199, 33, 158, 108, 215, 158, 202, 88, 251,
       125, 118, 219, 57, 173, 148, 80, 244, 111, 147, 175, 144, 11, 176,
       25, 222, 93, 56, 243, 114, 61, 120, 211, 44, 218, 141, 6, 228, 96,
       253, 183, 163, 126, 48, 125, 214, 115, 202, 121, 130, 5, 232, 253,
       163, 99, 245, 39, 202, 115, 78, 123, 144, 166, 252, 4, 33, 235,
       223, 32, 84, 186, 87, 56, 233, 116, 120, 84, 58, 143, 209, 33,
       247, 79, 153, 172, 24, 5, 240, 29, 156, 73, 16, 242, 51, 189, 88,
       87, 32, 250, 44, 35, 237, 184, 50, 191, 63, 115, 101, 246, 215,
       22, 217, 60, 187, 70, 250, 217, 67, 96, 245, 53, 210, 243, 93,
       124, 180, 141, 64, 220, 53, 233, 199, 36, 71, 186, 90, 122, 233,
       124, 120, 93, 48, 47, 213, 52, 247, 111, 153, 172, 24, 5, 242, 29,
       156, 89, 16, 242, 51, 189, 88, 87, 40, 250, 67, 3, 0, 130, 201,
       130, 2, 0, 34, 2, 0, 2, 128, 65, 0, 17, 68, 67, 8, 4, 192, 37,
       128, 99, 2, 128, 136, 12, 18, 8, 1, 1, 22, 37, 80, 177, 32, 72, 6,
       192, 128, 66, 24, 9, 65, 28, 192, 79, 17, 36, 24, 4, 33, 72, 156,
       139, 16, 122, 50, 156, 64, 86, 48, 249, 64, 0, 130, 144, 1, 2, 0,
       6, 0, 226, 1, 4, 18, 160, 3, 2, 8, 16, 0, 65, 138, 133, 236, 43,
       10, 128, 128, 10, 16, 0, 16, 67, 113, 6, 80, 42, 0, 110, 6, 66,
       128, 32, 8, 10, 18, 28, 65, 202, 17, 40, 56, 20, 21, 25, 148, 10,
       145, 96, 33, 52, 72, 84, 2, 227, 70, 0, 0, 136, 201, 66, 2, 196,
       4, 98, 11, 6, 0, 132, 59, 35, 9, 88, 1, 100, 10, 128, 140, 32, 78,
       128, 24, 8, 144, 10, 26, 1, 112, 6, 85, 139, 0, 98, 5, 2, 32, 32,
       24, 8, 68, 28, 100, 144, 17, 36, 80, 4, 1, 90, 132, 10, 144, 96,
       33, 60, 76, 70, 48, 176, 3, 7, 0, 150, 201, 128, 14, 8, 0, 98, 1,
       2, 128, 73, 0, 1, 100, 85, 1, 64, 192, 36, 130, 98, 68, 154, 176,
       8, 146, 0, 33, 65, 87, 36, 84, 186, 0, 104, 0, 68, 64, 64, 24, 11,
       193, 20, 193, 79, 25, 172, 24, 5, 112, 24, 156, 73, 16, 114, 51,
       189, 72, 87, 32, 250, 62, 189, 255, 255, 63, 253, 253, 127, 255,
       255, 253, 253, 255, 126, 189, 254, 251, 212, 99, 123, 247, 127,
       199, 255, 253, 255, 247, 191, 127, 255, 119, 239, 223, 44, 85,
       190, 222, 120, 249, 117, 120, 93, 251, 111, 245, 53, 245, 111,
       187, 174, 24, 71, 240, 29, 156, 77, 16, 242, 119, 191, 251, 87,
       161, 254, 84, 11, 147, 213, 32, 128, 120, 103, 2, 169, 3, 5, 66,
       192, 145, 42, 38, 202, 160, 43, 142, 173, 230, 139, 138, 138, 162,
       78, 0, 32, 52, 126, 115, 19, 56, 41, 20, 236, 210, 199, 145, 40,
       129, 70, 170, 12, 201, 63, 65, 128, 120, 243, 36, 90, 52, 74, 193,
       91, 83, 203, 68, 36, 129, 183, 101, 37, 227, 48, 80, 6, 37, 207,
       192, 198, 192, 54, 114, 142, 131, 70, 234, 85, 35, 102, 73, 135,
       194, 55, 78, 200, 188, 13, 82, 12, 48, 9, 214, 36, 85, 186, 82,
       120, 1, 84, 112, 80, 24, 46, 85, 20, 193, 206, 153, 44, 24, 5,
       240, 29, 156, 73, 16, 242, 51, 189, 88, 86, 32, 250, 63, 190, 125,
       237, 191, 253, 187, 121, 253, 255, 214, 253, 253, 125, 253, 245,
       255, 253, 235, 251, 245, 115, 211, 253, 253, 255, 245, 255, 126,
       87, 247, 239, 223, 108, 87, 190, 255, 122, 233, 125, 252, 92, 123,
       175, 213, 53, 247, 111, 185, 174, 24, 15, 240, 29, 156, 73, 22,
       242, 55, 189, 250, 87, 40, 254, 192, 9, 130, 114, 200, 2, 96, 194,
       0, 40, 2, 7, 2, 194, 131, 10, 66, 73, 189, 70, 206, 173, 172, 11,
       10, 138, 2, 6, 146, 0, 32, 94, 115, 163, 56, 49, 49, 198, 87, 134,
       129, 98, 136, 66, 75, 14, 73, 211, 76, 0, 112, 244, 69, 106, 165,
       170, 193, 40, 33, 3, 68, 36, 147, 161, 63, 190, 253, 171, 255,
       253, 187, 120, 252, 255, 214, 127, 237, 63, 251, 117, 255, 255,
       107, 250, 253, 103, 219, 124, 237, 252, 253, 255, 126, 87, 243,
       239, 223, 108, 215, 190, 127, 123, 233, 116, 124, 92, 122, 47,
       213, 161, 247, 111, 185, 172, 24, 5, 240, 29, 156, 73, 16, 246,
       55, 189, 218, 87, 32, 254, 5, 34, 144, 18, 8, 128, 32, 70, 0, 40,
       2, 5, 0, 195, 129, 2, 66, 8, 129, 128, 193, 32, 73, 139, 0, 0,
       128, 3, 0, 12, 129, 70, 7, 130, 64, 32, 49, 136, 35, 66, 64, 32,
       0, 128, 64, 80, 3, 203, 48, 108, 40, 0, 180, 24, 88, 0, 6, 34,
       135, 177, 136, 98, 97, 68, 7, 35, 16, 52, 153, 128, 42, 72, 2, 32,
       1, 52, 128, 67, 129, 16, 98, 8, 0, 66, 131, 40, 128, 67, 12, 138,
       162, 77, 18, 40, 33, 77, 23, 150, 20, 154, 0, 248, 3, 86, 129, 96,
       24, 64, 224, 12, 193, 15, 81, 36, 16, 37, 32, 16, 180, 105, 0,
       114, 49, 129, 8, 6, 51, 113, 5, 2, 1, 129, 200, 144, 163, 72, 160,
       126, 2, 70, 129, 1, 185, 1, 2, 85, 129, 32, 192, 0, 138, 120, 76,
       144, 8, 7, 144, 8, 49, 75, 85, 4, 93, 186, 16, 250, 45, 4, 228,
       84, 24, 14, 65, 4, 208, 65, 24, 44, 24, 4, 209, 29, 140, 8, 16,
       96, 51, 188, 72, 87, 32, 240, 67, 1, 1, 178, 9, 2, 1, 10, 68, 106,
       2, 16, 33, 202, 129, 18, 98, 84, 1, 66, 202, 160, 129, 34, 12,
       138, 162, 9, 82, 8, 49, 105, 114, 38, 20, 186, 82, 112, 1, 212,
       80, 64, 24, 10, 192, 4, 193, 79, 25, 44, 24, 5, 112, 24, 156, 73,
       16, 114, 51, 157, 72, 22, 32, 248, 101, 35, 197, 146, 21, 163, 35,
       126, 228, 252, 130, 53, 97, 143, 163, 67, 234, 212, 1, 100, 201,
       33, 198, 51, 76, 136, 168, 13, 82, 8, 48, 105, 85, 36, 85, 186,
       82, 122, 1, 116, 208, 84, 24, 14, 64, 4, 193, 78, 153, 44, 24, 5,
       240, 29, 156, 73, 16, 242, 51, 188, 88, 86, 32, 250, 66, 5, 0,
       130, 66, 14, 7, 3, 38, 68, 5, 2, 17, 44, 52, 4, 192, 85, 1, 100,
       64, 37, 208, 99, 88, 208, 140, 12, 18, 136, 16, 73, 150, 36, 83,
       186, 66, 72, 9, 76, 32, 80, 60, 43, 213, 28, 244, 110, 145, 172,
       24, 4, 240, 25, 156, 9, 16, 242, 51, 188, 88, 87, 32, 250, 118,
       35, 65, 134, 82, 134, 11, 99, 198, 68, 19, 52, 177, 2, 144, 86,
       226, 213, 1, 100, 193, 39, 193, 103, 76, 136, 172, 13, 18, 136,
       49, 104, 87, 36, 85, 186, 66, 120, 1, 84, 80, 64, 16, 15, 193, 20,
       225, 79, 153, 172, 24, 5, 240, 24, 156, 73, 16, 114, 51, 189, 88,
       87, 32, 250, 65, 15, 130, 18, 1, 66, 0, 134, 2, 128, 3, 6, 2, 212,
       3, 3, 12, 65, 32, 7, 6, 173, 198, 3, 74, 194, 144, 4, 16, 8, 2, 0,
