%YAML:1.0
descriptors: !!opencv-matrix
   rows: 113
   cols: 64
   dt: u
   data: [ 61, 182, 237, 170, 63, 253, 185, 125, 244, 254, 214, 245, 253,
       63, 185, 68, 250, 220, 67, 97, 245, 102, 195, 119, 93, 184, 180,
       159, 122, 95, 113, 235, 215, 36, 85, 186, 83, 120, 233, 124, 120,
       92, 56, 47, 213, 21, 247, 111, 153, 172, 24, 5, 240, 29, 156, 73,
       16, 242, 51, 189, 88, 87, 32, 250, 62, 182, 253, 190, 63, 245,
       189, 127, 247, 254, 215, 245, 253, 62, 185, 87, 251, 212, 99, 99,
       245, 54, 195, 119, 205, 254, 244, 191, 90, 95, 245, 235, 215, 44,
       85, 190, 82, 120, 233, 116, 120, 92, 56, 47, 213, 53, 247, 111,
       153, 172, 24, 5, 240, 29, 156, 73, 16, 242, 51, 189, 88, 87, 32,
       250, 63, 176, 253, 190, 63, 181, 253, 126, 246, 254, 213, 241,
       253, 126, 180, 87, 254, 214, 99, 115, 245, 55, 195, 119, 205, 186,
       244, 207, 82, 93, 245, 235, 215, 44, 85, 190, 90, 120, 233, 116,
       120, 92, 56, 47, 213, 21, 245, 111, 153, 172, 24, 5, 240, 29, 156,
       73, 16, 242, 51, 189, 88, 87, 32, 250, 62, 245, 253, 254, 54, 125,
       93, 123, 247, 212, 221, 240, 125, 126, 188, 94, 187, 246, 98, 243,
       247, 118, 209, 247, 221, 191, 229, 153, 123, 254, 252, 233, 222,
       124, 87, 190, 218, 120, 217, 125, 124, 223, 61, 47, 244, 53, 245,
       110, 155, 174, 153, 15, 242, 29, 156, 93, 56, 243, 115, 189, 123,
       223, 40, 250, 61, 182, 253, 222, 62, 189, 253, 112, 246, 254, 86,
       241, 221, 127, 185, 69, 250, 254, 99, 99, 245, 102, 211, 247, 201,
       62, 164, 255, 92, 93, 245, 235, 223, 44, 87, 190, 87, 120, 233,
       117, 120, 92, 58, 47, 212, 52, 247, 111, 153, 172, 24, 5, 240, 29,
       156, 73, 16, 242, 51, 189, 90, 87, 32, 250, 28, 49, 241, 180, 50,
       7, 57, 110, 194, 142, 211, 53, 81, 194, 145, 82, 250, 212, 67, 98,
       195, 40, 192, 147, 140, 138, 166, 137, 66, 140, 52, 232, 82, 36,
       21, 186, 82, 120, 193, 84, 48, 72, 17, 14, 224, 4, 193, 78, 153,
       172, 24, 5, 240, 28, 156, 73, 16, 242, 51, 153, 88, 6, 32, 242,
       60, 177, 253, 214, 62, 181, 253, 122, 119, 254, 85, 241, 253, 127,
       180, 86, 254, 246, 97, 99, 245, 116, 209, 243, 217, 190, 240, 223,
       122, 216, 245, 235, 223, 36, 87, 186, 211, 120, 249, 125, 112, 93,
       61, 47, 213, 20, 245, 111, 153, 172, 24, 5, 240, 29, 156, 73, 24,
       242, 51, 189, 88, 87, 32, 250, 29, 181, 220, 126, 55, 179, 252,
       123, 115, 144, 213, 240, 60, 114, 164, 82, 238, 214, 33, 99, 197,
       36, 193, 115, 205, 154, 224, 95, 82, 12, 181, 104, 223, 36, 85,
       190, 83, 120, 233, 116, 112, 92, 56, 47, 212, 21, 247, 111, 153,
       172, 24, 5, 240, 29, 156, 73, 16, 242, 51, 189, 88, 87, 32, 250,
       58, 49, 125, 182, 63, 181, 57, 126, 246, 28, 212, 117, 125, 122,
       176, 84, 246, 182, 67, 242, 241, 114, 209, 247, 148, 42, 228, 217,
       122, 220, 245, 232, 207, 44, 135, 190, 223, 120, 201, 125, 120,
       93, 23, 15, 208, 117, 179, 79, 187, 174, 153, 13, 240, 29, 220,
       81, 48, 242, 55, 189, 122, 151, 44, 218, 63, 54, 117, 166, 63,
       180, 31, 88, 246, 126, 211, 115, 237, 127, 176, 85, 242, 213, 3,
       97, 225, 38, 192, 118, 76, 154, 224, 27, 90, 24, 113, 235, 215,
       36, 84, 186, 82, 120, 233, 116, 80, 92, 56, 47, 212, 20, 245, 79,
       153, 172, 24, 5, 240, 29, 156, 73, 16, 242, 51, 189, 88, 87, 32,
       250, 46, 38, 109, 176, 63, 181, 159, 125, 244, 254, 223, 48, 253,
       126, 185, 69, 251, 244, 67, 98, 245, 114, 210, 119, 92, 254, 164,
       63, 90, 220, 117, 235, 215, 36, 87, 186, 82, 120, 233, 124, 112,
       93, 56, 47, 213, 20, 245, 111, 153, 172, 24, 5, 242, 29, 156, 73,
       16, 242, 51, 189, 88, 87, 32, 250, 12, 34, 69, 8, 27, 161, 32,
       124, 224, 0, 130, 52, 112, 22, 169, 65, 202, 92, 3, 96, 193, 34,
       64, 247, 68, 24, 132, 133, 80, 12, 49, 72, 221, 36, 85, 186, 82,
       120, 9, 116, 120, 84, 24, 15, 84, 117, 245, 79, 153, 172, 24, 5,
       240, 29, 156, 73, 16, 226, 51, 189, 72, 87, 32, 250, 45, 166, 109,
       168, 62, 253, 167, 121, 252, 124, 254, 113, 253, 123, 188, 100,
       235, 245, 99, 96, 245, 38, 210, 119, 93, 253, 165, 167, 122, 218,
       49, 235, 215, 36, 87, 186, 82, 120, 233, 124, 120, 92, 56, 47,
       213, 52, 245, 111, 153, 172, 24, 5, 240, 29, 156, 73, 16, 242, 51,
       189, 88, 87, 32, 250, 12, 34, 225, 32, 16, 180, 32, 87, 160, 138,
       66, 20, 65, 3, 177, 67, 194, 92, 3, 96, 193, 34, 192, 115, 76,
       136, 132, 129, 80, 12, 49, 72, 87, 4, 85, 186, 80, 120, 1, 84, 88,
       64, 24, 14, 80, 4, 193, 79, 25, 44, 24, 5, 240, 29, 156, 73, 16,
       242, 51, 188, 72, 86, 32, 250, 45, 34, 229, 180, 62, 245, 185,
       126, 180, 254, 210, 119, 201, 127, 147, 101, 234, 220, 67, 98,
       241, 36, 194, 115, 76, 186, 176, 131, 90, 14, 51, 235, 215, 36,
       85, 186, 86, 120, 233, 116, 112, 92, 26, 46, 212, 20, 245, 111,
       153, 172, 24, 5, 240, 29, 156, 73, 16, 242, 51, 189, 88, 87, 32,
       250, 63, 254, 237, 239, 62, 253, 253, 121, 253, 253, 223, 249,
       253, 127, 252, 93, 251, 253, 99, 251, 245, 118, 211, 255, 253,
       255, 245, 191, 126, 255, 253, 239, 215, 108, 215, 190, 255, 120,
       249, 125, 124, 93, 123, 47, 213, 53, 247, 111, 185, 190, 152, 15,
       242, 29, 156, 93, 60, 243, 119, 189, 251, 223, 44, 254, 44, 35,
       237, 184, 18, 181, 37, 79, 165, 254, 232, 178, 217, 172, 187, 71,
       195, 252, 35, 107, 233, 244, 210, 115, 77, 205, 165, 33, 82, 12,
       49, 201, 215, 4, 87, 186, 82, 120, 225, 116, 112, 92, 56, 47, 214,
       20, 117, 111, 153, 172, 24, 5, 242, 29, 156, 73, 16, 242, 51, 189,
       88, 86, 32, 250, 13, 39, 229, 184, 16, 247, 37, 87, 32, 254, 202,
       20, 81, 181, 185, 99, 203, 124, 163, 98, 241, 32, 80, 179, 77,
       253, 148, 133, 64, 14, 50, 201, 215, 4, 85, 170, 16, 120, 233,
       116, 116, 84, 56, 39, 85, 20, 119, 110, 153, 172, 56, 5, 240, 29,
       156, 72, 16, 226, 51, 189, 72, 87, 32, 250, 54, 181, 125, 158, 51,
       141, 17, 109, 230, 68, 21, 116, 61, 126, 180, 84, 250, 214, 0, 96,
       135, 32, 193, 103, 220, 146, 224, 25, 50, 152, 85, 41, 214, 36,
       85, 158, 66, 120, 203, 92, 48, 89, 60, 47, 212, 20, 245, 110, 145,
       172, 25, 5, 240, 25, 156, 73, 16, 242, 51, 189, 88, 87, 32, 250,
       54, 181, 89, 158, 23, 140, 29, 9, 198, 70, 21, 48, 61, 110, 180,
       84, 250, 214, 0, 96, 131, 34, 193, 103, 220, 150, 229, 9, 18, 184,
       213, 41, 150, 36, 20, 158, 66, 120, 195, 92, 48, 202, 60, 41, 148,
       20, 245, 78, 145, 164, 16, 4, 32, 25, 156, 73, 24, 114, 50, 185,
       88, 87, 32, 250, 63, 190, 125, 175, 63, 253, 185, 125, 252, 253,
       214, 253, 253, 127, 249, 245, 251, 252, 67, 115, 245, 98, 219,
       127, 221, 190, 244, 191, 126, 95, 243, 239, 215, 108, 85, 190, 95,
       122, 233, 124, 252, 92, 58, 175, 213, 21, 247, 111, 153, 172, 24,
       5, 240, 29, 156, 73, 16, 242, 51, 189, 90, 87, 32, 250, 62, 177,
       253, 246, 55, 165, 125, 123, 214, 244, 213, 241, 253, 122, 180,
       86, 254, 222, 99, 243, 245, 46, 193, 247, 221, 186, 228, 223, 82,
       156, 245, 233, 223, 44, 69, 190, 91, 120, 233, 124, 120, 92, 57,
       47, 212, 53, 247, 111, 153, 172, 24, 5, 240, 29, 156, 73, 16, 242,
       51, 189, 88, 87, 32, 250, 86, 49, 81, 150, 212, 2, 11, 72, 194, 2,
       49, 50, 37, 194, 128, 82, 98, 214, 4, 100, 11, 128, 128, 32, 14,
       136, 168, 9, 146, 8, 48, 41, 112, 36, 20, 186, 2, 112, 1, 212,
       130, 66, 24, 10, 192, 28, 192, 12, 129, 36, 16, 4, 96, 24, 149,
       73, 16, 50, 49, 152, 92, 22, 34, 177, 50, 177, 121, 158, 55, 205,
       93, 9, 199, 68, 29, 244, 189, 110, 180, 84, 255, 214, 0, 35, 134,
       58, 193, 103, 253, 215, 229, 61, 18, 186, 85, 105, 134, 36, 87,
       158, 194, 120, 235, 124, 48, 217, 165, 105, 149, 20, 245, 111,
       145, 172, 153, 13, 176, 25, 156, 81, 16, 114, 114, 185, 88, 95,
       32, 250, 47, 6, 109, 168, 63, 189, 181, 121, 180, 254, 214, 144,
       89, 57, 57, 71, 128, 252, 67, 113, 240, 114, 208, 119, 77, 184,
