%YAML:1.0
descriptors: !!opencv-matrix
   rows: 90
   cols: 64
   dt: u
   data: [ 62, 186, 253, 255, 63, 253, 253, 121, 255, 255, 222, 253, 253,
       127, 253, 213, 251, 255, 227, 251, 245, 118, 211, 127, 253, 255,
       245, 255, 126, 255, 245, 239, 223, 108, 215, 190, 255, 122, 249,
       125, 120, 93, 123, 47, 213, 181, 247, 111, 185, 174, 152, 13, 240,
       29, 156, 93, 54, 242, 55, 189, 251, 223, 40, 254, 47, 54, 109,
       162, 31, 189, 7, 89, 230, 70, 131, 112, 253, 59, 180, 85, 242,
       244, 3, 96, 241, 34, 209, 116, 76, 152, 165, 13, 82, 28, 113, 105,
       215, 44, 87, 186, 82, 120, 169, 116, 112, 92, 56, 47, 212, 84,
       244, 79, 153, 172, 24, 5, 240, 29, 156, 73, 16, 242, 51, 188, 88,
       87, 32, 250, 44, 34, 237, 248, 56, 253, 181, 119, 245, 254, 214,
       181, 93, 127, 153, 198, 139, 220, 195, 107, 245, 112, 210, 247,
       93, 59, 132, 147, 124, 212, 49, 203, 223, 4, 87, 186, 215, 122,
       233, 124, 124, 92, 58, 167, 212, 161, 247, 111, 187, 172, 153, 9,
       240, 29, 156, 89, 52, 242, 51, 189, 90, 215, 40, 250, 13, 38, 101,
       96, 56, 189, 161, 116, 176, 188, 198, 53, 201, 125, 153, 68, 136,
       236, 195, 106, 245, 98, 90, 243, 93, 56, 132, 146, 108, 212, 49,
       202, 223, 24, 71, 168, 93, 184, 233, 60, 124, 60, 58, 167, 212,
       225, 247, 107, 185, 172, 137, 9, 240, 29, 156, 89, 38, 226, 23,
       189, 202, 215, 108, 250, 59, 253, 253, 206, 55, 221, 221, 31, 255,
       214, 149, 248, 189, 62, 252, 223, 255, 246, 98, 187, 149, 118,
       211, 103, 245, 247, 245, 127, 55, 251, 215, 107, 199, 108, 215,
       158, 218, 120, 235, 125, 112, 223, 101, 45, 149, 84, 245, 111,
       149, 174, 152, 13, 178, 29, 220, 85, 48, 242, 122, 189, 251, 223,
       44, 250, 45, 38, 229, 170, 31, 183, 39, 127, 245, 126, 232, 49,
       125, 47, 189, 71, 235, 244, 99, 96, 241, 67, 219, 61, 92, 237,
       173, 47, 91, 28, 49, 235, 213, 36, 87, 186, 82, 112, 33, 124, 124,
       70, 56, 175, 85, 20, 244, 79, 153, 172, 24, 4, 224, 29, 156, 73,
       24, 242, 35, 188, 88, 87, 32, 242, 186, 217, 159, 255, 39, 103,
       221, 191, 223, 255, 125, 203, 63, 200, 22, 190, 255, 215, 52, 43,
       198, 47, 231, 127, 235, 223, 247, 126, 91, 99, 246, 127, 247, 54,
       61, 117, 247, 125, 250, 245, 115, 222, 187, 111, 255, 20, 245,
       127, 153, 170, 26, 199, 248, 29, 156, 73, 145, 243, 115, 255, 125,
       119, 131, 255, 187, 244, 120, 166, 191, 141, 31, 9, 231, 67, 189,
       250, 189, 110, 228, 85, 246, 183, 4, 241, 131, 50, 145, 100, 244,
       214, 241, 123, 82, 186, 245, 41, 134, 44, 30, 158, 202, 121, 169,
       255, 112, 203, 60, 41, 213, 84, 244, 15, 145, 166, 16, 5, 106, 21,
       158, 73, 24, 242, 51, 189, 24, 95, 40, 186, 5, 135, 44, 216, 34,
       223, 222, 113, 37, 198, 15, 198, 152, 125, 125, 37, 137, 121, 96,
       227, 150, 118, 208, 243, 121, 119, 151, 116, 116, 150, 23, 65,
       222, 82, 211, 8, 210, 72, 250, 41, 112, 61, 185, 167, 245, 52,
       247, 107, 27, 168, 153, 13, 241, 93, 152, 24, 49, 195, 114, 183,
       64, 243, 109, 250, 58, 49, 216, 214, 55, 19, 92, 46, 214, 130, 21,
       240, 63, 242, 48, 82, 126, 146, 96, 147, 199, 62, 193, 71, 136, 2,
       230, 91, 66, 248, 212, 232, 223, 60, 6, 182, 223, 88, 242, 117,
       80, 221, 181, 109, 176, 52, 181, 111, 187, 174, 153, 71, 240, 25,
       220, 89, 17, 243, 115, 251, 121, 51, 160, 250, 250, 217, 139, 223,
       118, 215, 219, 186, 223, 239, 85, 218, 187, 202, 81, 94, 186, 215,
       60, 95, 142, 61, 198, 79, 45, 215, 183, 63, 83, 59, 54, 59, 227,
       47, 189, 251, 222, 125, 250, 119, 240, 126, 245, 108, 187, 28,
       153, 63, 223, 174, 26, 199, 249, 189, 188, 227, 81, 254, 123, 251,
       125, 85, 177, 191, 178, 153, 210, 151, 153, 64, 196, 138, 102, 1,
       5, 123, 175, 251, 130, 88, 127, 151, 36, 35, 79, 173, 235, 103,
       66, 215, 113, 43, 178, 42, 194, 47, 151, 166, 85, 146, 50, 88,
       123, 86, 97, 80, 40, 97, 141, 20, 253, 167, 209, 172, 24, 5, 244,
       2, 156, 235, 24, 112, 48, 61, 24, 85, 33, 218, 13, 142, 108, 97,
       185, 253, 165, 116, 184, 189, 238, 77, 200, 125, 201, 165, 137,
       108, 227, 106, 245, 98, 218, 249, 97, 125, 21, 178, 124, 71, 35,
       199, 223, 88, 201, 32, 117, 186, 249, 41, 125, 61, 122, 183, 245,
       227, 247, 107, 184, 253, 141, 13, 213, 29, 219, 12, 54, 194, 183,
       165, 226, 219, 44, 94, 35, 134, 8, 138, 15, 220, 134, 1, 39, 64,
       15, 68, 184, 62, 44, 21, 77, 179, 32, 176, 192, 118, 83, 97, 81,
       84, 145, 46, 50, 186, 145, 65, 135, 172, 67, 32, 114, 72, 234,
       104, 100, 29, 40, 169, 149, 84, 245, 111, 145, 232, 152, 13, 182,
       1, 216, 219, 50, 115, 50, 53, 80, 209, 44, 202, 15, 185, 139, 126,
       63, 179, 220, 30, 211, 184, 133, 237, 242, 86, 164, 91, 233, 255,
       35, 211, 199, 47, 67, 87, 197, 218, 230, 239, 82, 77, 181, 98,
       215, 46, 85, 190, 91, 120, 233, 116, 120, 93, 56, 47, 213, 85,
       183, 111, 153, 172, 24, 5, 240, 29, 156, 65, 16, 242, 51, 189, 88,
       87, 32, 250, 154, 200, 142, 253, 46, 125, 216, 176, 28, 255, 127,
       207, 158, 120, 126, 174, 173, 221, 60, 235, 206, 173, 230, 122,
       105, 223, 183, 122, 213, 35, 55, 127, 247, 52, 89, 120, 83, 123,
       232, 243, 242, 220, 249, 63, 247, 22, 245, 123, 153, 137, 30, 5,
       248, 29, 157, 73, 17, 243, 51, 189, 84, 87, 0, 255, 12, 10, 191,
       217, 0, 221, 32, 119, 25, 254, 66, 133, 80, 180, 187, 226, 203,
       216, 225, 106, 252, 53, 206, 179, 89, 105, 148, 196, 64, 198, 51,
       203, 215, 2, 85, 168, 20, 250, 233, 124, 112, 53, 56, 38, 117,
       148, 103, 107, 153, 172, 56, 5, 242, 29, 156, 72, 16, 226, 59,
       189, 88, 71, 33, 242, 133, 138, 199, 199, 253, 216, 129, 188, 190,
       189, 22, 95, 139, 123, 210, 201, 106, 213, 172, 43, 196, 5, 238,
       121, 107, 211, 17, 39, 190, 11, 19, 95, 247, 100, 92, 178, 86,
       250, 235, 180, 209, 92, 42, 30, 217, 6, 217, 227, 153, 189, 28, 5,
       244, 29, 159, 73, 16, 242, 50, 189, 88, 85, 36, 255, 69, 6, 197,
       146, 201, 196, 1, 73, 164, 111, 2, 7, 129, 235, 178, 5, 138, 101,
       161, 32, 216, 167, 26, 99, 82, 146, 149, 39, 144, 10, 3, 65, 87,
       4, 87, 186, 16, 56, 105, 108, 100, 100, 8, 139, 209, 80, 245, 107,
       17, 172, 24, 0, 240, 25, 156, 9, 24, 114, 51, 189, 72, 87, 32,
       250, 28, 160, 153, 222, 42, 217, 252, 110, 215, 186, 221, 253,
       241, 86, 189, 74, 251, 154, 99, 219, 197, 52, 195, 223, 233, 127,
       229, 239, 64, 207, 181, 234, 223, 60, 69, 190, 95, 120, 233, 124,
       120, 93, 113, 47, 245, 53, 183, 111, 153, 174, 24, 7, 240, 29,
       156, 65, 16, 243, 51, 189, 120, 87, 32, 250, 51, 213, 72, 190, 39,
       156, 93, 8, 247, 71, 61, 202, 191, 106, 52, 93, 182, 247, 36, 177,
       134, 118, 209, 103, 124, 215, 243, 63, 83, 187, 85, 105, 150, 172,
       22, 158, 234, 89, 234, 121, 114, 219, 61, 105, 149, 20, 245, 111,
       145, 166, 24, 5, 232, 17, 190, 73, 24, 243, 50, 189, 120, 223, 40,
       251, 189, 242, 117, 47, 29, 96, 169, 252, 244, 191, 232, 249, 111,
       11, 132, 235, 251, 228, 231, 89, 241, 234, 61, 188, 196, 191, 119,
       179, 95, 15, 99, 255, 249, 236, 190, 190, 60, 176, 121, 247, 127,
       78, 106, 191, 242, 113, 60, 121, 40, 247, 126, 3, 232, 190, 76,
       69, 172, 176, 135, 206, 190, 215, 166, 31, 252, 51, 247, 245, 114,
       119, 123, 255, 212, 222, 211, 53, 95, 251, 147, 230, 242, 220, 95,
       111, 127, 169, 164, 182, 158, 170, 166, 153, 194, 156, 118, 185,
       114, 37, 20, 255, 214, 118, 209, 220, 216, 68, 145, 30, 232, 167,
       193, 78, 139, 45, 95, 129, 112, 30, 149, 73, 192, 242, 113, 220,
       92, 22, 33, 185, 169, 214, 127, 109, 60, 52, 191, 244, 248, 191,
       228, 201, 78, 57, 6, 143, 15, 236, 255, 105, 248, 194, 126, 188,
       233, 57, 157, 242, 125, 21, 97, 255, 221, 88, 160, 100, 223, 185,
       176, 105, 126, 14, 59, 183, 243, 225, 90, 89, 56, 217, 110, 43,
       216, 191, 159, 76, 190, 244, 167, 221, 246, 215, 110, 255, 9, 15,
