%YAML:1.0
descriptors: !!opencv-matrix
   rows: 82
   cols: 64
   dt: u
   data: [ 63, 189, 255, 254, 63, 253, 253, 127, 255, 254, 221, 253, 125,
       126, 189, 255, 255, 254, 99, 251, 245, 119, 211, 247, 253, 255,
       245, 255, 123, 255, 247, 235, 207, 60, 215, 190, 223, 120, 249,
       125, 120, 93, 123, 47, 245, 117, 247, 111, 185, 174, 152, 15, 240,
       29, 156, 89, 48, 243, 115, 189, 122, 215, 40, 250, 124, 178, 253,
       223, 63, 247, 251, 125, 127, 255, 213, 253, 253, 126, 185, 102,
       255, 223, 97, 99, 253, 117, 195, 251, 217, 106, 224, 254, 120,
       221, 245, 235, 223, 36, 87, 186, 83, 120, 249, 124, 112, 93, 121,
       47, 213, 53, 247, 111, 153, 172, 24, 5, 242, 29, 156, 73, 16, 242,
       51, 189, 88, 87, 32, 250, 255, 252, 125, 223, 255, 189, 223, 248,
       255, 247, 189, 250, 237, 123, 252, 127, 243, 247, 126, 115, 255,
       103, 211, 118, 205, 255, 245, 127, 123, 31, 247, 123, 215, 44, 87,
       190, 218, 121, 249, 119, 114, 94, 56, 47, 213, 54, 245, 111, 153,
       172, 24, 5, 240, 29, 157, 73, 16, 242, 51, 189, 88, 87, 32, 250,
       246, 186, 83, 167, 255, 204, 155, 200, 222, 127, 19, 127, 175, 78,
       251, 245, 251, 215, 29, 98, 205, 39, 175, 124, 110, 222, 123, 47,
       214, 43, 115, 127, 87, 165, 93, 159, 82, 119, 237, 118, 209, 92,
       8, 30, 197, 14, 248, 21, 137, 173, 24, 5, 240, 183, 156, 107, 144,
       242, 51, 189, 92, 87, 48, 176, 238, 47, 227, 248, 82, 111, 103,
       207, 197, 230, 235, 178, 83, 198, 190, 207, 235, 125, 123, 103,
       55, 175, 112, 23, 95, 223, 183, 173, 83, 156, 50, 200, 194, 39,
       71, 187, 82, 124, 229, 116, 120, 124, 180, 111, 221, 93, 181, 238,
       157, 172, 24, 69, 243, 61, 156, 65, 16, 250, 115, 191, 88, 87, 49,
       250, 205, 235, 231, 125, 112, 99, 245, 254, 152, 149, 236, 251,
       67, 209, 134, 235, 235, 221, 63, 111, 39, 141, 230, 179, 79, 239,
       183, 175, 81, 6, 50, 186, 254, 39, 116, 251, 83, 124, 255, 244,
       123, 126, 184, 127, 219, 63, 95, 238, 221, 172, 126, 213, 209,
       127, 148, 72, 209, 252, 97, 191, 92, 117, 145, 251, 63, 177, 253,
       190, 63, 253, 189, 120, 247, 252, 223, 245, 253, 127, 189, 119,
       255, 254, 99, 115, 245, 102, 195, 119, 205, 255, 245, 251, 122,
       94, 247, 235, 223, 44, 87, 190, 91, 120, 233, 125, 120, 93, 59,
       47, 213, 53, 247, 111, 153, 172, 24, 5, 240, 29, 156, 73, 16, 242,
       51, 189, 88, 87, 32, 250, 63, 182, 253, 190, 63, 189, 185, 125,
       246, 254, 213, 245, 253, 63, 189, 86, 254, 222, 67, 115, 245, 98,
       195, 255, 221, 186, 228, 255, 90, 221, 245, 235, 223, 44, 85, 190,
       91, 120, 233, 124, 120, 92, 56, 47, 213, 53, 247, 111, 153, 172,
       24, 5, 240, 29, 156, 73, 16, 242, 51, 189, 88, 87, 32, 250, 51,
       245, 124, 142, 55, 157, 93, 9, 231, 199, 189, 248, 189, 59, 52,
       95, 255, 246, 102, 177, 151, 114, 209, 103, 245, 247, 245, 121,
       51, 186, 213, 41, 134, 108, 151, 158, 202, 120, 251, 125, 114,
       219, 61, 173, 149, 80, 245, 111, 147, 174, 144, 15, 240, 25, 220,
       93, 56, 243, 114, 189, 123, 215, 40, 250, 63, 185, 253, 254, 63,
       253, 249, 126, 247, 252, 253, 253, 255, 126, 190, 126, 255, 223,
       99, 123, 245, 127, 195, 247, 237, 255, 247, 255, 127, 223, 247,
       235, 223, 44, 85, 190, 223, 120, 249, 125, 120, 93, 59, 47, 213,
       53, 247, 111, 185, 172, 24, 5, 240, 29, 156, 73, 16, 242, 51, 189,
       122, 87, 32, 250, 92, 57, 251, 253, 50, 119, 121, 255, 216, 238,
       211, 180, 83, 128, 155, 202, 235, 220, 51, 111, 15, 181, 198, 147,
       141, 203, 182, 233, 65, 12, 54, 171, 243, 4, 85, 251, 86, 126,
       193, 116, 176, 92, 189, 46, 247, 28, 193, 110, 155, 172, 58, 133,
       240, 29, 148, 73, 208, 242, 57, 249, 93, 86, 32, 242, 124, 49,
       125, 244, 54, 55, 123, 122, 214, 126, 209, 49, 125, 235, 144, 86,
       250, 222, 71, 111, 127, 250, 161, 191, 156, 186, 230, 221, 122,
       220, 244, 233, 90, 108, 150, 191, 222, 124, 209, 253, 220, 207,
       215, 14, 226, 33, 195, 78, 190, 165, 159, 195, 234, 28, 158, 93,
       236, 182, 115, 219, 255, 150, 40, 183, 58, 25, 155, 255, 34, 69,
       217, 167, 87, 196, 93, 148, 55, 230, 59, 126, 255, 214, 32, 99, 6,
       189, 199, 7, 249, 139, 246, 89, 67, 224, 254, 169, 231, 54, 53,
       254, 147, 72, 218, 125, 48, 89, 181, 106, 190, 20, 193, 110, 153,
       170, 123, 199, 240, 28, 180, 73, 17, 243, 123, 251, 121, 38, 163,
       250, 26, 153, 154, 254, 35, 64, 248, 135, 6, 192, 85, 128, 54,
       250, 47, 222, 127, 146, 32, 67, 6, 172, 231, 51, 141, 139, 242,
       73, 83, 160, 246, 41, 151, 38, 113, 158, 83, 72, 218, 116, 48, 91,
       189, 105, 244, 20, 241, 110, 217, 174, 27, 69, 240, 29, 180, 73,
       17, 243, 121, 191, 89, 119, 163, 251, 126, 241, 253, 126, 118,
       187, 123, 126, 211, 26, 245, 185, 125, 226, 189, 218, 242, 143,
       115, 86, 247, 57, 65, 151, 221, 235, 231, 253, 75, 252, 252, 232,
       218, 44, 69, 191, 223, 120, 241, 125, 250, 223, 181, 79, 245, 247,
       183, 78, 191, 174, 11, 71, 224, 29, 93, 89, 84, 243, 127, 187, 58,
       70, 226, 243, 254, 241, 243, 246, 255, 35, 125, 127, 214, 41, 213,
       251, 239, 194, 134, 88, 250, 215, 55, 87, 231, 45, 227, 95, 174,
       219, 243, 191, 211, 125, 244, 236, 215, 173, 60, 255, 255, 125,
       241, 245, 89, 202, 247, 75, 201, 29, 255, 79, 205, 182, 91, 199,
       232, 62, 156, 73, 80, 178, 119, 219, 56, 87, 182, 255, 253, 243,
       117, 124, 54, 39, 123, 126, 242, 190, 241, 185, 111, 195, 148,
       123, 242, 237, 71, 119, 127, 169, 97, 151, 140, 171, 231, 221, 91,
       124, 244, 232, 250, 45, 180, 191, 222, 60, 209, 245, 94, 78, 187,
       15, 242, 113, 131, 110, 184, 166, 88, 67, 224, 188, 28, 69, 140,
       182, 83, 155, 124, 86, 231, 185, 186, 221, 250, 222, 55, 77, 93,
       7, 39, 198, 61, 184, 63, 238, 126, 222, 255, 242, 32, 243, 23,
       190, 241, 35, 125, 215, 243, 121, 83, 250, 214, 97, 130, 38, 55,
       222, 194, 124, 251, 124, 50, 219, 189, 105, 159, 20, 245, 110,
       209, 164, 18, 13, 170, 29, 180, 77, 153, 243, 121, 63, 93, 125,
       169, 250, 60, 178, 125, 135, 63, 253, 179, 253, 254, 212, 215,
       117, 125, 62, 251, 244, 251, 214, 195, 120, 241, 82, 215, 244,
       185, 60, 248, 155, 126, 223, 247, 239, 221, 108, 215, 190, 222,
       122, 169, 117, 221, 93, 95, 54, 229, 165, 246, 109, 191, 190, 143,
       15, 242, 29, 156, 93, 52, 242, 191, 188, 251, 159, 44, 222, 120,
       113, 17, 190, 17, 97, 44, 93, 65, 74, 201, 180, 97, 134, 166, 83,
       251, 94, 1, 68, 40, 160, 193, 16, 196, 221, 241, 137, 83, 2, 42,
       168, 72, 36, 53, 186, 1, 120, 1, 117, 56, 72, 52, 43, 246, 21,
       230, 124, 136, 166, 112, 5, 226, 30, 20, 73, 144, 178, 49, 184,
       28, 70, 34, 50, 125, 63, 247, 125, 52, 247, 171, 254, 244, 190,
       194, 53, 109, 219, 187, 247, 250, 237, 203, 110, 253, 239, 86,
       191, 205, 170, 230, 221, 126, 92, 117, 251, 127, 12, 215, 191,
       213, 62, 209, 117, 252, 76, 59, 158, 247, 227, 131, 127, 184, 189,
       28, 3, 242, 189, 159, 85, 164, 182, 83, 159, 254, 214, 45, 243,
       63, 182, 245, 174, 63, 229, 155, 125, 247, 220, 209, 53, 109, 59,
       147, 85, 250, 244, 67, 112, 241, 3, 215, 244, 204, 168, 232, 153,
       126, 88, 109, 239, 221, 108, 55, 190, 222, 48, 9, 117, 125, 73,
       27, 142, 196, 177, 208, 109, 184, 190, 217, 11, 242, 28, 156, 77,
       44, 178, 63, 152, 186, 71, 38, 83, 150, 241, 218, 214, 55, 64, 93,
       14, 22, 134, 61, 240, 47, 206, 148, 122, 127, 214, 36, 187, 7, 62,
       229, 39, 174, 151, 227, 91, 83, 43, 214, 121, 146, 38, 188, 222,
       66, 124, 219, 245, 82, 234, 181, 105, 154, 20, 245, 110, 195, 167,
       87, 197, 104, 16, 182, 77, 145, 179, 120, 91, 89, 52, 163, 186,
       39, 36, 105, 170, 23, 20, 5, 72, 229, 238, 184, 178, 185, 43, 180,
       71, 130, 116, 33, 113, 129, 66, 217, 116, 76, 141, 137, 35, 82,
       24, 49, 73, 213, 36, 22, 186, 82, 120, 33, 60, 96, 74, 56, 41, 86,
