%YAML:1.0
descriptors: !!opencv-matrix
   rows: 96
   cols: 64
   dt: u
   data: [ 62, 188, 253, 254, 63, 253, 253, 125, 255, 255, 222, 253, 253,
       126, 188, 213, 255, 254, 99, 123, 245, 118, 211, 255, 253, 255,
       245, 255, 126, 223, 245, 235, 223, 108, 215, 190, 223, 120, 249,
       125, 120, 93, 123, 47, 213, 53, 247, 111, 187, 172, 153, 13, 240,
       29, 156, 89, 48, 242, 119, 189, 251, 223, 44, 254, 62, 153, 254,
       254, 55, 255, 253, 127, 55, 252, 213, 241, 63, 254, 189, 94, 251,
       222, 97, 107, 247, 125, 195, 115, 93, 255, 243, 127, 123, 253,
       245, 235, 215, 38, 85, 186, 215, 120, 249, 117, 112, 93, 253, 111,
       245, 21, 247, 111, 155, 172, 25, 5, 242, 29, 156, 73, 16, 242,
       115, 191, 91, 87, 33, 250, 36, 32, 97, 128, 216, 134, 39, 73, 228,
       68, 128, 50, 225, 43, 144, 68, 234, 213, 3, 100, 193, 7, 195, 117,
       76, 152, 188, 13, 82, 12, 49, 105, 215, 36, 85, 186, 82, 120, 1,
       84, 112, 80, 24, 15, 213, 20, 228, 77, 153, 172, 24, 5, 240, 29,
       156, 73, 16, 242, 51, 189, 88, 87, 32, 250, 69, 175, 194, 117,
       125, 170, 245, 90, 56, 153, 6, 249, 130, 219, 196, 73, 42, 125,
       188, 15, 231, 47, 202, 123, 99, 222, 3, 55, 124, 107, 0, 71, 159,
       243, 125, 179, 117, 156, 255, 53, 113, 60, 234, 103, 237, 17, 255,
       235, 236, 246, 57, 213, 245, 101, 184, 206, 119, 223, 246, 175,
       218, 125, 181, 222, 100, 59, 210, 83, 217, 162, 102, 18, 86, 57,
       2, 51, 162, 202, 131, 89, 98, 35, 185, 6, 207, 175, 203, 71, 2,
       74, 122, 5, 154, 72, 160, 0, 79, 35, 86, 183, 53, 28, 87, 116, 64,
       100, 146, 194, 73, 89, 131, 199, 124, 44, 24, 208, 241, 120, 156,
       195, 70, 60, 87, 183, 10, 117, 177, 104, 114, 48, 81, 38, 255,
       130, 30, 41, 194, 33, 85, 113, 188, 82, 132, 80, 118, 131, 28,
       212, 201, 45, 131, 69, 138, 218, 232, 255, 66, 185, 197, 236, 159,
       173, 4, 183, 239, 17, 37, 215, 73, 203, 21, 11, 193, 29, 138, 15,
       133, 230, 137, 3, 116, 56, 26, 235, 68, 255, 151, 152, 56, 7, 52,
       77, 68, 2, 144, 181, 200, 130, 42, 69, 0, 163, 3, 4, 192, 196, 1,
       2, 100, 73, 25, 70, 138, 37, 194, 17, 76, 200, 168, 110, 0, 4, 49,
       2, 87, 53, 85, 171, 0, 104, 5, 70, 0, 0, 16, 14, 193, 28, 195, 31,
       25, 172, 24, 5, 113, 92, 156, 75, 80, 250, 51, 181, 72, 86, 48,
       250, 5, 134, 132, 64, 201, 146, 162, 18, 48, 120, 6, 71, 136, 121,
       0, 1, 64, 233, 137, 34, 196, 109, 26, 115, 66, 106, 0, 6, 60, 0,
       1, 71, 223, 98, 80, 32, 113, 152, 125, 32, 213, 52, 26, 135, 193,
       64, 243, 75, 184, 44, 24, 0, 245, 13, 152, 73, 23, 210, 55, 149,
       66, 87, 36, 248, 70, 33, 145, 144, 24, 2, 8, 71, 2, 98, 1, 50, 0,
       194, 131, 83, 98, 68, 0, 66, 139, 173, 74, 11, 6, 130, 162, 11,
       130, 40, 1, 70, 3, 134, 20, 186, 0, 244, 99, 86, 0, 96, 4, 72, 0,
       28, 193, 139, 81, 44, 16, 20, 36, 24, 20, 75, 144, 32, 49, 57, 12,
       68, 33, 224, 178, 209, 152, 142, 3, 204, 21, 15, 70, 65, 21, 200,
       191, 62, 54, 28, 127, 146, 32, 37, 2, 7, 227, 103, 122, 215, 241,
       41, 19, 184, 214, 41, 150, 36, 16, 154, 66, 72, 202, 88, 49, 219,
       37, 41, 149, 28, 245, 46, 209, 164, 17, 5, 48, 0, 148, 203, 16,
       114, 48, 57, 80, 93, 0, 250, 68, 1, 129, 144, 0, 134, 10, 102, 0,
       198, 1, 4, 1, 129, 17, 2, 8, 69, 0, 103, 130, 37, 192, 3, 12, 130,
       132, 12, 16, 8, 16, 73, 86, 52, 20, 170, 0, 104, 0, 64, 16, 104,
       56, 14, 147, 28, 193, 110, 25, 172, 24, 1, 113, 24, 156, 8, 16,
       98, 51, 157, 72, 86, 32, 250, 76, 7, 173, 152, 0, 95, 34, 119, 33,
       198, 78, 132, 80, 53, 57, 162, 137, 104, 193, 100, 240, 113, 84,
       147, 89, 96, 140, 196, 104, 132, 56, 193, 220, 16, 195, 168, 17,
       106, 200, 104, 52, 21, 56, 38, 117, 180, 103, 110, 27, 168, 168,
       13, 242, 93, 24, 28, 62, 194, 27, 181, 72, 210, 104, 226, 4, 33,
       129, 144, 0, 3, 8, 103, 64, 130, 83, 20, 80, 132, 153, 66, 74, 0,
       67, 198, 3, 160, 197, 131, 12, 8, 166, 137, 0, 140, 48, 72, 96,
       36, 101, 186, 8, 98, 1, 84, 144, 64, 20, 10, 66, 36, 3, 78, 25,
       44, 88, 5, 50, 24, 20, 64, 128, 98, 11, 176, 72, 6, 32, 226, 211,
       157, 146, 246, 201, 134, 70, 2, 6, 69, 32, 75, 134, 203, 22, 28,
       102, 215, 61, 102, 206, 45, 139, 99, 74, 202, 42, 47, 146, 8, 48,
       45, 87, 39, 28, 155, 67, 76, 119, 198, 65, 98, 152, 75, 201, 28,
       217, 151, 197, 36, 24, 212, 101, 98, 140, 235, 81, 124, 114, 191,
       88, 101, 145, 249, 12, 33, 129, 144, 0, 7, 40, 103, 64, 130, 83,
       20, 81, 132, 155, 66, 10, 0, 67, 70, 3, 160, 197, 131, 28, 8, 166,
       137, 0, 140, 48, 200, 96, 36, 69, 186, 0, 122, 1, 92, 176, 64, 20,
       14, 70, 164, 131, 110, 25, 44, 24, 1, 50, 28, 20, 64, 128, 98, 27,
       177, 72, 6, 32, 226, 167, 238, 109, 139, 54, 93, 135, 253, 255,
       223, 188, 250, 125, 62, 255, 238, 235, 212, 103, 49, 81, 208, 247,
       180, 93, 229, 189, 43, 219, 90, 19, 123, 245, 44, 85, 250, 90,
       112, 169, 252, 114, 94, 56, 63, 212, 22, 244, 108, 153, 172, 28,
       5, 240, 29, 157, 73, 16, 240, 51, 188, 90, 87, 42, 251, 12, 35,
       163, 176, 0, 7, 40, 103, 192, 130, 195, 20, 81, 132, 155, 66, 138,
       8, 67, 70, 19, 165, 70, 151, 28, 8, 164, 137, 64, 140, 48, 200,
       71, 36, 69, 186, 16, 58, 193, 84, 56, 64, 16, 46, 70, 36, 131,
       110, 25, 172, 24, 1, 240, 29, 28, 64, 0, 226, 19, 185, 72, 86, 32,
       242, 84, 35, 17, 215, 104, 194, 170, 101, 66, 128, 3, 21, 64, 70,
       145, 16, 46, 67, 128, 6, 195, 41, 68, 194, 136, 82, 166, 77, 0,
       168, 129, 82, 103, 17, 85, 179, 16, 128, 74, 68, 32, 32, 129, 194,
       165, 140, 129, 110, 25, 172, 40, 99, 176, 88, 28, 203, 69, 107,
       18, 129, 72, 39, 113, 226, 227, 0, 1, 146, 201, 128, 3, 72, 198,
       99, 0, 18, 161, 75, 130, 20, 98, 85, 5, 96, 200, 161, 138, 104,
       78, 154, 176, 47, 146, 8, 49, 9, 83, 38, 84, 186, 2, 112, 37, 86,
       64, 64, 24, 11, 65, 20, 193, 23, 153, 36, 24, 4, 96, 24, 140, 73,
       16, 112, 51, 189, 88, 86, 32, 248, 13, 174, 239, 33, 16, 241, 161,
       252, 184, 158, 194, 117, 65, 29, 139, 193, 139, 108, 195, 104,
       241, 67, 94, 245, 69, 41, 28, 165, 124, 68, 33, 138, 125, 66, 223,
       170, 53, 186, 13, 52, 252, 52, 58, 166, 87, 225, 18, 240, 58, 60,
       60, 48, 209, 189, 205, 28, 166, 136, 7, 140, 74, 215, 108, 114,
       98, 141, 138, 218, 207, 131, 198, 11, 118, 64, 20, 74, 187, 250,
       38, 29, 110, 179, 56, 150, 198, 47, 211, 103, 82, 210, 88, 46, 50,
       152, 16, 97, 135, 47, 83, 177, 82, 72, 111, 104, 112, 93, 36, 47,
       213, 92, 245, 239, 149, 172, 152, 13, 181, 41, 152, 203, 81, 246,
       50, 189, 80, 85, 16, 218, 68, 2, 131, 129, 216, 134, 161, 78, 128,
       108, 2, 5, 129, 135, 155, 1, 202, 69, 1, 96, 192, 5, 206, 97, 78,
       136, 12, 5, 16, 8, 49, 75, 117, 38, 85, 186, 16, 114, 5, 20, 144,
       64, 24, 14, 65, 4, 65, 193, 25, 44, 24, 4, 241, 28, 156, 73, 16,
       96, 35, 188, 72, 71, 32, 240, 125, 189, 255, 252, 55, 255, 253,
       127, 247, 252, 213, 241, 127, 255, 191, 95, 251, 221, 99, 103,
       247, 47, 195, 119, 207, 255, 247, 255, 90, 92, 244, 235, 223, 36,
       85, 190, 210, 120, 249, 117, 120, 92, 57, 47, 213, 53, 247, 111,
       153, 172, 24, 5, 240, 29, 156, 73, 16, 242, 51, 189, 88, 87, 32,
       250, 13, 142, 174, 169, 137, 240, 160, 196, 61, 254, 194, 5, 128,
       45, 43, 165, 137, 120, 129, 104, 224, 80, 94, 120, 69, 9, 24, 160,
       92, 68, 43, 195, 117, 208, 219, 32, 53, 226, 45, 32, 236, 52, 58,
       180, 86, 195, 114, 241, 56, 88, 60, 52, 211, 85, 204, 56, 150,
       192, 47, 164, 70, 211, 8, 114, 67, 3, 128, 18, 201, 130, 2, 2, 34,
       0, 2, 5, 128, 77, 0, 1, 66, 69, 0, 36, 194, 45, 136, 99, 74, 130,
       8, 4, 18, 8, 0, 73, 23, 39, 80, 176, 0, 64, 7, 0, 69, 96, 8, 74,
       65, 8, 193, 207, 16, 36, 24, 4, 49, 8, 156, 139, 1, 98, 50, 189,
       64, 69, 48, 248, 60, 185, 255, 252, 62, 255, 253, 122, 247, 252,
       253, 241, 255, 126, 188, 92, 255, 223, 99, 107, 247, 127, 195,
