%YAML:1.0
descriptors: !!opencv-matrix
   rows: 92
   cols: 64
   dt: u
   data: [ 60, 191, 255, 254, 62, 127, 253, 127, 245, 252, 92, 209, 95,
       127, 191, 78, 251, 252, 99, 107, 244, 127, 210, 247, 253, 255,
       182, 159, 127, 217, 117, 235, 215, 108, 87, 190, 223, 120, 249,
       125, 124, 95, 255, 47, 213, 52, 245, 111, 153, 172, 153, 13, 242,
       29, 156, 93, 56, 242, 115, 189, 91, 223, 40, 250, 124, 59, 255,
       253, 118, 127, 251, 255, 255, 252, 223, 183, 255, 254, 187, 254,
       251, 213, 123, 111, 255, 175, 198, 119, 207, 235, 246, 191, 122,
       94, 118, 235, 215, 39, 85, 191, 214, 126, 249, 117, 248, 93, 187,
       46, 221, 55, 245, 111, 157, 172, 24, 5, 240, 29, 156, 73, 16, 246,
       115, 191, 88, 87, 32, 250, 61, 191, 254, 125, 63, 245, 249, 254,
       253, 191, 222, 253, 239, 95, 251, 253, 255, 255, 251, 251, 245,
       127, 255, 255, 165, 107, 246, 247, 125, 119, 239, 247, 255, 250,
       255, 116, 255, 191, 248, 117, 253, 93, 251, 254, 255, 227, 211,
       127, 190, 255, 143, 203, 246, 189, 219, 93, 127, 183, 255, 215,
       251, 187, 237, 94, 127, 55, 229, 176, 94, 183, 35, 123, 228, 86,
       210, 50, 253, 123, 176, 69, 234, 245, 3, 100, 241, 37, 208, 119,
       94, 186, 180, 13, 82, 28, 113, 233, 215, 36, 85, 186, 82, 120,
       193, 116, 112, 92, 24, 143, 209, 20, 245, 79, 153, 172, 24, 5,
       240, 29, 156, 73, 16, 242, 51, 189, 88, 87, 32, 250, 247, 182,
       123, 225, 253, 180, 207, 217, 190, 255, 162, 123, 205, 75, 147,
       85, 250, 245, 186, 43, 237, 127, 218, 124, 108, 215, 127, 127,
       158, 123, 115, 127, 71, 203, 223, 15, 244, 189, 255, 55, 101, 68,
       234, 253, 215, 200, 217, 51, 190, 221, 24, 33, 229, 245, 188, 243,
       208, 94, 246, 15, 222, 159, 185, 182, 122, 48, 80, 38, 255, 163,
       58, 57, 82, 57, 214, 119, 174, 82, 128, 80, 118, 131, 221, 149,
       249, 45, 3, 213, 146, 122, 232, 223, 74, 252, 229, 230, 79, 45, 4,
       183, 255, 24, 165, 253, 89, 93, 19, 143, 225, 105, 171, 79, 188,
       230, 137, 75, 244, 44, 88, 195, 102, 191, 151, 177, 58, 51, 244,
       76, 69, 34, 209, 16, 216, 128, 35, 92, 128, 38, 131, 20, 65, 197,
       155, 3, 234, 76, 131, 98, 138, 169, 74, 139, 76, 136, 166, 79, 0,
       12, 33, 78, 83, 134, 85, 187, 0, 178, 103, 70, 4, 96, 8, 134, 101,
       8, 65, 147, 24, 36, 112, 112, 32, 24, 4, 73, 128, 40, 1, 189, 72,
       6, 33, 244, 68, 6, 165, 153, 64, 222, 34, 69, 40, 230, 2, 4, 208,
       181, 185, 162, 192, 73, 11, 100, 136, 97, 78, 177, 93, 64, 140,
       68, 0, 132, 57, 67, 117, 16, 65, 171, 16, 122, 133, 74, 164, 20,
       24, 38, 85, 142, 65, 35, 153, 44, 24, 5, 243, 93, 157, 72, 0, 234,
       3, 180, 72, 86, 96, 242, 68, 0, 137, 145, 64, 146, 10, 76, 0, 162,
       3, 4, 128, 129, 3, 3, 8, 85, 25, 102, 138, 165, 194, 33, 76, 192,
       136, 12, 16, 8, 49, 75, 87, 4, 85, 171, 82, 104, 37, 82, 48, 64,
       56, 46, 213, 28, 193, 43, 25, 172, 24, 5, 113, 89, 156, 74, 16,
       106, 51, 189, 72, 86, 32, 242, 3, 7, 0, 130, 205, 138, 7, 8, 38,
       68, 1, 66, 160, 75, 36, 21, 66, 119, 4, 36, 194, 34, 144, 98, 68,
       148, 1, 13, 18, 8, 1, 1, 146, 38, 80, 154, 0, 72, 7, 64, 36, 64,
       24, 201, 85, 24, 244, 79, 16, 36, 16, 4, 32, 0, 140, 11, 24, 50,
       50, 189, 72, 87, 48, 248, 98, 205, 136, 154, 203, 143, 71, 11,
       230, 68, 37, 202, 187, 250, 52, 92, 230, 183, 56, 54, 198, 47,
       147, 103, 82, 214, 185, 47, 146, 154, 16, 105, 135, 39, 83, 187,
       66, 72, 239, 124, 112, 95, 60, 107, 213, 28, 245, 79, 149, 172,
       24, 13, 241, 29, 156, 203, 16, 246, 51, 189, 88, 85, 48, 250, 67,
       1, 128, 130, 65, 130, 3, 6, 38, 4, 0, 65, 130, 73, 2, 1, 98, 85,
       0, 36, 192, 7, 194, 99, 74, 192, 136, 4, 18, 8, 16, 73, 215, 37,
       16, 187, 16, 72, 5, 68, 64, 64, 24, 10, 193, 28, 193, 79, 17, 44,
       24, 5, 241, 24, 156, 203, 16, 114, 50, 157, 72, 85, 32, 250, 224,
       9, 207, 215, 127, 215, 223, 254, 182, 253, 12, 219, 187, 222, 178,
       79, 235, 213, 57, 47, 204, 141, 230, 115, 79, 223, 184, 47, 82, 9,
       50, 107, 215, 37, 21, 187, 82, 124, 237, 116, 112, 92, 56, 47,
       221, 28, 245, 239, 157, 172, 24, 5, 241, 61, 156, 203, 80, 254,
       51, 189, 88, 85, 48, 250, 92, 185, 155, 213, 42, 151, 250, 101,
       91, 235, 87, 222, 215, 224, 146, 90, 60, 203, 248, 107, 142, 61,
       194, 219, 185, 82, 182, 254, 64, 229, 181, 238, 199, 147, 44, 45,
       159, 237, 250, 115, 208, 124, 229, 108, 179, 28, 179, 123, 159,
       234, 41, 231, 244, 93, 60, 223, 69, 251, 243, 251, 249, 51, 249,
       238, 196, 3, 129, 147, 217, 128, 3, 200, 128, 107, 2, 19, 129, 67,
       130, 1, 98, 69, 1, 66, 200, 173, 138, 106, 14, 138, 50, 7, 146, 8,
       33, 79, 87, 39, 84, 187, 16, 112, 5, 212, 192, 96, 24, 14, 65, 4,
       201, 215, 25, 36, 24, 4, 96, 26, 140, 73, 16, 112, 35, 189, 76,
       22, 32, 248, 127, 180, 255, 135, 254, 151, 219, 121, 254, 101,
       149, 126, 255, 122, 182, 92, 242, 215, 122, 102, 217, 55, 211,
       117, 254, 234, 252, 63, 242, 153, 117, 43, 215, 45, 20, 191, 210,
       121, 233, 127, 80, 95, 25, 15, 209, 28, 249, 15, 157, 172, 24, 5,
       240, 61, 156, 75, 80, 246, 51, 189, 88, 87, 34, 251, 199, 35, 128,
       49, 209, 162, 46, 72, 0, 35, 129, 42, 162, 195, 130, 3, 2, 45, 25,
       68, 11, 173, 66, 8, 6, 202, 186, 173, 146, 4, 32, 0, 82, 39, 20,
       187, 1, 44, 5, 70, 8, 98, 24, 73, 75, 89, 143, 150, 92, 4, 16,
       116, 65, 250, 20, 162, 209, 172, 17, 151, 12, 102, 177, 32, 199,
       97, 146, 115, 201, 64, 102, 196, 32, 161, 41, 234, 162, 199, 134,
       27, 107, 35, 37, 199, 15, 169, 47, 2, 70, 223, 115, 43, 131, 14,
       162, 22, 147, 167, 53, 219, 1, 128, 111, 86, 32, 96, 56, 97, 77,
       89, 63, 182, 73, 228, 112, 116, 85, 82, 32, 235, 145, 184, 129,
       55, 28, 115, 177, 74, 3, 6, 3, 129, 9, 64, 129, 204, 0, 230, 2, 4,
       0, 13, 11, 0, 200, 84, 1, 98, 130, 32, 206, 106, 77, 152, 16, 2,
       16, 10, 51, 95, 87, 38, 93, 154, 82, 106, 73, 6, 145, 112, 24, 14,
       64, 4, 65, 163, 25, 44, 24, 5, 208, 29, 132, 72, 16, 96, 33, 189,
       72, 7, 32, 242, 124, 185, 255, 254, 126, 183, 255, 126, 244, 220,
       221, 243, 255, 254, 182, 92, 251, 221, 123, 103, 247, 47, 195,
       119, 206, 254, 182, 143, 82, 220, 116, 235, 215, 37, 85, 190, 83,
       120, 233, 116, 120, 93, 56, 47, 213, 21, 247, 111, 153, 172, 24,
       5, 240, 29, 156, 73, 16, 242, 51, 189, 88, 87, 32, 250, 227, 197,
       109, 138, 223, 30, 7, 9, 180, 79, 60, 218, 155, 107, 244, 77, 194,
       117, 53, 101, 72, 230, 176, 96, 94, 215, 25, 35, 211, 26, 51, 25,
       210, 36, 20, 251, 66, 113, 37, 252, 82, 202, 56, 13, 209, 28, 244,
       85, 17, 173, 16, 4, 73, 25, 142, 9, 24, 240, 49, 60, 92, 86, 34,
       185, 205, 15, 166, 112, 93, 35, 162, 246, 48, 184, 194, 67, 66,
       217, 35, 9, 8, 109, 251, 223, 245, 143, 124, 219, 2, 106, 26, 134,
       220, 68, 32, 199, 127, 35, 240, 33, 117, 188, 117, 36, 221, 52,
       58, 150, 73, 97, 19, 195, 124, 124, 88, 212, 209, 126, 136, 128,
       119, 140, 135, 151, 194, 119, 149, 90, 218, 152, 155, 255, 38,
       247, 249, 175, 215, 251, 85, 220, 23, 128, 55, 218, 31, 222, 48,
       107, 142, 245, 238, 27, 173, 195, 178, 255, 83, 225, 55, 239, 215,
       148, 189, 97, 255, 237, 250, 115, 240, 239, 231, 105, 179, 20,
       113, 123, 223, 170, 59, 215, 244, 29, 188, 92, 209, 242, 187, 251,
       93, 93, 83, 247, 244, 41, 247, 209, 80, 71, 105, 255, 196, 199,
       227, 50, 83, 194, 147, 238, 235, 212, 59, 103, 15, 173, 230, 51,
       79, 203, 179, 41, 211, 8, 50, 57, 114, 39, 117, 251, 66, 116, 87,
       84, 48, 96, 184, 126, 79, 28, 65, 182, 153, 172, 86, 149, 96, 31,
       148, 73, 144, 240, 33, 191, 92, 86, 33, 178, 68, 35, 195, 144, 16,
       2, 33, 206, 128, 134, 3, 54, 81, 194, 147, 66, 226, 85, 1, 102,
       11, 173, 192, 19, 14, 138, 178, 9, 210, 8, 48, 9, 114, 38, 85,
       186, 0, 120, 69, 84, 16, 64, 24, 14, 64, 12, 65, 206, 25, 44, 24,
