%YAML:1.0
descriptors: !!opencv-matrix
   rows: 54
   cols: 64
   dt: u
   data: [ 61, 254, 253, 239, 62, 253, 253, 121, 255, 253, 222, 253, 253,
       127, 253, 221, 255, 255, 227, 107, 245, 118, 219, 255, 253, 255,
       245, 255, 126, 95, 245, 239, 223, 108, 215, 190, 255, 248, 249,
       125, 124, 93, 123, 47, 245, 53, 247, 111, 185, 172, 153, 15, 240,
       29, 156, 77, 62, 242, 55, 189, 250, 223, 44, 254, 62, 189, 255,
       252, 55, 255, 253, 127, 255, 252, 214, 245, 127, 252, 189, 222,
       255, 252, 227, 251, 245, 127, 211, 247, 253, 255, 247, 255, 123,
       223, 245, 235, 223, 44, 87, 190, 254, 120, 249, 125, 120, 93, 255,
       47, 213, 53, 247, 111, 185, 174, 153, 13, 242, 29, 156, 93, 62,
       242, 119, 191, 123, 223, 44, 250, 2, 6, 16, 245, 137, 160, 170,
       73, 4, 122, 2, 5, 128, 69, 9, 21, 100, 222, 129, 66, 204, 40, 202,
       122, 68, 154, 162, 102, 80, 1, 33, 71, 87, 162, 93, 48, 49, 232,
       232, 98, 96, 68, 10, 74, 196, 5, 241, 91, 152, 172, 24, 5, 244,
       29, 156, 73, 17, 242, 179, 189, 88, 87, 33, 242, 3, 130, 16, 161,
       201, 176, 162, 72, 60, 123, 2, 79, 128, 77, 1, 17, 100, 223, 137,
       32, 200, 33, 138, 120, 70, 216, 40, 102, 158, 1, 33, 79, 87, 161,
       89, 49, 113, 224, 45, 34, 101, 84, 74, 14, 69, 4, 252, 83, 152,
       92, 24, 36, 244, 197, 156, 233, 16, 218, 179, 173, 208, 87, 48,
       252, 199, 13, 130, 255, 65, 70, 110, 199, 12, 225, 9, 154, 130,
       206, 134, 14, 11, 85, 57, 103, 14, 173, 230, 35, 79, 223, 155, 47,
       211, 40, 50, 9, 195, 39, 116, 251, 2, 125, 103, 86, 32, 106, 184,
       107, 159, 28, 109, 182, 93, 172, 56, 181, 81, 126, 180, 234, 81,
       252, 113, 59, 92, 117, 17, 250, 80, 9, 147, 244, 32, 2, 120, 70,
       2, 192, 1, 128, 18, 192, 16, 26, 36, 91, 48, 103, 6, 173, 192, 3,
       14, 202, 162, 76, 64, 32, 52, 41, 18, 55, 48, 187, 1, 76, 210, 64,
       0, 40, 189, 98, 171, 28, 193, 110, 89, 160, 48, 215, 112, 88, 180,
       201, 17, 250, 49, 251, 88, 52, 145, 250, 44, 34, 101, 162, 218,
       189, 35, 120, 244, 92, 194, 55, 253, 59, 185, 69, 226, 213, 67,
       96, 225, 34, 129, 116, 76, 168, 172, 13, 82, 12, 49, 233, 215, 36,
       85, 186, 82, 122, 129, 116, 240, 84, 24, 14, 208, 6, 192, 79, 153,
       172, 24, 5, 240, 29, 157, 73, 16, 242, 51, 188, 88, 87, 32, 248,
       150, 177, 16, 229, 248, 160, 250, 192, 10, 11, 99, 122, 194, 66,
       208, 81, 112, 203, 4, 199, 71, 44, 2, 218, 174, 26, 167, 239, 196,
       44, 177, 50, 102, 52, 92, 159, 91, 57, 201, 215, 209, 72, 17, 14,
       224, 30, 155, 31, 153, 172, 16, 67, 112, 29, 157, 65, 16, 211, 49,
       189, 92, 119, 32, 169, 5, 2, 1, 128, 217, 128, 7, 72, 32, 64, 3,
       2, 128, 73, 128, 1, 66, 85, 1, 96, 192, 32, 128, 98, 78, 136, 128,
       13, 144, 8, 33, 73, 86, 36, 84, 186, 0, 112, 1, 84, 0, 64, 24, 11,
       64, 20, 228, 79, 24, 36, 24, 4, 112, 24, 156, 9, 16, 98, 51, 188,
       72, 86, 32, 248, 194, 5, 154, 155, 17, 2, 0, 143, 6, 226, 33, 128,
       34, 130, 131, 31, 106, 214, 32, 103, 10, 161, 230, 35, 76, 131,
       176, 9, 19, 8, 16, 57, 240, 36, 20, 186, 66, 120, 1, 86, 48, 74,
       56, 10, 145, 28, 65, 46, 153, 172, 16, 5, 112, 25, 148, 73, 16,
       242, 49, 189, 88, 86, 32, 251, 135, 2, 64, 130, 217, 2, 6, 72, 32,
       64, 0, 98, 160, 3, 128, 1, 66, 85, 5, 68, 64, 128, 136, 96, 70,
       144, 9, 1, 146, 8, 0, 9, 80, 36, 84, 154, 0, 112, 5, 148, 0, 64,
       24, 11, 64, 20, 228, 196, 1, 36, 16, 4, 81, 24, 140, 9, 16, 96,
       33, 188, 72, 86, 32, 248, 3, 4, 1, 146, 24, 4, 1, 70, 2, 100, 2,
       21, 0, 75, 147, 7, 98, 196, 1, 96, 192, 160, 200, 34, 76, 136,
       164, 11, 82, 8, 33, 107, 119, 38, 84, 186, 82, 58, 1, 212, 208,
       84, 24, 142, 64, 16, 193, 79, 153, 44, 24, 0, 240, 29, 156, 73,
       16, 242, 51, 188, 88, 86, 32, 249, 0, 6, 12, 136, 3, 93, 4, 55,
       37, 86, 10, 4, 16, 60, 57, 39, 137, 120, 65, 160, 208, 114, 216,
       98, 89, 32, 4, 0, 16, 128, 17, 65, 221, 16, 211, 32, 80, 74, 40,
       32, 116, 53, 40, 47, 20, 52, 116, 105, 19, 8, 24, 4, 146, 29, 152,
       24, 19, 66, 34, 180, 64, 211, 8, 250, 2, 2, 8, 150, 38, 16, 28, 6,
       52, 186, 17, 132, 24, 37, 48, 3, 4, 84, 0, 169, 192, 32, 192, 35,
       73, 128, 132, 2, 16, 32, 17, 74, 215, 48, 80, 32, 90, 72, 160, 32,
       80, 44, 56, 44, 146, 20, 197, 107, 25, 168, 24, 5, 240, 25, 156,
       8, 17, 98, 51, 188, 64, 86, 32, 250, 2, 0, 1, 178, 9, 128, 0, 12,
       0, 42, 2, 5, 16, 130, 1, 2, 98, 84, 1, 96, 200, 160, 200, 42, 12,
       136, 160, 1, 82, 8, 49, 75, 113, 36, 84, 186, 115, 120, 1, 84, 64,
       68, 24, 10, 64, 20, 192, 79, 25, 44, 24, 4, 240, 28, 156, 73, 16,
       242, 51, 188, 72, 86, 32, 240, 199, 202, 66, 129, 217, 154, 131,
       200, 44, 67, 2, 78, 131, 77, 194, 37, 194, 85, 29, 100, 72, 135,
       138, 120, 102, 220, 57, 47, 150, 10, 35, 31, 112, 165, 92, 219,
       64, 119, 45, 150, 193, 64, 8, 30, 65, 14, 248, 145, 13, 29, 16,
       36, 73, 247, 140, 171, 80, 124, 48, 44, 76, 87, 48, 184, 199, 34,
       65, 131, 217, 128, 131, 200, 138, 3, 3, 126, 161, 3, 193, 65, 98,
       85, 13, 100, 200, 1, 138, 104, 14, 216, 57, 47, 146, 10, 35, 31,
       116, 37, 92, 155, 64, 113, 45, 22, 129, 64, 8, 10, 65, 12, 216,
       17, 8, 44, 16, 36, 1, 178, 132, 107, 16, 120, 48, 60, 76, 71, 48,
       177, 199, 96, 195, 131, 213, 66, 3, 206, 134, 67, 32, 122, 35,
       139, 134, 221, 107, 84, 60, 4, 8, 129, 174, 32, 78, 209, 57, 41,
       147, 10, 2, 57, 48, 165, 28, 219, 2, 117, 5, 214, 3, 194, 8, 25,
       11, 28, 72, 148, 65, 36, 86, 52, 9, 178, 164, 235, 208, 56, 32,
       28, 92, 84, 50, 177, 4, 9, 139, 212, 34, 67, 88, 103, 1, 130, 21,
       148, 83, 228, 147, 74, 137, 80, 32, 111, 6, 189, 192, 131, 13,
       131, 150, 8, 0, 172, 22, 72, 214, 22, 37, 170, 2, 108, 210, 80,
       48, 57, 181, 99, 183, 20, 165, 110, 27, 168, 57, 215, 176, 25, 52,
       8, 17, 99, 123, 251, 73, 53, 225, 250, 56, 29, 253, 220, 38, 221,
       93, 119, 215, 212, 95, 148, 93, 116, 60, 230, 253, 210, 66, 235,
       246, 120, 208, 179, 217, 43, 230, 216, 105, 212, 253, 233, 207,
       60, 65, 190, 222, 122, 216, 125, 112, 221, 189, 175, 244, 54, 245,
       110, 155, 172, 153, 79, 240, 29, 156, 93, 17, 243, 115, 249, 123,
       87, 40, 250, 58, 253, 251, 254, 54, 223, 221, 43, 215, 194, 213,
       250, 255, 118, 180, 94, 255, 147, 118, 223, 183, 61, 81, 215, 253,
       223, 247, 255, 71, 255, 246, 232, 135, 46, 47, 158, 207, 125, 250,
       125, 121, 255, 245, 105, 183, 53, 183, 111, 223, 174, 169, 207,
       250, 21, 126, 85, 117, 243, 123, 251, 123, 255, 233, 218, 188,
       186, 246, 231, 186, 61, 161, 195, 125, 245, 230, 119, 255, 122,
       251, 245, 242, 251, 231, 226, 245, 28, 25, 247, 247, 42, 117, 203,
       238, 215, 255, 247, 167, 36, 71, 190, 83, 122, 233, 252, 217, 85,
       80, 22, 200, 103, 211, 77, 185, 173, 136, 13, 242, 31, 153, 73,
       54, 242, 51, 189, 90, 95, 36, 249, 77, 35, 65, 162, 21, 32, 35,
       120, 68, 10, 192, 50, 225, 138, 129, 67, 226, 212, 1, 100, 73,
       128, 192, 48, 76, 136, 168, 9, 82, 8, 48, 41, 112, 36, 84, 186,
       82, 120, 1, 84, 80, 66, 24, 14, 64, 20, 192, 76, 153, 44, 24, 5,
       112, 28, 156, 73, 16, 242, 51, 188, 88, 86, 32, 249, 54, 49, 113,
       182, 22, 6, 1, 79, 198, 68, 211, 52, 117, 134, 145, 86, 226, 212,
       3, 100, 65, 160, 196, 55, 12, 136, 164, 9, 82, 8, 48, 105, 112,
       36, 84, 186, 66, 112, 1, 84, 16, 64, 24, 14, 64, 20, 192, 78, 153,
       44, 88, 5, 112, 28, 148, 73, 16, 242, 51, 188, 88, 6, 32, 248,
       169, 238, 239, 233, 254, 255, 247, 248, 253, 253, 254, 223, 223,
       125, 126, 236, 219, 253, 255, 107, 244, 119, 250, 253, 125, 255,
       29, 182, 125, 215, 127, 239, 159, 203, 219, 96, 255, 217, 253, 58,
       125, 189, 250, 181, 213, 179, 119, 227, 191, 217, 175, 232, 221,
       229, 202, 188, 127, 220, 255, 239, 211, 219, 125, 222, 124, 46,
       255, 249, 120, 127, 243, 247, 249, 254, 206, 189, 93, 245, 219,
