%YAML:1.0
descriptors: !!opencv-matrix
   rows: 54
   cols: 64
   dt: u
   data: [ 63, 252, 253, 252, 63, 253, 253, 122, 255, 254, 221, 249, 255,
       127, 252, 93, 255, 254, 99, 251, 245, 126, 211, 255, 253, 255,
       247, 255, 126, 255, 247, 239, 223, 124, 215, 190, 255, 120, 249,
       125, 120, 93, 251, 47, 245, 53, 247, 111, 185, 174, 152, 15, 240,
       29, 156, 93, 54, 243, 119, 191, 251, 223, 44, 254, 62, 249, 255,
       254, 63, 253, 253, 127, 255, 254, 253, 249, 253, 122, 189, 94,
       255, 254, 99, 251, 245, 127, 211, 255, 253, 255, 247, 255, 123,
       255, 247, 235, 223, 124, 87, 190, 223, 120, 249, 125, 126, 95,
       253, 47, 245, 53, 247, 111, 153, 174, 152, 7, 242, 29, 156, 93,
       24, 243, 115, 189, 123, 223, 42, 251, 12, 136, 206, 186, 63, 249,
       240, 127, 61, 184, 206, 253, 185, 86, 191, 233, 203, 220, 97, 99,
       197, 55, 203, 115, 77, 223, 144, 39, 83, 79, 51, 234, 223, 36, 87,
       186, 83, 120, 233, 116, 112, 93, 122, 47, 213, 21, 247, 107, 153,
       172, 24, 5, 240, 29, 156, 73, 16, 242, 51, 189, 88, 87, 32, 250,
       28, 32, 183, 245, 40, 229, 248, 118, 16, 190, 194, 21, 80, 228,
       155, 98, 171, 204, 195, 99, 244, 44, 206, 155, 205, 42, 166, 194,
       72, 69, 49, 239, 127, 18, 117, 184, 21, 250, 233, 116, 120, 116,
       185, 38, 230, 37, 195, 107, 155, 172, 57, 71, 240, 29, 156, 73, 4,
       242, 51, 249, 72, 23, 33, 254, 13, 142, 238, 105, 40, 249, 164,
       244, 57, 189, 198, 205, 202, 53, 73, 137, 137, 236, 235, 107, 244,
       69, 94, 249, 97, 127, 17, 246, 125, 71, 35, 215, 223, 208, 249,
       32, 117, 186, 248, 33, 125, 60, 122, 183, 245, 225, 119, 99, 184,
       217, 45, 123, 244, 221, 218, 76, 55, 195, 151, 167, 194, 251, 69,
       222, 170, 206, 14, 235, 239, 221, 158, 129, 61, 255, 62, 203, 157,
       63, 125, 173, 141, 187, 253, 187, 252, 119, 159, 120, 113, 117,
       25, 54, 253, 243, 55, 247, 199, 249, 219, 97, 255, 217, 236, 42,
       117, 92, 106, 189, 213, 215, 254, 49, 189, 219, 24, 45, 221, 229,
       220, 255, 86, 223, 182, 173, 214, 219, 56, 190, 195, 196, 64, 2,
       217, 128, 7, 8, 38, 33, 32, 122, 162, 75, 132, 21, 98, 87, 5, 0,
       200, 134, 169, 96, 70, 144, 41, 43, 146, 8, 1, 45, 144, 165, 20,
       154, 2, 112, 37, 214, 67, 194, 8, 11, 192, 24, 216, 133, 1, 36,
       16, 4, 96, 18, 140, 107, 16, 112, 48, 28, 88, 86, 48, 185, 252,
       121, 255, 253, 118, 119, 127, 254, 245, 255, 252, 187, 127, 234,
       183, 223, 251, 213, 127, 103, 127, 159, 231, 55, 79, 235, 190,
       189, 219, 92, 126, 185, 242, 47, 20, 255, 82, 117, 213, 244, 90,
       206, 60, 62, 219, 61, 193, 254, 157, 172, 30, 5, 248, 63, 156, 73,
       208, 244, 59, 189, 92, 86, 34, 251, 19, 209, 124, 220, 34, 221,
       220, 64, 43, 199, 13, 202, 220, 117, 124, 25, 253, 243, 36, 227,
       134, 124, 83, 99, 253, 87, 247, 126, 108, 190, 215, 33, 215, 116,
       83, 142, 202, 105, 250, 121, 116, 157, 189, 111, 181, 20, 245, 47,
       153, 170, 24, 71, 240, 29, 152, 77, 25, 211, 114, 191, 113, 123,
       161, 234, 191, 221, 249, 188, 55, 109, 253, 75, 183, 206, 173,
       250, 63, 108, 182, 127, 255, 246, 39, 99, 38, 118, 240, 122, 245,
       223, 243, 123, 83, 123, 254, 233, 198, 36, 159, 254, 242, 124,
       233, 117, 114, 206, 60, 105, 246, 20, 245, 111, 153, 172, 26, 5,
       232, 21, 188, 73, 152, 178, 123, 189, 95, 95, 42, 186, 60, 158,
       246, 173, 155, 237, 165, 197, 63, 252, 74, 31, 157, 124, 251, 244,
       255, 220, 193, 98, 252, 178, 222, 120, 93, 220, 180, 107, 218,
       223, 127, 255, 245, 36, 87, 186, 82, 114, 233, 124, 112, 93, 92,
       46, 84, 150, 253, 101, 153, 172, 24, 5, 242, 31, 156, 73, 16, 242,
       59, 189, 90, 79, 32, 242, 171, 193, 136, 170, 23, 186, 28, 10, 37,
       67, 41, 234, 186, 10, 36, 93, 203, 119, 37, 213, 2, 20, 225, 113,
       69, 223, 185, 47, 83, 32, 48, 33, 150, 36, 220, 154, 67, 120, 169,
       116, 96, 218, 60, 41, 215, 29, 244, 46, 153, 172, 16, 4, 96, 21,
       252, 73, 16, 242, 51, 189, 88, 87, 32, 250, 189, 54, 117, 161,
       184, 245, 167, 245, 252, 253, 234, 117, 109, 63, 155, 229, 251,
       236, 195, 96, 249, 66, 127, 188, 220, 61, 61, 179, 255, 222, 99,
       223, 253, 100, 87, 190, 213, 176, 41, 124, 125, 84, 58, 182, 68,
       225, 218, 97, 184, 236, 205, 41, 240, 31, 156, 73, 46, 240, 7,
       132, 218, 215, 44, 254, 159, 222, 238, 237, 191, 249, 221, 248,
       190, 223, 252, 251, 143, 89, 110, 253, 253, 220, 39, 123, 196,
       102, 238, 120, 111, 223, 113, 123, 255, 91, 115, 127, 215, 108,
       221, 250, 82, 121, 233, 117, 113, 92, 58, 63, 213, 20, 245, 127,
       153, 189, 30, 5, 248, 157, 156, 73, 16, 242, 51, 189, 88, 95, 36,
       250, 39, 230, 105, 170, 55, 156, 29, 9, 231, 70, 57, 248, 189, 47,
       252, 85, 155, 246, 36, 113, 163, 114, 144, 119, 85, 149, 181, 57,
       114, 186, 117, 105, 134, 236, 207, 154, 226, 120, 233, 127, 36,
       218, 56, 233, 214, 80, 244, 47, 147, 172, 16, 13, 224, 21, 254,
       61, 24, 242, 51, 189, 120, 215, 40, 186, 43, 206, 236, 234, 63,
       255, 189, 31, 189, 254, 220, 233, 61, 61, 124, 205, 155, 252, 227,
       249, 244, 119, 209, 127, 85, 255, 181, 183, 127, 215, 127, 227,
       207, 104, 215, 176, 247, 120, 249, 125, 124, 95, 122, 175, 213,
       113, 247, 111, 185, 172, 24, 13, 242, 29, 222, 93, 62, 242, 119,
       189, 250, 223, 40, 250, 45, 34, 117, 32, 152, 184, 163, 88, 224,
       26, 194, 117, 237, 51, 233, 97, 194, 236, 131, 96, 225, 96, 25,
       244, 196, 136, 4, 129, 110, 12, 41, 218, 124, 68, 78, 154, 80,
       178, 1, 148, 205, 84, 26, 6, 64, 227, 194, 69, 184, 61, 8, 4, 114,
       29, 143, 73, 20, 226, 3, 140, 72, 70, 98, 49, 255, 190, 247, 175,
       255, 239, 155, 253, 255, 125, 218, 127, 255, 127, 219, 252, 251,
       215, 123, 114, 253, 15, 159, 124, 254, 232, 252, 127, 254, 217,
       255, 255, 117, 237, 93, 127, 254, 247, 173, 127, 221, 92, 75, 158,
       205, 175, 217, 17, 173, 244, 94, 165, 245, 254, 157, 235, 192,
       254, 187, 188, 254, 15, 50, 244, 5, 46, 199, 201, 32, 222, 161,
       231, 41, 212, 78, 149, 89, 53, 217, 226, 139, 204, 169, 111, 196,
       5, 206, 241, 77, 221, 28, 37, 108, 10, 26, 91, 245, 36, 117, 186,
       80, 122, 237, 52, 244, 20, 56, 54, 85, 134, 116, 224, 153, 173,
       29, 5, 241, 29, 157, 72, 16, 226, 35, 189, 72, 87, 32, 250, 122,
       49, 249, 150, 54, 135, 90, 37, 198, 162, 85, 52, 125, 194, 147,
       82, 118, 211, 82, 215, 143, 187, 195, 7, 156, 130, 230, 77, 66,
       184, 245, 168, 99, 44, 4, 190, 202, 120, 195, 85, 144, 73, 149,
       10, 208, 60, 129, 78, 155, 174, 25, 7, 112, 24, 156, 81, 80, 243,
       59, 249, 120, 22, 32, 251, 82, 217, 154, 223, 38, 211, 216, 167,
       87, 210, 85, 220, 30, 178, 21, 90, 125, 211, 56, 175, 6, 61, 197,
       83, 169, 215, 243, 125, 71, 234, 214, 57, 150, 52, 53, 182, 222,
       92, 218, 117, 112, 93, 177, 109, 191, 20, 245, 110, 219, 170, 59,
       199, 248, 29, 188, 79, 81, 243, 59, 251, 121, 117, 33, 250, 126,
       49, 251, 151, 246, 135, 90, 37, 198, 162, 211, 52, 253, 198, 147,
       82, 254, 215, 82, 246, 207, 171, 199, 151, 156, 202, 238, 221, 66,
       188, 245, 170, 99, 45, 69, 191, 218, 122, 193, 85, 216, 88, 149,
       14, 193, 60, 129, 111, 159, 174, 24, 7, 240, 29, 156, 73, 64, 243,
       51, 185, 120, 22, 32, 250, 30, 249, 223, 254, 63, 249, 253, 126,
       127, 252, 221, 249, 255, 126, 188, 219, 255, 222, 225, 251, 229,
       125, 195, 243, 237, 255, 243, 255, 127, 111, 247, 235, 223, 52,
       87, 186, 127, 120, 249, 117, 112, 93, 255, 47, 245, 21, 247, 111,
       153, 174, 153, 7, 240, 29, 156, 77, 22, 243, 55, 191, 89, 95, 36,
       250, 210, 201, 139, 215, 71, 66, 220, 139, 66, 129, 61, 218, 178,
       194, 6, 58, 37, 19, 52, 151, 14, 173, 227, 67, 175, 215, 243, 47,
       3, 171, 150, 40, 150, 191, 48, 219, 42, 77, 250, 215, 3, 235, 165,
       105, 155, 28, 189, 174, 199, 130, 19, 215, 61, 66, 52, 235, 81,
