%YAML:1.0
descriptors: !!opencv-matrix
   rows: 59
   cols: 64
   dt: u
   data: [ 60, 184, 255, 255, 62, 245, 249, 126, 255, 255, 253, 249, 255,
       123, 187, 124, 255, 222, 99, 107, 245, 125, 199, 255, 237, 255,
       247, 255, 126, 223, 247, 239, 215, 100, 85, 190, 215, 120, 249,
       117, 120, 93, 123, 47, 213, 53, 247, 111, 153, 172, 24, 5, 240,
       29, 156, 77, 16, 242, 51, 189, 91, 95, 32, 254, 63, 253, 255, 254,
       55, 255, 253, 126, 255, 252, 252, 255, 255, 126, 190, 126, 255,
       255, 99, 123, 245, 127, 211, 119, 253, 239, 247, 255, 123, 223,
       247, 235, 223, 44, 87, 190, 215, 120, 249, 125, 122, 95, 255, 47,
       213, 53, 247, 111, 153, 172, 24, 5, 240, 29, 156, 73, 16, 242,
       115, 191, 91, 95, 34, 251, 62, 180, 237, 188, 63, 253, 185, 125,
       253, 254, 212, 249, 253, 122, 189, 71, 250, 252, 227, 243, 245,
       39, 211, 255, 93, 187, 180, 183, 90, 221, 117, 235, 207, 44, 87,
       190, 255, 120, 233, 125, 120, 92, 58, 175, 213, 117, 247, 111,
       185, 172, 24, 5, 240, 29, 156, 73, 22, 242, 55, 189, 90, 87, 32,
       250, 47, 162, 237, 165, 191, 249, 155, 60, 124, 253, 214, 117,
       253, 127, 59, 69, 233, 253, 67, 243, 245, 33, 203, 249, 77, 250,
       176, 183, 126, 93, 49, 239, 223, 44, 85, 186, 127, 120, 233, 116,
       120, 92, 58, 47, 213, 21, 247, 111, 153, 172, 24, 5, 240, 29, 156,
       73, 22, 242, 55, 189, 90, 87, 32, 250, 62, 190, 255, 239, 191,
       253, 255, 253, 253, 255, 254, 249, 253, 127, 251, 253, 251, 253,
       107, 251, 245, 119, 223, 255, 253, 239, 228, 191, 127, 221, 255,
       239, 239, 108, 223, 190, 223, 123, 249, 117, 250, 95, 123, 175,
       213, 183, 215, 111, 185, 172, 24, 13, 240, 29, 157, 93, 16, 242,
       119, 189, 251, 223, 40, 254, 61, 253, 255, 254, 63, 255, 253, 123,
       255, 252, 252, 255, 255, 126, 252, 125, 255, 247, 99, 123, 245,
       63, 211, 247, 253, 255, 243, 255, 126, 95, 247, 235, 223, 44, 87,
       190, 215, 120, 249, 117, 120, 93, 122, 47, 213, 53, 247, 111, 153,
       172, 24, 13, 240, 29, 156, 73, 16, 242, 115, 191, 90, 95, 32, 250,
       63, 180, 237, 190, 63, 245, 159, 28, 246, 252, 212, 253, 253, 126,
       61, 85, 253, 255, 99, 243, 245, 55, 211, 119, 213, 250, 228, 255,
       122, 221, 245, 235, 223, 44, 87, 190, 91, 120, 233, 124, 120, 93,
       122, 47, 213, 117, 247, 111, 153, 172, 24, 5, 240, 29, 156, 73,
       16, 242, 51, 189, 90, 87, 32, 250, 205, 62, 246, 113, 221, 163,
       98, 250, 56, 59, 194, 55, 238, 203, 131, 77, 226, 253, 251, 86,
       253, 175, 203, 255, 70, 106, 122, 167, 216, 69, 33, 199, 95, 163,
       212, 59, 117, 190, 117, 118, 220, 100, 218, 206, 73, 105, 203,
       211, 188, 108, 24, 212, 229, 254, 156, 201, 86, 188, 247, 151,
       206, 103, 181, 116, 3, 1, 64, 22, 153, 128, 4, 74, 34, 0, 1, 113,
       160, 75, 128, 17, 98, 84, 4, 0, 194, 44, 128, 99, 6, 138, 34, 9,
       18, 8, 1, 77, 18, 38, 20, 154, 0, 120, 3, 212, 65, 98, 24, 74,
       192, 20, 193, 79, 1, 36, 16, 4, 32, 24, 140, 9, 16, 50, 50, 157,
       72, 70, 35, 249, 211, 217, 146, 222, 23, 66, 84, 14, 22, 193, 61,
       251, 50, 202, 166, 94, 107, 215, 52, 87, 6, 47, 227, 99, 75, 223,
       243, 47, 83, 8, 18, 105, 215, 39, 52, 186, 82, 124, 235, 244, 114,
       222, 184, 107, 157, 20, 245, 238, 217, 164, 24, 5, 240, 28, 156,
       73, 16, 242, 51, 191, 88, 85, 160, 250, 122, 177, 253, 150, 54, 7,
       94, 55, 210, 132, 85, 208, 125, 96, 20, 82, 246, 211, 82, 247,
       215, 61, 193, 199, 185, 106, 230, 220, 66, 252, 212, 104, 215, 60,
       4, 190, 222, 120, 194, 245, 80, 223, 181, 47, 241, 52, 181, 111,
       155, 174, 137, 71, 240, 29, 28, 73, 84, 243, 51, 249, 121, 87, 96,
       251, 63, 54, 117, 164, 63, 191, 35, 122, 244, 92, 214, 53, 237,
       127, 185, 85, 242, 253, 67, 96, 241, 39, 209, 119, 204, 184, 228,
       141, 122, 28, 113, 233, 215, 36, 87, 190, 82, 120, 201, 116, 124,
       92, 24, 15, 213, 21, 247, 79, 153, 172, 24, 5, 240, 29, 156, 73,
       16, 242, 51, 189, 88, 87, 32, 250, 63, 55, 125, 178, 63, 183, 63,
       123, 244, 94, 214, 49, 253, 127, 176, 85, 242, 213, 67, 96, 241,
       39, 193, 119, 204, 186, 228, 141, 82, 28, 241, 233, 215, 44, 85,
       190, 82, 120, 201, 116, 120, 92, 24, 15, 213, 21, 247, 79, 153,
       172, 24, 5, 240, 29, 156, 73, 16, 242, 51, 189, 88, 87, 32, 250,
       191, 245, 125, 138, 55, 61, 21, 24, 247, 87, 189, 250, 175, 59,
       180, 93, 242, 246, 103, 113, 113, 118, 145, 118, 236, 191, 229,
       59, 123, 26, 117, 41, 214, 44, 150, 190, 82, 120, 169, 245, 114,
       223, 56, 47, 208, 20, 244, 79, 153, 172, 24, 5, 248, 29, 156, 73,
       56, 242, 51, 188, 88, 215, 46, 251, 214, 41, 195, 246, 80, 2, 127,
       203, 196, 170, 81, 179, 179, 194, 146, 90, 226, 213, 57, 103, 79,
       173, 194, 115, 14, 202, 178, 15, 82, 8, 48, 104, 87, 39, 52, 187,
       82, 124, 199, 116, 80, 104, 184, 111, 203, 28, 193, 239, 217, 172,
       24, 5, 240, 28, 156, 73, 80, 242, 51, 191, 88, 86, 49, 250, 12,
       36, 97, 160, 16, 68, 35, 109, 128, 230, 194, 52, 81, 38, 153, 98,
       202, 84, 3, 96, 73, 128, 196, 48, 76, 136, 168, 9, 82, 12, 49, 9,
       112, 36, 85, 186, 82, 114, 1, 84, 144, 80, 24, 14, 68, 20, 224,
       108, 153, 44, 24, 5, 240, 29, 148, 73, 16, 242, 35, 188, 72, 22,
       32, 248, 63, 254, 253, 255, 63, 253, 253, 57, 253, 253, 223, 249,
       189, 126, 252, 221, 255, 255, 99, 251, 247, 126, 219, 127, 245,
       255, 243, 255, 127, 243, 247, 239, 223, 252, 215, 190, 255, 248,
       249, 127, 124, 93, 255, 111, 245, 181, 247, 111, 185, 254, 153,
       15, 246, 29, 223, 93, 48, 243, 247, 191, 251, 223, 172, 222, 108,
       46, 239, 169, 126, 127, 163, 253, 189, 254, 222, 53, 89, 188, 251,
       231, 203, 220, 219, 106, 253, 209, 254, 184, 93, 237, 156, 129,
       249, 215, 59, 219, 241, 36, 87, 250, 86, 114, 173, 116, 252, 85,
       90, 62, 85, 167, 66, 96, 157, 44, 30, 5, 211, 29, 157, 73, 144,
       228, 43, 188, 94, 86, 42, 242, 60, 54, 253, 183, 63, 191, 187,
       125, 254, 252, 214, 247, 253, 126, 187, 86, 242, 215, 67, 99, 245,
       39, 195, 119, 221, 234, 244, 223, 122, 220, 247, 235, 215, 44, 85,
       190, 214, 122, 233, 124, 120, 93, 57, 46, 213, 53, 245, 111, 153,
       172, 24, 5, 240, 29, 156, 73, 16, 242, 51, 189, 90, 87, 32, 250,
       60, 255, 255, 253, 254, 253, 251, 249, 255, 255, 215, 255, 253,
       126, 251, 252, 251, 215, 123, 107, 253, 117, 211, 255, 253, 254,
       247, 255, 94, 223, 247, 251, 215, 36, 85, 190, 222, 123, 233, 125,
       248, 93, 121, 47, 213, 55, 245, 111, 153, 172, 24, 5, 240, 29,
       156, 73, 16, 242, 51, 189, 90, 87, 40, 250, 255, 250, 255, 237,
       255, 255, 191, 248, 253, 255, 254, 251, 239, 127, 251, 253, 251,
       253, 127, 123, 237, 199, 143, 124, 239, 255, 253, 191, 223, 95,
       115, 255, 247, 237, 93, 255, 126, 123, 237, 119, 249, 92, 122, 63,
       213, 31, 254, 117, 157, 189, 24, 5, 240, 191, 157, 73, 80, 246,
       51, 189, 220, 87, 48, 254, 106, 4, 137, 186, 10, 102, 127, 15,
       133, 238, 105, 128, 19, 236, 52, 30, 141, 125, 33, 99, 170, 183,
       216, 59, 92, 207, 167, 167, 82, 177, 53, 207, 3, 176, 23, 33, 179,
       236, 96, 106, 104, 104, 100, 233, 215, 29, 247, 107, 89, 232, 24,
       1, 229, 92, 188, 176, 145, 226, 243, 185, 203, 214, 24, 246, 29,
       213, 60, 220, 32, 253, 253, 81, 55, 214, 45, 202, 149, 125, 124,
       29, 253, 254, 224, 107, 246, 118, 80, 115, 241, 247, 247, 120,
       124, 98, 247, 97, 214, 80, 219, 140, 146, 104, 250, 121, 112, 29,
       56, 101, 245, 84, 245, 111, 153, 186, 56, 15, 240, 29, 156, 93,
       49, 211, 115, 175, 112, 251, 41, 250, 241, 159, 246, 215, 249,
       143, 219, 105, 222, 125, 223, 127, 183, 126, 200, 124, 246, 151,
       188, 34, 222, 47, 147, 127, 254, 222, 227, 127, 254, 251, 223,
       127, 135, 183, 116, 54, 246, 251, 250, 255, 209, 93, 203, 199,
       233, 6, 253, 79, 173, 166, 89, 255, 244, 30, 157, 75, 113, 127,
       246, 175, 250, 45, 177, 252, 191, 245, 125, 134, 255, 157, 95, 8,
