%YAML:1.0
descriptors: !!opencv-matrix
   rows: 84
   cols: 64
   dt: u
   data: [ 63, 254, 253, 253, 63, 253, 253, 121, 253, 254, 222, 249, 253,
       126, 253, 221, 251, 252, 227, 123, 245, 118, 211, 255, 253, 255,
       245, 255, 126, 223, 247, 239, 223, 108, 215, 190, 255, 120, 249,
       125, 120, 93, 127, 47, 213, 53, 247, 111, 185, 174, 152, 15, 242,
       29, 156, 93, 54, 242, 247, 189, 251, 223, 44, 254, 125, 59, 247,
       117, 244, 115, 235, 254, 208, 190, 194, 55, 231, 199, 155, 75,
       250, 205, 251, 102, 127, 205, 70, 159, 142, 106, 254, 149, 216,
       68, 98, 170, 127, 15, 213, 191, 221, 60, 213, 85, 124, 100, 155,
       158, 239, 233, 131, 254, 190, 174, 24, 211, 241, 253, 220, 89,
       196, 190, 87, 159, 110, 150, 249, 114, 127, 48, 253, 183, 255,
       183, 31, 120, 254, 255, 223, 59, 253, 127, 179, 87, 255, 247, 115,
       115, 253, 119, 195, 124, 205, 254, 253, 127, 90, 93, 245, 239,
       215, 44, 85, 190, 82, 120, 233, 118, 112, 92, 120, 47, 213, 20,
       245, 111, 153, 172, 24, 5, 240, 29, 156, 73, 16, 242, 51, 189, 88,
       87, 32, 250, 210, 16, 138, 151, 238, 130, 158, 133, 10, 163, 17,
       74, 154, 198, 34, 90, 116, 147, 56, 215, 139, 149, 195, 73, 138,
       194, 250, 111, 130, 41, 183, 102, 87, 189, 20, 59, 90, 109, 228,
       87, 80, 72, 101, 41, 213, 28, 221, 61, 157, 206, 24, 7, 245, 121,
       156, 235, 80, 119, 49, 189, 92, 81, 48, 238, 197, 54, 81, 116,
       216, 32, 44, 74, 0, 42, 194, 51, 192, 195, 128, 17, 98, 76, 133,
       66, 207, 172, 8, 26, 70, 138, 162, 203, 146, 41, 33, 79, 115, 134,
       84, 58, 33, 180, 115, 214, 68, 96, 136, 194, 232, 1, 201, 91, 8,
       100, 24, 112, 100, 30, 29, 73, 128, 58, 147, 135, 140, 70, 161,
       52, 98, 4, 136, 130, 207, 131, 6, 1, 38, 99, 21, 42, 190, 234, 38,
       93, 116, 51, 48, 212, 201, 23, 83, 101, 82, 208, 248, 111, 18,
       184, 213, 96, 135, 45, 66, 183, 203, 72, 165, 122, 96, 91, 100, 9,
       213, 92, 181, 15, 149, 174, 24, 13, 246, 89, 216, 195, 24, 247,
       51, 181, 24, 83, 56, 74, 67, 143, 130, 3, 201, 130, 131, 10, 34,
       1, 4, 75, 162, 219, 0, 13, 106, 215, 57, 38, 196, 7, 138, 99, 66,
       218, 25, 47, 146, 8, 0, 107, 151, 39, 85, 187, 82, 88, 109, 116,
       113, 84, 24, 15, 221, 24, 245, 199, 153, 172, 24, 5, 241, 61, 156,
       203, 16, 250, 51, 189, 88, 85, 48, 250, 35, 71, 0, 178, 217, 166,
       39, 8, 36, 70, 42, 66, 161, 75, 224, 5, 66, 117, 5, 100, 194, 46,
       152, 114, 70, 222, 3, 45, 146, 2, 33, 17, 18, 38, 94, 155, 1, 96,
       5, 134, 37, 96, 24, 201, 68, 8, 244, 135, 8, 37, 16, 0, 97, 20,
       140, 41, 24, 160, 33, 156, 72, 86, 48, 48, 66, 0, 0, 146, 73, 130,
       6, 5, 6, 98, 1, 4, 144, 6, 17, 6, 0, 17, 0, 132, 200, 33, 194, 1,
       8, 192, 136, 12, 16, 136, 17, 64, 71, 36, 85, 170, 2, 72, 5, 66,
       32, 64, 4, 9, 69, 28, 165, 79, 17, 44, 24, 4, 49, 24, 156, 139,
       16, 98, 51, 176, 8, 86, 32, 234, 67, 6, 0, 178, 201, 4, 35, 201,
       32, 96, 2, 6, 0, 111, 171, 5, 66, 56, 1, 96, 202, 160, 24, 42, 86,
       136, 0, 1, 146, 0, 33, 71, 49, 166, 84, 186, 1, 226, 5, 14, 132,
       96, 24, 130, 64, 0, 64, 193, 9, 36, 80, 4, 65, 30, 133, 9, 16, 96,
       33, 188, 76, 70, 32, 240, 60, 189, 253, 254, 55, 253, 253, 127,
       255, 252, 223, 245, 253, 126, 189, 222, 255, 246, 227, 123, 245,
       126, 211, 247, 253, 255, 231, 255, 126, 219, 245, 235, 207, 108,
       87, 190, 223, 120, 249, 125, 120, 93, 255, 47, 245, 53, 245, 111,
       187, 174, 153, 15, 242, 29, 156, 93, 52, 242, 119, 191, 251, 223,
       44, 250, 68, 2, 163, 185, 8, 196, 35, 69, 140, 238, 2, 5, 17, 164,
       187, 198, 203, 92, 129, 98, 200, 33, 206, 57, 93, 201, 14, 7, 16,
       137, 49, 79, 69, 130, 85, 43, 48, 246, 101, 70, 32, 100, 64, 40,
       71, 132, 97, 243, 25, 44, 120, 36, 183, 29, 148, 8, 144, 96, 35,
       189, 200, 70, 32, 246, 68, 2, 163, 144, 88, 130, 33, 79, 128, 162,
       131, 4, 65, 197, 155, 3, 226, 69, 3, 98, 202, 165, 206, 27, 78,
       136, 164, 15, 16, 12, 49, 78, 119, 38, 85, 186, 16, 250, 97, 70,
       160, 64, 24, 14, 69, 4, 193, 75, 24, 44, 24, 5, 112, 28, 156, 73,
       16, 98, 51, 189, 72, 70, 32, 240, 70, 2, 131, 129, 201, 144, 138,
       76, 12, 187, 2, 76, 129, 0, 9, 3, 8, 85, 25, 3, 200, 33, 206, 105,
       13, 192, 10, 39, 16, 9, 49, 79, 87, 129, 93, 41, 112, 233, 45, 2,
       224, 100, 96, 40, 3, 12, 89, 51, 25, 76, 24, 37, 245, 253, 188,
       234, 208, 106, 179, 189, 200, 23, 48, 246, 70, 0, 131, 148, 89, 2,
       9, 75, 134, 98, 1, 18, 131, 194, 130, 83, 226, 85, 1, 98, 138,
       173, 200, 43, 78, 138, 178, 15, 146, 8, 49, 78, 83, 39, 84, 187,
       0, 124, 5, 86, 0, 64, 8, 10, 201, 28, 193, 143, 25, 36, 16, 4, 96,
       24, 148, 73, 16, 114, 49, 189, 76, 86, 32, 240, 198, 40, 195, 247,
       88, 70, 89, 203, 134, 227, 33, 50, 147, 194, 146, 122, 234, 213,
       53, 99, 142, 141, 236, 43, 78, 223, 179, 43, 210, 43, 51, 127,
       115, 167, 116, 251, 66, 124, 231, 214, 0, 72, 40, 123, 203, 28,
       233, 191, 201, 172, 80, 5, 96, 30, 148, 75, 144, 240, 49, 61, 92,
       84, 48, 186, 67, 128, 0, 114, 221, 162, 78, 72, 16, 43, 128, 97,
       160, 75, 132, 17, 66, 85, 149, 19, 198, 41, 138, 107, 4, 154, 34,
       39, 18, 9, 33, 71, 87, 163, 28, 49, 48, 232, 119, 182, 65, 98,
       202, 73, 67, 17, 89, 83, 16, 100, 24, 4, 101, 112, 140, 171, 145,
       186, 183, 159, 136, 119, 177, 53, 1, 7, 17, 22, 1, 2, 1, 74, 34,
       4, 1, 0, 0, 75, 128, 17, 102, 70, 0, 36, 2, 40, 128, 99, 12, 128,
       128, 73, 18, 8, 0, 9, 22, 36, 16, 154, 0, 72, 3, 68, 1, 0, 24, 3,
       128, 16, 225, 78, 16, 36, 16, 4, 32, 24, 148, 11, 16, 114, 50, 29,
       72, 68, 32, 249, 193, 1, 130, 86, 1, 66, 76, 14, 2, 0, 1, 0, 18,
       192, 2, 10, 47, 22, 32, 7, 6, 172, 224, 35, 74, 147, 146, 8, 18,
       8, 16, 9, 82, 38, 48, 186, 2, 76, 66, 68, 48, 96, 184, 107, 137,
       20, 229, 238, 17, 164, 24, 5, 48, 24, 148, 75, 17, 114, 48, 59,
       72, 117, 129, 250, 114, 13, 211, 159, 18, 71, 27, 207, 143, 228,
       15, 148, 17, 206, 187, 254, 235, 214, 32, 102, 142, 161, 198, 35,
       93, 197, 176, 13, 19, 42, 22, 107, 199, 36, 85, 186, 82, 122, 235,
       86, 48, 89, 44, 42, 149, 28, 229, 46, 153, 172, 24, 5, 176, 25,
       148, 75, 16, 114, 57, 61, 88, 68, 32, 250, 64, 3, 146, 150, 1, 2,
       40, 66, 2, 128, 1, 4, 2, 130, 129, 18, 38, 70, 0, 71, 2, 140, 196,
       3, 10, 136, 162, 76, 18, 40, 0, 25, 50, 53, 48, 155, 1, 76, 2,
       196, 129, 32, 17, 66, 170, 12, 64, 206, 64, 32, 112, 149, 32, 66,
       52, 202, 129, 42, 16, 64, 0, 4, 17, 33, 51, 20, 44, 130, 79, 135,
       23, 25, 230, 68, 21, 64, 189, 45, 52, 21, 254, 247, 64, 240, 208,
       35, 209, 103, 80, 240, 236, 12, 18, 24, 209, 105, 215, 44, 87,
       190, 82, 120, 169, 124, 112, 92, 56, 47, 213, 84, 244, 79, 153,
       172, 24, 5, 240, 29, 156, 73, 16, 242, 51, 189, 88, 87, 32, 250,
       3, 18, 1, 130, 13, 130, 7, 24, 230, 0, 2, 1, 45, 13, 0, 17, 102,
       215, 1, 32, 192, 34, 129, 103, 64, 128, 168, 12, 18, 8, 1, 105,
       87, 36, 80, 184, 82, 104, 1, 64, 100, 84, 24, 15, 196, 0, 196, 79,
       152, 172, 24, 5, 240, 25, 156, 73, 16, 114, 51, 188, 88, 87, 32,
       248, 35, 22, 16, 2, 141, 128, 3, 8, 230, 64, 0, 67, 164, 11, 4,
       21, 102, 214, 1, 32, 192, 34, 129, 100, 64, 144, 104, 11, 146, 8,
       1, 105, 213, 36, 84, 186, 66, 72, 1, 68, 64, 66, 24, 139, 192, 16,
       240, 77, 145, 36, 24, 4, 112, 24, 156, 73, 16, 114, 50, 156, 88,
       87, 32, 249, 147, 18, 80, 130, 221, 128, 6, 8, 66, 41, 0, 115,
       160, 67, 132, 17, 98, 215, 5, 0, 192, 32, 137, 104, 14, 152, 40,
       15, 146, 9, 1, 111, 81, 164, 20, 186, 98, 240, 37, 214, 65, 66, 8,
       11, 64, 20, 200, 69, 0, 36, 24, 4, 100, 24, 140, 73, 16, 48, 50,
       156, 88, 86, 32, 249, 7, 38, 64, 2, 217, 0, 3, 72, 130, 34, 130,
       54, 160, 11, 129, 1, 226, 196, 3, 96, 193, 2, 137, 100, 76, 152,
       188, 11, 146, 8, 33, 74, 81, 36, 85, 186, 82, 48, 33, 86, 128, 64,
