%YAML:1.0
descriptors: !!opencv-matrix
   rows: 63
   cols: 64
   dt: u
   data: [ 63, 254, 125, 255, 63, 253, 255, 120, 255, 255, 254, 255, 253,
       127, 252, 245, 255, 255, 227, 123, 245, 119, 211, 255, 253, 255,
       245, 255, 126, 223, 247, 239, 223, 108, 215, 190, 255, 120, 249,
       125, 120, 93, 123, 47, 213, 53, 247, 111, 185, 174, 152, 13, 240,
       29, 156, 89, 52, 242, 55, 189, 250, 215, 44, 250, 124, 185, 239,
       253, 63, 127, 241, 255, 61, 252, 222, 253, 95, 254, 251, 238, 251,
       221, 121, 107, 245, 61, 230, 115, 127, 239, 176, 175, 127, 223,
       63, 235, 247, 38, 87, 186, 87, 122, 233, 116, 240, 93, 126, 46,
       213, 23, 247, 111, 157, 172, 24, 5, 242, 29, 157, 73, 16, 242, 51,
       189, 91, 95, 34, 250, 44, 174, 238, 249, 58, 127, 240, 247, 61,
       252, 78, 213, 91, 247, 187, 238, 235, 221, 225, 99, 213, 45, 207,
       243, 79, 75, 144, 135, 121, 79, 51, 239, 247, 38, 85, 186, 87,
       122, 233, 116, 240, 92, 56, 46, 213, 22, 247, 107, 153, 172, 24,
       5, 240, 29, 156, 73, 16, 242, 51, 189, 88, 87, 32, 250, 205, 233,
       251, 125, 112, 102, 127, 198, 156, 141, 237, 187, 67, 206, 214,
       234, 235, 213, 63, 111, 15, 143, 228, 55, 79, 223, 191, 45, 211,
       14, 50, 57, 242, 39, 52, 251, 82, 125, 197, 244, 114, 206, 56, 63,
       223, 30, 77, 188, 201, 164, 86, 149, 217, 62, 148, 73, 208, 248,
       33, 189, 92, 86, 51, 187, 57, 148, 108, 46, 47, 253, 241, 61, 253,
       252, 222, 229, 189, 125, 61, 164, 189, 186, 195, 146, 245, 114,
       91, 255, 241, 60, 68, 246, 108, 215, 237, 231, 143, 248, 195, 52,
       255, 138, 248, 41, 125, 157, 119, 167, 244, 113, 183, 107, 187,
       250, 137, 75, 246, 13, 88, 85, 63, 147, 255, 161, 179, 251, 236,
       78, 62, 181, 253, 254, 63, 253, 253, 127, 246, 252, 214, 245, 253,
       126, 189, 85, 251, 222, 99, 243, 245, 54, 211, 119, 205, 186, 228,
       255, 122, 92, 245, 235, 223, 44, 87, 190, 91, 120, 233, 116, 120,
       93, 58, 47, 212, 53, 247, 111, 153, 172, 24, 5, 240, 29, 156, 73,
       16, 242, 51, 189, 88, 87, 32, 250, 23, 178, 69, 39, 61, 248, 155,
       28, 122, 189, 222, 117, 236, 127, 9, 49, 237, 239, 1, 243, 229,
       33, 203, 123, 197, 254, 224, 255, 126, 15, 227, 111, 223, 44, 85,
       186, 91, 58, 233, 116, 112, 92, 58, 47, 213, 17, 247, 111, 153,
       172, 24, 5, 240, 29, 156, 73, 16, 242, 51, 189, 88, 87, 32, 250,
       63, 176, 253, 164, 63, 55, 191, 126, 246, 254, 213, 243, 125, 127,
       178, 85, 255, 254, 67, 243, 241, 99, 209, 246, 220, 254, 244, 219,
       122, 156, 245, 235, 223, 44, 87, 190, 90, 120, 233, 124, 120, 92,
       56, 47, 213, 53, 247, 111, 153, 172, 24, 5, 240, 29, 156, 73, 24,
       242, 51, 189, 88, 87, 32, 250, 55, 180, 217, 158, 223, 204, 159,
       13, 230, 110, 57, 120, 189, 110, 182, 84, 255, 215, 32, 98, 197,
       35, 211, 103, 220, 207, 228, 111, 82, 152, 241, 107, 215, 36, 85,
       190, 82, 120, 233, 124, 112, 92, 56, 47, 213, 20, 245, 111, 153,
       172, 24, 5, 240, 29, 156, 73, 16, 242, 51, 189, 88, 87, 32, 250,
       183, 250, 93, 167, 253, 248, 147, 88, 254, 89, 254, 127, 175, 127,
       204, 241, 227, 215, 61, 97, 197, 4, 139, 124, 111, 222, 121, 43,
       254, 11, 115, 127, 215, 229, 93, 250, 114, 123, 233, 116, 241,
       220, 58, 63, 213, 6, 252, 101, 137, 181, 24, 5, 248, 23, 142, 73,
       16, 242, 51, 189, 88, 87, 36, 250, 45, 142, 108, 168, 63, 253,
       165, 124, 189, 252, 206, 245, 237, 61, 255, 229, 139, 252, 227,
       104, 245, 114, 218, 252, 117, 125, 21, 178, 124, 215, 59, 207,
       221, 72, 219, 48, 247, 184, 233, 60, 125, 29, 122, 167, 85, 225,
       246, 105, 184, 252, 137, 9, 242, 29, 218, 28, 62, 194, 183, 173,
       194, 223, 44, 222, 46, 244, 104, 170, 23, 164, 45, 89, 37, 74,
       200, 176, 169, 15, 173, 87, 203, 124, 1, 208, 241, 114, 209, 119,
       84, 156, 113, 161, 82, 20, 41, 193, 206, 4, 159, 186, 163, 120,
       41, 116, 40, 74, 54, 169, 86, 81, 118, 111, 24, 172, 24, 8, 224,
       29, 252, 16, 24, 162, 63, 189, 26, 211, 40, 98, 254, 48, 125, 167,
       255, 167, 251, 249, 214, 127, 214, 119, 253, 78, 145, 116, 242,
       215, 95, 112, 249, 51, 167, 124, 190, 168, 236, 159, 218, 221,
       245, 255, 109, 45, 156, 255, 223, 115, 161, 253, 219, 205, 215,
       14, 192, 39, 202, 93, 175, 190, 155, 141, 248, 188, 156, 81, 232,
       182, 63, 216, 254, 158, 46, 189, 141, 218, 93, 168, 189, 184, 165,
       88, 60, 63, 198, 203, 141, 57, 236, 81, 235, 252, 165, 105, 224,
       68, 138, 120, 109, 189, 49, 251, 252, 3, 115, 239, 213, 192, 213,
       170, 115, 248, 169, 118, 124, 156, 58, 53, 213, 145, 246, 101,
       153, 189, 24, 4, 240, 29, 142, 77, 56, 242, 51, 189, 216, 215, 36,
       250, 189, 250, 127, 111, 255, 241, 251, 248, 250, 191, 214, 127,
       237, 95, 201, 209, 250, 215, 223, 122, 253, 110, 143, 252, 173,
       190, 119, 251, 254, 95, 247, 191, 127, 236, 221, 255, 126, 187,
       249, 117, 253, 92, 219, 30, 199, 161, 216, 119, 170, 191, 29, 167,
       248, 183, 156, 109, 68, 182, 191, 207, 254, 15, 38, 183, 12, 222,
       125, 169, 191, 253, 161, 217, 61, 121, 206, 79, 221, 28, 249, 245,
       243, 252, 129, 104, 228, 84, 154, 120, 101, 156, 49, 235, 252, 71,
       59, 255, 213, 224, 223, 186, 115, 250, 233, 118, 113, 21, 122, 55,
       84, 135, 118, 101, 152, 61, 24, 4, 242, 29, 142, 73, 16, 208, 51,
       172, 91, 95, 36, 250, 63, 245, 120, 172, 55, 117, 189, 223, 183,
       94, 168, 119, 37, 14, 175, 125, 255, 254, 131, 68, 113, 18, 148,
       116, 246, 253, 249, 73, 215, 90, 254, 185, 228, 36, 159, 254, 242,
       112, 137, 117, 122, 79, 30, 174, 212, 85, 244, 76, 152, 188, 26,
       13, 242, 29, 156, 65, 144, 178, 63, 188, 94, 223, 46, 240, 189,
       222, 127, 97, 191, 125, 225, 248, 188, 253, 214, 127, 207, 61,
       248, 229, 234, 252, 199, 107, 244, 66, 188, 124, 45, 190, 53, 147,
       252, 87, 115, 255, 253, 98, 220, 250, 86, 251, 249, 252, 221, 85,
       90, 182, 208, 163, 82, 229, 169, 61, 31, 13, 248, 157, 143, 77,
       48, 240, 35, 140, 218, 159, 38, 254, 55, 253, 127, 220, 55, 77,
       93, 122, 215, 206, 189, 253, 127, 206, 252, 254, 251, 212, 54, 47,
       7, 42, 228, 39, 237, 247, 227, 57, 83, 46, 94, 57, 210, 36, 61,
       254, 210, 125, 203, 245, 115, 222, 189, 47, 190, 22, 245, 110,
       129, 165, 86, 133, 168, 25, 148, 75, 144, 178, 58, 123, 89, 84,
       34, 178, 61, 127, 117, 40, 21, 109, 161, 218, 246, 92, 198, 53,
       101, 27, 233, 245, 242, 246, 135, 100, 113, 130, 148, 52, 166,
       184, 100, 201, 254, 78, 242, 185, 176, 100, 87, 254, 112, 114, 9,
       116, 223, 213, 26, 22, 72, 195, 64, 204, 168, 53, 86, 28, 248, 30,
       143, 73, 48, 240, 47, 172, 90, 14, 38, 177, 52, 55, 117, 132, 22,
       37, 13, 91, 230, 78, 131, 50, 101, 70, 176, 85, 242, 228, 66, 84,
       113, 34, 17, 198, 212, 168, 228, 217, 2, 188, 236, 168, 106, 44,
       78, 190, 136, 58, 1, 221, 140, 66, 20, 138, 224, 96, 128, 78, 184,
       38, 144, 11, 98, 24, 29, 81, 12, 50, 83, 144, 58, 150, 106, 33,
       183, 253, 216, 222, 51, 13, 92, 3, 103, 193, 53, 250, 190, 234,
       164, 94, 250, 146, 36, 255, 15, 188, 225, 35, 253, 151, 243, 121,
       19, 60, 220, 33, 146, 52, 52, 222, 130, 121, 211, 223, 18, 219,
       189, 105, 186, 28, 245, 46, 209, 166, 50, 7, 40, 25, 181, 79, 24,
       243, 112, 121, 25, 116, 163, 235, 178, 217, 154, 214, 35, 64, 92,
       15, 7, 195, 29, 254, 183, 198, 54, 126, 127, 146, 52, 151, 6, 190,
       227, 67, 189, 215, 242, 105, 19, 186, 214, 40, 134, 180, 54, 222,
       130, 77, 202, 215, 2, 203, 165, 105, 190, 28, 181, 46, 213, 162,
       50, 199, 40, 2, 180, 235, 17, 115, 120, 123, 61, 61, 179, 234, 36,
       35, 117, 132, 16, 77, 129, 127, 199, 68, 143, 118, 81, 126, 186,
       228, 235, 212, 66, 100, 23, 40, 192, 226, 93, 180, 148, 9, 32,
       142, 26, 41, 214, 36, 119, 154, 0, 122, 203, 92, 49, 89, 48, 39,
       132, 52, 245, 110, 145, 164, 145, 13, 48, 31, 148, 73, 48, 114,
