%YAML:1.0
descriptors: !!opencv-matrix
   rows: 70
   cols: 64
   dt: u
   data: [ 198, 219, 222, 95, 119, 219, 222, 222, 43, 131, 175, 238, 190,
       246, 239, 251, 239, 215, 56, 191, 7, 125, 199, 99, 103, 215, 243,
       125, 55, 46, 150, 32, 222, 54, 213, 218, 66, 121, 251, 117, 48,
       125, 60, 127, 181, 156, 245, 46, 149, 174, 24, 5, 178, 29, 212,
       75, 17, 243, 56, 63, 89, 125, 165, 250, 236, 206, 239, 233, 238,
       255, 247, 255, 61, 255, 236, 206, 223, 189, 127, 239, 137, 125,
       249, 109, 188, 213, 90, 249, 127, 245, 25, 182, 253, 215, 63, 207,
       221, 211, 251, 73, 255, 255, 253, 58, 119, 191, 110, 53, 31, 159,
       126, 177, 223, 217, 175, 188, 223, 231, 238, 190, 127, 204, 236,
       109, 215, 217, 94, 254, 251, 253, 255, 255, 63, 255, 253, 255,
       255, 255, 255, 251, 255, 252, 127, 254, 191, 191, 250, 251, 254,
       255, 215, 255, 255, 255, 247, 254, 111, 247, 255, 255, 207, 252,
       239, 125, 255, 255, 250, 123, 254, 253, 255, 127, 255, 247, 247,
       127, 255, 251, 175, 223, 254, 189, 255, 93, 127, 247, 255, 255,
       255, 255, 205, 222, 185, 255, 253, 223, 191, 253, 255, 121, 127,
       253, 253, 255, 255, 127, 254, 255, 255, 247, 252, 187, 255, 125,
       219, 255, 249, 127, 243, 254, 127, 255, 223, 239, 223, 247, 251,
       116, 255, 217, 250, 127, 119, 255, 239, 119, 183, 183, 255, 127,
       183, 211, 169, 111, 254, 173, 250, 255, 127, 255, 254, 239, 243,
       255, 239, 222, 191, 255, 255, 255, 55, 255, 253, 251, 255, 221,
       255, 251, 255, 254, 254, 255, 255, 255, 255, 255, 247, 127, 247,
       247, 255, 255, 247, 255, 127, 255, 254, 255, 207, 127, 255, 254,
       255, 125, 251, 125, 123, 253, 251, 255, 255, 247, 255, 239, 255,
       191, 191, 223, 250, 191, 191, 93, 119, 247, 119, 255, 251, 255,
       173, 254, 62, 185, 255, 254, 62, 183, 253, 126, 247, 254, 213,
       251, 255, 122, 183, 94, 255, 223, 99, 243, 245, 55, 195, 255, 205,
       255, 247, 255, 90, 253, 247, 235, 223, 44, 87, 190, 223, 120, 233,
       117, 120, 92, 121, 47, 245, 53, 247, 111, 153, 174, 24, 7, 240,
       29, 156, 73, 16, 243, 51, 189, 120, 87, 32, 250, 125, 191, 255,
       246, 55, 55, 253, 122, 245, 252, 223, 247, 255, 254, 178, 78, 255,
       255, 99, 115, 245, 127, 211, 247, 217, 126, 246, 254, 120, 212,
       247, 235, 223, 44, 87, 190, 219, 120, 249, 124, 120, 93, 56, 47,
       213, 53, 247, 111, 153, 172, 24, 5, 242, 29, 156, 73, 16, 242, 51,
       189, 90, 87, 32, 250, 63, 190, 255, 255, 63, 253, 253, 125, 255,
       253, 254, 251, 255, 127, 254, 253, 255, 255, 99, 123, 245, 119,
       219, 127, 253, 255, 245, 255, 126, 223, 247, 239, 223, 108, 87,
       190, 215, 120, 249, 125, 120, 93, 122, 47, 213, 53, 247, 111, 185,
       172, 24, 13, 240, 29, 156, 73, 48, 242, 55, 189, 218, 87, 40, 254,
       253, 190, 246, 117, 253, 163, 235, 248, 120, 59, 194, 127, 238,
       203, 131, 77, 226, 253, 251, 214, 253, 143, 203, 253, 102, 106,
       122, 167, 220, 69, 227, 231, 127, 235, 220, 127, 119, 189, 125,
       119, 221, 68, 218, 30, 201, 105, 219, 211, 252, 252, 24, 181, 245,
       254, 156, 233, 86, 188, 183, 159, 222, 119, 181, 117, 43, 166,
       237, 170, 63, 253, 165, 127, 245, 254, 246, 240, 125, 59, 189, 70,
       203, 212, 99, 105, 241, 82, 203, 127, 77, 185, 165, 163, 90, 93,
       49, 235, 213, 36, 213, 186, 87, 120, 233, 116, 120, 92, 56, 47,
       212, 21, 119, 111, 155, 172, 24, 5, 240, 29, 156, 73, 16, 242, 51,
       189, 88, 87, 32, 250, 63, 181, 253, 190, 55, 189, 189, 122, 247,
       252, 213, 245, 253, 62, 180, 95, 246, 254, 99, 115, 245, 118, 211,
       119, 221, 186, 228, 219, 122, 92, 245, 235, 223, 44, 85, 190, 223,
       120, 233, 125, 120, 93, 59, 47, 212, 53, 247, 111, 153, 172, 24,
       5, 240, 29, 156, 73, 16, 242, 51, 189, 90, 87, 32, 250, 45, 166,
       237, 168, 30, 253, 165, 124, 181, 254, 198, 181, 89, 63, 185, 199,
       203, 124, 99, 96, 241, 82, 218, 249, 77, 189, 29, 163, 120, 79,
       49, 203, 213, 36, 215, 186, 83, 120, 169, 52, 120, 84, 58, 47, 85,
       181, 118, 105, 153, 172, 24, 4, 240, 29, 156, 72, 16, 226, 51,
       188, 72, 87, 32, 250, 13, 6, 101, 161, 152, 253, 163, 93, 188,
       254, 202, 21, 73, 61, 249, 229, 203, 124, 195, 96, 240, 66, 222,
       120, 93, 253, 12, 135, 124, 70, 51, 207, 213, 0, 87, 170, 81, 242,
       169, 60, 252, 84, 26, 166, 85, 227, 118, 97, 152, 44, 28, 4, 240,
       29, 156, 72, 16, 226, 35, 188, 202, 87, 32, 250, 7, 55, 65, 50,
       29, 160, 37, 74, 160, 2, 128, 114, 160, 75, 128, 81, 98, 84, 5,
       64, 195, 46, 136, 115, 6, 138, 34, 11, 18, 8, 33, 73, 82, 38, 20,
       154, 0, 120, 1, 212, 64, 66, 24, 11, 64, 16, 193, 207, 8, 36, 16,
       4, 96, 24, 141, 9, 16, 178, 51, 156, 72, 86, 32, 185, 13, 38, 113,
       165, 185, 160, 169, 88, 168, 125, 194, 119, 193, 11, 193, 97, 226,
       220, 133, 96, 225, 32, 136, 120, 76, 136, 160, 131, 214, 8, 33,
       95, 117, 164, 92, 186, 48, 242, 161, 212, 197, 68, 26, 6, 224, 3,
       200, 89, 136, 37, 24, 37, 240, 30, 157, 73, 16, 242, 51, 140, 72,
       70, 32, 184, 179, 149, 208, 22, 53, 66, 29, 14, 182, 153, 5, 241,
       38, 27, 166, 95, 235, 214, 32, 3, 193, 47, 227, 103, 68, 219, 240,
       47, 83, 40, 67, 105, 215, 36, 52, 186, 82, 120, 233, 117, 112, 92,
       56, 47, 241, 20, 245, 111, 153, 166, 24, 5, 240, 24, 156, 73, 16,
       242, 51, 189, 88, 87, 32, 250, 171, 21, 128, 54, 31, 34, 36, 10,
       36, 105, 0, 67, 170, 74, 34, 21, 110, 215, 37, 81, 192, 39, 195,
       119, 68, 154, 240, 15, 82, 0, 33, 97, 87, 36, 20, 186, 115, 120,
       33, 116, 64, 64, 56, 43, 193, 21, 247, 79, 153, 164, 24, 5, 240,
       28, 156, 73, 16, 242, 51, 157, 88, 87, 32, 250, 44, 174, 237, 232,
       154, 253, 161, 125, 189, 124, 206, 53, 93, 126, 251, 228, 219,
       252, 195, 98, 245, 114, 222, 182, 95, 109, 20, 129, 253, 214, 59,
       203, 205, 102, 71, 186, 87, 114, 249, 60, 124, 85, 94, 39, 84,
       231, 247, 98, 185, 44, 223, 12, 242, 29, 156, 89, 48, 224, 107,
       189, 218, 207, 44, 248, 36, 33, 101, 144, 17, 6, 33, 111, 228, 68,
       129, 52, 113, 47, 145, 70, 226, 84, 3, 96, 193, 34, 192, 55, 76,
       136, 164, 13, 82, 12, 49, 105, 84, 36, 21, 186, 82, 120, 1, 84,
       16, 64, 24, 14, 192, 20, 193, 78, 153, 44, 24, 5, 112, 28, 156,
       73, 16, 242, 51, 188, 88, 86, 32, 248, 60, 53, 125, 142, 55, 63,
       49, 127, 246, 84, 215, 52, 125, 62, 188, 85, 242, 212, 67, 96,
       241, 50, 209, 246, 220, 168, 228, 9, 114, 28, 117, 233, 222, 36,
       85, 190, 82, 122, 129, 116, 112, 93, 24, 15, 212, 52, 229, 78,
       153, 172, 24, 5, 240, 29, 156, 73, 16, 242, 51, 188, 88, 86, 32,
       248, 221, 49, 80, 116, 49, 34, 124, 122, 16, 169, 193, 243, 226,
       195, 128, 83, 34, 205, 133, 67, 231, 172, 192, 123, 4, 154, 226,
       223, 82, 44, 33, 126, 123, 51, 60, 187, 53, 188, 241, 245, 89,
       106, 187, 74, 234, 21, 203, 95, 8, 166, 56, 85, 96, 30, 156, 73,
       0, 179, 183, 219, 28, 118, 161, 63, 62, 49, 113, 166, 23, 39, 1,
       126, 198, 68, 213, 52, 125, 10, 144, 86, 242, 212, 3, 96, 193, 34,
       193, 119, 76, 136, 228, 9, 82, 12, 113, 105, 214, 36, 20, 190, 82,
       120, 1, 84, 80, 72, 24, 15, 208, 20, 225, 78, 153, 172, 24, 5,
       240, 28, 156, 73, 16, 242, 51, 188, 88, 86, 32, 250, 59, 255, 253,
       255, 63, 253, 221, 57, 255, 255, 221, 249, 253, 127, 125, 93, 255,
       247, 98, 251, 247, 126, 211, 255, 253, 255, 247, 255, 127, 255,
       247, 239, 223, 252, 215, 190, 255, 121, 250, 127, 124, 93, 251,
       239, 245, 177, 247, 111, 187, 190, 153, 79, 240, 29, 220, 93, 60,
       243, 247, 255, 251, 255, 236, 222, 41, 22, 108, 168, 54, 183, 179,
       118, 52, 220, 86, 5, 29, 61, 57, 71, 232, 252, 65, 96, 240, 97,
       208, 243, 73, 40, 164, 156, 120, 84, 113, 233, 221, 36, 85, 186,
       83, 122, 137, 124, 124, 93, 56, 46, 213, 53, 231, 111, 153, 172,
       24, 5, 240, 29, 156, 73, 16, 242, 51, 189, 88, 87, 32, 250, 54,
