%YAML:1.0
descriptors: !!opencv-matrix
   rows: 69
   cols: 64
   dt: u
   data: [ 63, 189, 253, 254, 63, 253, 253, 123, 255, 253, 254, 251, 255,
       123, 252, 125, 247, 223, 99, 99, 245, 126, 195, 119, 237, 255,
       247, 251, 126, 95, 247, 235, 215, 44, 85, 190, 87, 120, 249, 117,
       120, 93, 58, 47, 213, 21, 247, 111, 153, 172, 24, 5, 240, 29, 156,
       73, 16, 242, 51, 189, 90, 87, 32, 250, 63, 179, 253, 246, 55, 181,
       253, 122, 247, 254, 253, 243, 253, 126, 180, 87, 243, 255, 99,
       115, 245, 126, 211, 119, 205, 255, 247, 251, 122, 94, 245, 235,
       215, 44, 87, 190, 91, 120, 249, 125, 120, 93, 58, 47, 213, 21,
       247, 111, 153, 172, 24, 5, 242, 29, 156, 73, 16, 242, 51, 189, 88,
       87, 32, 250, 62, 176, 236, 190, 63, 245, 157, 61, 246, 252, 220,
       245, 189, 126, 55, 85, 253, 246, 99, 243, 245, 39, 211, 119, 221,
       255, 244, 127, 90, 223, 247, 235, 223, 44, 87, 190, 91, 120, 233,
       116, 120, 93, 56, 47, 213, 53, 247, 111, 153, 172, 24, 5, 240, 29,
       156, 73, 16, 242, 51, 189, 88, 87, 32, 250, 62, 188, 255, 255, 62,
       253, 253, 253, 255, 255, 255, 251, 253, 126, 251, 254, 255, 215,
       99, 123, 245, 119, 215, 127, 253, 255, 247, 255, 127, 223, 247,
       255, 247, 44, 85, 190, 223, 122, 249, 125, 120, 93, 121, 47, 213,
       55, 247, 111, 153, 172, 24, 5, 240, 29, 157, 73, 16, 242, 51, 189,
       90, 87, 40, 254, 7, 54, 197, 38, 61, 176, 138, 28, 242, 184, 130,
       101, 236, 55, 11, 17, 236, 239, 3, 242, 193, 35, 67, 247, 197,
       136, 244, 207, 90, 12, 161, 98, 223, 44, 85, 190, 91, 56, 233,
       116, 120, 92, 56, 175, 213, 113, 247, 111, 153, 172, 24, 1, 240,
       29, 156, 73, 16, 242, 51, 189, 88, 87, 32, 250, 63, 190, 253, 188,
       63, 255, 191, 121, 253, 252, 252, 249, 253, 122, 189, 93, 251,
       253, 99, 115, 245, 55, 211, 119, 205, 255, 241, 255, 122, 94, 247,
       235, 223, 44, 87, 190, 91, 120, 233, 116, 120, 93, 58, 47, 213,
       21, 247, 111, 153, 172, 24, 5, 240, 29, 156, 73, 16, 242, 51, 189,
       88, 87, 32, 250, 13, 6, 229, 40, 8, 247, 163, 86, 160, 252, 130,
       5, 64, 53, 187, 163, 139, 108, 131, 96, 224, 1, 94, 179, 69, 232,
       12, 132, 80, 4, 51, 195, 213, 0, 87, 170, 17, 250, 237, 52, 252,
       20, 56, 38, 85, 197, 99, 107, 153, 44, 24, 5, 241, 29, 156, 72,
       16, 226, 35, 189, 72, 71, 32, 250, 108, 234, 239, 233, 62, 255,
       187, 252, 189, 254, 254, 187, 221, 57, 251, 239, 203, 253, 123,
       107, 245, 87, 206, 125, 77, 253, 189, 183, 127, 87, 51, 251, 247,
       36, 215, 186, 87, 122, 233, 116, 250, 92, 122, 63, 213, 151, 211,
       105, 153, 173, 28, 5, 240, 29, 157, 93, 16, 242, 51, 189, 88, 87,
       32, 251, 69, 38, 229, 161, 72, 246, 163, 116, 32, 252, 194, 5, 64,
       53, 137, 0, 138, 77, 129, 96, 240, 1, 78, 209, 76, 40, 8, 132, 64,
       4, 33, 207, 85, 0, 85, 186, 17, 178, 45, 4, 252, 20, 24, 134, 69,
       129, 67, 107, 24, 44, 24, 1, 241, 29, 156, 8, 0, 234, 3, 181, 72,
       71, 32, 242, 71, 34, 65, 176, 153, 160, 33, 72, 128, 34, 129, 48,
       97, 130, 128, 67, 98, 84, 1, 96, 137, 128, 136, 56, 14, 136, 168,
       11, 210, 8, 49, 77, 113, 36, 20, 186, 0, 112, 1, 214, 128, 66, 24,
       10, 64, 4, 192, 149, 8, 36, 80, 4, 96, 28, 133, 9, 144, 176, 33,
       156, 76, 6, 32, 177, 84, 57, 147, 213, 240, 130, 122, 98, 10, 161,
       3, 28, 215, 194, 145, 90, 54, 207, 56, 103, 142, 45, 194, 75, 142,
       218, 162, 127, 0, 41, 180, 46, 83, 55, 52, 187, 0, 253, 246, 87,
       16, 104, 161, 98, 171, 28, 201, 63, 221, 174, 48, 247, 113, 120,
       28, 235, 81, 127, 115, 187, 120, 52, 177, 250, 79, 170, 103, 225,
       252, 252, 175, 220, 249, 255, 202, 255, 205, 63, 219, 225, 139,
       221, 187, 111, 237, 97, 206, 120, 109, 221, 59, 183, 126, 47, 59,
       159, 87, 197, 221, 155, 116, 255, 253, 55, 109, 116, 122, 60, 87,
       143, 125, 51, 156, 189, 60, 37, 241, 245, 191, 108, 192, 238, 51,
       143, 204, 95, 48, 182, 63, 156, 252, 254, 63, 253, 253, 121, 189,
       253, 223, 253, 189, 126, 252, 222, 255, 255, 227, 251, 245, 126,
       219, 127, 125, 255, 241, 255, 126, 247, 255, 239, 223, 252, 215,
       190, 247, 249, 249, 127, 124, 221, 255, 47, 245, 53, 247, 111,
       187, 238, 153, 13, 246, 29, 222, 93, 58, 243, 247, 191, 251, 223,
       172, 222, 84, 41, 211, 212, 48, 130, 121, 106, 2, 163, 1, 182,
       195, 227, 146, 90, 226, 213, 32, 103, 143, 45, 194, 115, 79, 154,
       178, 15, 82, 40, 48, 105, 87, 39, 116, 187, 82, 124, 211, 84, 80,
       104, 185, 110, 235, 28, 193, 111, 153, 172, 24, 85, 112, 28, 156,
       73, 16, 242, 51, 191, 88, 85, 33, 250, 252, 41, 247, 213, 114, 79,
       81, 239, 239, 197, 23, 190, 223, 246, 187, 238, 251, 213, 122,
       111, 31, 173, 194, 167, 95, 203, 182, 61, 98, 136, 30, 41, 215,
       39, 101, 251, 66, 126, 215, 92, 176, 125, 189, 119, 173, 30, 237,
       174, 221, 164, 249, 221, 243, 31, 149, 79, 88, 254, 113, 123, 89,
       68, 49, 250, 252, 189, 255, 213, 50, 119, 253, 247, 213, 213, 245,
       251, 95, 249, 150, 206, 187, 221, 250, 111, 55, 237, 230, 183,
       191, 107, 182, 253, 109, 220, 118, 169, 223, 119, 36, 255, 214,
       125, 251, 125, 120, 191, 185, 247, 187, 60, 209, 238, 191, 174,
       239, 223, 240, 127, 156, 76, 117, 255, 115, 219, 123, 117, 173,
       251, 37, 39, 97, 128, 89, 6, 7, 72, 228, 68, 130, 48, 97, 111,
       144, 5, 226, 197, 3, 96, 193, 34, 128, 118, 76, 136, 164, 13, 18,
       12, 33, 73, 87, 36, 84, 186, 64, 56, 1, 84, 4, 80, 24, 143, 64,
       16, 229, 79, 153, 44, 24, 0, 112, 28, 156, 73, 16, 242, 51, 189,
       88, 87, 32, 248, 61, 178, 125, 166, 63, 189, 191, 120, 254, 220,
       214, 119, 253, 63, 185, 85, 254, 255, 67, 98, 245, 103, 195, 247,
       205, 248, 244, 255, 122, 220, 245, 235, 223, 44, 87, 190, 83, 120,
       233, 124, 120, 92, 56, 47, 213, 53, 247, 111, 153, 172, 24, 5,
       240, 29, 156, 73, 16, 242, 51, 189, 88, 87, 32, 250, 109, 38, 229,
       179, 254, 183, 35, 125, 244, 252, 214, 55, 253, 191, 187, 71, 234,
       245, 67, 100, 249, 135, 211, 53, 76, 232, 188, 141, 122, 92, 49,
       235, 215, 36, 85, 186, 82, 122, 129, 116, 248, 92, 24, 14, 213, 5,
       193, 79, 153, 172, 24, 5, 240, 29, 156, 73, 16, 242, 51, 189, 88,
       87, 32, 250, 124, 53, 253, 156, 118, 135, 27, 125, 230, 102, 213,
       54, 253, 238, 179, 86, 250, 213, 99, 102, 217, 165, 194, 119, 76,
       234, 188, 45, 82, 28, 116, 41, 215, 36, 85, 186, 82, 120, 225,
       116, 112, 92, 56, 47, 213, 20, 229, 111, 153, 172, 24, 5, 240, 29,
       156, 73, 16, 242, 51, 189, 88, 87, 32, 250, 109, 38, 229, 177,
       222, 183, 39, 124, 244, 125, 210, 51, 253, 251, 179, 71, 234, 245,
       107, 100, 249, 135, 210, 53, 78, 248, 188, 175, 218, 28, 49, 171,
       215, 37, 85, 186, 82, 120, 37, 116, 124, 84, 24, 15, 213, 21, 229,
       77, 153, 172, 24, 5, 240, 29, 156, 73, 16, 242, 51, 189, 88, 87,
       32, 250, 126, 49, 251, 151, 254, 167, 27, 253, 198, 231, 209, 62,
       247, 202, 179, 94, 250, 213, 35, 102, 201, 165, 194, 55, 78, 218,
       188, 47, 210, 8, 50, 43, 199, 36, 85, 186, 82, 120, 225, 116, 112,
       92, 48, 46, 213, 20, 193, 111, 153, 172, 24, 5, 240, 29, 156, 73,
       16, 242, 51, 189, 88, 87, 32, 250, 62, 253, 125, 221, 54, 189,
       223, 121, 255, 223, 213, 250, 253, 126, 252, 94, 250, 245, 102,
       123, 247, 118, 211, 118, 253, 254, 247, 127, 126, 255, 247, 187,
       199, 44, 87, 190, 218, 121, 249, 125, 112, 93, 61, 47, 213, 20,
       245, 111, 153, 172, 24, 13, 240, 29, 156, 89, 16, 242, 115, 189,
       123, 223, 40, 250, 60, 58, 243, 161, 248, 244, 171, 253, 206, 254,
       194, 53, 197, 66, 219, 241, 242, 213, 3, 98, 197, 33, 206, 122,
       207, 136, 164, 143, 210, 13, 51, 255, 119, 164, 93, 186, 82, 242,
       233, 118, 240, 84, 16, 14, 213, 6, 193, 79, 153, 172, 24, 5, 240,
       29, 157, 73, 16, 242, 51, 189, 88, 87, 32, 244, 63, 245, 253, 142,
       255, 191, 31, 89, 254, 87, 181, 250, 255, 122, 180, 93, 242, 245,
