%YAML:1.0
descriptors: !!opencv-matrix
   rows: 88
   cols: 64
   dt: u
   data: [ 29, 178, 125, 36, 62, 177, 189, 120, 240, 190, 211, 117, 253,
       62, 169, 81, 251, 252, 67, 115, 229, 112, 67, 247, 205, 190, 228,
       255, 90, 76, 245, 235, 223, 44, 85, 190, 91, 120, 233, 124, 124,
       93, 56, 47, 213, 117, 247, 111, 153, 172, 24, 5, 242, 29, 156, 73,
       16, 242, 51, 189, 88, 87, 32, 250, 62, 255, 253, 255, 63, 253,
       221, 121, 255, 253, 253, 249, 253, 126, 252, 94, 251, 246, 99,
       123, 245, 126, 211, 119, 253, 255, 231, 255, 126, 255, 245, 235,
       215, 108, 87, 190, 222, 120, 249, 125, 120, 93, 251, 47, 213, 53,
       245, 111, 155, 174, 153, 15, 240, 29, 156, 93, 48, 242, 115, 189,
       251, 223, 40, 254, 191, 244, 125, 231, 255, 181, 251, 249, 255,
       255, 212, 255, 255, 90, 240, 85, 250, 247, 95, 123, 253, 119, 219,
       124, 173, 254, 255, 191, 94, 123, 247, 255, 199, 237, 158, 255,
       255, 121, 249, 119, 217, 93, 123, 46, 211, 53, 249, 127, 189, 190,
       24, 5, 248, 189, 156, 89, 16, 246, 247, 191, 251, 223, 42, 255,
       59, 190, 208, 115, 253, 248, 237, 9, 252, 123, 82, 119, 174, 95,
       192, 21, 123, 175, 165, 210, 229, 46, 155, 127, 98, 222, 115, 167,
       94, 115, 227, 199, 7, 234, 221, 52, 117, 152, 249, 55, 109, 116,
       234, 237, 197, 65, 183, 123, 184, 255, 24, 65, 244, 133, 222, 97,
       7, 242, 247, 167, 218, 247, 173, 94, 43, 54, 195, 119, 253, 160,
       253, 11, 212, 57, 64, 113, 163, 203, 129, 85, 42, 47, 161, 82,
       231, 47, 219, 127, 6, 218, 242, 167, 90, 113, 33, 206, 7, 174, 22,
       48, 245, 156, 243, 119, 104, 108, 227, 201, 237, 65, 151, 75, 120,
       238, 24, 65, 244, 28, 156, 65, 23, 178, 247, 159, 170, 55, 161,
       126, 250, 216, 155, 215, 239, 135, 95, 137, 222, 101, 53, 218,
       191, 234, 54, 92, 255, 215, 60, 247, 78, 159, 171, 108, 190, 223,
       251, 127, 211, 187, 246, 47, 199, 175, 22, 95, 202, 117, 254, 255,
       83, 219, 229, 91, 217, 28, 253, 149, 221, 134, 18, 181, 125, 254,
       156, 227, 81, 252, 241, 63, 220, 93, 144, 255, 243, 157, 238, 211,
       223, 207, 199, 155, 254, 117, 30, 127, 191, 254, 242, 93, 251,
       247, 125, 39, 94, 143, 187, 117, 62, 255, 63, 47, 210, 219, 82,
       47, 199, 47, 86, 255, 82, 117, 255, 252, 80, 85, 40, 127, 221, 28,
       253, 183, 221, 172, 24, 140, 241, 191, 156, 227, 80, 252, 113, 63,
       92, 85, 48, 250, 34, 1, 1, 178, 223, 0, 69, 10, 198, 32, 16, 48,
       33, 202, 128, 85, 98, 86, 1, 82, 130, 170, 137, 15, 6, 130, 34,
       11, 146, 8, 1, 77, 3, 166, 20, 154, 66, 112, 103, 86, 0, 96, 132,
       73, 64, 28, 1, 131, 64, 36, 80, 4, 36, 24, 132, 1, 0, 48, 33, 155,
       8, 4, 160, 112, 68, 50, 245, 144, 88, 38, 35, 126, 160, 166, 194,
       20, 65, 129, 147, 3, 232, 205, 27, 100, 136, 129, 78, 153, 204,
       200, 172, 206, 64, 4, 33, 78, 113, 5, 85, 171, 16, 176, 37, 86,
       20, 0, 24, 142, 67, 8, 65, 201, 24, 44, 24, 0, 113, 124, 148, 75,
       208, 254, 3, 156, 72, 70, 32, 240, 99, 197, 72, 146, 223, 134, 71,
       10, 166, 68, 4, 64, 191, 107, 36, 93, 194, 119, 21, 52, 194, 103,
       153, 103, 102, 210, 8, 13, 178, 24, 24, 105, 150, 39, 22, 154, 66,
       80, 23, 212, 18, 242, 8, 73, 81, 28, 229, 207, 17, 36, 16, 4, 49,
       16, 140, 139, 24, 118, 50, 189, 88, 85, 50, 249, 66, 2, 128, 130,
       201, 130, 6, 8, 2, 0, 2, 68, 128, 69, 0, 1, 66, 85, 9, 36, 192, 5,
       138, 97, 78, 208, 8, 12, 146, 8, 1, 72, 87, 37, 80, 187, 80, 96,
       5, 68, 64, 80, 24, 11, 65, 28, 229, 79, 17, 44, 24, 4, 241, 24,
       156, 203, 16, 114, 51, 189, 72, 87, 48, 248, 131, 71, 1, 146, 201,
       4, 5, 73, 164, 102, 40, 0, 1, 105, 180, 5, 66, 116, 5, 96, 2, 162,
       184, 34, 78, 130, 6, 9, 146, 8, 17, 89, 114, 38, 22, 154, 0, 112,
       7, 150, 2, 98, 24, 138, 80, 24, 64, 130, 1, 36, 16, 4, 1, 24, 132,
       9, 16, 96, 33, 28, 72, 86, 34, 185, 99, 134, 161, 139, 203, 222,
       3, 13, 46, 103, 19, 14, 153, 108, 62, 4, 234, 213, 57, 100, 204,
       37, 218, 121, 94, 208, 184, 46, 18, 27, 51, 79, 215, 37, 85, 187,
       82, 120, 237, 118, 112, 92, 40, 47, 213, 28, 245, 51, 153, 172,
       24, 5, 241, 29, 156, 75, 16, 242, 51, 189, 88, 87, 32, 250, 68, 0,
       129, 144, 8, 70, 3, 79, 132, 230, 2, 4, 17, 172, 187, 6, 203, 84,
       1, 96, 128, 131, 204, 35, 92, 128, 140, 13, 18, 136, 17, 75, 81,
       4, 69, 186, 0, 98, 5, 94, 32, 64, 8, 10, 69, 28, 97, 234, 25, 44,
       24, 4, 49, 25, 148, 8, 16, 98, 35, 188, 72, 70, 32, 242, 66, 0, 0,
       128, 9, 130, 2, 5, 4, 98, 2, 4, 16, 36, 17, 6, 64, 17, 1, 64, 192,
       35, 202, 67, 88, 128, 136, 4, 0, 136, 17, 72, 69, 4, 65, 170, 0,
       104, 1, 64, 32, 64, 16, 8, 85, 20, 161, 75, 17, 44, 24, 4, 48, 25,
       156, 9, 16, 98, 51, 188, 72, 86, 32, 242, 64, 2, 129, 144, 72,
       150, 3, 69, 132, 230, 3, 4, 145, 40, 57, 6, 192, 85, 1, 98, 200,
       33, 202, 99, 76, 192, 140, 14, 16, 8, 17, 75, 215, 36, 85, 186,
       82, 104, 37, 66, 48, 80, 24, 14, 85, 28, 193, 107, 153, 172, 24,
       5, 241, 29, 156, 73, 16, 226, 51, 189, 72, 86, 32, 250, 64, 0,
       129, 144, 64, 130, 3, 100, 132, 38, 3, 4, 145, 0, 17, 2, 0, 85, 1,
       100, 200, 33, 194, 1, 12, 128, 140, 4, 16, 8, 17, 72, 87, 37, 84,
       187, 18, 104, 5, 68, 144, 64, 16, 14, 193, 12, 129, 79, 25, 44,
       24, 5, 113, 88, 156, 11, 16, 98, 51, 184, 72, 22, 32, 250, 197,
       42, 227, 245, 24, 70, 41, 206, 160, 230, 131, 20, 67, 197, 147,
       235, 235, 213, 35, 99, 142, 141, 238, 59, 79, 203, 178, 15, 82, 8,
       51, 79, 115, 39, 117, 187, 80, 252, 229, 86, 48, 96, 56, 46, 207,
       12, 97, 235, 153, 172, 24, 5, 240, 29, 148, 73, 144, 242, 49, 189,
       92, 86, 32, 250, 109, 35, 229, 144, 17, 7, 39, 126, 228, 68, 130,
       52, 121, 47, 179, 70, 234, 212, 3, 100, 65, 163, 194, 54, 76, 152,
       180, 9, 82, 12, 48, 41, 213, 36, 85, 186, 82, 120, 1, 84, 80, 80,
       24, 14, 197, 20, 229, 78, 153, 172, 24, 5, 240, 28, 156, 73, 16,
       242, 51, 189, 88, 87, 32, 250, 71, 5, 163, 20, 88, 6, 1, 207, 130,
       100, 1, 18, 3, 201, 131, 6, 226, 85, 1, 102, 10, 141, 192, 35, 78,
       136, 186, 13, 146, 8, 48, 77, 83, 39, 20, 187, 0, 124, 5, 86, 0,
       64, 24, 10, 73, 28, 193, 207, 25, 36, 16, 5, 112, 26, 148, 73, 16,
       114, 49, 157, 72, 6, 32, 242, 125, 59, 119, 181, 247, 255, 163,
       254, 238, 244, 255, 53, 125, 255, 249, 246, 227, 213, 39, 102,
       205, 161, 164, 55, 79, 207, 161, 45, 82, 14, 50, 59, 242, 36, 85,
       186, 82, 114, 201, 244, 240, 92, 56, 46, 212, 22, 225, 110, 153,
       172, 24, 5, 240, 29, 157, 73, 16, 242, 51, 188, 88, 86, 32, 248,
       67, 5, 128, 18, 65, 130, 5, 10, 166, 68, 1, 2, 128, 235, 132, 7,
       66, 117, 0, 36, 130, 39, 192, 99, 70, 144, 128, 13, 18, 8, 0, 9,
       150, 36, 20, 154, 2, 104, 3, 86, 32, 66, 8, 137, 145, 24, 229, 15,
       17, 164, 16, 4, 32, 24, 156, 11, 24, 114, 50, 61, 72, 85, 32, 251,
       226, 1, 195, 151, 209, 128, 75, 141, 134, 225, 33, 250, 179, 202,
       166, 94, 106, 85, 52, 71, 10, 175, 230, 33, 12, 139, 186, 47, 19,
       8, 16, 41, 215, 39, 52, 155, 66, 125, 103, 214, 80, 74, 56, 11,
       155, 28, 201, 22, 153, 172, 80, 5, 112, 26, 148, 75, 16, 242, 49,
       189, 88, 84, 32, 251, 130, 1, 130, 146, 1, 0, 0, 7, 34, 96, 0, 2,
       2, 225, 2, 2, 106, 84, 1, 35, 74, 173, 226, 35, 74, 146, 144, 8,
       146, 8, 16, 9, 87, 38, 20, 186, 66, 96, 67, 68, 80, 64, 24, 10,
       193, 20, 193, 206, 17, 44, 24, 4, 112, 24, 156, 73, 16, 112, 49,
       61, 72, 21, 32, 250, 3, 6, 128, 242, 221, 162, 202, 12, 48, 123,
       128, 97, 160, 75, 0, 17, 66, 21, 129, 18, 198, 45, 202, 107, 70,
       138, 34, 7, 18, 41, 33, 71, 87, 163, 92, 49, 113, 236, 119, 166,
       65, 102, 74, 72, 195, 17, 209, 83, 24, 124, 24, 4, 229, 32, 156,
       171, 147, 50, 182, 151, 128, 119, 177, 117, 78, 65, 10, 187, 65,
       194, 38, 135, 0, 226, 109, 132, 16, 166, 41, 186, 73, 27, 25, 199,
       138, 161, 228, 51, 65, 205, 168, 13, 83, 2, 51, 115, 177, 37, 85,
