%YAML:1.0
descriptors: !!opencv-matrix
   rows: 39
   cols: 64
   dt: u
   data: [ 63, 182, 125, 254, 63, 189, 253, 120, 255, 255, 212, 249, 253,
       123, 188, 85, 251, 246, 227, 123, 245, 118, 211, 255, 253, 255,
       245, 191, 126, 223, 245, 239, 223, 108, 215, 190, 255, 120, 249,
       125, 124, 93, 123, 175, 213, 49, 247, 111, 185, 174, 24, 13, 240,
       29, 156, 89, 52, 242, 55, 189, 250, 215, 40, 254, 63, 246, 125,
       239, 191, 189, 255, 120, 255, 255, 222, 251, 253, 127, 252, 85,
       251, 255, 103, 123, 245, 118, 219, 127, 237, 255, 247, 255, 126,
       95, 245, 239, 223, 236, 223, 190, 255, 121, 249, 125, 124, 93,
       123, 47, 213, 53, 247, 111, 185, 190, 24, 13, 242, 29, 158, 93,
       60, 242, 247, 191, 251, 223, 44, 254, 126, 48, 113, 166, 223, 167,
       27, 125, 198, 100, 211, 52, 253, 10, 176, 84, 242, 215, 67, 112,
       249, 35, 131, 116, 140, 136, 236, 15, 82, 24, 245, 232, 69, 44,
       84, 190, 90, 114, 129, 84, 216, 88, 20, 14, 192, 21, 128, 77, 153,
       172, 24, 5, 112, 29, 156, 73, 16, 242, 51, 188, 88, 22, 34, 249,
       60, 37, 253, 156, 50, 7, 125, 119, 199, 228, 213, 180, 85, 174,
       189, 70, 250, 208, 66, 105, 179, 112, 208, 167, 157, 40, 164, 217,
       96, 156, 125, 233, 201, 20, 37, 190, 130, 122, 129, 92, 56, 203,
       181, 38, 182, 52, 101, 110, 155, 164, 171, 15, 50, 28, 20, 84, 40,
       242, 123, 249, 121, 134, 107, 242, 212, 57, 243, 212, 112, 67,
       120, 230, 66, 166, 211, 22, 87, 192, 147, 250, 250, 197, 50, 103,
       14, 173, 228, 139, 143, 138, 182, 77, 192, 44, 54, 110, 115, 55,
       52, 219, 0, 254, 211, 215, 144, 104, 149, 78, 235, 30, 193, 174,
       217, 164, 114, 215, 96, 30, 21, 75, 193, 122, 49, 251, 92, 36, 35,
       247, 141, 6, 101, 241, 217, 160, 171, 120, 168, 127, 194, 115,
       129, 105, 128, 5, 226, 93, 133, 98, 232, 44, 138, 120, 78, 154,
       34, 35, 216, 0, 33, 95, 83, 34, 92, 186, 81, 240, 33, 150, 213,
       100, 26, 142, 192, 1, 201, 83, 8, 37, 24, 36, 224, 156, 140, 9,
       16, 242, 51, 157, 76, 87, 32, 185, 210, 208, 154, 159, 207, 130,
       222, 132, 6, 103, 53, 218, 182, 74, 54, 92, 118, 215, 52, 99, 202,
       167, 163, 104, 14, 195, 251, 111, 147, 41, 209, 111, 247, 165, 20,
       187, 82, 113, 227, 246, 82, 74, 12, 11, 209, 28, 217, 31, 153,
       172, 24, 5, 112, 24, 156, 75, 16, 242, 51, 189, 88, 87, 34, 249,
       65, 11, 130, 208, 201, 130, 198, 66, 32, 0, 2, 67, 130, 209, 0, 1,
       2, 81, 40, 38, 198, 45, 136, 99, 74, 210, 2, 6, 148, 8, 16, 71,
       87, 39, 80, 25, 80, 108, 127, 0, 193, 112, 8, 78, 201, 12, 209,
       203, 25, 44, 24, 21, 113, 88, 157, 139, 17, 106, 50, 183, 64, 117,
       1, 248, 71, 2, 131, 129, 232, 146, 139, 204, 10, 251, 3, 78, 128,
       97, 139, 0, 66, 213, 24, 34, 204, 37, 206, 104, 77, 194, 58, 47,
       22, 9, 51, 95, 119, 165, 93, 27, 80, 255, 239, 6, 225, 68, 72, 14,
       195, 12, 217, 51, 153, 140, 24, 37, 245, 253, 156, 235, 208, 126,
       50, 189, 76, 87, 48, 246, 62, 253, 255, 254, 62, 253, 253, 123,
       255, 254, 221, 253, 253, 126, 253, 222, 255, 255, 227, 251, 247,
       127, 211, 255, 253, 255, 247, 255, 127, 255, 255, 239, 207, 254,
       199, 190, 255, 248, 251, 127, 120, 253, 255, 111, 245, 181, 247,
       111, 187, 238, 137, 79, 246, 29, 220, 93, 55, 243, 255, 255, 251,
       255, 237, 254, 45, 166, 236, 168, 19, 255, 167, 117, 181, 254,
       194, 180, 89, 63, 187, 199, 137, 124, 227, 105, 241, 83, 94, 241,
       81, 105, 28, 165, 88, 84, 51, 195, 221, 0, 215, 170, 83, 120, 233,
       60, 124, 92, 58, 175, 85, 117, 119, 105, 185, 172, 24, 5, 240, 29,
       220, 88, 16, 226, 51, 189, 74, 211, 104, 250, 50, 209, 221, 158,
       62, 223, 95, 61, 215, 101, 61, 218, 189, 126, 54, 126, 255, 215,
       96, 179, 214, 55, 195, 103, 217, 247, 245, 127, 83, 154, 215, 105,
       215, 44, 85, 190, 90, 120, 235, 124, 112, 221, 57, 47, 213, 20,
       245, 111, 153, 172, 24, 5, 240, 29, 156, 73, 16, 242, 51, 189, 88,
       87, 32, 250, 67, 135, 128, 82, 205, 130, 70, 2, 34, 0, 0, 67, 170,
       203, 4, 25, 102, 51, 37, 150, 198, 47, 137, 99, 66, 218, 34, 14,
       18, 8, 128, 69, 151, 39, 16, 177, 67, 72, 119, 228, 65, 98, 24,
       75, 201, 24, 213, 207, 80, 36, 24, 4, 97, 8, 156, 203, 17, 50, 50,
       151, 16, 117, 145, 105, 64, 0, 129, 145, 200, 128, 10, 68, 2, 34,
       1, 4, 128, 128, 19, 2, 72, 65, 0, 96, 200, 161, 202, 9, 12, 128,
       168, 14, 0, 8, 49, 79, 87, 36, 21, 42, 16, 104, 1, 66, 0, 64, 0,
       10, 65, 20, 193, 11, 25, 44, 24, 5, 48, 24, 156, 73, 16, 98, 51,
       153, 72, 22, 32, 242, 60, 252, 255, 253, 62, 253, 253, 115, 253,
       252, 214, 253, 221, 126, 253, 206, 251, 253, 227, 235, 245, 127,
       219, 255, 253, 127, 183, 247, 125, 223, 255, 239, 223, 250, 215,
       190, 255, 248, 249, 127, 120, 125, 255, 47, 245, 181, 247, 107,
       187, 236, 153, 79, 246, 29, 156, 93, 54, 243, 255, 255, 251, 255,
       45, 254, 28, 49, 243, 212, 48, 71, 121, 103, 194, 196, 211, 181,
       87, 198, 146, 82, 250, 212, 2, 103, 7, 172, 228, 147, 141, 138,
       166, 137, 66, 12, 52, 105, 86, 36, 116, 186, 66, 120, 193, 84, 80,
       72, 185, 46, 234, 20, 225, 110, 153, 164, 88, 7, 112, 28, 148, 73,
       0, 242, 51, 249, 88, 6, 32, 250, 196, 34, 211, 147, 88, 66, 4,
       198, 34, 227, 1, 22, 130, 231, 147, 83, 107, 213, 33, 99, 139,
       133, 206, 43, 78, 195, 176, 43, 146, 8, 19, 127, 115, 38, 85, 186,
       80, 124, 103, 86, 32, 64, 40, 46, 141, 28, 65, 175, 153, 172, 24,
       5, 240, 24, 148, 75, 16, 112, 49, 29, 88, 84, 32, 250, 13, 182,
       97, 33, 157, 176, 163, 88, 56, 127, 194, 117, 192, 27, 129, 69,
       194, 252, 133, 96, 225, 32, 138, 120, 100, 152, 32, 163, 94, 13,
       33, 95, 85, 224, 220, 186, 117, 248, 41, 54, 197, 68, 26, 14, 64,
       1, 210, 83, 24, 60, 24, 4, 240, 149, 140, 73, 16, 178, 183, 140,
       200, 87, 36, 252, 71, 7, 192, 48, 221, 162, 39, 90, 164, 38, 192,
       114, 130, 203, 132, 5, 194, 125, 1, 100, 226, 39, 128, 115, 70,
       138, 168, 15, 82, 8, 32, 73, 87, 39, 20, 187, 0, 56, 5, 84, 64,
       66, 24, 11, 209, 25, 193, 207, 24, 36, 24, 4, 97, 28, 156, 9, 16,
       178, 51, 157, 72, 87, 32, 249, 243, 213, 147, 159, 216, 198, 223,
       129, 74, 231, 41, 218, 135, 194, 150, 56, 111, 215, 52, 103, 14,
       173, 166, 106, 206, 215, 183, 47, 147, 10, 51, 59, 243, 39, 84,
       155, 66, 124, 235, 246, 82, 74, 40, 43, 209, 28, 217, 63, 153,
       172, 16, 5, 112, 25, 148, 75, 16, 242, 49, 61, 92, 85, 34, 251,
       61, 253, 253, 222, 55, 125, 245, 123, 247, 212, 223, 241, 127,
       127, 252, 79, 251, 244, 99, 107, 245, 118, 209, 247, 125, 255,
       245, 57, 126, 222, 118, 233, 206, 108, 215, 190, 210, 120, 249,
       125, 120, 93, 58, 175, 213, 113, 245, 111, 185, 172, 152, 13, 240,
       29, 156, 93, 48, 242, 115, 189, 123, 215, 44, 250, 45, 230, 111,
       169, 154, 245, 163, 241, 189, 255, 202, 255, 221, 63, 249, 229,
       203, 252, 195, 96, 241, 82, 30, 248, 117, 125, 29, 179, 252, 87,
       59, 215, 221, 192, 223, 42, 83, 251, 233, 62, 124, 92, 122, 174,
       85, 241, 246, 113, 185, 253, 24, 45, 246, 157, 140, 93, 30, 226,
       183, 172, 218, 223, 40, 246, 122, 49, 219, 214, 54, 7, 93, 43,
       198, 230, 117, 146, 63, 194, 180, 90, 254, 215, 36, 103, 134, 189,
       193, 103, 141, 215, 247, 95, 82, 184, 244, 105, 211, 44, 20, 190,
       202, 120, 243, 87, 48, 75, 181, 111, 183, 28, 213, 111, 155, 172,
       17, 7, 112, 29, 156, 73, 16, 242, 51, 251, 121, 87, 32, 250, 127,
       57, 211, 247, 255, 162, 91, 74, 198, 97, 209, 123, 175, 203, 128,
       89, 242, 215, 57, 102, 207, 45, 131, 127, 142, 218, 234, 47, 210,
       40, 112, 47, 87, 39, 20, 187, 66, 116, 197, 86, 209, 74, 24, 74,
       201, 28, 201, 31, 217, 164, 24, 5, 112, 28, 156, 73, 16, 242, 51,
       189, 88, 87, 50, 249, 13, 6, 100, 168, 9, 253, 35, 116, 52, 126,
       74, 5, 24, 61, 187, 229, 201, 120, 195, 96, 240, 98, 222, 58, 76,
