%YAML:1.0
descriptors: !!opencv-matrix
   rows: 58
   cols: 64
   dt: u
   data: [ 47, 148, 236, 190, 63, 253, 213, 30, 183, 252, 140, 237, 189,
       127, 62, 125, 253, 255, 99, 243, 245, 119, 83, 119, 85, 255, 245,
       127, 123, 223, 247, 227, 223, 44, 87, 190, 91, 120, 233, 124, 120,
       93, 58, 47, 213, 117, 247, 111, 185, 172, 24, 5, 240, 29, 156, 73,
       48, 242, 55, 189, 90, 87, 32, 250, 63, 255, 255, 222, 63, 189,
       221, 123, 255, 255, 255, 251, 255, 123, 252, 126, 246, 215, 102,
       123, 245, 126, 195, 247, 221, 255, 247, 123, 126, 95, 247, 235,
       223, 44, 85, 190, 218, 120, 249, 125, 250, 94, 57, 47, 212, 54,
       245, 111, 153, 174, 24, 5, 240, 29, 157, 77, 16, 242, 51, 189,
       120, 87, 32, 250, 51, 150, 84, 230, 255, 176, 159, 24, 118, 121,
       22, 119, 173, 95, 160, 85, 118, 246, 5, 50, 196, 42, 139, 126,
       228, 158, 241, 123, 254, 59, 225, 111, 215, 228, 93, 182, 115,
       112, 233, 117, 85, 92, 26, 15, 196, 0, 245, 79, 152, 188, 24, 5,
       244, 29, 158, 73, 16, 242, 55, 159, 88, 87, 36, 248, 62, 189, 255,
       238, 55, 255, 253, 127, 125, 222, 215, 253, 127, 62, 253, 222,
       255, 255, 97, 251, 245, 117, 211, 243, 253, 255, 241, 253, 127,
       247, 254, 233, 207, 116, 215, 186, 223, 120, 249, 125, 120, 221,
       119, 47, 245, 149, 247, 111, 159, 174, 153, 15, 242, 29, 220, 93,
       48, 243, 127, 253, 91, 223, 44, 250, 61, 54, 116, 162, 63, 255,
       171, 125, 244, 254, 218, 53, 125, 63, 185, 245, 251, 212, 67, 96,
       241, 34, 193, 118, 77, 236, 172, 13, 82, 14, 115, 235, 213, 36,
       85, 186, 82, 122, 233, 116, 120, 92, 56, 46, 212, 23, 246, 111,
       153, 172, 24, 5, 240, 29, 156, 73, 16, 242, 51, 188, 88, 87, 32,
       250, 63, 182, 125, 174, 63, 255, 63, 125, 246, 254, 252, 241, 125,
       59, 180, 119, 243, 213, 35, 97, 225, 35, 193, 119, 205, 205, 229,
       47, 82, 30, 241, 235, 215, 36, 85, 190, 82, 120, 233, 116, 120,
       92, 56, 47, 213, 20, 245, 111, 153, 172, 24, 5, 240, 29, 156, 73,
       16, 242, 51, 189, 88, 87, 32, 250, 44, 38, 109, 168, 26, 125, 161,
       125, 244, 124, 206, 53, 89, 62, 249, 228, 195, 92, 195, 96, 241,
       80, 156, 176, 93, 40, 12, 129, 248, 222, 57, 203, 237, 36, 87,
       186, 87, 114, 137, 124, 252, 85, 24, 134, 84, 167, 226, 73, 153,
       44, 152, 12, 242, 29, 157, 73, 16, 226, 43, 188, 74, 70, 40, 248,
       126, 242, 125, 174, 127, 191, 63, 125, 247, 126, 252, 185, 125,
       59, 188, 95, 242, 213, 91, 108, 241, 115, 209, 119, 204, 232, 236,
       159, 123, 221, 125, 235, 245, 36, 22, 190, 82, 122, 161, 245, 250,
       223, 26, 15, 209, 151, 197, 79, 153, 172, 24, 5, 240, 29, 159, 73,
       16, 242, 59, 156, 90, 86, 34, 249, 63, 53, 125, 150, 55, 7, 27,
       126, 246, 70, 149, 112, 61, 106, 176, 85, 246, 247, 64, 100, 81,
       115, 209, 119, 204, 170, 224, 93, 114, 24, 244, 41, 214, 36, 20,
       190, 82, 120, 129, 124, 80, 75, 28, 14, 209, 20, 193, 78, 153,
       172, 24, 5, 240, 28, 156, 73, 24, 242, 51, 189, 88, 23, 32, 251,
       63, 255, 255, 254, 63, 253, 253, 127, 255, 254, 221, 249, 253,
       127, 253, 223, 255, 254, 227, 251, 247, 127, 211, 255, 253, 255,
       247, 255, 127, 255, 245, 235, 223, 126, 215, 190, 255, 120, 251,
       125, 124, 95, 251, 111, 245, 181, 247, 111, 187, 174, 152, 79,
       240, 29, 156, 93, 55, 243, 119, 191, 251, 255, 173, 254, 243, 213,
       253, 190, 55, 182, 29, 11, 167, 71, 57, 218, 175, 235, 52, 95,
       245, 247, 37, 245, 42, 102, 208, 119, 220, 223, 247, 125, 82, 56,
       240, 169, 210, 44, 150, 190, 202, 124, 225, 125, 102, 202, 56,
       169, 215, 16, 245, 111, 153, 172, 24, 1, 224, 29, 156, 73, 24,
       242, 51, 157, 88, 215, 40, 250, 114, 16, 24, 150, 207, 130, 95, 8,
       198, 37, 21, 64, 173, 74, 52, 23, 116, 183, 16, 149, 202, 39, 211,
       111, 128, 194, 236, 127, 18, 185, 197, 111, 135, 173, 130, 55,
       234, 8, 34, 75, 64, 203, 69, 201, 145, 88, 165, 79, 149, 166, 153,
       9, 52, 56, 220, 211, 121, 55, 178, 185, 184, 215, 52, 206, 184,
       251, 255, 223, 190, 253, 245, 255, 220, 221, 222, 255, 255, 246,
       223, 232, 251, 212, 123, 107, 245, 61, 231, 247, 47, 255, 181,
       187, 127, 75, 54, 235, 223, 38, 85, 250, 86, 123, 249, 116, 249,
       221, 187, 63, 221, 167, 245, 111, 155, 173, 31, 133, 248, 29, 159,
       73, 16, 242, 59, 253, 88, 95, 32, 254, 77, 142, 199, 233, 216,
       252, 163, 212, 56, 255, 74, 79, 128, 61, 235, 161, 203, 109, 153,
       106, 236, 65, 78, 120, 79, 221, 24, 166, 220, 67, 51, 87, 117,
       195, 93, 33, 117, 243, 237, 38, 229, 116, 74, 54, 69, 131, 122,
       241, 152, 93, 28, 37, 213, 245, 140, 232, 150, 204, 167, 173, 198,
       71, 48, 246, 60, 47, 247, 148, 26, 77, 161, 255, 221, 252, 94, 53,
       93, 126, 219, 230, 251, 220, 195, 98, 245, 41, 254, 179, 93, 168,
       4, 129, 104, 216, 59, 239, 229, 34, 117, 186, 20, 114, 201, 124,
       213, 85, 156, 166, 76, 38, 101, 238, 153, 44, 221, 13, 242, 31,
       157, 73, 44, 240, 99, 248, 90, 6, 32, 252, 133, 186, 6, 33, 156,
       248, 160, 240, 88, 187, 202, 87, 192, 21, 201, 161, 75, 201, 173,
       232, 225, 4, 13, 216, 239, 125, 25, 162, 220, 7, 163, 215, 93,
       192, 221, 96, 125, 187, 173, 38, 253, 84, 106, 182, 69, 131, 126,
       241, 168, 93, 12, 32, 220, 159, 137, 73, 6, 208, 135, 164, 196,
       19, 100, 190, 254, 249, 90, 223, 55, 91, 222, 171, 95, 131, 125,
       250, 191, 242, 126, 250, 253, 147, 60, 223, 15, 191, 229, 118,
       173, 215, 243, 123, 199, 251, 214, 58, 178, 60, 37, 223, 218, 125,
       250, 245, 114, 223, 245, 125, 183, 30, 245, 46, 223, 175, 23, 199,
       248, 23, 245, 251, 80, 243, 120, 123, 125, 121, 178, 187, 29, 241,
       89, 125, 49, 96, 248, 252, 208, 154, 225, 245, 96, 66, 129, 113,
       34, 140, 135, 67, 227, 40, 228, 154, 164, 139, 226, 137, 83, 46,
       33, 122, 126, 4, 188, 186, 21, 48, 201, 245, 219, 74, 155, 14,
       242, 21, 131, 110, 153, 190, 126, 71, 248, 28, 84, 65, 148, 178,
       63, 138, 24, 86, 163, 177, 243, 85, 220, 222, 35, 7, 92, 39, 7,
       68, 61, 144, 30, 234, 180, 94, 255, 146, 52, 165, 19, 170, 241,
       35, 216, 7, 231, 89, 19, 184, 220, 33, 194, 36, 36, 254, 194, 80,
       19, 220, 18, 203, 189, 235, 186, 28, 197, 78, 145, 164, 83, 13,
       40, 24, 178, 207, 152, 115, 112, 89, 89, 116, 34, 233, 15, 18, 64,
       160, 221, 160, 35, 88, 32, 122, 192, 115, 160, 75, 128, 1, 98, 93,
       133, 96, 224, 36, 136, 120, 6, 152, 40, 135, 218, 0, 33, 207, 83,
       162, 92, 186, 49, 240, 37, 246, 68, 66, 26, 10, 64, 1, 194, 81, 8,
       36, 24, 4, 224, 28, 140, 9, 16, 176, 183, 156, 72, 86, 32, 49,
       140, 170, 117, 161, 216, 125, 162, 209, 60, 124, 202, 71, 93, 53,
       251, 229, 235, 252, 201, 96, 241, 64, 28, 248, 111, 29, 57, 131,
       252, 71, 59, 215, 117, 192, 95, 48, 117, 242, 45, 38, 237, 85, 90,
       22, 68, 135, 126, 193, 168, 125, 92, 36, 214, 23, 143, 73, 150,
       192, 135, 164, 198, 79, 32, 180, 45, 238, 239, 233, 0, 253, 165,
       241, 189, 254, 110, 143, 209, 61, 251, 239, 139, 125, 227, 107,
       244, 117, 94, 241, 89, 125, 21, 162, 109, 198, 59, 211, 223, 66,
       83, 160, 85, 250, 237, 56, 124, 53, 58, 183, 85, 247, 119, 227,
       185, 172, 168, 13, 211, 29, 141, 28, 54, 224, 39, 173, 74, 215,
       104, 250, 129, 254, 85, 101, 253, 248, 163, 216, 120, 57, 234,
       107, 238, 49, 76, 161, 111, 173, 175, 25, 228, 13, 42, 248, 227,
       127, 89, 182, 252, 71, 35, 215, 221, 225, 121, 49, 125, 155, 237,
       167, 237, 20, 106, 183, 201, 227, 254, 113, 168, 215, 76, 32, 213,
       231, 203, 237, 38, 220, 150, 165, 210, 95, 180, 30, 157, 190, 159,
       105, 188, 248, 178, 244, 88, 187, 222, 255, 224, 21, 203, 169,
       203, 205, 185, 219, 237, 65, 111, 216, 233, 93, 121, 230, 93, 71,
       163, 246, 221, 144, 221, 96, 127, 187, 233, 113, 120, 28, 59, 54,
       245, 129, 247, 113, 187, 254, 15, 39, 244, 189, 216, 73, 22, 211,
       191, 173, 216, 83, 100, 222, 62, 33, 121, 248, 50, 29, 120, 99,
