%YAML:1.0
descriptors: !!opencv-matrix
   rows: 21
   cols: 64
   dt: u
   data: [ 63, 183, 109, 174, 55, 125, 29, 91, 247, 86, 255, 176, 125,
       62, 252, 119, 251, 244, 67, 249, 113, 114, 209, 118, 85, 189, 229,
       25, 122, 254, 125, 233, 204, 108, 215, 190, 202, 120, 201, 125,
       124, 221, 61, 45, 212, 245, 244, 110, 155, 174, 152, 13, 242, 29,
       222, 93, 56, 242, 59, 189, 123, 223, 44, 250, 45, 46, 101, 226,
       221, 172, 167, 89, 236, 125, 202, 119, 173, 127, 232, 69, 226,
       245, 135, 98, 245, 46, 153, 127, 86, 254, 3, 7, 254, 26, 41, 223,
       87, 230, 95, 154, 80, 242, 253, 22, 205, 116, 26, 143, 69, 3, 253,
       195, 136, 53, 24, 4, 240, 21, 143, 73, 16, 242, 115, 175, 202, 71,
       33, 120, 124, 49, 187, 149, 234, 135, 90, 101, 66, 163, 81, 52,
       213, 198, 147, 82, 126, 131, 114, 199, 155, 181, 195, 143, 152,
       74, 254, 239, 64, 188, 245, 234, 79, 61, 5, 191, 154, 120, 224,
       95, 56, 72, 181, 46, 247, 60, 131, 63, 159, 174, 24, 7, 240, 28,
       28, 83, 80, 251, 51, 185, 120, 22, 96, 234, 60, 253, 255, 254, 62,
       253, 249, 127, 255, 252, 215, 253, 255, 126, 253, 222, 255, 222,
       227, 107, 245, 125, 211, 255, 253, 255, 247, 255, 111, 223, 255,
       239, 223, 100, 87, 190, 223, 120, 249, 125, 124, 93, 255, 47, 245,
       53, 247, 111, 155, 172, 153, 79, 242, 29, 156, 93, 60, 242, 115,
       255, 219, 223, 40, 254, 66, 0, 130, 147, 201, 130, 138, 5, 10,
       235, 3, 12, 144, 192, 3, 2, 12, 17, 24, 3, 138, 41, 206, 9, 8,
       194, 170, 38, 16, 1, 49, 71, 119, 183, 49, 41, 18, 235, 102, 66,
       144, 96, 64, 10, 131, 28, 73, 51, 25, 72, 24, 5, 181, 88, 156,
       234, 145, 106, 51, 189, 72, 22, 18, 247, 64, 3, 146, 212, 200,
       130, 8, 67, 2, 0, 3, 4, 130, 197, 128, 48, 102, 65, 4, 102, 14,
       44, 0, 67, 78, 138, 162, 76, 130, 40, 0, 20, 114, 39, 84, 155, 0,
       102, 70, 198, 1, 96, 136, 66, 232, 12, 201, 158, 64, 36, 80, 116,
       33, 90, 4, 11, 1, 122, 16, 33, 72, 100, 17, 160, 67, 6, 0, 3, 201,
       130, 6, 8, 32, 33, 0, 75, 128, 75, 0, 1, 96, 69, 25, 68, 200, 5,
       138, 105, 66, 216, 152, 46, 146, 8, 33, 71, 215, 37, 20, 59, 1,
       96, 37, 70, 96, 64, 8, 11, 193, 24, 252, 17, 24, 132, 24, 4, 117,
       120, 156, 139, 16, 250, 51, 157, 72, 87, 48, 248, 62, 189, 255,
       222, 63, 255, 221, 127, 255, 252, 223, 245, 255, 254, 189, 222,
       255, 247, 226, 187, 247, 127, 211, 247, 253, 255, 247, 255, 126,
       255, 223, 235, 207, 124, 199, 190, 254, 120, 251, 125, 120, 221,
       255, 111, 245, 53, 245, 111, 191, 174, 137, 79, 242, 29, 220, 93,
       62, 243, 127, 255, 251, 255, 237, 222, 255, 190, 255, 171, 255,
       247, 191, 248, 254, 255, 210, 127, 255, 126, 251, 93, 251, 245,
       123, 118, 253, 87, 219, 124, 207, 254, 253, 175, 222, 95, 115,
       255, 215, 45, 87, 191, 90, 121, 237, 126, 120, 92, 120, 47, 213,
       29, 245, 117, 157, 172, 24, 5, 240, 29, 156, 73, 16, 246, 51, 189,
       216, 87, 32, 250, 118, 48, 211, 183, 221, 130, 27, 77, 198, 235,
       1, 60, 167, 202, 179, 87, 122, 215, 16, 99, 201, 37, 206, 45, 14,
       202, 234, 47, 82, 41, 113, 111, 119, 165, 20, 187, 82, 253, 37,
       86, 192, 72, 72, 10, 211, 28, 201, 31, 153, 172, 24, 5, 240, 24,
       156, 107, 144, 242, 51, 189, 88, 86, 48, 247, 127, 188, 237, 159,
       255, 159, 31, 125, 255, 231, 157, 190, 253, 190, 191, 94, 251,
       245, 123, 103, 253, 247, 211, 117, 93, 254, 188, 63, 82, 157, 119,
       235, 215, 36, 87, 187, 82, 121, 233, 126, 112, 93, 124, 47, 213,
       28, 245, 111, 157, 172, 24, 5, 240, 29, 156, 73, 16, 242, 51, 189,
       88, 87, 32, 250, 206, 9, 131, 177, 85, 98, 170, 207, 16, 235, 194,
       55, 67, 192, 131, 75, 234, 93, 49, 71, 76, 141, 230, 27, 79, 203,
       186, 7, 82, 8, 50, 75, 119, 39, 125, 187, 82, 124, 101, 116, 208,
       100, 48, 10, 203, 29, 65, 254, 217, 172, 24, 5, 241, 29, 156, 73,
       144, 240, 51, 189, 76, 86, 48, 243, 58, 49, 243, 215, 58, 133,
       219, 109, 198, 236, 83, 21, 245, 70, 147, 82, 246, 214, 66, 99,
       198, 41, 198, 79, 156, 138, 230, 95, 66, 168, 117, 238, 103, 36,
       117, 190, 214, 122, 195, 85, 209, 76, 149, 74, 226, 20, 137, 111,
       153, 172, 25, 71, 240, 28, 156, 73, 0, 242, 115, 251, 120, 7, 33,
       246, 125, 50, 247, 167, 255, 167, 167, 122, 244, 188, 202, 117,
       125, 127, 177, 69, 235, 221, 3, 102, 225, 39, 133, 119, 78, 252,
       172, 143, 82, 12, 49, 251, 247, 36, 85, 186, 83, 112, 233, 116,
       120, 84, 24, 14, 197, 5, 211, 79, 153, 172, 24, 5, 240, 29, 156,
       73, 16, 242, 51, 189, 88, 87, 32, 248, 77, 2, 131, 176, 88, 162,
       41, 94, 48, 250, 194, 5, 65, 197, 131, 3, 202, 77, 129, 98, 224,
       45, 206, 59, 78, 138, 162, 134, 80, 0, 33, 79, 87, 34, 85, 187,
       81, 252, 101, 116, 80, 100, 26, 14, 71, 5, 193, 235, 24, 44, 24,
       5, 241, 28, 156, 73, 16, 226, 51, 157, 72, 87, 32, 242, 178, 217,
       221, 222, 39, 15, 93, 10, 183, 70, 61, 200, 31, 234, 52, 94, 246,
       214, 36, 99, 134, 126, 224, 99, 221, 151, 231, 127, 115, 184, 212,
       105, 210, 52, 52, 190, 194, 120, 242, 253, 114, 219, 189, 107,
       178, 20, 245, 111, 145, 164, 24, 5, 96, 25, 156, 77, 25, 242, 115,
       191, 121, 85, 34, 251, 63, 54, 117, 161, 255, 181, 171, 120, 252,
       127, 210, 117, 237, 75, 177, 85, 226, 221, 7, 96, 225, 32, 138,
       120, 76, 152, 169, 175, 94, 79, 49, 255, 119, 36, 92, 186, 82,
       112, 169, 116, 88, 68, 26, 14, 209, 5, 208, 95, 153, 172, 24, 5,
       240, 29, 156, 73, 16, 242, 51, 188, 88, 87, 32, 248, 54, 253, 125,
       222, 54, 221, 221, 59, 247, 196, 61, 248, 191, 126, 244, 126, 255,
       214, 100, 187, 151, 44, 209, 231, 249, 247, 245, 123, 83, 154,
       214, 121, 206, 44, 85, 190, 218, 120, 235, 117, 112, 93, 57, 47,
       148, 52, 245, 111, 153, 174, 24, 15, 240, 29, 156, 73, 16, 242,
       114, 189, 120, 87, 32, 250, 5, 142, 204, 169, 9, 248, 165, 92, 57,
       254, 194, 5, 200, 61, 11, 129, 137, 44, 129, 98, 228, 97, 90, 249,
       69, 125, 16, 166, 124, 4, 33, 195, 223, 0, 87, 32, 119, 58, 233,
       40, 124, 20, 58, 175, 85, 129, 247, 107, 185, 172, 24, 1, 240, 29,
       220, 72, 22, 226, 55, 189, 74, 215, 32, 250, 55, 247, 125, 158,
       55, 157, 29, 91, 231, 70, 149, 176, 125, 127, 180, 87, 246, 246,
       66, 241, 151, 114, 209, 103, 212, 178, 228, 89, 50, 188, 220, 105,
       198, 60, 214, 158, 202, 120, 211, 125, 54, 219, 57, 175, 244, 84,
       245, 110, 145, 174, 24, 15, 114, 29, 158, 89, 56, 243, 115, 189,
       120, 215, 42, 251, 47, 182, 125, 168, 63, 245, 191, 92, 183, 222,
       163, 240, 237, 59, 187, 85, 251, 244, 99, 113, 241, 114, 210, 116,
       69, 253, 241, 59, 122, 92, 117, 235, 223, 36, 215, 186, 210, 120,
       233, 125, 116, 92, 58, 175, 213, 81, 245, 111, 153, 172, 24, 5,
       240, 29, 220, 89, 16, 242, 51, 189, 90, 215, 40, 250 ]
