%YAML:1.0
descriptors: !!opencv-matrix
   rows: 47
   cols: 64
   dt: u
   data: [ 254, 255, 255, 255, 255, 255, 255, 255, 255, 255, 253, 255,
       255, 255, 255, 254, 255, 255, 255, 255, 255, 255, 255, 255, 255,
       255, 247, 255, 255, 255, 255, 255, 207, 255, 255, 255, 255, 255,
       255, 127, 127, 255, 255, 255, 255, 191, 255, 255, 255, 255, 255,
       255, 255, 255, 255, 255, 255, 255, 255, 255, 255, 255, 255, 254,
       63, 190, 253, 254, 63, 253, 253, 121, 255, 255, 222, 249, 253,
       126, 252, 215, 255, 254, 227, 251, 245, 126, 211, 255, 253, 255,
       231, 255, 126, 255, 245, 239, 223, 108, 87, 190, 255, 120, 249,
       125, 124, 93, 127, 47, 245, 53, 247, 111, 185, 174, 152, 15, 242,
       29, 156, 93, 54, 243, 119, 189, 251, 223, 40, 250, 191, 252, 125,
       175, 63, 253, 223, 220, 255, 255, 253, 250, 253, 59, 254, 223,
       251, 247, 103, 121, 253, 115, 243, 124, 237, 255, 241, 251, 127,
       127, 247, 235, 215, 108, 215, 254, 218, 121, 249, 125, 122, 223,
       127, 63, 215, 21, 245, 109, 153, 174, 24, 7, 240, 29, 159, 93, 24,
       242, 51, 189, 251, 223, 40, 250, 127, 254, 127, 171, 255, 255,
       167, 253, 253, 255, 254, 250, 253, 63, 255, 253, 251, 253, 123,
       120, 241, 83, 223, 124, 125, 253, 125, 191, 255, 95, 115, 251,
       213, 108, 215, 191, 83, 123, 173, 126, 126, 94, 122, 63, 213, 151,
       246, 101, 159, 172, 24, 5, 240, 29, 157, 93, 16, 246, 51, 188,
       218, 215, 42, 250, 214, 113, 155, 215, 254, 130, 94, 129, 206, 35,
       49, 154, 147, 194, 150, 90, 118, 215, 60, 71, 15, 189, 130, 15,
       142, 214, 255, 111, 146, 171, 150, 60, 2, 183, 28, 223, 10, 125,
       103, 215, 32, 232, 229, 105, 187, 28, 173, 183, 199, 132, 16, 247,
       45, 242, 52, 227, 209, 62, 112, 91, 125, 52, 177, 182, 77, 46,
       247, 233, 216, 255, 163, 246, 57, 252, 194, 189, 193, 189, 219,
       235, 139, 109, 251, 106, 253, 205, 78, 185, 79, 120, 30, 167, 124,
       71, 59, 223, 117, 195, 125, 171, 53, 255, 125, 54, 253, 52, 250,
       182, 111, 163, 75, 241, 44, 125, 124, 244, 211, 255, 143, 12, 198,
       204, 139, 207, 207, 7, 33, 182, 30, 185, 222, 252, 34, 151, 220,
       39, 115, 248, 85, 243, 222, 246, 54, 90, 253, 155, 96, 243, 247,
       125, 67, 243, 217, 94, 242, 254, 104, 245, 245, 226, 223, 56, 71,
       182, 223, 120, 250, 125, 120, 93, 189, 111, 245, 53, 247, 111,
       153, 174, 136, 71, 240, 29, 152, 73, 31, 243, 119, 191, 122, 115,
       161, 250, 63, 182, 253, 175, 63, 253, 159, 89, 239, 244, 159, 252,
       253, 63, 189, 87, 255, 247, 98, 243, 245, 119, 211, 119, 221, 255,
       229, 127, 114, 190, 245, 235, 215, 44, 87, 190, 218, 120, 233,
       127, 112, 93, 57, 47, 213, 20, 245, 111, 153, 172, 24, 13, 240,
       29, 156, 73, 48, 242, 51, 189, 88, 87, 32, 250, 62, 49, 243, 182,
       62, 39, 125, 111, 198, 238, 211, 52, 119, 198, 145, 82, 250, 212,
       3, 99, 199, 44, 193, 63, 12, 138, 166, 11, 82, 40, 53, 235, 87,
       36, 85, 186, 82, 120, 225, 84, 80, 72, 57, 46, 214, 20, 193, 111,
       153, 172, 24, 5, 240, 29, 156, 73, 16, 242, 51, 189, 88, 86, 32,
       250, 44, 169, 237, 222, 50, 127, 117, 127, 245, 212, 253, 176,
       125, 254, 188, 78, 251, 244, 99, 107, 183, 62, 209, 183, 93, 255,
       165, 29, 115, 156, 116, 233, 215, 38, 87, 186, 82, 120, 249, 124,
       120, 221, 48, 47, 212, 52, 245, 110, 153, 172, 152, 13, 240, 29,
       156, 73, 16, 242, 115, 189, 89, 87, 32, 250, 68, 34, 193, 144, 88,
       134, 39, 78, 128, 230, 3, 20, 65, 132, 153, 66, 234, 85, 1, 103,
       142, 161, 200, 59, 77, 202, 168, 15, 82, 8, 49, 75, 83, 39, 85,
       187, 64, 120, 229, 86, 48, 80, 56, 46, 199, 28, 65, 111, 153, 172,
       24, 5, 113, 29, 148, 73, 16, 242, 51, 189, 72, 86, 32, 250, 65, 0,
       138, 24, 9, 66, 4, 6, 1, 162, 41, 128, 18, 128, 39, 11, 13, 40,
       32, 209, 138, 148, 77, 11, 66, 1, 128, 74, 1, 5, 137, 66, 105,
       150, 17, 40, 0, 204, 34, 66, 34, 34, 100, 33, 22, 92, 7, 235, 81,
       104, 48, 20, 7, 88, 96, 0, 145, 33, 129, 52, 9, 112, 64, 67, 195,
       4, 130, 5, 201, 130, 138, 196, 0, 41, 33, 75, 130, 73, 2, 1, 100,
       69, 29, 98, 200, 173, 174, 104, 78, 202, 186, 46, 210, 5, 33, 127,
       119, 165, 60, 59, 82, 224, 37, 198, 81, 64, 8, 14, 201, 24, 217,
       17, 137, 228, 88, 5, 117, 30, 156, 75, 16, 242, 51, 188, 92, 71,
       48, 253, 62, 185, 254, 254, 63, 253, 252, 119, 63, 252, 95, 253,
       31, 126, 253, 222, 251, 222, 225, 235, 215, 125, 195, 115, 109,
       223, 179, 127, 127, 127, 183, 239, 215, 54, 213, 186, 247, 120,
       251, 117, 112, 125, 255, 111, 245, 20, 247, 111, 155, 172, 25, 5,
       240, 29, 156, 77, 18, 243, 115, 191, 91, 127, 37, 254, 54, 48,
       193, 135, 223, 128, 159, 12, 198, 107, 19, 117, 169, 70, 145, 80,
       106, 215, 0, 114, 192, 37, 194, 105, 12, 154, 176, 47, 82, 8, 49,
       107, 87, 36, 20, 186, 90, 120, 105, 84, 80, 64, 24, 10, 193, 4,
       209, 79, 153, 172, 24, 5, 240, 24, 156, 73, 16, 114, 51, 189, 88,
       23, 32, 250, 4, 35, 101, 148, 48, 213, 11, 116, 66, 230, 147, 20,
       209, 84, 147, 98, 130, 68, 2, 99, 206, 32, 194, 194, 77, 130, 128,
       9, 0, 12, 17, 9, 119, 36, 85, 186, 82, 120, 201, 84, 80, 84, 56,
       46, 196, 4, 225, 111, 153, 172, 24, 5, 240, 29, 156, 73, 0, 114,
       51, 189, 72, 86, 32, 250, 68, 39, 131, 176, 16, 130, 40, 79, 128,
       226, 1, 20, 67, 197, 131, 2, 74, 69, 1, 70, 138, 173, 194, 3, 78,
       154, 178, 13, 18, 8, 32, 72, 83, 38, 21, 186, 0, 124, 65, 84, 0,
       96, 24, 10, 193, 12, 193, 78, 25, 44, 24, 5, 112, 24, 148, 73, 16,
       114, 51, 157, 72, 86, 32, 250, 69, 7, 129, 176, 0, 34, 40, 94, 0,
       106, 2, 7, 64, 197, 131, 3, 66, 77, 129, 98, 192, 165, 64, 19, 78,
       136, 178, 0, 80, 0, 32, 73, 87, 38, 85, 186, 16, 56, 65, 84, 112,
       100, 24, 142, 68, 0, 193, 79, 25, 44, 24, 1, 240, 28, 156, 73, 16,
       226, 51, 189, 72, 22, 32, 242, 34, 5, 121, 154, 2, 156, 5, 9, 167,
       70, 1, 128, 29, 105, 52, 86, 214, 246, 0, 96, 130, 114, 208, 98,
       92, 148, 165, 9, 18, 152, 81, 105, 146, 4, 199, 170, 2, 104, 3,
       88, 36, 202, 60, 169, 20, 84, 229, 78, 147, 172, 16, 4, 32, 25,
       156, 89, 24, 242, 51, 189, 88, 214, 104, 242, 191, 246, 125, 131,
       255, 189, 159, 121, 255, 223, 189, 250, 255, 58, 244, 85, 243,
       247, 127, 125, 217, 119, 147, 116, 237, 247, 253, 127, 94, 94,
       247, 59, 214, 108, 222, 159, 90, 121, 169, 117, 112, 95, 56, 61,
       213, 20, 244, 61, 159, 173, 24, 5, 242, 157, 158, 89, 16, 246, 51,
       189, 88, 223, 40, 250, 5, 6, 135, 16, 8, 182, 161, 86, 48, 252, 2,
       5, 64, 125, 163, 1, 202, 252, 129, 98, 196, 37, 78, 115, 78, 154,
       148, 6, 88, 0, 49, 75, 215, 32, 85, 184, 80, 120, 233, 100, 116,
       84, 24, 6, 213, 4, 209, 79, 153, 172, 24, 5, 240, 29, 156, 73, 16,
       242, 51, 189, 72, 87, 32, 250, 254, 176, 251, 151, 254, 151, 219,
       233, 222, 239, 21, 254, 255, 74, 178, 84, 246, 215, 122, 99, 207,
       55, 195, 126, 172, 210, 254, 127, 210, 185, 247, 110, 199, 45, 84,
       191, 218, 121, 233, 119, 80, 92, 101, 46, 209, 28, 241, 63, 159,
       172, 24, 5, 240, 29, 156, 75, 80, 242, 51, 189, 88, 87, 32, 255,
       5, 23, 116, 212, 185, 185, 164, 112, 34, 84, 130, 87, 196, 125,
       128, 1, 226, 244, 129, 98, 197, 44, 128, 243, 78, 62, 161, 74,
       176, 14, 33, 97, 223, 38, 85, 186, 80, 120, 233, 116, 116, 84, 24,
       7, 196, 0, 245, 79, 152, 172, 24, 5, 240, 29, 156, 73, 16, 242,
       51, 189, 88, 87, 37, 248, 77, 35, 197, 176, 217, 162, 39, 90, 32,
       126, 194, 51, 195, 203, 162, 67, 226, 125, 1, 100, 233, 165, 194,
       115, 78, 202, 184, 133, 210, 12, 48, 201, 87, 38, 84, 186, 80,
       120, 5, 84, 84, 68, 24, 15, 65, 1, 193, 207, 24, 44, 24, 4, 240,
       28, 156, 73, 16, 242, 51, 157, 72, 87, 32, 250, 61, 254, 119, 171,
       223, 253, 163, 252, 253, 93, 206, 253, 253, 63, 255, 253, 251,
       245, 219, 108, 253, 83, 191, 124, 111, 253, 125, 61, 255, 95, 123,
