%YAML:1.0
descriptors: !!opencv-matrix
   rows: 61
   cols: 64
   dt: u
   data: [ 63, 252, 253, 254, 63, 253, 253, 126, 127, 252, 223, 253, 253,
       126, 252, 221, 255, 254, 97, 251, 245, 124, 211, 123, 253, 255,
       241, 255, 127, 255, 245, 239, 223, 100, 215, 186, 255, 120, 249,
       125, 112, 93, 255, 47, 213, 21, 247, 111, 155, 174, 153, 13, 242,
       29, 156, 93, 48, 242, 119, 191, 219, 223, 44, 254, 252, 185, 255,
       191, 55, 119, 189, 255, 244, 244, 213, 186, 127, 186, 183, 78,
       235, 213, 99, 111, 109, 135, 231, 55, 77, 223, 189, 45, 83, 12,
       50, 171, 215, 36, 85, 186, 82, 120, 233, 116, 120, 92, 56, 47,
       213, 20, 245, 108, 153, 172, 24, 5, 240, 29, 156, 73, 16, 242, 51,
       189, 88, 87, 32, 250, 253, 61, 247, 150, 51, 7, 61, 255, 230, 197,
       213, 243, 255, 234, 178, 94, 250, 213, 35, 103, 77, 135, 195, 119,
       79, 218, 180, 43, 82, 12, 114, 41, 215, 36, 84, 186, 82, 120, 193,
       116, 80, 92, 56, 47, 209, 20, 245, 111, 153, 172, 24, 5, 240, 29,
       156, 73, 16, 242, 51, 189, 88, 87, 32, 250, 255, 53, 255, 190, 55,
       71, 93, 239, 230, 68, 213, 178, 127, 238, 182, 94, 251, 213, 35,
       103, 79, 175, 227, 55, 78, 223, 183, 41, 211, 12, 114, 41, 214,
       36, 21, 186, 82, 120, 225, 116, 112, 88, 56, 47, 221, 20, 245,
       110, 153, 172, 24, 5, 240, 28, 156, 73, 16, 242, 51, 189, 88, 87,
       32, 250, 43, 136, 207, 203, 47, 221, 209, 60, 125, 253, 22, 205,
       189, 124, 63, 237, 207, 244, 97, 179, 212, 117, 203, 123, 105,
       171, 128, 38, 127, 83, 55, 111, 215, 36, 83, 48, 127, 90, 233,
       120, 112, 93, 126, 47, 213, 20, 245, 107, 153, 172, 24, 5, 244,
       29, 156, 73, 16, 242, 51, 189, 91, 95, 32, 250, 13, 138, 239, 105,
       60, 253, 177, 244, 185, 189, 198, 205, 205, 61, 187, 233, 137,
       252, 227, 107, 244, 83, 206, 249, 109, 125, 21, 242, 125, 71, 51,
       207, 221, 80, 241, 32, 119, 249, 249, 57, 125, 61, 122, 55, 213,
       225, 119, 107, 184, 248, 173, 13, 240, 157, 152, 76, 62, 194, 183,
       173, 211, 223, 36, 254, 8, 142, 174, 169, 174, 253, 162, 181, 61,
       255, 82, 205, 152, 61, 123, 173, 141, 249, 201, 250, 244, 81, 94,
       249, 121, 125, 24, 182, 125, 87, 59, 215, 221, 208, 219, 32, 127,
       235, 232, 34, 253, 29, 106, 174, 87, 181, 127, 113, 187, 216, 28,
       45, 247, 141, 216, 92, 22, 194, 191, 165, 211, 219, 74, 246, 58,
       252, 255, 255, 62, 253, 253, 123, 255, 255, 253, 251, 255, 127,
       189, 95, 255, 247, 99, 251, 245, 119, 211, 255, 253, 255, 247,
       191, 123, 255, 247, 235, 223, 108, 87, 190, 223, 120, 249, 125,
       126, 95, 127, 47, 213, 53, 247, 111, 153, 174, 24, 15, 242, 29,
       156, 93, 24, 242, 115, 189, 251, 223, 42, 251, 18, 221, 56, 220,
       39, 221, 220, 1, 63, 199, 61, 200, 159, 124, 116, 94, 189, 211,
       36, 179, 134, 126, 210, 99, 253, 215, 247, 126, 19, 190, 215, 41,
       215, 60, 211, 142, 202, 105, 250, 121, 112, 221, 189, 109, 181,
       20, 245, 111, 147, 170, 24, 71, 240, 29, 156, 89, 17, 243, 114,
       191, 121, 251, 169, 250, 143, 244, 200, 34, 23, 170, 28, 10, 36,
       3, 209, 248, 170, 10, 36, 95, 233, 191, 37, 209, 161, 6, 225, 119,
       68, 223, 241, 47, 83, 62, 160, 96, 151, 44, 148, 154, 75, 120,
       233, 117, 104, 202, 56, 41, 211, 85, 183, 111, 153, 174, 24, 5,
       224, 29, 252, 73, 16, 179, 51, 189, 24, 83, 32, 234, 254, 105,
       219, 191, 211, 78, 95, 207, 207, 195, 61, 190, 51, 142, 246, 254,
       251, 215, 60, 101, 10, 157, 164, 36, 111, 213, 187, 45, 211, 170,
       62, 57, 48, 37, 52, 219, 2, 119, 7, 214, 130, 202, 52, 121, 155,
       30, 108, 180, 197, 36, 82, 148, 40, 18, 165, 235, 208, 120, 41,
       120, 93, 4, 50, 177, 13, 175, 109, 152, 16, 95, 164, 247, 41, 222,
       10, 180, 80, 38, 249, 227, 139, 104, 225, 111, 85, 112, 84, 210,
       89, 117, 149, 129, 0, 206, 58, 17, 222, 18, 215, 170, 16, 122,
       201, 60, 116, 61, 60, 39, 119, 182, 119, 110, 155, 172, 40, 87,
       211, 29, 28, 24, 20, 202, 19, 165, 73, 211, 105, 242, 12, 10, 131,
       168, 0, 206, 161, 79, 137, 196, 78, 21, 17, 54, 155, 226, 203, 92,
       33, 96, 192, 1, 206, 113, 77, 205, 12, 5, 82, 2, 51, 75, 181, 36,
       85, 186, 81, 122, 233, 52, 112, 20, 56, 38, 84, 22, 117, 232, 153,
       44, 24, 5, 240, 29, 156, 72, 16, 226, 35, 188, 72, 71, 32, 250,
       13, 182, 100, 33, 189, 181, 165, 120, 176, 60, 194, 117, 204, 125,
       161, 69, 224, 236, 195, 242, 241, 102, 90, 255, 68, 40, 4, 131,
       124, 84, 97, 199, 223, 104, 215, 186, 127, 56, 233, 124, 124, 92,
       26, 142, 212, 97, 211, 75, 184, 188, 24, 5, 240, 29, 156, 65, 54,
       242, 55, 189, 218, 215, 36, 250, 4, 7, 0, 130, 0, 4, 4, 3, 38, 68,
       43, 0, 16, 106, 177, 68, 11, 80, 0, 96, 67, 32, 128, 98, 88, 149,
       133, 9, 18, 136, 17, 65, 212, 36, 85, 154, 0, 80, 137, 84, 48, 88,
       56, 47, 212, 20, 244, 78, 17, 172, 16, 5, 48, 25, 148, 9, 16, 98,
       50, 189, 72, 87, 32, 250, 142, 139, 2, 245, 43, 113, 232, 134, 48,
       186, 66, 69, 18, 84, 97, 161, 13, 24, 165, 211, 196, 40, 36, 27,
       66, 31, 131, 194, 69, 70, 179, 87, 255, 50, 80, 32, 115, 64, 232,
       160, 80, 60, 24, 78, 208, 5, 211, 107, 153, 233, 28, 69, 244, 29,
       152, 73, 151, 211, 55, 181, 64, 115, 129, 234, 210, 153, 154, 222,
       34, 66, 216, 7, 19, 192, 21, 200, 22, 224, 6, 26, 61, 131, 48,
       159, 134, 61, 231, 3, 185, 83, 243, 126, 3, 225, 214, 96, 135,
       146, 33, 68, 175, 77, 250, 107, 112, 187, 229, 97, 191, 28, 181,
       110, 215, 202, 171, 223, 180, 65, 112, 246, 95, 83, 122, 115, 49,
       121, 209, 207, 191, 250, 127, 239, 247, 125, 209, 248, 255, 85,
       222, 255, 255, 30, 254, 253, 242, 247, 127, 125, 117, 86, 145,
       116, 175, 252, 125, 57, 255, 91, 126, 185, 220, 109, 255, 222,
       214, 123, 221, 117, 223, 221, 127, 63, 221, 175, 252, 164, 142,
       181, 151, 140, 250, 183, 143, 93, 112, 180, 120, 254, 223, 159,
       46, 155, 191, 254, 255, 171, 223, 117, 165, 253, 253, 223, 248,
       123, 255, 63, 251, 221, 251, 245, 127, 110, 113, 87, 191, 124,
       126, 253, 61, 57, 255, 90, 126, 187, 100, 101, 223, 223, 214, 117,
       61, 124, 125, 69, 126, 190, 95, 133, 92, 244, 141, 61, 94, 13,
       250, 191, 140, 93, 184, 244, 107, 156, 223, 207, 40, 178, 191,
       186, 119, 167, 223, 235, 163, 252, 222, 29, 210, 119, 239, 14,
       219, 244, 250, 213, 95, 116, 97, 11, 175, 124, 174, 232, 120, 143,
       222, 91, 115, 191, 117, 239, 124, 223, 118, 119, 13, 212, 217, 84,
       94, 30, 73, 139, 88, 212, 172, 53, 95, 132, 234, 182, 141, 97,
       192, 188, 47, 232, 222, 15, 48, 180, 204, 106, 227, 185, 216, 118,
       43, 239, 216, 255, 234, 191, 67, 132, 219, 234, 203, 77, 187, 110,
       73, 129, 238, 152, 79, 205, 191, 167, 195, 15, 50, 159, 113, 7,
       93, 251, 16, 247, 37, 116, 242, 68, 56, 62, 95, 158, 72, 176, 153,
       44, 126, 53, 193, 127, 133, 72, 208, 232, 41, 188, 76, 70, 48,
       176, 122, 49, 249, 150, 54, 135, 91, 47, 198, 162, 85, 52, 125,
       194, 147, 82, 118, 151, 66, 214, 203, 171, 195, 7, 156, 138, 230,
       13, 66, 184, 244, 232, 99, 44, 4, 190, 218, 120, 193, 92, 144, 72,
       149, 10, 192, 20, 129, 78, 155, 172, 25, 7, 112, 28, 156, 65, 16,
       242, 51, 185, 120, 22, 32, 249, 189, 54, 119, 161, 184, 245, 163,
       253, 252, 253, 194, 119, 237, 59, 147, 196, 251, 236, 195, 105,
       249, 130, 255, 188, 220, 57, 60, 163, 254, 223, 115, 223, 109,
       100, 71, 190, 245, 176, 41, 124, 125, 84, 58, 182, 69, 225, 90,
       97, 184, 45, 205, 9, 240, 31, 156, 65, 38, 240, 7, 156, 202, 151,
       44, 254, 45, 38, 101, 32, 156, 188, 163, 88, 224, 94, 194, 53,
       237, 63, 233, 65, 194, 236, 131, 96, 241, 96, 24, 244, 68, 168, 8,
       129, 254, 12, 57, 217, 116, 68, 222, 186, 80, 114, 1, 148, 205,
       84, 26, 142, 64, 195, 192, 69, 152, 61, 24, 4, 114, 29, 143, 9,
       28, 226, 3, 140, 74, 198, 98, 49, 62, 241, 121, 166, 55, 93, 28,
       15, 214, 144, 255, 241, 125, 22, 244, 246, 255, 150, 6, 217, 1,
