%YAML:1.0
descriptors: !!opencv-matrix
   rows: 115
   cols: 64
   dt: u
   data: [ 63, 188, 253, 254, 63, 253, 253, 123, 253, 254, 215, 253, 253,
       127, 253, 221, 251, 255, 227, 123, 245, 127, 211, 255, 253, 255,
       247, 255, 126, 255, 245, 239, 223, 124, 215, 190, 255, 120, 249,
       125, 124, 93, 251, 47, 245, 53, 247, 111, 187, 174, 153, 15, 240,
       29, 156, 93, 60, 243, 119, 191, 251, 223, 44, 254, 125, 190, 255,
       253, 122, 255, 243, 255, 253, 253, 214, 255, 223, 253, 251, 236,
       251, 253, 251, 107, 245, 127, 222, 255, 127, 127, 150, 183, 124,
       215, 127, 239, 207, 107, 71, 191, 215, 250, 253, 125, 253, 125,
       251, 183, 253, 163, 247, 235, 191, 172, 137, 221, 243, 125, 156,
       93, 118, 254, 119, 191, 251, 223, 45, 254, 127, 253, 253, 247,
       255, 191, 223, 25, 255, 119, 189, 250, 191, 122, 180, 93, 246,
       247, 126, 115, 255, 127, 211, 127, 253, 246, 247, 127, 126, 123,
       245, 235, 215, 236, 214, 191, 218, 121, 251, 127, 112, 223, 109,
       109, 213, 92, 245, 47, 157, 174, 24, 13, 242, 61, 158, 91, 24,
       246, 115, 191, 249, 223, 56, 250, 93, 187, 247, 245, 126, 247,
       251, 118, 189, 189, 214, 253, 207, 125, 187, 73, 188, 253, 251,
       107, 245, 109, 202, 251, 239, 122, 246, 246, 124, 85, 247, 239,
       223, 251, 253, 53, 255, 253, 248, 117, 125, 61, 251, 102, 253,
       165, 251, 107, 188, 254, 137, 223, 244, 253, 156, 77, 119, 223,
       247, 239, 251, 127, 165, 254, 198, 33, 19, 241, 128, 0, 232, 192,
       0, 139, 3, 22, 194, 192, 131, 18, 74, 76, 5, 71, 14, 172, 238, 10,
       12, 154, 51, 41, 130, 46, 34, 24, 114, 135, 124, 155, 0, 124, 71,
       22, 1, 96, 176, 72, 75, 12, 73, 182, 73, 44, 112, 116, 65, 82,
       164, 104, 129, 104, 33, 171, 76, 39, 49, 178, 191, 62, 119, 167,
       255, 229, 175, 249, 222, 125, 218, 55, 253, 30, 219, 244, 243,
       214, 91, 112, 249, 146, 159, 124, 190, 188, 124, 187, 254, 219,
       119, 255, 101, 109, 221, 255, 222, 119, 45, 95, 253, 69, 87, 158,
       76, 163, 200, 213, 174, 53, 223, 136, 234, 190, 143, 81, 232, 180,
       43, 216, 254, 143, 44, 180, 58, 241, 221, 246, 54, 181, 92, 51,
       87, 187, 117, 250, 255, 82, 20, 90, 118, 211, 102, 251, 135, 124,
       195, 223, 169, 18, 231, 255, 74, 253, 245, 234, 215, 60, 164, 190,
       223, 121, 250, 245, 88, 223, 247, 109, 178, 52, 183, 111, 187,
       238, 137, 199, 248, 29, 120, 93, 23, 243, 115, 251, 121, 251, 233,
       239, 187, 245, 125, 255, 255, 189, 223, 25, 255, 127, 253, 250,
       191, 122, 244, 93, 246, 247, 118, 243, 247, 119, 147, 126, 245,
       247, 243, 127, 126, 251, 247, 235, 143, 236, 150, 254, 250, 121,
       249, 253, 122, 223, 119, 237, 213, 117, 245, 111, 191, 190, 152,
       15, 248, 149, 222, 85, 56, 246, 247, 191, 251, 223, 172, 219, 69,
       1, 192, 16, 81, 2, 35, 110, 132, 4, 130, 54, 32, 203, 130, 2, 226,
       85, 3, 102, 65, 167, 193, 55, 78, 138, 164, 13, 82, 12, 32, 8, 86,
       38, 84, 186, 82, 56, 65, 84, 80, 64, 24, 14, 193, 16, 193, 78,
       153, 44, 24, 1, 240, 28, 156, 73, 16, 242, 51, 189, 88, 86, 32,
       250, 71, 50, 209, 177, 220, 130, 7, 76, 98, 37, 131, 52, 204, 79,
       131, 81, 226, 213, 1, 100, 201, 37, 194, 113, 76, 200, 168, 47,
       82, 12, 49, 107, 87, 36, 85, 186, 82, 120, 33, 84, 112, 80, 24,
       15, 197, 20, 229, 79, 153, 172, 24, 5, 240, 28, 156, 73, 16, 242,
       51, 189, 88, 86, 32, 248, 60, 43, 255, 252, 50, 127, 241, 127,
       245, 244, 222, 181, 93, 254, 187, 230, 251, 220, 99, 107, 245,
       117, 196, 183, 93, 171, 164, 157, 120, 220, 62, 235, 215, 36, 85,
       186, 86, 122, 201, 124, 248, 93, 57, 46, 212, 167, 231, 110, 153,
       172, 153, 13, 242, 29, 156, 73, 16, 242, 59, 189, 91, 87, 32, 250,
       63, 244, 125, 174, 191, 189, 159, 121, 246, 127, 245, 251, 189,
       123, 180, 85, 242, 247, 71, 113, 241, 102, 145, 118, 252, 190,
       229, 59, 126, 91, 117, 235, 215, 108, 86, 190, 210, 120, 169, 117,
       114, 222, 56, 143, 208, 20, 244, 79, 153, 172, 24, 5, 240, 29,
       156, 73, 16, 242, 51, 189, 90, 87, 32, 251, 127, 50, 113, 54, 31,
       34, 43, 30, 212, 58, 208, 49, 109, 139, 129, 87, 114, 254, 131,
       80, 225, 131, 201, 63, 132, 136, 232, 135, 90, 113, 225, 239, 113,
       172, 148, 183, 127, 180, 33, 247, 72, 70, 90, 8, 194, 81, 130, 75,
       184, 108, 24, 5, 228, 28, 156, 65, 150, 178, 183, 156, 154, 86,
       32, 53, 191, 246, 125, 175, 255, 189, 159, 24, 255, 127, 189, 250,
       173, 123, 244, 85, 246, 247, 6, 113, 241, 118, 147, 124, 236, 254,
       249, 127, 254, 59, 247, 107, 215, 108, 222, 190, 210, 121, 169,
       245, 118, 222, 58, 47, 209, 20, 244, 77, 153, 189, 24, 5, 248,
       157, 158, 73, 24, 246, 51, 189, 88, 215, 38, 249, 124, 43, 255,
       252, 50, 127, 241, 255, 213, 252, 222, 181, 93, 190, 187, 238,
       251, 220, 227, 107, 245, 253, 196, 183, 93, 171, 164, 145, 105,
       220, 126, 235, 247, 36, 119, 186, 214, 122, 249, 124, 248, 93,
       241, 46, 212, 167, 227, 111, 155, 172, 157, 13, 242, 29, 157, 93,
       16, 242, 123, 253, 91, 86, 40, 250, 191, 244, 125, 175, 191, 189,
       159, 24, 254, 127, 189, 250, 173, 123, 244, 85, 242, 247, 6, 113,
       241, 114, 147, 124, 236, 191, 245, 59, 254, 59, 245, 123, 215,
       108, 158, 190, 218, 121, 169, 247, 114, 222, 58, 143, 208, 16,
       244, 79, 153, 189, 24, 5, 248, 29, 158, 73, 24, 242, 51, 189, 88,
       215, 40, 249, 84, 49, 241, 244, 248, 134, 127, 104, 194, 100, 195,
       51, 197, 227, 144, 80, 246, 215, 18, 102, 207, 45, 130, 115, 206,
       202, 226, 95, 210, 44, 245, 111, 87, 39, 84, 191, 82, 120, 243,
       87, 80, 72, 153, 78, 225, 28, 193, 79, 153, 164, 24, 71, 112, 28,
       156, 73, 16, 242, 51, 191, 88, 86, 33, 248, 255, 254, 255, 175,
       255, 117, 185, 255, 253, 255, 212, 255, 255, 191, 247, 252, 251,
       213, 127, 107, 253, 199, 231, 117, 127, 255, 189, 59, 223, 95,
       127, 251, 245, 36, 85, 254, 86, 123, 233, 252, 218, 94, 56, 62,
       209, 23, 240, 109, 153, 173, 30, 5, 248, 29, 156, 73, 16, 242, 51,
       188, 88, 87, 34, 251, 13, 38, 97, 176, 25, 34, 35, 75, 160, 106,
       192, 49, 65, 3, 128, 67, 226, 84, 1, 96, 193, 160, 136, 58, 76,
       136, 160, 9, 82, 8, 49, 73, 81, 36, 84, 186, 16, 112, 1, 212, 64,
       64, 24, 10, 64, 20, 192, 79, 25, 36, 24, 4, 96, 28, 140, 73, 16,
       242, 35, 188, 72, 86, 32, 240, 191, 254, 125, 190, 63, 125, 189,
       123, 252, 125, 252, 251, 255, 127, 254, 253, 251, 253, 103, 99,
       245, 38, 209, 118, 93, 255, 245, 187, 91, 30, 115, 235, 215, 36,
       85, 190, 83, 122, 233, 124, 122, 94, 56, 175, 213, 23, 247, 111,
       153, 172, 24, 5, 240, 29, 157, 73, 16, 242, 51, 189, 90, 87, 34,
       250, 61, 55, 245, 116, 52, 55, 185, 126, 244, 254, 210, 53, 77,
       57, 145, 71, 242, 236, 195, 107, 245, 102, 80, 247, 221, 42, 164,
       147, 120, 84, 113, 235, 95, 40, 215, 190, 221, 56, 241, 125, 124,
       92, 59, 174, 244, 225, 195, 111, 184, 172, 24, 11, 240, 29, 156,
       85, 36, 242, 83, 159, 250, 215, 108, 250, 12, 52, 236, 184, 55,
       121, 60, 127, 53, 250, 208, 181, 120, 12, 173, 71, 201, 156, 195,
       211, 245, 114, 208, 251, 69, 59, 240, 195, 88, 84, 53, 227, 223,
       40, 213, 170, 127, 120, 233, 117, 120, 92, 62, 47, 214, 53, 247,
       111, 187, 174, 24, 5, 240, 29, 220, 73, 22, 242, 55, 189, 90, 83,
       40, 250, 123, 54, 236, 190, 127, 255, 63, 15, 244, 126, 94, 181,
       61, 62, 61, 87, 255, 255, 35, 240, 245, 119, 219, 127, 213, 253,
       252, 151, 90, 241, 245, 239, 215, 172, 87, 52, 255, 248, 233, 126,
       120, 93, 122, 47, 213, 85, 247, 107, 185, 236, 24, 5, 246, 29,
       156, 73, 22, 242, 183, 189, 218, 87, 40, 254, 13, 54, 108, 56, 63,
       249, 40, 118, 48, 122, 210, 53, 108, 47, 169, 71, 201, 184, 131,
       240, 245, 98, 217, 251, 69, 57, 224, 195, 88, 87, 161, 231, 223,
       32, 213, 170, 119, 120, 233, 116, 124, 92, 58, 47, 212, 49, 247,
       107, 185, 236, 24, 5, 240, 29, 220, 73, 22, 242, 183, 189, 218,
