%YAML:1.0
descriptors: !!opencv-matrix
   rows: 59
   cols: 64
   dt: u
   data: [ 60, 173, 253, 190, 34, 157, 253, 111, 247, 252, 215, 245, 253,
       126, 188, 86, 254, 154, 99, 99, 245, 55, 211, 247, 221, 170, 228,
       223, 66, 220, 245, 235, 207, 44, 71, 190, 219, 120, 233, 124, 120,
       93, 49, 47, 212, 53, 247, 111, 153, 172, 24, 5, 240, 29, 156, 73,
       16, 242, 51, 189, 90, 87, 32, 250, 28, 177, 153, 254, 51, 251,
       124, 126, 87, 154, 245, 241, 115, 82, 180, 90, 255, 222, 97, 67,
       199, 61, 195, 211, 205, 219, 227, 239, 82, 204, 181, 232, 207, 36,
       85, 186, 83, 120, 233, 116, 112, 92, 49, 47, 245, 21, 183, 111,
       153, 172, 24, 5, 240, 29, 156, 65, 16, 242, 51, 189, 88, 87, 32,
       250, 62, 176, 253, 182, 63, 181, 189, 121, 246, 254, 212, 241,
       253, 127, 177, 84, 254, 222, 67, 115, 245, 118, 195, 247, 220,
       190, 244, 223, 122, 221, 245, 235, 223, 44, 87, 190, 95, 120, 233,
       124, 120, 93, 56, 47, 213, 53, 247, 111, 153, 172, 24, 5, 240, 29,
       156, 73, 24, 242, 51, 189, 88, 87, 32, 250, 62, 186, 253, 254, 63,
       253, 251, 125, 255, 252, 214, 253, 253, 126, 189, 244, 255, 254,
       195, 251, 245, 115, 211, 247, 253, 235, 228, 255, 126, 223, 253,
       239, 223, 108, 71, 190, 255, 122, 249, 124, 120, 93, 123, 47, 213,
       53, 247, 111, 185, 172, 153, 13, 240, 29, 156, 89, 54, 242, 55,
       189, 251, 95, 40, 254, 78, 155, 206, 255, 127, 251, 220, 23, 63,
       185, 30, 207, 158, 246, 127, 251, 237, 223, 33, 243, 197, 45, 195,
       115, 79, 223, 179, 111, 91, 79, 183, 98, 215, 38, 87, 186, 91,
       120, 249, 116, 112, 93, 58, 47, 213, 20, 247, 111, 153, 172, 24,
       5, 240, 29, 156, 73, 16, 242, 51, 189, 88, 87, 32, 250, 35, 22,
       84, 34, 29, 160, 5, 26, 230, 64, 128, 97, 44, 31, 0, 21, 102, 230,
       1, 240, 224, 34, 145, 119, 64, 168, 224, 9, 114, 16, 225, 97, 223,
       44, 86, 190, 83, 56, 9, 116, 108, 84, 24, 143, 196, 81, 244, 79,
       152, 172, 24, 1, 240, 28, 156, 73, 56, 178, 51, 188, 88, 87, 36,
       88, 221, 159, 215, 117, 253, 186, 251, 88, 184, 249, 198, 251,
       175, 123, 192, 89, 166, 223, 188, 43, 238, 109, 202, 123, 237,
       218, 243, 247, 126, 99, 101, 127, 215, 243, 124, 49, 247, 249,
       250, 247, 213, 124, 235, 111, 251, 1, 249, 123, 184, 255, 56, 103,
       244, 181, 158, 109, 85, 254, 247, 175, 250, 119, 181, 255, 214,
       251, 219, 247, 254, 254, 222, 193, 254, 187, 57, 219, 143, 71,
       246, 121, 247, 215, 60, 103, 199, 45, 131, 127, 239, 223, 183,
       111, 214, 43, 179, 126, 215, 165, 93, 191, 114, 125, 235, 247,
       113, 92, 56, 111, 213, 28, 253, 127, 153, 172, 24, 5, 240, 61,
       156, 75, 16, 242, 51, 191, 88, 87, 48, 250, 5, 150, 117, 33, 221,
       160, 175, 88, 56, 127, 128, 75, 204, 9, 129, 1, 226, 229, 131, 96,
       232, 33, 138, 120, 76, 136, 40, 39, 90, 13, 33, 111, 85, 164, 93,
       186, 82, 184, 41, 118, 116, 68, 26, 142, 213, 16, 216, 81, 152,
       172, 24, 5, 240, 29, 156, 73, 16, 242, 51, 188, 88, 87, 32, 248,
       1, 6, 101, 129, 200, 157, 163, 85, 172, 125, 2, 69, 129, 61, 185,
       5, 234, 253, 193, 96, 208, 1, 26, 248, 80, 120, 44, 38, 28, 0, 49,
       71, 93, 36, 87, 56, 80, 242, 173, 110, 244, 84, 24, 142, 69, 224,
       240, 65, 152, 44, 24, 5, 242, 29, 156, 73, 16, 242, 19, 188, 72,
       87, 32, 248, 47, 150, 236, 222, 55, 253, 221, 22, 183, 254, 28,
       225, 157, 62, 60, 71, 153, 246, 96, 187, 245, 118, 210, 115, 113,
       55, 181, 114, 124, 123, 85, 99, 223, 120, 247, 160, 255, 88, 248,
       125, 116, 29, 110, 47, 150, 116, 245, 111, 185, 174, 152, 13, 246,
       29, 220, 92, 62, 243, 119, 191, 251, 219, 44, 250, 45, 47, 231,
       184, 48, 127, 161, 254, 181, 220, 238, 181, 89, 191, 251, 238,
       235, 220, 99, 103, 245, 39, 196, 243, 77, 233, 180, 133, 88, 14,
       50, 235, 247, 36, 85, 186, 82, 122, 233, 124, 248, 92, 56, 47,
       213, 55, 245, 110, 153, 172, 24, 5, 240, 29, 156, 73, 16, 242, 51,
       189, 88, 87, 32, 250, 242, 153, 222, 222, 127, 95, 211, 143, 63,
       245, 30, 223, 191, 254, 126, 252, 255, 215, 56, 39, 196, 31, 227,
       99, 107, 199, 248, 111, 187, 219, 222, 107, 151, 37, 85, 178, 114,
       90, 235, 116, 112, 93, 108, 47, 157, 22, 245, 111, 149, 172, 24,
       5, 176, 29, 156, 203, 16, 114, 50, 61, 88, 93, 32, 250, 163, 20,
       64, 2, 221, 128, 7, 8, 166, 1, 0, 115, 160, 75, 132, 21, 98, 229,
       5, 96, 192, 38, 139, 100, 70, 152, 41, 47, 146, 8, 1, 105, 215,
       36, 84, 186, 66, 56, 33, 212, 65, 66, 24, 139, 193, 16, 244, 69,
       144, 36, 24, 0, 96, 24, 140, 73, 16, 50, 51, 188, 88, 87, 32, 248,
       59, 180, 108, 162, 191, 185, 177, 24, 244, 93, 212, 115, 173, 91,
       164, 85, 226, 244, 133, 49, 225, 38, 137, 127, 100, 186, 97, 3,
       126, 89, 113, 239, 215, 108, 220, 178, 119, 120, 169, 244, 217,
       222, 26, 15, 208, 17, 244, 79, 185, 188, 24, 5, 240, 29, 158, 73,
       16, 242, 55, 189, 90, 87, 36, 251, 44, 175, 237, 250, 54, 253,
       245, 127, 253, 220, 222, 245, 127, 127, 252, 206, 155, 252, 227,
       107, 245, 118, 209, 247, 125, 63, 149, 179, 127, 223, 117, 235,
       223, 110, 87, 186, 215, 122, 249, 124, 124, 253, 251, 47, 212,
       181, 119, 111, 187, 172, 157, 13, 240, 29, 159, 92, 52, 242, 119,
       253, 91, 223, 44, 250, 94, 49, 155, 158, 51, 3, 92, 111, 71, 128,
       253, 178, 115, 130, 182, 90, 255, 151, 32, 71, 7, 173, 193, 3,
       205, 223, 243, 77, 67, 168, 180, 40, 194, 36, 52, 186, 66, 120,
       193, 116, 112, 218, 53, 47, 247, 20, 181, 110, 153, 172, 24, 5,
       240, 28, 156, 65, 16, 242, 51, 185, 89, 86, 32, 250, 10, 146, 5,
       161, 156, 180, 171, 89, 188, 255, 66, 69, 141, 9, 49, 21, 230,
       221, 1, 96, 224, 32, 202, 120, 76, 136, 40, 174, 94, 1, 49, 239,
       119, 164, 93, 56, 115, 248, 169, 118, 120, 84, 26, 14, 208, 5,
       210, 91, 153, 172, 24, 5, 240, 29, 156, 73, 16, 242, 51, 188, 88,
       87, 32, 250, 126, 57, 251, 214, 54, 71, 93, 127, 215, 198, 213,
       180, 119, 198, 178, 90, 251, 215, 114, 111, 7, 189, 228, 55, 141,
       203, 246, 77, 82, 168, 116, 233, 214, 36, 52, 190, 82, 124, 195,
       117, 80, 72, 181, 47, 251, 20, 229, 110, 153, 172, 24, 133, 240,
       29, 156, 73, 16, 242, 51, 249, 89, 22, 32, 250, 69, 0, 193, 144,
       216, 2, 3, 78, 32, 100, 0, 21, 65, 233, 145, 3, 226, 85, 1, 100,
       200, 129, 140, 51, 78, 200, 168, 13, 210, 8, 48, 73, 112, 37, 20,
       187, 66, 112, 5, 84, 16, 64, 24, 14, 73, 28, 192, 204, 25, 36, 88,
       4, 113, 28, 132, 73, 16, 242, 35, 188, 72, 70, 32, 248, 199, 2,
       65, 129, 217, 130, 135, 200, 44, 75, 10, 86, 129, 79, 195, 1, 194,
       85, 13, 100, 72, 5, 138, 112, 78, 220, 25, 39, 146, 10, 35, 27,
       86, 37, 93, 155, 80, 112, 45, 20, 96, 84, 24, 15, 69, 12, 252, 17,
       24, 44, 24, 4, 209, 29, 140, 73, 16, 240, 51, 188, 76, 87, 32,
       184, 60, 176, 253, 143, 62, 253, 187, 124, 127, 252, 214, 245,
       253, 127, 185, 100, 246, 255, 65, 99, 245, 113, 195, 251, 217, 42,
       224, 254, 120, 221, 245, 239, 223, 100, 87, 186, 87, 120, 233,
       124, 116, 93, 120, 47, 213, 53, 247, 111, 153, 172, 24, 5, 240,
       29, 156, 73, 24, 242, 51, 189, 88, 87, 32, 250, 50, 1, 65, 150,
       152, 132, 9, 108, 198, 108, 19, 21, 49, 70, 145, 80, 98, 84, 1,
       98, 202, 168, 130, 38, 12, 138, 166, 9, 146, 8, 49, 109, 83, 38,
       85, 186, 66, 112, 65, 84, 16, 64, 24, 10, 68, 20, 201, 79, 137,
       36, 88, 5, 96, 24, 156, 73, 16, 114, 51, 185, 88, 6, 32, 240, 65,
       7, 132, 18, 5, 2, 5, 126, 34, 8, 0, 1, 34, 137, 2, 7, 98, 85, 1,
       36, 64, 135, 192, 35, 74, 136, 168, 12, 18, 8, 0, 9, 82, 36, 84,
       186, 80, 120, 1, 68, 80, 64, 24, 15, 192, 16, 193, 78, 24, 36, 24,
       4, 240, 24, 156, 73, 16, 114, 51, 188, 72, 86, 32, 248, 34, 3, 13,
       154, 2, 159, 7, 9, 167, 70, 47, 2, 153, 125, 124, 4, 195, 213, 33,
       96, 198, 118, 208, 103, 89, 214, 149, 44, 18, 138, 17, 73, 214,
       38, 87, 154, 66, 120, 235, 88, 48, 92, 56, 47, 85, 20, 245, 111,
