%YAML:1.0
descriptors: !!opencv-matrix
   rows: 50
   cols: 64
   dt: u
   data: [ 63, 182, 125, 239, 191, 189, 255, 120, 255, 255, 214, 251,
       237, 127, 253, 85, 255, 255, 99, 123, 245, 119, 219, 125, 237,
       255, 245, 255, 126, 95, 247, 239, 223, 108, 223, 190, 255, 121,
       249, 117, 124, 92, 123, 47, 213, 177, 247, 111, 185, 190, 24, 5,
       240, 29, 156, 77, 52, 242, 183, 189, 250, 223, 36, 254, 13, 2, 64,
       32, 221, 176, 163, 88, 52, 58, 194, 103, 160, 77, 129, 1, 194,
       125, 131, 82, 225, 38, 138, 123, 70, 152, 0, 135, 218, 4, 33, 199,
       95, 34, 85, 186, 113, 184, 105, 52, 120, 68, 26, 14, 69, 65, 243,
       75, 24, 44, 24, 1, 240, 29, 156, 65, 18, 242, 183, 189, 72, 87,
       32, 120, 199, 7, 194, 147, 217, 134, 2, 199, 6, 103, 1, 26, 130,
       202, 146, 94, 106, 85, 41, 103, 11, 135, 203, 35, 78, 219, 184,
       47, 146, 8, 50, 11, 215, 39, 84, 187, 66, 124, 101, 86, 32, 72,
       56, 11, 209, 28, 225, 135, 153, 172, 24, 5, 113, 24, 156, 75, 16,
       240, 49, 189, 88, 87, 48, 251, 194, 128, 138, 155, 217, 198, 134,
       132, 14, 231, 9, 158, 146, 206, 179, 126, 235, 215, 56, 102, 203,
       135, 239, 41, 78, 199, 188, 47, 147, 11, 19, 127, 247, 37, 85,
       187, 82, 112, 237, 118, 50, 88, 40, 46, 213, 28, 209, 53, 153,
       172, 24, 5, 240, 25, 148, 75, 16, 242, 49, 189, 88, 85, 34, 250,
       12, 46, 229, 168, 24, 125, 161, 119, 181, 252, 206, 53, 81, 60,
       187, 228, 137, 120, 195, 96, 241, 80, 94, 176, 93, 45, 20, 128,
       108, 198, 59, 203, 205, 0, 71, 168, 21, 242, 41, 60, 124, 21, 50,
       166, 68, 163, 118, 232, 59, 44, 173, 8, 210, 29, 152, 16, 38, 192,
       15, 172, 74, 199, 108, 250, 114, 49, 217, 150, 55, 7, 25, 47, 214,
       230, 21, 52, 61, 206, 51, 86, 254, 214, 64, 211, 193, 163, 193, 7,
       204, 138, 228, 73, 82, 152, 241, 104, 195, 44, 21, 190, 90, 120,
       193, 116, 80, 72, 48, 46, 208, 20, 161, 110, 153, 172, 24, 5, 240,
       29, 156, 65, 16, 242, 51, 189, 88, 86, 32, 250, 59, 181, 252, 158,
       55, 15, 29, 63, 246, 68, 157, 176, 61, 126, 180, 87, 255, 246, 65,
       240, 213, 34, 209, 119, 208, 170, 224, 9, 83, 24, 244, 105, 223,
       44, 87, 190, 82, 120, 193, 124, 114, 95, 60, 47, 212, 20, 245,
       110, 153, 172, 24, 5, 240, 29, 156, 73, 16, 242, 51, 189, 88, 87,
       34, 251, 69, 2, 129, 145, 200, 130, 10, 76, 0, 227, 1, 0, 128,
       129, 129, 3, 2, 69, 25, 100, 138, 161, 202, 41, 76, 200, 168, 47,
       18, 8, 49, 79, 113, 165, 84, 59, 0, 232, 37, 70, 0, 64, 8, 10, 67,
       28, 201, 19, 25, 12, 24, 37, 97, 88, 148, 235, 144, 106, 51, 188,
       72, 70, 48, 241, 1, 3, 0, 18, 201, 136, 2, 0, 2, 0, 2, 6, 128, 64,
       0, 0, 64, 65, 5, 4, 74, 32, 136, 64, 74, 144, 16, 8, 144, 10, 1,
       0, 18, 6, 81, 138, 0, 66, 7, 2, 128, 48, 8, 3, 65, 12, 224, 134,
       17, 4, 16, 4, 17, 9, 132, 11, 17, 96, 32, 53, 64, 87, 32, 232,
       230, 122, 231, 161, 220, 126, 167, 216, 236, 213, 170, 127, 207,
       191, 250, 253, 227, 213, 47, 101, 77, 133, 166, 116, 79, 221, 61,
       43, 210, 10, 50, 59, 240, 36, 84, 186, 82, 114, 173, 244, 208, 84,
       56, 63, 209, 22, 244, 229, 153, 172, 24, 5, 240, 31, 141, 73, 16,
       240, 51, 188, 88, 87, 32, 248, 11, 6, 0, 34, 141, 160, 32, 0, 48,
       58, 96, 65, 32, 9, 4, 1, 68, 40, 133, 208, 224, 34, 25, 121, 64,
       8, 0, 130, 82, 4, 161, 192, 217, 160, 80, 32, 113, 32, 32, 160,
       202, 70, 26, 137, 208, 81, 194, 75, 24, 72, 24, 4, 228, 28, 200,
       9, 18, 179, 183, 180, 0, 82, 34, 105, 15, 193, 8, 40, 5, 178, 54,
       6, 32, 2, 165, 128, 0, 0, 36, 11, 128, 56, 1, 213, 225, 32, 64,
       115, 68, 136, 128, 141, 81, 36, 33, 65, 148, 52, 16, 170, 67, 104,
       1, 240, 90, 138, 24, 9, 208, 85, 230, 78, 25, 172, 24, 4, 112, 29,
       216, 9, 16, 243, 51, 188, 24, 82, 34, 233, 64, 3, 131, 144, 0, 2,
       0, 198, 2, 166, 0, 4, 0, 229, 19, 2, 110, 196, 1, 102, 200, 165,
       198, 35, 78, 136, 176, 12, 18, 8, 48, 75, 115, 36, 85, 186, 80,
       104, 65, 68, 0, 64, 24, 14, 65, 4, 193, 78, 25, 44, 24, 5, 240,
       24, 156, 73, 16, 114, 51, 157, 72, 86, 32, 250, 63, 187, 239, 255,
       63, 253, 221, 62, 127, 255, 214, 249, 255, 126, 60, 223, 253, 255,
       97, 251, 245, 125, 211, 251, 237, 255, 227, 255, 126, 95, 245,
       239, 223, 100, 87, 186, 255, 120, 249, 125, 116, 93, 251, 47, 213,
       21, 247, 111, 153, 172, 24, 5, 242, 29, 156, 77, 22, 242, 119,
       191, 91, 95, 32, 250, 196, 1, 195, 215, 16, 70, 89, 206, 134, 228,
       5, 150, 3, 195, 147, 74, 235, 84, 32, 103, 14, 173, 230, 35, 76,
       195, 182, 9, 19, 8, 18, 41, 242, 38, 53, 186, 82, 120, 195, 84,
       112, 104, 56, 110, 153, 28, 193, 110, 153, 172, 24, 5, 240, 24,
       148, 73, 16, 242, 49, 189, 88, 84, 33, 250, 54, 48, 89, 134, 191,
       144, 31, 72, 230, 103, 145, 114, 173, 11, 176, 85, 226, 213, 5,
       97, 193, 36, 128, 117, 12, 152, 160, 15, 82, 8, 49, 105, 87, 36,
       20, 154, 66, 120, 33, 214, 80, 72, 24, 15, 208, 20, 212, 79, 153,
       172, 24, 5, 112, 24, 156, 73, 16, 242, 51, 156, 88, 87, 32, 248,
       4, 2, 1, 128, 200, 0, 34, 88, 0, 32, 2, 4, 1, 65, 129, 1, 98, 84,
       1, 96, 192, 32, 136, 98, 14, 136, 0, 8, 144, 8, 49, 73, 112, 36,
       84, 186, 0, 114, 1, 196, 128, 64, 24, 14, 64, 4, 192, 79, 24, 36,
       24, 4, 112, 24, 141, 73, 16, 114, 51, 188, 72, 70, 32, 248, 46,
       35, 109, 136, 22, 159, 7, 125, 230, 70, 147, 52, 89, 60, 185, 70,
       202, 212, 67, 96, 209, 51, 194, 119, 92, 128, 164, 13, 18, 156,
       49, 105, 213, 36, 87, 186, 82, 120, 137, 84, 48, 93, 60, 47, 212,
       20, 229, 110, 153, 172, 24, 5, 242, 29, 156, 73, 16, 242, 51, 189,
       88, 87, 32, 250, 110, 35, 229, 177, 223, 164, 47, 121, 164, 127,
       210, 51, 233, 107, 147, 71, 226, 213, 3, 98, 201, 39, 194, 119,
       76, 154, 176, 47, 82, 12, 49, 107, 215, 36, 84, 186, 82, 120, 225,
       116, 112, 92, 56, 15, 213, 20, 213, 79, 153, 172, 24, 5, 240, 29,
       156, 73, 16, 242, 51, 189, 88, 87, 32, 250, 12, 34, 109, 128, 18,
       149, 1, 117, 36, 70, 151, 52, 89, 60, 185, 68, 202, 84, 67, 96,
       209, 48, 192, 243, 92, 32, 132, 13, 64, 140, 17, 73, 85, 36, 87,
       186, 82, 122, 137, 92, 48, 85, 28, 14, 84, 164, 225, 78, 153, 44,
       24, 5, 242, 29, 156, 73, 16, 98, 51, 188, 72, 23, 32, 250, 1, 6,
       0, 136, 1, 4, 5, 77, 36, 102, 0, 4, 17, 44, 57, 7, 194, 116, 1,
       96, 192, 0, 80, 32, 84, 128, 136, 8, 16, 136, 17, 65, 208, 4, 83,
       170, 0, 96, 1, 72, 32, 16, 24, 7, 84, 20, 100, 76, 25, 44, 24, 4,
       48, 25, 156, 9, 16, 98, 35, 188, 72, 86, 32, 248, 195, 206, 3,
       131, 205, 202, 143, 136, 174, 111, 43, 74, 139, 73, 107, 173, 235,
       213, 60, 38, 204, 135, 174, 104, 78, 213, 185, 46, 146, 10, 19,
       63, 241, 37, 93, 155, 82, 113, 237, 246, 112, 92, 40, 47, 213, 30,
       252, 53, 153, 172, 16, 5, 241, 31, 156, 75, 16, 240, 48, 60, 92,
       87, 32, 184, 66, 0, 1, 128, 65, 130, 14, 12, 134, 34, 17, 4, 17,
       132, 3, 2, 72, 85, 0, 68, 8, 131, 194, 32, 76, 192, 168, 12, 18,
       8, 49, 8, 80, 36, 85, 187, 66, 104, 1, 64, 48, 64, 16, 11, 213,
       28, 164, 76, 25, 172, 24, 5, 112, 25, 156, 75, 16, 114, 51, 188,
       72, 86, 32, 250, 130, 130, 207, 129, 174, 213, 155, 128, 188, 255,
       29, 206, 155, 60, 51, 101, 137, 213, 37, 99, 200, 39, 238, 120,
       76, 214, 157, 38, 86, 11, 51, 95, 247, 36, 85, 186, 82, 120, 233,
       118, 80, 92, 40, 46, 213, 20, 245, 107, 153, 172, 24, 5, 240, 29,
       156, 73, 16, 242, 51, 157, 88, 87, 32, 250, 60, 253, 255, 252, 54,
       255, 253, 127, 247, 252, 253, 249, 127, 254, 189, 126, 251, 253,
       99, 123, 247, 127, 209, 247, 253, 255, 247, 255, 123, 223, 246,
       235, 207, 44, 87, 190, 222, 120, 249, 125, 122, 95, 255, 47, 213,
       53, 247, 111, 153, 172, 152, 15, 240, 29, 156, 89, 16, 242, 115,
       191, 123, 95, 40, 250, 1, 7, 133, 2, 72, 134, 135, 126, 160, 196,
       6, 69, 1, 125, 1, 5, 66, 69, 1, 38, 192, 37, 192, 99, 72, 170, 4,
