%YAML:1.0
descriptors: !!opencv-matrix
   rows: 101
   cols: 64
   dt: u
   data: [ 175, 222, 124, 107, 255, 253, 191, 217, 189, 255, 175, 234,
       173, 127, 253, 253, 159, 255, 239, 251, 253, 119, 19, 124, 117,
       247, 253, 127, 126, 119, 247, 179, 223, 220, 223, 174, 243, 249,
       248, 123, 124, 93, 122, 189, 245, 241, 246, 63, 185, 223, 24, 45,
       244, 157, 222, 121, 50, 247, 183, 189, 250, 219, 108, 250, 222,
       185, 155, 254, 55, 115, 252, 174, 87, 186, 212, 187, 115, 214,
       191, 218, 255, 155, 249, 223, 71, 189, 231, 23, 207, 223, 242,
       237, 67, 236, 182, 234, 223, 46, 85, 182, 127, 124, 235, 116, 120,
       125, 183, 111, 221, 21, 183, 110, 191, 174, 24, 199, 240, 29, 156,
       65, 23, 243, 55, 191, 89, 119, 161, 250, 62, 173, 187, 190, 3,
       199, 249, 79, 215, 196, 213, 249, 115, 202, 182, 94, 255, 59, 99,
       215, 247, 63, 211, 71, 255, 219, 247, 237, 67, 252, 246, 233, 135,
       62, 7, 190, 187, 104, 235, 124, 120, 125, 181, 107, 253, 85, 183,
       111, 153, 174, 153, 79, 240, 29, 28, 81, 57, 179, 115, 185, 59,
       119, 169, 234, 63, 254, 125, 239, 190, 253, 255, 121, 255, 223,
       253, 251, 253, 127, 252, 221, 255, 255, 235, 251, 245, 126, 83,
       255, 253, 255, 247, 255, 127, 255, 247, 239, 223, 252, 223, 190,
       255, 121, 249, 125, 125, 221, 251, 175, 245, 241, 247, 127, 185,
       191, 152, 79, 242, 149, 158, 93, 62, 247, 247, 191, 251, 223, 172,
       254, 61, 190, 253, 173, 255, 253, 179, 124, 253, 253, 254, 253,
       253, 63, 187, 245, 251, 253, 99, 99, 245, 35, 207, 125, 205, 237,
       236, 255, 126, 95, 243, 239, 215, 44, 85, 190, 87, 122, 233, 118,
       120, 93, 122, 47, 213, 55, 247, 111, 153, 172, 24, 5, 240, 29,
       156, 73, 16, 242, 51, 189, 218, 87, 32, 254, 62, 249, 255, 246,
       54, 191, 253, 123, 247, 220, 253, 243, 255, 251, 180, 95, 246,
       255, 103, 103, 247, 127, 209, 247, 255, 254, 231, 223, 122, 222,
       244, 235, 215, 44, 86, 190, 219, 120, 249, 253, 88, 93, 57, 47,
       209, 53, 247, 111, 153, 172, 24, 5, 240, 29, 156, 73, 24, 242,
       115, 191, 88, 87, 32, 250, 127, 253, 255, 254, 119, 63, 253, 123,
       247, 220, 253, 243, 255, 251, 180, 95, 246, 247, 127, 111, 247,
       127, 209, 119, 207, 254, 231, 221, 122, 92, 244, 233, 214, 46, 84,
       190, 210, 120, 217, 245, 122, 95, 185, 47, 209, 21, 247, 111, 153,
       172, 24, 5, 240, 29, 156, 73, 16, 242, 115, 191, 88, 87, 34, 251,
       62, 186, 255, 253, 63, 253, 251, 252, 253, 255, 254, 253, 253, 63,
       251, 255, 251, 253, 99, 107, 253, 115, 255, 127, 253, 235, 228,
       255, 127, 221, 247, 239, 247, 44, 87, 190, 215, 123, 249, 125,
       250, 93, 123, 46, 213, 55, 247, 111, 185, 172, 24, 5, 240, 29,
       157, 77, 16, 242, 51, 189, 218, 87, 32, 254, 7, 178, 81, 39, 253,
       176, 163, 216, 248, 57, 130, 119, 165, 91, 129, 81, 98, 247, 133,
       16, 192, 34, 138, 124, 100, 152, 120, 39, 222, 11, 33, 127, 87,
       228, 92, 178, 119, 248, 41, 116, 65, 84, 26, 14, 193, 1, 216, 81,
       152, 188, 24, 5, 244, 132, 156, 73, 16, 242, 183, 141, 88, 87, 32,
       248, 124, 35, 253, 216, 26, 95, 99, 127, 246, 244, 222, 53, 125,
       255, 185, 230, 242, 212, 67, 98, 215, 121, 196, 183, 93, 170, 164,
       13, 106, 220, 121, 235, 247, 38, 85, 186, 82, 114, 209, 124, 242,
       85, 24, 14, 84, 182, 193, 79, 153, 44, 25, 5, 240, 29, 157, 73,
       16, 242, 59, 189, 88, 86, 34, 249, 92, 49, 155, 245, 48, 131, 120,
       230, 82, 174, 213, 148, 83, 128, 147, 90, 186, 204, 34, 111, 14,
       173, 230, 147, 141, 138, 166, 205, 64, 44, 52, 40, 115, 52, 52,
       186, 94, 124, 193, 213, 80, 72, 177, 46, 242, 20, 193, 110, 155,
       172, 56, 199, 240, 28, 156, 73, 16, 242, 51, 217, 89, 22, 33, 251,
       63, 191, 255, 255, 63, 253, 253, 125, 125, 255, 223, 249, 255,
       126, 189, 95, 251, 252, 97, 123, 245, 124, 211, 123, 93, 255, 243,
       191, 126, 223, 119, 235, 223, 36, 87, 186, 215, 120, 249, 125,
       112, 93, 127, 47, 213, 21, 247, 111, 153, 172, 24, 5, 242, 29,
       156, 77, 16, 242, 115, 189, 91, 95, 32, 250, 61, 182, 255, 239,
       254, 245, 251, 253, 253, 255, 214, 253, 237, 95, 187, 245, 251,
       255, 219, 122, 253, 115, 223, 252, 173, 234, 254, 255, 126, 93,
       255, 255, 111, 237, 223, 191, 255, 251, 249, 119, 253, 93, 243,
       190, 215, 225, 219, 119, 190, 255, 159, 43, 246, 189, 156, 85,
       230, 182, 255, 223, 251, 159, 44, 246, 125, 191, 247, 188, 120,
       111, 191, 254, 49, 252, 239, 149, 77, 125, 251, 255, 239, 253,
       163, 103, 244, 169, 228, 178, 205, 255, 185, 254, 121, 6, 115,
       239, 215, 37, 85, 186, 82, 120, 233, 117, 116, 92, 56, 47, 245,
       16, 245, 111, 153, 172, 24, 5, 240, 29, 156, 73, 16, 242, 51, 189,
       88, 87, 32, 250, 61, 191, 255, 254, 63, 253, 253, 127, 255, 252,
       254, 255, 255, 127, 190, 253, 255, 255, 99, 123, 245, 127, 211,
       247, 253, 255, 247, 255, 127, 223, 247, 235, 223, 108, 87, 190,
       223, 120, 249, 125, 124, 93, 123, 47, 213, 53, 247, 111, 185, 172,
       152, 13, 240, 29, 156, 77, 48, 242, 115, 191, 218, 215, 44, 250,
       125, 63, 247, 116, 124, 167, 121, 122, 244, 60, 194, 53, 231, 203,
       144, 71, 242, 253, 227, 99, 247, 47, 192, 255, 142, 234, 166, 159,
       90, 12, 112, 239, 95, 39, 84, 191, 84, 60, 241, 117, 92, 108, 154,
       206, 233, 97, 195, 79, 184, 172, 24, 85, 240, 28, 156, 65, 16,
       242, 115, 159, 88, 54, 161, 250, 45, 174, 239, 169, 30, 255, 161,
       126, 189, 254, 206, 245, 93, 63, 187, 239, 201, 252, 227, 107,
       245, 87, 222, 115, 77, 233, 4, 167, 124, 85, 51, 235, 245, 32,
       215, 186, 83, 122, 233, 116, 248, 92, 58, 46, 213, 55, 115, 111,
       153, 172, 24, 5, 240, 29, 156, 73, 16, 242, 51, 189, 90, 87, 32,
       250, 46, 172, 239, 168, 55, 255, 177, 127, 253, 222, 222, 245,
       127, 62, 191, 238, 203, 221, 99, 107, 245, 87, 194, 119, 109, 255,
       180, 167, 127, 95, 55, 235, 215, 36, 85, 186, 86, 120, 233, 116,
       120, 93, 58, 47, 213, 21, 247, 111, 153, 172, 24, 5, 240, 29, 156,
       73, 16, 242, 51, 189, 91, 95, 32, 250, 53, 183, 253, 142, 55, 157,
       157, 121, 247, 212, 149, 240, 253, 59, 188, 85, 250, 214, 98, 107,
       213, 118, 195, 119, 237, 182, 229, 59, 118, 24, 85, 107, 215, 36,
       85, 190, 210, 120, 233, 117, 112, 93, 57, 47, 212, 20, 245, 111,
       153, 172, 24, 5, 240, 29, 156, 73, 16, 242, 51, 189, 88, 87, 32,
       250, 54, 241, 93, 158, 55, 141, 221, 11, 230, 68, 21, 240, 189,
       122, 180, 85, 242, 214, 32, 99, 199, 38, 193, 103, 201, 150, 225,
       89, 82, 58, 213, 105, 214, 36, 85, 158, 66, 88, 235, 116, 112, 93,
       56, 47, 212, 20, 245, 111, 153, 172, 24, 5, 240, 29, 156, 73, 16,
       242, 51, 189, 88, 87, 32, 250, 126, 48, 247, 247, 255, 231, 219,
       125, 222, 253, 213, 189, 255, 218, 147, 94, 250, 213, 123, 115,
       253, 47, 207, 127, 158, 235, 252, 47, 82, 153, 113, 238, 199, 173,
       21, 191, 94, 121, 237, 118, 120, 92, 97, 46, 221, 61, 185, 111,
       157, 172, 25, 1, 240, 60, 156, 65, 80, 242, 179, 189, 216, 87, 32,
       254, 5, 38, 113, 160, 216, 32, 35, 72, 160, 64, 131, 52, 65, 3,
       128, 81, 226, 204, 1, 100, 72, 128, 128, 48, 76, 136, 168, 73,
       210, 8, 33, 9, 112, 36, 20, 186, 0, 112, 1, 212, 128, 64, 24, 142,
       64, 0, 192, 12, 8, 36, 80, 4, 96, 24, 132, 73, 16, 112, 33, 156,
       72, 6, 32, 176, 13, 10, 231, 169, 8, 247, 161, 118, 180, 254, 194,
       5, 81, 61, 187, 167, 203, 124, 195, 106, 240, 65, 222, 249, 77,
       169, 12, 134, 88, 69, 49, 207, 245, 0, 87, 168, 81, 250, 109, 52,
       124, 84, 58, 38, 85, 133, 83, 235, 153, 44, 24, 5, 240, 29, 156,
       72, 16, 226, 35, 188, 72, 87, 32, 250, 62, 182, 109, 139, 62, 245,
       157, 125, 247, 222, 212, 249, 253, 63, 181, 69, 251, 244, 99, 107,
       245, 114, 211, 247, 125, 191, 165, 59, 126, 222, 117, 235, 215,
       108, 87, 186, 94, 120, 233, 124, 116, 93, 58, 47, 212, 52, 245,
       111, 153, 172, 24, 5, 240, 29, 156, 89, 16, 242, 51, 189, 90, 223,
