%YAML:1.0
descriptors: !!opencv-matrix
   rows: 68
   cols: 64
   dt: u
   data: [ 62, 178, 253, 231, 255, 181, 191, 57, 254, 255, 212, 253, 253,
       127, 177, 85, 255, 255, 99, 243, 245, 119, 219, 255, 221, 254,
       228, 255, 126, 221, 245, 239, 223, 108, 87, 190, 95, 120, 233,
       124, 124, 93, 122, 47, 213, 53, 247, 111, 153, 172, 24, 5, 240,
       29, 156, 73, 16, 242, 51, 189, 218, 87, 32, 250, 253, 253, 255,
       223, 62, 255, 249, 255, 255, 253, 223, 255, 255, 254, 254, 254,
       255, 215, 123, 107, 247, 127, 243, 255, 253, 127, 247, 255, 127,
       223, 247, 239, 207, 108, 117, 254, 222, 123, 249, 125, 120, 221,
       251, 175, 223, 55, 247, 111, 189, 172, 153, 79, 240, 29, 156, 77,
       48, 246, 115, 255, 251, 95, 40, 254, 94, 145, 154, 222, 55, 147,
       92, 62, 23, 186, 213, 241, 183, 206, 180, 90, 254, 151, 96, 211,
       199, 63, 195, 115, 201, 218, 242, 111, 82, 201, 245, 235, 223, 36,
       85, 190, 82, 120, 233, 116, 112, 92, 49, 47, 213, 20, 245, 111,
       153, 174, 24, 5, 240, 29, 156, 73, 16, 242, 51, 189, 88, 87, 32,
       250, 59, 182, 253, 175, 63, 253, 187, 125, 255, 255, 214, 253,
       253, 125, 185, 84, 255, 213, 67, 115, 244, 119, 219, 127, 253,
       250, 228, 191, 126, 93, 117, 239, 215, 108, 85, 190, 222, 120,
       233, 124, 120, 92, 123, 47, 213, 21, 245, 111, 153, 172, 24, 5,
       240, 29, 156, 73, 16, 242, 51, 189, 218, 87, 32, 254, 9, 142, 166,
       117, 239, 179, 242, 112, 56, 185, 214, 77, 202, 89, 41, 1, 132,
       233, 251, 250, 245, 111, 91, 251, 99, 106, 2, 182, 124, 85, 165,
       199, 223, 251, 219, 33, 255, 187, 252, 33, 253, 61, 219, 134, 245,
       225, 251, 107, 188, 222, 137, 79, 245, 237, 216, 73, 119, 207,
       215, 135, 226, 251, 133, 94, 51, 213, 125, 214, 103, 159, 223, 25,
       255, 71, 61, 202, 191, 120, 116, 93, 244, 247, 124, 183, 150, 127,
       209, 103, 249, 246, 231, 126, 62, 123, 213, 41, 198, 108, 146,
       158, 202, 121, 250, 249, 114, 223, 173, 237, 145, 92, 245, 111,
       149, 174, 24, 15, 184, 25, 158, 95, 57, 119, 114, 63, 123, 221,
       172, 251, 122, 48, 245, 182, 255, 167, 31, 124, 198, 101, 213, 53,
       189, 78, 144, 86, 246, 215, 19, 118, 200, 35, 195, 55, 204, 202,
       232, 47, 82, 25, 245, 111, 215, 45, 85, 191, 82, 120, 225, 86,
       112, 88, 25, 15, 197, 28, 229, 79, 153, 172, 24, 5, 240, 28, 156,
       73, 16, 242, 51, 189, 88, 86, 32, 250, 62, 253, 255, 254, 62, 253,
       253, 127, 255, 254, 221, 249, 255, 126, 252, 222, 255, 254, 99,
       123, 247, 126, 211, 255, 253, 255, 247, 255, 127, 255, 245, 235,
       207, 108, 215, 190, 255, 120, 249, 125, 120, 93, 247, 111, 245,
       53, 247, 111, 187, 174, 153, 79, 242, 29, 156, 93, 52, 242, 119,
       255, 251, 223, 172, 254, 118, 33, 249, 158, 18, 6, 93, 79, 198,
       70, 57, 176, 23, 226, 182, 94, 242, 86, 0, 103, 11, 184, 224, 39,
       30, 130, 166, 9, 3, 168, 28, 41, 98, 38, 52, 218, 2, 116, 3, 220,
       18, 202, 149, 73, 154, 28, 65, 142, 81, 36, 82, 132, 40, 24, 53,
       75, 152, 114, 105, 120, 93, 4, 35, 177, 4, 33, 209, 144, 16, 2, 1,
       78, 130, 0, 1, 48, 81, 194, 144, 66, 234, 68, 1, 101, 3, 168, 228,
       3, 12, 130, 160, 9, 2, 8, 16, 41, 112, 38, 52, 186, 2, 112, 3,
       212, 16, 194, 20, 10, 0, 20, 65, 78, 17, 36, 82, 4, 32, 24, 20,
       73, 144, 114, 33, 184, 72, 6, 34, 249, 28, 49, 177, 20, 16, 1, 56,
       119, 130, 130, 193, 52, 80, 192, 145, 82, 244, 8, 67, 194, 51, 42,
       64, 131, 156, 40, 230, 201, 64, 140, 244, 224, 74, 28, 4, 174,
       136, 40, 1, 92, 24, 72, 149, 10, 226, 117, 131, 78, 155, 46, 24,
       67, 98, 24, 20, 65, 8, 179, 19, 177, 56, 34, 99, 99, 24, 49, 48,
       180, 0, 161, 58, 101, 66, 130, 211, 20, 116, 0, 145, 18, 126, 138,
       67, 192, 241, 32, 193, 210, 152, 8, 224, 200, 64, 132, 225, 224,
       78, 36, 69, 190, 27, 40, 129, 92, 120, 64, 49, 46, 196, 53, 163,
       110, 153, 172, 24, 3, 240, 28, 28, 65, 16, 243, 51, 177, 24, 23,
       32, 234, 39, 36, 101, 128, 31, 134, 3, 88, 230, 68, 147, 48, 233,
       43, 144, 69, 226, 213, 3, 96, 193, 34, 192, 119, 76, 152, 168, 13,
       82, 28, 49, 105, 215, 36, 84, 186, 82, 120, 1, 84, 112, 80, 24,
       15, 193, 20, 228, 79, 153, 172, 24, 5, 240, 29, 156, 73, 16, 242,
       51, 189, 88, 87, 32, 250, 124, 189, 255, 176, 127, 255, 183, 127,
       252, 254, 222, 247, 255, 254, 190, 125, 251, 213, 99, 103, 245,
       39, 195, 119, 79, 254, 188, 175, 82, 14, 115, 235, 215, 36, 85,
       186, 82, 120, 233, 116, 120, 92, 56, 47, 213, 21, 245, 111, 153,
       172, 24, 5, 240, 29, 156, 73, 16, 242, 51, 189, 88, 87, 32, 250,
       237, 15, 238, 245, 254, 119, 243, 182, 60, 253, 86, 203, 142, 249,
       50, 143, 233, 249, 253, 255, 125, 207, 255, 179, 91, 127, 191,
       182, 248, 87, 242, 183, 223, 43, 86, 241, 223, 125, 253, 124, 92,
       124, 186, 191, 217, 41, 255, 247, 189, 172, 28, 157, 209, 255,
       156, 205, 119, 252, 119, 191, 222, 247, 0, 250, 199, 14, 130, 49,
       201, 130, 38, 128, 8, 35, 0, 74, 130, 195, 2, 8, 8, 9, 57, 198,
       203, 133, 74, 89, 66, 90, 154, 38, 128, 4, 34, 2, 215, 51, 84, 43,
       81, 44, 109, 66, 96, 32, 56, 11, 221, 29, 255, 145, 25, 204, 24,
       37, 213, 93, 152, 171, 80, 248, 17, 181, 76, 115, 16, 106, 62,
       189, 253, 254, 54, 127, 125, 127, 245, 244, 213, 180, 125, 254,
       189, 94, 255, 254, 99, 251, 247, 126, 209, 247, 221, 255, 246,
       221, 106, 244, 245, 233, 207, 60, 71, 190, 223, 120, 248, 125,
       120, 221, 245, 111, 245, 53, 247, 111, 187, 174, 137, 79, 242, 29,
       156, 93, 49, 243, 123, 255, 123, 247, 237, 250, 76, 47, 239, 249,
       242, 183, 186, 245, 57, 255, 67, 158, 221, 244, 187, 74, 136, 217,
       251, 110, 253, 245, 70, 249, 93, 104, 190, 244, 104, 196, 62, 139,
       215, 17, 213, 171, 81, 255, 253, 116, 188, 61, 121, 62, 247, 140,
       195, 59, 159, 172, 56, 55, 211, 125, 156, 92, 80, 238, 59, 189,
       93, 211, 105, 242, 69, 39, 243, 17, 16, 198, 38, 116, 0, 228, 130,
       20, 192, 133, 147, 2, 235, 73, 131, 103, 139, 165, 74, 147, 77,
       72, 140, 141, 0, 12, 33, 3, 87, 6, 117, 186, 16, 184, 69, 84, 48,
       80, 56, 166, 101, 24, 103, 231, 153, 44, 56, 48, 240, 29, 156, 73,
       0, 250, 19, 181, 72, 86, 33, 250, 212, 42, 147, 21, 200, 66, 42,
       199, 74, 161, 43, 7, 66, 196, 147, 186, 111, 195, 184, 102, 11,
       141, 46, 137, 138, 73, 190, 78, 129, 13, 146, 86, 113, 165, 117,
       123, 16, 230, 103, 198, 130, 64, 8, 18, 105, 30, 137, 145, 205,
       76, 100, 247, 21, 122, 20, 235, 192, 124, 1, 48, 92, 68, 19, 228,
       20, 50, 147, 161, 200, 160, 170, 196, 24, 251, 66, 69, 192, 4,
       139, 17, 102, 205, 137, 66, 200, 37, 78, 89, 140, 200, 42, 231,
       68, 1, 49, 111, 119, 131, 93, 41, 52, 254, 45, 102, 65, 68, 74, 8,
       71, 132, 73, 115, 152, 108, 24, 37, 244, 84, 156, 105, 4, 218,
       147, 173, 200, 7, 48, 246, 28, 186, 211, 225, 248, 240, 171, 204,
       24, 187, 66, 95, 197, 69, 139, 209, 235, 221, 169, 106, 204, 37,
       206, 121, 207, 216, 58, 231, 94, 65, 51, 127, 119, 130, 93, 57,
       117, 254, 237, 118, 97, 68, 106, 44, 71, 133, 89, 243, 152, 252,
       24, 37, 244, 149, 156, 105, 148, 218, 179, 173, 220, 87, 48, 246,
       221, 219, 215, 117, 253, 162, 254, 250, 56, 185, 197, 251, 166,
       211, 134, 9, 34, 205, 189, 111, 230, 45, 202, 123, 43, 222, 83,
       182, 124, 97, 38, 255, 223, 243, 188, 81, 119, 253, 254, 183, 89,
       62, 235, 119, 251, 29, 219, 187, 204, 218, 57, 247, 245, 230, 188,
       238, 87, 159, 247, 207, 241, 125, 151, 223, 205, 49, 246, 116, 53,
       34, 121, 122, 176, 137, 193, 243, 226, 201, 132, 11, 162, 109,
       183, 95, 39, 175, 97, 247, 70, 122, 243, 183, 80, 4, 96, 133, 90,
       55, 180, 191, 17, 60, 113, 245, 89, 106, 186, 239, 235, 121, 155,
       239, 104, 182, 56, 211, 225, 254, 28, 4, 27, 191, 119, 151, 56,
       119, 165, 11, 114, 221, 154, 126, 111, 222, 214, 3, 55, 64, 29,
       202, 190, 246, 36, 28, 253, 179, 56, 215, 199, 127, 81, 103, 243,
