%YAML:1.0
descriptors: !!opencv-matrix
   rows: 31
   cols: 64
   dt: u
   data: [ 63, 255, 255, 255, 63, 253, 253, 121, 255, 255, 213, 250, 255,
       127, 253, 223, 187, 247, 122, 251, 247, 127, 211, 127, 253, 255,
       247, 191, 127, 255, 247, 235, 215, 252, 215, 190, 255, 121, 251,
       127, 120, 125, 251, 109, 247, 181, 247, 111, 187, 174, 153, 79,
       240, 29, 222, 93, 48, 243, 123, 255, 251, 255, 237, 254, 199, 250,
       223, 107, 252, 250, 255, 208, 123, 191, 46, 203, 206, 127, 207,
       185, 239, 239, 61, 235, 237, 101, 15, 121, 231, 223, 57, 255, 255,
       15, 227, 119, 215, 229, 221, 251, 123, 59, 253, 118, 241, 92, 58,
       191, 213, 146, 255, 119, 153, 189, 24, 1, 240, 189, 157, 73, 16,
       246, 51, 189, 88, 87, 32, 250, 252, 250, 255, 255, 254, 255, 251,
       245, 125, 253, 126, 223, 223, 255, 255, 236, 251, 221, 253, 111,
       253, 221, 255, 121, 127, 255, 63, 183, 255, 223, 127, 255, 247,
       231, 127, 251, 215, 255, 253, 247, 243, 255, 251, 62, 223, 142,
       91, 177, 141, 189, 222, 181, 217, 191, 159, 109, 208, 252, 123,
       255, 223, 95, 51, 255, 222, 250, 223, 247, 254, 247, 223, 192,
       254, 191, 121, 218, 223, 234, 246, 123, 247, 215, 63, 111, 79,
       159, 175, 124, 143, 223, 191, 127, 215, 15, 247, 63, 243, 173, 92,
       255, 82, 125, 237, 246, 114, 78, 120, 63, 219, 28, 217, 181, 221,
       173, 24, 5, 248, 191, 156, 107, 208, 252, 49, 157, 92, 87, 48,
       191, 254, 255, 231, 155, 223, 199, 15, 185, 111, 231, 185, 186,
       255, 234, 55, 94, 253, 247, 125, 247, 95, 149, 219, 248, 223, 255,
       251, 111, 210, 158, 246, 187, 203, 47, 87, 251, 90, 125, 237, 126,
       112, 92, 116, 63, 221, 28, 253, 181, 157, 172, 24, 5, 242, 31,
       156, 67, 80, 244, 49, 189, 92, 87, 32, 250, 199, 255, 199, 119,
       253, 98, 167, 218, 232, 189, 168, 235, 238, 251, 194, 169, 235,
       237, 63, 247, 111, 143, 127, 125, 71, 255, 191, 175, 211, 6, 34,
       55, 215, 47, 87, 251, 91, 60, 237, 246, 121, 92, 56, 191, 221, 89,
       255, 181, 153, 172, 24, 1, 241, 63, 156, 73, 16, 244, 49, 189, 92,
       87, 48, 250, 237, 47, 247, 215, 242, 79, 87, 255, 255, 213, 135,
       251, 255, 251, 242, 207, 235, 245, 127, 111, 31, 143, 247, 55, 95,
       255, 191, 63, 251, 74, 54, 41, 214, 39, 118, 251, 82, 125, 255,
       116, 85, 125, 184, 127, 201, 28, 253, 174, 205, 164, 88, 149, 241,
       127, 157, 207, 88, 252, 113, 63, 93, 85, 49, 250, 6, 170, 67, 163,
       253, 184, 162, 73, 168, 57, 2, 119, 131, 83, 201, 81, 234, 213, 5,
       98, 197, 37, 138, 121, 110, 154, 57, 47, 214, 11, 51, 126, 87,
       164, 93, 154, 114, 250, 233, 54, 193, 84, 8, 14, 193, 4, 248, 115,
       153, 188, 24, 5, 240, 21, 156, 73, 16, 242, 51, 189, 88, 87, 32,
       254, 63, 253, 255, 254, 63, 253, 253, 127, 125, 254, 223, 249,
       253, 126, 253, 222, 255, 254, 225, 251, 247, 125, 219, 251, 253,
       255, 243, 255, 127, 247, 247, 239, 223, 246, 215, 186, 255, 248,
       249, 127, 120, 253, 255, 111, 245, 21, 247, 111, 155, 238, 153,
       79, 246, 29, 220, 93, 63, 243, 255, 255, 219, 255, 173, 254, 94,
       249, 251, 253, 50, 245, 121, 102, 219, 175, 245, 184, 215, 128,
       159, 90, 187, 221, 114, 107, 143, 61, 198, 155, 173, 203, 167,
       255, 67, 237, 244, 234, 215, 20, 181, 238, 222, 125, 250, 119,
       114, 223, 245, 109, 183, 20, 245, 127, 155, 174, 59, 199, 248, 29,
       60, 93, 80, 243, 59, 251, 121, 23, 99, 255, 63, 54, 125, 166, 55,
       247, 191, 125, 247, 252, 253, 241, 125, 63, 177, 87, 251, 246, 67,
       97, 241, 34, 209, 118, 220, 253, 229, 175, 82, 158, 241, 235, 215,
       36, 87, 190, 83, 120, 233, 124, 120, 92, 56, 175, 213, 21, 247,
       111, 153, 172, 24, 5, 240, 29, 156, 73, 16, 242, 51, 189, 88, 87,
       32, 250, 53, 55, 253, 152, 23, 23, 5, 127, 230, 70, 149, 50, 253,
       187, 183, 71, 250, 245, 99, 100, 81, 135, 211, 118, 92, 168, 180,
       9, 210, 28, 114, 41, 215, 36, 87, 186, 82, 120, 193, 116, 112, 92,
       56, 47, 213, 20, 245, 108, 153, 172, 24, 5, 240, 29, 156, 73, 16,
       242, 51, 189, 88, 87, 32, 250, 61, 182, 117, 162, 55, 119, 163,
       249, 244, 222, 218, 117, 109, 63, 249, 245, 251, 252, 71, 101,
       241, 34, 181, 116, 77, 253, 189, 143, 90, 30, 115, 251, 212, 36,
       87, 186, 83, 120, 233, 116, 124, 92, 56, 175, 213, 21, 246, 108,
       153, 172, 24, 5, 240, 29, 156, 73, 16, 242, 51, 188, 88, 87, 32,
       250, 45, 39, 101, 176, 217, 191, 35, 90, 228, 124, 194, 53, 233,
       123, 185, 69, 226, 253, 67, 98, 245, 39, 153, 119, 78, 170, 4,
       135, 250, 12, 49, 203, 87, 38, 86, 186, 81, 114, 5, 84, 220, 84,
       24, 142, 64, 67, 195, 207, 152, 44, 24, 4, 240, 29, 141, 73, 16,
       242, 51, 189, 72, 87, 32, 248, 237, 35, 239, 160, 215, 119, 169,
       254, 244, 94, 248, 119, 123, 235, 178, 101, 235, 212, 39, 100, 97,
       129, 164, 52, 78, 137, 184, 9, 211, 12, 50, 57, 244, 36, 84, 186,
       82, 112, 129, 244, 82, 92, 24, 14, 208, 20, 192, 76, 153, 172, 24,
       5, 240, 29, 156, 73, 16, 242, 51, 188, 88, 86, 32, 248, 118, 117,
       121, 158, 63, 7, 93, 79, 231, 102, 185, 184, 125, 234, 180, 94,
       247, 246, 2, 241, 155, 178, 241, 47, 220, 131, 231, 95, 19, 188,
       213, 105, 227, 44, 6, 190, 202, 120, 163, 255, 50, 202, 37, 169,
       146, 28, 197, 79, 145, 172, 16, 5, 96, 24, 148, 73, 24, 242, 113,
       188, 120, 86, 42, 249, 13, 158, 230, 105, 253, 241, 163, 92, 184,
       255, 194, 109, 168, 29, 41, 5, 136, 253, 235, 26, 240, 71, 94,
       249, 97, 120, 8, 166, 124, 87, 97, 215, 223, 192, 219, 32, 117,
       184, 237, 43, 125, 20, 106, 166, 85, 225, 123, 115, 184, 221, 28,
       45, 245, 229, 218, 64, 54, 198, 183, 135, 194, 219, 44, 94, 186,
       245, 125, 215, 254, 21, 223, 185, 246, 79, 117, 122, 191, 107, 22,
       84, 118, 215, 118, 243, 115, 254, 177, 110, 184, 178, 247, 123,
       254, 249, 245, 251, 87, 108, 12, 223, 222, 121, 243, 255, 93, 202,
       237, 223, 209, 52, 209, 95, 187, 174, 153, 75, 104, 26, 156, 93,
       88, 247, 112, 91, 254, 159, 40, 191, 216, 9, 155, 215, 234, 211,
       88, 166, 26, 171, 87, 158, 146, 194, 147, 218, 46, 211, 56, 79,
       142, 189, 238, 11, 139, 211, 178, 111, 66, 233, 182, 110, 87, 183,
       52, 115, 87, 255, 246, 87, 208, 124, 229, 126, 171, 12, 137, 187,
       223, 200, 59, 247, 245, 255, 188, 234, 209, 127, 113, 123, 93, 53,
       145, 254, 13, 14, 130, 161, 157, 224, 160, 94, 56, 250, 194, 69,
       0, 5, 139, 129, 203, 76, 129, 64, 224, 1, 78, 121, 71, 152, 24,
       134, 92, 69, 41, 199, 93, 160, 221, 49, 53, 246, 45, 36, 233, 84,
       90, 46, 71, 133, 83, 243, 56, 124, 24, 5, 245, 157, 156, 72, 150,
       130, 167, 165, 194, 71, 32, 118, 179, 248, 87, 79, 252, 66, 221,
       190, 218, 189, 125, 249, 110, 103, 195, 248, 123, 198, 54, 243,
       199, 168, 173, 190, 174, 255, 119, 59, 215, 43, 227, 127, 241,
       237, 124, 223, 94, 53, 251, 247, 115, 94, 169, 190, 220, 18, 216,
       125, 137, 253, 86, 195, 252, 22, 132, 73, 144, 240, 160, 59, 252,
       69, 34, 189, 178, 240, 154, 63, 191, 64, 220, 166, 82, 170, 89,
       255, 52, 70, 15, 120, 127, 130, 0, 210, 199, 169, 199, 78, 170,
       206, 242, 75, 195, 41, 231, 110, 247, 172, 29, 215, 95, 117, 234,
       119, 51, 74, 197, 106, 246, 20, 151, 127, 155, 238, 26, 7, 244, 6,
       28, 65, 144, 243, 185, 57, 60, 103, 162, 229, 63, 255, 253, 254,
       63, 253, 253, 125, 255, 255, 221, 249, 253, 127, 252, 221, 255,
       255, 227, 251, 247, 127, 219, 255, 253, 255, 247, 255, 127, 255,
       247, 239, 223, 254, 215, 190, 255, 248, 249, 127, 124, 221, 251,
       239, 245, 245, 247, 111, 187, 254, 153, 79, 244, 29, 222, 93, 62,
       243, 247, 191, 251, 255, 237, 254, 125, 255, 125, 154, 23, 255, 7,
       127, 255, 84, 172, 185, 125, 58, 237, 255, 243, 246, 219, 60, 245,
       113, 117, 183, 213, 233, 104, 29, 123, 88, 220, 105, 236, 103,
       118, 190, 210, 114, 149, 252, 246, 223, 126, 167, 20, 150, 69, 78,
