%YAML:1.0
descriptors: !!opencv-matrix
   rows: 45
   cols: 64
   dt: u
   data: [ 252, 173, 255, 254, 98, 223, 249, 103, 255, 253, 86, 253, 223,
       254, 190, 222, 251, 155, 251, 111, 247, 125, 243, 247, 255, 251,
       182, 255, 111, 221, 246, 235, 199, 47, 101, 190, 255, 126, 251,
       124, 120, 253, 253, 111, 253, 52, 247, 111, 191, 172, 153, 207,
       240, 29, 156, 93, 86, 246, 115, 253, 123, 127, 41, 250, 255, 254,
       255, 239, 255, 255, 255, 248, 255, 255, 254, 251, 255, 127, 255,
       93, 255, 255, 255, 123, 253, 119, 219, 124, 239, 255, 253, 255,
       254, 127, 247, 255, 223, 237, 223, 191, 255, 249, 249, 127, 125,
       92, 123, 63, 213, 49, 255, 127, 189, 191, 24, 5, 240, 189, 156,
       73, 116, 246, 183, 189, 250, 223, 32, 254, 251, 212, 122, 239,
       255, 181, 219, 137, 158, 255, 147, 254, 189, 72, 123, 117, 246,
       247, 30, 179, 204, 55, 211, 124, 61, 210, 255, 127, 86, 123, 247,
       127, 103, 189, 223, 31, 242, 123, 234, 119, 225, 92, 103, 72, 243,
       92, 153, 63, 157, 222, 24, 5, 246, 181, 188, 115, 16, 243, 242,
       191, 255, 223, 56, 183, 63, 180, 253, 190, 63, 247, 189, 127, 246,
       254, 212, 181, 125, 126, 191, 87, 255, 254, 99, 114, 245, 51, 211,
       247, 205, 253, 244, 207, 82, 92, 247, 235, 223, 44, 87, 190, 91,
       120, 233, 116, 120, 93, 56, 47, 213, 53, 247, 111, 153, 172, 24,
       5, 240, 29, 156, 73, 16, 242, 51, 189, 88, 87, 32, 250, 60, 190,
       255, 255, 62, 253, 255, 253, 255, 254, 254, 189, 125, 126, 251,
       255, 251, 246, 107, 107, 245, 115, 223, 255, 221, 239, 245, 191,
       127, 223, 255, 255, 239, 44, 87, 190, 222, 122, 233, 125, 248, 93,
       127, 46, 213, 183, 245, 111, 189, 172, 156, 13, 242, 29, 157, 89,
       16, 242, 59, 189, 219, 95, 40, 254, 40, 143, 239, 248, 55, 253,
       253, 127, 181, 222, 222, 213, 89, 124, 57, 77, 137, 252, 227, 107,
       244, 118, 208, 247, 125, 255, 149, 182, 124, 214, 53, 235, 223,
       40, 215, 184, 215, 120, 249, 117, 120, 125, 59, 47, 213, 53, 247,
       111, 187, 172, 24, 5, 240, 29, 156, 89, 16, 242, 51, 189, 90, 215,
       40, 250, 254, 189, 251, 222, 50, 7, 93, 107, 199, 198, 181, 178,
       127, 234, 182, 94, 254, 215, 98, 103, 23, 191, 209, 103, 221, 219,
       247, 77, 66, 188, 244, 105, 198, 38, 6, 190, 194, 124, 195, 124,
       112, 219, 181, 111, 215, 28, 245, 110, 153, 172, 24, 5, 240, 29,
       156, 65, 16, 242, 115, 189, 89, 87, 32, 251, 54, 164, 253, 142,
       43, 221, 157, 109, 247, 244, 149, 253, 253, 62, 189, 84, 255, 178,
       98, 35, 213, 118, 211, 119, 253, 183, 245, 123, 106, 223, 213,
       107, 215, 44, 71, 190, 210, 120, 233, 124, 112, 93, 57, 47, 212,
       116, 245, 111, 153, 172, 153, 13, 240, 29, 156, 89, 48, 242, 51,
       189, 122, 87, 40, 250, 84, 49, 211, 214, 48, 131, 121, 110, 194,
       132, 213, 181, 119, 226, 146, 90, 250, 213, 35, 103, 135, 45, 195,
       55, 142, 138, 166, 13, 82, 12, 48, 105, 215, 39, 52, 186, 82, 120,
       195, 84, 80, 88, 185, 110, 233, 20, 193, 110, 153, 172, 24, 5,
       240, 28, 156, 73, 16, 242, 51, 189, 88, 86, 33, 250, 47, 182, 101,
       163, 255, 180, 171, 88, 252, 127, 194, 123, 237, 11, 161, 69, 226,
       245, 3, 96, 233, 7, 139, 124, 76, 152, 40, 167, 222, 13, 49, 239,
       85, 164, 93, 186, 114, 120, 169, 118, 121, 84, 26, 14, 197, 5,
       216, 81, 152, 172, 24, 5, 240, 29, 156, 73, 16, 242, 51, 188, 88,
       87, 32, 248, 60, 187, 253, 254, 63, 189, 253, 120, 127, 252, 215,
       243, 253, 127, 252, 84, 246, 223, 97, 99, 245, 116, 195, 243, 221,
       254, 225, 255, 126, 223, 245, 235, 223, 100, 87, 186, 87, 120,
       249, 124, 116, 93, 57, 47, 213, 21, 247, 111, 153, 172, 24, 5,
       240, 29, 156, 73, 16, 242, 51, 189, 88, 87, 32, 250, 171, 222,
       108, 111, 191, 189, 223, 24, 255, 95, 188, 251, 175, 123, 108, 93,
       155, 247, 126, 187, 245, 118, 147, 124, 117, 247, 113, 55, 127,
       123, 247, 179, 159, 236, 223, 244, 255, 89, 248, 57, 127, 223,
       107, 253, 213, 113, 252, 119, 190, 223, 152, 13, 252, 165, 222,
       125, 62, 247, 246, 191, 243, 219, 172, 218, 62, 180, 253, 174, 63,
       253, 189, 121, 255, 254, 254, 253, 253, 126, 188, 117, 255, 222,
       99, 115, 245, 118, 211, 247, 253, 255, 245, 255, 126, 95, 247,
       235, 223, 44, 87, 190, 223, 120, 233, 117, 120, 93, 123, 47, 213,
       53, 247, 111, 185, 172, 24, 5, 240, 29, 156, 73, 16, 242, 51, 189,
       90, 87, 32, 250, 63, 190, 125, 175, 63, 253, 191, 120, 255, 255,
       254, 255, 253, 63, 253, 245, 255, 255, 99, 115, 245, 103, 219,
       127, 253, 255, 245, 255, 126, 95, 247, 239, 223, 108, 85, 190, 95,
       122, 233, 124, 252, 92, 122, 47, 213, 55, 247, 111, 153, 172, 24,
       5, 240, 29, 157, 73, 16, 242, 51, 189, 218, 87, 32, 250, 250, 221,
       255, 255, 239, 255, 255, 255, 255, 255, 255, 203, 255, 249, 127,
       190, 255, 255, 255, 255, 254, 255, 255, 255, 255, 255, 255, 254,
       255, 247, 255, 255, 255, 255, 235, 125, 255, 255, 254, 123, 251,
       255, 251, 255, 255, 255, 255, 255, 255, 219, 255, 255, 253, 255,
       255, 255, 247, 255, 255, 255, 247, 255, 223, 255, 5, 166, 65, 163,
       189, 176, 163, 88, 56, 121, 66, 117, 160, 27, 201, 101, 226, 212,
       133, 40, 193, 0, 138, 120, 108, 152, 40, 35, 94, 11, 33, 95, 117,
       228, 93, 178, 117, 250, 41, 54, 193, 84, 10, 14, 64, 131, 216, 65,
       152, 61, 28, 4, 244, 21, 143, 73, 16, 242, 183, 140, 216, 87, 32,
       252, 63, 253, 239, 255, 55, 255, 253, 127, 253, 223, 253, 253,
       255, 254, 253, 238, 251, 245, 123, 111, 183, 127, 210, 119, 125,
       255, 183, 63, 127, 219, 126, 235, 215, 100, 119, 186, 214, 121,
       249, 125, 120, 221, 253, 47, 215, 148, 245, 111, 159, 172, 155,
       13, 242, 29, 156, 93, 56, 246, 123, 253, 91, 223, 40, 250, 189,
       62, 117, 197, 255, 253, 187, 249, 255, 125, 222, 119, 253, 127,
       251, 245, 251, 245, 107, 96, 245, 111, 154, 124, 127, 253, 253,
       59, 254, 219, 127, 239, 71, 101, 95, 190, 214, 123, 249, 124, 125,
       93, 122, 191, 197, 162, 253, 109, 153, 165, 152, 9, 242, 31, 158,
       85, 56, 246, 115, 189, 218, 143, 40, 250, 187, 188, 117, 135, 223,
       237, 135, 121, 223, 93, 254, 127, 255, 126, 220, 244, 251, 215,
       119, 48, 245, 43, 171, 124, 255, 255, 125, 47, 254, 219, 95, 239,
       197, 109, 109, 158, 222, 115, 237, 254, 89, 213, 71, 47, 205, 38,
       188, 101, 173, 180, 217, 12, 242, 150, 143, 65, 104, 242, 50, 185,
       218, 15, 36, 252, 63, 182, 125, 175, 191, 189, 191, 121, 254, 255,
       214, 251, 253, 126, 189, 84, 255, 223, 99, 115, 245, 119, 195,
       127, 205, 254, 245, 255, 126, 93, 245, 239, 215, 44, 85, 190, 95,
       120, 233, 116, 120, 93, 122, 47, 213, 53, 247, 111, 153, 172, 24,
       5, 240, 29, 156, 73, 16, 242, 51, 189, 90, 87, 32, 250, 63, 182,
       253, 254, 63, 253, 189, 125, 255, 254, 214, 241, 253, 127, 185,
       85, 255, 254, 99, 243, 245, 119, 211, 255, 205, 251, 244, 255,
       122, 93, 245, 235, 223, 44, 87, 190, 223, 120, 233, 117, 120, 92,
       59, 47, 213, 53, 247, 111, 185, 172, 24, 5, 240, 29, 156, 73, 20,
       242, 55, 189, 90, 87, 32, 250, 62, 177, 253, 254, 63, 189, 253,
       122, 247, 252, 213, 241, 255, 126, 180, 94, 255, 223, 99, 115,
       245, 63, 195, 247, 205, 254, 247, 255, 90, 221, 245, 235, 223, 44,
       85, 190, 223, 120, 233, 125, 120, 93, 59, 47, 213, 53, 247, 111,
       153, 172, 24, 5, 240, 29, 156, 73, 16, 242, 51, 189, 90, 87, 32,
       250, 61, 189, 255, 254, 55, 191, 253, 127, 247, 252, 213, 241,
       127, 251, 188, 94, 255, 223, 99, 99, 247, 127, 195, 247, 221, 255,
       247, 255, 122, 92, 244, 235, 223, 36, 85, 190, 211, 120, 249, 117,
       120, 93, 185, 47, 213, 53, 247, 111, 153, 172, 24, 5, 240, 29,
       156, 73, 16, 242, 115, 191, 88, 87, 32, 250, 61, 191, 253, 254,
       62, 253, 253, 121, 255, 253, 254, 249, 255, 127, 252, 252, 255,
       255, 227, 107, 245, 110, 211, 247, 253, 255, 247, 255, 126, 223,
