%YAML:1.0
descriptors: !!opencv-matrix
   rows: 28
   cols: 64
   dt: u
   data: [ 63, 255, 253, 255, 63, 189, 253, 121, 255, 255, 245, 249, 253,
       123, 252, 223, 255, 255, 227, 251, 245, 126, 211, 255, 253, 255,
       247, 255, 127, 255, 245, 239, 223, 124, 215, 190, 255, 121, 249,
       125, 124, 223, 255, 47, 245, 181, 247, 111, 187, 190, 153, 79,
       242, 29, 223, 93, 62, 243, 247, 255, 251, 223, 172, 254, 204, 203,
       191, 249, 104, 247, 250, 243, 57, 255, 226, 202, 195, 241, 219,
       171, 205, 221, 191, 111, 142, 85, 206, 123, 111, 215, 63, 230, 85,
       7, 50, 251, 215, 147, 221, 105, 80, 253, 254, 114, 112, 60, 232,
       125, 191, 156, 117, 179, 223, 201, 56, 245, 241, 253, 188, 126,
       81, 222, 115, 239, 85, 241, 89, 190, 58, 217, 218, 255, 55, 221,
       219, 12, 191, 197, 29, 222, 191, 126, 126, 252, 255, 215, 48, 255,
       134, 63, 195, 103, 125, 215, 247, 127, 119, 187, 222, 41, 151, 44,
       21, 222, 194, 89, 251, 126, 50, 221, 189, 105, 149, 28, 245, 47,
       221, 172, 155, 5, 248, 21, 180, 105, 16, 242, 56, 189, 89, 95, 50,
       250, 237, 205, 158, 215, 98, 215, 254, 147, 63, 255, 45, 202, 158,
       254, 54, 79, 157, 187, 252, 239, 191, 255, 115, 243, 211, 119,
       247, 254, 105, 247, 246, 227, 207, 27, 227, 37, 211, 77, 250, 105,
       120, 61, 253, 111, 191, 124, 247, 111, 189, 202, 184, 95, 247,
       109, 216, 214, 55, 223, 115, 183, 251, 249, 201, 234, 254, 48,
       251, 183, 223, 167, 123, 253, 198, 101, 213, 62, 247, 202, 147,
       94, 242, 215, 123, 86, 251, 143, 203, 61, 158, 234, 254, 175, 210,
       153, 240, 174, 103, 47, 20, 191, 82, 117, 101, 86, 152, 64, 148,
       14, 201, 61, 137, 151, 157, 44, 24, 129, 113, 60, 156, 195, 80,
       254, 49, 153, 88, 22, 50, 253, 76, 32, 155, 53, 232, 176, 186,
       228, 24, 187, 195, 30, 192, 4, 131, 2, 136, 73, 131, 99, 201, 37,
       74, 217, 141, 72, 190, 230, 64, 37, 51, 70, 87, 144, 93, 43, 28,
       249, 232, 118, 120, 76, 57, 46, 247, 20, 131, 123, 155, 236, 56,
       103, 241, 93, 28, 73, 22, 251, 19, 177, 72, 83, 97, 230, 63, 254,
       125, 203, 55, 253, 149, 121, 255, 223, 220, 249, 253, 63, 253, 93,
       255, 247, 98, 187, 245, 118, 211, 245, 253, 247, 117, 127, 127,
       223, 215, 235, 223, 108, 215, 190, 222, 120, 249, 125, 116, 93,
       59, 175, 149, 176, 245, 111, 187, 188, 153, 13, 240, 29, 222, 93,
       60, 246, 54, 253, 219, 223, 108, 250, 65, 11, 130, 212, 72, 130,
       202, 66, 32, 41, 3, 67, 130, 225, 0, 9, 4, 73, 44, 39, 198, 45, 8,
       107, 66, 74, 130, 6, 0, 0, 0, 71, 87, 51, 88, 57, 16, 236, 118,
       130, 193, 32, 8, 78, 233, 12, 193, 203, 17, 128, 24, 85, 117, 88,
       156, 139, 17, 90, 50, 151, 64, 117, 17, 249, 67, 6, 128, 163, 201,
       128, 166, 68, 8, 235, 0, 9, 128, 1, 3, 17, 74, 85, 129, 2, 200,
       33, 238, 41, 68, 200, 42, 39, 18, 1, 33, 71, 117, 163, 92, 49, 49,
       228, 37, 38, 65, 66, 72, 8, 67, 28, 73, 147, 24, 76, 88, 36, 229,
       208, 172, 234, 144, 40, 163, 188, 72, 71, 50, 245, 65, 195, 16,
       222, 201, 138, 6, 0, 42, 64, 41, 10, 144, 82, 108, 17, 109, 91, 0,
       102, 78, 168, 128, 98, 66, 215, 147, 108, 145, 2, 145, 1, 146, 54,
       81, 128, 1, 64, 194, 64, 32, 58, 24, 67, 85, 28, 245, 14, 129,
       132, 16, 4, 48, 77, 129, 203, 17, 242, 49, 181, 80, 103, 33, 232,
       3, 5, 16, 18, 73, 10, 4, 2, 2, 32, 35, 2, 0, 67, 4, 17, 100, 2, 4,
       0, 2, 164, 8, 66, 66, 150, 113, 72, 130, 32, 129, 65, 18, 150, 80,
       0, 1, 128, 38, 66, 32, 0, 8, 193, 0, 24, 180, 143, 64, 0, 16, 0,
       36, 64, 32, 163, 17, 16, 0, 53, 0, 80, 17, 72, 3, 3, 0, 178, 200,
       136, 38, 0, 32, 65, 2, 66, 128, 69, 0, 1, 68, 73, 5, 98, 198, 44,
       10, 83, 72, 222, 19, 46, 18, 2, 49, 65, 151, 38, 80, 154, 1, 72,
       105, 2, 96, 112, 24, 105, 213, 20, 247, 71, 25, 172, 24, 4, 240,
       29, 156, 9, 17, 242, 51, 181, 64, 87, 32, 250, 5, 39, 17, 136, 0,
       12, 32, 70, 34, 70, 34, 2, 64, 129, 143, 17, 238, 200, 129, 100,
       1, 128, 0, 0, 206, 145, 57, 73, 128, 12, 144, 1, 80, 4, 85, 138,
       0, 228, 5, 68, 32, 0, 24, 1, 36, 28, 100, 132, 144, 36, 48, 52,
       32, 25, 4, 73, 144, 88, 0, 36, 92, 68, 33, 160, 70, 0, 129, 145,
       200, 134, 10, 68, 2, 103, 1, 2, 129, 128, 147, 18, 64, 69, 24,
       100, 138, 133, 194, 9, 14, 192, 170, 109, 0, 40, 49, 11, 115, 21,
       20, 139, 0, 108, 5, 70, 0, 64, 0, 8, 67, 28, 201, 21, 21, 12, 16,
       37, 33, 120, 20, 235, 192, 42, 17, 152, 76, 84, 48, 177, 60, 190,
       253, 253, 62, 253, 253, 117, 61, 254, 86, 221, 221, 126, 189, 207,
       251, 253, 225, 107, 245, 125, 218, 251, 125, 255, 179, 247, 125,
       223, 119, 239, 215, 242, 215, 186, 247, 248, 249, 127, 112, 125,
       251, 47, 245, 148, 247, 107, 155, 236, 153, 13, 244, 29, 156, 93,
       54, 242, 115, 191, 219, 223, 45, 254, 109, 54, 247, 161, 253, 55,
       35, 252, 228, 124, 194, 55, 237, 191, 155, 69, 226, 213, 11, 100,
       105, 135, 130, 116, 78, 232, 184, 13, 210, 12, 50, 41, 213, 36,
       85, 186, 82, 114, 133, 116, 116, 84, 24, 14, 213, 4, 192, 77, 153,
       172, 24, 5, 240, 29, 156, 73, 16, 242, 51, 188, 88, 87, 32, 248,
       196, 41, 211, 246, 81, 162, 111, 74, 68, 129, 65, 243, 163, 198,
       130, 91, 226, 213, 57, 103, 15, 45, 194, 115, 14, 202, 186, 47,
       82, 8, 48, 41, 215, 39, 116, 155, 2, 124, 69, 212, 81, 104, 184,
       107, 203, 28, 125, 175, 217, 164, 24, 21, 113, 62, 156, 73, 80,
       250, 51, 191, 88, 87, 49, 250, 213, 56, 243, 133, 216, 134, 139,
       200, 138, 239, 3, 118, 199, 203, 147, 81, 234, 213, 53, 103, 201,
       133, 134, 120, 78, 218, 184, 47, 210, 10, 51, 63, 119, 37, 92,
       187, 82, 124, 237, 86, 208, 68, 24, 14, 201, 24, 217, 21, 153,
       172, 24, 5, 240, 31, 156, 73, 16, 242, 49, 189, 92, 87, 32, 250,
       253, 189, 255, 255, 119, 127, 255, 254, 255, 221, 221, 255, 255,
       254, 182, 254, 255, 223, 123, 111, 119, 191, 231, 247, 255, 255,
       247, 255, 123, 95, 246, 235, 223, 47, 117, 255, 215, 120, 249,
       125, 120, 93, 187, 47, 221, 53, 247, 111, 157, 172, 25, 133, 240,
       29, 156, 77, 80, 246, 115, 191, 123, 87, 32, 250, 237, 43, 231,
       247, 120, 51, 227, 254, 244, 189, 194, 119, 235, 255, 179, 75,
       226, 213, 187, 103, 229, 173, 199, 119, 79, 234, 182, 167, 90, 12,
       50, 235, 247, 39, 85, 187, 82, 124, 253, 116, 120, 124, 56, 46,
       221, 21, 209, 239, 153, 172, 24, 5, 241, 29, 156, 73, 16, 242, 51,
       189, 88, 87, 32, 250, 108, 175, 231, 219, 126, 119, 163, 255, 244,
       252, 204, 119, 255, 255, 187, 109, 235, 245, 123, 102, 245, 103,
       211, 247, 94, 234, 188, 47, 250, 222, 50, 235, 215, 39, 87, 186,
       82, 120, 253, 124, 116, 93, 56, 47, 213, 52, 245, 239, 153, 172,
       24, 5, 240, 29, 156, 73, 16, 246, 51, 189, 88, 87, 32, 250, 45, 6,
       101, 168, 137, 253, 161, 93, 164, 124, 202, 5, 73, 61, 249, 165,
       195, 124, 195, 96, 240, 98, 152, 112, 92, 168, 4, 128, 124, 6, 57,
       203, 245, 32, 87, 184, 81, 114, 41, 44, 252, 84, 26, 134, 68, 195,
       230, 73, 24, 44, 24, 12, 242, 29, 140, 9, 16, 226, 35, 188, 74,
       71, 32, 240, 50, 57, 219, 214, 50, 134, 89, 47, 198, 230, 21, 144,
       183, 226, 146, 90, 126, 215, 32, 99, 134, 45, 194, 71, 141, 146,
       246, 79, 2, 168, 212, 107, 215, 38, 53, 190, 66, 124, 251, 86,
       112, 72, 181, 107, 183, 20, 245, 111, 155, 172, 24, 199, 240, 25,
       156, 73, 16, 242, 51, 251, 88, 85, 33, 250, 45, 166, 101, 32, 62,
       189, 161, 124, 240, 62, 210, 113, 236, 59, 137, 69, 202, 236, 195,
       240, 241, 98, 91, 255, 68, 56, 4, 135, 124, 85, 33, 199, 223, 104,
       213, 176, 127, 56, 169, 60, 124, 84, 58, 143, 85, 225, 247, 107,
       184, 188, 24, 4, 240, 29, 158, 73, 54, 242, 183, 189, 202, 215,
       36, 250, 50, 241, 253, 222, 54, 157, 93, 59, 231, 198, 21, 176,
       61, 126, 52, 95, 255, 246, 96, 251, 151, 126, 209, 231, 217, 183,
       231, 89, 50, 184, 212, 105, 206, 60, 151, 158, 202, 88, 218, 125,
