%YAML:1.0
descriptors: !!opencv-matrix
   rows: 47
   cols: 64
   dt: u
   data: [ 62, 189, 255, 246, 63, 253, 253, 127, 247, 252, 214, 245, 255,
       126, 184, 94, 255, 254, 227, 123, 245, 127, 211, 247, 253, 255,
       228, 255, 122, 221, 245, 235, 223, 44, 87, 190, 255, 120, 249,
       125, 120, 93, 255, 47, 213, 53, 247, 111, 185, 172, 153, 13, 240,
       29, 156, 77, 60, 242, 119, 189, 123, 87, 36, 250, 69, 11, 147,
       244, 104, 130, 125, 78, 128, 164, 3, 23, 131, 231, 146, 26, 42,
       205, 33, 103, 198, 45, 194, 115, 79, 218, 182, 15, 66, 40, 48,
       111, 87, 39, 116, 186, 17, 124, 243, 84, 64, 124, 184, 107, 233,
       20, 229, 111, 153, 172, 24, 85, 240, 28, 156, 73, 17, 242, 51,
       191, 88, 87, 33, 250, 5, 2, 17, 161, 201, 160, 163, 72, 32, 123,
       2, 71, 129, 73, 161, 17, 98, 221, 129, 64, 200, 33, 138, 120, 68,
       152, 40, 103, 144, 1, 33, 79, 87, 128, 93, 56, 49, 248, 45, 70,
       64, 68, 10, 10, 65, 4, 209, 83, 152, 44, 24, 5, 244, 29, 156, 73,
       16, 114, 179, 189, 72, 23, 32, 248, 80, 9, 147, 246, 32, 2, 124,
       70, 66, 160, 1, 144, 19, 194, 146, 90, 46, 215, 48, 103, 14, 173,
       194, 3, 143, 202, 178, 77, 66, 40, 52, 41, 210, 55, 52, 187, 0,
       124, 210, 84, 48, 104, 185, 107, 171, 28, 229, 110, 217, 172, 56,
       215, 112, 28, 180, 73, 17, 250, 49, 251, 88, 116, 161, 250, 85,
       22, 211, 225, 248, 144, 163, 192, 42, 255, 130, 95, 196, 121, 139,
       17, 234, 221, 137, 99, 204, 37, 206, 120, 77, 218, 56, 111, 86,
       13, 51, 127, 119, 165, 93, 59, 80, 251, 237, 118, 209, 84, 72, 14,
       193, 4, 217, 51, 153, 172, 24, 37, 240, 29, 156, 105, 16, 242, 51,
       189, 88, 87, 32, 255, 44, 35, 101, 242, 255, 189, 35, 120, 244,
       124, 198, 53, 249, 122, 249, 69, 226, 212, 67, 98, 245, 34, 129,
       118, 76, 170, 164, 13, 210, 12, 49, 235, 247, 38, 85, 186, 82,
       114, 193, 116, 248, 84, 24, 14, 80, 134, 193, 79, 153, 44, 24, 5,
       240, 29, 157, 73, 16, 242, 51, 189, 88, 86, 32, 249, 132, 225,
       136, 156, 32, 16, 216, 131, 1, 130, 33, 202, 210, 34, 182, 42,
       128, 9, 36, 239, 7, 244, 64, 194, 217, 19, 183, 249, 65, 174, 182,
       32, 214, 16, 69, 170, 218, 120, 234, 241, 114, 58, 57, 45, 178,
       20, 247, 111, 155, 170, 56, 71, 240, 93, 124, 88, 16, 211, 51,
       181, 120, 115, 98, 235, 1, 6, 0, 34, 201, 128, 36, 64, 32, 1, 2,
       66, 128, 69, 128, 1, 74, 101, 161, 64, 192, 4, 10, 65, 70, 156,
       25, 34, 146, 0, 1, 65, 23, 134, 80, 24, 1, 200, 45, 2, 97, 0, 24,
       1, 69, 0, 244, 193, 16, 36, 24, 36, 68, 0, 140, 9, 16, 0, 50, 133,
       64, 87, 32, 106, 66, 3, 0, 150, 200, 2, 2, 2, 2, 64, 1, 5, 0, 193,
       0, 17, 100, 67, 0, 4, 194, 45, 128, 67, 74, 128, 8, 76, 146, 40,
       0, 65, 50, 55, 16, 17, 32, 64, 6, 128, 1, 32, 8, 72, 73, 12, 193,
       206, 65, 36, 80, 4, 33, 64, 132, 139, 17, 74, 34, 20, 64, 4, 16,
       224, 66, 3, 144, 146, 1, 130, 0, 7, 2, 96, 3, 4, 0, 132, 3, 18,
       100, 18, 0, 4, 138, 133, 202, 3, 6, 128, 32, 76, 18, 8, 0, 64, 23,
       38, 81, 154, 0, 74, 7, 66, 128, 16, 8, 8, 0, 28, 97, 134, 209, 40,
       16, 4, 48, 24, 164, 75, 16, 112, 32, 52, 72, 68, 0, 234, 67, 4, 0,
       19, 201, 130, 6, 68, 0, 35, 1, 0, 128, 0, 1, 3, 2, 65, 1, 68, 138,
       161, 202, 8, 4, 192, 136, 38, 18, 8, 33, 71, 81, 133, 84, 59, 0,
       232, 37, 2, 0, 96, 8, 8, 67, 28, 73, 19, 16, 68, 16, 36, 5, 88,
       148, 170, 16, 42, 51, 180, 72, 70, 48, 224, 130, 131, 2, 181, 169,
       128, 138, 128, 0, 203, 1, 66, 130, 65, 2, 1, 32, 85, 5, 99, 198,
       44, 194, 122, 76, 154, 178, 42, 146, 0, 33, 27, 119, 36, 92, 155,
       82, 124, 232, 196, 193, 104, 24, 14, 211, 20, 209, 95, 153, 172,
       24, 5, 240, 28, 156, 73, 16, 242, 51, 189, 92, 87, 32, 187, 69, 3,
       130, 16, 0, 2, 0, 70, 2, 162, 1, 4, 2, 193, 3, 2, 96, 64, 0, 7,
       202, 165, 230, 3, 72, 130, 160, 12, 16, 8, 0, 67, 119, 38, 84,
       186, 16, 104, 3, 196, 192, 64, 24, 10, 128, 20, 193, 78, 25, 44,
       24, 5, 112, 24, 156, 73, 16, 114, 51, 189, 72, 86, 32, 251, 5, 6,
       68, 32, 221, 176, 35, 88, 32, 92, 130, 99, 136, 57, 128, 5, 194,
       125, 129, 96, 224, 66, 154, 112, 68, 184, 8, 5, 248, 0, 33, 1, 92,
       36, 212, 186, 80, 56, 5, 4, 68, 84, 26, 143, 64, 1, 240, 65, 24,
       44, 24, 4, 240, 29, 140, 9, 24, 226, 51, 188, 72, 87, 36, 120, 4,
       34, 65, 128, 216, 128, 2, 64, 2, 2, 2, 16, 128, 67, 129, 1, 98,
       68, 1, 96, 192, 32, 128, 98, 76, 136, 160, 9, 146, 8, 33, 72, 82,
       36, 84, 186, 0, 112, 1, 84, 128, 64, 24, 14, 64, 20, 192, 79, 24,
       44, 24, 4, 96, 24, 156, 73, 16, 114, 51, 188, 72, 86, 32, 241, 82,
       17, 153, 150, 34, 2, 88, 46, 66, 194, 21, 144, 19, 194, 18, 18,
       102, 214, 0, 103, 10, 165, 226, 3, 140, 130, 162, 77, 2, 40, 20,
       41, 210, 52, 20, 186, 74, 104, 194, 212, 144, 74, 61, 11, 176, 20,
       193, 110, 145, 172, 24, 7, 112, 25, 148, 73, 16, 114, 51, 185, 88,
       86, 32, 251, 71, 5, 64, 18, 21, 2, 12, 7, 2, 98, 17, 16, 0, 206,
       132, 86, 98, 84, 1, 100, 67, 162, 193, 35, 76, 128, 160, 9, 18, 8,
       48, 105, 210, 36, 20, 186, 66, 120, 1, 84, 32, 74, 24, 11, 212,
       20, 229, 78, 153, 172, 24, 5, 96, 24, 156, 73, 16, 178, 51, 185,
       88, 86, 32, 248, 22, 33, 41, 148, 50, 21, 26, 101, 198, 198, 209,
       148, 81, 0, 145, 66, 130, 84, 66, 101, 10, 160, 228, 2, 12, 128,
       164, 9, 66, 140, 52, 56, 96, 36, 20, 186, 74, 120, 129, 212, 16,
       74, 49, 14, 210, 20, 192, 108, 27, 172, 16, 5, 112, 25, 148, 73,
       16, 242, 49, 152, 88, 86, 34, 251, 5, 178, 69, 163, 157, 184, 161,
       88, 60, 89, 130, 119, 161, 31, 200, 65, 98, 244, 133, 32, 192, 0,
       136, 112, 100, 156, 17, 3, 222, 10, 33, 95, 213, 100, 93, 178,
       116, 122, 41, 52, 209, 84, 26, 14, 64, 0, 240, 69, 152, 61, 24, 4,
       240, 21, 142, 73, 16, 242, 54, 172, 88, 87, 36, 248, 63, 249, 255,
       254, 62, 255, 253, 126, 247, 252, 252, 249, 255, 126, 189, 127,
       255, 255, 99, 115, 245, 63, 195, 247, 237, 255, 231, 255, 91, 95,
       247, 235, 223, 44, 85, 190, 95, 120, 249, 125, 122, 95, 59, 47,
       213, 53, 247, 111, 153, 172, 24, 5, 240, 29, 156, 73, 16, 242, 51,
       191, 88, 87, 34, 251, 51, 212, 109, 138, 23, 29, 17, 24, 247, 84,
       60, 64, 61, 59, 116, 245, 246, 246, 68, 176, 80, 114, 177, 36,
       120, 161, 101, 25, 63, 90, 93, 57, 176, 108, 146, 148, 106, 82, 1,
       248, 215, 219, 30, 13, 16, 214, 224, 76, 163, 53, 215, 12, 40, 0,
       199, 93, 56, 50, 42, 28, 83, 158, 46, 153, 60, 189, 255, 255, 63,
       255, 253, 127, 253, 253, 255, 249, 255, 126, 191, 126, 251, 221,
       99, 123, 245, 47, 195, 247, 237, 239, 231, 191, 126, 95, 119, 239,
       223, 44, 85, 190, 223, 120, 249, 117, 120, 93, 251, 47, 213, 53,
       247, 111, 153, 172, 24, 5, 240, 29, 156, 73, 16, 242, 115, 191,
       90, 87, 32, 250, 60, 178, 125, 135, 255, 189, 187, 124, 254, 255,
       214, 117, 253, 63, 185, 69, 254, 255, 67, 98, 245, 35, 203, 253,
       201, 120, 236, 238, 88, 205, 241, 239, 223, 36, 87, 190, 83, 120,
       233, 124, 120, 92, 56, 47, 213, 53, 247, 111, 153, 172, 24, 5,
       240, 29, 156, 73, 16, 242, 51, 189, 88, 87, 32, 250, 22, 162, 221,
       55, 41, 152, 190, 108, 250, 186, 215, 241, 236, 119, 137, 16, 239,
       139, 3, 243, 197, 103, 195, 255, 205, 222, 224, 255, 106, 141,
       161, 106, 223, 44, 69, 190, 91, 56, 233, 116, 120, 92, 56, 47,
       213, 53, 247, 111, 153, 172, 24, 1, 240, 29, 156, 73, 16, 242, 51,
       189, 88, 87, 32, 250, 37, 35, 116, 154, 16, 132, 5, 66, 38, 68,
       41, 146, 157, 107, 180, 70, 235, 244, 33, 96, 193, 36, 193, 115,
       92, 221, 181, 41, 82, 142, 49, 105, 215, 36, 85, 186, 82, 120,
       233, 124, 112, 92, 56, 47, 213, 20, 245, 111, 153, 172, 24, 5,
       240, 29, 156, 73, 16, 242, 51, 189, 88, 87, 32, 250, 31, 182, 221,
       127, 62, 185, 254, 112, 123, 185, 85, 217, 220, 119, 173, 83, 238,
       223, 33, 235, 197, 101, 195, 251, 205, 222, 161, 255, 126, 77,
