%YAML:1.0
descriptors: !!opencv-matrix
   rows: 76
   cols: 64
   dt: u
   data: [ 63, 182, 125, 175, 63, 253, 191, 120, 253, 253, 214, 253, 253,
       127, 188, 85, 255, 255, 99, 243, 245, 119, 211, 255, 237, 254,
       245, 255, 126, 87, 245, 239, 223, 108, 87, 190, 223, 120, 249,
       125, 124, 93, 122, 47, 213, 117, 247, 111, 185, 172, 24, 5, 240,
       29, 156, 73, 24, 242, 51, 189, 218, 95, 32, 250, 62, 185, 253,
       254, 62, 253, 253, 127, 253, 254, 221, 253, 253, 126, 188, 94,
       255, 223, 99, 251, 245, 119, 211, 247, 221, 255, 247, 255, 123,
       247, 245, 235, 215, 44, 87, 190, 223, 120, 249, 125, 120, 93, 255,
       47, 213, 53, 247, 111, 155, 172, 152, 7, 242, 29, 156, 89, 16,
       242, 115, 189, 123, 95, 40, 250, 7, 50, 69, 178, 28, 32, 6, 80,
       96, 60, 2, 49, 76, 67, 129, 81, 226, 212, 1, 96, 193, 32, 129,
       114, 76, 136, 160, 9, 82, 12, 49, 105, 215, 36, 85, 186, 82, 120,
       1, 116, 112, 84, 24, 15, 196, 20, 193, 79, 153, 172, 24, 5, 240,
       29, 156, 73, 16, 242, 51, 189, 88, 86, 32, 248, 44, 42, 247, 168,
       18, 127, 161, 127, 213, 252, 206, 53, 81, 190, 187, 230, 235, 220,
       195, 98, 245, 17, 196, 179, 93, 233, 132, 129, 104, 204, 58, 203,
       253, 36, 85, 186, 85, 114, 201, 124, 120, 85, 28, 38, 84, 167,
       103, 238, 153, 44, 153, 13, 242, 29, 156, 73, 16, 226, 43, 189,
       90, 71, 32, 250, 55, 245, 125, 142, 191, 156, 31, 8, 231, 71, 189,
       250, 173, 123, 180, 85, 246, 247, 6, 113, 131, 114, 145, 100, 244,
       246, 241, 127, 114, 58, 213, 41, 150, 108, 150, 158, 194, 120,
       233, 127, 112, 218, 56, 169, 213, 80, 244, 47, 145, 174, 16, 13,
       240, 29, 158, 73, 56, 242, 50, 189, 88, 215, 44, 250, 63, 182,
       109, 162, 159, 253, 131, 125, 255, 85, 222, 124, 253, 63, 252,
       245, 251, 212, 3, 96, 241, 66, 243, 116, 125, 253, 57, 41, 119,
       30, 115, 41, 213, 36, 85, 154, 82, 114, 169, 116, 112, 92, 56,
       175, 213, 20, 244, 108, 153, 172, 24, 5, 240, 29, 156, 73, 16,
       242, 51, 188, 88, 87, 32, 250, 61, 239, 239, 185, 55, 245, 181,
       127, 245, 214, 244, 184, 125, 58, 189, 78, 235, 212, 99, 111, 117,
       118, 212, 119, 93, 253, 181, 173, 83, 158, 48, 185, 214, 36, 85,
       186, 82, 120, 233, 124, 120, 95, 56, 47, 213, 53, 117, 110, 153,
       172, 24, 5, 240, 29, 156, 73, 16, 242, 51, 189, 88, 87, 32, 251,
       45, 54, 101, 162, 223, 55, 163, 253, 228, 92, 218, 119, 109, 63,
       179, 101, 226, 212, 67, 96, 241, 2, 157, 116, 78, 168, 44, 11,
       214, 28, 59, 251, 117, 36, 85, 186, 82, 114, 9, 244, 208, 84, 24,
       142, 64, 6, 192, 77, 153, 44, 24, 5, 240, 29, 156, 73, 16, 240,
       35, 188, 88, 86, 32, 248, 5, 135, 140, 216, 0, 159, 100, 86, 33,
       198, 45, 128, 80, 117, 61, 3, 137, 104, 160, 47, 150, 125, 82,
       195, 65, 119, 135, 100, 32, 4, 16, 65, 215, 18, 211, 40, 0, 200,
       250, 40, 52, 60, 56, 103, 53, 212, 119, 106, 17, 136, 40, 84, 177,
       89, 24, 12, 19, 203, 83, 167, 64, 243, 73, 234, 205, 10, 142, 245,
       40, 249, 250, 240, 24, 251, 234, 207, 194, 53, 75, 162, 137, 217,
       161, 235, 237, 37, 198, 251, 77, 95, 147, 246, 88, 71, 55, 211,
       215, 48, 85, 40, 119, 122, 232, 113, 248, 60, 59, 47, 247, 23,
       247, 107, 153, 236, 24, 5, 240, 93, 157, 72, 22, 211, 51, 189, 88,
       115, 32, 250, 61, 54, 247, 33, 221, 231, 167, 255, 229, 252, 202,
       53, 109, 31, 187, 69, 251, 244, 203, 96, 241, 3, 223, 53, 78, 253,
       60, 141, 254, 92, 121, 223, 109, 47, 215, 190, 84, 48, 45, 84, 61,
       68, 18, 174, 77, 225, 28, 197, 184, 60, 220, 8, 242, 188, 140, 65,
       32, 160, 35, 156, 202, 71, 44, 114, 3, 134, 8, 130, 137, 152, 134,
       0, 39, 96, 6, 70, 176, 63, 44, 20, 14, 51, 0, 144, 192, 100, 155,
       105, 112, 212, 24, 39, 54, 169, 9, 71, 151, 196, 81, 16, 99, 200,
       42, 10, 33, 16, 72, 97, 21, 20, 244, 3, 17, 72, 24, 4, 180, 1,
       232, 170, 16, 98, 178, 165, 128, 81, 48, 78, 255, 117, 125, 150,
       54, 5, 31, 105, 199, 199, 253, 178, 255, 175, 148, 86, 242, 213,
       39, 103, 27, 166, 193, 54, 92, 222, 165, 41, 82, 28, 112, 41, 210,
       36, 20, 186, 66, 120, 129, 212, 80, 74, 56, 175, 208, 20, 197,
       110, 153, 172, 16, 5, 112, 29, 156, 73, 16, 242, 51, 189, 88, 86,
       32, 250, 63, 244, 125, 162, 223, 172, 159, 72, 246, 71, 149, 122,
       189, 43, 180, 85, 242, 247, 5, 96, 193, 35, 147, 116, 76, 220,
       233, 47, 82, 26, 113, 105, 215, 36, 84, 186, 82, 120, 169, 116,
       112, 94, 56, 15, 213, 20, 244, 79, 153, 172, 24, 5, 240, 29, 156,
       73, 16, 242, 51, 188, 88, 87, 32, 250, 204, 9, 207, 209, 34, 213,
       217, 170, 157, 167, 21, 222, 155, 248, 51, 110, 137, 85, 116, 43,
       14, 255, 230, 99, 9, 247, 151, 50, 80, 203, 22, 27, 215, 22, 135,
       234, 82, 125, 251, 56, 112, 57, 229, 109, 151, 52, 113, 43, 31,
       168, 185, 197, 211, 25, 156, 94, 17, 98, 113, 123, 73, 157, 169,
       250, 131, 134, 199, 131, 205, 212, 133, 140, 174, 117, 34, 67,
       139, 123, 50, 5, 9, 117, 36, 35, 192, 71, 186, 105, 66, 215, 25,
       38, 190, 11, 19, 79, 151, 228, 82, 48, 112, 208, 111, 46, 101, 52,
       104, 39, 213, 64, 245, 227, 16, 172, 24, 5, 213, 9, 156, 11, 48,
       114, 50, 29, 200, 85, 36, 250, 124, 43, 247, 188, 18, 111, 33,
       127, 196, 220, 210, 53, 93, 190, 187, 230, 251, 220, 99, 102, 117,
       129, 196, 183, 77, 233, 164, 141, 82, 140, 50, 233, 213, 36, 85,
       186, 82, 122, 193, 116, 248, 92, 56, 46, 69, 148, 229, 110, 153,
       172, 24, 5, 240, 29, 156, 73, 16, 242, 51, 189, 88, 70, 32, 250,
       68, 34, 131, 145, 8, 208, 32, 224, 8, 190, 2, 7, 193, 135, 155, 2,
       11, 69, 161, 33, 200, 133, 74, 200, 9, 212, 156, 34, 0, 10, 51,
       75, 83, 0, 85, 162, 16, 248, 109, 4, 100, 100, 40, 38, 71, 4, 101,
       241, 24, 172, 56, 53, 211, 29, 156, 8, 4, 104, 19, 181, 72, 87,
       32, 242, 5, 174, 133, 136, 8, 220, 160, 117, 41, 116, 2, 5, 64,
       53, 153, 128, 201, 40, 193, 32, 213, 33, 90, 193, 89, 117, 20,
       102, 44, 142, 3, 71, 221, 16, 67, 32, 16, 154, 233, 44, 101, 20,
       40, 167, 85, 240, 117, 107, 144, 236, 8, 8, 178, 29, 152, 8, 6,
       66, 18, 165, 74, 71, 32, 122, 3, 193, 8, 158, 39, 156, 93, 0, 39,
       71, 61, 202, 153, 110, 52, 30, 137, 49, 36, 241, 134, 54, 192, 99,
       92, 215, 145, 63, 18, 186, 21, 105, 150, 60, 81, 138, 66, 72, 234,
       122, 112, 248, 61, 105, 149, 20, 245, 111, 145, 172, 16, 5, 224,
       25, 156, 9, 16, 242, 51, 189, 88, 87, 32, 250, 146, 241, 155, 246,
       52, 242, 248, 46, 82, 171, 85, 248, 34, 194, 134, 90, 46, 198, 52,
       75, 135, 45, 231, 11, 173, 147, 242, 31, 83, 41, 164, 106, 215,
       150, 188, 251, 55, 125, 242, 247, 82, 234, 185, 105, 187, 20, 209,
       126, 91, 170, 63, 215, 104, 24, 244, 72, 193, 179, 59, 219, 93,
       53, 227, 255, 207, 148, 194, 45, 93, 34, 231, 222, 48, 184, 228,
       251, 34, 91, 131, 9, 106, 125, 177, 83, 224, 41, 238, 114, 38,
       203, 24, 167, 251, 1, 33, 95, 189, 163, 180, 250, 119, 240, 37,
       181, 115, 106, 58, 6, 217, 17, 91, 201, 24, 188, 90, 5, 209, 190,
       156, 72, 16, 176, 167, 159, 24, 71, 36, 219, 68, 33, 131, 144, 0,
       66, 33, 230, 0, 230, 193, 148, 65, 128, 147, 2, 139, 76, 33, 103,
       8, 129, 230, 19, 76, 137, 152, 5, 64, 12, 48, 73, 85, 4, 21, 186,
       16, 124, 1, 84, 48, 96, 48, 46, 87, 28, 65, 238, 25, 44, 56, 21,
       209, 28, 148, 8, 144, 226, 35, 185, 72, 86, 32, 242, 163, 80, 0,
       130, 221, 136, 7, 8, 102, 65, 1, 66, 160, 11, 100, 21, 102, 247,
       4, 20, 72, 6, 129, 100, 70, 148, 57, 43, 146, 10, 1, 41, 144, 36,
       84, 154, 66, 112, 41, 86, 96, 208, 8, 9, 209, 24, 244, 5, 129,
       164, 16, 4, 32, 16, 140, 107, 16, 114, 48, 60, 88, 87, 32, 184,
       69, 35, 65, 128, 209, 10, 3, 78, 132, 4, 34, 48, 1, 75, 144, 65,
       194, 84, 5, 100, 65, 130, 160, 34, 78, 136, 8, 9, 146, 8, 16, 9,
       80, 39, 84, 154, 0, 112, 5, 148, 128, 64, 24, 7, 64, 10, 96, 196,
       0, 36, 80, 4, 1, 26, 133, 9, 16, 96, 33, 188, 72, 6, 32, 248, 250,
