%YAML:1.0
descriptors: !!opencv-matrix
   rows: 62
   cols: 64
   dt: u
   data: [ 255, 253, 255, 255, 255, 255, 255, 255, 255, 255, 253, 255,
       255, 255, 254, 254, 255, 255, 255, 255, 255, 255, 255, 255, 255,
       255, 255, 255, 255, 255, 255, 255, 255, 255, 255, 255, 255, 255,
       255, 255, 127, 255, 255, 127, 255, 191, 255, 255, 255, 255, 255,
       255, 255, 255, 255, 255, 255, 255, 255, 255, 255, 255, 255, 191,
       62, 177, 255, 254, 63, 245, 253, 126, 247, 254, 245, 249, 255,
       122, 180, 94, 255, 222, 99, 107, 245, 62, 195, 119, 221, 187, 231,
       251, 91, 253, 245, 235, 215, 44, 87, 190, 215, 120, 249, 125, 120,
       95, 125, 47, 244, 53, 247, 111, 153, 172, 24, 5, 240, 29, 156, 73,
       16, 242, 51, 189, 121, 87, 32, 250, 61, 246, 253, 254, 62, 253,
       189, 125, 255, 252, 245, 249, 253, 123, 188, 92, 255, 254, 99, 99,
       245, 102, 211, 255, 221, 191, 229, 255, 127, 223, 245, 239, 223,
       44, 87, 190, 223, 120, 233, 125, 122, 95, 123, 175, 212, 53, 247,
       111, 185, 172, 24, 15, 240, 29, 156, 73, 20, 242, 51, 189, 122,
       87, 40, 251, 61, 182, 125, 239, 191, 189, 191, 120, 255, 253, 254,
       251, 237, 123, 253, 117, 246, 255, 227, 123, 245, 103, 219, 254,
       237, 255, 245, 255, 126, 95, 243, 239, 223, 44, 87, 190, 95, 120,
       233, 117, 120, 92, 122, 47, 213, 177, 247, 111, 185, 172, 24, 5,
       240, 29, 156, 73, 20, 242, 55, 189, 218, 87, 32, 250, 63, 181,
       253, 190, 63, 189, 253, 126, 246, 252, 212, 245, 125, 126, 189,
       87, 255, 254, 67, 243, 245, 54, 211, 247, 221, 186, 228, 223, 90,
       220, 245, 235, 223, 44, 87, 190, 91, 120, 233, 124, 120, 93, 56,
       47, 212, 53, 247, 111, 153, 172, 24, 5, 240, 29, 156, 73, 16, 242,
       51, 189, 88, 87, 32, 250, 44, 164, 237, 188, 62, 189, 189, 125,
       245, 254, 220, 181, 93, 127, 191, 71, 235, 252, 67, 99, 245, 35,
       210, 247, 93, 238, 164, 155, 88, 221, 49, 235, 223, 36, 87, 186,
       211, 120, 233, 124, 120, 92, 56, 175, 212, 53, 247, 111, 153, 172,
       24, 5, 240, 29, 156, 73, 16, 242, 51, 189, 90, 87, 32, 250, 13,
       190, 117, 172, 60, 253, 179, 124, 188, 252, 198, 117, 205, 125,
       249, 229, 234, 252, 195, 98, 244, 96, 194, 242, 77, 184, 164, 147,
       124, 71, 51, 239, 223, 32, 85, 186, 87, 122, 233, 116, 252, 92,
       58, 47, 212, 55, 247, 111, 153, 172, 24, 5, 240, 29, 157, 73, 16,
       242, 51, 189, 88, 87, 32, 250, 190, 254, 255, 251, 255, 253, 255,
       249, 255, 255, 252, 251, 255, 127, 246, 125, 255, 255, 127, 123,
       253, 119, 219, 127, 253, 255, 247, 255, 127, 223, 247, 239, 223,
       108, 87, 190, 223, 121, 249, 124, 124, 93, 122, 47, 213, 53, 247,
       111, 157, 172, 24, 5, 240, 29, 156, 89, 16, 246, 51, 189, 218,
       223, 40, 254, 217, 155, 207, 253, 127, 243, 251, 254, 125, 249,
       214, 253, 239, 217, 139, 235, 171, 221, 185, 43, 236, 45, 238,
       123, 47, 235, 146, 182, 127, 97, 55, 239, 255, 227, 125, 113, 119,
       255, 254, 53, 251, 124, 251, 126, 255, 151, 219, 123, 189, 254,
       63, 245, 245, 253, 157, 204, 87, 254, 247, 255, 219, 119, 151,
       255, 122, 57, 243, 246, 50, 135, 93, 111, 198, 228, 85, 148, 87,
       198, 146, 94, 246, 215, 32, 103, 142, 173, 194, 51, 143, 202, 166,
       77, 82, 168, 52, 104, 199, 39, 52, 190, 82, 124, 195, 213, 80, 72,
       181, 111, 235, 28, 229, 110, 153, 172, 24, 133, 240, 28, 156, 73,
       16, 242, 115, 251, 89, 86, 33, 250, 242, 221, 187, 222, 3, 7, 93,
       15, 135, 198, 53, 192, 31, 232, 54, 94, 254, 215, 52, 103, 6, 191,
       224, 35, 93, 211, 183, 76, 83, 152, 116, 105, 198, 38, 52, 190,
       66, 108, 195, 252, 114, 202, 188, 107, 155, 28, 245, 110, 153,
       172, 24, 5, 112, 25, 156, 73, 17, 242, 51, 189, 89, 85, 32, 251,
       44, 239, 236, 220, 54, 253, 221, 55, 189, 222, 126, 253, 29, 127,
       253, 238, 153, 248, 226, 171, 245, 118, 209, 247, 121, 119, 149,
       48, 125, 222, 119, 235, 223, 120, 199, 162, 222, 120, 249, 125,
       124, 125, 187, 47, 244, 180, 247, 111, 187, 174, 153, 15, 240, 29,
       156, 93, 62, 243, 127, 189, 123, 219, 104, 250, 5, 39, 97, 176,
       16, 22, 35, 79, 160, 230, 131, 22, 65, 33, 147, 66, 194, 212, 1,
       99, 134, 160, 192, 114, 77, 138, 160, 9, 82, 8, 49, 73, 119, 36,
       85, 186, 80, 120, 193, 84, 240, 80, 56, 46, 208, 4, 193, 111, 153,
       172, 24, 5, 240, 29, 156, 73, 16, 242, 51, 189, 72, 86, 32, 250,
       7, 33, 193, 146, 16, 6, 5, 78, 2, 198, 1, 20, 1, 134, 147, 66,
       234, 84, 1, 102, 2, 164, 192, 35, 12, 152, 176, 9, 18, 8, 48, 73,
       82, 38, 85, 186, 0, 120, 1, 84, 0, 64, 24, 10, 69, 20, 65, 206,
       25, 44, 24, 4, 112, 24, 148, 73, 16, 114, 35, 189, 72, 87, 32,
       242, 183, 54, 81, 2, 157, 144, 15, 72, 226, 71, 129, 114, 173, 11,
       132, 85, 226, 247, 5, 112, 65, 6, 145, 116, 68, 156, 249, 9, 146,
       8, 97, 41, 214, 36, 84, 186, 66, 56, 129, 116, 80, 74, 24, 143,
       208, 16, 244, 77, 153, 172, 24, 5, 240, 29, 156, 73, 16, 242, 51,
       188, 88, 87, 32, 248, 45, 238, 111, 233, 191, 253, 167, 89, 189,
       255, 232, 250, 217, 58, 253, 79, 139, 253, 235, 107, 253, 119,
       218, 121, 109, 253, 29, 39, 127, 95, 59, 155, 215, 70, 223, 170,
       82, 249, 237, 52, 118, 127, 122, 45, 87, 148, 117, 179, 159, 189,
       56, 37, 243, 157, 142, 92, 16, 230, 51, 189, 219, 223, 40, 242,
       68, 33, 227, 144, 16, 6, 41, 111, 128, 230, 131, 20, 81, 128, 147,
       66, 202, 84, 3, 102, 10, 165, 198, 19, 12, 136, 164, 13, 66, 140,
       48, 72, 83, 36, 85, 186, 0, 120, 65, 84, 144, 64, 16, 14, 66, 28,
       193, 110, 25, 44, 24, 5, 112, 29, 148, 73, 16, 242, 51, 189, 72,
       86, 32, 242, 59, 246, 125, 206, 63, 221, 157, 9, 247, 214, 29,
       248, 189, 63, 189, 85, 255, 246, 32, 123, 213, 114, 211, 119, 253,
       215, 245, 123, 127, 251, 213, 107, 151, 108, 215, 158, 218, 88,
       249, 127, 116, 95, 121, 45, 212, 20, 245, 111, 155, 174, 152, 15,
       242, 21, 156, 93, 56, 242, 50, 189, 120, 223, 44, 250, 63, 182,
       117, 163, 253, 180, 163, 120, 252, 127, 210, 127, 237, 59, 153,
       85, 226, 245, 3, 96, 225, 35, 139, 124, 76, 184, 44, 47, 94, 9,
       113, 255, 215, 36, 93, 186, 82, 122, 169, 116, 221, 92, 26, 14,
       209, 1, 216, 85, 152, 172, 24, 5, 240, 29, 157, 73, 16, 242, 51,
       188, 88, 87, 32, 248, 27, 17, 146, 214, 35, 131, 88, 38, 18, 128,
       85, 145, 22, 200, 4, 26, 116, 210, 32, 199, 134, 45, 193, 115,
       137, 10, 226, 76, 80, 32, 244, 105, 215, 54, 52, 190, 82, 120,
       210, 244, 80, 90, 185, 111, 248, 20, 229, 110, 153, 164, 24, 5,
       240, 28, 156, 73, 17, 243, 51, 191, 88, 118, 161, 251, 7, 134, 68,
       34, 221, 184, 163, 88, 188, 57, 194, 119, 169, 91, 128, 5, 66,
       125, 133, 32, 224, 34, 138, 120, 102, 152, 24, 39, 254, 73, 33,
       79, 215, 224, 92, 176, 119, 242, 41, 52, 213, 84, 26, 15, 193, 1,
       244, 65, 152, 60, 24, 4, 240, 29, 156, 73, 16, 242, 55, 188, 72,
       87, 36, 248, 64, 1, 131, 178, 208, 2, 35, 74, 0, 98, 3, 22, 17,
       194, 147, 66, 98, 85, 25, 102, 14, 173, 128, 51, 14, 202, 170, 13,
       210, 8, 48, 9, 114, 39, 84, 187, 2, 116, 69, 212, 16, 96, 24, 10,
       65, 28, 193, 142, 153, 44, 16, 4, 113, 28, 132, 75, 16, 248, 33,
       189, 88, 70, 48, 240, 194, 1, 130, 147, 193, 66, 10, 134, 66, 227,
       3, 6, 178, 134, 131, 18, 107, 87, 56, 103, 10, 133, 231, 33, 14,
       195, 186, 45, 146, 8, 18, 41, 81, 37, 85, 187, 2, 124, 71, 86, 0,
       64, 40, 42, 139, 28, 233, 180, 145, 172, 24, 5, 49, 26, 148, 203,
       144, 120, 49, 61, 92, 20, 48, 250, 63, 191, 253, 254, 62, 189,
       253, 123, 247, 252, 254, 243, 255, 123, 188, 93, 246, 255, 99, 99,
       245, 110, 211, 247, 237, 255, 231, 255, 126, 95, 245, 235, 215,
       44, 87, 190, 95, 120, 249, 117, 120, 93, 58, 47, 212, 53, 247,
       111, 153, 172, 24, 5, 240, 29, 156, 73, 16, 242, 51, 189, 90, 87,
       32, 250, 5, 2, 165, 16, 25, 161, 33, 126, 160, 44, 130, 1, 65,
       201, 160, 3, 226, 92, 3, 96, 192, 36, 200, 123, 12, 170, 160, 10,
