%YAML:1.0
descriptors: !!opencv-matrix
   rows: 86
   cols: 64
   dt: u
   data: [ 62, 165, 253, 244, 34, 95, 121, 111, 247, 212, 215, 240, 93,
       122, 188, 86, 255, 154, 99, 99, 247, 54, 208, 247, 221, 187, 245,
       221, 98, 190, 244, 233, 199, 60, 71, 190, 218, 120, 233, 124, 120,
       93, 57, 175, 245, 52, 245, 110, 153, 172, 153, 15, 240, 29, 156,
       73, 16, 242, 115, 189, 120, 87, 40, 250, 61, 191, 253, 254, 63,
       125, 249, 127, 247, 252, 222, 245, 125, 127, 252, 253, 255, 254,
       99, 123, 245, 118, 209, 247, 253, 191, 229, 219, 126, 223, 255,
       235, 223, 108, 215, 190, 223, 122, 249, 125, 124, 93, 123, 47,
       212, 183, 247, 111, 185, 172, 153, 13, 242, 29, 158, 93, 48, 242,
       119, 191, 251, 223, 44, 250, 61, 182, 125, 174, 63, 189, 189, 120,
       247, 252, 222, 245, 253, 63, 185, 85, 255, 254, 195, 115, 245,
       102, 211, 247, 205, 190, 228, 255, 122, 94, 245, 235, 223, 44, 87,
       190, 95, 120, 233, 124, 124, 92, 58, 47, 212, 53, 247, 111, 185,
       172, 24, 5, 240, 29, 156, 73, 20, 242, 55, 189, 90, 87, 32, 250,
       62, 51, 125, 182, 62, 183, 61, 123, 246, 126, 209, 49, 125, 126,
       176, 84, 250, 212, 67, 98, 241, 38, 193, 119, 76, 190, 164, 31,
       82, 220, 117, 235, 215, 36, 85, 186, 82, 120, 225, 116, 112, 92,
       56, 47, 212, 20, 245, 79, 153, 172, 24, 5, 240, 29, 156, 73, 16,
       242, 51, 189, 88, 87, 32, 250, 93, 21, 208, 54, 21, 34, 61, 126,
       0, 40, 209, 49, 32, 202, 129, 86, 226, 212, 1, 98, 227, 171, 193,
       55, 76, 138, 162, 13, 82, 12, 48, 105, 211, 36, 20, 186, 82, 120,
       65, 116, 80, 74, 24, 14, 192, 21, 193, 78, 153, 172, 24, 5, 112,
       28, 156, 73, 16, 178, 51, 185, 88, 86, 32, 251, 29, 51, 247, 244,
       56, 163, 161, 126, 148, 252, 198, 53, 69, 91, 155, 66, 234, 220,
       131, 98, 229, 45, 198, 115, 76, 170, 160, 143, 82, 12, 49, 239,
       215, 36, 85, 186, 87, 122, 233, 116, 216, 84, 24, 14, 192, 5, 195,
       111, 153, 172, 24, 5, 240, 29, 156, 73, 16, 242, 51, 189, 88, 87,
       32, 250, 45, 38, 245, 130, 25, 181, 161, 95, 228, 124, 130, 37,
       97, 123, 185, 69, 234, 244, 195, 96, 241, 34, 89, 247, 84, 184,
       164, 133, 82, 12, 49, 195, 223, 36, 87, 186, 80, 120, 233, 116,
       124, 84, 24, 143, 68, 97, 241, 79, 152, 172, 24, 5, 242, 29, 156,
       73, 16, 242, 51, 189, 88, 87, 32, 250, 61, 190, 245, 234, 63, 253,
       161, 127, 244, 252, 198, 117, 125, 127, 187, 101, 251, 244, 227,
       98, 245, 103, 211, 247, 93, 255, 180, 191, 126, 94, 115, 235, 223,
       36, 87, 186, 82, 120, 233, 124, 124, 92, 58, 175, 213, 53, 247,
       111, 153, 172, 24, 13, 240, 29, 156, 73, 16, 242, 51, 189, 90, 87,
       32, 250, 44, 38, 109, 168, 50, 117, 161, 253, 245, 252, 222, 53,
       93, 62, 251, 230, 203, 220, 195, 104, 241, 208, 212, 180, 93, 169,
       132, 145, 121, 220, 61, 219, 253, 36, 85, 186, 87, 114, 129, 124,
       252, 85, 90, 38, 84, 167, 194, 108, 187, 44, 159, 13, 242, 29,
       157, 93, 4, 226, 43, 188, 75, 22, 40, 250, 60, 34, 109, 168, 50,
       125, 33, 253, 245, 252, 222, 181, 93, 62, 251, 230, 235, 220, 67,
       104, 113, 146, 228, 180, 77, 169, 164, 129, 121, 204, 59, 249,
       240, 36, 117, 186, 86, 114, 129, 116, 250, 85, 24, 62, 84, 167,
       66, 108, 153, 44, 94, 5, 242, 29, 157, 73, 16, 242, 43, 188, 89,
       6, 34, 250, 47, 54, 100, 32, 221, 160, 35, 88, 224, 58, 192, 113,
       236, 11, 128, 85, 226, 236, 3, 80, 225, 34, 153, 124, 68, 152,
       104, 143, 82, 12, 33, 199, 93, 44, 84, 186, 83, 48, 33, 116, 76,
       64, 26, 143, 64, 81, 194, 79, 24, 36, 24, 4, 224, 28, 156, 73, 16,
       178, 183, 156, 24, 87, 32, 121, 28, 177, 221, 158, 55, 179, 189,
       126, 86, 214, 213, 240, 125, 126, 180, 82, 254, 214, 65, 99, 225,
       52, 193, 243, 200, 58, 224, 205, 82, 140, 245, 233, 223, 36, 85,
       186, 83, 120, 233, 116, 112, 92, 48, 47, 213, 21, 247, 111, 153,
       172, 24, 5, 240, 29, 156, 73, 16, 242, 51, 189, 88, 87, 32, 250,
       191, 245, 125, 134, 55, 29, 29, 26, 246, 68, 181, 114, 61, 58,
       244, 85, 242, 246, 6, 112, 65, 114, 177, 118, 236, 148, 225, 25,
       243, 58, 220, 41, 208, 108, 22, 222, 194, 112, 129, 245, 210, 219,
       29, 15, 208, 22, 244, 76, 129, 165, 18, 5, 104, 24, 159, 73, 24,
       242, 51, 156, 88, 94, 38, 185, 36, 33, 241, 144, 16, 7, 36, 103,
       66, 70, 3, 52, 81, 6, 145, 66, 226, 80, 3, 64, 193, 32, 193, 3,
       12, 136, 164, 9, 2, 140, 48, 105, 70, 36, 85, 186, 0, 120, 1, 84,
       48, 64, 20, 10, 68, 20, 129, 78, 153, 44, 24, 4, 112, 24, 156, 65,
       16, 114, 51, 184, 88, 6, 32, 242, 39, 54, 64, 34, 221, 160, 39,
       88, 160, 75, 192, 115, 168, 11, 128, 85, 226, 213, 1, 96, 193, 34,
       139, 116, 68, 152, 40, 15, 210, 8, 33, 105, 85, 36, 84, 186, 82,
       120, 33, 84, 64, 64, 24, 15, 64, 17, 244, 69, 152, 44, 24, 4, 224,
       28, 156, 73, 16, 178, 51, 188, 88, 87, 32, 248, 59, 244, 104, 34,
       159, 168, 151, 8, 246, 65, 253, 122, 173, 59, 164, 85, 242, 183,
       7, 240, 225, 34, 147, 116, 100, 156, 121, 43, 214, 58, 225, 105,
       151, 44, 92, 158, 66, 120, 169, 116, 113, 222, 56, 137, 212, 17,
       244, 77, 153, 172, 24, 5, 240, 21, 156, 73, 16, 242, 51, 188, 88,
       87, 32, 248, 28, 32, 25, 170, 2, 217, 52, 109, 212, 26, 212, 181,
       113, 22, 189, 66, 251, 152, 67, 64, 193, 48, 193, 213, 221, 153,
       164, 137, 66, 204, 49, 232, 205, 36, 69, 186, 91, 120, 169, 124,
       120, 93, 48, 47, 212, 53, 182, 111, 153, 172, 24, 5, 240, 29, 156,
       65, 16, 242, 51, 189, 88, 87, 32, 250, 54, 177, 80, 86, 58, 128,
       222, 1, 66, 0, 21, 115, 180, 82, 148, 80, 118, 147, 0, 131, 199,
       45, 195, 71, 140, 130, 228, 95, 2, 168, 213, 104, 135, 52, 68,
       190, 218, 88, 235, 245, 80, 91, 177, 75, 240, 20, 181, 79, 145,
       174, 25, 7, 240, 24, 156, 73, 16, 243, 50, 189, 120, 87, 32, 251,
       131, 144, 16, 34, 221, 128, 6, 8, 2, 1, 32, 115, 162, 75, 132, 17,
       98, 39, 5, 209, 193, 36, 171, 97, 2, 138, 105, 47, 146, 8, 129,
       37, 151, 167, 28, 146, 35, 24, 37, 214, 65, 194, 8, 11, 192, 16,
       252, 135, 0, 52, 16, 4, 100, 128, 140, 161, 16, 50, 178, 156, 24,
       87, 52, 73, 229, 37, 243, 19, 209, 130, 35, 110, 192, 161, 160,
       49, 227, 131, 130, 66, 234, 69, 35, 71, 201, 141, 239, 53, 78,
       203, 56, 47, 82, 8, 32, 15, 209, 39, 116, 186, 16, 56, 37, 244,
       112, 64, 56, 15, 73, 24, 73, 198, 25, 36, 88, 4, 240, 30, 140, 73,
       16, 240, 35, 189, 88, 70, 32, 250, 196, 171, 211, 213, 248, 162,
       248, 242, 8, 129, 3, 95, 194, 211, 194, 105, 34, 69, 188, 47, 142,
       45, 226, 107, 47, 202, 146, 39, 148, 40, 18, 31, 119, 55, 124,
       155, 16, 255, 255, 151, 193, 124, 171, 86, 171, 14, 217, 179, 76,
       180, 121, 245, 209, 246, 157, 234, 65, 30, 48, 111, 76, 117, 149,
       255, 195, 20, 0, 23, 205, 130, 30, 24, 2, 43, 1, 74, 162, 74, 32,
       21, 44, 51, 28, 149, 200, 39, 59, 73, 2, 82, 249, 110, 146, 33,
       129, 71, 75, 189, 144, 33, 35, 137, 38, 195, 64, 72, 10, 9, 193,
       89, 191, 19, 20, 206, 24, 5, 101, 248, 216, 227, 19, 59, 183, 149,
       136, 115, 180, 74, 69, 6, 0, 34, 201, 162, 34, 16, 0, 8, 2, 97,
       160, 74, 0, 1, 68, 43, 133, 148, 193, 35, 1, 65, 0, 24, 72, 68,
       16, 4, 129, 0, 14, 25, 0, 165, 49, 0, 4, 128, 72, 0, 18, 131, 193,
       97, 130, 79, 48, 102, 8, 0, 229, 104, 72, 131, 54, 27, 151, 148,
       0, 51, 52, 72, 54, 177, 216, 154, 27, 216, 212, 11, 119, 64, 13,
       252, 189, 126, 164, 92, 255, 147, 32, 147, 199, 55, 195, 103, 241,
       215, 241, 111, 18, 171, 213, 97, 151, 164, 87, 150, 98, 88, 235,
       116, 112, 221, 36, 105, 149, 20, 245, 111, 145, 172, 24, 5, 180,
       1, 156, 75, 16, 114, 50, 189, 88, 85, 32, 250, 54, 177, 81, 130,
       25, 136, 7, 73, 194, 66, 129, 112, 245, 66, 164, 81, 250, 151, 0,
       16, 131, 32, 1, 71, 196, 150, 225, 45, 18, 40, 193, 105, 134, 164,
       84, 158, 2, 120, 107, 86, 32, 216, 36, 105, 149, 20, 245, 15, 145,
