%YAML:1.0
descriptors: !!opencv-matrix
   rows: 60
   cols: 64
   dt: u
   data: [ 63, 182, 125, 254, 63, 253, 189, 56, 127, 255, 222, 249, 253,
       126, 252, 85, 255, 254, 97, 251, 245, 116, 211, 251, 213, 255,
       225, 255, 126, 95, 245, 239, 223, 100, 87, 186, 255, 120, 249,
       125, 116, 93, 126, 47, 213, 21, 247, 111, 153, 174, 24, 5, 242,
       29, 156, 77, 54, 242, 55, 189, 219, 223, 40, 250, 47, 221, 236,
       254, 63, 253, 221, 31, 183, 252, 173, 237, 189, 126, 60, 127, 253,
       254, 99, 243, 245, 119, 83, 119, 117, 255, 245, 127, 123, 223,
       247, 227, 223, 44, 87, 190, 219, 120, 249, 125, 120, 93, 58, 47,
       213, 117, 247, 111, 185, 174, 152, 13, 240, 29, 156, 89, 48, 242,
       55, 189, 122, 215, 44, 250, 191, 255, 127, 255, 63, 255, 255, 248,
       255, 255, 255, 251, 239, 123, 253, 253, 247, 255, 111, 123, 245,
       119, 211, 118, 237, 255, 245, 255, 126, 95, 247, 251, 223, 44,
       215, 190, 219, 120, 233, 117, 122, 92, 58, 47, 213, 55, 247, 111,
       153, 172, 24, 5, 240, 29, 157, 73, 16, 242, 51, 189, 88, 215, 32,
       250, 191, 255, 253, 223, 63, 189, 223, 120, 255, 247, 189, 250,
       255, 123, 244, 127, 246, 247, 102, 251, 247, 119, 211, 247, 221,
       255, 245, 127, 123, 223, 247, 235, 223, 44, 86, 190, 218, 120,
       249, 253, 118, 95, 121, 47, 209, 52, 245, 111, 153, 174, 24, 5,
       240, 29, 156, 77, 16, 242, 51, 189, 120, 215, 32, 251, 58, 249,
       251, 254, 55, 157, 93, 11, 255, 239, 53, 250, 191, 234, 180, 94,
       246, 215, 36, 123, 135, 62, 211, 111, 221, 214, 231, 127, 83, 251,
       245, 107, 215, 172, 86, 190, 218, 120, 251, 255, 114, 223, 253,
       105, 147, 20, 245, 111, 153, 172, 24, 5, 240, 29, 188, 73, 16,
       242, 115, 191, 89, 87, 34, 251, 60, 170, 253, 158, 42, 95, 185,
       111, 247, 252, 215, 181, 125, 126, 185, 230, 255, 154, 99, 99,
       245, 54, 193, 247, 217, 42, 228, 218, 72, 221, 245, 235, 223, 44,
       71, 190, 91, 122, 233, 124, 248, 93, 56, 47, 212, 53, 247, 111,
       153, 172, 24, 5, 240, 29, 156, 73, 16, 242, 51, 189, 88, 87, 32,
       250, 183, 186, 81, 231, 253, 232, 155, 216, 218, 121, 210, 127,
       165, 87, 202, 209, 234, 215, 29, 34, 205, 45, 139, 124, 239, 222,
       121, 47, 214, 11, 99, 127, 87, 165, 93, 219, 118, 243, 237, 119,
       209, 84, 10, 31, 205, 4, 252, 21, 137, 181, 24, 37, 240, 183, 159,
       105, 80, 240, 50, 173, 92, 7, 48, 254, 72, 141, 183, 220, 0, 75,
       116, 119, 1, 192, 239, 193, 82, 244, 238, 138, 235, 153, 115, 79,
       22, 45, 224, 211, 95, 127, 147, 172, 65, 134, 50, 104, 222, 39,
       101, 186, 82, 124, 251, 124, 112, 124, 184, 103, 223, 61, 119,
       238, 153, 172, 56, 85, 240, 29, 156, 72, 17, 242, 115, 191, 88,
       119, 161, 250, 88, 201, 223, 252, 32, 107, 248, 119, 25, 144, 239,
       221, 82, 244, 239, 234, 171, 220, 251, 111, 38, 45, 228, 179, 109,
       95, 147, 188, 97, 71, 54, 232, 223, 39, 117, 250, 87, 126, 250,
       116, 251, 255, 185, 103, 191, 55, 119, 110, 157, 168, 127, 213,
       240, 29, 189, 76, 81, 250, 123, 255, 89, 119, 131, 251, 191, 244,
       125, 175, 255, 181, 159, 89, 254, 127, 253, 250, 255, 107, 180,
       125, 243, 247, 55, 113, 249, 99, 179, 124, 254, 239, 233, 63, 251,
       57, 125, 111, 213, 108, 28, 191, 210, 113, 169, 247, 82, 206, 88,
       143, 208, 20, 244, 29, 153, 172, 24, 5, 232, 29, 156, 73, 24, 246,
       51, 188, 88, 87, 42, 249, 159, 245, 104, 168, 23, 120, 120, 77,
       53, 66, 253, 188, 124, 46, 174, 255, 249, 152, 3, 209, 37, 240,
       231, 50, 101, 141, 240, 201, 211, 63, 239, 225, 157, 44, 213, 202,
       75, 114, 233, 116, 58, 222, 60, 41, 212, 23, 247, 108, 155, 174,
       26, 5, 240, 21, 244, 73, 152, 178, 61, 188, 24, 83, 34, 203, 68,
       35, 163, 144, 16, 70, 32, 231, 0, 162, 131, 20, 81, 132, 155, 226,
       138, 76, 3, 102, 10, 129, 196, 19, 14, 136, 140, 1, 0, 12, 50, 72,
       112, 6, 85, 186, 16, 118, 5, 84, 144, 96, 24, 6, 70, 140, 65, 236,
       25, 44, 120, 21, 81, 28, 148, 8, 128, 96, 33, 188, 76, 6, 32, 240,
       15, 197, 200, 154, 55, 31, 28, 3, 39, 70, 57, 194, 156, 106, 54,
       95, 201, 243, 32, 247, 7, 119, 208, 99, 93, 215, 179, 125, 18,
       184, 214, 33, 150, 52, 87, 138, 194, 120, 203, 124, 32, 91, 60,
       105, 149, 20, 245, 110, 145, 172, 24, 5, 178, 25, 156, 89, 24,
       243, 50, 189, 89, 219, 40, 234, 12, 38, 81, 168, 8, 236, 35, 77,
       185, 252, 74, 5, 17, 55, 251, 226, 235, 124, 129, 96, 224, 0, 94,
       56, 93, 157, 28, 129, 75, 194, 59, 207, 149, 128, 119, 186, 49,
       242, 169, 124, 172, 84, 24, 38, 68, 151, 102, 97, 153, 44, 124,
       36, 240, 29, 140, 73, 16, 224, 43, 172, 88, 71, 34, 242, 247, 247,
       125, 142, 247, 63, 31, 122, 230, 71, 189, 250, 175, 251, 244, 93,
       242, 247, 111, 116, 121, 198, 145, 116, 78, 254, 233, 61, 242, 26,
       112, 41, 210, 44, 84, 190, 66, 120, 129, 252, 118, 218, 56, 15,
       209, 24, 244, 76, 153, 173, 16, 5, 120, 29, 159, 73, 24, 246, 49,
       156, 88, 214, 34, 249, 59, 190, 125, 142, 63, 221, 157, 25, 255,
       118, 159, 248, 189, 62, 252, 85, 255, 247, 98, 177, 245, 118, 211,
       117, 245, 245, 241, 127, 126, 251, 215, 235, 207, 108, 215, 190,
       218, 120, 233, 125, 116, 93, 125, 45, 213, 116, 245, 111, 155,
       174, 152, 13, 242, 29, 220, 89, 56, 242, 51, 189, 251, 223, 44,
       250, 184, 139, 223, 223, 34, 117, 241, 246, 92, 252, 86, 215, 23,
       246, 251, 234, 239, 214, 225, 107, 212, 44, 199, 243, 41, 255,
       181, 42, 86, 67, 54, 127, 215, 38, 117, 250, 87, 120, 233, 116,
       112, 93, 56, 62, 221, 132, 241, 111, 153, 172, 29, 5, 240, 29,
       156, 73, 16, 242, 59, 189, 89, 87, 32, 250, 62, 49, 245, 182, 23,
       39, 25, 111, 230, 196, 213, 52, 125, 234, 176, 86, 250, 212, 3,
       103, 65, 32, 193, 55, 76, 138, 160, 9, 82, 12, 48, 105, 214, 36,
       84, 186, 82, 120, 193, 116, 80, 88, 56, 14, 208, 20, 225, 110,
       153, 172, 24, 5, 240, 28, 156, 73, 16, 242, 51, 189, 88, 86, 32,
       250, 222, 217, 74, 214, 119, 27, 94, 171, 30, 195, 61, 250, 191,
       210, 116, 126, 117, 151, 60, 223, 7, 190, 161, 114, 45, 215, 243,
       125, 83, 186, 150, 56, 178, 60, 20, 219, 202, 125, 202, 245, 82,
       219, 181, 125, 147, 30, 245, 46, 223, 175, 19, 133, 120, 29, 189,
       219, 80, 243, 49, 125, 93, 28, 176, 186, 186, 217, 154, 255, 39,
       208, 220, 3, 95, 219, 21, 202, 191, 114, 54, 30, 127, 147, 52,
       155, 134, 125, 195, 71, 185, 215, 243, 127, 71, 243, 215, 107,
       135, 188, 185, 116, 255, 73, 250, 121, 112, 223, 229, 105, 183,
       20, 245, 111, 219, 202, 155, 207, 252, 5, 248, 253, 19, 243, 126,
       251, 115, 249, 201, 222, 133, 226, 69, 41, 220, 120, 162, 240, 56,
       56, 194, 55, 192, 21, 201, 129, 203, 76, 143, 96, 225, 192, 12,
       248, 76, 125, 25, 162, 252, 7, 35, 215, 217, 192, 213, 58, 85,
       176, 45, 54, 125, 20, 26, 23, 69, 161, 118, 193, 8, 125, 13, 32,
       209, 191, 138, 9, 6, 200, 135, 132, 200, 71, 36, 126, 227, 217,
       139, 215, 247, 66, 95, 138, 158, 239, 61, 202, 171, 200, 86, 31,
       239, 213, 60, 63, 14, 175, 230, 43, 111, 215, 187, 47, 211, 43,
       50, 59, 210, 39, 52, 251, 82, 125, 247, 247, 82, 234, 168, 127,
       155, 28, 253, 183, 221, 140, 18, 213, 217, 251, 156, 235, 209,
       252, 113, 63, 92, 117, 145, 187, 13, 186, 93, 33, 253, 248, 178,
       92, 248, 57, 198, 111, 236, 17, 202, 129, 105, 237, 251, 217, 225,
       67, 75, 252, 229, 125, 89, 246, 124, 71, 163, 230, 221, 216, 219,
       36, 127, 187, 169, 53, 253, 28, 122, 183, 245, 225, 254, 113, 184,
       222, 140, 35, 244, 229, 219, 105, 54, 223, 183, 172, 242, 83, 100,
       94, 205, 207, 238, 220, 98, 95, 220, 246, 61, 221, 45, 203, 94,
       249, 126, 175, 137, 249, 252, 175, 86, 125, 114, 243, 123, 119,
       151, 118, 109, 246, 22, 97, 223, 115, 115, 161, 214, 92, 250, 57,
       116, 61, 187, 119, 191, 124, 245, 239, 253, 170, 172, 223, 241,
       125, 154, 206, 119, 223, 115, 255, 115, 125, 133, 250, 12, 250,
