%YAML:1.0
descriptors: !!opencv-matrix
   rows: 100
   cols: 64
   dt: u
   data: [ 63, 251, 253, 255, 63, 253, 253, 124, 255, 254, 221, 253, 253,
       126, 253, 255, 255, 254, 227, 251, 245, 126, 211, 255, 253, 255,
       247, 255, 127, 255, 247, 239, 223, 124, 215, 190, 255, 120, 249,
       125, 120, 93, 251, 47, 245, 53, 247, 111, 187, 174, 152, 15, 240,
       29, 156, 93, 54, 243, 119, 191, 251, 223, 44, 254, 30, 178, 221,
       190, 62, 249, 188, 117, 123, 186, 95, 249, 204, 119, 173, 81, 235,
       222, 33, 227, 197, 112, 195, 243, 205, 223, 161, 255, 122, 79,
       181, 106, 215, 36, 213, 186, 91, 120, 233, 117, 112, 92, 58, 47,
       213, 20, 247, 111, 153, 172, 24, 5, 240, 29, 156, 73, 16, 242, 51,
       189, 88, 87, 32, 250, 253, 254, 255, 253, 255, 255, 191, 255, 253,
       255, 254, 255, 255, 255, 255, 253, 251, 245, 127, 106, 253, 135,
       183, 61, 95, 255, 189, 63, 223, 95, 127, 255, 247, 37, 85, 255,
       82, 115, 233, 116, 250, 94, 120, 63, 213, 135, 245, 109, 157, 173,
       28, 5, 240, 29, 159, 73, 16, 246, 51, 189, 88, 87, 34, 250, 126,
       49, 241, 54, 223, 162, 59, 104, 198, 33, 211, 50, 229, 202, 128,
       86, 242, 215, 27, 84, 171, 47, 195, 87, 142, 138, 236, 143, 82,
       60, 225, 232, 71, 45, 4, 159, 74, 56, 5, 214, 152, 192, 21, 11,
       193, 45, 129, 15, 157, 164, 16, 0, 96, 60, 156, 65, 64, 186, 51,
       153, 56, 22, 48, 249, 63, 54, 125, 162, 23, 189, 7, 89, 230, 70,
       209, 112, 237, 59, 180, 85, 242, 244, 3, 96, 241, 98, 145, 116,
       92, 188, 173, 25, 114, 28, 113, 105, 212, 36, 85, 186, 82, 120,
       137, 124, 116, 92, 56, 143, 212, 16, 244, 77, 153, 172, 24, 5,
       240, 29, 156, 73, 24, 242, 51, 188, 88, 87, 32, 250, 62, 48, 125,
       166, 183, 173, 27, 121, 198, 70, 215, 112, 253, 42, 240, 84, 242,
       212, 7, 112, 65, 34, 129, 116, 204, 156, 237, 9, 210, 26, 113,
       185, 80, 44, 84, 190, 66, 112, 129, 212, 208, 88, 24, 15, 192, 20,
       224, 76, 153, 172, 16, 5, 112, 29, 156, 73, 16, 242, 51, 188, 88,
       22, 32, 248, 253, 62, 255, 245, 254, 255, 191, 255, 253, 253, 254,
       63, 255, 255, 251, 238, 251, 213, 123, 110, 253, 199, 246, 53, 95,
       255, 189, 191, 255, 95, 123, 251, 241, 37, 85, 186, 86, 114, 233,
       124, 248, 92, 56, 62, 213, 166, 213, 109, 153, 173, 28, 5, 240,
       29, 159, 73, 16, 246, 51, 189, 90, 86, 32, 250, 55, 178, 125, 131,
       255, 181, 159, 88, 238, 95, 147, 114, 237, 123, 185, 85, 242, 213,
       3, 96, 193, 35, 195, 116, 76, 216, 236, 47, 82, 24, 113, 107, 215,
       44, 85, 190, 82, 120, 169, 116, 112, 92, 56, 47, 213, 20, 245, 79,
       153, 172, 24, 5, 240, 29, 156, 73, 16, 242, 51, 189, 88, 87, 32,
       250, 255, 252, 255, 191, 255, 255, 95, 249, 255, 127, 253, 250,
       255, 239, 246, 253, 251, 245, 119, 103, 253, 215, 179, 125, 126,
       255, 253, 63, 211, 27, 127, 187, 211, 44, 20, 255, 210, 117, 233,
       245, 82, 222, 56, 47, 213, 22, 244, 93, 153, 172, 26, 5, 248, 29,
       157, 73, 16, 242, 51, 189, 92, 87, 34, 249, 63, 180, 255, 171, 63,
       181, 157, 124, 247, 255, 248, 248, 253, 42, 183, 95, 242, 244, 99,
       97, 241, 83, 247, 125, 76, 169, 170, 63, 91, 93, 117, 235, 117,
       36, 158, 187, 82, 124, 33, 244, 114, 74, 120, 47, 210, 20, 209,
       95, 153, 172, 24, 5, 224, 29, 156, 89, 144, 242, 51, 156, 88, 214,
       40, 243, 189, 254, 117, 237, 255, 253, 183, 120, 253, 93, 222,
       123, 253, 127, 252, 197, 251, 245, 127, 108, 245, 102, 147, 116,
       125, 253, 61, 63, 254, 94, 119, 185, 214, 101, 95, 186, 214, 123,
       249, 125, 125, 221, 58, 63, 213, 129, 252, 117, 137, 181, 24, 13,
       248, 157, 143, 77, 56, 246, 51, 189, 90, 95, 36, 250, 55, 245,
       124, 206, 55, 221, 221, 25, 247, 71, 189, 248, 189, 127, 244, 93,
       255, 246, 102, 187, 183, 118, 209, 103, 253, 247, 245, 123, 127,
       251, 215, 105, 135, 108, 151, 158, 202, 121, 251, 125, 112, 223,
       109, 173, 149, 112, 245, 111, 147, 190, 152, 13, 248, 29, 222, 85,
       56, 242, 114, 189, 251, 223, 44, 250, 13, 38, 101, 32, 60, 181,
       165, 120, 176, 190, 194, 117, 201, 61, 153, 65, 128, 236, 195, 96,
       241, 98, 90, 242, 76, 40, 132, 146, 124, 84, 49, 203, 223, 40,
       215, 170, 93, 56, 169, 125, 124, 28, 26, 174, 212, 97, 247, 107,
       184, 172, 24, 1, 240, 29, 156, 65, 54, 242, 23, 189, 202, 215, 36,
       250, 191, 244, 125, 174, 255, 157, 31, 8, 230, 71, 189, 250, 189,
       123, 244, 85, 242, 247, 4, 112, 65, 98, 145, 116, 252, 222, 249,
       59, 242, 58, 119, 41, 210, 44, 84, 158, 194, 120, 169, 252, 114,
       218, 56, 47, 213, 20, 244, 13, 153, 164, 16, 5, 232, 29, 158, 73,
       24, 242, 51, 189, 88, 87, 32, 249, 125, 63, 247, 253, 254, 255,
       235, 254, 253, 255, 218, 63, 239, 255, 219, 239, 251, 253, 251,
       110, 125, 207, 222, 189, 223, 253, 190, 189, 254, 95, 122, 191,
       123, 103, 253, 255, 214, 119, 253, 125, 253, 84, 219, 190, 79,
       163, 73, 247, 142, 61, 92, 141, 242, 191, 143, 77, 232, 244, 107,
       223, 223, 198, 44, 182, 253, 190, 247, 253, 254, 255, 167, 255,
       253, 253, 254, 63, 255, 255, 251, 236, 251, 213, 107, 110, 253,
       135, 230, 53, 95, 255, 189, 47, 223, 94, 115, 251, 247, 36, 85,
       186, 86, 114, 233, 116, 120, 92, 56, 62, 213, 134, 245, 109, 153,
       173, 28, 5, 240, 29, 156, 73, 16, 242, 51, 189, 88, 87, 32, 250,
       177, 221, 159, 223, 41, 103, 253, 254, 222, 253, 109, 201, 39,
       201, 22, 158, 255, 215, 188, 43, 198, 47, 230, 127, 235, 223, 243,
       126, 95, 99, 247, 127, 215, 39, 125, 117, 87, 125, 250, 117, 115,
       126, 187, 127, 255, 20, 253, 111, 153, 172, 94, 69, 240, 31, 156,
       73, 145, 242, 115, 191, 92, 119, 129, 251, 254, 252, 255, 191,
       255, 255, 223, 249, 255, 127, 253, 251, 255, 238, 246, 253, 243,
       213, 127, 119, 253, 135, 179, 125, 127, 255, 251, 63, 211, 91,
       127, 187, 211, 45, 20, 255, 210, 117, 233, 245, 82, 222, 56, 47,
       213, 22, 244, 125, 153, 172, 26, 5, 248, 29, 157, 73, 16, 242, 51,
       189, 92, 87, 34, 185, 250, 249, 203, 215, 247, 195, 219, 232, 222,
       171, 247, 254, 187, 194, 210, 122, 162, 213, 60, 127, 14, 189,
       231, 126, 45, 223, 187, 63, 210, 43, 54, 63, 115, 37, 60, 251, 86,
       125, 250, 247, 80, 124, 253, 126, 187, 28, 217, 63, 159, 174, 18,
       199, 249, 63, 156, 235, 80, 254, 49, 123, 125, 23, 177, 190, 14,
       197, 44, 220, 39, 223, 95, 51, 53, 86, 61, 200, 153, 125, 124, 13,
       137, 121, 98, 243, 214, 118, 208, 115, 121, 119, 149, 52, 121,
       246, 21, 65, 215, 56, 211, 168, 210, 104, 250, 41, 112, 189, 57,
       173, 245, 116, 245, 107, 155, 170, 152, 13, 240, 29, 216, 24, 57,
       195, 115, 189, 114, 211, 40, 250, 125, 63, 247, 253, 254, 255,
       251, 254, 253, 254, 218, 63, 239, 253, 219, 239, 251, 253, 251,
       110, 124, 239, 214, 191, 95, 239, 182, 189, 253, 86, 126, 191,
       123, 101, 253, 255, 214, 119, 209, 125, 253, 92, 155, 190, 239,
       163, 201, 126, 140, 189, 92, 137, 242, 191, 159, 77, 232, 246,
       123, 223, 222, 198, 45, 182, 98, 5, 129, 154, 203, 142, 5, 15,
       198, 100, 7, 20, 177, 238, 187, 84, 202, 23, 0, 4, 202, 55, 211,
       103, 94, 144, 144, 13, 146, 184, 24, 73, 135, 36, 87, 186, 66, 80,
       195, 94, 32, 81, 4, 9, 5, 28, 229, 79, 145, 164, 24, 12, 50, 25,
       156, 3, 16, 98, 58, 61, 72, 69, 32, 242, 0, 139, 142, 94, 33, 145,
       148, 35, 51, 184, 4, 193, 144, 119, 13, 10, 230, 146, 32, 35, 196,
       36, 193, 227, 73, 18, 160, 14, 0, 8, 17, 98, 223, 36, 65, 176, 82,
       88, 234, 96, 112, 92, 56, 47, 212, 20, 245, 111, 153, 172, 24, 5,
       240, 29, 156, 73, 16, 242, 51, 189, 88, 87, 32, 250, 237, 15, 231,
       253, 255, 255, 255, 255, 189, 255, 250, 31, 223, 253, 251, 238,
       235, 221, 107, 110, 252, 175, 246, 51, 95, 255, 183, 63, 217, 22,
       50, 251, 243, 36, 85, 186, 82, 114, 233, 116, 120, 92, 56, 62,
       213, 134, 245, 111, 153, 173, 28, 5, 240, 29, 156, 73, 16, 242,
