%YAML:1.0
descriptors: !!opencv-matrix
   rows: 56
   cols: 64
   dt: u
   data: [ 63, 254, 239, 235, 63, 253, 221, 57, 255, 255, 221, 248, 253,
       63, 125, 223, 221, 254, 99, 251, 245, 118, 211, 255, 253, 247,
       245, 255, 127, 127, 247, 235, 223, 124, 215, 174, 255, 120, 249,
       121, 124, 95, 251, 173, 215, 53, 247, 111, 187, 190, 153, 15, 240,
       29, 220, 93, 54, 243, 119, 255, 251, 219, 108, 254, 254, 253, 255,
       223, 118, 127, 221, 255, 255, 215, 253, 250, 127, 254, 254, 254,
       255, 215, 126, 111, 63, 221, 231, 55, 255, 255, 247, 127, 255,
       251, 254, 187, 242, 103, 53, 255, 218, 125, 251, 253, 114, 255,
       253, 127, 191, 30, 245, 190, 223, 175, 119, 215, 250, 63, 181, 79,
       217, 254, 121, 127, 125, 125, 147, 187, 182, 178, 219, 167, 254,
       180, 158, 193, 230, 123, 49, 90, 143, 67, 182, 89, 242, 215, 37,
       99, 193, 37, 139, 125, 78, 218, 191, 47, 210, 41, 49, 110, 87,
       164, 92, 187, 114, 124, 169, 246, 64, 78, 24, 9, 209, 20, 209, 95,
       153, 172, 24, 5, 224, 29, 156, 73, 16, 242, 51, 189, 92, 87, 32,
       185, 253, 63, 247, 245, 48, 167, 121, 255, 220, 253, 227, 189,
       215, 218, 147, 238, 226, 213, 227, 111, 191, 173, 230, 179, 77,
       170, 166, 175, 82, 12, 48, 191, 243, 39, 116, 186, 80, 126, 209,
       244, 210, 124, 185, 38, 235, 22, 201, 111, 137, 164, 120, 21, 240,
       30, 157, 73, 16, 242, 51, 255, 88, 70, 35, 251, 125, 63, 247, 253,
       240, 253, 251, 253, 189, 252, 206, 189, 213, 255, 251, 230, 251,
       221, 203, 110, 253, 171, 198, 178, 93, 235, 182, 253, 121, 206,
       127, 187, 247, 38, 85, 186, 86, 122, 217, 124, 248, 93, 185, 54,
       245, 167, 235, 110, 153, 172, 29, 5, 240, 29, 157, 73, 16, 242,
       115, 189, 90, 70, 35, 250, 37, 236, 239, 137, 94, 159, 145, 123,
       254, 228, 135, 254, 255, 187, 255, 77, 226, 245, 99, 97, 213, 7,
       211, 245, 95, 252, 189, 47, 82, 31, 51, 107, 215, 36, 87, 186, 82,
       120, 233, 118, 240, 92, 56, 175, 213, 52, 245, 111, 153, 172, 24,
       5, 240, 29, 156, 73, 16, 242, 51, 189, 88, 87, 32, 250, 100, 34,
       171, 145, 216, 247, 34, 253, 196, 171, 208, 60, 225, 130, 147, 66,
       234, 213, 35, 70, 201, 131, 231, 20, 76, 137, 188, 45, 210, 12,
       51, 42, 197, 36, 85, 186, 82, 112, 225, 116, 240, 92, 48, 14, 209,
       20, 161, 108, 153, 172, 24, 5, 240, 29, 156, 65, 16, 242, 51, 189,
       88, 87, 32, 251, 255, 117, 245, 190, 215, 7, 29, 207, 230, 103,
       185, 186, 127, 235, 182, 95, 242, 245, 39, 100, 91, 135, 177, 54,
       94, 139, 172, 9, 211, 24, 112, 41, 242, 36, 20, 186, 66, 116, 1,
       244, 82, 74, 24, 143, 208, 28, 197, 76, 153, 172, 24, 5, 96, 30,
       148, 73, 24, 242, 49, 188, 92, 86, 34, 249, 194, 206, 138, 75,
       201, 218, 198, 129, 43, 163, 8, 206, 154, 103, 111, 168, 13, 19,
       56, 183, 142, 119, 91, 105, 115, 87, 27, 38, 135, 139, 3, 70, 151,
       199, 73, 65, 115, 205, 254, 42, 97, 124, 104, 121, 151, 92, 125,
       179, 221, 200, 24, 37, 149, 229, 248, 234, 83, 221, 176, 37, 212,
       121, 145, 238, 66, 14, 139, 185, 200, 222, 166, 197, 41, 227, 10,
       142, 130, 132, 59, 171, 137, 73, 57, 102, 140, 213, 90, 89, 95,
       213, 25, 167, 2, 130, 50, 3, 135, 131, 211, 41, 49, 205, 237, 2,
       32, 52, 32, 225, 93, 156, 127, 177, 92, 200, 56, 176, 215, 245,
       188, 186, 81, 236, 19, 181, 64, 81, 88, 242, 188, 62, 245, 212,
       218, 109, 161, 255, 252, 124, 218, 53, 125, 127, 251, 228, 251,
       212, 67, 98, 117, 170, 175, 182, 94, 168, 52, 9, 250, 206, 123,
       239, 117, 39, 85, 186, 86, 114, 77, 84, 221, 84, 24, 30, 76, 166,
       237, 196, 137, 36, 92, 4, 242, 30, 140, 73, 16, 240, 35, 188, 88,
       6, 32, 248, 62, 252, 255, 174, 63, 205, 209, 111, 255, 244, 221,
       253, 127, 62, 252, 252, 251, 214, 3, 115, 197, 118, 233, 119, 253,
       222, 228, 27, 127, 251, 95, 111, 151, 236, 85, 190, 118, 122, 233,
       118, 83, 221, 93, 46, 212, 22, 245, 111, 153, 172, 27, 5, 240, 29,
       156, 73, 24, 242, 59, 189, 89, 95, 34, 254, 173, 239, 109, 184,
       22, 125, 39, 248, 253, 220, 206, 191, 253, 126, 253, 103, 227,
       213, 71, 99, 125, 164, 128, 118, 77, 254, 181, 137, 90, 78, 51,
       185, 210, 38, 85, 186, 82, 122, 201, 116, 120, 93, 56, 47, 213,
       20, 229, 111, 153, 172, 24, 5, 240, 29, 156, 73, 16, 242, 51, 189,
       88, 87, 34, 250, 125, 55, 247, 178, 217, 167, 163, 123, 228, 124,
       210, 53, 239, 251, 145, 68, 226, 213, 35, 102, 229, 39, 195, 119,
       78, 202, 172, 15, 82, 12, 49, 235, 215, 36, 85, 186, 82, 120, 233,
       116, 112, 84, 24, 14, 197, 4, 225, 79, 153, 172, 24, 5, 240, 29,
       156, 73, 16, 242, 51, 189, 88, 87, 32, 248, 255, 249, 253, 142,
       255, 255, 223, 88, 254, 71, 149, 254, 255, 110, 244, 93, 251, 215,
       54, 117, 197, 119, 131, 117, 238, 222, 249, 127, 82, 27, 247, 41,
       215, 44, 93, 159, 66, 121, 233, 117, 112, 220, 60, 47, 213, 28,
       245, 111, 153, 172, 24, 5, 240, 29, 156, 73, 16, 242, 51, 189, 88,
       87, 32, 250, 60, 54, 247, 249, 158, 101, 165, 255, 229, 124, 218,
       53, 125, 127, 187, 197, 251, 244, 67, 98, 245, 106, 222, 63, 94,
       253, 52, 9, 255, 220, 123, 239, 85, 102, 87, 186, 82, 114, 125,
       124, 61, 85, 88, 190, 76, 164, 69, 198, 152, 44, 220, 12, 242, 30,
       132, 73, 136, 240, 107, 157, 90, 71, 32, 242, 242, 245, 184, 22,
       38, 71, 88, 3, 83, 107, 53, 194, 126, 224, 38, 26, 252, 131, 36,
       215, 151, 189, 113, 199, 208, 87, 247, 254, 67, 182, 246, 96, 203,
       60, 6, 190, 203, 104, 250, 249, 112, 202, 181, 235, 243, 116, 183,
       111, 145, 166, 24, 71, 224, 24, 24, 65, 31, 179, 115, 177, 58,
       115, 232, 235, 45, 255, 125, 249, 178, 189, 255, 121, 185, 223,
       233, 248, 221, 121, 253, 207, 131, 252, 227, 107, 253, 112, 86,
       251, 93, 239, 167, 183, 125, 92, 125, 187, 255, 80, 222, 170, 210,
       120, 249, 253, 126, 94, 58, 175, 246, 247, 215, 127, 155, 173, 24,
       7, 240, 29, 157, 93, 28, 242, 115, 189, 90, 215, 105, 250, 63,
       243, 255, 251, 63, 53, 197, 254, 246, 254, 252, 184, 109, 218,
       189, 95, 251, 244, 107, 122, 241, 114, 221, 63, 172, 169, 103, 41,
       127, 89, 117, 251, 245, 110, 150, 190, 126, 116, 49, 125, 58, 79,
       250, 61, 86, 177, 81, 206, 186, 189, 158, 133, 114, 29, 221, 85,
       176, 242, 107, 223, 219, 222, 44, 247, 37, 182, 84, 138, 153, 200,
       166, 16, 107, 80, 14, 37, 172, 55, 233, 209, 239, 162, 129, 160,
       213, 32, 25, 240, 193, 125, 89, 105, 174, 14, 203, 49, 156, 100,
       81, 178, 81, 82, 237, 124, 53, 21, 24, 167, 69, 128, 126, 101,
       136, 37, 9, 12, 176, 13, 138, 73, 62, 240, 6, 165, 88, 67, 36, 74,
       63, 244, 125, 182, 31, 173, 93, 73, 231, 103, 253, 250, 255, 110,
       180, 95, 251, 244, 102, 113, 179, 118, 211, 111, 252, 255, 247,
       59, 82, 187, 125, 237, 199, 236, 30, 158, 194, 121, 121, 95, 48,
       203, 117, 233, 214, 20, 245, 63, 145, 164, 144, 12, 106, 24, 182,
       85, 56, 178, 113, 153, 249, 223, 40, 250, 70, 225, 200, 184, 18,
       66, 92, 7, 3, 194, 57, 184, 82, 134, 166, 90, 137, 16, 48, 197,
       11, 177, 100, 3, 93, 215, 179, 105, 67, 174, 182, 33, 192, 20,
       149, 235, 10, 108, 99, 116, 50, 202, 52, 105, 151, 28, 117, 110,
       83, 172, 50, 7, 40, 25, 116, 16, 152, 179, 57, 249, 29, 80, 120,
       162, 140, 186, 52, 33, 252, 184, 166, 244, 24, 59, 234, 107, 192,
       17, 203, 161, 225, 201, 235, 200, 229, 1, 74, 216, 197, 77, 125,
       230, 204, 68, 163, 198, 253, 16, 221, 36, 125, 184, 173, 228, 127,
       20, 50, 183, 85, 227, 182, 97, 184, 252, 12, 35, 240, 253, 27, 73,
       6, 209, 151, 164, 90, 83, 100, 108, 28, 58, 116, 225, 253, 249,
       163, 249, 188, 59, 210, 119, 205, 29, 217, 197, 249, 221, 207,
       120, 253, 86, 138, 252, 47, 124, 125, 231, 252, 71, 227, 158, 93,
       73, 223, 175, 85, 179, 237, 21, 253, 21, 82, 54, 69, 231, 190,
       113, 174, 125, 157, 33, 250, 253, 207, 89, 70, 206, 183, 165, 234,
