%YAML:1.0
descriptors: !!opencv-matrix
   rows: 106
   cols: 64
   dt: u
   data: [ 62, 253, 255, 255, 62, 253, 253, 125, 255, 255, 221, 253, 253,
       127, 253, 222, 187, 255, 98, 123, 245, 127, 211, 255, 253, 255,
       247, 255, 127, 255, 255, 239, 223, 124, 215, 190, 255, 121, 249,
       125, 124, 95, 255, 47, 247, 181, 247, 111, 191, 190, 153, 79, 242,
       29, 156, 93, 60, 247, 255, 255, 251, 223, 238, 254, 251, 254, 255,
       239, 255, 255, 255, 216, 255, 255, 254, 251, 255, 123, 254, 253,
       255, 247, 127, 123, 252, 95, 190, 125, 239, 255, 123, 191, 255,
       91, 119, 255, 247, 237, 222, 255, 246, 255, 253, 247, 255, 95,
       122, 63, 219, 23, 253, 117, 157, 189, 28, 5, 250, 191, 159, 109,
       80, 246, 183, 191, 223, 95, 48, 191, 254, 249, 255, 247, 119, 111,
       95, 255, 255, 253, 213, 251, 255, 250, 182, 222, 251, 215, 126,
       127, 63, 255, 243, 127, 255, 255, 255, 63, 251, 249, 118, 175,
       215, 111, 54, 255, 222, 125, 255, 127, 121, 223, 255, 127, 219,
       60, 253, 191, 221, 164, 219, 205, 240, 190, 156, 79, 120, 254,
       113, 255, 255, 93, 181, 255, 63, 254, 237, 255, 63, 253, 221, 57,
       255, 254, 221, 249, 253, 127, 125, 95, 189, 255, 98, 251, 245,
       118, 211, 255, 253, 255, 247, 255, 127, 255, 247, 235, 223, 124,
       215, 190, 223, 121, 248, 125, 124, 93, 255, 47, 245, 181, 247,
       111, 187, 174, 152, 15, 242, 29, 156, 93, 60, 243, 127, 191, 251,
       223, 40, 254, 45, 38, 101, 160, 30, 191, 35, 125, 244, 126, 210,
       53, 121, 63, 152, 68, 234, 221, 67, 96, 241, 33, 202, 247, 93,
       184, 164, 135, 82, 156, 49, 235, 215, 36, 85, 186, 82, 120, 233,
       124, 120, 92, 56, 47, 213, 53, 247, 111, 153, 172, 24, 5, 240, 29,
       156, 73, 16, 242, 51, 189, 88, 87, 32, 250, 63, 180, 237, 168, 63,
       181, 191, 125, 244, 254, 212, 245, 253, 46, 177, 70, 234, 221, 67,
       99, 241, 35, 195, 119, 77, 186, 164, 143, 82, 29, 49, 235, 215,
       36, 85, 186, 82, 120, 233, 116, 120, 92, 56, 47, 213, 21, 247,
       111, 153, 172, 24, 5, 240, 29, 156, 73, 16, 242, 51, 189, 88, 87,
       32, 250, 28, 33, 225, 176, 16, 35, 40, 118, 64, 166, 211, 20, 81,
       4, 155, 66, 234, 76, 67, 98, 224, 32, 192, 147, 12, 136, 160, 137,
       64, 4, 49, 233, 87, 36, 85, 186, 82, 122, 193, 84, 112, 84, 16,
       14, 196, 20, 195, 110, 153, 172, 24, 5, 240, 29, 156, 73, 0, 242,
       51, 185, 88, 87, 32, 250, 28, 179, 253, 220, 62, 185, 253, 120,
       119, 252, 213, 245, 253, 126, 180, 64, 251, 220, 97, 99, 245, 52,
       195, 243, 205, 62, 224, 255, 88, 205, 245, 235, 223, 36, 85, 186,
       86, 120, 233, 125, 112, 93, 57, 47, 212, 21, 247, 111, 153, 172,
       24, 5, 240, 29, 156, 73, 16, 242, 51, 189, 88, 87, 32, 250, 58,
       49, 252, 182, 39, 167, 92, 39, 215, 134, 85, 176, 61, 234, 48, 86,
       244, 146, 66, 211, 179, 118, 209, 215, 152, 42, 230, 221, 66, 244,
       244, 232, 206, 60, 6, 190, 219, 88, 192, 125, 120, 73, 181, 43,
       240, 117, 167, 110, 187, 174, 153, 11, 242, 29, 88, 81, 24, 243,
       115, 249, 57, 243, 104, 234, 58, 49, 153, 182, 34, 167, 124, 39,
       66, 128, 85, 16, 125, 102, 16, 82, 118, 138, 64, 243, 243, 44,
       193, 215, 152, 10, 230, 221, 66, 180, 245, 232, 71, 60, 4, 190,
       223, 120, 192, 93, 120, 72, 181, 47, 228, 53, 167, 111, 155, 174,
       25, 7, 240, 28, 28, 73, 0, 243, 51, 185, 120, 23, 32, 234, 62,
       153, 254, 254, 55, 247, 252, 127, 55, 218, 213, 177, 63, 218, 189,
       95, 251, 215, 97, 99, 215, 63, 209, 115, 77, 219, 226, 29, 82,
       220, 180, 235, 215, 36, 87, 186, 82, 120, 233, 117, 112, 93, 52,
       47, 213, 20, 245, 111, 153, 172, 24, 5, 240, 29, 156, 73, 16, 242,
       51, 189, 88, 87, 32, 250, 53, 181, 125, 158, 55, 93, 217, 127,
       246, 196, 189, 240, 61, 123, 188, 245, 255, 214, 66, 99, 85, 34,
       225, 118, 237, 163, 229, 89, 115, 24, 212, 105, 214, 36, 85, 190,
       82, 120, 201, 244, 114, 93, 56, 47, 212, 22, 245, 110, 153, 172,
       24, 5, 240, 29, 156, 73, 16, 242, 51, 189, 88, 87, 32, 250, 13,
       46, 229, 176, 24, 127, 37, 118, 32, 254, 202, 21, 65, 53, 185,
       195, 203, 76, 131, 98, 228, 32, 76, 179, 77, 252, 148, 129, 88,
       14, 49, 75, 87, 4, 85, 186, 80, 122, 233, 116, 116, 84, 56, 38,
       69, 132, 101, 111, 153, 44, 24, 5, 240, 29, 156, 73, 16, 226, 51,
       189, 72, 87, 32, 242, 86, 49, 81, 180, 16, 2, 43, 110, 194, 0, 81,
       52, 65, 130, 145, 82, 98, 196, 1, 100, 9, 160, 128, 2, 12, 136,
       168, 9, 210, 8, 48, 41, 112, 36, 20, 186, 2, 114, 1, 212, 144, 66,
       24, 10, 192, 28, 192, 76, 153, 36, 16, 5, 96, 24, 149, 73, 16,
       242, 49, 184, 88, 6, 34, 241, 61, 54, 117, 0, 54, 181, 161, 124,
       214, 156, 214, 53, 109, 31, 153, 68, 242, 244, 195, 96, 241, 98,
       195, 247, 156, 40, 228, 137, 120, 92, 241, 233, 77, 44, 197, 190,
       220, 58, 9, 125, 252, 85, 19, 134, 68, 225, 131, 78, 186, 44, 137,
       9, 242, 29, 156, 81, 36, 242, 27, 152, 122, 135, 44, 250, 61, 54,
       117, 0, 48, 181, 161, 124, 226, 212, 198, 52, 109, 63, 153, 68,
       250, 228, 195, 96, 241, 98, 81, 247, 221, 56, 100, 157, 108, 156,
       241, 233, 223, 76, 199, 190, 80, 58, 137, 92, 124, 85, 24, 166,
       84, 225, 245, 111, 186, 172, 137, 9, 242, 29, 156, 89, 36, 242,
       19, 189, 90, 215, 108, 250, 60, 55, 125, 136, 50, 157, 1, 121,
       231, 68, 215, 52, 93, 63, 188, 86, 250, 244, 67, 96, 177, 114,
       208, 247, 221, 180, 164, 29, 98, 158, 81, 169, 214, 76, 71, 158,
       194, 120, 201, 92, 52, 93, 56, 167, 212, 52, 245, 110, 155, 172,
       137, 9, 242, 29, 156, 93, 56, 242, 51, 189, 88, 215, 40, 250, 63,
       191, 255, 254, 54, 255, 249, 127, 255, 252, 213, 253, 255, 126,
       188, 254, 255, 247, 99, 251, 245, 127, 211, 247, 253, 255, 247,
       255, 127, 223, 247, 235, 207, 44, 87, 190, 222, 120, 249, 125,
       120, 93, 187, 175, 213, 53, 247, 111, 185, 172, 24, 15, 240, 29,
       156, 73, 52, 242, 115, 189, 122, 87, 40, 250, 92, 35, 243, 176,
       80, 39, 41, 254, 192, 142, 194, 53, 65, 130, 155, 194, 226, 204,
       3, 102, 65, 129, 196, 147, 14, 136, 174, 141, 82, 12, 48, 216,
       112, 38, 93, 187, 16, 118, 5, 84, 144, 64, 24, 14, 74, 134, 65,
       206, 153, 44, 88, 5, 96, 28, 149, 73, 128, 240, 35, 188, 76, 6,
       32, 176, 54, 241, 121, 150, 50, 157, 95, 73, 199, 199, 21, 252,
       189, 126, 180, 86, 250, 215, 68, 99, 151, 54, 210, 103, 253, 214,
       229, 63, 2, 186, 85, 105, 135, 36, 7, 158, 194, 120, 235, 94, 48,
       217, 53, 41, 149, 28, 245, 47, 147, 172, 145, 13, 240, 25, 156,
       89, 16, 242, 50, 185, 89, 87, 40, 250, 61, 190, 255, 247, 63, 253,
       253, 122, 255, 253, 222, 253, 255, 127, 252, 221, 255, 255, 227,
       123, 245, 126, 211, 127, 253, 254, 247, 255, 126, 95, 245, 239,
       223, 108, 87, 190, 247, 122, 249, 125, 124, 93, 251, 47, 213, 53,
       247, 111, 185, 172, 24, 5, 240, 29, 156, 77, 52, 242, 119, 191,
       219, 95, 32, 254, 45, 54, 117, 32, 25, 176, 162, 92, 112, 26, 194,
       117, 228, 7, 137, 65, 226, 173, 131, 64, 225, 33, 67, 213, 196, 8,
       96, 143, 74, 12, 161, 226, 95, 36, 85, 190, 81, 56, 169, 116, 120,
       84, 26, 142, 212, 113, 243, 79, 153, 172, 24, 5, 240, 29, 156, 73,
       20, 242, 55, 189, 88, 87, 32, 122, 39, 54, 81, 162, 221, 128, 131,
       72, 194, 120, 2, 113, 161, 75, 128, 81, 98, 213, 1, 96, 192, 32,
       138, 125, 76, 136, 40, 15, 18, 8, 33, 111, 85, 36, 92, 186, 112,
       112, 41, 84, 65, 64, 24, 10, 64, 0, 208, 71, 152, 36, 24, 4, 240,
       28, 156, 73, 16, 114, 51, 156, 72, 23, 32, 248, 30, 49, 57, 180,
       38, 151, 90, 39, 82, 194, 213, 240, 93, 0, 20, 82, 252, 154, 66,
       211, 135, 112, 192, 195, 157, 130, 228, 221, 66, 252, 245, 232,
       199, 60, 132, 174, 222, 120, 192, 113, 112, 217, 181, 41, 240, 20,
       181, 110, 155, 174, 137, 71, 240, 29, 92, 89, 20, 243, 51, 249,
       121, 211, 104, 235, 6, 34, 65, 162, 17, 128, 32, 74, 164, 2, 2,
       52, 1, 3, 160, 65, 66, 84, 1, 96, 193, 0, 128, 113, 12, 136, 40,
