%YAML:1.0
descriptors: !!opencv-matrix
   rows: 46
   cols: 64
   dt: u
   data: [ 62, 185, 239, 254, 55, 255, 221, 62, 247, 252, 220, 253, 127,
       126, 54, 126, 253, 223, 99, 251, 245, 55, 195, 247, 237, 239, 244,
       255, 91, 223, 247, 235, 223, 44, 87, 190, 95, 120, 233, 124, 120,
       93, 58, 47, 213, 53, 247, 111, 153, 172, 24, 5, 240, 29, 156, 73,
       16, 242, 51, 189, 88, 87, 34, 250, 62, 249, 255, 254, 63, 253,
       253, 127, 247, 254, 253, 249, 255, 126, 189, 95, 251, 255, 99,
       251, 245, 119, 211, 119, 253, 255, 247, 255, 91, 255, 247, 235,
       223, 60, 87, 190, 223, 120, 249, 125, 122, 95, 127, 47, 245, 53,
       247, 111, 153, 174, 24, 7, 240, 29, 156, 89, 16, 243, 115, 189,
       123, 215, 42, 251, 63, 168, 239, 251, 63, 253, 241, 126, 125, 252,
       214, 253, 255, 126, 187, 238, 251, 220, 97, 251, 245, 117, 207,
       243, 109, 235, 176, 183, 123, 223, 119, 235, 223, 36, 85, 186, 95,
       122, 249, 124, 112, 93, 126, 47, 213, 21, 247, 111, 153, 172, 24,
       5, 240, 29, 156, 73, 16, 242, 51, 189, 91, 95, 32, 250, 12, 174,
       207, 43, 59, 249, 160, 125, 121, 186, 206, 245, 248, 119, 171,
       225, 203, 220, 161, 99, 197, 37, 203, 251, 77, 139, 128, 167, 90,
       77, 51, 106, 223, 36, 85, 186, 83, 120, 233, 116, 112, 92, 56, 47,
       212, 21, 247, 107, 153, 172, 24, 5, 240, 29, 156, 73, 16, 242, 51,
       189, 88, 87, 32, 250, 182, 242, 241, 174, 191, 184, 29, 91, 230,
       81, 189, 249, 175, 90, 164, 93, 243, 214, 37, 97, 193, 6, 161,
       119, 206, 159, 225, 43, 211, 8, 112, 105, 215, 36, 84, 190, 82,
       112, 169, 244, 114, 94, 56, 47, 208, 20, 245, 79, 153, 172, 24, 5,
       240, 29, 156, 73, 16, 242, 51, 189, 88, 87, 34, 249, 255, 252,
       255, 255, 255, 253, 223, 249, 255, 253, 253, 251, 255, 250, 246,
       252, 251, 247, 126, 123, 255, 255, 191, 124, 255, 255, 255, 127,
       255, 251, 255, 255, 215, 237, 62, 223, 254, 245, 255, 255, 123,
       223, 239, 127, 217, 63, 253, 53, 239, 183, 223, 175, 252, 183,
       159, 255, 248, 252, 252, 95, 255, 221, 190, 191, 44, 226, 109,
       170, 58, 253, 163, 121, 253, 92, 206, 53, 125, 127, 253, 228, 194,
       252, 67, 96, 245, 112, 145, 246, 93, 172, 4, 129, 126, 222, 57,
       233, 252, 100, 87, 186, 83, 114, 137, 124, 254, 93, 24, 14, 84,
       183, 230, 78, 153, 45, 24, 4, 242, 29, 143, 73, 16, 242, 59, 188,
       88, 86, 34, 248, 62, 241, 125, 170, 55, 127, 31, 125, 247, 86,
       253, 180, 125, 62, 253, 246, 243, 212, 67, 100, 113, 114, 129, 54,
       205, 173, 229, 29, 83, 222, 124, 169, 240, 36, 85, 190, 82, 114,
       129, 244, 242, 223, 28, 47, 212, 150, 228, 78, 155, 172, 26, 5,
       248, 29, 159, 89, 16, 242, 59, 188, 88, 86, 34, 249, 60, 50, 117,
       168, 54, 125, 37, 125, 221, 252, 250, 177, 109, 30, 155, 230, 243,
       220, 195, 105, 177, 242, 202, 188, 157, 169, 100, 153, 126, 220,
       117, 236, 109, 76, 231, 190, 212, 186, 161, 125, 252, 85, 247,
       183, 102, 163, 54, 108, 186, 181, 237, 170, 226, 159, 159, 85,
       164, 176, 75, 202, 251, 142, 108, 246, 255, 245, 125, 134, 119,
       135, 31, 8, 230, 69, 189, 248, 63, 59, 180, 127, 242, 247, 21,
       117, 65, 35, 225, 54, 204, 202, 233, 95, 83, 24, 240, 41, 240, 36,
       20, 190, 66, 120, 129, 244, 82, 90, 56, 15, 209, 30, 192, 78, 153,
       172, 24, 5, 112, 29, 157, 73, 16, 242, 51, 188, 88, 86, 34, 249,
       60, 38, 125, 170, 50, 127, 51, 127, 245, 220, 214, 181, 125, 62,
       249, 198, 250, 220, 67, 96, 245, 112, 213, 182, 93, 168, 164, 153,
       123, 220, 125, 233, 212, 36, 85, 186, 87, 122, 129, 124, 252, 93,
       28, 14, 84, 183, 226, 110, 153, 44, 24, 5, 242, 29, 157, 77, 24,
       242, 59, 188, 91, 71, 34, 243, 13, 246, 108, 41, 157, 177, 167,
       248, 176, 190, 236, 237, 232, 29, 137, 37, 192, 109, 203, 216,
       241, 66, 31, 252, 100, 108, 72, 166, 124, 87, 97, 215, 253, 232,
       157, 32, 127, 185, 45, 53, 127, 6, 90, 174, 84, 225, 18, 241, 56,
       125, 28, 8, 217, 253, 200, 4, 62, 132, 175, 148, 138, 211, 110,
       69, 13, 210, 76, 41, 221, 176, 166, 124, 48, 58, 232, 105, 168,
       13, 133, 1, 65, 108, 139, 208, 225, 67, 143, 120, 32, 108, 8, 166,
       221, 69, 33, 215, 125, 192, 157, 33, 117, 180, 45, 34, 126, 70,
       90, 62, 86, 225, 86, 209, 58, 125, 28, 36, 197, 252, 206, 0, 150,
       140, 175, 132, 134, 211, 38, 4, 190, 252, 253, 174, 63, 125, 253,
       111, 255, 94, 253, 250, 127, 46, 254, 252, 255, 214, 103, 121,
       245, 86, 240, 126, 253, 223, 247, 123, 223, 251, 255, 235, 199,
       108, 31, 222, 214, 125, 233, 125, 123, 223, 117, 63, 214, 21, 245,
       125, 155, 172, 26, 13, 232, 29, 158, 93, 152, 242, 123, 189, 95,
       31, 42, 178, 60, 62, 247, 165, 186, 237, 161, 253, 189, 253, 218,
       55, 221, 126, 251, 244, 251, 220, 195, 98, 253, 181, 222, 248,
       223, 236, 244, 235, 216, 223, 255, 255, 103, 36, 87, 190, 87, 115,
       233, 124, 249, 85, 94, 62, 68, 167, 239, 117, 153, 44, 24, 5, 242,
       31, 156, 73, 16, 240, 51, 189, 90, 15, 32, 248, 173, 254, 119, 33,
       184, 117, 167, 244, 248, 189, 238, 255, 207, 63, 219, 229, 235,
       236, 207, 107, 241, 195, 126, 252, 101, 125, 29, 179, 253, 79, 99,
       215, 253, 64, 247, 254, 117, 179, 173, 188, 95, 28, 58, 182, 213,
       227, 90, 97, 184, 253, 108, 41, 208, 159, 140, 77, 54, 252, 167,
       140, 218, 215, 36, 254, 159, 218, 255, 229, 191, 249, 157, 248,
       190, 95, 214, 255, 207, 93, 206, 221, 253, 220, 39, 123, 228, 68,
       170, 120, 239, 255, 113, 123, 254, 79, 243, 111, 215, 100, 221,
       222, 86, 123, 233, 117, 113, 92, 58, 63, 213, 5, 253, 117, 153,
       189, 28, 5, 240, 157, 158, 73, 16, 242, 51, 189, 88, 95, 36, 250,
       39, 231, 105, 170, 49, 156, 21, 9, 167, 70, 45, 248, 189, 63, 236,
       85, 139, 246, 36, 97, 131, 114, 144, 97, 85, 213, 129, 61, 54, 58,
       81, 9, 150, 68, 215, 154, 226, 88, 233, 124, 36, 217, 56, 225,
       148, 80, 244, 46, 145, 172, 16, 12, 176, 5, 254, 41, 56, 242, 50,
       189, 88, 215, 44, 250, 62, 216, 252, 254, 63, 253, 253, 127, 63,
       252, 93, 253, 189, 126, 252, 222, 255, 222, 225, 107, 245, 124,
       203, 123, 125, 255, 243, 127, 127, 251, 247, 239, 215, 164, 85,
       186, 247, 248, 249, 119, 112, 93, 255, 47, 245, 21, 247, 111, 155,
       172, 153, 13, 246, 29, 156, 93, 48, 242, 115, 191, 219, 95, 44,
       254, 124, 43, 247, 248, 82, 47, 103, 127, 205, 68, 254, 55, 247,
       254, 155, 238, 242, 213, 123, 102, 127, 175, 194, 55, 95, 234,
       190, 173, 210, 136, 50, 169, 215, 39, 85, 187, 82, 126, 197, 124,
       248, 84, 184, 47, 93, 62, 229, 238, 157, 172, 25, 132, 241, 61,
       157, 73, 64, 254, 51, 189, 88, 86, 33, 250, 156, 42, 247, 165,
       184, 245, 163, 252, 216, 189, 210, 127, 205, 51, 219, 226, 171,
       204, 235, 105, 249, 193, 238, 188, 13, 105, 28, 179, 252, 79, 51,
       223, 125, 97, 125, 250, 85, 243, 169, 53, 253, 84, 123, 54, 239,
       163, 90, 113, 186, 189, 237, 163, 208, 159, 157, 76, 196, 252, 3,
       236, 206, 7, 36, 254, 109, 47, 247, 212, 120, 55, 255, 127, 244,
       252, 194, 115, 207, 255, 147, 77, 178, 253, 251, 111, 247, 111,
       210, 247, 95, 106, 150, 151, 124, 220, 112, 203, 223, 99, 87, 187,
       212, 60, 253, 125, 124, 124, 186, 166, 253, 97, 211, 239, 189,
       172, 152, 217, 241, 61, 156, 77, 116, 254, 115, 159, 122, 215, 41,
       250, 45, 6, 96, 33, 217, 236, 162, 193, 40, 120, 202, 39, 144,
       126, 233, 229, 194, 56, 131, 96, 237, 34, 31, 120, 84, 12, 0, 129,
       222, 70, 59, 214, 97, 162, 71, 186, 113, 242, 13, 140, 141, 84,
       24, 134, 68, 199, 202, 81, 168, 109, 24, 36, 210, 29, 141, 73, 18,
       224, 7, 164, 74, 70, 32, 112, 133, 46, 167, 1, 232, 221, 162, 241,
       40, 253, 2, 71, 192, 53, 251, 1, 136, 105, 235, 32, 252, 5, 90,
       216, 91, 120, 28, 166, 140, 134, 51, 86, 95, 49, 67, 32, 81, 186,
       237, 44, 253, 20, 58, 182, 197, 224, 250, 97, 184, 236, 8, 33,
       215, 95, 152, 72, 22, 200, 19, 165, 202, 87, 32, 250, 146, 217,
