%YAML:1.0
descriptors: !!opencv-matrix
   rows: 117
   cols: 64
   dt: u
   data: [ 191, 255, 255, 255, 63, 253, 253, 122, 255, 255, 252, 251,
       255, 123, 252, 255, 243, 255, 103, 123, 245, 127, 211, 119, 253,
       255, 247, 255, 127, 223, 255, 235, 223, 108, 215, 190, 223, 120,
       249, 125, 126, 95, 123, 47, 213, 55, 247, 111, 185, 172, 152, 13,
       240, 29, 157, 93, 56, 242, 115, 191, 251, 223, 40, 251, 63, 187,
       125, 254, 63, 253, 253, 120, 254, 254, 254, 255, 253, 127, 255,
       245, 255, 254, 99, 115, 245, 102, 195, 118, 205, 255, 245, 251,
       126, 94, 247, 235, 223, 44, 85, 190, 95, 120, 249, 117, 120, 92,
       58, 47, 212, 55, 247, 111, 153, 172, 24, 5, 240, 29, 156, 73, 16,
       242, 51, 189, 88, 87, 32, 250, 61, 182, 253, 164, 63, 253, 187,
       121, 252, 253, 214, 247, 253, 59, 186, 85, 250, 253, 99, 99, 245,
       39, 211, 246, 221, 255, 245, 255, 90, 94, 243, 235, 223, 44, 87,
       190, 211, 120, 233, 124, 120, 92, 58, 175, 213, 117, 247, 111,
       153, 172, 24, 5, 240, 29, 156, 73, 16, 242, 51, 189, 90, 87, 32,
       250, 190, 248, 127, 253, 62, 189, 253, 249, 253, 255, 253, 251,
       255, 123, 246, 127, 243, 253, 103, 107, 253, 118, 242, 254, 253,
       255, 247, 251, 123, 223, 119, 255, 215, 44, 86, 254, 223, 121,
       249, 253, 122, 95, 123, 47, 213, 55, 247, 111, 153, 172, 24, 5,
       240, 29, 157, 77, 16, 242, 51, 189, 123, 87, 32, 250, 191, 253,
       125, 254, 55, 61, 253, 249, 255, 223, 253, 251, 255, 127, 252,
       255, 247, 246, 103, 123, 119, 126, 209, 118, 253, 255, 247, 251,
       123, 223, 247, 249, 222, 44, 87, 254, 218, 121, 249, 253, 122,
       223, 185, 47, 212, 55, 245, 111, 153, 172, 24, 13, 248, 29, 157,
       73, 16, 242, 115, 191, 122, 215, 42, 251, 60, 190, 255, 237, 254,
       253, 251, 253, 253, 255, 254, 253, 253, 126, 251, 252, 251, 221,
       123, 107, 253, 39, 207, 125, 253, 239, 188, 191, 95, 223, 127,
       255, 247, 36, 85, 190, 87, 123, 233, 118, 250, 92, 122, 62, 213,
       135, 219, 127, 153, 173, 28, 5, 240, 29, 157, 73, 16, 242, 59,
       189, 218, 87, 34, 254, 31, 50, 205, 58, 55, 250, 31, 56, 114, 190,
       254, 179, 236, 63, 143, 83, 233, 223, 33, 243, 229, 37, 195, 115,
       205, 221, 241, 239, 90, 14, 243, 107, 215, 44, 85, 186, 91, 120,
       233, 116, 112, 92, 56, 47, 213, 21, 247, 111, 153, 172, 24, 5,
       240, 29, 156, 73, 16, 242, 51, 189, 88, 87, 32, 250, 251, 253,
       125, 254, 63, 63, 127, 251, 255, 127, 253, 251, 255, 250, 246,
       127, 247, 247, 127, 123, 117, 246, 241, 118, 253, 255, 247, 251,
       255, 95, 255, 233, 211, 108, 150, 254, 210, 121, 249, 253, 90,
       223, 127, 63, 209, 55, 245, 111, 157, 173, 30, 13, 248, 29, 159,
       93, 56, 246, 123, 159, 91, 223, 42, 251, 62, 249, 255, 254, 54,
       191, 220, 51, 87, 198, 213, 248, 255, 242, 180, 90, 254, 147, 118,
       251, 183, 125, 193, 215, 185, 127, 247, 255, 99, 253, 244, 232,
       207, 62, 166, 190, 223, 93, 250, 125, 120, 223, 245, 109, 179, 53,
       183, 111, 255, 170, 171, 203, 248, 29, 120, 85, 55, 243, 123, 251,
       123, 251, 239, 207, 60, 62, 255, 249, 62, 125, 241, 255, 253, 254,
       222, 181, 125, 190, 251, 230, 251, 220, 195, 107, 245, 48, 222,
       191, 221, 169, 164, 139, 95, 223, 127, 255, 237, 38, 117, 186, 87,
       250, 233, 116, 248, 93, 122, 46, 86, 167, 67, 111, 153, 172, 30,
       13, 242, 29, 157, 77, 20, 242, 43, 189, 91, 79, 42, 246, 60, 190,
       255, 255, 62, 117, 181, 255, 253, 252, 222, 245, 127, 191, 187,
       238, 251, 220, 99, 107, 245, 0, 239, 55, 77, 239, 180, 139, 127,
       75, 115, 255, 245, 36, 85, 186, 87, 122, 233, 116, 120, 92, 58,
       46, 212, 23, 215, 111, 153, 172, 28, 5, 240, 29, 156, 73, 16, 242,
       51, 189, 88, 87, 32, 250, 37, 54, 229, 2, 29, 164, 161, 127, 240,
       252, 198, 53, 108, 63, 137, 5, 234, 228, 3, 96, 241, 38, 209, 247,
       76, 184, 164, 139, 90, 28, 33, 107, 223, 44, 85, 186, 82, 56, 233,
       116, 120, 84, 24, 142, 212, 113, 241, 111, 153, 172, 24, 1, 240,
       29, 156, 73, 16, 242, 51, 189, 88, 87, 32, 250, 63, 188, 255, 190,
       63, 125, 61, 127, 245, 254, 220, 241, 127, 190, 180, 95, 251, 252,
       99, 99, 245, 118, 209, 119, 93, 255, 181, 187, 123, 223, 119, 235,
       215, 44, 87, 190, 83, 120, 233, 124, 120, 93, 56, 47, 213, 21,
       247, 111, 153, 172, 24, 5, 240, 29, 156, 73, 16, 242, 51, 189, 90,
       87, 32, 250, 62, 179, 255, 246, 55, 181, 253, 122, 246, 254, 241,
       243, 255, 202, 177, 95, 246, 215, 99, 99, 229, 36, 193, 119, 205,
       186, 227, 123, 82, 88, 245, 235, 215, 36, 84, 190, 82, 120, 233,
       117, 112, 92, 56, 47, 212, 21, 213, 111, 153, 172, 24, 5, 240, 29,
       156, 73, 16, 242, 51, 189, 88, 87, 32, 250, 29, 53, 220, 54, 55,
       161, 56, 114, 210, 170, 209, 49, 108, 67, 129, 83, 230, 222, 3,
       98, 193, 38, 193, 119, 204, 138, 228, 205, 82, 12, 177, 106, 215,
       36, 84, 190, 83, 120, 193, 116, 88, 92, 24, 14, 208, 53, 195, 79,
       153, 172, 24, 5, 240, 29, 156, 73, 16, 242, 51, 189, 88, 87, 32,
       250, 62, 253, 125, 222, 55, 93, 93, 123, 247, 214, 189, 184, 61,
       126, 252, 254, 247, 246, 98, 51, 215, 118, 208, 119, 221, 183,
       229, 89, 115, 218, 213, 105, 214, 44, 87, 190, 210, 120, 235, 124,
       114, 95, 61, 47, 212, 22, 245, 111, 153, 172, 24, 13, 242, 29,
       157, 89, 16, 242, 51, 189, 89, 87, 42, 251, 60, 62, 255, 253, 58,
       253, 241, 127, 253, 252, 214, 181, 93, 254, 187, 230, 251, 220,
       99, 107, 253, 119, 214, 183, 93, 235, 164, 191, 120, 221, 127,
       235, 199, 36, 85, 186, 214, 122, 233, 124, 248, 93, 120, 46, 213,
       183, 229, 111, 153, 172, 24, 13, 242, 29, 157, 73, 16, 242, 115,
       189, 91, 87, 40, 250, 126, 54, 237, 184, 127, 255, 59, 125, 252,
       254, 210, 53, 253, 173, 187, 87, 248, 253, 203, 240, 253, 247,
       219, 189, 221, 232, 252, 183, 90, 213, 241, 239, 223, 168, 87, 61,
       127, 248, 225, 116, 124, 92, 122, 47, 213, 53, 231, 107, 185, 236,
       24, 5, 240, 29, 156, 73, 22, 242, 183, 189, 218, 87, 32, 254, 50,
       49, 81, 150, 54, 132, 153, 72, 198, 68, 21, 113, 61, 123, 144, 84,
       242, 214, 0, 34, 194, 40, 129, 102, 204, 130, 224, 9, 18, 8, 81,
       105, 214, 36, 20, 186, 82, 112, 195, 212, 81, 88, 24, 14, 192, 20,
       193, 78, 145, 172, 24, 5, 112, 24, 156, 73, 16, 114, 50, 189, 88,
       87, 32, 248, 58, 241, 216, 214, 55, 179, 93, 59, 215, 131, 213,
       242, 191, 90, 52, 94, 244, 151, 102, 219, 151, 126, 193, 119, 185,
       178, 231, 95, 82, 248, 244, 232, 206, 60, 132, 190, 223, 88, 250,
       245, 88, 223, 181, 109, 178, 53, 181, 111, 187, 174, 153, 79, 248,
       29, 252, 81, 17, 243, 115, 251, 57, 187, 168, 219, 191, 244, 125,
       238, 191, 189, 223, 25, 255, 95, 253, 250, 189, 123, 244, 85, 246,
       247, 102, 115, 245, 118, 145, 126, 252, 255, 245, 123, 254, 123,
       245, 235, 215, 108, 158, 158, 210, 121, 249, 253, 115, 223, 127,
       175, 212, 16, 245, 79, 153, 191, 24, 13, 248, 29, 158, 73, 56,
       242, 115, 189, 250, 223, 44, 251, 39, 37, 81, 130, 17, 204, 129,
       77, 230, 68, 7, 116, 61, 63, 184, 116, 226, 214, 1, 96, 2, 32,
       128, 100, 92, 136, 32, 9, 50, 138, 17, 41, 148, 36, 85, 154, 66,
       114, 137, 92, 33, 80, 24, 11, 68, 20, 244, 12, 153, 172, 16, 4,
       112, 29, 148, 73, 16, 114, 49, 188, 88, 87, 32, 248, 76, 34, 225,
       176, 24, 99, 33, 126, 128, 174, 194, 21, 81, 132, 155, 226, 194,
       92, 131, 96, 192, 128, 204, 155, 12, 136, 164, 129, 80, 12, 49,
       207, 113, 36, 85, 186, 16, 114, 1, 212, 144, 64, 24, 14, 66, 134,
       65, 72, 25, 44, 92, 4, 96, 28, 149, 8, 128, 226, 35, 188, 72, 6,
       34, 241, 187, 244, 125, 206, 191, 189, 223, 24, 255, 127, 189,
       250, 189, 123, 244, 93, 246, 247, 102, 115, 245, 118, 147, 126,
       236, 182, 241, 123, 126, 123, 245, 107, 215, 108, 158, 190, 218,
       121, 249, 253, 114, 223, 123, 47, 208, 16, 245, 79, 153, 173, 24,
