%YAML:1.0
descriptors: !!opencv-matrix
   rows: 107
   cols: 64
   dt: u
   data: [ 61, 55, 245, 244, 52, 55, 57, 126, 244, 254, 210, 53, 109, 63,
       147, 70, 250, 252, 195, 107, 245, 102, 208, 247, 221, 170, 164,
       153, 122, 220, 113, 235, 223, 36, 87, 190, 214, 120, 225, 125,
       124, 92, 59, 174, 212, 33, 195, 111, 185, 172, 24, 9, 240, 29,
       156, 93, 36, 242, 51, 189, 90, 215, 40, 250, 60, 55, 255, 252, 54,
       119, 249, 127, 213, 252, 215, 181, 125, 126, 187, 70, 251, 212,
       67, 98, 245, 49, 196, 247, 93, 170, 164, 157, 90, 220, 117, 235,
       215, 36, 85, 186, 86, 122, 233, 116, 120, 93, 57, 46, 212, 181,
       225, 111, 153, 172, 24, 5, 242, 29, 156, 73, 16, 242, 51, 189, 88,
       87, 32, 250, 62, 222, 252, 254, 63, 253, 253, 113, 63, 252, 125,
       223, 157, 126, 252, 126, 255, 223, 97, 235, 245, 116, 195, 115,
       93, 255, 177, 123, 127, 223, 247, 235, 215, 36, 85, 186, 215, 120,
       233, 117, 112, 93, 123, 47, 213, 20, 247, 111, 155, 172, 25, 5,
       242, 29, 156, 73, 16, 242, 51, 189, 90, 87, 32, 250, 188, 245,
       125, 245, 62, 53, 249, 249, 247, 255, 213, 251, 255, 123, 178, 86,
       242, 254, 87, 123, 245, 122, 245, 254, 189, 170, 246, 219, 127,
       253, 253, 255, 239, 108, 166, 254, 223, 123, 249, 253, 222, 223,
       243, 190, 242, 225, 211, 111, 187, 191, 159, 75, 248, 29, 159, 85,
       60, 247, 127, 223, 251, 159, 174, 255, 63, 253, 253, 252, 62, 253,
       253, 121, 255, 252, 213, 249, 253, 127, 188, 95, 255, 254, 99,
       251, 245, 126, 211, 255, 253, 255, 247, 255, 127, 255, 245, 239,
       223, 124, 215, 190, 223, 120, 249, 125, 120, 221, 251, 47, 245,
       53, 247, 111, 187, 174, 153, 15, 240, 29, 158, 93, 52, 243, 119,
       191, 251, 223, 44, 254, 31, 51, 85, 244, 60, 32, 121, 106, 0, 126,
       81, 51, 205, 99, 128, 82, 242, 223, 5, 98, 231, 172, 128, 122,
       204, 154, 226, 203, 210, 0, 241, 239, 83, 38, 84, 190, 83, 120,
       241, 244, 88, 76, 152, 79, 192, 21, 195, 79, 153, 172, 24, 5, 240,
       28, 156, 73, 16, 242, 51, 191, 88, 86, 33, 248, 62, 189, 253, 254,
       54, 175, 125, 35, 215, 196, 85, 241, 255, 250, 180, 94, 254, 219,
       98, 243, 183, 46, 209, 247, 217, 127, 247, 253, 66, 242, 244, 233,
       199, 60, 101, 190, 219, 120, 250, 125, 120, 221, 181, 111, 245,
       53, 247, 111, 153, 166, 153, 79, 240, 29, 156, 73, 17, 243, 115,
       191, 121, 119, 161, 250, 58, 241, 121, 246, 63, 181, 223, 9, 214,
       3, 213, 114, 189, 74, 52, 84, 246, 183, 70, 211, 247, 62, 145,
       118, 180, 186, 231, 123, 86, 249, 245, 234, 207, 44, 142, 158,
       219, 56, 249, 125, 88, 219, 245, 77, 208, 117, 181, 79, 187, 174,
       152, 11, 240, 21, 220, 81, 16, 243, 247, 191, 58, 223, 168, 219,
       124, 190, 255, 169, 254, 255, 163, 253, 239, 213, 222, 252, 255,
       127, 251, 252, 251, 213, 123, 102, 253, 83, 255, 117, 255, 237,
       60, 191, 255, 223, 127, 171, 213, 101, 87, 223, 82, 115, 253, 126,
       60, 93, 124, 62, 85, 190, 253, 181, 159, 172, 159, 13, 242, 189,
       148, 89, 120, 252, 41, 189, 88, 95, 56, 250, 255, 252, 255, 255,
       255, 255, 223, 185, 255, 253, 253, 251, 255, 127, 246, 92, 251,
       247, 126, 127, 255, 127, 211, 127, 255, 255, 255, 127, 127, 251,
       247, 239, 199, 237, 215, 255, 222, 121, 251, 127, 121, 221, 239,
       255, 213, 61, 253, 63, 191, 190, 153, 141, 248, 189, 156, 127,
       120, 246, 243, 191, 251, 223, 188, 254, 191, 244, 125, 175, 255,
       189, 159, 25, 255, 127, 189, 250, 173, 123, 244, 85, 246, 247, 6,
       241, 249, 118, 147, 124, 252, 254, 249, 127, 254, 59, 245, 107,
       215, 108, 150, 190, 218, 121, 169, 247, 114, 222, 57, 173, 209,
       16, 244, 93, 153, 174, 24, 13, 248, 29, 158, 73, 24, 242, 51, 188,
       90, 215, 42, 249, 61, 190, 255, 239, 126, 255, 247, 127, 253, 220,
       222, 253, 125, 127, 255, 236, 251, 213, 107, 107, 245, 119, 199,
       247, 125, 255, 181, 191, 127, 95, 127, 235, 215, 100, 85, 186, 86,
       122, 233, 124, 120, 93, 56, 47, 213, 181, 245, 111, 153, 172, 28,
       5, 240, 29, 158, 73, 16, 242, 51, 189, 88, 87, 32, 250, 63, 244,
       125, 175, 191, 189, 223, 24, 255, 127, 181, 250, 189, 123, 180,
       85, 242, 247, 5, 113, 229, 118, 211, 124, 236, 254, 241, 63, 126,
       123, 117, 235, 215, 108, 150, 190, 210, 121, 233, 117, 114, 223,
       120, 47, 209, 20, 245, 111, 153, 172, 24, 5, 240, 29, 158, 73, 16,
       242, 51, 189, 88, 95, 34, 251, 127, 244, 125, 255, 255, 191, 223,
       24, 255, 247, 149, 250, 189, 123, 180, 93, 246, 247, 62, 115, 247,
       119, 211, 127, 253, 254, 255, 127, 126, 59, 245, 107, 215, 108,
       214, 191, 218, 121, 249, 127, 112, 95, 121, 45, 213, 28, 245, 111,
       157, 174, 24, 5, 240, 61, 156, 77, 56, 246, 115, 191, 248, 215,
       40, 250, 191, 254, 125, 239, 255, 189, 159, 88, 255, 127, 189,
       250, 191, 123, 244, 93, 242, 247, 63, 113, 253, 119, 147, 124,
       230, 255, 249, 63, 255, 123, 119, 171, 215, 108, 222, 255, 210,
       121, 233, 245, 118, 223, 122, 63, 209, 22, 244, 93, 157, 189, 24,
       5, 248, 157, 159, 73, 16, 246, 51, 189, 88, 95, 34, 249, 60, 59,
       255, 252, 50, 255, 243, 127, 245, 252, 214, 181, 93, 126, 187,
       230, 251, 221, 99, 107, 245, 55, 198, 247, 93, 234, 164, 157, 122,
       220, 117, 235, 215, 36, 87, 186, 86, 122, 233, 124, 248, 93, 56,
       46, 213, 165, 245, 111, 153, 172, 152, 5, 242, 29, 156, 73, 16,
       242, 51, 189, 89, 87, 32, 250, 13, 34, 65, 160, 25, 32, 33, 94,
       160, 126, 194, 53, 65, 11, 129, 67, 226, 92, 129, 96, 225, 32,
       136, 58, 76, 136, 32, 1, 82, 8, 49, 79, 113, 38, 85, 186, 16, 112,
       1, 84, 80, 64, 24, 14, 64, 5, 64, 75, 24, 44, 24, 4, 240, 28, 140,
       73, 16, 226, 35, 156, 72, 6, 32, 240, 245, 48, 247, 133, 217, 135,
       171, 232, 238, 111, 131, 126, 245, 111, 179, 84, 226, 213, 51, 98,
       201, 39, 138, 124, 78, 218, 188, 47, 210, 13, 51, 111, 215, 37,
       85, 187, 82, 112, 237, 118, 112, 92, 24, 15, 213, 28, 253, 21,
       153, 172, 24, 5, 240, 29, 156, 73, 16, 242, 51, 189, 88, 87, 32,
       248, 126, 249, 255, 222, 127, 223, 223, 11, 255, 247, 189, 248,
       191, 254, 188, 95, 251, 247, 122, 63, 199, 127, 211, 103, 255,
       215, 251, 63, 127, 251, 215, 235, 151, 239, 151, 255, 250, 121,
       255, 127, 114, 223, 229, 105, 149, 28, 245, 111, 215, 172, 154,
       13, 248, 53, 190, 223, 120, 246, 122, 191, 219, 221, 188, 250,
       124, 255, 255, 249, 114, 255, 231, 105, 237, 197, 223, 250, 255,
       127, 253, 220, 251, 213, 123, 111, 183, 127, 210, 119, 93, 255,
       55, 175, 118, 158, 115, 187, 215, 39, 85, 155, 82, 120, 253, 126,
       56, 125, 184, 239, 213, 28, 117, 47, 157, 172, 16, 13, 240, 29,
       156, 73, 80, 246, 115, 191, 88, 87, 41, 250, 208, 1, 146, 84, 64,
       2, 88, 134, 2, 170, 1, 2, 2, 192, 3, 18, 108, 130, 32, 6, 14, 173,
       100, 3, 138, 130, 242, 72, 128, 32, 160, 32, 114, 55, 52, 169, 0,
       36, 66, 64, 0, 104, 145, 74, 171, 28, 129, 78, 209, 168, 120, 87,
       32, 90, 52, 203, 129, 123, 17, 51, 28, 100, 145, 227, 5, 35, 17,
       34, 0, 32, 32, 66, 0, 0, 66, 55, 0, 3, 128, 0, 98, 8, 129, 64, 65,
       140, 8, 82, 6, 136, 0, 137, 194, 0, 32, 69, 48, 6, 116, 154, 1,
       248, 1, 132, 129, 64, 24, 2, 72, 5, 74, 196, 8, 36, 112, 52, 64,
       30, 12, 9, 0, 224, 1, 128, 8, 70, 33, 105, 255, 252, 255, 191,
       255, 191, 63, 249, 253, 127, 213, 186, 255, 174, 182, 95, 242,
       253, 59, 117, 121, 215, 211, 124, 222, 250, 252, 191, 211, 53,
       255, 171, 211, 45, 20, 255, 219, 125, 165, 119, 90, 206, 57, 63,
       209, 29, 239, 29, 157, 172, 24, 5, 224, 61, 156, 73, 80, 246, 49,
       189, 92, 86, 50, 251, 109, 46, 231, 249, 120, 119, 163, 255, 253,
       252, 206, 181, 93, 189, 251, 239, 203, 253, 235, 110, 253, 195,
       254, 183, 95, 233, 156, 151, 121, 212, 123, 223, 253, 39, 87, 186,
       85, 242, 253, 124, 252, 84, 26, 182, 93, 163, 67, 235, 185, 44,
       92, 9, 241, 29, 157, 77, 52, 236, 99, 189, 218, 198, 42, 250, 124,
