%YAML:1.0
descriptors: !!opencv-matrix
   rows: 19
   cols: 64
   dt: u
   data: [ 253, 238, 255, 239, 235, 255, 255, 251, 253, 255, 254, 255,
       255, 254, 253, 236, 255, 187, 255, 255, 253, 95, 191, 253, 251,
       127, 127, 246, 237, 215, 255, 255, 223, 251, 111, 117, 255, 255,
       253, 62, 251, 255, 251, 63, 255, 255, 254, 243, 239, 223, 255,
       255, 255, 239, 207, 255, 247, 223, 255, 237, 247, 255, 219, 190,
       233, 158, 214, 103, 253, 251, 243, 252, 124, 189, 198, 255, 174,
       123, 139, 205, 234, 253, 185, 59, 229, 111, 203, 127, 99, 106,
       120, 183, 126, 69, 99, 239, 223, 227, 85, 48, 119, 251, 253, 117,
       253, 92, 122, 39, 217, 1, 251, 99, 185, 252, 24, 5, 244, 189, 156,
       73, 54, 254, 183, 191, 218, 87, 164, 223, 61, 182, 253, 180, 62,
       253, 189, 121, 245, 254, 223, 245, 253, 63, 185, 86, 251, 252, 99,
       99, 245, 118, 210, 247, 221, 255, 245, 255, 122, 222, 117, 235,
       223, 44, 87, 190, 219, 120, 233, 124, 120, 93, 56, 47, 213, 53,
       247, 111, 153, 172, 24, 5, 240, 29, 156, 73, 16, 242, 51, 189, 90,
       87, 40, 250, 237, 143, 247, 244, 120, 111, 241, 247, 189, 252, 70,
       215, 223, 249, 186, 238, 234, 221, 235, 111, 244, 47, 210, 243,
       91, 251, 180, 166, 120, 194, 50, 239, 215, 39, 117, 186, 87, 122,
       233, 124, 249, 92, 56, 39, 221, 53, 247, 239, 153, 172, 24, 5,
       240, 29, 156, 73, 16, 242, 51, 189, 90, 87, 32, 250, 220, 171,
       255, 245, 48, 119, 249, 247, 89, 253, 86, 223, 83, 208, 146, 202,
       235, 221, 249, 111, 118, 141, 230, 147, 75, 123, 182, 166, 85, 65,
       50, 239, 223, 39, 117, 251, 87, 124, 237, 116, 248, 124, 187, 63,
       251, 53, 115, 239, 157, 172, 127, 213, 240, 31, 156, 72, 84, 250,
       51, 255, 89, 87, 33, 250, 76, 41, 243, 180, 16, 111, 45, 247, 192,
       230, 203, 180, 83, 132, 155, 226, 235, 92, 99, 103, 15, 133, 198,
       147, 13, 203, 180, 141, 64, 140, 50, 168, 83, 36, 85, 186, 18,
       126, 193, 84, 112, 92, 48, 46, 215, 20, 229, 110, 153, 172, 24, 5,
       240, 29, 156, 73, 16, 242, 51, 189, 88, 86, 32, 250, 47, 214, 124,
       233, 191, 189, 255, 16, 61, 255, 172, 232, 172, 57, 108, 93, 221,
       255, 175, 251, 245, 118, 91, 121, 245, 119, 97, 255, 127, 119,
       229, 227, 159, 216, 219, 4, 251, 217, 248, 59, 126, 159, 106, 237,
       245, 209, 247, 123, 186, 219, 152, 15, 244, 133, 250, 125, 63,
       215, 247, 167, 243, 251, 236, 222, 68, 2, 211, 161, 217, 162, 163,
       204, 136, 251, 2, 61, 129, 199, 131, 81, 106, 221, 137, 98, 200,
       9, 206, 57, 14, 200, 42, 111, 18, 9, 49, 79, 117, 167, 125, 59,
       48, 246, 37, 86, 65, 68, 72, 10, 79, 12, 73, 147, 152, 44, 88, 36,
       245, 252, 156, 107, 144, 248, 163, 188, 72, 71, 48, 244, 62, 253,
       255, 254, 55, 255, 221, 127, 255, 252, 213, 249, 127, 254, 253,
       223, 255, 247, 98, 251, 247, 127, 211, 247, 253, 255, 247, 255,
       127, 255, 247, 235, 207, 126, 199, 190, 254, 120, 251, 125, 120,
       255, 255, 111, 245, 245, 245, 111, 191, 174, 153, 79, 242, 29,
       222, 93, 53, 243, 127, 255, 251, 255, 173, 222, 254, 248, 255,
       213, 255, 199, 219, 236, 254, 255, 213, 255, 255, 234, 179, 126,
       251, 213, 63, 107, 207, 175, 238, 63, 143, 219, 254, 63, 83, 15,
       119, 127, 247, 165, 52, 255, 82, 125, 233, 246, 80, 76, 104, 62,
       219, 28, 217, 63, 153, 172, 26, 5, 240, 30, 156, 73, 144, 242, 51,
       157, 92, 87, 34, 255, 254, 249, 255, 223, 63, 95, 93, 238, 255,
       231, 189, 250, 255, 234, 246, 254, 251, 213, 62, 107, 143, 175,
       231, 63, 223, 223, 247, 63, 83, 159, 255, 127, 243, 36, 116, 255,
       82, 125, 251, 254, 114, 94, 121, 63, 219, 30, 245, 63, 153, 172,
       26, 5, 248, 29, 157, 73, 16, 242, 49, 189, 92, 86, 34, 251, 204,
       43, 195, 183, 211, 99, 175, 206, 132, 187, 202, 55, 179, 206, 163,
       70, 235, 213, 41, 103, 73, 143, 230, 59, 78, 223, 186, 47, 210,
       10, 50, 59, 115, 37, 85, 187, 82, 124, 101, 84, 112, 68, 56, 46,
       207, 12, 201, 252, 153, 172, 24, 5, 240, 30, 156, 73, 144, 242,
       51, 189, 92, 87, 32, 250, 223, 18, 203, 247, 255, 176, 251, 136,
       28, 187, 82, 123, 163, 74, 161, 83, 96, 223, 189, 27, 236, 45,
       206, 121, 12, 218, 186, 39, 94, 97, 53, 127, 119, 161, 156, 49,
       119, 253, 237, 247, 192, 76, 106, 72, 195, 5, 217, 115, 220, 204,
       24, 37, 245, 181, 188, 233, 214, 242, 183, 159, 220, 23, 48, 182,
       254, 49, 123, 183, 254, 181, 219, 249, 206, 175, 211, 126, 253,
       74, 179, 84, 246, 215, 86, 115, 207, 55, 195, 126, 172, 154, 246,
       127, 82, 189, 245, 186, 103, 44, 76, 159, 218, 121, 233, 87, 216,
       72, 181, 14, 211, 60, 145, 63, 155, 172, 24, 7, 240, 29, 156, 81,
       16, 242, 51, 185, 120, 23, 32, 251, 45, 38, 228, 160, 89, 166,
       163, 90, 164, 124, 194, 55, 161, 91, 161, 69, 194, 125, 131, 98,
       225, 39, 218, 115, 70, 168, 0, 135, 90, 12, 33, 203, 87, 36, 87,
       186, 81, 56, 41, 116, 124, 84, 26, 142, 65, 65, 211, 79, 24, 44,
       24, 1, 240, 28, 156, 73, 16, 242, 51, 189, 72, 87, 32, 250, 50,
       117, 121, 158, 54, 148, 93, 11, 199, 230, 57, 144, 61, 234, 52,
       86, 246, 214, 0, 243, 130, 50, 193, 39, 220, 130, 230, 93, 18,
       184, 213, 105, 210, 44, 20, 190, 202, 120, 195, 253, 50, 202, 61,
       41, 150, 20, 229, 110, 145, 172, 24, 7, 96, 25, 156, 73, 16, 242,
       51, 189, 120, 86, 34, 251, 62, 34, 237, 170, 22, 183, 167, 119,
       116, 94, 82, 52, 93, 62, 185, 68, 218, 221, 67, 224, 241, 113,
       209, 247, 92, 232, 164, 141, 82, 212, 49, 233, 199, 44, 87, 186,
       91, 120, 201, 124, 120, 93, 52, 47, 213, 21, 247, 111, 155, 172,
       24, 5, 242, 29, 156, 89, 16, 242, 51, 189, 88, 87, 40, 250, 28,
       35, 113, 160, 88, 166, 35, 107, 192, 78, 194, 53, 65, 69, 145, 96,
       226, 221, 3, 100, 225, 33, 192, 115, 76, 136, 172, 141, 82, 12,
       49, 233, 87, 36, 85, 186, 82, 120, 137, 116, 120, 84, 24, 14, 212,
       21, 231, 79, 153, 172, 24, 5, 240, 29, 156, 73, 16, 242, 51, 188,
       88, 86, 32, 248, 62, 153, 254, 254, 63, 253, 253, 127, 63, 254,
       223, 253, 63, 126, 253, 222, 255, 222, 225, 251, 245, 125, 211,
       123, 125, 255, 243, 127, 127, 255, 255, 239, 223, 52, 215, 186,
       247, 122, 249, 125, 112, 93, 255, 47, 245, 149, 247, 111, 155,
       174, 153, 13, 242, 29, 156, 93, 50, 243, 127, 255, 219, 223, 44,
       254 ]
