%YAML:1.0
descriptors: !!opencv-matrix
   rows: 82
   cols: 64
   dt: u
   data: [ 62, 255, 255, 253, 63, 253, 253, 127, 255, 255, 255, 248, 255,
       124, 253, 255, 255, 253, 123, 251, 247, 127, 211, 255, 253, 255,
       247, 255, 127, 255, 247, 235, 207, 126, 215, 190, 222, 121, 251,
       127, 120, 125, 255, 111, 247, 181, 247, 111, 191, 190, 153, 79,
       242, 29, 220, 93, 53, 243, 247, 255, 251, 255, 237, 254, 63, 183,
       253, 254, 55, 181, 253, 121, 246, 246, 213, 176, 253, 127, 181,
       87, 254, 223, 99, 243, 245, 38, 195, 119, 205, 254, 245, 255, 82,
       28, 245, 235, 215, 44, 85, 190, 91, 120, 233, 116, 120, 92, 56,
       47, 213, 53, 247, 111, 153, 172, 24, 5, 240, 29, 156, 73, 16, 242,
       51, 189, 88, 87, 32, 250, 45, 182, 101, 163, 255, 253, 163, 88,
       252, 125, 194, 125, 237, 63, 249, 197, 235, 253, 195, 96, 241, 99,
       155, 124, 69, 252, 61, 167, 126, 95, 115, 255, 221, 100, 87, 186,
       83, 122, 169, 116, 125, 84, 26, 174, 85, 225, 246, 97, 184, 188,
       24, 9, 240, 29, 156, 73, 48, 242, 51, 189, 218, 87, 36, 250, 50,
       213, 253, 158, 39, 213, 221, 63, 247, 254, 21, 201, 61, 56, 61,
       95, 255, 246, 96, 187, 212, 114, 209, 103, 249, 183, 245, 122,
       123, 251, 213, 107, 207, 44, 87, 190, 218, 120, 234, 125, 112, 93,
       45, 47, 148, 52, 245, 111, 153, 174, 24, 15, 240, 29, 156, 89, 16,
       242, 50, 189, 123, 215, 40, 250, 41, 134, 101, 172, 47, 189, 189,
       89, 181, 222, 130, 197, 217, 125, 61, 5, 136, 124, 195, 99, 244,
       102, 80, 243, 85, 190, 133, 146, 124, 214, 53, 195, 223, 48, 83,
       184, 243, 120, 232, 40, 124, 124, 58, 175, 212, 113, 247, 107,
       185, 172, 24, 13, 240, 29, 156, 72, 22, 226, 55, 189, 90, 87, 40,
       250, 62, 177, 255, 222, 55, 7, 93, 111, 215, 198, 245, 240, 127,
       234, 180, 94, 251, 212, 98, 103, 23, 63, 225, 119, 220, 203, 231,
       29, 83, 188, 116, 105, 214, 36, 20, 190, 194, 120, 211, 117, 114,
       203, 181, 111, 215, 20, 245, 110, 153, 172, 24, 5, 240, 29, 156,
       73, 16, 242, 115, 187, 89, 87, 32, 251, 45, 50, 101, 163, 221,
       176, 163, 92, 252, 63, 194, 117, 233, 27, 129, 65, 226, 213, 131,
       96, 225, 35, 203, 124, 76, 136, 40, 39, 94, 13, 49, 239, 85, 36,
       93, 186, 82, 250, 169, 118, 217, 84, 26, 14, 192, 5, 208, 83, 152,
       172, 24, 5, 240, 29, 156, 73, 16, 242, 51, 188, 88, 87, 32, 248,
       126, 57, 255, 214, 50, 7, 89, 111, 214, 230, 213, 180, 127, 226,
       178, 94, 250, 212, 98, 103, 7, 189, 193, 55, 141, 138, 230, 29,
       82, 172, 116, 232, 215, 38, 52, 190, 82, 124, 211, 117, 80, 72,
       181, 111, 242, 20, 225, 110, 153, 172, 24, 5, 240, 29, 156, 73,
       16, 242, 51, 251, 89, 86, 33, 251, 15, 179, 205, 254, 63, 185,
       157, 24, 119, 254, 159, 225, 253, 126, 61, 83, 253, 255, 33, 243,
       229, 117, 67, 115, 197, 255, 241, 255, 122, 76, 245, 227, 215, 36,
       87, 186, 91, 120, 233, 125, 116, 93, 120, 47, 213, 21, 247, 111,
       153, 172, 24, 5, 242, 29, 156, 73, 16, 242, 51, 189, 88, 87, 32,
       250, 194, 8, 171, 149, 234, 214, 218, 193, 8, 175, 17, 206, 211,
       192, 19, 10, 137, 93, 63, 71, 206, 165, 230, 88, 78, 223, 191, 46,
       208, 7, 51, 58, 71, 53, 85, 123, 82, 109, 236, 114, 112, 72, 48,
       47, 215, 28, 185, 51, 157, 140, 24, 5, 241, 125, 156, 67, 80, 250,
       49, 189, 92, 87, 48, 250, 61, 189, 253, 254, 63, 253, 249, 127,
       255, 254, 255, 253, 253, 127, 191, 255, 251, 255, 99, 115, 245,
       119, 211, 247, 205, 255, 245, 255, 122, 95, 247, 235, 223, 44, 87,
       190, 215, 120, 249, 117, 120, 93, 59, 47, 213, 53, 247, 111, 153,
       172, 24, 5, 240, 29, 156, 73, 16, 242, 51, 189, 90, 87, 32, 250,
       255, 254, 119, 119, 255, 240, 251, 252, 250, 191, 242, 249, 111,
       235, 194, 251, 251, 238, 255, 123, 253, 235, 47, 190, 167, 255,
       243, 251, 223, 127, 231, 255, 123, 237, 252, 247, 255, 183, 241,
       255, 223, 78, 251, 222, 251, 227, 219, 95, 168, 255, 94, 195, 236,
       191, 223, 109, 222, 247, 215, 223, 254, 214, 226, 53, 62, 253,
       255, 254, 54, 255, 253, 127, 247, 254, 253, 250, 255, 254, 191,
       127, 251, 247, 99, 123, 247, 63, 211, 247, 221, 255, 247, 191, 83,
       222, 246, 235, 223, 44, 87, 190, 219, 120, 233, 117, 122, 95, 61,
       47, 213, 53, 247, 111, 153, 172, 24, 5, 240, 29, 156, 73, 16, 242,
       51, 189, 89, 87, 34, 251, 232, 10, 174, 145, 207, 247, 167, 183,
       45, 231, 83, 206, 155, 252, 51, 142, 205, 221, 121, 231, 126, 149,
       254, 241, 91, 127, 185, 174, 208, 146, 50, 155, 223, 37, 83, 57,
       83, 109, 236, 106, 120, 92, 56, 63, 221, 61, 255, 181, 157, 136,
       24, 5, 209, 125, 156, 201, 81, 252, 49, 189, 92, 87, 0, 250, 86,
       235, 210, 90, 209, 202, 198, 71, 75, 0, 138, 252, 50, 198, 236,
       248, 251, 131, 57, 134, 71, 45, 63, 7, 215, 87, 115, 109, 131,
       142, 130, 32, 134, 7, 71, 159, 32, 20, 255, 124, 32, 116, 180, 97,
       29, 92, 55, 166, 213, 172, 192, 112, 179, 117, 96, 227, 82, 248,
       64, 39, 24, 113, 241, 74, 201, 203, 142, 95, 104, 119, 247, 246,
       189, 189, 44, 207, 27, 253, 63, 171, 139, 85, 249, 111, 76, 143,
       238, 51, 107, 127, 159, 38, 253, 67, 50, 95, 215, 39, 113, 121,
       82, 125, 253, 52, 114, 124, 58, 55, 221, 60, 125, 227, 157, 168,
       94, 149, 209, 127, 156, 202, 81, 252, 35, 189, 88, 85, 17, 250,
       255, 244, 121, 52, 93, 34, 127, 202, 224, 171, 233, 250, 230, 131,
       132, 91, 226, 173, 63, 89, 171, 205, 41, 124, 132, 223, 251, 191,
       211, 45, 97, 255, 251, 197, 188, 223, 33, 189, 53, 247, 78, 202,
       120, 249, 251, 89, 94, 153, 200, 247, 48, 118, 104, 182, 102, 109,
       216, 188, 149, 142, 188, 214, 241, 29, 102, 37, 227, 80, 216, 134,
       69, 15, 194, 38, 131, 52, 195, 198, 146, 67, 64, 33, 99, 214, 223,
       175, 82, 135, 150, 226, 134, 141, 128, 156, 0, 64, 79, 47, 71,
       175, 136, 52, 87, 94, 8, 96, 148, 200, 77, 120, 165, 207, 112, 44,
       136, 90, 51, 88, 92, 147, 37, 42, 83, 179, 40, 176, 249, 104, 69,
       238, 210, 41, 216, 206, 162, 197, 41, 225, 10, 188, 192, 135, 207,
       233, 201, 41, 185, 198, 189, 1, 31, 153, 83, 93, 29, 231, 193, 15,
       163, 86, 133, 147, 71, 139, 17, 145, 237, 62, 40, 28, 104, 161,
       117, 121, 62, 177, 157, 236, 32, 57, 213, 237, 64, 226, 114, 205,
       129, 165, 152, 99, 121, 78, 28, 58, 146, 121, 185, 121, 164, 212,
       25, 186, 202, 53, 80, 86, 235, 241, 253, 138, 163, 218, 237, 160,
       111, 154, 199, 93, 113, 227, 205, 71, 227, 246, 93, 146, 69, 164,
       117, 178, 233, 116, 104, 20, 114, 55, 85, 229, 183, 229, 184, 237,
       12, 37, 246, 93, 216, 65, 134, 209, 135, 165, 218, 115, 225, 70,
       63, 52, 241, 38, 159, 164, 61, 121, 198, 36, 209, 51, 237, 14,
       147, 85, 250, 247, 67, 80, 187, 142, 219, 124, 188, 184, 252, 137,
       210, 57, 229, 238, 5, 173, 172, 223, 238, 61, 33, 87, 41, 194,
       215, 201, 79, 233, 140, 29, 238, 54, 209, 136, 98, 178, 244, 113,
       232, 178, 253, 219, 191, 143, 188, 22, 188, 250, 115, 43, 24, 104,
       164, 203, 203, 162, 202, 254, 229, 6, 203, 218, 251, 134, 167, 65,
       135, 132, 77, 220, 197, 221, 121, 171, 67, 14, 227, 254, 133, 134,
       109, 158, 40, 184, 237, 86, 40, 84, 48, 225, 87, 93, 54, 165, 216,
       172, 32, 114, 240, 21, 100, 97, 4, 184, 133, 169, 28, 87, 241, 94,
       78, 238, 34, 169, 89, 122, 166, 195, 25, 250, 202, 191, 80, 148,
       239, 239, 137, 41, 187, 222, 237, 129, 93, 16, 85, 93, 153, 229,
       193, 198, 171, 210, 137, 145, 71, 171, 113, 184, 237, 60, 104, 60,
       48, 181, 85, 221, 54, 233, 189, 239, 44, 9, 209, 125, 232, 16, 86,
       201, 135, 181, 26, 99, 248, 66, 71, 205, 138, 122, 201, 202, 228,
       7, 41, 34, 1, 200, 2, 231, 79, 137, 141, 43, 49, 214, 135, 45, 63,
       75, 83, 87, 19, 238, 129, 39, 130, 70, 151, 147, 73, 3, 9, 132,
       254, 34, 32, 56, 172, 225, 253, 89, 183, 171, 89, 202, 0, 247,
       213, 101, 112, 170, 27, 143, 192, 163, 16, 113, 209, 74, 60, 255,
