%YAML:1.0
descriptors: !!opencv-matrix
   rows: 77
   cols: 64
   dt: u
   data: [ 63, 183, 253, 254, 63, 189, 253, 121, 255, 252, 255, 251, 253,
       123, 188, 117, 247, 215, 99, 115, 245, 46, 195, 119, 205, 255,
       245, 251, 122, 94, 247, 235, 215, 44, 85, 190, 82, 120, 249, 117,
       120, 93, 58, 47, 213, 21, 245, 111, 153, 172, 24, 5, 240, 29, 156,
       73, 16, 242, 51, 189, 88, 87, 32, 250, 62, 181, 253, 254, 55, 181,
       253, 123, 247, 222, 245, 243, 253, 122, 180, 95, 246, 215, 99,
       115, 245, 54, 211, 119, 205, 255, 245, 251, 90, 88, 245, 235, 215,
       44, 87, 190, 91, 120, 233, 117, 120, 93, 56, 47, 213, 21, 245,
       111, 153, 172, 24, 5, 240, 29, 156, 73, 16, 242, 51, 189, 88, 87,
       32, 250, 62, 180, 236, 190, 63, 245, 159, 61, 247, 254, 221, 253,
       253, 126, 63, 119, 253, 254, 99, 243, 245, 51, 211, 119, 221, 255,
       245, 255, 90, 223, 247, 235, 223, 44, 87, 190, 91, 120, 233, 124,
       120, 93, 120, 47, 213, 53, 247, 111, 153, 172, 24, 5, 240, 29,
       156, 73, 16, 242, 51, 189, 88, 87, 32, 250, 15, 50, 197, 38, 62,
       177, 131, 28, 240, 188, 130, 101, 252, 63, 35, 65, 232, 253, 3,
       242, 225, 33, 67, 247, 68, 184, 180, 143, 90, 76, 49, 99, 215, 44,
       85, 186, 91, 120, 233, 116, 124, 92, 56, 47, 213, 85, 247, 111,
       153, 172, 24, 5, 240, 29, 156, 73, 16, 242, 51, 189, 88, 87, 32,
       250, 55, 51, 113, 162, 29, 160, 7, 72, 230, 68, 147, 48, 237, 79,
       144, 85, 226, 212, 3, 96, 193, 34, 129, 118, 76, 136, 160, 9, 82,
       8, 49, 105, 215, 36, 85, 186, 82, 120, 129, 84, 112, 84, 24, 15,
       212, 20, 229, 79, 153, 172, 24, 5, 240, 29, 156, 73, 16, 242, 51,
       189, 88, 87, 32, 248, 253, 59, 247, 52, 52, 119, 41, 254, 244,
       190, 194, 183, 111, 203, 147, 75, 251, 221, 99, 103, 125, 135,
       230, 183, 207, 251, 182, 141, 90, 12, 114, 233, 223, 36, 85, 190,
       82, 124, 225, 116, 120, 92, 58, 47, 213, 53, 231, 110, 153, 172,
       24, 5, 240, 29, 156, 73, 16, 242, 51, 189, 88, 87, 32, 250, 108,
       47, 239, 249, 50, 127, 177, 255, 253, 220, 206, 181, 125, 191,
       251, 238, 235, 220, 203, 110, 125, 209, 246, 182, 93, 233, 188,
       145, 251, 222, 62, 187, 240, 36, 85, 250, 87, 114, 209, 124, 254,
       93, 56, 62, 85, 167, 67, 108, 157, 172, 94, 5, 242, 29, 157, 77,
       24, 244, 43, 188, 91, 70, 34, 250, 54, 185, 255, 214, 119, 143,
       223, 123, 246, 92, 189, 243, 255, 122, 180, 92, 246, 215, 102, 39,
       215, 47, 193, 119, 207, 254, 231, 111, 82, 30, 212, 105, 215, 38,
       85, 190, 82, 120, 235, 116, 112, 92, 56, 47, 213, 20, 245, 111,
       153, 172, 24, 5, 240, 29, 156, 73, 16, 242, 51, 189, 88, 87, 32,
       250, 191, 253, 125, 167, 247, 61, 223, 216, 255, 87, 189, 250,
       255, 123, 244, 125, 242, 247, 127, 117, 113, 214, 177, 116, 238,
       255, 249, 59, 255, 26, 254, 185, 240, 108, 22, 222, 66, 113, 137,
       245, 82, 222, 24, 31, 208, 22, 244, 12, 153, 173, 18, 5, 248, 29,
       159, 73, 16, 246, 49, 156, 92, 87, 34, 185, 63, 188, 253, 253, 63,
       253, 253, 120, 127, 255, 222, 255, 253, 126, 188, 87, 251, 253,
       225, 251, 245, 117, 211, 243, 253, 255, 241, 255, 122, 223, 247,
       235, 223, 36, 215, 186, 254, 120, 249, 125, 112, 93, 127, 47, 213,
       21, 247, 111, 153, 172, 152, 13, 242, 29, 156, 93, 62, 242, 55,
       189, 219, 223, 44, 250, 85, 63, 247, 212, 48, 39, 121, 122, 178,
       252, 199, 113, 71, 217, 144, 91, 246, 215, 226, 47, 214, 45, 192,
       243, 139, 42, 230, 94, 88, 8, 244, 111, 223, 55, 116, 190, 148,
       124, 210, 245, 209, 124, 187, 70, 233, 36, 193, 111, 153, 166, 56,
       215, 240, 28, 157, 73, 17, 242, 115, 191, 120, 119, 161, 251, 4,
       33, 65, 144, 16, 2, 10, 78, 2, 34, 1, 48, 65, 66, 145, 66, 98, 84,
       1, 98, 131, 160, 192, 2, 12, 128, 162, 9, 18, 8, 49, 73, 114, 36,
       20, 186, 0, 120, 1, 84, 128, 66, 24, 10, 66, 20, 193, 78, 25, 44,
       16, 5, 32, 24, 148, 73, 16, 114, 51, 184, 72, 70, 32, 241, 89,
       222, 158, 203, 238, 253, 191, 48, 63, 255, 124, 203, 158, 61, 125,
       31, 253, 251, 121, 235, 252, 119, 218, 249, 217, 127, 253, 254,
       125, 211, 243, 247, 223, 240, 83, 37, 83, 201, 232, 106, 124, 92,
       104, 47, 213, 180, 255, 51, 153, 200, 24, 37, 244, 141, 156, 237,
       19, 246, 179, 189, 210, 215, 0, 254, 118, 33, 233, 216, 114, 151,
       95, 107, 198, 230, 49, 176, 223, 226, 148, 94, 226, 213, 34, 103,
       143, 61, 192, 103, 12, 210, 167, 45, 82, 136, 48, 105, 211, 38,
       20, 187, 66, 120, 243, 84, 48, 106, 185, 111, 211, 28, 213, 111,
       155, 172, 24, 69, 112, 25, 156, 73, 16, 242, 115, 191, 88, 87, 33,
       251, 124, 41, 255, 216, 114, 215, 119, 119, 230, 68, 207, 52, 85,
       252, 185, 70, 251, 245, 99, 102, 247, 127, 82, 151, 222, 255, 182,
       205, 96, 156, 116, 232, 199, 14, 71, 190, 194, 120, 219, 92, 56,
       121, 180, 103, 213, 252, 165, 110, 153, 172, 136, 77, 242, 29,
       156, 81, 48, 242, 123, 191, 120, 215, 105, 250, 50, 149, 16, 214,
       143, 140, 211, 9, 38, 69, 23, 66, 189, 121, 52, 21, 246, 215, 4,
       34, 198, 42, 129, 98, 104, 146, 224, 10, 18, 24, 81, 105, 215, 38,
       80, 154, 66, 88, 235, 212, 209, 92, 24, 15, 192, 20, 241, 79, 145,
       164, 24, 5, 240, 25, 157, 73, 17, 114, 50, 189, 88, 87, 32, 249,
       63, 245, 125, 252, 55, 189, 249, 120, 245, 222, 215, 241, 253,
       123, 249, 85, 242, 244, 67, 99, 245, 114, 208, 119, 125, 186, 167,
       27, 122, 95, 125, 251, 215, 100, 87, 186, 82, 120, 249, 124, 248,
       95, 60, 47, 212, 20, 209, 111, 153, 172, 24, 5, 240, 29, 157, 77,
       24, 242, 51, 189, 88, 87, 32, 251, 63, 182, 253, 166, 63, 181,
       179, 121, 244, 212, 214, 117, 253, 63, 177, 85, 250, 253, 67, 98,
       241, 39, 211, 119, 204, 184, 244, 175, 82, 28, 113, 235, 215, 36,
       85, 190, 83, 120, 233, 116, 120, 92, 56, 47, 213, 21, 247, 111,
       153, 172, 24, 5, 240, 29, 156, 73, 16, 242, 51, 189, 88, 87, 32,
       250, 61, 54, 109, 168, 62, 189, 187, 125, 245, 254, 210, 53, 221,
       57, 185, 71, 242, 252, 195, 104, 241, 114, 210, 255, 77, 168, 164,
       151, 120, 85, 125, 235, 223, 44, 215, 186, 223, 122, 161, 117,
       252, 92, 122, 46, 212, 165, 195, 111, 187, 172, 24, 5, 242, 29,
       157, 89, 20, 242, 51, 189, 90, 215, 40, 242, 56, 59, 247, 244, 54,
       163, 248, 118, 82, 152, 215, 245, 238, 209, 147, 90, 246, 207,
       227, 235, 247, 45, 195, 215, 143, 42, 226, 222, 72, 100, 244, 239,
       223, 55, 116, 188, 223, 124, 248, 117, 89, 92, 187, 110, 235, 53,
       211, 111, 185, 166, 9, 199, 240, 28, 156, 73, 7, 243, 119, 255,
       120, 103, 161, 250, 250, 249, 251, 246, 54, 39, 92, 35, 215, 255,
       117, 243, 127, 226, 52, 94, 244, 147, 118, 223, 183, 127, 225,
       215, 185, 122, 231, 223, 74, 245, 244, 232, 207, 62, 38, 246, 255,
       93, 242, 253, 90, 223, 247, 105, 251, 53, 183, 111, 255, 170, 139,
       207, 248, 29, 120, 85, 95, 243, 119, 251, 59, 187, 235, 239, 191,
       245, 125, 254, 55, 133, 93, 41, 247, 71, 253, 250, 191, 106, 180,
       92, 247, 247, 118, 115, 247, 126, 241, 118, 252, 255, 247, 123,
       115, 251, 247, 233, 134, 44, 6, 254, 218, 121, 251, 253, 114, 223,
       245, 105, 209, 20, 245, 111, 159, 174, 155, 13, 248, 29, 156, 81,
       56, 242, 123, 185, 123, 223, 42, 251, 190, 49, 113, 166, 223, 36,
       25, 105, 198, 69, 209, 119, 237, 74, 144, 84, 242, 214, 6, 80, 97,
       42, 161, 100, 142, 154, 228, 11, 210, 56, 245, 173, 70, 44, 20,
       190, 194, 112, 129, 213, 89, 72, 21, 10, 192, 20, 136, 76, 137,
       164, 88, 1, 96, 30, 156, 65, 16, 178, 51, 184, 120, 7, 32, 248,
       124, 175, 255, 252, 122, 127, 243, 255, 253, 252, 222, 181, 95,
       254, 187, 238, 251, 221, 251, 111, 245, 125, 206, 183, 95, 235,
       156, 151, 121, 205, 63, 239, 223, 39, 117, 186, 87, 122, 253, 124,
       248, 93, 124, 38, 221, 183, 119, 239, 157, 172, 153, 13, 242, 29,
       156, 77, 80, 246, 59, 189, 91, 87, 32, 250, 62, 49, 209, 246, 54,
