%YAML:1.0
descriptors: !!opencv-matrix
   rows: 80
   cols: 64
   dt: u
   data: [ 63, 254, 255, 255, 63, 253, 253, 124, 255, 255, 221, 253, 253,
       126, 253, 253, 255, 254, 227, 251, 245, 126, 211, 255, 253, 255,
       247, 255, 127, 255, 247, 239, 223, 108, 215, 190, 255, 120, 249,
       125, 120, 93, 251, 47, 245, 181, 247, 111, 187, 174, 152, 15, 240,
       29, 156, 93, 54, 243, 119, 191, 251, 223, 44, 254, 63, 150, 252,
       255, 63, 253, 253, 125, 63, 254, 223, 253, 188, 127, 173, 87, 239,
       222, 33, 251, 245, 116, 195, 123, 77, 255, 225, 127, 126, 95, 245,
       107, 223, 36, 213, 186, 87, 120, 249, 117, 112, 93, 123, 47, 213,
       21, 247, 111, 153, 172, 24, 5, 240, 29, 156, 73, 16, 242, 51, 189,
       88, 87, 32, 250, 63, 182, 255, 169, 255, 183, 191, 93, 247, 255,
       240, 248, 253, 42, 179, 93, 242, 245, 35, 99, 241, 83, 215, 125,
       76, 169, 168, 47, 91, 92, 113, 235, 245, 36, 158, 187, 82, 120,
       33, 244, 114, 78, 56, 15, 211, 20, 209, 95, 153, 172, 24, 5, 240,
       29, 156, 73, 16, 242, 51, 156, 88, 87, 32, 243, 55, 245, 124, 222,
       55, 157, 223, 25, 231, 71, 189, 248, 189, 123, 180, 93, 255, 247,
       38, 187, 151, 118, 209, 103, 245, 247, 229, 127, 55, 58, 213, 105,
       198, 108, 151, 158, 202, 120, 251, 125, 114, 219, 45, 173, 149,
       80, 245, 111, 145, 190, 16, 13, 184, 25, 222, 93, 56, 243, 114,
       191, 123, 223, 44, 251, 183, 244, 120, 190, 255, 4, 31, 9, 230,
       103, 61, 250, 189, 74, 180, 85, 246, 247, 4, 240, 203, 242, 145,
       110, 212, 215, 225, 123, 211, 57, 245, 105, 194, 172, 150, 158,
       202, 120, 161, 247, 50, 202, 60, 169, 212, 28, 244, 13, 145, 174,
       16, 5, 104, 24, 156, 73, 24, 178, 49, 188, 88, 86, 42, 185, 184,
       217, 159, 215, 38, 229, 221, 190, 222, 253, 87, 201, 175, 216, 83,
       158, 127, 215, 252, 43, 214, 45, 231, 255, 235, 255, 243, 126, 95,
       99, 246, 127, 215, 55, 125, 52, 215, 125, 250, 117, 113, 92, 187,
       111, 255, 20, 253, 111, 153, 170, 26, 199, 244, 29, 156, 73, 17,
       243, 115, 255, 112, 119, 129, 254, 243, 217, 203, 215, 247, 131,
       223, 186, 222, 143, 53, 250, 187, 202, 66, 90, 34, 215, 60, 63,
       14, 191, 195, 111, 47, 215, 187, 63, 82, 43, 54, 59, 214, 47, 60,
       251, 210, 125, 254, 245, 112, 236, 189, 111, 187, 28, 253, 63,
       223, 174, 24, 199, 249, 253, 188, 227, 81, 254, 113, 123, 125, 21,
       177, 186, 111, 207, 237, 216, 103, 223, 93, 123, 181, 86, 189,
       138, 223, 253, 60, 77, 137, 125, 106, 246, 246, 127, 208, 243, 95,
       119, 151, 116, 120, 214, 22, 201, 207, 122, 195, 168, 218, 120,
       250, 57, 116, 189, 185, 239, 213, 240, 245, 111, 155, 172, 152,
       77, 243, 93, 158, 29, 57, 198, 123, 191, 122, 247, 173, 250, 2,
       139, 140, 26, 35, 217, 148, 39, 51, 184, 52, 193, 56, 51, 45, 10,
       141, 146, 32, 187, 196, 36, 195, 115, 65, 23, 129, 34, 18, 0, 17,
       98, 223, 36, 81, 176, 83, 88, 232, 96, 112, 92, 56, 47, 148, 20,
       245, 111, 153, 168, 24, 5, 240, 29, 156, 73, 16, 242, 51, 189, 88,
       87, 32, 250, 68, 3, 163, 144, 0, 6, 32, 103, 0, 134, 67, 20, 80,
       132, 153, 2, 138, 76, 3, 102, 2, 37, 196, 147, 12, 136, 132, 132,
       64, 4, 48, 72, 86, 6, 85, 170, 16, 122, 65, 84, 48, 96, 24, 14,
       70, 4, 65, 238, 25, 44, 24, 5, 240, 29, 156, 72, 0, 226, 51, 189,
       72, 86, 32, 242, 8, 13, 42, 161, 2, 117, 249, 195, 20, 222, 6, 6,
       17, 76, 121, 165, 9, 120, 197, 66, 116, 54, 20, 82, 53, 244, 23,
       0, 84, 246, 54, 211, 66, 18, 219, 96, 179, 106, 200, 8, 112, 53,
       84, 104, 103, 196, 182, 106, 31, 9, 184, 13, 219, 85, 204, 16, 19,
       67, 123, 173, 71, 187, 73, 162, 12, 142, 175, 249, 32, 253, 160,
       119, 57, 254, 78, 133, 209, 180, 251, 170, 137, 216, 227, 107,
       244, 37, 78, 243, 89, 105, 148, 164, 72, 198, 51, 203, 215, 18,
       85, 168, 85, 250, 233, 124, 248, 60, 56, 38, 85, 182, 119, 107,
       153, 172, 56, 5, 240, 29, 156, 72, 20, 226, 51, 189, 88, 87, 32,
       250, 76, 15, 167, 184, 0, 119, 32, 247, 1, 198, 194, 4, 80, 180,
       155, 162, 137, 72, 195, 110, 54, 161, 70, 147, 93, 41, 148, 132,
       64, 132, 58, 200, 69, 18, 69, 170, 16, 122, 193, 76, 184, 52, 48,
       166, 103, 165, 35, 238, 153, 44, 60, 17, 242, 29, 148, 72, 128,
       226, 3, 181, 72, 70, 33, 242, 35, 196, 204, 138, 47, 220, 20, 3,
       55, 116, 28, 136, 188, 63, 60, 29, 253, 179, 32, 176, 196, 118,
       211, 103, 81, 85, 209, 62, 59, 250, 211, 97, 151, 108, 83, 48,
       250, 72, 234, 104, 116, 223, 40, 173, 149, 20, 245, 111, 145, 172,
       153, 13, 180, 9, 218, 219, 58, 243, 50, 189, 82, 209, 44, 202, 58,
       49, 252, 214, 55, 149, 93, 63, 215, 130, 21, 240, 63, 106, 52, 86,
       126, 146, 98, 211, 151, 62, 209, 231, 152, 34, 230, 89, 82, 248,
       212, 232, 207, 60, 6, 190, 219, 88, 210, 125, 88, 219, 181, 111,
       176, 116, 181, 110, 187, 174, 153, 79, 240, 25, 220, 81, 16, 243,
       115, 251, 59, 247, 168, 219, 51, 213, 72, 158, 39, 156, 93, 11,
       247, 71, 61, 202, 191, 107, 116, 95, 247, 247, 36, 177, 134, 118,
       209, 103, 125, 215, 241, 63, 19, 59, 85, 105, 151, 44, 84, 154,
       194, 120, 234, 119, 114, 222, 41, 105, 149, 20, 245, 111, 145,
       172, 24, 5, 232, 17, 188, 73, 24, 242, 50, 189, 88, 87, 34, 251,
       129, 250, 199, 207, 189, 81, 129, 254, 254, 189, 62, 255, 171, 27,
       203, 233, 235, 213, 169, 43, 196, 5, 206, 120, 107, 223, 25, 35,
       191, 75, 19, 127, 247, 36, 85, 186, 86, 122, 233, 116, 243, 92,
       42, 62, 213, 134, 209, 105, 153, 189, 28, 5, 240, 29, 156, 73, 16,
       242, 50, 157, 88, 87, 38, 255, 154, 217, 138, 245, 46, 93, 220,
       167, 30, 231, 125, 202, 154, 200, 86, 190, 173, 221, 52, 235, 142,
       173, 226, 122, 109, 223, 183, 122, 81, 35, 55, 107, 215, 52, 80,
       104, 82, 105, 234, 243, 82, 222, 185, 111, 243, 22, 245, 111, 153,
       136, 26, 5, 248, 29, 157, 73, 17, 243, 51, 189, 80, 87, 0, 251,
       62, 177, 253, 254, 55, 191, 253, 123, 247, 222, 213, 242, 253,
       126, 180, 94, 255, 223, 99, 243, 245, 55, 195, 247, 221, 255, 245,
       255, 82, 252, 245, 235, 223, 44, 87, 190, 219, 120, 233, 125, 120,
       93, 57, 47, 213, 53, 247, 111, 153, 174, 24, 7, 240, 29, 156, 73,
       16, 242, 51, 189, 120, 87, 32, 250, 46, 225, 139, 222, 54, 147,
       216, 15, 214, 170, 53, 184, 115, 194, 53, 90, 24, 146, 114, 219,
       135, 62, 69, 7, 189, 147, 167, 61, 67, 249, 52, 250, 199, 62, 39,
       190, 218, 125, 242, 117, 178, 235, 245, 109, 179, 84, 145, 111,
       159, 174, 154, 71, 122, 25, 188, 80, 17, 243, 123, 255, 121, 127,
       227, 243, 63, 188, 236, 254, 63, 189, 221, 61, 255, 252, 212, 251,
       253, 127, 62, 93, 252, 255, 99, 243, 245, 119, 211, 119, 253, 250,
       244, 255, 122, 93, 247, 235, 223, 44, 87, 190, 219, 120, 249, 125,
       120, 95, 58, 175, 213, 53, 247, 111, 153, 172, 24, 13, 240, 29,
       156, 73, 16, 242, 51, 189, 90, 87, 40, 250, 119, 49, 117, 134, 87,
       130, 15, 74, 230, 68, 177, 48, 45, 107, 132, 85, 226, 213, 5, 100,
       193, 39, 129, 119, 76, 136, 168, 13, 82, 8, 48, 105, 210, 36, 84,
       186, 66, 120, 129, 244, 80, 90, 24, 15, 209, 20, 196, 78, 153,
       172, 24, 5, 112, 28, 156, 73, 16, 242, 51, 188, 88, 86, 32, 249,
       250, 53, 253, 150, 255, 167, 89, 123, 246, 109, 213, 119, 255,
       202, 178, 85, 254, 247, 98, 114, 248, 191, 211, 119, 158, 186,
       244, 31, 210, 217, 117, 233, 199, 44, 22, 190, 210, 120, 225, 117,
       80, 201, 21, 15, 193, 20, 229, 79, 153, 172, 24, 13, 240, 28, 156,
       65, 16, 242, 51, 189, 90, 23, 32, 250, 13, 142, 110, 105, 189,
       253, 161, 112, 189, 189, 198, 205, 204, 61, 105, 165, 137, 233,
       235, 235, 245, 118, 90, 249, 113, 125, 21, 182, 124, 87, 35, 215,
       223, 216, 203, 32, 245, 186, 248, 41, 125, 61, 122, 183, 213, 225,
       247, 99, 186, 217, 141, 9, 245, 157, 218, 28, 54, 199, 151, 165,
       226, 219, 108, 94, 250, 241, 249, 191, 255, 135, 31, 76, 230, 103,
