%YAML:1.0
descriptors: !!opencv-matrix
   rows: 98
   cols: 64
   dt: u
   data: [ 58, 254, 253, 254, 62, 253, 253, 115, 255, 252, 84, 217, 253,
       126, 188, 92, 255, 246, 227, 235, 245, 126, 211, 247, 253, 255,
       245, 255, 127, 223, 245, 239, 199, 108, 71, 190, 255, 120, 249,
       125, 120, 93, 123, 175, 213, 52, 247, 111, 185, 172, 153, 13, 240,
       29, 156, 93, 54, 242, 115, 189, 251, 223, 40, 250, 254, 249, 247,
       247, 255, 167, 251, 250, 222, 109, 245, 123, 255, 202, 180, 92,
       242, 215, 127, 119, 255, 175, 163, 127, 174, 255, 255, 63, 211,
       219, 118, 191, 195, 45, 20, 255, 214, 117, 253, 255, 91, 203, 245,
       15, 201, 29, 249, 31, 141, 164, 219, 133, 248, 190, 156, 67, 88,
       190, 115, 187, 216, 31, 48, 253, 217, 26, 146, 49, 201, 162, 46,
       220, 10, 43, 193, 10, 230, 204, 3, 27, 116, 175, 59, 86, 234, 135,
       202, 25, 134, 74, 250, 238, 208, 5, 227, 166, 91, 167, 84, 63, 16,
       173, 37, 70, 88, 64, 16, 14, 205, 121, 139, 149, 156, 204, 24, 49,
       113, 254, 156, 227, 80, 188, 177, 149, 156, 86, 16, 100, 205, 30,
       158, 48, 73, 51, 32, 246, 48, 186, 194, 7, 70, 129, 3, 11, 108,
       169, 187, 218, 225, 197, 78, 155, 134, 104, 250, 198, 200, 69,
       227, 230, 127, 147, 209, 37, 61, 174, 36, 96, 220, 4, 90, 30, 91,
       225, 3, 201, 248, 106, 40, 212, 245, 125, 88, 73, 151, 157, 135,
       151, 150, 178, 193, 71, 77, 5, 128, 181, 65, 162, 42, 76, 4, 227,
       131, 0, 128, 136, 35, 7, 136, 93, 25, 71, 138, 167, 194, 51, 4,
       202, 136, 12, 80, 4, 33, 9, 83, 53, 20, 187, 2, 104, 5, 70, 16,
       64, 24, 10, 193, 13, 193, 15, 25, 172, 24, 5, 113, 124, 156, 64,
       16, 186, 51, 189, 72, 22, 48, 250, 9, 23, 132, 80, 221, 183, 163,
       114, 180, 92, 70, 69, 140, 93, 41, 5, 68, 253, 201, 34, 244, 111,
       152, 115, 66, 106, 4, 6, 124, 64, 33, 199, 223, 98, 211, 48, 117,
       26, 125, 32, 125, 52, 26, 134, 69, 225, 247, 75, 56, 60, 24, 12,
       241, 61, 158, 73, 51, 230, 55, 159, 194, 87, 36, 248, 69, 3, 145,
       16, 72, 2, 32, 78, 0, 32, 129, 0, 64, 193, 128, 3, 66, 8, 1, 64,
       130, 164, 8, 3, 70, 128, 0, 73, 128, 12, 0, 64, 18, 6, 20, 138, 0,
       160, 5, 70, 4, 32, 24, 3, 64, 8, 101, 202, 16, 36, 48, 16, 32, 88,
       4, 9, 0, 40, 1, 132, 8, 6, 33, 96, 66, 3, 146, 211, 201, 130, 194,
       2, 2, 65, 2, 71, 130, 71, 128, 17, 98, 87, 61, 102, 198, 45, 139,
       99, 78, 218, 42, 13, 146, 10, 16, 29, 86, 39, 92, 155, 0, 124, 79,
       22, 1, 96, 24, 74, 73, 12, 249, 151, 65, 36, 16, 4, 33, 34, 140,
       203, 81, 120, 50, 175, 72, 5, 49, 184, 106, 23, 229, 156, 118,
       223, 31, 121, 175, 231, 153, 158, 221, 252, 188, 71, 235, 213,
       122, 103, 222, 39, 210, 115, 77, 223, 189, 61, 82, 26, 55, 41,
       215, 37, 87, 187, 82, 120, 237, 116, 112, 92, 56, 47, 213, 28,
       245, 111, 157, 172, 24, 5, 241, 61, 156, 75, 16, 246, 51, 189, 88,
       87, 32, 250, 1, 142, 12, 8, 0, 95, 32, 23, 49, 92, 14, 5, 16, 53,
       109, 165, 141, 40, 193, 160, 212, 112, 80, 211, 81, 53, 4, 192,
       44, 214, 27, 65, 204, 16, 195, 32, 17, 2, 200, 40, 244, 21, 26,
       167, 84, 226, 118, 106, 185, 8, 140, 12, 178, 13, 219, 24, 55,
       195, 7, 164, 66, 211, 76, 74, 82, 1, 0, 22, 2, 130, 26, 5, 2, 34,
       17, 4, 16, 0, 16, 18, 20, 3, 0, 148, 130, 49, 64, 67, 152, 0, 172,
       76, 0, 160, 149, 64, 7, 28, 1, 36, 8, 8, 130, 74, 32, 8, 5, 9,
       177, 28, 161, 79, 19, 138, 8, 3, 38, 72, 120, 211, 1, 115, 18,
       177, 32, 82, 96, 98, 69, 1, 139, 144, 0, 2, 93, 110, 128, 166, 5,
       128, 81, 128, 19, 2, 136, 84, 32, 103, 2, 161, 228, 35, 13, 131,
       134, 12, 80, 8, 48, 73, 87, 20, 52, 170, 2, 104, 193, 80, 48, 104,
       56, 46, 147, 28, 65, 110, 25, 168, 56, 5, 112, 25, 148, 72, 16,
       226, 51, 189, 72, 22, 32, 250, 97, 7, 37, 144, 232, 151, 11, 121,
       166, 102, 3, 6, 137, 249, 16, 6, 226, 213, 9, 102, 216, 165, 128,
       115, 78, 202, 168, 14, 146, 8, 49, 105, 211, 37, 84, 187, 82, 120,
       197, 244, 208, 92, 24, 14, 209, 28, 193, 79, 153, 172, 24, 5, 240,
       29, 156, 75, 16, 242, 51, 189, 88, 86, 32, 249, 65, 7, 1, 148, 0,
       6, 2, 71, 0, 68, 3, 4, 0, 5, 16, 2, 128, 68, 0, 100, 130, 33, 192,
       3, 76, 128, 132, 12, 16, 8, 16, 73, 70, 52, 81, 170, 0, 104, 0,
       64, 0, 32, 24, 138, 132, 16, 229, 78, 16, 172, 24, 5, 48, 24, 156,
       0, 0, 98, 19, 189, 72, 86, 32, 250, 35, 134, 0, 130, 207, 138, 7,
       9, 166, 64, 4, 64, 169, 94, 36, 5, 70, 119, 0, 20, 192, 39, 153,
       103, 64, 208, 8, 12, 18, 24, 1, 73, 135, 36, 83, 176, 66, 72, 45,
       96, 96, 80, 8, 11, 85, 20, 245, 79, 144, 172, 24, 4, 176, 9, 156,
       11, 16, 114, 50, 189, 80, 87, 36, 218, 106, 159, 238, 211, 239,
       223, 135, 191, 254, 117, 30, 79, 191, 252, 59, 77, 255, 247, 121,
       54, 220, 119, 211, 119, 90, 254, 184, 46, 250, 216, 83, 107, 223,
       45, 83, 187, 82, 120, 237, 124, 116, 93, 24, 47, 213, 60, 245,
       111, 157, 172, 152, 13, 243, 61, 156, 203, 80, 246, 51, 189, 88,
       87, 32, 250, 67, 6, 0, 2, 201, 130, 131, 10, 34, 4, 0, 69, 128,
       105, 0, 5, 98, 85, 1, 36, 192, 39, 128, 99, 74, 128, 8, 4, 18, 8,
       17, 73, 215, 37, 80, 176, 82, 64, 13, 68, 65, 64, 24, 14, 65, 16,
       225, 79, 17, 44, 24, 4, 241, 24, 156, 75, 16, 114, 50, 157, 72,
       87, 32, 248, 227, 3, 199, 211, 223, 134, 7, 26, 246, 125, 6, 67,
       171, 253, 50, 5, 226, 213, 57, 39, 204, 175, 194, 119, 78, 218,
       184, 38, 218, 8, 49, 107, 215, 39, 84, 187, 82, 120, 229, 116, 80,
       92, 26, 15, 209, 28, 213, 79, 157, 172, 24, 5, 241, 61, 156, 203,
       16, 246, 51, 189, 88, 87, 48, 250, 103, 32, 113, 163, 217, 134,
       39, 72, 196, 103, 128, 50, 241, 14, 177, 85, 234, 213, 3, 100,
       201, 7, 131, 116, 78, 220, 189, 45, 210, 8, 49, 41, 213, 36, 85,
       186, 82, 112, 33, 116, 112, 80, 24, 15, 213, 20, 244, 77, 153,
       172, 24, 5, 240, 29, 156, 73, 16, 242, 51, 188, 88, 87, 32, 248,
       195, 2, 1, 147, 217, 128, 3, 72, 134, 107, 2, 19, 129, 203, 130,
       1, 98, 85, 1, 100, 200, 165, 138, 104, 14, 152, 184, 15, 146, 8,
       49, 13, 83, 39, 84, 187, 64, 112, 5, 86, 64, 64, 24, 14, 65, 28,
       201, 21, 25, 36, 24, 4, 96, 26, 156, 73, 16, 112, 49, 189, 76, 70,
       32, 240, 28, 169, 155, 213, 32, 151, 248, 103, 83, 175, 85, 212,
       211, 192, 144, 26, 54, 203, 246, 107, 150, 61, 226, 219, 185, 10,
       166, 222, 64, 229, 181, 238, 103, 146, 44, 44, 158, 237, 250, 243,
       80, 232, 229, 110, 187, 52, 147, 107, 155, 234, 169, 211, 244, 29,
       60, 92, 69, 211, 115, 235, 121, 51, 195, 255, 199, 7, 128, 52,
       209, 162, 46, 72, 0, 11, 129, 98, 162, 195, 130, 3, 0, 45, 29, 85,
       75, 173, 2, 64, 70, 218, 186, 45, 144, 0, 32, 1, 90, 39, 20, 187,
       1, 44, 5, 196, 64, 98, 24, 203, 203, 9, 139, 151, 12, 6, 16, 32,
       65, 250, 220, 163, 80, 60, 49, 151, 12, 22, 177, 40, 66, 0, 129,
       129, 201, 128, 3, 76, 134, 99, 1, 0, 129, 200, 34, 5, 66, 84, 1,
       96, 202, 131, 170, 41, 14, 128, 168, 15, 146, 8, 49, 79, 117, 36,
       84, 155, 66, 112, 5, 214, 0, 66, 8, 10, 64, 28, 193, 145, 25, 44,
       16, 4, 96, 24, 148, 73, 144, 112, 33, 188, 72, 86, 34, 241, 60,
       49, 253, 182, 63, 167, 191, 126, 246, 92, 213, 113, 125, 111, 178,
       84, 250, 213, 67, 99, 245, 39, 195, 119, 204, 250, 244, 159, 82,
       140, 117, 233, 215, 36, 85, 190, 82, 120, 233, 116, 120, 92, 56,
       47, 213, 21, 245, 111, 153, 172, 24, 5, 240, 29, 156, 73, 16, 242,
       51, 189, 88, 87, 32, 250, 199, 1, 138, 246, 1, 66, 124, 142, 16,
       170, 69, 176, 18, 202, 130, 10, 9, 28, 49, 71, 14, 173, 230, 43,
       6, 203, 178, 47, 83, 41, 34, 107, 83, 183, 52, 251, 3, 109, 103,
       86, 112, 234, 188, 105, 155, 29, 65, 250, 89, 168, 122, 149, 69,
       90, 180, 202, 209, 184, 41, 219, 13, 52, 145, 226, 90, 136, 139,
       191, 34, 211, 217, 175, 27, 235, 85, 220, 19, 128, 27, 218, 15,
       87, 48, 107, 142, 21, 238, 11, 45, 211, 178, 47, 83, 97, 55, 111,
