%YAML:1.0
descriptors: !!opencv-matrix
   rows: 27
   cols: 64
   dt: u
   data: [ 62, 253, 254, 221, 55, 255, 221, 127, 191, 254, 189, 248, 127,
       254, 191, 255, 255, 247, 99, 243, 247, 127, 215, 119, 253, 239,
       247, 127, 83, 223, 247, 235, 207, 44, 87, 190, 210, 120, 249, 125,
       114, 95, 60, 47, 213, 52, 245, 111, 153, 172, 24, 13, 240, 29,
       156, 73, 16, 242, 115, 189, 90, 87, 42, 250, 50, 157, 252, 222,
       55, 221, 221, 27, 63, 222, 29, 216, 189, 126, 60, 95, 191, 247,
       96, 187, 150, 126, 211, 99, 125, 215, 243, 127, 126, 250, 215,
       105, 215, 118, 223, 186, 242, 120, 250, 113, 112, 125, 187, 109,
       183, 20, 245, 111, 155, 190, 152, 79, 240, 29, 252, 93, 17, 243,
       114, 255, 123, 255, 173, 250, 59, 255, 255, 254, 63, 253, 253,
       123, 255, 254, 223, 249, 255, 126, 252, 223, 255, 247, 226, 251,
       247, 127, 211, 255, 253, 255, 247, 255, 127, 255, 247, 239, 223,
       126, 247, 190, 255, 120, 250, 125, 124, 125, 255, 111, 247, 53,
       247, 111, 187, 174, 152, 79, 242, 29, 158, 93, 63, 243, 247, 255,
       251, 255, 173, 254, 254, 56, 251, 247, 255, 183, 219, 233, 206,
       167, 209, 58, 255, 202, 179, 94, 242, 215, 59, 118, 203, 143, 207,
       125, 142, 202, 254, 111, 210, 185, 247, 190, 115, 175, 20, 255,
       90, 125, 101, 87, 24, 74, 193, 94, 217, 28, 201, 149, 221, 172,
       24, 165, 113, 254, 156, 235, 80, 252, 177, 31, 220, 84, 50, 253,
       197, 11, 130, 209, 200, 130, 70, 66, 0, 41, 2, 3, 130, 193, 2, 3,
       68, 73, 185, 6, 206, 173, 74, 67, 10, 82, 26, 102, 144, 0, 0, 1,
       87, 51, 80, 33, 0, 108, 71, 0, 64, 32, 136, 67, 73, 12, 109, 147,
       84, 0, 24, 244, 129, 120, 28, 138, 65, 12, 19, 23, 64, 53, 17,
       234, 67, 0, 130, 33, 201, 128, 130, 204, 8, 171, 0, 77, 128, 1, 3,
       1, 66, 5, 153, 2, 200, 33, 206, 72, 68, 200, 42, 39, 18, 1, 33,
       71, 117, 163, 61, 57, 48, 175, 45, 6, 193, 96, 72, 72, 3, 24, 73,
       147, 25, 72, 88, 37, 149, 240, 188, 226, 208, 8, 162, 172, 132, 7,
       50, 247, 253, 63, 247, 245, 248, 255, 227, 254, 253, 253, 222,
       191, 255, 255, 219, 238, 251, 221, 251, 111, 125, 205, 238, 191,
       95, 255, 191, 183, 255, 223, 122, 191, 251, 103, 117, 251, 86,
       255, 253, 124, 253, 116, 250, 190, 79, 171, 75, 247, 141, 45, 127,
       189, 249, 191, 141, 77, 240, 252, 107, 255, 223, 6, 33, 254, 5,
       69, 24, 136, 0, 20, 36, 67, 33, 70, 41, 130, 80, 165, 180, 3, 201,
       104, 37, 101, 10, 132, 80, 0, 76, 149, 49, 72, 0, 6, 48, 1, 80, 6,
       87, 138, 0, 104, 1, 64, 32, 2, 56, 41, 22, 28, 100, 164, 17, 40,
       48, 4, 96, 25, 132, 8, 16, 208, 33, 188, 92, 82, 32, 162, 254,
       252, 127, 255, 255, 255, 223, 217, 255, 111, 253, 250, 255, 110,
       252, 253, 255, 247, 63, 119, 255, 247, 179, 124, 239, 223, 255,
       127, 215, 123, 255, 255, 211, 173, 223, 223, 210, 125, 237, 247,
       114, 222, 124, 63, 213, 30, 252, 61, 157, 173, 18, 5, 232, 189,
       156, 75, 80, 246, 49, 189, 92, 95, 48, 186, 92, 32, 185, 156, 10,
       135, 58, 101, 66, 166, 209, 20, 81, 0, 145, 82, 242, 209, 66, 98,
       139, 49, 194, 139, 140, 136, 164, 205, 64, 141, 53, 106, 87, 20,
       21, 186, 26, 120, 225, 86, 48, 72, 53, 42, 247, 28, 193, 111, 155,
       172, 24, 7, 112, 29, 28, 73, 16, 242, 59, 185, 88, 22, 96, 242, 8,
       2, 55, 129, 32, 85, 169, 245, 216, 190, 74, 5, 81, 180, 91, 162,
       239, 204, 195, 42, 88, 128, 70, 144, 153, 40, 172, 128, 72, 194,
       51, 218, 121, 0, 69, 184, 84, 114, 129, 96, 248, 84, 18, 62, 70,
       166, 64, 108, 185, 44, 28, 5, 242, 29, 157, 73, 132, 226, 3, 188,
       74, 6, 96, 242, 64, 11, 130, 211, 72, 66, 226, 231, 0, 160, 2, 5,
       18, 192, 27, 0, 74, 73, 33, 70, 198, 45, 78, 195, 10, 74, 22, 4,
       0, 128, 48, 82, 103, 39, 65, 187, 17, 110, 79, 68, 128, 116, 144,
       70, 73, 12, 131, 235, 153, 44, 24, 81, 241, 93, 28, 193, 1, 106,
       19, 177, 72, 39, 1, 234, 63, 191, 255, 255, 63, 253, 253, 127,
       255, 252, 212, 253, 255, 126, 189, 94, 255, 222, 227, 251, 245,
       127, 203, 255, 253, 255, 247, 255, 127, 223, 247, 239, 223, 46,
       85, 190, 255, 120, 249, 125, 120, 93, 251, 47, 213, 53, 247, 111,
       187, 172, 25, 5, 240, 29, 156, 73, 22, 242, 119, 191, 219, 95, 32,
       254, 254, 185, 255, 254, 55, 127, 253, 255, 223, 213, 221, 251,
       255, 254, 190, 94, 255, 223, 123, 255, 119, 63, 195, 247, 223,
       255, 247, 255, 83, 254, 246, 233, 223, 60, 85, 190, 219, 120, 249,
       125, 120, 93, 177, 47, 253, 53, 247, 111, 153, 174, 24, 7, 240,
       29, 156, 73, 16, 243, 115, 191, 121, 87, 32, 250, 199, 9, 194,
       246, 81, 34, 110, 74, 0, 129, 65, 242, 162, 195, 130, 91, 98, 85,
       57, 103, 7, 173, 195, 115, 78, 218, 178, 15, 82, 8, 32, 41, 215,
       39, 116, 155, 66, 124, 87, 86, 64, 104, 184, 107, 203, 28, 245,
       175, 217, 164, 24, 21, 113, 60, 156, 75, 80, 250, 49, 191, 88, 87,
       49, 250, 221, 59, 215, 213, 113, 51, 225, 254, 244, 189, 198, 247,
       231, 219, 147, 75, 234, 213, 251, 111, 231, 173, 198, 115, 79,
       234, 178, 47, 90, 12, 50, 111, 247, 39, 117, 187, 82, 124, 253,
       116, 112, 124, 186, 62, 221, 20, 209, 239, 153, 172, 24, 21, 240,
       31, 156, 73, 16, 250, 51, 191, 88, 87, 33, 250, 109, 47, 231, 210,
       89, 111, 163, 126, 244, 116, 134, 119, 235, 255, 187, 77, 234,
       245, 99, 102, 245, 47, 219, 119, 79, 234, 148, 15, 114, 12, 50,
       107, 215, 38, 87, 186, 82, 120, 237, 116, 112, 92, 56, 175, 213,
       112, 245, 239, 153, 172, 24, 5, 240, 29, 156, 73, 16, 242, 51,
       189, 88, 87, 32, 250, 237, 55, 231, 50, 223, 39, 39, 126, 244, 61,
       210, 115, 239, 203, 162, 69, 234, 245, 99, 119, 249, 135, 211,
       119, 70, 250, 252, 175, 210, 28, 96, 234, 79, 44, 86, 190, 82, 56,
       97, 116, 88, 68, 58, 143, 193, 97, 183, 79, 184, 172, 24, 5, 240,
       28, 156, 65, 16, 242, 51, 157, 90, 87, 32, 250, 246, 50, 115, 135,
       252, 134, 139, 201, 206, 239, 19, 126, 167, 66, 147, 84, 250, 215,
       45, 102, 201, 37, 134, 124, 206, 218, 191, 47, 146, 10, 115, 63,
       119, 37, 93, 155, 82, 120, 233, 86, 112, 72, 24, 14, 193, 28, 217,
       61, 153, 172, 24, 5, 240, 28, 156, 73, 16, 242, 49, 189, 92, 87,
       32, 250, 109, 38, 101, 162, 221, 166, 35, 120, 228, 126, 210, 53,
       233, 43, 145, 71, 226, 213, 3, 100, 233, 35, 195, 117, 76, 136,
       168, 13, 82, 12, 49, 233, 85, 36, 85, 186, 82, 120, 129, 116, 208,
       84, 24, 14, 193, 5, 224, 79, 153, 172, 24, 5, 240, 29, 156, 73,
       16, 242, 51, 188, 88, 86, 32, 248, 111, 38, 109, 170, 95, 255, 35,
       124, 244, 126, 210, 53, 253, 63, 187, 71, 234, 213, 3, 100, 241,
       35, 195, 116, 77, 232, 172, 141, 82, 28, 49, 233, 213, 44, 85,
       186, 82, 122, 169, 116, 248, 92, 56, 47, 213, 21, 229, 109, 153,
       172, 24, 5, 240, 29, 156, 73, 16, 242, 51, 188, 88, 87, 32, 250,
       114, 145, 217, 158, 55, 135, 93, 15, 198, 231, 61, 216, 191, 234,
       182, 94, 246, 215, 32, 99, 142, 63, 195, 103, 156, 195, 230, 127,
       83, 185, 213, 105, 215, 44, 20, 190, 194, 120, 227, 118, 114, 202,
       181, 105, 151, 20, 245, 111, 153, 172, 24, 5, 112, 25, 156, 73,
       16, 242, 51, 185, 88, 87, 34, 251, 45, 166, 228, 33, 159, 177,
       161, 124, 244, 60, 210, 117, 236, 125, 129, 69, 200, 237, 195,
       242, 241, 103, 91, 253, 64, 56, 20, 182, 124, 85, 97, 199, 223,
       104, 215, 176, 127, 56, 105, 60, 125, 84, 122, 175, 213, 97, 247,
       107, 184, 252, 24, 1, 240, 29, 216, 73, 62, 242, 183, 149, 202,
       215, 36, 94, 191, 182, 125, 171, 55, 125, 177, 253, 255, 254, 254,
       189, 125, 62, 255, 247, 255, 254, 67, 249, 241, 210, 247, 180,
       213, 173, 253, 235, 123, 222, 251, 235, 253, 44, 71, 190, 91, 122,
       169, 124, 250, 93, 56, 63, 212, 247, 246, 108, 153, 172, 156, 13,
       240, 29, 157, 89, 48, 242, 51, 188, 90, 215, 40, 250, 62, 55, 241,
       182, 189, 160, 43, 89, 196, 122, 195, 51, 225, 67, 130, 87, 226,
