%YAML:1.0
descriptors: !!opencv-matrix
   rows: 52
   cols: 64
   dt: u
   data: [ 255, 254, 255, 255, 255, 255, 255, 249, 255, 255, 252, 251,
       255, 123, 246, 125, 255, 247, 127, 123, 253, 119, 251, 125, 253,
       255, 255, 255, 127, 127, 247, 255, 215, 237, 223, 255, 254, 121,
       249, 119, 122, 95, 123, 63, 213, 21, 247, 127, 189, 189, 24, 5,
       248, 189, 156, 93, 80, 246, 243, 191, 219, 223, 40, 254, 254, 253,
       255, 255, 255, 255, 255, 255, 255, 255, 253, 255, 255, 255, 255,
       255, 255, 255, 255, 255, 255, 255, 255, 255, 255, 255, 255, 255,
       255, 255, 255, 255, 255, 255, 255, 255, 255, 255, 255, 255, 251,
       255, 255, 127, 255, 191, 255, 255, 255, 255, 255, 255, 253, 255,
       255, 255, 255, 255, 255, 255, 255, 255, 255, 255, 93, 185, 223,
       253, 63, 243, 251, 254, 88, 185, 212, 253, 255, 210, 131, 218,
       191, 223, 249, 59, 230, 61, 238, 251, 173, 235, 226, 247, 125, 97,
       245, 239, 255, 243, 189, 53, 247, 253, 250, 117, 249, 125, 251,
       110, 251, 21, 211, 107, 191, 254, 63, 215, 244, 61, 188, 77, 87,
       255, 255, 239, 251, 63, 167, 255, 60, 176, 253, 174, 62, 119, 189,
       126, 244, 254, 220, 245, 125, 62, 187, 117, 251, 252, 67, 99, 245,
       51, 193, 247, 205, 170, 244, 155, 90, 93, 119, 235, 215, 44, 87,
       190, 91, 120, 233, 116, 120, 92, 56, 47, 212, 53, 247, 111, 153,
       172, 24, 5, 240, 29, 156, 73, 16, 242, 51, 189, 88, 87, 32, 250,
       60, 175, 253, 254, 42, 157, 185, 107, 247, 252, 214, 245, 253,
       126, 188, 84, 254, 187, 99, 99, 245, 54, 211, 247, 221, 186, 228,
       223, 74, 220, 245, 235, 207, 44, 71, 190, 223, 122, 233, 124, 248,
       93, 57, 47, 213, 53, 247, 111, 153, 172, 24, 13, 240, 29, 156, 73,
       16, 242, 51, 189, 90, 87, 40, 250, 28, 177, 221, 222, 54, 187,
       125, 126, 87, 188, 245, 241, 125, 114, 188, 90, 254, 214, 97, 99,
       199, 60, 193, 243, 205, 187, 227, 255, 82, 204, 245, 233, 223, 36,
       85, 186, 90, 120, 233, 117, 112, 221, 49, 47, 213, 20, 245, 111,
       153, 172, 24, 5, 240, 29, 156, 73, 16, 242, 51, 189, 88, 87, 32,
       250, 63, 182, 125, 190, 63, 253, 191, 125, 254, 254, 215, 253,
       253, 127, 188, 84, 255, 222, 99, 115, 245, 98, 195, 247, 221, 255,
       229, 255, 122, 223, 245, 235, 223, 44, 85, 190, 95, 120, 233, 124,
       120, 92, 57, 47, 213, 53, 247, 111, 153, 172, 24, 5, 240, 29, 156,
       73, 16, 242, 51, 189, 88, 87, 32, 250, 62, 181, 253, 254, 63, 189,
       253, 121, 247, 252, 213, 241, 253, 122, 180, 87, 254, 254, 99,
       115, 245, 54, 211, 247, 205, 186, 229, 255, 90, 93, 245, 235, 223,
       44, 87, 190, 91, 120, 233, 117, 120, 93, 56, 47, 212, 53, 247,
       111, 153, 172, 24, 5, 240, 29, 156, 73, 16, 242, 51, 189, 88, 87,
       32, 250, 92, 57, 243, 212, 50, 7, 125, 119, 198, 196, 213, 151,
       87, 196, 146, 90, 242, 213, 115, 103, 6, 173, 192, 147, 143, 202,
       166, 77, 82, 140, 52, 232, 214, 39, 52, 186, 82, 124, 211, 84, 80,
       72, 181, 111, 235, 28, 229, 110, 153, 172, 24, 197, 240, 28, 156,
       73, 16, 242, 51, 251, 88, 86, 33, 250, 43, 150, 108, 205, 175,
       253, 157, 16, 61, 255, 23, 207, 140, 125, 121, 5, 141, 252, 97,
       243, 244, 118, 219, 123, 97, 127, 177, 50, 124, 87, 119, 103, 223,
       252, 211, 56, 218, 120, 248, 115, 116, 92, 106, 175, 213, 112,
       247, 107, 153, 236, 24, 5, 244, 29, 156, 73, 56, 243, 179, 189,
       218, 215, 44, 250, 60, 181, 253, 254, 55, 191, 252, 123, 119, 250,
       213, 245, 125, 119, 180, 86, 246, 223, 97, 99, 213, 37, 193, 243,
       205, 202, 226, 223, 90, 76, 181, 235, 223, 36, 85, 186, 83, 120,
       233, 116, 112, 92, 56, 47, 213, 21, 247, 111, 153, 172, 24, 5,
       240, 29, 156, 73, 16, 242, 51, 189, 88, 87, 32, 250, 235, 222,
       111, 237, 255, 255, 255, 248, 189, 255, 253, 203, 207, 121, 126,
       237, 129, 253, 127, 111, 252, 247, 186, 120, 111, 255, 191, 54,
       255, 87, 119, 191, 215, 109, 222, 123, 210, 121, 252, 247, 126,
       94, 122, 191, 213, 26, 253, 49, 157, 141, 28, 5, 217, 253, 159,
       109, 80, 246, 51, 189, 222, 215, 56, 251, 63, 182, 101, 163, 255,
       177, 171, 120, 252, 127, 210, 127, 237, 59, 161, 69, 226, 213, 3,
       96, 225, 7, 139, 124, 76, 184, 40, 175, 222, 77, 113, 239, 213,
       36, 93, 186, 87, 120, 169, 116, 121, 92, 90, 14, 213, 5, 210, 85,
       153, 172, 24, 5, 240, 29, 156, 73, 16, 242, 51, 188, 88, 87, 32,
       252, 7, 130, 65, 163, 221, 160, 163, 88, 188, 125, 2, 127, 169,
       95, 129, 69, 106, 245, 133, 32, 224, 34, 138, 120, 102, 156, 25,
       39, 222, 11, 33, 95, 85, 228, 93, 178, 119, 240, 41, 54, 65, 84,
       74, 14, 65, 0, 216, 81, 136, 61, 24, 4, 244, 132, 140, 105, 16,
       242, 182, 140, 200, 71, 32, 252, 63, 189, 255, 254, 63, 253, 253,
       127, 255, 254, 253, 249, 255, 127, 191, 126, 255, 222, 99, 123,
       245, 126, 195, 119, 221, 255, 247, 251, 123, 127, 247, 235, 223,
       44, 85, 190, 215, 120, 249, 125, 120, 93, 251, 47, 245, 53, 247,
       111, 153, 174, 24, 5, 240, 29, 156, 77, 16, 242, 51, 189, 122, 87,
       32, 250, 63, 180, 253, 254, 63, 245, 253, 125, 247, 254, 221, 253,
       253, 126, 189, 95, 255, 254, 99, 243, 245, 55, 211, 127, 253, 255,
       244, 255, 90, 255, 245, 235, 223, 44, 87, 190, 223, 120, 233, 125,
       120, 93, 123, 47, 213, 53, 247, 111, 185, 174, 24, 5, 240, 29,
       156, 73, 16, 242, 51, 189, 122, 87, 32, 250, 67, 1, 0, 130, 193,
       130, 2, 8, 6, 2, 1, 0, 32, 10, 0, 18, 98, 85, 1, 68, 8, 129, 129,
       32, 76, 128, 168, 13, 146, 8, 16, 41, 80, 37, 20, 187, 66, 96, 5,
       212, 0, 64, 24, 10, 65, 28, 192, 12, 17, 36, 16, 4, 32, 24, 148,
       75, 16, 114, 49, 188, 88, 86, 32, 248, 39, 52, 81, 2, 221, 0, 5,
       88, 226, 2, 129, 114, 172, 11, 128, 85, 226, 212, 5, 96, 65, 2,
       129, 100, 70, 156, 169, 9, 210, 8, 33, 41, 208, 36, 84, 186, 66,
       112, 1, 84, 80, 72, 24, 15, 208, 20, 244, 76, 153, 172, 24, 5,
       112, 29, 156, 73, 16, 242, 51, 188, 88, 87, 32, 248, 76, 33, 227,
       144, 16, 71, 33, 238, 128, 198, 195, 52, 81, 164, 147, 66, 203,
       84, 3, 102, 11, 129, 198, 51, 12, 136, 180, 13, 82, 12, 48, 9,
       112, 36, 85, 186, 2, 120, 65, 84, 48, 64, 56, 46, 69, 28, 65, 110,
       25, 44, 24, 5, 112, 28, 148, 73, 16, 242, 49, 189, 72, 22, 32,
       242, 194, 1, 131, 151, 64, 70, 10, 199, 6, 229, 1, 150, 19, 134,
       147, 10, 107, 85, 56, 39, 10, 129, 230, 32, 12, 195, 184, 45, 147,
       8, 18, 43, 245, 37, 117, 187, 82, 124, 71, 84, 80, 72, 56, 46,
       139, 28, 73, 172, 153, 172, 88, 5, 177, 26, 148, 75, 144, 112, 33,
       61, 92, 84, 32, 250, 7, 2, 65, 144, 25, 0, 5, 74, 164, 98, 129, 0,
       1, 73, 128, 3, 226, 84, 5, 96, 194, 32, 136, 107, 12, 138, 160,
       11, 18, 8, 49, 73, 83, 38, 20, 186, 64, 120, 1, 214, 0, 64, 24,
       11, 192, 20, 193, 79, 24, 36, 16, 4, 96, 24, 156, 73, 16, 114, 51,
       157, 72, 86, 32, 248, 196, 33, 195, 146, 81, 2, 3, 206, 194, 64,
       1, 54, 35, 130, 130, 67, 98, 85, 29, 100, 11, 141, 164, 35, 14,
       200, 168, 13, 146, 8, 48, 9, 112, 39, 52, 155, 0, 116, 5, 212, 0,
       64, 24, 10, 73, 28, 64, 140, 9, 36, 80, 4, 97, 26, 132, 75, 144,
       120, 33, 28, 76, 68, 48, 249, 70, 36, 209, 34, 89, 130, 2, 73,
       194, 34, 128, 50, 224, 3, 129, 82, 234, 213, 3, 100, 201, 39, 195,
       117, 76, 216, 188, 45, 82, 12, 49, 104, 215, 36, 85, 186, 82, 56,
       33, 116, 112, 92, 56, 47, 213, 20, 181, 111, 153, 172, 24, 5, 240,
       29, 156, 73, 16, 242, 51, 189, 88, 87, 32, 250, 130, 8, 43, 129,
       239, 157, 155, 249, 156, 207, 147, 70, 155, 12, 123, 5, 136, 85,
       39, 101, 68, 22, 130, 120, 15, 212, 189, 42, 208, 2, 51, 59, 86,
       36, 93, 187, 82, 122, 233, 112, 240, 92, 56, 47, 213, 20, 244,
       125, 153, 172, 24, 5, 240, 29, 156, 73, 16, 242, 51, 189, 92, 23,
       32, 186, 66, 1, 8, 144, 71, 131, 30, 4, 6, 130, 17, 128, 16, 8,
       52, 2, 68, 85, 1, 69, 8, 163, 194, 34, 12, 192, 168, 12, 82, 0,
