%YAML:1.0
descriptors: !!opencv-matrix
   rows: 94
   cols: 64
   dt: u
   data: [ 63, 182, 253, 239, 63, 189, 185, 89, 255, 252, 199, 253, 253,
       127, 189, 85, 254, 255, 227, 243, 245, 119, 83, 255, 213, 250,
       244, 255, 126, 253, 245, 231, 207, 44, 87, 190, 251, 120, 233,
       125, 120, 93, 122, 175, 245, 117, 247, 111, 185, 174, 24, 15, 240,
       29, 156, 73, 22, 243, 55, 189, 122, 87, 40, 250, 62, 184, 255,
       255, 62, 253, 253, 127, 255, 255, 253, 249, 255, 126, 189, 94,
       191, 222, 98, 251, 245, 124, 211, 255, 253, 255, 247, 255, 127,
       255, 247, 239, 223, 60, 87, 190, 223, 120, 248, 125, 120, 93, 123,
       47, 245, 53, 247, 111, 153, 174, 24, 7, 240, 29, 156, 93, 20, 243,
       51, 189, 251, 95, 32, 254, 63, 249, 255, 252, 55, 255, 249, 126,
       245, 252, 212, 253, 127, 250, 182, 94, 251, 221, 99, 123, 247, 63,
       226, 119, 237, 251, 247, 255, 123, 95, 119, 235, 215, 46, 85, 190,
       223, 120, 249, 125, 120, 93, 251, 47, 213, 53, 247, 111, 153, 172,
       24, 5, 240, 29, 156, 73, 16, 242, 115, 191, 91, 87, 32, 251, 31,
       178, 77, 167, 255, 249, 155, 60, 126, 189, 214, 125, 237, 127, 41,
       81, 253, 255, 65, 242, 229, 97, 203, 249, 205, 252, 248, 255, 126,
       79, 241, 239, 223, 108, 85, 186, 127, 120, 233, 116, 116, 92, 58,
       47, 213, 17, 247, 111, 153, 172, 24, 5, 240, 29, 156, 73, 22, 242,
       55, 189, 216, 87, 32, 250, 252, 253, 255, 254, 55, 127, 253, 127,
       247, 252, 253, 255, 127, 254, 182, 126, 255, 215, 123, 111, 247,
       63, 227, 119, 221, 239, 247, 255, 123, 223, 246, 235, 215, 46,
       117, 190, 214, 120, 249, 125, 122, 93, 185, 47, 221, 53, 247, 111,
       157, 172, 25, 13, 240, 29, 156, 73, 16, 242, 115, 191, 91, 87, 32,
       250, 7, 50, 193, 50, 29, 162, 35, 90, 192, 44, 194, 51, 225, 75,
       129, 1, 226, 197, 3, 96, 225, 39, 193, 119, 76, 136, 164, 141, 82,
       12, 33, 105, 87, 36, 84, 186, 82, 56, 1, 116, 88, 68, 24, 142,
       192, 17, 129, 79, 153, 172, 24, 1, 240, 28, 156, 65, 16, 242, 51,
       189, 88, 87, 32, 248, 45, 190, 253, 239, 63, 253, 187, 93, 255,
       253, 135, 237, 253, 127, 189, 85, 191, 255, 226, 115, 245, 103,
       83, 255, 213, 251, 244, 255, 126, 255, 245, 231, 207, 60, 87, 190,
       211, 120, 232, 125, 120, 93, 122, 175, 245, 117, 247, 111, 185,
       174, 24, 15, 240, 29, 156, 73, 16, 243, 55, 189, 122, 87, 40, 250,
       255, 63, 247, 246, 127, 126, 35, 127, 244, 125, 242, 119, 239,
       251, 146, 116, 234, 213, 37, 103, 229, 45, 226, 119, 78, 219, 179,
       47, 210, 10, 51, 235, 215, 38, 85, 186, 82, 120, 233, 244, 240,
       92, 56, 15, 209, 21, 245, 111, 153, 172, 24, 5, 240, 29, 156, 73,
       16, 242, 51, 189, 88, 87, 32, 250, 62, 254, 255, 255, 62, 253,
       253, 121, 255, 255, 223, 253, 253, 126, 253, 253, 255, 255, 107,
       251, 245, 119, 211, 255, 253, 255, 247, 255, 126, 255, 247, 239,
       207, 124, 215, 190, 223, 123, 249, 125, 120, 93, 115, 47, 245,
       181, 247, 111, 187, 174, 152, 15, 240, 29, 156, 93, 52, 243, 123,
       191, 251, 223, 40, 254, 255, 253, 255, 254, 55, 255, 253, 127,
       247, 253, 253, 255, 255, 255, 182, 126, 255, 215, 123, 255, 247,
       127, 211, 247, 253, 255, 247, 255, 123, 223, 246, 235, 223, 46,
       85, 190, 222, 120, 249, 125, 120, 221, 187, 47, 213, 53, 247, 111,
       153, 172, 25, 13, 240, 29, 156, 77, 16, 242, 115, 191, 123, 87,
       32, 250, 126, 191, 255, 254, 55, 183, 121, 123, 215, 244, 213,
       178, 255, 250, 182, 94, 254, 215, 97, 119, 247, 45, 211, 247, 221,
       250, 242, 255, 82, 152, 244, 233, 207, 36, 87, 190, 219, 120, 233,
       124, 112, 92, 49, 47, 213, 21, 245, 111, 153, 172, 24, 5, 240, 29,
       156, 73, 16, 242, 115, 189, 88, 87, 32, 250, 63, 182, 109, 168,
       62, 189, 177, 121, 245, 254, 214, 117, 125, 63, 185, 101, 242,
       252, 67, 112, 245, 114, 209, 247, 93, 168, 164, 159, 126, 220,
       113, 235, 223, 44, 87, 190, 94, 122, 233, 124, 252, 93, 58, 47,
       212, 55, 247, 111, 153, 172, 24, 13, 240, 29, 156, 73, 16, 242,
       51, 188, 90, 87, 40, 250, 28, 49, 25, 134, 51, 129, 60, 126, 198,
       128, 213, 176, 113, 6, 180, 82, 250, 150, 67, 81, 193, 34, 193,
       215, 204, 152, 224, 73, 82, 140, 181, 232, 207, 44, 69, 190, 82,
       120, 201, 116, 120, 92, 53, 47, 212, 53, 181, 110, 153, 172, 24,
       5, 240, 29, 156, 65, 16, 242, 51, 189, 88, 87, 32, 250, 191, 54,
       255, 166, 127, 55, 187, 255, 244, 253, 214, 115, 255, 123, 178,
       85, 250, 245, 99, 115, 241, 119, 243, 247, 220, 170, 244, 159,
       122, 220, 117, 235, 223, 44, 86, 190, 223, 120, 233, 253, 92, 93,
       58, 142, 209, 33, 211, 79, 185, 172, 152, 9, 240, 29, 156, 89, 48,
       242, 51, 157, 90, 215, 44, 250, 124, 62, 255, 249, 254, 255, 251,
       253, 253, 255, 210, 191, 253, 253, 251, 238, 251, 221, 251, 106,
       253, 215, 222, 253, 223, 232, 190, 191, 254, 221, 127, 239, 247,
       229, 87, 255, 214, 255, 253, 126, 252, 93, 251, 62, 87, 175, 201,
       113, 191, 172, 28, 165, 243, 189, 157, 93, 84, 254, 251, 253, 223,
       79, 58, 246, 237, 62, 247, 113, 252, 183, 235, 254, 248, 191, 194,
       123, 239, 217, 131, 75, 234, 237, 251, 111, 253, 143, 127, 189,
       70, 122, 190, 167, 216, 69, 99, 239, 95, 175, 244, 255, 87, 189,
       117, 119, 92, 100, 250, 158, 203, 105, 75, 179, 252, 236, 24, 241,
       209, 254, 156, 233, 86, 252, 247, 159, 222, 119, 181, 254, 14, 33,
       72, 160, 22, 17, 0, 71, 4, 130, 16, 16, 89, 2, 177, 67, 202, 84,
       1, 97, 65, 32, 192, 50, 76, 136, 164, 9, 82, 12, 49, 72, 212, 36,
       85, 186, 82, 120, 1, 116, 112, 72, 56, 47, 212, 20, 224, 110, 153,
       172, 24, 5, 240, 29, 156, 73, 16, 242, 51, 188, 88, 86, 32, 250,
       12, 38, 109, 128, 16, 21, 36, 69, 32, 66, 130, 52, 81, 38, 185,
       67, 202, 92, 1, 96, 65, 0, 80, 112, 76, 136, 136, 1, 80, 12, 49,
       65, 212, 4, 87, 186, 16, 120, 1, 84, 112, 84, 56, 47, 84, 20, 100,
       108, 25, 44, 24, 4, 240, 29, 156, 73, 16, 226, 51, 188, 72, 87,
       32, 250, 62, 182, 125, 174, 63, 125, 189, 121, 247, 254, 255, 245,
       125, 63, 253, 245, 243, 254, 67, 97, 245, 114, 209, 118, 221, 173,
       229, 219, 122, 223, 245, 235, 215, 44, 87, 190, 215, 120, 233,
       125, 120, 93, 59, 47, 212, 55, 246, 111, 153, 172, 24, 5, 240, 29,
       156, 89, 16, 242, 51, 188, 90, 87, 40, 250, 5, 34, 69, 128, 16,
       177, 35, 84, 32, 22, 130, 20, 64, 57, 177, 65, 202, 124, 131, 96,
       193, 0, 72, 112, 76, 168, 12, 1, 16, 12, 49, 9, 84, 4, 85, 186,
       16, 112, 1, 84, 116, 80, 24, 6, 68, 4, 64, 68, 24, 44, 24, 4, 240,
       29, 140, 73, 16, 224, 35, 156, 72, 87, 32, 250, 39, 165, 237, 158,
       55, 141, 21, 11, 231, 196, 21, 240, 61, 59, 180, 95, 234, 212, 32,
       97, 133, 38, 193, 103, 77, 146, 164, 29, 114, 24, 20, 105, 215,
       36, 85, 186, 82, 120, 233, 116, 112, 93, 56, 47, 213, 20, 245,
       111, 153, 172, 24, 5, 240, 29, 156, 73, 16, 242, 51, 189, 88, 87,
       32, 250, 21, 50, 81, 134, 152, 0, 3, 72, 194, 0, 2, 49, 101, 67,
       128, 80, 98, 196, 5, 96, 193, 32, 128, 112, 12, 136, 160, 9, 146,
       8, 49, 125, 112, 36, 84, 186, 80, 114, 1, 212, 209, 66, 24, 14,
       64, 4, 192, 76, 137, 36, 88, 4, 112, 26, 141, 73, 16, 114, 51,
       156, 88, 6, 34, 249, 13, 38, 117, 160, 216, 236, 167, 120, 40, 92,
       202, 55, 193, 53, 217, 193, 203, 76, 131, 96, 225, 0, 136, 240,
       77, 252, 24, 129, 216, 14, 51, 73, 84, 6, 85, 186, 16, 114, 13,
       20, 52, 84, 24, 38, 68, 130, 100, 197, 152, 44, 24, 4, 240, 29,
       141, 73, 16, 224, 35, 172, 72, 71, 32, 240, 44, 161, 237, 136, 54,
       221, 149, 126, 245, 212, 149, 248, 123, 62, 180, 78, 139, 212, 99,
       107, 213, 118, 194, 247, 125, 255, 149, 63, 115, 220, 21, 105,
       215, 36, 87, 186, 82, 120, 233, 124, 112, 93, 56, 47, 213, 52,
       245, 111, 153, 172, 24, 5, 240, 29, 156, 73, 16, 242, 51, 189, 88,
       87, 32, 250, 63, 180, 125, 166, 63, 183, 159, 88, 246, 94, 213,
