%YAML:1.0
descriptors: !!opencv-matrix
   rows: 61
   cols: 64
   dt: u
   data: [ 63, 186, 125, 239, 191, 253, 255, 56, 255, 255, 254, 251, 237,
       127, 255, 245, 247, 255, 99, 251, 245, 119, 195, 126, 237, 255,
       245, 255, 126, 91, 247, 239, 223, 108, 213, 190, 95, 122, 233,
       117, 248, 92, 122, 47, 213, 183, 247, 111, 153, 172, 24, 5, 240,
       29, 157, 73, 16, 242, 51, 189, 90, 87, 32, 250, 47, 176, 237, 190,
       63, 255, 215, 30, 245, 252, 172, 239, 253, 126, 63, 127, 249, 253,
       99, 243, 245, 39, 83, 119, 69, 255, 245, 175, 91, 223, 115, 227,
       223, 44, 87, 190, 91, 120, 233, 124, 120, 93, 56, 47, 213, 117,
       247, 111, 153, 172, 24, 5, 240, 29, 156, 73, 16, 242, 51, 189, 88,
       87, 32, 250, 59, 190, 125, 239, 63, 253, 157, 57, 255, 255, 223,
       255, 253, 127, 253, 85, 255, 247, 99, 251, 245, 118, 211, 119,
       221, 255, 245, 255, 126, 251, 247, 235, 215, 44, 215, 190, 219,
       120, 233, 125, 120, 93, 59, 47, 213, 117, 245, 111, 185, 174, 24,
       7, 240, 29, 156, 89, 16, 242, 51, 189, 122, 215, 40, 250, 44, 34,
       101, 168, 218, 125, 163, 253, 236, 84, 202, 53, 121, 62, 251, 228,
       226, 220, 67, 96, 113, 130, 132, 180, 92, 168, 140, 137, 210, 142,
       59, 153, 240, 36, 87, 186, 83, 114, 137, 84, 184, 84, 16, 14, 68,
       167, 226, 76, 153, 44, 24, 5, 242, 29, 141, 73, 16, 224, 43, 188,
       72, 70, 32, 240, 61, 63, 111, 167, 62, 125, 185, 248, 252, 222,
       214, 119, 125, 127, 217, 228, 234, 212, 67, 99, 245, 32, 197, 118,
       77, 186, 180, 139, 90, 94, 115, 251, 215, 36, 85, 186, 86, 122,
       201, 116, 216, 92, 24, 14, 208, 7, 225, 111, 153, 172, 24, 5, 240,
       29, 157, 73, 16, 242, 51, 189, 88, 23, 32, 250, 63, 247, 125, 190,
       55, 125, 21, 123, 247, 92, 252, 251, 125, 127, 252, 223, 251, 244,
       103, 99, 245, 98, 145, 118, 93, 255, 181, 59, 123, 30, 115, 249,
       210, 36, 85, 190, 82, 120, 233, 116, 118, 94, 56, 47, 212, 20,
       245, 111, 153, 172, 24, 5, 240, 29, 156, 73, 16, 242, 51, 189, 88,
       87, 32, 250, 63, 53, 239, 180, 23, 39, 121, 127, 245, 238, 213,
       177, 127, 235, 180, 78, 234, 212, 67, 99, 241, 166, 240, 55, 92,
       170, 164, 25, 83, 28, 120, 233, 211, 36, 20, 186, 82, 120, 129,
       252, 82, 74, 56, 142, 208, 20, 193, 78, 153, 172, 24, 5, 240, 28,
       156, 73, 24, 242, 51, 189, 88, 86, 34, 251, 61, 247, 127, 190, 54,
       53, 185, 251, 245, 254, 208, 251, 125, 107, 181, 79, 250, 244, 67,
       99, 241, 102, 213, 119, 92, 186, 183, 155, 123, 220, 125, 251,
       247, 100, 86, 186, 210, 120, 241, 124, 126, 78, 56, 142, 208, 53,
       209, 79, 153, 172, 24, 5, 240, 29, 156, 77, 24, 242, 51, 157, 90,
       87, 34, 251, 111, 223, 238, 205, 255, 253, 219, 153, 189, 223,
       135, 238, 221, 124, 127, 237, 137, 253, 122, 255, 252, 119, 82,
       241, 113, 127, 187, 246, 124, 119, 55, 163, 207, 120, 223, 169,
       219, 121, 248, 113, 120, 29, 123, 175, 245, 117, 247, 127, 189,
       142, 24, 15, 241, 253, 220, 89, 18, 215, 119, 189, 122, 219, 104,
       250, 60, 62, 245, 232, 58, 125, 165, 119, 253, 252, 222, 21, 93,
       61, 249, 230, 251, 220, 195, 104, 245, 98, 220, 183, 221, 41, 164,
       144, 125, 212, 121, 239, 237, 96, 71, 190, 215, 114, 137, 124,
       252, 85, 26, 166, 68, 167, 231, 110, 185, 44, 221, 13, 242, 29,
       159, 77, 36, 242, 107, 188, 90, 71, 42, 250, 243, 240, 89, 15,
       223, 128, 26, 8, 98, 35, 53, 250, 188, 98, 166, 80, 246, 179, 0,
       145, 201, 33, 67, 68, 192, 130, 232, 111, 131, 184, 197, 98, 151,
       44, 68, 190, 90, 88, 171, 252, 82, 90, 12, 9, 209, 84, 245, 79,
       145, 174, 24, 7, 240, 25, 92, 75, 16, 243, 50, 188, 24, 87, 34,
       201, 62, 185, 255, 254, 63, 253, 253, 127, 95, 254, 223, 253, 255,
       126, 252, 222, 255, 214, 224, 107, 215, 125, 195, 123, 237, 223,
       243, 127, 127, 127, 247, 239, 215, 246, 213, 186, 246, 248, 251,
       119, 112, 125, 255, 111, 245, 20, 245, 111, 155, 190, 153, 71,
       240, 29, 156, 93, 17, 243, 115, 255, 91, 127, 165, 254, 246, 48,
       88, 135, 219, 130, 150, 129, 90, 9, 22, 119, 180, 6, 163, 80, 126,
       147, 28, 148, 73, 133, 3, 68, 130, 212, 249, 109, 130, 138, 210,
       48, 84, 37, 85, 183, 90, 81, 141, 84, 112, 84, 4, 11, 197, 28,
       252, 85, 149, 172, 24, 5, 176, 25, 156, 203, 16, 114, 50, 60, 88,
       21, 48, 232, 62, 49, 251, 246, 54, 103, 89, 111, 198, 162, 215,
       52, 117, 198, 177, 118, 250, 150, 67, 82, 183, 186, 245, 151, 156,
       138, 230, 137, 66, 188, 244, 232, 99, 44, 7, 190, 202, 48, 193,
       95, 24, 72, 149, 206, 192, 101, 129, 78, 187, 174, 154, 75, 112,
       28, 20, 81, 144, 242, 123, 153, 120, 22, 168, 240, 126, 53, 251,
       118, 55, 39, 89, 111, 198, 226, 213, 52, 119, 206, 177, 86, 250,
       150, 66, 83, 183, 190, 213, 151, 156, 170, 230, 205, 66, 252, 244,
       232, 107, 44, 39, 190, 202, 124, 195, 93, 24, 201, 149, 202, 226,
       117, 129, 110, 155, 174, 154, 79, 114, 28, 20, 81, 16, 242, 123,
       219, 59, 22, 168, 250, 185, 255, 255, 207, 63, 223, 213, 62, 255,
       213, 63, 249, 191, 127, 254, 221, 255, 247, 122, 59, 182, 127,
       251, 247, 249, 247, 117, 62, 127, 219, 87, 239, 223, 110, 115,
       158, 222, 89, 251, 127, 117, 93, 235, 167, 157, 48, 117, 111, 153,
       188, 141, 205, 244, 13, 159, 93, 49, 246, 242, 239, 243, 221, 173,
       222, 191, 117, 125, 188, 54, 109, 125, 123, 245, 94, 253, 179,
       125, 237, 252, 247, 251, 252, 103, 113, 117, 242, 145, 182, 221,
       191, 247, 153, 91, 86, 126, 169, 210, 44, 87, 190, 203, 120, 201,
       125, 120, 220, 61, 47, 214, 53, 246, 110, 137, 164, 24, 5, 232,
       29, 158, 73, 24, 242, 51, 189, 122, 86, 32, 186, 13, 54, 117, 32,
       28, 185, 167, 124, 240, 190, 194, 53, 236, 21, 169, 65, 203, 236,
       195, 96, 241, 96, 90, 248, 197, 60, 176, 131, 120, 69, 33, 199,
       93, 0, 213, 184, 125, 248, 169, 116, 124, 84, 122, 47, 84, 225,
       246, 105, 184, 236, 24, 5, 242, 29, 220, 73, 6, 226, 151, 180,
       202, 215, 100, 118, 63, 53, 121, 182, 55, 39, 125, 123, 212, 196,
       213, 48, 125, 78, 144, 86, 242, 220, 67, 83, 179, 58, 209, 215,
       156, 170, 228, 157, 82, 252, 245, 233, 207, 44, 132, 190, 223,
       120, 193, 93, 88, 201, 183, 171, 228, 49, 167, 111, 187, 174, 153,
       15, 242, 28, 92, 81, 40, 178, 119, 251, 59, 151, 172, 218, 13,
       174, 101, 33, 156, 184, 163, 80, 56, 125, 234, 119, 204, 53, 201,
       225, 226, 237, 129, 96, 229, 96, 10, 248, 77, 188, 9, 163, 252,
       71, 35, 215, 213, 160, 85, 56, 117, 250, 169, 118, 252, 84, 90,
       143, 84, 131, 246, 97, 152, 236, 24, 5, 244, 29, 141, 73, 22, 242,
       151, 188, 218, 87, 32, 252, 57, 239, 239, 252, 38, 55, 253, 115,
       117, 222, 245, 193, 95, 249, 21, 14, 148, 233, 123, 255, 183, 125,
       81, 247, 189, 43, 135, 148, 109, 212, 244, 225, 222, 122, 162,
       172, 223, 124, 242, 121, 126, 191, 187, 239, 223, 177, 83, 111,
       187, 170, 137, 203, 240, 29, 219, 92, 63, 247, 127, 223, 115, 251,
       207, 251, 124, 255, 239, 220, 54, 55, 125, 115, 181, 212, 253,
       176, 79, 253, 149, 78, 185, 237, 123, 111, 55, 239, 208, 179, 223,
       127, 135, 221, 121, 158, 116, 249, 218, 127, 167, 174, 222, 60,
       211, 125, 126, 170, 185, 239, 255, 185, 247, 238, 27, 175, 173,
       219, 249, 124, 158, 92, 121, 247, 123, 223, 123, 246, 175, 251,
       56, 38, 117, 185, 8, 237, 165, 121, 237, 252, 74, 23, 213, 117,
       217, 70, 235, 220, 195, 98, 244, 32, 202, 242, 93, 252, 149, 160,
       104, 194, 59, 207, 87, 6, 85, 184, 20, 248, 233, 108, 124, 84, 58,
       167, 100, 164, 245, 111, 152, 172, 25, 13, 242, 29, 156, 73, 12,
       226, 19, 185, 74, 71, 33, 246, 28, 51, 113, 244, 54, 121, 224,
       120, 208, 152, 222, 117, 101, 86, 216, 240, 251, 204, 199, 75,
       229, 40, 165, 214, 141, 159, 231, 137, 86, 78, 55, 248, 90, 38,
       245, 190, 93, 114, 201, 245, 89, 85, 179, 38, 228, 39, 183, 110,
       170, 189, 205, 67, 250, 29, 140, 73, 4, 178, 23, 251, 120, 31, 37,
