%YAML:1.0
descriptors: !!opencv-matrix
   rows: 46
   cols: 64
   dt: u
   data: [ 60, 185, 255, 254, 54, 255, 253, 126, 247, 252, 245, 241, 127,
       250, 180, 94, 255, 223, 99, 107, 247, 127, 193, 247, 253, 255,
       247, 255, 123, 221, 244, 235, 223, 46, 117, 190, 223, 120, 249,
       125, 120, 223, 255, 47, 245, 53, 247, 111, 187, 172, 153, 79, 240,
       29, 156, 93, 48, 242, 115, 255, 123, 215, 33, 250, 124, 51, 245,
       162, 87, 39, 35, 126, 198, 68, 210, 53, 125, 74, 147, 84, 242,
       213, 67, 100, 113, 35, 193, 55, 142, 168, 236, 141, 82, 28, 112,
       233, 117, 45, 84, 191, 82, 114, 5, 212, 216, 64, 24, 14, 193, 45,
       193, 78, 153, 44, 24, 5, 112, 28, 156, 73, 16, 242, 51, 188, 88,
       22, 32, 249, 124, 51, 247, 241, 92, 35, 163, 254, 240, 188, 208,
       53, 111, 243, 147, 82, 250, 213, 27, 102, 105, 173, 231, 55, 142,
       202, 238, 141, 210, 12, 112, 234, 119, 39, 20, 191, 82, 116, 69,
       244, 216, 64, 24, 14, 201, 13, 193, 206, 157, 44, 24, 5, 240, 60,
       156, 73, 80, 254, 35, 157, 88, 86, 50, 249, 252, 59, 255, 253, 50,
       127, 241, 255, 253, 252, 222, 181, 95, 190, 251, 238, 251, 220,
       251, 111, 125, 209, 230, 183, 93, 233, 188, 153, 127, 222, 126,
       251, 241, 36, 117, 250, 86, 122, 201, 124, 250, 93, 121, 62, 213,
       167, 195, 108, 159, 173, 223, 141, 242, 29, 157, 77, 16, 242, 59,
       252, 91, 86, 34, 250, 199, 35, 194, 177, 217, 130, 39, 206, 36,
       99, 129, 50, 179, 235, 162, 71, 234, 149, 41, 103, 75, 135, 194,
       51, 70, 218, 184, 47, 210, 8, 50, 11, 87, 39, 84, 187, 82, 120,
       101, 84, 64, 64, 56, 47, 209, 28, 229, 175, 153, 172, 24, 5, 240,
       28, 156, 73, 16, 242, 49, 189, 88, 87, 32, 250, 13, 6, 100, 32,
       221, 181, 163, 120, 164, 60, 194, 117, 201, 125, 129, 69, 194,
       125, 195, 96, 241, 38, 154, 119, 68, 168, 4, 135, 124, 4, 33, 207,
       95, 34, 87, 186, 81, 56, 41, 60, 92, 84, 26, 134, 64, 97, 195, 75,
       56, 44, 24, 0, 240, 28, 156, 9, 48, 226, 55, 157, 202, 87, 36,
       120, 44, 38, 109, 168, 26, 125, 33, 117, 52, 126, 206, 21, 89, 61,
       185, 228, 192, 124, 195, 96, 241, 112, 220, 178, 89, 40, 4, 128,
       104, 212, 57, 203, 253, 32, 87, 170, 87, 114, 9, 60, 254, 21, 24,
       142, 84, 183, 98, 105, 153, 44, 152, 12, 242, 29, 156, 24, 28,
       226, 43, 188, 74, 214, 42, 248, 62, 181, 125, 158, 55, 223, 155,
       63, 247, 214, 159, 244, 125, 126, 188, 119, 255, 247, 66, 243,
       213, 51, 209, 119, 221, 255, 228, 93, 82, 158, 247, 105, 215, 44,
       87, 190, 218, 120, 233, 125, 112, 93, 56, 47, 213, 52, 245, 111,
       153, 172, 24, 5, 240, 29, 156, 73, 16, 242, 51, 189, 88, 87, 32,
       250, 68, 2, 129, 144, 200, 130, 34, 68, 0, 98, 3, 4, 128, 128,
       129, 2, 2, 77, 25, 100, 136, 161, 202, 9, 12, 200, 136, 4, 0, 0,
       49, 79, 113, 5, 85, 59, 0, 234, 5, 70, 128, 64, 8, 2, 97, 12, 193,
       11, 25, 44, 24, 37, 49, 88, 148, 138, 80, 106, 51, 188, 72, 6, 48,
       240, 15, 189, 223, 118, 63, 249, 253, 90, 123, 188, 134, 229, 254,
       126, 172, 91, 235, 255, 161, 251, 229, 125, 83, 243, 229, 255,
       225, 255, 122, 79, 245, 99, 223, 36, 87, 186, 123, 120, 249, 125,
       112, 93, 126, 47, 213, 85, 247, 111, 153, 172, 24, 5, 240, 29,
       156, 77, 54, 242, 55, 189, 89, 87, 36, 250, 0, 3, 0, 19, 200, 128,
       130, 1, 32, 0, 2, 6, 128, 81, 1, 1, 68, 0, 1, 130, 194, 32, 10,
       66, 64, 0, 0, 0, 128, 0, 1, 0, 54, 6, 81, 8, 0, 2, 3, 2, 128, 48,
       8, 2, 64, 4, 193, 3, 17, 12, 16, 4, 20, 9, 136, 9, 17, 64, 2, 181,
       64, 115, 32, 232, 67, 67, 0, 138, 201, 8, 6, 0, 38, 68, 40, 10,
       152, 105, 36, 5, 68, 113, 5, 36, 74, 162, 136, 96, 74, 213, 25,
       40, 146, 10, 17, 1, 208, 38, 80, 154, 66, 64, 7, 2, 32, 98, 8, 11,
       85, 28, 116, 132, 1, 4, 16, 4, 1, 10, 132, 139, 17, 96, 32, 60,
       64, 70, 32, 248, 66, 3, 129, 144, 0, 130, 10, 70, 2, 34, 1, 4, 0,
       128, 19, 2, 68, 68, 0, 100, 10, 161, 194, 3, 12, 128, 168, 12, 2,
       0, 48, 8, 112, 4, 20, 170, 0, 96, 0, 66, 0, 64, 24, 8, 64, 12,
       193, 14, 25, 44, 16, 5, 32, 24, 148, 73, 0, 98, 49, 152, 72, 86,
       32, 241, 35, 20, 0, 2, 157, 128, 1, 8, 34, 0, 0, 97, 160, 11, 132,
       21, 98, 22, 5, 16, 192, 34, 137, 100, 68, 144, 96, 11, 18, 8, 1,
       73, 148, 36, 20, 186, 66, 48, 1, 212, 64, 66, 24, 11, 64, 16, 240,
       77, 16, 36, 24, 4, 96, 24, 140, 73, 16, 50, 51, 156, 24, 87, 32,
       121, 38, 37, 225, 146, 16, 6, 5, 79, 198, 230, 1, 48, 97, 134,
       147, 86, 234, 84, 1, 96, 129, 33, 194, 39, 76, 152, 180, 9, 82, 8,
       48, 105, 85, 36, 84, 186, 82, 120, 1, 84, 16, 64, 24, 42, 85, 20,
       193, 78, 153, 44, 24, 5, 112, 28, 156, 73, 16, 242, 51, 189, 88,
       87, 32, 250, 194, 11, 195, 150, 81, 66, 1, 206, 6, 192, 3, 54, 35,
       206, 131, 70, 235, 213, 33, 71, 78, 173, 230, 35, 79, 219, 176,
       13, 18, 8, 18, 41, 215, 37, 85, 186, 82, 120, 201, 84, 112, 84,
       56, 46, 205, 28, 225, 110, 153, 172, 24, 5, 240, 29, 156, 73, 16,
       114, 51, 189, 88, 87, 32, 250, 2, 5, 41, 156, 7, 5, 29, 75, 164,
       70, 145, 0, 25, 168, 52, 71, 128, 84, 2, 96, 2, 162, 128, 34, 76,
       152, 160, 9, 82, 24, 48, 9, 80, 36, 20, 154, 66, 120, 129, 84, 16,
       202, 28, 11, 210, 20, 228, 12, 25, 172, 16, 5, 96, 28, 148, 9,
       144, 242, 49, 188, 88, 86, 34, 177, 5, 6, 69, 0, 157, 160, 35, 88,
       164, 108, 128, 33, 129, 73, 128, 5, 226, 116, 5, 96, 192, 34, 136,
       114, 68, 136, 32, 3, 146, 8, 33, 73, 83, 38, 84, 186, 0, 112, 1,
       212, 212, 64, 24, 14, 64, 16, 192, 79, 24, 36, 24, 4, 96, 24, 140,
       9, 16, 178, 51, 156, 72, 86, 32, 249, 45, 54, 101, 32, 220, 181,
       163, 120, 244, 124, 194, 117, 237, 57, 177, 69, 240, 237, 195,
       240, 241, 98, 25, 244, 212, 40, 108, 135, 124, 84, 225, 227, 93,
       104, 198, 188, 127, 58, 41, 124, 220, 84, 26, 142, 64, 97, 210,
       79, 184, 44, 24, 8, 240, 29, 156, 73, 62, 242, 23, 156, 218, 215,
       44, 120, 193, 206, 195, 129, 217, 134, 135, 216, 172, 111, 40, 90,
       131, 205, 194, 109, 227, 213, 45, 102, 72, 135, 138, 120, 78, 223,
       57, 47, 146, 10, 51, 27, 215, 37, 93, 187, 82, 116, 109, 246, 112,
       92, 56, 47, 213, 28, 252, 149, 153, 172, 24, 5, 241, 31, 140, 75,
       16, 240, 49, 189, 92, 87, 32, 184, 2, 6, 9, 136, 9, 92, 5, 79,
       164, 100, 6, 4, 17, 60, 57, 4, 203, 116, 1, 32, 192, 18, 216, 32,
       92, 129, 4, 0, 50, 136, 17, 75, 149, 4, 83, 170, 0, 64, 41, 10,
       32, 17, 8, 33, 84, 20, 100, 105, 17, 44, 24, 4, 178, 25, 156, 8,
       16, 98, 35, 188, 72, 87, 32, 250, 39, 39, 65, 150, 157, 132, 3,
       72, 230, 100, 3, 54, 161, 79, 144, 85, 234, 213, 1, 96, 193, 38,
       194, 103, 76, 152, 176, 13, 18, 8, 49, 105, 87, 36, 85, 186, 82,
       120, 73, 84, 80, 80, 24, 15, 193, 20, 229, 79, 153, 172, 24, 5,
       240, 28, 156, 73, 16, 242, 51, 189, 88, 87, 32, 250, 66, 0, 195,
       135, 218, 196, 131, 77, 142, 237, 26, 21, 145, 6, 155, 96, 235,
       85, 33, 96, 200, 5, 206, 105, 78, 201, 184, 47, 18, 10, 51, 79,
       85, 36, 85, 186, 82, 120, 233, 86, 112, 84, 40, 42, 197, 20, 253,
       111, 153, 172, 24, 5, 240, 29, 156, 73, 16, 242, 51, 189, 88, 87,
       32, 250, 70, 0, 73, 152, 11, 28, 7, 73, 166, 102, 33, 130, 153,
       42, 189, 70, 194, 85, 33, 96, 200, 166, 208, 96, 92, 149, 157, 41,
       18, 136, 17, 73, 211, 36, 87, 186, 66, 120, 161, 116, 48, 90, 56,
       47, 84, 20, 244, 109, 153, 172, 24, 5, 240, 29, 156, 73, 16, 242,
       51, 188, 88, 86, 32, 250, 197, 13, 167, 85, 64, 103, 224, 246, 49,
       253, 198, 135, 66, 245, 131, 138, 139, 77, 187, 111, 14, 141, 230,
       179, 79, 107, 154, 166, 65, 4, 50, 15, 215, 51, 117, 249, 16, 252,
       127, 52, 113, 52, 184, 102, 239, 28, 89, 234, 93, 168, 122, 245,
       209, 126, 156, 78, 81, 236, 35, 255, 72, 37, 17, 250, 99, 5, 137,
       154, 65, 142, 7, 11, 167, 68, 5, 128, 145, 172, 52, 14, 139, 53,
       32, 36, 130, 87, 210, 99, 90, 212, 157, 44, 50, 136, 16, 9, 134,
