%YAML:1.0
descriptors: !!opencv-matrix
   rows: 44
   cols: 64
   dt: u
   data: [ 63, 255, 253, 254, 62, 253, 253, 125, 255, 254, 253, 249, 253,
       127, 252, 223, 255, 254, 227, 251, 245, 126, 211, 255, 253, 255,
       231, 255, 127, 255, 245, 235, 223, 108, 215, 190, 255, 120, 249,
       125, 124, 95, 251, 175, 244, 53, 247, 111, 187, 174, 153, 79, 240,
       29, 156, 93, 62, 243, 119, 191, 251, 223, 172, 254, 255, 254, 255,
       255, 255, 191, 191, 120, 255, 255, 241, 251, 239, 123, 244, 95,
       242, 247, 111, 251, 253, 103, 211, 127, 205, 255, 247, 191, 126,
       31, 247, 255, 215, 44, 86, 191, 91, 120, 249, 119, 124, 94, 122,
       47, 213, 21, 247, 111, 153, 172, 24, 5, 240, 29, 156, 73, 16, 246,
       51, 189, 88, 87, 32, 250, 191, 253, 254, 255, 255, 127, 255, 175,
       127, 223, 255, 251, 191, 126, 255, 252, 255, 187, 125, 255, 119,
       255, 247, 126, 255, 255, 243, 251, 255, 255, 255, 255, 239, 255,
       127, 223, 255, 127, 251, 127, 251, 255, 253, 127, 255, 159, 255,
       127, 223, 255, 223, 207, 254, 7, 255, 253, 251, 247, 253, 255,
       255, 255, 185, 254, 29, 186, 223, 245, 255, 243, 251, 252, 216,
       185, 214, 253, 239, 83, 139, 248, 255, 223, 185, 59, 228, 45, 238,
       251, 173, 203, 114, 247, 126, 97, 119, 239, 255, 243, 125, 48,
       119, 251, 251, 119, 249, 125, 235, 102, 249, 135, 251, 107, 191,
       254, 61, 231, 244, 165, 156, 77, 87, 222, 247, 239, 219, 63, 165,
       222, 252, 235, 255, 253, 250, 255, 251, 252, 221, 253, 254, 189,
       215, 254, 251, 238, 243, 221, 255, 111, 127, 185, 238, 187, 111,
       239, 47, 167, 221, 207, 62, 191, 243, 39, 125, 251, 87, 247, 253,
       254, 251, 125, 249, 62, 95, 175, 75, 178, 141, 45, 127, 181, 219,
       191, 133, 76, 208, 236, 105, 238, 93, 14, 35, 181, 60, 177, 253,
       254, 55, 253, 253, 126, 215, 252, 213, 241, 125, 126, 188, 94,
       255, 222, 99, 123, 245, 54, 193, 247, 221, 191, 229, 255, 90, 223,
       245, 235, 223, 44, 87, 190, 223, 120, 233, 125, 120, 93, 49, 47,
       213, 53, 247, 111, 153, 172, 153, 5, 240, 29, 156, 73, 16, 242,
       51, 189, 89, 87, 32, 250, 124, 41, 247, 212, 114, 7, 125, 127,
       196, 196, 213, 51, 87, 226, 178, 74, 242, 213, 99, 103, 71, 173,
       192, 243, 14, 202, 182, 13, 82, 140, 52, 233, 215, 39, 52, 186,
       82, 124, 209, 116, 80, 72, 185, 47, 201, 20, 229, 110, 153, 172,
       24, 5, 240, 28, 156, 73, 16, 242, 51, 189, 88, 87, 33, 250, 43,
       134, 12, 207, 47, 189, 157, 24, 189, 255, 54, 201, 157, 121, 60,
       5, 141, 252, 96, 187, 244, 118, 218, 123, 97, 183, 145, 54, 124,
       115, 53, 239, 223, 248, 219, 32, 255, 120, 232, 35, 116, 92, 107,
       47, 213, 84, 245, 107, 185, 238, 24, 5, 244, 29, 220, 89, 19, 243,
       183, 189, 242, 215, 40, 254, 59, 214, 109, 239, 63, 253, 221, 56,
       253, 255, 252, 249, 189, 121, 124, 93, 191, 244, 103, 187, 244,
       118, 219, 127, 125, 255, 245, 50, 127, 243, 119, 239, 223, 236,
       223, 52, 255, 121, 248, 123, 125, 93, 107, 175, 213, 113, 245,
       107, 187, 254, 152, 13, 244, 157, 220, 85, 62, 242, 247, 191, 243,
       223, 44, 254, 29, 175, 222, 126, 43, 153, 252, 106, 123, 184, 214,
       253, 254, 119, 236, 88, 238, 155, 33, 251, 197, 108, 195, 243,
       237, 94, 225, 255, 110, 79, 181, 107, 223, 36, 69, 186, 87, 120,
       249, 124, 112, 93, 57, 47, 213, 21, 247, 111, 153, 172, 24, 5,
       240, 29, 156, 73, 16, 242, 51, 189, 88, 87, 32, 250, 14, 185, 223,
       126, 54, 243, 252, 94, 115, 186, 133, 225, 126, 246, 173, 91, 239,
       223, 33, 243, 199, 61, 67, 243, 197, 203, 226, 239, 83, 76, 180,
       98, 223, 36, 85, 186, 91, 120, 233, 116, 112, 93, 60, 47, 213, 85,
       247, 111, 153, 172, 24, 5, 240, 29, 156, 73, 16, 242, 51, 189, 88,
       87, 32, 250, 203, 206, 175, 237, 238, 255, 191, 248, 189, 255,
       249, 202, 203, 57, 127, 175, 137, 253, 127, 111, 252, 215, 210,
       120, 77, 255, 157, 182, 253, 23, 55, 155, 215, 53, 211, 105, 210,
       121, 236, 35, 126, 94, 56, 63, 213, 30, 252, 49, 157, 137, 24, 5,
       209, 253, 157, 108, 80, 246, 51, 189, 92, 215, 48, 250, 60, 253,
       255, 254, 55, 253, 253, 127, 255, 254, 213, 249, 255, 254, 189,
       222, 255, 246, 99, 123, 247, 127, 211, 255, 253, 255, 247, 255,
       127, 255, 247, 235, 223, 46, 87, 190, 223, 120, 251, 125, 122, 95,
       255, 111, 247, 53, 247, 111, 155, 174, 152, 79, 242, 29, 156, 93,
       16, 243, 115, 191, 123, 255, 171, 251, 63, 254, 253, 239, 63, 253,
       255, 120, 255, 255, 221, 253, 253, 127, 253, 221, 255, 255, 99,
       251, 245, 119, 211, 255, 253, 255, 245, 255, 127, 255, 247, 239,
       223, 108, 215, 190, 255, 121, 249, 125, 124, 93, 123, 47, 245, 53,
       247, 111, 185, 174, 152, 15, 240, 29, 156, 93, 52, 243, 55, 189,
       251, 223, 40, 254, 7, 150, 80, 39, 221, 160, 167, 88, 188, 121,
       130, 115, 172, 91, 129, 21, 98, 215, 129, 34, 192, 34, 138, 120,
       70, 154, 96, 39, 222, 9, 33, 79, 87, 224, 92, 50, 117, 240, 105,
       118, 69, 84, 74, 14, 192, 1, 217, 83, 152, 188, 24, 5, 244, 148,
       156, 73, 16, 242, 183, 141, 216, 87, 36, 124, 35, 150, 65, 2, 221,
       128, 7, 8, 226, 3, 33, 98, 172, 11, 132, 21, 226, 247, 5, 96, 192,
       2, 129, 100, 70, 148, 169, 47, 146, 8, 1, 41, 212, 36, 84, 186,
       66, 112, 41, 244, 96, 74, 24, 15, 208, 16, 244, 77, 145, 172, 24,
       4, 240, 25, 156, 73, 16, 242, 51, 188, 88, 87, 32, 248, 68, 33,
       225, 144, 16, 6, 33, 111, 128, 196, 195, 52, 81, 130, 147, 66,
       202, 84, 3, 100, 8, 129, 192, 19, 12, 136, 144, 13, 64, 8, 48, 9,
       80, 36, 85, 186, 2, 120, 1, 84, 48, 80, 56, 14, 193, 20, 225, 110,
       153, 172, 24, 5, 112, 29, 148, 73, 16, 242, 51, 185, 72, 22, 32,
       250, 68, 35, 195, 180, 16, 2, 41, 206, 128, 134, 65, 52, 65, 195,
       147, 66, 138, 68, 1, 102, 10, 168, 228, 51, 14, 138, 178, 9, 210,
       8, 48, 9, 114, 38, 52, 154, 0, 116, 65, 86, 0, 96, 24, 74, 74, 12,
       193, 142, 25, 44, 80, 5, 64, 26, 148, 8, 144, 98, 33, 157, 76, 6,
       33, 243, 60, 249, 255, 254, 63, 253, 253, 127, 255, 253, 223, 249,
       255, 127, 252, 222, 255, 255, 227, 123, 245, 127, 211, 255, 253,
       255, 247, 255, 127, 255, 247, 239, 223, 108, 119, 190, 255, 120,
       249, 125, 120, 221, 251, 47, 245, 53, 247, 111, 185, 174, 153, 79,
       240, 29, 156, 93, 54, 243, 119, 191, 251, 223, 173, 254, 195, 1,
       130, 151, 193, 66, 139, 142, 38, 227, 33, 2, 130, 139, 163, 7,
       106, 85, 36, 39, 10, 135, 230, 32, 78, 211, 187, 47, 146, 8, 18,
       27, 113, 37, 52, 187, 82, 124, 103, 214, 112, 64, 40, 10, 139, 28,
       201, 188, 25, 172, 88, 5, 112, 26, 148, 75, 144, 112, 49, 29, 76,
       84, 32, 250, 7, 32, 69, 1, 220, 128, 135, 64, 160, 37, 2, 22, 200,
       47, 177, 65, 234, 213, 3, 96, 201, 7, 130, 112, 76, 216, 188, 47,
       210, 12, 49, 107, 85, 36, 85, 186, 82, 120, 41, 84, 112, 64, 24,
       14, 197, 20, 228, 77, 153, 172, 24, 5, 240, 28, 156, 73, 16, 242,
       51, 188, 88, 87, 32, 250, 1, 2, 5, 144, 24, 160, 33, 124, 0, 108,
       192, 5, 65, 1, 129, 3, 226, 76, 1, 96, 192, 32, 200, 59, 76, 136,
       160, 2, 80, 0, 33, 79, 113, 36, 84, 186, 80, 120, 1, 196, 80, 64,
       24, 14, 64, 0, 193, 79, 24, 44, 24, 4, 240, 28, 156, 73, 16, 242,
       51, 156, 72, 70, 32, 249, 178, 130, 65, 135, 238, 133, 155, 169,
       142, 93, 19, 95, 157, 104, 50, 84, 230, 213, 4, 100, 200, 37, 130,
       120, 12, 154, 188, 47, 214, 56, 53, 63, 87, 37, 92, 187, 82, 122,
       169, 116, 209, 92, 25, 14, 193, 20, 216, 29, 153, 172, 24, 5, 240,
       29, 157, 73, 16, 242, 51, 189, 88, 87, 32, 250, 13, 34, 101, 32,
       221, 177, 163, 120, 176, 60, 194, 115, 201, 57, 129, 65, 194, 252,
       135, 96, 224, 2, 136, 112, 76, 168, 140, 131, 216, 4, 49, 219,
       117, 36, 84, 186, 83, 112, 33, 244, 220, 84, 26, 14, 192, 1, 194,
       77, 153, 44, 24, 5, 240, 29, 156, 73, 16, 242, 51, 188, 72, 22,
       32, 248, 45, 38, 101, 160, 24, 117, 163, 116, 180, 252, 194, 21,
