%YAML:1.0
descriptors: !!opencv-matrix
   rows: 125
   cols: 64
   dt: u
   data: [ 61, 181, 253, 246, 63, 253, 253, 121, 246, 252, 222, 245, 253,
       126, 188, 116, 255, 214, 99, 99, 245, 46, 195, 119, 205, 255, 229,
       255, 122, 95, 245, 235, 215, 44, 85, 190, 86, 120, 233, 116, 120,
       93, 58, 47, 213, 53, 247, 111, 153, 172, 24, 5, 240, 29, 156, 73,
       16, 242, 51, 189, 90, 87, 32, 250, 63, 181, 253, 254, 55, 181,
       253, 127, 247, 252, 221, 245, 253, 126, 180, 86, 255, 246, 99,
       115, 245, 54, 211, 119, 221, 254, 228, 223, 90, 220, 245, 235,
       223, 44, 87, 190, 91, 120, 233, 124, 120, 93, 60, 47, 213, 53,
       247, 111, 153, 172, 24, 5, 240, 29, 156, 73, 16, 242, 51, 189, 88,
       87, 32, 250, 60, 173, 255, 190, 34, 221, 253, 111, 247, 252, 214,
       245, 125, 62, 191, 222, 255, 186, 227, 43, 245, 118, 215, 247,
       253, 191, 244, 243, 107, 221, 247, 235, 207, 40, 71, 180, 255,
       120, 233, 124, 120, 93, 53, 47, 244, 53, 247, 111, 185, 172, 153,
       15, 240, 29, 156, 93, 54, 242, 127, 189, 123, 87, 40, 250, 13, 50,
       153, 34, 62, 177, 184, 92, 240, 186, 134, 101, 240, 22, 161, 81,
       234, 220, 3, 64, 193, 48, 67, 215, 196, 136, 228, 143, 82, 76,
       177, 98, 223, 44, 85, 190, 91, 120, 233, 116, 120, 92, 56, 47,
       212, 117, 183, 111, 153, 172, 24, 5, 240, 29, 156, 73, 16, 242,
       51, 189, 88, 87, 32, 250, 63, 190, 253, 254, 63, 253, 253, 121,
       253, 254, 222, 245, 253, 127, 249, 215, 251, 255, 99, 107, 245,
       119, 211, 127, 221, 255, 245, 255, 126, 223, 245, 239, 215, 108,
       87, 190, 215, 122, 249, 125, 124, 93, 123, 47, 213, 53, 247, 111,
       153, 172, 24, 5, 240, 29, 157, 77, 16, 242, 51, 189, 218, 87, 32,
       250, 61, 254, 125, 169, 63, 253, 183, 121, 253, 252, 222, 253,
       253, 62, 253, 213, 251, 252, 195, 121, 245, 114, 219, 252, 253,
       253, 125, 179, 127, 223, 127, 239, 221, 232, 215, 190, 255, 251,
       233, 127, 124, 93, 126, 47, 213, 245, 246, 105, 187, 252, 137, 13,
       246, 29, 223, 93, 62, 242, 191, 189, 219, 223, 44, 222, 35, 22,
       64, 34, 157, 160, 39, 8, 116, 120, 128, 113, 172, 11, 128, 21, 98,
       228, 1, 80, 225, 34, 153, 124, 68, 152, 96, 11, 90, 8, 33, 103,
       85, 164, 84, 186, 115, 56, 33, 116, 64, 68, 26, 139, 192, 17, 244,
       79, 152, 36, 24, 0, 224, 28, 156, 73, 16, 178, 55, 188, 24, 87,
       32, 120, 59, 180, 112, 38, 31, 160, 46, 24, 116, 122, 208, 113,
       172, 11, 164, 85, 242, 191, 3, 208, 225, 34, 217, 127, 196, 24,
       224, 143, 90, 20, 225, 231, 223, 44, 86, 190, 115, 56, 169, 116,
       120, 92, 58, 175, 212, 81, 247, 79, 153, 172, 24, 5, 240, 29, 156,
       73, 18, 242, 55, 189, 26, 87, 32, 250, 61, 182, 125, 36, 62, 181,
       187, 124, 240, 188, 214, 113, 237, 25, 145, 81, 244, 236, 195,
       240, 241, 98, 83, 255, 196, 40, 228, 223, 124, 85, 225, 231, 223,
       40, 215, 190, 255, 56, 169, 117, 252, 92, 58, 143, 208, 113, 147,
       111, 184, 172, 24, 3, 240, 29, 156, 65, 54, 242, 55, 189, 250,
       215, 36, 251, 61, 51, 117, 214, 63, 151, 223, 124, 246, 254, 250,
       113, 189, 123, 177, 118, 242, 213, 67, 99, 212, 43, 194, 119, 76,
       171, 167, 63, 90, 88, 117, 107, 247, 36, 85, 186, 82, 120, 233,
       116, 112, 92, 56, 47, 212, 20, 245, 111, 153, 172, 24, 5, 240, 29,
       156, 73, 16, 242, 51, 189, 88, 87, 32, 250, 61, 181, 253, 254, 63,
       253, 253, 127, 247, 254, 221, 245, 125, 127, 189, 95, 251, 244,
       99, 99, 245, 118, 211, 247, 221, 255, 245, 191, 122, 95, 245, 235,
       223, 44, 87, 190, 214, 120, 249, 117, 120, 93, 59, 47, 213, 53,
       247, 111, 153, 172, 24, 5, 240, 29, 156, 73, 16, 242, 51, 189, 90,
       87, 32, 250, 62, 177, 253, 254, 54, 255, 253, 127, 247, 212, 213,
       241, 127, 122, 180, 94, 255, 214, 99, 107, 247, 62, 209, 247, 221,
       187, 247, 253, 82, 220, 244, 233, 215, 44, 87, 190, 219, 120, 233,
       117, 120, 93, 61, 47, 213, 53, 247, 111, 153, 172, 24, 5, 240, 29,
       156, 73, 16, 242, 51, 189, 89, 87, 32, 250, 50, 182, 125, 130, 58,
       223, 147, 109, 246, 84, 30, 119, 189, 127, 190, 116, 251, 215, 1,
       32, 212, 99, 211, 118, 92, 220, 180, 15, 126, 154, 83, 107, 215,
       36, 85, 186, 82, 120, 233, 124, 112, 93, 56, 47, 213, 20, 245,
       111, 153, 172, 24, 5, 240, 29, 156, 73, 16, 242, 51, 189, 88, 87,
       32, 250, 45, 166, 109, 168, 31, 189, 165, 123, 245, 254, 194, 176,
       121, 56, 185, 71, 130, 124, 67, 96, 241, 82, 217, 119, 77, 184, 5,
       131, 90, 76, 49, 203, 213, 36, 215, 186, 82, 120, 169, 52, 120,
       92, 58, 47, 84, 149, 118, 107, 153, 172, 24, 5, 240, 29, 156, 72,
       16, 226, 51, 188, 88, 87, 32, 250, 13, 38, 109, 168, 25, 189, 165,
       126, 181, 254, 194, 176, 73, 57, 185, 71, 138, 124, 195, 104, 241,
       82, 216, 115, 77, 185, 5, 131, 124, 76, 49, 203, 213, 0, 215, 170,
       80, 120, 41, 52, 124, 84, 58, 47, 84, 133, 118, 107, 25, 172, 24,
       4, 240, 29, 156, 8, 16, 226, 51, 188, 72, 215, 32, 250, 199, 34,
       65, 34, 221, 32, 35, 72, 0, 0, 160, 51, 32, 11, 128, 65, 98, 84,
       5, 68, 73, 128, 160, 48, 6, 136, 40, 9, 210, 8, 33, 9, 112, 36,
       20, 186, 0, 112, 5, 212, 130, 66, 24, 10, 64, 4, 200, 68, 8, 36,
       80, 4, 96, 26, 133, 9, 144, 48, 33, 156, 76, 6, 32, 177, 45, 166,
       237, 168, 31, 253, 165, 126, 181, 254, 196, 240, 89, 63, 189, 71,
       139, 124, 227, 97, 241, 114, 216, 127, 85, 185, 132, 135, 120, 93,
       49, 203, 223, 4, 215, 186, 82, 120, 233, 60, 124, 93, 122, 47,
       212, 113, 117, 107, 153, 172, 24, 13, 242, 29, 156, 16, 56, 226,
       51, 189, 218, 215, 44, 250, 135, 48, 81, 162, 221, 128, 3, 72, 70,
       65, 160, 114, 161, 75, 128, 81, 98, 213, 5, 68, 73, 32, 136, 96,
       6, 136, 40, 13, 210, 8, 33, 45, 48, 167, 28, 154, 66, 112, 5, 214,
       131, 194, 24, 10, 64, 12, 200, 149, 1, 36, 80, 4, 104, 18, 134,
       105, 16, 48, 33, 156, 88, 6, 50, 185, 22, 33, 25, 150, 35, 9, 20,
       111, 66, 0, 149, 116, 112, 86, 164, 80, 246, 146, 0, 17, 197, 32,
       193, 71, 220, 130, 224, 73, 2, 140, 145, 104, 198, 36, 69, 190,
       82, 120, 203, 124, 112, 93, 48, 47, 212, 20, 181, 110, 145, 172,
       25, 5, 240, 25, 156, 65, 16, 242, 51, 189, 88, 87, 32, 250, 70,
       32, 65, 162, 217, 128, 35, 72, 192, 1, 130, 54, 161, 66, 128, 80,
       98, 85, 5, 68, 73, 128, 136, 96, 14, 136, 8, 13, 146, 8, 49, 13,
       48, 167, 28, 155, 0, 114, 5, 150, 129, 64, 24, 10, 64, 12, 200,
       145, 9, 36, 80, 36, 65, 18, 133, 41, 0, 104, 33, 136, 76, 6, 48,
       177, 61, 183, 245, 252, 62, 183, 179, 122, 246, 220, 214, 119,
       237, 123, 153, 85, 250, 245, 195, 98, 245, 103, 211, 247, 204,
       186, 244, 159, 126, 92, 245, 235, 223, 108, 215, 190, 222, 120,
       249, 117, 124, 93, 59, 175, 213, 161, 243, 111, 184, 172, 153, 9,
       240, 29, 156, 73, 52, 242, 51, 159, 122, 87, 36, 250, 18, 1, 92,
       150, 35, 1, 20, 46, 102, 0, 21, 48, 61, 118, 180, 82, 254, 146,
       64, 35, 195, 50, 193, 103, 72, 130, 224, 9, 34, 136, 148, 104,
       214, 36, 69, 186, 66, 88, 203, 116, 112, 89, 60, 47, 148, 20, 245,
       110, 145, 172, 153, 5, 240, 25, 156, 73, 16, 114, 51, 189, 88, 87,
       32, 250, 60, 55, 253, 212, 54, 223, 221, 123, 247, 212, 215, 180,
       125, 127, 185, 86, 251, 213, 98, 107, 247, 126, 209, 247, 221,
       254, 228, 29, 122, 222, 85, 233, 215, 44, 71, 190, 218, 120, 249,
       124, 116, 93, 185, 47, 213, 52, 245, 111, 153, 172, 153, 13, 242,
       29, 156, 89, 48, 242, 115, 189, 120, 87, 40, 250, 19, 21, 152, 22,
       3, 10, 84, 14, 66, 0, 21, 128, 48, 70, 36, 82, 238, 214, 0, 1,
       130, 32, 193, 67, 200, 146, 224, 73, 18, 40, 144, 104, 150, 36,
       21, 186, 66, 72, 195, 84, 48, 217, 60, 43, 148, 20, 229, 110, 145,
       172, 24, 5, 48, 25, 156, 73, 16, 114, 51, 189, 88, 87, 32, 250,
       51, 52, 81, 166, 191, 160, 31, 8, 230, 102, 49, 112, 45, 11, 128,
       85, 242, 214, 5, 112, 193, 34, 129, 124, 76, 156, 225, 11, 210,
