%YAML:1.0
descriptors: !!opencv-matrix
   rows: 117
   cols: 64
   dt: u
   data: [ 61, 189, 255, 222, 55, 253, 253, 126, 247, 252, 221, 249, 127,
       126, 188, 222, 255, 246, 99, 123, 245, 127, 211, 247, 249, 255,
       245, 255, 123, 219, 245, 235, 223, 44, 87, 190, 223, 120, 249,
       125, 120, 93, 255, 47, 213, 53, 245, 111, 155, 172, 153, 13, 242,
       29, 156, 93, 56, 242, 115, 189, 123, 223, 44, 250, 58, 165, 187,
       222, 34, 87, 92, 103, 215, 194, 85, 208, 115, 194, 182, 94, 255,
       147, 98, 195, 215, 63, 209, 87, 221, 219, 247, 77, 67, 188, 180,
       232, 199, 44, 7, 190, 218, 120, 233, 124, 112, 93, 53, 47, 213,
       52, 181, 111, 153, 172, 24, 5, 240, 29, 156, 65, 16, 242, 115,
       189, 120, 87, 32, 250, 213, 26, 146, 53, 221, 162, 38, 220, 42,
       33, 232, 107, 198, 193, 130, 25, 229, 205, 63, 69, 202, 143, 174,
       57, 134, 207, 123, 110, 208, 5, 163, 54, 121, 167, 116, 127, 64,
       181, 37, 198, 81, 66, 72, 31, 201, 25, 94, 145, 204, 68, 80, 180,
       97, 254, 132, 235, 208, 252, 161, 188, 220, 68, 16, 60, 210, 146,
       25, 135, 238, 144, 154, 129, 90, 187, 19, 78, 142, 2, 2, 17, 116,
       199, 60, 147, 200, 37, 235, 72, 172, 214, 251, 111, 150, 43, 135,
       110, 23, 189, 220, 87, 122, 249, 238, 243, 65, 76, 97, 121, 147,
       28, 253, 49, 149, 222, 24, 39, 229, 227, 188, 235, 80, 95, 176,
       61, 212, 87, 48, 190, 92, 42, 125, 217, 248, 223, 99, 253, 173,
       230, 235, 20, 85, 253, 249, 230, 211, 220, 219, 106, 190, 249,
       156, 186, 93, 169, 166, 78, 241, 143, 57, 223, 113, 22, 87, 171,
       16, 242, 247, 222, 182, 53, 200, 22, 116, 174, 65, 3, 159, 45,
       246, 49, 51, 93, 133, 89, 192, 236, 105, 188, 200, 134, 43, 181,
       71, 0, 128, 49, 81, 130, 14, 76, 0, 163, 129, 176, 130, 129, 130,
       3, 128, 21, 25, 85, 138, 165, 202, 41, 4, 202, 170, 47, 18, 12,
       33, 78, 83, 37, 116, 187, 66, 124, 37, 214, 0, 64, 56, 42, 195,
       28, 65, 59, 25, 172, 16, 5, 97, 88, 180, 74, 144, 250, 49, 189,
       72, 86, 48, 242, 211, 208, 147, 135, 204, 130, 134, 128, 90, 41,
       4, 75, 166, 66, 38, 25, 110, 215, 60, 6, 200, 5, 139, 73, 206,
       210, 249, 47, 146, 9, 147, 111, 215, 165, 84, 187, 82, 113, 237,
       118, 80, 94, 8, 15, 209, 28, 221, 23, 157, 172, 24, 5, 241, 61,
       156, 203, 80, 254, 51, 189, 88, 87, 50, 249, 1, 6, 4, 0, 73, 171,
       163, 120, 176, 24, 130, 69, 0, 93, 9, 1, 0, 109, 193, 32, 240, 35,
       88, 243, 64, 40, 0, 132, 60, 64, 33, 71, 223, 98, 81, 32, 53, 138,
       8, 32, 253, 52, 26, 134, 68, 225, 243, 75, 56, 52, 24, 0, 241, 28,
       154, 9, 39, 194, 23, 165, 66, 71, 36, 88, 2, 1, 136, 212, 3, 2,
       92, 7, 7, 226, 21, 128, 18, 192, 4, 10, 12, 16, 0, 203, 134, 184,
       228, 3, 25, 131, 130, 72, 1, 169, 20, 72, 3, 150, 32, 42, 130, 76,
       82, 194, 2, 170, 165, 104, 178, 20, 1, 106, 83, 162, 114, 215, 36,
       24, 116, 0, 145, 35, 121, 123, 41, 48, 131, 227, 76, 73, 239, 152,
       18, 95, 81, 239, 165, 230, 61, 148, 89, 172, 253, 238, 131, 84,
       65, 109, 10, 208, 228, 35, 13, 129, 128, 9, 83, 200, 60, 25, 240,
       4, 55, 250, 66, 118, 1, 212, 178, 235, 124, 46, 22, 158, 64, 236,
       23, 44, 118, 4, 11, 29, 133, 28, 152, 224, 41, 124, 77, 12, 34,
       177, 4, 207, 109, 136, 18, 93, 5, 207, 165, 70, 44, 152, 25, 184,
       253, 239, 139, 84, 13, 108, 16, 208, 180, 48, 125, 149, 9, 1, 181,
       10, 26, 25, 240, 6, 85, 218, 66, 114, 5, 180, 178, 243, 56, 63,
       22, 158, 68, 128, 1, 45, 118, 4, 9, 25, 135, 12, 144, 224, 40, 28,
       77, 68, 34, 177, 5, 79, 101, 136, 128, 93, 161, 247, 41, 84, 138,
       4, 89, 53, 249, 228, 139, 92, 195, 108, 84, 192, 140, 176, 95,
       172, 12, 0, 173, 14, 26, 25, 240, 70, 85, 138, 0, 114, 5, 28, 183,
       52, 24, 22, 68, 134, 64, 192, 9, 45, 118, 52, 27, 31, 135, 12,
       152, 76, 41, 44, 72, 70, 34, 177, 69, 5, 165, 144, 0, 70, 1, 110,
       132, 196, 5, 132, 65, 169, 18, 6, 136, 84, 2, 103, 2, 161, 228,
       35, 77, 131, 132, 4, 17, 8, 16, 73, 212, 36, 116, 186, 66, 120,
       193, 84, 144, 120, 56, 14, 144, 16, 65, 110, 25, 172, 24, 5, 112,
       29, 148, 8, 16, 226, 51, 189, 72, 86, 32, 251, 122, 1, 237, 156,
       118, 159, 95, 105, 231, 230, 177, 154, 221, 232, 180, 70, 251,
       213, 122, 103, 158, 55, 194, 119, 93, 215, 191, 47, 82, 152, 53,
       107, 215, 37, 87, 187, 66, 120, 229, 118, 48, 88, 56, 47, 215, 28,
       245, 47, 157, 172, 24, 5, 241, 29, 156, 75, 80, 246, 51, 189, 88,
       87, 32, 250, 34, 6, 0, 130, 79, 130, 7, 9, 38, 64, 0, 0, 41, 45,
       32, 5, 66, 85, 0, 48, 192, 35, 129, 103, 64, 144, 136, 12, 18, 8,
       1, 73, 151, 36, 81, 186, 82, 72, 9, 68, 96, 80, 24, 11, 197, 20,
       244, 79, 17, 172, 24, 5, 176, 24, 156, 73, 16, 114, 50, 188, 72,
       87, 32, 250, 240, 18, 231, 149, 254, 135, 27, 248, 182, 255, 179,
       23, 223, 233, 147, 102, 226, 213, 31, 103, 200, 165, 166, 59, 78,
       202, 170, 47, 210, 8, 49, 127, 115, 37, 84, 187, 82, 120, 229,
       244, 80, 76, 24, 14, 193, 28, 193, 79, 157, 172, 24, 5, 240, 61,
       156, 75, 80, 246, 51, 189, 88, 86, 32, 248, 64, 1, 1, 148, 0, 134,
       11, 72, 134, 38, 1, 0, 1, 128, 49, 3, 2, 85, 0, 100, 136, 161,
       192, 34, 12, 128, 172, 12, 18, 8, 17, 73, 82, 36, 84, 186, 66,
       104, 1, 68, 48, 72, 24, 14, 209, 28, 193, 79, 25, 172, 24, 5, 48,
       24, 156, 73, 16, 114, 51, 188, 72, 86, 32, 250, 99, 6, 1, 130, 79,
       134, 3, 12, 166, 100, 18, 4, 153, 105, 16, 4, 98, 85, 1, 100, 192,
       35, 194, 99, 72, 128, 136, 12, 18, 8, 17, 73, 215, 36, 85, 186,
       82, 120, 129, 84, 208, 84, 24, 15, 193, 20, 225, 79, 153, 172, 24,
       5, 240, 29, 156, 73, 16, 114, 51, 188, 72, 87, 32, 248, 106, 2,
       237, 151, 255, 183, 31, 24, 244, 255, 22, 19, 187, 248, 50, 71,
       226, 213, 25, 103, 204, 167, 194, 119, 76, 202, 172, 47, 82, 24,
       49, 107, 211, 37, 84, 187, 82, 120, 229, 244, 80, 92, 24, 14, 209,
       20, 193, 79, 153, 172, 24, 5, 240, 29, 156, 73, 16, 242, 51, 189,
       88, 86, 32, 250, 77, 15, 231, 209, 80, 119, 45, 254, 164, 238,
       232, 146, 67, 237, 179, 79, 203, 93, 43, 103, 206, 173, 198, 51,
       78, 203, 178, 47, 80, 8, 50, 75, 83, 38, 85, 187, 80, 124, 101,
       116, 112, 108, 56, 47, 215, 28, 197, 239, 153, 172, 24, 5, 241,
       29, 156, 73, 16, 242, 51, 189, 88, 86, 33, 250, 192, 1, 131, 145,
       216, 6, 3, 204, 132, 103, 2, 22, 131, 201, 147, 1, 234, 85, 1,
       102, 74, 133, 142, 32, 78, 136, 184, 9, 146, 8, 50, 11, 87, 39,
       84, 187, 2, 116, 5, 86, 144, 64, 24, 14, 65, 28, 193, 149, 25, 44,
       24, 4, 112, 26, 148, 73, 16, 112, 33, 189, 76, 86, 32, 249, 195,
       5, 129, 146, 217, 130, 7, 76, 134, 99, 1, 18, 163, 202, 134, 5,
       98, 85, 5, 100, 10, 135, 162, 33, 78, 130, 168, 13, 146, 8, 16, 9,
       82, 39, 20, 155, 2, 112, 5, 214, 0, 66, 24, 11, 192, 28, 193, 132,
       17, 36, 16, 4, 96, 24, 148, 75, 16, 48, 49, 188, 88, 86, 32, 249,
       226, 209, 73, 158, 255, 132, 95, 9, 247, 111, 61, 250, 191, 234,
       54, 93, 226, 215, 52, 49, 202, 190, 163, 108, 110, 215, 179, 43,
       211, 59, 23, 45, 211, 165, 30, 219, 66, 125, 227, 246, 82, 202,
       108, 105, 145, 28, 253, 31, 133, 164, 18, 5, 104, 26, 156, 107,
       16, 242, 48, 61, 92, 85, 50, 185, 4, 34, 65, 128, 216, 2, 2, 65,
       192, 2, 2, 22, 193, 3, 146, 65, 226, 197, 3, 100, 65, 4, 129, 116,
       78, 136, 172, 9, 146, 12, 49, 8, 84, 36, 84, 186, 64, 48, 1, 84,
       64, 64, 24, 14, 64, 20, 192, 77, 153, 44, 24, 0, 112, 28, 156, 73,
       16, 242, 51, 188, 88, 86, 32, 248, 167, 50, 65, 130, 220, 128, 3,
       72, 102, 71, 1, 114, 161, 75, 146, 81, 226, 213, 5, 96, 193, 4,
       131, 116, 78, 152, 185, 43, 210, 8, 49, 105, 85, 36, 84, 186, 82,
       112, 33, 84, 112, 64, 24, 15, 209, 20, 240, 77, 153, 172, 24, 5,
       240, 29, 156, 73, 16, 242, 51, 188, 88, 87, 32, 248, 195, 73, 146,
       119, 201, 66, 202, 134, 10, 163, 41, 202, 130, 192, 3, 59, 111, 3,
