%YAML:1.0
descriptors: !!opencv-matrix
   rows: 26
   cols: 64
   dt: u
   data: [ 62, 189, 255, 254, 51, 255, 245, 111, 247, 244, 220, 245, 127,
       254, 191, 94, 255, 186, 227, 251, 245, 127, 211, 247, 253, 255,
       213, 255, 107, 255, 215, 235, 159, 44, 67, 182, 255, 88, 249, 124,
       120, 29, 63, 39, 245, 117, 247, 111, 185, 174, 137, 15, 240, 29,
       152, 89, 54, 243, 119, 189, 123, 215, 44, 218, 94, 185, 207, 255,
       127, 243, 218, 190, 127, 177, 95, 191, 191, 246, 59, 250, 253,
       223, 113, 247, 205, 181, 199, 243, 203, 203, 240, 239, 83, 73,
       183, 234, 223, 44, 85, 186, 91, 122, 233, 116, 112, 93, 60, 46,
       213, 21, 247, 111, 153, 172, 24, 5, 240, 29, 156, 73, 16, 242, 51,
       189, 88, 87, 32, 250, 255, 253, 255, 255, 238, 255, 255, 179, 255,
       253, 127, 223, 223, 255, 126, 254, 253, 251, 255, 255, 255, 255,
       255, 255, 251, 127, 255, 254, 237, 247, 255, 255, 223, 251, 107,
       117, 255, 223, 254, 127, 251, 191, 255, 255, 255, 127, 255, 255,
       239, 219, 239, 255, 253, 239, 187, 255, 127, 223, 255, 255, 247,
       255, 223, 254, 59, 223, 124, 251, 191, 189, 223, 25, 255, 255,
       189, 234, 191, 123, 108, 93, 223, 183, 126, 187, 247, 118, 83,
       127, 241, 119, 243, 127, 127, 243, 239, 227, 159, 220, 203, 36,
       255, 25, 250, 123, 126, 223, 239, 237, 245, 113, 247, 127, 190,
       219, 152, 75, 254, 165, 250, 253, 63, 247, 246, 191, 179, 251,
       238, 95, 63, 254, 125, 255, 63, 253, 255, 57, 255, 255, 223, 249,
       253, 127, 252, 93, 255, 255, 99, 251, 245, 118, 219, 255, 245,
       255, 247, 255, 126, 255, 255, 239, 223, 252, 215, 190, 255, 249,
       249, 127, 124, 221, 123, 175, 245, 241, 247, 111, 187, 254, 152,
       15, 244, 29, 222, 93, 62, 247, 247, 191, 251, 223, 236, 254, 45,
       174, 229, 136, 153, 253, 165, 124, 189, 124, 206, 53, 89, 63, 249,
       229, 203, 124, 195, 96, 245, 82, 222, 249, 93, 253, 28, 131, 124,
       207, 59, 207, 221, 66, 87, 186, 84, 242, 237, 60, 125, 21, 90, 39,
       85, 231, 116, 225, 185, 44, 157, 12, 242, 29, 140, 8, 60, 192,
       175, 173, 202, 207, 44, 254, 56, 153, 253, 223, 54, 221, 217, 125,
       255, 223, 23, 205, 221, 120, 125, 199, 191, 246, 226, 43, 212,
       118, 210, 247, 233, 55, 229, 114, 124, 251, 213, 107, 223, 56,
       215, 180, 254, 121, 250, 113, 112, 93, 59, 47, 180, 52, 245, 111,
       187, 174, 24, 7, 240, 29, 156, 93, 22, 243, 55, 189, 123, 223, 40,
       250, 16, 217, 158, 94, 38, 217, 216, 55, 59, 152, 21, 205, 158,
       117, 109, 171, 239, 214, 32, 171, 198, 108, 195, 227, 105, 87,
       167, 126, 125, 74, 148, 106, 223, 54, 81, 184, 82, 104, 250, 113,
       112, 125, 185, 47, 181, 52, 245, 111, 153, 168, 24, 69, 240, 29,
       156, 73, 17, 243, 50, 191, 80, 119, 161, 250, 3, 137, 143, 222,
       39, 91, 217, 14, 183, 212, 21, 196, 31, 253, 60, 62, 173, 215, 32,
       63, 198, 111, 192, 99, 107, 215, 179, 28, 51, 42, 22, 105, 215,
       38, 81, 184, 82, 72, 250, 112, 112, 253, 185, 111, 149, 20, 245,
       110, 145, 168, 24, 5, 176, 25, 156, 75, 17, 242, 50, 191, 80, 85,
       129, 250, 23, 49, 209, 214, 48, 128, 93, 74, 194, 133, 1, 87, 131,
       199, 144, 82, 98, 199, 36, 99, 142, 44, 194, 67, 204, 158, 163,
       107, 18, 42, 16, 45, 86, 39, 52, 154, 0, 120, 203, 86, 65, 72,
       169, 107, 170, 20, 253, 47, 129, 164, 16, 69, 112, 26, 156, 73,
       16, 114, 50, 191, 88, 69, 33, 250, 62, 189, 255, 254, 63, 255,
       253, 127, 255, 254, 223, 253, 125, 126, 191, 222, 255, 254, 227,
       251, 247, 127, 215, 255, 253, 255, 247, 255, 127, 255, 255, 239,
       207, 126, 247, 190, 255, 120, 251, 125, 120, 253, 247, 111, 247,
       181, 247, 111, 191, 174, 155, 79, 242, 29, 156, 93, 55, 243, 127,
       255, 251, 255, 173, 254, 250, 25, 186, 190, 67, 99, 125, 79, 214,
       106, 221, 148, 55, 236, 54, 126, 255, 213, 51, 103, 70, 143, 225,
       55, 78, 207, 242, 13, 83, 2, 50, 105, 210, 38, 21, 187, 66, 108,
       193, 116, 112, 200, 60, 43, 223, 20, 229, 238, 217, 172, 26, 5,
       224, 29, 156, 73, 16, 242, 51, 185, 88, 86, 34, 250, 58, 158, 253,
       223, 47, 221, 223, 57, 255, 255, 159, 205, 253, 124, 125, 246,
       255, 247, 98, 187, 244, 119, 211, 247, 249, 119, 245, 126, 126,
       251, 215, 235, 207, 60, 195, 180, 222, 120, 248, 121, 112, 93, 99,
       175, 245, 116, 245, 111, 187, 174, 153, 15, 242, 29, 220, 89, 54,
       243, 119, 189, 251, 223, 108, 250, 60, 57, 255, 245, 62, 245, 249,
       127, 212, 250, 210, 181, 247, 198, 187, 82, 250, 220, 227, 107,
       231, 61, 206, 223, 141, 138, 166, 151, 90, 77, 53, 238, 119, 166,
       61, 186, 119, 252, 249, 119, 120, 108, 247, 110, 246, 21, 211,
       123, 155, 172, 56, 199, 240, 29, 156, 73, 20, 242, 123, 251, 89,
       23, 161, 246, 56, 190, 253, 232, 62, 253, 181, 117, 253, 252, 222,
       213, 221, 125, 57, 244, 255, 220, 227, 106, 244, 112, 219, 255,
       253, 125, 100, 254, 124, 215, 245, 239, 223, 104, 87, 188, 255,
       122, 233, 124, 124, 93, 122, 47, 212, 181, 247, 111, 187, 172,
       153, 13, 242, 29, 156, 89, 54, 242, 55, 189, 218, 223, 44, 254,
       124, 169, 239, 252, 55, 127, 249, 127, 213, 252, 213, 241, 127,
       250, 190, 206, 187, 220, 99, 107, 245, 63, 231, 183, 93, 251, 180,
       159, 123, 220, 52, 235, 223, 36, 85, 186, 215, 120, 233, 124, 120,
       95, 185, 47, 213, 53, 247, 110, 155, 172, 25, 5, 240, 29, 156, 73,
       16, 242, 51, 189, 89, 87, 32, 251, 197, 39, 199, 180, 81, 162, 41,
       122, 32, 107, 193, 51, 194, 203, 130, 3, 34, 77, 37, 103, 139,
       173, 234, 59, 78, 138, 178, 7, 80, 12, 32, 77, 83, 39, 60, 187, 0,
       252, 5, 214, 196, 96, 24, 14, 203, 9, 73, 147, 8, 36, 112, 52, 65,
       30, 132, 8, 128, 248, 49, 157, 76, 86, 33, 179, 126, 49, 121, 183,
       119, 167, 91, 109, 198, 228, 213, 180, 253, 74, 145, 86, 254, 215,
       18, 119, 203, 35, 195, 119, 140, 218, 236, 77, 82, 60, 245, 41,
       199, 44, 21, 190, 90, 120, 193, 117, 112, 88, 49, 46, 209, 28,
       225, 111, 153, 172, 24, 5, 240, 28, 156, 65, 16, 242, 51, 189, 88,
       87, 32, 250, 77, 14, 198, 249, 104, 255, 162, 118, 57, 252, 66, 5,
       144, 125, 235, 161, 201, 249, 169, 106, 244, 101, 206, 251, 73,
       120, 24, 134, 124, 71, 59, 199, 223, 2, 81, 40, 85, 250, 237, 36,
       252, 53, 122, 38, 85, 135, 247, 107, 153, 236, 24, 5, 243, 29,
       153, 73, 18, 226, 51, 181, 72, 87, 32, 250, 58, 149, 124, 190, 55,
       63, 95, 31, 119, 198, 213, 176, 61, 78, 188, 87, 254, 247, 65,
       247, 247, 115, 209, 119, 197, 234, 224, 93, 82, 120, 245, 233,
       222, 44, 215, 190, 210, 120, 201, 117, 112, 95, 61, 47, 213, 21,
       245, 110, 153, 174, 24, 5, 242, 29, 156, 73, 16, 242, 51, 189, 88,
       87, 32, 250, 59, 183, 125, 166, 55, 190, 31, 9, 246, 94, 23, 117,
       61, 63, 60, 85, 246, 215, 1, 240, 197, 98, 209, 118, 205, 220,
       225, 93, 122, 26, 241, 105, 215, 44, 85, 190, 90, 120, 233, 116,
       112, 92, 56, 47, 213, 20, 245, 111, 153, 172, 24, 5, 240, 29, 156,
       73, 16, 242, 51, 189, 88, 87, 32, 250, 178, 213, 24, 222, 35, 12,
       92, 11, 71, 192, 61, 240, 63, 250, 36, 94, 118, 146, 36, 155, 6,
       62, 241, 103, 249, 151, 227, 91, 35, 184, 212, 105, 130, 60, 32,
       158, 194, 88, 242, 253, 82, 219, 165, 233, 178, 20, 245, 110, 211,
       162, 147, 79, 56, 1, 247, 93, 17, 115, 114, 121, 57, 116, 171,
       219, 166, 186, 69, 163, 253, 248, 162, 249, 252, 89, 218, 119,
       169, 23, 201, 225, 226, 213, 5, 96, 193, 0, 137, 116, 79, 220, 57,
       43, 214, 10, 35, 58, 244, 36, 93, 186, 82, 114, 169, 116, 241, 84,
       26, 30, 197, 135, 244, 101, 152, 189, 24, 5, 240, 29, 141, 73, 16,
       242, 51, 188, 88, 87, 32, 248, 35, 246, 124, 138, 183, 253, 135,
       25, 239, 70, 173, 234, 173, 63, 124, 117, 247, 246, 103, 240, 113,
       114, 17, 116, 212, 245, 249, 121, 247, 26, 243, 177, 216, 108,
       215, 158, 202, 120, 233, 124, 118, 92, 56, 173, 212, 82, 244, 108,
