%YAML:1.0
descriptors: !!opencv-matrix
   rows: 42
   cols: 64
   dt: u
   data: [ 63, 190, 253, 254, 63, 253, 191, 125, 255, 252, 255, 253, 253,
       127, 252, 247, 255, 255, 99, 251, 245, 119, 211, 119, 221, 255,
       245, 255, 126, 255, 247, 235, 223, 44, 87, 190, 255, 120, 233,
       125, 120, 93, 59, 175, 213, 117, 247, 111, 185, 174, 24, 13, 240,
       29, 156, 73, 16, 242, 55, 189, 122, 87, 40, 250, 62, 217, 238,
       254, 63, 255, 217, 62, 159, 253, 252, 253, 63, 126, 126, 254, 253,
       223, 99, 251, 245, 55, 227, 119, 109, 255, 245, 127, 127, 223,
       247, 235, 223, 44, 85, 190, 95, 122, 233, 124, 122, 93, 59, 47,
       213, 55, 247, 111, 153, 172, 25, 5, 240, 29, 156, 73, 16, 242, 51,
       189, 90, 87, 34, 250, 15, 168, 139, 58, 31, 249, 176, 94, 121,
       184, 142, 237, 240, 86, 173, 233, 203, 252, 33, 211, 197, 53, 75,
       211, 69, 223, 145, 167, 83, 79, 51, 98, 223, 36, 85, 186, 91, 120,
       233, 116, 112, 93, 122, 47, 213, 85, 183, 111, 153, 172, 24, 5,
       240, 29, 156, 73, 16, 242, 51, 189, 88, 87, 32, 250, 76, 45, 255,
       116, 16, 103, 120, 247, 144, 188, 70, 149, 67, 193, 155, 234, 171,
       76, 163, 99, 198, 173, 228, 155, 77, 139, 166, 131, 80, 5, 48,
       238, 115, 34, 117, 186, 23, 254, 225, 116, 248, 124, 184, 38, 238,
       52, 67, 111, 153, 172, 122, 21, 240, 29, 156, 72, 16, 242, 59,
       249, 88, 22, 33, 250, 55, 246, 117, 34, 191, 188, 5, 24, 230, 92,
       168, 113, 173, 127, 228, 85, 242, 246, 7, 112, 241, 98, 153, 124,
       100, 188, 97, 27, 190, 24, 105, 109, 212, 108, 222, 158, 98, 112,
       41, 245, 71, 206, 26, 143, 208, 80, 244, 77, 128, 181, 24, 4, 96,
       20, 143, 73, 56, 178, 50, 156, 218, 215, 38, 185, 62, 181, 253,
       190, 55, 247, 221, 127, 247, 220, 221, 245, 253, 126, 182, 93,
       255, 247, 99, 243, 245, 55, 211, 119, 221, 255, 245, 125, 122,
       222, 247, 233, 223, 44, 87, 190, 218, 120, 233, 124, 120, 93, 56,
       47, 213, 117, 245, 111, 153, 172, 152, 13, 240, 29, 156, 73, 16,
       242, 51, 189, 90, 87, 32, 250, 156, 30, 246, 161, 154, 237, 161,
       245, 63, 253, 202, 87, 213, 124, 251, 244, 255, 220, 195, 98, 252,
       52, 222, 120, 223, 252, 52, 235, 220, 199, 251, 255, 119, 32, 87,
       186, 82, 114, 233, 124, 81, 85, 92, 62, 196, 6, 255, 117, 153, 44,
       24, 5, 242, 31, 156, 73, 16, 240, 51, 189, 90, 31, 32, 250, 190,
       221, 251, 252, 55, 109, 253, 207, 151, 222, 253, 251, 63, 78, 182,
       125, 255, 214, 35, 99, 102, 62, 240, 118, 253, 223, 247, 121, 219,
       122, 254, 169, 198, 36, 159, 254, 246, 124, 249, 117, 115, 207,
       183, 105, 246, 20, 245, 110, 217, 188, 26, 5, 232, 21, 188, 89,
       152, 178, 123, 187, 95, 95, 42, 178, 159, 218, 239, 233, 191, 249,
       213, 248, 190, 149, 254, 251, 175, 61, 238, 253, 233, 220, 39,
       123, 100, 70, 130, 112, 111, 255, 113, 123, 255, 91, 114, 59, 222,
       108, 221, 218, 82, 121, 249, 117, 113, 221, 58, 63, 212, 151, 244,
       109, 153, 189, 28, 5, 248, 157, 159, 77, 16, 242, 59, 189, 88, 95,
       36, 250, 46, 229, 105, 170, 51, 156, 29, 9, 165, 70, 41, 242, 189,
       46, 188, 84, 211, 182, 33, 112, 49, 118, 208, 118, 117, 212, 241,
       57, 82, 186, 124, 169, 134, 108, 79, 154, 227, 120, 201, 124, 44,
       217, 52, 233, 214, 85, 245, 111, 145, 174, 152, 12, 226, 21, 254,
       25, 24, 242, 115, 189, 91, 223, 40, 242, 45, 245, 236, 168, 55,
       253, 189, 127, 117, 222, 220, 249, 125, 61, 191, 205, 155, 188,
       227, 240, 245, 114, 211, 247, 117, 125, 113, 177, 125, 214, 254,
       161, 207, 104, 223, 176, 255, 120, 249, 61, 125, 221, 58, 175,
       213, 245, 247, 110, 185, 190, 152, 13, 240, 29, 220, 93, 62, 243,
       127, 189, 122, 219, 44, 218, 188, 182, 119, 161, 184, 245, 163,
       245, 252, 253, 238, 127, 237, 63, 219, 229, 251, 236, 207, 107,
       249, 194, 127, 252, 221, 125, 29, 179, 237, 223, 243, 223, 253,
       192, 103, 190, 245, 178, 169, 252, 221, 85, 122, 182, 228, 227,
       90, 97, 184, 237, 237, 41, 242, 159, 152, 93, 46, 244, 135, 164,
       218, 215, 44, 254, 189, 186, 117, 37, 190, 253, 185, 252, 252,
       189, 222, 119, 221, 61, 219, 240, 251, 220, 199, 105, 244, 114,
       174, 252, 173, 189, 53, 243, 254, 71, 119, 255, 117, 96, 125, 254,
       118, 243, 169, 245, 221, 85, 123, 62, 198, 167, 90, 117, 171, 189,
       95, 5, 250, 159, 143, 77, 164, 240, 43, 236, 223, 15, 36, 190, 22,
       249, 218, 222, 34, 219, 92, 35, 79, 193, 61, 220, 158, 246, 220,
       250, 253, 147, 52, 239, 7, 60, 193, 67, 185, 87, 243, 125, 3, 174,
       214, 40, 150, 52, 117, 222, 202, 89, 202, 116, 48, 221, 181, 109,
       181, 28, 245, 46, 147, 174, 19, 135, 184, 29, 176, 75, 16, 243,
       56, 121, 89, 113, 32, 250, 133, 234, 79, 33, 184, 248, 174, 208,
       56, 187, 234, 207, 192, 53, 203, 161, 139, 236, 175, 105, 233, 64,
       46, 248, 101, 93, 29, 162, 221, 7, 35, 86, 253, 192, 221, 104,
       113, 187, 233, 50, 124, 92, 106, 191, 215, 227, 126, 49, 184, 221,
       60, 33, 221, 157, 206, 108, 150, 192, 135, 172, 204, 83, 96, 190,
       246, 249, 251, 221, 50, 77, 217, 239, 219, 133, 189, 252, 127,
       246, 222, 250, 251, 212, 54, 111, 15, 173, 231, 39, 253, 215, 183,
       57, 67, 174, 86, 56, 214, 37, 37, 222, 194, 125, 219, 245, 115,
       221, 185, 127, 191, 30, 253, 46, 145, 172, 87, 199, 248, 31, 148,
       75, 144, 242, 120, 123, 125, 85, 35, 251, 45, 38, 117, 33, 216,
       169, 163, 217, 232, 56, 202, 53, 225, 119, 233, 225, 194, 108,
       195, 96, 249, 34, 28, 252, 68, 172, 12, 129, 222, 14, 41, 222,
       121, 4, 71, 186, 16, 178, 13, 20, 205, 84, 26, 134, 68, 227, 138,
       65, 168, 45, 88, 36, 210, 31, 141, 73, 20, 224, 7, 172, 72, 70,
       32, 48, 194, 9, 138, 83, 67, 18, 90, 130, 10, 163, 53, 202, 146,
       194, 38, 26, 12, 19, 48, 151, 15, 189, 195, 67, 35, 83, 243, 110,
       2, 43, 134, 34, 151, 146, 1, 65, 43, 77, 238, 66, 32, 184, 165,
       105, 183, 28, 181, 191, 215, 202, 16, 215, 61, 65, 120, 226, 83,
       91, 184, 51, 21, 49, 209, 202, 211, 213, 16, 150, 33, 10, 92, 3,
       35, 67, 41, 202, 182, 227, 100, 27, 228, 179, 36, 213, 14, 172,
       49, 99, 196, 215, 227, 125, 18, 40, 196, 33, 146, 52, 52, 154, 2,
       76, 194, 198, 34, 202, 60, 105, 186, 28, 245, 14, 193, 166, 16, 4,
       40, 16, 183, 235, 25, 115, 48, 61, 24, 116, 177, 171, 12, 38, 0,
       169, 136, 240, 162, 193, 41, 251, 202, 15, 208, 36, 233, 161, 193,
       40, 129, 232, 233, 16, 30, 216, 85, 12, 8, 162, 196, 199, 59, 214,
       117, 128, 95, 40, 121, 243, 173, 2, 173, 84, 72, 28, 70, 199, 74,
       49, 153, 77, 28, 37, 215, 149, 141, 104, 150, 192, 139, 164, 196,
       75, 96, 180, 178, 253, 89, 222, 51, 79, 93, 11, 239, 193, 61, 252,
       63, 238, 252, 254, 251, 150, 52, 127, 7, 58, 181, 39, 253, 215,
       243, 57, 83, 186, 94, 57, 130, 103, 61, 222, 194, 95, 219, 221,
       51, 219, 189, 107, 190, 30, 253, 46, 197, 167, 118, 141, 40, 3,
       183, 239, 152, 242, 120, 123, 93, 77, 179, 187, 84, 56, 211, 151,
       88, 71, 235, 203, 198, 224, 3, 54, 87, 194, 179, 90, 234, 213, 49,
       103, 135, 173, 204, 59, 14, 218, 186, 15, 82, 11, 51, 127, 115,
       39, 117, 187, 82, 124, 101, 86, 144, 64, 24, 14, 203, 28, 193,
       239, 137, 44, 16, 5, 240, 30, 156, 73, 16, 242, 49, 189, 92, 71,
       32, 242, 183, 62, 247, 167, 252, 174, 167, 202, 254, 93, 210, 119,
       239, 127, 146, 85, 234, 213, 35, 97, 193, 7, 195, 117, 78, 222,
       189, 47, 210, 14, 51, 107, 215, 36, 85, 186, 82, 120, 233, 116,
       112, 92, 56, 47, 213, 20, 245, 109, 153, 172, 24, 5, 240, 29, 156,
       73, 16, 242, 51, 189, 88, 87, 32, 250, 250, 49, 251, 151, 255, 23,
       91, 169, 214, 99, 149, 122, 191, 202, 178, 94, 254, 151, 114, 215,
       89, 183, 211, 118, 158, 218, 244, 111, 210, 184, 246, 170, 199,
       44, 6, 254, 218, 121, 233, 124, 120, 89, 53, 47, 209, 116, 181,
       111, 153, 174, 152, 9, 240, 29, 156, 81, 16, 242, 51, 189, 120,
