%YAML:1.0
descriptors: !!opencv-matrix
   rows: 102
   cols: 64
   dt: u
   data: [ 61, 254, 255, 255, 63, 253, 253, 123, 255, 253, 223, 249, 255,
       127, 252, 221, 255, 246, 227, 123, 245, 126, 211, 255, 253, 255,
       247, 255, 127, 255, 247, 239, 223, 108, 215, 190, 255, 121, 249,
       125, 124, 93, 251, 47, 245, 53, 247, 111, 187, 190, 153, 15, 240,
       29, 158, 93, 54, 243, 119, 191, 251, 223, 44, 254, 60, 245, 125,
       222, 55, 29, 221, 123, 230, 68, 189, 250, 125, 122, 252, 125, 247,
       246, 102, 115, 87, 62, 209, 246, 221, 183, 245, 121, 83, 30, 214,
       41, 222, 44, 87, 158, 210, 120, 235, 117, 114, 95, 60, 47, 212,
       52, 245, 110, 153, 172, 24, 5, 240, 29, 156, 73, 16, 242, 51, 189,
       88, 87, 34, 251, 30, 34, 209, 163, 24, 224, 171, 77, 192, 250, 66,
       53, 129, 2, 145, 82, 234, 212, 1, 99, 201, 33, 206, 89, 12, 152,
       176, 47, 82, 9, 49, 111, 85, 164, 93, 186, 114, 248, 41, 86, 96,
       68, 120, 40, 195, 4, 81, 123, 153, 172, 24, 5, 240, 28, 188, 73,
       144, 242, 51, 189, 88, 23, 32, 246, 63, 178, 109, 175, 63, 189,
       191, 120, 61, 255, 222, 251, 189, 127, 249, 85, 251, 253, 97, 115,
       245, 100, 194, 122, 77, 255, 177, 59, 126, 91, 119, 239, 215, 36,
       87, 186, 87, 120, 233, 125, 116, 92, 122, 47, 213, 21, 245, 111,
       153, 172, 24, 5, 240, 29, 156, 73, 16, 242, 51, 189, 88, 87, 32,
       250, 187, 245, 125, 255, 54, 189, 253, 121, 255, 255, 253, 251,
       255, 122, 244, 95, 247, 246, 103, 251, 247, 126, 243, 127, 253,
       191, 231, 187, 127, 255, 253, 251, 199, 108, 150, 254, 223, 121,
       249, 253, 122, 223, 255, 175, 214, 53, 247, 111, 187, 175, 24, 15,
       248, 29, 159, 93, 56, 243, 115, 223, 251, 223, 42, 255, 190, 249,
       255, 246, 55, 191, 253, 123, 215, 223, 245, 241, 255, 202, 180,
       94, 242, 215, 118, 127, 183, 126, 225, 119, 189, 190, 231, 223,
       126, 253, 244, 233, 206, 110, 190, 190, 222, 125, 219, 253, 91,
       207, 247, 111, 251, 53, 245, 111, 191, 182, 155, 207, 232, 29,
       190, 85, 120, 179, 115, 251, 123, 191, 175, 251, 60, 42, 127, 169,
       154, 245, 163, 229, 221, 254, 66, 60, 213, 38, 251, 246, 251, 220,
       195, 106, 253, 113, 206, 120, 221, 220, 60, 175, 66, 207, 59, 255,
       101, 132, 95, 186, 86, 250, 233, 118, 248, 84, 96, 46, 87, 132,
       97, 113, 155, 44, 24, 5, 242, 29, 156, 89, 16, 242, 43, 189, 216,
       87, 40, 246, 63, 246, 125, 235, 191, 253, 255, 56, 253, 255, 252,
       251, 173, 63, 253, 93, 251, 247, 255, 121, 245, 114, 219, 124,
       117, 253, 121, 183, 127, 123, 127, 255, 223, 236, 223, 246, 247,
       249, 249, 127, 127, 223, 107, 189, 215, 145, 244, 123, 187, 191,
       152, 13, 252, 181, 222, 125, 56, 246, 191, 253, 219, 223, 44, 222,
       93, 62, 118, 33, 217, 181, 163, 240, 40, 127, 194, 55, 196, 89,
       203, 69, 234, 237, 203, 98, 249, 7, 158, 248, 78, 120, 120, 239,
       220, 7, 227, 215, 127, 131, 93, 187, 81, 178, 109, 86, 253, 84,
       90, 158, 69, 169, 218, 145, 152, 109, 24, 33, 242, 253, 140, 73,
       0, 252, 131, 165, 216, 71, 32, 116, 62, 249, 255, 254, 54, 247,
       252, 55, 215, 134, 213, 248, 127, 242, 180, 90, 255, 147, 114,
       251, 183, 125, 225, 215, 189, 127, 247, 255, 107, 253, 244, 232,
       207, 60, 164, 190, 223, 125, 250, 125, 120, 223, 245, 109, 255,
       53, 183, 111, 255, 174, 139, 207, 250, 29, 120, 93, 127, 243, 123,
       251, 123, 251, 233, 207, 63, 253, 255, 254, 63, 253, 253, 127,
       255, 254, 221, 249, 255, 126, 253, 222, 255, 247, 227, 251, 245,
       127, 211, 255, 253, 255, 247, 255, 127, 255, 255, 239, 223, 108,
       199, 190, 254, 121, 249, 125, 124, 221, 255, 47, 247, 245, 247,
       111, 191, 174, 153, 79, 242, 29, 158, 93, 62, 243, 127, 255, 251,
       223, 172, 254, 252, 249, 255, 244, 50, 207, 125, 103, 87, 229,
       253, 249, 223, 246, 182, 90, 255, 215, 126, 111, 183, 61, 227,
       247, 255, 223, 247, 255, 99, 237, 246, 239, 151, 55, 52, 190, 222,
       125, 250, 125, 112, 255, 253, 103, 191, 28, 245, 111, 221, 174,
       171, 223, 240, 29, 188, 77, 113, 247, 115, 251, 121, 117, 161,
       254, 159, 51, 115, 245, 253, 160, 251, 200, 26, 57, 195, 119, 231,
       67, 194, 81, 242, 223, 143, 66, 207, 45, 138, 122, 238, 218, 243,
       239, 214, 47, 227, 127, 87, 167, 92, 191, 118, 251, 251, 119, 193,
       124, 203, 78, 225, 5, 249, 95, 137, 238, 24, 69, 240, 22, 156,
       105, 16, 242, 243, 191, 216, 55, 161, 254, 12, 2, 229, 168, 24,
       245, 161, 125, 180, 254, 194, 5, 65, 61, 185, 71, 139, 92, 195,
       96, 240, 32, 222, 251, 77, 168, 132, 130, 88, 4, 49, 207, 213, 0,
       87, 186, 81, 248, 233, 52, 124, 84, 56, 38, 84, 181, 119, 107, 25,
       172, 24, 5, 240, 29, 156, 72, 16, 226, 51, 189, 72, 87, 32, 250,
       50, 241, 72, 138, 23, 72, 21, 9, 70, 64, 29, 176, 49, 14, 164, 86,
       251, 150, 4, 84, 3, 162, 129, 38, 76, 149, 241, 9, 19, 170, 16,
       41, 144, 36, 21, 154, 66, 112, 3, 86, 32, 202, 52, 105, 148, 28,
       244, 44, 145, 164, 16, 4, 40, 16, 180, 105, 16, 114, 48, 56, 88,
       85, 34, 250, 44, 166, 237, 168, 62, 253, 161, 125, 181, 254, 214,
       245, 217, 62, 185, 70, 203, 220, 67, 107, 245, 114, 218, 115, 93,
       169, 132, 163, 90, 221, 49, 203, 215, 36, 87, 186, 86, 120, 233,
       116, 120, 93, 122, 47, 212, 21, 247, 107, 153, 172, 24, 5, 240,
       29, 156, 73, 16, 242, 51, 189, 90, 87, 32, 250, 76, 33, 225, 176,
       16, 34, 41, 126, 128, 174, 192, 53, 65, 129, 145, 98, 194, 92, 3,
       96, 65, 128, 196, 51, 12, 136, 160, 129, 82, 12, 48, 201, 112, 36,
       20, 186, 16, 116, 1, 212, 144, 64, 24, 14, 66, 4, 64, 206, 25, 44,
       88, 4, 96, 28, 148, 73, 144, 226, 35, 156, 72, 6, 34, 177, 191,
       253, 255, 254, 55, 189, 253, 123, 255, 255, 253, 251, 255, 123,
       244, 95, 247, 255, 103, 123, 245, 126, 211, 119, 253, 255, 247,
       255, 127, 223, 255, 235, 223, 108, 214, 190, 223, 120, 249, 253,
       122, 95, 251, 47, 213, 53, 247, 111, 155, 172, 152, 13, 240, 29,
       156, 93, 48, 242, 115, 191, 123, 215, 40, 251, 52, 241, 253, 222,
       54, 31, 93, 123, 247, 68, 53, 240, 127, 250, 180, 94, 246, 215,
       98, 103, 215, 126, 193, 231, 221, 182, 229, 93, 114, 152, 212,
       105, 214, 44, 21, 190, 194, 120, 219, 125, 112, 223, 61, 47, 213,
       52, 245, 111, 153, 172, 25, 5, 240, 29, 156, 73, 16, 242, 51, 189,
       88, 87, 32, 250, 76, 35, 227, 176, 16, 38, 41, 111, 192, 226, 209,
       52, 65, 130, 147, 66, 138, 76, 3, 103, 3, 133, 196, 19, 12, 136,
       166, 141, 66, 140, 48, 200, 112, 36, 21, 187, 0, 124, 1, 84, 0,
       64, 16, 10, 66, 12, 65, 238, 27, 44, 24, 1, 112, 28, 148, 72, 128,
       226, 49, 153, 72, 22, 32, 242, 246, 57, 211, 214, 82, 6, 65, 42,
       198, 68, 23, 119, 183, 234, 146, 92, 226, 215, 36, 39, 7, 45, 192,
       103, 78, 146, 182, 13, 18, 8, 16, 41, 214, 39, 116, 154, 66, 124,
       87, 212, 145, 112, 152, 78, 137, 28, 193, 207, 193, 36, 16, 149,
       48, 26, 156, 75, 16, 114, 48, 63, 88, 5, 33, 250, 189, 254, 255,
       237, 254, 253, 251, 253, 253, 255, 214, 255, 255, 127, 251, 253,
       251, 253, 251, 106, 245, 119, 254, 125, 255, 251, 246, 191, 255,
       95, 127, 255, 247, 100, 93, 255, 215, 247, 249, 125, 255, 93, 91,
       62, 213, 167, 219, 127, 189, 189, 30, 13, 248, 157, 159, 77, 16,
       246, 123, 157, 219, 223, 42, 255, 182, 50, 81, 167, 255, 128, 155,
       200, 70, 107, 19, 119, 161, 74, 160, 81, 98, 215, 5, 64, 201, 36,
       138, 120, 14, 152, 249, 47, 210, 43, 49, 127, 87, 164, 92, 186,
       82, 120, 169, 86, 64, 76, 24, 10, 193, 20, 216, 93, 153, 172, 24,
       5, 240, 28, 156, 73, 16, 242, 51, 189, 88, 87, 32, 248, 38, 32,
       237, 128, 31, 149, 7, 124, 228, 100, 149, 48, 249, 63, 176, 70,
       202, 85, 67, 97, 209, 103, 194, 101, 76, 240, 140, 47, 114, 156,
       17, 75, 215, 36, 87, 186, 82, 120, 169, 124, 112, 92, 56, 47, 213,
       20, 245, 111, 153, 172, 24, 5, 240, 29, 156, 73, 16, 242, 51, 189,
