%YAML:1.0
descriptors: !!opencv-matrix
   rows: 58
   cols: 64
   dt: u
   data: [ 62, 185, 253, 254, 63, 127, 253, 127, 215, 252, 221, 245, 127,
       126, 182, 94, 251, 223, 99, 243, 245, 63, 195, 247, 221, 255, 244,
       223, 82, 223, 247, 235, 223, 44, 85, 190, 223, 120, 233, 125, 120,
       93, 57, 47, 213, 53, 247, 111, 153, 172, 24, 5, 240, 29, 156, 73,
       16, 242, 51, 189, 120, 87, 32, 250, 62, 152, 238, 255, 63, 253,
       217, 63, 191, 253, 212, 253, 191, 126, 54, 125, 253, 254, 99, 243,
       245, 55, 211, 119, 109, 235, 244, 127, 123, 223, 247, 239, 223,
       44, 87, 190, 127, 120, 233, 117, 120, 93, 122, 47, 213, 53, 247,
       111, 185, 172, 24, 5, 240, 29, 156, 73, 18, 242, 55, 189, 90, 87,
       32, 250, 15, 182, 197, 54, 63, 241, 156, 28, 112, 186, 130, 229,
       252, 119, 41, 65, 233, 252, 1, 243, 197, 36, 67, 251, 69, 138,
       160, 183, 90, 77, 53, 103, 223, 44, 85, 186, 123, 120, 233, 116,
       112, 92, 122, 47, 212, 85, 247, 111, 153, 172, 24, 5, 240, 29,
       156, 73, 22, 242, 55, 189, 88, 87, 32, 250, 63, 190, 125, 246, 63,
       253, 191, 120, 255, 255, 255, 251, 253, 127, 252, 117, 251, 255,
       99, 243, 245, 103, 211, 118, 221, 255, 245, 255, 126, 95, 247,
       235, 215, 44, 87, 190, 219, 120, 233, 124, 120, 92, 56, 47, 213,
       53, 247, 111, 153, 172, 24, 5, 240, 29, 156, 73, 16, 242, 51, 189,
       90, 87, 32, 250, 63, 255, 253, 254, 55, 189, 221, 123, 247, 255,
       245, 250, 255, 123, 180, 95, 246, 247, 103, 251, 247, 118, 211,
       247, 221, 255, 247, 255, 122, 62, 245, 235, 223, 44, 213, 190,
       218, 120, 249, 117, 122, 94, 57, 47, 213, 53, 245, 111, 153, 174,
       24, 7, 240, 29, 156, 73, 16, 242, 51, 189, 120, 215, 40, 251, 61,
       188, 239, 172, 63, 253, 189, 127, 181, 252, 212, 253, 255, 63,
       190, 78, 249, 220, 227, 251, 245, 119, 210, 247, 125, 59, 244,
       247, 125, 221, 117, 235, 223, 40, 85, 190, 255, 120, 233, 125,
       120, 93, 59, 47, 213, 53, 247, 111, 185, 172, 153, 13, 240, 29,
       156, 73, 54, 242, 55, 189, 122, 87, 32, 250, 247, 245, 125, 158,
       247, 15, 31, 11, 230, 70, 61, 186, 63, 235, 182, 95, 246, 246, 38,
       116, 89, 226, 177, 38, 222, 167, 237, 121, 211, 24, 244, 41, 208,
       44, 22, 190, 202, 112, 129, 252, 114, 202, 28, 143, 208, 20, 228,
       76, 145, 164, 16, 5, 96, 25, 150, 73, 24, 242, 49, 188, 88, 86,
       42, 249, 44, 35, 101, 176, 16, 173, 37, 121, 228, 78, 194, 48, 81,
       111, 184, 70, 226, 220, 67, 96, 241, 32, 192, 119, 92, 168, 164,
       137, 82, 140, 49, 201, 82, 36, 84, 186, 80, 122, 1, 92, 216, 68,
       24, 14, 64, 5, 193, 79, 153, 44, 24, 4, 224, 29, 157, 73, 16, 242,
       51, 188, 72, 86, 32, 240, 61, 244, 109, 168, 62, 125, 181, 125,
       245, 254, 254, 181, 125, 63, 253, 229, 251, 244, 99, 96, 245, 114,
       213, 118, 93, 237, 165, 185, 123, 223, 123, 235, 245, 36, 87, 186,
       82, 112, 233, 124, 122, 93, 58, 175, 212, 183, 245, 111, 153, 172,
       24, 13, 240, 29, 156, 89, 48, 242, 59, 188, 90, 215, 40, 250, 62,
       52, 117, 182, 63, 237, 189, 125, 255, 252, 223, 117, 125, 126,
       250, 244, 251, 212, 67, 99, 245, 50, 243, 118, 221, 174, 228, 27,
       90, 222, 127, 235, 215, 36, 87, 190, 210, 122, 201, 124, 208, 93,
       92, 46, 196, 22, 229, 111, 153, 172, 24, 5, 242, 29, 157, 73, 16,
       242, 51, 189, 90, 95, 34, 250, 191, 245, 125, 254, 55, 117, 93,
       126, 246, 255, 253, 248, 111, 111, 180, 127, 251, 246, 119, 123,
       241, 114, 229, 54, 172, 255, 231, 59, 123, 127, 247, 251, 242,
       108, 148, 254, 222, 121, 249, 245, 122, 203, 127, 47, 214, 53,
       245, 110, 155, 190, 30, 5, 248, 28, 156, 77, 184, 178, 59, 159,
       121, 214, 38, 187, 63, 54, 117, 134, 191, 189, 129, 121, 230, 124,
       18, 117, 189, 123, 248, 85, 242, 246, 69, 96, 241, 34, 145, 116,
       220, 184, 228, 27, 126, 88, 121, 107, 215, 36, 86, 190, 82, 114,
       129, 116, 212, 85, 24, 14, 192, 4, 192, 79, 153, 172, 24, 5, 242,
       29, 157, 73, 16, 242, 51, 188, 88, 87, 32, 248, 69, 34, 225, 41,
       208, 242, 38, 212, 32, 2, 193, 56, 64, 131, 131, 67, 139, 73, 43,
       68, 73, 129, 38, 144, 70, 89, 153, 165, 193, 12, 32, 0, 216, 5,
       85, 171, 0, 48, 5, 20, 40, 2, 24, 7, 117, 89, 198, 20, 24, 172,
       16, 36, 81, 124, 20, 8, 144, 232, 1, 148, 72, 82, 112, 98, 35, 5,
       64, 50, 221, 130, 3, 10, 230, 0, 0, 112, 168, 75, 132, 85, 98,
       117, 5, 84, 195, 47, 137, 103, 70, 138, 32, 13, 210, 8, 32, 105,
       150, 38, 20, 186, 66, 48, 69, 212, 64, 66, 24, 203, 65, 16, 225,
       207, 25, 36, 24, 4, 112, 24, 140, 73, 16, 178, 51, 157, 88, 87,
       32, 249, 59, 213, 124, 158, 63, 149, 29, 9, 247, 110, 61, 176, 61,
       111, 52, 87, 247, 246, 0, 240, 208, 114, 145, 118, 220, 172, 225,
       89, 82, 56, 253, 105, 211, 44, 22, 190, 210, 120, 161, 124, 114,
       74, 56, 47, 212, 20, 213, 79, 153, 172, 24, 5, 240, 29, 156, 73,
       16, 242, 51, 189, 88, 86, 34, 248, 84, 34, 243, 129, 217, 193,
       171, 109, 158, 187, 210, 125, 145, 78, 155, 68, 90, 21, 219, 2,
       205, 55, 206, 73, 29, 192, 46, 103, 20, 201, 49, 78, 71, 131, 77,
       35, 52, 251, 237, 62, 225, 84, 70, 40, 71, 44, 153, 51, 191, 108,
       24, 33, 183, 245, 220, 243, 64, 74, 182, 169, 138, 31, 48, 118,
       58, 245, 121, 62, 55, 40, 89, 11, 215, 10, 213, 241, 125, 74, 164,
       93, 254, 214, 6, 83, 231, 42, 161, 119, 228, 159, 231, 91, 83, 59,
       253, 232, 214, 44, 20, 190, 202, 120, 233, 117, 122, 202, 61, 75,
       208, 85, 181, 79, 153, 166, 24, 7, 232, 28, 156, 73, 16, 242, 51,
       189, 120, 87, 34, 251, 58, 242, 117, 166, 63, 189, 25, 120, 214,
       62, 241, 115, 237, 90, 212, 117, 246, 214, 71, 112, 225, 34, 129,
       118, 140, 136, 229, 219, 82, 120, 245, 233, 211, 44, 212, 190, 94,
       120, 161, 245, 218, 94, 19, 15, 208, 23, 240, 79, 152, 172, 24, 1,
       224, 29, 159, 73, 0, 242, 51, 188, 88, 86, 38, 249, 58, 246, 125,
       143, 191, 253, 153, 253, 255, 254, 250, 189, 61, 62, 255, 244,
       255, 214, 67, 96, 241, 2, 151, 60, 221, 173, 228, 43, 219, 219,
       251, 255, 245, 44, 87, 190, 86, 114, 169, 124, 242, 94, 24, 14,
       212, 150, 240, 109, 153, 172, 24, 5, 240, 29, 157, 73, 16, 242,
       51, 188, 90, 87, 34, 249, 252, 232, 223, 95, 59, 91, 209, 254,
       255, 185, 244, 251, 127, 179, 150, 202, 251, 147, 250, 59, 213,
       79, 239, 247, 235, 127, 221, 183, 111, 203, 214, 238, 159, 233,
       99, 180, 126, 156, 251, 124, 121, 31, 235, 39, 189, 117, 117, 235,
       253, 238, 169, 219, 244, 29, 152, 206, 118, 255, 182, 253, 251,
       93, 132, 223, 29, 178, 253, 237, 63, 177, 185, 124, 244, 186, 210,
       245, 237, 24, 169, 81, 246, 252, 195, 250, 245, 115, 199, 255,
       165, 40, 226, 214, 92, 69, 245, 239, 127, 120, 223, 188, 127, 122,
       169, 117, 252, 78, 123, 14, 242, 165, 211, 111, 186, 190, 24, 7,
       242, 157, 221, 93, 22, 243, 191, 159, 251, 223, 102, 247, 61, 54,
       117, 224, 188, 181, 163, 121, 244, 124, 210, 117, 237, 123, 144,
       85, 242, 237, 195, 112, 241, 98, 27, 254, 220, 184, 100, 223, 126,
       28, 225, 239, 79, 108, 215, 190, 220, 184, 57, 117, 93, 84, 26,
       142, 192, 225, 243, 79, 184, 189, 137, 9, 240, 28, 158, 89, 36,
       242, 215, 157, 218, 151, 108, 126, 62, 53, 253, 190, 54, 237, 121,
       127, 215, 228, 215, 181, 125, 78, 188, 118, 255, 214, 67, 115,
       247, 58, 209, 55, 221, 170, 228, 221, 82, 249, 253, 232, 199, 44,
       53, 190, 223, 122, 201, 117, 88, 221, 215, 42, 228, 53, 165, 111,
       187, 166, 155, 15, 240, 29, 156, 65, 56, 178, 123, 251, 123, 7,
       46, 254, 62, 54, 113, 166, 63, 44, 45, 73, 215, 120, 250, 113,
       125, 30, 232, 117, 242, 150, 7, 80, 241, 34, 153, 126, 212, 140,
       224, 203, 94, 253, 249, 238, 101, 172, 86, 190, 246, 114, 161,
       244, 73, 84, 82, 142, 196, 199, 134, 79, 168, 37, 24, 12, 226, 29,
       159, 73, 0, 242, 183, 188, 90, 6, 32, 124, 63, 242, 125, 46, 63,
