%YAML:1.0
descriptors: !!opencv-matrix
   rows: 105
   cols: 64
   dt: u
   data: [ 62, 249, 255, 254, 63, 253, 253, 126, 253, 254, 221, 249, 255,
       126, 188, 222, 255, 254, 99, 251, 247, 126, 211, 255, 253, 255,
       247, 255, 127, 247, 245, 235, 223, 60, 215, 190, 223, 120, 249,
       125, 120, 95, 255, 47, 245, 53, 247, 111, 187, 174, 152, 7, 240,
       29, 156, 93, 48, 243, 119, 191, 251, 223, 170, 250, 63, 182, 125,
       170, 63, 189, 187, 121, 246, 94, 214, 116, 253, 63, 189, 85, 250,
       245, 3, 96, 241, 99, 211, 118, 220, 184, 228, 159, 90, 28, 241,
       235, 215, 36, 85, 190, 82, 120, 233, 116, 120, 92, 56, 47, 213,
       21, 247, 111, 153, 172, 24, 5, 240, 29, 156, 73, 16, 242, 51, 189,
       88, 87, 32, 250, 31, 185, 207, 254, 55, 251, 221, 62, 215, 188,
       213, 249, 127, 250, 54, 90, 253, 223, 99, 251, 231, 47, 227, 247,
       205, 251, 243, 255, 91, 93, 244, 235, 223, 46, 117, 190, 95, 120,
       249, 117, 120, 95, 187, 47, 213, 53, 247, 111, 153, 174, 25, 5,
       240, 29, 156, 73, 16, 242, 55, 191, 88, 87, 160, 250, 45, 47, 229,
       240, 48, 255, 161, 127, 245, 252, 198, 245, 89, 127, 185, 70, 203,
       221, 227, 99, 245, 37, 208, 243, 93, 251, 132, 135, 120, 220, 49,
       203, 223, 36, 85, 186, 87, 120, 233, 124, 120, 92, 56, 175, 213,
       53, 247, 111, 153, 172, 24, 5, 240, 29, 156, 73, 16, 242, 51, 189,
       90, 87, 32, 250, 61, 188, 253, 255, 62, 253, 253, 117, 127, 254,
       87, 221, 221, 127, 253, 221, 255, 254, 225, 107, 245, 116, 211,
       251, 253, 255, 177, 255, 127, 223, 253, 239, 215, 100, 215, 186,
       215, 120, 249, 125, 116, 93, 123, 47, 245, 20, 247, 111, 155, 172,
       153, 13, 240, 29, 156, 93, 56, 242, 115, 191, 219, 223, 44, 254,
       63, 244, 125, 143, 191, 221, 157, 25, 255, 247, 189, 250, 189, 62,
       190, 93, 255, 247, 98, 243, 213, 118, 211, 116, 253, 247, 241,
       123, 122, 251, 215, 107, 215, 108, 215, 190, 218, 120, 233, 125,
       112, 93, 124, 47, 213, 20, 245, 111, 153, 172, 24, 13, 242, 29,
       156, 89, 24, 242, 51, 189, 89, 223, 40, 250, 45, 180, 237, 171,
       159, 181, 45, 92, 245, 254, 232, 186, 237, 43, 183, 79, 226, 244,
       35, 96, 249, 199, 219, 124, 76, 169, 165, 43, 90, 28, 113, 235,
       247, 36, 87, 186, 82, 120, 33, 124, 118, 78, 56, 175, 212, 16,
       213, 93, 153, 172, 24, 5, 240, 29, 156, 73, 24, 242, 51, 188, 88,
       86, 32, 241, 247, 244, 125, 166, 255, 4, 31, 8, 230, 103, 57, 250,
       191, 107, 180, 85, 242, 247, 36, 117, 73, 230, 145, 100, 204, 207,
       233, 123, 210, 56, 245, 41, 210, 44, 22, 190, 66, 120, 161, 252,
       114, 74, 60, 43, 208, 20, 212, 13, 153, 172, 16, 5, 96, 29, 157,
       73, 24, 242, 49, 188, 88, 86, 32, 249, 178, 217, 95, 215, 55, 149,
       217, 185, 223, 223, 53, 250, 191, 90, 116, 93, 254, 215, 116, 187,
       214, 126, 227, 103, 169, 183, 243, 123, 87, 251, 215, 123, 215,
       44, 158, 246, 222, 121, 250, 117, 112, 223, 167, 109, 147, 20,
       241, 111, 155, 174, 26, 7, 248, 29, 156, 89, 16, 243, 114, 191,
       121, 223, 40, 251, 51, 213, 60, 220, 39, 159, 92, 51, 39, 196, 61,
       202, 158, 249, 116, 30, 244, 243, 100, 255, 22, 126, 208, 99, 217,
       119, 247, 124, 48, 182, 212, 33, 146, 62, 210, 140, 202, 72, 250,
       105, 112, 187, 189, 239, 181, 52, 245, 111, 147, 170, 145, 79,
       240, 25, 154, 93, 57, 243, 115, 191, 113, 241, 141, 234, 8, 138,
       142, 42, 41, 249, 160, 55, 57, 186, 82, 197, 152, 53, 9, 170, 141,
       24, 225, 235, 244, 101, 202, 251, 89, 57, 128, 166, 76, 195, 49,
       198, 223, 32, 65, 32, 119, 232, 232, 40, 120, 92, 122, 47, 213,
       53, 119, 107, 185, 232, 24, 5, 244, 29, 156, 72, 22, 226, 183,
       189, 210, 83, 32, 254, 242, 249, 219, 214, 50, 70, 93, 238, 215,
       133, 125, 218, 127, 230, 150, 90, 191, 215, 62, 111, 6, 173, 227,
       39, 191, 215, 247, 127, 99, 171, 214, 45, 151, 63, 36, 223, 206,
       125, 250, 255, 83, 251, 165, 107, 187, 28, 253, 46, 215, 162, 235,
       215, 248, 50, 52, 239, 89, 255, 112, 123, 121, 61, 145, 254, 13,
       170, 254, 137, 56, 245, 162, 244, 121, 254, 74, 183, 212, 54, 187,
       227, 235, 233, 227, 107, 245, 53, 79, 211, 201, 125, 180, 230, 72,
       78, 179, 227, 223, 0, 87, 170, 17, 250, 233, 116, 120, 92, 58, 38,
       245, 180, 247, 111, 153, 172, 56, 5, 242, 29, 152, 73, 22, 242,
       19, 165, 88, 83, 97, 250, 50, 49, 152, 214, 39, 3, 92, 39, 86,
       130, 85, 176, 63, 226, 18, 82, 126, 146, 96, 215, 7, 63, 193, 135,
       152, 2, 230, 93, 66, 184, 212, 232, 206, 44, 6, 182, 219, 72, 194,
       117, 80, 203, 181, 107, 178, 52, 133, 110, 155, 174, 153, 67, 240,
       24, 88, 89, 17, 243, 115, 249, 57, 51, 160, 234, 13, 14, 134, 105,
       0, 253, 164, 246, 41, 190, 74, 133, 64, 181, 73, 171, 141, 104,
       225, 107, 244, 69, 78, 219, 73, 125, 20, 228, 108, 6, 35, 215,
       223, 82, 113, 32, 21, 138, 124, 32, 124, 52, 58, 166, 119, 161,
       119, 227, 56, 72, 44, 116, 213, 93, 8, 12, 7, 200, 3, 229, 66, 99,
       65, 226, 13, 47, 104, 224, 48, 125, 160, 83, 28, 222, 142, 116,
       80, 30, 248, 231, 137, 120, 135, 73, 117, 48, 52, 82, 61, 125, 21,
       129, 84, 78, 54, 209, 64, 18, 223, 170, 176, 250, 201, 28, 240,
       181, 50, 181, 102, 198, 54, 106, 153, 173, 54, 28, 219, 29, 139,
       16, 182, 66, 107, 173, 75, 155, 105, 186, 34, 132, 136, 138, 15,
       200, 148, 5, 55, 97, 29, 206, 188, 62, 38, 61, 253, 178, 32, 145,
       193, 38, 219, 96, 112, 85, 81, 107, 50, 187, 203, 103, 151, 164,
       83, 16, 115, 72, 234, 106, 97, 157, 108, 41, 149, 20, 245, 109,
       145, 236, 152, 13, 180, 1, 216, 203, 58, 115, 178, 53, 16, 89, 32,
       202, 69, 14, 231, 136, 72, 127, 167, 254, 169, 252, 138, 5, 65,
       189, 251, 141, 139, 125, 235, 108, 208, 129, 94, 177, 79, 253, 28,
       4, 253, 6, 50, 75, 213, 3, 85, 171, 16, 242, 45, 36, 52, 52, 56,
       54, 93, 132, 116, 224, 24, 44, 124, 52, 209, 93, 141, 8, 16, 204,
       35, 172, 72, 71, 32, 242, 131, 202, 202, 143, 169, 208, 144, 140,
       62, 145, 22, 223, 184, 59, 203, 248, 107, 214, 0, 35, 192, 0, 239,
       96, 105, 129, 16, 43, 55, 11, 19, 127, 181, 164, 85, 146, 82, 90,
       171, 54, 243, 92, 40, 46, 148, 22, 208, 109, 145, 172, 25, 5, 180,
       1, 157, 75, 16, 114, 50, 60, 88, 85, 34, 251, 13, 142, 198, 97,
       169, 249, 160, 116, 56, 189, 194, 69, 200, 57, 201, 161, 136, 104,
       227, 42, 244, 68, 94, 249, 97, 56, 16, 178, 124, 71, 35, 199, 223,
       210, 217, 32, 117, 154, 249, 40, 253, 52, 122, 166, 117, 225, 115,
       227, 56, 89, 44, 56, 213, 197, 202, 12, 63, 194, 135, 165, 194,
       251, 69, 94, 69, 14, 207, 128, 89, 86, 167, 206, 164, 246, 10, 20,
       17, 191, 187, 199, 139, 125, 161, 100, 192, 67, 220, 49, 79, 213,
       28, 5, 48, 10, 51, 75, 213, 4, 87, 170, 16, 112, 45, 52, 116, 20,
       56, 37, 85, 84, 116, 224, 25, 44, 24, 4, 209, 29, 140, 8, 16, 224,
       35, 188, 72, 87, 32, 250, 13, 4, 12, 128, 8, 85, 172, 17, 48, 222,
       42, 68, 16, 38, 113, 165, 9, 120, 133, 161, 209, 112, 52, 224, 16,
       117, 129, 226, 72, 70, 183, 83, 96, 16, 91, 160, 145, 64, 232,
       168, 116, 4, 60, 175, 244, 22, 246, 104, 25, 236, 24, 5, 214, 77,
       8, 8, 158, 67, 51, 164, 66, 187, 104, 168, 178, 209, 8, 154, 23,
       144, 93, 9, 55, 67, 53, 202, 191, 10, 36, 95, 244, 247, 36, 145,
       130, 54, 208, 99, 100, 150, 243, 107, 19, 56, 212, 41, 146, 44,
       150, 154, 66, 105, 34, 241, 114, 202, 60, 105, 146, 20, 213, 79,
       145, 172, 16, 5, 104, 25, 252, 73, 16, 178, 50, 189, 89, 85, 34,
       251, 76, 11, 135, 248, 32, 247, 36, 118, 33, 190, 66, 5, 80, 181,
       155, 130, 137, 72, 227, 110, 252, 229, 70, 147, 89, 124, 148, 132,
       72, 132, 48, 192, 95, 18, 65, 168, 17, 122, 193, 104, 60, 52, 56,
       38, 119, 165, 103, 110, 25, 168, 56, 5, 242, 29, 156, 72, 7, 226,
       19, 181, 72, 67, 97, 242, 68, 35, 163, 144, 0, 70, 32, 103, 0,
       166, 67, 20, 80, 128, 155, 2, 138, 72, 3, 102, 10, 129, 70, 147,
