%YAML:1.0
descriptors: !!opencv-matrix
   rows: 121
   cols: 64
   dt: u
   data: [ 60, 189, 255, 254, 55, 255, 253, 127, 247, 254, 221, 245, 125,
       126, 191, 95, 255, 223, 99, 99, 245, 127, 211, 247, 221, 255, 246,
       223, 122, 92, 245, 235, 223, 36, 87, 190, 211, 120, 249, 117, 120,
       93, 57, 47, 213, 53, 247, 111, 153, 172, 24, 5, 240, 29, 156, 73,
       16, 242, 51, 189, 88, 87, 32, 250, 63, 180, 125, 172, 63, 189,
       191, 121, 244, 252, 214, 245, 253, 126, 188, 85, 251, 221, 67,
       115, 245, 39, 195, 127, 205, 254, 245, 255, 122, 95, 245, 239,
       215, 44, 85, 190, 95, 120, 233, 116, 120, 93, 122, 47, 213, 21,
       247, 111, 153, 172, 24, 5, 240, 29, 156, 73, 16, 242, 51, 189, 88,
       87, 32, 250, 63, 178, 253, 254, 63, 189, 255, 124, 253, 252, 223,
       241, 253, 127, 185, 86, 251, 255, 99, 123, 245, 119, 211, 127,
       221, 255, 245, 255, 126, 221, 245, 239, 215, 44, 87, 190, 223,
       120, 233, 125, 120, 93, 123, 47, 213, 53, 247, 111, 153, 172, 24,
       5, 240, 29, 156, 73, 16, 242, 51, 189, 90, 87, 32, 250, 61, 180,
       125, 136, 55, 125, 53, 121, 247, 84, 222, 180, 125, 60, 252, 199,
       255, 252, 67, 240, 113, 114, 209, 244, 221, 61, 213, 216, 120,
       222, 221, 169, 220, 108, 211, 190, 218, 120, 137, 124, 124, 157,
       60, 39, 212, 53, 246, 108, 155, 172, 137, 13, 242, 29, 154, 93,
       56, 242, 51, 188, 91, 223, 44, 218, 37, 38, 101, 170, 21, 188, 37,
       95, 228, 94, 130, 37, 105, 63, 173, 5, 202, 108, 195, 96, 241, 98,
       81, 247, 84, 184, 0, 129, 58, 28, 33, 193, 221, 36, 87, 186, 81,
       56, 137, 108, 108, 84, 58, 175, 84, 241, 246, 111, 152, 172, 24,
       8, 240, 29, 156, 73, 48, 226, 19, 180, 90, 215, 40, 122, 60, 49,
       253, 180, 50, 39, 57, 127, 214, 206, 213, 180, 117, 38, 179, 82,
       254, 222, 67, 99, 241, 48, 193, 151, 156, 168, 228, 201, 66, 220,
       245, 233, 199, 36, 21, 190, 90, 120, 193, 116, 120, 93, 53, 46,
       212, 21, 227, 110, 155, 172, 24, 5, 240, 29, 156, 73, 16, 242, 51,
       185, 88, 23, 32, 250, 63, 183, 125, 158, 55, 157, 151, 41, 246,
       212, 125, 242, 189, 127, 180, 84, 251, 215, 33, 99, 213, 38, 194,
       119, 221, 223, 245, 127, 114, 152, 117, 105, 215, 44, 85, 190, 82,
       120, 233, 124, 112, 93, 56, 47, 213, 20, 245, 111, 153, 172, 24,
       5, 240, 29, 156, 73, 16, 242, 51, 189, 88, 87, 32, 250, 54, 181,
       89, 190, 19, 132, 25, 9, 230, 70, 21, 176, 189, 106, 180, 86, 250,
       150, 0, 112, 193, 34, 209, 103, 220, 144, 225, 9, 82, 184, 209,
       105, 135, 36, 87, 190, 66, 120, 233, 124, 112, 88, 60, 41, 212,
       20, 245, 111, 153, 172, 24, 5, 240, 29, 156, 73, 16, 242, 51, 189,
       88, 87, 32, 251, 42, 36, 237, 170, 22, 53, 21, 63, 245, 222, 212,
       176, 125, 62, 61, 71, 218, 244, 67, 240, 241, 114, 209, 247, 92,
       168, 164, 137, 122, 220, 117, 233, 197, 44, 215, 186, 91, 120,
       129, 124, 120, 93, 52, 47, 212, 117, 231, 110, 153, 172, 152, 13,
       240, 29, 156, 89, 48, 242, 51, 188, 90, 215, 40, 250, 62, 253,
       255, 254, 62, 245, 253, 127, 247, 254, 253, 253, 255, 126, 191,
       126, 251, 214, 99, 107, 245, 127, 195, 127, 253, 255, 247, 191,
       123, 223, 247, 239, 215, 44, 85, 190, 222, 120, 249, 125, 122, 95,
       255, 47, 213, 53, 245, 111, 153, 172, 24, 5, 240, 29, 156, 73, 16,
       242, 115, 189, 91, 87, 34, 255, 60, 58, 253, 164, 62, 255, 189,
       127, 244, 252, 222, 53, 93, 127, 187, 228, 251, 220, 67, 98, 245,
       33, 194, 247, 205, 252, 180, 159, 122, 94, 119, 235, 215, 36, 85,
       190, 87, 122, 233, 116, 120, 92, 59, 46, 213, 53, 247, 111, 153,
       172, 24, 5, 240, 29, 156, 73, 16, 242, 51, 189, 88, 87, 32, 250,
       29, 178, 93, 52, 61, 184, 177, 120, 240, 184, 214, 117, 236, 119,
       137, 80, 234, 204, 3, 115, 229, 102, 195, 247, 205, 186, 228, 255,
       122, 12, 225, 234, 223, 44, 85, 190, 91, 56, 233, 116, 120, 92,
       56, 47, 212, 49, 247, 111, 153, 172, 24, 5, 240, 29, 156, 73, 16,
       242, 51, 189, 88, 87, 32, 250, 60, 50, 237, 176, 54, 119, 185,
       127, 212, 254, 214, 53, 125, 62, 187, 102, 242, 220, 67, 98, 245,
       51, 199, 247, 221, 168, 164, 137, 90, 220, 117, 235, 231, 44, 71,
       190, 222, 122, 233, 124, 248, 93, 49, 46, 212, 37, 195, 111, 155,
       172, 152, 5, 240, 29, 156, 89, 16, 242, 51, 189, 90, 87, 40, 250,
       62, 176, 253, 254, 62, 253, 253, 125, 247, 254, 253, 245, 253,
       126, 189, 118, 251, 246, 99, 99, 245, 118, 211, 255, 221, 255,
       245, 255, 122, 223, 247, 235, 215, 44, 87, 190, 222, 120, 233,
       125, 120, 93, 121, 47, 213, 53, 247, 111, 153, 172, 24, 5, 240,
       29, 156, 73, 16, 242, 51, 189, 90, 87, 32, 250, 63, 183, 253, 254,
       62, 189, 189, 113, 114, 254, 86, 245, 221, 119, 185, 85, 250, 222,
       1, 99, 245, 100, 195, 243, 205, 154, 160, 223, 122, 92, 241, 235,
       215, 36, 85, 186, 91, 120, 233, 116, 112, 92, 58, 47, 212, 20,
       247, 111, 153, 172, 24, 5, 240, 29, 156, 73, 16, 242, 51, 189, 88,
       87, 32, 250, 63, 50, 125, 52, 62, 189, 57, 124, 246, 190, 214, 53,
       125, 63, 153, 82, 250, 220, 67, 98, 245, 98, 193, 247, 205, 184,
       228, 223, 122, 156, 241, 235, 215, 44, 69, 190, 90, 120, 233, 124,
       120, 92, 56, 47, 212, 53, 247, 111, 153, 172, 24, 5, 240, 29, 156,
       73, 16, 242, 51, 189, 88, 87, 32, 250, 61, 182, 253, 166, 62, 253,
       189, 121, 255, 254, 222, 245, 253, 127, 184, 117, 251, 255, 99,
       99, 245, 118, 211, 247, 221, 254, 244, 255, 126, 95, 247, 235,
       215, 44, 87, 190, 223, 120, 233, 125, 124, 93, 122, 47, 213, 53,
       247, 111, 153, 172, 24, 5, 240, 29, 156, 73, 16, 242, 51, 189, 90,
       87, 32, 250, 53, 54, 84, 34, 157, 160, 161, 92, 96, 88, 192, 117,
       172, 27, 128, 81, 98, 212, 1, 112, 225, 0, 131, 117, 4, 136, 104,
       9, 82, 8, 97, 105, 93, 36, 20, 186, 82, 112, 1, 84, 81, 64, 26,
       14, 64, 1, 192, 77, 152, 36, 24, 4, 240, 28, 156, 73, 16, 178, 51,
       156, 88, 23, 36, 248, 30, 177, 221, 254, 54, 177, 252, 127, 115,
       154, 213, 241, 125, 114, 181, 83, 251, 222, 33, 243, 197, 52, 195,
       243, 205, 155, 224, 223, 82, 76, 181, 234, 215, 36, 85, 186, 91,
       120, 233, 116, 112, 93, 56, 47, 213, 21, 247, 111, 153, 172, 24,
       5, 240, 29, 156, 73, 16, 242, 51, 189, 88, 87, 32, 250, 28, 34,
       241, 164, 16, 103, 32, 103, 64, 100, 210, 21, 81, 132, 155, 66,
       235, 204, 67, 96, 65, 128, 196, 146, 140, 136, 164, 137, 66, 140,
       49, 232, 85, 36, 85, 186, 16, 112, 1, 84, 48, 64, 16, 14, 68, 4,
       192, 76, 153, 44, 88, 5, 240, 28, 156, 73, 0, 242, 3, 184, 88, 70,
       32, 242, 5, 34, 65, 160, 16, 160, 33, 94, 32, 46, 66, 53, 65, 3,
       137, 3, 194, 76, 129, 96, 225, 0, 200, 51, 76, 136, 128, 129, 18,
       8, 33, 73, 85, 4, 85, 186, 16, 56, 1, 68, 164, 64, 24, 6, 68, 128,
       64, 79, 24, 44, 24, 0, 240, 28, 156, 9, 0, 226, 19, 180, 72, 70,
       32, 114, 127, 52, 239, 180, 63, 183, 121, 127, 212, 254, 212, 49,
       125, 202, 179, 71, 242, 220, 67, 115, 249, 167, 214, 55, 76, 170,
       164, 143, 90, 93, 113, 235, 239, 44, 20, 186, 87, 120, 225, 244,
       216, 92, 26, 14, 208, 53, 195, 79, 153, 172, 24, 5, 240, 29, 156,
       73, 16, 242, 51, 189, 90, 22, 32, 251, 54, 165, 125, 158, 34, 141,
       25, 35, 246, 196, 21, 176, 61, 58, 188, 86, 254, 146, 64, 163,
       213, 50, 209, 103, 221, 179, 229, 93, 2, 152, 213, 105, 198, 44,
       71, 190, 218, 120, 233, 124, 112, 93, 53, 47, 212, 20, 245, 111,
       153, 172, 24, 13, 240, 29, 156, 73, 16, 242, 51, 189, 88, 87, 32,
       250, 54, 48, 121, 174, 22, 128, 25, 9, 198, 66, 149, 176, 253, 2,
       180, 82, 250, 214, 2, 80, 129, 48, 193, 71, 140, 144, 225, 73, 18,
       184, 213, 105, 134, 44, 148, 158, 74, 120, 129, 85, 32, 202, 53,
       9, 144, 20, 180, 79, 147, 172, 16, 7, 32, 25, 60, 81, 16, 178, 51,
       185, 24, 87, 96, 251, 61, 183, 125, 206, 63, 253, 157, 120, 255,
       220, 222, 245, 253, 127, 253, 117, 251, 245, 99, 114, 245, 118,
