%YAML:1.0
descriptors: !!opencv-matrix
   rows: 42
   cols: 64
   dt: u
   data: [ 47, 254, 253, 255, 63, 253, 255, 93, 255, 253, 140, 237, 253,
       127, 188, 93, 255, 255, 227, 251, 245, 127, 83, 255, 245, 254,
       228, 255, 127, 223, 245, 231, 223, 108, 87, 190, 251, 120, 249,
       125, 124, 95, 122, 175, 213, 117, 247, 111, 185, 172, 152, 13,
       240, 29, 156, 73, 54, 242, 119, 189, 218, 87, 42, 250, 255, 253,
       255, 255, 255, 255, 255, 251, 255, 255, 253, 251, 255, 251, 254,
       255, 247, 247, 127, 127, 255, 255, 243, 127, 255, 255, 247, 255,
       127, 127, 254, 191, 247, 109, 212, 255, 222, 127, 249, 255, 254,
       223, 251, 63, 217, 31, 253, 63, 159, 173, 30, 133, 248, 189, 159,
       77, 88, 246, 115, 191, 251, 223, 42, 255, 92, 160, 153, 190, 107,
       219, 186, 111, 84, 186, 222, 245, 113, 86, 185, 96, 251, 153, 97,
       66, 197, 53, 195, 211, 77, 202, 168, 143, 66, 205, 53, 234, 207,
       36, 85, 186, 83, 120, 233, 116, 112, 93, 48, 47, 213, 21, 183,
       111, 153, 172, 24, 5, 240, 29, 156, 65, 16, 242, 51, 189, 88, 87,
       32, 250, 238, 59, 231, 245, 95, 103, 111, 222, 237, 253, 224, 187,
       239, 202, 182, 79, 235, 253, 123, 103, 111, 143, 250, 63, 79, 219,
       191, 175, 211, 24, 50, 239, 211, 39, 118, 187, 83, 124, 245, 116,
       120, 110, 56, 63, 219, 29, 255, 255, 157, 172, 24, 5, 241, 62,
       156, 73, 80, 252, 51, 191, 92, 86, 48, 250, 253, 254, 255, 251,
       254, 255, 247, 248, 253, 255, 238, 251, 255, 251, 255, 253, 243,
       213, 191, 111, 111, 205, 175, 124, 111, 223, 59, 63, 255, 79, 122,
       191, 243, 231, 124, 219, 82, 247, 253, 246, 247, 222, 250, 127,
       223, 142, 92, 149, 205, 189, 86, 181, 217, 191, 143, 111, 208,
       252, 41, 47, 220, 94, 51, 189, 237, 239, 231, 245, 244, 102, 231,
       255, 236, 245, 233, 251, 235, 219, 150, 239, 235, 213, 63, 111,
       127, 143, 230, 55, 79, 223, 191, 175, 211, 14, 50, 159, 243, 39,
       116, 251, 82, 124, 253, 244, 122, 126, 184, 191, 221, 24, 253,
       182, 205, 172, 92, 145, 209, 126, 156, 75, 80, 252, 49, 191, 92,
       85, 49, 250, 119, 52, 109, 138, 55, 159, 31, 72, 231, 102, 149,
       176, 253, 187, 180, 87, 250, 245, 2, 112, 137, 82, 209, 37, 76,
       149, 237, 61, 50, 62, 85, 105, 209, 44, 215, 190, 66, 120, 161,
       95, 48, 88, 56, 45, 213, 84, 228, 111, 145, 172, 16, 5, 112, 25,
       156, 73, 16, 242, 51, 188, 88, 214, 40, 250, 58, 244, 249, 175,
       63, 140, 29, 13, 223, 239, 121, 248, 189, 42, 182, 94, 246, 214,
       0, 241, 137, 55, 211, 109, 253, 128, 230, 127, 83, 249, 253, 239,
       199, 172, 46, 191, 254, 125, 169, 255, 98, 206, 101, 41, 182, 20,
       245, 127, 155, 174, 24, 7, 228, 21, 188, 121, 152, 243, 179, 248,
       251, 87, 42, 247, 111, 226, 109, 171, 223, 191, 39, 124, 253, 247,
       244, 184, 253, 59, 253, 207, 202, 245, 91, 108, 249, 83, 207, 61,
       77, 233, 8, 167, 123, 89, 57, 223, 241, 37, 214, 187, 82, 115, 37,
       118, 254, 95, 90, 14, 81, 159, 64, 1, 157, 45, 28, 4, 243, 189,
       141, 73, 80, 246, 35, 188, 216, 86, 38, 249, 58, 176, 125, 171,
       191, 189, 159, 12, 254, 63, 240, 184, 189, 42, 189, 212, 251, 246,
       67, 240, 233, 114, 207, 124, 188, 169, 236, 187, 95, 249, 245,
       238, 85, 236, 143, 190, 255, 241, 169, 127, 122, 207, 103, 9, 214,
       245, 212, 93, 191, 238, 30, 5, 230, 149, 223, 125, 152, 242, 191,
       188, 255, 223, 40, 181, 58, 182, 125, 174, 63, 177, 188, 61, 119,
       122, 248, 177, 125, 6, 45, 117, 246, 158, 195, 208, 241, 112, 81,
       255, 212, 40, 224, 217, 94, 245, 237, 235, 111, 232, 159, 180,
       255, 120, 160, 113, 126, 79, 87, 172, 214, 151, 199, 79, 186, 254,
       24, 15, 230, 29, 93, 89, 14, 179, 223, 148, 187, 218, 234, 85, 25,
       190, 84, 102, 253, 184, 162, 120, 120, 57, 198, 119, 236, 127,
       200, 33, 102, 239, 139, 184, 229, 103, 139, 253, 225, 56, 72, 150,
       124, 71, 225, 231, 223, 224, 89, 52, 117, 154, 233, 52, 221, 20,
       26, 23, 193, 163, 254, 107, 184, 117, 13, 4, 244, 5, 155, 73, 54,
       214, 183, 133, 210, 87, 36, 94, 117, 181, 251, 218, 16, 198, 121,
       127, 198, 230, 133, 184, 99, 202, 151, 94, 234, 212, 33, 99, 143,
       45, 230, 55, 12, 139, 178, 15, 83, 9, 48, 107, 215, 38, 52, 186,
       82, 120, 99, 118, 112, 74, 56, 47, 211, 20, 65, 111, 153, 172, 24,
       5, 240, 28, 148, 73, 16, 242, 51, 189, 88, 87, 35, 251, 63, 54,
       245, 163, 159, 245, 161, 121, 252, 127, 210, 119, 253, 47, 179,
       85, 251, 221, 99, 240, 241, 7, 195, 117, 204, 252, 244, 171, 82,
       30, 243, 235, 215, 44, 85, 190, 91, 120, 233, 116, 120, 92, 56,
       47, 213, 21, 247, 111, 153, 172, 24, 5, 240, 29, 156, 73, 16, 242,
       51, 189, 88, 87, 32, 250, 39, 34, 65, 130, 29, 2, 7, 14, 230, 0,
       0, 112, 41, 43, 130, 81, 98, 212, 1, 96, 193, 2, 193, 100, 76,
       136, 40, 9, 18, 8, 17, 105, 213, 36, 84, 186, 82, 120, 1, 84, 96,
       80, 24, 15, 196, 20, 244, 77, 153, 172, 24, 4, 240, 24, 156, 73,
       16, 242, 51, 188, 88, 87, 32, 248, 45, 166, 101, 170, 95, 63, 163,
       125, 244, 92, 198, 117, 125, 63, 185, 101, 226, 253, 67, 96, 241,
       99, 209, 246, 92, 232, 172, 141, 122, 28, 113, 233, 221, 36, 87,
       186, 83, 120, 169, 124, 124, 92, 56, 175, 213, 53, 246, 111, 153,
       172, 24, 5, 240, 29, 156, 73, 16, 242, 51, 188, 88, 87, 32, 250,
       54, 245, 121, 222, 55, 157, 93, 11, 231, 70, 61, 186, 189, 106,
       244, 95, 255, 246, 36, 255, 7, 126, 209, 103, 221, 215, 247, 121,
       51, 186, 212, 41, 146, 60, 150, 158, 202, 120, 210, 125, 48, 219,
       189, 105, 183, 28, 245, 46, 147, 174, 144, 15, 40, 25, 182, 95,
       56, 243, 112, 63, 121, 213, 40, 250, 126, 55, 253, 190, 119, 247,
       63, 123, 230, 198, 249, 52, 253, 255, 177, 119, 243, 247, 99, 102,
       245, 39, 209, 119, 220, 254, 237, 77, 82, 158, 240, 233, 215, 44,
       87, 190, 82, 120, 233, 124, 120, 92, 56, 47, 213, 20, 245, 111,
       153, 172, 24, 5, 240, 29, 156, 73, 16, 242, 51, 189, 88, 87, 32,
       250, 109, 54, 117, 162, 92, 183, 163, 122, 244, 92, 194, 117, 109,
       123, 145, 69, 226, 221, 3, 102, 225, 35, 193, 119, 76, 232, 172,
       141, 82, 12, 49, 235, 215, 36, 85, 186, 83, 120, 137, 116, 248,
       84, 24, 14, 193, 5, 211, 79, 153, 172, 24, 5, 240, 29, 156, 73,
       16, 242, 51, 189, 88, 87, 32, 248, 117, 50, 117, 134, 113, 6, 27,
       108, 230, 68, 147, 53, 125, 59, 144, 84, 226, 213, 3, 100, 193,
       35, 193, 118, 76, 200, 172, 13, 82, 8, 49, 105, 215, 36, 84, 186,
       82, 120, 129, 116, 80, 92, 24, 14, 193, 20, 225, 79, 153, 172, 24,
       5, 240, 29, 156, 73, 16, 242, 51, 188, 88, 87, 32, 250, 62, 189,
       255, 254, 62, 253, 253, 127, 255, 254, 223, 253, 255, 126, 253,
       222, 255, 254, 227, 251, 247, 127, 211, 255, 253, 255, 247, 255,
       127, 247, 255, 235, 207, 126, 215, 190, 255, 120, 249, 125, 120,
       93, 255, 111, 245, 53, 247, 111, 187, 190, 153, 79, 242, 29, 220,
       93, 55, 243, 119, 255, 251, 255, 237, 254, 237, 43, 231, 247, 209,
       39, 99, 250, 228, 125, 194, 115, 227, 251, 146, 79, 226, 213, 59,
       103, 111, 175, 195, 119, 78, 250, 190, 175, 210, 12, 50, 169, 87,
       39, 84, 187, 82, 124, 229, 84, 88, 84, 56, 15, 201, 9, 225, 207,
       153, 172, 24, 5, 241, 28, 156, 73, 16, 254, 51, 189, 88, 87, 32,
       250, 63, 255, 253, 255, 63, 253, 253, 121, 255, 255, 223, 249,
       253, 127, 252, 93, 255, 255, 99, 251, 247, 127, 211, 255, 253,
       255, 247, 255, 126, 255, 247, 239, 223, 126, 215, 190, 223, 121,
       251, 127, 124, 125, 251, 239, 245, 49, 247, 111, 187, 190, 153,
       79, 240, 29, 222, 93, 49, 243, 247, 255, 251, 255, 173, 254, 255,
       252, 255, 255, 255, 175, 95, 121, 255, 117, 253, 187, 255, 250,
       190, 92, 242, 247, 123, 116, 255, 159, 155, 125, 222, 234, 236,
       63, 251, 249, 252, 175, 135, 173, 86, 255, 198, 127, 245, 255,
       250, 223, 221, 15, 221, 63, 237, 151, 221, 164, 153, 141, 242,
