%YAML:1.0
descriptors: !!opencv-matrix
   rows: 54
   cols: 64
   dt: u
   data: [ 62, 249, 255, 254, 62, 253, 253, 126, 247, 252, 213, 249, 255,
       126, 188, 94, 255, 254, 99, 107, 247, 127, 211, 247, 253, 255,
       247, 255, 127, 255, 245, 239, 215, 108, 87, 190, 223, 120, 249,
       125, 120, 95, 255, 47, 245, 53, 247, 111, 185, 174, 153, 15, 240,
       29, 156, 93, 48, 243, 115, 191, 251, 223, 40, 250, 63, 254, 125,
       239, 191, 253, 255, 120, 255, 255, 222, 251, 253, 127, 253, 85,
       255, 255, 227, 123, 245, 119, 219, 255, 237, 255, 245, 255, 126,
       95, 247, 239, 223, 108, 215, 190, 255, 121, 249, 125, 124, 93,
       123, 47, 213, 177, 247, 111, 185, 188, 24, 5, 240, 29, 156, 77,
       52, 242, 55, 189, 250, 223, 44, 254, 76, 11, 194, 246, 89, 34, 96,
       74, 0, 40, 64, 51, 130, 195, 130, 74, 226, 93, 33, 103, 199, 45,
       192, 115, 78, 218, 178, 7, 82, 8, 48, 75, 215, 39, 85, 187, 17,
       124, 101, 116, 96, 100, 56, 75, 201, 20, 229, 239, 153, 172, 24,
       5, 241, 28, 156, 73, 16, 242, 51, 189, 88, 87, 33, 250, 227, 13,
       138, 155, 217, 134, 74, 135, 6, 231, 1, 154, 130, 202, 150, 31,
       106, 85, 57, 103, 15, 143, 227, 35, 78, 211, 187, 47, 211, 8, 50,
       43, 215, 39, 84, 187, 66, 124, 103, 118, 112, 74, 56, 107, 217,
       28, 241, 183, 217, 172, 24, 5, 113, 29, 156, 203, 16, 250, 49,
       189, 88, 85, 48, 251, 13, 6, 68, 33, 221, 176, 163, 88, 52, 58,
       194, 101, 160, 73, 137, 5, 66, 125, 129, 96, 224, 34, 138, 120,
       68, 136, 0, 135, 220, 1, 33, 199, 95, 162, 221, 48, 113, 176, 41,
       36, 236, 84, 26, 142, 68, 193, 211, 67, 24, 60, 24, 4, 244, 29,
       156, 73, 16, 226, 183, 188, 200, 87, 32, 112, 194, 0, 194, 147,
       217, 198, 134, 133, 46, 231, 11, 30, 146, 238, 179, 102, 235, 213,
       56, 102, 200, 135, 207, 41, 74, 197, 188, 47, 146, 9, 19, 127,
       119, 37, 85, 187, 82, 112, 109, 86, 112, 80, 40, 46, 213, 28, 221,
       53, 153, 172, 24, 5, 240, 25, 156, 75, 16, 114, 49, 189, 88, 87,
       32, 250, 9, 134, 44, 169, 137, 253, 163, 117, 61, 254, 66, 205,
       128, 61, 121, 165, 137, 124, 193, 104, 240, 82, 94, 248, 113, 125,
       28, 166, 124, 67, 59, 199, 221, 192, 219, 32, 117, 202, 172, 42,
       253, 21, 122, 166, 85, 227, 118, 97, 58, 89, 60, 44, 215, 13, 207,
       24, 54, 194, 167, 164, 194, 219, 108, 254, 172, 170, 239, 168, 50,
       125, 161, 255, 245, 222, 254, 181, 91, 190, 251, 238, 139, 92,
       227, 105, 117, 208, 228, 179, 93, 173, 148, 129, 121, 222, 58,
       203, 221, 36, 119, 250, 87, 122, 233, 124, 248, 93, 56, 63, 86,
       183, 119, 236, 153, 172, 62, 5, 208, 29, 156, 92, 16, 224, 43,
       252, 91, 87, 32, 250, 50, 49, 215, 215, 62, 69, 221, 255, 214,
       228, 93, 149, 127, 246, 147, 114, 255, 214, 32, 99, 198, 168, 229,
       55, 204, 223, 246, 91, 82, 10, 247, 122, 247, 36, 21, 190, 82,
       120, 233, 116, 112, 92, 185, 46, 212, 20, 229, 111, 153, 172, 24,
       5, 240, 28, 156, 73, 16, 242, 51, 189, 88, 87, 32, 250, 58, 245,
       253, 222, 55, 31, 93, 43, 247, 84, 21, 240, 61, 126, 180, 94, 255,
       246, 98, 243, 213, 118, 209, 119, 221, 183, 245, 89, 114, 248,
       213, 233, 199, 44, 87, 190, 218, 120, 233, 125, 112, 223, 53, 47,
       212, 20, 245, 111, 155, 174, 153, 13, 242, 29, 156, 89, 48, 242,
       51, 189, 121, 215, 40, 250, 125, 63, 247, 255, 255, 255, 127, 127,
       253, 252, 222, 189, 253, 255, 253, 255, 251, 253, 251, 110, 255,
       111, 223, 63, 223, 236, 238, 189, 127, 93, 125, 239, 247, 103,
       119, 191, 215, 247, 245, 127, 191, 223, 218, 190, 79, 143, 207,
       215, 140, 53, 222, 189, 243, 191, 159, 77, 248, 254, 107, 159,
       219, 14, 55, 244, 65, 0, 0, 16, 73, 130, 6, 76, 0, 34, 1, 0, 0,
       128, 128, 3, 2, 85, 1, 64, 138, 161, 200, 11, 4, 128, 136, 14, 18,
       8, 1, 79, 81, 134, 20, 59, 0, 232, 7, 194, 0, 96, 8, 8, 2, 12, 65,
       11, 17, 36, 16, 4, 37, 24, 132, 2, 144, 42, 35, 156, 72, 6, 48,
       240, 64, 3, 129, 144, 64, 2, 14, 70, 2, 42, 1, 0, 0, 193, 3, 3,
       68, 69, 1, 100, 74, 133, 194, 11, 14, 128, 170, 12, 16, 0, 48, 9,
       115, 36, 84, 187, 0, 100, 0, 64, 0, 64, 24, 10, 66, 28, 193, 94,
       24, 44, 24, 5, 32, 24, 148, 73, 145, 114, 51, 188, 76, 86, 0, 240,
       1, 6, 0, 34, 201, 160, 34, 0, 16, 57, 66, 71, 128, 3, 0, 1, 0, 41,
       133, 0, 232, 0, 10, 88, 64, 136, 8, 134, 216, 1, 33, 71, 81, 160,
       88, 32, 53, 136, 37, 130, 193, 4, 10, 138, 64, 1, 74, 209, 8, 64,
       24, 32, 197, 76, 140, 160, 22, 0, 135, 132, 128, 22, 32, 44, 135,
       2, 0, 32, 137, 160, 32, 68, 32, 33, 224, 65, 64, 1, 128, 1, 72,
       40, 133, 65, 225, 32, 40, 80, 68, 153, 1, 163, 192, 4, 33, 64, 21,
       32, 84, 170, 49, 32, 33, 132, 104, 0, 56, 131, 64, 81, 18, 65, 24,
       44, 24, 0, 240, 28, 12, 9, 16, 176, 3, 180, 8, 87, 32, 104, 6, 35,
       2, 147, 16, 2, 130, 193, 2, 130, 1, 54, 128, 66, 129, 0, 74, 65,
       1, 70, 67, 32, 133, 66, 12, 146, 176, 9, 130, 10, 2, 16, 86, 36,
       21, 154, 16, 120, 73, 84, 0, 64, 16, 10, 193, 20, 129, 110, 25,
       44, 16, 1, 240, 24, 156, 73, 16, 114, 51, 149, 72, 87, 32, 234,
       31, 172, 221, 127, 42, 153, 252, 97, 123, 187, 86, 221, 220, 118,
       173, 80, 238, 218, 33, 227, 197, 36, 195, 123, 205, 158, 165, 239,
       66, 79, 181, 110, 215, 36, 85, 186, 91, 120, 233, 116, 112, 92,
       56, 47, 212, 20, 247, 111, 153, 172, 24, 5, 240, 29, 156, 73, 16,
       242, 51, 189, 88, 87, 32, 250, 31, 155, 206, 255, 63, 249, 217,
       58, 63, 253, 214, 253, 191, 123, 60, 93, 253, 254, 97, 251, 229,
       108, 195, 115, 109, 191, 227, 127, 126, 95, 245, 239, 223, 100,
       85, 186, 127, 120, 249, 117, 112, 92, 59, 47, 213, 21, 247, 111,
       153, 172, 24, 5, 240, 29, 156, 73, 16, 242, 55, 189, 88, 87, 32,
       250, 63, 157, 254, 254, 55, 191, 253, 123, 183, 254, 213, 249,
       191, 123, 188, 95, 254, 255, 99, 243, 245, 127, 211, 119, 85, 250,
       230, 127, 122, 252, 245, 235, 223, 60, 87, 190, 211, 120, 249,
       125, 120, 95, 59, 175, 245, 117, 247, 111, 153, 174, 24, 13, 240,
       29, 156, 73, 16, 243, 115, 189, 122, 87, 40, 250, 208, 9, 211,
       150, 16, 70, 9, 239, 2, 228, 17, 149, 19, 230, 146, 74, 235, 213,
       32, 103, 14, 173, 230, 35, 77, 203, 176, 13, 19, 8, 18, 41, 215,
       36, 117, 186, 82, 120, 195, 116, 112, 92, 56, 47, 221, 20, 229,
       110, 153, 172, 24, 5, 240, 29, 156, 73, 16, 242, 51, 189, 88, 86,
       32, 250, 7, 0, 64, 162, 221, 128, 3, 72, 54, 105, 0, 115, 161, 11,
       128, 85, 98, 85, 5, 32, 192, 2, 136, 104, 68, 152, 40, 11, 146, 9,
       33, 111, 85, 164, 20, 186, 114, 120, 33, 246, 64, 66, 8, 11, 64,
       16, 192, 65, 25, 36, 24, 4, 240, 24, 140, 73, 16, 176, 51, 188,
       88, 87, 32, 249, 5, 7, 65, 0, 217, 128, 3, 72, 34, 6, 3, 0, 128,
       73, 128, 1, 66, 68, 1, 96, 192, 32, 128, 98, 76, 128, 128, 9, 146,
       8, 1, 73, 82, 36, 84, 154, 0, 112, 1, 196, 132, 64, 24, 14, 64, 0,
       192, 79, 16, 44, 16, 4, 112, 24, 140, 9, 16, 114, 51, 156, 72, 86,
       32, 249, 7, 4, 0, 128, 9, 4, 4, 69, 36, 98, 2, 4, 16, 44, 33, 7,
       192, 48, 1, 96, 192, 2, 88, 32, 84, 128, 136, 8, 16, 136, 17, 65,
       81, 36, 87, 170, 0, 96, 1, 72, 32, 0, 24, 10, 68, 84, 100, 76, 17,
       44, 24, 4, 48, 24, 132, 9, 16, 98, 35, 188, 72, 86, 32, 240, 67,
       0, 8, 0, 9, 130, 7, 76, 132, 34, 1, 0, 17, 8, 33, 6, 128, 85, 1,
       64, 128, 3, 192, 32, 12, 128, 136, 12, 18, 8, 49, 72, 81, 36, 84,
       186, 66, 104, 1, 82, 48, 64, 16, 11, 84, 20, 128, 77, 25, 44, 24,
       4, 112, 25, 156, 1, 16, 98, 51, 188, 72, 86, 32, 250, 7, 1, 192,
       146, 153, 128, 1, 78, 6, 105, 0, 113, 163, 75, 128, 84, 98, 212,
       5, 99, 193, 44, 235, 99, 78, 138, 160, 15, 18, 8, 49, 107, 215,
       38, 20, 186, 82, 120, 97, 244, 80, 64, 24, 14, 208, 20, 193, 79,
       153, 172, 24, 5, 240, 24, 156, 73, 16, 242, 51, 189, 88, 87, 32,
       249, 65, 4, 1, 0, 65, 130, 7, 76, 128, 2, 128, 4, 0, 4, 1, 2, 194,
