%YAML:1.0
descriptors: !!opencv-matrix
   rows: 27
   cols: 64
   dt: u
   data: [ 63, 253, 255, 254, 63, 253, 253, 127, 255, 254, 245, 249, 255,
       123, 188, 223, 255, 254, 99, 251, 247, 126, 211, 255, 253, 255,
       247, 255, 127, 255, 245, 239, 207, 124, 215, 190, 255, 120, 249,
       125, 120, 223, 251, 239, 247, 177, 247, 111, 187, 190, 153, 79,
       240, 29, 158, 93, 52, 243, 127, 255, 251, 223, 172, 254, 126, 48,
       251, 179, 223, 167, 59, 109, 198, 103, 213, 52, 253, 202, 179, 86,
       242, 215, 91, 116, 233, 135, 203, 61, 158, 200, 236, 143, 82, 157,
       241, 238, 103, 45, 6, 191, 90, 113, 37, 86, 152, 64, 84, 14, 193,
       29, 129, 31, 157, 44, 24, 5, 112, 60, 156, 67, 80, 254, 51, 184,
       88, 22, 50, 249, 246, 249, 89, 223, 247, 223, 211, 137, 79, 69,
       31, 254, 191, 126, 252, 252, 255, 215, 60, 103, 7, 53, 129, 98,
       237, 215, 249, 109, 178, 170, 222, 57, 146, 37, 85, 218, 66, 91,
       203, 86, 48, 221, 61, 109, 149, 30, 245, 46, 149, 172, 145, 5,
       184, 29, 148, 75, 16, 114, 48, 61, 88, 85, 52, 250, 197, 205, 142,
       217, 32, 87, 252, 151, 57, 255, 45, 138, 18, 228, 63, 171, 13, 59,
       248, 175, 30, 253, 118, 131, 81, 119, 147, 118, 9, 198, 150, 83,
       223, 19, 243, 97, 145, 204, 254, 41, 112, 60, 172, 103, 191, 124,
       119, 234, 93, 202, 58, 215, 213, 109, 248, 222, 87, 207, 115, 119,
       83, 241, 217, 234, 65, 11, 130, 208, 201, 130, 70, 66, 32, 47, 0,
       67, 130, 201, 32, 9, 0, 85, 60, 39, 198, 45, 194, 99, 74, 210,
       146, 6, 16, 0, 16, 65, 87, 35, 80, 57, 16, 108, 102, 0, 64, 96, 8,
       79, 201, 28, 245, 203, 81, 164, 24, 20, 225, 120, 156, 139, 17,
       122, 51, 191, 64, 85, 17, 250, 118, 48, 249, 151, 223, 135, 31,
       77, 198, 103, 145, 54, 253, 206, 178, 86, 250, 213, 35, 100, 201,
       135, 195, 117, 78, 200, 188, 47, 210, 12, 51, 107, 215, 36, 85,
       186, 82, 120, 225, 84, 112, 88, 56, 47, 213, 28, 229, 111, 153,
       172, 24, 5, 240, 29, 156, 73, 16, 242, 51, 189, 88, 87, 32, 250,
       67, 6, 130, 163, 201, 128, 170, 76, 8, 235, 0, 13, 128, 1, 131, 1,
       74, 85, 129, 34, 200, 33, 206, 105, 12, 200, 42, 39, 18, 9, 33,
       79, 117, 167, 124, 49, 48, 228, 37, 38, 65, 96, 72, 10, 67, 28,
       73, 147, 24, 76, 88, 36, 229, 208, 156, 234, 144, 106, 163, 188,
       76, 71, 48, 245, 114, 52, 249, 154, 95, 135, 15, 109, 198, 102,
       145, 48, 253, 174, 179, 86, 250, 213, 3, 116, 201, 39, 195, 117,
       220, 200, 236, 13, 82, 156, 113, 105, 215, 44, 85, 190, 74, 120,
       129, 92, 48, 88, 24, 47, 213, 28, 229, 79, 153, 172, 24, 5, 240,
       29, 156, 73, 16, 242, 51, 189, 88, 87, 32, 250, 61, 255, 255, 254,
       63, 253, 253, 127, 127, 252, 214, 253, 255, 126, 253, 223, 255,
       255, 225, 123, 247, 125, 211, 243, 253, 255, 243, 255, 127, 223,
       255, 239, 223, 102, 215, 186, 247, 120, 251, 125, 112, 125, 255,
       111, 245, 149, 247, 111, 159, 190, 153, 77, 242, 29, 222, 93, 55,
       242, 255, 191, 219, 255, 173, 222, 66, 1, 138, 149, 232, 146, 26,
       133, 8, 227, 1, 14, 146, 192, 35, 2, 12, 11, 56, 215, 202, 165,
       66, 193, 18, 66, 154, 110, 0, 164, 135, 2, 199, 49, 83, 33, 91,
       72, 230, 66, 112, 40, 32, 46, 245, 28, 163, 59, 29, 202, 24, 7,
       245, 89, 24, 203, 19, 123, 51, 181, 64, 113, 80, 234, 195, 15,
       130, 147, 205, 130, 130, 2, 38, 97, 4, 67, 130, 219, 2, 29, 108,
       147, 56, 151, 206, 47, 203, 99, 66, 82, 184, 110, 144, 8, 130, 99,
       151, 39, 80, 49, 83, 72, 110, 96, 96, 20, 40, 203, 217, 24, 245,
       207, 209, 140, 24, 5, 245, 72, 152, 203, 19, 114, 50, 53, 80, 113,
       16, 234, 70, 0, 131, 145, 200, 130, 10, 68, 2, 162, 1, 6, 128,
       128, 147, 2, 0, 69, 24, 100, 138, 133, 194, 9, 14, 192, 168, 13,
       2, 8, 49, 11, 83, 5, 21, 171, 0, 108, 5, 70, 0, 64, 16, 8, 67, 28,
       193, 31, 25, 44, 16, 5, 33, 88, 148, 203, 80, 106, 49, 153, 72,
       86, 48, 242, 15, 22, 101, 32, 221, 162, 45, 90, 164, 62, 192, 115,
       169, 73, 128, 69, 226, 125, 135, 96, 224, 38, 152, 123, 70, 154,
       34, 7, 90, 0, 33, 205, 87, 38, 156, 186, 113, 56, 33, 244, 76, 66,
       26, 143, 192, 81, 192, 75, 24, 52, 24, 4, 96, 28, 140, 9, 24, 178,
       51, 156, 72, 87, 32, 185, 213, 55, 211, 151, 216, 134, 139, 200,
       234, 101, 3, 86, 135, 227, 146, 80, 226, 199, 44, 103, 202, 173,
       162, 96, 78, 154, 184, 47, 146, 10, 51, 63, 87, 37, 84, 155, 80,
       120, 237, 214, 208, 88, 24, 14, 193, 28, 217, 31, 153, 172, 24, 5,
       240, 30, 156, 75, 16, 114, 49, 189, 88, 87, 32, 251, 47, 174, 237,
       236, 62, 253, 253, 121, 253, 254, 214, 253, 253, 63, 252, 79, 139,
       125, 227, 251, 245, 119, 219, 255, 125, 255, 149, 183, 126, 223,
       61, 207, 223, 236, 215, 186, 255, 248, 249, 63, 124, 253, 123,
       175, 213, 181, 247, 107, 187, 236, 153, 15, 240, 29, 158, 28, 62,
       226, 255, 189, 251, 223, 108, 254, 68, 43, 243, 244, 88, 162, 35,
       90, 128, 72, 194, 55, 195, 195, 129, 65, 226, 213, 43, 102, 199,
       45, 192, 115, 78, 202, 162, 13, 82, 8, 48, 73, 87, 39, 84, 187,
       80, 124, 69, 84, 192, 96, 24, 78, 73, 12, 193, 207, 152, 36, 24,
       21, 113, 28, 156, 73, 16, 250, 51, 191, 88, 71, 33, 248, 255, 125,
       250, 246, 55, 7, 93, 110, 214, 231, 245, 242, 63, 234, 182, 94,
       246, 215, 38, 103, 7, 175, 225, 55, 143, 139, 227, 91, 83, 56,
       244, 105, 243, 38, 20, 254, 210, 124, 243, 245, 82, 218, 185, 111,
       210, 20, 193, 111, 153, 172, 24, 5, 240, 29, 156, 73, 16, 242,
       115, 191, 88, 86, 34, 251, 237, 43, 231, 243, 91, 55, 163, 254,
       244, 252, 194, 119, 251, 251, 179, 69, 226, 213, 123, 102, 229,
       47, 195, 119, 78, 234, 190, 135, 218, 76, 50, 235, 215, 39, 85,
       187, 82, 120, 237, 116, 88, 84, 24, 14, 201, 5, 209, 239, 153,
       172, 24, 5, 240, 29, 156, 73, 16, 242, 51, 189, 88, 87, 32, 250,
       252, 253, 255, 255, 119, 127, 253, 255, 255, 253, 253, 251, 255,
       254, 190, 223, 255, 255, 123, 111, 127, 175, 247, 183, 223, 255,
       247, 255, 211, 158, 246, 171, 223, 39, 87, 255, 211, 125, 249,
       124, 120, 92, 184, 63, 221, 61, 247, 239, 157, 172, 24, 5, 240,
       29, 156, 73, 16, 246, 115, 191, 88, 87, 32, 250, 114, 25, 155,
       214, 34, 135, 89, 47, 214, 231, 21, 212, 183, 226, 54, 90, 126,
       215, 48, 99, 142, 61, 226, 71, 157, 194, 246, 95, 66, 169, 212,
       107, 215, 36, 52, 190, 210, 124, 242, 119, 80, 201, 181, 107, 187,
       28, 229, 111, 217, 172, 24, 199, 240, 25, 188, 73, 17, 242, 115,
       251, 121, 85, 35, 251, 111, 175, 231, 186, 95, 255, 131, 127, 252,
       92, 214, 117, 255, 255, 191, 109, 235, 245, 107, 118, 245, 39,
       211, 119, 95, 254, 188, 45, 122, 30, 50, 233, 215, 46, 87, 186,
       90, 120, 237, 124, 116, 92, 56, 47, 213, 20, 245, 111, 153, 172,
       24, 5, 240, 29, 156, 73, 16, 242, 51, 189, 88, 87, 32, 250, 60,
       191, 237, 164, 54, 253, 177, 123, 253, 220, 214, 247, 221, 126,
       252, 228, 251, 252, 99, 99, 245, 118, 208, 247, 93, 254, 181, 187,
       122, 222, 127, 233, 199, 44, 87, 186, 214, 122, 233, 124, 120, 93,
       48, 175, 213, 52, 245, 111, 153, 172, 153, 13, 240, 29, 156, 89,
       48, 242, 51, 189, 90, 87, 40, 250, 55, 253, 253, 222, 55, 221,
       221, 59, 247, 214, 31, 244, 61, 126, 124, 127, 253, 246, 98, 187,
       151, 118, 209, 103, 249, 247, 229, 125, 114, 250, 214, 105, 214,
       60, 215, 190, 218, 120, 250, 125, 112, 221, 57, 47, 180, 116, 245,
       111, 147, 174, 152, 15, 240, 29, 156, 89, 48, 243, 114, 189, 121,
       215, 44, 250, 45, 38, 229, 160, 30, 181, 161, 124, 244, 126, 208,
       113, 237, 59, 177, 69, 202, 252, 195, 96, 241, 96, 218, 247, 76,
       184, 20, 135, 124, 92, 49, 203, 223, 36, 213, 186, 87, 120, 41,
       116, 124, 84, 58, 143, 209, 33, 243, 79, 152, 172, 24, 5, 240, 29,
       156, 73, 16, 242, 51, 157, 90, 87, 36, 250, 77, 50, 101, 176, 93,
       178, 35, 122, 244, 62, 210, 53, 105, 223, 137, 65, 226, 213, 3,
