%YAML:1.0
descriptors: !!opencv-matrix
   rows: 101
   cols: 64
   dt: u
   data: [ 63, 246, 125, 239, 62, 253, 255, 120, 255, 253, 221, 253, 253,
       127, 252, 85, 255, 255, 99, 243, 245, 118, 211, 255, 253, 255,
       245, 255, 126, 255, 247, 239, 223, 124, 95, 190, 223, 120, 249,
       127, 125, 93, 123, 47, 245, 53, 247, 111, 185, 174, 24, 7, 240,
       29, 156, 77, 60, 243, 51, 189, 250, 95, 32, 254, 197, 58, 210,
       243, 217, 162, 230, 192, 106, 43, 128, 123, 162, 195, 130, 89,
       106, 195, 189, 70, 207, 141, 11, 89, 134, 218, 123, 175, 150, 13,
       163, 23, 87, 135, 92, 219, 49, 245, 127, 86, 97, 96, 202, 89, 73,
       9, 91, 145, 204, 116, 24, 244, 69, 242, 140, 235, 210, 188, 133,
       7, 156, 117, 177, 36, 215, 62, 210, 87, 217, 194, 206, 132, 74,
       163, 3, 126, 166, 199, 131, 89, 123, 131, 56, 135, 143, 141, 111,
       73, 198, 195, 122, 111, 130, 41, 195, 103, 55, 167, 124, 87, 32,
       149, 111, 214, 1, 64, 72, 216, 171, 8, 217, 145, 212, 204, 88,
       241, 53, 226, 52, 235, 208, 125, 144, 39, 156, 101, 177, 102, 45,
       38, 109, 32, 56, 181, 165, 116, 176, 252, 198, 53, 205, 61, 185,
       69, 136, 236, 195, 106, 241, 114, 90, 247, 92, 40, 132, 146, 108,
       85, 49, 207, 223, 88, 199, 168, 221, 186, 169, 60, 124, 21, 90,
       166, 196, 225, 211, 107, 56, 172, 137, 11, 242, 29, 156, 93, 62,
       226, 23, 157, 234, 151, 108, 254, 58, 49, 221, 214, 55, 27, 93,
       47, 214, 138, 21, 240, 63, 110, 52, 86, 254, 150, 98, 147, 215,
       62, 193, 103, 153, 130, 230, 91, 82, 248, 212, 104, 223, 44, 7,
       190, 218, 120, 250, 117, 112, 221, 181, 111, 148, 116, 181, 111,
       155, 174, 152, 7, 240, 29, 220, 89, 16, 243, 115, 185, 121, 87,
       160, 250, 50, 217, 218, 222, 55, 215, 220, 47, 215, 130, 53, 248,
       63, 250, 54, 94, 125, 146, 112, 155, 151, 127, 243, 103, 185, 215,
       247, 127, 51, 249, 214, 104, 143, 60, 135, 182, 218, 88, 250, 113,
       112, 223, 229, 105, 183, 116, 181, 111, 183, 170, 155, 79, 182, 9,
       248, 95, 25, 243, 114, 123, 57, 249, 236, 219, 191, 242, 125, 175,
       247, 253, 159, 120, 255, 95, 253, 250, 237, 63, 252, 93, 251, 245,
       47, 101, 229, 102, 131, 116, 109, 255, 249, 63, 127, 30, 115, 185,
       214, 100, 93, 158, 82, 121, 233, 117, 117, 94, 56, 47, 213, 20,
       244, 61, 153, 173, 24, 5, 248, 29, 158, 73, 16, 242, 51, 189, 88,
       87, 32, 250, 13, 134, 100, 97, 40, 249, 163, 116, 56, 188, 198,
       69, 200, 61, 201, 129, 136, 124, 195, 106, 244, 98, 206, 249, 41,
       56, 20, 150, 124, 71, 51, 199, 223, 208, 209, 32, 117, 186, 233,
       40, 253, 53, 90, 38, 69, 225, 243, 107, 56, 124, 137, 13, 247, 29,
       152, 12, 38, 194, 183, 165, 194, 155, 36, 222, 188, 255, 255, 245,
       54, 183, 249, 251, 253, 221, 245, 251, 255, 251, 208, 78, 242,
       213, 127, 111, 183, 127, 230, 247, 173, 170, 166, 191, 127, 93,
       116, 187, 246, 108, 180, 254, 222, 123, 209, 245, 222, 223, 187,
       30, 210, 39, 209, 111, 155, 189, 159, 143, 248, 29, 159, 93, 120,
       246, 115, 223, 123, 159, 46, 255, 60, 249, 253, 222, 54, 239, 93,
       122, 255, 213, 221, 253, 255, 254, 252, 126, 251, 213, 103, 111,
       183, 47, 195, 119, 109, 254, 167, 61, 114, 30, 126, 169, 214, 36,
       117, 190, 66, 122, 217, 116, 113, 221, 57, 47, 221, 20, 245, 110,
       153, 164, 24, 5, 240, 29, 158, 73, 16, 242, 51, 189, 88, 87, 34,
       250, 109, 46, 117, 225, 152, 253, 35, 124, 220, 252, 194, 53, 193,
       61, 217, 230, 203, 77, 203, 104, 253, 33, 206, 189, 77, 252, 28,
       133, 124, 14, 51, 207, 81, 7, 117, 186, 20, 186, 237, 60, 253,
       116, 26, 182, 69, 163, 110, 227, 168, 37, 125, 48, 209, 29, 142,
       8, 4, 232, 3, 237, 202, 7, 33, 246, 218, 218, 15, 253, 46, 253,
       250, 241, 28, 191, 127, 207, 223, 84, 89, 186, 173, 221, 61, 107,
       236, 45, 230, 122, 109, 223, 183, 254, 85, 99, 55, 254, 247, 180,
       93, 121, 87, 127, 232, 115, 122, 92, 249, 62, 247, 23, 247, 123,
       155, 137, 28, 5, 248, 29, 156, 73, 17, 242, 51, 189, 92, 87, 32,
       190, 76, 205, 239, 216, 34, 223, 117, 119, 181, 230, 141, 140, 89,
       188, 191, 238, 137, 124, 98, 111, 150, 117, 210, 163, 93, 119,
       149, 52, 113, 142, 30, 73, 215, 18, 243, 170, 18, 120, 251, 56,
       48, 61, 60, 37, 183, 52, 117, 106, 27, 168, 185, 13, 209, 93, 252,
       28, 56, 226, 123, 253, 73, 211, 105, 250, 35, 134, 12, 138, 15,
       158, 134, 0, 55, 84, 30, 64, 156, 63, 61, 5, 141, 115, 0, 176,
       192, 112, 217, 99, 121, 85, 17, 54, 62, 218, 17, 67, 151, 100, 83,
       48, 114, 72, 234, 40, 116, 29, 40, 45, 21, 144, 245, 107, 145,
       168, 153, 13, 180, 9, 152, 203, 59, 98, 50, 181, 80, 211, 36, 218,
       186, 112, 121, 166, 191, 176, 31, 9, 198, 67, 181, 122, 173, 74,
       164, 85, 246, 247, 6, 209, 73, 50, 145, 116, 132, 146, 225, 59,
       210, 56, 245, 169, 130, 172, 150, 158, 234, 121, 161, 215, 66,
       203, 55, 9, 208, 85, 148, 29, 152, 190, 16, 5, 106, 144, 222, 113,
       16, 178, 49, 156, 56, 214, 44, 185, 114, 241, 249, 158, 87, 70,
       93, 15, 214, 70, 189, 248, 63, 202, 180, 93, 255, 215, 50, 23,
       135, 63, 193, 103, 174, 215, 243, 47, 19, 59, 212, 105, 135, 172,
       151, 223, 234, 125, 235, 119, 50, 203, 165, 105, 149, 28, 181,
       111, 213, 174, 18, 5, 40, 48, 180, 115, 16, 178, 122, 59, 56, 93,
       180, 251, 253, 59, 247, 245, 112, 55, 43, 254, 208, 220, 210, 55,
       69, 253, 155, 226, 242, 204, 203, 110, 125, 169, 164, 182, 142,
       170, 166, 153, 200, 12, 122, 185, 122, 7, 84, 186, 84, 114, 209,
       220, 220, 84, 155, 22, 232, 163, 195, 78, 155, 45, 93, 149, 240,
       31, 157, 73, 196, 248, 19, 156, 76, 6, 35, 249, 254, 233, 203,
       215, 246, 211, 218, 233, 94, 251, 253, 254, 243, 210, 210, 106,
       171, 213, 60, 111, 15, 173, 230, 91, 45, 223, 179, 63, 87, 43, 54,
       59, 247, 37, 125, 251, 222, 125, 251, 247, 80, 124, 177, 127, 251,
       28, 253, 63, 159, 175, 25, 199, 249, 31, 156, 75, 80, 242, 49,
       251, 93, 87, 49, 190, 199, 178, 199, 199, 253, 242, 157, 254, 180,
       61, 16, 123, 139, 219, 146, 73, 107, 197, 173, 35, 192, 5, 174,
       121, 78, 251, 185, 39, 223, 9, 35, 127, 215, 37, 84, 186, 118, 48,
       233, 245, 81, 94, 42, 15, 217, 16, 217, 75, 152, 172, 24, 1, 240,
       28, 156, 73, 16, 242, 51, 157, 88, 87, 36, 251, 133, 38, 247, 21,
       248, 196, 133, 118, 226, 101, 3, 87, 206, 253, 146, 64, 235, 228,
       34, 98, 194, 45, 226, 227, 78, 255, 180, 59, 178, 12, 83, 79, 215,
       37, 117, 186, 80, 48, 123, 94, 117, 80, 8, 167, 205, 0, 253, 111,
       153, 164, 88, 5, 240, 26, 156, 73, 40, 114, 51, 157, 88, 69, 32,
       250, 38, 38, 193, 150, 200, 132, 3, 5, 166, 100, 3, 22, 153, 127,
       179, 68, 162, 113, 0, 32, 195, 37, 82, 99, 94, 128, 132, 13, 34,
       152, 25, 73, 151, 36, 71, 154, 0, 88, 3, 94, 36, 17, 12, 131, 69,
       20, 229, 79, 17, 164, 152, 12, 50, 24, 156, 11, 40, 98, 18, 189,
       72, 69, 32, 250, 69, 6, 196, 16, 25, 138, 5, 74, 32, 46, 2, 0,
       128, 171, 160, 3, 136, 117, 129, 32, 192, 103, 88, 99, 68, 144,
       144, 5, 16, 8, 17, 65, 87, 2, 85, 170, 0, 120, 33, 4, 100, 36, 56,
       15, 69, 84, 101, 75, 16, 44, 24, 4, 163, 25, 156, 8, 24, 98, 51,
       189, 72, 87, 32, 250, 197, 43, 199, 17, 152, 208, 164, 210, 40,
       163, 138, 70, 194, 245, 131, 35, 137, 77, 37, 99, 204, 133, 110,
       243, 78, 223, 145, 35, 192, 14, 34, 19, 215, 2, 85, 170, 80, 120,
       105, 52, 112, 52, 56, 39, 213, 16, 245, 227, 25, 172, 24, 5, 209,
       29, 156, 72, 16, 240, 51, 189, 72, 87, 32, 250, 13, 142, 175, 153,
       8, 253, 165, 119, 61, 254, 70, 133, 81, 189, 187, 143, 203, 124,
       227, 98, 244, 85, 94, 243, 89, 121, 148, 164, 121, 196, 51, 195,
       207, 0, 211, 168, 17, 248, 233, 104, 124, 29, 58, 167, 85, 244,
       119, 107, 153, 172, 56, 13, 242, 29, 156, 88, 20, 226, 51, 189,
       90, 215, 104, 250, 50, 197, 8, 158, 167, 152, 93, 9, 39, 65, 29,
