%YAML:1.0
descriptors: !!opencv-matrix
   rows: 71
   cols: 64
   dt: u
   data: [ 62, 249, 255, 254, 63, 253, 253, 126, 255, 252, 221, 253, 255,
       126, 188, 127, 255, 254, 99, 251, 245, 127, 211, 247, 253, 255,
       247, 255, 127, 255, 247, 235, 223, 108, 87, 190, 223, 120, 249,
       125, 120, 93, 255, 47, 245, 53, 247, 111, 185, 174, 152, 15, 240,
       29, 156, 93, 48, 243, 115, 191, 123, 223, 40, 250, 127, 183, 253,
       183, 255, 247, 187, 253, 254, 247, 215, 254, 253, 127, 179, 87,
       251, 223, 99, 119, 253, 39, 195, 118, 205, 255, 253, 239, 82, 30,
       243, 235, 215, 44, 85, 190, 83, 120, 233, 116, 120, 92, 56, 47,
       213, 21, 247, 111, 153, 172, 24, 5, 240, 29, 156, 73, 16, 242, 51,
       189, 88, 87, 32, 250, 63, 254, 125, 239, 191, 253, 255, 121, 255,
       255, 255, 255, 253, 127, 252, 253, 255, 255, 99, 251, 245, 119,
       211, 119, 253, 255, 245, 255, 126, 255, 247, 235, 223, 108, 215,
       190, 255, 120, 249, 125, 120, 93, 123, 47, 213, 117, 247, 111,
       185, 174, 152, 15, 240, 29, 156, 89, 48, 243, 55, 189, 250, 215,
       44, 250, 124, 63, 247, 245, 114, 119, 225, 255, 253, 220, 202, 53,
       85, 254, 251, 230, 243, 220, 203, 102, 125, 173, 214, 179, 95,
       234, 166, 141, 216, 222, 58, 187, 226, 38, 85, 186, 82, 114, 201,
       116, 216, 85, 24, 14, 196, 167, 193, 110, 153, 44, 28, 5, 242, 29,
       157, 73, 16, 242, 115, 189, 90, 86, 33, 248, 252, 57, 255, 150,
       51, 71, 57, 126, 247, 197, 215, 240, 127, 186, 178, 94, 251, 213,
       115, 103, 21, 7, 227, 55, 93, 251, 188, 45, 82, 140, 116, 169,
       214, 37, 116, 186, 82, 120, 201, 124, 112, 93, 60, 47, 217, 28,
       245, 110, 153, 172, 24, 5, 240, 29, 156, 73, 16, 242, 51, 189, 88,
       87, 32, 250, 252, 57, 255, 183, 114, 207, 123, 111, 255, 197, 215,
       240, 255, 186, 178, 222, 250, 213, 123, 111, 63, 29, 231, 55, 221,
       251, 188, 61, 114, 152, 116, 169, 215, 37, 116, 191, 210, 125,
       193, 124, 208, 93, 61, 47, 219, 28, 241, 110, 157, 172, 24, 5,
       240, 29, 157, 77, 88, 246, 51, 253, 89, 23, 32, 251, 254, 58, 247,
       243, 222, 231, 227, 252, 204, 191, 210, 127, 239, 202, 219, 252,
       242, 213, 123, 118, 255, 143, 239, 253, 175, 234, 126, 175, 214,
       217, 115, 190, 103, 175, 109, 223, 94, 183, 253, 214, 217, 84,
       215, 30, 75, 171, 9, 181, 254, 60, 221, 177, 243, 191, 157, 115,
       192, 188, 225, 251, 220, 14, 48, 244, 237, 255, 247, 121, 248,
       255, 235, 254, 249, 191, 202, 191, 231, 207, 239, 235, 235, 237,
       251, 111, 127, 143, 95, 221, 199, 255, 63, 167, 223, 79, 122, 190,
       207, 71, 255, 255, 20, 191, 253, 119, 125, 124, 250, 247, 127,
       249, 63, 179, 252, 189, 124, 247, 209, 255, 140, 100, 212, 188,
       205, 239, 255, 199, 253, 182, 108, 42, 239, 168, 18, 127, 161,
       255, 253, 220, 222, 53, 89, 190, 251, 230, 203, 220, 227, 108,
       113, 147, 212, 181, 93, 237, 28, 133, 107, 222, 58, 235, 229, 36,
       71, 186, 86, 114, 205, 124, 248, 85, 52, 46, 85, 167, 102, 236,
       153, 44, 159, 13, 242, 29, 156, 89, 16, 224, 43, 188, 91, 86, 40,
       250, 93, 255, 247, 253, 120, 127, 253, 242, 189, 252, 206, 215,
       223, 253, 249, 238, 251, 253, 255, 111, 247, 109, 196, 251, 239,
       126, 183, 214, 124, 71, 126, 255, 223, 115, 117, 189, 212, 254,
       255, 125, 125, 61, 251, 118, 239, 163, 255, 239, 173, 173, 237,
       223, 248, 127, 159, 77, 127, 254, 119, 239, 251, 111, 133, 254,
       186, 240, 125, 119, 255, 181, 223, 185, 222, 63, 85, 251, 191,
       106, 182, 84, 118, 215, 94, 179, 253, 127, 227, 124, 188, 254,
       247, 255, 254, 249, 247, 238, 135, 237, 140, 247, 255, 121, 250,
       255, 89, 207, 231, 105, 241, 117, 191, 127, 191, 254, 153, 79,
       252, 165, 220, 241, 126, 183, 247, 251, 251, 191, 188, 255, 250,
       252, 251, 255, 255, 255, 95, 153, 223, 231, 253, 250, 191, 202,
       118, 255, 255, 247, 126, 119, 190, 247, 251, 125, 255, 247, 255,
       63, 211, 251, 247, 239, 199, 173, 151, 223, 202, 125, 255, 127,
       114, 219, 229, 121, 215, 28, 253, 55, 223, 174, 146, 141, 252,
       189, 180, 243, 112, 190, 249, 191, 255, 221, 60, 254, 251, 61,
       255, 247, 255, 167, 91, 255, 222, 101, 247, 123, 255, 202, 146,
       94, 242, 213, 127, 119, 254, 143, 171, 61, 190, 234, 254, 63, 210,
       25, 118, 175, 99, 47, 52, 255, 198, 117, 247, 223, 219, 202, 213,
       222, 201, 46, 201, 151, 205, 164, 83, 181, 105, 254, 149, 227,
       208, 190, 113, 219, 252, 20, 48, 189, 109, 47, 231, 217, 216, 255,
       227, 127, 188, 220, 70, 53, 219, 255, 251, 236, 235, 213, 251,
       102, 247, 45, 214, 243, 95, 255, 159, 37, 120, 90, 50, 75, 215,
       39, 85, 187, 82, 114, 253, 124, 116, 116, 184, 175, 93, 188, 245,
       239, 157, 172, 24, 5, 241, 29, 156, 73, 80, 254, 115, 189, 90, 87,
       33, 250, 179, 212, 24, 14, 223, 136, 23, 8, 54, 65, 61, 234, 172,
       11, 100, 21, 255, 183, 36, 145, 192, 34, 161, 100, 96, 213, 121,
       47, 147, 59, 193, 109, 148, 172, 20, 150, 66, 89, 169, 118, 115,
       222, 40, 43, 213, 20, 244, 77, 129, 164, 16, 4, 236, 1, 156, 73,
       16, 242, 50, 188, 24, 87, 32, 251, 163, 212, 0, 2, 221, 128, 7, 8,
       102, 65, 0, 106, 160, 11, 132, 21, 98, 247, 4, 16, 64, 34, 137,
       100, 68, 148, 121, 43, 146, 8, 1, 41, 148, 36, 20, 154, 66, 88,
       33, 116, 97, 74, 8, 11, 209, 16, 244, 5, 145, 164, 16, 4, 32, 24,
       140, 75, 16, 48, 48, 60, 24, 87, 32, 248, 62, 254, 97, 246, 63,
       61, 117, 111, 220, 124, 254, 241, 61, 94, 220, 246, 243, 244, 199,
       121, 245, 122, 249, 63, 61, 175, 229, 147, 127, 249, 117, 239,
       161, 236, 246, 190, 247, 242, 177, 255, 111, 223, 231, 253, 196,
       131, 181, 75, 170, 247, 223, 136, 238, 21, 191, 85, 32, 242, 247,
       250, 251, 222, 44, 220, 155, 222, 142, 101, 175, 240, 248, 176,
       24, 251, 80, 207, 138, 93, 67, 41, 173, 221, 165, 235, 228, 37,
       238, 121, 105, 95, 179, 242, 92, 103, 183, 255, 215, 240, 217, 32,
       119, 237, 232, 35, 121, 28, 107, 47, 247, 21, 255, 123, 185, 218,
       24, 5, 244, 157, 156, 73, 23, 211, 183, 191, 210, 87, 0, 254, 229,
       142, 231, 205, 253, 215, 147, 252, 188, 253, 174, 255, 139, 61,
       219, 237, 171, 213, 249, 43, 220, 3, 238, 120, 77, 237, 153, 39,
       255, 75, 51, 95, 245, 165, 85, 59, 86, 249, 237, 246, 115, 92,
       106, 62, 213, 142, 253, 113, 157, 173, 28, 37, 245, 255, 156, 75,
       80, 254, 179, 188, 218, 87, 48, 254, 42, 204, 140, 159, 43, 221,
       156, 5, 63, 254, 31, 140, 156, 44, 127, 142, 157, 179, 96, 179,
       220, 119, 219, 105, 89, 117, 181, 118, 73, 243, 223, 103, 199,
       184, 67, 32, 219, 200, 232, 106, 112, 93, 101, 175, 149, 20, 247,
       107, 153, 202, 24, 13, 246, 13, 152, 89, 27, 243, 187, 189, 243,
       211, 8, 238, 63, 50, 101, 160, 157, 164, 35, 120, 228, 127, 210,
       51, 237, 11, 144, 69, 226, 213, 3, 96, 201, 32, 130, 116, 76, 152,
       168, 43, 210, 12, 49, 107, 87, 36, 84, 186, 82, 120, 161, 116, 80,
       84, 24, 15, 192, 4, 228, 77, 153, 172, 24, 5, 240, 29, 156, 73,
       16, 242, 51, 188, 88, 87, 32, 248, 3, 193, 8, 146, 7, 136, 30, 8,
       103, 67, 57, 202, 170, 43, 100, 27, 228, 55, 36, 145, 134, 36,
       193, 99, 69, 214, 161, 47, 18, 58, 1, 97, 146, 44, 84, 154, 74,
       72, 235, 118, 96, 218, 40, 105, 151, 16, 245, 111, 145, 172, 16,
       5, 96, 17, 188, 75, 16, 242, 50, 189, 24, 87, 32, 250, 105, 7,
       183, 116, 17, 35, 237, 122, 240, 254, 232, 163, 98, 205, 129, 15,
       226, 173, 227, 87, 244, 47, 209, 247, 70, 106, 226, 134, 88, 4,
       96, 219, 239, 34, 84, 184, 85, 60, 97, 124, 120, 108, 58, 174,
       215, 113, 131, 111, 184, 172, 24, 5, 240, 28, 156, 65, 23, 242,
       119, 159, 90, 86, 161, 122, 125, 63, 247, 177, 220, 183, 35, 255,
       220, 255, 210, 55, 239, 203, 147, 71, 250, 213, 123, 102, 253,
       135, 202, 253, 14, 234, 62, 175, 210, 12, 112, 171, 87, 39, 85,
       191, 86, 124, 101, 116, 248, 84, 26, 142, 73, 41, 65, 215, 157,
