%YAML:1.0
descriptors: !!opencv-matrix
   rows: 28
   cols: 64
   dt: u
   data: [ 173, 239, 255, 255, 251, 253, 247, 253, 253, 253, 236, 255,
       255, 127, 255, 237, 251, 189, 255, 123, 255, 127, 127, 255, 247,
       255, 87, 183, 239, 223, 127, 255, 207, 239, 111, 254, 255, 251,
       255, 62, 127, 255, 250, 247, 253, 247, 255, 243, 189, 255, 239,
       127, 255, 159, 223, 125, 63, 254, 255, 175, 251, 255, 239, 222,
       249, 154, 215, 247, 253, 242, 247, 254, 124, 249, 212, 251, 175,
       91, 131, 89, 235, 213, 185, 59, 228, 45, 239, 127, 103, 203, 114,
       167, 94, 65, 35, 239, 223, 163, 125, 49, 119, 249, 253, 117, 113,
       92, 250, 63, 221, 21, 219, 227, 185, 252, 24, 5, 244, 189, 156,
       73, 22, 242, 183, 159, 218, 87, 165, 254, 93, 45, 255, 253, 48,
       231, 249, 255, 149, 254, 252, 189, 83, 234, 155, 238, 235, 220,
       243, 107, 191, 173, 230, 187, 13, 235, 182, 175, 81, 77, 55, 255,
       247, 38, 117, 186, 87, 124, 233, 116, 120, 124, 185, 46, 255, 21,
       83, 111, 153, 172, 58, 5, 240, 29, 156, 72, 16, 242, 59, 253, 89,
       87, 33, 254, 62, 187, 253, 254, 54, 253, 253, 111, 127, 254, 215,
       245, 125, 127, 189, 222, 255, 222, 97, 251, 245, 124, 211, 243,
       253, 255, 227, 255, 110, 255, 245, 235, 215, 116, 87, 186, 223,
       120, 249, 125, 116, 93, 249, 47, 245, 21, 247, 111, 155, 174, 153,
       15, 240, 29, 156, 93, 56, 243, 115, 189, 91, 223, 40, 250, 108,
       47, 247, 253, 98, 127, 227, 255, 221, 252, 234, 149, 81, 180, 251,
       238, 131, 221, 219, 110, 252, 153, 222, 155, 95, 109, 142, 132,
       109, 199, 62, 223, 105, 3, 119, 185, 149, 246, 221, 60, 191, 53,
       213, 54, 110, 175, 111, 226, 143, 41, 239, 253, 211, 95, 157, 92,
       197, 236, 75, 236, 75, 14, 11, 244, 108, 141, 239, 184, 2, 127,
       181, 119, 181, 222, 68, 195, 83, 184, 191, 207, 203, 125, 227,
       111, 116, 85, 210, 243, 89, 107, 148, 164, 121, 196, 50, 233, 223,
       0, 243, 160, 119, 120, 233, 120, 120, 29, 62, 39, 215, 53, 119,
       238, 187, 168, 185, 29, 240, 29, 156, 92, 54, 242, 55, 253, 91,
       215, 76, 250, 55, 182, 245, 131, 255, 159, 135, 124, 238, 85, 146,
       118, 237, 127, 187, 85, 246, 247, 107, 118, 213, 103, 211, 119,
       206, 234, 252, 111, 62, 28, 209, 107, 215, 44, 87, 190, 82, 120,
       233, 116, 116, 92, 24, 175, 213, 16, 245, 79, 153, 172, 24, 5,
       240, 29, 156, 73, 16, 242, 51, 189, 88, 87, 32, 250, 6, 206, 12,
       139, 175, 153, 134, 1, 61, 251, 6, 202, 152, 59, 109, 141, 141,
       187, 33, 187, 196, 116, 90, 121, 113, 85, 17, 118, 60, 83, 19, 83,
       215, 208, 219, 32, 115, 217, 232, 34, 116, 29, 106, 45, 149, 212,
       119, 99, 155, 216, 24, 5, 244, 5, 217, 92, 18, 211, 182, 181, 210,
       219, 104, 250, 43, 222, 108, 203, 191, 253, 213, 57, 189, 255,
       252, 203, 173, 61, 124, 77, 153, 253, 239, 187, 244, 118, 218,
       125, 113, 247, 21, 54, 125, 83, 127, 255, 207, 232, 219, 36, 255,
       249, 248, 59, 127, 223, 106, 173, 215, 241, 116, 115, 186, 219,
       152, 13, 254, 165, 222, 92, 62, 214, 246, 191, 243, 219, 108, 222,
       175, 246, 117, 163, 223, 165, 133, 88, 230, 93, 160, 123, 237, 75,
       164, 85, 226, 245, 39, 96, 193, 6, 129, 116, 78, 156, 185, 43,
       210, 14, 113, 123, 215, 36, 84, 186, 82, 112, 41, 116, 112, 78,
       24, 15, 213, 20, 244, 77, 153, 172, 24, 5, 240, 28, 156, 73, 16,
       242, 51, 188, 88, 87, 32, 248, 68, 2, 131, 161, 217, 160, 163,
       204, 136, 251, 66, 21, 129, 5, 139, 1, 74, 93, 137, 98, 200, 5,
       206, 121, 78, 200, 42, 39, 82, 1, 33, 79, 119, 163, 93, 59, 49,
       254, 45, 54, 193, 68, 74, 14, 71, 4, 73, 211, 24, 44, 24, 37, 245,
       28, 156, 105, 144, 234, 163, 189, 72, 71, 48, 246, 71, 36, 65,
       163, 217, 128, 3, 76, 128, 107, 2, 49, 161, 75, 129, 65, 98, 85,
       1, 96, 201, 33, 138, 104, 76, 136, 40, 15, 210, 8, 33, 79, 119,
       38, 20, 186, 18, 112, 37, 214, 208, 64, 24, 10, 64, 20, 201, 87,
       25, 36, 24, 4, 96, 28, 156, 73, 16, 242, 51, 188, 72, 6, 32, 240,
       63, 254, 125, 255, 191, 253, 223, 56, 255, 255, 221, 255, 253,
       127, 252, 93, 255, 247, 110, 251, 245, 118, 211, 127, 253, 255,
       247, 127, 126, 127, 247, 255, 223, 252, 223, 190, 254, 121, 249,
       127, 120, 93, 123, 47, 245, 117, 245, 111, 187, 191, 24, 15, 240,
       29, 222, 93, 48, 243, 247, 191, 251, 223, 44, 254, 79, 221, 174,
       252, 47, 187, 124, 83, 53, 251, 233, 202, 158, 200, 100, 95, 141,
       253, 53, 251, 166, 127, 208, 123, 101, 95, 179, 118, 89, 119, 181,
       231, 215, 178, 223, 41, 243, 252, 250, 115, 112, 238, 255, 109,
       247, 21, 247, 123, 157, 234, 24, 5, 238, 93, 252, 76, 147, 243,
       243, 191, 221, 123, 137, 182, 247, 252, 254, 143, 255, 94, 223,
       139, 255, 245, 61, 251, 191, 255, 254, 125, 255, 183, 60, 179,
       213, 87, 211, 103, 247, 215, 249, 127, 191, 251, 215, 107, 135,
       236, 87, 246, 250, 89, 235, 124, 114, 95, 104, 173, 149, 84, 245,
       109, 217, 172, 24, 13, 240, 21, 156, 75, 48, 246, 50, 61, 90, 85,
       58, 250, 119, 245, 249, 222, 127, 158, 95, 13, 231, 103, 185, 184,
       255, 239, 180, 127, 247, 247, 34, 243, 159, 119, 243, 47, 220,
       199, 231, 127, 19, 188, 245, 107, 195, 44, 86, 191, 202, 120, 243,
       255, 114, 74, 41, 233, 215, 28, 245, 79, 153, 174, 24, 7, 96, 29,
       156, 73, 24, 243, 115, 189, 120, 86, 42, 249, 45, 174, 255, 184,
       24, 253, 165, 119, 189, 252, 206, 149, 81, 61, 185, 230, 139, 108,
       227, 106, 245, 113, 94, 243, 93, 125, 21, 164, 105, 198, 59, 203,
       207, 2, 71, 168, 53, 248, 233, 60, 124, 61, 58, 167, 117, 241,
       119, 107, 185, 172, 169, 25, 242, 29, 156, 92, 54, 226, 79, 173,
       202, 215, 109, 250, 191, 240, 125, 239, 255, 189, 223, 152, 255,
       255, 61, 250, 189, 127, 244, 93, 255, 247, 62, 251, 237, 119, 211,
       124, 237, 247, 247, 127, 126, 123, 247, 191, 215, 236, 223, 222,
       250, 121, 249, 119, 112, 95, 107, 45, 213, 20, 253, 63, 157, 190,
       24, 5, 248, 149, 156, 125, 24, 246, 50, 191, 248, 223, 40, 250,
       197, 47, 194, 177, 217, 226, 35, 206, 140, 235, 194, 54, 163, 207,
       130, 71, 234, 85, 33, 103, 77, 135, 230, 51, 78, 218, 184, 47,
       210, 10, 34, 11, 87, 37, 85, 187, 80, 124, 237, 84, 80, 84, 56,
       46, 193, 12, 225, 239, 153, 172, 24, 5, 240, 29, 156, 73, 16, 242,
       51, 189, 72, 87, 32, 250, 45, 38, 229, 32, 93, 183, 163, 122, 164,
       124, 194, 51, 233, 123, 177, 69, 194, 125, 67, 96, 241, 39, 216,
       247, 70, 56, 140, 135, 120, 20, 49, 203, 223, 44, 87, 186, 81, 56,
       41, 116, 124, 84, 26, 143, 85, 113, 211, 75, 24, 172, 24, 1, 240,
       29, 156, 73, 16, 242, 51, 189, 72, 87, 32, 250, 114, 49, 89, 150,
       62, 132, 27, 5, 198, 103, 17, 16, 157, 66, 144, 86, 118, 215, 0,
       99, 139, 33, 195, 38, 140, 130, 230, 79, 18, 56, 245, 105, 119,
       36, 20, 190, 66, 120, 131, 214, 82, 74, 21, 10, 208, 20, 193, 79,
       153, 172, 24, 5, 112, 24, 156, 73, 16, 242, 51, 185, 88, 86, 34,
       249, 92, 50, 97, 180, 28, 34, 43, 126, 192, 58, 210, 53, 65, 65,
       144, 66, 234, 221, 3, 96, 225, 33, 192, 115, 76, 152, 160, 143,
       82, 12, 49, 233, 87, 36, 85, 186, 82, 120, 225, 116, 120, 84, 24,
       15, 193, 21, 229, 111, 153, 172, 24, 5, 240, 29, 156, 73, 16, 242,
       51, 189, 88, 87, 32, 250, 50, 81, 88, 158, 55, 133, 95, 0, 199,
       102, 61, 144, 61, 106, 52, 86, 246, 214, 0, 227, 138, 50, 193, 39,
       220, 131, 231, 93, 18, 184, 213, 105, 211, 44, 22, 190, 66, 120,
       227, 124, 50, 202, 53, 41, 148, 20, 229, 79, 145, 172, 24, 5, 48,
       25, 156, 73, 16, 242, 59, 189, 88, 86, 32, 251, 45, 38, 109, 160,
       31, 191, 35, 125, 180, 126, 210, 53, 93, 63, 185, 69, 234, 252,
       67, 96, 241, 98, 208, 242, 93, 168, 164, 143, 120, 28, 49, 235,
       223, 36, 85, 186, 83, 122, 169, 124, 252, 92, 56, 175, 212, 49,
       247, 111, 153, 172, 24, 5, 240, 29, 156, 73, 16, 242, 51, 189, 88,
       87, 32, 250, 54, 181, 124, 142, 55, 157, 23, 81, 102, 68, 45, 48,
