%YAML:1.0
descriptors: !!opencv-matrix
   rows: 104
   cols: 64
   dt: u
   data: [ 62, 182, 125, 238, 63, 189, 189, 121, 255, 252, 222, 253, 253,
       126, 188, 84, 251, 254, 99, 115, 245, 118, 211, 119, 253, 254,
       245, 255, 126, 223, 245, 235, 215, 44, 87, 190, 223, 120, 233,
       125, 120, 93, 123, 47, 213, 53, 247, 111, 185, 172, 152, 13, 242,
       29, 156, 73, 16, 242, 51, 189, 90, 95, 40, 250, 60, 176, 253, 254,
       62, 181, 253, 122, 247, 254, 221, 241, 253, 126, 181, 94, 255,
       214, 99, 99, 245, 52, 195, 255, 205, 255, 245, 255, 90, 221, 245,
       235, 215, 36, 87, 190, 219, 120, 233, 117, 120, 92, 121, 47, 213,
       53, 247, 111, 153, 172, 24, 5, 240, 29, 156, 73, 16, 242, 51, 189,
       88, 87, 32, 250, 63, 179, 253, 244, 63, 253, 253, 124, 252, 252,
       222, 245, 253, 127, 185, 85, 251, 252, 99, 115, 245, 110, 195,
       119, 205, 254, 244, 255, 126, 95, 245, 235, 223, 44, 85, 190, 95,
       120, 249, 116, 120, 92, 58, 47, 213, 53, 247, 111, 153, 172, 24,
       5, 240, 29, 156, 73, 16, 242, 51, 189, 90, 87, 32, 250, 60, 181,
       253, 190, 54, 189, 249, 123, 246, 254, 215, 241, 253, 122, 188,
       86, 250, 222, 67, 99, 245, 36, 211, 247, 221, 186, 228, 223, 82,
       156, 245, 235, 223, 44, 87, 190, 219, 120, 233, 124, 120, 92, 57,
       47, 212, 53, 247, 111, 153, 172, 24, 5, 240, 29, 156, 73, 16, 242,
       51, 189, 88, 87, 32, 250, 61, 255, 255, 252, 63, 191, 253, 123,
       245, 252, 253, 251, 255, 126, 180, 95, 251, 253, 99, 123, 245,
       127, 211, 247, 253, 255, 247, 255, 127, 223, 245, 235, 223, 44,
       87, 190, 215, 120, 249, 125, 122, 95, 123, 47, 213, 53, 247, 111,
       153, 172, 24, 13, 240, 29, 156, 73, 48, 242, 115, 191, 90, 215,
       42, 251, 61, 182, 253, 166, 63, 189, 191, 124, 246, 252, 254, 243,
       253, 127, 187, 85, 251, 245, 99, 99, 245, 103, 211, 119, 205, 255,
       245, 191, 122, 92, 117, 235, 215, 36, 87, 190, 82, 120, 233, 116,
       120, 92, 58, 47, 213, 21, 245, 111, 153, 172, 24, 5, 240, 29, 156,
       73, 16, 242, 51, 189, 88, 87, 32, 250, 61, 181, 125, 238, 55, 253,
       255, 121, 247, 220, 222, 247, 253, 127, 188, 117, 251, 247, 67,
       99, 245, 118, 211, 119, 253, 254, 245, 127, 126, 222, 247, 235,
       215, 44, 87, 190, 210, 120, 233, 124, 120, 93, 58, 47, 213, 52,
       245, 111, 153, 172, 24, 13, 240, 29, 156, 73, 16, 242, 51, 189,
       90, 87, 32, 250, 31, 183, 93, 2, 62, 185, 148, 121, 114, 26, 214,
       117, 252, 119, 168, 81, 234, 214, 1, 96, 197, 32, 195, 115, 204,
       154, 224, 79, 82, 12, 177, 104, 215, 36, 85, 186, 90, 120, 233,
       116, 112, 92, 56, 47, 212, 20, 245, 111, 153, 172, 24, 5, 240, 29,
       156, 73, 16, 242, 51, 189, 88, 87, 32, 250, 14, 49, 221, 30, 54,
       145, 28, 94, 242, 130, 133, 176, 124, 50, 164, 83, 234, 214, 2,
       115, 193, 48, 65, 247, 196, 146, 224, 13, 82, 12, 149, 96, 215,
       36, 87, 190, 90, 120, 233, 116, 112, 93, 56, 47, 212, 84, 245,
       111, 153, 172, 24, 5, 240, 29, 156, 73, 16, 242, 51, 189, 88, 87,
       32, 250, 55, 49, 81, 150, 30, 134, 27, 78, 198, 36, 21, 49, 45,
       75, 144, 81, 242, 214, 0, 98, 193, 34, 193, 103, 76, 138, 164, 13,
       18, 8, 81, 105, 215, 36, 20, 186, 82, 120, 1, 116, 80, 72, 24, 14,
       192, 20, 193, 79, 153, 172, 24, 5, 240, 24, 156, 73, 16, 242, 51,
       189, 88, 87, 32, 248, 35, 36, 65, 2, 27, 136, 4, 9, 66, 0, 5, 52,
       176, 38, 164, 80, 234, 150, 0, 64, 193, 32, 193, 101, 76, 144,
       160, 13, 18, 8, 17, 104, 149, 36, 85, 154, 66, 120, 9, 84, 32, 88,
       24, 41, 212, 20, 244, 79, 145, 172, 24, 4, 176, 25, 156, 73, 16,
       114, 50, 188, 88, 87, 32, 250, 71, 34, 65, 160, 217, 32, 35, 204,
       192, 42, 192, 48, 97, 131, 129, 67, 98, 84, 5, 96, 73, 128, 172,
       56, 14, 136, 40, 9, 210, 8, 33, 93, 112, 39, 20, 187, 0, 118, 5,
       214, 130, 66, 24, 10, 72, 15, 72, 148, 9, 36, 80, 4, 96, 30, 133,
       73, 144, 224, 33, 156, 76, 6, 34, 177, 45, 46, 237, 168, 25, 255,
       165, 126, 181, 254, 206, 181, 81, 61, 185, 199, 203, 124, 227, 96,
       241, 67, 218, 115, 93, 237, 4, 135, 88, 4, 49, 203, 221, 0, 87,
       186, 81, 122, 233, 60, 120, 84, 56, 167, 85, 177, 119, 107, 153,
       172, 24, 4, 240, 29, 156, 8, 16, 226, 35, 189, 74, 87, 32, 250,
       69, 34, 81, 160, 217, 32, 35, 200, 192, 42, 192, 52, 97, 3, 129,
       65, 98, 68, 5, 96, 9, 128, 172, 56, 14, 136, 40, 9, 210, 8, 33,
       95, 112, 167, 60, 155, 0, 246, 5, 214, 131, 66, 24, 10, 74, 15,
       72, 144, 8, 37, 80, 36, 64, 30, 133, 9, 144, 232, 33, 140, 76, 6,
       34, 177, 133, 34, 65, 164, 216, 32, 35, 200, 192, 41, 194, 115,
       225, 3, 128, 65, 98, 69, 133, 96, 193, 136, 136, 120, 14, 136, 8,
       3, 210, 8, 33, 95, 112, 167, 60, 155, 32, 246, 5, 150, 129, 66,
       24, 2, 72, 12, 72, 145, 72, 53, 80, 52, 65, 150, 133, 41, 128,
       168, 33, 136, 76, 6, 50, 181, 183, 176, 81, 166, 217, 136, 39, 8,
       86, 65, 100, 115, 163, 74, 132, 84, 98, 151, 5, 65, 193, 44, 169,
       100, 106, 222, 121, 43, 210, 10, 35, 45, 150, 39, 52, 178, 35, 88,
       45, 244, 81, 208, 24, 3, 201, 16, 252, 197, 137, 36, 89, 4, 252,
       6, 140, 193, 16, 176, 51, 184, 24, 23, 32, 248, 23, 177, 93, 30,
       55, 153, 156, 24, 115, 128, 5, 240, 188, 114, 172, 83, 238, 214,
       0, 51, 197, 48, 65, 103, 193, 146, 224, 93, 18, 8, 149, 96, 215,
       36, 85, 190, 82, 120, 235, 117, 112, 93, 56, 47, 148, 84, 245,
       111, 145, 172, 24, 5, 240, 29, 156, 73, 16, 242, 50, 189, 88, 87,
       32, 250, 69, 38, 65, 128, 217, 130, 3, 72, 128, 96, 0, 54, 129,
       195, 130, 65, 98, 85, 1, 100, 73, 133, 138, 96, 78, 136, 40, 13,
       146, 8, 33, 9, 80, 37, 20, 187, 0, 112, 5, 84, 0, 64, 24, 10, 65,
       12, 192, 133, 25, 36, 24, 4, 113, 24, 140, 73, 16, 112, 35, 156,
       72, 6, 32, 248, 18, 17, 81, 150, 255, 128, 95, 8, 70, 69, 17, 82,
       189, 106, 48, 80, 246, 215, 4, 98, 206, 40, 128, 98, 204, 154,
       227, 13, 146, 40, 81, 41, 210, 36, 20, 186, 66, 120, 195, 84, 80,
       72, 24, 11, 192, 20, 229, 79, 153, 172, 16, 5, 112, 24, 156, 73,
       16, 242, 51, 189, 88, 87, 32, 248, 50, 17, 16, 150, 129, 128, 30,
       9, 70, 64, 17, 0, 177, 66, 4, 16, 118, 150, 0, 66, 194, 40, 129,
       70, 204, 130, 224, 13, 18, 40, 145, 40, 198, 36, 20, 190, 2, 104,
       195, 84, 0, 74, 16, 11, 208, 20, 165, 79, 145, 164, 24, 5, 48, 24,
       156, 73, 16, 114, 51, 185, 88, 86, 32, 248, 125, 55, 119, 209,
       152, 37, 169, 252, 228, 254, 194, 53, 69, 239, 219, 230, 242, 244,
       195, 106, 121, 170, 140, 188, 28, 168, 38, 137, 218, 140, 121,
       191, 112, 39, 124, 191, 20, 246, 21, 220, 156, 64, 152, 158, 74,
       162, 72, 212, 136, 45, 116, 48, 98, 30, 133, 69, 136, 120, 105,
       216, 206, 6, 35, 181, 5, 34, 209, 130, 24, 130, 129, 78, 130, 4,
       2, 48, 1, 10, 161, 65, 98, 84, 1, 96, 192, 5, 202, 99, 12, 128,
       32, 13, 18, 8, 17, 73, 85, 36, 20, 186, 16, 120, 1, 84, 80, 64,
       24, 6, 64, 4, 65, 207, 25, 44, 24, 4, 112, 24, 156, 73, 16, 114,
       35, 156, 72, 23, 32, 250, 38, 230, 97, 138, 217, 140, 7, 73, 164,
       70, 41, 186, 145, 107, 180, 77, 194, 117, 37, 100, 138, 38, 144,
       96, 92, 213, 153, 45, 146, 26, 49, 9, 194, 36, 86, 154, 66, 120,
       33, 118, 34, 90, 56, 169, 85, 28, 244, 15, 25, 172, 16, 4, 96, 29,
       140, 9, 16, 242, 49, 189, 88, 87, 32, 249, 69, 2, 193, 176, 89,
       34, 33, 78, 36, 46, 192, 20, 65, 137, 131, 3, 192, 92, 3, 96, 64,
       129, 196, 51, 14, 136, 136, 1, 208, 4, 48, 73, 113, 36, 20, 186,
       82, 112, 1, 212, 80, 64, 24, 14, 64, 4, 192, 76, 25, 44, 24, 4,
       112, 28, 156, 73, 16, 226, 35, 156, 72, 22, 32, 241, 46, 166, 237,
       168, 62, 253, 181, 125, 189, 254, 214, 245, 217, 62, 189, 68, 137,
       253, 67, 97, 245, 119, 218, 243, 93, 252, 132, 183, 124, 215, 53,
       203, 215, 40, 87, 186, 95, 120, 233, 124, 124, 93, 122, 47, 213,
       53, 247, 107, 153, 172, 24, 13, 242, 29, 156, 89, 16, 242, 51,
