%YAML:1.0
descriptors: !!opencv-matrix
   rows: 86
   cols: 64
   dt: u
   data: [ 61, 157, 254, 254, 63, 253, 253, 119, 55, 252, 93, 209, 31,
       127, 189, 94, 255, 254, 97, 107, 245, 124, 211, 115, 253, 255,
       243, 255, 127, 215, 245, 235, 215, 100, 87, 186, 215, 120, 249,
       125, 112, 93, 251, 47, 245, 21, 247, 111, 155, 172, 153, 13, 240,
       29, 156, 93, 56, 242, 115, 191, 91, 215, 44, 250, 126, 49, 245,
       180, 222, 167, 47, 121, 196, 110, 211, 51, 253, 238, 178, 86, 242,
       213, 91, 100, 249, 39, 195, 117, 206, 232, 172, 173, 82, 156, 113,
       169, 87, 45, 85, 191, 82, 120, 133, 116, 120, 76, 24, 15, 197, 61,
       229, 79, 157, 172, 24, 5, 240, 60, 156, 73, 80, 246, 51, 189, 88,
       87, 32, 250, 252, 35, 247, 176, 218, 39, 39, 254, 228, 47, 208,
       51, 255, 234, 178, 70, 234, 213, 35, 102, 201, 167, 195, 119, 78,
       218, 188, 47, 210, 12, 50, 235, 87, 36, 84, 187, 82, 120, 101,
       116, 112, 64, 24, 15, 213, 20, 229, 79, 153, 172, 24, 5, 240, 28,
       156, 73, 16, 242, 51, 189, 88, 87, 32, 250, 253, 61, 246, 115,
       217, 99, 102, 246, 126, 189, 196, 251, 166, 219, 134, 223, 251,
       211, 251, 111, 127, 143, 239, 191, 139, 123, 250, 239, 251, 77,
       226, 167, 223, 39, 52, 247, 55, 245, 119, 116, 88, 126, 250, 119,
       219, 57, 95, 183, 253, 236, 127, 245, 213, 254, 152, 239, 214,
       252, 229, 127, 222, 117, 181, 254, 63, 254, 125, 239, 62, 253,
       253, 121, 255, 255, 223, 249, 253, 127, 252, 221, 251, 255, 99,
       251, 245, 118, 211, 255, 253, 255, 245, 255, 126, 255, 245, 239,
       223, 108, 215, 190, 255, 120, 249, 125, 124, 93, 123, 175, 213,
       117, 247, 111, 187, 190, 153, 15, 240, 29, 156, 93, 60, 242, 247,
       191, 251, 223, 44, 254, 254, 56, 243, 55, 255, 170, 95, 169, 218,
       41, 213, 123, 255, 194, 134, 88, 246, 135, 58, 214, 205, 143, 203,
       93, 142, 202, 248, 239, 194, 57, 231, 174, 159, 173, 4, 255, 126,
       61, 237, 119, 121, 220, 69, 27, 205, 29, 189, 149, 253, 166, 25,
       167, 240, 190, 28, 235, 84, 254, 181, 185, 60, 85, 48, 220, 255,
       53, 243, 54, 223, 166, 103, 122, 198, 45, 208, 115, 239, 203, 128,
       85, 242, 215, 63, 86, 243, 15, 139, 127, 142, 234, 110, 143, 210,
       24, 96, 236, 71, 175, 28, 191, 110, 52, 53, 214, 77, 64, 150, 203,
       201, 41, 153, 215, 236, 52, 25, 128, 98, 182, 140, 67, 72, 190,
       247, 155, 154, 7, 180, 124, 196, 43, 146, 49, 200, 162, 34, 212,
       40, 171, 2, 6, 194, 197, 139, 3, 106, 201, 185, 70, 207, 141, 75,
       217, 194, 74, 186, 238, 192, 4, 162, 6, 87, 7, 85, 187, 17, 188,
       101, 70, 96, 84, 24, 6, 77, 13, 235, 183, 152, 236, 24, 53, 241,
       125, 152, 203, 82, 252, 19, 181, 88, 115, 49, 234, 69, 47, 198,
       25, 200, 223, 34, 86, 40, 127, 2, 14, 210, 245, 187, 11, 200, 105,
       249, 102, 221, 197, 82, 179, 83, 122, 156, 228, 192, 4, 50, 3,
       215, 19, 71, 171, 81, 122, 237, 124, 244, 60, 56, 175, 213, 120,
       231, 231, 153, 172, 24, 5, 241, 93, 156, 203, 16, 254, 19, 181,
       88, 83, 32, 250, 237, 63, 247, 117, 116, 247, 251, 252, 249, 191,
       194, 189, 239, 155, 139, 203, 155, 237, 251, 127, 253, 235, 118,
       189, 197, 123, 254, 183, 93, 84, 98, 159, 127, 11, 255, 191, 221,
       191, 253, 125, 252, 108, 187, 190, 251, 233, 11, 114, 188, 190,
       124, 243, 241, 253, 220, 84, 228, 254, 215, 223, 255, 215, 237,
       114, 130, 69, 16, 214, 201, 0, 77, 11, 166, 98, 33, 2, 145, 234,
       164, 21, 102, 118, 4, 98, 14, 174, 144, 42, 70, 150, 163, 75, 146,
       40, 17, 77, 82, 166, 22, 154, 0, 96, 82, 198, 2, 234, 12, 73, 224,
       28, 197, 15, 1, 164, 16, 4, 40, 26, 133, 11, 17, 114, 112, 31, 92,
       84, 161, 185, 124, 49, 219, 215, 106, 151, 218, 97, 219, 171, 85,
       222, 215, 230, 147, 82, 62, 131, 122, 235, 159, 61, 195, 207, 185,
       82, 246, 255, 66, 173, 245, 238, 199, 157, 36, 47, 158, 249, 250,
       119, 88, 104, 229, 108, 179, 60, 147, 59, 159, 234, 169, 227, 245,
       125, 60, 223, 69, 255, 211, 251, 249, 51, 249, 238, 227, 205, 146,
       222, 99, 14, 213, 11, 167, 197, 5, 203, 183, 250, 54, 94, 175,
       247, 60, 111, 6, 47, 210, 103, 123, 223, 151, 63, 51, 170, 86, 41,
       151, 39, 112, 155, 130, 76, 254, 124, 115, 255, 189, 99, 189, 28,
       253, 239, 213, 160, 185, 221, 241, 102, 188, 207, 113, 254, 114,
       191, 89, 125, 151, 251, 193, 7, 1, 147, 217, 128, 3, 72, 128, 105,
       0, 83, 129, 67, 130, 1, 98, 85, 1, 98, 202, 41, 138, 106, 78, 138,
       50, 15, 146, 8, 33, 79, 87, 39, 20, 186, 16, 112, 103, 86, 65, 96,
       24, 74, 65, 20, 201, 83, 25, 36, 24, 4, 112, 26, 140, 73, 16, 112,
       51, 157, 72, 87, 33, 248, 64, 1, 1, 144, 0, 131, 43, 110, 0, 6,
       211, 4, 81, 4, 17, 2, 128, 92, 1, 100, 192, 33, 192, 19, 76, 136,
       128, 12, 64, 4, 49, 73, 87, 36, 81, 170, 18, 104, 0, 64, 16, 64,
       24, 14, 196, 20, 229, 78, 25, 172, 24, 5, 240, 28, 156, 73, 16,
       226, 51, 185, 72, 86, 32, 250, 72, 3, 169, 144, 34, 23, 42, 103,
       132, 198, 83, 4, 81, 4, 25, 2, 128, 93, 67, 100, 192, 33, 192,
       211, 76, 136, 132, 12, 64, 132, 49, 72, 87, 36, 85, 186, 82, 104,
       192, 64, 112, 92, 16, 46, 213, 20, 229, 110, 153, 172, 24, 5, 240,
       29, 156, 73, 16, 242, 51, 189, 72, 86, 32, 250, 193, 13, 130, 86,
       65, 2, 198, 14, 2, 129, 1, 195, 130, 201, 2, 10, 42, 85, 56, 39,
       6, 45, 226, 99, 74, 194, 146, 6, 18, 8, 0, 9, 151, 39, 48, 155, 0,
       76, 86, 4, 65, 96, 184, 99, 169, 28, 81, 239, 85, 160, 56, 213,
       81, 122, 188, 138, 81, 126, 112, 59, 64, 117, 145, 250, 212, 233,
       223, 223, 98, 79, 221, 239, 155, 197, 61, 219, 19, 246, 150, 234,
       171, 213, 120, 47, 6, 45, 230, 227, 43, 215, 183, 62, 69, 235, 22,
       43, 215, 55, 53, 219, 214, 125, 250, 117, 115, 255, 173, 103, 191,
       28, 245, 238, 223, 170, 123, 215, 241, 127, 188, 206, 81, 254,
       112, 107, 121, 125, 145, 250, 9, 7, 36, 32, 5, 183, 35, 118, 164,
       6, 194, 4, 72, 61, 49, 7, 136, 124, 67, 100, 240, 35, 208, 243,
       72, 40, 132, 132, 80, 4, 49, 201, 95, 32, 81, 168, 83, 40, 0, 72,
       124, 20, 24, 142, 213, 97, 231, 78, 24, 172, 24, 5, 240, 29, 156,
       73, 16, 226, 51, 189, 72, 87, 32, 250, 175, 196, 101, 170, 223,
       172, 39, 72, 173, 71, 40, 250, 155, 107, 244, 77, 194, 117, 37,
       100, 104, 70, 154, 112, 70, 223, 25, 39, 250, 10, 50, 9, 210, 100,
       86, 186, 67, 120, 45, 52, 118, 218, 56, 47, 213, 20, 244, 145, 25,
       164, 16, 4, 193, 29, 142, 9, 24, 244, 51, 189, 88, 87, 32, 186, 1,
       2, 0, 1, 137, 192, 160, 64, 40, 59, 2, 69, 128, 69, 9, 1, 200, 76,
       129, 32, 200, 0, 142, 121, 78, 152, 16, 34, 144, 3, 33, 95, 85,
       162, 81, 40, 112, 226, 45, 34, 64, 116, 8, 14, 68, 0, 96, 193, 24,
       76, 24, 4, 212, 29, 140, 8, 16, 96, 35, 189, 72, 87, 32, 254, 4,
       1, 161, 144, 0, 6, 32, 71, 0, 198, 3, 4, 65, 128, 155, 2, 136, 92,
       3, 102, 2, 160, 196, 3, 12, 136, 132, 8, 16, 4, 48, 72, 112, 6,
       85, 170, 0, 106, 1, 64, 128, 96, 16, 10, 66, 20, 65, 78, 25, 44,
       56, 5, 112, 29, 148, 8, 16, 98, 35, 189, 72, 86, 32, 242, 125,
       189, 239, 252, 54, 119, 125, 126, 209, 222, 245, 184, 79, 169,
       150, 202, 155, 236, 227, 109, 49, 209, 118, 151, 157, 107, 182,
       177, 105, 220, 118, 169, 204, 92, 183, 238, 222, 60, 209, 125,
       126, 238, 183, 175, 247, 177, 119, 110, 59, 172, 175, 219, 224,
       29, 54, 20, 236, 166, 91, 219, 123, 215, 109, 243, 252, 249, 255,
       222, 54, 127, 253, 127, 247, 252, 253, 251, 127, 254, 190, 222,
       255, 215, 123, 111, 247, 127, 227, 247, 255, 255, 247, 255, 123,
       223, 246, 235, 223, 44, 117, 254, 222, 124, 249, 125, 120, 223,
       255, 47, 253, 52, 245, 111, 159, 172, 25, 199, 240, 29, 156, 77,
       80, 246, 115, 255, 123, 87, 32, 250, 61, 253, 255, 254, 55, 255,
       253, 127, 255, 252, 252, 249, 127, 254, 190, 222, 251, 245, 243,
       123, 245, 127, 243, 247, 253, 255, 247, 191, 127, 223, 247, 235,
