%YAML:1.0
descriptors: !!opencv-matrix
   rows: 73
   cols: 64
   dt: u
   data: [ 63, 190, 253, 239, 62, 253, 253, 120, 255, 253, 254, 255, 255,
       127, 252, 253, 247, 255, 99, 107, 245, 102, 211, 127, 237, 255,
       245, 255, 126, 95, 247, 239, 215, 100, 85, 190, 87, 122, 249, 125,
       124, 92, 122, 47, 213, 23, 247, 111, 153, 172, 24, 5, 240, 29,
       157, 73, 16, 242, 51, 189, 90, 87, 32, 250, 63, 191, 255, 254, 55,
       191, 253, 122, 245, 254, 253, 243, 255, 126, 188, 95, 243, 255,
       99, 123, 245, 127, 211, 119, 221, 255, 247, 255, 122, 222, 245,
       235, 223, 44, 87, 190, 215, 120, 249, 125, 120, 93, 127, 47, 213,
       53, 247, 111, 153, 172, 24, 5, 242, 29, 156, 77, 16, 242, 51, 189,
       91, 87, 32, 250, 31, 176, 204, 191, 63, 241, 159, 28, 246, 190,
       148, 253, 189, 126, 55, 81, 253, 247, 99, 243, 229, 35, 195, 119,
       197, 255, 240, 111, 82, 77, 243, 227, 223, 44, 87, 190, 91, 120,
       233, 116, 120, 92, 56, 47, 213, 85, 247, 111, 153, 172, 24, 5,
       240, 29, 156, 73, 16, 242, 51, 189, 88, 87, 32, 250, 15, 38, 197,
       34, 30, 177, 130, 28, 240, 186, 130, 37, 252, 54, 35, 65, 232,
       245, 3, 242, 193, 35, 75, 126, 68, 216, 180, 143, 90, 76, 49, 98,
       215, 44, 85, 186, 90, 120, 233, 116, 120, 92, 56, 47, 213, 84,
       245, 111, 153, 172, 24, 5, 240, 29, 156, 73, 16, 242, 51, 189, 88,
       87, 32, 250, 63, 253, 255, 254, 55, 253, 253, 123, 255, 254, 253,
       249, 255, 122, 253, 127, 255, 255, 99, 123, 245, 119, 211, 119,
       253, 255, 243, 255, 127, 223, 247, 235, 223, 44, 215, 190, 223,
       120, 249, 125, 122, 95, 127, 47, 213, 53, 247, 111, 153, 172, 24,
       13, 242, 29, 156, 93, 16, 242, 115, 191, 91, 223, 40, 250, 191,
       254, 255, 255, 62, 253, 255, 253, 253, 255, 254, 255, 255, 127,
       251, 252, 243, 221, 123, 107, 245, 117, 215, 255, 253, 239, 247,
       191, 95, 95, 119, 255, 247, 44, 85, 190, 223, 123, 249, 245, 250,
       92, 123, 47, 213, 23, 247, 111, 153, 172, 24, 5, 240, 29, 157, 73,
       16, 242, 51, 189, 218, 87, 32, 254, 63, 146, 236, 185, 63, 255,
       179, 124, 188, 254, 222, 247, 189, 127, 187, 103, 251, 221, 99,
       99, 229, 103, 202, 127, 77, 234, 180, 47, 90, 77, 115, 239, 215,
       36, 85, 186, 83, 120, 233, 116, 120, 92, 56, 47, 213, 21, 247,
       111, 153, 172, 24, 5, 240, 29, 156, 73, 16, 242, 51, 189, 88, 87,
       32, 250, 94, 57, 147, 245, 120, 162, 250, 102, 90, 187, 83, 221,
       215, 194, 144, 90, 52, 207, 184, 75, 143, 45, 194, 91, 175, 202,
       226, 255, 66, 225, 245, 238, 87, 179, 60, 55, 191, 253, 250, 119,
       209, 108, 231, 106, 235, 12, 139, 123, 223, 234, 56, 247, 228,
       252, 60, 235, 71, 255, 243, 251, 249, 53, 145, 246, 70, 33, 193,
       144, 16, 130, 64, 71, 128, 34, 3, 16, 65, 194, 144, 66, 234, 85,
       1, 98, 199, 45, 194, 3, 14, 138, 166, 13, 82, 8, 48, 72, 87, 38,
       84, 186, 2, 120, 65, 84, 208, 96, 16, 10, 193, 20, 129, 79, 25,
       44, 24, 5, 112, 28, 156, 73, 16, 242, 51, 189, 72, 86, 32, 251,
       237, 175, 247, 246, 112, 47, 227, 127, 252, 221, 198, 115, 255,
       251, 186, 76, 226, 213, 251, 103, 119, 45, 195, 119, 95, 234, 182,
       175, 122, 140, 50, 169, 215, 39, 84, 187, 82, 126, 253, 252, 217,
       124, 56, 47, 217, 31, 245, 239, 153, 172, 24, 21, 240, 29, 157,
       73, 16, 254, 51, 189, 88, 87, 33, 250, 63, 213, 124, 142, 55, 125,
       149, 120, 191, 212, 255, 254, 189, 126, 253, 117, 255, 246, 67,
       243, 245, 114, 209, 118, 205, 191, 245, 123, 122, 94, 247, 235,
       215, 44, 85, 190, 82, 120, 233, 124, 112, 93, 56, 47, 212, 20,
       245, 111, 153, 172, 24, 5, 240, 29, 156, 73, 16, 242, 51, 189, 88,
       87, 32, 250, 62, 221, 253, 254, 63, 253, 253, 123, 191, 252, 223,
       253, 189, 126, 252, 220, 255, 246, 226, 123, 246, 126, 210, 127,
       125, 255, 247, 127, 127, 251, 127, 239, 207, 124, 199, 190, 246,
       122, 251, 125, 121, 221, 255, 111, 245, 53, 245, 111, 191, 190,
       153, 13, 242, 29, 158, 93, 56, 242, 255, 255, 251, 223, 173, 222,
       253, 61, 247, 247, 113, 103, 127, 254, 252, 253, 197, 251, 239,
       251, 150, 207, 235, 213, 63, 111, 111, 143, 231, 55, 79, 255, 187,
       191, 219, 13, 114, 175, 215, 39, 52, 251, 82, 125, 253, 117, 120,
       124, 184, 127, 255, 29, 253, 238, 221, 172, 90, 149, 241, 62, 156,
       73, 80, 254, 51, 191, 92, 87, 49, 250, 252, 63, 247, 247, 246,
       191, 127, 255, 253, 253, 214, 251, 255, 251, 178, 95, 250, 245,
       123, 111, 127, 175, 243, 119, 95, 250, 190, 191, 250, 220, 126,
       171, 215, 39, 86, 251, 82, 127, 245, 124, 216, 95, 184, 62, 217,
       12, 201, 239, 157, 172, 24, 133, 240, 63, 159, 73, 80, 254, 115,
       191, 88, 87, 49, 251, 51, 213, 109, 138, 23, 13, 21, 27, 230, 68,
       61, 0, 61, 59, 52, 85, 246, 246, 4, 112, 80, 2, 145, 103, 88, 149,
       225, 8, 115, 24, 80, 41, 192, 44, 22, 186, 66, 112, 129, 244, 114,
       219, 24, 143, 212, 20, 244, 76, 145, 172, 16, 12, 112, 29, 156,
       73, 16, 242, 51, 188, 88, 86, 34, 249, 63, 209, 125, 222, 55, 93,
       93, 106, 183, 196, 253, 242, 61, 122, 180, 126, 255, 214, 102,
       115, 86, 54, 192, 118, 125, 191, 245, 121, 115, 186, 118, 41, 214,
       44, 85, 190, 210, 120, 201, 125, 114, 223, 61, 47, 212, 20, 245,
       110, 153, 172, 24, 5, 240, 29, 156, 73, 16, 242, 51, 189, 88, 87,
       32, 250, 4, 34, 1, 161, 216, 196, 162, 197, 8, 170, 2, 20, 193, 0,
       155, 65, 202, 85, 3, 96, 200, 1, 206, 72, 12, 144, 28, 5, 146, 12,
       49, 90, 117, 132, 93, 155, 16, 242, 45, 22, 160, 64, 0, 8, 65,
       132, 64, 17, 25, 44, 24, 5, 145, 29, 140, 72, 144, 96, 35, 188,
       72, 71, 32, 242, 124, 47, 247, 212, 114, 79, 113, 103, 205, 196,
       207, 52, 87, 252, 187, 238, 242, 213, 99, 102, 215, 61, 210, 179,
       95, 234, 166, 13, 96, 220, 60, 233, 199, 39, 71, 186, 144, 122,
       219, 92, 144, 125, 149, 230, 237, 46, 229, 238, 157, 172, 153,
       221, 242, 29, 157, 73, 16, 250, 115, 189, 90, 6, 41, 250, 31, 50,
       81, 164, 21, 32, 169, 122, 214, 30, 208, 117, 101, 11, 145, 81,
       226, 212, 7, 96, 192, 32, 164, 122, 76, 152, 160, 9, 82, 8, 113,
       121, 112, 36, 60, 186, 82, 112, 1, 244, 81, 64, 26, 14, 194, 4,
       192, 76, 137, 164, 88, 5, 224, 28, 156, 73, 144, 242, 51, 156, 88,
       70, 32, 176, 157, 187, 255, 117, 54, 179, 249, 242, 209, 157, 213,
       247, 207, 241, 147, 74, 254, 207, 239, 235, 247, 109, 231, 247,
       169, 58, 246, 254, 124, 69, 244, 251, 223, 56, 52, 188, 223, 56,
       248, 117, 88, 29, 187, 38, 251, 33, 211, 111, 187, 174, 169, 195,
       240, 28, 152, 77, 55, 243, 119, 223, 121, 55, 165, 255, 69, 35,
       195, 177, 216, 194, 163, 236, 128, 188, 194, 55, 193, 229, 147,
       66, 234, 213, 3, 102, 200, 173, 206, 51, 78, 202, 180, 7, 210, 12,
       51, 75, 87, 38, 85, 186, 80, 120, 109, 116, 112, 84, 24, 14, 197,
       20, 225, 111, 153, 172, 24, 5, 240, 28, 156, 73, 16, 242, 51, 189,
       88, 87, 32, 250, 239, 252, 237, 170, 255, 191, 151, 88, 254, 119,
       189, 250, 191, 122, 246, 93, 235, 245, 39, 117, 197, 55, 210, 116,
       77, 223, 185, 47, 83, 26, 115, 107, 215, 44, 87, 186, 82, 120,
       233, 116, 114, 94, 56, 47, 213, 20, 245, 111, 153, 172, 24, 5,
       240, 29, 156, 73, 16, 242, 51, 189, 88, 87, 32, 251, 7, 162, 195,
       163, 221, 176, 163, 88, 188, 255, 2, 119, 161, 79, 177, 65, 202,
       85, 129, 34, 193, 37, 202, 121, 76, 154, 48, 39, 94, 9, 49, 95,
       87, 166, 93, 186, 112, 248, 109, 52, 65, 84, 10, 14, 65, 4, 217,
       83, 152, 60, 24, 5, 240, 21, 156, 73, 16, 242, 51, 189, 72, 87,
       32, 250, 124, 62, 255, 169, 250, 255, 179, 253, 221, 253, 222,
       189, 223, 190, 251, 238, 251, 221, 251, 107, 253, 21, 238, 189,
       95, 233, 188, 167, 125, 223, 63, 255, 253, 37, 85, 186, 87, 251,
       237, 116, 248, 93, 122, 46, 85, 167, 123, 225, 157, 172, 31, 5,
       242, 29, 156, 73, 84, 242, 43, 189, 219, 87, 32, 254, 84, 32, 209,
       144, 24, 131, 41, 110, 194, 174, 195, 52, 81, 130, 147, 66, 234,
