%YAML:1.0
descriptors: !!opencv-matrix
   rows: 93
   cols: 64
   dt: u
   data: [ 47, 222, 124, 239, 191, 253, 253, 89, 189, 255, 143, 236, 189,
       127, 252, 245, 159, 255, 227, 251, 245, 118, 83, 127, 117, 255,
       245, 255, 126, 247, 247, 227, 223, 92, 199, 174, 243, 120, 248,
       121, 124, 93, 122, 173, 245, 113, 247, 111, 185, 174, 152, 15,
       240, 29, 222, 89, 50, 243, 119, 189, 250, 219, 108, 250, 255, 61,
       255, 245, 255, 167, 123, 255, 206, 231, 213, 186, 255, 234, 182,
       94, 242, 213, 59, 103, 143, 143, 227, 63, 78, 202, 190, 47, 82,
       13, 114, 47, 215, 39, 20, 255, 66, 125, 229, 246, 80, 90, 56, 47,
       217, 28, 201, 191, 157, 172, 24, 5, 113, 61, 156, 75, 80, 254, 49,
       189, 88, 86, 50, 251, 246, 250, 251, 223, 255, 158, 159, 137, 238,
       255, 185, 250, 255, 106, 246, 125, 246, 215, 62, 119, 205, 183,
       195, 124, 207, 215, 255, 127, 215, 59, 247, 127, 215, 173, 92,
       191, 90, 121, 233, 247, 114, 94, 104, 61, 213, 28, 253, 61, 157,
       172, 24, 5, 240, 29, 156, 107, 16, 246, 51, 189, 92, 87, 48, 251,
       236, 47, 231, 245, 246, 111, 99, 255, 253, 245, 238, 187, 223,
       250, 190, 239, 251, 253, 123, 111, 127, 143, 246, 183, 95, 235,
       190, 175, 243, 220, 122, 171, 199, 39, 119, 251, 82, 125, 253,
       124, 120, 93, 48, 191, 221, 61, 253, 230, 157, 172, 152, 157, 241,
       127, 156, 73, 80, 252, 115, 189, 90, 87, 48, 250, 247, 254, 243,
       199, 255, 222, 155, 200, 254, 255, 187, 127, 175, 223, 251, 253,
       251, 215, 62, 103, 205, 143, 175, 124, 239, 223, 255, 47, 214, 11,
       115, 63, 119, 165, 93, 223, 82, 119, 237, 246, 241, 92, 104, 62,
       205, 14, 252, 181, 205, 173, 20, 37, 248, 191, 157, 107, 208, 252,
       49, 61, 92, 85, 48, 188, 61, 50, 253, 166, 63, 55, 191, 126, 244,
       124, 222, 119, 125, 127, 178, 85, 242, 253, 67, 96, 241, 39, 193,
       246, 204, 232, 244, 155, 122, 28, 115, 235, 223, 36, 85, 190, 83,
       120, 233, 124, 120, 92, 56, 47, 213, 53, 247, 111, 153, 172, 24,
       5, 240, 29, 156, 73, 16, 242, 51, 189, 88, 87, 32, 250, 237, 237,
       255, 253, 112, 127, 241, 254, 249, 221, 236, 253, 83, 253, 254,
       235, 171, 221, 255, 111, 127, 141, 230, 183, 111, 111, 150, 183,
       125, 71, 50, 191, 255, 39, 116, 251, 87, 127, 253, 244, 219, 127,
       186, 54, 251, 63, 91, 238, 221, 172, 126, 245, 209, 127, 157, 76,
       212, 254, 99, 255, 89, 119, 135, 251, 62, 185, 255, 254, 55, 255,
       249, 127, 255, 254, 221, 255, 255, 126, 191, 126, 255, 223, 99,
       251, 245, 127, 195, 247, 253, 255, 247, 255, 123, 255, 247, 235,
       223, 44, 87, 190, 223, 120, 249, 125, 120, 221, 247, 47, 213, 53,
       247, 111, 153, 174, 152, 7, 240, 29, 156, 89, 16, 242, 123, 189,
       123, 87, 32, 250, 191, 254, 127, 239, 255, 181, 255, 248, 254,
       255, 248, 251, 237, 107, 255, 253, 243, 246, 111, 122, 253, 122,
       191, 252, 175, 175, 231, 251, 223, 93, 247, 255, 127, 236, 222,
       255, 254, 245, 249, 255, 255, 78, 251, 159, 214, 179, 219, 95,
       170, 191, 94, 1, 234, 191, 159, 93, 156, 182, 255, 158, 254, 207,
       42, 181, 62, 242, 117, 126, 255, 43, 127, 124, 215, 62, 209, 53,
       125, 78, 180, 213, 250, 246, 195, 82, 245, 58, 169, 62, 134, 170,
       230, 219, 219, 125, 253, 238, 79, 173, 190, 191, 255, 246, 241,
       247, 223, 207, 215, 79, 234, 245, 175, 95, 172, 182, 94, 71, 226,
       190, 159, 81, 132, 178, 247, 155, 191, 78, 162, 53, 111, 36, 109,
       154, 23, 151, 23, 124, 231, 102, 189, 176, 125, 171, 180, 71, 226,
       244, 3, 100, 137, 227, 227, 53, 76, 168, 168, 13, 83, 28, 57, 41,
       208, 36, 20, 186, 66, 112, 1, 212, 18, 202, 24, 15, 208, 28, 228,
       14, 153, 172, 26, 4, 96, 29, 148, 73, 24, 242, 59, 188, 88, 86,
       34, 249, 76, 45, 255, 152, 18, 87, 37, 127, 165, 198, 205, 144,
       81, 188, 191, 206, 203, 124, 99, 100, 112, 209, 212, 179, 94, 237,
       148, 9, 113, 140, 50, 137, 212, 4, 87, 170, 16, 112, 193, 124, 52,
       93, 60, 39, 85, 52, 229, 238, 153, 172, 24, 5, 242, 29, 148, 73,
       24, 242, 35, 189, 88, 86, 32, 250, 124, 41, 235, 148, 18, 71, 121,
       111, 212, 228, 215, 180, 83, 166, 146, 78, 235, 84, 99, 103, 7,
       141, 228, 51, 13, 138, 182, 13, 82, 140, 52, 233, 215, 36, 52,
       186, 82, 124, 193, 84, 80, 88, 53, 46, 219, 20, 97, 110, 153, 172,
       24, 133, 240, 29, 156, 73, 16, 242, 51, 249, 89, 22, 32, 250, 13,
       175, 183, 168, 0, 111, 160, 119, 49, 220, 198, 5, 80, 53, 251,
       169, 239, 232, 227, 104, 244, 0, 84, 147, 219, 61, 20, 192, 109,
       198, 58, 193, 221, 0, 115, 184, 21, 114, 201, 108, 253, 21, 58,
       167, 108, 163, 119, 238, 153, 164, 108, 28, 242, 29, 154, 73, 54,
       226, 3, 165, 90, 71, 32, 250, 77, 110, 112, 41, 216, 250, 34, 197,
       9, 49, 234, 61, 192, 23, 201, 242, 235, 137, 155, 64, 237, 129,
       31, 152, 213, 93, 89, 231, 193, 15, 171, 214, 169, 131, 69, 171,
       49, 179, 237, 118, 168, 20, 88, 183, 69, 203, 46, 177, 140, 109,
       100, 48, 245, 255, 194, 233, 198, 236, 135, 164, 216, 66, 113, 4,
       61, 53, 245, 244, 118, 39, 125, 127, 214, 92, 209, 53, 109, 78,
       147, 85, 251, 212, 67, 102, 119, 42, 129, 246, 142, 186, 246, 217,
       218, 92, 244, 169, 70, 111, 188, 190, 214, 116, 81, 85, 93, 200,
       151, 206, 237, 161, 205, 78, 138, 180, 217, 201, 98, 190, 156, 81,
       232, 178, 123, 219, 254, 143, 173, 246, 191, 241, 213, 118, 252,
       162, 127, 58, 82, 33, 117, 115, 174, 67, 132, 89, 118, 207, 53,
       243, 231, 45, 161, 223, 170, 186, 227, 255, 250, 41, 229, 237,
       223, 229, 52, 182, 207, 24, 241, 247, 89, 202, 155, 203, 233, 17,
       255, 79, 136, 246, 73, 195, 108, 174, 30, 201, 108, 179, 247, 155,
       184, 119, 165, 205, 124, 253, 255, 254, 115, 123, 127, 75, 235,
       64, 237, 184, 127, 246, 236, 251, 251, 151, 187, 110, 7, 253, 17,
       55, 247, 223, 227, 253, 107, 238, 254, 232, 146, 71, 87, 223, 128,
       244, 255, 119, 62, 223, 252, 97, 253, 159, 245, 238, 221, 167, 38,
       247, 106, 53, 247, 79, 88, 254, 121, 175, 89, 110, 243, 211, 63,
       182, 125, 190, 63, 253, 187, 125, 252, 254, 214, 245, 253, 127,
       189, 84, 251, 221, 67, 115, 245, 99, 211, 255, 221, 251, 228, 191,
       122, 95, 113, 235, 223, 44, 85, 190, 91, 120, 233, 124, 120, 92,
       56, 47, 213, 53, 247, 111, 153, 172, 24, 5, 240, 29, 156, 73, 16,
       242, 51, 189, 88, 87, 32, 250, 125, 55, 247, 120, 54, 119, 41,
       126, 244, 190, 194, 49, 109, 202, 185, 199, 251, 252, 195, 110,
       121, 250, 212, 191, 140, 169, 166, 157, 90, 92, 116, 184, 104, 14,
       255, 191, 212, 52, 81, 117, 252, 68, 50, 142, 70, 225, 3, 126,
       184, 60, 124, 1, 226, 188, 156, 85, 148, 178, 107, 159, 255, 134,
       45, 178, 62, 179, 255, 246, 63, 247, 253, 127, 247, 252, 252, 241,
       255, 126, 182, 124, 251, 223, 99, 115, 245, 127, 195, 247, 221,
       255, 247, 255, 122, 223, 247, 235, 223, 44, 87, 190, 223, 120,
       249, 124, 120, 93, 59, 47, 213, 53, 247, 111, 153, 172, 24, 5,
       240, 29, 156, 73, 16, 242, 51, 189, 90, 87, 32, 250, 63, 182, 125,
       138, 63, 253, 149, 125, 255, 254, 150, 252, 253, 63, 189, 213,
       255, 246, 67, 48, 245, 114, 211, 119, 253, 181, 229, 123, 127, 95,
       245, 235, 215, 108, 215, 190, 218, 120, 233, 124, 116, 93, 58,
       175, 212, 52, 245, 111, 155, 172, 24, 13, 240, 29, 156, 89, 56,
       242, 51, 189, 90, 215, 44, 250, 15, 198, 109, 168, 31, 61, 167,
       92, 45, 94, 168, 202, 89, 57, 126, 197, 137, 124, 3, 96, 224, 80,
       216, 112, 77, 157, 25, 34, 253, 4, 49, 73, 213, 32, 215, 170, 82,
       112, 169, 48, 246, 94, 56, 47, 84, 150, 244, 73, 25, 172, 24, 4,
       209, 29, 159, 8, 16, 224, 35, 188, 72, 87, 32, 251, 5, 3, 1, 176,
       16, 34, 32, 70, 0, 2, 67, 20, 0, 131, 129, 3, 66, 76, 1, 100, 2,
       160, 192, 51, 12, 136, 160, 137, 82, 0, 48, 73, 112, 36, 84, 186,
       1, 114, 1, 212, 128, 64, 24, 10, 64, 4, 195, 78, 25, 44, 24, 5,
