%YAML:1.0
descriptors: !!opencv-matrix
   rows: 76
   cols: 64
   dt: u
   data: [ 62, 253, 255, 255, 63, 253, 253, 127, 255, 255, 221, 253, 255,
       126, 253, 222, 255, 254, 227, 123, 247, 127, 211, 255, 253, 255,
       247, 255, 127, 255, 247, 239, 223, 124, 215, 190, 255, 121, 249,
       125, 120, 93, 255, 111, 247, 53, 247, 111, 187, 174, 153, 79, 242,
       29, 156, 93, 52, 243, 127, 255, 251, 223, 173, 254, 62, 254, 255,
       255, 62, 253, 255, 121, 255, 255, 221, 253, 253, 127, 253, 253,
       255, 255, 107, 123, 245, 119, 219, 255, 253, 255, 247, 255, 127,
       255, 247, 255, 223, 252, 215, 190, 255, 249, 249, 127, 124, 93,
       251, 47, 245, 181, 247, 111, 187, 255, 153, 15, 246, 29, 156, 93,
       60, 247, 247, 255, 251, 223, 44, 254, 92, 41, 223, 214, 35, 3,
       126, 106, 118, 176, 215, 243, 255, 242, 178, 90, 246, 147, 97,
       247, 199, 45, 195, 247, 201, 90, 242, 255, 98, 140, 180, 232, 223,
       36, 70, 190, 91, 120, 249, 124, 112, 93, 57, 47, 209, 53, 247,
       111, 153, 174, 24, 5, 240, 29, 156, 73, 16, 242, 51, 189, 88, 87,
       32, 250, 251, 61, 255, 215, 255, 183, 91, 88, 238, 103, 149, 122,
       191, 251, 182, 93, 246, 247, 122, 118, 255, 255, 211, 119, 206,
       234, 250, 127, 242, 25, 247, 43, 215, 45, 22, 191, 194, 121, 247,
       127, 112, 219, 24, 15, 209, 28, 245, 15, 157, 172, 24, 5, 240, 61,
       156, 75, 88, 246, 115, 191, 88, 87, 48, 251, 246, 56, 243, 215,
       223, 135, 219, 233, 206, 111, 147, 126, 255, 206, 179, 92, 250,
       215, 62, 86, 207, 175, 139, 108, 158, 214, 255, 47, 146, 155, 247,
       63, 71, 175, 93, 223, 82, 125, 239, 86, 80, 72, 197, 90, 217, 28,
       185, 183, 221, 172, 24, 165, 241, 191, 156, 227, 80, 124, 112, 59,
       92, 85, 48, 254, 86, 48, 81, 183, 216, 130, 138, 201, 198, 162, 3,
       54, 225, 70, 147, 80, 226, 213, 1, 98, 203, 45, 194, 74, 12, 138,
       162, 15, 82, 8, 49, 110, 119, 36, 85, 187, 18, 120, 193, 86, 0,
       64, 16, 10, 193, 28, 193, 79, 153, 172, 24, 5, 112, 28, 156, 73,
       16, 242, 51, 189, 88, 71, 32, 242, 245, 45, 247, 212, 48, 7, 125,
       126, 194, 197, 129, 243, 99, 203, 150, 78, 170, 85, 54, 111, 23,
       173, 224, 167, 79, 251, 182, 15, 82, 12, 48, 105, 214, 39, 52,
       187, 0, 124, 211, 212, 81, 232, 185, 111, 171, 28, 117, 238, 217,
       164, 120, 213, 96, 26, 156, 74, 17, 250, 113, 251, 88, 117, 161,
       250, 45, 238, 109, 168, 63, 253, 181, 121, 189, 252, 222, 253,
       253, 60, 253, 197, 139, 252, 227, 121, 244, 114, 218, 245, 125,
       253, 21, 178, 124, 215, 63, 235, 223, 104, 215, 186, 215, 122,
       233, 60, 124, 93, 126, 47, 213, 181, 246, 107, 187, 172, 153, 13,
       242, 29, 156, 92, 60, 242, 55, 189, 219, 223, 44, 250, 190, 249,
       251, 247, 50, 133, 253, 233, 223, 239, 85, 255, 215, 238, 179, 94,
       250, 215, 54, 107, 143, 45, 198, 127, 173, 222, 183, 127, 82, 171,
       119, 127, 215, 37, 61, 255, 210, 125, 251, 119, 81, 76, 241, 110,
       255, 20, 217, 63, 153, 172, 24, 7, 240, 29, 156, 73, 16, 242, 51,
       255, 125, 87, 33, 254, 46, 163, 237, 168, 55, 189, 165, 123, 244,
       222, 214, 245, 249, 126, 188, 68, 194, 220, 99, 99, 245, 54, 192,
       119, 93, 190, 132, 131, 90, 222, 49, 233, 215, 36, 85, 186, 82,
       120, 233, 116, 120, 93, 56, 47, 212, 21, 245, 111, 153, 172, 24,
       5, 240, 29, 156, 73, 16, 242, 51, 189, 88, 87, 32, 250, 204, 33,
       227, 177, 16, 102, 41, 207, 4, 198, 67, 54, 83, 134, 147, 98, 202,
       92, 33, 103, 10, 133, 228, 50, 78, 136, 178, 9, 210, 8, 50, 25,
       112, 36, 85, 187, 16, 116, 65, 84, 16, 64, 24, 14, 74, 28, 65,
       172, 25, 44, 16, 5, 80, 30, 148, 73, 144, 240, 33, 188, 76, 86,
       32, 178, 6, 34, 195, 179, 216, 146, 139, 200, 200, 187, 130, 119,
       227, 66, 147, 65, 234, 213, 35, 98, 197, 37, 138, 127, 78, 218,
       51, 47, 210, 11, 51, 95, 87, 38, 93, 187, 82, 120, 237, 118, 240,
       84, 24, 14, 209, 20, 241, 107, 153, 172, 24, 5, 240, 29, 156, 73,
       16, 242, 51, 189, 88, 87, 32, 250, 54, 181, 253, 158, 55, 15, 93,
       107, 214, 102, 181, 176, 125, 106, 180, 86, 242, 215, 98, 115,
       215, 38, 193, 103, 220, 182, 229, 31, 82, 152, 117, 105, 215, 44,
       20, 190, 66, 120, 225, 124, 112, 218, 57, 47, 212, 20, 245, 111,
       153, 172, 24, 5, 240, 29, 156, 73, 16, 242, 51, 189, 88, 87, 32,
       250, 191, 254, 127, 239, 255, 253, 187, 248, 255, 253, 214, 255,
       255, 63, 251, 253, 254, 255, 127, 123, 253, 119, 219, 124, 237,
       254, 253, 255, 126, 95, 247, 255, 215, 108, 95, 190, 247, 123,
       233, 125, 253, 93, 123, 63, 213, 167, 255, 125, 189, 189, 24, 5,
       240, 157, 156, 77, 16, 246, 51, 189, 218, 95, 32, 254, 92, 32,
       227, 177, 216, 164, 43, 124, 192, 239, 209, 52, 193, 132, 147, 66,
       234, 213, 3, 98, 137, 165, 206, 57, 76, 200, 174, 47, 82, 13, 49,
       111, 115, 37, 21, 187, 82, 124, 37, 86, 16, 64, 24, 14, 195, 28,
       201, 23, 153, 44, 24, 5, 112, 28, 156, 73, 144, 242, 51, 157, 88,
       86, 32, 242, 191, 254, 255, 239, 255, 253, 255, 248, 252, 255,
       254, 251, 239, 95, 251, 253, 251, 245, 255, 123, 253, 87, 191,
       124, 239, 255, 125, 187, 255, 91, 119, 255, 223, 237, 223, 255,
       255, 245, 249, 119, 125, 93, 123, 63, 221, 161, 254, 53, 172, 189,
       28, 45, 250, 191, 158, 109, 116, 244, 183, 159, 254, 223, 44, 190,
       60, 187, 255, 252, 62, 63, 253, 123, 244, 94, 252, 241, 127, 127,
       180, 124, 242, 221, 99, 99, 245, 127, 209, 247, 222, 254, 231,
       159, 122, 222, 116, 235, 223, 44, 87, 190, 82, 120, 249, 124, 124,
       93, 56, 47, 213, 53, 247, 111, 153, 172, 24, 5, 240, 29, 156, 73,
       16, 242, 51, 189, 88, 87, 32, 250, 141, 14, 195, 33, 217, 226,
       163, 222, 184, 251, 194, 117, 131, 75, 131, 65, 234, 221, 169, 99,
       228, 5, 238, 121, 79, 218, 58, 39, 94, 9, 35, 79, 87, 167, 93,
       187, 113, 254, 109, 52, 193, 84, 26, 14, 203, 5, 89, 243, 152, 44,
       24, 5, 241, 29, 156, 73, 16, 240, 35, 189, 72, 87, 32, 250, 54,
       49, 249, 150, 62, 133, 89, 111, 214, 102, 149, 52, 125, 74, 176,
       84, 242, 214, 2, 98, 199, 44, 195, 111, 140, 138, 230, 15, 82, 57,
       117, 107, 215, 36, 20, 190, 82, 120, 225, 118, 80, 92, 25, 14,
       208, 20, 193, 79, 153, 172, 24, 5, 240, 29, 156, 73, 16, 242, 51,
       189, 88, 86, 32, 249, 237, 46, 231, 249, 248, 181, 161, 252, 188,
       255, 194, 63, 207, 253, 187, 79, 234, 253, 107, 98, 252, 197, 218,
       121, 79, 234, 186, 167, 248, 13, 51, 207, 215, 39, 85, 187, 82,
       127, 253, 116, 244, 92, 24, 62, 221, 128, 233, 243, 153, 172, 24,
       5, 241, 29, 156, 73, 16, 246, 51, 189, 88, 87, 32, 250, 58, 253,
       255, 222, 55, 223, 221, 63, 255, 253, 255, 253, 127, 254, 254,
       254, 255, 247, 114, 59, 247, 127, 243, 247, 253, 247, 247, 127,
       127, 251, 222, 235, 207, 110, 71, 190, 222, 123, 250, 125, 112,
       253, 247, 111, 181, 54, 245, 111, 191, 174, 155, 207, 242, 29,
       156, 93, 53, 243, 127, 255, 251, 253, 173, 250, 228, 34, 113, 129,
       217, 132, 131, 201, 174, 103, 130, 126, 209, 46, 179, 69, 234,
       213, 3, 96, 201, 135, 138, 112, 78, 220, 189, 47, 210, 10, 51, 59,
       213, 36, 85, 186, 82, 120, 45, 86, 112, 84, 24, 15, 213, 28, 244,
       21, 153, 172, 24, 5, 240, 29, 156, 73, 16, 242, 51, 188, 88, 87,
       32, 250, 191, 254, 127, 231, 255, 253, 223, 136, 255, 255, 222,
       255, 191, 127, 254, 93, 251, 247, 63, 59, 237, 87, 155, 124, 239,
       223, 127, 59, 254, 123, 247, 191, 215, 237, 95, 255, 254, 125,
       249, 127, 121, 92, 107, 63, 221, 21, 252, 53, 237, 191, 24, 5,
       248, 183, 156, 105, 80, 246, 182, 189, 254, 95, 48, 190, 191, 250,
       119, 231, 255, 252, 159, 152, 254, 93, 254, 127, 175, 95, 252,
       253, 243, 247, 63, 112, 229, 70, 187, 124, 239, 223, 121, 251,
       254, 123, 247, 191, 151, 237, 223, 215, 255, 119, 249, 245, 237,
       92, 91, 61, 221, 131, 252, 21, 236, 191, 28, 37, 252, 167, 143,
       105, 84, 244, 182, 175, 254, 95, 52, 188, 63, 255, 255, 255, 63,
