%YAML:1.0
descriptors: !!opencv-matrix
   rows: 41
   cols: 64
   dt: u
   data: [ 62, 189, 253, 254, 63, 253, 249, 127, 247, 252, 222, 245, 125,
       126, 253, 254, 255, 222, 227, 251, 245, 126, 209, 247, 253, 255,
       245, 251, 127, 223, 255, 235, 207, 44, 71, 190, 255, 120, 249,
       124, 120, 93, 247, 47, 212, 53, 247, 111, 187, 172, 153, 13, 240,
       29, 156, 89, 54, 242, 119, 189, 123, 223, 40, 250, 223, 185, 207,
       255, 127, 243, 219, 190, 127, 255, 214, 255, 255, 254, 59, 250,
       253, 223, 113, 247, 237, 125, 199, 115, 207, 251, 242, 255, 122,
       223, 247, 235, 215, 36, 85, 186, 91, 120, 249, 124, 112, 93, 124,
       47, 213, 21, 247, 111, 157, 172, 24, 5, 242, 29, 156, 73, 16, 242,
       51, 189, 89, 87, 32, 250, 157, 249, 219, 245, 61, 184, 251, 120,
       154, 249, 199, 251, 231, 83, 192, 91, 178, 223, 188, 107, 199, 45,
       194, 123, 237, 218, 243, 255, 94, 107, 101, 127, 215, 179, 124,
       187, 246, 253, 251, 247, 209, 124, 235, 111, 251, 21, 249, 123,
       153, 190, 56, 71, 252, 181, 188, 77, 21, 243, 247, 239, 248, 119,
       165, 255, 150, 250, 147, 103, 253, 186, 154, 216, 218, 59, 179,
       123, 227, 82, 192, 121, 246, 215, 46, 67, 197, 47, 171, 95, 239,
       223, 255, 111, 214, 43, 179, 126, 215, 165, 92, 159, 82, 120, 233,
       247, 209, 92, 32, 63, 209, 20, 189, 127, 153, 173, 24, 5, 240, 29,
       156, 65, 16, 242, 51, 189, 88, 87, 32, 250, 61, 182, 125, 174, 62,
       253, 191, 121, 255, 252, 254, 251, 253, 122, 189, 117, 255, 255,
       99, 99, 245, 39, 211, 247, 205, 255, 245, 255, 94, 95, 247, 239,
       223, 44, 85, 190, 95, 120, 233, 117, 120, 93, 122, 47, 213, 53,
       247, 111, 153, 172, 24, 5, 240, 29, 156, 73, 16, 242, 51, 189, 90,
       87, 32, 250, 251, 216, 254, 255, 255, 255, 221, 250, 191, 127,
       253, 251, 191, 248, 252, 253, 251, 245, 63, 111, 47, 222, 173, 61,
       111, 255, 251, 63, 255, 127, 126, 191, 240, 231, 188, 219, 66,
       119, 253, 247, 211, 223, 255, 127, 219, 30, 252, 180, 205, 181,
       86, 133, 104, 191, 135, 111, 216, 244, 41, 62, 221, 92, 50, 189,
       0, 137, 142, 220, 34, 89, 216, 54, 51, 252, 22, 197, 26, 244, 59,
       138, 141, 152, 224, 171, 214, 61, 198, 243, 89, 51, 146, 82, 105,
       193, 22, 99, 223, 50, 97, 160, 94, 72, 250, 120, 112, 61, 185, 39,
       181, 52, 245, 111, 153, 168, 137, 71, 240, 29, 152, 76, 23, 243,
       119, 191, 89, 119, 129, 250, 190, 249, 255, 174, 55, 127, 61, 127,
       247, 222, 253, 176, 127, 190, 252, 255, 255, 254, 103, 253, 113,
       214, 245, 183, 255, 189, 245, 217, 83, 254, 254, 185, 200, 60,
       215, 254, 219, 124, 137, 125, 122, 223, 53, 63, 246, 247, 246,
       108, 155, 175, 158, 15, 250, 29, 223, 89, 144, 243, 59, 188, 123,
       223, 106, 250, 2, 0, 1, 130, 157, 128, 130, 9, 6, 34, 0, 80, 33,
       2, 129, 17, 98, 212, 1, 64, 192, 32, 136, 96, 76, 128, 32, 11,
       146, 8, 17, 106, 213, 36, 84, 186, 82, 112, 33, 116, 240, 80, 24,
       10, 80, 20, 208, 77, 153, 44, 24, 5, 240, 25, 156, 73, 16, 242,
       51, 188, 88, 87, 32, 249, 5, 6, 64, 2, 153, 128, 6, 73, 2, 64, 2,
       20, 128, 7, 128, 5, 106, 68, 1, 96, 192, 2, 138, 96, 76, 144, 8,
       9, 146, 8, 1, 72, 85, 36, 85, 154, 0, 48, 1, 86, 0, 80, 24, 138,
       68, 0, 228, 5, 17, 44, 16, 0, 48, 24, 140, 73, 16, 114, 35, 188,
       72, 87, 32, 248, 46, 167, 236, 254, 54, 189, 117, 51, 117, 220,
       86, 213, 25, 126, 188, 70, 138, 220, 97, 227, 245, 118, 209, 247,
       89, 62, 132, 145, 122, 212, 53, 233, 215, 44, 87, 186, 95, 120,
       233, 124, 120, 93, 58, 47, 212, 53, 247, 111, 153, 172, 153, 13,
       240, 29, 156, 73, 50, 242, 51, 189, 90, 87, 36, 250, 108, 43, 239,
       189, 50, 119, 177, 254, 253, 252, 222, 181, 95, 190, 251, 238,
       235, 220, 99, 111, 125, 213, 196, 179, 77, 233, 180, 149, 120,
       206, 62, 251, 243, 36, 85, 186, 86, 122, 193, 124, 248, 93, 56,
       46, 213, 55, 195, 110, 153, 172, 24, 5, 240, 29, 157, 77, 16, 242,
       51, 189, 89, 86, 32, 250, 92, 49, 211, 212, 50, 131, 89, 110, 198,
       160, 213, 176, 87, 194, 144, 82, 242, 213, 32, 103, 134, 45, 192,
       115, 140, 138, 162, 77, 82, 136, 52, 105, 215, 36, 20, 186, 82,
       120, 193, 84, 80, 88, 177, 47, 241, 20, 225, 111, 153, 172, 24, 5,
       240, 28, 156, 73, 16, 242, 51, 189, 88, 86, 32, 250, 39, 54, 65,
       2, 221, 128, 7, 8, 230, 65, 0, 114, 173, 11, 132, 85, 98, 247, 5,
       112, 193, 6, 131, 100, 70, 152, 57, 47, 146, 8, 33, 41, 215, 36,
       84, 186, 66, 56, 33, 84, 64, 64, 24, 139, 209, 16, 244, 77, 152,
       172, 24, 4, 240, 24, 156, 73, 16, 242, 51, 188, 88, 87, 32, 248,
       61, 182, 125, 207, 254, 253, 187, 117, 255, 255, 86, 223, 221,
       127, 251, 228, 254, 255, 75, 99, 245, 115, 219, 252, 249, 106,
       180, 254, 124, 221, 247, 239, 223, 108, 87, 190, 223, 123, 233,
       124, 248, 93, 123, 47, 213, 54, 247, 111, 185, 172, 24, 5, 240,
       29, 157, 73, 16, 242, 51, 189, 218, 87, 32, 254, 30, 49, 155, 244,
       58, 135, 248, 102, 82, 190, 83, 149, 87, 194, 147, 82, 126, 222,
       160, 107, 198, 45, 198, 27, 141, 138, 166, 223, 66, 233, 181, 111,
       87, 180, 53, 186, 127, 252, 226, 119, 112, 76, 245, 110, 227, 20,
       193, 111, 155, 172, 24, 71, 240, 29, 188, 73, 21, 242, 51, 251,
       89, 23, 33, 254, 61, 254, 255, 223, 63, 253, 249, 121, 127, 255,
       215, 253, 253, 127, 253, 236, 255, 223, 97, 107, 245, 117, 203,
       251, 233, 127, 225, 254, 125, 95, 245, 239, 223, 100, 85, 186,
       215, 122, 249, 119, 240, 93, 123, 47, 213, 23, 247, 111, 153, 172,
       24, 5, 240, 29, 157, 77, 16, 242, 51, 189, 218, 95, 32, 254, 63,
       187, 239, 255, 63, 253, 221, 62, 127, 253, 214, 253, 255, 127, 60,
       93, 253, 255, 97, 251, 245, 109, 195, 243, 237, 255, 243, 255,
       126, 95, 247, 239, 223, 100, 85, 186, 95, 120, 249, 125, 112, 93,
       59, 47, 213, 21, 247, 111, 153, 172, 24, 5, 240, 29, 156, 77, 16,
       242, 55, 191, 90, 87, 32, 250, 69, 33, 243, 144, 16, 70, 37, 110,
       132, 206, 200, 55, 67, 239, 147, 102, 235, 213, 35, 102, 69, 165,
       194, 115, 78, 223, 183, 45, 82, 14, 50, 41, 214, 38, 85, 186, 82,
       120, 73, 116, 112, 92, 56, 47, 213, 20, 245, 110, 153, 172, 24, 5,
       240, 29, 156, 73, 16, 242, 51, 189, 88, 87, 32, 250, 199, 2, 67,
       129, 217, 130, 135, 200, 164, 111, 2, 82, 131, 107, 162, 65, 194,
       85, 37, 100, 200, 133, 138, 104, 78, 222, 57, 39, 146, 10, 51, 31,
       87, 37, 92, 187, 82, 112, 45, 22, 80, 64, 24, 15, 193, 28, 252,
       145, 25, 172, 24, 5, 209, 26, 140, 75, 16, 112, 49, 189, 76, 87,
       32, 248, 71, 34, 195, 144, 89, 2, 11, 206, 0, 170, 2, 48, 1, 130,
       131, 67, 66, 84, 1, 64, 136, 129, 204, 8, 14, 128, 170, 15, 146,
       9, 49, 95, 113, 166, 84, 187, 0, 244, 37, 86, 128, 64, 8, 10, 66,
       12, 64, 209, 24, 44, 80, 4, 1, 24, 133, 10, 144, 96, 33, 156, 76,
       6, 32, 180, 105, 23, 231, 148, 21, 39, 41, 126, 180, 220, 192, 17,
       107, 201, 130, 71, 226, 213, 3, 103, 96, 175, 224, 51, 78, 170,
       162, 4, 82, 8, 48, 105, 82, 39, 52, 187, 82, 124, 1, 244, 80, 68,
       26, 14, 203, 4, 193, 206, 24, 36, 24, 5, 224, 28, 156, 73, 16,
       242, 51, 157, 88, 86, 32, 250, 114, 145, 147, 214, 255, 134, 221,
       11, 198, 67, 17, 82, 163, 194, 16, 92, 126, 215, 52, 103, 198, 45,
       129, 103, 14, 218, 179, 15, 82, 40, 48, 107, 215, 39, 28, 155, 82,
       124, 107, 86, 81, 74, 145, 75, 217, 28, 209, 79, 153, 172, 24, 5,
       112, 24, 156, 73, 16, 242, 51, 155, 88, 85, 32, 251, 114, 193,
       139, 210, 71, 134, 95, 10, 134, 70, 61, 192, 59, 232, 52, 30, 230,
       215, 52, 103, 134, 47, 192, 103, 78, 214, 167, 15, 82, 184, 16,
       105, 215, 38, 20, 155, 66, 104, 227, 244, 114, 202, 188, 105, 145,
       28, 245, 111, 145, 172, 24, 5, 112, 25, 156, 75, 17, 242, 51, 185,
       88, 85, 48, 250, 10, 135, 8, 138, 7, 95, 128, 7, 36, 64, 22, 4,
       25, 60, 61, 165, 205, 84, 1, 224, 192, 48, 208, 115, 89, 149, 0,
