%YAML:1.0
descriptors: !!opencv-matrix
   rows: 77
   cols: 64
   dt: u
   data: [ 62, 251, 255, 254, 63, 253, 253, 123, 255, 253, 252, 253, 255,
       126, 188, 126, 251, 223, 99, 107, 245, 127, 211, 119, 253, 255,
       247, 255, 127, 223, 247, 235, 215, 44, 87, 190, 215, 120, 249,
       125, 120, 93, 251, 47, 213, 53, 247, 111, 153, 172, 153, 13, 240,
       29, 156, 73, 16, 242, 115, 191, 91, 95, 32, 250, 47, 180, 253,
       175, 63, 181, 187, 93, 254, 254, 133, 237, 253, 123, 185, 85, 254,
       247, 67, 242, 245, 99, 83, 127, 213, 248, 228, 255, 90, 125, 245,
       227, 223, 44, 87, 190, 251, 120, 233, 117, 120, 92, 58, 175, 213,
       117, 247, 111, 185, 174, 24, 5, 240, 29, 156, 73, 16, 242, 55,
       189, 122, 87, 32, 250, 63, 253, 255, 254, 55, 255, 253, 127, 255,
       252, 220, 249, 255, 126, 188, 222, 255, 247, 99, 123, 247, 127,
       211, 247, 253, 255, 247, 255, 127, 223, 247, 235, 223, 110, 87,
       190, 222, 120, 249, 125, 120, 93, 255, 47, 213, 53, 245, 111, 185,
       172, 153, 13, 242, 29, 156, 93, 48, 242, 119, 191, 91, 223, 172,
       250, 126, 189, 187, 254, 55, 135, 89, 47, 215, 202, 213, 176, 115,
       194, 182, 94, 254, 151, 97, 215, 215, 61, 211, 87, 221, 218, 242,
       205, 66, 248, 244, 233, 207, 44, 87, 190, 219, 120, 233, 124, 112,
       93, 53, 47, 213, 21, 181, 111, 153, 174, 24, 7, 240, 29, 156, 65,
       16, 242, 115, 189, 88, 87, 32, 250, 7, 178, 197, 39, 253, 240,
       155, 28, 122, 189, 146, 117, 236, 63, 9, 17, 232, 231, 1, 242,
       229, 33, 75, 125, 197, 248, 232, 191, 94, 13, 225, 103, 215, 44,
       85, 186, 123, 56, 233, 116, 116, 92, 58, 175, 213, 81, 247, 111,
       153, 172, 24, 1, 240, 29, 156, 73, 16, 242, 51, 189, 88, 87, 32,
       250, 59, 254, 111, 239, 191, 253, 223, 185, 255, 255, 254, 251,
       253, 127, 121, 253, 255, 247, 123, 251, 245, 115, 223, 124, 253,
       255, 245, 191, 127, 95, 247, 255, 223, 108, 223, 190, 223, 121,
       249, 119, 120, 93, 123, 175, 213, 183, 247, 127, 185, 190, 24, 13,
       240, 157, 157, 93, 16, 246, 247, 189, 251, 223, 40, 254, 7, 178,
       197, 39, 252, 176, 155, 28, 122, 189, 146, 109, 236, 127, 11, 17,
       236, 239, 1, 243, 229, 37, 75, 249, 197, 234, 248, 255, 94, 13,
       225, 103, 215, 44, 85, 186, 123, 56, 233, 116, 116, 92, 58, 175,
       213, 81, 247, 111, 153, 172, 24, 1, 240, 29, 156, 73, 20, 242, 51,
       189, 88, 87, 32, 250, 187, 254, 127, 239, 255, 253, 251, 249, 255,
       255, 254, 255, 255, 127, 251, 253, 255, 247, 127, 251, 245, 119,
       223, 124, 253, 255, 247, 191, 127, 95, 247, 255, 223, 236, 223,
       190, 223, 123, 249, 119, 249, 93, 123, 191, 213, 183, 255, 127,
       189, 189, 24, 13, 240, 157, 157, 93, 16, 246, 247, 191, 251, 223,
       44, 254, 124, 62, 255, 249, 254, 255, 187, 253, 253, 255, 210, 63,
       255, 253, 251, 238, 242, 221, 251, 110, 253, 215, 222, 253, 223,
       232, 188, 191, 254, 221, 127, 239, 255, 101, 87, 191, 214, 255,
       253, 126, 252, 93, 91, 30, 93, 175, 203, 241, 191, 172, 156, 173,
       243, 189, 157, 93, 68, 254, 251, 189, 222, 71, 58, 246, 253, 62,
       247, 113, 252, 183, 235, 248, 252, 63, 194, 63, 239, 251, 147, 77,
       250, 237, 251, 102, 253, 207, 90, 253, 206, 250, 190, 183, 218,
       93, 115, 239, 95, 175, 214, 255, 127, 189, 245, 119, 92, 68, 90,
       158, 201, 105, 203, 211, 188, 236, 24, 241, 241, 255, 156, 73, 84,
       252, 247, 159, 222, 215, 49, 254, 62, 240, 253, 190, 54, 247, 159,
       75, 246, 238, 253, 250, 253, 46, 182, 127, 251, 245, 99, 99, 241,
       55, 211, 119, 92, 255, 181, 47, 83, 154, 119, 235, 215, 36, 87,
       186, 82, 120, 233, 124, 112, 92, 56, 47, 213, 20, 245, 111, 153,
       172, 24, 5, 240, 29, 156, 73, 16, 242, 51, 189, 88, 87, 32, 250,
       190, 240, 255, 183, 63, 229, 157, 232, 214, 255, 253, 251, 191,
       110, 178, 124, 251, 215, 39, 99, 193, 39, 231, 118, 76, 223, 245,
       43, 82, 26, 119, 123, 215, 36, 84, 190, 82, 120, 233, 244, 112,
       92, 56, 47, 213, 20, 245, 111, 153, 172, 24, 5, 240, 29, 156, 73,
       16, 242, 51, 189, 88, 87, 32, 250, 7, 34, 65, 177, 216, 128, 163,
       76, 168, 59, 2, 61, 129, 71, 129, 65, 226, 69, 129, 34, 205, 41,
       138, 120, 76, 138, 34, 39, 146, 9, 49, 79, 87, 166, 93, 58, 48,
       242, 101, 118, 192, 100, 72, 74, 64, 4, 201, 83, 24, 108, 24, 36,
       228, 28, 140, 105, 16, 242, 163, 189, 200, 71, 32, 244, 59, 245,
       109, 218, 223, 159, 215, 26, 246, 86, 180, 112, 189, 122, 180, 93,
       242, 247, 115, 182, 245, 119, 145, 103, 118, 246, 97, 61, 126,
       216, 85, 105, 215, 110, 150, 190, 90, 120, 251, 124, 112, 223, 62,
       13, 213, 84, 245, 79, 153, 172, 152, 12, 240, 29, 220, 89, 56,
       242, 114, 189, 90, 223, 44, 250, 5, 38, 237, 136, 16, 95, 131,
       125, 172, 86, 134, 52, 89, 63, 187, 197, 203, 116, 67, 100, 85,
       99, 210, 240, 93, 249, 156, 37, 112, 12, 51, 73, 213, 36, 85, 186,
       82, 122, 233, 124, 116, 84, 56, 47, 85, 52, 245, 108, 153, 172,
       24, 5, 240, 29, 156, 73, 16, 242, 51, 189, 88, 87, 32, 250, 103,
       166, 237, 139, 22, 215, 131, 253, 236, 198, 148, 190, 249, 63,
       187, 71, 203, 245, 99, 101, 89, 243, 210, 116, 77, 225, 156, 45,
       114, 24, 19, 41, 213, 36, 85, 186, 82, 120, 233, 116, 112, 93, 56,
       47, 213, 20, 245, 108, 153, 172, 24, 5, 240, 29, 156, 73, 16, 242,
       51, 189, 88, 87, 32, 250, 102, 33, 193, 150, 89, 130, 9, 74, 198,
       64, 1, 50, 163, 202, 160, 81, 98, 213, 0, 100, 195, 5, 192, 103,
       14, 154, 168, 13, 18, 8, 16, 105, 87, 36, 20, 186, 66, 120, 1, 84,
       80, 64, 24, 11, 193, 28, 193, 79, 153, 172, 24, 5, 112, 24, 156,
       73, 16, 114, 51, 189, 88, 23, 32, 250, 90, 17, 145, 178, 217, 162,
       39, 11, 194, 106, 64, 17, 37, 194, 128, 81, 118, 215, 129, 66,
       198, 45, 136, 123, 206, 202, 226, 79, 82, 8, 49, 111, 83, 167, 84,
       179, 49, 112, 101, 116, 64, 64, 24, 73, 65, 20, 193, 79, 153, 44,
       24, 4, 224, 28, 156, 73, 16, 242, 51, 189, 88, 86, 49, 248, 69,
       34, 113, 180, 217, 162, 43, 88, 160, 42, 128, 49, 193, 75, 128,
       65, 226, 85, 3, 100, 193, 33, 128, 123, 78, 136, 170, 13, 82, 8,
       49, 73, 83, 37, 28, 187, 16, 112, 5, 212, 80, 64, 24, 14, 65, 4,
       193, 79, 25, 36, 24, 4, 96, 24, 156, 73, 16, 242, 51, 156, 72, 6,
       32, 176, 109, 47, 231, 217, 248, 127, 167, 253, 188, 252, 202, 55,
       205, 125, 251, 229, 203, 253, 203, 102, 124, 227, 222, 178, 79,
       237, 28, 37, 252, 14, 59, 155, 247, 38, 87, 186, 80, 114, 237,
       116, 244, 84, 26, 54, 85, 166, 229, 103, 153, 44, 28, 5, 240, 29,
       157, 73, 16, 244, 35, 189, 88, 87, 32, 248, 252, 185, 239, 252,
       54, 127, 253, 255, 253, 223, 253, 251, 127, 254, 190, 206, 251,
       253, 123, 127, 245, 127, 246, 247, 255, 255, 183, 191, 121, 221,
       118, 235, 207, 44, 247, 254, 223, 125, 249, 125, 120, 221, 247,
       47, 223, 53, 247, 111, 191, 172, 155, 207, 240, 29, 156, 93, 52,
       246, 123, 255, 123, 223, 40, 250, 102, 33, 195, 242, 88, 130, 77,
       75, 198, 42, 0, 51, 163, 194, 178, 91, 98, 213, 33, 102, 199, 45,
       194, 103, 14, 202, 162, 13, 82, 8, 48, 104, 87, 39, 20, 187, 82,
       124, 71, 84, 80, 64, 24, 74, 201, 28, 193, 207, 153, 172, 24, 5,
       240, 28, 156, 73, 16, 242, 51, 189, 88, 87, 32, 250, 61, 186, 255,
       236, 63, 253, 253, 122, 125, 252, 222, 249, 255, 60, 252, 207,
       251, 253, 227, 123, 245, 117, 219, 251, 237, 127, 241, 246, 124,
       87, 247, 239, 223, 96, 119, 176, 247, 248, 249, 125, 124, 93, 127,
       47, 245, 53, 247, 111, 185, 238, 24, 5, 242, 29, 156, 77, 54, 242,
       183, 189, 219, 223, 32, 254, 61, 254, 255, 237, 63, 253, 253, 123,
       253, 255, 254, 249, 255, 56, 252, 207, 251, 253, 251, 123, 245,
       119, 218, 255, 253, 127, 245, 182, 125, 215, 119, 239, 223, 104,
       247, 180, 255, 249, 249, 125, 124, 223, 255, 47, 247, 245, 247,
       107, 191, 190, 153, 15, 242, 29, 223, 93, 62, 246, 255, 255, 251,
