%YAML:1.0
descriptors: !!opencv-matrix
   rows: 67
   cols: 64
   dt: u
   data: [ 30, 185, 223, 126, 55, 243, 252, 127, 83, 186, 245, 241, 126,
       114, 164, 90, 239, 223, 33, 99, 197, 61, 193, 115, 205, 223, 227,
       255, 82, 76, 181, 106, 215, 36, 85, 186, 83, 120, 233, 117, 112,
       92, 57, 47, 213, 21, 247, 111, 153, 172, 24, 5, 240, 29, 156, 73,
       16, 242, 51, 189, 88, 87, 32, 250, 63, 180, 253, 190, 63, 181,
       189, 124, 246, 254, 212, 245, 253, 126, 185, 85, 255, 254, 67,
       115, 245, 50, 211, 247, 221, 186, 228, 223, 90, 221, 245, 235,
       223, 44, 87, 190, 91, 120, 233, 124, 120, 93, 56, 47, 212, 53,
       247, 111, 153, 172, 24, 5, 240, 29, 156, 73, 16, 242, 51, 189, 90,
       87, 32, 250, 54, 181, 93, 158, 59, 156, 92, 73, 102, 66, 21, 240,
       189, 119, 188, 84, 255, 214, 1, 99, 199, 32, 193, 115, 221, 159,
       225, 123, 82, 138, 241, 105, 215, 36, 85, 186, 82, 120, 233, 116,
       112, 92, 56, 47, 212, 20, 245, 111, 153, 172, 24, 5, 240, 29, 156,
       73, 16, 242, 51, 189, 88, 87, 32, 250, 55, 181, 80, 54, 61, 160,
       29, 8, 230, 0, 149, 112, 172, 75, 132, 85, 242, 246, 7, 113, 227,
       34, 193, 118, 196, 154, 224, 91, 82, 56, 225, 105, 215, 44, 20,
       190, 66, 56, 225, 117, 80, 74, 24, 139, 208, 81, 245, 79, 153,
       172, 24, 5, 240, 28, 156, 73, 16, 242, 51, 189, 88, 87, 32, 250,
       63, 183, 112, 38, 63, 160, 191, 88, 246, 24, 212, 113, 109, 91,
       164, 85, 246, 246, 3, 208, 225, 34, 145, 119, 196, 154, 225, 207,
       90, 60, 225, 233, 159, 44, 86, 190, 123, 56, 169, 117, 120, 94,
       26, 143, 208, 81, 247, 79, 152, 174, 24, 5, 240, 28, 156, 73, 16,
       178, 55, 157, 88, 87, 36, 91, 35, 148, 64, 2, 221, 128, 7, 8, 98,
       1, 0, 99, 160, 75, 132, 21, 98, 247, 5, 16, 192, 38, 139, 100, 68,
       152, 41, 47, 18, 8, 1, 109, 215, 36, 84, 186, 66, 56, 41, 116, 65,
       64, 24, 139, 193, 16, 244, 71, 145, 164, 24, 4, 240, 24, 140, 73,
       16, 114, 50, 189, 88, 87, 32, 250, 62, 49, 249, 190, 18, 6, 121,
       111, 198, 130, 213, 180, 117, 194, 145, 82, 122, 150, 2, 71, 7,
       56, 197, 7, 156, 138, 230, 201, 66, 168, 244, 232, 2, 36, 37, 190,
       138, 120, 195, 92, 32, 72, 181, 104, 182, 20, 129, 110, 155, 174,
       57, 71, 112, 24, 52, 81, 0, 242, 123, 249, 57, 22, 97, 242, 31,
       249, 221, 175, 55, 249, 253, 124, 123, 156, 252, 253, 252, 62,
       239, 251, 239, 254, 33, 251, 229, 112, 199, 243, 237, 255, 241,
       251, 127, 79, 247, 107, 223, 36, 85, 186, 95, 122, 233, 117, 114,
       93, 58, 47, 212, 23, 247, 111, 153, 172, 24, 5, 240, 29, 156, 73,
       16, 242, 51, 189, 89, 87, 38, 250, 45, 46, 229, 176, 16, 127, 33,
       127, 181, 252, 198, 181, 81, 191, 187, 230, 235, 220, 227, 97,
       245, 5, 208, 243, 93, 233, 148, 133, 88, 140, 50, 201, 215, 36,
       85, 186, 83, 122, 233, 124, 120, 92, 56, 175, 213, 53, 247, 111,
       153, 172, 24, 5, 240, 29, 156, 73, 16, 242, 51, 189, 90, 87, 32,
       250, 190, 249, 253, 222, 55, 79, 93, 126, 215, 68, 253, 240, 127,
       250, 244, 222, 251, 214, 38, 127, 7, 60, 225, 55, 237, 159, 227,
       89, 115, 122, 220, 41, 146, 46, 52, 222, 202, 120, 211, 245, 50,
       219, 189, 111, 152, 20, 245, 110, 129, 166, 215, 197, 104, 28,
       183, 77, 24, 242, 121, 251, 89, 30, 167, 251, 47, 253, 255, 222,
       55, 117, 221, 95, 247, 198, 173, 234, 127, 122, 191, 95, 255, 246,
       98, 243, 119, 126, 83, 247, 245, 255, 247, 121, 83, 190, 246, 161,
       206, 60, 87, 190, 218, 120, 249, 125, 114, 95, 56, 47, 244, 116,
       245, 110, 153, 174, 24, 15, 240, 29, 156, 73, 16, 243, 115, 189,
       120, 87, 42, 251, 182, 249, 91, 214, 55, 24, 92, 75, 198, 192, 61,
       242, 47, 214, 212, 91, 247, 214, 36, 103, 7, 44, 225, 119, 205,
       159, 227, 89, 83, 42, 180, 56, 210, 38, 84, 158, 66, 120, 219,
       245, 114, 218, 185, 111, 212, 20, 245, 110, 153, 172, 16, 5, 120,
       29, 156, 73, 16, 242, 49, 191, 88, 87, 32, 250, 13, 54, 117, 33,
       156, 176, 171, 92, 176, 63, 194, 113, 192, 1, 129, 65, 226, 237,
       131, 96, 225, 33, 74, 121, 68, 136, 44, 167, 88, 13, 33, 206, 85,
       160, 92, 186, 80, 184, 41, 118, 92, 68, 26, 142, 192, 65, 210, 83,
       152, 172, 24, 1, 240, 28, 156, 73, 16, 242, 179, 156, 216, 87, 32,
       248, 61, 182, 125, 233, 191, 253, 179, 124, 253, 254, 214, 253,
       253, 63, 253, 229, 251, 244, 195, 104, 245, 114, 219, 253, 125,
       189, 100, 183, 126, 95, 127, 239, 221, 236, 223, 190, 214, 251,
       233, 127, 253, 93, 122, 47, 213, 161, 245, 107, 187, 188, 157, 13,
       242, 157, 158, 93, 48, 242, 191, 189, 218, 223, 44, 254, 7, 34,
       65, 130, 153, 128, 3, 72, 2, 64, 3, 116, 161, 3, 128, 65, 98, 84,
       1, 96, 192, 32, 136, 97, 76, 152, 40, 15, 18, 8, 33, 73, 85, 36,
       84, 154, 66, 120, 9, 86, 0, 64, 24, 11, 64, 20, 240, 79, 153, 36,
       16, 4, 112, 24, 140, 73, 16, 114, 51, 188, 88, 87, 32, 248, 135,
       70, 0, 2, 201, 2, 6, 9, 162, 35, 1, 98, 160, 75, 132, 21, 64, 37,
       5, 80, 66, 134, 24, 96, 70, 148, 25, 11, 146, 8, 1, 64, 0, 164,
       70, 138, 0, 0, 37, 134, 4, 66, 8, 137, 65, 88, 180, 129, 64, 36,
       16, 0, 5, 0, 196, 163, 16, 32, 0, 20, 12, 85, 48, 40, 58, 17, 186,
       246, 38, 7, 92, 39, 215, 130, 85, 144, 63, 224, 50, 94, 124, 146,
       98, 211, 182, 63, 193, 215, 153, 42, 246, 220, 66, 244, 244, 232,
       207, 60, 3, 190, 219, 72, 210, 121, 120, 89, 181, 111, 247, 117,
       167, 110, 155, 170, 153, 79, 240, 29, 88, 81, 17, 243, 115, 251,
       57, 115, 232, 234, 0, 6, 128, 2, 136, 192, 4, 7, 2, 32, 2, 5, 16,
       70, 11, 0, 79, 2, 129, 0, 192, 35, 207, 3, 26, 0, 4, 4, 2, 8, 17,
       70, 69, 38, 65, 48, 16, 2, 9, 64, 64, 84, 4, 2, 68, 84, 165, 203,
       24, 44, 24, 4, 182, 24, 28, 65, 0, 34, 3, 177, 8, 71, 32, 106, 64,
       10, 130, 19, 200, 82, 128, 135, 2, 186, 2, 7, 0, 192, 11, 34, 102,
       193, 1, 66, 204, 165, 143, 27, 10, 136, 166, 14, 146, 0, 51, 90,
       115, 38, 85, 184, 82, 54, 69, 68, 208, 84, 24, 14, 64, 6, 129,
       207, 153, 44, 24, 5, 240, 29, 156, 73, 16, 242, 51, 189, 88, 86,
       32, 241, 65, 1, 130, 18, 81, 2, 1, 78, 2, 2, 1, 6, 162, 137, 131,
       3, 106, 213, 33, 100, 64, 135, 194, 99, 78, 136, 184, 13, 18, 8,
       32, 41, 214, 36, 84, 186, 82, 120, 1, 84, 80, 64, 24, 14, 209, 20,
       193, 206, 153, 172, 24, 5, 240, 24, 156, 73, 16, 242, 51, 189, 88,
       87, 32, 250, 197, 194, 67, 129, 217, 150, 131, 200, 172, 95, 32,
       90, 131, 75, 210, 77, 194, 213, 45, 100, 72, 5, 138, 120, 78, 222,
       57, 39, 150, 10, 51, 27, 215, 37, 92, 155, 80, 120, 45, 182, 96,
       92, 24, 31, 209, 28, 248, 145, 153, 173, 16, 5, 209, 29, 140, 73,
       16, 240, 49, 189, 92, 87, 32, 185, 34, 1, 0, 146, 1, 4, 5, 7, 38,
       70, 3, 4, 17, 46, 57, 6, 194, 16, 1, 100, 64, 34, 209, 38, 88,
       128, 132, 9, 2, 136, 16, 9, 212, 36, 71, 186, 66, 88, 1, 92, 48,
       80, 24, 11, 84, 20, 229, 78, 145, 44, 24, 4, 48, 25, 156, 73, 16,
       114, 51, 188, 72, 86, 32, 248, 3, 4, 0, 34, 221, 34, 15, 8, 0, 42,
       0, 113, 32, 75, 128, 17, 98, 68, 5, 64, 192, 34, 129, 98, 68, 152,
       160, 11, 210, 8, 33, 73, 85, 36, 20, 186, 115, 48, 33, 212, 64,
       64, 24, 139, 192, 16, 244, 79, 25, 172, 24, 0, 224, 24, 156, 65,
       16, 178, 51, 156, 88, 87, 32, 248, 34, 1, 9, 146, 7, 132, 89, 9,
       134, 103, 21, 84, 153, 74, 48, 86, 66, 84, 4, 99, 206, 34, 194,
       98, 12, 130, 162, 11, 82, 24, 49, 105, 215, 38, 20, 186, 66, 120,
       195, 212, 80, 216, 20, 9, 208, 20, 229, 79, 153, 172, 24, 5, 112,
       29, 156, 73, 16, 242, 51, 189, 88, 22, 32, 250, 34, 5, 0, 146, 1,
       2, 4, 7, 66, 66, 17, 0, 48, 34, 4, 18, 74, 2, 0, 208, 0, 32, 193,
       6, 88, 128, 160, 9, 2, 136, 1, 72, 128, 36, 4, 186, 3, 72, 1, 92,
       32, 64, 20, 9, 208, 20, 165, 78, 17, 172, 24, 4, 112, 24, 28, 65,
       16, 114, 51, 184, 24, 86, 32, 234, 204, 1, 194, 176, 209, 162,
       102, 79, 0, 9, 192, 51, 162, 198, 130, 75, 234, 29, 57, 71, 79,
