%YAML:1.0
descriptors: !!opencv-matrix
   rows: 95
   cols: 64
   dt: u
   data: [ 63, 186, 125, 239, 63, 253, 253, 120, 255, 254, 223, 253, 253,
       127, 253, 245, 255, 254, 99, 123, 245, 118, 211, 255, 237, 255,
       245, 255, 126, 95, 247, 239, 223, 108, 215, 190, 223, 120, 249,
       117, 120, 93, 123, 47, 213, 53, 247, 111, 187, 172, 24, 5, 240,
       29, 156, 89, 16, 242, 51, 189, 250, 215, 40, 254, 47, 54, 109,
       162, 63, 189, 163, 88, 244, 126, 198, 117, 253, 59, 185, 69, 226,
       244, 67, 96, 241, 34, 211, 119, 76, 184, 164, 15, 82, 28, 113,
       235, 215, 44, 87, 186, 82, 120, 169, 124, 120, 92, 56, 47, 212,
       85, 245, 111, 153, 172, 24, 5, 240, 29, 156, 73, 16, 242, 51, 189,
       88, 87, 32, 250, 44, 175, 239, 184, 16, 127, 161, 127, 245, 220,
       206, 181, 81, 62, 185, 230, 203, 220, 227, 106, 245, 53, 204, 247,
       93, 233, 4, 133, 120, 204, 49, 203, 223, 6, 85, 186, 87, 122, 233,
       124, 120, 85, 58, 39, 85, 181, 119, 239, 185, 172, 153, 12, 240,
       29, 156, 72, 20, 226, 35, 189, 90, 87, 32, 250, 61, 182, 253, 139,
       190, 253, 183, 121, 255, 85, 220, 253, 253, 63, 188, 117, 251,
       245, 99, 96, 241, 119, 211, 117, 125, 252, 188, 63, 126, 222, 127,
       171, 215, 100, 87, 190, 82, 120, 233, 124, 116, 93, 56, 47, 213,
       20, 245, 111, 153, 172, 24, 13, 242, 29, 156, 77, 56, 242, 51,
       189, 88, 95, 32, 250, 178, 249, 222, 223, 55, 221, 221, 63, 223,
       223, 61, 249, 191, 122, 116, 222, 255, 215, 52, 187, 197, 63, 227,
       103, 169, 215, 247, 127, 95, 123, 214, 107, 215, 44, 60, 246, 254,
       121, 251, 245, 114, 223, 191, 111, 147, 20, 245, 111, 155, 174,
       26, 7, 248, 29, 156, 73, 16, 243, 50, 255, 121, 93, 34, 251, 45,
       38, 229, 170, 28, 165, 37, 127, 245, 126, 232, 49, 109, 175, 189,
       71, 235, 244, 227, 96, 249, 67, 218, 61, 92, 237, 45, 167, 90, 88,
       113, 207, 85, 36, 87, 186, 80, 112, 37, 124, 124, 68, 58, 175, 84,
       49, 116, 199, 152, 172, 24, 4, 224, 29, 156, 73, 24, 242, 35, 188,
       90, 70, 32, 242, 187, 244, 120, 174, 191, 141, 31, 9, 231, 67,
       185, 250, 189, 110, 228, 85, 247, 247, 4, 241, 131, 50, 145, 100,
       212, 214, 241, 123, 82, 58, 245, 41, 210, 44, 94, 158, 202, 120,
       169, 119, 96, 202, 60, 41, 213, 20, 244, 15, 145, 172, 16, 5, 106,
       29, 156, 73, 24, 242, 49, 189, 88, 87, 32, 186, 19, 213, 28, 220,
       38, 159, 94, 49, 39, 68, 61, 202, 156, 121, 116, 31, 244, 251,
       100, 247, 54, 126, 144, 115, 217, 119, 231, 124, 112, 182, 212,
       33, 194, 60, 211, 12, 203, 72, 250, 105, 50, 155, 185, 239, 244,
       112, 247, 111, 145, 138, 144, 79, 120, 29, 154, 89, 57, 243, 115,
       183, 112, 243, 141, 235, 50, 177, 24, 150, 55, 128, 92, 11, 214,
       2, 21, 240, 189, 66, 36, 86, 118, 150, 0, 145, 131, 54, 193, 71,
       164, 146, 224, 95, 18, 249, 197, 104, 135, 44, 134, 150, 234, 72,
       234, 117, 80, 203, 165, 105, 144, 84, 181, 111, 147, 174, 153, 7,
       48, 0, 120, 89, 16, 51, 54, 185, 57, 25, 236, 202, 254, 249, 251,
       215, 54, 71, 221, 175, 223, 133, 61, 222, 159, 254, 54, 254, 189,
       215, 126, 191, 14, 191, 230, 103, 191, 215, 247, 127, 99, 251,
       214, 58, 151, 63, 39, 223, 218, 93, 250, 255, 112, 253, 229, 105,
       191, 60, 181, 47, 223, 174, 155, 207, 248, 25, 188, 223, 121, 247,
       112, 123, 121, 125, 145, 250, 13, 46, 231, 97, 48, 117, 165, 242,
       184, 156, 202, 247, 64, 53, 201, 131, 137, 108, 227, 107, 245,
       100, 92, 211, 77, 124, 21, 128, 108, 70, 35, 211, 255, 82, 213,
       168, 85, 186, 233, 60, 124, 52, 58, 182, 116, 227, 87, 235, 56,
       173, 44, 21, 209, 29, 141, 12, 54, 194, 23, 165, 202, 215, 101,
       250, 3, 132, 0, 130, 137, 136, 132, 8, 46, 65, 5, 74, 186, 127, 4,
       20, 111, 51, 36, 144, 194, 6, 139, 97, 114, 215, 17, 43, 182, 42,
       3, 1, 151, 228, 89, 146, 98, 72, 107, 14, 33, 80, 40, 233, 149,
       16, 252, 39, 209, 132, 16, 4, 180, 0, 136, 171, 24, 114, 50, 53,
       16, 85, 32, 74, 128, 201, 10, 220, 40, 89, 252, 163, 24, 251, 45,
       202, 146, 112, 118, 170, 13, 90, 36, 227, 196, 36, 96, 210, 105,
       95, 147, 114, 65, 35, 55, 115, 215, 48, 81, 96, 83, 72, 232, 224,
       114, 60, 57, 47, 245, 20, 247, 107, 153, 200, 24, 7, 252, 77, 152,
       72, 19, 211, 51, 189, 80, 115, 0, 234, 131, 202, 130, 135, 175,
       216, 128, 132, 62, 145, 44, 203, 170, 59, 102, 169, 99, 214, 36,
       35, 196, 5, 239, 96, 99, 199, 17, 35, 183, 11, 19, 71, 183, 164,
       80, 146, 114, 88, 235, 182, 115, 93, 40, 39, 144, 22, 253, 97,
       145, 172, 24, 5, 180, 1, 156, 75, 16, 114, 50, 61, 88, 85, 36,
       251, 5, 174, 254, 217, 56, 221, 162, 117, 57, 254, 2, 149, 208,
       55, 187, 227, 203, 201, 225, 42, 213, 101, 94, 243, 73, 117, 148,
       100, 40, 78, 51, 67, 223, 0, 85, 170, 80, 250, 233, 116, 116, 28,
       58, 39, 117, 180, 117, 111, 153, 172, 56, 5, 240, 29, 156, 73, 22,
       226, 51, 181, 88, 83, 96, 250, 35, 197, 8, 190, 39, 140, 31, 9,
       167, 103, 57, 202, 153, 40, 52, 23, 132, 119, 36, 241, 130, 118,
       208, 98, 84, 215, 179, 59, 18, 58, 21, 105, 130, 60, 22, 170, 234,
       104, 226, 121, 96, 202, 60, 233, 151, 20, 245, 111, 145, 164, 16,
       5, 96, 25, 188, 9, 24, 242, 51, 189, 88, 87, 40, 186, 124, 43,
       231, 244, 50, 119, 121, 247, 244, 220, 215, 53, 93, 253, 155, 230,
       186, 220, 67, 110, 117, 169, 196, 183, 29, 42, 166, 145, 104, 220,
       116, 249, 122, 44, 101, 186, 222, 114, 209, 124, 220, 125, 153,
       30, 200, 167, 195, 110, 153, 172, 223, 135, 240, 29, 156, 77, 0,
       242, 123, 221, 75, 6, 34, 242, 184, 250, 103, 143, 63, 109, 157,
       253, 220, 255, 250, 253, 109, 14, 217, 230, 251, 212, 231, 59,
       244, 42, 236, 62, 45, 239, 39, 35, 95, 219, 119, 255, 105, 44,
       255, 190, 246, 118, 233, 245, 123, 92, 231, 175, 150, 50, 52, 122,
       170, 189, 223, 129, 234, 159, 140, 84, 132, 178, 231, 250, 255,
       222, 44, 182, 124, 41, 247, 156, 18, 103, 125, 127, 196, 198, 217,
       180, 81, 206, 159, 238, 235, 212, 35, 103, 7, 173, 196, 55, 77,
       207, 182, 13, 83, 8, 50, 105, 214, 36, 85, 186, 82, 120, 201, 116,
       112, 92, 56, 47, 215, 20, 229, 110, 153, 172, 24, 5, 240, 29, 156,
       73, 16, 242, 51, 189, 88, 87, 34, 250, 186, 89, 107, 162, 55, 127,
       241, 251, 220, 84, 214, 119, 51, 92, 249, 244, 251, 212, 87, 84,
       116, 150, 148, 118, 63, 252, 117, 9, 214, 250, 118, 184, 0, 44,
       207, 222, 246, 118, 201, 93, 217, 213, 215, 56, 77, 231, 164, 236,
       239, 61, 151, 141, 250, 23, 143, 81, 48, 48, 121, 249, 111, 159,
       44, 186, 60, 184, 255, 223, 62, 253, 253, 112, 127, 255, 87, 221,
       221, 126, 189, 76, 255, 255, 225, 107, 245, 125, 195, 251, 249,
       127, 179, 254, 124, 223, 247, 239, 223, 100, 87, 186, 223, 121,
       249, 125, 112, 93, 123, 47, 245, 20, 247, 111, 153, 172, 24, 7,
       240, 29, 156, 93, 20, 242, 51, 189, 219, 95, 32, 254, 5, 47, 166,
       24, 0, 214, 36, 102, 33, 228, 66, 132, 80, 181, 155, 2, 137, 104,
       161, 107, 181, 37, 70, 147, 89, 121, 148, 196, 32, 132, 16, 65,
       215, 18, 65, 170, 16, 24, 233, 104, 52, 60, 56, 167, 117, 48, 119,
       110, 25, 172, 41, 9, 240, 29, 152, 72, 32, 226, 19, 181, 72, 83,
       97, 234, 92, 49, 187, 148, 50, 7, 120, 103, 66, 166, 83, 148, 81,
       128, 155, 82, 250, 204, 2, 107, 143, 189, 198, 131, 141, 138, 166,
       201, 64, 172, 52, 104, 119, 52, 117, 186, 10, 126, 195, 87, 144,
       72, 181, 46, 162, 20, 193, 110, 155, 172, 56, 71, 112, 29, 52, 73,
       128, 242, 51, 249, 89, 22, 97, 243, 26, 33, 1, 150, 42, 131, 154,
       33, 198, 170, 211, 54, 241, 70, 25, 66, 50, 17, 66, 210, 199, 63,
       193, 206, 140, 154, 166, 141, 2, 236, 53, 234, 71, 44, 69, 190,
       94, 122, 195, 86, 152, 64, 213, 14, 193, 36, 129, 79, 155, 44, 25,
       71, 114, 29, 29, 73, 0, 115, 19, 249, 104, 23, 32, 246, 5, 2, 0,
       0, 136, 128, 34, 64, 32, 58, 2, 65, 128, 65, 128, 1, 0, 104, 129,
