%YAML:1.0
descriptors: !!opencv-matrix
   rows: 38
   cols: 64
   dt: u
   data: [ 63, 254, 125, 237, 62, 253, 253, 121, 253, 255, 222, 249, 253,
       125, 252, 221, 255, 252, 227, 251, 245, 126, 219, 255, 253, 255,
       247, 247, 127, 247, 247, 239, 223, 248, 223, 188, 255, 249, 249,
       125, 125, 93, 251, 175, 245, 53, 247, 111, 187, 254, 153, 15, 240,
       29, 158, 93, 62, 243, 247, 191, 251, 223, 44, 254, 62, 237, 255,
       254, 34, 95, 253, 103, 247, 220, 85, 209, 95, 254, 190, 222, 255,
       218, 227, 235, 247, 127, 241, 247, 253, 255, 183, 255, 107, 255,
       246, 235, 199, 62, 103, 190, 255, 120, 251, 124, 120, 125, 181,
       111, 245, 52, 247, 111, 187, 172, 153, 79, 240, 29, 156, 93, 55,
       243, 115, 253, 123, 119, 41, 250, 103, 180, 125, 31, 253, 146,
       155, 8, 230, 239, 129, 170, 173, 107, 163, 21, 246, 231, 16, 242,
       201, 103, 83, 108, 196, 210, 250, 127, 82, 57, 225, 99, 215, 172,
       159, 191, 218, 57, 233, 127, 112, 74, 40, 137, 215, 88, 209, 63,
       153, 174, 24, 1, 240, 25, 156, 75, 24, 246, 51, 157, 248, 215, 48,
       243, 127, 255, 255, 255, 255, 255, 255, 254, 255, 254, 255, 189,
       125, 255, 255, 255, 255, 254, 251, 254, 255, 251, 255, 191, 255,
       253, 255, 253, 255, 255, 255, 255, 253, 255, 255, 255, 255, 247,
       255, 127, 63, 253, 251, 127, 127, 191, 255, 254, 255, 255, 255,
       255, 191, 255, 247, 255, 255, 239, 239, 255, 255, 239, 255, 246,
       59, 222, 124, 127, 191, 189, 255, 25, 255, 255, 253, 235, 190,
       127, 108, 93, 253, 187, 254, 187, 255, 126, 91, 255, 241, 127,
       243, 254, 127, 119, 239, 231, 159, 250, 203, 52, 255, 153, 250,
       123, 127, 223, 235, 237, 245, 241, 255, 127, 190, 219, 137, 111,
       254, 165, 251, 253, 63, 215, 247, 183, 179, 251, 237, 78, 61, 177,
       237, 254, 55, 189, 253, 126, 245, 220, 213, 241, 127, 122, 180,
       78, 186, 252, 99, 123, 245, 126, 209, 247, 125, 186, 166, 157,
       122, 220, 116, 233, 223, 44, 87, 186, 215, 120, 249, 125, 120, 95,
       191, 47, 244, 53, 247, 111, 153, 174, 24, 5, 240, 29, 156, 73, 16,
       242, 115, 191, 123, 87, 32, 250, 47, 54, 101, 163, 159, 176, 167,
       88, 244, 127, 210, 115, 237, 43, 160, 85, 226, 245, 3, 112, 225,
       34, 139, 124, 76, 152, 168, 47, 90, 13, 113, 239, 213, 36, 84,
       186, 82, 120, 169, 116, 124, 84, 26, 15, 208, 17, 244, 77, 153,
       172, 24, 5, 240, 29, 156, 73, 16, 242, 51, 188, 88, 87, 32, 250,
       124, 57, 243, 244, 50, 7, 125, 111, 214, 196, 213, 177, 119, 226,
       178, 90, 242, 213, 35, 103, 71, 45, 193, 119, 142, 138, 166, 13,
       82, 140, 52, 104, 214, 38, 21, 186, 82, 124, 195, 116, 112, 88,
       181, 111, 221, 20, 229, 110, 153, 172, 24, 5, 240, 28, 156, 73,
       16, 242, 51, 185, 88, 87, 33, 250, 62, 188, 253, 255, 63, 253,
       253, 121, 255, 255, 223, 253, 253, 126, 252, 221, 251, 246, 99,
       123, 245, 118, 211, 255, 253, 255, 245, 191, 126, 219, 117, 239,
       223, 108, 215, 190, 223, 120, 249, 125, 120, 93, 123, 47, 213, 53,
       245, 111, 187, 174, 153, 15, 240, 29, 156, 89, 52, 242, 119, 189,
       251, 223, 44, 254, 59, 246, 125, 239, 191, 189, 191, 120, 253,
       255, 252, 249, 253, 57, 252, 85, 251, 253, 99, 121, 244, 114, 219,
       124, 237, 255, 241, 191, 127, 87, 117, 239, 223, 236, 223, 190,
       255, 249, 233, 119, 125, 95, 122, 47, 213, 181, 247, 107, 185,
       189, 24, 5, 242, 29, 159, 73, 48, 242, 183, 189, 218, 223, 44,
       254, 30, 153, 222, 254, 55, 249, 252, 127, 23, 218, 215, 245, 63,
       118, 189, 222, 255, 222, 97, 251, 199, 125, 195, 115, 109, 223,
       242, 127, 90, 111, 181, 235, 223, 52, 85, 186, 87, 120, 249, 117,
       112, 93, 191, 47, 245, 21, 247, 111, 155, 174, 25, 5, 240, 29,
       156, 73, 16, 243, 51, 191, 89, 87, 32, 250, 191, 254, 93, 175,
       255, 184, 159, 152, 255, 127, 189, 251, 175, 59, 228, 125, 243,
       247, 60, 57, 233, 86, 155, 124, 229, 245, 121, 63, 255, 123, 103,
       127, 151, 236, 222, 215, 243, 249, 169, 247, 119, 222, 106, 61,
       213, 83, 252, 49, 152, 255, 24, 37, 252, 165, 223, 125, 56, 246,
       182, 188, 218, 223, 60, 190, 63, 182, 109, 167, 255, 177, 187, 24,
       252, 127, 214, 125, 173, 91, 233, 85, 226, 244, 133, 48, 225, 98,
       139, 125, 102, 152, 97, 55, 126, 91, 113, 255, 247, 228, 221, 178,
       119, 114, 169, 117, 209, 92, 90, 14, 208, 133, 208, 75, 185, 189,
       24, 5, 240, 29, 157, 73, 16, 242, 183, 156, 218, 95, 36, 253, 60,
       49, 255, 212, 50, 133, 121, 126, 150, 228, 213, 245, 95, 254, 146,
       86, 250, 212, 98, 107, 151, 44, 226, 179, 141, 170, 166, 91, 80,
       140, 116, 105, 215, 52, 116, 186, 210, 120, 211, 245, 80, 92, 185,
       47, 240, 20, 229, 110, 153, 172, 25, 5, 240, 29, 156, 73, 16, 242,
       51, 255, 88, 86, 33, 250, 47, 164, 65, 162, 159, 164, 175, 72,
       244, 126, 80, 115, 189, 111, 180, 85, 226, 212, 1, 96, 225, 34,
       137, 126, 76, 156, 164, 11, 210, 9, 49, 111, 215, 36, 85, 186,
       115, 120, 169, 116, 112, 76, 24, 15, 212, 20, 245, 79, 153, 172,
       24, 5, 240, 29, 156, 73, 16, 242, 51, 189, 88, 87, 32, 248, 62,
       190, 253, 255, 62, 253, 251, 125, 255, 255, 215, 253, 253, 126,
       253, 212, 254, 255, 99, 251, 245, 119, 211, 255, 253, 250, 244,
       255, 94, 223, 245, 239, 223, 44, 87, 190, 223, 122, 233, 125, 248,
       93, 123, 47, 213, 53, 247, 111, 185, 172, 24, 7, 240, 29, 156, 73,
       20, 242, 51, 189, 250, 87, 40, 250, 60, 185, 255, 223, 63, 253,
       249, 120, 127, 255, 213, 253, 255, 126, 189, 76, 255, 223, 225,
       107, 245, 61, 195, 251, 233, 127, 243, 254, 92, 207, 245, 239,
       223, 52, 85, 186, 215, 121, 249, 125, 112, 93, 251, 47, 245, 53,
       247, 111, 153, 174, 24, 7, 240, 29, 156, 73, 16, 243, 51, 189, 89,
       95, 32, 254, 62, 185, 255, 254, 55, 255, 253, 127, 119, 254, 213,
       253, 127, 254, 191, 223, 255, 223, 97, 251, 247, 125, 215, 115,
       237, 251, 242, 255, 123, 93, 247, 235, 215, 38, 87, 186, 219, 120,
       249, 117, 112, 95, 255, 111, 213, 21, 247, 111, 153, 172, 24, 5,
       240, 29, 156, 73, 16, 242, 115, 191, 89, 95, 34, 251, 63, 254,
       253, 255, 191, 253, 255, 121, 255, 255, 223, 255, 253, 127, 253,
       252, 255, 255, 99, 123, 245, 119, 219, 255, 253, 255, 245, 255,
       126, 223, 247, 239, 223, 236, 85, 190, 223, 251, 249, 127, 252,
       92, 123, 47, 213, 55, 247, 111, 185, 238, 24, 5, 244, 29, 157, 77,
       16, 242, 183, 189, 250, 215, 40, 254, 7, 2, 1, 128, 153, 144, 7,
       72, 164, 103, 131, 0, 129, 13, 160, 5, 128, 92, 1, 96, 200, 34,
       138, 120, 76, 152, 128, 43, 16, 8, 49, 79, 85, 36, 84, 186, 64,
       120, 33, 86, 96, 64, 24, 15, 196, 4, 244, 75, 25, 172, 24, 4, 112,
       28, 156, 9, 16, 242, 51, 156, 72, 87, 32, 250, 3, 1, 0, 130, 1, 2,
       0, 2, 2, 64, 17, 0, 32, 10, 0, 16, 102, 86, 0, 36, 64, 0, 129, 35,
       10, 128, 160, 9, 146, 8, 16, 41, 16, 36, 20, 186, 66, 64, 1, 196,
       0, 64, 24, 11, 64, 20, 192, 76, 145, 36, 24, 4, 32, 24, 156, 73,
       16, 114, 51, 188, 88, 86, 32, 248, 69, 7, 129, 128, 0, 2, 34, 70,
       0, 70, 2, 4, 64, 133, 131, 2, 200, 76, 1, 100, 8, 129, 194, 32,
       76, 136, 136, 8, 144, 12, 48, 9, 80, 4, 85, 170, 0, 96, 5, 68, 0,
       0, 24, 14, 68, 12, 64, 204, 25, 44, 24, 4, 112, 24, 148, 9, 16,
       96, 33, 188, 72, 70, 32, 240, 71, 3, 195, 146, 81, 2, 1, 206, 130,
       64, 1, 16, 1, 131, 131, 66, 98, 84, 1, 100, 2, 128, 164, 35, 14,
       136, 40, 9, 146, 8, 48, 9, 112, 39, 116, 154, 64, 116, 5, 212,
       128, 66, 24, 10, 72, 28, 64, 204, 9, 36, 80, 4, 32, 26, 132, 73,
       144, 112, 33, 156, 76, 70, 34, 177, 210, 19, 17, 147, 0, 0, 9,
       140, 6, 167, 1, 0, 1, 195, 147, 19, 110, 214, 4, 103, 10, 168,
       230, 34, 76, 131, 162, 9, 19, 8, 16, 57, 114, 38, 20, 154, 64,
       116, 67, 214, 0, 74, 8, 74, 146, 28, 193, 30, 145, 172, 16, 5, 32,
       24, 148, 75, 144, 114, 48, 29, 92, 84, 34, 179, 135, 2, 64, 32,
       221, 162, 39, 72, 36, 41, 194, 99, 160, 11, 128, 1, 66, 125, 5,
