%YAML:1.0
descriptors: !!opencv-matrix
   rows: 62
   cols: 64
   dt: u
   data: [ 63, 255, 253, 251, 63, 253, 255, 121, 255, 255, 253, 248, 253,
       127, 253, 223, 223, 255, 235, 251, 247, 119, 219, 255, 253, 247,
       247, 255, 127, 255, 255, 235, 223, 222, 215, 174, 255, 249, 251,
       123, 124, 127, 251, 237, 247, 177, 247, 111, 187, 255, 153, 79,
       244, 157, 254, 93, 63, 247, 247, 255, 251, 251, 237, 254, 254,
       253, 187, 211, 255, 247, 219, 253, 206, 239, 241, 250, 243, 202,
       179, 126, 255, 215, 63, 71, 79, 135, 231, 28, 206, 223, 255, 111,
       211, 15, 242, 58, 227, 39, 20, 255, 82, 125, 237, 246, 82, 74, 48,
       62, 219, 28, 153, 181, 157, 172, 24, 5, 240, 63, 156, 67, 208,
       248, 49, 189, 92, 87, 50, 251, 254, 233, 255, 179, 203, 207, 47,
       233, 111, 231, 251, 250, 255, 238, 246, 254, 255, 155, 125, 103,
       127, 149, 243, 120, 223, 255, 251, 239, 194, 158, 246, 187, 195,
       39, 87, 251, 83, 125, 237, 126, 112, 92, 52, 63, 213, 29, 255,
       181, 157, 172, 24, 5, 242, 31, 156, 73, 80, 244, 49, 189, 92, 87,
       48, 250, 245, 207, 254, 117, 249, 126, 247, 254, 184, 253, 238,
       255, 174, 255, 198, 174, 235, 221, 191, 111, 127, 143, 174, 63,
       111, 255, 191, 63, 255, 15, 34, 63, 251, 39, 116, 251, 83, 183,
       253, 244, 91, 124, 184, 191, 221, 59, 255, 183, 137, 173, 94, 181,
       217, 255, 156, 73, 80, 252, 49, 191, 92, 87, 49, 250, 245, 253,
       247, 213, 112, 71, 221, 255, 255, 197, 173, 251, 111, 255, 146,
       238, 235, 213, 126, 111, 31, 143, 230, 183, 111, 255, 183, 59,
       243, 14, 82, 59, 242, 39, 52, 251, 82, 117, 255, 244, 113, 120,
       184, 247, 191, 56, 125, 174, 205, 172, 118, 213, 217, 62, 148, 79,
       208, 252, 97, 95, 92, 85, 129, 250, 228, 41, 231, 215, 114, 71,
       81, 255, 231, 197, 135, 243, 127, 251, 178, 206, 235, 213, 126,
       103, 31, 141, 247, 167, 95, 251, 151, 57, 178, 138, 22, 41, 214,
       39, 118, 251, 82, 124, 255, 92, 113, 125, 184, 63, 137, 60, 253,
       238, 221, 164, 88, 213, 209, 30, 148, 75, 24, 116, 113, 63, 92,
       85, 33, 250, 127, 191, 247, 246, 118, 183, 127, 123, 246, 244,
       253, 243, 255, 255, 180, 95, 246, 255, 99, 103, 247, 47, 209, 119,
       222, 254, 231, 223, 114, 28, 240, 233, 215, 38, 85, 190, 83, 120,
       249, 124, 120, 92, 56, 47, 213, 21, 247, 111, 153, 172, 24, 5,
       240, 29, 156, 73, 16, 242, 51, 189, 88, 87, 32, 250, 63, 247, 125,
       138, 55, 221, 151, 121, 231, 86, 151, 240, 253, 62, 252, 85, 251,
       246, 66, 240, 213, 114, 209, 118, 221, 181, 245, 57, 54, 222, 213,
       105, 222, 44, 215, 190, 90, 120, 233, 124, 116, 93, 60, 47, 212,
       52, 244, 111, 155, 172, 152, 13, 242, 29, 156, 89, 48, 242, 51,
       189, 88, 223, 44, 250, 62, 181, 237, 190, 54, 119, 125, 127, 245,
       198, 221, 176, 125, 190, 189, 78, 187, 212, 99, 107, 181, 118,
       209, 55, 93, 171, 164, 153, 115, 220, 116, 233, 215, 44, 87, 186,
       219, 120, 225, 125, 120, 95, 61, 47, 212, 53, 247, 110, 155, 172,
       24, 5, 240, 29, 156, 93, 16, 242, 51, 189, 89, 215, 40, 250, 62,
       49, 251, 190, 54, 39, 89, 111, 214, 238, 213, 180, 127, 162, 182,
       94, 250, 212, 98, 99, 135, 52, 193, 55, 141, 138, 230, 25, 82,
       172, 116, 233, 215, 36, 21, 190, 82, 120, 193, 117, 112, 92, 53,
       47, 214, 20, 229, 110, 153, 172, 24, 5, 240, 29, 156, 73, 16, 242,
       51, 189, 89, 86, 32, 250, 63, 188, 253, 254, 63, 253, 253, 125,
       127, 254, 223, 249, 253, 126, 189, 223, 255, 254, 97, 251, 245,
       116, 211, 115, 253, 255, 241, 255, 126, 255, 245, 235, 223, 100,
       215, 186, 255, 120, 249, 125, 112, 93, 127, 47, 213, 21, 247, 111,
       155, 174, 153, 13, 242, 29, 156, 93, 48, 242, 119, 189, 219, 223,
       44, 250, 20, 33, 209, 150, 16, 4, 89, 107, 198, 196, 1, 144, 17,
       194, 144, 66, 98, 84, 0, 103, 6, 172, 192, 3, 12, 138, 166, 9, 18,
       136, 16, 41, 114, 38, 52, 186, 2, 120, 67, 212, 18, 106, 176, 74,
       170, 20, 193, 78, 1, 164, 48, 5, 32, 24, 156, 73, 16, 114, 51,
       185, 88, 68, 35, 251, 63, 254, 253, 255, 63, 253, 253, 121, 255,
       255, 221, 249, 253, 127, 252, 93, 255, 254, 99, 251, 245, 118,
       211, 255, 253, 255, 245, 255, 126, 255, 245, 239, 223, 108, 215,
       190, 255, 120, 249, 125, 124, 93, 123, 47, 213, 53, 247, 111, 185,
       174, 152, 15, 240, 29, 156, 93, 60, 242, 119, 189, 251, 223, 40,
       254, 188, 249, 255, 244, 62, 181, 249, 122, 209, 191, 213, 243,
       255, 210, 148, 90, 246, 207, 247, 251, 247, 124, 225, 223, 173,
       58, 231, 223, 110, 247, 245, 254, 207, 122, 164, 254, 255, 189,
       249, 245, 216, 223, 247, 111, 243, 53, 147, 111, 191, 254, 137,
       203, 248, 29, 92, 85, 111, 179, 215, 251, 251, 191, 239, 223, 125,
       253, 247, 124, 118, 47, 125, 122, 245, 220, 245, 243, 127, 235,
       180, 95, 242, 253, 255, 111, 247, 127, 209, 247, 223, 234, 230,
       221, 122, 92, 252, 233, 222, 103, 52, 191, 150, 124, 215, 253, 94,
       239, 191, 111, 251, 61, 231, 239, 253, 164, 57, 223, 226, 60, 159,
       77, 124, 190, 115, 251, 123, 246, 167, 251, 134, 178, 65, 163,
       189, 248, 161, 217, 188, 123, 194, 119, 161, 23, 201, 97, 234,
       213, 133, 32, 192, 4, 138, 120, 102, 156, 57, 35, 222, 75, 35, 94,
       215, 164, 93, 178, 119, 122, 233, 52, 81, 84, 26, 14, 213, 5, 244,
       105, 152, 189, 24, 5, 240, 21, 156, 73, 16, 242, 55, 189, 88, 87,
       32, 250, 54, 241, 249, 220, 50, 221, 89, 103, 215, 198, 213, 184,
       85, 162, 148, 90, 187, 212, 114, 107, 135, 60, 192, 3, 253, 147,
       183, 125, 67, 173, 116, 41, 198, 20, 53, 222, 202, 125, 219, 117,
       50, 202, 181, 105, 183, 20, 245, 110, 155, 172, 51, 199, 104, 29,
       180, 92, 16, 242, 123, 251, 121, 87, 107, 243, 58, 186, 255, 247,
       63, 241, 252, 60, 223, 187, 252, 249, 239, 86, 129, 217, 255, 158,
       227, 219, 245, 126, 239, 223, 225, 127, 227, 251, 127, 117, 229,
       238, 223, 248, 221, 52, 255, 249, 248, 119, 121, 93, 243, 111,
       246, 53, 183, 111, 186, 254, 137, 71, 246, 157, 216, 93, 6, 179,
       247, 255, 187, 251, 237, 94, 76, 34, 65, 160, 89, 34, 163, 126,
       148, 56, 194, 53, 65, 7, 131, 97, 226, 221, 1, 100, 192, 1, 204,
       48, 12, 136, 168, 133, 210, 8, 49, 203, 117, 36, 85, 186, 82, 114,
       5, 116, 208, 68, 24, 14, 64, 5, 192, 77, 153, 44, 24, 5, 240, 28,
       156, 73, 16, 242, 51, 188, 72, 6, 32, 240, 124, 63, 255, 244, 54,
       119, 249, 255, 213, 252, 215, 181, 127, 254, 187, 222, 250, 253,
       251, 111, 247, 255, 212, 183, 159, 106, 246, 223, 108, 213, 246,
       255, 239, 123, 39, 255, 223, 126, 209, 125, 220, 125, 247, 254,
       235, 165, 195, 111, 191, 175, 239, 219, 242, 61, 158, 85, 108,
       255, 95, 219, 251, 175, 237, 254, 60, 185, 255, 254, 55, 191, 253,
       122, 247, 252, 213, 241, 255, 254, 180, 94, 255, 223, 99, 123,
       247, 63, 193, 247, 237, 254, 247, 255, 122, 221, 244, 235, 223,
       44, 85, 190, 223, 120, 249, 117, 120, 93, 185, 47, 213, 53, 247,
       111, 153, 172, 25, 5, 240, 29, 156, 73, 16, 242, 51, 191, 120, 87,
       32, 250, 247, 113, 89, 190, 55, 130, 95, 76, 210, 35, 181, 184,
       117, 194, 132, 82, 114, 214, 20, 67, 139, 168, 225, 14, 172, 139,
       227, 95, 83, 41, 245, 109, 211, 36, 52, 254, 66, 121, 163, 247,
       82, 202, 189, 75, 242, 20, 193, 79, 153, 166, 26, 7, 104, 24, 189,
       73, 16, 242, 59, 185, 88, 22, 34, 251, 30, 186, 221, 255, 63, 249,
       252, 125, 123, 251, 215, 253, 252, 119, 173, 81, 239, 223, 33,
       251, 197, 117, 195, 251, 237, 223, 241, 255, 94, 79, 181, 111,
       223, 36, 85, 186, 95, 120, 233, 117, 112, 92, 123, 47, 213, 21,
       247, 111, 153, 172, 24, 5, 240, 29, 156, 73, 16, 242, 51, 189, 88,
       87, 32, 254, 51, 180, 120, 38, 191, 180, 31, 24, 246, 47, 149,
       114, 172, 75, 36, 85, 118, 163, 70, 145, 241, 119, 91, 110, 176,
       50, 229, 255, 122, 61, 229, 231, 143, 236, 134, 54, 251, 152, 41,
       127, 108, 202, 103, 137, 209, 113, 183, 79, 186, 254, 136, 11,
