%YAML:1.0
descriptors: !!opencv-matrix
   rows: 75
   cols: 64
   dt: u
   data: [ 62, 253, 255, 254, 63, 253, 253, 127, 255, 253, 222, 253, 255,
       126, 252, 253, 255, 255, 227, 59, 247, 127, 211, 255, 253, 255,
       247, 255, 127, 255, 255, 239, 207, 122, 215, 180, 255, 121, 251,
       125, 120, 253, 255, 111, 245, 53, 247, 111, 191, 190, 153, 79,
       242, 29, 158, 93, 63, 243, 255, 255, 251, 255, 173, 254, 61, 255,
       255, 255, 63, 253, 253, 121, 253, 253, 221, 249, 255, 127, 253,
       222, 255, 255, 227, 123, 245, 126, 211, 255, 253, 255, 247, 255,
       127, 247, 247, 239, 223, 124, 215, 190, 255, 249, 249, 125, 124,
       93, 251, 47, 245, 53, 247, 111, 187, 190, 153, 79, 240, 29, 156,
       93, 54, 243, 247, 255, 251, 223, 173, 254, 69, 182, 221, 39, 252,
       240, 187, 88, 122, 191, 130, 111, 236, 63, 139, 17, 234, 239, 169,
       98, 233, 101, 75, 248, 197, 252, 249, 255, 94, 15, 227, 103, 223,
       36, 85, 186, 123, 56, 233, 117, 116, 92, 58, 175, 213, 81, 247,
       111, 153, 172, 24, 1, 240, 29, 156, 73, 22, 242, 55, 189, 88, 87,
       32, 250, 31, 178, 93, 175, 255, 176, 187, 120, 122, 191, 214, 127,
       236, 63, 139, 81, 238, 255, 9, 242, 237, 101, 203, 120, 205, 252,
       248, 255, 94, 79, 243, 111, 215, 36, 85, 186, 127, 120, 233, 117,
       112, 92, 58, 47, 213, 17, 247, 111, 153, 172, 24, 5, 240, 29, 156,
       73, 16, 242, 55, 189, 88, 87, 32, 250, 7, 38, 64, 50, 153, 160,
       33, 72, 160, 32, 130, 49, 160, 75, 128, 65, 226, 84, 1, 96, 195,
       42, 136, 123, 76, 138, 32, 15, 82, 8, 33, 77, 87, 38, 84, 186, 64,
       112, 1, 214, 192, 64, 24, 14, 64, 0, 193, 79, 24, 36, 24, 4, 96,
       28, 140, 73, 16, 242, 51, 189, 72, 86, 32, 248, 46, 166, 109, 169,
       223, 245, 167, 125, 188, 255, 250, 189, 249, 62, 187, 229, 195,
       253, 67, 96, 249, 115, 222, 124, 77, 233, 168, 39, 91, 93, 49,
       207, 245, 36, 87, 186, 82, 122, 169, 118, 122, 92, 122, 46, 85,
       23, 208, 113, 153, 172, 24, 5, 240, 29, 156, 73, 16, 242, 51, 188,
       88, 87, 32, 250, 58, 48, 65, 178, 223, 160, 139, 13, 214, 122, 80,
       113, 189, 74, 144, 84, 114, 215, 1, 50, 193, 35, 139, 127, 14,
       138, 98, 15, 82, 89, 49, 238, 87, 174, 28, 178, 119, 112, 33, 246,
       192, 70, 66, 72, 64, 20, 193, 83, 153, 44, 24, 4, 228, 20, 156,
       73, 16, 242, 179, 189, 216, 23, 32, 245, 252, 249, 251, 222, 50,
       71, 125, 255, 215, 229, 253, 185, 115, 206, 182, 254, 235, 212,
       51, 111, 15, 173, 230, 55, 79, 207, 183, 47, 83, 10, 50, 107, 215,
       39, 117, 250, 82, 124, 251, 116, 114, 126, 176, 111, 223, 20, 245,
       238, 153, 172, 90, 5, 240, 31, 148, 73, 16, 242, 51, 191, 88, 87,
       35, 250, 47, 54, 224, 119, 223, 164, 35, 76, 244, 125, 192, 123,
       175, 75, 162, 85, 234, 245, 3, 115, 237, 47, 219, 127, 68, 138,
       178, 47, 90, 25, 113, 239, 215, 166, 84, 186, 115, 248, 105, 118,
       73, 68, 90, 203, 193, 17, 249, 67, 153, 164, 24, 5, 240, 28, 156,
       65, 16, 242, 179, 189, 216, 87, 32, 251, 58, 253, 255, 222, 55,
       221, 221, 63, 255, 222, 221, 253, 127, 127, 188, 254, 255, 246,
       98, 59, 246, 126, 211, 247, 253, 247, 247, 123, 127, 251, 215,
       235, 223, 108, 215, 190, 222, 120, 251, 125, 116, 221, 255, 111,
       213, 52, 245, 111, 187, 174, 153, 79, 240, 29, 156, 93, 56, 242,
       115, 191, 123, 223, 170, 250, 252, 185, 255, 254, 54, 127, 253,
       126, 245, 220, 253, 251, 127, 250, 190, 206, 251, 221, 123, 111,
       245, 95, 227, 247, 239, 255, 183, 191, 123, 221, 118, 235, 223,
       44, 117, 190, 215, 124, 249, 125, 120, 93, 59, 47, 221, 53, 247,
       111, 153, 172, 24, 133, 240, 29, 156, 77, 16, 242, 51, 189, 91,
       87, 32, 250, 37, 39, 192, 22, 17, 130, 1, 106, 194, 36, 130, 53,
       160, 203, 128, 66, 234, 213, 3, 99, 199, 47, 193, 103, 76, 154,
       162, 13, 18, 12, 32, 73, 87, 38, 84, 186, 80, 120, 65, 84, 208,
       80, 24, 15, 193, 16, 225, 79, 153, 172, 24, 5, 240, 28, 156, 73,
       16, 242, 51, 189, 88, 87, 32, 250, 191, 253, 251, 255, 159, 229,
       249, 205, 221, 255, 244, 253, 191, 74, 255, 252, 251, 212, 55, 99,
       231, 43, 239, 127, 109, 223, 115, 43, 95, 91, 115, 255, 215, 166,
       125, 250, 119, 125, 249, 118, 251, 94, 250, 111, 215, 21, 121,
       119, 153, 172, 26, 5, 248, 29, 156, 73, 144, 242, 123, 191, 218,
       87, 163, 255, 101, 33, 209, 146, 217, 130, 3, 90, 198, 64, 2, 112,
       163, 202, 160, 65, 226, 213, 1, 102, 195, 45, 129, 103, 14, 138,
       160, 15, 18, 8, 16, 105, 87, 38, 20, 186, 66, 120, 69, 212, 80,
       64, 24, 14, 193, 12, 193, 207, 153, 44, 24, 4, 112, 24, 156, 73,
       16, 114, 51, 189, 88, 23, 32, 248, 107, 53, 232, 178, 223, 134,
       71, 11, 246, 110, 20, 49, 191, 238, 180, 93, 242, 247, 33, 114,
       193, 39, 153, 119, 86, 218, 230, 15, 82, 152, 113, 107, 147, 46,
       22, 190, 114, 120, 101, 124, 112, 78, 28, 73, 213, 84, 229, 207,
       153, 172, 24, 4, 240, 29, 156, 73, 24, 242, 51, 189, 88, 87, 32,
       248, 53, 183, 253, 158, 55, 157, 149, 127, 246, 212, 149, 240,
       125, 123, 188, 85, 250, 212, 98, 99, 213, 102, 193, 119, 205, 163,
       228, 29, 114, 24, 80, 105, 215, 36, 85, 190, 82, 120, 233, 116,
       112, 92, 56, 47, 212, 52, 245, 111, 153, 172, 24, 5, 240, 29, 156,
       73, 16, 242, 51, 189, 88, 87, 32, 250, 60, 177, 237, 136, 54, 181,
       149, 127, 244, 222, 220, 245, 125, 127, 185, 69, 251, 244, 99, 99,
       245, 118, 208, 247, 93, 170, 164, 27, 122, 220, 117, 235, 215, 44,
       87, 186, 90, 120, 233, 124, 112, 93, 56, 47, 212, 52, 245, 111,
       153, 172, 24, 5, 240, 29, 156, 73, 16, 242, 51, 189, 88, 87, 32,
       250, 63, 182, 125, 99, 255, 185, 179, 184, 252, 153, 214, 127,
       237, 27, 201, 85, 250, 239, 203, 218, 245, 118, 155, 252, 229, 60,
       121, 247, 254, 87, 231, 255, 223, 104, 221, 182, 255, 59, 233,
       117, 253, 93, 91, 158, 213, 225, 250, 101, 186, 255, 137, 11, 240,
       181, 218, 89, 54, 242, 183, 191, 250, 223, 108, 94, 45, 238, 239,
       233, 62, 253, 245, 121, 253, 255, 254, 249, 255, 60, 253, 237,
       155, 253, 227, 123, 245, 119, 218, 253, 125, 127, 21, 182, 125,
       215, 119, 239, 207, 232, 215, 48, 255, 249, 249, 63, 124, 93, 127,
       47, 213, 181, 247, 107, 187, 252, 153, 13, 246, 29, 156, 92, 54,
       242, 247, 253, 251, 223, 44, 254, 54, 48, 81, 134, 217, 128, 11,
       72, 198, 96, 3, 48, 161, 66, 128, 81, 98, 215, 1, 64, 192, 32,
       128, 99, 12, 136, 160, 15, 18, 8, 49, 105, 87, 36, 84, 186, 66,
       120, 1, 84, 64, 64, 24, 10, 192, 4, 193, 79, 153, 36, 24, 5, 112,
       24, 156, 73, 16, 114, 51, 188, 88, 22, 32, 248, 228, 33, 227, 162,
       16, 68, 33, 206, 196, 196, 235, 54, 113, 174, 155, 230, 235, 84,
       3, 100, 9, 128, 228, 52, 78, 137, 156, 9, 210, 10, 50, 9, 240, 36,
       85, 186, 66, 112, 1, 84, 48, 80, 24, 46, 68, 20, 100, 236, 153,
       44, 80, 4, 208, 31, 148, 73, 16, 240, 33, 188, 88, 86, 32, 248,
       76, 33, 239, 184, 18, 99, 61, 254, 212, 190, 208, 177, 83, 130,
       183, 74, 235, 220, 35, 107, 97, 133, 228, 51, 77, 139, 176, 129,
       83, 12, 50, 235, 209, 36, 117, 186, 82, 120, 225, 116, 120, 78,
       56, 47, 214, 21, 101, 110, 153, 172, 24, 5, 240, 29, 156, 73, 16,
       242, 51, 189, 88, 86, 32, 250, 45, 174, 239, 244, 55, 119, 185,
       126, 181, 254, 198, 245, 79, 187, 179, 207, 235, 220, 227, 107,
       245, 38, 228, 59, 77, 171, 164, 147, 91, 77, 49, 239, 215, 36,
       117, 186, 87, 120, 233, 116, 120, 92, 58, 46, 210, 21, 211, 111,
       153, 172, 24, 5, 240, 29, 156, 73, 16, 242, 51, 189, 88, 87, 32,
       250, 242, 221, 218, 214, 23, 143, 93, 11, 215, 69, 21, 208, 63,
       202, 52, 94, 254, 215, 52, 119, 134, 47, 225, 103, 110, 218, 243,
       15, 82, 56, 84, 41, 198, 38, 52, 186, 66, 120, 211, 116, 80, 219,
       188, 107, 217, 20, 245, 110, 145, 164, 24, 5, 248, 24, 156, 73,
       17, 242, 115, 191, 88, 85, 160, 251, 250, 145, 211, 214, 83, 3,
