%YAML:1.0
descriptors: !!opencv-matrix
   rows: 49
   cols: 64
   dt: u
   data: [ 28, 153, 220, 254, 55, 253, 252, 119, 55, 248, 85, 209, 29,
       119, 189, 94, 255, 222, 97, 107, 199, 124, 195, 115, 109, 223,
       163, 127, 123, 79, 181, 235, 215, 36, 85, 186, 87, 120, 249, 117,
       112, 93, 187, 47, 245, 20, 247, 111, 155, 172, 25, 5, 240, 29,
       156, 77, 16, 242, 51, 191, 89, 87, 36, 250, 124, 217, 254, 254,
       55, 127, 117, 127, 63, 212, 255, 252, 63, 254, 254, 254, 255, 223,
       97, 103, 119, 63, 193, 115, 77, 255, 241, 125, 115, 94, 246, 169,
       214, 36, 85, 186, 83, 122, 233, 116, 114, 93, 60, 47, 213, 23,
       247, 110, 153, 172, 25, 5, 240, 29, 156, 73, 16, 242, 51, 189, 89,
       87, 36, 250, 252, 57, 243, 244, 50, 103, 121, 255, 212, 254, 209,
       181, 83, 194, 147, 218, 251, 220, 115, 111, 79, 173, 228, 147,
       143, 203, 182, 141, 83, 12, 54, 234, 115, 39, 53, 187, 86, 116,
       193, 116, 80, 76, 177, 46, 203, 20, 193, 238, 153, 172, 94, 133,
       240, 30, 156, 73, 208, 242, 51, 217, 92, 70, 35, 243, 12, 42, 205,
       58, 27, 251, 164, 127, 112, 184, 198, 53, 112, 118, 169, 64, 235,
       220, 161, 98, 197, 37, 193, 115, 77, 220, 128, 133, 82, 78, 49,
       106, 215, 36, 85, 186, 83, 120, 233, 116, 112, 92, 56, 47, 85, 21,
       247, 111, 153, 172, 24, 5, 240, 29, 156, 73, 16, 242, 51, 189, 88,
       87, 32, 250, 35, 20, 64, 2, 157, 128, 5, 8, 102, 33, 0, 97, 172,
       11, 36, 21, 102, 246, 5, 144, 192, 2, 139, 101, 68, 152, 96, 11,
       18, 8, 65, 101, 149, 36, 20, 186, 82, 56, 33, 116, 64, 64, 24, 11,
       192, 80, 244, 79, 145, 164, 24, 4, 240, 24, 156, 73, 16, 178, 51,
       156, 88, 87, 32, 248, 62, 49, 249, 190, 22, 5, 29, 111, 198, 70,
       217, 50, 125, 174, 182, 86, 242, 212, 3, 100, 11, 162, 193, 54,
       92, 136, 166, 9, 210, 152, 124, 41, 64, 36, 20, 154, 66, 116, 129,
       212, 18, 202, 20, 14, 214, 20, 197, 12, 153, 172, 16, 5, 96, 28,
       148, 73, 144, 242, 57, 188, 92, 86, 34, 177, 55, 54, 113, 176, 28,
       38, 13, 67, 198, 110, 0, 16, 69, 75, 144, 87, 226, 212, 3, 96,
       193, 34, 193, 126, 76, 136, 164, 11, 82, 12, 49, 107, 83, 36, 84,
       186, 82, 120, 33, 116, 112, 76, 24, 143, 212, 20, 229, 79, 153,
       172, 24, 5, 240, 29, 156, 73, 16, 242, 51, 189, 88, 86, 32, 248,
       195, 66, 0, 16, 9, 2, 0, 78, 128, 32, 161, 0, 2, 137, 132, 3, 66,
       4, 5, 65, 138, 138, 168, 11, 70, 138, 0, 11, 147, 9, 1, 70, 49,
       166, 52, 26, 0, 164, 39, 198, 130, 98, 8, 203, 10, 88, 0, 129, 64,
       100, 80, 16, 4, 26, 164, 0, 144, 32, 161, 20, 12, 68, 34, 45, 45,
       54, 245, 163, 157, 180, 165, 92, 116, 126, 194, 113, 237, 123,
       147, 85, 226, 244, 1, 96, 225, 32, 202, 121, 76, 168, 32, 11, 94,
       9, 113, 111, 87, 36, 84, 186, 82, 120, 41, 116, 84, 68, 26, 14,
       208, 0, 209, 79, 153, 172, 24, 5, 240, 29, 156, 73, 16, 242, 51,
       157, 88, 87, 32, 248, 2, 0, 0, 130, 217, 130, 6, 73, 2, 0, 0, 84,
       160, 70, 128, 17, 98, 213, 1, 68, 192, 33, 136, 99, 76, 192, 40,
       15, 18, 8, 17, 104, 215, 36, 85, 154, 66, 120, 45, 86, 64, 64, 24,
       11, 69, 28, 245, 79, 153, 44, 24, 4, 240, 24, 156, 73, 16, 114,
       51, 188, 88, 87, 32, 248, 62, 252, 253, 255, 63, 253, 253, 121,
       255, 255, 253, 249, 255, 126, 252, 221, 255, 254, 231, 251, 245,
       126, 211, 255, 253, 255, 247, 255, 127, 255, 245, 239, 223, 236,
       215, 190, 255, 121, 249, 125, 120, 221, 251, 47, 245, 53, 247,
       111, 187, 190, 153, 15, 240, 29, 158, 93, 54, 243, 247, 191, 251,
       223, 172, 254, 63, 178, 109, 139, 191, 221, 157, 88, 255, 126,
       158, 252, 253, 63, 189, 117, 251, 244, 3, 240, 193, 98, 203, 125,
       77, 157, 165, 47, 94, 31, 113, 107, 213, 44, 85, 186, 90, 120,
       233, 118, 112, 92, 56, 47, 212, 20, 244, 111, 153, 172, 24, 5,
       240, 29, 156, 73, 16, 242, 51, 189, 88, 87, 32, 250, 0, 15, 130,
       19, 200, 206, 128, 199, 10, 224, 2, 5, 16, 68, 27, 128, 107, 80,
       129, 2, 196, 45, 206, 67, 11, 90, 20, 6, 144, 8, 19, 70, 71, 38,
       81, 184, 16, 98, 203, 68, 192, 116, 0, 6, 69, 4, 161, 235, 153,
       44, 24, 5, 240, 29, 156, 73, 1, 114, 35, 181, 72, 71, 33, 250, 55,
       240, 89, 142, 63, 144, 153, 24, 118, 255, 149, 248, 173, 11, 164,
       85, 254, 246, 0, 241, 193, 96, 195, 125, 229, 144, 225, 123, 86,
       57, 245, 107, 215, 172, 223, 158, 90, 120, 169, 119, 112, 94, 40,
       45, 208, 16, 244, 111, 153, 188, 24, 5, 240, 29, 156, 73, 16, 242,
       50, 189, 88, 87, 32, 251, 231, 37, 195, 54, 81, 2, 1, 78, 230, 65,
       129, 115, 35, 203, 134, 95, 234, 149, 37, 71, 3, 143, 226, 119,
       70, 218, 176, 15, 82, 8, 32, 41, 214, 39, 116, 186, 66, 120, 69,
       212, 80, 64, 56, 11, 201, 28, 245, 238, 153, 164, 24, 4, 240, 28,
       156, 73, 16, 242, 51, 189, 88, 87, 32, 250, 197, 6, 67, 129, 217,
       146, 163, 200, 140, 99, 2, 126, 131, 75, 131, 69, 226, 213, 13,
       100, 200, 5, 138, 120, 78, 216, 57, 47, 146, 10, 35, 27, 87, 36,
       93, 155, 80, 120, 45, 86, 192, 64, 24, 14, 209, 24, 240, 149, 153,
       44, 24, 5, 240, 29, 140, 73, 16, 240, 51, 189, 88, 87, 32, 251,
       237, 39, 231, 49, 221, 35, 39, 254, 180, 191, 192, 51, 227, 202,
       162, 71, 234, 253, 59, 103, 105, 175, 226, 55, 78, 250, 190, 39,
       210, 12, 50, 139, 87, 39, 84, 187, 82, 124, 101, 116, 88, 68, 58,
       47, 201, 9, 197, 215, 152, 172, 24, 5, 241, 60, 156, 65, 16, 240,
       51, 157, 92, 87, 32, 250, 246, 48, 211, 151, 254, 134, 159, 233,
       206, 229, 19, 126, 255, 198, 147, 80, 250, 215, 48, 102, 203, 165,
       195, 108, 206, 218, 252, 111, 210, 41, 243, 111, 215, 37, 85, 191,
       82, 120, 233, 86, 80, 88, 25, 46, 213, 28, 253, 63, 153, 172, 24,
       5, 240, 29, 156, 73, 16, 242, 51, 189, 88, 87, 32, 250, 13, 6,
       101, 0, 25, 53, 161, 120, 164, 124, 194, 21, 73, 125, 153, 69,
       194, 124, 195, 96, 240, 34, 152, 242, 76, 168, 4, 2, 124, 8, 49,
       207, 255, 34, 85, 186, 80, 178, 41, 52, 253, 20, 26, 134, 68, 160,
       192, 75, 24, 44, 24, 4, 240, 28, 141, 9, 48, 226, 35, 156, 72, 71,
       36, 248, 126, 48, 125, 191, 255, 183, 31, 89, 246, 127, 209, 186,
       253, 235, 182, 87, 246, 215, 59, 101, 201, 167, 195, 116, 204,
       218, 249, 111, 82, 28, 241, 235, 211, 36, 84, 191, 82, 120, 161,
       116, 112, 78, 56, 15, 209, 28, 197, 79, 153, 172, 24, 5, 240, 29,
       156, 73, 16, 242, 51, 189, 88, 87, 32, 251, 1, 2, 1, 170, 9, 76,
       161, 76, 164, 68, 2, 4, 17, 61, 185, 165, 203, 116, 1, 96, 192,
       34, 156, 48, 76, 136, 0, 0, 50, 128, 25, 73, 149, 4, 83, 186, 16,
       98, 9, 8, 164, 85, 24, 6, 68, 132, 96, 72, 25, 44, 24, 4, 178, 29,
       140, 9, 16, 98, 35, 188, 72, 71, 32, 248, 3, 4, 64, 2, 29, 0, 133,
       26, 80, 10, 48, 113, 34, 75, 128, 1, 98, 68, 5, 17, 192, 38, 161,
       103, 68, 138, 160, 3, 18, 8, 33, 73, 87, 36, 84, 186, 114, 56, 33,
       244, 80, 68, 26, 139, 192, 16, 213, 79, 25, 172, 24, 5, 240, 24,
       156, 73, 16, 178, 51, 188, 88, 87, 32, 248, 126, 53, 253, 158, 55,
       159, 27, 61, 231, 100, 149, 180, 189, 126, 182, 86, 254, 247, 66,
       245, 219, 115, 211, 119, 220, 234, 228, 125, 114, 152, 213, 105,
       215, 44, 87, 190, 202, 120, 233, 124, 112, 89, 61, 47, 213, 52,
       229, 111, 153, 172, 24, 5, 240, 29, 156, 73, 16, 242, 51, 189, 88,
       87, 32, 250, 242, 16, 81, 150, 184, 4, 31, 9, 194, 101, 49, 19,
       133, 66, 150, 82, 98, 215, 4, 96, 200, 168, 130, 98, 76, 155, 181,
       43, 146, 40, 49, 111, 211, 36, 20, 186, 82, 120, 161, 118, 112,
       72, 56, 11, 192, 20, 245, 79, 153, 164, 24, 5, 240, 24, 156, 73,
       16, 242, 51, 189, 88, 86, 32, 250, 50, 17, 89, 150, 54, 132, 93,
       8, 214, 231, 29, 212, 159, 230, 180, 82, 255, 215, 4, 99, 138, 36,
       194, 103, 204, 214, 165, 47, 82, 43, 53, 107, 211, 36, 21, 186,
       82, 120, 233, 118, 80, 88, 57, 47, 213, 20, 229, 111, 153, 172,
       24, 5, 240, 29, 156, 73, 16, 242, 51, 189, 88, 87, 32, 250, 22,
