%YAML:1.0
descriptors: !!opencv-matrix
   rows: 94
   cols: 64
   dt: u
   data: [ 62, 188, 255, 255, 62, 253, 253, 125, 253, 254, 255, 249, 253,
       126, 253, 223, 251, 252, 99, 251, 245, 119, 211, 255, 253, 255,
       245, 191, 127, 255, 247, 239, 223, 108, 215, 190, 223, 120, 249,
       125, 120, 93, 123, 47, 213, 53, 247, 111, 187, 174, 152, 15, 240,
       29, 156, 93, 52, 242, 115, 189, 251, 223, 44, 254, 246, 57, 211,
       86, 211, 130, 95, 11, 194, 1, 149, 58, 247, 194, 134, 88, 118,
       135, 62, 86, 15, 175, 131, 71, 158, 194, 254, 109, 130, 184, 196,
       40, 130, 175, 36, 223, 138, 29, 87, 223, 1, 203, 133, 73, 169, 28,
       173, 158, 197, 166, 129, 211, 32, 50, 52, 227, 72, 63, 112, 59,
       56, 36, 177, 73, 13, 54, 116, 112, 61, 177, 161, 112, 48, 126,
       194, 113, 204, 89, 161, 69, 248, 236, 195, 226, 245, 98, 90, 251,
       196, 58, 224, 214, 124, 69, 225, 231, 223, 16, 215, 36, 117, 184,
       233, 117, 124, 28, 122, 167, 212, 97, 247, 107, 184, 236, 24, 1,
       240, 29, 216, 65, 54, 242, 183, 181, 218, 211, 36, 94, 30, 49,
       145, 182, 42, 162, 120, 39, 82, 168, 83, 53, 84, 70, 145, 82, 126,
       138, 1, 194, 229, 40, 65, 219, 156, 10, 230, 205, 66, 228, 245,
       230, 71, 52, 69, 190, 255, 120, 224, 85, 104, 76, 181, 106, 228,
       21, 167, 111, 153, 238, 8, 71, 240, 28, 24, 65, 6, 243, 19, 177,
       120, 39, 96, 226, 28, 176, 220, 244, 58, 245, 252, 86, 112, 254,
       76, 213, 220, 117, 179, 113, 255, 222, 161, 99, 229, 101, 195,
       123, 205, 223, 242, 255, 90, 103, 247, 239, 215, 176, 85, 180,
       119, 248, 232, 117, 120, 92, 123, 47, 245, 21, 247, 111, 153, 236,
       24, 7, 240, 29, 156, 73, 22, 243, 51, 189, 90, 87, 32, 254, 61,
       191, 253, 244, 54, 255, 185, 127, 245, 252, 214, 245, 125, 127,
       188, 102, 251, 212, 99, 99, 245, 39, 211, 247, 93, 187, 180, 159,
       122, 94, 115, 235, 215, 36, 85, 186, 82, 120, 233, 124, 120, 92,
       56, 175, 213, 53, 247, 111, 153, 172, 24, 5, 240, 29, 156, 73, 16,
       242, 51, 189, 90, 87, 32, 250, 62, 186, 253, 255, 62, 253, 253,
       120, 255, 255, 255, 249, 253, 123, 189, 93, 255, 255, 99, 123,
       245, 118, 211, 255, 253, 255, 245, 255, 126, 223, 245, 239, 223,
       108, 215, 190, 223, 120, 249, 125, 124, 93, 123, 47, 213, 181,
       247, 111, 187, 172, 152, 15, 240, 29, 158, 93, 48, 242, 115, 189,
       251, 223, 44, 254, 38, 55, 97, 150, 28, 132, 12, 81, 198, 102, 17,
       16, 73, 67, 145, 21, 226, 196, 3, 96, 193, 32, 193, 102, 76, 136,
       164, 9, 18, 12, 33, 104, 87, 36, 85, 186, 82, 56, 1, 84, 112, 64,
       24, 143, 196, 16, 193, 79, 153, 172, 24, 1, 240, 28, 156, 73, 16,
       242, 51, 189, 88, 86, 32, 248, 63, 182, 117, 180, 63, 165, 191,
       120, 246, 124, 215, 115, 253, 127, 176, 85, 250, 213, 3, 98, 197,
       38, 194, 119, 76, 154, 240, 15, 82, 8, 113, 107, 215, 36, 85, 186,
       82, 120, 233, 116, 112, 92, 56, 47, 213, 20, 245, 79, 153, 172,
       24, 5, 240, 29, 156, 73, 16, 242, 51, 189, 88, 87, 32, 250, 61,
       182, 125, 164, 62, 253, 189, 121, 252, 252, 222, 245, 253, 127,
       184, 117, 251, 220, 67, 99, 245, 102, 195, 247, 205, 254, 244,
       255, 126, 95, 247, 235, 223, 36, 85, 190, 87, 120, 233, 116, 120,
       92, 58, 47, 213, 53, 247, 111, 153, 172, 24, 5, 240, 29, 156, 73,
       16, 242, 51, 189, 90, 87, 32, 250, 63, 182, 253, 254, 63, 253,
       253, 123, 247, 254, 254, 245, 253, 127, 189, 119, 251, 246, 99,
       99, 245, 118, 211, 119, 221, 255, 245, 255, 122, 223, 247, 235,
       215, 44, 87, 190, 210, 120, 233, 124, 120, 93, 58, 47, 213, 53,
       247, 111, 153, 172, 24, 5, 240, 29, 156, 73, 16, 242, 51, 189, 90,
       87, 32, 250, 8, 2, 5, 40, 1, 241, 32, 126, 128, 24, 194, 5, 80,
       20, 169, 3, 203, 92, 131, 96, 192, 32, 192, 243, 76, 152, 0, 128,
       80, 4, 49, 72, 221, 0, 81, 168, 16, 120, 9, 96, 120, 20, 56, 39,
       84, 149, 103, 111, 25, 44, 24, 4, 240, 29, 156, 8, 16, 226, 51,
       189, 72, 87, 32, 250, 45, 6, 237, 160, 25, 253, 161, 126, 181,
       252, 198, 69, 201, 61, 185, 101, 203, 252, 195, 107, 244, 102,
       218, 243, 93, 188, 20, 130, 124, 6, 51, 203, 223, 36, 87, 186, 83,
       122, 233, 124, 124, 84, 58, 167, 212, 33, 119, 111, 153, 172, 24,
       5, 240, 29, 156, 73, 48, 242, 51, 189, 90, 215, 32, 250, 13, 6,
       165, 32, 8, 176, 160, 118, 32, 190, 194, 5, 64, 37, 137, 2, 202,
       76, 131, 96, 224, 32, 76, 243, 76, 136, 4, 132, 64, 4, 49, 203,
       85, 0, 85, 186, 16, 120, 1, 100, 124, 84, 24, 6, 68, 133, 67, 75,
       24, 44, 24, 5, 240, 29, 156, 72, 0, 226, 3, 188, 72, 71, 32, 242,
       13, 38, 231, 184, 56, 181, 161, 126, 48, 254, 194, 133, 65, 61,
       185, 67, 202, 252, 163, 107, 228, 100, 78, 243, 77, 184, 144, 134,
       88, 4, 49, 203, 215, 0, 213, 186, 80, 120, 233, 116, 124, 84, 58,
       46, 85, 133, 83, 107, 152, 172, 24, 5, 240, 29, 156, 72, 16, 226,
       51, 189, 72, 87, 32, 250, 13, 46, 231, 184, 16, 118, 33, 118, 32,
       254, 194, 21, 64, 165, 155, 162, 203, 76, 131, 98, 228, 33, 78,
       179, 77, 137, 132, 133, 72, 6, 51, 203, 85, 2, 85, 186, 16, 122,
       233, 116, 124, 84, 56, 38, 70, 129, 103, 107, 152, 44, 56, 5, 240,
       29, 156, 72, 0, 226, 3, 189, 72, 71, 32, 242, 28, 179, 93, 182,
       63, 185, 189, 122, 116, 188, 215, 241, 253, 127, 144, 80, 250,
       222, 65, 99, 229, 100, 193, 243, 205, 186, 224, 223, 122, 140,
       241, 235, 223, 36, 85, 186, 83, 120, 233, 116, 120, 92, 56, 47,
       212, 21, 247, 111, 153, 172, 24, 5, 240, 29, 156, 73, 16, 242, 51,
       189, 88, 87, 32, 250, 5, 35, 193, 144, 16, 2, 1, 110, 130, 4, 0,
       52, 65, 130, 147, 66, 226, 84, 1, 36, 65, 128, 192, 35, 14, 128,
       128, 9, 18, 8, 16, 9, 80, 38, 20, 186, 0, 112, 1, 84, 16, 64, 24,
       14, 0, 4, 64, 204, 17, 36, 88, 4, 48, 24, 132, 73, 16, 96, 35,
       156, 72, 68, 32, 248, 4, 35, 197, 144, 19, 21, 5, 79, 166, 68, 5,
       52, 17, 62, 180, 70, 202, 84, 0, 96, 3, 34, 192, 99, 92, 128, 132,
       9, 50, 136, 16, 73, 150, 36, 87, 154, 66, 120, 1, 84, 48, 89, 56,
       39, 148, 20, 229, 110, 17, 172, 24, 5, 48, 25, 148, 73, 16, 114,
       51, 189, 88, 87, 32, 250, 246, 49, 81, 182, 213, 2, 11, 72, 66,
       66, 177, 50, 37, 67, 128, 82, 98, 212, 5, 100, 11, 160, 128, 32,
       12, 136, 168, 9, 210, 40, 48, 57, 112, 36, 20, 154, 66, 112, 1,
       214, 130, 66, 24, 8, 192, 28, 192, 12, 9, 36, 16, 5, 96, 24, 132,
       73, 16, 242, 49, 152, 92, 86, 34, 177, 61, 181, 253, 254, 62, 255,
       253, 123, 247, 254, 253, 247, 253, 127, 188, 118, 243, 245, 99,
       107, 245, 126, 208, 247, 221, 255, 247, 191, 122, 219, 119, 235,
       223, 44, 87, 190, 214, 120, 249, 125, 120, 93, 59, 47, 213, 53,
       245, 111, 153, 172, 24, 5, 240, 29, 156, 73, 16, 242, 115, 189,
       90, 87, 40, 250, 63, 181, 253, 254, 54, 181, 253, 115, 119, 244,
       85, 176, 93, 127, 181, 87, 250, 222, 97, 99, 245, 36, 193, 115,
       205, 186, 160, 223, 82, 28, 245, 235, 215, 36, 85, 186, 83, 120,
       233, 116, 112, 92, 56, 47, 212, 20, 247, 111, 153, 172, 24, 5,
       240, 29, 156, 73, 16, 242, 51, 189, 88, 87, 32, 250, 54, 161, 109,
       158, 50, 141, 21, 109, 231, 68, 21, 240, 157, 62, 180, 86, 251,
       212, 66, 97, 135, 50, 194, 103, 93, 150, 164, 29, 34, 184, 21, 41,
       150, 36, 69, 154, 194, 120, 203, 92, 48, 89, 61, 47, 148, 20, 245,
       110, 145, 172, 153, 13, 176, 25, 156, 73, 24, 242, 50, 185, 88,
       87, 32, 250, 76, 35, 243, 176, 80, 98, 41, 246, 192, 174, 194, 53,
       65, 135, 147, 98, 226, 76, 131, 102, 41, 137, 196, 147, 14, 136,
       174, 141, 66, 12, 48, 153, 112, 7, 117, 187, 16, 118, 5, 84, 144,
       64, 24, 14, 74, 140, 65, 222, 24, 44, 124, 16, 96, 30, 132, 73,
       128, 232, 3, 156, 76, 6, 35, 176, 68, 35, 211, 240, 80, 98, 33,
       206, 64, 162, 195, 52, 65, 195, 155, 83, 234, 76, 9, 102, 11, 141,
       196, 51, 14, 136, 186, 137, 210, 12, 50, 73, 112, 7, 117, 187, 0,
       118, 5, 86, 128, 96, 24, 88, 75, 140, 65, 204, 88, 44, 116, 20,
