%YAML:1.0
descriptors: !!opencv-matrix
   rows: 48
   cols: 64
   dt: u
   data: [ 28, 189, 223, 222, 54, 255, 252, 119, 115, 248, 85, 241, 94,
       247, 189, 203, 235, 222, 97, 107, 215, 125, 195, 243, 233, 95,
       179, 255, 121, 79, 183, 107, 223, 52, 85, 186, 87, 120, 249, 117,
       112, 93, 187, 47, 245, 20, 247, 111, 153, 172, 24, 7, 240, 29,
       156, 73, 16, 243, 51, 191, 88, 87, 33, 250, 62, 187, 255, 254, 62,
       253, 253, 127, 247, 254, 253, 249, 255, 126, 189, 126, 255, 254,
       99, 123, 245, 127, 211, 247, 221, 255, 247, 255, 122, 223, 247,
       235, 223, 44, 87, 190, 223, 120, 249, 125, 120, 93, 251, 47, 213,
       53, 247, 111, 153, 172, 24, 5, 242, 29, 156, 73, 16, 242, 115,
       189, 123, 87, 32, 250, 63, 190, 253, 239, 63, 253, 251, 125, 255,
       254, 254, 253, 253, 127, 253, 252, 255, 255, 99, 123, 245, 119,
       211, 255, 253, 255, 229, 255, 126, 223, 247, 239, 223, 108, 85,
       190, 223, 122, 249, 125, 252, 93, 123, 47, 213, 55, 247, 111, 185,
       172, 24, 5, 240, 29, 157, 77, 16, 242, 51, 189, 218, 215, 40, 254,
       83, 18, 17, 151, 248, 128, 143, 72, 42, 123, 3, 75, 133, 67, 128,
       17, 102, 199, 32, 98, 204, 37, 202, 120, 204, 222, 187, 111, 18,
       41, 49, 111, 87, 165, 93, 59, 80, 248, 233, 118, 96, 76, 40, 47,
       213, 20, 253, 95, 153, 172, 24, 5, 244, 29, 156, 73, 16, 242, 51,
       189, 88, 87, 32, 254, 90, 25, 155, 222, 34, 7, 93, 39, 198, 230,
       93, 144, 23, 196, 22, 90, 127, 214, 32, 99, 134, 189, 224, 3, 157,
       203, 230, 95, 67, 168, 244, 104, 195, 54, 36, 190, 138, 108, 242,
       119, 50, 234, 181, 107, 191, 28, 165, 111, 219, 168, 24, 199, 112,
       24, 52, 73, 17, 242, 115, 251, 121, 116, 163, 251, 210, 25, 155,
       222, 34, 71, 93, 39, 131, 198, 21, 128, 31, 224, 54, 26, 189, 211,
       48, 111, 6, 189, 224, 3, 153, 211, 246, 92, 65, 168, 212, 104,
       210, 54, 32, 174, 138, 76, 210, 121, 48, 235, 181, 105, 191, 28,
       229, 110, 215, 170, 59, 215, 112, 24, 52, 79, 25, 243, 113, 251,
       121, 116, 195, 251, 9, 7, 0, 112, 9, 162, 32, 74, 52, 122, 66, 5,
       0, 77, 129, 5, 194, 92, 129, 98, 228, 46, 200, 123, 68, 138, 162,
       6, 82, 0, 33, 79, 87, 34, 85, 184, 113, 122, 97, 116, 208, 116,
       24, 14, 192, 21, 195, 75, 153, 44, 24, 5, 240, 29, 156, 73, 16,
       242, 51, 189, 72, 86, 33, 248, 82, 217, 155, 222, 38, 79, 92, 39,
       67, 196, 29, 128, 95, 244, 22, 26, 61, 210, 112, 239, 22, 61, 225,
       131, 153, 119, 247, 92, 97, 176, 212, 104, 134, 62, 33, 174, 202,
       72, 210, 121, 48, 187, 181, 107, 191, 60, 181, 110, 211, 170, 171,
       207, 48, 25, 48, 87, 49, 243, 123, 251, 121, 241, 203, 234, 41,
       134, 100, 33, 191, 189, 167, 112, 188, 125, 214, 69, 236, 61, 105,
       5, 200, 253, 195, 248, 240, 98, 27, 252, 97, 60, 13, 182, 124, 87,
       97, 215, 221, 232, 219, 32, 127, 186, 169, 40, 125, 21, 90, 175,
       85, 225, 246, 97, 184, 221, 152, 8, 244, 157, 202, 13, 62, 194,
       183, 180, 194, 219, 44, 94, 190, 253, 127, 222, 55, 95, 93, 255,
       199, 198, 189, 248, 127, 190, 244, 254, 255, 214, 102, 255, 23,
       242, 245, 167, 253, 247, 245, 89, 51, 190, 222, 57, 232, 60, 182,
       222, 202, 120, 219, 253, 50, 219, 181, 63, 182, 62, 244, 46, 151,
       175, 247, 143, 58, 25, 246, 95, 184, 243, 120, 123, 121, 220, 110,
       251, 192, 1, 147, 211, 192, 66, 74, 199, 2, 226, 11, 4, 16, 198,
       155, 162, 75, 0, 1, 70, 14, 169, 230, 2, 14, 131, 178, 9, 131,
       136, 50, 24, 98, 7, 117, 187, 0, 102, 71, 70, 32, 96, 144, 74, 14,
       28, 9, 182, 89, 44, 114, 116, 1, 26, 164, 106, 129, 104, 33, 57,
       76, 36, 49, 176, 68, 1, 147, 144, 0, 66, 0, 71, 2, 162, 3, 4, 0,
       132, 131, 18, 77, 10, 32, 71, 130, 133, 70, 3, 12, 193, 160, 77,
       0, 8, 0, 64, 69, 20, 117, 170, 0, 108, 67, 64, 32, 0, 52, 32, 39,
       28, 37, 238, 89, 168, 56, 21, 176, 24, 52, 64, 0, 50, 19, 177, 8,
       84, 1, 98, 131, 2, 0, 20, 200, 128, 10, 0, 32, 35, 33, 66, 128,
       65, 0, 1, 4, 73, 5, 193, 200, 37, 2, 72, 68, 26, 177, 110, 144, 4,
       33, 65, 87, 52, 16, 40, 64, 40, 32, 194, 64, 64, 56, 11, 193, 0,
       209, 79, 24, 140, 24, 1, 96, 24, 156, 73, 17, 114, 19, 149, 72,
       87, 32, 234, 68, 41, 227, 212, 48, 71, 120, 231, 0, 198, 67, 148,
       83, 196, 147, 98, 139, 84, 34, 103, 15, 173, 196, 3, 13, 138, 182,
       9, 64, 172, 54, 9, 114, 54, 117, 186, 0, 124, 195, 84, 48, 104,
       181, 110, 230, 28, 193, 110, 25, 172, 16, 69, 112, 29, 148, 72,
       144, 226, 49, 185, 72, 86, 33, 242, 135, 198, 65, 129, 217, 128,
       135, 72, 164, 65, 32, 107, 129, 11, 164, 5, 66, 117, 5, 100, 192,
       34, 138, 96, 68, 220, 25, 39, 146, 10, 33, 9, 212, 36, 92, 154,
       80, 120, 45, 180, 65, 84, 24, 15, 209, 20, 244, 65, 25, 172, 24,
       4, 241, 29, 140, 9, 16, 240, 51, 188, 72, 87, 32, 248, 3, 6, 1,
       18, 8, 2, 3, 74, 130, 32, 2, 22, 0, 67, 129, 2, 98, 84, 1, 96,
       192, 160, 136, 34, 76, 152, 160, 9, 146, 8, 49, 73, 83, 38, 85,
       186, 80, 114, 1, 84, 192, 84, 24, 14, 64, 20, 224, 77, 153, 44,
       24, 4, 240, 29, 140, 73, 16, 240, 51, 188, 88, 86, 32, 248, 76,
       43, 243, 49, 16, 114, 160, 231, 64, 176, 194, 53, 80, 183, 139,
       226, 235, 136, 131, 75, 229, 161, 199, 147, 13, 201, 176, 141, 66,
       140, 34, 202, 85, 36, 101, 186, 80, 58, 201, 84, 120, 84, 56, 38,
       69, 133, 99, 110, 153, 172, 24, 5, 240, 29, 156, 73, 16, 242, 51,
       189, 72, 87, 32, 250, 55, 52, 113, 134, 213, 2, 5, 74, 230, 68,
       145, 48, 45, 43, 132, 85, 226, 212, 5, 100, 65, 2, 129, 52, 78,
       136, 168, 9, 210, 8, 48, 41, 208, 36, 20, 186, 66, 112, 1, 212,
       80, 74, 24, 14, 192, 20, 192, 76, 153, 36, 24, 4, 112, 28, 156,
       73, 16, 242, 51, 188, 88, 86, 34, 249, 68, 1, 131, 212, 0, 2, 92,
       78, 2, 128, 5, 16, 19, 230, 147, 74, 11, 85, 32, 103, 6, 173, 194,
       3, 14, 210, 146, 13, 2, 168, 20, 9, 86, 54, 53, 186, 2, 124, 195,
       84, 48, 104, 181, 107, 175, 28, 229, 110, 17, 172, 56, 85, 48, 24,
       148, 74, 17, 114, 49, 185, 72, 21, 33, 250, 63, 183, 253, 254, 62,
       189, 253, 123, 247, 252, 213, 241, 253, 126, 188, 92, 254, 255,
       99, 243, 245, 54, 211, 247, 221, 190, 245, 255, 122, 220, 245,
       235, 207, 44, 87, 190, 223, 120, 233, 125, 120, 93, 59, 47, 213,
       53, 247, 111, 185, 172, 24, 13, 240, 29, 156, 73, 16, 242, 51,
       189, 122, 87, 40, 250, 191, 245, 125, 222, 255, 61, 95, 121, 255,
       69, 253, 250, 255, 126, 244, 92, 247, 247, 118, 116, 119, 254,
       177, 118, 254, 255, 245, 123, 255, 251, 223, 169, 194, 108, 6,
       222, 206, 113, 249, 253, 122, 223, 245, 191, 213, 52, 244, 79,
       143, 167, 147, 13, 248, 29, 158, 81, 120, 246, 121, 185, 250, 223,
       44, 248, 5, 0, 16, 16, 9, 2, 0, 78, 2, 34, 1, 0, 0, 200, 128, 19,
       226, 212, 1, 96, 130, 160, 192, 35, 76, 136, 160, 73, 18, 8, 49,
       105, 83, 36, 20, 186, 0, 120, 1, 86, 0, 64, 24, 11, 64, 20, 193,
       79, 25, 36, 24, 4, 96, 24, 148, 73, 16, 114, 51, 156, 88, 86, 32,
       248, 5, 1, 129, 148, 25, 128, 9, 78, 0, 38, 1, 20, 1, 205, 131, 3,
       234, 84, 1, 98, 202, 33, 194, 51, 76, 138, 160, 15, 82, 8, 49, 75,
       87, 36, 84, 186, 82, 120, 65, 86, 80, 64, 24, 14, 192, 20, 193,
       79, 25, 172, 24, 5, 112, 28, 156, 73, 16, 242, 51, 189, 72, 86,
       32, 250, 62, 176, 253, 190, 63, 253, 61, 125, 244, 124, 220, 245,
       253, 126, 190, 84, 251, 220, 67, 114, 245, 35, 195, 247, 220, 255,
       244, 175, 82, 221, 247, 235, 223, 44, 85, 190, 91, 120, 233, 116,
       120, 93, 56, 47, 213, 53, 247, 111, 153, 172, 24, 5, 240, 29, 156,
       73, 16, 242, 51, 189, 88, 87, 32, 250, 0, 2, 17, 130, 152, 128, 5,
       73, 194, 64, 1, 80, 129, 3, 128, 17, 106, 196, 4, 32, 192, 32,
       128, 65, 76, 144, 33, 41, 18, 8, 17, 9, 84, 36, 84, 154, 0, 120,
       3, 86, 32, 64, 8, 11, 0, 20, 244, 7, 145, 36, 16, 4, 48, 24, 140,
       73, 16, 114, 50, 188, 88, 87, 32, 250, 19, 1, 128, 150, 7, 2, 92,
