%YAML:1.0
descriptors: !!opencv-matrix
   rows: 59
   cols: 64
   dt: u
   data: [ 250, 216, 239, 223, 255, 253, 223, 189, 255, 253, 254, 255,
       191, 126, 127, 236, 255, 247, 255, 187, 252, 127, 255, 253, 123,
       255, 255, 54, 255, 219, 127, 255, 223, 239, 111, 117, 255, 251,
       255, 127, 123, 253, 239, 63, 221, 183, 253, 115, 191, 223, 159,
       173, 255, 191, 158, 255, 119, 246, 255, 255, 251, 223, 174, 254,
       61, 190, 255, 255, 126, 191, 251, 127, 255, 253, 86, 255, 255,
       127, 190, 93, 254, 247, 107, 99, 245, 119, 211, 255, 255, 250,
       244, 255, 126, 89, 247, 239, 215, 108, 85, 190, 223, 120, 249,
       125, 124, 93, 123, 47, 213, 52, 245, 111, 153, 172, 24, 5, 240,
       29, 156, 73, 16, 246, 51, 189, 218, 87, 32, 254, 62, 189, 255,
       253, 62, 255, 255, 121, 255, 253, 223, 255, 255, 126, 254, 254,
       251, 253, 123, 123, 245, 127, 211, 247, 253, 255, 247, 255, 126,
       223, 247, 239, 223, 108, 87, 190, 222, 121, 249, 125, 120, 93,
       251, 47, 213, 53, 247, 111, 189, 172, 153, 13, 240, 29, 156, 93,
       48, 246, 115, 191, 251, 223, 40, 254, 28, 161, 221, 222, 35, 131,
       92, 111, 119, 170, 213, 241, 189, 102, 180, 82, 255, 147, 97, 115,
       199, 61, 195, 243, 201, 218, 226, 127, 66, 200, 181, 234, 223, 36,
       69, 186, 82, 120, 249, 116, 112, 93, 61, 47, 213, 20, 245, 111,
       153, 172, 24, 5, 240, 29, 156, 73, 24, 242, 51, 189, 88, 87, 32,
       250, 50, 213, 89, 150, 7, 140, 93, 11, 198, 68, 21, 208, 189, 106,
       52, 86, 246, 150, 4, 247, 6, 46, 209, 103, 220, 146, 225, 77, 18,
       184, 212, 41, 134, 44, 20, 158, 202, 88, 195, 92, 48, 219, 53,
       105, 144, 20, 245, 78, 145, 172, 16, 5, 112, 25, 156, 73, 24, 242,
       51, 185, 88, 87, 32, 251, 51, 213, 125, 222, 63, 159, 223, 25,
       255, 95, 53, 250, 191, 122, 52, 93, 246, 247, 116, 179, 214, 127,
       211, 103, 241, 246, 231, 127, 62, 251, 213, 107, 207, 108, 134,
       182, 218, 89, 250, 121, 112, 223, 239, 237, 149, 116, 245, 111,
       183, 190, 152, 15, 252, 9, 220, 87, 57, 243, 118, 191, 251, 223,
       172, 218, 28, 35, 241, 176, 16, 4, 40, 103, 64, 170, 66, 53, 81,
       6, 153, 82, 234, 204, 131, 98, 193, 32, 196, 19, 140, 136, 166,
       137, 66, 12, 49, 106, 117, 4, 85, 186, 16, 122, 129, 84, 128, 68,
       16, 14, 98, 4, 193, 78, 153, 44, 24, 5, 240, 29, 157, 73, 128,
       242, 19, 188, 72, 6, 32, 242, 59, 17, 124, 150, 55, 55, 31, 26,
       182, 70, 21, 144, 61, 120, 52, 87, 244, 247, 0, 241, 192, 115,
       208, 119, 204, 170, 224, 93, 82, 56, 245, 105, 215, 44, 22, 190,
       210, 120, 225, 117, 112, 223, 61, 47, 213, 20, 245, 111, 153, 172,
       24, 5, 240, 29, 156, 73, 16, 242, 51, 189, 88, 87, 32, 250, 123,
       21, 125, 158, 119, 191, 31, 63, 246, 116, 221, 176, 61, 126, 52,
       86, 246, 247, 83, 117, 240, 115, 209, 119, 220, 234, 236, 93, 122,
       216, 245, 233, 215, 44, 87, 190, 218, 120, 233, 125, 112, 221, 61,
       47, 213, 52, 245, 111, 157, 172, 153, 13, 240, 29, 156, 73, 56,
       242, 51, 189, 90, 87, 40, 250, 122, 48, 245, 183, 255, 167, 27,
       124, 198, 101, 209, 52, 253, 206, 145, 86, 246, 215, 91, 118, 200,
       35, 195, 63, 140, 202, 236, 111, 82, 25, 245, 239, 215, 45, 85,
       191, 90, 120, 225, 87, 112, 88, 25, 15, 213, 28, 229, 79, 157,
       172, 24, 5, 240, 28, 156, 73, 80, 242, 51, 189, 88, 86, 32, 250,
       12, 34, 97, 161, 16, 160, 171, 72, 144, 222, 194, 55, 193, 4, 153,
       64, 130, 93, 129, 98, 192, 32, 194, 80, 12, 152, 176, 129, 80, 8,
       49, 91, 87, 32, 93, 186, 16, 120, 201, 52, 112, 68, 24, 46, 199,
       4, 209, 111, 25, 172, 24, 5, 240, 29, 156, 73, 16, 226, 51, 189,
       72, 87, 32, 242, 47, 54, 101, 162, 159, 189, 129, 89, 228, 94,
       210, 52, 237, 63, 185, 69, 226, 244, 67, 96, 241, 2, 152, 116, 76,
       168, 44, 9, 82, 24, 57, 233, 84, 36, 87, 186, 82, 114, 1, 84, 212,
       84, 24, 14, 64, 132, 192, 77, 152, 44, 24, 4, 240, 29, 141, 73,
       16, 242, 51, 188, 88, 87, 32, 248, 61, 54, 125, 168, 54, 189, 37,
       120, 244, 94, 246, 49, 125, 59, 189, 69, 242, 252, 67, 96, 241,
       98, 209, 246, 76, 168, 164, 137, 122, 92, 113, 233, 212, 36, 87,
       190, 82, 120, 137, 116, 124, 92, 26, 15, 212, 181, 246, 79, 153,
       172, 24, 5, 240, 29, 156, 73, 16, 242, 51, 188, 88, 87, 32, 248,
       46, 50, 97, 160, 21, 160, 33, 93, 228, 74, 194, 53, 97, 15, 177,
       69, 226, 212, 3, 96, 225, 34, 193, 118, 76, 136, 160, 137, 82, 12,
       49, 233, 85, 36, 85, 186, 82, 120, 1, 84, 88, 68, 24, 14, 64, 5,
       192, 79, 153, 44, 24, 5, 240, 29, 156, 73, 16, 242, 51, 188, 88,
       86, 32, 248, 62, 49, 125, 190, 54, 55, 29, 127, 246, 70, 213, 176,
       125, 58, 180, 86, 242, 212, 67, 96, 241, 114, 209, 119, 220, 168,
       228, 25, 114, 220, 117, 233, 214, 44, 22, 190, 218, 120, 129, 125,
       120, 219, 29, 15, 208, 20, 197, 78, 153, 172, 152, 5, 112, 29,
       156, 89, 16, 242, 59, 188, 88, 86, 42, 251, 55, 117, 121, 158, 55,
       28, 93, 11, 231, 102, 61, 178, 61, 170, 244, 95, 247, 246, 38,
       241, 3, 246, 145, 38, 220, 151, 245, 121, 19, 186, 213, 105, 130,
       44, 134, 190, 202, 120, 163, 95, 50, 203, 61, 41, 148, 84, 244,
       111, 147, 174, 16, 7, 104, 25, 182, 89, 24, 242, 49, 189, 120,
       214, 40, 186, 58, 245, 121, 254, 38, 159, 93, 11, 231, 198, 61,
       152, 63, 174, 52, 94, 253, 246, 100, 249, 182, 118, 209, 103, 253,
       215, 247, 125, 99, 186, 212, 233, 130, 188, 135, 158, 203, 88,
       250, 123, 42, 219, 245, 233, 183, 92, 181, 111, 211, 170, 129, 75,
       42, 1, 118, 85, 56, 243, 123, 249, 123, 221, 104, 250, 210, 81,
       16, 246, 37, 162, 120, 10, 82, 43, 81, 243, 162, 194, 4, 18, 102,
       135, 4, 215, 138, 44, 129, 91, 140, 154, 227, 207, 82, 32, 160,
       124, 18, 165, 60, 179, 39, 108, 194, 213, 64, 202, 177, 73, 234,
       21, 131, 95, 201, 166, 16, 71, 104, 16, 60, 105, 1, 179, 51, 219,
       24, 54, 177, 171, 68, 34, 147, 1, 216, 128, 170, 196, 74, 171,
       130, 54, 192, 135, 131, 2, 106, 1, 131, 64, 137, 133, 79, 201,
       204, 136, 56, 175, 2, 13, 33, 70, 117, 133, 93, 187, 16, 188, 37,
       86, 32, 64, 8, 10, 71, 12, 9, 177, 25, 108, 56, 33, 176, 24, 28,
       105, 132, 104, 147, 176, 76, 71, 96, 102, 63, 252, 253, 254, 63,
       253, 253, 59, 253, 254, 213, 249, 255, 127, 252, 223, 255, 255,
       227, 251, 247, 127, 219, 127, 253, 255, 247, 255, 127, 243, 247,
       239, 223, 252, 215, 54, 255, 248, 248, 127, 124, 221, 251, 239,
       245, 53, 247, 111, 187, 254, 153, 79, 244, 29, 222, 93, 63, 243,
       247, 191, 251, 255, 173, 254, 253, 189, 255, 189, 255, 255, 255,
       255, 252, 125, 255, 255, 255, 254, 190, 124, 251, 213, 123, 103,
       253, 39, 195, 119, 79, 255, 189, 175, 210, 30, 114, 235, 215, 37,
       85, 186, 82, 120, 233, 116, 120, 92, 56, 47, 213, 21, 245, 111,
       153, 172, 24, 5, 240, 29, 156, 73, 16, 242, 51, 189, 88, 87, 32,
       250, 205, 42, 231, 177, 216, 166, 39, 248, 232, 127, 194, 59, 203,
       235, 147, 67, 202, 77, 59, 102, 233, 133, 202, 121, 78, 218, 188,
       167, 210, 12, 50, 139, 87, 39, 85, 187, 80, 124, 101, 116, 124,
       84, 24, 15, 213, 25, 229, 215, 153, 172, 24, 5, 241, 61, 156, 73,
       16, 252, 51, 189, 72, 87, 32, 250, 108, 46, 231, 241, 254, 183,
       35, 249, 236, 119, 194, 54, 223, 255, 187, 71, 194, 221, 107, 102,
       253, 197, 194, 113, 78, 234, 188, 175, 250, 12, 51, 203, 215, 37,
       85, 187, 82, 122, 229, 116, 252, 84, 24, 14, 213, 141, 195, 79,
       153, 172, 24, 5, 241, 29, 156, 73, 16, 246, 51, 189, 88, 87, 32,
       250, 116, 50, 211, 163, 216, 160, 170, 77, 202, 187, 66, 53, 229,
       6, 155, 80, 114, 199, 129, 98, 201, 37, 207, 93, 140, 200, 234,
       175, 18, 9, 241, 110, 119, 165, 93, 191, 48, 254, 37, 86, 96, 68,
       64, 10, 71, 4, 201, 87, 152, 44, 24, 37, 244, 28, 156, 105, 128,
       122, 147, 189, 88, 71, 32, 246, 122, 49, 209, 246, 122, 6, 89, 47,
       214, 104, 81, 49, 117, 194, 147, 82, 246, 214, 0, 98, 207, 169,
