%YAML:1.0
descriptors: !!opencv-matrix
   rows: 96
   cols: 64
   dt: u
   data: [ 60, 185, 255, 254, 54, 255, 253, 127, 215, 252, 245, 241, 127,
       250, 180, 94, 255, 214, 99, 107, 247, 63, 195, 247, 221, 255, 247,
       255, 90, 221, 245, 235, 215, 44, 85, 190, 223, 120, 249, 125, 120,
       93, 185, 47, 213, 53, 247, 111, 153, 172, 24, 5, 240, 29, 156, 73,
       16, 242, 115, 189, 123, 87, 32, 250, 62, 253, 255, 254, 62, 253,
       253, 119, 255, 252, 93, 217, 223, 127, 189, 94, 255, 254, 99, 107,
       244, 126, 210, 255, 253, 255, 183, 255, 127, 251, 117, 239, 215,
       108, 87, 190, 223, 120, 249, 125, 124, 93, 255, 47, 245, 52, 245,
       111, 185, 172, 152, 15, 242, 29, 156, 93, 60, 242, 115, 191, 251,
       223, 40, 254, 254, 57, 247, 247, 255, 167, 95, 121, 222, 109, 213,
       123, 255, 206, 182, 92, 242, 213, 127, 118, 255, 47, 131, 125,
       158, 254, 255, 191, 210, 221, 116, 175, 199, 47, 20, 191, 222,
       117, 253, 127, 120, 205, 213, 15, 221, 61, 253, 23, 157, 164, 153,
       141, 240, 188, 156, 65, 80, 182, 115, 187, 218, 87, 48, 252, 204,
       43, 146, 115, 217, 162, 102, 195, 0, 43, 66, 35, 130, 198, 131,
       11, 98, 11, 185, 70, 79, 175, 10, 19, 2, 74, 186, 165, 208, 0, 34,
       128, 91, 35, 85, 179, 49, 60, 87, 116, 104, 100, 144, 74, 77, 93,
       139, 215, 93, 44, 24, 244, 241, 126, 140, 203, 83, 252, 119, 183,
       12, 116, 145, 104, 103, 38, 97, 128, 217, 132, 3, 76, 228, 102,
       131, 50, 225, 43, 146, 69, 226, 212, 3, 100, 73, 131, 130, 52, 78,
       136, 168, 9, 210, 12, 49, 41, 213, 36, 85, 186, 82, 112, 1, 84,
       112, 80, 24, 15, 212, 20, 228, 76, 153, 172, 24, 5, 240, 29, 156,
       73, 16, 242, 51, 188, 88, 86, 32, 248, 82, 209, 155, 223, 42, 133,
       220, 33, 90, 161, 21, 216, 214, 224, 52, 90, 254, 147, 52, 227,
       142, 45, 227, 203, 153, 95, 247, 126, 67, 175, 213, 110, 215, 183,
       36, 62, 218, 233, 250, 119, 112, 91, 229, 107, 187, 28, 189, 47,
       153, 238, 25, 71, 244, 24, 28, 73, 17, 243, 243, 251, 249, 119,
       161, 239, 221, 23, 18, 117, 200, 164, 170, 192, 40, 101, 67, 79,
       132, 65, 195, 17, 100, 235, 157, 70, 110, 173, 18, 88, 198, 222,
       255, 234, 192, 38, 227, 183, 66, 147, 89, 77, 17, 161, 108, 70,
       141, 0, 24, 210, 233, 73, 138, 21, 136, 133, 16, 49, 112, 254,
       140, 225, 81, 220, 17, 165, 84, 103, 17, 32, 77, 39, 112, 113,
       217, 160, 42, 69, 40, 107, 194, 62, 192, 69, 139, 17, 224, 41,
       131, 70, 239, 169, 26, 24, 68, 8, 226, 237, 192, 4, 169, 133, 115,
       147, 85, 171, 33, 179, 85, 70, 140, 32, 152, 192, 96, 139, 203,
       23, 24, 68, 112, 100, 99, 222, 1, 41, 130, 201, 193, 167, 12, 34,
       179, 32, 22, 49, 152, 212, 46, 131, 88, 34, 66, 32, 149, 208, 94,
       224, 4, 90, 116, 130, 32, 211, 135, 44, 65, 203, 140, 2, 226, 222,
       32, 173, 213, 102, 151, 182, 48, 14, 138, 200, 242, 215, 80, 171,
       229, 67, 168, 20, 195, 79, 211, 226, 169, 199, 100, 24, 56, 77, 9,
       51, 211, 211, 185, 48, 197, 207, 69, 5, 144, 176, 64, 134, 42, 70,
       0, 230, 1, 4, 0, 137, 130, 3, 96, 77, 1, 101, 138, 165, 194, 43,
       12, 136, 170, 77, 16, 0, 49, 73, 83, 37, 52, 187, 0, 104, 5, 70,
       0, 64, 24, 138, 195, 8, 65, 15, 25, 44, 24, 4, 97, 88, 148, 75,
       16, 122, 51, 157, 72, 22, 48, 242, 9, 154, 150, 225, 45, 243, 160,
       182, 60, 186, 194, 69, 142, 153, 11, 9, 76, 251, 233, 219, 228,
       69, 206, 123, 3, 42, 114, 230, 92, 69, 161, 199, 95, 210, 217, 33,
       117, 238, 252, 34, 252, 52, 122, 46, 91, 129, 83, 243, 248, 88,
       56, 149, 244, 237, 216, 76, 23, 211, 183, 167, 194, 243, 133, 118,
       1, 150, 4, 194, 13, 179, 131, 56, 52, 92, 2, 65, 140, 121, 0, 5,
       68, 253, 129, 32, 240, 98, 136, 115, 64, 56, 0, 6, 124, 64, 33,
       67, 223, 98, 208, 32, 119, 88, 41, 32, 213, 20, 26, 14, 80, 128,
       209, 75, 56, 60, 24, 4, 244, 13, 158, 73, 18, 210, 55, 157, 66,
       87, 36, 249, 199, 15, 2, 211, 201, 2, 195, 136, 14, 99, 3, 86,
       146, 235, 195, 4, 74, 85, 36, 102, 14, 173, 138, 106, 78, 214, 19,
       47, 146, 10, 19, 31, 82, 39, 93, 155, 0, 116, 127, 22, 129, 112,
       136, 74, 9, 28, 249, 147, 1, 44, 16, 4, 17, 27, 132, 171, 17, 96,
       32, 61, 76, 85, 49, 184, 70, 1, 139, 156, 34, 70, 89, 79, 133,
       166, 21, 148, 83, 164, 147, 202, 139, 84, 32, 111, 6, 177, 230,
       35, 13, 131, 134, 13, 83, 168, 52, 104, 215, 36, 53, 186, 66, 124,
       195, 84, 48, 106, 53, 40, 150, 28, 65, 110, 27, 168, 58, 5, 112,
       25, 180, 72, 144, 226, 59, 249, 89, 84, 34, 251, 65, 1, 129, 148,
       0, 134, 28, 102, 0, 196, 1, 0, 80, 128, 16, 2, 0, 84, 0, 101, 130,
       41, 192, 3, 12, 138, 132, 12, 0, 8, 16, 73, 82, 52, 52, 186, 2,
       104, 2, 68, 16, 106, 56, 14, 128, 20, 193, 78, 17, 164, 24, 5,
       112, 24, 156, 8, 16, 114, 51, 153, 72, 86, 32, 251, 3, 3, 0, 2,
       201, 130, 2, 0, 66, 0, 1, 0, 32, 67, 0, 17, 102, 3, 0, 132, 194,
       32, 9, 67, 2, 128, 8, 13, 130, 8, 129, 64, 18, 38, 16, 146, 0, 0,
       7, 194, 0, 66, 8, 129, 0, 88, 128, 6, 0, 36, 0, 0, 36, 0, 0, 139,
       16, 50, 2, 20, 0, 68, 48, 73, 240, 221, 247, 215, 217, 207, 199,
       251, 158, 221, 4, 223, 183, 255, 214, 92, 235, 213, 188, 47, 70,
       47, 170, 103, 111, 223, 63, 47, 190, 75, 18, 63, 215, 103, 125,
       219, 86, 253, 127, 52, 113, 125, 170, 119, 141, 28, 125, 183, 197,
       181, 89, 244, 249, 226, 140, 235, 81, 252, 114, 47, 88, 125, 149,
       250, 12, 11, 173, 152, 0, 95, 32, 119, 33, 212, 78, 132, 80, 180,
       121, 162, 137, 88, 195, 104, 52, 80, 84, 147, 89, 37, 132, 192,
       97, 198, 26, 193, 220, 18, 67, 168, 16, 74, 200, 8, 52, 53, 52,
       38, 52, 166, 103, 238, 155, 40, 175, 28, 146, 29, 16, 28, 39, 194,
       11, 228, 65, 194, 77, 242, 192, 1, 130, 16, 0, 2, 64, 199, 0, 162,
       1, 128, 18, 128, 2, 10, 8, 8, 32, 67, 10, 141, 228, 3, 14, 131,
       130, 0, 1, 0, 0, 64, 115, 22, 32, 42, 0, 236, 66, 130, 2, 34, 160,
       96, 170, 28, 1, 234, 81, 32, 114, 212, 1, 90, 52, 10, 145, 96, 33,
       89, 12, 116, 3, 235, 198, 9, 130, 251, 73, 66, 232, 134, 16, 234,
       40, 157, 2, 198, 139, 170, 11, 84, 33, 67, 206, 169, 238, 27, 75,
       223, 179, 35, 211, 11, 51, 79, 215, 39, 117, 251, 19, 116, 239,
       118, 112, 108, 184, 107, 223, 20, 117, 251, 153, 172, 90, 69, 209,
       31, 156, 72, 145, 240, 35, 191, 92, 119, 161, 242, 5, 2, 128, 50,
       25, 128, 160, 14, 0, 160, 2, 53, 128, 66, 129, 1, 2, 1, 129, 66,
       195, 45, 202, 75, 0, 138, 0, 7, 18, 8, 1, 70, 23, 166, 52, 178,
       49, 216, 7, 6, 1, 96, 0, 66, 73, 4, 9, 195, 24, 36, 56, 4, 117, 8,
       156, 0, 0, 34, 51, 129, 8, 7, 33, 106, 67, 2, 1, 130, 201, 130, 3,
       12, 34, 8, 2, 5, 0, 73, 0, 1, 66, 69, 1, 36, 192, 33, 136, 99, 72,
       128, 8, 4, 18, 8, 1, 73, 23, 36, 80, 176, 112, 64, 5, 64, 192, 84,
       8, 10, 65, 16, 225, 79, 17, 36, 24, 4, 176, 24, 156, 11, 16, 98,
       50, 188, 72, 87, 32, 248, 194, 194, 1, 165, 200, 170, 162, 192, 8,
       33, 67, 79, 130, 65, 68, 17, 100, 77, 37, 97, 192, 44, 8, 88, 78,
       222, 25, 238, 208, 2, 35, 86, 147, 165, 88, 27, 1, 232, 237, 134,
       193, 20, 24, 11, 201, 28, 254, 1, 137, 133, 16, 4, 213, 86, 140,
       41, 16, 216, 49, 189, 64, 87, 48, 184, 5, 4, 129, 0, 9, 130, 1,
       78, 128, 32, 0, 4, 0, 12, 131, 1, 66, 84, 1, 64, 192, 7, 202, 67,
       68, 128, 0, 5, 18, 8, 1, 73, 71, 6, 85, 186, 0, 104, 1, 4, 0, 64,
       16, 2, 64, 20, 1, 203, 17, 44, 24, 4, 48, 24, 156, 0, 16, 98, 51,
       188, 72, 87, 32, 250, 97, 13, 199, 147, 223, 135, 195, 223, 244,
       125, 6, 71, 179, 218, 163, 77, 226, 213, 57, 38, 204, 45, 138,
       115, 74, 202, 184, 39, 210, 72, 49, 111, 247, 39, 84, 187, 82,
       112, 237, 116, 208, 92, 26, 14, 217, 28, 209, 207, 157, 172, 24,
       5, 241, 61, 156, 203, 80, 254, 51, 189, 88, 87, 48, 249, 231, 196,
       105, 150, 223, 140, 95, 9, 190, 111, 61, 250, 187, 106, 180, 93,
       226, 213, 52, 97, 200, 39, 186, 108, 126, 215, 185, 47, 210, 25,
