%YAML:1.0
descriptors: !!opencv-matrix
   rows: 69
   cols: 64
   dt: u
   data: [ 63, 189, 255, 254, 63, 253, 253, 123, 246, 253, 252, 251, 255,
       122, 182, 125, 247, 223, 99, 99, 245, 47, 195, 119, 205, 255, 247,
       255, 90, 95, 247, 235, 215, 36, 85, 190, 87, 120, 233, 116, 120,
       92, 58, 47, 213, 21, 247, 111, 153, 172, 24, 5, 240, 29, 156, 73,
       16, 242, 51, 189, 88, 87, 32, 250, 63, 53, 253, 246, 63, 183, 253,
       122, 246, 252, 223, 243, 255, 126, 178, 87, 255, 255, 99, 115,
       245, 119, 211, 119, 205, 254, 245, 255, 122, 94, 247, 235, 215,
       44, 87, 190, 91, 120, 249, 124, 120, 93, 56, 47, 213, 53, 247,
       111, 153, 172, 24, 5, 240, 29, 156, 73, 16, 242, 51, 189, 88, 87,
       32, 250, 63, 148, 236, 174, 63, 253, 157, 61, 183, 254, 220, 253,
       189, 62, 63, 119, 249, 246, 99, 243, 245, 119, 211, 119, 93, 255,
       244, 63, 122, 219, 119, 235, 223, 44, 87, 190, 219, 120, 233, 124,
       120, 93, 122, 47, 213, 117, 245, 111, 153, 172, 24, 5, 240, 29,
       156, 73, 16, 242, 51, 189, 90, 87, 32, 250, 5, 166, 77, 40, 29,
       248, 165, 88, 57, 190, 142, 229, 200, 61, 137, 33, 137, 108, 129,
       105, 224, 96, 90, 240, 69, 188, 1, 162, 124, 7, 33, 67, 223, 32,
       213, 168, 115, 56, 233, 60, 116, 60, 58, 175, 212, 81, 119, 107,
       25, 172, 24, 1, 240, 29, 156, 8, 54, 226, 55, 189, 72, 215, 36,
       250, 22, 49, 209, 182, 16, 128, 57, 78, 6, 166, 65, 48, 1, 130,
       145, 82, 234, 212, 1, 99, 139, 160, 196, 51, 12, 136, 160, 9, 82,
       8, 48, 105, 83, 36, 52, 186, 66, 120, 1, 84, 144, 72, 48, 14, 194,
       20, 193, 110, 153, 172, 24, 5, 112, 28, 148, 73, 16, 242, 51, 189,
       88, 22, 32, 251, 188, 249, 255, 222, 54, 93, 221, 123, 255, 214,
       253, 250, 127, 250, 252, 254, 255, 214, 102, 123, 23, 126, 209,
       247, 249, 247, 247, 121, 115, 251, 246, 233, 222, 60, 87, 254,
       218, 121, 251, 117, 114, 223, 181, 47, 244, 52, 245, 110, 155,
       174, 154, 15, 248, 29, 156, 89, 16, 243, 123, 191, 121, 87, 40,
       251, 61, 179, 125, 174, 63, 253, 189, 120, 255, 222, 222, 247,
       253, 127, 189, 117, 255, 254, 227, 114, 245, 114, 211, 246, 237,
       255, 245, 249, 126, 94, 247, 235, 223, 108, 215, 190, 87, 120,
       233, 125, 120, 92, 58, 47, 213, 117, 247, 111, 185, 172, 24, 5,
       240, 29, 156, 73, 16, 242, 55, 189, 90, 215, 32, 250, 15, 134, 44,
       168, 175, 185, 175, 88, 60, 126, 128, 202, 200, 29, 45, 5, 136,
       125, 1, 96, 224, 112, 90, 120, 69, 220, 145, 38, 88, 7, 49, 71,
       215, 160, 215, 40, 82, 248, 233, 34, 112, 92, 122, 45, 213, 21,
       245, 107, 152, 172, 24, 5, 240, 29, 156, 9, 16, 226, 51, 189, 88,
       87, 32, 250, 47, 244, 108, 234, 63, 189, 221, 57, 253, 255, 252,
       251, 189, 58, 244, 77, 153, 245, 103, 251, 245, 118, 219, 127,
       117, 255, 177, 183, 126, 219, 117, 235, 207, 236, 215, 186, 255,
       120, 249, 125, 120, 223, 127, 173, 213, 117, 247, 107, 187, 174,
       152, 13, 240, 29, 220, 93, 48, 242, 247, 189, 251, 223, 44, 254,
       60, 49, 125, 212, 54, 37, 123, 125, 214, 28, 215, 53, 125, 94,
       144, 116, 246, 214, 71, 114, 119, 58, 161, 182, 188, 42, 230, 217,
       122, 220, 253, 232, 234, 108, 134, 254, 222, 50, 209, 253, 219,
       223, 215, 14, 224, 231, 131, 78, 171, 183, 223, 75, 250, 28, 159,
       81, 44, 178, 123, 219, 251, 142, 174, 253, 119, 53, 240, 118, 252,
       162, 122, 66, 66, 33, 209, 115, 230, 194, 132, 81, 254, 195, 34,
       210, 199, 45, 67, 215, 206, 26, 242, 255, 66, 44, 229, 103, 215,
       37, 20, 190, 218, 120, 225, 117, 112, 74, 153, 75, 233, 21, 243,
       79, 153, 166, 24, 71, 240, 28, 28, 73, 16, 179, 51, 183, 120, 119,
       160, 235, 254, 49, 249, 246, 54, 131, 88, 47, 214, 161, 213, 242,
       255, 226, 150, 82, 254, 147, 114, 215, 167, 63, 195, 215, 188,
       218, 246, 223, 66, 253, 244, 232, 135, 44, 36, 190, 206, 120, 243,
       125, 88, 201, 181, 107, 241, 53, 167, 111, 159, 174, 137, 199,
       240, 28, 28, 81, 64, 243, 115, 251, 57, 55, 160, 238, 196, 43,
       131, 176, 64, 66, 40, 230, 0, 162, 67, 22, 66, 132, 147, 2, 10,
       77, 1, 103, 10, 133, 228, 147, 14, 202, 186, 141, 64, 4, 50, 8,
       112, 37, 116, 187, 0, 126, 5, 84, 128, 96, 24, 10, 203, 12, 65,
       172, 25, 44, 48, 149, 81, 94, 20, 72, 192, 248, 1, 185, 76, 22,
       32, 242, 92, 43, 239, 253, 34, 247, 248, 119, 61, 254, 95, 149,
       93, 245, 25, 234, 137, 216, 225, 235, 254, 125, 198, 187, 89, 107,
       166, 214, 105, 213, 61, 251, 247, 48, 117, 40, 223, 122, 248, 121,
       252, 125, 249, 46, 246, 183, 195, 107, 155, 168, 61, 199, 240, 29,
       157, 92, 7, 243, 123, 253, 91, 118, 107, 246, 97, 7, 245, 214, 89,
       167, 99, 122, 244, 124, 2, 1, 37, 233, 161, 5, 226, 245, 129, 102,
       198, 47, 128, 119, 78, 170, 162, 6, 90, 0, 49, 75, 87, 39, 84,
       184, 80, 120, 87, 116, 84, 100, 154, 78, 193, 0, 193, 79, 153,
       172, 24, 69, 240, 28, 156, 73, 17, 242, 115, 191, 88, 118, 161,
       248, 51, 150, 20, 135, 239, 148, 143, 24, 190, 127, 0, 75, 173,
       105, 32, 21, 246, 247, 0, 48, 192, 39, 218, 109, 100, 192, 104,
       46, 30, 25, 65, 111, 215, 228, 92, 20, 114, 232, 168, 98, 101, 76,
       74, 143, 209, 16, 221, 91, 152, 220, 24, 5, 244, 1, 156, 73, 16,
       242, 178, 189, 208, 87, 32, 252, 45, 38, 229, 163, 184, 253, 165,
       116, 252, 124, 74, 87, 205, 127, 187, 101, 235, 253, 99, 98, 245,
       39, 203, 247, 78, 125, 181, 167, 122, 6, 51, 235, 215, 36, 85,
       186, 83, 120, 233, 116, 124, 92, 56, 47, 213, 53, 247, 111, 153,
       172, 24, 5, 240, 29, 156, 73, 16, 242, 51, 189, 88, 87, 32, 250,
       32, 3, 45, 218, 78, 151, 131, 61, 246, 124, 22, 5, 61, 125, 57, 5,
       238, 245, 193, 34, 212, 115, 217, 247, 72, 226, 4, 6, 58, 208, 17,
       107, 223, 38, 83, 176, 86, 120, 233, 96, 112, 85, 26, 46, 85, 52,
       245, 111, 153, 172, 24, 5, 240, 29, 156, 73, 16, 242, 51, 189, 90,
       87, 32, 250, 227, 210, 0, 131, 207, 159, 131, 136, 46, 117, 58,
       78, 189, 56, 121, 53, 246, 247, 28, 36, 72, 131, 139, 104, 74,
       212, 57, 46, 150, 27, 91, 63, 240, 229, 91, 89, 82, 67, 173, 194,
       229, 84, 72, 30, 85, 14, 216, 21, 133, 13, 16, 37, 159, 227, 141,
       235, 80, 124, 48, 60, 84, 95, 48, 184, 255, 245, 125, 174, 247,
       63, 93, 90, 246, 71, 253, 250, 63, 251, 246, 93, 242, 247, 119,
       117, 113, 214, 177, 54, 238, 255, 253, 59, 243, 26, 118, 169, 208,
       44, 22, 254, 194, 112, 129, 245, 82, 218, 56, 31, 208, 20, 244,
       76, 153, 173, 18, 5, 120, 29, 159, 73, 24, 242, 49, 188, 88, 86,
       34, 249, 13, 39, 226, 48, 25, 162, 37, 94, 128, 44, 194, 49, 226,
       202, 161, 71, 226, 213, 3, 98, 193, 39, 195, 119, 78, 138, 164,
       13, 82, 12, 48, 105, 87, 36, 84, 186, 82, 120, 65, 84, 80, 64, 24,
       14, 192, 4, 193, 79, 153, 172, 24, 5, 240, 28, 156, 73, 16, 242,
       51, 189, 88, 23, 32, 250, 252, 57, 247, 246, 54, 103, 253, 255,
       245, 254, 249, 179, 127, 238, 179, 222, 251, 212, 99, 107, 103,
       173, 230, 63, 79, 223, 179, 43, 83, 73, 54, 239, 87, 39, 117, 251,
       82, 124, 241, 116, 112, 76, 56, 63, 223, 20, 213, 110, 153, 172,
       94, 5, 240, 30, 156, 73, 144, 242, 51, 189, 93, 87, 32, 250, 75,
       2, 144, 178, 217, 162, 34, 78, 0, 42, 64, 35, 160, 195, 131, 19,
       98, 221, 1, 64, 232, 165, 203, 59, 6, 136, 168, 143, 210, 0, 33,
       207, 83, 166, 20, 187, 49, 120, 5, 84, 72, 64, 24, 8, 65, 5, 195,
       199, 25, 44, 24, 4, 96, 28, 156, 73, 16, 242, 51, 157, 72, 86, 32,
       240, 191, 246, 125, 253, 190, 181, 249, 249, 253, 255, 209, 255,
       253, 107, 245, 92, 242, 244, 71, 107, 245, 126, 218, 126, 253,
       190, 247, 187, 94, 95, 127, 255, 215, 108, 93, 190, 210, 121, 249,
       127, 250, 94, 121, 46, 210, 21, 241, 127, 153, 173, 24, 5, 248,
       29, 156, 73, 16, 242, 51, 189, 216, 95, 34, 191, 255, 250, 127,
       237, 255, 253, 191, 248, 253, 253, 254, 251, 255, 127, 255, 253,
       251, 245, 127, 111, 125, 199, 166, 116, 111, 255, 189, 59, 255,
