%YAML:1.0
descriptors: !!opencv-matrix
   rows: 67
   cols: 64
   dt: u
   data: [ 62, 178, 125, 239, 190, 181, 191, 121, 255, 255, 220, 253,
       253, 127, 185, 85, 255, 255, 99, 243, 245, 119, 211, 255, 221,
       254, 245, 255, 126, 223, 245, 235, 223, 44, 87, 190, 223, 120,
       233, 124, 124, 93, 122, 47, 213, 53, 247, 111, 153, 172, 24, 5,
       240, 29, 156, 89, 16, 242, 51, 189, 90, 215, 40, 250, 60, 189,
       255, 254, 54, 127, 253, 123, 247, 252, 221, 247, 255, 254, 188,
       126, 255, 247, 115, 123, 247, 127, 209, 247, 253, 254, 247, 255,
       122, 223, 246, 235, 223, 44, 119, 190, 222, 120, 249, 125, 120,
       93, 187, 47, 213, 53, 245, 111, 153, 172, 152, 15, 240, 29, 156,
       77, 48, 242, 115, 191, 123, 87, 40, 250, 47, 182, 125, 175, 255,
       253, 187, 88, 254, 255, 134, 253, 237, 127, 185, 85, 251, 255, 67,
       242, 245, 103, 83, 253, 197, 252, 253, 255, 94, 95, 243, 231, 223,
       44, 87, 190, 91, 120, 233, 117, 120, 92, 58, 175, 213, 113, 247,
       111, 153, 172, 24, 5, 240, 29, 156, 73, 16, 242, 51, 189, 90, 87,
       32, 250, 126, 189, 255, 252, 62, 255, 249, 123, 255, 255, 253,
       253, 255, 252, 180, 127, 255, 247, 123, 123, 247, 127, 211, 247,
       255, 255, 231, 255, 122, 223, 247, 235, 223, 44, 87, 190, 222,
       120, 249, 125, 120, 93, 251, 47, 213, 53, 245, 111, 185, 172, 152,
       13, 240, 29, 156, 93, 16, 242, 115, 191, 123, 87, 40, 250, 123,
       245, 125, 222, 255, 191, 223, 25, 247, 87, 181, 248, 191, 123,
       180, 93, 246, 247, 126, 247, 247, 119, 211, 119, 244, 246, 227,
       63, 126, 123, 245, 233, 215, 108, 150, 191, 218, 121, 251, 125,
       114, 223, 59, 237, 209, 88, 245, 111, 157, 174, 152, 13, 240, 61,
       158, 91, 56, 246, 115, 191, 250, 223, 46, 251, 242, 154, 19, 231,
       255, 176, 218, 137, 222, 187, 18, 79, 165, 70, 75, 17, 126, 215,
       156, 18, 204, 47, 143, 124, 237, 222, 123, 127, 222, 99, 231, 126,
       119, 229, 93, 21, 247, 251, 254, 119, 193, 92, 203, 92, 225, 12,
       217, 51, 188, 222, 24, 39, 244, 231, 156, 235, 87, 223, 182, 175,
       246, 95, 177, 182, 255, 252, 127, 239, 255, 253, 223, 249, 255,
       127, 253, 251, 255, 59, 246, 253, 243, 245, 63, 109, 125, 194,
       191, 124, 111, 255, 249, 59, 255, 91, 127, 191, 240, 101, 28, 223,
       194, 119, 173, 247, 211, 222, 120, 63, 217, 30, 252, 21, 141, 181,
       86, 5, 104, 191, 135, 77, 144, 244, 49, 156, 220, 94, 34, 185,
       220, 249, 255, 220, 50, 87, 125, 103, 211, 199, 245, 216, 87, 224,
       150, 90, 189, 223, 118, 111, 6, 189, 228, 147, 191, 219, 247, 255,
       65, 173, 244, 169, 214, 54, 52, 254, 206, 125, 242, 117, 114, 251,
       181, 111, 187, 28, 245, 110, 223, 170, 59, 215, 248, 29, 52, 77,
       81, 243, 115, 251, 121, 117, 195, 251, 244, 253, 231, 149, 212,
       103, 185, 255, 204, 229, 113, 250, 203, 139, 146, 238, 235, 213,
       39, 103, 77, 133, 230, 49, 79, 223, 189, 47, 211, 10, 50, 59, 215,
       36, 85, 186, 82, 120, 233, 116, 112, 92, 56, 47, 209, 20, 241,
       109, 153, 172, 24, 5, 240, 29, 156, 73, 16, 242, 51, 189, 88, 87,
       32, 250, 102, 33, 193, 146, 80, 6, 7, 79, 134, 102, 1, 48, 17,
       138, 179, 86, 234, 85, 1, 100, 11, 129, 192, 35, 78, 136, 168, 13,
       18, 8, 48, 105, 65, 36, 20, 186, 2, 112, 1, 86, 48, 66, 20, 10,
       81, 28, 193, 78, 153, 44, 24, 4, 112, 24, 148, 73, 16, 242, 49,
       184, 88, 86, 32, 240, 68, 34, 225, 176, 24, 130, 41, 78, 128, 234,
       194, 53, 65, 198, 145, 66, 194, 85, 3, 98, 200, 37, 202, 59, 76,
       136, 162, 5, 82, 8, 49, 75, 87, 38, 85, 186, 16, 120, 97, 84, 112,
       64, 24, 14, 68, 20, 193, 111, 25, 44, 24, 5, 240, 28, 156, 73, 16,
       242, 51, 189, 72, 86, 32, 242, 103, 224, 105, 138, 87, 159, 23, 8,
       230, 103, 61, 186, 185, 62, 180, 70, 194, 213, 0, 101, 201, 55,
       195, 100, 92, 212, 157, 47, 18, 154, 17, 105, 151, 36, 85, 186,
       66, 120, 233, 124, 112, 95, 60, 45, 213, 28, 245, 111, 153, 172,
       24, 5, 240, 29, 156, 73, 16, 242, 51, 189, 88, 87, 32, 250, 242,
       0, 73, 146, 87, 134, 31, 9, 230, 103, 61, 218, 189, 42, 54, 86,
       226, 215, 4, 117, 136, 39, 195, 100, 92, 194, 169, 47, 18, 184,
       17, 105, 215, 36, 20, 186, 66, 120, 161, 254, 82, 202, 60, 41,
       209, 28, 245, 15, 145, 172, 24, 5, 96, 25, 156, 73, 16, 242, 51,
       188, 88, 86, 32, 250, 68, 35, 195, 177, 216, 134, 163, 202, 192,
       238, 2, 55, 209, 198, 147, 64, 226, 85, 1, 102, 201, 37, 202, 67,
       14, 152, 60, 13, 146, 8, 49, 75, 87, 39, 85, 187, 16, 122, 5, 84,
       0, 64, 16, 10, 65, 4, 65, 199, 25, 44, 24, 4, 240, 28, 140, 73, 0,
       112, 35, 185, 72, 7, 32, 242, 124, 36, 237, 156, 58, 207, 27, 111,
       199, 230, 23, 180, 93, 174, 189, 70, 251, 213, 66, 97, 159, 177,
       210, 39, 93, 192, 164, 15, 66, 152, 53, 107, 195, 36, 71, 186,
       194, 122, 225, 94, 48, 89, 117, 47, 213, 28, 229, 111, 153, 172,
       24, 5, 242, 29, 148, 73, 16, 242, 51, 185, 89, 86, 40, 250, 118,
       59, 211, 183, 218, 130, 139, 235, 206, 234, 82, 55, 179, 198, 155,
       80, 234, 213, 9, 102, 207, 141, 206, 123, 14, 218, 58, 13, 210, 8,
       50, 63, 87, 39, 125, 187, 82, 126, 77, 84, 145, 64, 16, 14, 75,
       12, 201, 183, 153, 44, 24, 5, 240, 30, 156, 73, 64, 112, 51, 189,
       92, 7, 32, 242, 61, 182, 125, 252, 63, 253, 253, 120, 245, 254,
       255, 241, 253, 127, 189, 71, 251, 252, 99, 123, 245, 118, 208,
       247, 221, 255, 229, 255, 124, 215, 117, 235, 223, 44, 215, 190,
       223, 120, 249, 125, 120, 93, 123, 47, 212, 117, 247, 111, 187,
       174, 24, 5, 240, 29, 156, 89, 16, 242, 51, 189, 122, 215, 40, 250,
       62, 249, 255, 252, 54, 181, 125, 123, 245, 222, 245, 248, 255,
       250, 180, 94, 250, 220, 99, 123, 183, 126, 208, 119, 253, 187,
       231, 255, 123, 253, 244, 233, 199, 60, 182, 190, 222, 120, 241,
       125, 122, 223, 247, 111, 246, 53, 247, 111, 155, 174, 152, 79,
       248, 29, 156, 93, 16, 242, 123, 255, 123, 223, 168, 251, 84, 48,
       209, 149, 216, 160, 43, 124, 2, 43, 195, 52, 193, 194, 147, 67,
       226, 213, 1, 96, 201, 33, 202, 57, 12, 136, 168, 47, 82, 13, 49,
       111, 119, 36, 84, 187, 82, 120, 33, 86, 80, 64, 24, 14, 193, 28,
       201, 23, 153, 172, 24, 5, 112, 28, 156, 73, 16, 242, 51, 188, 88,
       86, 32, 240, 255, 245, 125, 158, 119, 159, 95, 124, 255, 101, 189,
       184, 127, 250, 244, 255, 243, 244, 87, 101, 221, 243, 227, 54, 77,
       171, 237, 63, 115, 93, 125, 105, 241, 36, 20, 254, 66, 113, 161,
       252, 210, 223, 60, 15, 208, 22, 229, 78, 157, 172, 26, 5, 248, 29,
       159, 73, 24, 242, 51, 188, 88, 86, 34, 249, 108, 33, 227, 144, 80,
       135, 39, 107, 196, 196, 194, 52, 209, 230, 145, 70, 234, 85, 35,
       102, 193, 37, 194, 119, 78, 218, 180, 13, 82, 12, 48, 41, 87, 36,
       85, 186, 18, 120, 65, 84, 112, 64, 24, 46, 197, 20, 197, 79, 153,
       172, 24, 5, 240, 28, 156, 73, 16, 242, 51, 189, 88, 87, 32, 250,
       126, 176, 251, 183, 255, 164, 219, 205, 222, 235, 209, 253, 245,
       66, 179, 86, 234, 213, 17, 99, 205, 33, 206, 121, 12, 202, 170,
       47, 82, 41, 53, 111, 119, 165, 29, 187, 82, 125, 233, 118, 80, 76,
       121, 46, 211, 28, 217, 55, 153, 172, 24, 5, 240, 29, 156, 105,
       144, 242, 51, 189, 92, 87, 32, 247, 58, 253, 255, 255, 63, 253,
       221, 57, 255, 255, 221, 253, 255, 126, 253, 252, 255, 247, 122,
       251, 245, 127, 211, 127, 253, 255, 247, 191, 127, 251, 255, 239,
       215, 108, 223, 190, 254, 121, 249, 125, 121, 221, 255, 111, 247,
       181, 245, 111, 191, 190, 155, 79, 248, 29, 158, 93, 52, 243, 127,
       255, 251, 223, 174, 254, 19, 153, 222, 126, 63, 248, 220, 30, 243,
       186, 149, 244, 174, 87, 44, 91, 239, 215, 32, 243, 199, 111, 195,
       119, 197, 215, 243, 127, 90, 43, 165, 98, 223, 46, 213, 190, 122,
       56, 251, 117, 112, 92, 187, 109, 213, 85, 245, 111, 153, 174, 24,
       5, 240, 29, 220, 73, 17, 243, 55, 191, 120, 119, 160, 250, 116,
       41, 227, 144, 80, 198, 43, 111, 196, 230, 211, 54, 243, 230, 155,
