%YAML:1.0
descriptors: !!opencv-matrix
   rows: 79
   cols: 64
   dt: u
   data: [ 63, 52, 125, 182, 62, 183, 191, 121, 246, 254, 253, 243, 253,
       126, 176, 87, 251, 213, 99, 99, 241, 39, 195, 119, 204, 255, 245,
       175, 82, 30, 241, 235, 215, 36, 85, 190, 82, 120, 233, 116, 120,
       92, 56, 47, 213, 21, 247, 111, 153, 172, 24, 5, 240, 29, 156, 73,
       16, 242, 51, 189, 88, 87, 32, 250, 62, 253, 253, 252, 54, 253,
       125, 123, 247, 214, 213, 244, 125, 127, 188, 94, 255, 254, 99,
       123, 247, 118, 208, 247, 221, 191, 247, 249, 123, 254, 245, 233,
       223, 108, 71, 190, 219, 120, 249, 125, 124, 221, 253, 47, 213, 53,
       247, 111, 155, 174, 153, 15, 242, 29, 156, 93, 56, 242, 115, 189,
       123, 223, 40, 250, 62, 181, 253, 254, 55, 253, 125, 127, 247, 198,
       213, 176, 125, 126, 188, 94, 255, 222, 99, 107, 183, 124, 209,
       119, 221, 191, 227, 221, 115, 188, 244, 233, 199, 36, 87, 190,
       211, 120, 249, 125, 120, 93, 189, 47, 245, 21, 247, 111, 155, 174,
       153, 15, 240, 29, 156, 93, 48, 242, 115, 255, 89, 215, 40, 250,
       63, 177, 247, 246, 63, 160, 89, 122, 210, 253, 209, 243, 239, 203,
       132, 91, 242, 215, 37, 99, 199, 44, 193, 127, 204, 154, 226, 31,
       82, 41, 117, 111, 215, 36, 52, 190, 82, 124, 241, 247, 80, 74,
       185, 79, 218, 20, 209, 79, 153, 164, 24, 5, 240, 28, 156, 73, 16,
       242, 51, 159, 88, 87, 32, 251, 61, 54, 117, 229, 249, 173, 171,
       120, 252, 125, 194, 127, 237, 125, 216, 85, 242, 253, 135, 98,
       253, 42, 154, 124, 76, 170, 160, 191, 254, 13, 113, 239, 215, 100,
       84, 186, 80, 242, 233, 244, 221, 92, 26, 142, 192, 3, 249, 87,
       136, 164, 24, 5, 240, 29, 157, 73, 16, 242, 51, 189, 218, 71, 32,
       248, 45, 54, 117, 139, 216, 229, 163, 116, 96, 124, 2, 21, 205,
       127, 185, 69, 234, 212, 1, 98, 193, 32, 139, 114, 76, 168, 164,
       13, 210, 12, 49, 111, 215, 36, 85, 186, 82, 114, 233, 116, 116,
       84, 24, 14, 68, 20, 229, 79, 153, 172, 24, 5, 240, 29, 156, 73,
       16, 242, 51, 189, 88, 71, 32, 248, 122, 149, 124, 134, 127, 191,
       31, 59, 246, 92, 85, 81, 61, 122, 52, 84, 246, 215, 65, 100, 240,
       115, 193, 119, 220, 232, 236, 93, 122, 216, 245, 233, 215, 44, 84,
       190, 82, 120, 169, 124, 112, 93, 56, 47, 213, 20, 245, 79, 153,
       172, 24, 5, 240, 29, 156, 73, 16, 242, 51, 189, 88, 87, 32, 250,
       123, 21, 124, 150, 55, 135, 31, 30, 38, 68, 21, 16, 61, 104, 52,
       87, 244, 247, 1, 244, 192, 51, 209, 115, 204, 138, 224, 93, 82,
       24, 245, 105, 214, 44, 20, 190, 82, 120, 129, 116, 112, 91, 60,
       15, 209, 20, 229, 78, 153, 172, 24, 5, 240, 29, 156, 73, 16, 242,
       51, 189, 88, 87, 32, 250, 123, 17, 117, 150, 119, 167, 27, 126,
       246, 68, 213, 53, 61, 104, 48, 84, 246, 215, 67, 116, 240, 35,
       193, 119, 140, 232, 232, 77, 82, 24, 245, 233, 215, 44, 20, 190,
       82, 120, 129, 116, 80, 88, 24, 15, 193, 20, 225, 79, 153, 172, 24,
       5, 240, 28, 156, 73, 16, 242, 51, 189, 88, 87, 32, 250, 62, 190,
       255, 255, 63, 253, 253, 125, 255, 255, 223, 253, 253, 127, 189,
       223, 255, 246, 99, 123, 245, 118, 211, 255, 253, 255, 247, 255,
       126, 255, 247, 239, 223, 108, 215, 190, 223, 120, 249, 125, 120,
       93, 251, 175, 245, 53, 247, 111, 187, 174, 153, 15, 240, 29, 156,
       93, 52, 243, 119, 191, 251, 223, 44, 254, 51, 213, 60, 222, 39,
       157, 221, 25, 247, 215, 53, 202, 191, 120, 52, 29, 246, 246, 100,
       179, 214, 118, 209, 103, 241, 182, 231, 122, 62, 251, 213, 105,
       143, 108, 130, 52, 218, 72, 250, 105, 112, 223, 231, 237, 148,
       116, 245, 111, 179, 154, 153, 15, 252, 9, 220, 85, 57, 243, 118,
       191, 243, 223, 172, 218, 39, 38, 64, 130, 157, 128, 7, 72, 166,
       64, 0, 115, 161, 11, 128, 69, 98, 116, 1, 32, 193, 34, 136, 96,
       68, 152, 40, 11, 146, 8, 1, 73, 85, 36, 84, 186, 64, 120, 1, 84,
       68, 64, 24, 11, 64, 16, 196, 77, 16, 36, 24, 4, 112, 24, 140, 73,
       16, 114, 51, 188, 72, 87, 32, 248, 127, 190, 253, 239, 255, 253,
       191, 121, 253, 255, 222, 255, 253, 127, 255, 117, 251, 221, 123,
       123, 253, 119, 219, 124, 205, 255, 253, 191, 126, 95, 119, 239,
       215, 44, 85, 190, 87, 121, 233, 119, 120, 93, 122, 47, 213, 21,
       255, 127, 153, 172, 24, 5, 240, 29, 156, 73, 16, 246, 51, 189,
       218, 87, 32, 254, 63, 186, 253, 239, 191, 189, 255, 120, 253, 255,
       222, 255, 253, 127, 187, 85, 251, 255, 107, 123, 253, 103, 211,
       125, 237, 254, 245, 255, 126, 95, 247, 239, 215, 108, 87, 190,
       255, 121, 233, 117, 120, 92, 123, 47, 213, 21, 247, 111, 153, 172,
       24, 5, 240, 29, 156, 73, 16, 242, 51, 189, 218, 87, 32, 254, 246,
       188, 251, 231, 250, 214, 219, 201, 219, 255, 147, 254, 247, 6,
       179, 90, 250, 199, 186, 11, 143, 61, 95, 204, 189, 210, 254, 255,
       70, 255, 247, 126, 103, 197, 237, 223, 254, 253, 255, 127, 113,
       76, 229, 120, 183, 28, 153, 51, 255, 254, 56, 103, 244, 181, 60,
       247, 84, 254, 242, 111, 255, 223, 249, 254, 76, 33, 129, 144, 0,
       131, 42, 102, 0, 166, 195, 20, 81, 4, 145, 2, 200, 73, 67, 100,
       192, 33, 192, 147, 12, 136, 164, 204, 64, 132, 49, 200, 87, 36,
       85, 170, 16, 104, 129, 68, 16, 80, 20, 14, 197, 20, 129, 110, 153,
       172, 24, 5, 240, 29, 28, 73, 0, 242, 19, 185, 72, 86, 32, 250,
       207, 137, 146, 113, 217, 162, 230, 194, 24, 41, 192, 123, 162,
       206, 162, 89, 106, 25, 57, 215, 111, 175, 203, 83, 70, 218, 122,
       175, 210, 4, 162, 162, 215, 39, 84, 187, 51, 125, 109, 116, 72,
       100, 24, 75, 217, 29, 191, 215, 221, 172, 24, 20, 241, 126, 156,
       225, 82, 252, 55, 191, 24, 119, 177, 234, 31, 159, 220, 126, 55,
       187, 252, 126, 19, 184, 213, 241, 60, 126, 172, 90, 239, 223, 33,
       243, 199, 61, 195, 115, 77, 223, 242, 95, 82, 76, 181, 107, 215,
       36, 85, 186, 87, 120, 249, 116, 112, 93, 185, 47, 213, 21, 247,
       111, 153, 172, 24, 5, 240, 29, 156, 73, 16, 242, 51, 189, 88, 87,
       32, 250, 125, 63, 247, 241, 240, 183, 43, 254, 252, 254, 210, 55,
       239, 239, 155, 70, 250, 253, 251, 102, 125, 207, 214, 191, 158,
       234, 190, 157, 218, 220, 112, 171, 123, 7, 213, 191, 84, 54, 85,
       92, 220, 68, 154, 158, 79, 169, 195, 214, 190, 44, 24, 177, 227,
       189, 156, 81, 192, 252, 115, 159, 94, 134, 41, 242, 77, 6, 192,
       116, 217, 162, 106, 90, 48, 57, 194, 99, 162, 203, 128, 1, 34, 45,
       133, 82, 237, 47, 137, 123, 6, 26, 130, 135, 218, 5, 33, 199, 91,
       163, 92, 49, 53, 188, 117, 182, 77, 100, 154, 202, 201, 65, 203,
       211, 40, 100, 24, 84, 229, 60, 140, 9, 23, 170, 183, 151, 136,
       102, 177, 36, 86, 32, 136, 55, 220, 130, 26, 4, 66, 35, 145, 48,
       224, 2, 130, 82, 112, 3, 18, 212, 137, 37, 67, 197, 148, 64, 232,
       239, 2, 188, 193, 98, 15, 189, 6, 175, 11, 24, 37, 94, 8, 72, 16,
       137, 193, 89, 167, 15, 25, 238, 8, 3, 116, 88, 88, 227, 82, 51,
       147, 145, 56, 19, 112, 74, 103, 164, 200, 42, 223, 130, 6, 1, 38,
       33, 149, 250, 184, 58, 38, 93, 240, 179, 57, 212, 201, 23, 83,
       101, 82, 80, 249, 111, 2, 188, 193, 98, 143, 45, 71, 191, 75, 88,
       173, 126, 96, 27, 52, 41, 213, 93, 183, 47, 157, 238, 24, 13, 242,
       93, 216, 195, 16, 243, 179, 181, 24, 83, 48, 74, 71, 4, 128, 34,
       221, 130, 130, 2, 36, 64, 2, 103, 128, 75, 129, 21, 96, 97, 33,
       212, 193, 7, 131, 99, 70, 216, 8, 13, 82, 8, 33, 67, 151, 37, 85,
       187, 115, 56, 109, 84, 96, 84, 24, 139, 197, 24, 245, 79, 153,
       172, 24, 1, 241, 29, 156, 73, 16, 242, 51, 189, 72, 87, 48, 248,
       73, 22, 198, 50, 93, 162, 166, 30, 48, 56, 192, 97, 42, 91, 2, 5,
       106, 45, 187, 214, 241, 47, 91, 127, 66, 122, 88, 134, 88, 69,
       161, 199, 223, 43, 212, 49, 119, 56, 109, 117, 125, 84, 26, 143,
       197, 97, 183, 75, 60, 254, 24, 1, 245, 124, 216, 193, 118, 190,
       183, 151, 138, 87, 180, 74, 7, 0, 81, 2, 217, 128, 2, 72, 2, 41,
       0, 115, 128, 99, 128, 16, 98, 69, 5, 32, 200, 32, 138, 104, 14,
