%YAML:1.0
descriptors: !!opencv-matrix
   rows: 83
   cols: 64
   dt: u
   data: [ 62, 190, 237, 175, 63, 253, 191, 121, 253, 254, 254, 251, 253,
       63, 255, 221, 251, 253, 99, 249, 245, 87, 211, 253, 253, 253, 253,
       191, 126, 223, 247, 239, 207, 44, 87, 190, 223, 120, 233, 125,
       120, 93, 122, 175, 213, 53, 247, 109, 185, 172, 24, 13, 240, 29,
       156, 89, 20, 242, 55, 189, 218, 87, 40, 250, 192, 9, 146, 247,
       201, 130, 106, 134, 26, 249, 0, 139, 130, 192, 2, 26, 38, 71, 184,
       7, 206, 173, 202, 75, 10, 202, 186, 38, 146, 33, 35, 79, 87, 163,
       48, 113, 53, 205, 118, 226, 65, 100, 234, 90, 171, 28, 73, 179,
       77, 192, 120, 245, 197, 234, 188, 234, 71, 124, 247, 27, 196, 100,
       145, 255, 60, 177, 253, 254, 54, 253, 253, 122, 247, 254, 221,
       241, 253, 126, 189, 94, 251, 254, 99, 107, 245, 116, 211, 247,
       253, 255, 245, 255, 122, 223, 245, 235, 215, 44, 87, 190, 223,
       120, 233, 125, 120, 93, 59, 47, 213, 53, 247, 111, 153, 172, 24,
       5, 240, 29, 156, 73, 16, 242, 51, 189, 91, 87, 32, 250, 22, 48,
       81, 182, 159, 128, 31, 8, 198, 43, 17, 114, 165, 66, 128, 81, 242,
       215, 0, 98, 193, 36, 131, 111, 204, 154, 226, 47, 82, 40, 49, 107,
       215, 36, 20, 186, 82, 120, 233, 118, 64, 72, 24, 11, 208, 20, 245,
       79, 153, 172, 24, 5, 240, 24, 156, 73, 16, 242, 51, 189, 88, 87,
       32, 248, 62, 177, 253, 222, 54, 157, 93, 110, 215, 230, 157, 240,
       253, 126, 180, 94, 255, 214, 98, 99, 199, 54, 195, 119, 205, 151,
       229, 127, 82, 185, 245, 107, 215, 44, 85, 190, 210, 120, 233, 125,
       112, 93, 57, 47, 212, 20, 245, 111, 153, 172, 24, 5, 240, 29, 156,
       73, 16, 242, 51, 189, 88, 87, 32, 250, 20, 33, 144, 214, 1, 130,
       120, 103, 2, 128, 5, 53, 16, 226, 128, 82, 110, 10, 128, 67, 199,
       44, 192, 67, 152, 10, 226, 77, 0, 168, 128, 96, 151, 50, 37, 178,
       17, 72, 211, 92, 112, 56, 181, 67, 224, 20, 163, 111, 153, 164,
       57, 69, 240, 24, 24, 73, 19, 115, 115, 179, 24, 55, 161, 234, 60,
       180, 253, 142, 63, 253, 213, 125, 247, 244, 253, 249, 253, 126,
       188, 85, 251, 244, 99, 99, 245, 118, 211, 247, 253, 255, 245, 63,
       122, 223, 245, 235, 223, 44, 87, 190, 210, 120, 233, 124, 120, 93,
       56, 47, 213, 52, 245, 111, 153, 172, 152, 13, 240, 29, 156, 73,
       16, 242, 51, 189, 90, 87, 40, 250, 62, 49, 241, 182, 22, 39, 24,
       103, 198, 102, 81, 48, 117, 194, 176, 86, 242, 214, 3, 96, 193,
       32, 193, 23, 140, 136, 164, 9, 82, 12, 240, 104, 67, 36, 20, 190,
       82, 120, 1, 84, 80, 72, 20, 10, 208, 20, 193, 78, 153, 172, 24, 5,
       240, 28, 156, 73, 16, 242, 51, 185, 88, 86, 32, 250, 124, 50, 247,
       180, 58, 167, 57, 127, 212, 254, 210, 53, 125, 226, 145, 82, 250,
       212, 67, 99, 229, 37, 192, 63, 204, 154, 166, 143, 82, 12, 49,
       235, 87, 36, 85, 186, 86, 120, 225, 116, 112, 76, 56, 46, 213, 20,
       193, 111, 153, 172, 24, 5, 240, 29, 156, 73, 16, 242, 51, 189, 88,
       87, 32, 250, 62, 53, 253, 190, 55, 7, 29, 111, 230, 68, 213, 176,
       125, 234, 180, 86, 246, 214, 67, 101, 115, 54, 209, 55, 220, 170,
       228, 73, 82, 152, 244, 233, 210, 44, 23, 190, 66, 120, 193, 124,
       112, 91, 60, 47, 212, 20, 229, 110, 153, 172, 24, 5, 240, 29, 156,
       73, 16, 242, 51, 189, 88, 86, 32, 250, 61, 62, 255, 184, 54, 127,
       61, 127, 245, 254, 214, 181, 125, 191, 191, 207, 251, 252, 227,
       107, 245, 113, 212, 183, 221, 253, 244, 157, 121, 214, 119, 235,
       223, 4, 215, 190, 223, 122, 233, 124, 124, 92, 58, 47, 215, 181,
       247, 111, 187, 172, 24, 5, 240, 29, 156, 93, 20, 242, 51, 189, 91,
       215, 104, 250, 7, 6, 64, 34, 221, 162, 6, 0, 36, 64, 0, 96, 168,
       11, 160, 21, 96, 245, 1, 240, 193, 34, 129, 112, 68, 152, 40, 15,
       82, 8, 33, 97, 21, 36, 84, 186, 67, 120, 1, 84, 64, 64, 24, 11,
       193, 21, 246, 79, 153, 164, 24, 4, 240, 28, 156, 73, 16, 242, 51,
       156, 88, 87, 32, 248, 45, 38, 239, 40, 62, 247, 161, 126, 241,
       254, 194, 181, 109, 63, 187, 67, 203, 236, 195, 107, 245, 117, 95,
       255, 77, 56, 180, 135, 120, 84, 49, 203, 223, 8, 215, 186, 127,
       122, 233, 124, 124, 92, 58, 174, 87, 225, 119, 111, 186, 172, 24,
       5, 240, 29, 220, 93, 22, 242, 23, 189, 90, 215, 104, 250, 68, 33,
       65, 144, 16, 6, 0, 79, 128, 64, 3, 52, 65, 130, 145, 66, 66, 84,
       1, 100, 3, 128, 192, 3, 12, 136, 132, 9, 18, 8, 48, 72, 112, 36,
       84, 186, 0, 112, 1, 212, 0, 64, 16, 10, 64, 20, 64, 78, 25, 36,
       16, 4, 32, 24, 148, 9, 0, 98, 35, 184, 72, 6, 32, 240, 50, 241,
       24, 150, 19, 136, 94, 8, 66, 3, 5, 250, 180, 66, 164, 82, 118,
       147, 4, 145, 131, 36, 129, 71, 196, 150, 227, 109, 2, 42, 197, 32,
       130, 36, 20, 158, 2, 88, 235, 87, 32, 202, 37, 105, 177, 20, 181,
       47, 145, 166, 16, 7, 32, 1, 60, 67, 16, 51, 50, 185, 24, 85, 32,
       234, 214, 50, 211, 176, 88, 2, 40, 206, 66, 170, 1, 52, 67, 195,
       131, 115, 98, 196, 1, 98, 11, 137, 236, 10, 142, 130, 162, 11,
       146, 41, 33, 127, 113, 135, 60, 251, 0, 246, 7, 214, 128, 64, 136,
       88, 42, 12, 65, 156, 64, 36, 118, 180, 32, 58, 164, 107, 192, 56,
       33, 26, 92, 4, 51, 181, 54, 245, 120, 158, 50, 157, 92, 1, 103,
       69, 53, 250, 189, 114, 180, 92, 254, 147, 36, 161, 135, 52, 211,
       103, 252, 215, 245, 125, 34, 186, 213, 41, 134, 36, 7, 158, 202,
       88, 235, 124, 112, 219, 61, 41, 181, 20, 245, 47, 145, 172, 24,
       15, 240, 25, 156, 73, 16, 243, 50, 189, 88, 87, 40, 251, 87, 2,
       147, 177, 200, 130, 170, 196, 10, 171, 66, 31, 128, 193, 131, 18,
       98, 197, 153, 98, 200, 141, 206, 73, 14, 200, 58, 111, 146, 41,
       49, 95, 119, 167, 124, 59, 48, 255, 37, 70, 129, 64, 72, 72, 75,
       12, 73, 145, 88, 76, 56, 53, 53, 242, 188, 235, 192, 124, 179,
       153, 204, 7, 49, 246, 246, 32, 113, 3, 208, 130, 11, 204, 194, 3,
       129, 48, 225, 130, 131, 82, 234, 69, 26, 68, 11, 129, 166, 12, 14,
       209, 184, 45, 130, 40, 0, 56, 80, 37, 28, 155, 0, 116, 5, 86, 0,
       64, 0, 8, 3, 28, 128, 20, 85, 44, 16, 5, 33, 56, 4, 99, 208, 120,
       32, 56, 92, 84, 48, 176, 205, 43, 231, 241, 48, 115, 232, 246, 0,
       190, 194, 180, 66, 209, 139, 203, 139, 76, 107, 111, 63, 173, 230,
       147, 79, 123, 146, 165, 81, 4, 50, 155, 223, 6, 85, 187, 80, 124,
       193, 116, 248, 124, 184, 62, 219, 33, 67, 238, 153, 172, 28, 85,
       209, 29, 156, 72, 144, 242, 35, 191, 76, 87, 33, 250, 68, 35, 145,
       209, 64, 130, 42, 68, 10, 162, 3, 20, 128, 195, 137, 2, 10, 73,
       136, 79, 143, 41, 206, 11, 13, 130, 130, 77, 0, 40, 1, 78, 119,
       151, 125, 139, 0, 238, 71, 6, 128, 32, 161, 64, 35, 140, 73, 51,
       82, 104, 48, 113, 37, 88, 52, 170, 193, 74, 18, 225, 72, 36, 49,
       230, 67, 5, 146, 50, 73, 130, 162, 7, 0, 0, 2, 4, 32, 70, 1, 16,
       100, 11, 1, 214, 195, 47, 65, 67, 130, 10, 66, 204, 2, 4, 160, 64,
       15, 38, 65, 132, 1, 0, 70, 64, 8, 32, 16, 192, 65, 89, 131, 206,
       25, 108, 8, 64, 116, 8, 88, 193, 19, 51, 19, 177, 0, 51, 129, 72,
       108, 42, 247, 176, 16, 103, 161, 127, 192, 252, 194, 53, 113, 183,
       155, 226, 203, 76, 195, 98, 225, 1, 206, 151, 77, 200, 8, 133, 66,
       140, 51, 203, 85, 6, 85, 186, 16, 242, 77, 84, 60, 84, 24, 38, 69,
       133, 97, 234, 153, 44, 120, 20, 240, 29, 156, 72, 0, 226, 3, 189,
       72, 71, 32, 242, 39, 167, 101, 162, 149, 156, 135, 72, 164, 68,
       128, 114, 169, 127, 180, 69, 226, 245, 3, 96, 193, 34, 128, 118,
       76, 158, 49, 45, 82, 10, 49, 9, 214, 38, 85, 154, 66, 120, 73,
       116, 112, 84, 56, 47, 85, 20, 245, 71, 153, 172, 24, 4, 240, 29,
       140, 73, 16, 242, 51, 189, 88, 87, 32, 250, 59, 245, 109, 138,
       151, 157, 87, 9, 231, 71, 181, 250, 189, 122, 180, 84, 242, 247,
       7, 241, 151, 118, 145, 118, 124, 150, 225, 47, 82, 154, 85, 41,
       198, 44, 22, 158, 202, 120, 233, 124, 112, 219, 60, 45, 213, 20,
       245, 47, 145, 172, 16, 12, 120, 29, 158, 73, 16, 242, 51, 189, 88,
