%YAML:1.0
descriptors: !!opencv-matrix
   rows: 63
   cols: 64
   dt: u
   data: [ 61, 176, 253, 167, 62, 245, 191, 124, 246, 253, 222, 119, 253,
       127, 179, 85, 255, 255, 99, 99, 245, 103, 195, 255, 204, 254, 244,
       255, 122, 223, 247, 239, 223, 36, 87, 190, 83, 120, 233, 124, 120,
       92, 56, 47, 213, 53, 247, 111, 153, 172, 24, 5, 240, 29, 156, 73,
       24, 242, 51, 189, 88, 87, 32, 250, 62, 251, 255, 252, 54, 255,
       253, 122, 247, 222, 253, 251, 255, 127, 188, 127, 251, 253, 99,
       123, 245, 127, 210, 247, 253, 255, 247, 255, 126, 223, 119, 235,
       223, 44, 87, 190, 222, 120, 249, 125, 120, 93, 59, 47, 213, 53,
       245, 111, 153, 172, 24, 5, 240, 29, 156, 89, 16, 242, 115, 191,
       122, 215, 32, 250, 63, 255, 125, 206, 55, 253, 221, 121, 255, 221,
       189, 249, 253, 127, 252, 125, 255, 246, 102, 187, 245, 118, 211,
       247, 253, 183, 245, 123, 127, 222, 223, 233, 223, 108, 215, 190,
       222, 120, 249, 125, 118, 95, 59, 175, 212, 116, 245, 111, 185,
       174, 152, 13, 240, 29, 158, 93, 56, 242, 115, 189, 122, 223, 44,
       250, 254, 113, 89, 186, 87, 34, 39, 75, 196, 66, 241, 50, 53, 138,
       180, 86, 226, 212, 5, 100, 11, 128, 160, 50, 78, 157, 185, 9, 211,
       8, 48, 41, 208, 36, 20, 154, 66, 112, 5, 212, 18, 66, 24, 11, 80,
       28, 228, 140, 153, 44, 16, 4, 96, 28, 132, 73, 16, 240, 33, 188,
       88, 86, 34, 249, 255, 253, 255, 246, 63, 191, 93, 127, 255, 245,
       213, 250, 255, 251, 182, 95, 251, 247, 119, 115, 253, 247, 243,
       119, 237, 255, 245, 63, 123, 121, 119, 235, 215, 44, 86, 254, 210,
       121, 249, 117, 112, 223, 125, 47, 209, 20, 245, 111, 153, 172, 24,
       5, 240, 29, 156, 73, 24, 242, 51, 189, 88, 87, 32, 251, 60, 180,
       237, 168, 54, 119, 189, 127, 245, 254, 212, 181, 125, 62, 191, 71,
       251, 252, 67, 97, 241, 114, 209, 247, 221, 169, 164, 153, 123,
       220, 117, 235, 207, 44, 87, 190, 222, 120, 233, 124, 120, 93, 58,
       47, 212, 53, 247, 111, 153, 172, 152, 13, 240, 29, 156, 89, 16,
       242, 59, 189, 90, 215, 40, 250, 28, 49, 221, 158, 55, 51, 61, 126,
       119, 158, 213, 177, 125, 62, 180, 66, 251, 212, 65, 241, 225, 48,
       193, 243, 201, 40, 224, 152, 80, 204, 245, 233, 223, 36, 87, 186,
       90, 120, 233, 116, 112, 93, 61, 47, 212, 53, 247, 111, 153, 172,
       24, 5, 240, 29, 156, 73, 16, 242, 51, 189, 88, 87, 32, 250, 61,
       54, 239, 225, 63, 247, 163, 126, 244, 252, 214, 117, 237, 63, 187,
       69, 250, 253, 195, 106, 245, 119, 222, 255, 29, 232, 180, 151,
       126, 85, 113, 239, 223, 44, 215, 186, 215, 122, 233, 124, 124, 93,
       122, 174, 213, 161, 243, 107, 184, 172, 152, 13, 242, 29, 156, 81,
       48, 242, 55, 189, 218, 215, 44, 254, 116, 45, 255, 220, 50, 95,
       89, 99, 207, 230, 31, 150, 223, 254, 255, 254, 251, 215, 98, 99,
       159, 245, 210, 103, 221, 215, 181, 127, 34, 154, 94, 107, 199, 36,
       71, 190, 210, 122, 235, 126, 112, 93, 53, 175, 181, 20, 245, 111,
       155, 172, 153, 13, 242, 29, 156, 89, 16, 242, 115, 189, 89, 87,
       40, 250, 60, 186, 255, 253, 62, 255, 253, 127, 253, 254, 254, 241,
       125, 127, 251, 254, 251, 221, 107, 107, 245, 119, 198, 255, 221,
       255, 245, 255, 126, 223, 247, 235, 223, 108, 85, 190, 223, 120,
       249, 125, 124, 93, 123, 47, 213, 167, 247, 111, 187, 172, 157, 5,
       242, 29, 157, 93, 20, 242, 51, 189, 123, 215, 40, 254, 124, 62,
       255, 169, 62, 127, 179, 255, 253, 254, 222, 181, 125, 190, 251,
       230, 251, 220, 219, 106, 125, 211, 254, 180, 93, 237, 188, 137,
       255, 223, 127, 251, 245, 36, 85, 250, 86, 114, 233, 116, 250, 93,
       90, 62, 85, 167, 192, 108, 157, 172, 30, 13, 242, 29, 157, 73,
       144, 240, 43, 188, 91, 22, 42, 250, 250, 249, 251, 255, 62, 31,
       221, 171, 223, 255, 125, 250, 191, 234, 246, 254, 247, 215, 124,
       107, 142, 255, 224, 127, 191, 199, 247, 59, 211, 249, 126, 251,
       243, 172, 28, 255, 214, 125, 243, 247, 242, 223, 229, 125, 211,
       30, 213, 127, 223, 173, 18, 133, 106, 29, 189, 93, 208, 246, 121,
       123, 93, 92, 58, 191, 84, 34, 211, 149, 216, 128, 170, 200, 66,
       169, 3, 119, 193, 66, 147, 80, 106, 197, 1, 102, 202, 45, 142, 73,
       14, 218, 186, 47, 146, 10, 51, 30, 87, 37, 61, 155, 16, 124, 109,
       86, 65, 64, 24, 10, 203, 12, 201, 55, 9, 172, 88, 5, 240, 26, 156,
       73, 128, 114, 51, 153, 76, 7, 32, 178, 143, 190, 230, 101, 253,
       178, 163, 218, 240, 57, 192, 107, 238, 91, 130, 9, 104, 237, 175,
       155, 241, 71, 123, 253, 102, 123, 89, 183, 252, 85, 227, 198, 223,
       233, 222, 181, 127, 188, 61, 181, 93, 92, 58, 159, 201, 97, 219,
       201, 184, 255, 28, 1, 241, 244, 218, 77, 54, 151, 151, 135, 186,
       215, 164, 90, 191, 244, 125, 206, 191, 189, 223, 24, 255, 127,
       189, 250, 173, 123, 244, 85, 242, 247, 70, 113, 245, 114, 147,
       126, 252, 254, 241, 63, 126, 123, 245, 239, 215, 108, 158, 158,
       218, 121, 249, 127, 114, 223, 123, 175, 213, 16, 245, 79, 153,
       191, 24, 13, 248, 29, 158, 73, 56, 242, 115, 189, 250, 223, 44,
       251, 99, 6, 196, 3, 221, 150, 3, 16, 34, 53, 0, 67, 140, 123, 2,
       5, 96, 227, 1, 176, 201, 39, 91, 117, 66, 104, 140, 47, 186, 24,
       1, 71, 215, 44, 86, 178, 90, 24, 37, 124, 116, 84, 8, 143, 209,
       112, 209, 79, 152, 172, 24, 1, 244, 24, 156, 73, 16, 242, 51, 149,
       88, 87, 32, 249, 252, 47, 239, 249, 50, 127, 241, 255, 221, 252,
       254, 181, 93, 190, 251, 238, 251, 220, 251, 111, 125, 211, 230,
       182, 93, 237, 188, 145, 249, 222, 126, 251, 241, 36, 117, 250,
       214, 114, 217, 124, 250, 93, 249, 62, 85, 167, 65, 236, 159, 173,
       223, 141, 242, 31, 157, 93, 80, 244, 43, 253, 91, 22, 42, 250, 86,
       33, 153, 212, 48, 130, 88, 66, 2, 162, 1, 16, 17, 194, 144, 82,
       34, 84, 0, 67, 142, 44, 192, 3, 12, 130, 162, 79, 2, 168, 21, 104,
       83, 52, 20, 186, 2, 120, 195, 87, 16, 104, 149, 72, 162, 28, 193,
       79, 17, 172, 16, 7, 112, 24, 148, 73, 16, 114, 51, 153, 72, 22,
       33, 250, 11, 18, 1, 166, 221, 160, 42, 8, 0, 42, 66, 49, 160, 2,
       128, 81, 98, 222, 5, 64, 232, 32, 136, 120, 12, 136, 168, 143, 82,
       33, 49, 239, 113, 164, 20, 186, 115, 112, 33, 214, 64, 64, 24, 8,
       192, 5, 194, 73, 153, 172, 24, 5, 244, 28, 156, 73, 16, 242, 51,
       156, 72, 22, 32, 248, 44, 32, 237, 170, 26, 101, 161, 253, 212,
       254, 206, 53, 113, 6, 187, 102, 235, 220, 3, 96, 225, 32, 199, 54,
       76, 137, 164, 137, 82, 12, 51, 235, 245, 36, 85, 186, 83, 112,
       169, 116, 120, 92, 24, 46, 212, 21, 227, 108, 153, 172, 24, 5,
       240, 29, 156, 73, 16, 242, 51, 188, 88, 87, 32, 250, 60, 62, 111,
       169, 62, 125, 161, 253, 253, 252, 222, 53, 125, 63, 251, 229, 251,
       220, 195, 104, 245, 82, 220, 244, 93, 236, 60, 129, 254, 95, 123,
       251, 245, 36, 215, 186, 87, 114, 233, 116, 252, 85, 90, 62, 84,
       167, 230, 109, 153, 44, 28, 13, 242, 29, 157, 73, 16, 242, 59,
       188, 90, 87, 44, 250, 61, 254, 125, 170, 54, 125, 189, 127, 245,
       254, 220, 189, 125, 63, 255, 254, 251, 244, 67, 104, 241, 82, 213,
       54, 93, 173, 180, 153, 127, 223, 127, 235, 213, 108, 215, 190,
       214, 122, 185, 124, 126, 95, 127, 63, 212, 183, 244, 109, 155,
       172, 156, 13, 242, 29, 159, 93, 56, 246, 59, 188, 91, 223, 42,
       251, 61, 54, 117, 160, 156, 164, 43, 121, 228, 94, 210, 51, 237,
       11, 145, 85, 242, 253, 67, 96, 249, 38, 144, 116, 28, 184, 164,
       137, 218, 28, 113, 169, 66, 36, 84, 190, 80, 56, 1, 84, 76, 64,
       26, 142, 64, 33, 192, 77, 152, 44, 24, 0, 226, 28, 156, 73, 8,
       178, 51, 156, 90, 86, 32, 240, 62, 49, 241, 182, 23, 164, 9, 75,
       198, 6, 209, 52, 253, 14, 145, 86, 242, 214, 3, 80, 163, 38, 195,
       87, 140, 136, 228, 13, 82, 184, 113, 232, 71, 44, 5, 158, 74, 120,
       1, 84, 8, 64, 20, 10, 192, 20, 129, 79, 153, 172, 24, 1, 96, 28,
       156, 65, 0, 178, 51, 185, 88, 23, 32, 242, 45, 54, 101, 32, 62,
