%YAML:1.0
descriptors: !!opencv-matrix
   rows: 50
   cols: 64
   dt: u
   data: [ 47, 149, 252, 254, 63, 253, 213, 24, 183, 252, 140, 237, 189,
       127, 60, 93, 253, 255, 99, 243, 245, 119, 83, 119, 245, 255, 245,
       127, 122, 223, 247, 227, 223, 44, 87, 190, 123, 120, 233, 124,
       120, 93, 58, 47, 213, 117, 247, 111, 185, 172, 152, 13, 240, 29,
       156, 73, 50, 242, 55, 189, 90, 215, 36, 250, 191, 254, 127, 255,
       255, 255, 255, 248, 255, 255, 255, 251, 255, 127, 254, 253, 255,
       255, 111, 123, 245, 119, 211, 118, 237, 255, 245, 255, 127, 95,
       247, 251, 215, 108, 87, 190, 223, 122, 249, 125, 250, 94, 59, 47,
       213, 55, 247, 111, 153, 172, 24, 5, 240, 29, 157, 73, 16, 242, 51,
       189, 90, 87, 32, 250, 191, 255, 125, 223, 63, 189, 223, 120, 255,
       255, 253, 250, 255, 123, 244, 127, 246, 247, 111, 123, 247, 119,
       243, 119, 253, 255, 247, 127, 127, 223, 247, 251, 223, 108, 214,
       190, 218, 121, 249, 253, 126, 95, 121, 47, 209, 54, 245, 111, 153,
       172, 24, 5, 242, 29, 157, 93, 24, 246, 51, 189, 121, 223, 42, 251,
       62, 253, 255, 222, 55, 157, 221, 123, 255, 231, 189, 250, 255,
       250, 244, 95, 246, 215, 102, 123, 151, 126, 195, 119, 205, 215,
       231, 127, 83, 59, 245, 107, 215, 44, 84, 190, 218, 120, 251, 247,
       114, 95, 185, 111, 213, 20, 245, 111, 153, 172, 24, 5, 240, 29,
       156, 73, 16, 242, 115, 191, 88, 87, 32, 251, 28, 161, 153, 158,
       43, 209, 252, 127, 87, 186, 213, 181, 113, 86, 191, 74, 255, 154,
       97, 67, 213, 53, 195, 211, 217, 43, 224, 206, 64, 205, 181, 234,
       207, 36, 69, 186, 87, 120, 233, 124, 112, 93, 53, 47, 212, 53,
       183, 111, 153, 172, 24, 5, 240, 29, 156, 65, 16, 242, 51, 189, 88,
       87, 32, 250, 183, 186, 83, 167, 253, 200, 139, 200, 222, 253, 130,
       127, 165, 79, 203, 245, 235, 213, 29, 98, 205, 47, 143, 124, 111,
       222, 59, 47, 214, 11, 51, 127, 87, 165, 93, 219, 82, 243, 237,
       118, 241, 84, 8, 30, 197, 12, 248, 53, 137, 173, 24, 37, 240, 151,
       140, 105, 16, 240, 51, 189, 92, 71, 48, 186, 254, 233, 251, 252,
       115, 71, 125, 79, 135, 228, 253, 176, 83, 234, 180, 94, 235, 213,
       63, 111, 135, 175, 224, 51, 79, 203, 167, 15, 83, 12, 52, 105,
       211, 39, 52, 187, 66, 124, 247, 244, 82, 122, 184, 111, 219, 28,
       101, 238, 221, 172, 24, 213, 241, 28, 188, 75, 81, 250, 115, 191,
       89, 116, 179, 251, 63, 254, 125, 170, 63, 253, 157, 25, 255, 87,
       191, 248, 189, 63, 252, 221, 251, 246, 35, 241, 245, 86, 211, 117,
       253, 245, 249, 59, 127, 91, 247, 235, 213, 108, 215, 190, 218,
       120, 233, 125, 116, 93, 124, 45, 213, 20, 244, 109, 155, 172, 24,
       13, 242, 29, 220, 89, 56, 242, 51, 189, 90, 223, 44, 250, 184,
       185, 253, 150, 50, 77, 121, 111, 119, 68, 127, 213, 63, 254, 190,
       254, 247, 214, 192, 99, 86, 184, 227, 39, 249, 170, 224, 91, 123,
       203, 222, 233, 247, 36, 53, 254, 22, 123, 219, 252, 82, 221, 157,
       39, 244, 22, 229, 110, 153, 164, 219, 5, 240, 29, 156, 73, 24,
       242, 59, 185, 89, 30, 35, 248, 187, 221, 220, 182, 39, 45, 29, 3,
       39, 71, 57, 202, 158, 239, 118, 95, 255, 246, 37, 225, 102, 166,
       209, 115, 223, 223, 241, 123, 210, 50, 246, 161, 214, 36, 86, 190,
       67, 120, 233, 124, 112, 222, 56, 47, 212, 20, 247, 111, 153, 164,
       24, 5, 224, 29, 158, 73, 16, 242, 51, 189, 88, 87, 32, 250, 56,
       219, 223, 223, 54, 125, 241, 246, 95, 244, 86, 223, 61, 126, 251,
       250, 255, 214, 97, 107, 196, 60, 199, 246, 169, 255, 181, 42, 127,
       203, 119, 255, 215, 38, 117, 250, 87, 123, 249, 116, 241, 93, 249,
       63, 213, 132, 117, 111, 155, 173, 159, 5, 240, 31, 158, 73, 16,
       242, 59, 253, 89, 79, 32, 254, 45, 238, 117, 174, 152, 237, 39,
       65, 249, 124, 74, 157, 213, 39, 253, 245, 235, 252, 129, 96, 248,
       0, 90, 120, 93, 220, 61, 179, 111, 195, 59, 207, 213, 192, 127,
       48, 53, 250, 169, 126, 237, 84, 122, 167, 103, 151, 126, 113, 137,
       100, 120, 44, 230, 29, 143, 77, 28, 226, 139, 172, 218, 71, 34,
       246, 63, 54, 109, 35, 255, 245, 179, 120, 244, 125, 214, 117, 237,
       63, 177, 101, 210, 245, 223, 120, 241, 86, 155, 125, 60, 184, 76,
       151, 126, 223, 125, 255, 125, 108, 135, 190, 254, 59, 9, 189, 221,
       213, 90, 142, 193, 225, 224, 105, 190, 61, 159, 9, 248, 189, 222,
       85, 60, 246, 191, 156, 234, 159, 46, 220, 222, 217, 74, 255, 55,
       82, 216, 138, 22, 131, 181, 250, 58, 218, 102, 90, 56, 147, 52,
       223, 7, 190, 229, 98, 37, 215, 243, 121, 211, 58, 198, 57, 146,
       60, 20, 222, 90, 93, 203, 245, 114, 219, 181, 121, 147, 29, 177,
       110, 223, 175, 19, 133, 248, 29, 244, 65, 16, 243, 49, 123, 61,
       117, 176, 155, 62, 176, 253, 180, 63, 183, 191, 123, 244, 254,
       213, 241, 253, 127, 176, 87, 251, 253, 99, 115, 241, 119, 209,
       247, 220, 254, 244, 223, 122, 220, 245, 235, 223, 44, 87, 190, 91,
       120, 233, 124, 120, 92, 56, 47, 213, 53, 247, 111, 153, 172, 24,
       5, 240, 29, 156, 73, 24, 242, 51, 189, 88, 87, 32, 250, 188, 178,
       77, 163, 61, 120, 164, 252, 252, 185, 254, 113, 109, 23, 202, 193,
       251, 196, 199, 121, 225, 66, 239, 252, 45, 29, 121, 163, 255, 79,
       35, 238, 221, 108, 221, 190, 127, 48, 169, 117, 125, 84, 58, 63,
       196, 161, 118, 97, 186, 189, 223, 0, 240, 157, 207, 77, 134, 240,
       167, 220, 88, 23, 36, 94, 140, 242, 76, 169, 189, 240, 162, 252,
       120, 153, 236, 253, 236, 23, 143, 233, 203, 204, 235, 248, 225,
       65, 111, 252, 97, 125, 25, 163, 253, 71, 35, 198, 221, 64, 223,
       242, 127, 177, 173, 52, 127, 92, 58, 55, 85, 241, 118, 97, 186,
       252, 143, 33, 208, 157, 216, 92, 22, 192, 167, 172, 88, 83, 102,
       222, 197, 234, 68, 33, 220, 248, 166, 240, 120, 61, 234, 91, 192,
       21, 204, 129, 203, 77, 191, 104, 233, 193, 139, 248, 79, 125, 25,
       166, 252, 7, 35, 87, 217, 193, 213, 57, 84, 177, 45, 54, 125, 20,
       106, 183, 85, 131, 126, 177, 10, 93, 13, 32, 221, 255, 139, 8, 70,
       204, 135, 164, 200, 83, 100, 190, 63, 116, 125, 46, 23, 101, 61,
       105, 211, 110, 249, 181, 124, 46, 173, 118, 247, 178, 67, 208,
       241, 178, 149, 140, 212, 44, 225, 217, 67, 254, 237, 249, 104, 44,
       37, 190, 159, 112, 129, 125, 58, 202, 29, 170, 214, 51, 134, 76,
       171, 166, 82, 15, 232, 28, 92, 65, 158, 179, 63, 248, 191, 198,
       42, 160, 13, 46, 70, 41, 217, 240, 162, 205, 57, 186, 194, 53, 0,
       55, 235, 229, 203, 40, 139, 96, 249, 131, 30, 56, 81, 8, 24, 129,
       220, 76, 43, 214, 125, 193, 79, 179, 49, 178, 13, 52, 205, 84, 90,
       150, 68, 231, 74, 209, 56, 108, 92, 36, 215, 31, 141, 8, 150, 232,
       135, 164, 78, 70, 34, 112, 193, 206, 142, 89, 232, 218, 226, 132,
       56, 185, 6, 203, 130, 241, 78, 139, 13, 9, 189, 175, 204, 141,
       110, 217, 67, 87, 25, 230, 173, 7, 131, 70, 151, 147, 113, 97, 49,
       141, 254, 34, 112, 60, 40, 119, 189, 136, 127, 177, 89, 201, 44,
       119, 213, 239, 154, 170, 87, 205, 134, 37, 68, 113, 81, 238, 56,
       33, 121, 190, 19, 11, 120, 111, 87, 74, 223, 180, 117, 38, 173,
       242, 242, 146, 193, 88, 133, 48, 193, 23, 157, 136, 226, 137, 66,
       232, 188, 232, 104, 4, 117, 186, 39, 122, 129, 84, 178, 213, 149,
       32, 102, 151, 101, 110, 155, 38, 187, 4, 34, 29, 255, 89, 144,
       226, 63, 248, 25, 14, 163, 208, 45, 54, 100, 161, 221, 184, 163,
       216, 44, 120, 202, 119, 236, 95, 233, 229, 226, 236, 207, 96, 241,
       96, 24, 120, 70, 60, 8, 131, 252, 71, 41, 215, 61, 224, 215, 48,
       117, 178, 45, 166, 205, 21, 74, 150, 68, 195, 202, 65, 168, 125,
       141, 40, 246, 149, 139, 73, 38, 192, 135, 164, 202, 71, 36, 92,
       119, 101, 249, 158, 18, 6, 92, 79, 67, 98, 169, 176, 118, 226,
       164, 94, 243, 146, 6, 71, 3, 168, 113, 7, 212, 131, 226, 9, 3,
       188, 220, 97, 226, 36, 4, 190, 138, 112, 3, 220, 2, 202, 60, 233,
       178, 20, 197, 78, 145, 164, 82, 7, 96, 24, 52, 73, 152, 242, 49,
