%YAML:1.0
descriptors: !!opencv-matrix
   rows: 122
   cols: 64
   dt: u
   data: [ 63, 254, 253, 237, 63, 253, 255, 121, 253, 253, 254, 255, 255,
       126, 252, 253, 251, 253, 239, 187, 245, 127, 219, 255, 253, 255,
       245, 247, 127, 223, 247, 239, 223, 232, 223, 52, 255, 249, 249,
       127, 125, 93, 235, 47, 213, 53, 247, 107, 191, 254, 153, 15, 246,
       29, 158, 93, 54, 246, 247, 191, 251, 223, 44, 254, 62, 181, 253,
       254, 55, 191, 255, 123, 247, 220, 253, 243, 253, 126, 189, 95,
       255, 215, 99, 99, 245, 63, 209, 119, 221, 255, 247, 255, 82, 220,
       245, 235, 215, 44, 87, 190, 210, 120, 233, 117, 120, 93, 60, 47,
       213, 21, 245, 111, 153, 172, 24, 5, 240, 29, 156, 73, 16, 242, 51,
       189, 88, 87, 32, 250, 205, 15, 167, 113, 204, 167, 35, 254, 164,
       125, 194, 7, 203, 249, 18, 7, 136, 109, 123, 102, 248, 143, 90,
       251, 94, 234, 158, 134, 248, 20, 32, 207, 95, 43, 82, 41, 81, 44,
       117, 8, 92, 36, 26, 142, 73, 105, 75, 195, 60, 12, 24, 24, 209,
       124, 156, 0, 113, 236, 83, 159, 202, 215, 20, 250, 61, 252, 253,
       220, 63, 253, 245, 123, 253, 253, 254, 249, 255, 124, 252, 205,
       255, 253, 227, 123, 245, 126, 219, 255, 249, 127, 245, 246, 125,
       215, 247, 239, 223, 232, 215, 60, 223, 248, 249, 127, 121, 223,
       239, 39, 245, 55, 247, 107, 185, 254, 137, 15, 246, 29, 159, 93,
       62, 242, 247, 191, 251, 223, 172, 222, 77, 6, 237, 168, 89, 191,
       35, 92, 164, 102, 194, 20, 65, 185, 185, 231, 130, 125, 11, 108,
       184, 211, 222, 49, 77, 168, 12, 5, 112, 4, 57, 201, 113, 4, 215,
       171, 64, 242, 5, 150, 150, 114, 24, 6, 80, 142, 64, 128, 24, 44,
       60, 36, 65, 125, 135, 12, 144, 236, 43, 156, 72, 198, 34, 241,
       252, 185, 255, 215, 114, 119, 249, 246, 93, 245, 119, 223, 223,
       250, 178, 238, 251, 221, 125, 111, 63, 189, 231, 179, 203, 127,
       179, 190, 81, 207, 118, 187, 223, 39, 116, 251, 83, 125, 249, 244,
       80, 93, 185, 63, 251, 28, 247, 110, 157, 172, 26, 133, 240, 29,
       156, 77, 80, 246, 51, 255, 89, 87, 33, 250, 62, 182, 125, 239, 63,
       253, 255, 121, 253, 255, 222, 253, 253, 127, 252, 117, 255, 255,
       99, 123, 245, 119, 219, 127, 253, 255, 245, 255, 126, 215, 247,
       239, 215, 108, 215, 190, 255, 120, 233, 125, 120, 93, 123, 47,
       213, 53, 247, 111, 185, 172, 152, 13, 240, 29, 156, 89, 48, 242,
       51, 189, 218, 223, 44, 254, 43, 150, 68, 35, 221, 176, 163, 24,
       60, 61, 194, 99, 172, 25, 0, 5, 230, 237, 135, 240, 225, 98, 155,
       124, 96, 56, 104, 166, 254, 85, 225, 231, 221, 232, 220, 52, 119,
       184, 41, 52, 221, 84, 26, 142, 192, 97, 218, 65, 184, 124, 24, 0,
       244, 157, 139, 73, 54, 178, 183, 148, 210, 87, 36, 92, 60, 49,
       253, 220, 54, 181, 125, 123, 247, 254, 213, 178, 221, 122, 181,
       86, 242, 213, 67, 107, 245, 116, 192, 247, 221, 186, 166, 159, 90,
       220, 117, 235, 215, 44, 215, 190, 222, 120, 241, 125, 120, 93,
       191, 47, 246, 52, 245, 111, 155, 172, 24, 7, 240, 29, 156, 93, 16,
       242, 115, 189, 123, 215, 40, 250, 47, 230, 109, 168, 63, 189, 165,
       120, 189, 254, 250, 179, 201, 57, 249, 103, 130, 252, 67, 105,
       241, 82, 216, 124, 77, 189, 133, 163, 126, 87, 49, 219, 245, 36,
       213, 186, 83, 120, 169, 116, 252, 92, 58, 47, 212, 151, 118, 105,
       153, 173, 24, 5, 240, 29, 157, 72, 16, 242, 51, 188, 88, 87, 32,
       250, 18, 1, 0, 134, 15, 136, 28, 8, 6, 2, 17, 98, 184, 106, 36,
       80, 102, 146, 0, 208, 195, 38, 129, 99, 68, 146, 225, 11, 18, 40,
       129, 97, 151, 36, 84, 154, 66, 120, 161, 84, 96, 88, 28, 9, 208,
       20, 245, 79, 145, 164, 24, 5, 96, 25, 156, 73, 16, 114, 51, 189,
       24, 87, 32, 250, 60, 177, 253, 188, 62, 253, 253, 127, 247, 252,
       221, 245, 253, 126, 180, 84, 251, 220, 67, 99, 245, 54, 195, 247,
       221, 254, 228, 223, 90, 220, 245, 235, 223, 44, 87, 190, 222, 120,
       233, 125, 120, 93, 61, 47, 212, 53, 247, 111, 153, 172, 24, 5,
       240, 29, 156, 73, 16, 242, 51, 189, 90, 87, 32, 250, 147, 48, 80,
       38, 221, 128, 7, 8, 66, 1, 145, 115, 164, 75, 132, 81, 98, 215, 5,
       80, 201, 34, 137, 100, 6, 152, 104, 15, 146, 8, 33, 45, 80, 36,
       20, 154, 66, 112, 1, 214, 65, 194, 24, 11, 192, 20, 200, 5, 129,
       36, 16, 4, 96, 24, 140, 73, 16, 178, 51, 156, 24, 86, 34, 185, 62,
       49, 241, 54, 22, 34, 24, 111, 194, 128, 213, 176, 125, 130, 132,
       82, 250, 130, 3, 213, 161, 37, 193, 215, 156, 138, 224, 205, 66,
       188, 228, 232, 199, 44, 36, 190, 202, 56, 129, 93, 88, 72, 53, 43,
       208, 21, 167, 110, 153, 166, 9, 7, 112, 28, 28, 65, 24, 179, 51,
       185, 56, 87, 32, 234, 61, 50, 117, 48, 28, 177, 35, 124, 224, 62,
       194, 53, 229, 83, 129, 67, 242, 237, 195, 96, 241, 97, 67, 214,
       140, 40, 228, 205, 88, 4, 225, 234, 95, 12, 213, 190, 89, 56, 1,
       84, 124, 68, 26, 14, 192, 97, 131, 79, 184, 172, 24, 1, 240, 28,
       156, 73, 4, 242, 19, 157, 88, 87, 100, 122, 93, 50, 245, 49, 253,
       179, 35, 124, 112, 58, 192, 51, 236, 91, 163, 65, 250, 253, 67,
       98, 249, 165, 67, 246, 196, 120, 248, 239, 216, 4, 243, 227, 223,
       36, 85, 190, 83, 120, 233, 116, 120, 92, 58, 15, 213, 117, 243,
       79, 152, 172, 24, 5, 240, 29, 156, 73, 16, 242, 51, 189, 88, 87,
       32, 250, 125, 54, 245, 145, 250, 183, 39, 125, 228, 254, 194, 55,
       221, 125, 187, 70, 250, 253, 67, 98, 249, 243, 82, 246, 220, 120,
       188, 157, 104, 220, 115, 235, 223, 44, 71, 190, 90, 122, 201, 124,
       124, 85, 24, 174, 213, 101, 231, 111, 153, 172, 24, 13, 242, 29,
       156, 73, 48, 242, 19, 189, 90, 215, 40, 250, 20, 33, 209, 148, 16,
       129, 11, 108, 66, 166, 1, 48, 209, 2, 146, 82, 226, 212, 1, 97,
       137, 33, 194, 115, 12, 136, 160, 13, 82, 8, 49, 105, 87, 36, 84,
       186, 66, 120, 129, 84, 80, 72, 56, 15, 208, 20, 193, 111, 153,
       172, 24, 5, 112, 29, 156, 73, 16, 242, 51, 189, 88, 86, 32, 250,
       13, 6, 228, 168, 89, 247, 163, 126, 180, 252, 198, 5, 73, 61, 187,
       69, 235, 253, 67, 96, 240, 35, 210, 115, 77, 232, 140, 4, 80, 4,
       49, 203, 215, 36, 87, 186, 82, 120, 233, 116, 120, 92, 56, 46,
       213, 21, 247, 111, 153, 172, 24, 5, 240, 29, 156, 73, 16, 242, 51,
       189, 88, 87, 32, 250, 63, 53, 253, 246, 63, 181, 125, 123, 246,
       252, 215, 177, 253, 126, 176, 87, 254, 246, 99, 99, 245, 126, 211,
       119, 221, 186, 230, 223, 122, 93, 245, 235, 215, 44, 85, 190, 210,
       120, 249, 125, 120, 93, 121, 47, 212, 21, 245, 111, 153, 172, 24,
       5, 240, 29, 156, 73, 16, 242, 51, 189, 88, 87, 32, 250, 29, 50,
       85, 162, 61, 177, 161, 126, 80, 152, 194, 117, 37, 18, 129, 81,
       114, 222, 129, 64, 225, 32, 192, 243, 136, 136, 224, 133, 90, 64,
       97, 235, 93, 32, 213, 176, 117, 120, 137, 116, 88, 84, 26, 14,
       192, 5, 211, 111, 184, 172, 24, 5, 240, 29, 156, 73, 22, 242, 55,
       156, 90, 23, 36, 250, 84, 33, 217, 180, 48, 130, 121, 110, 0, 174,
       209, 48, 65, 192, 145, 66, 234, 212, 3, 99, 130, 37, 192, 19, 12,
       138, 162, 13, 82, 12, 48, 105, 83, 36, 20, 186, 18, 120, 65, 84,
       80, 72, 57, 46, 242, 20, 193, 110, 25, 172, 24, 5, 96, 28, 156,
       73, 16, 242, 51, 153, 88, 86, 32, 242, 39, 37, 97, 138, 211, 14,
       7, 72, 166, 70, 9, 50, 145, 46, 180, 85, 227, 245, 1, 100, 65, 38,
       144, 96, 76, 220, 185, 45, 210, 10, 49, 41, 214, 36, 85, 186, 66,
       120, 137, 116, 112, 92, 56, 47, 213, 20, 244, 77, 153, 172, 24, 4,
       240, 29, 156, 73, 16, 242, 51, 189, 88, 87, 32, 250, 7, 32, 65,
       162, 93, 2, 1, 74, 132, 74, 2, 52, 33, 74, 160, 69, 226, 212, 1,
       96, 193, 2, 128, 115, 14, 136, 168, 9, 210, 8, 49, 105, 85, 36,
       84, 186, 82, 112, 1, 212, 208, 64, 24, 14, 192, 20, 192, 77, 153,
       44, 24, 4, 112, 28, 156, 73, 16, 242, 51, 188, 88, 86, 32, 248,
       125, 39, 253, 60, 50, 127, 55, 119, 229, 212, 215, 148, 93, 189,
       187, 70, 249, 249, 99, 231, 245, 119, 80, 247, 221, 121, 180, 220,
