%YAML:1.0
descriptors: !!opencv-matrix
   rows: 45
   cols: 64
   dt: u
   data: [ 60, 185, 255, 254, 51, 251, 253, 126, 215, 188, 213, 245, 127,
       126, 188, 90, 255, 158, 99, 123, 247, 63, 193, 247, 253, 255, 246,
       223, 75, 207, 247, 235, 223, 44, 69, 190, 95, 120, 249, 124, 120,
       93, 181, 47, 245, 53, 247, 111, 153, 174, 153, 7, 240, 29, 156,
       73, 16, 242, 51, 189, 121, 87, 32, 250, 68, 50, 81, 133, 216, 128,
       170, 64, 42, 59, 2, 79, 196, 103, 131, 17, 226, 199, 1, 98, 200,
       33, 74, 120, 204, 216, 184, 111, 146, 9, 49, 111, 87, 165, 85,
       187, 80, 248, 233, 118, 96, 92, 8, 14, 197, 20, 249, 87, 153, 172,
       24, 5, 240, 29, 156, 73, 16, 242, 51, 189, 88, 87, 32, 250, 82,
       57, 155, 214, 34, 7, 88, 103, 194, 166, 85, 144, 87, 194, 146, 90,
       254, 211, 32, 99, 134, 173, 224, 131, 141, 138, 230, 95, 66, 169,
       244, 106, 215, 54, 36, 190, 26, 124, 242, 119, 80, 104, 181, 107,
       187, 20, 161, 111, 155, 172, 57, 199, 240, 28, 60, 73, 17, 243,
       115, 251, 121, 116, 161, 251, 50, 221, 159, 222, 38, 95, 93, 39,
       151, 196, 61, 200, 31, 252, 116, 158, 189, 211, 116, 175, 22, 127,
       224, 99, 249, 247, 247, 124, 97, 178, 214, 41, 134, 62, 33, 204,
       202, 72, 250, 105, 114, 191, 189, 103, 189, 60, 245, 110, 211,
       170, 131, 207, 184, 25, 178, 95, 49, 243, 122, 251, 113, 253, 141,
       250, 183, 245, 125, 142, 55, 220, 157, 9, 239, 71, 189, 250, 173,
       127, 228, 93, 255, 246, 36, 177, 7, 114, 211, 102, 245, 215, 241,
       121, 55, 58, 199, 41, 150, 108, 223, 158, 202, 120, 251, 125, 100,
       94, 40, 169, 149, 80, 245, 47, 145, 190, 16, 9, 176, 1, 220, 93,
       56, 242, 48, 61, 120, 223, 44, 250, 75, 1, 136, 176, 31, 34, 108,
       78, 20, 58, 192, 17, 0, 200, 160, 67, 226, 93, 1, 66, 228, 47,
       200, 123, 14, 138, 162, 7, 82, 5, 49, 235, 87, 38, 20, 186, 83,
       120, 97, 116, 88, 100, 24, 15, 193, 21, 195, 79, 25, 172, 24, 5,
       240, 28, 156, 73, 16, 242, 51, 189, 88, 22, 32, 250, 12, 32, 237,
       160, 16, 125, 161, 119, 149, 252, 198, 181, 81, 54, 185, 230, 139,
       92, 195, 105, 241, 48, 196, 179, 93, 40, 132, 129, 104, 204, 61,
       203, 205, 0, 117, 186, 21, 250, 201, 60, 248, 21, 52, 38, 100,
       165, 99, 106, 155, 44, 169, 13, 242, 29, 156, 88, 52, 226, 59,
       233, 75, 23, 32, 250, 2, 3, 0, 130, 200, 130, 2, 0, 2, 66, 2, 68,
       0, 71, 0, 17, 102, 71, 4, 4, 194, 40, 136, 74, 14, 130, 42, 13,
       146, 8, 1, 93, 50, 167, 92, 27, 32, 66, 7, 134, 129, 96, 8, 72,
       64, 14, 192, 151, 64, 36, 80, 4, 37, 0, 133, 171, 129, 32, 32, 52,
       64, 4, 48, 176, 1, 2, 144, 2, 201, 130, 2, 4, 2, 32, 2, 7, 128,
       65, 2, 1, 102, 3, 129, 0, 192, 5, 138, 65, 66, 136, 8, 4, 144, 0,
       1, 69, 85, 37, 80, 176, 1, 0, 5, 68, 193, 0, 24, 130, 64, 0, 200,
       197, 16, 36, 24, 0, 48, 24, 12, 9, 0, 32, 3, 176, 8, 6, 32, 104,
       193, 0, 0, 135, 201, 128, 162, 64, 0, 33, 1, 67, 130, 64, 0, 0,
       102, 85, 5, 64, 200, 5, 138, 96, 14, 152, 184, 46, 210, 0, 33, 31,
       87, 37, 20, 186, 18, 96, 33, 198, 81, 64, 24, 10, 193, 20, 200, 5,
       9, 164, 24, 5, 240, 30, 156, 73, 16, 242, 51, 188, 88, 87, 32,
       248, 62, 184, 255, 253, 63, 253, 249, 124, 255, 255, 221, 253,
       255, 126, 189, 254, 255, 255, 99, 123, 245, 127, 211, 255, 253,
       255, 230, 255, 127, 255, 247, 239, 223, 124, 87, 190, 223, 121,
       249, 125, 120, 93, 255, 47, 245, 53, 247, 111, 185, 174, 24, 7,
       240, 29, 156, 93, 16, 243, 115, 189, 251, 223, 34, 254, 63, 190,
       253, 255, 63, 253, 187, 125, 255, 255, 215, 253, 253, 127, 249,
       245, 255, 255, 99, 251, 245, 119, 211, 127, 221, 255, 228, 255,
       126, 255, 247, 235, 223, 44, 87, 190, 223, 122, 233, 125, 120, 93,
       123, 47, 213, 53, 247, 111, 185, 174, 24, 5, 240, 29, 156, 73, 16,
       242, 51, 189, 250, 215, 40, 250, 71, 33, 194, 16, 81, 2, 2, 198,
       0, 162, 0, 52, 0, 195, 131, 3, 74, 1, 1, 70, 195, 173, 78, 3, 6,
       130, 130, 13, 18, 12, 0, 67, 119, 38, 84, 186, 16, 112, 7, 84, 0,
       96, 24, 74, 65, 28, 65, 206, 25, 44, 24, 5, 49, 24, 156, 73, 16,
       98, 35, 181, 8, 86, 32, 234, 5, 2, 128, 32, 200, 160, 32, 6, 16,
       58, 66, 5, 0, 1, 3, 1, 68, 8, 129, 128, 192, 0, 10, 89, 66, 8, 8,
       194, 192, 1, 33, 70, 117, 128, 89, 32, 53, 128, 37, 34, 65, 4, 10,
       138, 64, 1, 194, 193, 24, 100, 24, 0, 228, 12, 12, 9, 6, 128, 135,
       164, 0, 66, 32, 100, 68, 45, 195, 18, 81, 66, 32, 255, 192, 138,
       130, 54, 98, 199, 139, 67, 234, 213, 35, 102, 73, 135, 199, 55,
       78, 200, 188, 9, 210, 12, 50, 40, 87, 36, 85, 186, 82, 120, 193,
       84, 112, 84, 24, 46, 213, 20, 225, 108, 153, 172, 24, 5, 240, 29,
       156, 73, 16, 242, 51, 189, 88, 86, 32, 250, 84, 33, 243, 148, 48,
       71, 56, 231, 130, 134, 131, 20, 81, 196, 155, 66, 234, 212, 2,
       102, 14, 169, 196, 147, 12, 138, 166, 73, 64, 140, 48, 40, 114,
       52, 85, 186, 0, 118, 193, 84, 176, 72, 17, 14, 230, 28, 193, 110,
       153, 172, 16, 5, 112, 29, 148, 73, 144, 242, 49, 189, 88, 86, 33,
       242, 7, 2, 65, 161, 217, 160, 163, 72, 32, 11, 0, 67, 128, 9, 128,
       1, 66, 93, 1, 96, 192, 32, 138, 112, 68, 152, 24, 39, 146, 8, 33,
       9, 85, 36, 92, 186, 16, 120, 45, 20, 100, 64, 24, 11, 65, 4, 240,
       65, 24, 44, 24, 4, 241, 28, 140, 9, 16, 224, 51, 156, 72, 87, 32,
       250, 66, 3, 0, 146, 9, 0, 8, 74, 6, 106, 3, 16, 32, 194, 128, 18,
       98, 84, 1, 66, 202, 160, 129, 34, 76, 138, 162, 9, 146, 8, 49, 73,
       82, 38, 84, 186, 66, 112, 1, 212, 64, 64, 24, 10, 192, 4, 193, 78,
       25, 44, 24, 5, 96, 24, 156, 73, 16, 114, 51, 189, 72, 22, 32, 248,
       66, 197, 128, 154, 66, 70, 6, 7, 6, 68, 41, 132, 16, 110, 52, 60,
       227, 87, 32, 100, 66, 37, 193, 99, 78, 197, 173, 13, 19, 10, 16,
       105, 214, 36, 85, 186, 66, 120, 201, 116, 50, 90, 56, 43, 213, 28,
       245, 110, 153, 172, 24, 5, 240, 25, 156, 73, 16, 242, 51, 189, 88,
       87, 34, 248, 5, 35, 65, 144, 16, 2, 2, 78, 0, 34, 1, 48, 64, 67,
       128, 67, 194, 69, 1, 96, 195, 33, 192, 99, 76, 128, 160, 13, 18,
       8, 49, 73, 87, 36, 84, 186, 0, 120, 1, 84, 0, 64, 24, 11, 64, 20,
       193, 79, 25, 44, 24, 4, 112, 24, 156, 73, 16, 114, 51, 189, 72,
       86, 32, 250, 114, 17, 153, 150, 7, 2, 24, 15, 70, 34, 17, 16, 53,
       194, 51, 82, 118, 214, 0, 100, 10, 161, 193, 39, 142, 128, 224, 9,
       146, 40, 144, 40, 240, 36, 20, 190, 66, 112, 131, 214, 16, 74, 20,
       8, 144, 28, 193, 14, 145, 172, 16, 5, 48, 24, 148, 75, 16, 114,
       49, 60, 88, 84, 34, 249, 194, 1, 130, 214, 1, 66, 68, 6, 2, 0, 1,
       130, 18, 226, 38, 10, 47, 19, 32, 7, 14, 173, 227, 35, 10, 195,
       146, 12, 2, 40, 18, 8, 150, 39, 48, 154, 0, 76, 66, 68, 32, 104,
       188, 107, 141, 28, 229, 174, 81, 160, 16, 21, 48, 24, 148, 139,
       17, 114, 48, 61, 88, 117, 1, 250, 0, 133, 12, 136, 3, 151, 6, 17,
       36, 70, 44, 130, 152, 45, 61, 7, 193, 117, 65, 100, 208, 35, 208,
       96, 88, 116, 137, 36, 16, 24, 17, 1, 198, 36, 87, 170, 82, 104, 1,
       112, 48, 90, 56, 175, 85, 20, 244, 111, 25, 172, 24, 4, 240, 29,
       156, 73, 16, 226, 51, 188, 88, 87, 32, 250, 50, 17, 89, 150, 6,
       14, 31, 11, 230, 68, 61, 2, 61, 106, 52, 86, 246, 214, 0, 100, 66,
       34, 129, 102, 220, 150, 229, 73, 18, 184, 212, 41, 210, 44, 84,
       190, 66, 120, 195, 92, 48, 216, 60, 11, 212, 20, 245, 78, 145,
       172, 16, 5, 48, 25, 156, 73, 16, 114, 51, 189, 88, 86, 32, 248, 4,
       2, 4, 129, 200, 167, 166, 113, 36, 92, 10, 5, 128, 21, 185, 5,
       203, 93, 129, 96, 192, 33, 138, 113, 72, 92, 12, 4, 80, 0, 49, 75,
       213, 36, 85, 186, 80, 120, 41, 100, 112, 84, 24, 38, 85, 20, 244,
       79, 153, 172, 24, 5, 240, 29, 156, 73, 16, 242, 51, 189, 72, 87,
       32, 250, 87, 1, 145, 150, 0, 2, 93, 78, 2, 4, 1, 16, 19, 198, 130,
       82, 107, 86, 32, 103, 2, 173, 192, 3, 12, 130, 162, 73, 2, 40, 16,
       41, 22, 36, 52, 186, 2, 104, 67, 84, 32, 72, 60, 107, 164, 28,
