%YAML:1.0
descriptors: !!opencv-matrix
   rows: 105
   cols: 64
   dt: u
   data: [ 62, 222, 252, 254, 63, 253, 253, 121, 63, 253, 254, 253, 189,
       126, 252, 254, 255, 254, 97, 251, 245, 116, 211, 115, 125, 255,
       241, 123, 127, 223, 247, 235, 215, 36, 87, 186, 247, 120, 249,
       125, 112, 93, 123, 47, 213, 21, 247, 111, 155, 172, 153, 13, 242,
       29, 156, 89, 48, 242, 51, 189, 91, 223, 40, 250, 188, 185, 255,
       245, 54, 245, 253, 254, 213, 255, 223, 245, 127, 126, 177, 254,
       251, 252, 231, 123, 247, 122, 229, 255, 189, 47, 230, 219, 127,
       247, 245, 255, 255, 124, 166, 254, 223, 123, 249, 253, 88, 221,
       247, 62, 246, 165, 215, 111, 187, 191, 143, 203, 248, 29, 158, 85,
       62, 243, 127, 219, 251, 191, 239, 254, 60, 53, 253, 182, 54, 247,
       185, 127, 244, 220, 215, 181, 125, 126, 187, 86, 251, 212, 67, 99,
       245, 33, 195, 119, 77, 186, 180, 157, 82, 92, 117, 235, 215, 36,
       85, 186, 82, 120, 233, 116, 120, 93, 56, 47, 213, 20, 245, 111,
       153, 172, 24, 5, 240, 29, 156, 73, 16, 242, 51, 189, 88, 87, 32,
       250, 61, 55, 125, 248, 62, 119, 253, 126, 245, 254, 218, 181, 125,
       127, 185, 103, 251, 252, 195, 98, 245, 114, 208, 246, 205, 127,
       230, 155, 120, 86, 119, 235, 223, 44, 215, 190, 95, 120, 249, 116,
       124, 92, 58, 47, 212, 117, 247, 111, 185, 172, 24, 5, 242, 29,
       156, 89, 20, 242, 55, 189, 90, 215, 40, 250, 124, 49, 242, 244,
       55, 163, 124, 115, 80, 106, 209, 51, 246, 194, 128, 82, 242, 221,
       35, 99, 231, 45, 193, 119, 142, 138, 226, 223, 82, 36, 244, 232,
       215, 38, 20, 190, 83, 120, 241, 117, 88, 108, 185, 111, 241, 21,
       199, 79, 153, 174, 24, 69, 240, 28, 156, 73, 16, 243, 115, 191,
       88, 118, 161, 250, 62, 181, 248, 244, 54, 175, 124, 99, 87, 244,
       213, 241, 255, 250, 180, 94, 244, 155, 102, 251, 247, 46, 209,
       119, 221, 26, 231, 223, 98, 244, 244, 232, 135, 62, 36, 190, 223,
       120, 250, 125, 120, 223, 181, 111, 241, 21, 183, 111, 153, 174,
       137, 79, 240, 29, 152, 73, 51, 243, 115, 255, 123, 119, 161, 218,
       175, 246, 109, 175, 191, 189, 159, 25, 253, 127, 181, 250, 189,
       123, 180, 85, 178, 245, 6, 115, 245, 118, 147, 124, 108, 254, 177,
       63, 126, 123, 117, 235, 215, 236, 214, 186, 218, 120, 249, 119,
       116, 95, 124, 45, 213, 20, 245, 111, 153, 172, 24, 5, 242, 29,
       156, 73, 24, 242, 51, 189, 216, 223, 40, 250, 191, 244, 125, 175,
       255, 189, 159, 25, 255, 127, 189, 250, 191, 123, 244, 93, 242,
       247, 126, 113, 249, 119, 179, 124, 254, 255, 253, 63, 255, 123,
       247, 187, 215, 108, 158, 255, 210, 121, 169, 245, 86, 223, 122,
       159, 209, 20, 244, 93, 157, 173, 24, 13, 248, 157, 158, 73, 24,
       246, 51, 188, 90, 223, 42, 249, 63, 252, 253, 253, 62, 253, 253,
       121, 253, 255, 221, 249, 253, 125, 189, 93, 255, 253, 227, 123,
       244, 126, 210, 255, 253, 255, 231, 255, 126, 247, 117, 239, 223,
       108, 87, 190, 255, 120, 249, 125, 124, 93, 127, 47, 245, 53, 247,
       111, 185, 174, 152, 15, 240, 29, 156, 93, 60, 242, 119, 189, 251,
       223, 40, 254, 5, 51, 81, 244, 25, 32, 105, 90, 132, 106, 192, 49,
       33, 75, 128, 81, 226, 212, 129, 66, 199, 40, 136, 58, 14, 138,
       162, 11, 210, 8, 33, 109, 115, 38, 84, 186, 16, 112, 83, 212, 208,
       96, 154, 78, 64, 21, 193, 79, 152, 36, 24, 4, 96, 28, 156, 73, 16,
       178, 51, 159, 88, 70, 161, 241, 191, 253, 125, 230, 255, 61, 223,
       152, 255, 87, 189, 250, 191, 123, 244, 93, 243, 247, 55, 115, 117,
       118, 177, 118, 239, 255, 241, 123, 255, 123, 247, 249, 214, 108,
       86, 254, 210, 121, 249, 253, 114, 223, 56, 63, 209, 22, 244, 79,
       153, 173, 24, 5, 248, 29, 159, 73, 24, 246, 51, 189, 88, 95, 32,
       249, 124, 59, 255, 253, 190, 253, 187, 125, 253, 245, 215, 189,
       253, 254, 187, 198, 251, 213, 99, 99, 253, 53, 194, 119, 93, 235,
       180, 47, 82, 220, 119, 235, 215, 36, 85, 186, 82, 120, 233, 124,
       112, 93, 56, 47, 213, 20, 245, 111, 153, 172, 24, 5, 240, 29, 156,
       73, 16, 242, 51, 189, 88, 87, 32, 250, 127, 253, 255, 255, 255,
       191, 223, 56, 255, 125, 213, 251, 255, 127, 180, 93, 250, 247,
       127, 119, 255, 127, 211, 127, 255, 254, 247, 63, 126, 123, 245,
       239, 215, 109, 215, 191, 218, 121, 249, 127, 124, 223, 251, 111,
       213, 24, 245, 111, 157, 172, 24, 13, 240, 61, 156, 73, 120, 246,
       115, 191, 250, 223, 44, 250, 247, 52, 243, 161, 216, 134, 163,
       201, 238, 111, 130, 127, 231, 107, 147, 85, 226, 213, 35, 100,
       201, 135, 138, 124, 78, 220, 189, 47, 210, 14, 51, 59, 215, 37,
       85, 187, 82, 120, 237, 116, 112, 92, 24, 15, 213, 20, 244, 85,
       153, 172, 24, 5, 240, 29, 156, 73, 16, 242, 51, 189, 88, 87, 32,
       250, 123, 245, 125, 254, 127, 191, 95, 24, 247, 119, 181, 248,
       189, 123, 180, 85, 246, 247, 62, 115, 231, 119, 211, 127, 236,
       246, 227, 63, 122, 57, 245, 107, 215, 44, 214, 190, 210, 120, 249,
       119, 112, 223, 121, 45, 213, 28, 245, 111, 153, 172, 24, 5, 240,
       29, 156, 73, 16, 246, 51, 191, 88, 215, 40, 251, 47, 166, 237,
       138, 63, 253, 129, 61, 245, 246, 214, 244, 125, 63, 185, 228, 219,
       244, 67, 248, 241, 114, 223, 247, 125, 161, 4, 3, 126, 221, 113,
       235, 221, 108, 215, 186, 94, 122, 233, 124, 124, 93, 122, 175, 84,
       180, 245, 111, 187, 172, 153, 13, 242, 29, 220, 89, 48, 242, 51,
       189, 218, 223, 44, 250, 185, 221, 253, 222, 63, 189, 221, 122,
       247, 255, 189, 251, 191, 123, 180, 125, 247, 247, 102, 35, 244,
       118, 211, 119, 253, 255, 247, 59, 123, 91, 119, 107, 215, 44, 86,
       190, 210, 120, 249, 253, 114, 95, 59, 47, 212, 52, 245, 111, 153,
       172, 24, 5, 240, 29, 156, 73, 16, 242, 51, 189, 90, 87, 34, 251,
       191, 254, 125, 207, 254, 157, 223, 249, 255, 93, 127, 251, 255,
       127, 252, 252, 243, 247, 126, 41, 245, 118, 147, 244, 253, 255,
       253, 123, 239, 251, 223, 255, 215, 108, 71, 254, 222, 123, 249,
       253, 255, 223, 121, 191, 213, 166, 252, 109, 191, 173, 141, 15,
       250, 29, 159, 93, 60, 246, 114, 189, 251, 223, 40, 254, 186, 249,
       92, 222, 54, 221, 220, 33, 91, 209, 61, 219, 190, 118, 116, 88,
       255, 211, 52, 187, 199, 60, 195, 103, 233, 215, 243, 127, 87, 123,
       223, 41, 214, 36, 61, 222, 218, 121, 250, 117, 115, 223, 189, 111,
       181, 20, 245, 111, 145, 174, 25, 71, 248, 29, 158, 73, 17, 243,
       122, 191, 121, 127, 160, 250, 8, 11, 238, 220, 34, 223, 240, 55,
       53, 252, 86, 133, 29, 125, 59, 230, 141, 216, 193, 43, 244, 117,
       198, 243, 89, 42, 132, 84, 124, 208, 61, 235, 247, 48, 83, 160,
       215, 90, 248, 104, 244, 29, 59, 46, 212, 166, 243, 111, 155, 168,
       153, 13, 242, 29, 157, 93, 23, 242, 51, 189, 91, 87, 40, 250, 44,
       164, 237, 168, 31, 245, 161, 95, 244, 254, 196, 180, 121, 42, 187,
       71, 202, 124, 99, 96, 241, 35, 91, 119, 84, 185, 148, 135, 82, 28,
       49, 195, 207, 36, 87, 186, 83, 120, 233, 116, 120, 92, 56, 47,
       213, 117, 247, 111, 153, 172, 24, 5, 240, 29, 156, 73, 16, 242,
       51, 189, 88, 87, 32, 250, 45, 174, 239, 169, 63, 253, 165, 253,
       189, 254, 254, 247, 221, 63, 251, 228, 203, 253, 99, 107, 245,
       119, 222, 124, 93, 253, 181, 163, 124, 223, 51, 251, 247, 36, 87,
       186, 87, 122, 233, 124, 120, 92, 122, 47, 213, 183, 247, 105, 153,
       172, 24, 5, 240, 29, 157, 73, 16, 242, 51, 189, 90, 87, 40, 250,
       62, 179, 253, 246, 63, 181, 253, 121, 246, 255, 252, 243, 255,
       127, 176, 84, 247, 215, 99, 243, 245, 119, 195, 247, 221, 254,
       247, 255, 122, 222, 247, 235, 223, 44, 87, 190, 91, 120, 249, 124,
       120, 93, 56, 47, 213, 53, 247, 111, 153, 172, 24, 5, 240, 29, 156,
       73, 16, 242, 51, 189, 88, 87, 32, 250, 63, 255, 255, 254, 54, 191,
       253, 123, 255, 255, 253, 250, 255, 123, 180, 127, 247, 215, 99,
       99, 247, 127, 195, 119, 205, 255, 247, 255, 90, 94, 247, 235, 215,
       44, 85, 190, 90, 120, 249, 117, 122, 92, 57, 47, 213, 20, 245,
