%YAML:1.0
descriptors: !!opencv-matrix
   rows: 48
   cols: 64
   dt: u
   data: [ 63, 189, 253, 246, 63, 189, 253, 127, 247, 252, 214, 245, 255,
       126, 184, 86, 254, 246, 99, 243, 245, 126, 211, 247, 221, 186,
       228, 223, 122, 221, 245, 235, 223, 44, 87, 190, 223, 120, 249,
       125, 120, 93, 127, 47, 212, 53, 247, 111, 185, 172, 153, 13, 240,
       29, 156, 73, 48, 242, 51, 189, 90, 87, 32, 250, 70, 2, 1, 161,
       201, 128, 134, 72, 170, 59, 2, 79, 129, 69, 128, 17, 96, 213, 129,
       32, 200, 37, 138, 104, 78, 216, 40, 103, 146, 9, 33, 78, 87, 161,
       93, 59, 112, 240, 45, 70, 97, 68, 8, 11, 69, 4, 252, 17, 152, 12,
       24, 36, 244, 21, 156, 107, 16, 114, 178, 188, 72, 87, 48, 252,
       195, 13, 131, 118, 64, 6, 79, 199, 128, 229, 1, 146, 130, 194,
       146, 10, 106, 85, 61, 103, 14, 173, 226, 3, 14, 203, 182, 47, 82,
       8, 48, 9, 210, 39, 52, 187, 2, 124, 71, 214, 80, 106, 184, 107,
       203, 28, 73, 174, 89, 164, 80, 149, 113, 26, 148, 203, 81, 250,
       49, 185, 88, 84, 17, 251, 211, 5, 147, 150, 64, 2, 11, 78, 194,
       225, 3, 23, 19, 194, 130, 18, 98, 215, 4, 103, 10, 173, 224, 3,
       14, 138, 162, 13, 18, 40, 16, 41, 50, 39, 116, 186, 0, 122, 67,
       212, 192, 64, 24, 74, 169, 28, 201, 14, 129, 36, 80, 5, 112, 26,
       148, 75, 16, 114, 49, 57, 88, 4, 49, 251, 198, 2, 163, 177, 89,
       162, 171, 205, 4, 235, 129, 210, 193, 65, 131, 7, 226, 221, 1, 99,
       138, 161, 238, 122, 76, 138, 170, 15, 82, 9, 49, 127, 119, 36, 92,
       187, 82, 124, 33, 246, 82, 74, 24, 14, 211, 28, 193, 95, 153, 172,
       24, 5, 112, 29, 156, 73, 144, 242, 51, 189, 92, 86, 34, 179, 70,
       33, 195, 178, 85, 34, 1, 94, 196, 32, 144, 48, 99, 203, 147, 67,
       234, 213, 35, 102, 73, 135, 195, 55, 78, 138, 164, 13, 82, 12, 48,
       104, 215, 36, 85, 186, 82, 120, 65, 116, 112, 92, 24, 15, 209, 20,
       225, 78, 153, 172, 24, 5, 240, 29, 156, 73, 16, 242, 51, 189, 88,
       86, 32, 251, 67, 3, 0, 146, 193, 130, 2, 0, 2, 35, 1, 2, 128, 65,
       0, 3, 4, 65, 12, 100, 138, 37, 130, 99, 72, 130, 136, 12, 16, 0,
       1, 1, 18, 53, 80, 171, 0, 72, 6, 192, 128, 32, 24, 9, 193, 28,
       193, 15, 17, 0, 16, 4, 97, 88, 156, 139, 17, 122, 51, 157, 72, 86,
       48, 249, 128, 3, 0, 144, 201, 0, 6, 0, 34, 66, 35, 2, 128, 64, 32,
       1, 64, 81, 4, 98, 74, 172, 136, 98, 10, 150, 3, 8, 144, 8, 17, 1,
       82, 6, 80, 138, 0, 96, 3, 130, 0, 96, 8, 75, 64, 12, 197, 7, 17,
       44, 16, 4, 0, 24, 132, 11, 17, 96, 48, 61, 72, 20, 33, 184, 131,
       204, 12, 138, 139, 89, 5, 10, 63, 81, 44, 202, 26, 61, 102, 173,
       205, 84, 37, 33, 68, 2, 168, 96, 75, 151, 25, 34, 179, 10, 27,
       105, 212, 36, 80, 184, 82, 66, 169, 240, 210, 95, 56, 47, 208, 22,
       244, 205, 145, 172, 24, 4, 240, 29, 141, 73, 16, 240, 35, 188, 88,
       87, 34, 249, 65, 0, 0, 129, 201, 130, 6, 0, 0, 99, 3, 0, 128, 0,
       0, 3, 0, 81, 1, 68, 200, 1, 138, 41, 0, 192, 136, 14, 16, 8, 1,
       67, 81, 37, 16, 43, 0, 104, 5, 66, 0, 64, 8, 10, 65, 12, 192, 19,
       17, 12, 24, 4, 33, 88, 156, 139, 16, 106, 51, 156, 72, 22, 48,
       248, 128, 10, 1, 133, 200, 76, 166, 225, 8, 73, 10, 71, 130, 68,
       218, 160, 107, 196, 5, 98, 76, 168, 166, 80, 79, 222, 176, 10,
       144, 2, 51, 31, 118, 37, 85, 186, 80, 114, 201, 196, 209, 84, 24,
       46, 196, 6, 236, 77, 137, 172, 88, 5, 240, 31, 157, 73, 16, 114,
       51, 189, 72, 87, 32, 248, 66, 0, 130, 146, 9, 2, 128, 14, 2, 168,
       0, 5, 0, 193, 3, 3, 106, 68, 1, 3, 192, 45, 206, 11, 76, 130, 160,
       15, 18, 9, 1, 79, 119, 166, 20, 58, 18, 104, 35, 86, 208, 64, 8,
       10, 192, 20, 193, 75, 25, 44, 24, 5, 116, 24, 156, 73, 16, 114,
       51, 189, 72, 86, 32, 251, 87, 50, 81, 132, 216, 130, 11, 72, 134,
       70, 3, 50, 133, 75, 144, 81, 226, 213, 4, 100, 72, 32, 128, 96,
       76, 136, 168, 13, 146, 8, 49, 41, 80, 37, 84, 155, 66, 114, 1,
       214, 128, 64, 24, 10, 192, 12, 192, 12, 137, 36, 16, 5, 96, 24,
       149, 73, 16, 114, 49, 188, 88, 86, 32, 185, 124, 253, 255, 254,
       55, 127, 253, 127, 247, 254, 245, 251, 127, 250, 182, 94, 255,
       255, 115, 127, 247, 127, 211, 247, 221, 255, 247, 255, 123, 221,
       246, 235, 223, 44, 87, 190, 223, 120, 249, 125, 120, 95, 185, 47,
       213, 53, 247, 111, 153, 172, 24, 5, 240, 29, 156, 73, 16, 242,
       115, 191, 123, 87, 32, 251, 67, 1, 193, 178, 81, 34, 35, 78, 132,
       42, 0, 49, 33, 138, 163, 67, 98, 213, 1, 100, 72, 129, 192, 51,
       14, 136, 168, 13, 82, 8, 48, 105, 112, 36, 84, 187, 82, 112, 5,
       116, 80, 64, 24, 14, 65, 20, 192, 204, 153, 44, 24, 4, 240, 28,
       156, 73, 16, 242, 35, 188, 88, 86, 32, 240, 61, 255, 255, 255, 63,
       253, 253, 123, 255, 255, 252, 249, 255, 127, 253, 127, 255, 255,
       227, 123, 245, 127, 211, 255, 253, 255, 247, 255, 127, 95, 247,
       239, 223, 110, 87, 190, 223, 120, 249, 125, 120, 93, 251, 47, 213,
       53, 247, 111, 185, 172, 24, 5, 240, 29, 156, 77, 20, 242, 119,
       191, 251, 87, 32, 254, 63, 190, 255, 253, 191, 253, 251, 121, 253,
       255, 223, 255, 253, 127, 249, 245, 251, 253, 99, 251, 245, 119,
       211, 255, 253, 255, 245, 255, 126, 255, 247, 239, 223, 108, 87,
       190, 223, 123, 249, 125, 120, 93, 123, 47, 213, 53, 247, 111, 185,
       174, 24, 7, 240, 29, 156, 73, 16, 242, 51, 189, 250, 87, 32, 254,
       9, 2, 4, 34, 157, 176, 163, 24, 48, 30, 66, 69, 136, 29, 1, 1, 74,
       124, 129, 96, 224, 98, 202, 113, 64, 56, 8, 132, 88, 0, 33, 67,
       93, 32, 213, 176, 113, 56, 41, 32, 124, 68, 26, 14, 68, 65, 242,
       75, 24, 60, 24, 4, 240, 28, 156, 9, 18, 162, 55, 148, 72, 87, 36,
       122, 67, 5, 64, 58, 21, 160, 46, 77, 0, 98, 1, 16, 160, 201, 129,
       7, 234, 84, 1, 96, 200, 34, 194, 51, 76, 152, 160, 13, 82, 8, 33,
       73, 211, 36, 84, 186, 66, 120, 1, 84, 32, 74, 56, 11, 212, 20,
       197, 79, 153, 172, 24, 5, 112, 28, 156, 73, 16, 242, 51, 189, 88,
       86, 32, 250, 30, 17, 137, 156, 38, 87, 88, 39, 7, 134, 21, 148,
       93, 160, 55, 90, 189, 210, 98, 231, 134, 49, 198, 131, 157, 3,
       164, 92, 65, 188, 148, 104, 199, 60, 1, 174, 202, 104, 194, 113,
       48, 153, 181, 45, 183, 52, 165, 110, 155, 170, 27, 7, 176, 25, 20,
       89, 17, 243, 59, 249, 121, 83, 104, 234, 63, 182, 253, 231, 255,
       189, 191, 124, 254, 255, 210, 127, 237, 127, 187, 85, 254, 255,
       75, 251, 253, 103, 219, 124, 205, 234, 252, 255, 126, 93, 247,
       239, 215, 44, 87, 190, 127, 122, 233, 117, 124, 92, 122, 47, 213,
       37, 247, 111, 185, 172, 24, 5, 240, 29, 156, 73, 16, 242, 51, 189,
       218, 87, 32, 250, 17, 2, 16, 130, 200, 130, 2, 64, 2, 0, 3, 6,
       128, 65, 128, 16, 102, 197, 1, 96, 192, 32, 128, 66, 78, 152, 168,
       12, 146, 8, 33, 105, 86, 36, 84, 186, 64, 112, 1, 68, 128, 80, 24,
       14, 192, 4, 192, 79, 153, 44, 24, 4, 112, 28, 156, 73, 16, 114,
       51, 188, 88, 87, 32, 248, 179, 220, 19, 131, 221, 72, 129, 137,
       238, 65, 43, 78, 167, 72, 98, 181, 102, 214, 36, 100, 64, 134,
       165, 100, 110, 149, 57, 41, 150, 10, 18, 57, 112, 37, 92, 218, 66,
       119, 13, 212, 131, 80, 24, 27, 72, 30, 248, 148, 193, 53, 80, 4,
       56, 2, 132, 107, 144, 112, 32, 60, 84, 85, 32, 184, 204, 9, 175,
       185, 0, 119, 49, 254, 17, 222, 196, 156, 83, 144, 155, 202, 139,
       92, 241, 111, 8, 129, 230, 147, 13, 201, 152, 128, 81, 4, 50, 137,
       240, 4, 53, 250, 82, 124, 69, 116, 48, 126, 56, 54, 95, 148, 65,
       236, 27, 168, 126, 149, 209, 31, 148, 76, 144, 224, 41, 253, 77,
       86, 2, 243, 31, 158, 220, 127, 63, 249, 252, 124, 27, 186, 213,
       249, 188, 118, 173, 90, 239, 222, 33, 251, 197, 61, 195, 123, 77,
       223, 227, 127, 94, 79, 181, 110, 223, 36, 85, 186, 87, 120, 233,
       116, 112, 93, 121, 47, 213, 21, 247, 111, 153, 172, 24, 5, 240,
       29, 156, 73, 16, 242, 51, 189, 88, 87, 32, 250, 134, 201, 76, 148,
       54, 159, 95, 48, 62, 199, 63, 214, 155, 110, 116, 230, 129, 213,
