%YAML:1.0
descriptors: !!opencv-matrix
   rows: 134
   cols: 64
   dt: u
   data: [ 61, 252, 255, 254, 62, 253, 253, 127, 255, 252, 223, 249, 253,
       126, 253, 222, 255, 255, 227, 123, 245, 127, 211, 247, 253, 127,
       245, 255, 127, 255, 255, 239, 207, 124, 231, 190, 255, 251, 249,
       125, 124, 221, 255, 39, 245, 245, 247, 111, 191, 254, 169, 79,
       242, 29, 219, 93, 62, 247, 255, 255, 251, 223, 237, 222, 63, 254,
       109, 239, 190, 253, 221, 57, 255, 223, 220, 251, 253, 127, 124,
       221, 253, 255, 99, 251, 245, 126, 219, 255, 253, 255, 119, 251,
       127, 255, 247, 239, 223, 236, 223, 158, 255, 121, 249, 61, 125,
       93, 127, 47, 213, 181, 255, 127, 185, 254, 152, 15, 242, 133, 158,
       93, 62, 211, 246, 191, 243, 223, 44, 254, 126, 237, 255, 254, 34,
       95, 245, 103, 247, 212, 125, 217, 95, 254, 190, 254, 255, 147,
       243, 111, 119, 127, 247, 183, 255, 255, 149, 253, 107, 254, 214,
       168, 135, 46, 99, 190, 254, 88, 251, 124, 120, 189, 181, 103, 253,
       116, 245, 238, 255, 172, 139, 223, 240, 29, 152, 93, 53, 242, 123,
       253, 123, 117, 41, 218, 61, 177, 253, 254, 63, 191, 253, 122, 245,
       252, 220, 245, 253, 126, 180, 92, 251, 255, 99, 99, 245, 127, 195,
       247, 253, 254, 246, 255, 122, 223, 245, 235, 223, 44, 87, 190,
       215, 120, 249, 125, 120, 93, 59, 47, 213, 53, 247, 111, 153, 172,
       24, 5, 240, 29, 156, 73, 16, 242, 51, 189, 90, 87, 32, 250, 60,
       189, 255, 252, 54, 255, 253, 127, 247, 254, 221, 241, 127, 126,
       191, 94, 251, 221, 99, 107, 247, 127, 211, 247, 221, 255, 247,
       255, 122, 220, 245, 235, 223, 36, 87, 190, 210, 120, 249, 117,
       120, 93, 185, 47, 213, 53, 247, 111, 153, 172, 24, 5, 240, 29,
       156, 73, 16, 242, 115, 189, 88, 87, 32, 250, 61, 191, 253, 245,
       62, 253, 253, 121, 252, 253, 214, 245, 253, 127, 185, 84, 251,
       253, 99, 99, 245, 102, 211, 247, 221, 254, 244, 255, 126, 95, 245,
       235, 223, 44, 85, 190, 95, 120, 249, 124, 120, 92, 58, 47, 213,
       53, 247, 111, 153, 172, 24, 5, 240, 29, 156, 73, 16, 242, 51, 189,
       90, 87, 32, 250, 63, 182, 125, 239, 62, 253, 191, 121, 252, 253,
       254, 255, 253, 127, 188, 116, 251, 221, 99, 99, 245, 39, 203, 127,
       205, 255, 245, 191, 126, 95, 247, 239, 215, 44, 85, 190, 87, 120,
       233, 116, 120, 93, 122, 47, 213, 21, 247, 111, 153, 172, 24, 5,
       240, 29, 156, 73, 16, 242, 51, 189, 90, 87, 32, 250, 63, 178, 125,
       246, 63, 181, 191, 120, 247, 254, 222, 245, 253, 126, 185, 87,
       255, 255, 67, 115, 245, 119, 211, 127, 205, 254, 244, 255, 122,
       93, 245, 239, 215, 44, 87, 190, 83, 120, 233, 124, 120, 93, 122,
       47, 213, 21, 247, 111, 153, 172, 24, 5, 242, 29, 156, 73, 16, 242,
       51, 189, 90, 87, 32, 250, 63, 244, 253, 255, 63, 245, 253, 125,
       255, 255, 253, 249, 255, 126, 180, 94, 251, 223, 99, 123, 245,
       119, 211, 127, 253, 255, 247, 255, 123, 223, 245, 239, 215, 44,
       85, 190, 215, 120, 249, 125, 120, 95, 123, 47, 213, 53, 247, 111,
       153, 172, 24, 5, 240, 29, 156, 73, 16, 242, 51, 189, 90, 87, 32,
       254, 50, 17, 24, 182, 7, 128, 30, 9, 6, 66, 17, 160, 180, 66, 36,
       23, 246, 146, 0, 209, 193, 34, 193, 99, 196, 146, 225, 77, 82, 56,
       161, 96, 135, 36, 87, 190, 67, 104, 225, 116, 96, 72, 52, 41, 212,
       21, 181, 111, 153, 174, 24, 5, 240, 29, 220, 73, 16, 243, 51, 189,
       24, 87, 32, 234, 28, 49, 187, 148, 34, 7, 120, 103, 66, 134, 213,
       144, 87, 192, 145, 82, 254, 216, 66, 231, 23, 184, 229, 147, 157,
       10, 166, 200, 64, 172, 180, 168, 98, 52, 36, 190, 154, 120, 192,
       212, 16, 74, 181, 46, 242, 52, 131, 110, 155, 172, 27, 71, 112,
       28, 20, 73, 144, 243, 59, 249, 121, 22, 98, 235, 31, 50, 93, 54,
       58, 185, 56, 100, 242, 190, 215, 53, 252, 115, 137, 82, 234, 218,
       3, 226, 229, 98, 195, 247, 205, 152, 228, 223, 106, 12, 241, 106,
       215, 44, 69, 190, 91, 120, 233, 124, 120, 92, 56, 47, 212, 53,
       247, 111, 153, 172, 24, 5, 240, 29, 156, 73, 16, 242, 51, 189, 88,
       87, 32, 250, 63, 182, 253, 174, 63, 253, 187, 125, 255, 254, 214,
       253, 253, 127, 189, 117, 251, 255, 99, 115, 245, 119, 211, 127,
       221, 254, 240, 255, 126, 219, 247, 235, 223, 108, 87, 190, 223,
       120, 233, 124, 124, 93, 122, 47, 213, 53, 247, 111, 153, 172, 24,
       5, 240, 29, 156, 73, 16, 242, 51, 189, 90, 87, 40, 250, 47, 246,
       109, 170, 63, 189, 133, 24, 181, 126, 252, 113, 173, 59, 180, 69,
       194, 244, 1, 112, 240, 114, 152, 124, 100, 172, 1, 19, 126, 89,
       121, 235, 213, 236, 222, 178, 119, 120, 169, 181, 126, 222, 90,
       141, 212, 145, 244, 75, 184, 189, 24, 12, 240, 21, 159, 73, 56,
       242, 55, 156, 218, 223, 44, 249, 29, 51, 245, 188, 50, 245, 188,
       118, 112, 252, 79, 149, 92, 117, 185, 66, 255, 216, 99, 98, 245,
       32, 71, 243, 205, 127, 181, 252, 72, 6, 245, 235, 215, 36, 85,
       186, 91, 120, 233, 116, 120, 92, 56, 47, 213, 20, 247, 111, 153,
       172, 24, 7, 240, 29, 156, 73, 16, 242, 51, 189, 88, 87, 32, 250,
       61, 190, 255, 247, 62, 253, 253, 121, 253, 253, 222, 255, 255,
       127, 252, 125, 251, 253, 99, 107, 245, 126, 210, 255, 253, 254,
       245, 191, 126, 91, 119, 239, 215, 108, 87, 190, 215, 120, 249,
       117, 124, 93, 123, 47, 213, 53, 245, 111, 185, 172, 24, 13, 240,
       29, 156, 77, 48, 242, 115, 191, 218, 95, 36, 254, 63, 182, 253,
       230, 62, 189, 185, 112, 112, 254, 86, 213, 220, 127, 185, 84, 234,
       252, 3, 99, 245, 100, 195, 119, 221, 186, 164, 191, 126, 95, 241,
       235, 215, 36, 85, 186, 87, 120, 233, 124, 124, 92, 56, 47, 212,
       20, 247, 111, 153, 172, 24, 5, 240, 29, 156, 73, 16, 242, 51, 189,
       88, 87, 32, 250, 59, 22, 84, 38, 221, 160, 167, 88, 50, 24, 192,
       113, 172, 75, 128, 21, 102, 246, 1, 208, 225, 34, 129, 116, 70,
       40, 224, 11, 218, 4, 225, 101, 221, 36, 20, 190, 83, 48, 1, 116,
       89, 68, 26, 15, 192, 17, 210, 77, 152, 164, 24, 5, 240, 28, 156,
       73, 16, 178, 55, 156, 24, 87, 36, 88, 4, 35, 81, 164, 16, 0, 43,
       72, 128, 66, 131, 48, 65, 2, 129, 83, 226, 84, 1, 96, 1, 160, 128,
       32, 12, 136, 160, 9, 18, 8, 49, 9, 112, 36, 84, 186, 0, 114, 1,
       212, 128, 66, 24, 10, 96, 22, 192, 76, 9, 36, 16, 4, 96, 24, 149,
       73, 16, 114, 51, 188, 72, 70, 34, 177, 60, 191, 255, 254, 55, 255,
       253, 127, 247, 254, 223, 245, 255, 254, 185, 94, 255, 247, 99,
       123, 247, 127, 210, 119, 221, 255, 247, 255, 122, 219, 245, 235,
       223, 44, 87, 190, 214, 120, 249, 125, 120, 93, 255, 47, 213, 53,
       245, 111, 153, 172, 24, 13, 242, 29, 156, 93, 16, 242, 115, 191,
       123, 95, 40, 250, 62, 177, 253, 254, 55, 245, 253, 127, 119, 254,
       213, 241, 125, 126, 189, 87, 255, 214, 97, 243, 245, 117, 195,
       115, 205, 155, 224, 223, 90, 92, 245, 235, 215, 36, 87, 186, 91,
       120, 233, 117, 112, 93, 60, 47, 213, 21, 247, 111, 153, 172, 24,
       5, 240, 29, 156, 73, 16, 242, 51, 189, 88, 87, 32, 250, 60, 176,
       125, 166, 54, 181, 189, 122, 245, 222, 253, 241, 125, 62, 180,
       118, 242, 212, 67, 97, 241, 112, 193, 247, 205, 172, 165, 155,
       122, 220, 117, 235, 215, 36, 85, 190, 210, 120, 169, 245, 122, 93,
       57, 47, 212, 21, 247, 111, 153, 172, 24, 5, 240, 29, 156, 73, 16,
       242, 51, 188, 88, 87, 32, 250, 56, 58, 231, 247, 63, 247, 185,
       255, 212, 254, 210, 53, 125, 251, 155, 230, 250, 212, 67, 242,
       245, 35, 199, 183, 205, 58, 244, 159, 90, 86, 115, 250, 255, 44,
       85, 190, 95, 122, 233, 116, 216, 92, 27, 14, 209, 37, 227, 111,
       185, 172, 24, 5, 240, 29, 156, 73, 16, 242, 51, 189, 90, 87, 32,
       250, 60, 177, 253, 158, 51, 77, 81, 111, 214, 196, 149, 245, 125,
       126, 180, 86, 254, 214, 66, 99, 213, 34, 193, 103, 221, 170, 228,
       73, 82, 152, 212, 104, 199, 36, 69, 190, 82, 120, 201, 124, 112,
       93, 52, 47, 212, 52, 245, 110, 153, 172, 153, 5, 240, 29, 156, 73,
       16, 242, 51, 189, 88, 87, 32, 250, 54, 49, 81, 150, 17, 128, 29,
