%YAML:1.0
descriptors: !!opencv-matrix
   rows: 18
   cols: 64
   dt: u
   data: [ 255, 255, 255, 255, 255, 255, 223, 191, 255, 255, 255, 250,
       255, 255, 255, 255, 255, 247, 126, 255, 191, 255, 255, 191, 255,
       247, 255, 255, 255, 255, 255, 255, 251, 255, 255, 255, 255, 255,
       255, 255, 254, 255, 239, 253, 191, 251, 255, 191, 255, 255, 247,
       255, 255, 255, 247, 255, 255, 255, 253, 127, 255, 249, 255, 191,
       191, 248, 255, 253, 63, 255, 255, 248, 253, 255, 253, 251, 255,
       124, 252, 255, 255, 253, 127, 251, 245, 127, 211, 255, 253, 255,
       247, 255, 127, 215, 247, 255, 223, 44, 87, 190, 219, 121, 249,
       125, 122, 95, 122, 47, 213, 53, 247, 111, 153, 172, 24, 5, 248,
       29, 156, 93, 16, 242, 51, 189, 219, 223, 32, 250, 249, 154, 214,
       247, 253, 243, 255, 254, 124, 249, 220, 251, 174, 223, 131, 77,
       235, 221, 185, 123, 237, 47, 239, 127, 79, 235, 250, 167, 94, 69,
       99, 239, 223, 163, 85, 49, 119, 248, 253, 117, 121, 92, 250, 47,
       221, 21, 255, 107, 185, 236, 24, 5, 244, 61, 156, 73, 86, 246,
       183, 191, 218, 87, 36, 254, 63, 254, 109, 236, 63, 253, 253, 121,
       253, 252, 214, 249, 253, 126, 253, 197, 251, 252, 227, 251, 245,
       118, 219, 255, 253, 255, 245, 183, 126, 223, 117, 239, 223, 232,
       215, 190, 255, 248, 249, 127, 124, 93, 127, 47, 213, 245, 247,
       107, 187, 238, 137, 15, 246, 29, 156, 93, 54, 242, 247, 189, 251,
       223, 44, 222, 63, 190, 253, 254, 63, 253, 157, 27, 255, 254, 159,
       240, 253, 126, 188, 87, 255, 247, 99, 251, 245, 119, 211, 127,
       221, 255, 245, 127, 126, 251, 245, 235, 215, 108, 215, 190, 218,
       120, 249, 125, 116, 93, 124, 45, 213, 20, 245, 111, 153, 172, 24,
       5, 242, 29, 156, 93, 16, 242, 51, 189, 91, 223, 40, 250, 60, 186,
       255, 253, 58, 245, 255, 117, 253, 255, 198, 185, 213, 118, 187,
       206, 251, 221, 235, 107, 253, 125, 222, 251, 221, 251, 182, 255,
       92, 205, 117, 239, 199, 6, 119, 190, 214, 249, 249, 117, 120, 93,
       243, 47, 247, 181, 215, 127, 155, 172, 56, 71, 242, 29, 156, 93,
       20, 242, 123, 255, 219, 87, 41, 246, 86, 50, 211, 163, 217, 192,
       171, 204, 154, 251, 2, 125, 133, 7, 131, 81, 106, 215, 153, 34,
       200, 33, 206, 121, 76, 200, 42, 47, 82, 9, 49, 127, 117, 167, 93,
       187, 112, 247, 45, 118, 65, 68, 72, 10, 71, 28, 73, 147, 153, 44,
       24, 37, 244, 180, 156, 107, 144, 250, 163, 189, 92, 71, 48, 246,
       190, 253, 255, 254, 55, 127, 93, 123, 247, 212, 253, 250, 127,
       250, 254, 255, 255, 246, 102, 251, 119, 254, 241, 247, 253, 255,
       247, 251, 123, 255, 254, 233, 222, 124, 215, 254, 218, 120, 249,
       125, 126, 223, 255, 63, 245, 53, 247, 111, 159, 174, 155, 15, 250,
       29, 158, 93, 56, 247, 115, 191, 123, 223, 46, 251, 58, 177, 251,
       222, 54, 151, 92, 39, 199, 230, 21, 210, 255, 226, 54, 90, 254,
       211, 96, 243, 151, 61, 195, 199, 157, 146, 246, 127, 66, 248, 212,
       104, 199, 60, 6, 190, 202, 120, 250, 117, 112, 219, 181, 105, 177,
       20, 181, 111, 155, 174, 153, 71, 242, 25, 28, 89, 17, 243, 115,
       251, 121, 119, 233, 251, 87, 148, 153, 51, 221, 144, 30, 8, 18,
       187, 0, 203, 130, 194, 132, 27, 100, 207, 53, 3, 200, 37, 202, 89,
       132, 218, 251, 111, 82, 41, 33, 111, 87, 160, 28, 35, 115, 253,
       37, 118, 64, 74, 104, 105, 211, 20, 217, 83, 217, 236, 24, 5, 228,
       24, 188, 105, 16, 242, 179, 157, 216, 87, 48, 191, 204, 33, 195,
       183, 85, 98, 43, 255, 132, 235, 192, 55, 163, 198, 131, 67, 235,
       85, 33, 103, 72, 141, 198, 51, 78, 202, 186, 13, 210, 8, 50, 10,
       87, 39, 85, 187, 82, 124, 69, 116, 80, 64, 24, 46, 205, 29, 193,
       238, 153, 172, 24, 5, 240, 28, 156, 73, 16, 242, 51, 189, 92, 86,
       32, 250, 62, 248, 255, 253, 63, 253, 253, 127, 61, 252, 221, 253,
       221, 126, 253, 222, 251, 220, 225, 107, 245, 125, 202, 123, 125,
       255, 179, 255, 127, 255, 119, 239, 215, 244, 213, 186, 247, 248,
       249, 119, 112, 93, 251, 47, 245, 21, 247, 111, 155, 172, 153, 13,
       240, 29, 156, 93, 16, 242, 115, 255, 219, 95, 44, 254, 190, 177,
       121, 247, 190, 149, 219, 169, 222, 175, 213, 250, 253, 74, 178,
       86, 246, 215, 86, 243, 143, 63, 195, 94, 189, 154, 247, 127, 82,
       185, 245, 186, 199, 44, 12, 159, 218, 121, 233, 119, 216, 72, 181,
       79, 211, 60, 145, 63, 155, 174, 24, 7, 240, 29, 156, 81, 16, 242,
       51, 185, 120, 87, 32, 251, 13, 14, 231, 176, 89, 162, 161, 126,
       180, 252, 194, 119, 203, 249, 139, 69, 234, 125, 163, 98, 244, 39,
       202, 115, 78, 186, 16, 135, 120, 0, 33, 207, 223, 38, 85, 186, 81,
       120, 237, 116, 252, 84, 26, 142, 65, 1, 243, 235, 152, 172, 24, 5,
       240, 29, 156, 73, 16, 242, 51, 189, 72, 87, 32, 250, 54, 117, 121,
       158, 54, 148, 93, 75, 231, 230, 57, 176, 93, 234, 180, 86, 246,
       214, 2, 99, 135, 114, 208, 39, 220, 130, 230, 93, 3, 184, 245,
       105, 194, 60, 4, 190, 202, 120, 194, 253, 50, 202, 61, 105, 178,
       20, 229, 110, 147, 174, 16, 7, 96, 25, 180, 73, 16, 243, 51, 189,
       120, 86, 42, 251, 45, 38, 229, 160, 31, 191, 163, 123, 228, 84,
       194, 53, 121, 61, 185, 69, 194, 125, 67, 112, 241, 119, 217, 247,
       81, 56, 4, 132, 120, 212, 49, 203, 207, 44, 71, 186, 83, 122, 233,
       124, 124, 85, 24, 175, 85, 229, 247, 111, 153, 172, 152, 13, 242,
       29, 156, 73, 48, 226, 51, 189, 74, 87, 40, 250, 92, 51, 117, 180,
       48, 182, 63, 122, 132, 94, 251, 113, 205, 109, 144, 82, 226, 221,
       3, 103, 229, 37, 192, 115, 76, 202, 164, 141, 82, 12, 49, 233,
       215, 36, 84, 186, 82, 120, 225, 244, 112, 92, 56, 47, 213, 20,
       245, 111, 153, 172, 24, 5, 240, 29, 156, 73, 16, 242, 51, 189, 88,
       87, 32, 250, 126, 49, 125, 150, 119, 151, 27, 124, 230, 102, 149,
       48, 125, 106, 176, 86, 250, 213, 3, 100, 201, 35, 195, 55, 204,
       136, 228, 13, 82, 12, 113, 105, 215, 36, 20, 190, 82, 120, 129,
       116, 80, 72, 24, 14, 209, 20, 193, 78, 153, 172, 24, 5, 240, 29,
       156, 73, 16, 242, 51, 189, 88, 86, 32, 250 ]
