%YAML:1.0
descriptors: !!opencv-matrix
   rows: 53
   cols: 64
   dt: u
   data: [ 62, 253, 255, 252, 62, 253, 253, 127, 255, 254, 213, 249, 255,
       124, 188, 222, 255, 254, 227, 251, 245, 127, 211, 247, 253, 255,
       247, 255, 123, 247, 245, 235, 207, 60, 87, 190, 255, 120, 249,
       125, 120, 93, 255, 47, 245, 53, 247, 111, 185, 174, 152, 15, 240,
       29, 156, 93, 54, 243, 119, 191, 123, 215, 40, 250, 47, 177, 239,
       254, 55, 183, 93, 30, 247, 198, 149, 224, 127, 234, 52, 95, 252,
       255, 99, 243, 247, 47, 81, 119, 213, 234, 230, 223, 82, 156, 244,
       225, 223, 44, 87, 190, 91, 120, 233, 124, 120, 94, 56, 47, 213,
       117, 247, 111, 153, 172, 24, 5, 240, 29, 156, 73, 16, 242, 51,
       189, 88, 87, 32, 250, 68, 3, 131, 244, 81, 2, 34, 75, 0, 104, 2,
       7, 130, 192, 130, 3, 98, 93, 33, 70, 198, 45, 192, 83, 14, 202,
       130, 5, 82, 8, 32, 72, 71, 39, 84, 187, 16, 124, 69, 84, 64, 96,
       16, 74, 201, 12, 193, 207, 25, 44, 24, 5, 241, 28, 156, 73, 16,
       250, 51, 157, 72, 23, 33, 250, 5, 2, 1, 112, 201, 160, 33, 88, 0,
       58, 194, 5, 128, 73, 129, 1, 66, 108, 129, 66, 228, 44, 138, 123,
       70, 154, 2, 134, 80, 0, 33, 79, 87, 34, 85, 56, 17, 176, 97, 68,
       232, 100, 26, 14, 64, 1, 195, 75, 24, 44, 24, 0, 240, 28, 156, 65,
       16, 226, 51, 189, 72, 87, 33, 112, 1, 6, 4, 33, 201, 176, 163, 88,
       184, 62, 194, 69, 128, 125, 9, 1, 194, 109, 129, 96, 224, 34, 26,
       120, 68, 184, 0, 166, 92, 1, 33, 199, 87, 226, 93, 48, 113, 186,
       41, 38, 109, 84, 26, 142, 68, 193, 247, 67, 24, 44, 24, 0, 244,
       29, 140, 73, 16, 194, 183, 173, 192, 87, 32, 120, 9, 130, 44, 169,
       141, 189, 163, 112, 60, 254, 194, 69, 200, 61, 57, 5, 128, 124,
       195, 96, 240, 112, 218, 248, 73, 56, 8, 166, 124, 69, 49, 199,
       221, 192, 219, 32, 117, 250, 169, 32, 252, 20, 90, 46, 84, 161,
       114, 99, 56, 92, 24, 4, 244, 29, 157, 24, 22, 194, 183, 188, 194,
       211, 36, 254, 12, 166, 237, 168, 16, 245, 165, 119, 181, 252, 206,
       149, 89, 61, 185, 198, 139, 124, 195, 105, 241, 80, 220, 243, 93,
       61, 132, 130, 104, 196, 49, 203, 221, 0, 71, 170, 21, 120, 233,
       60, 124, 29, 58, 167, 84, 53, 119, 107, 57, 172, 169, 13, 240, 29,
       156, 28, 62, 226, 51, 189, 74, 87, 40, 250, 51, 245, 89, 142, 55,
       156, 29, 9, 231, 70, 53, 240, 189, 123, 52, 85, 246, 182, 4, 177,
       195, 118, 209, 103, 244, 146, 225, 89, 50, 184, 221, 41, 150, 108,
       150, 158, 234, 88, 155, 253, 70, 219, 61, 201, 144, 84, 245, 79,
       145, 174, 152, 15, 50, 1, 223, 89, 56, 114, 114, 189, 120, 223,
       42, 219, 63, 245, 125, 206, 55, 253, 217, 57, 247, 220, 150, 245,
       189, 126, 252, 117, 255, 246, 66, 179, 245, 118, 209, 119, 253,
       190, 245, 123, 126, 250, 215, 233, 207, 44, 215, 190, 254, 120,
       233, 125, 112, 93, 59, 175, 212, 52, 245, 111, 185, 174, 152, 13,
       240, 29, 156, 81, 48, 242, 55, 189, 122, 223, 44, 250, 66, 3, 128,
       144, 200, 130, 10, 7, 2, 42, 2, 6, 128, 192, 3, 1, 68, 65, 1, 68,
       72, 133, 130, 9, 14, 128, 170, 76, 144, 0, 48, 0, 113, 36, 92,
       171, 80, 102, 5, 64, 128, 64, 16, 10, 67, 28, 129, 220, 25, 44,
       24, 4, 32, 25, 156, 73, 144, 114, 51, 180, 76, 86, 32, 176, 7, 6,
       64, 2, 217, 128, 7, 72, 162, 33, 0, 115, 160, 11, 128, 17, 98, 85,
       5, 32, 200, 34, 138, 104, 76, 144, 41, 47, 146, 9, 1, 79, 85, 164,
       20, 186, 64, 240, 37, 86, 65, 64, 8, 11, 64, 16, 216, 65, 0, 36,
       24, 4, 112, 24, 140, 73, 16, 114, 50, 156, 88, 87, 32, 248, 5, 4,
       1, 128, 9, 128, 37, 72, 128, 98, 2, 0, 1, 0, 129, 3, 66, 84, 1,
       64, 128, 0, 136, 32, 12, 152, 8, 9, 18, 8, 49, 73, 81, 36, 20,
       186, 0, 120, 1, 86, 0, 64, 24, 10, 64, 4, 64, 73, 25, 44, 16, 4,
       112, 24, 132, 9, 16, 98, 35, 188, 72, 22, 32, 248, 199, 14, 1,
       129, 217, 136, 135, 200, 40, 99, 42, 78, 131, 77, 194, 33, 194,
       85, 61, 101, 204, 5, 170, 104, 78, 222, 25, 47, 146, 10, 35, 31,
       87, 165, 92, 155, 82, 123, 237, 150, 65, 84, 8, 15, 193, 14, 252,
       17, 137, 172, 16, 36, 209, 191, 140, 107, 16, 120, 48, 188, 76,
       87, 48, 184, 44, 34, 237, 168, 18, 127, 37, 127, 180, 244, 198,
       181, 89, 63, 187, 198, 203, 220, 99, 96, 241, 99, 194, 243, 93,
       233, 148, 129, 120, 140, 51, 235, 213, 36, 87, 186, 83, 120, 233,
       124, 120, 92, 56, 47, 213, 53, 247, 111, 153, 172, 24, 5, 240, 29,
       156, 73, 16, 242, 51, 189, 88, 87, 32, 250, 61, 182, 125, 174, 63,
       253, 191, 120, 255, 254, 222, 245, 253, 63, 185, 85, 255, 255,
       195, 115, 245, 99, 219, 255, 205, 252, 244, 255, 126, 95, 241,
       239, 223, 44, 87, 190, 127, 120, 233, 116, 120, 92, 58, 47, 213,
       53, 247, 111, 185, 172, 24, 5, 240, 29, 156, 73, 22, 242, 55, 189,
       90, 87, 32, 250, 183, 241, 88, 174, 55, 16, 220, 128, 82, 139, 45,
       250, 166, 66, 228, 89, 115, 214, 36, 71, 71, 36, 161, 86, 172,
       223, 243, 43, 211, 42, 242, 49, 214, 36, 28, 222, 82, 120, 233,
       244, 114, 202, 56, 41, 212, 20, 245, 110, 153, 172, 16, 5, 248,
       29, 156, 73, 16, 242, 51, 189, 88, 87, 34, 187, 1, 2, 5, 128, 72,
       179, 167, 84, 32, 28, 2, 5, 0, 61, 33, 1, 8, 125, 129, 36, 192, 1,
       72, 112, 72, 168, 8, 4, 24, 0, 49, 65, 85, 32, 81, 160, 80, 104,
       13, 32, 116, 20, 26, 14, 69, 0, 64, 73, 24, 44, 24, 4, 241, 29,
       156, 8, 16, 226, 35, 156, 72, 87, 32, 250, 1, 6, 4, 128, 9, 151,
       135, 49, 36, 84, 6, 5, 152, 61, 57, 5, 128, 113, 65, 32, 208, 96,
       80, 224, 80, 32, 8, 4, 56, 0, 17, 65, 221, 32, 83, 160, 82, 74, 9,
       40, 116, 21, 24, 6, 84, 100, 244, 73, 25, 44, 24, 12, 240, 29,
       152, 8, 48, 98, 51, 188, 64, 87, 32, 250, 6, 130, 131, 131, 221,
       128, 131, 72, 134, 107, 32, 75, 131, 3, 129, 1, 74, 85, 37, 32,
       200, 5, 138, 105, 78, 209, 25, 39, 146, 11, 3, 95, 215, 164, 93,
       186, 82, 248, 45, 54, 96, 72, 40, 15, 209, 20, 248, 49, 25, 172,
       24, 5, 245, 24, 156, 75, 16, 242, 50, 189, 88, 87, 32, 250, 62,
       166, 253, 246, 42, 221, 185, 111, 247, 252, 214, 245, 125, 122,
       188, 86, 255, 154, 227, 107, 245, 38, 211, 247, 221, 187, 244,
       255, 74, 254, 245, 235, 199, 44, 71, 190, 255, 120, 233, 124, 120,
       93, 57, 47, 245, 53, 247, 111, 185, 172, 24, 7, 240, 29, 156, 73,
       22, 242, 55, 189, 122, 87, 32, 250, 76, 35, 97, 176, 16, 33, 35,
       124, 196, 78, 194, 52, 81, 134, 185, 66, 226, 212, 3, 100, 73,
       160, 132, 50, 12, 136, 160, 9, 82, 12, 48, 169, 112, 36, 85, 186,
       82, 114, 1, 84, 144, 68, 24, 14, 64, 134, 192, 76, 153, 44, 24, 5,
       112, 29, 157, 73, 16, 242, 51, 188, 88, 70, 34, 241, 175, 202,
       239, 203, 255, 253, 213, 220, 189, 255, 62, 253, 159, 62, 255,
       237, 235, 212, 189, 43, 196, 85, 238, 121, 111, 223, 57, 55, 127,
       75, 63, 127, 245, 230, 93, 251, 118, 247, 253, 246, 119, 93, 106,
       63, 215, 134, 125, 241, 157, 173, 30, 5, 254, 29, 159, 77, 144,
       244, 43, 189, 221, 95, 32, 254, 67, 1, 1, 150, 67, 2, 31, 10, 2,
       0, 17, 0, 16, 8, 4, 18, 36, 87, 0, 101, 2, 161, 192, 34, 12, 128,
       168, 12, 18, 40, 16, 41, 210, 36, 20, 186, 66, 104, 130, 68, 0,
       74, 24, 11, 145, 28, 229, 78, 145, 172, 16, 5, 48, 24, 148, 75,
       16, 114, 51, 189, 88, 86, 32, 250, 70, 6, 3, 147, 217, 68, 131,
       205, 132, 230, 2, 22, 145, 202, 187, 102, 202, 85, 1, 98, 200,
       163, 142, 56, 78, 136, 188, 11, 210, 8, 51, 91, 113, 36, 85, 186,
       82, 114, 161, 86, 240, 84, 24, 14, 81, 20, 192, 77, 153, 44, 24,
       5, 240, 29, 156, 73, 16, 242, 51, 188, 72, 86, 32, 248, 31, 179,
       77, 246, 62, 185, 157, 56, 115, 188, 214, 243, 237, 127, 57, 83,
       244, 254, 1, 243, 229, 100, 193, 243, 205, 190, 225, 219, 122, 12,
       241, 235, 215, 44, 85, 186, 91, 120, 233, 116, 116, 92, 56, 47,
       212, 17, 247, 111, 153, 172, 24, 5, 240, 29, 156, 73, 16, 242, 51,
       189, 88, 87, 32, 250, 2, 3, 129, 146, 201, 128, 0, 74, 2, 33, 18,
       81, 162, 66, 128, 0, 98, 213, 5, 98, 196, 44, 136, 99, 78, 154,
