%YAML:1.0
descriptors: !!opencv-matrix
   rows: 93
   cols: 64
   dt: u
   data: [ 62, 253, 255, 255, 63, 253, 253, 127, 255, 255, 117, 249, 191,
       122, 188, 95, 255, 247, 99, 107, 247, 127, 211, 127, 253, 255,
       247, 127, 127, 123, 247, 239, 215, 110, 215, 190, 215, 120, 251,
       117, 120, 125, 251, 111, 213, 20, 245, 111, 153, 172, 24, 69, 240,
       29, 156, 93, 17, 242, 115, 191, 251, 127, 169, 250, 187, 254, 127,
       239, 255, 253, 255, 249, 255, 253, 254, 251, 255, 127, 255, 253,
       247, 247, 127, 123, 253, 119, 219, 124, 253, 255, 253, 191, 126,
       223, 247, 255, 223, 109, 223, 190, 223, 121, 249, 127, 125, 93,
       123, 191, 213, 179, 255, 127, 189, 189, 152, 13, 240, 189, 156,
       93, 48, 246, 247, 189, 250, 223, 44, 254, 3, 146, 77, 35, 253,
       248, 131, 24, 122, 191, 18, 79, 172, 63, 9, 17, 237, 231, 1, 240,
       228, 101, 75, 120, 197, 252, 249, 127, 126, 11, 227, 103, 215, 36,
       85, 186, 91, 56, 233, 116, 116, 92, 58, 175, 213, 16, 245, 111,
       153, 172, 24, 1, 240, 29, 156, 73, 16, 242, 51, 189, 88, 87, 32,
       250, 187, 254, 109, 239, 255, 189, 223, 57, 255, 255, 253, 251,
       255, 127, 124, 93, 245, 247, 127, 251, 245, 119, 211, 124, 253,
       255, 245, 255, 126, 255, 255, 255, 223, 236, 223, 190, 255, 121,
       249, 127, 126, 95, 123, 191, 213, 113, 247, 127, 191, 191, 152,
       15, 240, 157, 158, 93, 60, 246, 247, 191, 251, 223, 44, 254, 251,
       252, 255, 239, 255, 255, 255, 253, 255, 255, 252, 251, 255, 250,
       254, 253, 251, 247, 127, 123, 253, 223, 191, 124, 239, 255, 251,
       63, 255, 91, 127, 255, 247, 237, 62, 255, 246, 247, 253, 247, 219,
       223, 126, 63, 219, 31, 221, 53, 141, 189, 94, 5, 232, 191, 159,
       109, 216, 244, 251, 191, 223, 95, 50, 189, 250, 57, 251, 119, 255,
       167, 219, 173, 222, 161, 213, 127, 191, 202, 179, 92, 254, 151,
       122, 214, 255, 175, 215, 111, 158, 218, 254, 127, 210, 185, 247,
       174, 207, 175, 7, 255, 218, 61, 255, 127, 88, 72, 197, 202, 201,
       125, 153, 31, 253, 174, 152, 195, 240, 190, 156, 227, 80, 190,
       241, 187, 188, 21, 176, 254, 9, 22, 68, 32, 29, 186, 163, 88, 180,
       88, 194, 101, 44, 25, 41, 5, 228, 252, 129, 112, 240, 98, 152,
       112, 64, 168, 72, 134, 124, 64, 97, 195, 221, 96, 209, 176, 117,
       122, 41, 100, 253, 20, 26, 142, 64, 193, 242, 79, 184, 60, 24, 4,
       240, 29, 222, 73, 54, 242, 55, 188, 74, 87, 36, 88, 92, 34, 241,
       181, 56, 165, 59, 124, 128, 238, 193, 52, 193, 68, 145, 66, 234,
       204, 3, 98, 200, 33, 194, 147, 76, 136, 160, 143, 80, 12, 49, 107,
       87, 36, 85, 186, 82, 120, 225, 84, 112, 72, 24, 46, 213, 20, 193,
       111, 153, 172, 24, 5, 240, 28, 156, 73, 16, 242, 51, 189, 88, 87,
       32, 250, 252, 249, 255, 252, 54, 127, 253, 255, 253, 252, 253,
       249, 127, 254, 191, 254, 251, 223, 123, 111, 245, 127, 231, 183,
       255, 255, 247, 255, 123, 255, 246, 235, 223, 60, 117, 254, 223,
       125, 249, 125, 122, 221, 255, 47, 255, 53, 247, 110, 191, 174,
       159, 207, 240, 29, 156, 93, 116, 247, 123, 255, 123, 223, 40, 250,
       45, 22, 100, 32, 95, 179, 167, 88, 52, 124, 194, 99, 172, 25, 32,
       69, 224, 253, 131, 240, 241, 35, 217, 118, 68, 56, 232, 134, 120,
       84, 97, 227, 223, 40, 212, 184, 119, 120, 41, 116, 124, 84, 26,
       15, 209, 97, 247, 79, 184, 172, 24, 5, 240, 29, 156, 73, 18, 242,
       55, 189, 90, 87, 36, 122, 60, 254, 255, 239, 63, 253, 253, 127,
       253, 253, 222, 249, 255, 63, 253, 222, 255, 254, 227, 123, 245,
       119, 211, 255, 253, 255, 245, 255, 127, 247, 247, 239, 223, 108,
       119, 182, 247, 248, 249, 125, 124, 93, 123, 47, 247, 53, 247, 111,
       187, 174, 153, 15, 240, 29, 156, 93, 54, 243, 183, 253, 251, 223,
       44, 254, 58, 49, 253, 148, 54, 183, 88, 55, 215, 134, 213, 180,
       125, 160, 49, 86, 244, 218, 66, 247, 179, 119, 193, 151, 157, 42,
       228, 220, 64, 244, 244, 232, 207, 60, 7, 190, 218, 120, 192, 125,
       88, 89, 53, 46, 208, 53, 131, 110, 155, 174, 137, 15, 242, 29, 28,
       81, 16, 243, 51, 249, 121, 146, 104, 234, 183, 253, 253, 142, 54,
       93, 157, 251, 246, 214, 189, 242, 127, 63, 246, 127, 251, 214,
       102, 101, 85, 166, 225, 118, 205, 183, 245, 25, 83, 30, 210, 41,
       214, 36, 85, 190, 82, 120, 201, 116, 114, 92, 56, 47, 212, 20,
       245, 108, 153, 172, 24, 5, 240, 29, 156, 73, 16, 242, 51, 189, 88,
       87, 32, 250, 59, 247, 124, 222, 55, 157, 221, 25, 255, 215, 29,
       248, 189, 127, 60, 93, 255, 246, 96, 187, 215, 126, 211, 119, 253,
       247, 243, 125, 126, 250, 213, 41, 151, 124, 215, 158, 218, 88,
       250, 125, 116, 93, 185, 109, 245, 20, 245, 111, 155, 174, 153, 15,
       242, 29, 220, 93, 56, 243, 114, 191, 123, 255, 172, 218, 175, 238,
       111, 237, 255, 253, 187, 248, 189, 255, 222, 255, 237, 125, 249,
       101, 137, 253, 127, 123, 253, 119, 154, 124, 109, 254, 157, 183,
       252, 95, 55, 223, 223, 232, 223, 187, 254, 251, 233, 55, 125, 92,
       122, 191, 213, 241, 255, 123, 185, 253, 24, 5, 241, 189, 156, 73,
       48, 246, 183, 189, 218, 223, 44, 254, 189, 254, 125, 128, 54, 125,
       181, 250, 254, 222, 254, 243, 127, 59, 254, 229, 243, 212, 103,
       97, 113, 194, 165, 244, 205, 189, 181, 187, 255, 94, 114, 249,
       252, 36, 84, 190, 82, 122, 169, 244, 250, 92, 56, 63, 212, 54,
       244, 108, 153, 172, 24, 5, 240, 29, 157, 73, 16, 242, 51, 188, 88,
       87, 32, 250, 38, 33, 81, 182, 16, 6, 8, 79, 198, 98, 1, 52, 49, 2,
       145, 82, 98, 84, 1, 64, 193, 32, 192, 6, 12, 136, 164, 9, 18, 8,
       49, 104, 96, 36, 20, 186, 2, 112, 1, 212, 0, 64, 20, 10, 64, 20,
       129, 78, 25, 36, 24, 4, 96, 24, 156, 73, 16, 114, 51, 184, 88, 70,
       32, 241, 7, 48, 195, 179, 221, 128, 129, 74, 214, 57, 2, 115, 163,
       203, 128, 81, 98, 213, 33, 98, 192, 47, 138, 127, 14, 154, 50, 47,
       210, 9, 49, 111, 87, 166, 20, 186, 114, 124, 109, 86, 81, 64, 24,
       10, 201, 4, 209, 199, 153, 44, 24, 4, 240, 24, 156, 73, 16, 114,
       51, 157, 72, 23, 32, 248, 158, 185, 251, 245, 54, 189, 222, 165,
       219, 223, 215, 255, 223, 118, 150, 90, 188, 223, 114, 251, 229,
       53, 194, 211, 189, 202, 246, 255, 72, 253, 247, 234, 215, 56, 85,
       190, 254, 121, 232, 117, 120, 93, 183, 47, 247, 21, 247, 111, 187,
       174, 25, 71, 240, 29, 156, 89, 22, 243, 51, 249, 123, 87, 96, 254,
       126, 49, 81, 182, 18, 5, 57, 73, 198, 102, 81, 48, 53, 226, 176,
       82, 242, 212, 1, 100, 73, 160, 192, 50, 12, 136, 160, 9, 82, 136,
       48, 41, 114, 36, 20, 186, 82, 120, 1, 212, 80, 64, 20, 14, 192,
       20, 193, 78, 153, 172, 24, 5, 112, 28, 156, 73, 16, 242, 51, 188,
       88, 22, 32, 249, 45, 190, 247, 168, 24, 127, 161, 127, 244, 252,
       194, 53, 69, 31, 187, 229, 235, 220, 131, 96, 241, 1, 222, 123,
       77, 153, 48, 131, 94, 74, 51, 239, 213, 36, 85, 186, 116, 242,
       233, 116, 113, 84, 58, 46, 85, 148, 245, 109, 152, 172, 24, 5,
       240, 29, 156, 73, 16, 242, 51, 189, 90, 71, 32, 250, 175, 246,
       101, 162, 255, 61, 165, 216, 252, 92, 234, 115, 109, 63, 252, 229,
       227, 244, 7, 96, 113, 194, 177, 116, 110, 189, 61, 155, 255, 94,
       123, 249, 240, 100, 94, 250, 82, 114, 137, 244, 223, 94, 26, 31,
       208, 135, 244, 76, 137, 61, 28, 4, 248, 31, 143, 73, 24, 240, 35,
       156, 92, 87, 34, 185, 126, 49, 113, 182, 54, 36, 59, 105, 198,
       110, 81, 50, 221, 194, 145, 82, 242, 212, 1, 100, 73, 160, 192,
       50, 140, 136, 164, 137, 82, 40, 53, 169, 114, 36, 20, 186, 82,
       120, 129, 84, 80, 74, 25, 14, 192, 20, 193, 78, 153, 172, 24, 5,
       96, 28, 156, 73, 16, 242, 51, 156, 88, 86, 32, 241, 13, 34, 101,
       32, 28, 177, 161, 124, 240, 26, 194, 53, 96, 19, 129, 65, 194,
       108, 195, 64, 241, 96, 65, 214, 4, 40, 4, 129, 88, 68, 33, 200,
       93, 8, 213, 186, 29, 56, 9, 52, 252, 68, 26, 6, 64, 225, 130, 79,
       56, 60, 8, 0, 240, 29, 92, 1, 6, 162, 23, 148, 74, 215, 100, 114,
