%YAML:1.0
descriptors: !!opencv-matrix
   rows: 55
   cols: 64
   dt: u
   data: [ 61, 254, 255, 255, 63, 253, 253, 120, 255, 254, 254, 249, 253,
       127, 253, 221, 255, 254, 227, 123, 245, 126, 211, 255, 253, 255,
       247, 255, 127, 223, 247, 239, 223, 108, 215, 190, 255, 120, 249,
       125, 124, 93, 251, 47, 245, 181, 247, 111, 187, 190, 152, 15, 240,
       29, 158, 93, 54, 242, 119, 191, 251, 223, 44, 254, 63, 254, 125,
       237, 255, 253, 191, 120, 255, 255, 254, 251, 237, 127, 253, 213,
       255, 255, 235, 123, 245, 119, 219, 252, 237, 255, 245, 255, 126,
       95, 247, 255, 223, 236, 223, 190, 255, 249, 249, 119, 124, 93,
       122, 47, 213, 177, 247, 111, 185, 253, 24, 13, 240, 157, 158, 73,
       52, 246, 183, 189, 218, 223, 44, 254, 31, 185, 223, 254, 54, 251,
       253, 126, 119, 188, 215, 241, 255, 126, 189, 91, 255, 255, 97,
       251, 229, 125, 195, 243, 205, 255, 225, 255, 122, 79, 245, 235,
       215, 36, 87, 186, 91, 120, 249, 125, 112, 93, 126, 47, 213, 21,
       247, 111, 153, 172, 24, 5, 240, 29, 156, 77, 16, 242, 51, 189, 89,
       87, 32, 250, 62, 185, 254, 254, 55, 247, 253, 95, 247, 222, 213,
       240, 127, 250, 180, 95, 255, 255, 99, 247, 247, 63, 209, 119, 213,
       251, 230, 223, 83, 220, 244, 227, 223, 44, 87, 190, 219, 120, 249,
       125, 120, 95, 56, 47, 213, 117, 247, 111, 153, 172, 24, 5, 240,
       29, 156, 73, 16, 242, 51, 189, 120, 87, 32, 250, 198, 43, 194,
       176, 89, 34, 34, 74, 0, 43, 194, 119, 162, 195, 130, 67, 226, 93,
       33, 71, 199, 173, 194, 115, 70, 218, 178, 7, 82, 8, 32, 72, 87,
       39, 84, 187, 82, 124, 69, 84, 64, 100, 24, 75, 201, 29, 229, 207,
       153, 172, 24, 5, 241, 28, 156, 73, 16, 242, 51, 189, 72, 87, 48,
       250, 13, 6, 68, 32, 217, 160, 163, 88, 164, 56, 194, 101, 128, 89,
       129, 5, 194, 108, 131, 98, 224, 34, 138, 122, 70, 168, 0, 130,
       216, 0, 33, 207, 95, 34, 85, 56, 49, 178, 105, 36, 205, 116, 26,
       134, 64, 65, 211, 67, 24, 60, 24, 0, 240, 28, 156, 9, 16, 162,
       183, 173, 200, 71, 36, 120, 114, 16, 208, 159, 217, 134, 14, 69,
       70, 231, 17, 28, 181, 142, 147, 86, 235, 215, 0, 98, 200, 163,
       207, 45, 76, 192, 172, 47, 18, 9, 49, 111, 215, 37, 85, 187, 82,
       120, 161, 86, 48, 72, 40, 46, 213, 28, 193, 63, 153, 172, 24, 5,
       240, 25, 156, 75, 16, 242, 51, 189, 88, 86, 32, 242, 44, 166, 109,
       168, 18, 125, 165, 119, 181, 254, 206, 181, 89, 63, 191, 230, 139,
       124, 195, 104, 241, 82, 124, 178, 89, 45, 4, 128, 105, 214, 59,
       203, 221, 0, 71, 170, 87, 114, 169, 60, 126, 29, 58, 39, 84, 247,
       118, 104, 187, 44, 158, 12, 242, 29, 156, 28, 62, 226, 43, 188,
       74, 215, 106, 250, 62, 177, 253, 222, 55, 95, 217, 63, 247, 222,
       63, 244, 61, 126, 188, 118, 255, 214, 98, 243, 213, 118, 209, 119,
       217, 183, 245, 89, 82, 218, 247, 105, 223, 44, 87, 190, 218, 120,
       233, 125, 112, 93, 49, 47, 212, 52, 245, 111, 153, 172, 24, 5,
       240, 29, 156, 89, 16, 242, 51, 189, 88, 87, 32, 250, 195, 4, 0,
       18, 73, 2, 4, 10, 2, 32, 1, 2, 2, 193, 0, 19, 98, 0, 4, 64, 138,
       132, 168, 10, 70, 144, 129, 11, 146, 8, 1, 69, 17, 166, 20, 26, 0,
       164, 35, 198, 0, 66, 8, 139, 72, 24, 196, 137, 64, 36, 80, 4, 4,
       26, 132, 3, 144, 48, 33, 20, 12, 20, 32, 40, 67, 3, 0, 130, 201,
       10, 6, 0, 34, 66, 40, 2, 16, 102, 36, 0, 64, 17, 5, 228, 74, 128,
       137, 32, 66, 148, 25, 8, 130, 8, 16, 1, 16, 38, 80, 138, 0, 64, 7,
       2, 32, 34, 24, 9, 68, 28, 100, 132, 1, 4, 16, 4, 1, 10, 128, 171,
       16, 96, 32, 52, 68, 64, 16, 160, 66, 3, 129, 144, 200, 130, 10, 7,
       2, 42, 3, 4, 0, 192, 19, 18, 100, 65, 1, 68, 74, 133, 130, 11, 14,
       128, 170, 76, 130, 0, 48, 8, 80, 36, 84, 187, 64, 102, 0, 64, 128,
       64, 16, 8, 66, 28, 129, 94, 153, 44, 24, 5, 32, 24, 148, 73, 144,
       114, 51, 188, 76, 86, 32, 176, 35, 6, 64, 2, 221, 128, 7, 72, 34,
       97, 0, 115, 160, 11, 128, 21, 98, 117, 5, 0, 192, 34, 137, 96, 68,
       152, 40, 15, 146, 8, 1, 77, 87, 36, 20, 154, 0, 120, 33, 214, 65,
       64, 8, 139, 64, 16, 212, 69, 16, 36, 24, 4, 96, 24, 140, 73, 16,
       50, 50, 156, 72, 87, 32, 248, 194, 9, 147, 151, 17, 66, 128, 206,
       66, 160, 3, 22, 51, 130, 139, 242, 107, 213, 33, 103, 14, 133,
       230, 35, 15, 203, 176, 13, 18, 8, 50, 43, 87, 36, 85, 186, 82,
       122, 201, 84, 208, 84, 56, 46, 193, 20, 225, 110, 153, 172, 24, 5,
       240, 29, 156, 73, 16, 114, 51, 189, 88, 23, 32, 250, 54, 49, 121,
       150, 19, 4, 29, 75, 198, 66, 145, 48, 53, 46, 180, 86, 234, 212,
       5, 96, 3, 162, 129, 38, 76, 152, 160, 9, 82, 8, 48, 41, 208, 36,
       20, 154, 66, 112, 1, 84, 16, 202, 28, 11, 208, 20, 228, 12, 153,
       172, 16, 5, 96, 28, 148, 73, 16, 242, 49, 188, 88, 86, 32, 248,
       44, 175, 239, 184, 50, 127, 177, 255, 253, 254, 214, 181, 127,
       189, 251, 238, 235, 220, 99, 107, 245, 87, 214, 119, 93, 233, 180,
       153, 123, 220, 54, 235, 215, 36, 85, 186, 82, 122, 233, 124, 248,
       93, 56, 47, 213, 23, 247, 111, 153, 172, 24, 5, 240, 29, 157, 73,
       16, 242, 51, 189, 88, 87, 32, 250, 124, 35, 117, 177, 16, 117, 43,
       253, 196, 222, 210, 52, 81, 164, 155, 226, 234, 220, 67, 100, 105,
       160, 196, 176, 13, 136, 164, 137, 82, 12, 48, 185, 112, 36, 85,
       186, 82, 114, 129, 84, 152, 68, 24, 14, 66, 134, 192, 92, 155, 44,
       24, 5, 240, 29, 157, 73, 128, 242, 35, 188, 92, 70, 34, 177, 61,
       182, 125, 143, 63, 253, 191, 120, 254, 252, 214, 245, 253, 63,
       185, 69, 255, 255, 195, 51, 245, 99, 195, 255, 201, 124, 228, 246,
       124, 95, 245, 239, 223, 40, 85, 180, 127, 120, 233, 116, 120, 92,
       122, 47, 213, 53, 247, 111, 185, 172, 24, 5, 240, 29, 156, 73, 22,
       242, 55, 189, 90, 87, 32, 250, 127, 49, 115, 178, 23, 34, 41, 202,
       198, 134, 209, 54, 109, 139, 145, 86, 242, 212, 3, 102, 43, 166,
       196, 55, 12, 136, 228, 9, 82, 8, 112, 185, 114, 36, 85, 190, 66,
       120, 1, 84, 24, 64, 24, 10, 64, 21, 193, 78, 153, 44, 16, 5, 112,
       28, 148, 73, 16, 242, 49, 188, 88, 86, 32, 241, 195, 6, 67, 129,
       217, 130, 135, 201, 172, 99, 10, 78, 131, 77, 130, 37, 226, 85,
       45, 100, 72, 133, 138, 104, 78, 220, 57, 47, 146, 10, 51, 27, 87,
       37, 93, 155, 80, 112, 45, 86, 96, 64, 24, 15, 197, 28, 252, 149,
       25, 172, 16, 4, 241, 28, 140, 75, 16, 240, 49, 188, 76, 87, 32,
       248, 60, 185, 255, 222, 62, 245, 253, 118, 119, 254, 85, 217, 223,
       122, 189, 78, 255, 222, 97, 107, 245, 116, 195, 251, 233, 63, 163,
       254, 88, 223, 245, 235, 223, 36, 85, 186, 223, 120, 249, 125, 112,
       93, 121, 47, 244, 20, 247, 111, 153, 172, 24, 7, 240, 29, 156, 73,
       16, 242, 51, 189, 89, 87, 32, 250, 6, 0, 195, 131, 216, 196, 131,
       205, 134, 231, 0, 84, 129, 14, 147, 69, 107, 85, 33, 98, 200, 5,
       206, 105, 78, 209, 184, 47, 18, 8, 19, 79, 213, 36, 21, 186, 82,
       120, 105, 118, 96, 64, 40, 42, 213, 20, 241, 111, 25, 172, 24, 5,
       240, 24, 156, 73, 16, 242, 51, 189, 88, 87, 32, 250, 71, 6, 1, 33,
       217, 128, 2, 76, 8, 35, 128, 60, 128, 6, 131, 3, 66, 85, 1, 64,
       200, 33, 202, 40, 76, 200, 168, 47, 18, 9, 33, 79, 85, 165, 85,
       187, 16, 240, 37, 86, 0, 64, 8, 10, 65, 28, 200, 17, 25, 44, 24,
       4, 113, 28, 156, 105, 16, 242, 51, 188, 72, 86, 32, 244, 65, 7,
       141, 128, 66, 223, 135, 123, 164, 86, 14, 4, 153, 61, 57, 5, 137,
       117, 65, 36, 208, 119, 210, 227, 89, 116, 12, 4, 56, 2, 16, 9,
       223, 4, 211, 168, 82, 74, 205, 40, 116, 21, 24, 39, 85, 36, 245,
       111, 153, 172, 24, 12, 179, 29, 156, 26, 48, 98, 51, 189, 64, 215,
       44, 250, 98, 133, 137, 158, 2, 206, 31, 13, 135, 70, 21, 136, 153,
       40, 52, 6, 141, 17, 32, 101, 138, 33, 210, 33, 89, 209, 141, 44,
       3, 184, 16, 41, 134, 36, 65, 154, 74, 72, 234, 72, 48, 216, 52,
       169, 149, 28, 245, 46, 145, 168, 16, 5, 48, 25, 148, 10, 16, 114,
       50, 189, 88, 85, 32, 250, 31, 187, 205, 126, 63, 187, 221, 58,
