%YAML:1.0
descriptors: !!opencv-matrix
   rows: 80
   cols: 64
   dt: u
   data: [ 62, 178, 253, 173, 191, 245, 191, 120, 253, 255, 221, 255,
       253, 126, 179, 85, 251, 253, 99, 243, 245, 55, 211, 253, 205, 254,
       245, 255, 94, 223, 247, 239, 223, 44, 87, 190, 219, 120, 233, 119,
       120, 92, 120, 47, 213, 53, 247, 111, 153, 172, 24, 5, 240, 29,
       156, 73, 16, 242, 51, 189, 216, 87, 32, 250, 61, 189, 255, 222,
       54, 255, 253, 123, 255, 252, 255, 249, 255, 254, 252, 126, 255,
       247, 99, 251, 245, 127, 211, 247, 253, 127, 247, 255, 126, 223,
       247, 235, 207, 44, 119, 190, 222, 120, 249, 125, 120, 93, 251,
       175, 213, 53, 247, 111, 185, 174, 153, 15, 240, 29, 156, 77, 52,
       243, 115, 191, 123, 95, 40, 250, 47, 182, 253, 35, 255, 253, 171,
       88, 252, 255, 130, 111, 237, 127, 187, 85, 250, 253, 67, 243, 253,
       103, 91, 253, 213, 250, 252, 191, 94, 31, 243, 231, 223, 44, 87,
       190, 91, 120, 233, 124, 124, 92, 56, 175, 213, 113, 247, 111, 153,
       172, 24, 5, 240, 29, 156, 73, 16, 242, 51, 189, 88, 87, 32, 250,
       63, 254, 127, 237, 254, 189, 255, 249, 255, 255, 255, 251, 255,
       127, 253, 253, 247, 255, 127, 123, 245, 119, 219, 255, 237, 255,
       245, 255, 126, 95, 247, 255, 215, 108, 223, 190, 223, 121, 249,
       119, 124, 93, 123, 47, 213, 55, 247, 111, 157, 189, 24, 5, 240,
       29, 157, 77, 16, 246, 51, 189, 218, 223, 40, 254, 254, 48, 123,
       181, 254, 229, 155, 249, 214, 239, 213, 118, 223, 74, 146, 84,
       250, 215, 39, 99, 205, 165, 162, 114, 206, 219, 245, 111, 210, 14,
       243, 123, 215, 36, 84, 190, 82, 120, 233, 116, 80, 92, 56, 15,
       209, 20, 241, 111, 153, 172, 24, 5, 240, 29, 156, 73, 16, 242, 51,
       189, 88, 87, 32, 250, 62, 247, 253, 254, 55, 189, 253, 123, 247,
       220, 253, 251, 253, 122, 188, 94, 247, 222, 99, 99, 245, 118, 193,
       119, 221, 191, 245, 251, 122, 222, 247, 233, 215, 44, 85, 190, 83,
       120, 233, 116, 120, 93, 57, 47, 212, 21, 247, 111, 153, 172, 24,
       5, 240, 29, 156, 73, 16, 242, 51, 189, 88, 87, 32, 250, 49, 183,
       125, 130, 23, 157, 133, 120, 230, 68, 191, 112, 61, 123, 176, 84,
       226, 212, 5, 100, 65, 32, 129, 119, 76, 142, 161, 9, 82, 8, 80,
       41, 214, 36, 84, 186, 82, 112, 137, 244, 112, 92, 24, 15, 208, 20,
       244, 78, 153, 172, 24, 5, 240, 29, 156, 73, 16, 242, 51, 188, 88,
       87, 32, 248, 54, 37, 97, 134, 18, 6, 7, 75, 230, 68, 21, 48, 61,
       63, 180, 84, 242, 212, 0, 100, 3, 34, 145, 102, 92, 128, 164, 9,
       18, 152, 16, 41, 148, 36, 86, 154, 66, 112, 129, 92, 32, 90, 24,
       11, 212, 28, 228, 12, 153, 172, 16, 5, 112, 29, 148, 73, 16, 242,
       49, 188, 88, 86, 32, 248, 123, 245, 125, 222, 255, 159, 223, 24,
       247, 87, 181, 248, 191, 123, 180, 93, 246, 247, 126, 119, 247,
       127, 211, 119, 236, 254, 231, 127, 126, 123, 245, 105, 215, 109,
       22, 191, 218, 120, 251, 125, 112, 223, 57, 47, 213, 28, 245, 111,
       157, 172, 24, 5, 240, 61, 158, 75, 48, 246, 115, 191, 88, 215, 32,
       251, 5, 35, 97, 176, 16, 34, 33, 126, 128, 110, 194, 53, 65, 130,
       129, 66, 226, 84, 3, 96, 193, 160, 192, 51, 12, 136, 160, 1, 82,
       12, 48, 73, 112, 36, 84, 186, 16, 114, 1, 212, 208, 64, 24, 14,
       64, 4, 65, 78, 25, 44, 24, 4, 96, 28, 156, 73, 128, 226, 35, 156,
       72, 6, 34, 241, 126, 49, 217, 186, 87, 2, 15, 79, 198, 66, 57, 48,
       49, 142, 182, 86, 251, 214, 1, 68, 11, 129, 224, 39, 76, 201, 170,
       13, 83, 40, 48, 41, 80, 36, 20, 155, 2, 116, 1, 84, 34, 202, 20,
       105, 86, 28, 229, 12, 217, 164, 18, 4, 96, 24, 180, 73, 144, 178,
       41, 184, 92, 86, 48, 176, 12, 34, 197, 176, 16, 32, 33, 126, 144,
       190, 194, 53, 65, 135, 147, 66, 202, 76, 131, 98, 193, 32, 204,
       51, 12, 136, 132, 129, 80, 12, 49, 203, 117, 36, 85, 186, 16, 114,
       1, 84, 208, 68, 24, 14, 64, 132, 65, 78, 25, 44, 24, 5, 240, 28,
       156, 73, 16, 226, 35, 156, 72, 6, 32, 240, 13, 38, 101, 32, 24,
       244, 161, 124, 160, 252, 194, 21, 193, 53, 137, 65, 138, 76, 131,
       96, 240, 32, 202, 243, 77, 168, 4, 129, 88, 4, 49, 75, 215, 32,
       85, 186, 80, 122, 233, 52, 124, 84, 24, 166, 68, 128, 245, 107,
       153, 44, 24, 5, 240, 29, 156, 73, 16, 226, 51, 189, 72, 71, 32,
       250, 12, 162, 109, 136, 25, 245, 161, 125, 180, 222, 130, 53, 209,
       63, 185, 69, 203, 116, 195, 96, 209, 34, 210, 113, 77, 184, 4, 33,
       88, 76, 49, 75, 215, 4, 87, 186, 80, 120, 233, 52, 112, 84, 56,
       39, 84, 20, 245, 111, 153, 172, 24, 5, 240, 29, 156, 73, 16, 226,
       51, 189, 88, 87, 32, 250, 47, 162, 109, 138, 55, 221, 149, 124,
       245, 222, 150, 244, 253, 63, 185, 69, 203, 244, 99, 115, 213, 114,
       195, 119, 77, 181, 181, 33, 126, 30, 49, 107, 215, 44, 213, 186,
       82, 120, 233, 116, 112, 92, 56, 47, 212, 52, 245, 111, 153, 172,
       24, 5, 240, 29, 156, 73, 16, 242, 51, 189, 88, 87, 32, 250, 63,
       178, 109, 174, 63, 249, 159, 24, 118, 252, 255, 243, 237, 63, 62,
       113, 253, 254, 1, 243, 229, 96, 195, 114, 205, 255, 241, 251, 122,
       30, 247, 235, 215, 44, 87, 186, 91, 120, 233, 125, 112, 92, 56,
       47, 212, 17, 247, 111, 153, 172, 24, 5, 240, 29, 156, 73, 16, 242,
       51, 189, 88, 87, 32, 250, 76, 33, 227, 176, 16, 39, 41, 111, 196,
       234, 195, 52, 81, 130, 155, 66, 234, 92, 3, 102, 131, 33, 196, 19,
       13, 136, 162, 141, 82, 8, 48, 201, 119, 36, 85, 187, 18, 126, 193,
       84, 144, 64, 20, 14, 66, 4, 65, 110, 153, 44, 24, 5, 96, 29, 148,
       73, 144, 242, 51, 185, 72, 22, 34, 243, 191, 245, 125, 255, 63,
       189, 255, 121, 255, 255, 253, 250, 253, 122, 244, 87, 246, 246,
       71, 123, 253, 114, 241, 126, 253, 191, 247, 251, 127, 255, 253,
       251, 219, 108, 150, 254, 222, 121, 249, 253, 90, 223, 127, 63,
       208, 55, 245, 111, 155, 175, 26, 13, 248, 29, 159, 93, 56, 242,
       115, 159, 251, 223, 42, 251, 50, 213, 125, 150, 54, 29, 93, 43,
       247, 196, 53, 210, 191, 122, 52, 94, 246, 214, 100, 99, 150, 54,
       209, 103, 253, 150, 229, 91, 114, 184, 212, 105, 150, 44, 22, 190,
       202, 88, 234, 253, 82, 223, 61, 47, 208, 20, 245, 111, 153, 172,
       153, 13, 240, 29, 156, 73, 48, 242, 51, 189, 88, 87, 34, 251, 190,
       251, 127, 239, 255, 253, 223, 248, 255, 223, 255, 255, 253, 126,
       251, 253, 251, 213, 127, 107, 253, 119, 195, 116, 109, 255, 181,
       63, 126, 95, 119, 187, 215, 36, 85, 190, 82, 123, 233, 116, 112,
       93, 56, 63, 213, 150, 245, 111, 153, 173, 24, 5, 240, 29, 157, 73,
       16, 242, 51, 189, 88, 87, 32, 250, 179, 245, 125, 214, 247, 29,
       95, 25, 247, 71, 61, 250, 191, 123, 244, 93, 246, 247, 22, 117,
       86, 118, 177, 102, 252, 246, 245, 59, 243, 58, 214, 41, 210, 44,
       22, 222, 202, 121, 219, 245, 82, 219, 57, 15, 208, 28, 244, 15,
       145, 173, 16, 5, 120, 25, 158, 75, 24, 242, 48, 61, 88, 87, 34,
       249, 126, 177, 253, 246, 54, 183, 92, 51, 215, 131, 213, 250, 255,
       242, 148, 90, 246, 211, 118, 255, 183, 125, 195, 215, 173, 90,
       231, 255, 98, 253, 244, 232, 215, 60, 132, 190, 223, 121, 250,
       245, 88, 223, 181, 111, 241, 53, 183, 111, 187, 174, 137, 199,
       240, 29, 24, 89, 20, 243, 115, 251, 121, 115, 229, 251, 22, 241,
       217, 220, 54, 149, 93, 111, 211, 198, 117, 248, 95, 130, 148, 90,
       189, 214, 36, 107, 134, 60, 224, 3, 173, 147, 231, 121, 67, 168,
       244, 41, 214, 52, 52, 174, 206, 120, 226, 117, 114, 202, 181, 105,
       178, 20, 245, 110, 155, 170, 59, 199, 120, 25, 52, 77, 16, 243,
       59, 249, 121, 87, 98, 251, 4, 34, 81, 161, 216, 160, 163, 200, 72,
       57, 2, 119, 193, 7, 137, 65, 234, 197, 129, 96, 193, 5, 138, 88,
       78, 216, 56, 39, 214, 10, 51, 95, 85, 37, 93, 186, 48, 250, 45,
       116, 193, 84, 24, 6, 69, 4, 248, 193, 152, 44, 24, 4, 240, 29,
       140, 73, 16, 240, 51, 172, 72, 71, 32, 250, 187, 245, 253, 254,
       63, 191, 223, 27, 247, 95, 245, 250, 191, 122, 180, 93, 246, 247,
