%YAML:1.0
descriptors: !!opencv-matrix
   rows: 124
   cols: 64
   dt: u
   data: [ 63, 190, 253, 255, 63, 253, 255, 120, 255, 255, 214, 255, 253,
       127, 188, 93, 255, 255, 227, 251, 245, 119, 211, 255, 237, 254,
       245, 255, 126, 95, 247, 239, 223, 108, 215, 190, 255, 120, 249,
       125, 124, 93, 123, 47, 213, 53, 247, 111, 185, 174, 24, 5, 240,
       29, 156, 73, 54, 242, 55, 189, 250, 215, 36, 254, 124, 190, 255,
       249, 250, 255, 243, 255, 253, 253, 222, 189, 255, 254, 187, 238,
       251, 221, 251, 107, 253, 95, 222, 253, 127, 235, 188, 183, 125,
       223, 127, 239, 239, 39, 85, 187, 215, 251, 253, 124, 248, 93, 122,
       62, 221, 167, 255, 227, 189, 172, 159, 141, 243, 61, 156, 77, 116,
       254, 123, 189, 219, 95, 40, 254, 255, 253, 255, 255, 247, 191, 95,
       25, 255, 231, 181, 250, 191, 250, 180, 95, 246, 247, 126, 255,
       191, 127, 211, 127, 255, 247, 247, 127, 114, 187, 244, 171, 199,
       45, 150, 159, 202, 125, 251, 127, 112, 223, 253, 109, 215, 28,
       245, 63, 157, 174, 152, 15, 240, 189, 156, 95, 120, 246, 115, 191,
       249, 223, 184, 251, 126, 188, 255, 255, 126, 255, 251, 127, 253,
       253, 223, 189, 255, 254, 251, 254, 251, 213, 123, 111, 253, 119,
       215, 119, 255, 255, 252, 191, 127, 223, 127, 235, 199, 45, 87,
       190, 222, 123, 249, 124, 120, 221, 125, 175, 213, 183, 245, 111,
       157, 172, 159, 13, 242, 29, 156, 93, 80, 246, 123, 189, 91, 31,
       40, 250, 124, 191, 255, 218, 126, 255, 215, 127, 255, 244, 222,
       253, 255, 254, 255, 222, 251, 245, 123, 111, 247, 127, 219, 119,
       127, 255, 63, 63, 127, 219, 126, 235, 215, 103, 87, 191, 82, 120,
       255, 124, 112, 93, 252, 47, 221, 156, 117, 239, 157, 172, 152, 13,
       242, 61, 158, 79, 112, 246, 123, 191, 91, 95, 40, 250, 108, 46,
       231, 161, 216, 119, 163, 255, 252, 252, 202, 53, 81, 189, 251,
       231, 203, 124, 203, 98, 253, 129, 222, 180, 95, 232, 28, 129, 248,
       198, 59, 219, 237, 6, 87, 186, 85, 242, 205, 124, 252, 85, 26,
       182, 69, 167, 67, 224, 153, 44, 92, 13, 211, 29, 156, 73, 16, 224,
       35, 188, 74, 70, 32, 248, 108, 42, 231, 169, 218, 119, 163, 253,
       236, 244, 202, 53, 89, 191, 187, 230, 203, 220, 67, 100, 121, 129,
       198, 176, 95, 233, 156, 129, 209, 142, 51, 203, 245, 36, 85, 186,
       82, 114, 141, 116, 120, 84, 24, 46, 85, 181, 224, 108, 153, 44,
       24, 5, 240, 29, 156, 73, 16, 224, 35, 188, 88, 86, 32, 250, 108,
       46, 239, 233, 58, 127, 165, 255, 253, 252, 206, 181, 93, 189, 251,
       238, 139, 252, 235, 106, 245, 211, 222, 183, 95, 125, 28, 145,
       253, 215, 63, 223, 237, 66, 71, 186, 213, 242, 253, 60, 252, 117,
       122, 182, 85, 231, 119, 225, 189, 45, 223, 29, 211, 29, 159, 92,
       52, 228, 107, 189, 203, 207, 44, 246, 191, 252, 125, 239, 255,
       189, 223, 216, 255, 127, 189, 250, 255, 123, 246, 93, 243, 247,
       127, 115, 253, 119, 179, 124, 254, 255, 249, 127, 255, 123, 247,
       235, 215, 108, 222, 254, 210, 121, 249, 253, 118, 223, 122, 63,
       213, 16, 245, 127, 153, 173, 24, 13, 248, 157, 158, 73, 56, 246,
       51, 189, 218, 223, 42, 251, 126, 50, 245, 151, 251, 133, 143, 104,
       230, 111, 145, 114, 253, 106, 178, 84, 226, 213, 3, 98, 201, 39,
       195, 125, 78, 218, 180, 47, 210, 8, 49, 107, 87, 36, 84, 186, 82,
       120, 233, 86, 112, 72, 24, 15, 209, 20, 213, 95, 153, 172, 24, 5,
       240, 29, 156, 73, 16, 242, 51, 189, 88, 87, 32, 250, 60, 41, 255,
       221, 50, 245, 253, 127, 245, 244, 223, 180, 125, 254, 187, 110,
       251, 212, 99, 99, 245, 117, 198, 247, 93, 235, 180, 189, 122, 204,
       55, 235, 215, 36, 85, 186, 82, 120, 233, 124, 112, 93, 60, 47,
       213, 20, 245, 111, 153, 172, 24, 5, 240, 29, 156, 73, 16, 242, 51,
       189, 89, 87, 32, 250, 191, 246, 125, 167, 255, 189, 159, 24, 255,
       127, 189, 250, 191, 123, 244, 93, 246, 247, 63, 113, 253, 118,
       179, 124, 237, 255, 249, 127, 254, 123, 247, 251, 215, 108, 222,
       254, 210, 121, 185, 245, 118, 223, 126, 63, 209, 22, 244, 93, 157,
       189, 24, 5, 250, 157, 159, 73, 24, 246, 51, 189, 88, 223, 36, 249,
       45, 55, 237, 120, 62, 253, 225, 126, 244, 190, 194, 53, 77, 95,
       185, 69, 235, 252, 195, 98, 245, 106, 90, 255, 77, 42, 166, 131,
       120, 85, 113, 239, 223, 42, 215, 190, 95, 58, 249, 116, 124, 92,
       58, 175, 212, 241, 247, 111, 184, 172, 24, 5, 240, 29, 156, 73,
       22, 242, 55, 191, 90, 87, 36, 250, 121, 30, 254, 161, 255, 127,
       171, 254, 252, 254, 218, 119, 253, 61, 187, 229, 242, 253, 219,
       96, 241, 71, 219, 125, 79, 232, 236, 135, 222, 85, 115, 239, 253,
       169, 87, 53, 119, 250, 173, 116, 248, 92, 90, 14, 213, 167, 242,
       105, 185, 236, 24, 5, 240, 29, 156, 73, 22, 246, 183, 188, 218,
       87, 32, 252, 29, 51, 244, 244, 61, 35, 120, 114, 48, 120, 210, 49,
       76, 195, 129, 81, 242, 220, 195, 98, 247, 44, 192, 251, 206, 42,
       226, 219, 88, 69, 245, 239, 127, 50, 84, 190, 119, 120, 241, 117,
       88, 76, 155, 78, 224, 37, 195, 79, 185, 174, 24, 71, 240, 28, 156,
       73, 22, 243, 119, 191, 90, 118, 161, 248, 212, 57, 211, 213, 80,
       6, 111, 199, 2, 229, 1, 50, 211, 194, 147, 90, 234, 213, 56, 103,
       15, 173, 194, 3, 142, 202, 178, 77, 2, 8, 50, 41, 82, 39, 52, 187,
       0, 124, 87, 84, 16, 104, 184, 106, 235, 28, 193, 174, 221, 172,
       56, 213, 112, 122, 148, 75, 80, 250, 49, 187, 88, 84, 49, 250,
       190, 178, 127, 119, 63, 181, 253, 253, 223, 191, 246, 251, 253,
       90, 179, 212, 246, 254, 207, 251, 245, 122, 247, 254, 189, 42,
       246, 251, 126, 253, 245, 254, 239, 236, 142, 254, 255, 59, 249,
       253, 217, 95, 243, 190, 240, 227, 147, 111, 187, 255, 159, 75,
       248, 157, 159, 85, 54, 243, 255, 223, 251, 159, 172, 255, 28, 51,
       81, 244, 24, 32, 105, 74, 130, 106, 194, 53, 69, 66, 129, 81, 242,
       222, 129, 98, 199, 40, 136, 58, 140, 138, 226, 203, 210, 8, 113,
       111, 115, 166, 84, 186, 16, 242, 97, 214, 192, 64, 152, 78, 224,
       5, 193, 79, 152, 36, 24, 5, 224, 28, 156, 73, 16, 242, 51, 191,
       88, 6, 33, 240, 58, 189, 253, 246, 54, 175, 125, 35, 215, 252,
       213, 241, 255, 250, 52, 94, 244, 155, 102, 251, 183, 60, 209, 247,
       221, 190, 231, 223, 106, 245, 245, 233, 199, 62, 38, 190, 223,
       120, 250, 125, 120, 223, 245, 111, 247, 53, 247, 111, 153, 174,
       137, 79, 240, 29, 188, 77, 53, 243, 115, 255, 123, 119, 161, 250,
       60, 184, 253, 254, 63, 253, 253, 124, 127, 254, 223, 253, 253,
       127, 189, 92, 255, 222, 97, 99, 245, 117, 195, 243, 237, 255, 241,
       255, 126, 223, 247, 235, 223, 100, 87, 186, 215, 120, 249, 125,
       116, 93, 123, 47, 245, 21, 247, 111, 153, 172, 24, 5, 240, 29,
       156, 77, 24, 242, 51, 189, 88, 87, 32, 250, 47, 134, 237, 168, 63,
       253, 181, 125, 189, 254, 222, 253, 157, 60, 189, 101, 233, 220,
       97, 97, 244, 114, 210, 115, 77, 253, 177, 55, 126, 90, 55, 235,
       215, 36, 85, 186, 86, 120, 233, 116, 112, 93, 58, 47, 213, 20,
       245, 111, 153, 172, 24, 5, 240, 29, 156, 73, 16, 242, 51, 189, 90,
       87, 32, 250, 58, 240, 120, 246, 63, 177, 223, 25, 214, 59, 213,
       114, 189, 90, 52, 85, 246, 151, 70, 211, 247, 122, 145, 126, 180,
       158, 231, 123, 94, 251, 245, 238, 143, 236, 142, 190, 255, 120,
       248, 247, 88, 223, 247, 109, 208, 117, 183, 79, 187, 190, 153, 11,
       252, 21, 220, 81, 16, 243, 247, 191, 186, 159, 172, 222, 254, 57,
       243, 247, 82, 70, 95, 206, 198, 197, 49, 178, 243, 202, 178, 94,
       235, 213, 57, 103, 15, 173, 230, 55, 79, 219, 179, 45, 82, 8, 50,
       41, 210, 39, 116, 187, 82, 124, 197, 84, 112, 72, 56, 47, 203, 28,
       253, 174, 153, 172, 24, 5, 240, 30, 156, 73, 16, 242, 49, 189, 88,
       86, 32, 250, 103, 37, 160, 18, 81, 6, 3, 75, 194, 4, 131, 52, 32,
       202, 128, 87, 226, 85, 3, 68, 67, 39, 193, 71, 78, 136, 164, 13,
       18, 12, 48, 8, 66, 36, 84, 186, 0, 56, 1, 84, 0, 64, 16, 10, 64,
