%YAML:1.0
descriptors: !!opencv-matrix
   rows: 95
   cols: 64
   dt: u
   data: [ 60, 253, 239, 222, 54, 255, 253, 119, 253, 252, 92, 221, 223,
       254, 191, 238, 251, 253, 243, 171, 245, 127, 211, 247, 249, 127,
       183, 182, 109, 215, 246, 235, 207, 40, 103, 180, 255, 120, 249,
       125, 120, 93, 255, 175, 213, 53, 247, 111, 185, 172, 152, 15, 240,
       29, 156, 93, 22, 243, 127, 189, 123, 95, 42, 250, 124, 173, 255,
       252, 34, 223, 253, 103, 253, 252, 86, 221, 95, 252, 190, 206, 251,
       185, 227, 43, 245, 127, 210, 247, 221, 127, 182, 246, 105, 214,
       118, 235, 199, 40, 71, 180, 255, 120, 249, 124, 120, 93, 189, 175,
       213, 52, 247, 111, 185, 172, 153, 13, 240, 29, 156, 93, 62, 242,
       119, 189, 91, 87, 40, 250, 61, 252, 255, 220, 62, 253, 253, 123,
       253, 253, 222, 253, 255, 124, 252, 236, 251, 253, 227, 59, 245,
       126, 218, 255, 249, 127, 247, 246, 125, 215, 127, 239, 223, 232,
       215, 52, 255, 251, 249, 127, 125, 221, 239, 47, 245, 183, 247,
       107, 191, 255, 137, 79, 254, 29, 159, 93, 62, 246, 255, 255, 251,
       223, 173, 222, 124, 47, 239, 248, 222, 191, 163, 123, 244, 126,
       222, 55, 221, 125, 185, 100, 242, 253, 203, 102, 245, 119, 154,
       247, 94, 232, 44, 133, 120, 220, 121, 235, 255, 38, 87, 186, 86,
       122, 253, 124, 252, 85, 26, 14, 85, 167, 227, 79, 159, 44, 153,
       13, 242, 29, 157, 89, 48, 246, 59, 189, 90, 215, 42, 248, 248,
       249, 255, 247, 114, 127, 251, 247, 93, 253, 127, 223, 223, 254,
       218, 254, 251, 221, 125, 111, 127, 173, 231, 179, 239, 255, 179,
       191, 83, 3, 118, 187, 247, 39, 117, 251, 87, 127, 249, 244, 208,
       92, 185, 62, 219, 30, 255, 111, 157, 172, 26, 133, 248, 31, 156,
       73, 80, 246, 51, 255, 92, 87, 33, 250, 125, 189, 255, 214, 127,
       63, 251, 127, 246, 220, 214, 247, 127, 255, 178, 124, 242, 213,
       99, 103, 245, 47, 193, 119, 207, 234, 230, 31, 90, 92, 240, 235,
       215, 38, 85, 190, 82, 120, 249, 116, 112, 92, 56, 47, 213, 52,
       245, 111, 153, 172, 24, 5, 240, 29, 156, 73, 16, 242, 51, 189, 88,
       87, 32, 250, 126, 177, 253, 214, 119, 151, 95, 123, 214, 94, 213,
       240, 127, 254, 180, 94, 250, 213, 99, 103, 215, 47, 193, 119, 220,
       250, 246, 13, 82, 156, 244, 105, 215, 36, 85, 190, 82, 120, 233,
       124, 112, 92, 56, 47, 213, 20, 245, 111, 153, 172, 24, 5, 240, 29,
       156, 73, 16, 242, 51, 189, 88, 87, 32, 250, 61, 190, 237, 236, 62,
       253, 245, 121, 253, 252, 222, 253, 253, 62, 253, 197, 251, 252,
       227, 107, 245, 118, 218, 247, 125, 255, 149, 183, 124, 223, 117,
       239, 223, 96, 87, 186, 247, 120, 249, 124, 124, 93, 126, 47, 213,
       53, 247, 107, 185, 172, 153, 13, 242, 29, 156, 93, 52, 242, 119,
       189, 219, 223, 44, 254, 35, 150, 84, 2, 93, 162, 135, 88, 118, 92,
       132, 113, 172, 91, 132, 85, 226, 245, 1, 48, 193, 39, 129, 119,
       68, 184, 96, 15, 90, 8, 97, 105, 223, 36, 84, 186, 82, 120, 41,
       116, 112, 92, 26, 143, 209, 16, 245, 79, 153, 172, 24, 4, 240, 28,
       156, 73, 16, 242, 51, 189, 88, 87, 32, 250, 59, 150, 84, 34, 221,
       176, 167, 24, 52, 57, 192, 99, 172, 27, 0, 21, 230, 255, 129, 208,
       225, 34, 139, 124, 68, 56, 104, 167, 126, 68, 225, 231, 223, 100,
       212, 180, 119, 56, 41, 117, 93, 84, 26, 143, 208, 65, 210, 79,
       184, 188, 24, 5, 240, 28, 220, 73, 18, 178, 183, 156, 90, 87, 36,
       88, 174, 232, 109, 173, 54, 125, 185, 253, 253, 221, 254, 255,
       121, 62, 255, 230, 171, 220, 99, 97, 113, 146, 230, 116, 77, 189,
       181, 163, 91, 94, 55, 235, 213, 44, 85, 186, 83, 120, 233, 116,
       120, 93, 56, 47, 212, 23, 246, 109, 153, 172, 24, 5, 240, 29, 156,
       73, 16, 242, 51, 188, 88, 87, 32, 250, 7, 5, 80, 38, 153, 128, 11,
       72, 134, 0, 1, 50, 160, 75, 128, 21, 98, 69, 1, 96, 193, 34, 128,
       98, 76, 152, 160, 9, 18, 8, 33, 41, 82, 36, 20, 186, 0, 56, 1, 84,
       192, 64, 24, 139, 192, 16, 192, 79, 153, 164, 24, 0, 96, 24, 156,
       73, 16, 114, 51, 188, 88, 86, 32, 249, 252, 185, 255, 254, 118,
       127, 251, 127, 245, 252, 223, 247, 127, 254, 190, 110, 251, 221,
       123, 111, 247, 63, 195, 247, 255, 255, 182, 191, 122, 223, 118,
       235, 223, 47, 117, 190, 215, 120, 249, 125, 120, 93, 187, 47, 221,
       53, 247, 111, 157, 172, 153, 5, 240, 29, 156, 73, 16, 246, 115,
       191, 91, 87, 32, 250, 179, 213, 88, 182, 223, 128, 95, 8, 230, 69,
       165, 122, 173, 75, 164, 85, 226, 247, 4, 112, 195, 38, 129, 102,
       100, 158, 241, 47, 210, 40, 113, 41, 214, 36, 20, 154, 66, 120,
       225, 244, 112, 202, 56, 11, 209, 20, 245, 79, 153, 164, 16, 5,
       112, 28, 156, 73, 16, 242, 51, 189, 88, 87, 32, 249, 188, 121,
       125, 220, 54, 109, 89, 255, 215, 196, 255, 181, 125, 190, 255,
       246, 251, 212, 71, 111, 63, 186, 165, 54, 157, 175, 245, 25, 243,
       222, 126, 185, 240, 44, 53, 254, 194, 114, 193, 252, 154, 223,
       189, 62, 208, 182, 192, 108, 137, 165, 215, 5, 122, 31, 149, 77,
       144, 242, 57, 252, 93, 6, 34, 249, 187, 252, 125, 142, 55, 93,
       153, 175, 255, 196, 61, 254, 63, 62, 254, 252, 255, 214, 36, 241,
       65, 146, 229, 52, 253, 133, 249, 25, 243, 218, 214, 41, 212, 44,
       85, 254, 90, 114, 137, 252, 210, 221, 61, 63, 212, 22, 244, 108,
       153, 172, 31, 5, 240, 31, 148, 73, 16, 242, 49, 60, 88, 87, 34,
       251, 84, 33, 211, 148, 16, 67, 49, 110, 198, 132, 213, 53, 117,
       166, 147, 82, 235, 212, 3, 103, 1, 161, 230, 51, 12, 137, 160, 9,
       82, 136, 48, 105, 213, 36, 53, 186, 82, 120, 65, 84, 80, 72, 56,
       46, 196, 20, 193, 110, 153, 172, 88, 5, 240, 28, 156, 73, 16, 242,
       51, 189, 88, 86, 32, 250, 255, 116, 117, 166, 223, 39, 35, 120,
       214, 69, 244, 115, 45, 74, 160, 117, 242, 215, 5, 100, 105, 130,
       161, 52, 14, 153, 233, 9, 210, 10, 112, 57, 112, 37, 20, 254, 66,
       112, 5, 212, 211, 192, 24, 15, 192, 20, 200, 76, 137, 36, 80, 4,
       104, 30, 140, 73, 16, 176, 33, 188, 92, 22, 32, 185, 47, 54, 229,
       162, 31, 45, 37, 94, 244, 92, 198, 53, 61, 63, 185, 85, 251, 244,
       67, 112, 241, 66, 217, 119, 84, 168, 64, 1, 122, 88, 121, 233,
       157, 44, 87, 186, 114, 114, 9, 124, 124, 85, 26, 175, 84, 81, 116,
       205, 185, 44, 152, 12, 242, 29, 140, 73, 56, 242, 39, 188, 90, 87,
       36, 218, 54, 49, 89, 22, 55, 3, 24, 46, 198, 0, 149, 176, 125, 2,
       148, 82, 118, 146, 66, 209, 1, 50, 193, 199, 140, 128, 228, 89, 2,
       188, 212, 104, 142, 44, 4, 190, 202, 56, 129, 93, 16, 219, 53, 9,
       144, 52, 161, 110, 147, 174, 137, 7, 112, 25, 88, 81, 16, 115, 51,
       249, 56, 83, 96, 203, 45, 190, 214, 102, 253, 186, 161, 90, 248,
       92, 198, 117, 172, 127, 201, 69, 226, 255, 169, 48, 245, 71, 153,
       127, 98, 252, 65, 151, 126, 67, 97, 207, 159, 224, 221, 176, 117,
       154, 233, 53, 125, 92, 26, 167, 197, 193, 247, 107, 184, 191, 24,
       13, 244, 5, 158, 73, 54, 242, 183, 173, 218, 95, 36, 94, 63, 182,
       253, 237, 190, 253, 255, 121, 255, 255, 221, 249, 253, 127, 189,
       93, 255, 255, 99, 123, 245, 119, 218, 255, 253, 255, 229, 255,
       126, 255, 245, 239, 215, 236, 215, 190, 255, 120, 249, 127, 124,
       93, 123, 47, 213, 53, 247, 111, 185, 172, 24, 15, 240, 29, 156,
       93, 60, 242, 115, 189, 250, 223, 40, 254, 60, 48, 211, 166, 17,
       162, 185, 111, 212, 250, 82, 117, 161, 6, 147, 82, 114, 223, 129,
       3, 225, 5, 194, 95, 136, 136, 224, 135, 90, 104, 49, 234, 71, 32,
       117, 180, 53, 120, 169, 116, 120, 76, 55, 42, 231, 21, 147, 111,
       185, 172, 24, 5, 240, 28, 156, 65, 6, 178, 55, 185, 90, 23, 32,
       250, 68, 35, 209, 181, 184, 128, 43, 76, 0, 231, 131, 54, 193,
       231, 147, 66, 226, 197, 1, 99, 143, 173, 194, 123, 76, 138, 162,
       47, 82, 8, 49, 47, 87, 36, 84, 186, 82, 120, 225, 86, 80, 64, 56,
       46, 193, 4, 201, 63, 153, 172, 24, 5, 240, 28, 156, 73, 16, 242,
       51, 189, 88, 86, 32, 250, 60, 43, 255, 189, 50, 247, 185, 247,
