%YAML:1.0
descriptors: !!opencv-matrix
   rows: 62
   cols: 64
   dt: u
   data: [ 255, 255, 255, 255, 255, 255, 255, 251, 255, 255, 253, 251,
       255, 255, 254, 253, 255, 255, 255, 255, 255, 127, 123, 255, 247,
       127, 255, 255, 255, 255, 255, 247, 223, 255, 207, 255, 255, 253,
       255, 127, 127, 255, 251, 255, 253, 251, 255, 255, 255, 255, 143,
       255, 255, 253, 218, 255, 127, 255, 247, 191, 251, 251, 253, 222,
       126, 253, 255, 255, 255, 255, 255, 255, 255, 253, 255, 189, 255,
       254, 255, 254, 255, 223, 251, 255, 255, 127, 255, 191, 255, 255,
       255, 255, 127, 255, 255, 255, 207, 255, 103, 255, 255, 255, 255,
       127, 122, 125, 247, 127, 255, 191, 255, 255, 255, 239, 255, 255,
       255, 253, 189, 255, 127, 255, 255, 255, 251, 255, 191, 254, 63,
       190, 253, 255, 63, 253, 221, 57, 255, 255, 255, 249, 255, 126,
       252, 221, 255, 247, 99, 251, 245, 119, 211, 255, 253, 255, 245,
       255, 126, 255, 247, 239, 223, 236, 215, 190, 255, 121, 249, 125,
       120, 93, 255, 47, 213, 53, 247, 111, 187, 190, 153, 15, 242, 29,
       156, 93, 54, 243, 247, 191, 251, 223, 44, 254, 251, 253, 255, 223,
       255, 247, 223, 250, 255, 245, 189, 250, 255, 250, 246, 255, 255,
       247, 126, 127, 63, 255, 247, 127, 255, 255, 255, 127, 255, 251,
       246, 191, 203, 239, 190, 223, 218, 125, 255, 255, 83, 223, 239,
       127, 187, 60, 253, 191, 205, 191, 214, 223, 248, 255, 148, 247,
       248, 254, 240, 127, 255, 253, 191, 191, 244, 121, 243, 215, 246,
       71, 223, 255, 206, 133, 157, 255, 247, 206, 211, 254, 251, 215,
       126, 47, 31, 143, 231, 143, 191, 247, 255, 47, 147, 159, 214, 62,
       98, 47, 45, 223, 214, 53, 255, 223, 81, 72, 165, 254, 175, 60,
       153, 182, 197, 164, 87, 243, 185, 250, 148, 227, 192, 124, 112,
       123, 125, 37, 177, 190, 62, 254, 237, 174, 63, 253, 189, 123, 253,
       254, 221, 249, 253, 62, 253, 79, 187, 244, 99, 123, 245, 118, 211,
       119, 125, 255, 181, 191, 126, 223, 117, 235, 207, 44, 215, 186,
       218, 120, 233, 125, 120, 93, 127, 47, 213, 53, 245, 111, 153, 172,
       24, 13, 242, 29, 156, 89, 16, 242, 51, 189, 123, 223, 40, 250, 77,
       6, 255, 177, 216, 182, 171, 220, 188, 254, 194, 5, 193, 45, 187,
       7, 202, 221, 131, 98, 236, 37, 206, 121, 77, 200, 168, 230, 88, 5,
       49, 239, 119, 0, 85, 171, 80, 250, 237, 116, 240, 84, 26, 46, 87,
       132, 193, 123, 153, 172, 24, 5, 240, 29, 156, 73, 16, 242, 51,
       189, 88, 87, 32, 242, 5, 6, 177, 160, 8, 164, 34, 85, 32, 110,
       194, 4, 64, 5, 153, 3, 192, 76, 131, 96, 224, 33, 90, 147, 76,
       136, 132, 196, 64, 4, 33, 195, 85, 0, 85, 168, 16, 170, 1, 64,
       172, 4, 24, 134, 68, 0, 67, 75, 24, 44, 24, 0, 240, 29, 156, 73,
       0, 226, 19, 180, 72, 70, 32, 242, 126, 49, 253, 146, 22, 135, 27,
       109, 198, 102, 213, 52, 125, 46, 179, 86, 250, 214, 67, 100, 209,
       51, 195, 39, 156, 128, 228, 13, 82, 152, 117, 105, 199, 44, 21,
       190, 82, 120, 129, 84, 48, 72, 21, 14, 212, 20, 225, 78, 155, 172,
       24, 5, 240, 29, 156, 73, 16, 242, 51, 185, 88, 22, 32, 250, 39,
       52, 65, 162, 93, 162, 7, 8, 166, 104, 2, 51, 169, 11, 160, 85, 98,
       247, 1, 96, 193, 7, 208, 117, 68, 152, 168, 13, 82, 8, 33, 105,
       87, 36, 84, 186, 82, 120, 33, 84, 96, 64, 24, 11, 197, 16, 228,
       79, 153, 172, 24, 4, 240, 28, 156, 73, 16, 242, 51, 189, 88, 87,
       32, 250, 39, 54, 65, 162, 221, 162, 7, 88, 228, 124, 130, 115,
       173, 75, 160, 85, 226, 245, 1, 112, 193, 39, 153, 117, 70, 152,
       40, 15, 218, 8, 33, 111, 87, 36, 84, 186, 114, 120, 33, 116, 68,
       68, 26, 143, 193, 0, 212, 79, 152, 172, 24, 4, 240, 28, 156, 73,
       16, 242, 51, 156, 88, 87, 32, 248, 195, 13, 130, 19, 193, 2, 6,
       134, 0, 33, 0, 2, 130, 193, 2, 11, 76, 1, 57, 199, 14, 141, 106,
       3, 66, 82, 154, 36, 128, 0, 2, 0, 147, 39, 80, 169, 1, 12, 71, 64,
       64, 48, 56, 75, 73, 28, 101, 134, 89, 8, 24, 20, 81, 90, 144, 138,
       17, 104, 33, 53, 8, 117, 16, 106, 84, 49, 211, 244, 112, 6, 123,
       110, 130, 102, 65, 48, 67, 194, 144, 82, 226, 197, 4, 103, 142,
       173, 224, 19, 142, 138, 162, 77, 82, 40, 48, 105, 114, 55, 52,
       187, 0, 124, 211, 215, 16, 106, 153, 74, 235, 28, 193, 14, 153,
       164, 112, 85, 96, 24, 148, 73, 144, 250, 49, 155, 88, 86, 35, 185,
       123, 150, 84, 255, 255, 239, 251, 140, 61, 127, 74, 95, 189, 111,
       251, 245, 255, 247, 153, 98, 236, 43, 159, 126, 74, 223, 251, 63,
       222, 83, 127, 255, 215, 167, 93, 49, 119, 243, 253, 126, 121, 92,
       90, 110, 213, 151, 255, 115, 157, 172, 24, 5, 244, 63, 156, 233,
       16, 246, 183, 189, 222, 71, 48, 244, 3, 18, 17, 132, 201, 128, 3,
       72, 2, 32, 1, 0, 128, 65, 128, 17, 102, 199, 0, 64, 202, 32, 138,
       104, 4, 144, 232, 79, 146, 41, 1, 79, 19, 165, 16, 26, 0, 224, 33,
       70, 1, 64, 8, 3, 96, 8, 200, 3, 0, 36, 16, 36, 36, 16, 132, 107,
       16, 50, 178, 156, 88, 71, 48, 116, 143, 154, 195, 229, 253, 240,
       171, 220, 184, 255, 106, 253, 143, 79, 171, 249, 235, 221, 169,
       107, 236, 37, 238, 121, 111, 207, 58, 167, 95, 67, 51, 255, 119,
       160, 221, 49, 119, 253, 233, 119, 113, 92, 106, 62, 215, 5, 249,
       115, 152, 188, 28, 5, 244, 149, 156, 105, 144, 242, 183, 189, 220,
       87, 32, 246, 205, 54, 146, 53, 217, 162, 42, 92, 8, 171, 194, 111,
       226, 129, 130, 19, 106, 41, 187, 215, 233, 141, 107, 153, 134, 74,
       250, 231, 80, 5, 161, 198, 95, 177, 124, 59, 49, 189, 101, 71, 72,
       64, 106, 170, 235, 89, 139, 51, 60, 206, 56, 55, 229, 252, 92,
       227, 214, 191, 151, 181, 140, 119, 177, 102, 187, 254, 124, 239,
       255, 253, 255, 56, 255, 127, 252, 251, 239, 123, 124, 125, 247,
       255, 255, 187, 253, 118, 155, 124, 245, 255, 117, 247, 127, 119,
       247, 255, 223, 248, 223, 116, 255, 249, 248, 63, 127, 223, 107,
       189, 245, 241, 255, 115, 190, 223, 152, 47, 252, 165, 222, 125,
       62, 215, 246, 175, 243, 223, 172, 222, 191, 252, 255, 247, 63,
       165, 249, 123, 247, 253, 244, 251, 239, 75, 176, 93, 242, 245,
       103, 107, 245, 46, 250, 127, 61, 191, 103, 47, 94, 91, 113, 255,
       199, 238, 62, 190, 246, 253, 121, 255, 89, 204, 250, 239, 202, 17,
       125, 255, 169, 181, 24, 5, 248, 28, 156, 69, 16, 242, 243, 159,
       219, 31, 32, 190, 60, 190, 253, 252, 62, 253, 245, 127, 253, 252,
       214, 253, 253, 124, 189, 204, 251, 252, 227, 123, 245, 127, 218,
       255, 249, 127, 213, 246, 124, 215, 117, 239, 207, 250, 199, 52,
       255, 248, 249, 125, 124, 61, 247, 39, 245, 181, 247, 107, 187,
       238, 137, 79, 246, 29, 152, 93, 54, 242, 255, 255, 251, 255, 237,
       222, 222, 49, 147, 247, 216, 162, 234, 197, 72, 169, 210, 117,
       226, 66, 131, 112, 114, 139, 129, 214, 239, 41, 103, 27, 142, 138,
       226, 143, 194, 36, 161, 182, 55, 167, 124, 187, 61, 246, 197, 212,
       201, 100, 147, 74, 235, 15, 139, 95, 200, 102, 72, 231, 240, 54,
       57, 105, 199, 187, 151, 243, 28, 38, 177, 37, 26, 185, 158, 215,
       38, 131, 216, 55, 91, 153, 87, 213, 254, 86, 17, 90, 52, 131, 248,
       155, 199, 61, 67, 215, 169, 74, 226, 222, 108, 245, 212, 230, 191,
       123, 32, 52, 255, 75, 250, 113, 217, 61, 231, 110, 169, 37, 155,
       111, 191, 218, 137, 207, 244, 5, 120, 223, 103, 83, 214, 243, 51,
       57, 197, 206, 59, 255, 125, 255, 63, 253, 221, 57, 255, 255, 221,
       250, 253, 127, 124, 93, 255, 247, 98, 251, 246, 118, 211, 127,
       245, 247, 247, 127, 127, 251, 247, 235, 223, 236, 223, 190, 254,
       121, 251, 125, 124, 221, 251, 237, 213, 241, 245, 111, 187, 190,
       152, 15, 240, 29, 222, 93, 56, 246, 247, 191, 251, 223, 236, 254,
       237, 41, 247, 245, 240, 103, 119, 254, 252, 253, 198, 123, 243,
       251, 178, 79, 235, 213, 59, 103, 111, 175, 230, 55, 78, 219, 190,
       47, 210, 12, 50, 171, 215, 39, 116, 251, 82, 124, 245, 116, 120,
       124, 56, 63, 201, 28, 253, 239, 157, 172, 24, 21, 241, 62, 156,
       73, 80, 254, 51, 191, 88, 87, 33, 250, 252, 59, 231, 245, 246,
