%YAML:1.0
descriptors: !!opencv-matrix
   rows: 100
   cols: 64
   dt: u
   data: [ 63, 190, 127, 233, 255, 253, 191, 248, 254, 255, 254, 251,
       237, 127, 249, 245, 243, 245, 99, 114, 253, 103, 223, 124, 237,
       255, 241, 63, 126, 95, 115, 255, 247, 100, 223, 190, 82, 121, 233,
       119, 124, 92, 122, 47, 213, 23, 245, 127, 153, 172, 24, 5, 240,
       29, 156, 73, 16, 242, 51, 189, 218, 87, 32, 254, 61, 253, 253,
       222, 55, 189, 253, 123, 255, 254, 253, 249, 253, 127, 253, 95,
       255, 246, 99, 251, 245, 118, 211, 247, 253, 127, 247, 255, 127,
       223, 245, 235, 207, 108, 87, 190, 222, 120, 249, 125, 120, 95,
       123, 175, 213, 53, 247, 111, 185, 174, 152, 13, 240, 29, 156, 93,
       48, 242, 119, 189, 123, 215, 40, 250, 30, 33, 220, 246, 35, 131,
       92, 46, 119, 136, 213, 177, 63, 226, 180, 82, 254, 146, 96, 243,
       199, 62, 193, 119, 204, 155, 226, 93, 66, 236, 180, 232, 223, 60,
       7, 190, 91, 120, 249, 116, 112, 93, 61, 47, 245, 21, 247, 111,
       153, 174, 24, 7, 240, 29, 156, 73, 24, 243, 51, 189, 120, 87, 32,
       250, 124, 48, 121, 183, 255, 165, 255, 124, 212, 255, 213, 55,
       245, 78, 179, 86, 250, 221, 3, 98, 237, 33, 195, 126, 76, 218,
       176, 175, 82, 13, 117, 239, 215, 36, 85, 186, 83, 120, 233, 118,
       120, 92, 80, 46, 213, 21, 231, 111, 153, 172, 24, 5, 240, 29, 156,
       73, 16, 242, 51, 189, 88, 87, 32, 250, 63, 253, 253, 252, 63, 253,
       253, 120, 253, 253, 255, 251, 255, 122, 252, 255, 243, 253, 103,
       251, 245, 118, 211, 247, 253, 255, 241, 255, 127, 223, 255, 235,
       223, 108, 215, 190, 223, 120, 249, 125, 254, 93, 127, 47, 213, 55,
       247, 111, 153, 172, 152, 13, 242, 29, 157, 93, 56, 242, 115, 189,
       91, 223, 44, 250, 63, 182, 125, 172, 62, 191, 63, 121, 246, 124,
       214, 241, 253, 123, 188, 85, 242, 253, 67, 240, 245, 38, 209, 247,
       221, 184, 228, 223, 122, 156, 241, 235, 223, 44, 87, 190, 90, 120,
       233, 124, 120, 92, 56, 175, 213, 53, 247, 111, 153, 172, 24, 5,
       240, 29, 156, 73, 16, 242, 51, 189, 88, 87, 32, 250, 126, 177,
       253, 254, 62, 191, 127, 121, 247, 254, 245, 186, 253, 122, 180,
       94, 242, 215, 67, 99, 255, 119, 195, 247, 221, 170, 230, 223, 82,
       221, 245, 235, 215, 44, 20, 190, 218, 120, 225, 125, 122, 223,
       125, 47, 208, 52, 229, 111, 153, 172, 24, 5, 240, 29, 156, 73, 16,
       242, 51, 189, 88, 86, 34, 251, 188, 190, 255, 237, 190, 253, 249,
       253, 253, 255, 254, 255, 255, 127, 251, 253, 251, 221, 107, 107,
       253, 39, 222, 125, 111, 255, 181, 191, 95, 95, 127, 255, 247, 36,
       87, 190, 87, 123, 233, 116, 248, 92, 122, 62, 213, 151, 211, 111,
       153, 172, 24, 5, 240, 29, 157, 73, 16, 242, 51, 189, 218, 87, 32,
       254, 254, 48, 127, 247, 254, 181, 255, 249, 222, 255, 223, 255,
       255, 110, 178, 118, 242, 215, 127, 115, 253, 119, 211, 126, 189,
       254, 247, 255, 90, 255, 247, 255, 199, 44, 150, 255, 222, 121,
       249, 255, 88, 93, 247, 46, 213, 53, 245, 127, 159, 172, 152, 15,
       250, 29, 156, 81, 16, 242, 115, 191, 251, 159, 40, 254, 190, 244,
       125, 255, 63, 61, 93, 249, 255, 255, 253, 251, 255, 63, 246, 255,
       247, 246, 119, 123, 253, 242, 243, 116, 253, 175, 229, 251, 255,
       221, 255, 251, 243, 108, 150, 254, 222, 121, 177, 253, 90, 223,
       127, 63, 208, 55, 213, 109, 159, 173, 30, 13, 248, 29, 159, 93,
       24, 246, 123, 156, 123, 222, 42, 249, 61, 254, 127, 233, 191, 253,
       177, 248, 253, 220, 254, 253, 125, 59, 249, 229, 242, 244, 207,
       106, 245, 114, 140, 116, 109, 168, 37, 155, 127, 95, 121, 251,
       245, 100, 85, 186, 86, 114, 185, 244, 223, 95, 26, 30, 208, 167,
       208, 77, 153, 173, 28, 5, 240, 29, 159, 77, 16, 246, 51, 156, 90,
       95, 38, 249, 62, 253, 125, 158, 54, 93, 93, 57, 255, 198, 61, 250,
       61, 58, 252, 255, 255, 246, 96, 115, 85, 114, 209, 102, 221, 247,
       245, 121, 115, 218, 214, 41, 198, 44, 87, 190, 218, 120, 233, 124,
       114, 95, 60, 47, 212, 22, 245, 110, 153, 172, 24, 13, 242, 29,
       157, 89, 16, 242, 51, 189, 89, 95, 42, 251, 125, 62, 237, 177,
       255, 191, 59, 125, 252, 255, 210, 63, 253, 173, 187, 71, 250, 253,
       251, 240, 253, 231, 219, 253, 93, 120, 252, 183, 88, 85, 115, 239,
       223, 40, 85, 191, 127, 248, 233, 124, 120, 92, 122, 47, 213, 53,
       231, 107, 185, 236, 24, 5, 240, 29, 156, 73, 22, 246, 183, 189,
       218, 87, 32, 254, 60, 190, 255, 253, 62, 253, 251, 253, 253, 255,
       222, 189, 253, 126, 251, 230, 251, 221, 107, 107, 253, 119, 214,
       255, 125, 255, 182, 191, 126, 223, 127, 255, 215, 36, 87, 186,
       214, 123, 249, 124, 248, 93, 123, 46, 213, 183, 245, 111, 153,
       172, 24, 13, 242, 29, 157, 77, 16, 242, 123, 189, 91, 95, 40, 250,
       178, 177, 89, 150, 55, 132, 217, 9, 70, 65, 21, 240, 63, 114, 148,
       84, 246, 214, 4, 103, 2, 40, 225, 102, 236, 130, 224, 9, 18, 40,
       212, 41, 150, 36, 20, 158, 66, 120, 195, 212, 82, 218, 57, 75,
       144, 20, 209, 14, 145, 172, 16, 5, 112, 24, 148, 73, 16, 114, 48,
       189, 88, 87, 34, 251, 58, 49, 93, 214, 54, 163, 95, 58, 214, 0,
       85, 240, 255, 82, 20, 82, 118, 215, 102, 215, 199, 63, 193, 215,
       168, 154, 231, 223, 66, 248, 245, 232, 222, 60, 4, 190, 207, 88,
       242, 245, 88, 219, 181, 111, 241, 53, 181, 111, 155, 174, 137, 71,
       240, 29, 28, 89, 16, 243, 115, 251, 121, 55, 160, 250, 54, 113,
       81, 174, 19, 74, 5, 75, 198, 64, 29, 52, 53, 46, 180, 118, 251,
       214, 4, 100, 3, 128, 128, 38, 76, 156, 225, 9, 18, 170, 82, 41,
       144, 36, 85, 154, 2, 112, 1, 84, 32, 216, 28, 105, 196, 28, 228,
       44, 193, 164, 16, 4, 96, 16, 180, 73, 16, 242, 49, 184, 88, 70,
       48, 250, 59, 245, 125, 254, 127, 191, 223, 25, 247, 95, 245, 251,
       191, 122, 244, 93, 246, 247, 118, 243, 247, 127, 145, 119, 252,
       254, 231, 127, 127, 251, 245, 233, 199, 108, 150, 190, 254, 121,
       249, 125, 122, 223, 255, 237, 213, 21, 245, 111, 159, 190, 152,
       15, 248, 29, 158, 89, 56, 242, 115, 191, 250, 223, 46, 251, 76,
       35, 227, 176, 16, 35, 41, 255, 192, 170, 210, 52, 81, 132, 155,
       194, 194, 92, 3, 98, 129, 160, 196, 27, 13, 136, 162, 129, 82, 12,
       49, 202, 113, 36, 117, 186, 16, 126, 1, 84, 152, 68, 16, 14, 66,
       7, 65, 78, 25, 44, 24, 5, 96, 29, 149, 72, 128, 226, 35, 184, 76,
       6, 34, 241, 13, 46, 231, 169, 24, 253, 161, 124, 188, 254, 194,
       53, 201, 61, 187, 197, 139, 124, 195, 106, 244, 97, 222, 249, 77,
       184, 20, 167, 124, 76, 49, 203, 215, 0, 87, 186, 84, 250, 233, 52,
       124, 84, 58, 38, 85, 129, 117, 107, 153, 172, 24, 5, 240, 29, 156,
       72, 16, 226, 51, 189, 74, 87, 32, 250, 179, 213, 125, 206, 255,
       157, 223, 24, 254, 71, 61, 250, 173, 123, 116, 93, 246, 247, 36,
       49, 214, 102, 147, 100, 236, 247, 241, 59, 183, 59, 213, 41, 214,
       108, 158, 158, 194, 121, 251, 245, 114, 218, 40, 47, 208, 16, 244,
       15, 145, 173, 16, 5, 232, 25, 158, 73, 24, 242, 50, 189, 88, 87,
       32, 249, 76, 35, 235, 176, 18, 51, 41, 239, 128, 170, 211, 52, 81,
       128, 155, 66, 194, 92, 3, 98, 131, 177, 196, 27, 13, 136, 166,
       137, 82, 12, 48, 202, 119, 36, 85, 186, 82, 126, 129, 84, 152, 64,
       16, 14, 66, 135, 1, 110, 155, 44, 24, 5, 98, 29, 149, 72, 128,
       226, 59, 248, 76, 6, 34, 243, 37, 164, 237, 138, 23, 149, 145,
       125, 246, 254, 150, 244, 249, 59, 185, 71, 202, 244, 99, 35, 209,
       102, 211, 119, 93, 176, 180, 35, 82, 28, 17, 107, 215, 36, 87,
       186, 82, 120, 233, 116, 112, 92, 56, 47, 213, 20, 245, 111, 153,
       172, 24, 5, 240, 29, 156, 73, 16, 242, 51, 189, 88, 87, 32, 250,
       78, 35, 235, 176, 18, 54, 41, 79, 196, 170, 211, 52, 81, 134, 187,
       82, 138, 92, 3, 107, 135, 53, 198, 19, 13, 136, 166, 141, 66, 172,
       48, 200, 103, 4, 85, 186, 66, 126, 193, 84, 136, 64, 20, 72, 66,
       5, 1, 110, 155, 44, 24, 5, 98, 29, 180, 88, 128, 226, 51, 189, 73,
