%YAML:1.0
descriptors: !!opencv-matrix
   rows: 51
   cols: 64
   dt: u
   data: [ 63, 254, 253, 255, 63, 253, 255, 121, 255, 255, 255, 251, 253,
       127, 255, 253, 247, 255, 99, 251, 245, 119, 211, 127, 221, 239,
       245, 255, 127, 255, 255, 239, 207, 108, 87, 190, 223, 122, 249,
       125, 254, 95, 123, 175, 213, 119, 247, 111, 185, 174, 24, 13, 242,
       29, 157, 93, 48, 242, 115, 189, 250, 215, 42, 251, 63, 248, 239,
       254, 63, 251, 217, 62, 221, 253, 252, 253, 127, 126, 126, 254,
       249, 221, 99, 251, 229, 39, 227, 119, 109, 255, 241, 175, 91, 95,
       119, 235, 223, 44, 85, 186, 95, 120, 233, 116, 122, 93, 59, 47,
       213, 21, 247, 111, 153, 172, 25, 5, 240, 29, 156, 73, 16, 242, 51,
       189, 88, 87, 34, 250, 14, 136, 206, 249, 63, 249, 240, 127, 61,
       248, 222, 253, 159, 118, 255, 237, 235, 221, 97, 99, 197, 55, 202,
       115, 109, 207, 176, 39, 95, 79, 55, 238, 215, 36, 87, 186, 83,
       122, 233, 116, 114, 93, 126, 47, 213, 23, 247, 111, 153, 172, 24,
       5, 240, 29, 156, 73, 16, 242, 51, 189, 88, 95, 34, 250, 63, 255,
       253, 254, 63, 189, 221, 122, 255, 255, 245, 251, 239, 123, 252,
       93, 246, 247, 99, 123, 245, 111, 211, 119, 237, 255, 247, 255,
       126, 95, 245, 235, 215, 108, 87, 190, 218, 120, 249, 125, 124, 94,
       59, 47, 213, 49, 245, 111, 153, 172, 24, 5, 240, 29, 158, 77, 48,
       242, 51, 191, 218, 215, 32, 250, 205, 109, 247, 252, 48, 103, 124,
       247, 16, 252, 232, 145, 82, 192, 151, 234, 235, 220, 163, 107,
       207, 173, 228, 59, 79, 203, 182, 135, 81, 13, 50, 111, 243, 39,
       116, 186, 82, 124, 225, 244, 114, 126, 56, 46, 251, 20, 65, 238,
       153, 172, 122, 21, 240, 30, 156, 73, 144, 242, 51, 189, 88, 86,
       35, 251, 56, 172, 252, 124, 42, 253, 241, 119, 245, 252, 214, 133,
       93, 125, 57, 230, 189, 168, 195, 187, 245, 114, 91, 247, 249, 42,
       196, 214, 108, 213, 253, 230, 207, 120, 67, 36, 255, 138, 248,
       104, 252, 29, 247, 167, 244, 243, 183, 107, 187, 234, 137, 75,
       242, 29, 89, 93, 47, 243, 223, 241, 243, 251, 236, 206, 59, 181,
       125, 246, 55, 191, 95, 26, 246, 94, 149, 242, 189, 123, 164, 87,
       246, 215, 0, 115, 199, 110, 193, 119, 204, 154, 226, 95, 82, 56,
       245, 105, 215, 44, 84, 190, 218, 120, 249, 117, 112, 92, 57, 111,
       208, 20, 245, 111, 153, 174, 24, 5, 240, 29, 156, 73, 16, 242, 51,
       191, 120, 87, 32, 250, 29, 250, 125, 233, 60, 253, 245, 88, 188,
       221, 236, 251, 205, 57, 255, 121, 227, 252, 163, 107, 228, 100,
       194, 114, 109, 255, 49, 251, 125, 71, 115, 235, 215, 96, 213, 186,
       115, 121, 233, 117, 123, 92, 58, 63, 212, 149, 247, 111, 153, 189,
       24, 5, 240, 29, 158, 73, 16, 242, 51, 157, 88, 87, 36, 250, 47,
       183, 97, 168, 23, 188, 45, 89, 165, 74, 202, 52, 233, 15, 172, 85,
       203, 124, 3, 80, 241, 114, 208, 115, 85, 220, 115, 129, 82, 18,
       40, 137, 78, 36, 223, 186, 99, 120, 201, 116, 108, 196, 62, 169,
       87, 21, 247, 110, 152, 164, 24, 4, 226, 29, 222, 9, 24, 178, 55,
       189, 26, 215, 40, 114, 188, 189, 255, 253, 190, 125, 253, 245,
       127, 222, 207, 119, 253, 108, 251, 245, 255, 222, 227, 98, 245,
       120, 215, 254, 255, 255, 242, 251, 222, 119, 255, 239, 87, 100,
       95, 254, 215, 115, 249, 117, 249, 221, 127, 63, 244, 151, 247,
       127, 153, 188, 26, 7, 250, 31, 157, 73, 144, 242, 123, 191, 95,
       31, 41, 242, 44, 175, 109, 168, 54, 125, 177, 125, 253, 220, 222,
       181, 93, 60, 251, 231, 155, 252, 195, 104, 117, 114, 212, 246, 93,
       109, 132, 145, 124, 214, 126, 169, 236, 40, 199, 190, 223, 122,
       201, 125, 124, 93, 54, 174, 212, 231, 246, 108, 187, 172, 141, 13,
       242, 29, 156, 81, 54, 242, 127, 188, 123, 223, 108, 250, 45, 178,
       109, 168, 63, 249, 185, 120, 253, 254, 198, 253, 237, 63, 189, 65,
       235, 253, 227, 121, 245, 100, 91, 253, 69, 124, 177, 183, 124, 71,
       113, 235, 223, 32, 215, 186, 127, 120, 233, 124, 124, 92, 58, 47,
       213, 113, 247, 111, 185, 172, 24, 5, 240, 29, 156, 73, 54, 242,
       55, 189, 218, 215, 32, 250, 188, 186, 119, 163, 184, 245, 163,
       252, 252, 253, 226, 127, 229, 59, 219, 241, 251, 228, 207, 105,
       249, 129, 111, 252, 141, 57, 125, 163, 255, 207, 243, 255, 253,
       229, 127, 190, 116, 243, 173, 124, 253, 85, 114, 182, 65, 163, 90,
       113, 184, 253, 237, 41, 242, 159, 140, 109, 38, 240, 135, 132,
       222, 95, 36, 126, 189, 253, 127, 108, 55, 125, 249, 250, 254, 221,
       212, 255, 111, 121, 244, 253, 254, 254, 255, 123, 117, 126, 180,
       118, 173, 191, 119, 219, 255, 87, 246, 251, 222, 110, 188, 254,
       247, 123, 217, 253, 219, 223, 187, 158, 208, 179, 242, 110, 169,
       189, 31, 13, 248, 151, 143, 77, 48, 242, 127, 143, 251, 159, 174,
       187, 186, 243, 121, 246, 55, 121, 124, 11, 214, 152, 253, 241,
       125, 82, 228, 243, 127, 150, 6, 219, 103, 58, 37, 22, 165, 159,
       227, 219, 95, 254, 247, 248, 130, 60, 62, 254, 255, 120, 216, 245,
       91, 207, 179, 125, 242, 69, 183, 110, 169, 183, 214, 71, 232, 20,
       254, 89, 150, 243, 119, 159, 123, 127, 164, 155, 23, 249, 217, 30,
       50, 202, 92, 74, 74, 129, 157, 248, 246, 214, 204, 218, 251, 131,
       52, 215, 7, 44, 225, 71, 237, 215, 241, 109, 3, 46, 198, 40, 134,
       52, 101, 158, 74, 121, 203, 93, 48, 217, 177, 105, 181, 28, 181,
       46, 147, 174, 3, 71, 184, 25, 112, 67, 16, 243, 56, 121, 56, 85,
       224, 218, 210, 217, 154, 223, 99, 74, 220, 135, 30, 195, 61, 206,
       55, 198, 118, 186, 125, 147, 60, 159, 6, 189, 231, 67, 179, 199,
       243, 110, 3, 171, 214, 50, 167, 183, 50, 87, 194, 77, 250, 242,
       82, 219, 229, 105, 187, 30, 181, 46, 213, 138, 146, 199, 188, 1,
       240, 251, 81, 115, 112, 127, 17, 121, 147, 235, 243, 213, 152,
       158, 3, 130, 93, 2, 103, 71, 37, 202, 182, 234, 36, 30, 118, 179,
       52, 39, 10, 45, 243, 103, 244, 215, 243, 125, 3, 168, 212, 33,
       150, 36, 38, 158, 130, 77, 114, 218, 34, 202, 173, 105, 187, 28,
       245, 46, 209, 162, 48, 71, 40, 0, 52, 227, 25, 115, 112, 25, 57,
       117, 145, 235, 45, 46, 117, 33, 216, 248, 163, 249, 232, 56, 202,
       55, 225, 55, 201, 225, 194, 108, 195, 96, 249, 2, 30, 252, 70,
       172, 12, 129, 222, 14, 43, 222, 121, 4, 71, 186, 16, 178, 13, 20,
       141, 84, 26, 150, 68, 227, 170, 209, 168, 45, 92, 32, 211, 159,
       141, 9, 4, 232, 7, 172, 72, 70, 34, 48, 210, 217, 154, 222, 199,
       138, 90, 11, 7, 65, 53, 202, 182, 194, 38, 26, 116, 147, 60, 151,
       14, 173, 195, 67, 226, 210, 251, 109, 146, 171, 206, 36, 134, 183,
       49, 85, 42, 77, 238, 67, 35, 155, 165, 105, 169, 28, 189, 47, 197,
       194, 19, 199, 60, 98, 112, 235, 81, 63, 248, 59, 17, 45, 145, 203,
       13, 54, 117, 32, 17, 41, 33, 126, 112, 92, 198, 53, 108, 63, 136,
       65, 226, 108, 195, 96, 241, 96, 9, 243, 64, 40, 0, 145, 124, 68,
       105, 201, 92, 96, 116, 176, 53, 50, 1, 188, 221, 148, 26, 134, 64,
       163, 98, 78, 40, 53, 109, 12, 224, 28, 139, 13, 62, 162, 7, 140,
       202, 134, 38, 88, 190, 50, 245, 166, 255, 247, 151, 124, 246, 93,
       214, 119, 255, 62, 178, 85, 235, 213, 35, 97, 193, 5, 195, 116,
       76, 223, 185, 47, 210, 10, 51, 107, 215, 36, 85, 186, 82, 120,
       233, 116, 112, 92, 56, 47, 213, 20, 245, 109, 153, 172, 24, 5,
       240, 29, 156, 73, 16, 242, 51, 189, 88, 87, 32, 250, 250, 49, 248,
       150, 119, 151, 91, 9, 214, 3, 149, 114, 191, 74, 50, 86, 126, 151,
       66, 215, 91, 183, 211, 102, 148, 210, 244, 111, 82, 184, 245, 168,
       207, 44, 6, 190, 218, 56, 193, 125, 88, 73, 53, 9, 209, 116, 181,
       111, 187, 174, 152, 9, 240, 29, 220, 81, 16, 242, 115, 189, 56,
       215, 40, 250, 36, 37, 113, 152, 16, 5, 37, 71, 135, 230, 169, 176,
       81, 164, 181, 70, 227, 84, 3, 96, 147, 160, 208, 3, 92, 136, 164,
       9, 66, 140, 48, 105, 192, 4, 5, 186, 0, 120, 1, 92, 50, 74, 52,
       43, 86, 20, 69, 78, 25, 172, 24, 4, 112, 24, 148, 73, 16, 242, 51,
