%YAML:1.0
descriptors: !!opencv-matrix
   rows: 67
   cols: 64
   dt: u
   data: [ 255, 255, 255, 255, 55, 127, 221, 191, 255, 255, 253, 250,
       255, 255, 127, 255, 253, 255, 126, 255, 183, 255, 247, 255, 255,
       247, 247, 255, 127, 127, 254, 251, 223, 254, 255, 239, 255, 125,
       250, 123, 126, 253, 251, 253, 191, 187, 247, 239, 255, 251, 191,
       223, 252, 253, 254, 223, 127, 247, 255, 255, 255, 249, 221, 254,
       63, 190, 237, 239, 63, 253, 255, 120, 253, 255, 254, 251, 253,
       127, 255, 77, 251, 245, 99, 123, 245, 119, 219, 127, 125, 255,
       181, 183, 126, 95, 119, 239, 223, 108, 87, 186, 214, 120, 249,
       125, 120, 93, 122, 175, 213, 49, 245, 107, 185, 172, 24, 13, 240,
       29, 156, 73, 48, 242, 55, 189, 218, 215, 40, 254, 212, 59, 211,
       245, 248, 162, 250, 206, 24, 185, 67, 127, 194, 195, 131, 90, 34,
       207, 184, 47, 206, 173, 202, 91, 207, 202, 178, 247, 74, 105, 55,
       111, 87, 179, 124, 51, 53, 253, 254, 119, 65, 108, 235, 122, 235,
       12, 217, 251, 221, 230, 120, 247, 229, 246, 188, 235, 69, 223,
       243, 239, 220, 37, 145, 246, 62, 177, 253, 254, 63, 181, 253, 122,
       245, 254, 213, 241, 253, 126, 180, 94, 191, 222, 99, 243, 245, 62,
       195, 119, 221, 190, 231, 255, 90, 245, 245, 235, 223, 60, 87, 190,
       223, 120, 232, 125, 120, 93, 57, 47, 244, 53, 247, 111, 153, 174,
       24, 7, 240, 29, 156, 73, 16, 243, 51, 189, 120, 87, 32, 250, 63,
       246, 109, 239, 63, 189, 223, 57, 255, 255, 252, 251, 253, 123,
       125, 93, 245, 255, 99, 251, 245, 119, 211, 254, 253, 255, 245,
       255, 126, 95, 247, 239, 223, 108, 215, 190, 223, 120, 249, 117,
       122, 95, 123, 175, 213, 53, 247, 111, 185, 174, 24, 13, 240, 29,
       156, 89, 16, 242, 119, 189, 250, 223, 40, 250, 196, 42, 163, 129,
       248, 222, 170, 224, 8, 191, 67, 94, 194, 132, 219, 160, 137, 77,
       59, 110, 76, 133, 14, 216, 79, 220, 29, 167, 196, 14, 50, 30, 117,
       21, 93, 139, 80, 255, 237, 22, 176, 84, 24, 62, 239, 142, 248,
       177, 157, 173, 16, 53, 209, 255, 157, 106, 192, 204, 17, 172, 76,
       87, 48, 178, 8, 142, 172, 252, 42, 95, 184, 103, 53, 254, 70, 199,
       82, 52, 62, 14, 172, 217, 225, 107, 244, 37, 210, 251, 93, 74,
       180, 198, 72, 213, 55, 239, 199, 48, 69, 56, 119, 120, 232, 124,
       112, 92, 56, 47, 213, 20, 247, 111, 153, 172, 24, 5, 240, 29, 156,
       73, 22, 242, 51, 189, 90, 87, 32, 250, 61, 183, 253, 190, 55, 255,
       185, 127, 244, 252, 223, 245, 125, 63, 187, 118, 251, 220, 67, 99,
       245, 35, 195, 119, 205, 255, 244, 159, 90, 30, 119, 235, 215, 36,
       85, 190, 83, 120, 233, 116, 120, 92, 56, 47, 213, 21, 247, 111,
       153, 172, 24, 5, 240, 29, 156, 73, 16, 242, 51, 189, 88, 87, 32,
       250, 37, 166, 229, 139, 152, 221, 163, 93, 125, 252, 6, 53, 41,
       63, 187, 197, 203, 116, 193, 32, 241, 65, 95, 249, 81, 249, 24,
       39, 62, 89, 17, 71, 221, 96, 87, 178, 116, 242, 233, 60, 116, 84,
       106, 166, 85, 144, 117, 99, 185, 44, 24, 9, 244, 29, 156, 73, 54,
       226, 39, 189, 202, 71, 32, 250, 36, 33, 225, 144, 16, 7, 33, 127,
       196, 198, 195, 52, 81, 6, 145, 66, 234, 84, 3, 100, 193, 32, 192,
       51, 76, 136, 160, 13, 82, 12, 48, 105, 86, 36, 85, 186, 82, 120,
       1, 84, 48, 64, 24, 14, 196, 20, 193, 110, 153, 172, 24, 5, 240,
       29, 156, 73, 16, 242, 51, 189, 88, 86, 32, 250, 50, 21, 24, 158,
       7, 133, 24, 1, 22, 66, 21, 0, 60, 74, 33, 85, 252, 146, 1, 208,
       192, 34, 209, 83, 208, 152, 224, 72, 82, 152, 241, 96, 199, 44,
       87, 190, 90, 120, 233, 116, 112, 92, 48, 15, 212, 84, 181, 111,
       153, 172, 24, 5, 240, 29, 156, 65, 16, 242, 51, 189, 88, 87, 32,
       250, 21, 55, 80, 2, 145, 0, 32, 76, 98, 0, 2, 53, 36, 67, 128, 81,
       98, 162, 129, 64, 65, 32, 37, 6, 128, 136, 96, 9, 146, 8, 193, 1,
       56, 38, 84, 190, 0, 18, 1, 212, 133, 64, 24, 130, 64, 64, 128, 78,
       128, 36, 80, 4, 32, 24, 0, 65, 128, 48, 3, 148, 8, 70, 36, 72, 50,
       213, 104, 162, 23, 136, 30, 9, 70, 67, 149, 250, 185, 10, 36, 87,
       242, 151, 5, 209, 131, 54, 209, 102, 68, 150, 225, 47, 82, 58, 33,
       40, 134, 172, 20, 154, 74, 120, 233, 86, 32, 218, 52, 105, 208,
       21, 181, 47, 153, 174, 16, 4, 96, 21, 252, 105, 16, 178, 51, 185,
       24, 87, 32, 251, 223, 50, 211, 179, 217, 98, 41, 206, 80, 186,
       224, 55, 34, 203, 131, 115, 98, 204, 137, 98, 233, 137, 239, 56,
       14, 136, 186, 131, 218, 41, 35, 223, 113, 135, 189, 115, 53, 244,
       37, 246, 202, 68, 74, 88, 106, 129, 75, 209, 88, 108, 126, 181,
       196, 182, 188, 105, 196, 168, 175, 158, 204, 6, 51, 181, 57, 189,
       255, 254, 63, 253, 253, 127, 255, 252, 223, 253, 255, 126, 252,
       222, 255, 255, 226, 123, 247, 127, 211, 255, 253, 255, 247, 255,
       126, 247, 255, 239, 207, 126, 199, 190, 255, 248, 250, 125, 124,
       253, 255, 111, 245, 53, 247, 111, 191, 174, 137, 79, 242, 29, 222,
       93, 63, 243, 255, 255, 251, 255, 237, 222, 213, 249, 211, 214,
       113, 2, 221, 234, 194, 193, 5, 243, 35, 202, 134, 90, 235, 213,
       60, 111, 7, 173, 224, 99, 79, 223, 179, 47, 82, 42, 50, 111, 215,
       39, 52, 187, 18, 124, 255, 244, 81, 106, 185, 111, 171, 28, 125,
       239, 201, 164, 120, 213, 240, 26, 188, 75, 80, 250, 49, 255, 88,
       85, 177, 250, 118, 34, 113, 177, 216, 134, 43, 77, 194, 162, 131,
       52, 241, 134, 145, 82, 250, 197, 3, 68, 139, 161, 195, 4, 140,
       216, 188, 13, 2, 140, 49, 42, 67, 36, 69, 159, 0, 120, 5, 86, 32,
       64, 16, 10, 69, 28, 129, 31, 153, 44, 16, 1, 112, 28, 20, 73, 0,
       114, 17, 185, 88, 86, 32, 242, 195, 197, 8, 114, 205, 130, 222, 8,
       34, 35, 161, 106, 162, 73, 36, 29, 4, 35, 60, 214, 198, 47, 25,
       79, 38, 214, 67, 47, 146, 53, 129, 70, 143, 191, 138, 11, 35, 141,
       118, 131, 64, 234, 200, 201, 209, 89, 151, 19, 84, 222, 16, 68,
       109, 224, 200, 163, 17, 31, 244, 151, 160, 241, 153, 9, 68, 10,
       130, 145, 200, 130, 162, 228, 8, 171, 66, 7, 192, 128, 139, 34,
       66, 73, 153, 66, 138, 141, 78, 137, 10, 8, 10, 134, 128, 5, 33,
       86, 117, 135, 125, 59, 17, 231, 37, 6, 129, 96, 64, 10, 75, 142,
       11, 145, 92, 76, 120, 181, 21, 250, 20, 234, 192, 108, 129, 160,
       204, 4, 17, 100, 139, 148, 132, 32, 221, 160, 174, 28, 48, 59,
       224, 107, 170, 73, 38, 1, 100, 109, 133, 209, 224, 39, 107, 120,
       32, 42, 104, 166, 216, 69, 161, 231, 95, 160, 156, 48, 119, 168,
       33, 165, 91, 78, 26, 15, 208, 81, 211, 83, 56, 254, 24, 4, 228,
       188, 220, 73, 22, 178, 183, 158, 144, 87, 164, 73, 16, 48, 146,
       151, 24, 64, 136, 198, 66, 160, 3, 21, 6, 130, 131, 50, 126, 194,
       128, 2, 139, 136, 239, 11, 142, 136, 226, 75, 18, 41, 209, 110,
       53, 167, 60, 158, 0, 230, 3, 214, 129, 64, 132, 66, 42, 12, 9,
       158, 193, 100, 118, 181, 52, 18, 52, 107, 128, 56, 40, 64, 92, 36,
       49, 229, 252, 253, 255, 222, 118, 31, 93, 115, 247, 212, 125, 250,
       255, 250, 180, 94, 178, 247, 126, 111, 55, 127, 209, 247, 251,
       127, 247, 125, 122, 254, 214, 169, 214, 63, 38, 191, 194, 124,
       250, 125, 122, 255, 189, 103, 189, 60, 245, 111, 223, 174, 169,
       223, 248, 125, 154, 223, 121, 255, 115, 255, 123, 253, 189, 251,
       84, 57, 147, 212, 112, 2, 122, 111, 194, 168, 67, 21, 83, 194,
       145, 90, 118, 199, 48, 70, 206, 173, 192, 131, 142, 202, 230, 77,
       66, 168, 52, 108, 115, 55, 52, 191, 16, 124, 211, 84, 208, 104,
       145, 78, 233, 28, 129, 79, 153, 164, 24, 215, 112, 28, 28, 75, 65,
       250, 115, 187, 88, 36, 161, 241, 61, 58, 247, 225, 216, 245, 163,
       252, 252, 253, 202, 127, 237, 63, 219, 244, 235, 213, 171, 106,
       237, 5, 142, 121, 79, 252, 56, 47, 222, 15, 123, 255, 117, 231,
       93, 187, 84, 247, 237, 118, 245, 84, 72, 30, 77, 134, 88, 177,
       137, 45, 92, 37, 240, 159, 141, 73, 144, 252, 35, 172, 220, 71,
       32, 180, 119, 50, 241, 163, 217, 192, 131, 76, 198, 46, 130, 53,
       229, 14, 147, 81, 235, 213, 3, 96, 201, 3, 206, 124, 78, 200, 188,
