%YAML:1.0
descriptors: !!opencv-matrix
   rows: 72
   cols: 64
   dt: u
   data: [ 63, 182, 125, 246, 63, 253, 185, 120, 246, 254, 214, 245, 253,
       126, 185, 85, 254, 254, 67, 115, 245, 118, 211, 119, 205, 190,
       244, 251, 122, 95, 245, 235, 223, 44, 87, 190, 87, 120, 233, 117,
       124, 93, 122, 47, 213, 53, 247, 111, 153, 172, 24, 5, 242, 29,
       156, 73, 16, 242, 51, 189, 90, 87, 32, 250, 63, 189, 253, 254, 63,
       253, 249, 127, 255, 252, 220, 253, 255, 126, 190, 126, 255, 254,
       99, 251, 245, 127, 211, 119, 253, 255, 244, 255, 122, 223, 247,
       235, 223, 44, 87, 190, 223, 120, 249, 125, 120, 93, 123, 47, 213,
       53, 247, 111, 185, 172, 152, 13, 240, 29, 156, 73, 48, 242, 115,
       189, 122, 215, 40, 250, 63, 182, 117, 174, 63, 189, 187, 125, 246,
       126, 208, 245, 237, 123, 188, 85, 254, 255, 67, 242, 245, 35, 211,
       247, 221, 186, 228, 239, 82, 28, 241, 235, 223, 44, 87, 190, 91,
       120, 233, 124, 120, 92, 56, 175, 213, 113, 247, 111, 153, 172, 24,
       5, 240, 29, 156, 73, 16, 242, 51, 189, 88, 87, 32, 250, 63, 255,
       253, 254, 63, 253, 253, 125, 253, 254, 221, 253, 253, 127, 252,
       255, 251, 252, 99, 251, 245, 119, 211, 255, 253, 255, 247, 191,
       127, 255, 247, 235, 207, 108, 87, 190, 223, 120, 249, 125, 120,
       93, 123, 175, 245, 53, 247, 111, 185, 174, 152, 15, 240, 29, 156,
       93, 52, 243, 119, 189, 251, 215, 40, 250, 63, 180, 253, 182, 62,
       181, 189, 122, 246, 254, 212, 243, 253, 127, 178, 85, 255, 255,
       99, 243, 245, 119, 211, 247, 220, 254, 244, 251, 122, 221, 245,
       235, 223, 44, 87, 190, 91, 120, 233, 124, 124, 92, 56, 47, 213,
       53, 247, 111, 153, 172, 24, 5, 240, 29, 156, 73, 24, 242, 51, 189,
       88, 87, 32, 250, 178, 149, 217, 222, 63, 87, 213, 15, 246, 244,
       61, 222, 63, 126, 54, 124, 255, 215, 32, 35, 198, 55, 211, 102,
       217, 199, 245, 107, 83, 187, 215, 107, 151, 44, 87, 190, 82, 88,
       235, 124, 114, 93, 56, 47, 213, 20, 245, 111, 153, 172, 24, 5,
       240, 29, 156, 73, 16, 242, 51, 189, 88, 87, 32, 250, 12, 139, 134,
       112, 8, 107, 160, 247, 25, 184, 78, 197, 82, 244, 43, 170, 137,
       73, 161, 99, 196, 45, 78, 211, 75, 75, 20, 198, 72, 70, 51, 70,
       223, 18, 81, 32, 21, 234, 232, 32, 248, 52, 56, 38, 125, 55, 119,
       235, 153, 232, 40, 85, 209, 93, 24, 8, 23, 202, 19, 165, 64, 115,
       65, 234, 125, 62, 247, 125, 126, 119, 249, 254, 254, 188, 254,
       181, 111, 223, 219, 255, 242, 246, 91, 122, 253, 175, 239, 191,
       143, 170, 230, 223, 251, 93, 247, 255, 251, 45, 245, 254, 222,
       183, 241, 247, 222, 94, 219, 158, 200, 163, 201, 111, 168, 191,
       223, 203, 240, 190, 157, 69, 228, 182, 255, 223, 250, 134, 166,
       245, 197, 46, 195, 33, 217, 224, 167, 216, 40, 33, 170, 106, 194,
       193, 194, 33, 3, 109, 173, 100, 11, 141, 42, 120, 70, 223, 27,
       167, 148, 14, 34, 23, 80, 135, 124, 155, 0, 180, 45, 134, 37, 96,
       24, 211, 73, 73, 124, 145, 72, 53, 112, 52, 65, 246, 132, 42, 144,
       12, 1, 6, 76, 71, 53, 48, 127, 252, 121, 62, 127, 106, 127, 78,
       219, 58, 253, 185, 109, 7, 204, 251, 255, 175, 51, 208, 229, 161,
       81, 158, 197, 221, 249, 255, 75, 63, 231, 238, 137, 172, 199, 191,
       239, 48, 233, 127, 106, 222, 115, 233, 245, 113, 182, 111, 185,
       230, 10, 67, 232, 29, 126, 65, 20, 179, 159, 189, 186, 215, 240,
       86, 125, 254, 121, 56, 88, 250, 167, 123, 217, 58, 234, 53, 101,
       71, 205, 241, 235, 205, 187, 66, 245, 33, 29, 159, 199, 221, 107,
       167, 75, 79, 107, 254, 201, 135, 221, 191, 53, 178, 237, 118, 120,
       84, 122, 167, 85, 243, 54, 227, 168, 237, 56, 20, 249, 61, 76, 73,
       212, 190, 143, 173, 154, 71, 113, 54, 28, 162, 117, 140, 32, 253,
       172, 117, 33, 222, 203, 132, 85, 53, 185, 96, 157, 200, 194, 98,
       244, 112, 82, 211, 221, 44, 132, 208, 40, 198, 253, 203, 223, 80,
       67, 44, 148, 234, 216, 105, 44, 29, 125, 166, 116, 181, 247, 111,
       186, 170, 169, 75, 178, 29, 24, 93, 47, 195, 91, 225, 115, 203,
       107, 98, 126, 48, 115, 167, 95, 35, 171, 238, 214, 172, 242, 117,
       125, 74, 219, 240, 242, 213, 91, 82, 225, 11, 173, 94, 174, 136,
       108, 143, 214, 221, 245, 254, 117, 173, 108, 159, 94, 114, 173,
       214, 155, 85, 213, 14, 72, 47, 128, 77, 175, 44, 219, 129, 114,
       62, 149, 65, 192, 242, 171, 248, 220, 14, 48, 245, 147, 222, 84,
       103, 253, 184, 183, 24, 58, 29, 214, 75, 174, 121, 68, 21, 236,
       255, 47, 241, 228, 102, 171, 117, 227, 126, 113, 126, 124, 23,
       227, 103, 223, 104, 80, 52, 119, 57, 249, 245, 93, 92, 58, 175,
       209, 113, 254, 103, 184, 253, 24, 5, 240, 157, 154, 73, 58, 246,
       183, 189, 208, 87, 36, 218, 223, 249, 218, 124, 247, 107, 126, 66,
       123, 3, 237, 250, 246, 194, 236, 219, 255, 187, 62, 215, 47, 189,
       33, 19, 231, 95, 243, 253, 211, 111, 246, 161, 146, 151, 156, 223,
       35, 117, 247, 245, 42, 235, 253, 105, 255, 95, 247, 190, 205, 247,
       50, 247, 107, 247, 115, 235, 219, 191, 253, 167, 61, 121, 209,
       131, 254, 240, 113, 38, 255, 175, 95, 105, 214, 53, 247, 115, 255,
       122, 212, 84, 242, 151, 126, 116, 241, 47, 161, 119, 190, 250,
       253, 255, 246, 249, 245, 236, 135, 173, 36, 255, 238, 49, 161,
       255, 217, 223, 213, 139, 201, 125, 188, 79, 175, 166, 217, 139,
       120, 22, 159, 65, 96, 246, 115, 249, 250, 15, 48, 221, 44, 172,
       239, 168, 54, 127, 53, 127, 245, 254, 220, 181, 89, 188, 191, 239,
       139, 124, 227, 105, 241, 83, 214, 183, 93, 125, 156, 144, 121,
       215, 63, 203, 205, 40, 199, 186, 223, 120, 233, 60, 120, 93, 118,
       47, 87, 245, 119, 104, 59, 172, 158, 13, 242, 29, 156, 20, 62,
       226, 63, 189, 219, 215, 104, 250, 47, 36, 104, 170, 23, 248, 37,
       13, 101, 66, 218, 52, 41, 14, 169, 247, 203, 60, 1, 208, 161, 82,
       217, 117, 85, 157, 72, 137, 82, 26, 41, 193, 13, 164, 215, 186,
       99, 122, 9, 84, 40, 84, 60, 169, 86, 21, 118, 228, 152, 44, 24,
       12, 226, 21, 236, 24, 24, 160, 167, 188, 8, 215, 40, 82, 13, 206,
       111, 161, 153, 253, 165, 217, 61, 254, 202, 71, 209, 61, 249, 229,
       129, 124, 199, 104, 244, 80, 156, 120, 69, 188, 1, 130, 124, 71,
       59, 223, 253, 66, 223, 40, 80, 250, 105, 34, 220, 53, 90, 54, 84,
       135, 118, 225, 24, 61, 60, 36, 210, 29, 143, 12, 16, 192, 163,
       172, 194, 223, 44, 250, 44, 103, 100, 168, 17, 111, 37, 223, 165,
       64, 174, 53, 33, 159, 235, 229, 203, 60, 195, 68, 113, 130, 148,
       48, 86, 189, 25, 1, 241, 10, 42, 145, 232, 4, 87, 186, 17, 114, 5,
       20, 60, 21, 24, 150, 68, 199, 102, 196, 8, 45, 212, 28, 211, 31,
       132, 8, 48, 224, 33, 188, 74, 70, 44, 88, 52, 175, 245, 141, 178,
       205, 145, 125, 239, 69, 159, 252, 221, 127, 191, 236, 235, 212,
       66, 102, 87, 45, 194, 231, 95, 170, 164, 57, 50, 142, 26, 41, 214,
       36, 85, 154, 66, 122, 203, 124, 177, 93, 24, 46, 212, 54, 253, 46,
       153, 172, 24, 5, 240, 29, 156, 73, 16, 242, 50, 189, 88, 71, 34,
       250, 151, 245, 120, 156, 55, 73, 92, 78, 39, 67, 189, 184, 94,
       170, 166, 95, 249, 146, 38, 213, 11, 144, 224, 34, 197, 215, 241,
       121, 19, 44, 212, 33, 208, 52, 52, 222, 194, 121, 131, 213, 50,
       219, 61, 41, 182, 28, 244, 44, 145, 166, 18, 7, 40, 25, 182, 75,
       24, 51, 48, 61, 57, 84, 32, 235, 12, 34, 101, 168, 25, 165, 163,
       125, 164, 124, 194, 53, 81, 62, 185, 69, 226, 212, 3, 96, 193, 2,
       192, 112, 76, 136, 172, 13, 82, 12, 49, 203, 213, 36, 85, 186, 82,
       114, 137, 116, 112, 84, 24, 14, 84, 20, 224, 77, 153, 44, 24, 5,
       240, 29, 156, 73, 16, 242, 51, 188, 88, 87, 32, 248, 150, 113,
       153, 158, 23, 64, 92, 79, 135, 131, 157, 184, 51, 134, 182, 90,
       123, 86, 4, 85, 11, 146, 226, 0, 141, 135, 242, 73, 19, 168, 150,
       40, 128, 52, 52, 222, 130, 109, 131, 215, 2, 202, 53, 105, 178,
       28, 164, 60, 211, 166, 114, 7, 40, 16, 52, 99, 144, 51, 56, 120,
       61, 20, 34, 163, 69, 35, 69, 40, 17, 10, 33, 78, 160, 0, 131, 54,
