%YAML:1.0
descriptors: !!opencv-matrix
   rows: 90
   cols: 64
   dt: u
   data: [ 63, 254, 125, 255, 191, 253, 255, 121, 255, 253, 255, 251,
       253, 122, 252, 221, 255, 255, 107, 251, 245, 119, 219, 255, 245,
       255, 245, 255, 127, 255, 255, 239, 223, 236, 215, 190, 255, 121,
       249, 127, 124, 95, 127, 47, 213, 247, 247, 111, 189, 190, 153, 15,
       242, 29, 223, 93, 60, 246, 247, 191, 251, 223, 44, 222, 127, 191,
       255, 246, 119, 191, 255, 122, 246, 220, 255, 243, 255, 251, 188,
       93, 246, 247, 123, 119, 247, 111, 209, 119, 207, 234, 231, 255,
       122, 28, 244, 233, 215, 45, 87, 191, 90, 120, 249, 125, 120, 92,
       56, 47, 213, 53, 247, 111, 153, 172, 24, 5, 240, 29, 156, 73, 16,
       246, 51, 189, 88, 87, 32, 250, 204, 43, 199, 116, 65, 67, 160,
       239, 96, 184, 234, 167, 114, 244, 171, 234, 171, 25, 171, 103,
       197, 141, 103, 179, 71, 75, 152, 166, 65, 134, 50, 70, 223, 39,
       101, 186, 81, 120, 237, 116, 120, 124, 56, 39, 221, 117, 247, 235,
       153, 172, 88, 21, 209, 31, 156, 72, 16, 250, 51, 189, 88, 87, 33,
       250, 62, 177, 253, 254, 55, 191, 125, 123, 215, 254, 213, 241,
       253, 126, 180, 94, 191, 223, 98, 243, 245, 55, 195, 247, 221, 255,
       245, 255, 82, 253, 245, 235, 223, 60, 85, 190, 219, 120, 232, 117,
       120, 93, 53, 47, 245, 53, 247, 111, 153, 174, 24, 7, 240, 29, 156,
       73, 16, 243, 51, 189, 120, 87, 32, 250, 63, 49, 125, 246, 63, 181,
       255, 120, 246, 252, 255, 55, 253, 126, 179, 119, 247, 247, 67,
       115, 245, 55, 195, 118, 204, 254, 245, 251, 122, 94, 247, 235,
       215, 44, 87, 190, 90, 120, 233, 124, 120, 93, 56, 47, 213, 53,
       245, 111, 153, 172, 24, 5, 240, 29, 156, 73, 16, 242, 51, 189, 88,
       87, 32, 250, 229, 237, 227, 53, 212, 102, 239, 211, 168, 239, 168,
       203, 194, 205, 150, 47, 235, 101, 63, 103, 75, 143, 54, 48, 70,
       223, 191, 39, 211, 14, 34, 19, 242, 39, 54, 251, 82, 53, 109, 244,
       114, 106, 56, 191, 223, 88, 125, 180, 9, 172, 80, 1, 209, 62, 132,
       74, 144, 248, 33, 157, 92, 86, 48, 186, 47, 244, 125, 190, 63,
       189, 189, 89, 247, 254, 133, 235, 253, 123, 189, 87, 254, 255, 99,
       243, 245, 102, 83, 247, 213, 255, 245, 255, 90, 127, 245, 227,
       223, 60, 87, 190, 219, 120, 233, 125, 120, 92, 58, 175, 245, 117,
       247, 111, 185, 174, 24, 7, 240, 29, 156, 73, 16, 243, 55, 189,
       122, 87, 40, 250, 189, 115, 119, 253, 254, 37, 251, 248, 244, 61,
       212, 63, 237, 123, 209, 117, 242, 221, 223, 106, 255, 238, 129,
       254, 238, 170, 230, 155, 254, 93, 253, 255, 123, 111, 60, 255,
       223, 55, 209, 245, 223, 206, 219, 158, 200, 163, 203, 95, 168,
       181, 95, 195, 232, 190, 159, 77, 220, 246, 123, 159, 254, 6, 39,
       181, 189, 53, 117, 116, 62, 101, 125, 124, 215, 60, 213, 55, 125,
       111, 146, 86, 251, 206, 211, 115, 247, 170, 225, 158, 252, 191,
       246, 219, 106, 253, 255, 237, 79, 111, 45, 254, 223, 57, 241, 125,
       121, 205, 247, 239, 239, 49, 175, 111, 169, 182, 203, 203, 232,
       30, 28, 69, 236, 182, 95, 219, 191, 47, 161, 246, 166, 170, 75,
       163, 223, 240, 131, 137, 220, 251, 2, 119, 163, 26, 241, 101, 74,
       213, 61, 34, 193, 5, 142, 120, 46, 216, 57, 39, 214, 11, 51, 127,
       87, 164, 93, 155, 114, 251, 109, 54, 209, 84, 74, 30, 193, 4, 248,
       241, 153, 61, 24, 5, 244, 149, 140, 105, 16, 112, 50, 189, 76, 23,
       32, 190, 39, 166, 195, 163, 219, 196, 135, 141, 236, 111, 42, 123,
       177, 14, 187, 117, 227, 213, 33, 96, 193, 7, 143, 124, 78, 205,
       57, 47, 146, 8, 51, 79, 117, 164, 93, 186, 114, 112, 173, 118, 96,
       84, 56, 41, 85, 20, 212, 85, 153, 172, 24, 5, 240, 29, 156, 73,
       16, 242, 51, 188, 88, 87, 32, 248, 44, 35, 101, 144, 154, 125,
       161, 253, 212, 126, 250, 53, 89, 126, 251, 228, 195, 84, 67, 98,
       245, 176, 156, 182, 92, 168, 4, 129, 200, 222, 59, 219, 101, 38,
       87, 186, 86, 114, 73, 156, 248, 117, 20, 14, 68, 166, 225, 66,
       153, 44, 156, 12, 210, 29, 141, 89, 128, 224, 43, 188, 74, 6, 40,
       240, 125, 54, 119, 97, 221, 183, 175, 248, 244, 190, 210, 51, 237,
       143, 147, 87, 250, 253, 203, 104, 249, 199, 223, 124, 140, 248,
       126, 159, 254, 93, 97, 254, 89, 239, 174, 191, 117, 188, 53, 127,
       109, 68, 218, 158, 79, 225, 10, 209, 170, 61, 92, 128, 226, 190,
       142, 85, 236, 188, 231, 223, 254, 135, 44, 54, 167, 242, 81, 163,
       221, 160, 163, 216, 252, 125, 0, 127, 173, 91, 210, 81, 234, 213,
       5, 96, 201, 132, 138, 124, 78, 220, 57, 43, 214, 11, 51, 127, 215,
       36, 85, 186, 82, 112, 45, 118, 81, 92, 24, 31, 209, 20, 252, 85,
       137, 173, 24, 5, 240, 30, 140, 73, 16, 240, 51, 157, 88, 87, 32,
       248, 255, 249, 211, 126, 242, 74, 94, 2, 99, 2, 41, 248, 126, 230,
       164, 121, 255, 131, 60, 214, 71, 61, 33, 7, 198, 215, 243, 253,
       131, 46, 198, 32, 146, 39, 85, 159, 43, 84, 255, 117, 98, 219,
       189, 105, 253, 29, 247, 78, 213, 166, 0, 215, 226, 97, 82, 203,
       89, 191, 83, 179, 56, 113, 241, 72, 247, 243, 113, 118, 253, 34,
       127, 218, 226, 11, 233, 250, 103, 195, 132, 89, 123, 167, 63, 87,
       103, 175, 33, 94, 134, 223, 243, 255, 211, 44, 224, 248, 154, 143,
       158, 191, 168, 52, 119, 245, 78, 74, 187, 233, 241, 121, 149, 78,
       232, 190, 16, 67, 96, 48, 92, 67, 204, 190, 213, 155, 60, 247,
       247, 25, 7, 182, 221, 54, 61, 184, 191, 88, 250, 186, 130, 225,
       236, 119, 137, 19, 238, 239, 3, 243, 229, 37, 83, 255, 197, 222,
       224, 255, 90, 13, 225, 99, 223, 44, 85, 190, 91, 56, 233, 116,
       120, 92, 56, 175, 213, 81, 247, 111, 153, 172, 24, 1, 240, 29,
       156, 73, 16, 242, 51, 189, 88, 87, 32, 250, 31, 182, 93, 47, 63,
       185, 190, 121, 122, 187, 212, 249, 252, 118, 172, 80, 238, 223, 1,
       243, 197, 33, 195, 123, 205, 222, 225, 239, 82, 79, 181, 110, 215,
       36, 85, 186, 91, 120, 233, 116, 112, 92, 56, 47, 213, 21, 247,
       111, 153, 172, 24, 5, 240, 29, 156, 73, 16, 242, 51, 189, 88, 87,
       32, 250, 188, 186, 119, 231, 255, 249, 163, 252, 252, 189, 214,
       117, 109, 31, 219, 229, 251, 212, 223, 120, 245, 10, 175, 188, 47,
       184, 124, 131, 255, 91, 123, 255, 253, 239, 253, 246, 119, 243,
       237, 245, 221, 213, 90, 22, 72, 167, 104, 225, 172, 53, 223, 168,
       254, 191, 143, 77, 228, 180, 175, 238, 219, 15, 38, 220, 28, 50,
       80, 119, 248, 160, 186, 192, 10, 57, 67, 119, 148, 86, 201, 80,
       118, 139, 133, 66, 237, 40, 10, 88, 138, 154, 246, 255, 198, 35,
       245, 246, 119, 149, 69, 182, 49, 178, 233, 87, 201, 84, 89, 6,
       225, 197, 139, 31, 137, 231, 24, 39, 246, 30, 157, 105, 0, 251,
       147, 165, 120, 7, 33, 252, 205, 238, 38, 33, 204, 242, 174, 240,
       40, 187, 234, 75, 194, 5, 75, 169, 9, 105, 239, 211, 253, 199, 62,
       216, 67, 125, 31, 230, 204, 6, 35, 214, 109, 155, 207, 41, 25,
       172, 237, 34, 108, 36, 114, 191, 87, 107, 62, 177, 56, 217, 56,
       115, 199, 253, 72, 144, 198, 141, 135, 165, 166, 243, 72, 38, 85,
       16, 18, 16, 25, 32, 40, 218, 18, 42, 162, 51, 32, 194, 129, 115,
       102, 214, 133, 66, 73, 160, 140, 10, 134, 136, 226, 73, 210, 12,
       161, 123, 120, 36, 84, 186, 16, 116, 1, 212, 208, 68, 26, 10, 66,
       21, 192, 93, 136, 44, 24, 5, 224, 30, 140, 65, 144, 176, 51, 184,
       28, 6, 32, 177, 45, 55, 117, 0, 17, 173, 33, 120, 229, 132, 206,
       55, 245, 63, 249, 103, 242, 252, 199, 109, 49, 6, 16, 244, 197,
       44, 100, 137, 112, 14, 120, 185, 248, 36, 103, 190, 0, 58, 9, 220,
       157, 85, 24, 38, 68, 227, 102, 108, 137, 37, 48, 4, 242, 28, 143,
       73, 48, 242, 51, 188, 88, 70, 36, 248, 51, 213, 25, 142, 3, 15,
       21, 43, 199, 68, 61, 128, 61, 62, 116, 118, 119, 214, 4, 37, 2,
       34, 129, 102, 120, 148, 165, 8, 51, 138, 92, 41, 144, 36, 17, 154,
       66, 72, 130, 220, 50, 219, 61, 39, 148, 20, 228, 110, 129, 164,
       147, 12, 56, 9, 150, 75, 48, 114, 56, 56, 88, 84, 38, 251, 5, 162,
