%YAML:1.0
descriptors: !!opencv-matrix
   rows: 40
   cols: 64
   dt: u
   data: [ 239, 255, 255, 255, 255, 255, 255, 223, 255, 255, 173, 235,
       255, 255, 254, 255, 255, 255, 255, 255, 255, 255, 127, 255, 247,
       255, 255, 255, 255, 255, 255, 247, 255, 255, 255, 255, 251, 255,
       255, 255, 127, 255, 126, 127, 255, 255, 255, 255, 253, 255, 254,
       127, 255, 255, 255, 255, 191, 255, 247, 191, 255, 255, 255, 251,
       63, 247, 125, 254, 62, 253, 253, 120, 247, 254, 253, 249, 253,
       123, 188, 85, 255, 254, 99, 251, 245, 114, 209, 247, 253, 191,
       229, 251, 126, 255, 245, 235, 223, 124, 215, 190, 223, 120, 249,
       125, 124, 93, 123, 47, 244, 117, 247, 111, 187, 174, 153, 15, 240,
       29, 156, 93, 52, 243, 115, 191, 250, 223, 44, 250, 63, 254, 255,
       255, 191, 253, 255, 121, 255, 255, 253, 250, 255, 127, 252, 95,
       251, 247, 103, 115, 253, 103, 211, 127, 221, 255, 247, 191, 122,
       31, 247, 235, 223, 44, 87, 190, 219, 120, 249, 125, 120, 92, 57,
       47, 213, 53, 247, 111, 153, 172, 24, 5, 240, 29, 156, 73, 16, 242,
       51, 189, 88, 87, 32, 250, 217, 186, 222, 255, 255, 243, 251, 254,
       120, 185, 214, 253, 238, 223, 171, 201, 235, 221, 185, 107, 229,
       45, 239, 123, 47, 235, 242, 183, 95, 69, 51, 239, 255, 163, 125,
       113, 119, 255, 253, 117, 249, 124, 250, 126, 221, 133, 219, 251,
       189, 252, 30, 213, 245, 189, 156, 73, 87, 254, 183, 191, 218, 119,
       165, 254, 62, 176, 253, 182, 62, 181, 253, 127, 247, 254, 213,
       241, 253, 123, 180, 86, 254, 215, 99, 99, 245, 119, 195, 255, 221,
       186, 244, 255, 122, 221, 245, 235, 215, 44, 87, 190, 222, 120,
       233, 125, 120, 93, 121, 47, 213, 53, 245, 111, 153, 172, 24, 5,
       240, 29, 156, 73, 24, 242, 51, 189, 88, 87, 32, 250, 63, 182, 253,
       174, 62, 189, 191, 121, 252, 254, 254, 243, 237, 127, 189, 85,
       251, 253, 99, 99, 245, 103, 211, 255, 205, 255, 245, 191, 90, 93,
       117, 239, 215, 44, 87, 190, 95, 120, 233, 117, 120, 92, 58, 47,
       213, 53, 247, 111, 153, 172, 24, 5, 240, 29, 156, 73, 16, 242, 51,
       189, 90, 87, 32, 250, 60, 177, 253, 222, 55, 247, 249, 126, 119,
       254, 213, 245, 125, 126, 181, 102, 250, 223, 97, 99, 245, 61, 193,
       243, 201, 58, 226, 222, 80, 222, 245, 235, 223, 36, 85, 186, 83,
       120, 233, 125, 112, 93, 61, 47, 213, 21, 247, 111, 153, 172, 24,
       5, 240, 29, 156, 73, 16, 242, 51, 189, 88, 87, 32, 250, 236, 234,
       127, 237, 250, 255, 243, 252, 253, 253, 238, 189, 209, 190, 251,
       238, 235, 221, 219, 110, 253, 153, 238, 184, 109, 233, 46, 167,
       221, 207, 63, 191, 249, 103, 125, 251, 87, 247, 205, 180, 219,
       245, 90, 30, 75, 175, 106, 176, 141, 45, 126, 181, 219, 191, 135,
       76, 208, 236, 43, 236, 93, 14, 35, 181, 92, 41, 247, 244, 114, 39,
       121, 118, 196, 196, 213, 147, 83, 224, 147, 74, 226, 221, 115,
       103, 6, 173, 194, 115, 15, 202, 182, 141, 82, 140, 52, 233, 215,
       39, 52, 187, 82, 124, 209, 116, 80, 104, 189, 110, 235, 28, 193,
       110, 153, 172, 24, 5, 240, 28, 156, 73, 16, 242, 51, 187, 88, 86,
       33, 250, 3, 198, 76, 207, 175, 249, 158, 16, 61, 255, 63, 202,
       140, 125, 109, 5, 141, 255, 32, 187, 228, 118, 219, 120, 97, 119,
       145, 54, 124, 115, 55, 71, 223, 248, 219, 32, 219, 89, 248, 35,
       116, 92, 106, 45, 213, 208, 247, 107, 153, 222, 24, 5, 244, 13,
       216, 73, 18, 211, 179, 189, 208, 211, 44, 250, 68, 33, 195, 144,
       16, 2, 37, 78, 128, 226, 1, 52, 17, 134, 147, 66, 203, 84, 1, 102,
       10, 165, 196, 35, 12, 136, 128, 9, 18, 8, 48, 73, 82, 38, 21, 186,
       0, 120, 1, 84, 48, 64, 24, 42, 68, 20, 65, 238, 25, 44, 24, 4,
       112, 24, 148, 73, 16, 226, 35, 189, 72, 86, 32, 242, 63, 182, 125,
       143, 63, 189, 159, 121, 255, 220, 215, 253, 253, 63, 249, 85, 254,
       247, 66, 123, 245, 115, 211, 244, 253, 252, 237, 127, 126, 219,
       245, 235, 223, 108, 215, 190, 222, 120, 233, 125, 124, 93, 123,
       175, 213, 240, 245, 111, 187, 188, 153, 13, 242, 29, 156, 93, 48,
       242, 51, 189, 250, 223, 44, 250, 205, 206, 174, 233, 233, 253,
       166, 209, 61, 255, 104, 202, 138, 57, 127, 143, 137, 121, 249,
       107, 188, 87, 218, 121, 77, 125, 25, 38, 125, 7, 51, 147, 215, 80,
       211, 41, 81, 249, 236, 34, 118, 62, 58, 61, 215, 157, 119, 177,
       25, 201, 56, 37, 209, 253, 158, 28, 18, 206, 51, 181, 64, 211, 8,
       250, 183, 182, 65, 34, 221, 144, 131, 72, 230, 71, 145, 114, 173,
       43, 132, 85, 226, 213, 5, 112, 193, 6, 131, 116, 78, 152, 249, 43,
       210, 10, 97, 41, 212, 36, 84, 186, 82, 56, 169, 244, 64, 92, 24,
       143, 208, 16, 244, 77, 153, 172, 24, 5, 240, 29, 156, 73, 16, 242,
       51, 188, 88, 87, 32, 248, 83, 20, 16, 23, 201, 130, 10, 4, 2, 33,
       1, 4, 128, 75, 0, 17, 100, 195, 0, 194, 203, 43, 203, 106, 72, 74,
       232, 110, 16, 9, 161, 103, 87, 37, 84, 59, 82, 40, 225, 86, 80,
       72, 8, 142, 193, 24, 201, 15, 153, 236, 24, 1, 244, 28, 156, 73,
       16, 242, 51, 189, 88, 87, 32, 234, 68, 33, 227, 144, 16, 7, 41,
       111, 128, 198, 195, 52, 81, 162, 147, 66, 234, 84, 3, 103, 9, 133,
       196, 19, 12, 136, 164, 13, 66, 12, 48, 9, 82, 36, 85, 186, 18,
       120, 65, 84, 48, 64, 56, 14, 193, 20, 193, 110, 153, 172, 24, 5,
       240, 28, 156, 73, 16, 242, 51, 185, 88, 86, 32, 250, 124, 189,
       255, 252, 55, 191, 253, 123, 247, 252, 213, 243, 255, 248, 188,
       94, 254, 255, 115, 119, 247, 63, 209, 247, 221, 251, 247, 255, 90,
       220, 244, 235, 207, 44, 87, 190, 222, 120, 249, 125, 120, 95, 191,
       47, 213, 53, 247, 111, 153, 172, 24, 13, 240, 29, 156, 73, 16,
       242, 115, 191, 122, 87, 40, 251, 63, 191, 255, 246, 62, 191, 253,
       122, 255, 253, 254, 241, 255, 123, 180, 95, 251, 247, 99, 123,
       245, 111, 211, 247, 237, 255, 247, 191, 126, 95, 245, 235, 223,
       110, 87, 190, 223, 120, 249, 125, 120, 92, 187, 47, 213, 49, 247,
       111, 185, 172, 24, 5, 240, 29, 156, 77, 20, 242, 115, 191, 90, 87,
       32, 250, 157, 151, 212, 117, 189, 176, 249, 88, 52, 185, 196, 107,
       174, 91, 160, 21, 110, 255, 165, 115, 228, 46, 202, 123, 96, 186,
       243, 247, 124, 97, 97, 239, 223, 242, 92, 48, 119, 248, 248, 117,
       125, 92, 186, 111, 225, 1, 255, 111, 184, 190, 24, 5, 244, 156,
       156, 73, 23, 242, 183, 159, 218, 87, 165, 250, 62, 248, 255, 253,
       63, 253, 253, 124, 253, 255, 253, 253, 255, 127, 189, 124, 251,
       252, 99, 123, 245, 127, 195, 255, 253, 255, 247, 255, 127, 255,
       247, 239, 223, 124, 87, 190, 223, 121, 249, 125, 120, 93, 255, 47,
       245, 53, 247, 111, 185, 174, 24, 7, 240, 29, 156, 77, 24, 243,
       115, 189, 251, 95, 32, 254, 63, 182, 125, 175, 255, 253, 187, 120,
       252, 255, 214, 255, 237, 127, 249, 117, 251, 255, 195, 115, 245,
       99, 219, 124, 237, 254, 253, 255, 126, 95, 243, 239, 223, 44, 85,
       190, 119, 122, 233, 117, 120, 92, 122, 47, 213, 49, 247, 111, 185,
       172, 24, 5, 240, 29, 156, 73, 16, 242, 55, 189, 218, 87, 32, 250,
       101, 36, 97, 2, 217, 134, 39, 77, 192, 100, 131, 48, 224, 14, 128,
       68, 234, 85, 3, 100, 201, 3, 195, 117, 76, 152, 172, 13, 82, 12,
       49, 73, 85, 36, 84, 186, 18, 120, 1, 84, 80, 64, 24, 15, 197, 20,
       196, 77, 153, 172, 24, 5, 112, 28, 156, 73, 16, 242, 51, 188, 72,
       23, 32, 250, 195, 1, 131, 147, 65, 66, 2, 206, 2, 225, 3, 22, 130,
       194, 130, 2, 106, 85, 33, 71, 10, 133, 230, 35, 78, 202, 184, 13,
       146, 8, 18, 9, 87, 39, 85, 187, 18, 120, 69, 84, 64, 64, 24, 10,
       201, 28, 225, 238, 25, 172, 24, 5, 241, 24, 156, 75, 16, 114, 49,
       189, 72, 21, 32, 250, 214, 33, 81, 214, 209, 2, 75, 74, 130, 96,
       1, 54, 3, 195, 128, 82, 98, 85, 4, 102, 14, 172, 160, 34, 14, 146,
       162, 9, 146, 40, 16, 41, 82, 39, 52, 155, 0, 116, 83, 214, 0, 98,
       136, 74, 136, 28, 201, 14, 65, 36, 80, 4, 32, 26, 132, 75, 144,
       48, 49, 27, 92, 4, 51, 177, 5, 6, 229, 165, 153, 160, 169, 92,
