%YAML:1.0
descriptors: !!opencv-matrix
   rows: 111
   cols: 64
   dt: u
   data: [ 188, 253, 255, 255, 62, 253, 253, 255, 255, 255, 255, 251,
       255, 126, 255, 222, 255, 255, 123, 123, 247, 127, 211, 255, 253,
       255, 247, 255, 127, 223, 247, 239, 223, 108, 215, 190, 223, 121,
       249, 125, 120, 93, 255, 47, 245, 53, 247, 111, 191, 174, 153, 79,
       240, 29, 156, 93, 48, 242, 115, 191, 251, 223, 168, 254, 255, 253,
       255, 255, 247, 191, 95, 123, 255, 255, 253, 250, 255, 251, 244,
       95, 246, 247, 126, 127, 255, 127, 211, 119, 255, 255, 243, 127,
       126, 123, 246, 171, 215, 109, 214, 255, 218, 125, 251, 253, 118,
       223, 185, 111, 215, 28, 245, 63, 157, 174, 24, 5, 248, 61, 158,
       77, 88, 246, 115, 191, 121, 215, 184, 250, 252, 190, 255, 233,
       250, 255, 243, 253, 253, 253, 222, 255, 223, 127, 251, 236, 251,
       253, 251, 106, 253, 95, 222, 253, 127, 255, 60, 183, 253, 223,
       127, 255, 255, 235, 71, 255, 215, 251, 253, 126, 253, 93, 250,
       190, 93, 167, 123, 243, 189, 172, 157, 173, 243, 191, 156, 93,
       124, 252, 255, 189, 219, 79, 40, 254, 124, 56, 255, 171, 254, 247,
       179, 245, 124, 253, 94, 157, 157, 62, 187, 230, 251, 221, 121, 98,
       253, 21, 207, 121, 93, 233, 184, 175, 90, 217, 51, 239, 245, 36,
       85, 186, 87, 122, 237, 118, 112, 93, 120, 46, 213, 20, 247, 111,
       153, 172, 24, 5, 240, 29, 156, 73, 16, 242, 51, 189, 88, 87, 32,
       254, 127, 252, 125, 223, 255, 255, 223, 121, 239, 103, 255, 248,
       253, 126, 252, 253, 251, 245, 123, 102, 191, 119, 219, 125, 125,
       255, 173, 63, 83, 91, 125, 239, 199, 45, 87, 159, 194, 123, 237,
       127, 178, 223, 124, 47, 213, 30, 245, 63, 157, 172, 16, 13, 114,
       61, 149, 73, 80, 246, 59, 189, 217, 95, 42, 250, 63, 246, 109,
       173, 255, 181, 159, 89, 190, 127, 185, 122, 237, 107, 253, 117,
       242, 245, 7, 112, 209, 34, 146, 112, 76, 220, 233, 47, 210, 30,
       113, 123, 215, 36, 87, 186, 82, 112, 169, 116, 114, 94, 24, 15,
       212, 20, 244, 77, 153, 172, 24, 5, 240, 29, 156, 73, 16, 242, 51,
       188, 88, 87, 32, 248, 58, 177, 125, 246, 191, 177, 219, 57, 214,
       59, 215, 115, 253, 122, 144, 84, 246, 151, 70, 211, 199, 62, 131,
       126, 172, 154, 230, 127, 90, 249, 245, 234, 223, 44, 4, 190, 254,
       121, 251, 245, 216, 221, 215, 79, 240, 53, 177, 79, 187, 174, 153,
       71, 242, 29, 220, 89, 0, 243, 247, 187, 120, 63, 160, 254, 124,
       63, 255, 253, 50, 127, 249, 255, 221, 252, 254, 189, 127, 254,
       251, 238, 251, 221, 251, 111, 125, 189, 214, 183, 223, 239, 182,
       157, 123, 223, 126, 251, 239, 37, 117, 250, 214, 122, 249, 116,
       250, 93, 255, 62, 221, 183, 195, 110, 157, 172, 31, 13, 242, 29,
       157, 73, 16, 242, 123, 189, 91, 86, 42, 250, 186, 244, 125, 239,
       255, 189, 223, 57, 255, 127, 253, 250, 255, 122, 244, 93, 246,
       247, 126, 243, 253, 119, 147, 124, 253, 255, 245, 63, 126, 251,
       247, 235, 199, 108, 150, 254, 218, 121, 249, 255, 122, 223, 127,
       173, 213, 21, 245, 111, 159, 190, 152, 13, 248, 157, 222, 93, 56,
       246, 115, 191, 251, 223, 44, 251, 69, 37, 224, 16, 81, 2, 33, 78,
       132, 4, 128, 53, 96, 203, 130, 70, 226, 85, 3, 100, 65, 39, 193,
       119, 78, 136, 160, 13, 82, 12, 48, 73, 86, 36, 84, 186, 16, 120,
       1, 84, 80, 64, 24, 14, 192, 16, 193, 78, 153, 44, 24, 4, 240, 28,
       156, 65, 16, 242, 51, 189, 88, 86, 32, 248, 252, 61, 243, 181, 86,
       103, 121, 255, 196, 196, 213, 182, 115, 194, 147, 78, 234, 213,
       49, 103, 15, 173, 230, 51, 79, 203, 178, 13, 82, 8, 50, 41, 242,
       39, 84, 186, 82, 124, 193, 116, 208, 92, 56, 46, 217, 28, 193,
       238, 153, 172, 24, 5, 240, 29, 156, 73, 16, 242, 51, 189, 88, 86,
       32, 251, 118, 49, 161, 148, 28, 134, 10, 71, 198, 38, 145, 48,
       193, 194, 144, 83, 226, 213, 3, 67, 203, 39, 195, 7, 76, 138, 164,
       15, 82, 12, 49, 106, 199, 36, 84, 186, 66, 120, 225, 86, 112, 72,
       48, 11, 209, 20, 129, 79, 153, 172, 24, 5, 112, 28, 156, 65, 16,
       242, 51, 189, 88, 86, 32, 251, 60, 43, 255, 252, 50, 127, 241,
       127, 245, 244, 222, 181, 95, 254, 187, 238, 251, 220, 99, 107,
       245, 125, 198, 183, 93, 235, 148, 157, 120, 220, 126, 235, 223,
       36, 87, 186, 86, 122, 217, 124, 120, 93, 185, 38, 213, 165, 231,
       110, 155, 172, 153, 13, 242, 29, 156, 93, 48, 242, 59, 189, 91,
       87, 32, 250, 63, 244, 125, 174, 191, 189, 31, 57, 246, 127, 245,
       248, 253, 123, 180, 85, 242, 247, 6, 113, 241, 114, 145, 119, 252,
       186, 225, 63, 122, 121, 245, 235, 215, 44, 212, 190, 218, 120,
       233, 245, 114, 222, 57, 143, 208, 20, 245, 79, 153, 172, 24, 13,
       240, 29, 156, 73, 24, 242, 51, 189, 90, 87, 42, 251, 191, 246,
       125, 175, 191, 189, 159, 24, 255, 127, 189, 250, 173, 123, 244,
       93, 246, 247, 38, 113, 241, 118, 147, 124, 236, 254, 241, 127,
       126, 59, 245, 107, 215, 108, 222, 190, 218, 121, 233, 253, 118,
       222, 58, 47, 213, 16, 244, 111, 153, 173, 24, 5, 248, 29, 158, 73,
       56, 242, 51, 189, 216, 215, 42, 251, 60, 43, 255, 252, 50, 255,
       249, 127, 245, 252, 214, 181, 93, 254, 187, 238, 251, 220, 227,
       107, 245, 125, 198, 183, 93, 235, 166, 159, 120, 221, 125, 235,
       255, 36, 87, 186, 214, 122, 249, 124, 248, 93, 249, 46, 213, 167,
       227, 111, 153, 172, 152, 5, 242, 29, 157, 93, 16, 242, 59, 189,
       91, 87, 32, 250, 191, 244, 125, 167, 191, 189, 159, 25, 255, 95,
       189, 250, 173, 123, 244, 85, 242, 246, 6, 113, 241, 114, 177, 124,
       236, 191, 245, 123, 255, 59, 245, 123, 215, 108, 222, 190, 218,
       121, 169, 245, 86, 222, 56, 173, 208, 20, 244, 77, 153, 173, 24,
       5, 248, 29, 159, 73, 24, 242, 51, 189, 88, 215, 42, 185, 60, 47,
       255, 244, 50, 127, 113, 127, 213, 252, 214, 181, 93, 254, 187,
       198, 250, 220, 67, 107, 245, 45, 192, 183, 93, 170, 164, 141, 90,
       220, 112, 233, 215, 36, 85, 186, 86, 122, 201, 124, 248, 93, 56,
       46, 212, 21, 229, 110, 153, 172, 24, 5, 240, 29, 156, 73, 16, 242,
       51, 189, 90, 87, 32, 250, 29, 54, 113, 176, 24, 34, 43, 78, 160,
       106, 194, 49, 69, 67, 129, 83, 226, 220, 1, 98, 193, 168, 136, 58,
       76, 138, 162, 139, 210, 9, 49, 111, 115, 166, 84, 186, 16, 240,
       33, 86, 64, 64, 24, 14, 64, 4, 193, 79, 152, 44, 24, 4, 96, 28,
       156, 73, 16, 242, 51, 189, 88, 70, 32, 244, 124, 61, 255, 252, 50,
       103, 117, 127, 213, 220, 222, 181, 125, 190, 187, 206, 251, 220,
       67, 111, 117, 136, 196, 183, 221, 169, 164, 153, 123, 220, 124,
       233, 224, 36, 53, 186, 214, 122, 193, 124, 250, 223, 61, 46, 220,
       183, 193, 110, 153, 172, 95, 13, 240, 29, 157, 73, 16, 242, 59,
       189, 91, 6, 34, 251, 60, 55, 255, 244, 50, 119, 121, 127, 245,
       254, 214, 181, 93, 251, 155, 70, 250, 252, 227, 107, 245, 125,
       212, 183, 221, 43, 166, 147, 120, 220, 117, 235, 223, 36, 87, 190,
       215, 120, 241, 124, 124, 92, 187, 174, 246, 161, 195, 111, 187,
       172, 153, 9, 240, 29, 156, 93, 52, 242, 115, 253, 90, 215, 41,
       250, 59, 180, 252, 174, 63, 253, 189, 63, 245, 254, 212, 241, 61,
       63, 61, 87, 255, 254, 227, 249, 241, 118, 217, 127, 253, 189, 228,
       211, 122, 213, 245, 239, 223, 168, 215, 52, 255, 248, 233, 127,
       120, 93, 107, 47, 212, 53, 247, 107, 187, 238, 152, 13, 244, 29,
       156, 93, 54, 242, 183, 189, 251, 215, 44, 254, 165, 239, 230, 85,
       179, 141, 221, 113, 191, 213, 135, 251, 255, 127, 252, 76, 171,
       177, 102, 175, 95, 46, 211, 247, 119, 127, 151, 49, 60, 190, 22,
       1, 206, 126, 103, 154, 210, 121, 251, 61, 117, 125, 185, 239, 253,
       112, 253, 47, 137, 166, 152, 79, 240, 29, 158, 77, 49, 243, 114,
       191, 122, 125, 161, 250, 61, 182, 252, 248, 63, 253, 253, 125, 53,
       254, 218, 181, 109, 125, 187, 229, 249, 252, 195, 242, 245, 114,
       218, 251, 213, 127, 242, 211, 120, 87, 247, 239, 223, 42, 215,
       188, 255, 248, 249, 125, 124, 92, 122, 175, 212, 177, 247, 107,
