%YAML:1.0
descriptors: !!opencv-matrix
   rows: 52
   cols: 64
   dt: u
   data: [ 15, 177, 205, 254, 63, 249, 221, 30, 247, 188, 148, 237, 255,
       126, 54, 91, 253, 255, 99, 243, 229, 39, 67, 247, 197, 255, 240,
       255, 123, 77, 247, 227, 223, 44, 87, 190, 91, 120, 233, 116, 120,
       93, 58, 47, 213, 117, 247, 111, 153, 172, 24, 5, 240, 29, 156, 73,
       16, 242, 55, 189, 88, 87, 32, 250, 31, 186, 207, 255, 63, 249,
       217, 62, 125, 188, 214, 245, 255, 127, 59, 251, 249, 220, 97, 251,
       229, 101, 195, 123, 77, 187, 176, 191, 126, 79, 115, 239, 215, 36,
       85, 186, 127, 122, 233, 116, 240, 92, 58, 47, 213, 21, 247, 111,
       153, 172, 24, 5, 240, 29, 156, 73, 16, 242, 51, 189, 88, 87, 32,
       250, 63, 254, 125, 254, 63, 189, 255, 120, 255, 254, 255, 251,
       253, 127, 252, 85, 255, 255, 99, 243, 245, 118, 211, 247, 205,
       255, 245, 255, 126, 95, 247, 235, 223, 44, 215, 190, 219, 120,
       233, 117, 120, 92, 59, 47, 213, 117, 247, 111, 153, 174, 24, 5,
       240, 29, 156, 89, 16, 242, 51, 189, 122, 215, 40, 250, 61, 185,
       255, 252, 63, 253, 253, 126, 189, 252, 212, 253, 255, 126, 188,
       206, 249, 252, 227, 251, 245, 126, 210, 243, 253, 127, 243, 247,
       125, 223, 247, 239, 223, 120, 87, 190, 255, 120, 249, 125, 120,
       93, 251, 47, 213, 53, 247, 111, 185, 174, 153, 13, 240, 29, 156,
       93, 54, 242, 119, 189, 219, 223, 32, 250, 55, 245, 125, 158, 55,
       31, 29, 11, 231, 70, 61, 242, 61, 107, 180, 95, 246, 246, 4, 241,
       83, 114, 145, 102, 220, 135, 229, 89, 51, 56, 212, 105, 194, 44,
       86, 190, 202, 120, 129, 253, 114, 218, 60, 173, 212, 20, 244, 78,
       145, 172, 16, 13, 96, 25, 159, 73, 24, 242, 51, 188, 88, 86, 42,
       249, 60, 162, 237, 168, 55, 247, 187, 127, 245, 222, 214, 181,
       125, 63, 185, 230, 226, 220, 67, 98, 245, 35, 197, 119, 77, 168,
       164, 141, 82, 12, 49, 235, 247, 36, 85, 186, 83, 122, 201, 116,
       248, 92, 56, 46, 212, 23, 227, 111, 153, 172, 24, 5, 240, 29, 156,
       73, 16, 242, 51, 188, 88, 87, 34, 251, 126, 49, 253, 182, 119, 39,
       31, 123, 246, 92, 223, 49, 125, 126, 176, 87, 242, 215, 67, 102,
       85, 39, 193, 119, 204, 202, 228, 77, 82, 92, 244, 233, 214, 36,
       84, 190, 82, 120, 193, 116, 112, 93, 24, 47, 213, 20, 229, 78,
       153, 172, 24, 5, 240, 29, 156, 73, 16, 242, 51, 189, 88, 86, 32,
       250, 76, 11, 167, 113, 232, 183, 162, 115, 184, 60, 66, 69, 208,
       113, 25, 0, 68, 233, 251, 102, 244, 109, 90, 211, 26, 122, 12,
       198, 108, 196, 49, 198, 223, 19, 67, 33, 85, 138, 252, 40, 252,
       52, 26, 134, 69, 233, 243, 75, 189, 236, 137, 73, 243, 125, 152,
       217, 103, 206, 83, 181, 194, 115, 65, 250, 124, 59, 253, 244, 118,
       63, 63, 123, 245, 222, 215, 55, 253, 190, 187, 86, 242, 213, 75,
       111, 117, 119, 211, 119, 221, 232, 252, 157, 122, 220, 124, 233,
       215, 44, 87, 190, 214, 122, 193, 117, 252, 93, 119, 46, 213, 165,
       193, 111, 157, 172, 152, 13, 242, 29, 157, 89, 16, 246, 51, 189,
       91, 31, 40, 250, 188, 250, 255, 171, 159, 253, 161, 253, 255, 253,
       254, 251, 255, 58, 255, 252, 243, 212, 99, 96, 245, 3, 239, 124,
       207, 169, 237, 43, 219, 219, 115, 238, 253, 44, 85, 190, 86, 114,
       169, 244, 250, 92, 56, 47, 212, 55, 244, 109, 153, 172, 24, 5,
       240, 29, 157, 73, 16, 242, 51, 188, 88, 86, 32, 249, 3, 147, 16,
       210, 157, 128, 196, 12, 66, 1, 4, 64, 160, 83, 128, 17, 106, 214,
       4, 34, 194, 40, 171, 98, 44, 146, 32, 43, 22, 8, 1, 105, 151, 38,
       20, 154, 66, 80, 107, 214, 65, 64, 8, 73, 128, 20, 213, 7, 17, 44,
       24, 4, 48, 16, 156, 73, 16, 114, 34, 159, 88, 87, 36, 248, 251,
       223, 110, 127, 247, 191, 223, 153, 255, 223, 253, 234, 191, 124,
       126, 253, 181, 255, 126, 255, 124, 247, 19, 118, 241, 127, 255,
       254, 255, 119, 246, 179, 206, 125, 223, 245, 251, 121, 248, 249,
       122, 95, 123, 189, 247, 127, 247, 127, 189, 159, 152, 15, 251,
       253, 223, 215, 115, 247, 119, 191, 255, 251, 252, 186, 60, 254,
       255, 238, 63, 253, 253, 123, 255, 252, 223, 253, 253, 62, 253,
       222, 255, 255, 227, 251, 245, 119, 211, 255, 253, 127, 245, 255,
       126, 255, 255, 239, 207, 124, 199, 190, 255, 248, 249, 125, 124,
       221, 255, 47, 245, 181, 247, 111, 187, 254, 137, 15, 242, 29, 222,
       93, 54, 243, 255, 253, 251, 223, 108, 222, 58, 184, 255, 191, 191,
       125, 93, 254, 255, 254, 223, 191, 253, 174, 255, 254, 255, 214,
       115, 114, 253, 150, 199, 60, 239, 253, 244, 123, 219, 127, 255,
       239, 213, 44, 21, 254, 222, 127, 233, 119, 120, 221, 127, 46, 214,
       20, 229, 125, 157, 172, 26, 5, 250, 29, 156, 73, 16, 242, 59, 189,
       221, 31, 34, 246, 188, 56, 247, 183, 250, 237, 185, 245, 222, 255,
       218, 127, 255, 111, 155, 244, 246, 214, 67, 99, 253, 39, 231, 125,
       223, 170, 228, 203, 218, 207, 251, 239, 247, 36, 85, 190, 86, 114,
       233, 252, 216, 92, 24, 14, 208, 23, 227, 111, 153, 172, 24, 5,
       240, 29, 156, 73, 16, 242, 51, 189, 88, 87, 34, 248, 173, 174,
       231, 97, 252, 255, 163, 252, 248, 189, 234, 255, 207, 63, 219,
       229, 139, 237, 235, 105, 245, 71, 126, 252, 109, 109, 29, 183,
       124, 79, 35, 223, 253, 97, 253, 187, 117, 186, 237, 60, 253, 84,
       122, 183, 69, 227, 126, 225, 184, 253, 173, 41, 209, 255, 158, 12,
       102, 204, 135, 172, 202, 215, 36, 254, 186, 241, 91, 238, 63, 113,
       216, 139, 214, 154, 213, 243, 127, 82, 225, 89, 126, 150, 38, 219,
       197, 50, 165, 94, 164, 155, 243, 203, 215, 251, 247, 250, 170,
       172, 159, 254, 255, 120, 233, 117, 248, 77, 119, 92, 208, 197,
       144, 111, 235, 191, 150, 7, 250, 21, 252, 81, 16, 242, 191, 157,
       125, 31, 160, 155, 190, 249, 251, 254, 55, 97, 221, 158, 215, 138,
       221, 247, 63, 78, 182, 255, 255, 246, 114, 211, 39, 58, 229, 126,
       165, 255, 242, 91, 83, 123, 255, 235, 207, 172, 191, 222, 254,
       127, 251, 117, 89, 205, 247, 104, 246, 85, 181, 111, 255, 190,
       154, 135, 234, 21, 252, 81, 144, 179, 255, 251, 191, 159, 174,
       214, 13, 46, 100, 33, 217, 249, 162, 221, 40, 56, 202, 37, 192,
       53, 235, 225, 195, 40, 203, 64, 249, 128, 30, 152, 87, 108, 8,
       129, 204, 70, 43, 214, 109, 1, 71, 168, 49, 178, 13, 44, 237, 20,
       26, 150, 68, 227, 42, 209, 40, 109, 76, 36, 211, 95, 201, 8, 22,
       200, 135, 164, 138, 66, 32, 80, 191, 254, 255, 237, 255, 249, 253,
       248, 190, 93, 252, 251, 239, 95, 238, 253, 255, 247, 63, 123, 245,
       71, 130, 116, 239, 255, 113, 123, 255, 31, 243, 111, 223, 100,
       221, 222, 82, 121, 249, 117, 113, 220, 58, 63, 213, 145, 253, 109,
       153, 189, 28, 5, 248, 191, 158, 73, 16, 246, 59, 191, 88, 95, 36,
       250, 20, 49, 145, 150, 48, 131, 88, 103, 66, 160, 83, 52, 116,
       194, 153, 82, 118, 130, 0, 66, 135, 40, 193, 135, 140, 10, 226,
       205, 2, 172, 244, 104, 115, 36, 69, 190, 24, 122, 195, 84, 176,
       72, 149, 10, 224, 20, 129, 78, 153, 174, 25, 71, 112, 28, 28, 73,
       0, 115, 19, 185, 88, 6, 33, 226, 189, 178, 127, 229, 188, 245,
       187, 252, 252, 191, 222, 127, 237, 63, 211, 240, 251, 204, 223,
       107, 249, 67, 239, 252, 173, 253, 125, 187, 254, 79, 115, 191,
       125, 109, 189, 255, 126, 179, 249, 117, 93, 84, 251, 62, 199, 161,
       90, 117, 186, 189, 223, 161, 248, 191, 156, 125, 236, 244, 47,
       207, 254, 159, 36, 190, 51, 197, 104, 186, 39, 156, 85, 9, 231,
       64, 61, 232, 189, 127, 36, 94, 255, 178, 32, 241, 134, 114, 211,
       103, 117, 215, 209, 61, 51, 184, 213, 105, 151, 236, 67, 158, 226,
       88, 250, 122, 36, 219, 44, 233, 149, 84, 245, 111, 145, 174, 153,
       13, 176, 1, 250, 125, 56, 242, 114, 189, 25, 223, 172, 218, 51,
       151, 80, 22, 221, 130, 7, 8, 38, 1, 0, 99, 166, 75, 132, 21, 102,
       247, 4, 18, 194, 46, 129, 103, 70, 154, 99, 47, 146, 8, 193, 101,
       151, 38, 84, 186, 0, 48, 107, 116, 65, 64, 24, 203, 193, 16, 245,
       79, 144, 164, 24, 4, 240, 24, 156, 73, 16, 50, 50, 159, 24, 87,
