%YAML:1.0
descriptors: !!opencv-matrix
   rows: 104
   cols: 64
   dt: u
   data: [ 60, 185, 255, 254, 54, 127, 125, 126, 215, 252, 221, 241, 127,
       254, 180, 94, 255, 222, 99, 107, 247, 63, 193, 247, 205, 255, 247,
       223, 83, 221, 245, 235, 223, 44, 85, 190, 223, 120, 249, 117, 120,
       221, 189, 47, 213, 53, 247, 111, 153, 172, 25, 7, 240, 29, 156,
       73, 16, 242, 51, 189, 121, 87, 32, 250, 5, 50, 85, 36, 60, 176,
       189, 88, 240, 190, 194, 117, 236, 55, 137, 17, 234, 236, 131, 98,
       225, 96, 67, 247, 197, 184, 228, 219, 90, 12, 225, 99, 223, 44,
       85, 190, 123, 56, 233, 116, 124, 92, 58, 175, 212, 113, 247, 111,
       185, 172, 24, 1, 240, 29, 156, 73, 22, 242, 55, 189, 88, 87, 32,
       250, 61, 190, 253, 239, 63, 253, 253, 125, 253, 253, 222, 253,
       253, 127, 252, 245, 251, 252, 227, 123, 245, 114, 211, 255, 253,
       255, 245, 191, 126, 223, 247, 239, 223, 108, 87, 190, 255, 122,
       249, 125, 124, 93, 123, 47, 213, 181, 247, 111, 185, 172, 152, 13,
       240, 29, 158, 93, 54, 242, 55, 189, 250, 223, 40, 250, 60, 179,
       255, 246, 62, 181, 253, 122, 246, 252, 212, 247, 255, 127, 176,
       84, 250, 213, 99, 99, 245, 127, 195, 247, 205, 250, 246, 191, 126,
       221, 117, 235, 215, 36, 85, 190, 86, 120, 249, 124, 120, 93, 58,
       47, 213, 53, 245, 111, 153, 172, 24, 5, 240, 29, 156, 73, 16, 242,
       51, 189, 90, 87, 32, 250, 60, 185, 255, 254, 63, 255, 253, 127,
       247, 222, 221, 245, 255, 126, 188, 92, 255, 215, 99, 99, 245, 127,
       195, 119, 253, 255, 247, 255, 90, 222, 247, 235, 215, 36, 85, 190,
       214, 120, 249, 116, 120, 93, 57, 47, 213, 53, 245, 111, 153, 172,
       24, 5, 240, 29, 156, 73, 16, 242, 51, 189, 88, 87, 32, 250, 62,
       177, 253, 222, 55, 183, 221, 127, 247, 212, 213, 240, 255, 126,
       182, 94, 255, 215, 99, 115, 247, 63, 195, 119, 221, 255, 247, 127,
       82, 220, 245, 233, 215, 44, 85, 190, 90, 120, 233, 116, 112, 93,
       61, 47, 213, 52, 245, 111, 153, 172, 24, 5, 240, 29, 156, 73, 16,
       242, 51, 189, 88, 87, 32, 250, 62, 190, 253, 255, 62, 253, 253,
       125, 255, 255, 223, 253, 253, 127, 185, 87, 255, 255, 99, 107,
       245, 119, 211, 255, 253, 255, 244, 255, 126, 221, 245, 239, 215,
       108, 87, 190, 223, 120, 249, 125, 120, 93, 123, 47, 213, 53, 247,
       111, 185, 172, 24, 13, 240, 29, 156, 93, 16, 242, 51, 189, 251,
       87, 40, 254, 45, 54, 101, 161, 159, 189, 163, 88, 236, 126, 194,
       117, 237, 63, 249, 101, 226, 244, 67, 96, 241, 98, 152, 124, 68,
       188, 45, 3, 254, 30, 57, 219, 85, 100, 95, 186, 82, 114, 41, 116,
       252, 84, 26, 142, 84, 195, 244, 69, 152, 45, 24, 4, 240, 29, 140,
       73, 16, 242, 51, 188, 88, 87, 32, 240, 39, 54, 101, 34, 157, 160,
       167, 88, 228, 124, 192, 113, 173, 75, 128, 85, 226, 244, 7, 96,
       225, 34, 137, 116, 76, 152, 32, 11, 82, 8, 97, 111, 215, 36, 84,
       186, 82, 120, 33, 116, 81, 70, 26, 143, 192, 16, 212, 79, 152,
       164, 24, 4, 240, 28, 156, 73, 16, 242, 51, 156, 88, 87, 32, 248,
       62, 49, 113, 38, 55, 32, 25, 72, 198, 8, 209, 49, 109, 10, 132,
       84, 242, 214, 2, 80, 225, 34, 129, 118, 140, 136, 228, 217, 82,
       124, 237, 232, 4, 44, 4, 190, 238, 50, 129, 213, 137, 203, 23, 10,
       224, 101, 128, 78, 168, 182, 153, 3, 98, 20, 31, 65, 8, 178, 63,
       152, 56, 6, 38, 81, 54, 49, 81, 182, 50, 130, 24, 47, 66, 0, 213,
       52, 117, 66, 128, 82, 118, 130, 0, 208, 193, 32, 193, 199, 156,
       136, 224, 205, 66, 172, 229, 104, 71, 44, 5, 190, 154, 120, 129,
       85, 80, 72, 21, 10, 224, 21, 161, 78, 153, 174, 9, 7, 240, 24, 28,
       65, 0, 243, 19, 185, 56, 22, 32, 235, 15, 38, 96, 32, 157, 160,
       34, 88, 32, 10, 194, 53, 224, 15, 128, 65, 192, 44, 3, 208, 225,
       2, 25, 80, 68, 8, 40, 129, 80, 4, 33, 192, 93, 36, 86, 186, 17,
       50, 1, 84, 204, 64, 26, 138, 64, 65, 130, 77, 24, 36, 24, 0, 96,
       28, 204, 1, 16, 162, 23, 148, 8, 70, 32, 96, 13, 38, 100, 32, 157,
       176, 35, 88, 176, 58, 194, 53, 232, 13, 169, 69, 192, 108, 195,
       208, 241, 2, 24, 252, 68, 40, 8, 131, 216, 68, 33, 195, 121, 40,
       215, 186, 117, 50, 1, 52, 204, 68, 26, 142, 64, 225, 194, 65, 56,
       44, 24, 0, 240, 29, 204, 1, 22, 160, 135, 148, 202, 214, 32, 112,
       7, 34, 64, 32, 221, 162, 38, 64, 32, 2, 128, 48, 224, 7, 160, 81,
       224, 137, 1, 208, 193, 33, 67, 112, 68, 152, 168, 13, 82, 12, 161,
       97, 87, 36, 84, 186, 82, 120, 1, 84, 96, 64, 24, 9, 213, 21, 230,
       79, 153, 172, 24, 5, 240, 28, 156, 73, 16, 242, 51, 180, 88, 87,
       32, 250, 70, 33, 195, 144, 16, 2, 9, 78, 2, 194, 1, 52, 1, 130,
       131, 82, 98, 84, 0, 100, 10, 129, 228, 3, 12, 128, 162, 9, 18, 40,
       16, 9, 112, 36, 20, 186, 0, 116, 3, 212, 128, 66, 24, 8, 2, 28,
       65, 140, 81, 44, 80, 4, 32, 24, 180, 75, 128, 98, 33, 24, 76, 68,
       34, 241, 46, 164, 237, 184, 63, 191, 177, 127, 244, 254, 214, 177,
       125, 59, 189, 71, 202, 252, 67, 114, 245, 114, 209, 119, 93, 185,
       180, 133, 90, 92, 49, 235, 207, 44, 87, 186, 83, 120, 233, 116,
       120, 92, 58, 175, 213, 53, 247, 111, 153, 172, 24, 5, 240, 29,
       156, 73, 16, 242, 51, 189, 90, 87, 40, 250, 13, 34, 229, 160, 24,
       189, 161, 124, 180, 126, 194, 53, 73, 63, 185, 69, 202, 124, 67,
       96, 241, 34, 202, 115, 76, 168, 132, 133, 88, 12, 49, 203, 215,
       36, 87, 186, 83, 120, 233, 116, 120, 84, 24, 47, 84, 21, 247, 111,
       153, 172, 24, 5, 240, 29, 156, 73, 16, 242, 51, 189, 72, 87, 32,
       250, 76, 1, 166, 116, 32, 35, 120, 118, 0, 138, 193, 4, 64, 192,
       131, 2, 136, 8, 195, 70, 118, 169, 68, 147, 8, 42, 130, 132, 64,
       4, 32, 128, 122, 18, 4, 168, 17, 32, 80, 64, 152, 40, 145, 70,
       226, 53, 131, 78, 25, 172, 56, 87, 112, 28, 28, 8, 131, 227, 83,
       147, 72, 50, 225, 227, 13, 34, 197, 176, 24, 178, 35, 94, 160,
       190, 194, 53, 65, 15, 153, 67, 194, 92, 3, 96, 225, 33, 194, 115,
       76, 136, 128, 133, 80, 12, 49, 75, 87, 36, 85, 186, 80, 122, 129,
       116, 80, 84, 24, 14, 212, 4, 225, 111, 153, 172, 24, 5, 240, 29,
       156, 73, 16, 242, 51, 189, 72, 86, 32, 250, 76, 37, 233, 176, 20,
       55, 43, 95, 180, 254, 194, 178, 65, 2, 179, 71, 194, 93, 3, 99,
       197, 161, 194, 114, 77, 138, 160, 5, 82, 8, 49, 203, 215, 36, 85,
       186, 82, 120, 193, 116, 240, 92, 56, 46, 211, 20, 193, 111, 153,
       172, 24, 5, 240, 29, 156, 73, 16, 242, 51, 189, 88, 86, 32, 251,
       77, 39, 229, 176, 16, 254, 33, 71, 32, 230, 195, 52, 65, 167, 153,
       103, 203, 76, 3, 100, 129, 33, 80, 51, 93, 152, 132, 141, 80, 14,
       48, 73, 82, 4, 85, 186, 16, 120, 201, 84, 36, 84, 56, 167, 85, 20,
       101, 110, 153, 172, 24, 5, 240, 29, 156, 72, 16, 226, 51, 189, 72,
       87, 32, 250, 37, 38, 96, 2, 17, 134, 39, 76, 228, 68, 2, 52, 33,
       47, 128, 69, 234, 212, 3, 96, 193, 35, 193, 118, 76, 152, 188, 13,
       82, 8, 33, 105, 85, 36, 85, 186, 82, 56, 1, 84, 80, 80, 24, 143,
       197, 16, 228, 79, 153, 172, 24, 5, 240, 29, 156, 73, 16, 242, 51,
       189, 88, 87, 32, 250, 84, 35, 243, 176, 16, 70, 40, 230, 0, 166,
       195, 52, 81, 134, 155, 242, 234, 204, 3, 102, 11, 129, 70, 155,
       141, 136, 166, 205, 0, 140, 48, 74, 117, 6, 117, 171, 16, 118, 69,
       86, 128, 64, 16, 14, 102, 142, 65, 238, 153, 44, 124, 21, 114, 29,
       20, 73, 128, 106, 1, 184, 76, 6, 97, 242, 195, 20, 0, 35, 221,
       162, 46, 8, 48, 59, 96, 107, 162, 75, 6, 17, 96, 47, 165, 209,
       233, 135, 43, 124, 2, 155, 123, 167, 218, 33, 161, 70, 85, 169,
       156, 49, 115, 132, 37, 247, 104, 66, 106, 201, 211, 81, 154, 209,
       120, 246, 24, 0, 229, 162, 236, 225, 146, 176, 183, 150, 156, 87,
       176, 37, 178, 213, 24, 150, 23, 128, 95, 9, 70, 67, 53, 250, 191,
       74, 36, 84, 118, 151, 4, 19, 134, 62, 129, 103, 188, 150, 227,
       111, 18, 186, 213, 41, 130, 36, 20, 158, 194, 72, 227, 215, 66,
       202, 165, 73, 144, 28, 245, 15, 145, 166, 16, 5, 40, 16, 156, 75,
