%YAML:1.0
descriptors: !!opencv-matrix
   rows: 101
   cols: 64
   dt: u
   data: [ 62, 189, 255, 254, 54, 253, 253, 127, 253, 254, 221, 253, 127,
       126, 189, 223, 255, 254, 99, 251, 245, 126, 211, 247, 253, 255,
       247, 255, 127, 247, 247, 235, 207, 108, 215, 190, 223, 120, 249,
       125, 120, 93, 255, 47, 245, 53, 247, 111, 187, 174, 153, 15, 240,
       29, 156, 93, 52, 243, 123, 255, 251, 223, 44, 250, 125, 58, 247,
       125, 254, 247, 251, 252, 236, 191, 219, 190, 239, 207, 155, 255,
       251, 213, 123, 111, 255, 143, 206, 189, 207, 235, 254, 175, 83,
       29, 115, 239, 119, 47, 213, 191, 82, 191, 253, 119, 120, 92, 120,
       62, 223, 171, 233, 183, 156, 172, 28, 133, 241, 189, 156, 73, 208,
       254, 51, 191, 220, 86, 50, 246, 211, 218, 11, 199, 254, 152, 158,
       136, 26, 187, 59, 219, 142, 7, 66, 57, 53, 215, 60, 187, 204, 37,
       234, 104, 237, 215, 251, 127, 158, 59, 247, 127, 87, 253, 220, 81,
       254, 253, 238, 247, 97, 92, 107, 125, 183, 30, 253, 49, 221, 223,
       24, 39, 229, 231, 188, 235, 80, 95, 178, 61, 244, 93, 48, 190,
       210, 16, 130, 23, 238, 130, 26, 129, 74, 35, 17, 94, 158, 194, 18,
       18, 116, 131, 24, 213, 139, 133, 203, 72, 142, 194, 252, 127, 130,
       185, 247, 38, 71, 189, 4, 31, 202, 45, 164, 215, 128, 72, 69, 8,
       193, 28, 137, 21, 157, 206, 16, 35, 117, 248, 28, 227, 80, 127,
       177, 49, 252, 19, 48, 239, 213, 30, 146, 33, 217, 162, 162, 200,
       42, 33, 162, 75, 198, 201, 130, 57, 102, 237, 63, 69, 200, 141,
       170, 120, 198, 202, 121, 111, 148, 5, 227, 39, 85, 167, 124, 91,
       0, 181, 45, 198, 69, 64, 72, 155, 73, 9, 124, 145, 204, 84, 80,
       48, 101, 246, 134, 235, 64, 220, 161, 4, 220, 69, 16, 60, 227,
       221, 214, 210, 223, 143, 71, 26, 190, 85, 44, 75, 191, 251, 102,
       93, 231, 247, 61, 39, 206, 15, 186, 115, 98, 255, 59, 47, 254, 90,
       82, 45, 151, 103, 86, 187, 66, 93, 127, 252, 113, 215, 56, 111,
       221, 28, 253, 199, 213, 164, 24, 20, 241, 127, 142, 203, 121, 252,
       114, 191, 88, 93, 20, 248, 211, 26, 147, 131, 204, 130, 134, 128,
       106, 61, 2, 79, 134, 197, 2, 25, 110, 199, 57, 38, 204, 13, 139,
       121, 78, 218, 56, 46, 146, 8, 51, 47, 215, 39, 85, 187, 82, 124,
       109, 118, 113, 84, 8, 15, 205, 28, 253, 151, 157, 172, 24, 5, 241,
       125, 156, 203, 80, 254, 51, 189, 88, 87, 48, 250, 82, 18, 145,
       130, 200, 134, 2, 5, 66, 104, 16, 5, 128, 65, 17, 16, 102, 195, 0,
       164, 192, 37, 67, 65, 138, 192, 168, 76, 2, 8, 145, 97, 87, 37,
       80, 177, 24, 64, 4, 64, 0, 64, 0, 10, 65, 28, 193, 79, 144, 44,
       24, 0, 48, 24, 28, 203, 0, 114, 18, 176, 88, 71, 48, 224, 71, 2,
       130, 176, 73, 130, 34, 70, 0, 226, 1, 0, 0, 129, 131, 2, 64, 89,
       9, 103, 138, 133, 206, 43, 76, 200, 136, 15, 16, 12, 33, 71, 113,
       167, 52, 171, 0, 252, 37, 70, 0, 96, 40, 10, 67, 12, 65, 163, 25,
       44, 48, 4, 113, 88, 180, 10, 16, 106, 33, 156, 72, 86, 48, 243,
       90, 0, 137, 148, 34, 151, 90, 37, 6, 230, 85, 132, 25, 160, 17,
       18, 28, 83, 64, 227, 138, 49, 194, 11, 152, 130, 166, 94, 0, 177,
       149, 106, 71, 60, 1, 42, 202, 104, 226, 75, 48, 73, 229, 40, 183,
       28, 129, 111, 155, 170, 25, 7, 54, 25, 52, 89, 1, 115, 59, 249,
       121, 18, 104, 230, 3, 134, 0, 3, 201, 128, 130, 0, 42, 57, 2, 75,
       128, 83, 64, 1, 68, 71, 132, 32, 192, 32, 10, 104, 96, 148, 1, 34,
       148, 11, 1, 87, 23, 226, 88, 0, 48, 128, 47, 130, 197, 36, 10, 2,
       0, 128, 216, 17, 0, 85, 16, 36, 148, 128, 138, 171, 19, 64, 130,
       4, 192, 71, 36, 60, 35, 212, 8, 138, 143, 152, 23, 9, 39, 67, 61,
       200, 60, 42, 100, 21, 116, 178, 4, 144, 0, 114, 177, 100, 112,
       149, 105, 41, 179, 58, 221, 33, 128, 236, 210, 22, 235, 64, 160,
       234, 34, 219, 44, 9, 144, 86, 244, 12, 129, 147, 144, 12, 46, 1,
       227, 179, 56, 51, 48, 60, 16, 218, 46, 9, 3, 146, 5, 130, 221,
       138, 135, 24, 182, 24, 18, 67, 169, 29, 0, 1, 98, 213, 1, 36, 192,
       39, 136, 97, 72, 216, 40, 6, 18, 8, 17, 73, 215, 37, 84, 176, 82,
       120, 45, 116, 81, 84, 26, 15, 193, 20, 244, 79, 152, 164, 24, 4,
       240, 29, 156, 73, 16, 242, 51, 188, 88, 87, 32, 248, 106, 132,
       237, 143, 255, 159, 159, 29, 254, 127, 30, 31, 189, 124, 63, 69,
       235, 213, 57, 100, 220, 39, 218, 125, 94, 220, 184, 47, 210, 25,
       51, 111, 215, 37, 85, 187, 82, 120, 237, 116, 112, 92, 56, 47,
       213, 28, 245, 111, 157, 172, 24, 5, 240, 29, 156, 73, 16, 242, 51,
       189, 88, 87, 32, 250, 199, 69, 139, 144, 1, 70, 1, 206, 164, 230,
       45, 128, 3, 137, 150, 175, 203, 84, 37, 101, 10, 130, 236, 34, 78,
       129, 152, 9, 147, 8, 18, 9, 240, 38, 52, 250, 2, 116, 5, 214, 18,
       98, 56, 138, 26, 24, 64, 128, 17, 44, 86, 4, 81, 26, 132, 10, 144,
       96, 33, 28, 76, 84, 34, 249, 70, 1, 169, 152, 2, 151, 31, 79, 133,
       230, 17, 144, 81, 164, 177, 70, 136, 85, 2, 103, 138, 49, 194, 43,
       93, 210, 142, 13, 18, 136, 53, 74, 199, 36, 85, 187, 66, 120, 225,
       86, 48, 104, 52, 45, 151, 28, 229, 107, 25, 172, 24, 5, 113, 25,
       156, 10, 16, 226, 51, 189, 72, 87, 32, 242, 64, 2, 1, 148, 64,
       130, 11, 108, 132, 166, 3, 4, 145, 128, 17, 2, 130, 85, 0, 100,
       200, 161, 194, 34, 12, 200, 172, 12, 16, 8, 49, 72, 83, 37, 84,
       187, 82, 104, 128, 68, 16, 64, 24, 14, 193, 12, 193, 79, 25, 172,
       24, 5, 113, 24, 156, 75, 16, 114, 51, 189, 72, 22, 32, 250, 69,
       47, 231, 209, 16, 102, 105, 254, 160, 238, 235, 52, 67, 205, 155,
       239, 235, 84, 35, 99, 142, 173, 238, 59, 79, 207, 178, 15, 82, 10,
       50, 91, 115, 38, 117, 187, 80, 124, 233, 86, 48, 100, 56, 46, 207,
       28, 101, 239, 153, 172, 24, 21, 240, 29, 148, 73, 144, 242, 49,
       189, 92, 86, 33, 242, 69, 7, 161, 16, 81, 6, 1, 78, 128, 100, 129,
       20, 1, 201, 129, 7, 226, 85, 1, 100, 74, 133, 128, 35, 78, 136,
       168, 13, 146, 8, 48, 73, 112, 38, 20, 186, 0, 112, 5, 84, 0, 64,
       24, 138, 64, 24, 193, 206, 25, 36, 16, 4, 112, 24, 148, 73, 16,
       98, 33, 156, 72, 70, 32, 240, 101, 35, 229, 176, 16, 68, 37, 76,
       228, 228, 138, 53, 109, 175, 147, 71, 235, 212, 3, 100, 73, 161,
       198, 54, 76, 221, 180, 9, 82, 12, 50, 41, 208, 36, 85, 186, 82,
       112, 193, 116, 112, 84, 24, 46, 213, 20, 229, 110, 153, 172, 24,
       5, 240, 29, 156, 73, 16, 242, 51, 189, 88, 86, 32, 250, 3, 7, 0,
       18, 1, 130, 3, 72, 34, 64, 1, 2, 128, 75, 128, 5, 66, 117, 0, 100,
       130, 38, 128, 99, 68, 144, 128, 13, 18, 8, 0, 9, 18, 36, 84, 154,
       0, 40, 3, 68, 4, 64, 24, 137, 0, 24, 224, 15, 16, 36, 16, 4, 32,
       24, 140, 9, 16, 34, 50, 189, 72, 87, 32, 249, 194, 3, 129, 146,
       200, 134, 7, 72, 134, 103, 1, 2, 131, 201, 18, 0, 98, 85, 1, 102,
       74, 165, 130, 99, 14, 194, 182, 13, 146, 8, 16, 9, 83, 38, 20,
       186, 66, 112, 7, 86, 0, 64, 24, 11, 65, 28, 193, 135, 17, 44, 24,
       4, 112, 24, 156, 75, 16, 112, 49, 157, 72, 86, 32, 248, 69, 6, 0,
       34, 65, 194, 38, 6, 32, 32, 41, 4, 0, 39, 0, 35, 73, 9, 29, 69,
       128, 33, 108, 3, 64, 205, 136, 12, 0, 2, 33, 64, 240, 37, 81, 171,
       1, 64, 5, 194, 0, 16, 24, 34, 69, 28, 102, 110, 25, 44, 16, 4,
       241, 92, 132, 138, 16, 250, 35, 180, 72, 86, 48, 232, 65, 2, 0,
       16, 201, 130, 34, 4, 0, 42, 0, 0, 0, 65, 1, 1, 68, 8, 129, 68,
       200, 160, 8, 8, 0, 136, 10, 4, 128, 0, 33, 68, 112, 131, 16, 33,
       1, 128, 5, 130, 128, 34, 8, 10, 64, 8, 72, 144, 0, 0, 80, 36, 5,
       88, 4, 170, 129, 8, 3, 144, 4, 70, 50, 33, 6, 35, 17, 22, 8, 0, 0,
       4, 2, 32, 3, 4, 0, 70, 129, 16, 96, 2, 0, 64, 131, 40, 0, 2, 8,
       128, 128, 73, 128, 40, 1, 64, 49, 54, 84, 138, 0, 66, 3, 70, 128,
       32, 0, 66, 0, 4, 129, 14, 16, 36, 80, 4, 36, 24, 20, 9, 0, 98, 0,
       48, 8, 6, 33, 96, 205, 62, 230, 117, 93, 35, 101, 254, 180, 185,
       210, 243, 238, 217, 130, 79, 232, 237, 251, 255, 253, 143, 251,
       191, 71, 106, 250, 167, 120, 85, 96, 199, 95, 171, 116, 61, 119,
