%YAML:1.0
descriptors: !!opencv-matrix
   rows: 81
   cols: 64
   dt: u
   data: [ 63, 191, 255, 254, 63, 253, 253, 127, 255, 254, 223, 253, 253,
       127, 189, 95, 255, 254, 227, 123, 245, 118, 211, 247, 253, 255,
       247, 255, 126, 127, 245, 235, 223, 60, 215, 190, 255, 120, 249,
       125, 120, 93, 123, 47, 245, 117, 247, 111, 185, 174, 24, 15, 240,
       29, 156, 89, 52, 243, 119, 191, 250, 215, 44, 250, 55, 244, 125,
       142, 191, 157, 159, 25, 239, 71, 157, 248, 189, 63, 252, 85, 255,
       247, 2, 113, 213, 114, 211, 117, 253, 247, 229, 127, 118, 59, 213,
       107, 215, 108, 215, 158, 202, 120, 233, 127, 112, 221, 57, 175,
       213, 20, 245, 111, 153, 172, 24, 13, 240, 29, 156, 73, 48, 242,
       51, 189, 120, 215, 44, 250, 45, 191, 239, 248, 54, 63, 245, 127,
       253, 222, 254, 186, 253, 186, 191, 79, 251, 253, 99, 107, 245,
       119, 210, 119, 93, 255, 181, 189, 122, 220, 116, 233, 215, 100,
       87, 186, 210, 120, 249, 124, 124, 95, 60, 47, 213, 181, 213, 111,
       153, 172, 24, 13, 242, 29, 157, 93, 24, 242, 115, 189, 91, 223,
       40, 250, 13, 38, 229, 104, 56, 253, 161, 116, 240, 188, 198, 53,
       73, 61, 153, 194, 139, 108, 195, 106, 245, 96, 94, 243, 93, 40,
       132, 144, 108, 196, 49, 203, 223, 64, 71, 168, 84, 186, 249, 60,
       252, 53, 58, 166, 100, 225, 115, 107, 184, 172, 173, 11, 240, 29,
       157, 76, 38, 226, 23, 173, 202, 199, 108, 250, 12, 234, 239, 237,
       62, 253, 185, 245, 157, 255, 214, 221, 201, 21, 217, 234, 137,
       221, 235, 107, 245, 117, 206, 249, 109, 125, 149, 182, 93, 71, 55,
       255, 223, 48, 253, 168, 87, 251, 233, 53, 248, 28, 123, 62, 215,
       167, 243, 107, 187, 173, 28, 5, 240, 29, 156, 76, 22, 210, 63,
       253, 91, 87, 34, 254, 62, 63, 245, 214, 55, 237, 93, 123, 231, 68,
       223, 116, 253, 127, 188, 116, 251, 213, 99, 102, 247, 46, 195,
       119, 222, 254, 244, 29, 114, 158, 126, 169, 214, 44, 85, 190, 66,
       120, 201, 124, 112, 93, 57, 47, 213, 52, 245, 110, 153, 164, 24,
       5, 240, 29, 156, 73, 16, 242, 51, 189, 88, 87, 32, 250, 9, 6, 132,
       170, 9, 248, 160, 4, 61, 120, 78, 5, 24, 61, 43, 165, 77, 58, 129,
       160, 224, 65, 95, 121, 81, 9, 8, 134, 108, 193, 171, 199, 149,
       128, 83, 32, 117, 194, 44, 40, 108, 21, 74, 165, 84, 129, 118,
       225, 185, 72, 137, 12, 244, 13, 152, 9, 55, 192, 167, 180, 194,
       67, 4, 78, 178, 241, 88, 134, 55, 128, 95, 8, 214, 3, 181, 248,
       189, 10, 36, 84, 127, 182, 22, 145, 3, 50, 227, 100, 180, 151,
       241, 59, 19, 185, 213, 40, 132, 172, 142, 222, 234, 121, 171, 223,
       2, 203, 37, 105, 144, 92, 180, 44, 211, 174, 18, 5, 40, 16, 244,
       115, 24, 50, 56, 57, 57, 157, 58, 219, 125, 47, 247, 176, 16, 111,
       33, 255, 240, 252, 194, 53, 93, 245, 155, 230, 235, 204, 195, 98,
       117, 161, 204, 178, 95, 40, 132, 129, 232, 132, 58, 203, 253, 38,
       85, 186, 21, 114, 205, 124, 220, 84, 24, 134, 68, 163, 99, 236,
       153, 44, 73, 9, 240, 31, 156, 73, 12, 240, 3, 188, 90, 70, 32,
       248, 5, 142, 199, 129, 216, 245, 167, 248, 184, 255, 10, 79, 131,
       63, 235, 165, 139, 109, 233, 43, 252, 101, 94, 249, 65, 255, 25,
       166, 60, 67, 35, 95, 223, 194, 223, 32, 117, 184, 237, 38, 116,
       52, 106, 167, 85, 96, 125, 243, 184, 220, 56, 33, 213, 253, 156,
       76, 54, 204, 151, 173, 202, 215, 36, 126, 5, 15, 174, 152, 0, 93,
       36, 87, 33, 198, 2, 132, 80, 165, 187, 131, 137, 104, 225, 106,
       20, 84, 86, 131, 89, 117, 21, 160, 0, 134, 58, 65, 197, 18, 83,
       168, 16, 232, 104, 8, 52, 52, 56, 167, 55, 212, 119, 234, 25, 168,
       40, 52, 147, 93, 24, 24, 19, 194, 3, 165, 64, 211, 73, 226, 133,
       141, 174, 209, 0, 84, 217, 227, 40, 199, 47, 198, 210, 109, 210,
       166, 129, 88, 36, 107, 22, 228, 228, 98, 93, 150, 151, 34, 80, 14,
       18, 91, 246, 18, 85, 170, 18, 122, 235, 184, 80, 60, 56, 174, 146,
       22, 113, 107, 25, 172, 56, 5, 209, 29, 156, 8, 17, 194, 51, 189,
       72, 87, 33, 250, 38, 205, 200, 190, 47, 138, 92, 3, 39, 65, 61,
       250, 186, 126, 100, 92, 161, 147, 36, 211, 199, 55, 209, 99, 119,
       215, 145, 63, 82, 186, 23, 97, 151, 44, 87, 154, 202, 88, 235,
       124, 114, 223, 60, 105, 213, 20, 245, 111, 145, 174, 24, 5, 240,
       21, 156, 73, 16, 243, 51, 189, 88, 87, 32, 250, 134, 201, 3, 157,
       139, 64, 217, 201, 12, 193, 45, 202, 147, 96, 115, 236, 137, 20,
       36, 67, 78, 172, 166, 98, 15, 151, 145, 35, 147, 170, 19, 27, 183,
       52, 85, 154, 82, 112, 235, 182, 242, 124, 36, 107, 208, 22, 241,
       43, 153, 172, 16, 5, 208, 31, 156, 73, 16, 242, 48, 61, 88, 87,
       32, 249, 38, 54, 113, 0, 156, 140, 6, 65, 194, 106, 2, 83, 193, 5,
       144, 85, 226, 213, 7, 96, 193, 34, 137, 116, 76, 156, 45, 15, 18,
       14, 49, 106, 213, 36, 85, 186, 82, 120, 41, 116, 96, 84, 24, 15,
       212, 20, 244, 77, 153, 172, 24, 4, 240, 29, 156, 73, 16, 242, 51,
       188, 88, 87, 32, 248, 5, 142, 133, 140, 8, 205, 161, 119, 185,
       220, 14, 5, 17, 117, 155, 164, 139, 104, 225, 34, 212, 41, 94,
       243, 89, 105, 20, 36, 44, 200, 27, 79, 213, 32, 65, 176, 20, 210,
       233, 44, 117, 53, 58, 167, 101, 176, 245, 107, 185, 172, 201, 9,
       176, 29, 156, 73, 38, 194, 3, 173, 74, 71, 33, 250, 54, 176, 33,
       130, 156, 132, 129, 69, 198, 102, 16, 80, 129, 10, 145, 85, 234,
       212, 3, 96, 193, 34, 195, 68, 76, 136, 164, 43, 82, 8, 49, 106,
       197, 36, 85, 186, 82, 120, 169, 116, 112, 92, 16, 15, 208, 20,
       177, 79, 153, 172, 24, 5, 240, 29, 156, 65, 16, 242, 51, 188, 88,
       87, 32, 251, 34, 212, 8, 2, 223, 128, 14, 9, 38, 3, 49, 106, 168,
       10, 36, 21, 100, 51, 4, 144, 193, 38, 145, 100, 64, 148, 105, 47,
       18, 58, 129, 96, 130, 172, 158, 150, 106, 8, 41, 83, 96, 202, 0,
       137, 208, 84, 180, 13, 16, 246, 16, 0, 36, 0, 200, 97, 16, 51,
       178, 180, 24, 83, 32, 8, 5, 178, 214, 65, 249, 179, 163, 252, 56,
       189, 198, 117, 164, 59, 131, 65, 106, 253, 153, 42, 225, 1, 206,
       121, 46, 232, 24, 7, 124, 77, 97, 95, 253, 225, 92, 51, 116, 242,
       45, 54, 213, 84, 74, 22, 65, 129, 217, 193, 152, 125, 29, 37, 245,
       124, 157, 73, 118, 222, 167, 140, 216, 71, 36, 223, 61, 255, 255,
       255, 63, 253, 253, 126, 253, 253, 254, 249, 255, 127, 252, 222,
       251, 255, 227, 251, 245, 127, 211, 255, 253, 127, 247, 255, 127,
       223, 247, 239, 223, 108, 87, 190, 255, 120, 249, 125, 120, 93,
       251, 47, 245, 53, 247, 111, 185, 174, 153, 79, 240, 29, 158, 93,
       54, 243, 119, 191, 251, 223, 172, 254, 7, 4, 64, 34, 217, 128, 3,
       72, 36, 3, 0, 34, 160, 75, 132, 5, 66, 53, 5, 68, 72, 130, 136,
       96, 70, 152, 9, 9, 146, 8, 33, 1, 16, 36, 84, 154, 0, 48, 5, 22,
       0, 66, 24, 137, 64, 24, 228, 21, 1, 36, 16, 4, 65, 16, 140, 41,
       24, 32, 49, 188, 8, 86, 32, 177, 66, 1, 144, 146, 1, 130, 0, 6, 2,
       34, 3, 4, 16, 194, 1, 18, 102, 210, 0, 6, 202, 161, 193, 3, 8,
       130, 160, 12, 18, 8, 16, 105, 83, 38, 85, 186, 18, 104, 67, 84,
       144, 64, 24, 10, 64, 20, 193, 78, 145, 44, 24, 5, 48, 24, 156, 73,
       16, 114, 51, 189, 88, 86, 32, 250, 175, 182, 84, 227, 221, 168,
       227, 88, 124, 121, 134, 123, 172, 91, 224, 85, 98, 245, 133, 34,
       229, 46, 139, 124, 38, 154, 33, 35, 222, 73, 33, 127, 215, 230,
       92, 178, 119, 249, 109, 182, 209, 84, 74, 15, 64, 1, 217, 211,
       136, 53, 24, 36, 244, 132, 143, 105, 16, 240, 183, 143, 216, 87,
       36, 253, 26, 241, 155, 254, 55, 51, 88, 46, 82, 170, 117, 184, 50,
       194, 39, 90, 44, 214, 48, 219, 135, 61, 229, 27, 173, 131, 226,
       221, 83, 105, 180, 106, 247, 182, 180, 242, 127, 125, 242, 113,
       50, 235, 247, 104, 178, 21, 193, 110, 223, 170, 58, 199, 104, 25,
       116, 72, 145, 179, 59, 219, 57, 58, 227, 247, 45, 22, 239, 229,
       191, 181, 185, 248, 188, 254, 210, 87, 221, 125, 185, 69, 136,
       253, 203, 106, 244, 118, 218, 121, 45, 188, 22, 182, 124, 87, 119,
       223, 87, 96, 223, 184, 246, 250, 249, 61, 125, 117, 223, 62, 197,
