%YAML:1.0
descriptors: !!opencv-matrix
   rows: 34
   cols: 64
   dt: u
   data: [ 59, 245, 125, 254, 62, 189, 253, 121, 255, 255, 253, 249, 253,
       123, 188, 93, 255, 246, 99, 251, 245, 118, 211, 247, 253, 191,
       245, 251, 127, 255, 245, 235, 223, 108, 215, 190, 223, 120, 249,
       125, 120, 223, 123, 47, 244, 117, 247, 111, 185, 174, 152, 15,
       240, 29, 156, 93, 52, 243, 115, 189, 251, 223, 44, 250, 255, 255,
       255, 255, 119, 255, 255, 255, 255, 255, 253, 251, 255, 191, 255,
       255, 255, 255, 127, 255, 191, 255, 247, 127, 253, 255, 255, 255,
       127, 255, 255, 255, 255, 253, 255, 255, 255, 125, 253, 255, 127,
       221, 255, 255, 255, 255, 255, 127, 255, 191, 255, 143, 251, 255,
       254, 255, 248, 255, 255, 223, 255, 223, 188, 254, 255, 255, 255,
       247, 255, 191, 255, 121, 255, 255, 253, 250, 255, 251, 244, 93,
       246, 247, 111, 115, 253, 103, 211, 127, 223, 255, 247, 255, 122,
       31, 243, 235, 215, 44, 86, 190, 90, 120, 249, 124, 124, 94, 56,
       47, 213, 21, 245, 111, 153, 172, 24, 5, 240, 29, 157, 73, 16, 242,
       51, 189, 88, 87, 32, 250, 253, 255, 255, 253, 56, 255, 255, 255,
       253, 253, 254, 253, 255, 255, 223, 238, 235, 221, 255, 107, 253,
       47, 254, 255, 125, 255, 183, 183, 127, 95, 55, 255, 215, 39, 117,
       187, 215, 251, 249, 116, 123, 124, 251, 191, 255, 55, 255, 111,
       153, 172, 28, 5, 240, 29, 157, 77, 16, 246, 115, 191, 90, 87, 33,
       254, 30, 186, 219, 247, 253, 178, 251, 220, 222, 251, 64, 249,
       167, 91, 131, 89, 106, 215, 185, 43, 197, 45, 206, 123, 47, 202,
       114, 39, 94, 73, 49, 111, 247, 163, 92, 179, 119, 253, 237, 119,
       241, 94, 234, 110, 219, 21, 217, 123, 185, 188, 24, 5, 244, 61,
       156, 73, 20, 242, 183, 191, 218, 87, 33, 255, 13, 255, 119, 245,
       249, 173, 227, 88, 189, 125, 234, 119, 207, 125, 248, 101, 226,
       253, 207, 106, 247, 46, 152, 123, 79, 238, 6, 151, 124, 71, 57,
       223, 115, 227, 127, 186, 117, 250, 253, 183, 223, 117, 218, 86,
       232, 135, 239, 211, 168, 53, 56, 117, 250, 190, 143, 77, 25, 222,
       247, 175, 202, 110, 167, 188, 124, 175, 255, 253, 114, 127, 255,
       255, 221, 252, 238, 189, 81, 244, 251, 238, 155, 221, 251, 110,
       127, 249, 222, 155, 93, 111, 150, 148, 109, 215, 62, 223, 239, 19,
       103, 251, 149, 254, 253, 124, 250, 61, 247, 54, 127, 183, 103,
       234, 191, 172, 239, 255, 211, 95, 157, 92, 196, 236, 75, 235, 95,
       78, 107, 246, 63, 255, 253, 254, 63, 253, 253, 127, 127, 254, 213,
       249, 255, 127, 188, 221, 255, 254, 225, 251, 247, 125, 211, 251,
       253, 255, 243, 255, 127, 255, 245, 239, 223, 118, 215, 186, 255,
       120, 251, 125, 116, 253, 251, 111, 245, 149, 247, 111, 155, 174,
       153, 79, 240, 29, 158, 93, 63, 243, 119, 191, 219, 255, 173, 254,
       40, 137, 239, 252, 38, 127, 253, 119, 181, 220, 84, 209, 91, 184,
       62, 78, 137, 221, 227, 107, 244, 119, 194, 243, 121, 107, 148,
       180, 121, 212, 54, 233, 223, 56, 83, 176, 247, 120, 232, 125, 120,
       63, 59, 47, 245, 53, 247, 111, 187, 172, 153, 15, 240, 29, 156,
       92, 54, 243, 55, 189, 123, 87, 32, 250, 54, 241, 121, 158, 55,
       156, 93, 11, 199, 70, 61, 176, 189, 122, 180, 86, 255, 246, 34,
       241, 135, 54, 209, 103, 221, 151, 229, 125, 18, 186, 212, 41, 130,
       60, 71, 158, 202, 120, 227, 93, 48, 219, 53, 41, 180, 20, 245, 46,
       147, 174, 144, 7, 48, 25, 156, 81, 16, 115, 50, 189, 120, 215, 40,
       250, 251, 222, 255, 239, 255, 255, 191, 253, 253, 255, 254, 223,
       255, 189, 127, 253, 255, 213, 63, 111, 124, 135, 174, 60, 111,
       253, 189, 62, 223, 83, 122, 191, 245, 101, 93, 251, 82, 119, 173,
       246, 243, 94, 122, 62, 221, 158, 216, 181, 141, 141, 94, 133, 249,
       191, 159, 105, 208, 252, 33, 188, 92, 87, 50, 185, 9, 198, 45,
       137, 175, 221, 135, 56, 189, 255, 6, 207, 153, 61, 121, 5, 137,
       125, 225, 41, 208, 119, 218, 121, 105, 245, 29, 38, 124, 83, 51,
       95, 215, 224, 219, 32, 82, 249, 232, 42, 116, 124, 106, 47, 213,
       20, 116, 115, 25, 136, 24, 5, 245, 29, 156, 8, 16, 194, 51, 189,
       194, 215, 40, 254, 178, 49, 89, 214, 55, 128, 93, 8, 214, 131, 53,
       242, 191, 66, 20, 82, 118, 215, 4, 19, 134, 60, 227, 103, 172,
       146, 227, 127, 18, 169, 213, 40, 22, 164, 60, 158, 74, 121, 194,
       215, 80, 202, 165, 105, 178, 20, 209, 63, 211, 174, 16, 7, 104,
       16, 188, 105, 16, 114, 50, 251, 121, 21, 32, 187, 124, 191, 247,
       252, 122, 239, 245, 123, 245, 252, 206, 181, 117, 254, 249, 236,
       243, 253, 227, 98, 245, 47, 208, 247, 95, 238, 166, 151, 122, 222,
       127, 239, 239, 39, 103, 190, 213, 250, 249, 124, 121, 93, 122,
       166, 237, 247, 247, 111, 185, 172, 152, 13, 242, 29, 156, 73, 48,
       242, 115, 189, 90, 71, 33, 250, 68, 35, 243, 145, 16, 70, 32, 247,
       64, 230, 128, 22, 64, 132, 147, 66, 235, 196, 35, 102, 11, 133,
       78, 147, 78, 201, 188, 169, 66, 12, 50, 27, 113, 6, 85, 186, 16,
       120, 69, 84, 48, 64, 56, 38, 69, 28, 65, 164, 153, 44, 56, 21,
       240, 28, 148, 73, 16, 240, 1, 189, 88, 70, 32, 242, 7, 38, 195,
       161, 221, 224, 161, 220, 156, 251, 194, 117, 163, 75, 131, 69, 74,
       92, 129, 66, 232, 5, 206, 121, 70, 136, 42, 39, 94, 9, 33, 79,
       117, 162, 93, 179, 117, 246, 45, 54, 193, 68, 74, 14, 67, 1, 89,
       211, 24, 60, 24, 5, 245, 156, 156, 105, 144, 226, 167, 189, 200,
       23, 32, 246, 63, 255, 253, 254, 55, 253, 221, 59, 255, 222, 253,
       249, 255, 127, 252, 95, 255, 246, 98, 251, 247, 126, 211, 247,
       253, 255, 247, 251, 127, 255, 255, 235, 207, 126, 215, 190, 255,
       120, 251, 125, 124, 221, 251, 239, 247, 113, 247, 111, 187, 190,
       153, 75, 240, 29, 222, 85, 63, 243, 119, 255, 251, 255, 237, 218,
       19, 17, 16, 118, 201, 130, 70, 8, 2, 0, 17, 66, 132, 67, 4, 16,
       100, 135, 4, 70, 198, 44, 128, 67, 138, 154, 226, 77, 146, 32,
       192, 41, 22, 38, 16, 158, 3, 64, 82, 196, 0, 226, 152, 73, 192,
       28, 229, 15, 145, 164, 16, 68, 96, 0, 156, 73, 17, 50, 115, 187,
       24, 119, 161, 233, 121, 30, 117, 143, 252, 255, 167, 248, 250,
       125, 218, 31, 237, 125, 219, 244, 255, 215, 91, 100, 248, 129,
       139, 252, 202, 252, 253, 190, 254, 2, 243, 191, 221, 37, 85, 191,
       87, 115, 237, 116, 125, 92, 24, 63, 197, 171, 252, 21, 157, 173,
       24, 5, 240, 191, 156, 73, 64, 254, 51, 188, 88, 71, 32, 248, 8,
       134, 45, 232, 42, 253, 181, 117, 189, 254, 214, 69, 217, 125, 57,
       4, 141, 120, 227, 226, 244, 114, 90, 251, 121, 125, 149, 182, 108,
       215, 55, 203, 223, 88, 195, 32, 255, 232, 248, 41, 124, 61, 123,
       167, 245, 245, 247, 107, 187, 232, 137, 11, 246, 29, 216, 24, 55,
       195, 247, 189, 226, 219, 108, 254, 68, 43, 195, 210, 216, 130,
       231, 106, 64, 56, 2, 117, 131, 199, 145, 64, 226, 213, 33, 102,
       199, 45, 138, 115, 78, 218, 34, 15, 210, 8, 48, 79, 87, 39, 85,
       187, 82, 118, 111, 116, 80, 116, 152, 14, 205, 20, 245, 207, 153,
       44, 24, 5, 240, 29, 156, 73, 16, 242, 51, 189, 88, 87, 33, 248,
       59, 240, 223, 247, 191, 176, 217, 56, 254, 189, 213, 251, 239, 91,
       132, 89, 246, 215, 38, 59, 231, 110, 203, 127, 173, 186, 227, 127,
       126, 123, 229, 239, 215, 236, 188, 54, 254, 249, 251, 247, 89,
       220, 235, 111, 243, 17, 249, 127, 185, 254, 25, 71, 252, 148, 158,
       109, 20, 243, 247, 223, 248, 127, 165, 255, 59, 21, 60, 246, 39,
       181, 93, 9, 231, 231, 49, 128, 189, 104, 52, 87, 246, 247, 96,
       243, 190, 118, 211, 127, 220, 186, 227, 126, 82, 176, 245, 235,
       199, 44, 150, 190, 202, 120, 240, 123, 112, 74, 53, 173, 214, 16,
       245, 111, 153, 174, 24, 7, 224, 29, 156, 81, 17, 243, 115, 189,
       120, 215, 40, 250, 127, 182, 125, 199, 255, 255, 155, 89, 255,
       255, 151, 254, 237, 127, 249, 117, 250, 247, 75, 115, 245, 103,
       211, 116, 205, 254, 253, 127, 126, 30, 247, 107, 215, 44, 215,
       190, 90, 122, 233, 117, 112, 92, 58, 47, 213, 20, 245, 111, 153,
