%YAML:1.0
descriptors: !!opencv-matrix
   rows: 96
   cols: 64
   dt: u
   data: [ 63, 179, 253, 190, 63, 253, 189, 126, 247, 254, 222, 241, 253,
       127, 185, 87, 255, 254, 99, 243, 245, 102, 211, 247, 221, 191,
       229, 251, 122, 222, 245, 235, 223, 44, 87, 190, 223, 120, 233,
       125, 120, 92, 59, 47, 212, 53, 247, 111, 153, 172, 24, 5, 240, 29,
       156, 73, 16, 242, 51, 189, 90, 87, 32, 250, 60, 176, 253, 190, 63,
       181, 253, 126, 214, 254, 213, 241, 125, 126, 182, 86, 255, 214,
       99, 99, 245, 55, 195, 119, 205, 186, 244, 223, 82, 221, 245, 235,
       215, 44, 85, 190, 83, 120, 233, 124, 120, 92, 49, 47, 213, 53,
       247, 111, 153, 172, 24, 5, 240, 29, 156, 73, 16, 242, 51, 189, 88,
       87, 32, 250, 63, 182, 125, 254, 63, 181, 189, 124, 246, 254, 214,
       117, 237, 127, 185, 85, 255, 254, 67, 114, 245, 98, 195, 119, 205,
       190, 228, 255, 90, 92, 241, 235, 223, 44, 85, 190, 91, 120, 233,
       116, 120, 92, 58, 47, 212, 53, 247, 111, 153, 172, 24, 5, 240, 29,
       156, 73, 16, 242, 51, 189, 88, 87, 32, 250, 62, 182, 253, 254, 62,
       253, 189, 125, 247, 254, 223, 245, 253, 127, 185, 118, 251, 254,
       99, 99, 245, 119, 211, 247, 221, 254, 244, 255, 122, 223, 247,
       235, 215, 44, 87, 190, 223, 120, 233, 124, 120, 93, 121, 47, 213,
       53, 247, 111, 153, 172, 24, 5, 240, 29, 156, 73, 16, 242, 51, 189,
       90, 87, 32, 250, 61, 183, 253, 254, 50, 189, 57, 123, 214, 92,
       215, 245, 125, 122, 188, 84, 254, 150, 67, 115, 245, 38, 209, 247,
       221, 186, 228, 223, 66, 156, 245, 233, 207, 44, 69, 190, 219, 120,
       233, 124, 120, 92, 57, 175, 212, 53, 247, 111, 153, 172, 24, 5,
       240, 29, 156, 73, 16, 242, 51, 189, 88, 87, 32, 250, 60, 181, 125,
       190, 63, 181, 255, 121, 246, 252, 252, 241, 253, 126, 180, 85,
       251, 215, 99, 99, 245, 54, 211, 119, 221, 255, 245, 255, 90, 220,
       245, 235, 215, 44, 87, 190, 82, 120, 233, 116, 120, 93, 56, 47,
       213, 53, 245, 111, 153, 172, 24, 5, 240, 29, 156, 73, 16, 242, 51,
       189, 88, 87, 32, 250, 6, 177, 89, 30, 55, 153, 28, 88, 114, 0,
       133, 160, 124, 82, 173, 81, 234, 214, 0, 240, 197, 32, 65, 115,
       196, 152, 224, 77, 82, 12, 149, 96, 215, 36, 85, 186, 90, 120,
       233, 116, 112, 93, 56, 47, 212, 84, 245, 111, 153, 172, 24, 5,
       240, 29, 156, 73, 16, 242, 51, 189, 88, 87, 32, 250, 62, 177, 253,
       222, 54, 159, 93, 123, 247, 254, 191, 242, 253, 126, 188, 86, 255,
       215, 98, 99, 213, 119, 209, 119, 221, 255, 245, 127, 122, 220,
       245, 235, 215, 44, 87, 190, 210, 120, 249, 124, 112, 93, 61, 47,
       213, 52, 245, 111, 153, 172, 24, 5, 240, 29, 156, 73, 16, 242, 51,
       189, 89, 87, 32, 250, 50, 51, 81, 150, 57, 130, 31, 8, 230, 4, 17,
       112, 45, 107, 144, 80, 246, 214, 0, 34, 193, 34, 193, 102, 204,
       130, 228, 79, 18, 8, 209, 104, 215, 36, 84, 190, 82, 120, 193, 84,
       80, 88, 24, 15, 208, 20, 193, 79, 153, 172, 24, 5, 240, 24, 156,
       73, 16, 114, 51, 189, 88, 87, 32, 250, 2, 0, 80, 130, 155, 136, 6,
       9, 102, 0, 3, 96, 176, 6, 164, 81, 234, 150, 0, 0, 193, 34, 195,
       101, 68, 144, 224, 13, 18, 40, 17, 96, 149, 36, 85, 154, 66, 120,
       137, 84, 32, 88, 24, 9, 212, 20, 244, 79, 145, 172, 24, 4, 176,
       17, 156, 73, 16, 114, 50, 189, 88, 87, 32, 250, 199, 32, 65, 162,
       217, 32, 35, 72, 64, 32, 225, 50, 97, 130, 128, 81, 98, 84, 5, 68,
       11, 128, 168, 48, 14, 136, 40, 9, 210, 8, 32, 25, 112, 37, 20,
       154, 0, 114, 5, 214, 130, 66, 24, 10, 64, 14, 200, 148, 8, 36, 80,
       4, 96, 26, 133, 105, 144, 48, 33, 152, 76, 6, 34, 177, 199, 48,
       81, 162, 221, 32, 3, 72, 66, 1, 163, 112, 33, 74, 128, 81, 98, 84,
       5, 68, 75, 128, 169, 40, 14, 136, 40, 11, 146, 8, 33, 61, 112, 39,
       28, 155, 2, 116, 5, 214, 129, 66, 24, 10, 72, 12, 200, 148, 0, 36,
       80, 4, 104, 26, 133, 97, 144, 48, 33, 156, 76, 6, 48, 177, 13, 6,
       237, 168, 25, 253, 161, 126, 181, 254, 198, 181, 89, 61, 185, 71,
       139, 124, 195, 104, 240, 86, 218, 115, 77, 168, 4, 133, 120, 68,
       49, 203, 221, 0, 87, 186, 83, 120, 233, 60, 124, 84, 58, 39, 84,
       181, 119, 107, 25, 172, 24, 4, 240, 29, 156, 8, 16, 226, 51, 189,
       72, 87, 32, 250, 197, 34, 81, 166, 216, 0, 35, 72, 0, 1, 2, 55,
       128, 67, 128, 64, 98, 85, 133, 100, 73, 136, 136, 104, 14, 136, 8,
       1, 146, 8, 49, 29, 48, 167, 60, 155, 0, 242, 5, 150, 129, 64, 24,
       2, 72, 12, 200, 145, 0, 36, 80, 52, 65, 18, 133, 41, 0, 40, 33, 8,
       76, 6, 48, 177, 209, 83, 17, 215, 217, 130, 98, 88, 2, 57, 32, 91,
       162, 211, 132, 25, 98, 199, 189, 39, 202, 45, 170, 107, 46, 218,
       43, 47, 150, 9, 0, 45, 18, 167, 60, 147, 32, 253, 55, 214, 193,
       226, 138, 83, 201, 8, 217, 151, 68, 21, 80, 180, 109, 226, 143,
       171, 65, 60, 50, 15, 76, 21, 149, 189, 84, 43, 147, 247, 200, 130,
       226, 229, 74, 64, 66, 21, 81, 198, 219, 240, 98, 85, 153, 102, 78,
       169, 142, 3, 14, 138, 34, 13, 130, 136, 48, 28, 114, 39, 125, 155,
       0, 246, 71, 150, 129, 96, 148, 66, 72, 142, 201, 150, 77, 36, 87,
       244, 19, 82, 5, 235, 193, 104, 8, 42, 76, 4, 51, 181, 151, 80, 16,
       38, 253, 128, 26, 8, 2, 3, 129, 98, 164, 67, 4, 17, 116, 131, 4,
       144, 195, 36, 1, 72, 132, 146, 225, 91, 146, 40, 193, 96, 18, 180,
       156, 14, 42, 8, 34, 195, 0, 202, 9, 73, 160, 88, 144, 29, 0, 247,
       16, 3, 44, 128, 126, 99, 16, 19, 144, 16, 52, 83, 240, 9, 62, 166,
       253, 172, 35, 221, 57, 111, 245, 220, 212, 245, 125, 62, 188, 86,
       251, 184, 227, 121, 245, 54, 208, 247, 221, 185, 244, 211, 106,
       220, 117, 233, 207, 40, 71, 190, 255, 120, 233, 124, 120, 93, 57,
       175, 213, 53, 247, 111, 185, 172, 152, 13, 240, 29, 156, 73, 22,
       242, 55, 189, 90, 87, 40, 250, 183, 54, 81, 162, 221, 160, 35, 72,
       230, 73, 130, 115, 165, 11, 160, 85, 226, 213, 5, 96, 73, 130,
       129, 116, 6, 152, 104, 9, 210, 8, 33, 41, 80, 36, 84, 186, 66,
       112, 1, 212, 192, 64, 24, 11, 64, 5, 192, 69, 136, 36, 24, 4, 96,
       28, 140, 73, 16, 176, 51, 156, 88, 86, 32, 185, 231, 100, 227,
       131, 221, 6, 7, 202, 134, 101, 128, 115, 163, 202, 130, 93, 234,
       213, 55, 100, 73, 143, 168, 100, 78, 223, 57, 47, 210, 10, 50, 61,
       208, 39, 20, 187, 66, 112, 37, 212, 81, 64, 24, 11, 73, 28, 252,
       133, 137, 36, 80, 4, 112, 26, 140, 75, 16, 240, 33, 157, 92, 87,
       32, 248, 51, 213, 88, 158, 191, 137, 95, 9, 118, 65, 53, 250, 189,
       90, 36, 85, 244, 183, 36, 147, 199, 62, 145, 102, 240, 215, 225,
       127, 114, 123, 213, 97, 135, 44, 22, 158, 202, 88, 235, 117, 112,
       223, 61, 105, 213, 84, 245, 111, 145, 174, 152, 13, 240, 9, 216,
       65, 56, 179, 114, 191, 56, 95, 164, 218, 18, 17, 24, 22, 4, 128,
       92, 2, 2, 2, 17, 64, 132, 66, 4, 18, 116, 3, 0, 147, 130, 44, 64,
       67, 128, 146, 226, 92, 2, 40, 197, 96, 134, 60, 0, 174, 138, 8,
       82, 65, 64, 202, 181, 201, 176, 80, 165, 79, 17, 162, 24, 67, 96,
       24, 28, 65, 25, 51, 115, 179, 56, 115, 225, 235, 60, 58, 119, 245,
       152, 101, 233, 248, 220, 190, 210, 55, 101, 79, 217, 244, 242,
       220, 199, 42, 245, 170, 140, 190, 173, 170, 38, 131, 222, 79, 115,
       254, 115, 195, 253, 255, 52, 246, 113, 245, 221, 68, 211, 94, 106,
       167, 72, 211, 170, 61, 127, 241, 250, 190, 141, 77, 196, 184, 239,
       202, 207, 14, 35, 180, 21, 50, 211, 3, 216, 128, 162, 244, 66,
       145, 6, 119, 128, 82, 131, 80, 98, 197, 129, 34, 193, 5, 143, 65,
       14, 136, 40, 15, 150, 8, 17, 127, 119, 7, 84, 154, 16, 242, 13,
       212, 209, 80, 8, 6, 72, 4, 73, 199, 153, 44, 25, 52, 240, 24, 140,
       73, 16, 120, 34, 140, 72, 7, 33, 248, 37, 70, 96, 138, 217, 140,
       7, 73, 164, 70, 41, 34, 145, 47, 180, 69, 195, 117, 33, 100, 73,
       6, 24, 96, 84, 213, 25, 45, 146, 138, 17, 1, 194, 4, 87, 154, 0,
       120, 45, 30, 36, 64, 56, 161, 85, 88, 244, 5, 16, 164, 16, 0, 34,
       25, 140, 9, 16, 96, 49, 188, 72, 87, 32, 250, 178, 80, 72, 130,
