%YAML:1.0
descriptors: !!opencv-matrix
   rows: 64
   cols: 64
   dt: u
   data: [ 61, 254, 125, 239, 191, 253, 255, 121, 255, 255, 207, 253,
       253, 127, 252, 253, 255, 255, 227, 251, 245, 118, 83, 255, 245,
       127, 245, 255, 126, 255, 247, 231, 223, 124, 199, 190, 255, 121,
       249, 125, 124, 93, 123, 175, 245, 117, 247, 111, 185, 174, 152,
       15, 240, 29, 158, 93, 54, 243, 119, 189, 250, 223, 44, 250, 95,
       34, 221, 58, 107, 155, 58, 108, 250, 186, 219, 180, 252, 119, 171,
       114, 226, 155, 11, 243, 205, 103, 195, 255, 205, 202, 236, 239,
       66, 13, 177, 106, 223, 44, 69, 190, 91, 122, 233, 116, 120, 92,
       56, 47, 213, 53, 247, 111, 153, 172, 24, 5, 240, 29, 156, 73, 16,
       242, 51, 189, 88, 87, 32, 250, 255, 254, 127, 255, 255, 191, 223,
       216, 255, 255, 253, 250, 255, 123, 246, 253, 243, 247, 126, 123,
       255, 255, 187, 124, 239, 255, 255, 127, 255, 127, 255, 255, 215,
       237, 222, 255, 218, 125, 253, 247, 242, 223, 107, 63, 209, 30,
       253, 63, 157, 189, 30, 5, 248, 189, 159, 111, 80, 246, 115, 191,
       220, 223, 58, 191, 254, 41, 227, 177, 214, 111, 39, 255, 205, 103,
       217, 58, 243, 206, 182, 78, 251, 213, 123, 103, 95, 141, 226, 55,
       94, 223, 190, 47, 210, 156, 50, 169, 195, 39, 87, 187, 66, 124,
       229, 116, 112, 88, 52, 47, 221, 28, 229, 175, 157, 172, 24, 5,
       243, 61, 156, 75, 80, 252, 49, 189, 88, 87, 48, 250, 237, 235,
       247, 245, 112, 111, 241, 254, 252, 253, 238, 251, 79, 251, 214,
       238, 235, 221, 255, 111, 127, 143, 230, 183, 79, 111, 159, 183,
       253, 14, 50, 175, 223, 39, 116, 251, 87, 124, 253, 252, 219, 124,
       186, 183, 217, 59, 127, 238, 141, 164, 127, 209, 209, 127, 159,
       76, 80, 252, 99, 191, 88, 87, 33, 251, 127, 20, 108, 158, 127,
       159, 23, 124, 39, 100, 189, 176, 61, 58, 180, 71, 226, 212, 1,
       244, 137, 51, 225, 48, 76, 169, 168, 13, 115, 28, 61, 105, 241,
       36, 20, 186, 66, 112, 129, 214, 146, 219, 28, 15, 208, 30, 196,
       78, 153, 172, 24, 5, 112, 29, 149, 73, 16, 242, 51, 188, 88, 86,
       34, 249, 63, 54, 117, 166, 63, 253, 43, 125, 244, 126, 210, 55,
       253, 63, 154, 118, 242, 221, 67, 112, 241, 35, 195, 118, 221, 168,
       244, 139, 82, 30, 243, 235, 223, 44, 85, 190, 83, 120, 233, 124,
       120, 92, 56, 47, 212, 53, 247, 111, 153, 172, 24, 5, 240, 29, 156,
       73, 16, 242, 51, 189, 88, 87, 32, 250, 63, 191, 253, 254, 63, 253,
       253, 127, 255, 254, 223, 253, 253, 126, 253, 255, 255, 246, 99,
       251, 245, 118, 211, 247, 253, 255, 245, 251, 127, 255, 247, 235,
       207, 108, 215, 190, 254, 120, 249, 125, 120, 93, 123, 47, 245,
       245, 247, 111, 185, 174, 152, 15, 240, 29, 156, 93, 52, 243, 119,
       191, 251, 223, 44, 250, 63, 180, 237, 170, 159, 157, 27, 12, 247,
       127, 176, 248, 253, 43, 182, 92, 242, 244, 67, 112, 249, 83, 219,
       124, 124, 161, 236, 59, 123, 153, 121, 239, 213, 236, 158, 190,
       202, 121, 33, 254, 246, 206, 104, 141, 208, 16, 240, 89, 155, 172,
       24, 4, 224, 29, 158, 93, 24, 242, 179, 188, 218, 215, 42, 253, 12,
       39, 245, 152, 16, 111, 37, 127, 165, 68, 206, 148, 81, 189, 191,
       231, 203, 92, 227, 100, 112, 128, 244, 178, 93, 173, 148, 9, 81,
       14, 50, 137, 212, 4, 85, 186, 16, 112, 201, 116, 48, 28, 56, 39,
       84, 180, 101, 108, 153, 172, 92, 4, 240, 29, 148, 73, 16, 226, 35,
       189, 88, 71, 32, 250, 124, 33, 239, 152, 22, 103, 121, 255, 212,
       206, 215, 180, 89, 170, 155, 198, 235, 212, 99, 103, 5, 161, 228,
       51, 13, 139, 180, 9, 83, 12, 50, 105, 244, 36, 85, 186, 82, 120,
       193, 116, 112, 92, 56, 46, 214, 20, 65, 110, 153, 172, 26, 5, 240,
       29, 156, 73, 16, 242, 51, 185, 88, 86, 32, 250, 190, 240, 121,
       246, 191, 164, 125, 123, 214, 121, 213, 115, 239, 74, 148, 84,
       242, 215, 71, 83, 241, 46, 169, 127, 190, 154, 230, 155, 218, 249,
       245, 238, 135, 172, 4, 254, 254, 57, 241, 247, 89, 203, 215, 203,
       192, 53, 129, 79, 171, 166, 153, 139, 248, 28, 156, 89, 64, 178,
       247, 219, 186, 23, 166, 253, 61, 63, 255, 116, 62, 55, 249, 254,
       213, 188, 214, 241, 127, 251, 219, 214, 254, 206, 227, 251, 245,
       126, 197, 255, 157, 58, 246, 219, 110, 213, 245, 254, 255, 104,
       228, 190, 255, 58, 241, 125, 220, 93, 251, 190, 226, 225, 147,
       111, 186, 191, 141, 203, 242, 29, 157, 85, 110, 247, 87, 219, 251,
       191, 237, 254, 45, 166, 101, 35, 157, 189, 163, 88, 252, 124, 194,
       117, 237, 63, 169, 69, 234, 252, 131, 96, 241, 34, 219, 116, 68,
       188, 36, 167, 126, 14, 49, 207, 221, 36, 87, 186, 83, 122, 169,
       116, 125, 84, 26, 175, 212, 97, 246, 111, 152, 172, 24, 5, 240,
       29, 156, 73, 16, 242, 51, 188, 90, 87, 32, 250, 63, 182, 125, 138,
       63, 253, 145, 125, 255, 222, 214, 245, 253, 63, 189, 245, 255,
       246, 67, 112, 245, 114, 211, 247, 221, 189, 228, 121, 126, 94,
       241, 235, 223, 108, 215, 190, 94, 120, 233, 124, 116, 93, 58, 47,
       212, 52, 245, 111, 153, 172, 24, 13, 240, 29, 156, 73, 48, 242,
       51, 189, 90, 215, 44, 250, 253, 63, 255, 116, 60, 119, 249, 254,
       240, 254, 194, 117, 111, 221, 147, 247, 251, 236, 207, 107, 247,
       235, 116, 191, 205, 43, 230, 223, 88, 85, 245, 255, 111, 58, 246,
       190, 223, 182, 241, 245, 220, 76, 187, 190, 226, 97, 131, 111,
       184, 190, 94, 75, 240, 189, 156, 85, 182, 178, 87, 159, 250, 182,
       237, 254, 22, 225, 217, 94, 17, 64, 92, 15, 82, 128, 61, 184, 48,
       194, 134, 122, 107, 146, 32, 3, 15, 168, 229, 3, 45, 135, 227, 41,
       67, 40, 0, 40, 146, 38, 53, 250, 2, 121, 227, 116, 50, 202, 189,
       105, 182, 20, 181, 110, 145, 172, 82, 5, 56, 24, 180, 73, 16, 242,
       56, 121, 24, 84, 161, 251, 13, 50, 101, 36, 29, 32, 33, 126, 48,
       56, 194, 53, 64, 145, 129, 3, 226, 236, 131, 96, 225, 128, 8, 176,
       68, 40, 168, 128, 216, 4, 33, 197, 121, 32, 84, 186, 81, 112, 1,
       244, 216, 68, 26, 14, 64, 1, 194, 77, 24, 36, 24, 4, 240, 28, 156,
       73, 20, 242, 55, 156, 72, 6, 32, 249, 13, 50, 69, 163, 63, 177,
       161, 120, 244, 190, 194, 113, 237, 91, 177, 65, 226, 221, 3, 98,
       225, 38, 203, 127, 76, 170, 160, 135, 90, 77, 49, 239, 87, 36, 84,
       186, 83, 120, 233, 116, 88, 84, 26, 14, 192, 5, 211, 79, 153, 172,
       24, 5, 240, 29, 156, 73, 16, 242, 51, 189, 88, 87, 32, 250, 126,
       61, 255, 246, 118, 47, 127, 123, 246, 68, 213, 242, 255, 239, 180,
       94, 246, 215, 115, 103, 247, 45, 193, 247, 222, 254, 247, 255, 82,
       158, 240, 233, 215, 38, 85, 190, 90, 120, 249, 124, 120, 92, 56,
       47, 213, 21, 247, 111, 153, 172, 24, 5, 240, 29, 156, 73, 16, 242,
       51, 189, 88, 87, 32, 250, 39, 38, 96, 34, 157, 132, 133, 8, 164,
       68, 128, 112, 169, 43, 160, 69, 194, 116, 1, 112, 193, 34, 153,
       101, 68, 152, 0, 15, 18, 24, 1, 73, 151, 36, 85, 186, 82, 120, 41,
       116, 100, 80, 24, 139, 84, 80, 244, 79, 25, 172, 24, 4, 240, 29,
       156, 73, 16, 242, 51, 188, 88, 87, 32, 250, 4, 34, 193, 130, 25,
       144, 133, 72, 164, 64, 2, 116, 129, 63, 128, 65, 194, 84, 1, 96,
       193, 4, 202, 113, 76, 136, 0, 15, 18, 8, 49, 75, 215, 36, 85, 186,
       80, 120, 41, 84, 100, 84, 24, 15, 84, 4, 244, 79, 153, 44, 24, 4,
       240, 29, 156, 73, 16, 242, 51, 188, 72, 87, 32, 250, 58, 209, 24,
       174, 55, 176, 28, 9, 86, 66, 149, 240, 188, 14, 36, 85, 253, 215,
       36, 209, 193, 54, 193, 119, 196, 223, 225, 111, 82, 58, 245, 105,
       135, 44, 149, 190, 219, 120, 233, 117, 112, 220, 53, 41, 213, 21,
       245, 111, 153, 174, 24, 5, 240, 29, 156, 65, 16, 179, 51, 189, 88,
       87, 32, 250, 242, 49, 81, 150, 253, 134, 31, 72, 230, 69, 1, 114,
       173, 75, 148, 85, 250, 215, 4, 101, 130, 39, 128, 102, 76, 218,
       249, 47, 82, 40, 113, 105, 215, 37, 20, 155, 66, 120, 33, 86, 16,
       74, 56, 11, 209, 28, 213, 15, 153, 164, 16, 5, 96, 24, 156, 73,
       16, 242, 49, 157, 88, 87, 32, 250, 61, 191, 255, 254, 62, 255,
