%YAML:1.0
descriptors: !!opencv-matrix
   rows: 110
   cols: 64
   dt: u
   data: [ 61, 254, 253, 221, 63, 253, 253, 120, 253, 253, 222, 253, 253,
       127, 252, 237, 251, 252, 227, 59, 245, 118, 211, 255, 249, 127,
       245, 246, 125, 223, 247, 239, 223, 104, 215, 180, 255, 121, 249,
       125, 120, 221, 123, 47, 213, 181, 247, 111, 187, 172, 153, 13,
       240, 29, 158, 93, 54, 242, 119, 189, 251, 223, 44, 254, 60, 185,
       255, 220, 54, 255, 253, 118, 247, 254, 125, 209, 95, 254, 191, 78,
       251, 221, 99, 107, 247, 127, 194, 247, 253, 255, 183, 255, 121,
       223, 118, 235, 215, 44, 87, 190, 222, 120, 249, 125, 120, 93, 189,
       47, 245, 52, 245, 111, 153, 172, 24, 7, 240, 29, 156, 73, 16, 242,
       115, 189, 121, 87, 32, 250, 63, 182, 125, 167, 255, 176, 159, 88,
       230, 103, 145, 114, 173, 75, 160, 85, 226, 247, 5, 112, 193, 38,
       139, 124, 76, 158, 225, 47, 210, 9, 113, 111, 87, 36, 92, 154, 82,
       120, 169, 86, 80, 72, 24, 15, 209, 20, 244, 79, 153, 172, 24, 5,
       240, 29, 156, 73, 16, 242, 51, 189, 88, 87, 32, 248, 62, 183, 253,
       254, 62, 189, 253, 127, 247, 252, 213, 241, 253, 126, 188, 86,
       250, 212, 99, 115, 245, 54, 211, 247, 221, 186, 244, 159, 90, 220,
       117, 235, 207, 44, 87, 190, 222, 120, 233, 124, 120, 93, 57, 47,
       213, 53, 245, 111, 153, 172, 24, 13, 240, 29, 156, 73, 16, 242,
       51, 189, 90, 87, 32, 250, 63, 182, 125, 238, 63, 253, 191, 120,
       255, 252, 222, 247, 253, 127, 189, 117, 255, 255, 67, 115, 245,
       118, 211, 119, 237, 254, 245, 255, 126, 95, 247, 235, 223, 44, 87,
       190, 87, 120, 233, 125, 120, 93, 58, 47, 213, 53, 247, 111, 153,
       172, 24, 5, 240, 29, 156, 73, 16, 242, 51, 189, 90, 87, 32, 250,
       124, 49, 241, 116, 16, 35, 105, 127, 194, 2, 193, 52, 101, 194,
       145, 82, 242, 132, 67, 70, 51, 47, 64, 135, 158, 170, 230, 141,
       66, 140, 96, 232, 78, 14, 4, 190, 0, 60, 83, 84, 24, 98, 148, 202,
       98, 117, 129, 78, 25, 36, 24, 82, 96, 24, 20, 65, 8, 178, 83, 155,
       56, 6, 227, 241, 13, 50, 117, 32, 28, 181, 33, 122, 224, 62, 194,
       53, 77, 89, 145, 65, 226, 236, 195, 96, 241, 98, 80, 247, 196, 40,
       164, 131, 120, 4, 97, 195, 95, 8, 215, 190, 85, 56, 33, 116, 252,
       84, 26, 142, 192, 97, 131, 79, 184, 172, 24, 1, 242, 29, 156, 65,
       38, 178, 23, 149, 74, 215, 100, 120, 45, 54, 109, 116, 60, 183,
       191, 122, 240, 190, 202, 119, 237, 125, 161, 71, 226, 253, 195,
       99, 245, 102, 80, 247, 69, 62, 164, 151, 120, 84, 113, 251, 255,
       44, 87, 186, 83, 56, 233, 116, 124, 92, 58, 174, 212, 113, 215,
       111, 185, 172, 24, 5, 240, 29, 156, 73, 16, 242, 51, 189, 90, 87,
       32, 250, 62, 179, 253, 254, 62, 253, 253, 127, 247, 252, 221, 245,
       125, 126, 188, 86, 251, 214, 99, 99, 245, 118, 195, 119, 221, 255,
       244, 155, 122, 222, 245, 235, 215, 44, 87, 190, 215, 120, 233,
       124, 120, 93, 57, 47, 212, 53, 247, 111, 153, 172, 24, 5, 240, 29,
       156, 73, 16, 242, 51, 189, 90, 87, 32, 250, 60, 62, 253, 248, 62,
       255, 185, 127, 253, 254, 218, 53, 93, 127, 251, 230, 251, 252, 67,
       106, 245, 119, 210, 247, 93, 168, 164, 159, 120, 222, 119, 235,
       215, 44, 215, 190, 214, 122, 233, 124, 252, 92, 58, 47, 212, 167,
       247, 111, 155, 172, 24, 5, 240, 29, 157, 89, 16, 242, 51, 189, 90,
       215, 40, 250, 12, 34, 196, 2, 25, 177, 160, 126, 212, 184, 194,
       53, 48, 122, 161, 64, 226, 212, 3, 98, 193, 38, 193, 119, 76, 136,
       164, 15, 82, 12, 49, 106, 87, 36, 85, 186, 82, 120, 233, 116, 112,
       84, 24, 14, 196, 4, 209, 79, 153, 172, 24, 5, 240, 29, 156, 73,
       16, 242, 51, 189, 88, 87, 32, 250, 60, 185, 255, 254, 54, 255,
       253, 127, 213, 254, 213, 241, 127, 254, 191, 78, 255, 223, 227,
       99, 245, 63, 195, 247, 217, 123, 246, 254, 88, 212, 244, 235, 207,
       60, 87, 190, 223, 120, 233, 125, 120, 93, 183, 47, 245, 53, 247,
       111, 185, 174, 24, 7, 240, 29, 156, 89, 20, 243, 51, 189, 122, 87,
       32, 250, 22, 51, 93, 10, 23, 153, 4, 29, 98, 0, 21, 48, 60, 119,
       172, 81, 238, 214, 0, 240, 193, 32, 193, 99, 196, 144, 224, 77,
       18, 8, 145, 104, 215, 36, 85, 190, 90, 120, 233, 116, 112, 92, 56,
       47, 212, 20, 245, 111, 153, 172, 24, 5, 240, 29, 156, 73, 16, 242,
       51, 189, 88, 87, 32, 250, 252, 185, 255, 246, 50, 119, 249, 247,
       87, 255, 87, 214, 223, 250, 178, 94, 255, 223, 61, 111, 167, 61,
       227, 115, 207, 223, 179, 255, 82, 78, 246, 235, 215, 36, 117, 186,
       83, 124, 249, 116, 112, 93, 189, 47, 255, 20, 247, 111, 157, 172,
       24, 133, 240, 29, 156, 73, 16, 242, 51, 189, 89, 87, 33, 250, 63,
       183, 253, 246, 63, 181, 253, 121, 247, 254, 223, 241, 253, 126,
       185, 87, 251, 255, 99, 115, 245, 118, 211, 119, 221, 255, 245,
       255, 122, 223, 245, 235, 223, 44, 87, 190, 215, 120, 233, 125,
       120, 93, 123, 47, 213, 53, 247, 111, 153, 172, 24, 5, 242, 29,
       156, 73, 16, 242, 51, 189, 90, 87, 32, 250, 18, 17, 24, 22, 35,
       128, 28, 11, 6, 2, 21, 208, 180, 66, 36, 82, 118, 150, 0, 17, 194,
       38, 193, 103, 76, 130, 224, 79, 18, 40, 145, 104, 215, 36, 20,
       190, 66, 120, 195, 116, 80, 74, 56, 43, 208, 20, 245, 79, 145,
       172, 24, 5, 112, 25, 156, 73, 16, 242, 51, 189, 88, 87, 32, 251,
       31, 54, 93, 34, 62, 177, 164, 124, 208, 58, 210, 117, 236, 22,
       160, 81, 234, 220, 3, 112, 193, 34, 195, 247, 204, 136, 228, 143,
       82, 12, 177, 106, 223, 44, 85, 190, 91, 120, 233, 116, 120, 92,
       24, 47, 212, 53, 247, 111, 153, 172, 24, 5, 240, 29, 156, 73, 16,
       242, 51, 189, 88, 87, 32, 250, 62, 182, 125, 174, 63, 253, 191,
       121, 253, 252, 254, 247, 253, 127, 188, 117, 251, 253, 99, 99,
       245, 118, 211, 119, 253, 255, 245, 191, 126, 95, 119, 235, 215,
       44, 87, 190, 215, 120, 233, 117, 120, 93, 122, 47, 213, 53, 247,
       111, 153, 172, 24, 5, 240, 29, 156, 73, 16, 242, 51, 189, 90, 87,
       32, 250, 18, 144, 16, 2, 159, 128, 6, 8, 6, 2, 1, 96, 160, 66,
       164, 81, 102, 150, 4, 208, 193, 34, 129, 100, 68, 148, 225, 13,
       18, 42, 129, 96, 150, 36, 20, 154, 66, 88, 9, 84, 32, 72, 28, 9,
       212, 20, 244, 79, 145, 164, 16, 4, 32, 16, 156, 73, 16, 50, 50,
       189, 24, 87, 32, 234, 47, 166, 109, 138, 55, 157, 133, 120, 245,
       214, 190, 240, 121, 59, 249, 103, 194, 244, 67, 121, 209, 114,
       209, 116, 77, 160, 5, 1, 126, 92, 49, 75, 213, 44, 87, 186, 82,
       122, 169, 124, 244, 93, 56, 47, 212, 22, 116, 111, 153, 172, 24,
       5, 242, 29, 157, 73, 16, 242, 51, 188, 88, 87, 32, 250, 215, 48,
       81, 34, 209, 34, 35, 72, 192, 0, 192, 51, 33, 139, 128, 80, 98,
       212, 5, 100, 73, 128, 168, 48, 14, 136, 40, 9, 210, 8, 32, 57,
       112, 37, 20, 186, 0, 114, 5, 212, 195, 66, 24, 10, 72, 30, 72,
       196, 9, 36, 80, 4, 96, 26, 133, 73, 144, 176, 33, 152, 92, 6, 34,
       185, 151, 48, 81, 34, 217, 128, 3, 72, 194, 1, 0, 115, 160, 74,
       128, 80, 98, 215, 5, 68, 73, 32, 137, 100, 46, 152, 121, 43, 146,
       8, 1, 61, 16, 167, 28, 154, 0, 113, 5, 214, 129, 194, 8, 3, 64,
       12, 72, 149, 129, 36, 16, 36, 40, 18, 140, 107, 16, 120, 32, 8,
       92, 7, 48, 185, 151, 54, 81, 2, 153, 128, 3, 72, 226, 1, 128, 115,
       164, 11, 128, 81, 98, 212, 5, 96, 65, 0, 168, 96, 76, 152, 40, 9,
       146, 8, 1, 45, 80, 36, 84, 154, 66, 112, 1, 212, 193, 66, 24, 10,
       64, 16, 200, 4, 129, 36, 80, 4, 96, 26, 141, 73, 16, 112, 34, 156,
       88, 70, 32, 185, 58, 21, 125, 142, 55, 13, 29, 41, 214, 84, 127,
       53, 61, 126, 188, 116, 246, 214, 64, 112, 208, 50, 145, 118, 252,
       140, 224, 89, 122, 248, 221, 233, 198, 44, 85, 190, 214, 114, 129,
       117, 114, 223, 21, 15, 212, 22, 228, 78, 153, 164, 153, 13, 242,
       29, 157, 73, 16, 242, 59, 188, 90, 14, 34, 248, 109, 63, 231, 185,
       85, 251, 175, 254, 236, 238, 235, 180, 111, 239, 203, 239, 235,
       221, 43, 102, 111, 133, 199, 55, 79, 207, 186, 173, 82, 14, 50,
