%YAML:1.0
descriptors: !!opencv-matrix
   rows: 97
   cols: 64
   dt: u
   data: [ 60, 177, 221, 254, 51, 241, 253, 126, 119, 220, 213, 241, 125,
       126, 180, 90, 255, 214, 97, 99, 229, 124, 193, 243, 205, 191, 226,
       223, 122, 204, 245, 235, 223, 36, 85, 186, 87, 120, 249, 124, 112,
       93, 61, 47, 245, 21, 247, 111, 153, 172, 24, 5, 240, 29, 156, 73,
       24, 242, 51, 189, 89, 87, 32, 250, 63, 182, 253, 254, 63, 253,
       189, 125, 247, 254, 223, 241, 253, 63, 189, 87, 251, 255, 99, 107,
       245, 119, 211, 127, 205, 255, 245, 255, 122, 95, 245, 235, 215,
       44, 85, 190, 211, 120, 233, 117, 120, 92, 122, 47, 213, 21, 247,
       111, 153, 172, 24, 5, 240, 29, 156, 73, 16, 242, 51, 189, 88, 87,
       32, 250, 61, 254, 253, 253, 62, 253, 253, 121, 253, 253, 222, 253,
       255, 127, 252, 125, 251, 253, 99, 123, 245, 110, 211, 255, 253,
       255, 247, 255, 126, 95, 247, 239, 223, 108, 85, 190, 223, 120,
       249, 125, 124, 93, 123, 175, 213, 53, 247, 111, 185, 172, 24, 13,
       240, 29, 156, 73, 16, 242, 115, 189, 218, 87, 40, 250, 60, 253,
       255, 252, 62, 191, 253, 123, 245, 252, 252, 251, 255, 126, 180,
       94, 251, 253, 99, 107, 245, 127, 211, 247, 253, 255, 247, 255,
       127, 223, 245, 235, 215, 108, 87, 190, 215, 120, 249, 125, 122,
       95, 251, 47, 213, 53, 247, 111, 185, 172, 152, 13, 240, 29, 156,
       77, 48, 242, 115, 191, 91, 95, 42, 251, 60, 179, 253, 254, 54,
       189, 253, 122, 119, 254, 213, 241, 253, 127, 188, 86, 250, 223,
       97, 99, 245, 116, 193, 243, 221, 190, 224, 223, 122, 220, 245,
       235, 223, 36, 85, 186, 83, 120, 249, 124, 112, 93, 57, 47, 213,
       21, 247, 111, 153, 172, 24, 5, 240, 29, 156, 73, 16, 242, 51, 189,
       88, 87, 32, 250, 60, 33, 241, 182, 18, 7, 45, 110, 198, 70, 193,
       52, 113, 78, 177, 86, 234, 212, 3, 96, 193, 34, 193, 119, 76, 136,
       164, 9, 82, 12, 49, 105, 215, 36, 85, 186, 82, 120, 1, 84, 112,
       72, 16, 46, 212, 20, 229, 78, 153, 172, 24, 5, 240, 28, 156, 73,
       16, 242, 51, 189, 88, 87, 32, 250, 44, 38, 109, 168, 18, 125, 33,
       125, 245, 254, 222, 53, 125, 60, 249, 230, 235, 220, 195, 104,
       241, 16, 220, 180, 93, 169, 164, 129, 91, 222, 57, 251, 224, 36,
       85, 186, 86, 114, 129, 116, 250, 85, 26, 14, 84, 167, 66, 108,
       153, 44, 30, 13, 242, 29, 141, 73, 144, 242, 43, 188, 90, 6, 42,
       240, 47, 54, 101, 32, 29, 160, 33, 88, 240, 62, 194, 49, 109, 11,
       128, 69, 226, 236, 131, 112, 241, 34, 25, 252, 68, 168, 164, 131,
       90, 28, 97, 201, 93, 44, 214, 186, 123, 56, 1, 116, 92, 68, 26,
       143, 64, 97, 194, 79, 56, 44, 24, 0, 224, 28, 156, 73, 20, 178,
       23, 156, 74, 87, 32, 120, 55, 245, 109, 142, 55, 61, 29, 24, 230,
       70, 189, 112, 45, 123, 180, 85, 242, 244, 6, 112, 65, 98, 145,
       118, 108, 180, 225, 25, 114, 56, 117, 41, 214, 44, 150, 154, 66,
       120, 129, 245, 114, 218, 24, 15, 208, 16, 244, 78, 153, 172, 16,
       5, 104, 29, 158, 73, 24, 242, 51, 188, 88, 87, 34, 249, 50, 49,
       121, 150, 55, 7, 93, 43, 198, 68, 149, 48, 61, 106, 180, 86, 246,
       214, 70, 117, 83, 50, 145, 39, 156, 162, 228, 25, 82, 184, 212,
       40, 194, 44, 6, 190, 202, 120, 131, 221, 80, 203, 21, 11, 208, 52,
       165, 78, 145, 166, 153, 13, 112, 24, 156, 81, 16, 114, 51, 185,
       120, 22, 32, 249, 5, 34, 65, 130, 217, 128, 3, 72, 0, 64, 2, 115,
       129, 75, 128, 65, 98, 85, 5, 96, 192, 32, 136, 96, 14, 152, 8, 9,
       146, 8, 17, 9, 80, 36, 84, 154, 0, 112, 5, 212, 193, 64, 24, 10,
       64, 4, 192, 69, 1, 36, 16, 4, 96, 24, 140, 9, 16, 112, 35, 156,
       72, 70, 32, 249, 61, 191, 253, 222, 54, 223, 221, 127, 255, 222,
       223, 244, 125, 126, 254, 246, 255, 214, 66, 99, 245, 115, 211,
       247, 221, 254, 244, 95, 122, 222, 247, 105, 207, 44, 85, 190, 218,
       122, 233, 125, 240, 93, 57, 47, 213, 54, 245, 111, 153, 172, 24,
       13, 240, 29, 157, 73, 16, 242, 51, 189, 90, 87, 40, 250, 62, 181,
       125, 142, 63, 149, 149, 125, 246, 212, 148, 245, 125, 126, 181,
       85, 254, 246, 67, 115, 213, 34, 211, 119, 196, 186, 228, 79, 114,
       28, 241, 107, 223, 44, 87, 190, 82, 120, 233, 116, 112, 93, 56,
       47, 212, 116, 245, 111, 153, 172, 24, 5, 240, 29, 156, 73, 16,
       242, 51, 189, 88, 87, 32, 250, 230, 32, 227, 131, 221, 130, 3,
       200, 198, 33, 148, 115, 163, 202, 146, 68, 226, 85, 7, 68, 201,
       135, 139, 100, 14, 136, 40, 15, 210, 8, 49, 127, 113, 39, 20, 186,
       66, 112, 5, 214, 209, 64, 16, 10, 73, 28, 136, 133, 137, 36, 16,
       4, 112, 26, 140, 65, 16, 240, 33, 184, 88, 22, 32, 249, 6, 37, 97,
       128, 16, 6, 7, 67, 134, 70, 129, 48, 81, 4, 176, 70, 226, 213, 3,
       100, 193, 32, 192, 83, 76, 152, 164, 13, 82, 12, 49, 105, 70, 36,
       84, 186, 82, 120, 1, 84, 112, 64, 16, 15, 212, 20, 133, 78, 153,
       172, 24, 5, 240, 28, 156, 65, 16, 242, 51, 189, 88, 87, 32, 250,
       22, 49, 81, 150, 60, 130, 31, 10, 198, 32, 21, 114, 173, 99, 144,
       80, 226, 215, 0, 99, 193, 36, 193, 103, 76, 154, 160, 15, 18, 8,
       17, 105, 215, 36, 84, 186, 82, 120, 225, 116, 80, 88, 24, 15, 208,
       20, 213, 79, 153, 172, 24, 5, 240, 29, 156, 73, 16, 242, 51, 189,
       88, 87, 32, 250, 38, 164, 80, 138, 153, 136, 3, 9, 102, 64, 1,
       112, 177, 10, 164, 85, 234, 182, 0, 16, 193, 34, 145, 101, 84,
       144, 225, 13, 18, 40, 1, 105, 133, 36, 87, 154, 66, 120, 169, 84,
       32, 88, 24, 137, 212, 20, 244, 79, 145, 172, 24, 4, 176, 25, 156,
       73, 16, 114, 50, 189, 88, 87, 32, 250, 23, 246, 80, 34, 221, 170,
       38, 0, 114, 57, 0, 115, 164, 67, 132, 81, 98, 163, 133, 144, 193,
       102, 9, 108, 160, 24, 105, 207, 190, 45, 193, 100, 155, 192, 156,
       182, 37, 152, 33, 245, 77, 194, 10, 193, 240, 81, 246, 79, 224,
       247, 8, 4, 108, 160, 107, 169, 30, 179, 150, 134, 152, 115, 244,
       9, 151, 112, 80, 38, 217, 160, 35, 72, 66, 1, 0, 115, 162, 75,
       132, 81, 98, 87, 5, 69, 201, 40, 169, 100, 14, 154, 104, 15, 210,
       8, 33, 45, 18, 167, 60, 154, 33, 112, 5, 214, 65, 194, 24, 67,
       200, 24, 200, 149, 0, 36, 80, 36, 104, 18, 140, 41, 16, 176, 35,
       136, 24, 86, 50, 185, 84, 33, 147, 242, 16, 226, 104, 110, 192,
       170, 66, 53, 97, 198, 153, 66, 10, 68, 129, 66, 139, 169, 204, 15,
       12, 136, 166, 133, 66, 40, 48, 90, 99, 134, 61, 187, 52, 246, 71,
       84, 128, 96, 149, 64, 106, 132, 1, 218, 91, 44, 127, 245, 33, 24,
       52, 0, 196, 42, 11, 203, 76, 6, 241, 182, 13, 174, 231, 168, 56,
       255, 161, 127, 185, 254, 194, 133, 65, 61, 187, 197, 139, 124,
       195, 106, 244, 65, 94, 251, 93, 105, 20, 134, 124, 69, 49, 207,
       221, 0, 87, 168, 81, 250, 233, 52, 252, 52, 58, 166, 85, 163, 119,
       107, 152, 172, 60, 5, 241, 29, 157, 8, 20, 226, 35, 173, 202, 87,
       32, 250, 13, 2, 229, 168, 24, 119, 165, 118, 164, 252, 194, 21,
       81, 61, 185, 197, 139, 124, 195, 96, 240, 0, 204, 243, 73, 41, 4,
       132, 88, 4, 49, 203, 221, 0, 85, 186, 81, 248, 105, 52, 124, 84,
       56, 39, 84, 165, 119, 107, 25, 44, 24, 4, 240, 29, 156, 8, 16,
       226, 35, 189, 72, 71, 32, 250, 12, 34, 237, 136, 27, 243, 165,
       126, 52, 254, 192, 176, 89, 63, 177, 66, 203, 92, 97, 97, 241, 85,
       200, 243, 72, 57, 128, 134, 88, 196, 49, 203, 221, 36, 85, 186,
       83, 120, 105, 116, 112, 84, 56, 47, 85, 53, 119, 107, 153, 172,
       24, 5, 240, 29, 156, 73, 16, 242, 51, 189, 88, 87, 32, 250, 44,
       174, 239, 185, 62, 245, 181, 127, 245, 254, 220, 189, 95, 189,
       191, 111, 203, 252, 99, 107, 245, 87, 222, 127, 93, 255, 180, 183,
       123, 223, 55, 235, 215, 36, 215, 186, 86, 120, 233, 124, 124, 93,
       122, 47, 213, 53, 245, 107, 155, 172, 24, 5, 242, 29, 156, 93, 16,
       242, 51, 189, 91, 215, 40, 250, 3, 6, 64, 130, 153, 132, 0, 64,
       38, 102, 3, 6, 144, 45, 177, 69, 226, 84, 1, 96, 200, 4, 130, 97,
       78, 128, 168, 9, 146, 8, 49, 9, 213, 36, 85, 186, 82, 120, 1, 84,
       112, 80, 24, 15, 212, 20, 228, 77, 153, 172, 24, 5, 240, 29, 156,
