%YAML:1.0
descriptors: !!opencv-matrix
   rows: 22
   cols: 64
   dt: u
   data: [ 60, 188, 253, 190, 58, 253, 241, 127, 255, 252, 222, 253, 253,
       127, 190, 254, 255, 254, 227, 99, 245, 118, 211, 247, 253, 255,
       245, 251, 106, 223, 247, 239, 223, 44, 71, 190, 255, 120, 233,
       124, 120, 93, 123, 167, 213, 53, 247, 111, 185, 172, 137, 13, 240,
       29, 156, 89, 54, 242, 55, 189, 250, 87, 44, 254, 219, 185, 223,
       255, 126, 243, 209, 182, 127, 189, 94, 221, 255, 254, 59, 251,
       255, 247, 97, 243, 229, 45, 231, 247, 207, 239, 244, 255, 123, 79,
       247, 255, 247, 44, 85, 190, 91, 122, 249, 116, 112, 93, 58, 46,
       213, 20, 247, 111, 153, 172, 24, 5, 240, 29, 156, 73, 16, 242, 51,
       189, 88, 87, 32, 250, 150, 250, 83, 231, 252, 136, 154, 192, 122,
       57, 59, 95, 143, 87, 208, 113, 226, 215, 45, 99, 197, 45, 171,
       121, 110, 222, 55, 47, 214, 11, 51, 126, 87, 165, 92, 155, 82,
       125, 233, 246, 81, 92, 8, 63, 201, 4, 253, 127, 137, 173, 24, 5,
       240, 23, 156, 73, 16, 242, 51, 189, 88, 87, 32, 184, 39, 54, 80,
       2, 221, 128, 135, 72, 230, 65, 128, 114, 173, 11, 160, 85, 226,
       245, 5, 96, 193, 7, 147, 100, 70, 152, 57, 47, 146, 8, 33, 105,
       213, 36, 84, 186, 82, 120, 41, 116, 96, 64, 24, 15, 209, 16, 244,
       77, 153, 172, 24, 4, 240, 28, 156, 73, 16, 242, 51, 188, 88, 87,
       32, 248, 183, 246, 117, 34, 221, 164, 7, 88, 230, 77, 176, 123,
       175, 107, 132, 85, 226, 245, 39, 96, 225, 6, 171, 116, 78, 220,
       57, 43, 210, 8, 97, 105, 213, 36, 84, 186, 82, 112, 45, 244, 85,
       86, 24, 143, 209, 16, 244, 197, 153, 164, 24, 4, 240, 28, 140, 73,
       16, 240, 51, 188, 88, 87, 32, 248, 220, 171, 222, 220, 98, 95,
       240, 247, 29, 252, 110, 151, 87, 246, 251, 234, 251, 217, 249,
       111, 117, 157, 230, 179, 219, 107, 150, 212, 105, 198, 190, 235,
       247, 19, 101, 225, 87, 126, 253, 124, 248, 61, 185, 54, 255, 182,
       119, 238, 157, 168, 239, 215, 241, 95, 152, 204, 87, 255, 59, 253,
       91, 117, 1, 250, 67, 9, 131, 86, 217, 130, 69, 74, 130, 1, 3, 81,
       130, 194, 128, 16, 98, 85, 37, 102, 198, 45, 128, 99, 14, 218, 34,
       15, 18, 8, 48, 77, 86, 39, 92, 155, 0, 124, 71, 214, 1, 96, 152,
       75, 201, 28, 237, 143, 65, 36, 16, 20, 97, 24, 156, 75, 16, 114,
       51, 191, 72, 69, 49, 248, 108, 40, 239, 145, 218, 151, 35, 109,
       173, 231, 199, 62, 209, 238, 187, 70, 202, 85, 123, 102, 253, 183,
       218, 117, 95, 232, 188, 47, 82, 140, 51, 235, 215, 37, 71, 187,
       82, 120, 237, 126, 112, 92, 60, 47, 213, 60, 229, 39, 157, 172,
       24, 5, 241, 29, 156, 73, 16, 242, 51, 189, 88, 87, 32, 250, 255,
       251, 218, 247, 255, 58, 223, 138, 255, 123, 189, 250, 191, 222,
       230, 93, 255, 247, 61, 119, 79, 159, 163, 127, 231, 223, 251, 127,
       215, 123, 246, 59, 147, 167, 220, 255, 114, 125, 253, 247, 98,
       223, 122, 121, 221, 28, 253, 181, 221, 173, 24, 5, 248, 183, 159,
       235, 80, 244, 49, 191, 92, 93, 48, 186, 63, 189, 255, 254, 55,
       253, 253, 127, 255, 254, 223, 249, 255, 126, 252, 223, 255, 246,
       227, 123, 247, 127, 211, 247, 253, 255, 247, 255, 127, 251, 245,
       235, 223, 110, 215, 190, 255, 120, 251, 125, 120, 221, 255, 111,
       245, 53, 245, 111, 187, 174, 153, 79, 242, 29, 220, 93, 60, 242,
       127, 255, 251, 223, 173, 254, 193, 10, 135, 161, 201, 162, 163,
       220, 184, 191, 194, 79, 195, 77, 11, 1, 232, 93, 155, 98, 200, 5,
       206, 120, 78, 216, 56, 38, 212, 5, 51, 79, 87, 161, 93, 57, 80,
       251, 237, 38, 81, 84, 74, 14, 197, 8, 217, 49, 153, 12, 24, 37,
       241, 255, 156, 105, 80, 252, 179, 189, 204, 87, 48, 254, 237, 174,
       231, 249, 217, 253, 163, 252, 253, 253, 234, 127, 235, 123, 251,
       237, 235, 253, 235, 98, 253, 47, 222, 125, 79, 235, 54, 167, 223,
       15, 51, 207, 215, 39, 85, 186, 81, 242, 253, 116, 253, 116, 58,
       63, 85, 167, 255, 243, 153, 172, 28, 5, 240, 29, 157, 73, 16, 240,
       35, 189, 88, 87, 32, 250, 255, 189, 255, 254, 54, 127, 253, 255,
       223, 252, 221, 253, 127, 254, 190, 254, 255, 223, 123, 255, 247,
       63, 231, 247, 255, 255, 247, 255, 123, 223, 246, 235, 223, 46, 85,
       190, 223, 120, 249, 125, 120, 93, 187, 47, 221, 53, 247, 111, 187,
       172, 155, 207, 240, 29, 156, 73, 52, 242, 115, 191, 123, 87, 32,
       250, 246, 58, 243, 151, 248, 198, 143, 200, 238, 239, 11, 127,
       207, 239, 211, 113, 235, 213, 45, 103, 204, 133, 166, 112, 78,
       222, 189, 47, 210, 10, 51, 59, 83, 37, 85, 187, 82, 120, 237, 116,
       80, 92, 24, 46, 197, 28, 253, 125, 153, 172, 24, 5, 240, 29, 156,
       73, 16, 242, 51, 189, 88, 87, 32, 250, 109, 55, 229, 178, 221,
       167, 39, 122, 244, 124, 194, 115, 239, 251, 146, 69, 226, 253,
       227, 100, 241, 39, 211, 119, 94, 250, 180, 135, 122, 20, 112, 201,
       95, 44, 86, 186, 83, 56, 33, 124, 92, 68, 26, 143, 193, 97, 247,
       79, 184, 172, 24, 0, 240, 28, 156, 73, 24, 242, 51, 157, 90, 87,
       32, 250, 45, 6, 100, 160, 25, 47, 163, 83, 180, 92, 66, 5, 25, 61,
       185, 101, 194, 124, 195, 96, 240, 34, 152, 118, 92, 168, 4, 132,
       120, 212, 57, 195, 117, 36, 71, 186, 81, 114, 9, 60, 220, 84, 24,
       134, 68, 227, 226, 75, 185, 44, 24, 8, 242, 29, 157, 73, 48, 226,
       51, 188, 74, 71, 32, 248, 237, 175, 231, 244, 49, 127, 177, 127,
       181, 252, 198, 243, 91, 251, 182, 79, 235, 253, 99, 99, 245, 39,
       210, 119, 95, 251, 148, 167, 122, 140, 50, 235, 215, 36, 87, 186,
       83, 120, 233, 124, 120, 92, 56, 175, 213, 117, 247, 111, 153, 172,
       24, 5, 240, 29, 156, 73, 16, 242, 51, 189, 88, 87, 32, 250, 243,
       50, 251, 183, 255, 150, 159, 200, 230, 239, 17, 126, 191, 239,
       179, 85, 250, 215, 33, 102, 200, 135, 195, 124, 78, 222, 189, 47,
       210, 10, 115, 123, 215, 36, 85, 187, 82, 120, 233, 116, 112, 72,
       56, 47, 213, 28, 245, 125, 153, 172, 24, 5, 240, 29, 156, 73, 16,
       242, 51, 189, 88, 87, 32, 250, 93, 51, 245, 176, 88, 179, 163,
       122, 244, 60, 194, 53, 85, 92, 177, 65, 226, 221, 3, 98, 225, 37,
       192, 115, 78, 152, 164, 141, 82, 12, 49, 235, 215, 36, 85, 186,
       82, 122, 201, 116, 80, 84, 24, 14, 213, 20, 193, 79, 153, 172, 24,
       5, 240, 29, 156, 73, 16, 242, 51, 189, 88, 87, 32, 250, 63, 180,
       253, 138, 55, 191, 23, 60, 246, 84, 212, 181, 189, 62, 191, 87,
       251, 247, 65, 112, 241, 51, 210, 119, 205, 232, 224, 77, 114, 88,
       117, 233, 223, 44, 87, 190, 90, 120, 233, 124, 112, 93, 56, 47,
       213, 20, 245, 111, 153, 172, 24, 5, 240, 29, 156, 73, 16, 242, 51,
       189, 88, 87, 32, 250, 122, 48, 117, 174, 85, 166, 55, 127, 230,
       100, 245, 49, 109, 139, 148, 87, 242, 213, 1, 100, 201, 1, 193,
       53, 76, 136, 168, 13, 82, 8, 49, 105, 209, 36, 84, 186, 82, 120,
       129, 244, 114, 90, 24, 15, 208, 20, 228, 79, 153, 172, 24, 5, 240,
       28, 156, 73, 16, 242, 51, 188, 88, 86, 34, 249, 63, 51, 125, 150,
       55, 23, 31, 122, 230, 196, 151, 52, 125, 126, 177, 87, 246, 246,
       67, 247, 213, 50, 193, 118, 204, 186, 228, 93, 82, 28, 245, 105,
       214, 44, 87, 190, 90, 120, 201, 124, 112, 93, 56, 47, 212, 20,
       245, 110, 153, 172, 24, 5, 242, 29, 156, 73, 16, 242, 51, 189, 88,
       87, 32, 250 ]
