%YAML:1.0
descriptors: !!opencv-matrix
   rows: 96
   cols: 64
   dt: u
   data: [ 124, 62, 255, 245, 254, 253, 251, 253, 253, 255, 222, 189,
       255, 254, 251, 255, 251, 213, 123, 107, 253, 247, 223, 189, 223,
       234, 188, 191, 94, 93, 127, 255, 247, 36, 85, 191, 86, 251, 233,
       118, 248, 93, 122, 62, 213, 167, 201, 127, 157, 173, 28, 5, 242,
       29, 157, 73, 16, 246, 51, 189, 219, 86, 32, 254, 63, 255, 255,
       255, 63, 253, 253, 123, 255, 255, 253, 251, 255, 123, 255, 252,
       255, 255, 99, 123, 244, 119, 210, 247, 253, 255, 247, 255, 127,
       211, 255, 235, 223, 108, 215, 190, 223, 122, 249, 125, 254, 95,
       251, 47, 213, 55, 247, 111, 187, 174, 152, 15, 240, 29, 157, 93,
       60, 246, 119, 189, 251, 223, 42, 251, 188, 249, 255, 245, 63, 255,
       249, 251, 255, 255, 223, 255, 255, 254, 250, 254, 251, 255, 255,
       123, 245, 127, 247, 255, 189, 254, 247, 255, 127, 255, 255, 255,
       239, 108, 134, 254, 223, 123, 249, 253, 222, 223, 247, 62, 243,
       231, 211, 111, 191, 191, 159, 203, 250, 29, 159, 93, 124, 246,
       127, 223, 251, 159, 174, 255, 191, 246, 125, 238, 191, 189, 223,
       24, 255, 95, 189, 251, 173, 123, 244, 85, 242, 247, 39, 113, 245,
       102, 145, 126, 236, 254, 241, 59, 126, 59, 245, 251, 215, 108,
       222, 190, 210, 120, 249, 253, 118, 222, 58, 47, 212, 16, 244, 79,
       153, 189, 24, 5, 248, 29, 158, 73, 24, 242, 51, 189, 216, 215, 32,
       251, 60, 46, 255, 252, 50, 119, 241, 255, 245, 252, 222, 181, 95,
       188, 187, 238, 251, 220, 235, 107, 245, 87, 212, 183, 93, 235,
       180, 151, 125, 213, 127, 235, 239, 36, 117, 186, 215, 122, 249,
       124, 252, 93, 251, 62, 213, 167, 67, 111, 187, 172, 159, 141, 242,
       29, 157, 93, 52, 242, 123, 253, 91, 215, 40, 254, 62, 158, 124,
       255, 63, 253, 253, 121, 63, 253, 214, 253, 189, 126, 253, 84, 255,
       255, 225, 251, 245, 116, 219, 123, 125, 255, 241, 127, 126, 255,
       245, 239, 215, 228, 215, 186, 247, 120, 249, 125, 112, 93, 123,
       47, 213, 21, 247, 111, 155, 172, 153, 13, 242, 29, 156, 89, 50,
       242, 119, 189, 219, 223, 44, 254, 57, 188, 255, 255, 63, 253, 253,
       123, 255, 255, 222, 253, 255, 126, 252, 223, 255, 246, 227, 123,
       245, 126, 211, 255, 253, 255, 247, 191, 126, 255, 253, 239, 223,
       108, 215, 190, 255, 121, 249, 125, 124, 93, 255, 47, 245, 117,
       247, 111, 187, 174, 153, 15, 242, 29, 156, 93, 60, 242, 247, 191,
       251, 223, 44, 254, 127, 244, 125, 254, 255, 191, 95, 25, 255, 119,
       181, 250, 189, 122, 180, 85, 246, 247, 62, 243, 247, 119, 211,
       127, 253, 254, 231, 127, 122, 121, 245, 239, 199, 172, 150, 191,
       218, 121, 249, 127, 112, 223, 109, 173, 209, 28, 245, 111, 157,
       174, 24, 15, 240, 29, 156, 89, 16, 246, 115, 191, 251, 223, 40,
       251, 61, 254, 253, 239, 62, 255, 191, 121, 253, 252, 222, 191,
       253, 62, 253, 223, 251, 213, 107, 106, 245, 119, 211, 119, 221,
       253, 189, 191, 126, 94, 127, 235, 215, 36, 85, 190, 82, 122, 233,
       116, 120, 93, 120, 47, 213, 182, 245, 111, 153, 172, 24, 5, 242,
       29, 157, 73, 16, 242, 51, 189, 90, 87, 32, 250, 45, 62, 247, 101,
       62, 247, 179, 252, 248, 188, 198, 117, 205, 125, 187, 229, 250,
       237, 203, 106, 245, 103, 94, 255, 221, 106, 132, 150, 124, 85,
       117, 239, 255, 104, 199, 188, 253, 186, 249, 125, 252, 93, 122,
       166, 245, 227, 211, 107, 184, 236, 137, 11, 242, 29, 156, 93, 54,
       246, 215, 189, 250, 215, 108, 254, 124, 57, 255, 253, 50, 127,
       241, 255, 253, 252, 214, 181, 93, 254, 251, 238, 251, 220, 227,
       107, 245, 249, 198, 183, 93, 171, 164, 157, 123, 205, 127, 235,
       247, 38, 117, 186, 86, 122, 249, 124, 248, 93, 124, 46, 213, 183,
       225, 110, 153, 172, 30, 5, 242, 29, 157, 77, 16, 242, 59, 189, 91,
       86, 34, 250, 124, 187, 255, 253, 126, 255, 251, 255, 253, 254,
       222, 181, 127, 254, 187, 238, 251, 221, 251, 111, 245, 127, 214,
       183, 95, 235, 190, 183, 127, 223, 126, 235, 215, 39, 87, 191, 214,
       126, 253, 124, 120, 93, 243, 46, 221, 181, 247, 239, 191, 172,
       157, 141, 242, 61, 156, 93, 80, 254, 123, 191, 91, 87, 40, 254,
       254, 248, 255, 233, 255, 255, 223, 253, 239, 231, 253, 254, 255,
       190, 255, 253, 251, 213, 127, 127, 191, 215, 239, 125, 239, 223,
       127, 63, 215, 191, 126, 191, 247, 239, 255, 223, 202, 255, 253,
       87, 187, 219, 237, 125, 223, 159, 125, 177, 223, 189, 22, 181,
       105, 247, 183, 255, 208, 252, 249, 127, 221, 93, 58, 183, 252, 41,
       243, 247, 241, 70, 123, 206, 206, 229, 193, 190, 243, 202, 178,
       94, 235, 213, 59, 103, 15, 173, 231, 55, 79, 223, 187, 45, 211,
       10, 50, 41, 210, 39, 85, 187, 82, 124, 197, 116, 112, 92, 56, 47,
       221, 28, 237, 46, 153, 172, 24, 5, 240, 31, 156, 73, 16, 242, 49,
       189, 88, 87, 32, 250, 127, 252, 255, 235, 222, 255, 215, 93, 255,
       247, 140, 252, 255, 62, 255, 253, 251, 247, 59, 107, 191, 117,
       127, 125, 253, 247, 121, 63, 127, 91, 127, 239, 151, 199, 215,
       159, 82, 249, 253, 126, 112, 221, 108, 45, 213, 28, 117, 179, 157,
       252, 26, 13, 244, 181, 188, 127, 120, 254, 251, 189, 217, 223, 62,
       254, 187, 212, 125, 206, 255, 189, 223, 24, 255, 127, 189, 250,
       191, 121, 116, 93, 246, 247, 118, 51, 244, 118, 147, 126, 236,
       247, 225, 59, 255, 123, 245, 111, 215, 108, 158, 222, 210, 121,
       249, 255, 114, 223, 111, 47, 208, 20, 245, 79, 153, 189, 24, 13,
       248, 157, 158, 73, 56, 242, 114, 191, 218, 223, 46, 249, 5, 2,
       128, 32, 9, 160, 32, 68, 0, 40, 194, 5, 64, 1, 129, 1, 0, 8, 129,
       64, 225, 32, 74, 89, 4, 8, 0, 132, 0, 4, 33, 70, 29, 128, 88, 32,
       49, 170, 1, 0, 141, 0, 26, 2, 64, 65, 3, 75, 24, 100, 24, 0, 100,
       4, 24, 0, 6, 2, 151, 160, 0, 67, 32, 64, 58, 209, 60, 222, 39,
       159, 93, 59, 247, 211, 181, 234, 191, 120, 52, 95, 244, 183, 102,
       155, 246, 126, 209, 119, 177, 182, 231, 94, 122, 241, 213, 232,
       206, 60, 130, 180, 223, 72, 250, 249, 90, 223, 247, 109, 177, 117,
       181, 111, 187, 170, 153, 79, 248, 29, 220, 85, 57, 243, 119, 191,
       59, 251, 174, 219, 46, 152, 238, 234, 63, 127, 241, 63, 189, 252,
       222, 253, 63, 62, 255, 239, 217, 252, 115, 251, 245, 119, 255,
       119, 121, 127, 149, 183, 125, 215, 127, 235, 223, 104, 199, 246,
       215, 123, 249, 124, 120, 221, 118, 47, 213, 245, 247, 111, 189,
       172, 159, 13, 240, 29, 156, 93, 50, 242, 127, 189, 251, 223, 44,
       218, 186, 212, 125, 198, 191, 157, 223, 25, 246, 127, 189, 122,
       189, 122, 116, 85, 246, 246, 70, 177, 212, 114, 177, 110, 176,
       182, 229, 123, 254, 251, 213, 107, 143, 236, 158, 246, 254, 89,
       250, 253, 82, 223, 71, 205, 208, 116, 244, 79, 179, 191, 153, 13,
       252, 1, 223, 81, 56, 50, 246, 159, 186, 159, 172, 221, 191, 190,
       255, 163, 255, 253, 191, 249, 254, 255, 254, 255, 255, 127, 254,
       253, 251, 213, 99, 99, 245, 39, 203, 124, 205, 255, 245, 175, 222,
       95, 243, 239, 215, 44, 85, 190, 86, 120, 233, 116, 120, 92, 58,
       47, 213, 53, 247, 111, 153, 172, 24, 5, 240, 29, 156, 73, 16, 242,
       51, 189, 88, 87, 32, 250, 191, 250, 255, 255, 63, 125, 255, 248,
       255, 255, 254, 251, 255, 123, 254, 255, 247, 247, 103, 123, 245,
       119, 247, 126, 205, 255, 245, 251, 127, 95, 247, 255, 247, 44, 87,
       190, 223, 122, 249, 253, 250, 93, 123, 47, 213, 23, 247, 111, 153,
       172, 24, 5, 240, 29, 157, 73, 16, 242, 51, 189, 90, 87, 32, 250,
       248, 219, 254, 223, 231, 125, 249, 254, 255, 253, 126, 223, 191,
       253, 127, 254, 255, 214, 125, 111, 126, 206, 167, 55, 111, 255,
       247, 58, 255, 83, 126, 191, 242, 103, 117, 255, 82, 119, 249, 244,
       243, 223, 120, 62, 221, 150, 249, 244, 141, 173, 94, 133, 248, 31,
       159, 77, 144, 244, 57, 189, 93, 95, 34, 187, 68, 33, 131, 148, 16,
       130, 8, 78, 0, 162, 1, 20, 65, 130, 145, 66, 10, 68, 0, 99, 138,
       33, 198, 3, 12, 128, 162, 13, 2, 8, 49, 74, 119, 4, 53, 186, 0,
