%YAML:1.0
descriptors: !!opencv-matrix
   rows: 45
   cols: 64
   dt: u
   data: [ 63, 176, 237, 254, 63, 253, 221, 56, 247, 252, 220, 253, 253,
       127, 60, 124, 253, 255, 99, 243, 245, 39, 195, 247, 205, 255, 245,
       255, 122, 95, 247, 235, 223, 44, 85, 190, 127, 120, 233, 125, 120,
       93, 59, 47, 213, 49, 247, 111, 185, 172, 25, 5, 240, 29, 156, 73,
       54, 242, 55, 189, 90, 87, 36, 250, 63, 255, 253, 222, 55, 189,
       221, 121, 255, 247, 255, 250, 255, 123, 252, 126, 247, 247, 98,
       123, 247, 103, 211, 247, 221, 255, 245, 127, 122, 159, 247, 235,
       223, 44, 87, 190, 218, 120, 249, 125, 114, 92, 57, 47, 213, 54,
       245, 111, 153, 174, 24, 5, 240, 29, 156, 73, 16, 242, 51, 189,
       120, 87, 32, 250, 55, 253, 251, 222, 54, 157, 93, 11, 247, 231,
       61, 250, 191, 234, 180, 95, 246, 247, 32, 123, 143, 62, 211, 103,
       205, 214, 231, 127, 83, 59, 245, 107, 215, 44, 87, 190, 218, 120,
       251, 119, 114, 94, 61, 109, 151, 20, 245, 111, 153, 172, 24, 5,
       240, 29, 156, 73, 16, 242, 115, 191, 89, 87, 34, 251, 183, 250,
       81, 231, 253, 232, 139, 200, 222, 121, 2, 127, 165, 95, 203, 245,
       251, 215, 13, 34, 205, 45, 139, 124, 111, 222, 121, 47, 214, 11,
       115, 127, 87, 165, 93, 155, 114, 243, 237, 118, 225, 92, 10, 31,
       197, 134, 252, 53, 137, 181, 24, 37, 240, 151, 156, 105, 16, 240,
       50, 173, 92, 71, 48, 188, 252, 233, 254, 252, 50, 95, 127, 103,
       53, 198, 253, 240, 95, 250, 180, 254, 171, 213, 62, 111, 135, 45,
       228, 51, 77, 207, 167, 31, 83, 172, 52, 105, 210, 39, 52, 187, 82,
       124, 243, 244, 82, 254, 185, 111, 187, 30, 117, 110, 221, 172, 58,
       213, 241, 29, 181, 78, 81, 254, 115, 255, 89, 118, 179, 251, 142,
       237, 235, 56, 55, 121, 252, 207, 121, 146, 237, 188, 122, 246,
       239, 251, 249, 152, 35, 211, 101, 176, 117, 22, 213, 207, 241,
       233, 195, 254, 182, 226, 237, 60, 71, 238, 90, 112, 233, 116, 122,
       93, 52, 45, 212, 87, 183, 110, 153, 174, 30, 7, 242, 29, 220, 89,
       16, 243, 55, 189, 57, 83, 234, 218, 47, 166, 237, 168, 63, 253,
       181, 124, 253, 254, 222, 253, 253, 63, 189, 71, 203, 252, 227,
       249, 241, 86, 219, 245, 125, 253, 133, 183, 126, 223, 49, 235,
       223, 104, 215, 186, 127, 120, 233, 124, 124, 93, 122, 47, 213,
       117, 119, 107, 187, 172, 153, 13, 240, 29, 156, 92, 54, 242, 55,
       189, 218, 215, 44, 250, 153, 137, 222, 199, 187, 241, 241, 248,
       28, 213, 86, 223, 183, 126, 219, 204, 235, 214, 33, 107, 196, 46,
       199, 115, 43, 255, 49, 42, 86, 11, 51, 59, 215, 38, 85, 186, 87,
       123, 233, 116, 113, 92, 56, 46, 213, 20, 245, 111, 153, 172, 25,
       5, 240, 29, 156, 73, 16, 242, 51, 189, 88, 87, 32, 250, 62, 197,
       200, 190, 55, 95, 93, 3, 39, 198, 61, 250, 159, 106, 54, 94, 249,
       179, 32, 247, 7, 119, 208, 99, 125, 215, 243, 121, 115, 186, 214,
       41, 150, 60, 23, 138, 202, 120, 251, 124, 48, 219, 61, 105, 213,
       20, 245, 110, 153, 174, 24, 5, 240, 29, 188, 89, 24, 243, 57, 189,
       89, 215, 40, 250, 63, 254, 125, 171, 191, 253, 151, 88, 255, 223,
       254, 250, 237, 63, 252, 93, 251, 247, 39, 121, 245, 86, 219, 117,
       237, 253, 125, 63, 126, 91, 115, 235, 215, 108, 223, 190, 90, 120,
       233, 116, 124, 93, 58, 173, 213, 81, 244, 109, 153, 188, 24, 13,
       240, 29, 158, 89, 48, 242, 51, 189, 90, 223, 44, 250, 13, 46, 101,
       169, 248, 253, 163, 100, 57, 252, 66, 21, 220, 53, 249, 224, 203,
       233, 137, 104, 249, 65, 94, 248, 93, 124, 28, 167, 108, 199, 59,
       215, 213, 193, 117, 48, 117, 250, 173, 62, 253, 21, 74, 54, 69,
       135, 110, 225, 153, 109, 44, 36, 247, 93, 143, 76, 54, 204, 139,
       164, 202, 71, 32, 246, 210, 217, 154, 223, 230, 219, 218, 161, 91,
       147, 21, 222, 246, 208, 126, 216, 61, 211, 60, 159, 15, 189, 231,
       201, 175, 87, 251, 126, 135, 239, 150, 54, 150, 255, 185, 69, 254,
       221, 254, 115, 113, 253, 231, 125, 191, 156, 189, 55, 199, 219,
       167, 247, 159, 227, 250, 255, 87, 223, 248, 111, 117, 121, 215,
       143, 141, 238, 69, 101, 253, 248, 163, 216, 248, 25, 234, 127,
       224, 23, 201, 225, 139, 45, 175, 88, 229, 6, 10, 252, 101, 221,
       25, 167, 252, 7, 35, 222, 221, 225, 253, 147, 117, 187, 237, 55,
       109, 52, 58, 183, 237, 227, 254, 113, 168, 247, 12, 33, 213, 231,
       206, 40, 6, 204, 151, 164, 206, 71, 52, 30, 222, 217, 74, 255, 55,
       91, 216, 139, 31, 195, 125, 250, 191, 210, 116, 254, 125, 151, 60,
       223, 7, 188, 161, 114, 173, 215, 243, 121, 215, 186, 150, 57, 146,
       60, 52, 219, 218, 125, 218, 245, 114, 223, 181, 125, 147, 28, 245,
       46, 207, 175, 19, 135, 248, 31, 252, 91, 81, 243, 113, 127, 93,
       125, 176, 187, 141, 174, 205, 41, 252, 248, 166, 244, 120, 187,
       228, 249, 232, 17, 143, 137, 137, 204, 187, 249, 225, 65, 111,
       248, 97, 93, 25, 166, 125, 7, 35, 198, 221, 64, 221, 32, 127, 177,
       173, 52, 125, 28, 58, 183, 213, 177, 118, 97, 186, 252, 15, 37,
       213, 189, 218, 12, 22, 198, 167, 172, 88, 83, 100, 222, 141, 242,
       69, 33, 221, 248, 163, 248, 56, 57, 194, 127, 200, 21, 203, 129,
       203, 205, 141, 104, 233, 64, 138, 248, 108, 125, 25, 163, 252, 7,
       35, 223, 221, 192, 221, 48, 117, 179, 45, 54, 125, 20, 74, 55, 69,
       129, 126, 241, 168, 93, 13, 36, 213, 183, 138, 41, 38, 196, 135,
       132, 196, 87, 36, 94, 156, 250, 95, 170, 61, 121, 160, 254, 88,
       184, 214, 247, 100, 19, 203, 209, 107, 204, 165, 217, 225, 0, 173,
       220, 173, 29, 121, 163, 223, 79, 163, 254, 221, 36, 253, 242, 127,
       242, 169, 117, 249, 84, 58, 63, 87, 133, 114, 237, 138, 253, 95,
       133, 248, 31, 206, 73, 150, 240, 175, 220, 92, 23, 36, 158, 193,
       206, 142, 221, 232, 250, 242, 212, 57, 249, 6, 207, 130, 241, 79,
       139, 13, 73, 189, 175, 204, 141, 110, 121, 99, 95, 27, 118, 253,
       7, 3, 23, 151, 211, 113, 97, 113, 205, 254, 34, 113, 60, 106, 119,
       189, 140, 127, 179, 93, 217, 44, 245, 213, 239, 154, 174, 87, 205,
       182, 39, 196, 113, 149, 254, 73, 142, 142, 169, 207, 251, 163,
       212, 57, 125, 110, 15, 152, 124, 107, 169, 129, 125, 153, 226,
       252, 85, 30, 248, 99, 108, 8, 166, 253, 71, 59, 215, 253, 211,
       211, 97, 17, 195, 252, 34, 191, 53, 94, 54, 85, 223, 126, 177, 28,
       88, 8, 60, 215, 237, 201, 172, 127, 140, 143, 164, 195, 203, 94,
       68, 62, 49, 88, 190, 19, 43, 124, 79, 87, 66, 221, 180, 52, 6,
       172, 118, 242, 146, 1, 81, 135, 48, 193, 19, 197, 136, 226, 137,
       83, 44, 188, 233, 130, 4, 52, 186, 3, 122, 129, 212, 146, 219,
       149, 65, 114, 23, 103, 78, 155, 38, 59, 4, 96, 29, 247, 73, 16,
       242, 59, 248, 25, 6, 163, 193, 45, 182, 101, 161, 221, 189, 163,
       217, 60, 124, 202, 119, 237, 95, 233, 229, 194, 252, 195, 96, 241,
       96, 30, 248, 68, 44, 8, 131, 252, 71, 41, 215, 61, 224, 223, 48,
       117, 242, 45, 38, 205, 21, 74, 150, 68, 195, 218, 65, 168, 125,
       140, 40, 246, 149, 139, 73, 38, 192, 135, 164, 202, 79, 38, 92,
       54, 37, 249, 158, 18, 7, 92, 71, 103, 100, 173, 176, 127, 230,
       180, 94, 243, 176, 2, 97, 19, 168, 113, 39, 220, 131, 226, 9, 67,
       188, 220, 97, 194, 36, 54, 186, 130, 120, 3, 220, 18, 202, 60,
       235, 144, 20, 197, 78, 145, 164, 18, 4, 96, 24, 20, 73, 24, 242,
       113, 189, 88, 86, 34, 233, 69, 14, 130, 41, 201, 232, 162, 204,
       40, 120, 138, 5, 64, 37, 139, 161, 203, 40, 129, 0, 232, 1, 110,
       56, 70, 201, 8, 135, 137, 4, 43, 71, 117, 131, 85, 33, 53, 226,
       45, 46, 229, 20, 10, 130, 69, 131, 106, 241, 24, 76, 92, 52, 151,
       95, 140, 40, 134, 200, 135, 164, 200, 70, 48, 116, 109, 54, 229,
       33, 220, 183, 163, 124, 240, 124, 194, 55, 205, 61, 179, 69, 226,
       237, 195, 96, 241, 71, 82, 245, 222, 104, 188, 167, 248, 20, 113,
       203, 223, 44, 71, 190, 91, 56, 41, 124, 124, 84, 26, 142, 213, 97,
       211, 77, 184, 172, 24, 9, 240, 29, 156, 65, 52, 242, 19, 189, 90,
