%YAML:1.0
descriptors: !!opencv-matrix
   rows: 80
   cols: 64
   dt: u
   data: [ 13, 130, 205, 168, 8, 249, 165, 124, 49, 190, 194, 197, 200,
       61, 137, 3, 137, 108, 195, 99, 228, 100, 202, 251, 77, 60, 0, 166,
       120, 71, 49, 207, 223, 0, 85, 32, 117, 248, 233, 40, 124, 52, 58,
       47, 84, 49, 119, 107, 57, 172, 24, 5, 240, 29, 156, 8, 22, 226,
       55, 189, 72, 87, 32, 250, 45, 174, 237, 232, 63, 253, 245, 120,
       189, 254, 222, 253, 217, 60, 253, 102, 137, 252, 227, 123, 244,
       118, 218, 247, 125, 255, 133, 182, 124, 215, 53, 235, 223, 104,
       215, 184, 119, 120, 233, 60, 120, 125, 122, 47, 213, 53, 247, 107,
       187, 172, 153, 13, 240, 29, 156, 92, 54, 242, 55, 189, 219, 223,
       44, 250, 191, 190, 255, 239, 63, 255, 253, 250, 253, 255, 254,
       251, 255, 127, 254, 253, 251, 253, 107, 123, 245, 119, 219, 127,
       127, 255, 245, 191, 126, 95, 119, 239, 223, 108, 87, 190, 215,
       120, 249, 125, 120, 93, 122, 191, 213, 49, 247, 111, 185, 172, 24,
       13, 240, 29, 156, 73, 48, 242, 55, 189, 218, 215, 40, 254, 203,
       154, 211, 247, 249, 226, 235, 202, 120, 187, 194, 255, 166, 197,
       131, 25, 235, 221, 189, 79, 238, 173, 239, 123, 103, 223, 123,
       167, 222, 67, 35, 255, 87, 163, 124, 113, 117, 253, 255, 118, 73,
       100, 234, 126, 203, 13, 91, 179, 237, 220, 120, 245, 197, 246,
       188, 235, 215, 252, 247, 175, 222, 117, 145, 182, 53, 191, 255,
       214, 55, 151, 221, 127, 246, 212, 149, 241, 255, 127, 180, 94,
       250, 215, 98, 99, 215, 47, 195, 119, 205, 250, 246, 95, 82, 24,
       212, 107, 215, 38, 85, 190, 82, 120, 251, 116, 112, 92, 56, 47,
       213, 20, 245, 111, 153, 172, 24, 5, 240, 29, 156, 73, 16, 242, 51,
       189, 88, 87, 32, 250, 114, 185, 223, 222, 127, 135, 223, 59, 214,
       68, 53, 242, 191, 218, 180, 92, 254, 215, 96, 103, 199, 47, 193,
       119, 202, 223, 243, 111, 82, 24, 212, 105, 215, 36, 85, 190, 82,
       120, 235, 116, 112, 93, 56, 47, 213, 20, 245, 111, 153, 172, 24,
       5, 240, 29, 156, 73, 16, 242, 51, 189, 88, 87, 32, 250, 51, 148,
       80, 2, 221, 130, 134, 8, 114, 24, 0, 97, 172, 75, 132, 21, 102,
       247, 1, 16, 193, 34, 129, 103, 64, 154, 96, 15, 18, 8, 193, 97,
       215, 36, 20, 178, 115, 24, 41, 116, 97, 66, 26, 139, 193, 16, 245,
       79, 152, 164, 24, 4, 240, 24, 156, 73, 16, 178, 55, 157, 88, 87,
       32, 248, 60, 190, 253, 255, 63, 253, 253, 125, 255, 255, 222, 253,
       253, 126, 189, 222, 255, 254, 227, 123, 245, 126, 211, 255, 253,
       255, 247, 255, 126, 223, 247, 239, 223, 108, 87, 190, 215, 120,
       249, 125, 120, 93, 123, 47, 245, 53, 247, 111, 185, 174, 152, 13,
       240, 29, 156, 93, 52, 242, 119, 189, 251, 223, 40, 250, 68, 33,
       145, 144, 0, 2, 8, 70, 66, 2, 3, 20, 80, 128, 147, 114, 98, 64, 0,
       100, 10, 128, 196, 3, 12, 128, 166, 9, 2, 12, 48, 8, 112, 4, 84,
       186, 0, 102, 1, 212, 128, 64, 20, 10, 2, 14, 1, 78, 17, 44, 112,
       4, 34, 24, 20, 73, 128, 98, 1, 184, 76, 6, 34, 241, 86, 33, 147,
       144, 16, 2, 8, 78, 2, 194, 1, 52, 65, 130, 147, 82, 98, 68, 0, 68,
       10, 129, 196, 3, 14, 128, 162, 9, 18, 40, 16, 41, 112, 36, 20,
       187, 0, 116, 3, 212, 128, 64, 16, 72, 2, 12, 193, 14, 81, 44, 80,
       5, 32, 24, 52, 75, 128, 50, 33, 24, 76, 4, 32, 177, 68, 35, 163,
       144, 48, 87, 40, 247, 0, 226, 67, 20, 65, 132, 155, 98, 138, 76,
       67, 102, 11, 161, 196, 147, 12, 8, 166, 140, 64, 140, 48, 88, 114,
       4, 85, 186, 80, 120, 193, 84, 48, 96, 48, 46, 198, 132, 193, 110,
       25, 172, 24, 1, 112, 29, 148, 72, 128, 226, 19, 157, 72, 86, 32,
       242, 110, 164, 237, 184, 63, 191, 31, 127, 245, 254, 244, 177,
       253, 58, 189, 71, 234, 213, 99, 115, 245, 55, 210, 119, 93, 249,
       177, 47, 82, 92, 49, 235, 199, 44, 87, 186, 90, 120, 233, 116,
       120, 92, 56, 47, 213, 21, 245, 111, 153, 172, 24, 5, 240, 29, 156,
       73, 16, 242, 51, 189, 88, 87, 32, 250, 45, 38, 109, 168, 25, 191,
       167, 124, 180, 254, 194, 53, 73, 63, 185, 71, 203, 253, 67, 96,
       245, 99, 194, 115, 77, 248, 140, 133, 90, 12, 49, 203, 215, 36,
       85, 186, 82, 120, 233, 116, 120, 92, 56, 47, 213, 21, 245, 111,
       153, 172, 24, 5, 240, 29, 156, 73, 16, 242, 51, 189, 88, 87, 32,
       250, 12, 1, 144, 48, 0, 162, 32, 102, 0, 138, 66, 5, 64, 192, 1,
       2, 12, 8, 129, 66, 226, 40, 64, 147, 8, 10, 134, 196, 64, 4, 32,
       192, 66, 18, 64, 160, 17, 42, 64, 64, 200, 32, 144, 66, 98, 5, 3,
       78, 25, 40, 56, 69, 112, 28, 28, 64, 7, 34, 19, 177, 8, 34, 33,
       98, 69, 38, 229, 176, 16, 182, 35, 126, 128, 254, 194, 53, 65, 7,
       153, 67, 194, 77, 131, 100, 193, 33, 192, 243, 76, 136, 140, 133,
       80, 12, 49, 73, 87, 4, 85, 186, 16, 122, 1, 84, 244, 84, 24, 14,
       69, 4, 97, 111, 24, 44, 24, 4, 240, 29, 156, 73, 0, 226, 19, 189,
       72, 86, 32, 242, 84, 34, 209, 176, 16, 70, 33, 111, 192, 160, 66,
       52, 81, 134, 155, 114, 234, 84, 1, 96, 139, 129, 204, 19, 12, 136,
       164, 13, 82, 8, 48, 72, 113, 38, 117, 186, 0, 114, 5, 86, 128, 64,
       16, 10, 70, 4, 65, 238, 153, 44, 88, 4, 112, 28, 148, 73, 128,
       112, 35, 184, 72, 6, 32, 242, 84, 50, 243, 144, 24, 70, 41, 238,
       194, 174, 195, 52, 65, 130, 155, 242, 242, 196, 3, 98, 139, 137,
       204, 31, 142, 136, 166, 9, 146, 8, 49, 126, 113, 135, 117, 187, 0,
       246, 5, 86, 128, 64, 0, 14, 74, 142, 65, 221, 153, 44, 116, 21,
       32, 30, 132, 73, 128, 120, 33, 184, 76, 6, 33, 180, 84, 58, 243,
       145, 88, 66, 40, 206, 194, 170, 131, 52, 65, 134, 155, 210, 234,
       196, 3, 66, 143, 137, 206, 11, 143, 136, 170, 79, 2, 13, 49, 126,
       113, 135, 125, 187, 16, 246, 39, 86, 128, 64, 64, 74, 42, 142, 65,
       147, 216, 108, 116, 181, 34, 24, 53, 75, 128, 120, 137, 184, 76,
       4, 49, 180, 11, 150, 208, 39, 221, 160, 175, 12, 56, 59, 96, 107,
       166, 75, 130, 17, 110, 175, 185, 80, 224, 15, 202, 121, 34, 219,
       123, 231, 222, 65, 33, 231, 95, 227, 60, 49, 119, 189, 45, 54,
       105, 70, 122, 11, 203, 81, 219, 211, 248, 212, 88, 36, 228, 166,
       156, 233, 150, 158, 183, 141, 148, 71, 48, 55, 178, 209, 88, 150,
       55, 128, 95, 9, 70, 67, 57, 114, 189, 74, 36, 84, 118, 215, 4, 85,
       2, 50, 129, 102, 204, 150, 227, 41, 18, 56, 213, 41, 146, 36, 20,
       158, 66, 120, 131, 214, 2, 202, 36, 73, 144, 28, 245, 15, 145,
       164, 16, 5, 32, 24, 148, 75, 16, 114, 48, 61, 88, 86, 32, 249,
       121, 18, 245, 134, 255, 183, 39, 124, 230, 124, 208, 55, 189, 127,
       178, 69, 234, 213, 1, 100, 200, 39, 195, 117, 78, 184, 184, 13,
       210, 8, 113, 105, 215, 36, 85, 186, 82, 120, 129, 116, 80, 92, 24,
       15, 213, 20, 229, 79, 153, 172, 24, 5, 240, 29, 156, 73, 16, 242,
       51, 189, 88, 87, 32, 250, 211, 81, 18, 118, 201, 34, 106, 138, 18,
       43, 32, 3, 6, 194, 2, 57, 100, 139, 157, 150, 74, 173, 172, 10,
       130, 138, 234, 79, 211, 33, 161, 118, 115, 179, 20, 113, 49, 196,
       38, 230, 194, 66, 138, 90, 200, 29, 203, 223, 201, 70, 90, 20,
       108, 122, 140, 235, 211, 185, 165, 22, 28, 118, 147, 45, 50, 245,
       121, 158, 54, 141, 95, 9, 230, 69, 53, 250, 189, 122, 244, 92,
       246, 215, 36, 99, 134, 38, 209, 103, 221, 215, 245, 125, 50, 186,
       213, 41, 150, 36, 85, 158, 194, 120, 235, 116, 112, 223, 61, 47,
       213, 20, 245, 111, 145, 172, 24, 5, 240, 29, 156, 73, 16, 242, 50,
       189, 88, 87, 32, 251, 1, 2, 64, 128, 152, 128, 0, 68, 32, 100, 2,
       22, 128, 165, 147, 66, 234, 84, 1, 96, 72, 128, 130, 32, 78, 136,
       152, 9, 146, 8, 17, 9, 208, 36, 85, 186, 82, 112, 1, 84, 16, 80,
       24, 14, 64, 20, 192, 76, 153, 44, 24, 4, 112, 29, 156, 73, 16,
       242, 51, 188, 72, 86, 32, 248, 3, 2, 64, 130, 223, 0, 1, 64, 38,
       102, 1, 86, 153, 107, 178, 69, 226, 212, 1, 96, 192, 0, 136, 96,
       78, 144, 184, 11, 146, 8, 17, 105, 85, 36, 84, 154, 66, 112, 1,
       86, 16, 64, 24, 14, 208, 20, 192, 77, 153, 44, 24, 4, 112, 24,
