%YAML:1.0
descriptors: !!opencv-matrix
   rows: 42
   cols: 64
   dt: u
   data: [ 63, 190, 253, 255, 63, 253, 255, 120, 255, 253, 255, 255, 253,
       127, 252, 124, 251, 255, 99, 243, 245, 119, 211, 119, 221, 255,
       245, 255, 126, 255, 247, 239, 223, 60, 87, 190, 255, 120, 249,
       125, 120, 93, 123, 47, 245, 53, 247, 111, 185, 174, 152, 15, 240,
       29, 156, 73, 48, 243, 55, 189, 250, 87, 32, 250, 111, 252, 255,
       191, 127, 255, 255, 223, 255, 255, 173, 235, 239, 223, 255, 255,
       255, 255, 115, 243, 245, 39, 83, 255, 213, 255, 245, 255, 83, 31,
       243, 227, 207, 44, 87, 190, 219, 120, 233, 117, 122, 94, 56, 175,
       213, 117, 247, 111, 153, 172, 24, 5, 240, 29, 156, 73, 16, 242,
       51, 189, 88, 87, 34, 251, 254, 248, 239, 251, 126, 255, 242, 247,
       125, 249, 126, 221, 223, 118, 255, 236, 251, 221, 121, 235, 213,
       53, 239, 251, 111, 207, 177, 175, 127, 95, 63, 255, 247, 36, 85,
       186, 95, 122, 233, 116, 242, 93, 126, 46, 213, 22, 247, 111, 157,
       172, 24, 5, 240, 29, 157, 73, 16, 242, 51, 189, 89, 95, 34, 251,
       45, 142, 254, 255, 122, 255, 243, 247, 61, 253, 78, 221, 159, 127,
       251, 236, 235, 221, 249, 107, 245, 109, 207, 123, 111, 235, 146,
       55, 127, 79, 63, 255, 247, 103, 117, 186, 87, 251, 249, 116, 241,
       125, 250, 54, 221, 134, 243, 107, 153, 172, 28, 5, 240, 29, 157,
       77, 16, 246, 51, 189, 218, 95, 35, 254, 63, 183, 125, 254, 63,
       191, 223, 122, 247, 94, 253, 243, 237, 123, 188, 85, 242, 247, 99,
       115, 245, 103, 209, 119, 205, 255, 231, 63, 126, 26, 117, 235,
       215, 44, 87, 190, 218, 120, 249, 117, 120, 92, 59, 47, 213, 48,
       245, 111, 153, 172, 24, 5, 240, 29, 156, 73, 16, 242, 51, 189, 88,
       87, 32, 250, 238, 105, 235, 246, 83, 103, 120, 239, 212, 251, 252,
       187, 115, 194, 182, 238, 235, 213, 63, 103, 79, 143, 229, 63, 15,
       203, 183, 47, 211, 13, 50, 254, 243, 39, 52, 251, 82, 116, 229,
       244, 90, 78, 48, 47, 219, 28, 193, 238, 157, 172, 90, 5, 240, 30,
       156, 73, 144, 242, 51, 189, 92, 86, 34, 251, 205, 45, 195, 182,
       83, 99, 45, 222, 96, 237, 168, 171, 242, 202, 166, 75, 235, 245,
       37, 103, 79, 141, 115, 51, 70, 223, 187, 47, 211, 12, 50, 33, 211,
       39, 86, 187, 82, 124, 101, 116, 112, 78, 56, 47, 221, 92, 245,
       238, 153, 172, 24, 5, 240, 30, 156, 73, 16, 240, 51, 189, 92, 86,
       32, 250, 229, 237, 247, 127, 241, 102, 246, 223, 248, 193, 173,
       251, 102, 247, 198, 239, 235, 213, 63, 103, 15, 143, 231, 55, 79,
       223, 191, 47, 211, 14, 50, 58, 242, 39, 117, 251, 82, 117, 237,
       244, 114, 94, 56, 63, 221, 28, 253, 164, 137, 172, 86, 21, 249,
       62, 148, 73, 16, 252, 33, 189, 92, 86, 50, 250, 44, 163, 109, 168,
       18, 253, 161, 125, 253, 220, 198, 53, 81, 58, 249, 228, 202, 124,
       195, 96, 245, 50, 208, 247, 93, 184, 4, 129, 124, 222, 57, 137,
       206, 32, 87, 186, 86, 122, 201, 60, 248, 85, 50, 39, 84, 167, 119,
       110, 185, 172, 153, 12, 242, 29, 157, 88, 52, 226, 51, 189, 74,
       87, 40, 250, 185, 54, 117, 167, 190, 237, 189, 244, 250, 253, 222,
       117, 253, 63, 248, 208, 255, 230, 199, 249, 241, 0, 63, 220, 185,
       125, 245, 251, 238, 215, 247, 255, 93, 236, 126, 118, 255, 243,
       169, 127, 93, 85, 111, 190, 238, 35, 254, 125, 169, 247, 207, 15,
       254, 158, 29, 69, 174, 243, 151, 252, 255, 15, 32, 190, 189, 255,
       127, 124, 55, 125, 241, 250, 252, 92, 212, 255, 127, 123, 220,
       204, 250, 252, 231, 123, 119, 110, 181, 246, 255, 63, 247, 153,
       255, 222, 118, 185, 218, 110, 70, 254, 215, 50, 217, 125, 223,
       255, 187, 151, 240, 243, 243, 110, 171, 175, 159, 201, 248, 31,
       159, 93, 56, 246, 127, 191, 122, 255, 175, 219, 190, 243, 117,
       116, 54, 105, 253, 124, 242, 156, 255, 241, 109, 117, 220, 240,
       255, 206, 199, 251, 229, 42, 165, 246, 173, 191, 231, 219, 111,
       118, 229, 252, 254, 120, 108, 190, 255, 48, 248, 245, 127, 92,
       187, 127, 230, 99, 247, 110, 168, 183, 207, 67, 248, 22, 159, 77,
       142, 243, 87, 255, 123, 111, 164, 190, 254, 53, 117, 150, 18, 15,
       29, 107, 231, 68, 183, 50, 125, 234, 244, 86, 242, 212, 70, 101,
       19, 240, 145, 38, 220, 150, 165, 25, 34, 152, 92, 41, 82, 36, 86,
       158, 202, 120, 131, 220, 20, 219, 29, 15, 128, 28, 228, 78, 129,
       164, 16, 4, 42, 24, 151, 73, 24, 114, 49, 56, 89, 22, 32, 184, 63,
       252, 252, 254, 63, 253, 253, 121, 253, 254, 222, 253, 253, 126,
       252, 220, 255, 254, 227, 251, 245, 126, 219, 255, 253, 127, 243,
       247, 127, 215, 253, 239, 223, 232, 215, 180, 255, 248, 249, 125,
       120, 221, 255, 47, 213, 53, 247, 111, 187, 254, 153, 13, 246, 29,
       220, 93, 62, 243, 247, 255, 251, 223, 172, 254, 114, 121, 209,
       222, 82, 78, 95, 43, 199, 64, 63, 176, 55, 194, 220, 218, 255,
       151, 60, 7, 7, 189, 129, 7, 223, 215, 235, 77, 3, 186, 220, 40,
       130, 39, 101, 159, 138, 92, 199, 84, 32, 217, 165, 105, 175, 30,
       181, 46, 199, 164, 211, 199, 42, 16, 53, 219, 64, 122, 120, 121,
       89, 4, 49, 186, 63, 53, 253, 150, 23, 7, 21, 127, 230, 68, 149,
       48, 125, 110, 180, 86, 242, 215, 99, 118, 209, 39, 193, 247, 220,
       170, 228, 77, 82, 156, 240, 105, 223, 44, 85, 190, 90, 120, 193,
       124, 112, 88, 56, 47, 212, 52, 245, 111, 153, 172, 24, 5, 240, 29,
       156, 73, 16, 242, 51, 189, 88, 87, 32, 250, 4, 42, 65, 161, 152,
       152, 160, 64, 168, 29, 130, 119, 193, 87, 216, 97, 226, 213, 39,
       96, 197, 4, 138, 121, 79, 156, 53, 47, 86, 14, 51, 94, 87, 36, 93,
       186, 82, 122, 233, 116, 113, 84, 56, 47, 197, 4, 244, 111, 153,
       172, 24, 5, 240, 29, 156, 73, 16, 242, 51, 189, 88, 87, 32, 250,
       250, 49, 154, 182, 55, 19, 90, 34, 214, 131, 85, 242, 191, 194,
       18, 90, 124, 147, 114, 215, 7, 183, 195, 87, 137, 82, 246, 125,
       66, 184, 246, 168, 199, 44, 135, 190, 223, 120, 232, 113, 120,
       201, 181, 41, 211, 53, 183, 111, 155, 174, 153, 3, 240, 29, 220,
       81, 16, 243, 51, 249, 57, 147, 104, 234, 4, 33, 245, 152, 16, 5,
       33, 103, 192, 198, 129, 52, 81, 166, 147, 66, 202, 84, 67, 96, 17,
       32, 192, 131, 92, 168, 132, 9, 0, 140, 48, 73, 198, 4, 69, 186, 0,
       120, 1, 92, 48, 80, 52, 38, 84, 52, 101, 110, 153, 172, 24, 5,
       240, 29, 156, 73, 16, 242, 51, 185, 88, 86, 32, 250, 44, 38, 229,
       160, 31, 127, 161, 95, 245, 252, 202, 53, 121, 62, 187, 101, 203,
       252, 67, 96, 241, 2, 89, 245, 85, 168, 12, 129, 90, 220, 59, 195,
       221, 36, 87, 186, 83, 122, 169, 124, 124, 84, 58, 47, 84, 117,
       118, 109, 153, 172, 24, 5, 242, 29, 156, 73, 16, 242, 51, 188, 90,
       87, 32, 250, 45, 38, 229, 40, 29, 119, 167, 254, 240, 124, 196,
       49, 109, 63, 131, 197, 203, 220, 131, 96, 225, 195, 236, 52, 76,
       169, 24, 131, 251, 12, 49, 203, 245, 36, 85, 186, 87, 112, 37,
       116, 124, 86, 26, 14, 84, 129, 66, 204, 153, 44, 28, 4, 240, 29,
       156, 73, 16, 240, 35, 156, 88, 86, 36, 248, 126, 52, 125, 150,
       119, 151, 159, 121, 247, 230, 189, 242, 253, 46, 176, 87, 251,
       245, 71, 119, 209, 115, 209, 118, 93, 255, 253, 63, 82, 222, 117,
       123, 215, 44, 87, 190, 82, 120, 233, 116, 112, 93, 60, 47, 213,
       20, 245, 111, 153, 172, 24, 5, 240, 29, 156, 73, 16, 242, 51, 189,
       88, 87, 32, 250, 126, 254, 125, 175, 127, 255, 191, 125, 255, 255,
       250, 253, 253, 62, 252, 254, 251, 213, 111, 109, 253, 51, 247, 53,
       93, 255, 173, 47, 91, 222, 119, 251, 245, 44, 87, 191, 82, 120,
       233, 252, 122, 92, 56, 47, 213, 22, 244, 111, 153, 172, 24, 5,
       240, 29, 156, 73, 16, 242, 51, 188, 90, 87, 32, 250, 12, 174, 239,
       249, 27, 253, 229, 125, 189, 254, 202, 189, 217, 60, 249, 239,
       137, 124, 227, 107, 245, 115, 94, 251, 117, 127, 22, 166, 125,
       215, 63, 207, 207, 210, 223, 40, 117, 250, 249, 62, 124, 53, 118,
       39, 87, 245, 119, 227, 58, 252, 188, 45, 215, 29, 220, 28, 54,
       194, 239, 239, 203, 219, 237, 246, 118, 180, 249, 190, 63, 150,
