%YAML:1.0
descriptors: !!opencv-matrix
   rows: 25
   cols: 64
   dt: u
   data: [ 60, 173, 255, 254, 35, 95, 253, 111, 253, 252, 222, 181, 125,
       254, 191, 238, 251, 152, 227, 35, 245, 119, 211, 247, 125, 239,
       180, 179, 107, 223, 127, 235, 207, 40, 71, 180, 247, 122, 233,
       124, 120, 93, 117, 47, 245, 55, 247, 111, 185, 172, 153, 13, 240,
       29, 156, 89, 54, 242, 127, 189, 123, 87, 40, 250, 219, 153, 206,
       255, 127, 243, 219, 190, 63, 255, 86, 223, 191, 254, 59, 254, 253,
       215, 97, 243, 228, 125, 231, 115, 75, 235, 242, 127, 123, 91, 247,
       235, 215, 36, 85, 186, 91, 120, 249, 116, 112, 93, 124, 46, 213,
       20, 245, 111, 153, 172, 24, 5, 242, 29, 156, 73, 16, 242, 51, 189,
       88, 87, 32, 250, 151, 250, 87, 103, 253, 184, 219, 200, 250, 57,
       187, 127, 174, 123, 192, 121, 226, 215, 61, 99, 197, 47, 171, 125,
       111, 222, 123, 63, 222, 43, 51, 127, 215, 229, 92, 155, 114, 127,
       233, 247, 209, 92, 40, 63, 217, 6, 253, 127, 137, 189, 24, 5, 240,
       21, 159, 105, 16, 242, 51, 189, 88, 87, 32, 188, 191, 255, 255,
       254, 54, 125, 253, 255, 255, 222, 253, 255, 127, 255, 255, 255,
       255, 254, 231, 251, 119, 252, 117, 247, 255, 191, 247, 249, 239,
       254, 254, 185, 206, 126, 255, 254, 255, 126, 251, 125, 127, 127,
       187, 255, 254, 247, 247, 238, 251, 191, 239, 223, 250, 31, 255,
       93, 183, 243, 127, 255, 127, 255, 239, 250, 61, 254, 253, 252, 63,
       253, 253, 121, 253, 252, 215, 249, 253, 126, 252, 221, 251, 252,
       227, 123, 245, 126, 219, 255, 253, 255, 245, 255, 127, 255, 245,
       239, 207, 252, 215, 190, 255, 248, 249, 127, 120, 93, 255, 47,
       245, 181, 247, 111, 187, 238, 153, 15, 242, 29, 158, 93, 54, 243,
       247, 191, 251, 223, 44, 254, 255, 216, 126, 255, 255, 255, 223,
       248, 191, 125, 253, 251, 191, 251, 252, 253, 251, 245, 61, 111,
       110, 223, 174, 56, 111, 255, 251, 63, 255, 91, 126, 191, 240, 231,
       60, 219, 66, 119, 253, 247, 211, 223, 106, 63, 219, 158, 252, 181,
       205, 181, 86, 133, 232, 191, 135, 111, 216, 252, 41, 62, 221, 92,
       54, 189, 51, 135, 12, 207, 39, 221, 155, 9, 63, 215, 23, 204, 189,
       62, 125, 212, 157, 179, 0, 187, 196, 115, 211, 101, 241, 215, 241,
       126, 46, 250, 215, 35, 151, 124, 195, 132, 218, 91, 234, 121, 112,
       29, 41, 45, 181, 84, 245, 111, 155, 170, 153, 15, 240, 13, 216,
       89, 48, 243, 50, 189, 113, 219, 104, 218, 252, 233, 255, 223, 114,
       223, 249, 247, 125, 253, 126, 159, 223, 247, 255, 238, 235, 213,
       249, 111, 31, 173, 230, 179, 123, 239, 182, 63, 107, 203, 62, 63,
       247, 39, 117, 251, 86, 127, 255, 124, 242, 127, 185, 62, 223, 158,
       89, 246, 157, 172, 127, 149, 241, 31, 157, 79, 80, 252, 59, 253,
       93, 85, 35, 251, 0, 137, 142, 222, 34, 95, 208, 38, 55, 244, 13,
       205, 26, 252, 62, 174, 141, 83, 96, 43, 198, 61, 194, 99, 123,
       119, 151, 54, 49, 203, 22, 99, 215, 50, 113, 32, 82, 72, 250, 104,
       112, 189, 168, 39, 189, 20, 245, 111, 145, 168, 25, 21, 244, 29,
       152, 74, 17, 242, 50, 189, 81, 117, 1, 250, 110, 45, 239, 190,
       127, 191, 127, 123, 253, 229, 215, 190, 251, 254, 190, 78, 162,
       221, 115, 247, 255, 55, 195, 247, 95, 250, 156, 191, 114, 156, 55,
       235, 223, 44, 85, 186, 219, 120, 233, 124, 120, 93, 61, 47, 213,
       61, 247, 111, 153, 172, 153, 13, 240, 29, 156, 73, 16, 242, 51,
       189, 88, 87, 32, 250, 67, 9, 147, 214, 73, 130, 74, 10, 2, 1, 1,
       67, 162, 195, 0, 25, 102, 215, 60, 7, 198, 45, 194, 99, 78, 210,
       162, 15, 18, 40, 0, 109, 215, 39, 116, 155, 66, 124, 255, 214, 65,
       104, 168, 75, 137, 28, 245, 207, 209, 164, 24, 5, 112, 24, 156,
       203, 17, 114, 50, 191, 88, 85, 177, 250, 216, 154, 190, 245, 238,
       127, 252, 247, 61, 253, 94, 207, 159, 252, 123, 253, 253, 221,
       249, 111, 244, 157, 238, 123, 111, 79, 186, 126, 221, 69, 190,
       255, 247, 35, 85, 121, 87, 119, 252, 244, 211, 93, 122, 62, 221,
       6, 211, 239, 157, 172, 30, 133, 240, 63, 157, 73, 83, 246, 51,
       189, 92, 95, 2, 250, 50, 154, 221, 223, 174, 221, 223, 17, 255,
       247, 31, 206, 189, 126, 125, 125, 255, 247, 96, 187, 214, 119,
       211, 111, 249, 247, 245, 126, 54, 251, 215, 107, 215, 188, 211,
       54, 218, 89, 234, 123, 112, 93, 105, 45, 181, 116, 245, 111, 155,
       174, 152, 15, 244, 13, 156, 91, 48, 243, 50, 189, 248, 223, 104,
       250, 63, 190, 253, 254, 63, 253, 253, 123, 125, 254, 222, 253,
       253, 127, 253, 222, 255, 255, 225, 251, 245, 125, 219, 251, 253,
       255, 243, 247, 126, 247, 255, 239, 223, 242, 215, 48, 255, 248,
       249, 127, 120, 253, 251, 111, 245, 149, 247, 107, 187, 238, 153,
       79, 244, 29, 158, 93, 55, 243, 255, 255, 219, 255, 173, 254, 239,
       237, 238, 253, 247, 255, 255, 253, 189, 223, 252, 255, 249, 124,
       191, 239, 137, 253, 123, 247, 125, 119, 210, 246, 117, 111, 156,
       181, 121, 214, 62, 163, 207, 44, 87, 187, 219, 121, 233, 124, 122,
       125, 58, 175, 213, 117, 247, 111, 189, 172, 24, 13, 241, 29, 156,
       73, 16, 246, 115, 189, 90, 87, 42, 250, 125, 171, 255, 252, 50,
       127, 245, 254, 245, 252, 198, 245, 95, 255, 187, 206, 251, 253,
       251, 111, 245, 111, 230, 247, 95, 235, 182, 151, 125, 205, 126,
       239, 223, 103, 117, 186, 87, 126, 253, 124, 124, 125, 250, 55,
       221, 165, 119, 239, 189, 172, 189, 149, 240, 29, 156, 77, 48, 246,
       115, 191, 91, 87, 33, 250, 109, 175, 239, 250, 119, 127, 33, 127,
       245, 252, 214, 183, 127, 251, 190, 78, 235, 253, 107, 103, 245, 7,
       211, 247, 95, 235, 180, 173, 90, 220, 50, 233, 207, 38, 85, 186,
       83, 120, 237, 124, 120, 92, 56, 175, 213, 53, 247, 239, 153, 172,
       24, 13, 240, 29, 156, 73, 16, 242, 51, 189, 90, 87, 32, 250, 77,
       7, 69, 176, 89, 34, 33, 122, 32, 124, 194, 49, 64, 217, 129, 67,
       194, 93, 129, 96, 224, 164, 136, 51, 78, 136, 128, 133, 208, 4,
       49, 73, 115, 38, 84, 186, 80, 114, 1, 212, 212, 116, 24, 14, 64,
       5, 193, 207, 24, 44, 24, 4, 240, 29, 141, 9, 16, 226, 51, 188, 72,
       86, 32, 249, 114, 177, 252, 159, 55, 215, 95, 61, 214, 231, 149,
       188, 189, 238, 183, 94, 255, 215, 114, 247, 223, 55, 195, 103,
       205, 227, 244, 127, 83, 25, 247, 107, 215, 44, 21, 190, 90, 121,
       233, 117, 112, 92, 61, 47, 213, 20, 245, 111, 153, 172, 24, 5,
       240, 29, 156, 73, 16, 242, 59, 189, 88, 87, 32, 250, 122, 49, 255,
       159, 127, 215, 219, 253, 255, 254, 215, 180, 253, 254, 187, 86,
       254, 215, 83, 118, 253, 119, 215, 119, 221, 234, 244, 61, 82, 216,
       255, 235, 215, 44, 87, 190, 210, 122, 233, 124, 112, 93, 125, 46,
       213, 52, 225, 111, 157, 172, 24, 5, 242, 29, 156, 73, 16, 242, 59,
       189, 89, 87, 32, 250, 63, 255, 253, 252, 63, 253, 253, 121, 253,
       255, 255, 249, 253, 122, 252, 93, 251, 252, 227, 251, 245, 126,
       211, 255, 253, 255, 231, 255, 126, 255, 245, 235, 223, 124, 215,
       190, 255, 120, 249, 125, 124, 93, 251, 47, 245, 53, 247, 111, 187,
       190, 153, 79, 242, 29, 156, 93, 54, 243, 119, 191, 251, 223, 172,
       254, 59, 21, 236, 150, 55, 199, 31, 60, 230, 100, 157, 52, 61,
       126, 179, 87, 251, 247, 65, 242, 209, 51, 211, 119, 76, 236, 224,
       29, 82, 24, 117, 105, 223, 44, 87, 186, 82, 120, 233, 116, 112,
       93, 60, 47, 213, 20, 245, 111, 153, 172, 24, 5, 242, 29, 156, 73,
       16, 242, 51, 189, 88, 87, 32, 250, 14, 40, 207, 168, 63, 123, 177,
       126, 20, 190, 214, 181, 89, 30, 187, 226, 201, 220, 65, 242, 229,
       49, 198, 115, 77, 137, 144, 135, 82, 68, 51, 235, 213, 36, 85,
       186, 91, 122, 233, 116, 248, 92, 48, 46, 213, 21, 243, 111, 153,
       172, 24, 5, 240, 29, 156, 73, 16, 242, 51, 189, 88, 87, 32, 250,
       13, 174, 236, 32, 61, 127, 165, 94, 52, 252, 206, 229, 76, 63,
       171, 231, 235, 252, 99, 99, 245, 39, 80, 243, 69, 127, 176, 143,
       88, 6, 51, 227, 223, 36, 87, 186, 83, 120, 233, 124, 120, 92, 56,
