%YAML:1.0
descriptors: !!opencv-matrix
   rows: 79
   cols: 64
   dt: u
   data: [ 62, 184, 253, 254, 63, 253, 253, 125, 255, 254, 223, 253, 253,
       126, 191, 118, 251, 214, 99, 99, 245, 119, 211, 119, 253, 255,
       244, 187, 122, 223, 247, 235, 215, 44, 87, 190, 215, 120, 233,
       117, 120, 93, 127, 47, 213, 21, 247, 111, 155, 172, 24, 5, 240,
       29, 156, 89, 16, 242, 51, 189, 91, 95, 40, 250, 255, 253, 125,
       255, 255, 191, 223, 24, 255, 127, 253, 250, 191, 123, 244, 93,
       246, 247, 126, 119, 247, 127, 147, 127, 239, 255, 243, 127, 127,
       123, 247, 235, 215, 109, 222, 191, 218, 121, 251, 125, 118, 223,
       253, 111, 213, 28, 245, 127, 157, 173, 24, 5, 248, 61, 158, 77,
       24, 246, 115, 191, 217, 223, 56, 251, 62, 177, 252, 254, 63, 253,
       253, 127, 21, 252, 213, 249, 189, 126, 188, 94, 251, 222, 97, 251,
       245, 125, 195, 115, 93, 255, 225, 255, 122, 223, 245, 235, 223,
       36, 85, 186, 215, 120, 249, 125, 112, 93, 255, 47, 213, 21, 247,
       111, 155, 172, 153, 13, 242, 29, 156, 89, 16, 242, 51, 189, 91,
       95, 32, 250, 190, 249, 253, 254, 63, 191, 253, 123, 247, 127, 253,
       251, 191, 122, 180, 93, 243, 215, 103, 115, 245, 126, 225, 127,
       237, 255, 243, 191, 95, 123, 119, 235, 215, 44, 20, 190, 247, 120,
       249, 245, 122, 223, 251, 47, 213, 21, 245, 111, 153, 172, 24, 5,
       240, 29, 156, 73, 16, 242, 115, 191, 90, 87, 34, 251, 61, 54, 247,
       245, 52, 117, 41, 254, 244, 254, 194, 53, 101, 139, 155, 199, 250,
       252, 195, 107, 249, 162, 196, 190, 141, 168, 182, 129, 90, 76,
       113, 251, 113, 36, 245, 190, 84, 62, 193, 117, 220, 68, 58, 190,
       194, 161, 195, 110, 184, 172, 28, 1, 240, 29, 156, 73, 132, 242,
       51, 157, 94, 22, 32, 242, 252, 186, 255, 253, 254, 247, 255, 255,
       253, 255, 214, 255, 255, 254, 187, 206, 251, 221, 251, 111, 253,
       255, 222, 255, 255, 255, 190, 183, 126, 223, 127, 239, 215, 239,
       255, 255, 214, 255, 253, 127, 124, 93, 251, 62, 223, 173, 255,
       243, 191, 172, 156, 189, 243, 189, 156, 93, 84, 254, 251, 255,
       223, 223, 57, 254, 93, 190, 246, 117, 125, 179, 251, 126, 184,
       189, 198, 245, 238, 93, 137, 77, 182, 253, 251, 107, 245, 111,
       203, 255, 227, 106, 230, 246, 124, 69, 229, 231, 223, 251, 249,
       53, 245, 186, 248, 117, 253, 61, 251, 230, 237, 225, 211, 107,
       188, 254, 137, 223, 245, 253, 152, 77, 119, 223, 247, 175, 242,
       255, 165, 222, 124, 56, 255, 184, 50, 127, 49, 255, 253, 252, 222,
       181, 93, 190, 187, 230, 251, 220, 67, 107, 253, 145, 230, 182, 93,
       233, 180, 137, 123, 221, 127, 235, 245, 36, 85, 250, 86, 114, 233,
       116, 248, 93, 120, 62, 212, 183, 227, 108, 153, 172, 31, 5, 240,
       29, 156, 73, 16, 242, 59, 188, 89, 86, 34, 250, 62, 181, 125, 254,
       54, 253, 253, 127, 247, 212, 223, 244, 125, 126, 252, 246, 255,
       246, 67, 123, 245, 114, 209, 247, 253, 191, 229, 217, 123, 254,
       253, 233, 206, 44, 215, 190, 222, 122, 249, 125, 120, 221, 55, 47,
       212, 53, 245, 110, 155, 174, 137, 15, 242, 29, 156, 89, 48, 242,
       115, 189, 123, 223, 44, 250, 254, 49, 251, 150, 247, 71, 93, 111,
       214, 69, 213, 114, 255, 206, 150, 92, 251, 215, 118, 119, 95, 175,
       227, 103, 158, 223, 247, 47, 210, 184, 246, 169, 198, 44, 20, 254,
       202, 112, 233, 93, 80, 216, 181, 47, 217, 28, 245, 110, 153, 164,
       25, 5, 240, 28, 156, 65, 16, 242, 51, 185, 88, 23, 32, 250, 254,
       51, 243, 182, 86, 38, 33, 126, 198, 68, 211, 51, 111, 202, 146,
       86, 242, 213, 35, 103, 99, 175, 193, 55, 206, 138, 180, 13, 82, 8,
       112, 169, 82, 37, 116, 190, 66, 120, 65, 84, 80, 64, 24, 15, 201,
       28, 225, 78, 153, 164, 24, 5, 112, 28, 156, 73, 16, 242, 51, 189,
       88, 86, 32, 250, 94, 49, 253, 212, 50, 7, 91, 110, 198, 134, 209,
       180, 93, 230, 147, 82, 250, 212, 2, 103, 7, 41, 194, 51, 140, 138,
       166, 93, 66, 172, 116, 41, 214, 36, 21, 186, 82, 120, 195, 117,
       112, 72, 185, 46, 247, 20, 193, 110, 153, 172, 24, 7, 240, 28,
       156, 73, 16, 242, 51, 185, 88, 86, 32, 250, 54, 49, 249, 148, 50,
       7, 92, 103, 198, 192, 21, 144, 87, 194, 148, 82, 242, 212, 2, 103,
       7, 44, 192, 7, 140, 138, 166, 77, 82, 44, 148, 40, 194, 36, 52,
       190, 66, 120, 195, 84, 80, 74, 181, 107, 178, 20, 197, 110, 153,
       172, 24, 5, 112, 24, 156, 73, 16, 242, 51, 185, 88, 86, 32, 251,
       60, 50, 125, 168, 50, 125, 49, 127, 245, 252, 222, 53, 93, 63,
       249, 230, 251, 220, 67, 104, 241, 112, 196, 182, 93, 168, 164,
       153, 123, 220, 125, 251, 241, 36, 85, 186, 87, 114, 129, 124, 252,
       93, 24, 46, 84, 167, 194, 108, 155, 44, 31, 5, 242, 29, 157, 73,
       16, 242, 59, 188, 90, 86, 34, 248, 13, 54, 243, 97, 189, 176, 169,
       220, 56, 187, 194, 125, 224, 73, 131, 1, 130, 76, 139, 74, 233,
       41, 206, 121, 68, 136, 34, 163, 94, 69, 33, 223, 127, 194, 252,
       49, 53, 254, 41, 55, 205, 100, 90, 94, 98, 129, 91, 211, 56, 125,
       124, 53, 197, 180, 189, 104, 134, 170, 167, 143, 206, 71, 161, 55,
       187, 245, 117, 255, 190, 237, 221, 56, 255, 125, 255, 251, 253,
       126, 252, 244, 247, 246, 70, 242, 247, 40, 179, 254, 253, 63, 231,
       251, 255, 127, 255, 255, 255, 124, 125, 254, 222, 115, 250, 253,
       255, 223, 255, 127, 228, 55, 255, 111, 169, 183, 203, 79, 250,
       159, 159, 77, 63, 243, 255, 191, 251, 111, 167, 252, 45, 54, 101,
       32, 28, 181, 33, 124, 240, 62, 194, 53, 109, 11, 177, 69, 226,
       236, 195, 96, 241, 66, 24, 252, 68, 168, 172, 131, 90, 84, 113,
       203, 93, 44, 215, 190, 81, 48, 33, 116, 220, 68, 26, 142, 64, 225,
       194, 77, 184, 44, 24, 0, 240, 29, 156, 73, 20, 242, 51, 156, 90,
       214, 32, 240, 110, 171, 238, 255, 251, 223, 243, 197, 125, 245,
       94, 253, 191, 126, 251, 252, 235, 213, 57, 99, 207, 61, 207, 119,
       127, 207, 18, 47, 127, 203, 63, 255, 183, 103, 85, 186, 83, 123,
       253, 126, 241, 125, 248, 110, 221, 22, 249, 231, 157, 172, 25, 5,
       242, 29, 156, 73, 16, 246, 51, 189, 88, 95, 34, 250, 251, 244,
       125, 175, 255, 189, 223, 217, 255, 127, 253, 250, 255, 127, 246,
       253, 243, 247, 63, 113, 249, 115, 179, 124, 252, 255, 253, 63,
       255, 123, 127, 235, 213, 108, 158, 255, 218, 113, 185, 245, 86,
       222, 122, 191, 209, 22, 244, 93, 153, 173, 30, 5, 248, 29, 159,
       77, 24, 246, 51, 156, 90, 215, 42, 249, 58, 249, 251, 254, 54,
       187, 92, 47, 215, 171, 245, 248, 127, 194, 52, 90, 189, 146, 118,
       219, 183, 127, 225, 215, 189, 87, 247, 255, 67, 253, 244, 234,
       143, 62, 166, 190, 255, 125, 250, 121, 122, 255, 247, 105, 179,
       53, 183, 111, 255, 234, 139, 207, 248, 29, 120, 85, 63, 179, 255,
       251, 59, 249, 205, 207, 69, 39, 245, 212, 48, 38, 105, 126, 160,
       206, 193, 48, 65, 201, 144, 67, 226, 197, 67, 103, 214, 45, 192,
       179, 76, 170, 166, 13, 80, 12, 48, 73, 86, 38, 84, 186, 80, 120,
       211, 84, 84, 104, 152, 206, 224, 0, 193, 78, 152, 172, 24, 65,
       112, 28, 156, 73, 16, 242, 115, 159, 88, 86, 33, 250, 54, 176, 81,
       134, 31, 2, 15, 74, 198, 106, 17, 112, 33, 74, 132, 85, 226, 213,
       5, 96, 192, 32, 136, 111, 12, 152, 160, 15, 82, 9, 49, 111, 215,
       164, 20, 186, 66, 120, 33, 246, 80, 74, 8, 11, 208, 20, 212, 79,
       153, 164, 24, 5, 96, 24, 156, 73, 16, 242, 51, 188, 88, 87, 32,
       249, 68, 34, 65, 160, 216, 130, 35, 76, 128, 32, 2, 53, 65, 7,
       147, 65, 226, 85, 1, 96, 192, 33, 138, 56, 12, 136, 8, 15, 146, 8,
       49, 79, 117, 36, 85, 186, 16, 114, 5, 86, 128, 64, 24, 14, 64, 4,
       192, 65, 25, 44, 24, 4, 112, 28, 140, 73, 16, 224, 35, 188, 72,
       70, 32, 240, 127, 186, 255, 239, 255, 245, 187, 252, 253, 255,
       254, 253, 253, 63, 187, 245, 251, 253, 91, 123, 253, 115, 239,
       124, 237, 235, 236, 191, 127, 93, 119, 239, 247, 108, 87, 191,
       119, 123, 233, 116, 252, 93, 122, 46, 213, 23, 211, 127, 157, 172,
       24, 5, 242, 29, 156, 73, 16, 246, 51, 189, 218, 95, 32, 254, 12,
