%YAML:1.0
descriptors: !!opencv-matrix
   rows: 115
   cols: 64
   dt: u
   data: [ 126, 173, 187, 254, 35, 95, 253, 79, 215, 220, 213, 249, 115,
       254, 190, 222, 255, 155, 243, 223, 247, 63, 247, 23, 223, 219,
       246, 239, 67, 252, 246, 235, 199, 62, 103, 190, 255, 124, 235,
       124, 120, 125, 177, 111, 253, 21, 183, 110, 249, 174, 152, 207,
       240, 29, 156, 81, 23, 243, 119, 189, 123, 119, 169, 250, 47, 254,
       125, 235, 191, 253, 191, 89, 255, 255, 174, 234, 237, 63, 253,
       253, 223, 255, 231, 251, 245, 118, 91, 253, 245, 247, 245, 255,
       126, 95, 247, 243, 223, 204, 223, 174, 251, 249, 249, 123, 124,
       93, 122, 173, 213, 241, 247, 127, 185, 253, 152, 13, 244, 157,
       222, 93, 54, 242, 183, 189, 250, 219, 108, 250, 60, 253, 255, 255,
       62, 253, 253, 123, 255, 254, 223, 253, 255, 126, 253, 222, 255,
       255, 227, 123, 245, 119, 211, 255, 253, 255, 247, 255, 127, 255,
       255, 235, 207, 92, 199, 190, 255, 249, 249, 125, 124, 221, 247,
       47, 247, 181, 247, 111, 191, 174, 169, 79, 242, 29, 222, 93, 62,
       243, 255, 255, 251, 223, 237, 222, 187, 254, 108, 111, 191, 253,
       221, 56, 255, 223, 252, 251, 255, 123, 124, 221, 253, 246, 231,
       187, 245, 126, 147, 125, 245, 127, 119, 243, 127, 119, 255, 255,
       223, 232, 207, 180, 255, 57, 248, 125, 127, 223, 255, 255, 213,
       113, 255, 127, 186, 255, 153, 79, 254, 133, 219, 125, 62, 183,
       246, 191, 243, 251, 172, 94, 191, 186, 255, 255, 63, 253, 253,
       252, 255, 255, 254, 255, 255, 127, 251, 254, 255, 255, 99, 107,
       245, 119, 199, 127, 221, 255, 245, 255, 123, 223, 247, 239, 215,
       44, 87, 190, 87, 120, 233, 124, 120, 93, 123, 47, 213, 55, 247,
       111, 153, 172, 24, 5, 240, 29, 156, 73, 16, 242, 51, 189, 218, 87,
       32, 250, 63, 253, 255, 254, 55, 191, 253, 123, 247, 223, 253, 251,
       255, 123, 244, 126, 242, 255, 103, 123, 247, 126, 209, 119, 253,
       255, 231, 255, 127, 222, 244, 235, 223, 108, 84, 190, 219, 120,
       249, 253, 126, 95, 185, 47, 213, 55, 247, 111, 153, 172, 24, 5,
       240, 29, 157, 77, 24, 242, 115, 191, 90, 87, 40, 251, 5, 7, 117,
       52, 56, 164, 173, 83, 160, 204, 131, 7, 192, 101, 137, 1, 234,
       205, 131, 98, 196, 44, 0, 243, 76, 158, 181, 204, 80, 6, 49, 123,
       215, 36, 85, 186, 16, 120, 233, 116, 112, 92, 56, 175, 229, 20,
       245, 111, 153, 172, 24, 5, 240, 29, 156, 73, 16, 242, 51, 189, 88,
       87, 32, 250, 60, 43, 125, 216, 18, 127, 161, 255, 245, 252, 222,
       181, 93, 62, 251, 230, 251, 212, 195, 106, 245, 112, 196, 182, 93,
       169, 164, 137, 121, 220, 121, 251, 245, 38, 85, 186, 86, 114, 217,
       124, 254, 85, 28, 46, 84, 166, 65, 110, 153, 44, 31, 5, 242, 29,
       157, 77, 16, 242, 43, 188, 91, 70, 34, 251, 3, 146, 64, 35, 189,
       176, 174, 24, 112, 59, 128, 99, 172, 91, 32, 17, 102, 247, 5, 208,
       225, 38, 139, 124, 68, 152, 96, 47, 94, 0, 225, 103, 223, 36, 220,
       176, 115, 120, 169, 117, 65, 92, 26, 15, 208, 1, 210, 79, 152,
       188, 24, 5, 240, 29, 156, 73, 18, 242, 183, 157, 88, 87, 36, 120,
       92, 49, 187, 244, 34, 7, 120, 103, 82, 170, 213, 148, 87, 164,
       147, 90, 254, 200, 98, 107, 135, 45, 198, 147, 141, 10, 182, 221,
       64, 172, 180, 234, 215, 52, 53, 190, 94, 120, 192, 117, 80, 92,
       177, 46, 243, 20, 195, 111, 155, 172, 25, 199, 240, 29, 28, 73,
       16, 243, 51, 249, 121, 23, 96, 250, 157, 255, 245, 252, 56, 127,
       253, 122, 57, 252, 205, 219, 207, 125, 222, 94, 239, 221, 39, 99,
       244, 45, 192, 243, 205, 255, 177, 255, 120, 6, 115, 107, 215, 36,
       85, 186, 82, 120, 249, 117, 112, 92, 57, 47, 245, 20, 245, 111,
       153, 172, 24, 5, 240, 29, 156, 73, 16, 242, 51, 189, 88, 87, 32,
       250, 61, 186, 255, 245, 190, 245, 249, 252, 221, 253, 214, 253,
       239, 95, 155, 245, 255, 254, 203, 123, 245, 123, 239, 255, 173,
       171, 230, 251, 127, 85, 255, 255, 255, 236, 191, 254, 255, 243,
       249, 247, 223, 93, 243, 190, 234, 163, 219, 127, 186, 254, 223,
       203, 242, 191, 157, 85, 236, 182, 255, 219, 251, 143, 174, 255,
       62, 242, 252, 255, 63, 253, 252, 81, 63, 250, 85, 251, 157, 114,
       189, 95, 251, 223, 97, 227, 197, 53, 211, 123, 77, 223, 177, 127,
       82, 95, 183, 235, 215, 36, 87, 186, 83, 120, 233, 117, 112, 93,
       120, 47, 213, 20, 247, 111, 153, 172, 24, 5, 240, 29, 156, 73, 16,
       242, 51, 189, 88, 87, 32, 250, 190, 253, 255, 255, 63, 189, 253,
       249, 255, 255, 253, 251, 255, 122, 252, 95, 247, 247, 127, 251,
       247, 126, 211, 127, 253, 255, 247, 251, 127, 127, 247, 255, 223,
       108, 158, 254, 222, 121, 249, 245, 122, 223, 255, 63, 215, 183,
       247, 111, 191, 191, 154, 15, 248, 29, 159, 93, 16, 246, 123, 255,
       251, 223, 46, 255, 189, 253, 255, 252, 62, 127, 253, 255, 247,
       252, 253, 251, 127, 253, 246, 223, 255, 253, 127, 107, 244, 109,
       240, 119, 253, 255, 247, 251, 127, 127, 127, 239, 215, 101, 117,
       254, 214, 120, 249, 117, 127, 223, 123, 191, 253, 21, 245, 111,
       153, 164, 30, 15, 240, 31, 158, 77, 24, 246, 115, 191, 91, 87, 38,
       250, 250, 49, 251, 214, 127, 7, 95, 47, 214, 40, 213, 51, 127,
       234, 146, 86, 242, 151, 98, 211, 215, 175, 195, 111, 158, 170,
       246, 31, 82, 249, 245, 238, 207, 46, 6, 190, 222, 56, 243, 127,
       88, 73, 197, 78, 209, 52, 129, 79, 185, 174, 153, 1, 240, 24, 156,
       65, 16, 242, 243, 187, 56, 23, 160, 254, 252, 189, 255, 255, 55,
       127, 253, 255, 255, 255, 255, 255, 255, 254, 251, 254, 251, 255,
       115, 111, 247, 127, 215, 119, 221, 255, 247, 255, 123, 223, 246,
       251, 223, 44, 87, 190, 211, 120, 249, 125, 120, 93, 253, 47, 213,
       53, 247, 111, 157, 172, 24, 13, 240, 29, 156, 93, 16, 242, 115,
       189, 91, 87, 40, 250, 30, 49, 221, 244, 54, 243, 252, 126, 247,
       154, 213, 240, 253, 86, 179, 83, 251, 221, 99, 243, 197, 53, 67,
       247, 205, 219, 244, 237, 82, 76, 181, 232, 223, 44, 87, 190, 90,
       120, 233, 116, 120, 93, 60, 47, 213, 117, 247, 111, 153, 172, 24,
       5, 240, 29, 156, 73, 16, 242, 51, 189, 88, 87, 32, 250, 31, 182,
       221, 191, 62, 253, 191, 112, 123, 254, 87, 255, 204, 127, 171, 81,
       235, 255, 33, 227, 229, 101, 195, 242, 205, 254, 177, 255, 122,
       15, 243, 107, 215, 36, 85, 186, 91, 120, 233, 117, 116, 92, 58,
       47, 213, 20, 247, 111, 153, 172, 24, 5, 240, 29, 156, 73, 16, 242,
       51, 189, 88, 87, 32, 250, 60, 191, 253, 212, 62, 31, 217, 115,
       255, 214, 223, 246, 221, 118, 249, 244, 178, 245, 66, 107, 247,
       124, 80, 247, 253, 182, 166, 219, 108, 254, 93, 235, 199, 60, 71,
       190, 222, 122, 251, 125, 240, 93, 245, 175, 244, 54, 245, 111,
       155, 172, 137, 79, 242, 29, 157, 89, 52, 242, 115, 189, 123, 223,
       104, 250, 47, 172, 239, 168, 23, 245, 165, 127, 245, 222, 214,
       245, 251, 62, 187, 79, 203, 220, 99, 99, 241, 23, 195, 119, 77,
       185, 148, 167, 90, 92, 49, 235, 215, 44, 85, 186, 82, 120, 233,
       116, 120, 92, 58, 47, 213, 21, 119, 111, 153, 172, 24, 5, 240, 29,
       156, 73, 16, 242, 51, 189, 88, 87, 32, 250, 47, 39, 237, 132, 55,
       181, 157, 122, 244, 220, 150, 117, 255, 62, 176, 71, 234, 245, 99,
       115, 241, 39, 210, 247, 77, 186, 180, 7, 90, 92, 53, 105, 223, 44,
       87, 186, 90, 120, 233, 124, 112, 93, 58, 47, 213, 52, 245, 111,
       153, 172, 24, 5, 240, 29, 156, 73, 16, 242, 51, 189, 88, 87, 32,
       250, 44, 160, 237, 134, 54, 181, 189, 125, 244, 222, 213, 241,
       253, 63, 176, 68, 170, 212, 67, 97, 241, 102, 195, 247, 76, 184,
       164, 191, 90, 220, 53, 235, 223, 44, 87, 186, 90, 120, 233, 116,
       120, 92, 57, 47, 212, 52, 245, 111, 153, 172, 24, 5, 240, 29, 156,
       73, 16, 242, 51, 189, 88, 87, 32, 250, 5, 34, 225, 160, 24, 48,
       165, 70, 32, 126, 130, 23, 192, 5, 147, 65, 138, 92, 131, 96, 193,
       5, 202, 120, 78, 136, 24, 3, 208, 12, 51, 79, 85, 0, 85, 186, 16,
       248, 41, 52, 80, 84, 24, 46, 85, 4, 229, 105, 25, 44, 24, 5, 208,
