%YAML:1.0
descriptors: !!opencv-matrix
   rows: 54
   cols: 64
   dt: u
   data: [ 249, 254, 255, 235, 255, 253, 247, 253, 253, 255, 254, 251,
       255, 253, 126, 237, 255, 255, 255, 251, 252, 215, 255, 253, 251,
       127, 125, 246, 253, 215, 255, 255, 207, 235, 219, 117, 255, 253,
       253, 123, 127, 221, 243, 191, 221, 179, 255, 241, 191, 223, 143,
       251, 255, 255, 222, 245, 127, 252, 255, 255, 247, 223, 204, 222,
       255, 255, 255, 255, 255, 255, 255, 251, 255, 255, 255, 250, 255,
       255, 254, 255, 255, 255, 254, 255, 255, 255, 243, 255, 255, 247,
       255, 255, 255, 255, 254, 187, 207, 223, 207, 239, 255, 253, 254,
       123, 126, 253, 251, 253, 255, 255, 255, 191, 255, 223, 189, 255,
       255, 253, 254, 255, 119, 255, 247, 255, 255, 249, 221, 254, 190,
       249, 255, 255, 62, 183, 253, 250, 247, 255, 245, 251, 255, 250,
       182, 94, 254, 223, 115, 107, 245, 127, 195, 127, 253, 255, 247,
       255, 91, 253, 247, 235, 215, 44, 87, 190, 215, 120, 249, 125, 122,
       95, 251, 47, 245, 53, 247, 111, 153, 172, 24, 5, 240, 29, 156, 73,
       16, 242, 51, 189, 123, 87, 32, 251, 255, 189, 255, 255, 127, 127,
       251, 254, 253, 253, 214, 255, 255, 126, 191, 93, 251, 255, 99,
       115, 245, 127, 211, 118, 221, 254, 246, 255, 122, 94, 247, 235,
       223, 44, 85, 190, 215, 120, 249, 124, 120, 93, 58, 47, 213, 53,
       247, 111, 153, 172, 24, 5, 240, 29, 156, 73, 16, 242, 51, 189, 90,
       87, 32, 250, 62, 190, 239, 254, 63, 191, 221, 59, 255, 254, 220,
       251, 255, 126, 190, 93, 251, 247, 99, 251, 245, 119, 211, 255,
       221, 255, 245, 191, 126, 223, 247, 239, 223, 44, 87, 190, 223,
       120, 249, 125, 120, 93, 123, 47, 213, 53, 247, 111, 153, 172, 24,
       13, 240, 29, 156, 73, 16, 242, 51, 189, 90, 87, 40, 250, 191, 254,
       255, 255, 191, 253, 253, 254, 255, 253, 254, 251, 255, 123, 254,
       253, 255, 247, 123, 123, 245, 127, 219, 127, 255, 255, 245, 255,
       127, 95, 247, 239, 223, 108, 87, 190, 215, 121, 249, 125, 248, 93,
       123, 63, 213, 183, 247, 111, 185, 172, 152, 13, 240, 29, 159, 77,
       48, 246, 119, 189, 218, 223, 36, 254, 205, 170, 211, 245, 249,
       162, 235, 222, 24, 187, 194, 255, 226, 195, 131, 73, 170, 77, 185,
       111, 238, 173, 202, 123, 79, 202, 58, 167, 222, 65, 35, 207, 87,
       163, 124, 113, 53, 253, 255, 54, 89, 100, 234, 126, 235, 9, 91,
       179, 124, 204, 56, 245, 197, 254, 156, 234, 215, 252, 247, 175,
       206, 103, 145, 182, 187, 148, 208, 38, 61, 160, 57, 10, 86, 121,
       80, 243, 174, 11, 4, 22, 102, 215, 37, 113, 224, 38, 233, 127, 76,
       154, 224, 15, 90, 33, 225, 111, 215, 164, 52, 178, 119, 120, 161,
       246, 65, 78, 59, 11, 194, 17, 211, 79, 153, 164, 24, 5, 228, 28,
       156, 73, 16, 242, 179, 157, 88, 87, 32, 255, 40, 164, 237, 138,
       19, 93, 133, 111, 245, 228, 30, 180, 57, 62, 191, 230, 203, 84,
       67, 96, 208, 82, 222, 39, 89, 245, 20, 9, 115, 218, 27, 107, 197,
       36, 71, 186, 82, 114, 233, 124, 48, 93, 60, 39, 85, 52, 117, 108,
       153, 172, 153, 12, 242, 29, 156, 73, 48, 242, 43, 189, 90, 87, 40,
       250, 1, 6, 69, 128, 1, 1, 1, 126, 2, 64, 2, 20, 1, 57, 131, 0,
       226, 84, 1, 32, 64, 128, 132, 32, 72, 128, 8, 8, 144, 8, 17, 73,
       240, 36, 85, 186, 82, 114, 1, 84, 208, 80, 24, 14, 64, 20, 192,
       76, 153, 44, 24, 4, 176, 25, 140, 73, 16, 112, 35, 188, 72, 86,
       32, 249, 227, 19, 194, 118, 93, 34, 69, 90, 100, 57, 0, 115, 162,
       203, 130, 85, 98, 213, 37, 71, 199, 47, 195, 119, 70, 218, 178,
       15, 210, 8, 32, 109, 87, 39, 84, 186, 82, 124, 99, 116, 81, 100,
       56, 79, 201, 16, 213, 207, 153, 164, 24, 4, 240, 28, 156, 73, 16,
       242, 51, 159, 88, 87, 32, 250, 60, 253, 253, 254, 62, 253, 253,
       127, 255, 252, 223, 249, 253, 126, 253, 222, 255, 255, 227, 123,
       247, 127, 211, 255, 253, 255, 247, 255, 127, 255, 255, 239, 207,
       126, 231, 190, 255, 248, 251, 125, 124, 221, 255, 111, 245, 245,
       247, 111, 191, 190, 137, 79, 242, 29, 222, 93, 63, 243, 255, 255,
       251, 255, 237, 222, 55, 53, 117, 166, 23, 38, 1, 94, 230, 68, 149,
       48, 109, 43, 160, 85, 242, 212, 3, 96, 193, 34, 193, 119, 76, 136,
       224, 9, 82, 8, 113, 105, 214, 36, 20, 186, 82, 120, 1, 84, 80, 64,
       24, 14, 192, 20, 193, 78, 153, 172, 24, 5, 112, 28, 156, 73, 16,
       242, 51, 188, 88, 86, 32, 248, 84, 50, 209, 131, 216, 128, 163,
       76, 198, 108, 2, 53, 225, 2, 147, 80, 226, 213, 1, 96, 201, 1,
       206, 121, 12, 136, 40, 15, 18, 9, 49, 111, 117, 165, 85, 187, 16,
       242, 37, 86, 129, 64, 8, 14, 65, 12, 73, 149, 153, 44, 88, 4, 112,
       28, 156, 73, 0, 114, 35, 188, 88, 6, 32, 244, 118, 48, 209, 167,
       223, 128, 139, 76, 214, 107, 80, 117, 165, 66, 131, 80, 98, 215,
       1, 96, 201, 33, 239, 124, 14, 136, 232, 15, 210, 41, 49, 111, 117,
       165, 28, 187, 114, 242, 37, 214, 193, 64, 72, 10, 192, 20, 201,
       85, 153, 36, 88, 5, 224, 20, 156, 105, 144, 242, 51, 188, 92, 6,
       50, 245, 29, 150, 84, 97, 253, 176, 163, 216, 56, 25, 194, 103,
       228, 89, 201, 17, 102, 239, 141, 82, 228, 108, 10, 248, 226, 58,
       104, 230, 252, 71, 225, 247, 191, 195, 216, 52, 117, 146, 125,
       101, 205, 20, 26, 150, 65, 195, 218, 71, 168, 95, 8, 37, 244, 229,
       203, 73, 39, 156, 151, 135, 146, 87, 165, 92, 186, 209, 88, 246,
       255, 160, 95, 9, 86, 107, 113, 251, 191, 74, 52, 92, 246, 215, 4,
       83, 206, 174, 161, 126, 204, 158, 227, 59, 210, 121, 245, 111,
       195, 164, 20, 190, 243, 120, 227, 247, 82, 202, 213, 73, 208, 20,
       245, 95, 153, 166, 24, 5, 236, 28, 156, 73, 16, 242, 51, 187, 88,
       86, 34, 185, 69, 41, 146, 116, 217, 162, 98, 78, 16, 40, 194, 53,
       226, 194, 131, 106, 224, 9, 187, 214, 207, 45, 75, 219, 70, 74,
       226, 199, 64, 12, 160, 70, 127, 35, 101, 187, 16, 62, 119, 116,
       216, 100, 144, 74, 73, 93, 139, 207, 217, 36, 24, 85, 241, 124,
       28, 67, 83, 250, 247, 179, 24, 102, 177, 96, 121, 22, 109, 168,
       126, 191, 163, 119, 180, 94, 214, 21, 93, 61, 185, 69, 250, 253,
       67, 100, 240, 115, 208, 243, 88, 104, 172, 148, 120, 212, 113,
       235, 223, 36, 87, 186, 87, 122, 201, 124, 124, 93, 26, 46, 213,
       165, 247, 111, 153, 172, 24, 5, 240, 29, 156, 73, 16, 242, 51,
       189, 90, 87, 32, 250, 125, 55, 253, 184, 126, 183, 63, 127, 244,
       254, 214, 53, 253, 125, 185, 71, 242, 253, 91, 102, 244, 119, 210,
       247, 93, 234, 172, 157, 122, 212, 117, 235, 215, 44, 87, 191, 214,
       120, 225, 124, 124, 93, 58, 175, 213, 53, 231, 111, 157, 172, 24,
       13, 240, 29, 156, 89, 48, 246, 51, 189, 90, 215, 40, 250, 63, 182,
       253, 172, 62, 253, 155, 121, 255, 220, 214, 255, 253, 125, 190,
       116, 251, 245, 99, 115, 245, 119, 211, 247, 253, 255, 245, 191,
       126, 222, 119, 235, 223, 44, 85, 190, 218, 120, 233, 124, 120, 93,
       56, 175, 213, 53, 245, 111, 153, 172, 24, 13, 240, 29, 156, 73,
       16, 242, 51, 189, 90, 87, 40, 250, 61, 190, 253, 161, 191, 253,
       167, 120, 252, 126, 222, 119, 237, 125, 187, 85, 251, 253, 67, 98,
       245, 39, 195, 117, 77, 252, 180, 175, 94, 86, 115, 235, 215, 36,
       85, 190, 87, 122, 233, 116, 120, 92, 58, 47, 213, 49, 247, 111,
       153, 172, 24, 5, 240, 29, 156, 73, 16, 242, 51, 189, 90, 87, 32,
       250, 252, 57, 243, 245, 216, 231, 111, 239, 204, 229, 193, 251,
       243, 202, 146, 222, 235, 213, 63, 103, 47, 143, 239, 63, 79, 223,
       191, 175, 211, 15, 50, 191, 211, 39, 117, 251, 82, 117, 253, 118,
       120, 124, 184, 127, 223, 29, 127, 183, 221, 172, 94, 245, 209,
       255, 148, 235, 208, 252, 97, 191, 92, 85, 145, 250, 63, 50, 245,
       165, 255, 177, 175, 124, 252, 188, 210, 119, 237, 127, 155, 81,
       250, 221, 3, 98, 229, 37, 194, 127, 204, 200, 240, 175, 90, 12,
       113, 239, 215, 36, 85, 186, 82, 120, 233, 116, 120, 92, 26, 46,
       213, 21, 245, 111, 153, 172, 24, 5, 240, 29, 156, 73, 16, 242, 51,
       189, 88, 87, 32, 250, 255, 61, 255, 151, 223, 167, 95, 254, 254,
