%YAML:1.0
descriptors: !!opencv-matrix
   rows: 87
   cols: 64
   dt: u
   data: [ 60, 253, 255, 220, 55, 255, 253, 127, 255, 252, 221, 253, 127,
       188, 255, 238, 191, 252, 122, 123, 183, 127, 247, 247, 249, 127,
       247, 254, 125, 223, 246, 235, 223, 124, 119, 254, 222, 121, 250,
       125, 120, 253, 255, 47, 191, 181, 119, 111, 191, 170, 191, 207,
       240, 29, 188, 92, 49, 243, 127, 255, 251, 255, 169, 254, 126, 173,
       187, 188, 3, 207, 120, 111, 85, 232, 212, 241, 115, 192, 182, 222,
       255, 27, 243, 215, 213, 61, 243, 131, 223, 219, 242, 231, 67, 244,
       182, 234, 207, 50, 71, 180, 191, 108, 232, 124, 120, 125, 181,
       107, 253, 21, 183, 111, 185, 174, 152, 79, 240, 29, 28, 81, 23,
       179, 119, 185, 59, 119, 169, 234, 175, 222, 124, 239, 255, 253,
       159, 89, 191, 127, 142, 235, 173, 127, 252, 221, 255, 247, 111,
       249, 253, 119, 27, 124, 117, 255, 253, 127, 126, 95, 247, 231,
       223, 236, 223, 190, 242, 249, 233, 127, 125, 92, 106, 175, 213,
       113, 252, 119, 185, 253, 24, 13, 244, 157, 158, 105, 48, 246, 183,
       189, 218, 223, 40, 250, 56, 253, 255, 222, 55, 255, 253, 127, 255,
       252, 222, 253, 127, 62, 255, 238, 255, 254, 227, 187, 181, 127,
       215, 247, 249, 127, 247, 246, 125, 215, 255, 235, 223, 120, 231,
       180, 255, 122, 248, 125, 120, 221, 255, 47, 183, 181, 119, 111,
       191, 170, 187, 207, 242, 29, 252, 92, 63, 243, 127, 255, 251, 255,
       175, 222, 252, 249, 255, 253, 114, 127, 249, 255, 221, 253, 255,
       189, 95, 254, 251, 254, 251, 221, 251, 111, 63, 189, 230, 191,
       255, 239, 183, 191, 255, 219, 126, 191, 243, 39, 117, 255, 214,
       119, 255, 253, 250, 125, 253, 126, 255, 158, 121, 254, 207, 173,
       255, 247, 249, 127, 149, 207, 209, 252, 105, 251, 95, 44, 179,
       247, 252, 249, 255, 253, 114, 127, 249, 255, 255, 253, 253, 191,
       127, 254, 255, 254, 251, 213, 127, 111, 62, 221, 230, 191, 255,
       239, 183, 189, 255, 219, 126, 191, 242, 103, 117, 255, 214, 119,
       255, 253, 251, 255, 253, 126, 255, 190, 121, 190, 207, 173, 247,
       247, 219, 191, 149, 79, 216, 252, 105, 127, 95, 76, 179, 183, 252,
       249, 255, 253, 114, 127, 249, 255, 221, 253, 255, 191, 95, 254,
       255, 238, 251, 221, 251, 111, 63, 253, 230, 183, 255, 239, 183,
       191, 109, 207, 126, 191, 255, 39, 117, 255, 214, 255, 255, 124,
       250, 253, 253, 118, 255, 191, 121, 254, 223, 173, 255, 255, 249,
       127, 149, 76, 209, 252, 105, 251, 95, 108, 179, 255, 11, 6, 44,
       160, 15, 61, 33, 93, 164, 126, 130, 4, 89, 45, 57, 7, 128, 124, 3,
       240, 240, 66, 88, 48, 84, 168, 132, 128, 80, 20, 49, 193, 81, 40,
       83, 40, 91, 98, 1, 72, 252, 20, 24, 142, 84, 197, 226, 73, 25, 44,
       24, 4, 240, 29, 156, 9, 16, 226, 51, 188, 72, 86, 40, 240, 60,
       179, 253, 252, 54, 255, 253, 126, 245, 158, 215, 245, 125, 126,
       185, 82, 251, 220, 99, 107, 245, 127, 192, 247, 205, 187, 246,
       221, 106, 220, 245, 233, 223, 44, 69, 190, 222, 120, 249, 125,
       120, 93, 187, 47, 245, 53, 247, 111, 185, 172, 24, 7, 242, 29,
       156, 77, 20, 242, 51, 189, 123, 87, 32, 250, 212, 185, 219, 212,
       48, 3, 89, 111, 147, 193, 37, 240, 83, 194, 148, 90, 170, 213, 52,
       111, 134, 45, 224, 67, 45, 219, 179, 111, 83, 41, 20, 109, 215,
       55, 52, 154, 2, 124, 251, 247, 81, 250, 189, 111, 187, 28, 245,
       111, 217, 164, 58, 213, 240, 28, 188, 72, 16, 242, 115, 251, 89,
       85, 161, 251, 38, 32, 65, 130, 31, 0, 6, 73, 134, 98, 17, 50, 33,
       2, 176, 85, 226, 84, 1, 96, 193, 2, 136, 100, 76, 128, 168, 11,
       146, 8, 49, 104, 81, 36, 84, 186, 66, 112, 33, 86, 32, 64, 24, 11,
       208, 20, 228, 77, 153, 172, 24, 4, 112, 24, 156, 73, 16, 242, 51,
       188, 88, 86, 32, 248, 250, 205, 238, 251, 119, 255, 247, 183, 253,
       255, 126, 222, 191, 254, 127, 238, 155, 253, 123, 255, 191, 255,
       255, 127, 127, 255, 23, 183, 127, 215, 126, 251, 231, 239, 239,
       255, 255, 127, 255, 58, 126, 253, 247, 253, 95, 191, 119, 243,
       255, 249, 191, 221, 223, 253, 254, 252, 251, 236, 107, 255, 255,
       251, 223, 254, 39, 36, 65, 130, 24, 6, 7, 65, 166, 102, 3, 20, 25,
       47, 176, 68, 226, 84, 1, 96, 193, 34, 128, 96, 92, 144, 172, 13,
       18, 136, 17, 73, 85, 36, 85, 186, 66, 120, 1, 94, 32, 64, 24, 11,
       68, 20, 228, 77, 153, 44, 24, 4, 112, 24, 156, 73, 16, 114, 51,
       188, 88, 87, 32, 248, 6, 34, 227, 241, 216, 164, 233, 201, 220,
       250, 2, 119, 193, 66, 155, 65, 234, 85, 33, 98, 197, 45, 206, 123,
       78, 154, 50, 39, 210, 9, 49, 95, 87, 166, 93, 187, 114, 252, 109,
       118, 241, 100, 24, 78, 65, 20, 209, 211, 153, 172, 24, 5, 240, 29,
       156, 73, 16, 242, 51, 189, 88, 87, 32, 242, 39, 38, 101, 130, 93,
       134, 3, 104, 198, 68, 147, 52, 105, 63, 145, 68, 226, 213, 1, 96,
       193, 33, 128, 118, 76, 136, 168, 13, 18, 8, 49, 105, 213, 36, 85,
       186, 82, 112, 137, 84, 112, 84, 24, 15, 212, 20, 228, 79, 153,
       172, 24, 5, 240, 29, 156, 73, 16, 242, 51, 188, 88, 87, 32, 248,
       246, 117, 113, 215, 255, 135, 95, 73, 142, 229, 149, 251, 191, 74,
       180, 86, 242, 215, 30, 103, 143, 47, 226, 111, 61, 218, 227, 127,
       82, 185, 85, 111, 131, 167, 52, 159, 194, 121, 243, 223, 81, 203,
       229, 107, 171, 28, 237, 63, 133, 166, 16, 5, 104, 56, 188, 99, 80,
       126, 114, 251, 249, 23, 179, 255, 247, 177, 211, 215, 31, 192, 93,
       78, 198, 225, 21, 249, 191, 202, 166, 90, 235, 213, 32, 99, 143,
       173, 235, 47, 76, 223, 179, 47, 83, 9, 19, 111, 215, 166, 52, 186,
       82, 120, 251, 118, 112, 90, 232, 107, 221, 20, 253, 111, 153, 164,
       24, 5, 240, 28, 156, 73, 16, 242, 51, 191, 88, 87, 33, 254, 71,
       34, 65, 22, 217, 128, 3, 72, 226, 33, 1, 114, 160, 75, 128, 81,
       226, 213, 5, 99, 203, 45, 139, 111, 76, 154, 162, 47, 18, 8, 33,
       79, 87, 38, 84, 186, 66, 120, 99, 214, 64, 64, 8, 11, 193, 24,
       201, 15, 153, 164, 24, 4, 96, 24, 156, 73, 16, 114, 51, 189, 88,
       87, 32, 250, 252, 169, 255, 253, 114, 127, 249, 247, 221, 252,
       254, 189, 95, 246, 251, 238, 251, 221, 251, 111, 63, 253, 230,
       179, 255, 239, 182, 245, 105, 223, 126, 251, 231, 51, 101, 255,
       214, 127, 255, 124, 250, 61, 245, 118, 255, 190, 119, 238, 191,
       172, 239, 223, 243, 127, 156, 92, 244, 254, 107, 251, 91, 62, 171,
       254, 60, 172, 255, 248, 58, 253, 245, 127, 253, 252, 222, 253, 93,
       124, 191, 206, 219, 252, 227, 43, 244, 119, 218, 255, 253, 255,
       149, 182, 109, 215, 127, 239, 207, 202, 195, 44, 254, 248, 249,
       124, 120, 189, 247, 167, 245, 181, 119, 107, 191, 236, 169, 79,
       242, 29, 222, 84, 62, 242, 255, 255, 251, 223, 109, 222, 254, 50,
       243, 177, 222, 167, 171, 253, 204, 239, 210, 54, 231, 206, 147,
       86, 250, 213, 123, 102, 249, 135, 206, 125, 142, 216, 254, 175,
       210, 156, 114, 190, 103, 37, 29, 191, 82, 125, 101, 86, 88, 64,
       16, 142, 79, 13, 137, 181, 157, 44, 24, 129, 241, 188, 156, 67,
       192, 252, 49, 153, 92, 23, 48, 246, 250, 48, 243, 183, 255, 160,
       187, 136, 222, 59, 208, 59, 239, 202, 131, 92, 254, 215, 59, 86,
       233, 135, 139, 124, 142, 216, 250, 175, 210, 57, 243, 175, 87,
       173, 29, 255, 127, 253, 37, 119, 104, 72, 83, 25, 211, 29, 219,
       21, 157, 236, 24, 37, 228, 190, 156, 233, 208, 252, 177, 153, 220,
       87, 48, 183, 252, 62, 231, 249, 222, 191, 227, 253, 237, 119, 210,
       62, 223, 255, 187, 77, 250, 245, 123, 110, 255, 223, 218, 125, 79,
       234, 62, 47, 254, 29, 122, 175, 87, 231, 87, 219, 82, 255, 125,
       86, 188, 116, 216, 30, 93, 172, 73, 145, 221, 44, 28, 180, 83,
       255, 143, 235, 80, 252, 105, 159, 220, 71, 51, 246, 61, 186, 254,
       101, 63, 241, 248, 242, 121, 189, 214, 255, 238, 125, 43, 89, 253,
       255, 235, 251, 245, 127, 87, 255, 225, 126, 242, 246, 124, 119,
       231, 247, 223, 120, 219, 36, 255, 120, 248, 113, 125, 29, 251, 62,
       245, 225, 247, 111, 186, 255, 141, 79, 242, 189, 216, 93, 55, 215,
