%YAML:1.0
descriptors: !!opencv-matrix
   rows: 106
   cols: 64
   dt: u
   data: [ 45, 182, 253, 175, 63, 253, 177, 93, 254, 252, 134, 237, 253,
       63, 189, 85, 255, 254, 227, 97, 245, 39, 91, 245, 213, 252, 244,
       255, 122, 223, 243, 231, 223, 44, 87, 190, 211, 120, 233, 124,
       120, 92, 58, 175, 213, 113, 247, 111, 185, 172, 24, 13, 240, 29,
       156, 73, 16, 242, 51, 189, 90, 87, 32, 250, 62, 248, 253, 254, 62,
       253, 253, 125, 255, 252, 254, 253, 253, 126, 254, 254, 255, 254,
       99, 251, 245, 118, 211, 247, 253, 255, 245, 251, 127, 223, 247,
       235, 223, 44, 87, 190, 223, 120, 233, 125, 120, 93, 123, 47, 213,
       55, 247, 111, 185, 172, 153, 13, 240, 29, 156, 89, 48, 242, 51,
       189, 123, 95, 32, 250, 62, 176, 253, 190, 63, 191, 125, 122, 212,
       252, 221, 243, 253, 126, 182, 86, 251, 223, 99, 243, 245, 55, 195,
       247, 205, 255, 245, 255, 82, 223, 247, 235, 223, 44, 85, 190, 91,
       120, 233, 124, 120, 93, 57, 47, 213, 53, 247, 111, 153, 172, 24,
       5, 240, 29, 156, 73, 16, 242, 51, 189, 88, 87, 32, 250, 63, 182,
       253, 166, 63, 253, 187, 125, 252, 252, 214, 247, 253, 59, 186, 85,
       250, 255, 99, 243, 245, 39, 211, 247, 221, 251, 244, 255, 122, 94,
       243, 235, 223, 44, 87, 190, 219, 120, 233, 124, 120, 92, 58, 175,
       213, 117, 247, 111, 153, 172, 24, 5, 240, 29, 156, 73, 16, 242,
       51, 189, 90, 87, 32, 250, 191, 255, 255, 253, 63, 253, 255, 249,
       253, 253, 255, 255, 255, 127, 255, 252, 243, 221, 103, 123, 245,
       127, 246, 118, 253, 255, 247, 251, 127, 223, 119, 251, 255, 44,
       85, 190, 215, 122, 249, 253, 122, 93, 187, 47, 213, 55, 247, 111,
       153, 172, 25, 13, 240, 29, 156, 73, 48, 242, 115, 189, 90, 87, 34,
       250, 188, 182, 125, 245, 62, 117, 249, 253, 253, 253, 214, 243,
       125, 123, 219, 212, 250, 254, 195, 123, 245, 122, 247, 254, 189,
       43, 244, 219, 126, 221, 247, 255, 239, 108, 70, 254, 223, 59, 249,
       253, 221, 93, 243, 190, 240, 227, 211, 111, 187, 175, 159, 11,
       248, 29, 159, 93, 36, 242, 127, 221, 251, 159, 44, 254, 63, 182,
       125, 166, 191, 189, 159, 88, 230, 119, 149, 248, 173, 123, 180,
       85, 246, 247, 3, 113, 193, 34, 211, 116, 204, 158, 225, 127, 82,
       26, 241, 107, 215, 44, 87, 190, 82, 120, 233, 116, 112, 92, 56,
       47, 213, 20, 245, 111, 153, 172, 24, 5, 240, 29, 156, 73, 16, 242,
       51, 189, 88, 87, 32, 250, 63, 244, 125, 166, 63, 189, 223, 25,
       255, 87, 213, 250, 189, 123, 180, 85, 246, 246, 6, 113, 245, 114,
       211, 118, 253, 190, 241, 123, 126, 123, 245, 235, 215, 44, 85,
       190, 218, 120, 233, 117, 112, 221, 57, 175, 212, 20, 245, 111,
       153, 172, 24, 13, 240, 29, 156, 73, 16, 242, 51, 189, 90, 87, 40,
       250, 62, 245, 124, 246, 55, 173, 92, 51, 87, 68, 245, 241, 190,
       122, 52, 94, 244, 146, 100, 243, 247, 46, 193, 119, 248, 62, 227,
       251, 114, 252, 245, 233, 223, 60, 20, 190, 219, 120, 250, 125,
       120, 223, 189, 111, 244, 21, 247, 111, 153, 166, 153, 79, 240, 29,
       152, 73, 48, 243, 115, 187, 120, 119, 160, 250, 186, 241, 252,
       214, 55, 31, 93, 43, 215, 231, 245, 242, 63, 250, 52, 94, 254,
       151, 118, 219, 183, 127, 225, 103, 185, 247, 247, 127, 114, 249,
       212, 232, 143, 60, 134, 246, 223, 89, 250, 253, 88, 223, 245, 109,
       177, 53, 181, 111, 191, 174, 155, 207, 250, 29, 252, 85, 121, 243,
       119, 251, 59, 191, 172, 223, 61, 54, 236, 184, 63, 249, 60, 126,
       52, 250, 210, 181, 124, 63, 169, 71, 249, 184, 195, 242, 245, 98,
       217, 251, 85, 124, 240, 211, 88, 85, 225, 227, 223, 40, 87, 186,
       127, 120, 233, 124, 120, 92, 58, 47, 213, 53, 247, 111, 185, 174,
       24, 5, 240, 29, 220, 73, 22, 242, 183, 189, 90, 87, 32, 250, 92,
       63, 254, 248, 27, 115, 108, 119, 53, 250, 234, 181, 92, 238, 169,
       246, 249, 184, 227, 210, 245, 251, 220, 187, 213, 111, 227, 199,
       72, 215, 247, 227, 219, 2, 71, 174, 119, 120, 249, 124, 120, 92,
       126, 47, 213, 117, 231, 111, 185, 236, 24, 5, 242, 29, 220, 89,
       22, 242, 247, 189, 90, 242, 169, 242, 45, 54, 231, 112, 60, 55,
       169, 126, 240, 190, 194, 53, 77, 125, 155, 67, 138, 236, 195, 107,
       245, 103, 94, 255, 205, 42, 164, 151, 124, 84, 113, 207, 127, 8,
       215, 190, 221, 186, 249, 125, 220, 84, 58, 174, 225, 225, 195,
       107, 184, 172, 24, 3, 240, 29, 157, 77, 38, 242, 23, 159, 234,
       215, 108, 250, 248, 241, 215, 254, 126, 35, 124, 55, 82, 40, 113,
       249, 118, 194, 150, 90, 126, 223, 52, 231, 231, 173, 225, 159,
       138, 91, 243, 255, 67, 33, 244, 238, 215, 55, 52, 191, 219, 124,
       242, 117, 123, 74, 185, 79, 249, 21, 215, 79, 137, 166, 88, 71,
       240, 30, 156, 73, 17, 243, 115, 191, 120, 119, 161, 251, 61, 50,
       245, 116, 60, 183, 185, 122, 244, 190, 194, 55, 237, 121, 145, 71,
       242, 237, 195, 107, 245, 102, 80, 247, 204, 42, 164, 159, 120, 84,
       113, 235, 223, 44, 215, 190, 221, 56, 225, 125, 252, 92, 59, 142,
       240, 97, 195, 111, 184, 172, 24, 3, 240, 29, 156, 73, 52, 242, 19,
       157, 122, 215, 36, 250, 61, 190, 117, 101, 254, 253, 187, 248,
       252, 159, 210, 127, 237, 31, 217, 245, 250, 237, 79, 120, 245,
       114, 147, 252, 173, 252, 255, 191, 126, 95, 247, 254, 79, 108,
       207, 191, 222, 59, 249, 125, 253, 92, 123, 190, 199, 227, 190,
       125, 186, 189, 156, 11, 226, 189, 158, 85, 100, 182, 83, 255, 254,
       223, 108, 182, 13, 162, 237, 168, 62, 253, 165, 126, 116, 254,
       214, 53, 89, 63, 187, 64, 203, 220, 97, 96, 241, 97, 194, 243, 77,
       253, 145, 163, 120, 142, 51, 203, 223, 36, 85, 186, 91, 120, 233,
       124, 116, 92, 56, 47, 213, 21, 247, 111, 153, 172, 24, 5, 240, 29,
       156, 73, 16, 242, 51, 189, 88, 87, 32, 250, 12, 34, 101, 176, 25,
       49, 41, 126, 132, 254, 194, 53, 81, 10, 177, 70, 130, 92, 3, 96,
       225, 162, 196, 58, 12, 136, 160, 3, 80, 12, 49, 219, 113, 36, 85,
       186, 82, 112, 1, 84, 88, 68, 24, 14, 192, 5, 192, 77, 25, 44, 24,
       5, 240, 29, 156, 73, 16, 242, 51, 156, 72, 86, 32, 240, 15, 34,
       101, 164, 63, 53, 41, 126, 180, 126, 210, 53, 73, 14, 185, 71,
       162, 220, 3, 96, 224, 128, 132, 56, 76, 136, 160, 1, 82, 8, 49,
       219, 113, 36, 85, 186, 82, 114, 129, 116, 208, 68, 24, 14, 194,
       132, 192, 76, 153, 172, 24, 5, 224, 29, 157, 73, 144, 242, 51,
       188, 72, 22, 32, 176, 5, 38, 65, 32, 16, 0, 36, 74, 32, 2, 128,
       48, 64, 3, 161, 67, 194, 84, 1, 96, 1, 0, 64, 49, 76, 152, 160, 9,
       82, 12, 48, 8, 80, 4, 85, 186, 0, 120, 1, 84, 32, 64, 56, 41, 84,
       20, 100, 76, 25, 44, 24, 4, 112, 29, 140, 73, 16, 242, 35, 188,
       72, 86, 32, 242, 5, 230, 101, 168, 16, 60, 165, 90, 33, 214, 170,
       178, 193, 61, 253, 71, 203, 108, 163, 104, 97, 68, 88, 112, 77,
       253, 25, 161, 112, 14, 51, 73, 212, 4, 85, 186, 80, 120, 41, 60,
       52, 84, 56, 167, 84, 144, 116, 109, 152, 172, 24, 4, 240, 29, 140,
       8, 16, 224, 51, 188, 72, 87, 32, 250, 150, 49, 81, 134, 221, 0,
       11, 72, 194, 64, 51, 49, 37, 66, 128, 81, 98, 214, 5, 96, 64, 160,
       160, 34, 142, 136, 224, 9, 146, 8, 49, 57, 112, 36, 20, 186, 66,
       114, 1, 212, 130, 66, 24, 10, 192, 6, 192, 76, 136, 36, 80, 4, 96,
       26, 133, 73, 144, 50, 49, 156, 92, 6, 32, 177, 60, 47, 255, 252,
       50, 127, 241, 127, 245, 252, 214, 181, 93, 125, 187, 230, 250,
       252, 195, 106, 244, 115, 212, 247, 93, 170, 164, 149, 120, 212,
       125, 235, 255, 36, 71, 186, 215, 122, 249, 124, 252, 93, 123, 174,
       212, 167, 195, 111, 187, 172, 153, 13, 242, 29, 157, 93, 52, 242,
       115, 189, 91, 215, 40, 250, 50, 145, 89, 150, 39, 140, 93, 9, 198,
       70, 21, 210, 189, 106, 52, 84, 246, 215, 4, 115, 134, 62, 193,
       103, 220, 150, 227, 109, 18, 184, 213, 41, 150, 36, 22, 158, 66,
       120, 203, 116, 112, 202, 53, 105, 148, 20, 245, 111, 145, 172, 24,
       5, 96, 25, 156, 73, 16, 242, 50, 189, 88, 87, 32, 250, 21, 50, 81,
