%YAML:1.0
descriptors: !!opencv-matrix
   rows: 56
   cols: 64
   dt: u
   data: [ 63, 190, 253, 173, 62, 253, 185, 125, 253, 255, 222, 253, 253,
       63, 255, 254, 251, 252, 99, 123, 245, 119, 211, 255, 221, 239,
       244, 255, 127, 223, 247, 239, 223, 108, 87, 190, 223, 122, 249,
       124, 252, 93, 123, 47, 213, 55, 247, 111, 153, 172, 24, 5, 240,
       29, 157, 77, 24, 242, 51, 189, 218, 215, 40, 254, 61, 189, 255,
       254, 54, 255, 253, 122, 247, 254, 253, 243, 255, 127, 190, 95,
       255, 255, 99, 99, 245, 127, 211, 247, 221, 255, 247, 255, 122, 94,
       247, 235, 223, 44, 85, 190, 223, 120, 249, 125, 120, 93, 59, 47,
       213, 53, 247, 111, 153, 172, 24, 5, 240, 29, 156, 73, 16, 242, 51,
       189, 90, 87, 32, 250, 28, 49, 221, 246, 55, 179, 125, 122, 246,
       150, 213, 114, 253, 122, 176, 82, 254, 223, 99, 243, 229, 119,
       193, 247, 204, 58, 240, 221, 82, 204, 245, 233, 223, 44, 85, 190,
       91, 120, 233, 116, 120, 93, 57, 47, 213, 53, 247, 111, 153, 172,
       24, 5, 240, 29, 156, 73, 16, 242, 51, 189, 88, 87, 32, 250, 61,
       183, 253, 222, 55, 255, 219, 127, 247, 214, 253, 244, 253, 127,
       191, 117, 255, 215, 99, 99, 245, 119, 195, 247, 205, 239, 244,
       125, 122, 94, 247, 235, 223, 36, 85, 190, 82, 120, 233, 116, 112,
       93, 56, 47, 213, 52, 245, 111, 153, 172, 24, 5, 240, 29, 156, 73,
       16, 242, 51, 189, 88, 87, 32, 250, 242, 241, 217, 150, 255, 135,
       95, 9, 246, 101, 61, 250, 191, 110, 180, 92, 243, 215, 52, 103,
       198, 47, 227, 103, 236, 223, 227, 63, 83, 41, 117, 105, 215, 36,
       20, 190, 66, 120, 235, 244, 114, 218, 61, 107, 213, 28, 245, 79,
       153, 172, 24, 5, 240, 28, 156, 73, 16, 242, 51, 189, 88, 87, 32,
       250, 54, 51, 81, 166, 217, 128, 43, 72, 198, 65, 3, 119, 165, 74,
       128, 81, 226, 213, 5, 100, 201, 44, 128, 116, 78, 152, 168, 13,
       210, 8, 49, 45, 82, 37, 84, 186, 66, 112, 1, 212, 81, 64, 24, 14,
       192, 4, 200, 79, 137, 164, 16, 5, 112, 30, 156, 73, 16, 242, 51,
       188, 88, 70, 32, 248, 45, 190, 236, 109, 62, 253, 177, 116, 185,
       188, 214, 213, 204, 61, 249, 229, 137, 236, 195, 234, 245, 114,
       94, 255, 121, 56, 4, 246, 124, 87, 117, 199, 223, 120, 195, 36,
       255, 186, 249, 61, 253, 29, 123, 166, 244, 227, 243, 107, 186,
       252, 141, 15, 244, 29, 155, 93, 62, 195, 183, 165, 242, 219, 108,
       222, 191, 244, 125, 143, 255, 189, 223, 24, 255, 87, 189, 250,
       191, 123, 244, 125, 242, 247, 30, 112, 225, 114, 179, 124, 238,
       191, 253, 59, 255, 123, 127, 59, 212, 108, 156, 222, 194, 113,
       185, 247, 215, 223, 90, 31, 208, 22, 252, 29, 137, 189, 22, 5,
       232, 157, 159, 73, 24, 246, 49, 156, 88, 95, 38, 185, 99, 5, 224,
       18, 17, 6, 3, 78, 132, 102, 1, 20, 33, 143, 130, 70, 234, 84, 1,
       100, 72, 131, 192, 38, 76, 152, 184, 9, 146, 8, 48, 9, 80, 36, 85,
       186, 66, 112, 1, 84, 16, 64, 24, 14, 209, 20, 228, 76, 25, 44, 24,
       5, 112, 28, 156, 73, 16, 242, 51, 188, 88, 86, 32, 250, 47, 246,
       108, 168, 63, 125, 169, 93, 189, 126, 250, 116, 109, 63, 249, 245,
       217, 252, 67, 248, 241, 82, 189, 124, 117, 189, 101, 219, 127, 87,
       251, 243, 253, 236, 223, 174, 251, 114, 169, 127, 254, 92, 90,
       172, 84, 227, 246, 109, 186, 253, 30, 13, 242, 29, 223, 89, 178,
       242, 175, 188, 218, 219, 108, 240, 45, 166, 229, 160, 29, 253,
       161, 124, 252, 252, 202, 117, 233, 63, 187, 101, 235, 252, 195,
       96, 241, 6, 218, 245, 77, 172, 20, 131, 90, 70, 51, 203, 221, 36,
       87, 186, 83, 122, 233, 116, 124, 84, 26, 174, 84, 113, 247, 109,
       153, 172, 24, 5, 240, 29, 156, 73, 16, 242, 51, 188, 90, 87, 32,
       250, 61, 190, 237, 174, 62, 125, 177, 255, 253, 252, 254, 247,
       125, 63, 255, 229, 251, 252, 99, 104, 245, 82, 213, 246, 125, 173,
       180, 155, 127, 223, 127, 235, 221, 108, 87, 190, 215, 122, 233,
       124, 252, 93, 122, 63, 212, 183, 246, 109, 185, 172, 156, 13, 240,
       29, 157, 73, 48, 242, 51, 188, 90, 87, 32, 250, 12, 34, 69, 160,
       29, 32, 32, 126, 228, 186, 194, 51, 97, 3, 147, 67, 226, 220, 3,
       96, 225, 2, 193, 116, 76, 136, 160, 137, 82, 12, 49, 234, 85, 36,
       85, 186, 83, 120, 33, 116, 120, 84, 24, 14, 192, 21, 194, 77, 153,
       172, 24, 5, 240, 29, 156, 73, 16, 242, 51, 188, 88, 87, 32, 250,
       36, 32, 97, 144, 24, 135, 38, 105, 196, 98, 208, 48, 113, 70, 145,
       66, 226, 213, 3, 96, 193, 32, 193, 118, 76, 136, 164, 13, 82, 12,
       49, 104, 215, 36, 85, 186, 82, 120, 33, 84, 112, 64, 24, 15, 212,
       20, 229, 79, 153, 172, 24, 5, 240, 28, 156, 73, 16, 242, 51, 188,
       88, 86, 32, 248, 44, 170, 101, 160, 55, 125, 161, 126, 180, 220,
       222, 117, 93, 63, 249, 229, 235, 220, 67, 96, 245, 34, 192, 243,
       77, 189, 181, 137, 120, 142, 51, 235, 223, 36, 87, 186, 83, 122,
       233, 116, 120, 92, 56, 47, 212, 53, 247, 111, 153, 172, 24, 5,
       240, 29, 156, 73, 16, 242, 51, 189, 88, 87, 32, 250, 7, 34, 65,
       35, 221, 160, 163, 72, 232, 59, 130, 115, 161, 75, 131, 65, 226,
       69, 1, 96, 201, 33, 138, 120, 70, 152, 56, 39, 210, 9, 33, 79, 85,
       164, 92, 186, 112, 176, 45, 22, 193, 68, 8, 10, 65, 0, 216, 81,
       152, 44, 24, 4, 240, 28, 140, 105, 16, 240, 179, 188, 72, 87, 32,
       248, 62, 49, 121, 150, 54, 71, 89, 111, 198, 196, 253, 180, 125,
       234, 148, 118, 251, 212, 2, 103, 3, 40, 225, 55, 204, 139, 164,
       13, 83, 140, 116, 41, 210, 36, 20, 190, 66, 120, 193, 244, 82,
       216, 57, 47, 208, 20, 229, 110, 153, 172, 24, 5, 240, 28, 156, 73,
       16, 242, 51, 189, 88, 86, 32, 250, 191, 253, 125, 254, 55, 127,
       253, 251, 247, 220, 253, 249, 127, 126, 252, 252, 243, 212, 87,
       107, 119, 122, 165, 118, 189, 191, 231, 25, 127, 219, 126, 249,
       242, 108, 60, 222, 214, 115, 217, 253, 219, 223, 255, 63, 218,
       183, 244, 110, 143, 181, 215, 141, 250, 31, 151, 77, 184, 242,
       123, 255, 91, 31, 42, 185, 255, 59, 243, 183, 221, 166, 43, 220,
       236, 229, 195, 55, 239, 203, 178, 87, 234, 213, 35, 103, 205, 167,
       195, 119, 78, 218, 180, 47, 210, 12, 50, 43, 215, 36, 85, 186, 82,
       120, 233, 116, 112, 92, 56, 47, 213, 20, 245, 111, 153, 172, 24,
       5, 240, 29, 156, 73, 16, 242, 51, 189, 88, 87, 32, 250, 253, 61,
       231, 181, 222, 103, 161, 255, 252, 245, 214, 191, 255, 255, 187,
       238, 235, 213, 99, 103, 125, 133, 198, 55, 79, 255, 188, 175, 242,
       14, 50, 235, 215, 37, 85, 186, 82, 122, 233, 116, 120, 92, 56, 46,
       221, 20, 245, 237, 153, 172, 24, 5, 240, 31, 156, 73, 16, 242, 51,
       189, 88, 87, 32, 250, 59, 253, 255, 254, 63, 253, 221, 63, 255,
       254, 221, 249, 127, 127, 124, 223, 255, 246, 98, 251, 247, 127,
       211, 255, 253, 255, 247, 255, 127, 255, 255, 239, 223, 254, 215,
       190, 255, 120, 250, 125, 124, 221, 255, 239, 245, 245, 247, 111,
       187, 190, 143, 79, 242, 29, 222, 93, 63, 243, 255, 255, 251, 255,
       237, 222, 60, 54, 125, 232, 62, 125, 171, 125, 253, 254, 218, 53,
       125, 62, 249, 230, 251, 220, 67, 106, 245, 112, 212, 62, 93, 189,
       164, 137, 94, 218, 127, 251, 101, 36, 95, 186, 86, 114, 233, 116,
       248, 84, 50, 46, 86, 135, 228, 110, 153, 173, 28, 5, 242, 29, 157,
       89, 144, 242, 59, 188, 90, 87, 40, 178, 60, 250, 127, 237, 190,
       253, 187, 253, 253, 255, 250, 189, 253, 63, 249, 230, 251, 220,
       203, 107, 253, 114, 230, 188, 221, 173, 165, 187, 127, 223, 127,
       191, 249, 100, 93, 190, 214, 115, 249, 245, 254, 92, 123, 62, 214,
       167, 200, 125, 155, 173, 94, 5, 250, 157, 159, 77, 144, 246, 59,
       188, 91, 86, 34, 181, 252, 59, 247, 245, 246, 117, 169, 255, 252,
       253, 250, 191, 255, 187, 251, 238, 251, 213, 127, 111, 125, 141,
       230, 181, 79, 255, 191, 171, 219, 14, 114, 191, 241, 37, 117, 251,
       82, 125, 237, 116, 120, 92, 56, 62, 223, 38, 89, 244, 153, 173,
       92, 5, 240, 31, 156, 73, 144, 240, 51, 189, 92, 86, 32, 250, 68,
       33, 195, 144, 80, 134, 34, 71, 128, 130, 2, 20, 65, 194, 145, 66,
