%YAML:1.0
descriptors: !!opencv-matrix
   rows: 32
   cols: 64
   dt: u
   data: [ 71, 2, 1, 129, 217, 130, 135, 72, 38, 43, 2, 66, 129, 9, 160,
       17, 66, 85, 1, 0, 200, 1, 138, 104, 4, 208, 56, 47, 146, 8, 33,
       79, 85, 164, 92, 187, 16, 112, 45, 70, 64, 64, 8, 9, 65, 4, 208,
       81, 24, 44, 24, 4, 240, 24, 140, 75, 16, 114, 51, 188, 72, 23, 32,
       248, 62, 253, 255, 254, 63, 253, 253, 123, 255, 252, 223, 253,
       255, 126, 252, 221, 255, 255, 227, 251, 247, 127, 219, 255, 253,
       255, 247, 255, 127, 255, 255, 239, 223, 254, 215, 190, 255, 248,
       251, 127, 121, 125, 255, 111, 245, 53, 247, 111, 187, 254, 153,
       79, 244, 29, 156, 93, 55, 243, 247, 255, 251, 255, 173, 254, 65,
       3, 130, 210, 201, 130, 6, 10, 32, 59, 0, 3, 130, 193, 0, 1, 4, 85,
       185, 6, 204, 45, 130, 99, 66, 202, 138, 38, 144, 0, 32, 65, 87,
       35, 80, 49, 113, 104, 102, 96, 96, 100, 26, 15, 193, 28, 229, 203,
       24, 140, 24, 4, 241, 120, 156, 139, 17, 250, 51, 157, 72, 87, 16,
       248, 68, 0, 130, 145, 72, 194, 2, 199, 0, 226, 3, 4, 16, 164, 19,
       2, 8, 25, 1, 98, 138, 129, 206, 9, 12, 192, 136, 14, 0, 129, 49,
       78, 113, 135, 81, 43, 0, 226, 37, 66, 0, 32, 0, 8, 69, 28, 65,
       163, 25, 44, 24, 4, 17, 88, 148, 10, 144, 104, 33, 188, 72, 22,
       48, 242, 66, 1, 131, 214, 32, 6, 95, 79, 194, 198, 17, 144, 19,
       194, 147, 26, 42, 85, 48, 103, 14, 173, 228, 35, 13, 203, 162, 13,
       83, 40, 48, 41, 114, 39, 52, 187, 2, 124, 195, 212, 16, 106, 185,
       106, 171, 28, 193, 110, 25, 172, 112, 5, 112, 24, 180, 72, 144,
       242, 49, 249, 88, 86, 35, 251, 1, 3, 16, 242, 136, 128, 160, 64,
       48, 58, 2, 69, 128, 67, 128, 1, 98, 70, 129, 2, 196, 44, 10, 75,
       2, 138, 34, 3, 146, 8, 33, 71, 87, 134, 92, 48, 49, 224, 107, 4,
       65, 100, 10, 74, 64, 4, 209, 67, 25, 44, 24, 4, 228, 0, 140, 73,
       17, 114, 50, 173, 64, 23, 33, 240, 82, 9, 131, 183, 234, 130, 154,
       135, 10, 97, 83, 14, 146, 196, 3, 24, 36, 211, 56, 102, 202, 141,
       194, 81, 14, 202, 184, 110, 194, 32, 52, 43, 87, 53, 84, 187, 83,
       109, 196, 70, 80, 72, 25, 10, 201, 28, 201, 31, 157, 140, 24, 5,
       241, 124, 156, 203, 80, 250, 51, 185, 88, 87, 16, 248, 198, 74,
       147, 144, 88, 66, 12, 207, 2, 226, 41, 130, 66, 129, 134, 187,
       107, 68, 37, 101, 10, 128, 44, 8, 14, 197, 187, 75, 147, 10, 50,
       95, 112, 135, 116, 219, 0, 244, 37, 214, 2, 66, 40, 24, 10, 30,
       64, 144, 65, 36, 118, 148, 1, 90, 164, 42, 144, 104, 33, 60, 76,
       68, 18, 177, 195, 136, 147, 215, 73, 130, 221, 74, 2, 233, 1, 67,
       131, 200, 0, 24, 102, 215, 36, 99, 198, 45, 202, 107, 14, 218,
       179, 46, 18, 9, 49, 127, 215, 167, 84, 58, 82, 236, 235, 118, 80,
       72, 40, 111, 217, 20, 209, 239, 153, 172, 24, 5, 244, 28, 156, 73,
       17, 242, 51, 189, 88, 85, 0, 250, 131, 210, 0, 130, 205, 136, 134,
       8, 46, 65, 42, 66, 160, 95, 64, 49, 102, 215, 5, 144, 198, 40,
       137, 104, 34, 150, 113, 43, 150, 10, 3, 117, 18, 166, 88, 18, 99,
       64, 111, 130, 65, 208, 8, 73, 64, 4, 252, 7, 129, 21, 16, 4, 108,
       2, 142, 233, 17, 112, 48, 45, 64, 23, 32, 184, 147, 155, 150, 194,
       77, 2, 194, 150, 54, 88, 20, 67, 46, 91, 2, 29, 102, 215, 189,
       182, 196, 45, 173, 115, 106, 74, 96, 6, 158, 64, 128, 103, 247,
       35, 80, 48, 119, 64, 111, 228, 209, 84, 26, 14, 201, 20, 209, 207,
       153, 44, 88, 5, 244, 14, 156, 203, 19, 240, 38, 189, 80, 85, 4,
       249, 65, 11, 151, 213, 97, 162, 250, 126, 48, 249, 71, 199, 130,
       213, 3, 3, 46, 221, 184, 47, 196, 45, 194, 115, 9, 218, 146, 86,
       88, 32, 32, 111, 215, 49, 113, 177, 85, 106, 248, 101, 81, 60,
       187, 38, 233, 4, 209, 111, 153, 168, 56, 5, 241, 92, 156, 201, 17,
       250, 51, 191, 88, 87, 1, 250, 68, 1, 137, 153, 0, 211, 126, 100,
       0, 162, 1, 128, 80, 128, 17, 2, 137, 73, 0, 99, 138, 177, 198,
       139, 13, 195, 130, 78, 65, 5, 49, 75, 211, 20, 21, 43, 2, 232,
       224, 66, 48, 42, 60, 40, 183, 28, 65, 43, 27, 168, 56, 5, 113, 93,
       20, 72, 145, 226, 59, 249, 88, 86, 99, 243, 67, 4, 0, 18, 73, 130,
       6, 4, 2, 104, 8, 5, 128, 79, 0, 18, 98, 83, 1, 32, 200, 41, 203,
       43, 72, 194, 168, 15, 18, 8, 1, 79, 83, 167, 85, 51, 48, 72, 103,
       70, 64, 64, 8, 11, 69, 20, 229, 75, 17, 36, 24, 4, 164, 24, 156,
       203, 16, 114, 51, 189, 88, 86, 48, 248, 60, 190, 253, 253, 63,
       253, 253, 125, 253, 255, 222, 253, 253, 124, 253, 205, 251, 253,
       227, 107, 244, 127, 218, 255, 125, 255, 183, 183, 126, 223, 127,
       239, 223, 230, 223, 186, 246, 251, 249, 127, 121, 125, 255, 47,
       245, 53, 245, 107, 187, 188, 153, 13, 242, 29, 156, 93, 52, 242,
       247, 255, 219, 223, 45, 254, 67, 4, 129, 3, 201, 130, 135, 12, 2,
       107, 0, 3, 128, 70, 131, 16, 98, 87, 17, 34, 200, 37, 202, 105,
       78, 192, 42, 39, 146, 9, 17, 79, 23, 167, 93, 51, 50, 248, 111,
       118, 96, 64, 8, 73, 69, 28, 221, 83, 17, 44, 24, 4, 181, 16, 156,
       235, 16, 122, 50, 189, 88, 87, 48, 244, 204, 13, 163, 213, 72, 71,
       236, 247, 24, 255, 74, 135, 83, 196, 155, 170, 171, 93, 185, 111,
       78, 141, 238, 27, 15, 203, 182, 38, 209, 5, 50, 95, 119, 35, 117,
       251, 16, 246, 239, 118, 112, 124, 184, 126, 207, 30, 65, 235, 217,
       172, 126, 213, 209, 95, 148, 72, 209, 248, 33, 191, 76, 85, 1,
       250, 69, 38, 193, 160, 217, 162, 39, 88, 32, 99, 130, 50, 192,
       203, 128, 1, 194, 109, 1, 100, 201, 5, 10, 121, 70, 216, 40, 15,
       146, 12, 33, 65, 83, 7, 84, 187, 0, 120, 5, 86, 4, 64, 24, 10, 65,
       9, 192, 147, 24, 44, 24, 4, 97, 28, 140, 9, 16, 184, 51, 188, 72,
       86, 32, 112, 114, 49, 219, 247, 126, 130, 94, 173, 82, 235, 81,
       155, 183, 198, 147, 90, 127, 215, 56, 103, 206, 173, 199, 43, 140,
       202, 242, 111, 82, 41, 245, 111, 87, 165, 28, 191, 82, 124, 227,
       119, 112, 74, 169, 106, 247, 28, 197, 127, 153, 172, 24, 5, 224,
       28, 156, 75, 208, 242, 51, 185, 92, 86, 48, 246, 63, 255, 125,
       252, 55, 253, 253, 121, 255, 222, 221, 253, 253, 127, 252, 221,
       251, 252, 227, 251, 245, 126, 211, 247, 253, 255, 247, 255, 127,
       255, 253, 235, 223, 124, 215, 190, 254, 120, 249, 125, 124, 221,
       251, 175, 245, 241, 247, 111, 187, 190, 137, 79, 240, 29, 222, 93,
       62, 243, 119, 191, 251, 223, 236, 218, 197, 35, 195, 179, 217,
       162, 163, 200, 104, 75, 130, 118, 163, 195, 130, 65, 98, 69, 61,
       70, 75, 173, 10, 80, 70, 222, 59, 47, 210, 10, 34, 27, 86, 39, 92,
       187, 16, 125, 109, 84, 64, 96, 24, 10, 65, 13, 249, 149, 24, 44,
       24, 36, 209, 190, 140, 105, 16, 248, 49, 189, 76, 23, 48, 248, 68,
       42, 195, 48, 216, 34, 160, 215, 0, 58, 194, 51, 66, 195, 131, 1,
       202, 77, 161, 98, 197, 141, 14, 91, 78, 138, 26, 135, 208, 12, 32,
       78, 87, 3, 85, 187, 49, 180, 101, 52, 232, 100, 26, 14, 73, 5,
       195, 195, 24, 44, 24, 16, 209, 28, 140, 9, 16, 232, 3, 189, 76,
       87, 33, 240, 255, 190, 255, 171, 255, 247, 159, 217, 255, 255,
       218, 255, 253, 126, 251, 93, 255, 247, 123, 114, 253, 23, 219,
       124, 223, 253, 253, 111, 222, 95, 247, 255, 215, 45, 87, 191, 90,
       121, 237, 118, 120, 92, 120, 63, 213, 28, 253, 117, 157, 172, 24,
       5, 242, 61, 156, 73, 16, 246, 51, 189, 218, 87, 32, 250, 255, 186,
       231, 167, 255, 255, 163, 248, 252, 253, 210, 127, 239, 255, 187,
       109, 234, 221, 59, 98, 237, 135, 203, 125, 79, 250, 188, 175, 222,
       15, 115, 239, 215, 37, 85, 187, 83, 123, 237, 118, 248, 92, 56,
       62, 213, 13, 251, 117, 153, 172, 24, 5, 240, 61, 156, 73, 16, 246,
       51, 189, 88, 87, 32, 250, 126, 48, 255, 157, 54, 247, 91, 255,
       215, 230, 213, 188, 127, 138, 179, 94, 251, 213, 115, 111, 137,
       181, 230, 55, 77, 203, 188, 47, 83, 13, 55, 235, 243, 36, 21, 186,
       82, 120, 225, 116, 112, 94, 49, 46, 215, 28, 193, 111, 153, 172,
       24, 5, 240, 29, 156, 73, 16, 242, 51, 189, 88, 86, 34, 251, 108,
