%YAML:1.0
descriptors: !!opencv-matrix
   rows: 98
   cols: 64
   dt: u
   data: [ 63, 245, 253, 254, 55, 189, 221, 123, 247, 222, 245, 250, 255,
       122, 180, 94, 246, 247, 99, 243, 245, 118, 211, 119, 221, 191,
       245, 255, 123, 220, 245, 235, 223, 44, 87, 190, 218, 120, 233,
       125, 122, 95, 61, 47, 213, 53, 245, 111, 153, 172, 24, 5, 240, 29,
       156, 73, 16, 242, 51, 189, 89, 87, 34, 251, 60, 33, 243, 186, 24,
       229, 37, 127, 212, 252, 210, 53, 113, 206, 155, 70, 235, 212, 3,
       98, 229, 47, 203, 55, 76, 154, 182, 143, 82, 12, 49, 235, 215, 38,
       85, 186, 82, 120, 233, 116, 120, 92, 56, 46, 213, 21, 231, 111,
       153, 172, 24, 5, 240, 29, 156, 73, 16, 242, 51, 189, 88, 87, 32,
       250, 124, 170, 255, 253, 122, 255, 243, 255, 253, 252, 222, 253,
       95, 254, 187, 238, 251, 221, 251, 107, 245, 93, 238, 191, 127,
       235, 188, 183, 125, 223, 63, 239, 247, 39, 117, 187, 86, 251, 253,
       124, 248, 93, 254, 38, 221, 183, 115, 235, 157, 172, 223, 141,
       243, 29, 156, 77, 84, 254, 59, 253, 219, 95, 34, 254, 60, 190,
       255, 253, 58, 253, 253, 249, 253, 254, 222, 191, 221, 127, 251,
       230, 251, 221, 235, 107, 245, 124, 222, 254, 221, 255, 183, 187,
       124, 223, 127, 255, 247, 36, 87, 190, 214, 250, 249, 117, 252, 93,
       251, 190, 245, 167, 211, 111, 153, 173, 28, 13, 240, 29, 159, 77,
       16, 242, 115, 189, 218, 87, 41, 254, 37, 37, 229, 144, 16, 7, 33,
       126, 228, 100, 130, 52, 81, 175, 179, 70, 226, 212, 3, 96, 193,
       162, 192, 55, 76, 136, 164, 9, 82, 8, 48, 105, 85, 36, 85, 186,
       82, 120, 1, 84, 80, 64, 24, 14, 196, 20, 193, 78, 153, 172, 24, 5,
       240, 28, 156, 73, 16, 242, 51, 188, 88, 86, 32, 248, 125, 51, 245,
       148, 51, 5, 61, 126, 230, 100, 195, 48, 125, 251, 178, 86, 250,
       212, 3, 102, 77, 160, 192, 51, 76, 138, 160, 9, 82, 12, 112, 41,
       210, 36, 84, 186, 82, 120, 193, 116, 80, 92, 24, 14, 208, 20, 193,
       78, 153, 172, 24, 5, 240, 29, 156, 73, 16, 242, 51, 189, 88, 86,
       32, 250, 63, 190, 255, 255, 63, 253, 253, 120, 253, 255, 215, 251,
       255, 127, 189, 93, 251, 253, 99, 123, 245, 127, 211, 255, 253,
       255, 247, 191, 126, 95, 119, 239, 223, 108, 215, 190, 223, 121,
       249, 125, 124, 93, 123, 175, 213, 113, 247, 111, 185, 174, 152,
       15, 240, 29, 156, 93, 60, 242, 119, 191, 250, 215, 44, 254, 59,
       254, 253, 255, 63, 253, 253, 121, 255, 255, 255, 249, 255, 127,
       252, 253, 255, 246, 227, 251, 245, 118, 211, 255, 253, 255, 245,
       187, 127, 255, 247, 239, 207, 108, 215, 190, 255, 120, 249, 125,
       124, 93, 251, 175, 245, 49, 247, 111, 187, 190, 153, 15, 240, 29,
       156, 93, 54, 243, 247, 191, 251, 223, 44, 254, 255, 253, 255, 255,
       247, 255, 223, 255, 255, 253, 213, 251, 255, 251, 182, 222, 251,
       247, 126, 127, 191, 255, 243, 127, 255, 255, 247, 63, 127, 251,
       246, 175, 223, 111, 182, 255, 222, 125, 255, 125, 121, 223, 255,
       255, 255, 61, 253, 63, 255, 190, 155, 207, 248, 191, 158, 95, 120,
       254, 115, 255, 251, 221, 189, 254, 191, 244, 125, 175, 255, 61,
       159, 248, 255, 95, 253, 251, 255, 123, 244, 125, 242, 247, 63,
       117, 113, 214, 161, 116, 238, 255, 253, 123, 255, 91, 255, 185,
       208, 108, 156, 254, 82, 113, 169, 245, 210, 222, 58, 31, 208, 22,
       244, 77, 153, 173, 30, 5, 248, 29, 159, 73, 16, 246, 51, 156, 92,
       87, 34, 185, 43, 246, 108, 170, 223, 252, 167, 24, 253, 125, 172,
       251, 173, 63, 164, 93, 235, 245, 37, 112, 225, 70, 155, 125, 102,
       253, 57, 39, 255, 91, 115, 239, 213, 228, 87, 186, 115, 120, 169,
       118, 116, 94, 122, 47, 213, 81, 244, 105, 153, 172, 24, 5, 244,
       29, 156, 73, 24, 242, 183, 189, 218, 87, 36, 250, 60, 181, 253,
       188, 54, 181, 189, 127, 245, 222, 213, 241, 125, 56, 189, 70, 242,
       212, 67, 99, 245, 38, 195, 119, 77, 170, 164, 9, 82, 28, 113, 235,
       215, 36, 85, 186, 82, 120, 233, 116, 112, 94, 56, 47, 212, 20,
       213, 111, 153, 172, 24, 5, 240, 29, 156, 73, 16, 242, 51, 189, 88,
       87, 32, 251, 191, 240, 121, 166, 191, 244, 159, 72, 246, 95, 248,
       115, 253, 107, 240, 117, 243, 212, 7, 96, 193, 34, 129, 116, 76,
       157, 181, 43, 210, 14, 115, 123, 214, 36, 85, 186, 82, 120, 233,
       116, 112, 92, 56, 47, 212, 20, 244, 109, 153, 172, 24, 5, 240, 29,
       156, 73, 16, 242, 51, 189, 88, 87, 32, 250, 62, 49, 81, 246, 62,
       37, 218, 48, 82, 60, 87, 119, 125, 82, 145, 112, 246, 194, 66,
       226, 199, 40, 129, 214, 140, 10, 230, 219, 194, 188, 245, 238,
       119, 61, 116, 190, 222, 122, 218, 213, 209, 92, 145, 78, 232, 6,
       139, 79, 137, 166, 73, 71, 240, 30, 28, 73, 68, 243, 83, 251, 120,
       38, 161, 252, 63, 244, 125, 174, 63, 61, 29, 126, 247, 94, 253,
       241, 125, 59, 244, 245, 243, 244, 71, 121, 241, 82, 181, 52, 108,
       173, 229, 27, 127, 89, 125, 233, 244, 108, 20, 254, 82, 112, 161,
       245, 210, 223, 88, 15, 208, 22, 212, 76, 153, 173, 30, 5, 248, 29,
       159, 73, 16, 242, 59, 156, 88, 30, 34, 249, 57, 158, 255, 233, 40,
       125, 161, 247, 189, 254, 198, 133, 77, 61, 123, 175, 255, 252,
       227, 107, 244, 119, 222, 251, 217, 125, 52, 194, 124, 87, 251,
       239, 223, 66, 211, 36, 117, 250, 249, 104, 124, 29, 122, 166, 85,
       225, 119, 235, 184, 232, 184, 13, 246, 29, 156, 93, 54, 242, 183,
       189, 210, 215, 44, 254, 124, 254, 255, 248, 62, 127, 253, 255,
       253, 254, 220, 191, 95, 189, 255, 239, 251, 252, 235, 107, 245,
       215, 220, 191, 221, 127, 183, 242, 125, 215, 127, 239, 223, 72,
       215, 252, 215, 252, 249, 124, 124, 93, 122, 63, 215, 181, 119,
       235, 191, 173, 156, 13, 242, 29, 158, 93, 30, 246, 127, 253, 223,
       223, 106, 246, 53, 183, 117, 220, 248, 164, 189, 80, 98, 92, 169,
       49, 228, 99, 181, 81, 255, 230, 130, 98, 197, 40, 17, 246, 206,
       191, 227, 249, 218, 44, 245, 105, 214, 36, 85, 190, 16, 112, 233,
       117, 117, 78, 26, 15, 244, 16, 245, 79, 152, 164, 24, 7, 240, 28,
       156, 73, 16, 242, 51, 189, 88, 71, 33, 240, 108, 174, 239, 203,
       250, 247, 163, 245, 189, 255, 126, 93, 157, 127, 251, 236, 203,
       221, 249, 46, 252, 87, 222, 249, 123, 109, 28, 166, 253, 211, 59,
       223, 245, 227, 95, 49, 119, 247, 237, 62, 253, 85, 74, 62, 85,
       174, 91, 177, 191, 77, 28, 45, 247, 253, 157, 251, 86, 236, 171,
       173, 218, 95, 56, 244, 122, 49, 249, 214, 54, 7, 89, 47, 198, 128,
       213, 48, 127, 194, 144, 82, 246, 151, 66, 215, 135, 47, 193, 199,
       156, 138, 230, 93, 66, 184, 244, 232, 198, 44, 4, 190, 202, 120,
       195, 85, 24, 73, 181, 75, 225, 60, 129, 110, 155, 174, 153, 71,
       112, 28, 28, 65, 0, 243, 115, 249, 120, 22, 160, 251, 53, 213, 93,
       138, 0, 156, 5, 1, 167, 68, 45, 208, 21, 63, 188, 84, 255, 246, 0,
       100, 0, 82, 208, 96, 217, 213, 125, 105, 34, 138, 208, 41, 148, 4,
       71, 142, 0, 88, 9, 92, 52, 25, 60, 33, 20, 20, 116, 44, 145, 172,
       144, 12, 48, 25, 148, 89, 56, 114, 50, 188, 88, 215, 40, 250, 110,
       237, 237, 184, 55, 191, 159, 121, 253, 199, 253, 250, 255, 58,
       254, 79, 131, 245, 99, 255, 53, 119, 211, 119, 93, 255, 149, 189,
       115, 158, 54, 169, 214, 44, 215, 186, 218, 120, 233, 125, 122, 95,
       60, 47, 213, 21, 247, 111, 155, 172, 24, 13, 240, 29, 156, 89, 16,
       242, 51, 189, 89, 215, 40, 250, 60, 182, 125, 170, 58, 253, 167,
       121, 250, 254, 206, 245, 253, 54, 189, 80, 251, 213, 195, 97, 245,
       112, 75, 245, 221, 253, 245, 175, 78, 206, 243, 235, 215, 4, 85,
       190, 86, 120, 233, 116, 120, 93, 58, 47, 213, 21, 245, 111, 153,
       172, 24, 5, 240, 29, 156, 73, 20, 242, 51, 189, 90, 87, 32, 250,
       252, 123, 255, 253, 118, 127, 251, 251, 253, 252, 254, 183, 255,
       254, 251, 238, 242, 221, 251, 111, 245, 255, 196, 247, 95, 238,
       164, 151, 126, 223, 126, 251, 243, 36, 87, 186, 87, 122, 249, 252,
       218, 93, 122, 62, 213, 167, 195, 111, 157, 173, 28, 5, 240, 29,
