%YAML:1.0
descriptors: !!opencv-matrix
   rows: 46
   cols: 64
   dt: u
   data: [ 62, 185, 238, 252, 55, 255, 253, 127, 181, 252, 220, 253, 127,
       126, 182, 126, 249, 221, 99, 251, 245, 55, 195, 119, 125, 255,
       244, 255, 123, 223, 247, 235, 223, 44, 87, 190, 95, 120, 233, 124,
       120, 93, 59, 47, 213, 53, 247, 111, 153, 172, 24, 5, 240, 29, 156,
       73, 16, 242, 51, 189, 90, 87, 34, 250, 15, 160, 137, 58, 63, 249,
       240, 94, 241, 184, 140, 237, 240, 86, 175, 107, 235, 252, 163,
       211, 229, 55, 75, 215, 101, 203, 180, 167, 83, 69, 55, 98, 223,
       44, 87, 186, 123, 120, 233, 116, 120, 93, 122, 47, 213, 117, 183,
       111, 185, 172, 24, 5, 240, 29, 156, 65, 22, 242, 55, 189, 88, 87,
       32, 250, 12, 170, 207, 43, 63, 249, 176, 125, 121, 186, 214, 253,
       248, 119, 171, 225, 203, 220, 33, 99, 197, 37, 203, 251, 77, 139,
       128, 167, 94, 69, 49, 110, 223, 36, 85, 186, 83, 120, 233, 116,
       120, 92, 58, 47, 212, 21, 247, 107, 153, 172, 24, 5, 240, 29, 156,
       73, 16, 242, 51, 189, 88, 87, 32, 250, 12, 170, 205, 9, 40, 217,
       160, 100, 184, 186, 66, 213, 208, 119, 155, 224, 203, 152, 195,
       99, 197, 39, 202, 251, 89, 10, 132, 166, 76, 141, 49, 78, 223, 32,
       69, 186, 83, 250, 233, 124, 248, 92, 56, 47, 213, 52, 247, 107,
       153, 172, 24, 5, 240, 29, 156, 73, 16, 242, 51, 189, 88, 87, 32,
       250, 125, 55, 253, 182, 54, 183, 63, 127, 228, 212, 215, 180, 125,
       63, 179, 86, 250, 221, 99, 103, 245, 39, 195, 119, 205, 234, 164,
       141, 82, 12, 113, 233, 215, 36, 85, 190, 83, 120, 233, 116, 120,
       92, 56, 47, 213, 21, 247, 111, 153, 172, 24, 5, 240, 29, 156, 73,
       16, 242, 51, 189, 88, 87, 32, 250, 255, 252, 255, 255, 255, 255,
       223, 249, 255, 103, 253, 250, 255, 250, 246, 253, 251, 245, 127,
       111, 63, 223, 183, 61, 238, 255, 255, 63, 215, 27, 126, 191, 243,
       109, 28, 223, 66, 117, 253, 246, 114, 219, 120, 63, 217, 30, 253,
       181, 141, 173, 22, 5, 120, 191, 150, 73, 208, 244, 57, 157, 92,
       95, 50, 185, 60, 248, 252, 238, 63, 253, 253, 113, 125, 253, 222,
       253, 253, 126, 252, 221, 255, 222, 225, 235, 245, 116, 219, 251,
       253, 127, 241, 247, 126, 215, 255, 239, 223, 224, 223, 176, 247,
       250, 249, 117, 113, 93, 255, 47, 245, 21, 247, 111, 155, 252, 153,
       13, 244, 29, 156, 93, 54, 243, 247, 191, 219, 223, 44, 254, 119,
       245, 125, 158, 55, 7, 31, 47, 231, 70, 53, 176, 61, 170, 180, 94,
       246, 246, 66, 117, 19, 34, 241, 39, 220, 170, 228, 93, 83, 152,
       252, 105, 210, 44, 20, 190, 194, 120, 129, 252, 82, 202, 60, 15,
       208, 20, 229, 78, 153, 172, 24, 5, 112, 24, 156, 73, 24, 242, 51,
       189, 88, 86, 34, 251, 44, 38, 109, 168, 30, 61, 33, 125, 245, 126,
       214, 53, 125, 63, 189, 228, 226, 252, 67, 96, 241, 114, 208, 180,
       93, 168, 164, 129, 122, 220, 57, 233, 221, 36, 87, 186, 87, 114,
       129, 124, 254, 87, 24, 14, 84, 183, 226, 76, 153, 44, 24, 4, 242,
       29, 157, 73, 24, 242, 59, 188, 90, 86, 34, 249, 61, 55, 125, 190,
       54, 127, 57, 127, 245, 252, 215, 181, 125, 63, 185, 198, 250, 220,
       67, 105, 245, 114, 197, 55, 93, 168, 164, 157, 122, 220, 125, 233,
       213, 36, 85, 186, 211, 122, 129, 124, 248, 93, 57, 46, 212, 149,
       195, 110, 153, 172, 24, 5, 240, 29, 157, 73, 16, 242, 51, 189, 88,
       87, 34, 250, 109, 175, 231, 112, 120, 183, 231, 114, 240, 252,
       196, 119, 207, 255, 179, 77, 226, 237, 251, 102, 247, 111, 90,
       247, 94, 106, 134, 135, 108, 76, 112, 203, 223, 39, 71, 187, 80,
       60, 253, 124, 124, 124, 154, 166, 221, 121, 211, 207, 189, 172,
       24, 81, 241, 125, 156, 73, 52, 254, 115, 159, 90, 87, 33, 250,
       124, 51, 247, 184, 18, 167, 35, 127, 199, 166, 210, 180, 125, 166,
       155, 86, 242, 213, 99, 102, 183, 39, 195, 183, 221, 232, 228, 141,
       66, 156, 120, 232, 215, 46, 101, 190, 90, 120, 197, 92, 60, 84,
       52, 46, 87, 188, 33, 110, 155, 172, 25, 5, 242, 29, 156, 73, 0,
       242, 51, 249, 88, 70, 32, 242, 191, 245, 249, 190, 55, 109, 125,
       95, 247, 239, 253, 254, 191, 78, 182, 127, 255, 246, 39, 115, 167,
       54, 242, 127, 237, 223, 243, 123, 83, 123, 255, 235, 215, 172,
       159, 254, 194, 125, 233, 119, 122, 206, 127, 105, 214, 21, 245,
       127, 153, 190, 26, 5, 232, 29, 188, 73, 152, 178, 59, 191, 93, 95,
       34, 178, 190, 56, 247, 181, 218, 237, 169, 228, 63, 255, 218, 63,
       223, 238, 187, 244, 255, 223, 195, 98, 237, 149, 206, 120, 223,
       202, 244, 203, 218, 207, 255, 239, 247, 36, 87, 190, 118, 114,
       233, 124, 88, 93, 92, 46, 213, 22, 239, 125, 153, 172, 24, 5, 242,
       29, 156, 73, 16, 242, 51, 189, 88, 87, 34, 248, 141, 234, 247, 33,
       120, 127, 163, 244, 188, 189, 238, 255, 207, 57, 219, 237, 203,
       237, 255, 105, 241, 71, 126, 252, 109, 125, 29, 183, 253, 71, 99,
       223, 253, 65, 103, 186, 117, 186, 237, 188, 221, 20, 122, 182,
       209, 227, 122, 225, 184, 253, 173, 57, 209, 255, 142, 76, 54, 220,
       167, 172, 218, 215, 36, 254, 186, 249, 218, 126, 55, 115, 220,
       159, 215, 139, 253, 248, 46, 198, 38, 123, 255, 151, 54, 223, 7,
       63, 231, 119, 229, 215, 243, 125, 87, 126, 230, 160, 222, 62, 159,
       222, 251, 125, 250, 245, 122, 255, 183, 105, 247, 117, 183, 110,
       251, 190, 26, 71, 248, 53, 252, 89, 17, 179, 127, 191, 57, 123,
       167, 219, 191, 254, 255, 237, 191, 253, 221, 248, 190, 255, 244,
       251, 239, 91, 254, 221, 253, 215, 47, 123, 228, 71, 234, 120, 239,
       223, 241, 123, 223, 91, 243, 127, 215, 100, 221, 254, 86, 121,
       233, 117, 113, 94, 58, 63, 213, 20, 253, 125, 153, 189, 24, 5,
       240, 157, 156, 73, 16, 242, 51, 189, 88, 87, 36, 251, 124, 49,
       245, 22, 118, 35, 58, 63, 198, 0, 215, 53, 117, 198, 145, 82, 126,
       131, 66, 214, 241, 59, 193, 151, 152, 40, 236, 221, 66, 220, 244,
       232, 79, 45, 69, 190, 223, 58, 193, 93, 24, 89, 149, 14, 229, 37,
       163, 78, 191, 174, 137, 75, 242, 28, 24, 81, 68, 115, 23, 185, 56,
       6, 224, 74, 220, 42, 247, 229, 248, 253, 163, 244, 248, 189, 254,
       127, 207, 55, 219, 224, 251, 205, 251, 105, 253, 193, 110, 252,
       139, 109, 28, 183, 236, 207, 51, 222, 253, 97, 117, 187, 93, 179,
       237, 54, 253, 21, 123, 54, 237, 163, 126, 241, 190, 253, 237, 187,
       211, 255, 159, 76, 102, 252, 135, 204, 202, 71, 100, 254, 35, 229,
       73, 170, 55, 156, 21, 9, 231, 70, 45, 248, 189, 63, 180, 93, 219,
       182, 32, 113, 130, 114, 209, 103, 117, 213, 225, 61, 51, 186, 85,
       41, 150, 236, 71, 154, 226, 88, 251, 124, 36, 219, 60, 105, 149,
       84, 245, 47, 145, 174, 144, 12, 34, 1, 254, 61, 56, 242, 50, 189,
       25, 223, 40, 218, 13, 14, 32, 33, 201, 232, 162, 197, 40, 120,
       202, 39, 128, 53, 203, 165, 193, 40, 131, 64, 233, 2, 30, 120, 86,
       8, 8, 129, 220, 70, 43, 214, 61, 131, 77, 32, 53, 178, 13, 36,
       205, 20, 26, 150, 68, 195, 106, 209, 40, 101, 92, 32, 215, 87,
       201, 40, 6, 200, 135, 164, 10, 66, 32, 64, 215, 176, 80, 3, 220,
       130, 138, 192, 66, 43, 3, 114, 164, 3, 131, 17, 234, 199, 5, 100,
       193, 5, 131, 72, 206, 216, 185, 47, 210, 10, 163, 123, 215, 36,
       85, 187, 82, 56, 169, 118, 112, 92, 24, 15, 209, 24, 240, 77, 153,
       172, 24, 5, 240, 29, 156, 73, 16, 242, 51, 189, 88, 87, 32, 250,
       141, 174, 231, 129, 232, 253, 162, 241, 57, 253, 2, 79, 218, 53,
       251, 229, 137, 233, 235, 107, 245, 5, 90, 248, 91, 124, 29, 162,
       236, 215, 51, 215, 223, 112, 87, 32, 81, 250, 233, 44, 253, 20,
       122, 183, 197, 102, 254, 97, 185, 236, 24, 13, 211, 29, 156, 72,
       22, 210, 19, 181, 202, 87, 32, 250, 63, 253, 236, 220, 55, 223,
       221, 7, 55, 198, 189, 248, 63, 62, 54, 222, 253, 179, 114, 255,
       151, 119, 243, 103, 245, 119, 241, 125, 115, 254, 214, 97, 159,
       124, 199, 142, 202, 120, 250, 125, 112, 223, 61, 109, 151, 84,
       245, 110, 147, 174, 154, 15, 240, 29, 248, 93, 56, 243, 114, 253,
