%YAML:1.0
descriptors: !!opencv-matrix
   rows: 70
   cols: 64
   dt: u
   data: [ 63, 222, 108, 253, 63, 253, 253, 113, 61, 255, 212, 221, 221,
       125, 253, 77, 251, 253, 225, 235, 245, 116, 219, 123, 125, 255,
       177, 183, 126, 215, 117, 239, 215, 228, 215, 186, 247, 248, 249,
       127, 116, 93, 123, 47, 213, 21, 247, 107, 155, 236, 153, 13, 240,
       29, 156, 93, 58, 242, 115, 189, 218, 223, 44, 254, 63, 190, 125,
       175, 191, 253, 191, 120, 254, 255, 254, 251, 237, 127, 251, 117,
       255, 255, 99, 115, 244, 103, 194, 118, 205, 255, 245, 255, 94, 91,
       115, 235, 215, 44, 85, 190, 95, 120, 233, 116, 120, 92, 58, 47,
       213, 21, 245, 111, 153, 172, 24, 5, 240, 29, 156, 73, 16, 242, 51,
       189, 88, 87, 32, 250, 63, 253, 255, 222, 54, 157, 221, 123, 255,
       245, 189, 250, 255, 251, 252, 94, 246, 215, 102, 107, 151, 126,
       195, 119, 221, 247, 247, 127, 115, 63, 213, 107, 215, 44, 85, 190,
       218, 120, 251, 119, 114, 95, 185, 111, 245, 20, 245, 111, 153,
       172, 25, 15, 240, 29, 156, 77, 16, 242, 115, 191, 121, 87, 34,
       251, 63, 220, 236, 239, 63, 253, 209, 60, 63, 253, 222, 253, 189,
       126, 125, 253, 253, 254, 97, 243, 245, 117, 219, 115, 125, 255,
       240, 127, 127, 223, 255, 239, 223, 100, 87, 186, 255, 122, 249,
       124, 240, 93, 126, 47, 213, 23, 247, 111, 153, 172, 153, 13, 242,
       29, 157, 73, 56, 242, 55, 189, 219, 95, 38, 250, 191, 244, 125,
       174, 255, 20, 31, 72, 246, 111, 189, 250, 255, 107, 182, 93, 242,
       247, 39, 113, 225, 98, 179, 124, 238, 139, 229, 59, 211, 25, 113,
       107, 247, 44, 20, 254, 82, 113, 161, 254, 82, 202, 24, 15, 208,
       20, 213, 77, 153, 172, 24, 5, 112, 29, 156, 73, 16, 242, 51, 188,
       88, 86, 34, 249, 183, 245, 124, 142, 183, 157, 223, 25, 239, 71,
       181, 250, 173, 123, 180, 93, 246, 247, 38, 241, 147, 119, 211,
       100, 244, 247, 245, 127, 55, 56, 213, 41, 215, 108, 150, 158, 202,
       121, 251, 127, 118, 219, 40, 173, 145, 80, 245, 47, 145, 190, 24,
       13, 240, 25, 222, 93, 56, 242, 114, 189, 120, 215, 44, 251, 63,
       255, 253, 252, 63, 253, 253, 125, 253, 254, 221, 249, 253, 127,
       253, 221, 251, 252, 227, 251, 245, 118, 211, 255, 253, 255, 247,
       255, 127, 255, 247, 235, 223, 124, 215, 190, 255, 120, 249, 125,
       124, 93, 251, 47, 245, 53, 247, 111, 187, 174, 152, 15, 240, 29,
       156, 93, 62, 243, 119, 191, 251, 223, 40, 254, 191, 252, 127, 143,
       255, 253, 223, 184, 255, 213, 253, 250, 255, 127, 246, 253, 251,
       247, 126, 115, 253, 119, 179, 116, 255, 255, 253, 59, 255, 91,
       247, 187, 223, 108, 223, 222, 218, 121, 249, 125, 125, 221, 127,
       63, 213, 116, 252, 61, 157, 188, 152, 13, 248, 157, 156, 93, 56,
       246, 51, 189, 250, 223, 44, 250, 179, 182, 81, 231, 253, 160, 155,
       216, 218, 121, 210, 127, 165, 91, 193, 81, 106, 215, 13, 2, 205,
       41, 143, 124, 46, 218, 113, 47, 214, 43, 99, 127, 87, 165, 93,
       186, 118, 243, 233, 119, 209, 84, 10, 14, 193, 4, 217, 87, 136,
       188, 24, 5, 244, 150, 156, 105, 16, 242, 179, 189, 88, 23, 32,
       252, 186, 217, 223, 215, 55, 221, 221, 58, 223, 223, 63, 218, 191,
       122, 124, 254, 127, 215, 116, 187, 150, 126, 227, 119, 169, 247,
       247, 122, 127, 251, 214, 123, 215, 124, 253, 244, 255, 89, 250,
       113, 112, 221, 239, 109, 183, 52, 245, 111, 187, 187, 153, 199,
       252, 5, 252, 93, 17, 243, 114, 255, 115, 253, 172, 254, 189, 254,
       125, 224, 60, 253, 165, 92, 249, 127, 238, 249, 109, 31, 236, 245,
       251, 244, 175, 105, 245, 112, 60, 252, 165, 255, 97, 179, 127, 79,
       115, 255, 213, 198, 223, 154, 116, 242, 249, 183, 127, 213, 122,
       183, 116, 131, 116, 227, 168, 181, 110, 60, 234, 181, 143, 77,
       180, 180, 135, 142, 219, 223, 109, 190, 179, 221, 254, 212, 39,
       223, 221, 51, 63, 213, 61, 203, 159, 249, 116, 158, 189, 243, 124,
       191, 22, 127, 240, 227, 251, 119, 247, 126, 125, 242, 214, 41,
       222, 122, 114, 156, 218, 76, 250, 233, 117, 191, 189, 239, 191,
       52, 245, 111, 213, 170, 153, 207, 240, 29, 187, 95, 57, 215, 114,
       255, 115, 253, 141, 250, 9, 142, 142, 170, 11, 253, 164, 55, 61,
       252, 70, 197, 24, 60, 57, 140, 203, 88, 161, 43, 244, 117, 207,
       123, 105, 93, 1, 166, 125, 67, 49, 199, 215, 128, 81, 48, 119,
       200, 233, 32, 120, 93, 122, 39, 85, 21, 119, 107, 185, 232, 24, 5,
       244, 13, 152, 72, 22, 242, 183, 189, 210, 83, 32, 254, 68, 35,
       163, 144, 0, 70, 32, 71, 0, 166, 3, 20, 80, 132, 155, 2, 138, 76,
       3, 102, 10, 129, 68, 3, 12, 136, 132, 5, 0, 12, 48, 72, 113, 6,
       85, 170, 0, 114, 5, 68, 0, 96, 16, 2, 70, 12, 65, 238, 25, 44, 56,
       20, 17, 28, 20, 8, 128, 96, 1, 184, 72, 6, 32, 242, 46, 174, 237,
       170, 30, 127, 161, 127, 245, 252, 214, 181, 121, 62, 185, 198,
       235, 220, 67, 243, 245, 54, 217, 247, 93, 168, 164, 131, 74, 220,
       49, 235, 207, 44, 71, 186, 91, 122, 233, 124, 248, 93, 56, 47,
       212, 53, 247, 111, 153, 172, 24, 13, 240, 29, 156, 73, 16, 242,
       51, 189, 90, 87, 32, 250, 28, 175, 215, 73, 48, 253, 160, 245,
       121, 152, 78, 157, 212, 55, 219, 224, 235, 201, 227, 106, 213, 37,
       71, 211, 217, 125, 181, 236, 76, 14, 179, 242, 255, 0, 69, 186,
       85, 122, 233, 116, 248, 92, 56, 38, 117, 182, 243, 111, 153, 172,
       8, 5, 240, 29, 157, 73, 22, 242, 19, 189, 88, 87, 96, 250, 124,
       63, 255, 253, 126, 255, 255, 255, 253, 252, 222, 181, 127, 255,
       251, 238, 251, 253, 251, 110, 247, 127, 214, 183, 95, 239, 182,
       151, 124, 215, 126, 239, 239, 47, 87, 191, 215, 126, 253, 124,
       252, 125, 251, 190, 221, 167, 231, 239, 189, 172, 157, 205, 243,
       61, 157, 93, 116, 254, 123, 191, 219, 215, 41, 250, 163, 213, 73,
       154, 23, 156, 29, 9, 167, 67, 41, 202, 175, 47, 36, 95, 195, 215,
       36, 33, 130, 118, 210, 99, 69, 215, 163, 47, 18, 42, 16, 41, 214,
       36, 220, 154, 66, 120, 235, 244, 98, 202, 56, 41, 150, 20, 245,
       47, 145, 172, 16, 5, 96, 25, 156, 73, 24, 242, 50, 189, 88, 85,
       32, 250, 243, 217, 218, 223, 183, 152, 223, 8, 63, 131, 61, 250,
       190, 250, 100, 95, 245, 183, 60, 191, 15, 127, 227, 103, 229, 215,
       243, 127, 23, 59, 214, 57, 146, 236, 156, 223, 234, 93, 250, 247,
       114, 223, 173, 121, 151, 28, 245, 63, 215, 175, 18, 5, 172, 161,
       255, 239, 17, 247, 56, 63, 125, 253, 178, 187, 184, 217, 255, 158,
       51, 71, 93, 255, 215, 196, 253, 216, 127, 172, 182, 254, 251, 212,
       103, 103, 22, 174, 229, 55, 93, 223, 183, 41, 83, 154, 118, 57,
       210, 36, 53, 250, 82, 120, 201, 244, 114, 94, 56, 47, 222, 20,
       245, 110, 153, 172, 26, 5, 240, 29, 148, 73, 16, 242, 49, 189, 88,
       86, 32, 250, 184, 57, 255, 222, 54, 103, 121, 254, 215, 196, 253,
       181, 127, 168, 179, 238, 251, 212, 99, 111, 54, 168, 229, 55, 77,
       191, 183, 25, 83, 10, 118, 185, 242, 36, 117, 250, 82, 120, 193,
       116, 112, 93, 189, 47, 222, 20, 225, 110, 153, 172, 90, 5, 240,
       29, 148, 73, 144, 242, 51, 253, 89, 86, 32, 250, 130, 0, 139, 131,
       47, 80, 147, 140, 150, 245, 22, 85, 25, 26, 51, 96, 106, 212, 0,
       35, 192, 1, 238, 96, 44, 129, 152, 11, 150, 11, 19, 127, 245, 36,
       85, 186, 82, 112, 169, 116, 208, 84, 40, 14, 193, 4, 208, 109,
       153, 172, 24, 5, 240, 25, 156, 73, 16, 114, 50, 188, 88, 23, 32,
       250, 178, 204, 200, 142, 47, 93, 148, 1, 63, 244, 63, 207, 188,
       62, 126, 252, 253, 179, 32, 177, 213, 54, 211, 98, 81, 87, 241,
       59, 50, 250, 215, 99, 135, 44, 83, 178, 251, 88, 235, 124, 112,
       93, 100, 45, 149, 22, 245, 109, 145, 172, 152, 13, 182, 13, 152,
       89, 50, 243, 50, 61, 91, 91, 40, 250, 247, 253, 218, 223, 119, 94,
       222, 139, 111, 195, 61, 250, 190, 239, 238, 255, 255, 215, 60,
       247, 15, 229, 243, 115, 239, 215, 243, 127, 211, 58, 246, 57, 210,
       36, 85, 219, 66, 125, 251, 117, 114, 92, 56, 109, 213, 30, 245,
       47, 153, 172, 16, 5, 248, 29, 156, 75, 16, 242, 49, 189, 88, 87,
