%YAML:1.0
descriptors: !!opencv-matrix
   rows: 102
   cols: 64
   dt: u
   data: [ 190, 254, 127, 237, 255, 253, 187, 249, 252, 255, 254, 255,
       253, 126, 251, 245, 243, 253, 75, 114, 253, 51, 159, 124, 237,
       254, 249, 255, 222, 95, 247, 255, 255, 36, 87, 190, 87, 123, 233,
       119, 250, 93, 122, 62, 213, 151, 219, 127, 153, 172, 24, 5, 240,
       29, 157, 73, 16, 242, 51, 189, 218, 95, 32, 254, 59, 253, 255,
       254, 55, 189, 253, 123, 255, 223, 253, 249, 255, 121, 252, 253,
       247, 254, 103, 251, 245, 126, 241, 247, 253, 255, 231, 255, 127,
       247, 253, 235, 223, 108, 222, 190, 255, 121, 249, 253, 126, 223,
       251, 47, 244, 55, 247, 111, 185, 175, 152, 15, 248, 29, 159, 93,
       60, 243, 119, 191, 123, 223, 42, 251, 255, 253, 255, 222, 55, 63,
       93, 126, 247, 214, 253, 248, 127, 250, 182, 95, 255, 247, 126,
       127, 55, 127, 241, 119, 253, 239, 247, 127, 123, 252, 244, 233,
       214, 46, 182, 254, 218, 124, 251, 253, 114, 223, 189, 111, 179,
       52, 245, 110, 159, 174, 154, 207, 240, 29, 156, 93, 56, 247, 115,
       255, 123, 255, 175, 251, 252, 254, 255, 237, 254, 253, 251, 253,
       253, 255, 254, 255, 255, 191, 251, 255, 251, 253, 255, 107, 253,
       223, 255, 188, 255, 255, 127, 187, 255, 223, 127, 255, 253, 239,
       255, 255, 215, 247, 253, 127, 255, 93, 251, 190, 223, 167, 127,
       245, 175, 189, 222, 173, 250, 191, 159, 93, 244, 252, 239, 255,
       255, 223, 46, 182, 45, 174, 239, 232, 50, 127, 165, 247, 189, 252,
       238, 149, 93, 189, 249, 238, 203, 252, 227, 106, 244, 82, 220,
       179, 93, 125, 21, 128, 125, 214, 59, 219, 253, 66, 87, 170, 85,
       122, 233, 124, 252, 21, 58, 182, 84, 167, 119, 238, 185, 173, 188,
       13, 242, 29, 157, 92, 52, 226, 43, 189, 91, 215, 40, 250, 124,
       249, 239, 248, 54, 127, 125, 127, 245, 222, 253, 184, 95, 190,
       255, 238, 251, 220, 123, 111, 61, 210, 228, 55, 125, 253, 181,
       153, 123, 222, 126, 169, 208, 36, 149, 250, 82, 125, 209, 116,
       122, 223, 61, 63, 215, 183, 101, 238, 159, 173, 30, 133, 248, 29,
       151, 93, 144, 242, 43, 253, 89, 214, 42, 251, 47, 182, 108, 43,
       191, 253, 163, 88, 252, 126, 202, 119, 173, 63, 233, 101, 235,
       253, 35, 112, 241, 70, 219, 124, 69, 253, 61, 167, 126, 95, 51,
       227, 221, 108, 215, 186, 83, 120, 233, 116, 124, 92, 58, 175, 85,
       225, 246, 109, 152, 172, 24, 5, 240, 29, 156, 73, 16, 242, 51,
       188, 90, 87, 32, 250, 62, 253, 125, 254, 55, 253, 253, 121, 255,
       222, 253, 248, 253, 58, 253, 223, 255, 254, 99, 123, 245, 118,
       209, 247, 221, 255, 245, 251, 123, 254, 245, 235, 223, 44, 215,
       190, 219, 120, 233, 125, 120, 95, 127, 47, 245, 53, 247, 111, 155,
       174, 152, 15, 242, 29, 157, 89, 48, 242, 51, 189, 123, 223, 40,
       250, 60, 59, 239, 252, 54, 127, 241, 127, 245, 252, 214, 181, 125,
       252, 187, 230, 251, 220, 195, 98, 245, 43, 196, 183, 93, 170, 164,
       129, 122, 220, 124, 235, 247, 36, 87, 186, 86, 122, 201, 124, 248,
       93, 26, 46, 212, 183, 195, 110, 185, 172, 24, 5, 240, 29, 157, 73,
       16, 242, 51, 189, 90, 86, 34, 250, 62, 177, 241, 246, 55, 133, 93,
       75, 214, 232, 245, 243, 253, 74, 180, 86, 242, 214, 34, 99, 199,
       44, 192, 119, 205, 138, 227, 91, 82, 40, 117, 105, 215, 36, 116,
       190, 82, 120, 233, 117, 112, 92, 57, 47, 208, 20, 245, 111, 153,
       172, 24, 5, 240, 29, 156, 73, 16, 242, 51, 189, 88, 87, 32, 250,
       55, 54, 113, 4, 157, 132, 15, 88, 226, 68, 131, 53, 237, 79, 128,
       85, 226, 196, 3, 96, 193, 34, 128, 118, 76, 136, 164, 9, 146, 12,
       97, 105, 87, 36, 85, 186, 82, 48, 129, 84, 100, 84, 24, 143, 196,
       16, 229, 79, 152, 172, 24, 5, 240, 28, 156, 73, 16, 242, 51, 189,
       88, 87, 32, 248, 46, 50, 65, 163, 221, 160, 171, 73, 196, 123, 66,
       115, 161, 11, 144, 85, 226, 213, 5, 96, 193, 0, 138, 124, 78, 152,
       184, 47, 210, 8, 49, 127, 85, 36, 92, 186, 82, 112, 161, 116, 80,
       68, 24, 14, 193, 4, 208, 93, 153, 172, 24, 5, 240, 29, 156, 73,
       16, 242, 51, 188, 88, 87, 32, 248, 60, 41, 253, 220, 50, 253, 113,
       127, 213, 244, 214, 181, 125, 254, 191, 238, 251, 212, 99, 107,
       245, 58, 198, 183, 93, 171, 164, 137, 123, 204, 61, 235, 215, 36,
       117, 186, 86, 122, 233, 124, 120, 93, 60, 47, 212, 52, 229, 111,
       153, 172, 25, 5, 240, 29, 156, 73, 16, 242, 59, 189, 89, 87, 34,
       250, 60, 185, 255, 252, 50, 127, 241, 255, 213, 220, 222, 245,
       127, 254, 187, 238, 251, 212, 99, 111, 117, 63, 198, 247, 253,
       235, 180, 157, 123, 220, 126, 235, 255, 36, 85, 190, 214, 122,
       217, 124, 120, 93, 181, 46, 213, 55, 245, 110, 155, 172, 153, 13,
       242, 29, 156, 89, 16, 242, 59, 253, 91, 95, 32, 250, 122, 49, 251,
       214, 118, 7, 88, 39, 194, 128, 85, 52, 127, 194, 146, 90, 246,
       147, 114, 215, 7, 45, 193, 135, 158, 10, 230, 221, 66, 188, 244,
       104, 70, 45, 36, 190, 206, 124, 210, 221, 80, 73, 149, 74, 233,
       60, 129, 78, 155, 174, 9, 199, 112, 24, 28, 65, 64, 243, 115, 251,
       120, 52, 161, 235, 61, 246, 125, 175, 191, 253, 191, 121, 127,
       223, 222, 251, 253, 62, 252, 85, 251, 223, 225, 107, 245, 117,
       195, 240, 205, 255, 249, 255, 126, 90, 247, 235, 223, 36, 85, 190,
       87, 120, 233, 116, 112, 93, 58, 47, 213, 21, 247, 111, 153, 172,
       24, 5, 240, 29, 156, 73, 16, 242, 51, 189, 90, 87, 32, 250, 61,
       179, 124, 139, 55, 253, 191, 120, 255, 215, 223, 250, 189, 63,
       253, 87, 255, 247, 99, 107, 245, 118, 211, 247, 201, 127, 245,
       127, 124, 30, 247, 235, 223, 44, 215, 190, 83, 120, 233, 117, 120,
       92, 56, 47, 213, 117, 247, 111, 153, 172, 24, 5, 240, 29, 156, 73,
       16, 242, 51, 189, 88, 87, 32, 250, 124, 59, 255, 252, 114, 127,
       243, 127, 245, 252, 214, 181, 95, 254, 187, 238, 251, 221, 251,
       111, 247, 61, 208, 247, 95, 234, 166, 151, 120, 220, 118, 235,
       207, 39, 87, 186, 215, 122, 249, 124, 248, 125, 179, 46, 221, 165,
       247, 111, 157, 172, 153, 77, 240, 29, 156, 73, 16, 246, 115, 191,
       90, 87, 33, 250, 54, 245, 253, 222, 62, 157, 221, 27, 247, 231,
       53, 250, 191, 122, 180, 93, 246, 247, 38, 107, 150, 126, 210, 127,
       237, 150, 231, 127, 86, 57, 213, 107, 215, 108, 158, 158, 202,
       121, 251, 247, 114, 223, 105, 109, 146, 20, 245, 111, 153, 172,
       24, 5, 248, 29, 158, 89, 16, 242, 114, 191, 89, 95, 42, 251, 253,
       187, 255, 244, 54, 55, 253, 126, 245, 188, 213, 243, 95, 248, 182,
       74, 186, 221, 251, 107, 247, 45, 226, 255, 173, 107, 246, 215,
       124, 69, 116, 239, 223, 51, 116, 190, 215, 252, 249, 117, 88, 127,
       251, 111, 251, 53, 211, 111, 189, 174, 57, 215, 240, 29, 156, 77,
       87, 247, 119, 255, 251, 119, 165, 255, 60, 249, 255, 253, 62, 245,
       253, 255, 255, 255, 245, 249, 255, 250, 191, 222, 251, 254, 251,
       251, 247, 126, 247, 255, 189, 63, 247, 251, 127, 253, 245, 250,
       207, 126, 135, 254, 255, 125, 251, 125, 126, 255, 247, 127, 247,
       245, 151, 111, 191, 191, 143, 203, 250, 29, 222, 93, 62, 247, 255,
       223, 251, 255, 239, 255, 62, 189, 255, 252, 54, 255, 253, 55, 85,
       254, 253, 249, 127, 244, 52, 94, 189, 155, 227, 251, 247, 125,
       243, 223, 253, 127, 247, 254, 105, 245, 245, 239, 207, 58, 164,
       180, 255, 124, 250, 125, 120, 255, 247, 111, 247, 53, 247, 111,
       187, 234, 137, 207, 240, 29, 124, 85, 55, 243, 247, 251, 251, 251,
       233, 254, 63, 255, 253, 255, 62, 253, 253, 125, 255, 255, 253,
       249, 253, 127, 253, 255, 251, 254, 99, 107, 245, 124, 210, 255,
       253, 255, 247, 255, 127, 251, 119, 235, 215, 108, 215, 190, 223,
       120, 249, 125, 124, 93, 251, 175, 245, 53, 245, 111, 187, 172,
       152, 79, 240, 29, 156, 93, 60, 242, 115, 191, 251, 223, 40, 254,
       220, 57, 243, 244, 24, 38, 121, 239, 194, 230, 81, 54, 87, 198,
       147, 90, 234, 213, 33, 99, 143, 173, 198, 59, 14, 202, 178, 15,
       82, 8, 48, 111, 83, 38, 116, 186, 82, 124, 225, 86, 80, 72, 56,
