%YAML:1.0
descriptors: !!opencv-matrix
   rows: 22
   cols: 64
   dt: u
   data: [ 60, 185, 255, 254, 50, 255, 248, 127, 119, 250, 213, 245, 127,
       118, 189, 222, 255, 222, 97, 107, 215, 125, 195, 243, 253, 219,
       242, 223, 107, 223, 183, 235, 223, 36, 85, 186, 223, 120, 249,
       116, 112, 93, 253, 47, 245, 21, 247, 111, 155, 172, 25, 7, 240,
       29, 156, 77, 16, 242, 51, 189, 89, 95, 32, 250, 63, 255, 255, 255,
       63, 253, 253, 125, 255, 255, 223, 253, 255, 127, 253, 255, 255,
       255, 227, 251, 247, 127, 219, 255, 253, 127, 247, 255, 127, 255,
       255, 239, 207, 254, 215, 190, 255, 249, 251, 127, 124, 125, 251,
       239, 245, 177, 247, 111, 187, 254, 153, 79, 244, 29, 222, 93, 55,
       243, 255, 255, 251, 255, 237, 222, 66, 0, 138, 145, 201, 194, 74,
       5, 14, 235, 3, 140, 144, 128, 59, 2, 12, 81, 24, 35, 142, 33, 206,
       41, 13, 194, 138, 38, 16, 1, 17, 79, 119, 167, 113, 41, 82, 235,
       230, 66, 144, 96, 104, 10, 131, 28, 73, 51, 25, 72, 24, 5, 181,
       89, 148, 202, 145, 106, 51, 189, 72, 20, 18, 247, 197, 11, 130,
       177, 216, 162, 46, 194, 32, 43, 1, 74, 130, 193, 130, 11, 226,
       205, 61, 103, 14, 173, 170, 59, 78, 218, 186, 47, 210, 4, 48, 1,
       83, 39, 84, 187, 64, 124, 69, 214, 64, 66, 24, 15, 203, 28, 201,
       151, 153, 36, 16, 4, 97, 30, 140, 73, 144, 248, 49, 189, 92, 86,
       48, 185, 67, 7, 0, 18, 201, 130, 6, 8, 0, 96, 2, 67, 128, 75, 0,
       5, 98, 69, 5, 68, 192, 37, 136, 99, 66, 154, 8, 6, 146, 0, 1, 65,
       87, 39, 80, 186, 1, 0, 5, 196, 64, 64, 24, 139, 193, 0, 229, 79,
       24, 36, 24, 4, 112, 24, 140, 9, 16, 114, 51, 189, 72, 23, 32, 248,
       3, 217, 8, 223, 167, 152, 222, 0, 47, 71, 61, 202, 142, 121, 116,
       29, 165, 243, 52, 187, 142, 110, 194, 99, 105, 215, 179, 126, 22,
       59, 151, 33, 151, 244, 217, 10, 194, 73, 250, 99, 96, 190, 169,
       105, 183, 28, 245, 63, 209, 155, 16, 5, 236, 129, 190, 235, 17,
       211, 50, 191, 80, 113, 144, 250, 242, 223, 94, 223, 230, 223, 219,
       177, 127, 213, 61, 206, 191, 127, 118, 124, 255, 247, 124, 175,
       94, 125, 147, 246, 249, 119, 255, 126, 191, 218, 215, 59, 214,
       101, 87, 223, 218, 89, 250, 125, 118, 93, 57, 63, 149, 28, 245,
       47, 157, 173, 24, 7, 248, 13, 156, 203, 16, 247, 50, 61, 88, 95,
       32, 250, 45, 166, 236, 168, 48, 255, 165, 119, 181, 222, 198, 164,
       217, 61, 191, 71, 137, 125, 227, 97, 245, 119, 82, 243, 85, 120,
       148, 132, 120, 84, 49, 195, 223, 0, 215, 170, 83, 120, 233, 124,
       124, 28, 58, 175, 213, 113, 247, 111, 153, 172, 24, 13, 240, 29,
       156, 88, 48, 242, 51, 189, 90, 211, 104, 250, 63, 255, 253, 222,
       63, 253, 221, 121, 255, 222, 221, 253, 253, 127, 189, 93, 251,
       245, 226, 187, 247, 126, 211, 247, 253, 255, 247, 191, 126, 255,
       255, 235, 223, 110, 215, 190, 254, 120, 251, 125, 124, 125, 251,
       239, 245, 49, 245, 111, 187, 190, 153, 75, 240, 29, 220, 93, 62,
       243, 119, 255, 251, 255, 237, 222, 60, 190, 252, 238, 63, 253,
       253, 125, 61, 254, 214, 253, 189, 126, 189, 204, 251, 220, 225,
       107, 245, 116, 219, 123, 125, 255, 177, 55, 126, 223, 117, 239,
       223, 228, 215, 186, 247, 248, 249, 127, 112, 93, 127, 47, 245,
       149, 247, 107, 155, 236, 153, 13, 246, 29, 156, 93, 50, 242, 183,
       189, 219, 223, 44, 254, 120, 51, 211, 247, 248, 167, 251, 237,
       206, 186, 83, 21, 245, 198, 155, 82, 126, 215, 9, 98, 206, 41,
       198, 63, 140, 202, 230, 79, 82, 9, 113, 110, 119, 39, 85, 191, 86,
       114, 227, 86, 208, 76, 145, 78, 225, 4, 201, 95, 153, 172, 24, 5,
       240, 28, 156, 73, 192, 242, 51, 187, 88, 6, 33, 246, 124, 50, 243,
       181, 216, 162, 43, 253, 200, 235, 193, 60, 227, 195, 147, 82, 234,
       213, 59, 103, 139, 141, 206, 57, 78, 202, 186, 47, 82, 13, 49,
       111, 115, 167, 53, 187, 82, 253, 101, 86, 48, 64, 56, 46, 207, 12,
       201, 183, 153, 172, 24, 37, 112, 188, 156, 73, 208, 250, 51, 157,
       92, 86, 48, 246, 255, 190, 255, 175, 255, 247, 191, 217, 254, 255,
       210, 123, 255, 126, 187, 93, 255, 247, 123, 118, 253, 23, 219,
       124, 207, 255, 249, 111, 218, 95, 247, 255, 215, 37, 87, 191, 82,
       121, 237, 118, 112, 92, 120, 47, 213, 29, 253, 117, 157, 172, 24,
       5, 240, 61, 156, 73, 16, 246, 51, 189, 88, 87, 32, 250, 254, 48,
       255, 151, 255, 151, 155, 252, 254, 231, 213, 254, 255, 175, 179,
       86, 250, 213, 59, 103, 201, 167, 195, 125, 76, 202, 188, 63, 82,
       29, 119, 111, 215, 37, 21, 187, 82, 121, 233, 118, 80, 92, 56, 46,
       209, 28, 201, 63, 157, 172, 24, 5, 240, 29, 156, 73, 16, 246, 51,
       189, 88, 87, 32, 250, 69, 6, 130, 176, 73, 34, 36, 86, 32, 250,
       66, 5, 0, 197, 131, 3, 136, 77, 161, 98, 224, 133, 202, 59, 78,
       200, 16, 134, 80, 4, 33, 71, 87, 34, 85, 40, 17, 236, 101, 36, 96,
       100, 26, 174, 69, 1, 103, 227, 24, 44, 24, 4, 209, 28, 156, 8, 16,
       160, 35, 181, 72, 87, 32, 242, 126, 52, 237, 187, 127, 247, 31,
       125, 239, 231, 213, 184, 253, 190, 191, 94, 251, 213, 123, 103,
       189, 119, 211, 53, 93, 233, 172, 47, 83, 221, 117, 235, 215, 36,
       87, 187, 82, 120, 233, 126, 112, 93, 124, 47, 213, 28, 245, 111,
       157, 172, 24, 5, 242, 29, 156, 89, 16, 242, 51, 189, 89, 87, 40,
       250, 114, 213, 152, 222, 39, 14, 93, 3, 39, 230, 53, 130, 31, 232,
       52, 94, 244, 211, 36, 227, 134, 63, 193, 99, 221, 214, 227, 95,
       83, 184, 212, 105, 147, 52, 20, 190, 194, 104, 242, 123, 114, 218,
       189, 105, 151, 28, 245, 111, 145, 168, 16, 5, 96, 25, 188, 73, 25,
       243, 115, 191, 89, 118, 34, 251, 13, 50, 69, 179, 221, 160, 163,
       120, 112, 60, 194, 119, 236, 75, 131, 65, 226, 221, 129, 98, 229,
       33, 203, 122, 76, 170, 160, 135, 218, 5, 49, 239, 215, 36, 85,
       186, 83, 122, 233, 116, 216, 84, 26, 14, 193, 17, 195, 79, 153,
       172, 24, 5, 240, 29, 156, 73, 16, 242, 51, 189, 88, 87, 32, 248,
       45, 142, 236, 168, 63, 255, 165, 127, 189, 254, 206, 132, 89, 61,
       253, 229, 137, 124, 227, 104, 244, 114, 216, 243, 81, 125, 5, 150,
       124, 215, 57, 195, 223, 64, 215, 168, 83, 122, 233, 56, 124, 61,
       122, 175, 84, 243, 247, 107, 187, 172, 152, 13, 241, 29, 221, 24,
       50, 226, 63, 189, 202, 211, 108, 250, 50, 253, 223, 94, 54, 215,
       221, 51, 215, 214, 61, 240, 63, 126, 125, 94, 255, 214, 96, 187,
       215, 62, 193, 231, 249, 119, 247, 127, 83, 186, 215, 122, 215, 44,
       69, 190, 218, 120, 251, 117, 112, 93, 185, 47, 149, 52, 245, 111,
       155, 174, 25, 7, 240, 29, 156, 73, 16, 243, 115, 189, 120, 87, 32,
       250, 59, 181, 253, 222, 55, 221, 221, 60, 247, 220, 157, 245, 189,
       126, 189, 117, 255, 246, 66, 179, 245, 118, 211, 119, 253, 254,
       244, 123, 122, 250, 215, 235, 215, 44, 87, 190, 218, 120, 249,
       125, 112, 93, 61, 47, 212, 52, 245, 111, 153, 174, 152, 13, 240,
       29, 156, 89, 48, 242, 51, 189, 122, 223, 40, 250, 45, 182, 125,
       168, 62, 253, 165, 117, 181, 254, 206, 176, 93, 63, 189, 71, 251,
       252, 67, 96, 241, 114, 82, 243, 217, 61, 164, 202, 88, 84, 241,
       227, 221, 4, 215, 174, 83, 120, 233, 116, 120, 92, 56, 47, 212,
       245, 247, 111, 153, 172, 24, 5, 240, 29, 156, 89, 16, 242, 51,
       189, 88, 215, 40, 250 ]
