%YAML:1.0
descriptors: !!opencv-matrix
   rows: 85
   cols: 64
   dt: u
   data: [ 63, 254, 125, 239, 62, 253, 249, 121, 255, 255, 215, 253, 253,
       127, 252, 125, 255, 255, 99, 251, 245, 118, 211, 255, 253, 255,
       245, 255, 126, 223, 247, 239, 223, 108, 215, 190, 223, 120, 249,
       125, 124, 93, 123, 47, 213, 53, 247, 111, 187, 172, 152, 15, 240,
       29, 156, 93, 60, 242, 115, 189, 250, 223, 44, 254, 23, 50, 85, 2,
       24, 0, 4, 64, 226, 4, 131, 48, 108, 35, 128, 17, 226, 196, 3, 96,
       193, 34, 129, 118, 76, 136, 164, 9, 82, 12, 33, 104, 213, 36, 84,
       186, 82, 56, 129, 116, 80, 92, 24, 15, 208, 16, 228, 79, 153, 172,
       24, 5, 240, 29, 156, 73, 16, 242, 51, 188, 88, 87, 32, 248, 55,
       246, 125, 142, 191, 189, 157, 88, 247, 87, 149, 248, 173, 123,
       180, 85, 250, 246, 2, 112, 241, 98, 211, 119, 228, 183, 225, 123,
       126, 26, 245, 105, 215, 108, 215, 158, 210, 120, 249, 117, 116,
       222, 56, 175, 212, 16, 245, 111, 153, 172, 24, 5, 240, 29, 158,
       73, 56, 242, 51, 189, 88, 215, 36, 250, 13, 166, 229, 97, 56, 245,
       161, 116, 176, 188, 198, 117, 201, 61, 185, 69, 136, 236, 195,
       106, 245, 98, 90, 251, 93, 40, 4, 146, 108, 69, 49, 207, 223, 88,
       199, 168, 117, 186, 233, 60, 124, 21, 122, 166, 244, 225, 247,
       107, 184, 236, 137, 13, 242, 29, 152, 64, 54, 194, 23, 173, 234,
       215, 108, 254, 13, 38, 231, 41, 24, 245, 161, 116, 176, 188, 198,
       53, 81, 61, 185, 67, 136, 108, 195, 106, 245, 99, 94, 251, 29, 56,
       4, 134, 104, 69, 49, 207, 223, 82, 69, 168, 21, 186, 105, 60, 124,
       53, 122, 166, 69, 225, 67, 107, 57, 44, 41, 13, 209, 29, 156, 12,
       62, 194, 31, 173, 202, 199, 109, 254, 60, 255, 239, 248, 54, 247,
       181, 127, 245, 222, 220, 185, 125, 190, 189, 78, 251, 220, 99,
       111, 181, 87, 214, 247, 93, 253, 181, 189, 123, 220, 124, 233,
       199, 36, 119, 186, 214, 120, 249, 124, 124, 95, 124, 47, 215, 181,
       85, 110, 159, 172, 152, 13, 242, 29, 156, 93, 16, 242, 123, 221,
       91, 223, 40, 250, 63, 242, 239, 171, 191, 181, 165, 252, 245, 254,
       248, 248, 125, 59, 191, 77, 235, 212, 35, 96, 225, 67, 207, 125,
       78, 137, 45, 47, 95, 12, 49, 235, 245, 36, 84, 186, 82, 112, 161,
       116, 114, 94, 56, 47, 84, 148, 208, 77, 153, 172, 28, 5, 240, 29,
       157, 73, 16, 242, 51, 156, 88, 87, 32, 251, 189, 186, 239, 225,
       255, 253, 243, 252, 252, 223, 214, 253, 239, 63, 251, 229, 250,
       245, 91, 107, 245, 83, 239, 245, 45, 170, 44, 151, 126, 95, 127,
       187, 253, 108, 221, 250, 86, 123, 221, 181, 221, 85, 90, 30, 209,
       167, 121, 119, 159, 61, 159, 13, 248, 189, 159, 93, 112, 246, 59,
       158, 219, 159, 46, 255, 45, 54, 231, 169, 159, 229, 165, 125, 245,
       254, 250, 49, 109, 47, 187, 69, 251, 244, 99, 96, 241, 3, 222,
       125, 94, 237, 45, 165, 90, 92, 121, 207, 85, 100, 127, 186, 86,
       116, 45, 116, 125, 68, 58, 175, 79, 177, 92, 213, 152, 44, 88, 4,
       242, 28, 140, 73, 136, 224, 35, 188, 90, 71, 32, 242, 188, 249,
       255, 253, 54, 183, 249, 251, 253, 215, 245, 250, 255, 186, 244,
       94, 242, 213, 127, 111, 183, 119, 231, 247, 173, 170, 231, 191,
       127, 221, 116, 187, 246, 108, 180, 254, 222, 123, 209, 245, 218,
       223, 251, 62, 211, 183, 209, 111, 159, 189, 159, 141, 248, 29,
       159, 93, 112, 246, 123, 223, 123, 159, 46, 255, 74, 0, 138, 245,
       42, 245, 250, 161, 20, 255, 81, 207, 146, 196, 49, 14, 13, 89, 37,
       195, 236, 37, 198, 91, 9, 223, 183, 230, 80, 99, 55, 254, 199, 48,
       81, 40, 83, 104, 232, 99, 120, 108, 113, 46, 247, 21, 147, 107,
       153, 136, 24, 5, 244, 29, 156, 65, 17, 243, 51, 189, 80, 87, 0,
       254, 62, 57, 125, 214, 54, 237, 93, 122, 231, 69, 223, 246, 255,
       126, 244, 118, 251, 213, 103, 111, 55, 46, 193, 119, 77, 254, 181,
       29, 82, 30, 126, 169, 210, 36, 117, 158, 66, 122, 201, 84, 80,
       221, 57, 47, 197, 20, 245, 110, 153, 164, 16, 5, 240, 29, 158, 73,
       16, 242, 51, 189, 88, 23, 32, 250, 13, 135, 172, 216, 34, 223, 87,
       118, 53, 246, 13, 128, 216, 61, 60, 15, 137, 121, 98, 107, 182,
       119, 82, 243, 89, 119, 149, 52, 120, 214, 29, 65, 215, 16, 211,
       40, 194, 104, 250, 40, 116, 189, 56, 39, 181, 244, 245, 107, 19,
       168, 56, 13, 211, 93, 154, 28, 57, 195, 115, 189, 65, 211, 105,
       250, 255, 50, 101, 162, 223, 55, 35, 254, 244, 125, 242, 119, 111,
       155, 146, 117, 242, 244, 15, 112, 233, 130, 173, 60, 14, 168, 104,
       11, 222, 25, 113, 255, 113, 37, 20, 251, 86, 114, 5, 212, 211, 68,
       26, 30, 72, 3, 200, 197, 136, 37, 94, 4, 248, 62, 143, 73, 144,
       240, 35, 156, 220, 22, 38, 189, 35, 134, 12, 138, 143, 157, 7, 1,
       47, 116, 30, 70, 184, 126, 124, 5, 207, 51, 0, 176, 196, 116, 219,
       99, 113, 212, 17, 38, 62, 219, 25, 67, 151, 228, 83, 16, 98, 74,
       234, 42, 100, 213, 108, 41, 21, 20, 245, 107, 145, 172, 153, 12,
       182, 1, 154, 139, 56, 98, 50, 61, 192, 217, 44, 218, 38, 50, 97,
       130, 220, 148, 130, 65, 230, 3, 131, 118, 237, 19, 144, 81, 226,
       213, 3, 96, 193, 34, 131, 116, 76, 156, 173, 47, 82, 14, 49, 104,
       215, 36, 85, 186, 82, 120, 169, 84, 112, 92, 24, 15, 213, 20, 244,
       77, 153, 172, 24, 5, 240, 29, 156, 73, 16, 242, 51, 188, 88, 87,
       32, 250, 222, 233, 203, 215, 54, 219, 219, 185, 223, 187, 127,
       254, 251, 198, 251, 234, 139, 213, 62, 47, 15, 189, 230, 94, 45,
       215, 183, 55, 87, 107, 54, 58, 211, 60, 125, 251, 222, 127, 235,
       117, 240, 124, 229, 127, 183, 30, 181, 63, 159, 175, 26, 199, 217,
       29, 156, 74, 80, 242, 51, 127, 125, 29, 32, 190, 252, 51, 247,
       244, 112, 55, 123, 254, 212, 220, 211, 55, 93, 255, 155, 226, 242,
       220, 91, 102, 127, 169, 164, 182, 142, 170, 166, 153, 208, 140,
       116, 185, 114, 39, 84, 255, 86, 114, 209, 220, 216, 84, 153, 30,
       224, 167, 193, 78, 155, 45, 95, 133, 112, 31, 149, 73, 192, 242,
       49, 152, 92, 22, 35, 249, 133, 130, 199, 199, 253, 215, 129, 158,
       182, 125, 0, 123, 139, 91, 178, 77, 10, 245, 236, 35, 208, 7, 254,
       123, 2, 243, 25, 39, 156, 9, 3, 79, 223, 32, 214, 178, 82, 112,
       105, 53, 113, 92, 42, 143, 209, 80, 209, 75, 24, 188, 24, 1, 244,
       24, 156, 73, 16, 242, 50, 157, 88, 85, 36, 251, 7, 5, 193, 148,
       200, 140, 19, 9, 166, 100, 23, 22, 153, 127, 144, 68, 128, 85, 0,
       32, 194, 45, 194, 99, 94, 130, 132, 29, 34, 184, 25, 77, 151, 52,
       85, 154, 66, 90, 195, 30, 133, 49, 8, 130, 129, 4, 229, 75, 17,
       164, 25, 13, 48, 24, 156, 11, 24, 98, 50, 185, 72, 5, 32, 250, 68,
       34, 163, 145, 16, 192, 164, 197, 0, 235, 138, 22, 194, 133, 131,
       3, 139, 77, 163, 99, 201, 133, 78, 145, 77, 221, 145, 167, 0, 14,
       35, 90, 83, 2, 85, 170, 16, 184, 109, 4, 100, 52, 56, 166, 69, 4,
       117, 227, 24, 172, 56, 1, 209, 29, 156, 8, 0, 98, 19, 181, 72, 87,
       32, 122, 211, 217, 146, 95, 201, 194, 214, 132, 58, 161, 44, 203,
       166, 199, 39, 57, 117, 163, 60, 151, 207, 173, 119, 195, 194, 71,
       251, 110, 129, 3, 194, 54, 191, 43, 3, 53, 59, 9, 238, 224, 114,
       30, 40, 227, 221, 88, 191, 167, 217, 202, 8, 97, 244, 106, 88,
       227, 23, 251, 182, 55, 16, 112, 147, 72, 5, 14, 133, 152, 8, 221,
       164, 118, 49, 252, 2, 5, 80, 117, 187, 130, 201, 72, 225, 34, 212,
       33, 78, 211, 73, 121, 20, 68, 40, 68, 17, 67, 223, 2, 81, 160, 20,
       248, 233, 44, 116, 52, 58, 39, 85, 180, 117, 107, 153, 172, 40, 5,
       242, 29, 152, 72, 22, 194, 3, 165, 72, 71, 33, 250, 34, 197, 136,
       222, 39, 159, 92, 11, 55, 67, 61, 202, 190, 110, 36, 94, 189, 147,
       32, 147, 134, 55, 211, 99, 113, 215, 243, 63, 83, 248, 148, 97,
       135, 60, 67, 146, 203, 72, 234, 120, 114, 223, 53, 105, 149, 20,
       245, 111, 145, 174, 24, 13, 240, 13, 252, 73, 17, 243, 114, 189,
       121, 91, 42, 251, 26, 249, 155, 254, 54, 147, 88, 38, 82, 171, 85,
       216, 86, 194, 20, 218, 62, 210, 52, 235, 135, 61, 231, 11, 173,
