%YAML:1.0
descriptors: !!opencv-matrix
   rows: 76
   cols: 64
   dt: u
   data: [ 15, 242, 93, 46, 63, 249, 190, 88, 123, 56, 134, 233, 252,
       118, 236, 81, 239, 223, 33, 243, 197, 48, 67, 123, 197, 223, 225,
       255, 126, 79, 181, 102, 215, 36, 85, 186, 123, 120, 233, 117, 112,
       93, 122, 47, 213, 85, 247, 111, 153, 172, 24, 5, 240, 29, 156, 73,
       16, 242, 51, 189, 88, 87, 32, 250, 63, 182, 253, 166, 63, 183,
       191, 124, 246, 254, 214, 119, 253, 127, 179, 85, 255, 255, 99,
       243, 245, 119, 211, 247, 205, 254, 244, 255, 122, 92, 247, 235,
       223, 44, 87, 190, 91, 120, 233, 124, 124, 93, 58, 47, 213, 53,
       247, 111, 153, 172, 24, 5, 240, 29, 156, 73, 24, 242, 51, 189, 90,
       87, 32, 250, 220, 105, 215, 253, 80, 99, 243, 254, 220, 173, 236,
       191, 67, 198, 155, 234, 235, 213, 59, 103, 79, 173, 230, 51, 79,
       203, 178, 45, 83, 14, 50, 59, 243, 39, 117, 251, 82, 124, 229,
       116, 114, 124, 184, 46, 223, 28, 65, 238, 153, 172, 90, 5, 240,
       31, 156, 73, 16, 240, 51, 189, 92, 86, 35, 251, 253, 250, 255,
       125, 62, 245, 253, 254, 253, 191, 208, 249, 111, 201, 151, 207,
       251, 236, 251, 123, 253, 255, 254, 191, 173, 127, 247, 247, 93,
       87, 247, 254, 95, 250, 191, 255, 255, 189, 249, 119, 124, 110,
       243, 255, 247, 241, 151, 123, 190, 255, 62, 195, 232, 189, 222,
       85, 222, 182, 255, 223, 255, 255, 233, 183, 92, 187, 147, 117, 96,
       163, 250, 242, 219, 185, 215, 207, 214, 208, 17, 58, 52, 203, 254,
       207, 239, 45, 71, 223, 139, 90, 231, 254, 76, 231, 244, 246, 255,
       187, 97, 53, 253, 173, 254, 229, 217, 60, 243, 102, 235, 125, 155,
       127, 253, 202, 169, 243, 245, 125, 56, 195, 71, 223, 215, 247,
       113, 119, 209, 238, 243, 244, 88, 95, 255, 202, 94, 12, 219, 33,
       61, 251, 174, 103, 134, 88, 255, 131, 52, 147, 207, 171, 163, 46,
       226, 215, 243, 127, 131, 59, 199, 110, 151, 173, 5, 215, 234, 17,
       251, 119, 99, 202, 233, 233, 245, 24, 253, 63, 129, 230, 82, 71,
       236, 162, 84, 235, 216, 183, 244, 59, 188, 117, 178, 206, 77, 239,
       238, 124, 112, 122, 118, 115, 57, 184, 238, 191, 66, 247, 204,
       235, 137, 41, 255, 239, 247, 109, 80, 243, 87, 127, 151, 183, 105,
       134, 34, 210, 219, 83, 103, 171, 181, 188, 255, 60, 126, 60, 186,
       231, 253, 123, 247, 235, 253, 238, 40, 219, 209, 125, 88, 142,
       127, 207, 215, 167, 58, 241, 217, 74, 125, 63, 255, 113, 118, 255,
       123, 254, 252, 190, 210, 53, 111, 255, 219, 231, 242, 253, 219,
       111, 125, 255, 214, 191, 141, 234, 174, 157, 122, 92, 116, 187,
       123, 47, 213, 191, 214, 62, 213, 245, 220, 84, 155, 158, 211, 235,
       195, 126, 190, 45, 28, 129, 240, 189, 159, 93, 204, 254, 115, 255,
       255, 150, 47, 179, 124, 59, 255, 113, 118, 179, 107, 255, 248,
       186, 210, 55, 255, 198, 187, 203, 250, 221, 251, 126, 127, 253,
       70, 159, 143, 234, 246, 157, 90, 76, 54, 170, 123, 47, 213, 191,
       95, 126, 213, 85, 220, 100, 159, 126, 207, 239, 131, 254, 190,
       172, 24, 215, 227, 61, 221, 89, 196, 254, 87, 191, 125, 22, 225,
       178, 255, 244, 121, 174, 255, 164, 31, 8, 230, 103, 189, 250, 173,
       74, 180, 93, 242, 247, 36, 112, 201, 166, 145, 124, 198, 159, 233,
       59, 211, 57, 117, 105, 211, 44, 22, 190, 66, 120, 161, 247, 114,
       202, 56, 9, 208, 20, 212, 13, 153, 172, 16, 5, 96, 28, 156, 73,
       16, 178, 51, 188, 88, 86, 32, 249, 62, 36, 253, 190, 59, 255, 59,
       109, 253, 254, 215, 181, 253, 126, 189, 86, 250, 187, 67, 243,
       245, 51, 211, 247, 221, 234, 228, 223, 74, 221, 245, 235, 207, 44,
       71, 190, 219, 122, 233, 124, 248, 92, 56, 175, 213, 53, 247, 111,
       153, 172, 24, 5, 240, 29, 156, 73, 16, 242, 51, 189, 90, 87, 40,
       250, 47, 182, 109, 169, 223, 181, 163, 88, 252, 223, 192, 127,
       253, 59, 177, 69, 226, 245, 11, 100, 233, 71, 218, 117, 76, 248,
       44, 47, 94, 76, 113, 187, 215, 36, 95, 187, 82, 120, 45, 116, 116,
       92, 56, 14, 213, 20, 208, 119, 153, 172, 24, 5, 240, 29, 156, 73,
       16, 242, 51, 188, 88, 87, 32, 251, 46, 6, 109, 160, 47, 61, 5, 73,
       165, 86, 154, 4, 93, 60, 121, 101, 192, 252, 3, 96, 240, 112, 144,
       114, 92, 156, 160, 9, 82, 150, 57, 201, 212, 36, 87, 186, 82, 122,
       137, 84, 244, 85, 24, 15, 212, 6, 228, 77, 153, 172, 24, 5, 242,
       29, 157, 73, 16, 242, 51, 188, 88, 87, 32, 248, 11, 18, 101, 160,
       191, 53, 167, 120, 180, 92, 214, 67, 205, 57, 48, 69, 224, 252, 7,
       96, 224, 66, 128, 112, 76, 188, 169, 24, 252, 4, 49, 233, 212, 36,
       84, 186, 82, 112, 137, 116, 116, 84, 24, 15, 208, 1, 244, 77, 153,
       172, 24, 5, 240, 29, 156, 73, 16, 242, 51, 156, 88, 87, 32, 248,
       76, 43, 163, 144, 0, 71, 32, 231, 0, 162, 195, 20, 81, 132, 155,
       194, 139, 76, 3, 102, 10, 129, 196, 147, 13, 137, 148, 129, 64,
       140, 50, 72, 80, 6, 85, 186, 16, 118, 65, 84, 48, 112, 48, 46, 71,
       140, 65, 238, 25, 44, 24, 5, 209, 29, 148, 72, 144, 224, 33, 189,
       72, 70, 32, 242, 50, 53, 121, 158, 23, 134, 31, 73, 230, 70, 145,
       48, 189, 46, 180, 87, 251, 215, 2, 100, 65, 35, 209, 103, 204,
       212, 245, 13, 82, 24, 112, 41, 214, 36, 87, 190, 66, 120, 193,
       116, 112, 88, 56, 47, 213, 20, 245, 110, 153, 172, 24, 5, 240, 29,
       156, 73, 16, 242, 51, 189, 88, 87, 32, 250, 76, 43, 231, 184, 0,
       119, 40, 247, 1, 174, 194, 20, 80, 165, 155, 162, 139, 72, 67,
       110, 4, 129, 68, 147, 77, 73, 150, 132, 65, 132, 58, 200, 117, 6,
       85, 170, 16, 118, 193, 84, 184, 116, 56, 46, 87, 134, 99, 238,
       153, 44, 60, 21, 209, 29, 148, 72, 128, 226, 3, 189, 72, 70, 32,
       242, 183, 245, 125, 142, 55, 157, 31, 9, 231, 71, 189, 250, 189,
       59, 244, 93, 246, 247, 38, 245, 19, 114, 177, 102, 244, 247, 245,
       121, 51, 58, 212, 41, 130, 44, 150, 158, 202, 120, 131, 253, 114,
       219, 61, 173, 145, 92, 244, 14, 145, 174, 16, 13, 120, 25, 158,
       89, 56, 242, 48, 61, 120, 215, 46, 251, 126, 117, 249, 158, 119,
       135, 31, 9, 198, 70, 189, 184, 189, 206, 180, 95, 251, 215, 32,
       116, 11, 183, 211, 39, 220, 223, 249, 45, 83, 56, 244, 41, 194,
       36, 20, 190, 194, 120, 193, 116, 48, 202, 60, 47, 213, 28, 245,
       78, 153, 172, 24, 5, 112, 29, 156, 73, 16, 242, 51, 189, 88, 86,
       32, 250, 254, 57, 255, 182, 55, 39, 89, 254, 214, 196, 213, 178,
       127, 234, 182, 94, 242, 213, 51, 103, 11, 141, 226, 55, 174, 138,
       242, 9, 210, 8, 116, 41, 242, 36, 52, 254, 66, 125, 193, 212, 18,
       202, 29, 14, 216, 28, 193, 78, 153, 172, 26, 5, 120, 30, 148, 73,
       16, 242, 57, 189, 92, 22, 34, 249, 152, 217, 159, 223, 38, 253,
       253, 183, 31, 253, 127, 207, 159, 212, 91, 186, 255, 215, 188, 43,
       198, 45, 230, 123, 233, 223, 247, 122, 95, 99, 247, 127, 247, 50,
       121, 116, 247, 127, 250, 117, 115, 124, 251, 127, 191, 22, 253,
       111, 153, 154, 63, 199, 252, 31, 157, 77, 21, 243, 123, 255, 113,
       127, 129, 254, 243, 249, 203, 215, 119, 66, 223, 138, 222, 143,
       61, 251, 175, 235, 150, 122, 171, 213, 60, 127, 6, 175, 227, 103,
       47, 223, 187, 63, 211, 43, 54, 57, 214, 39, 60, 219, 82, 125, 255,
       245, 83, 238, 185, 127, 155, 28, 253, 63, 221, 172, 26, 133, 249,
       63, 156, 203, 80, 254, 48, 63, 92, 85, 176, 250, 229, 55, 247,
       215, 248, 70, 193, 254, 230, 229, 35, 119, 195, 219, 147, 101,
       234, 229, 34, 99, 78, 175, 230, 103, 78, 235, 182, 43, 146, 10,
       18, 127, 247, 39, 117, 186, 80, 48, 123, 212, 81, 112, 152, 206,
       201, 0, 249, 239, 136, 164, 88, 1, 240, 26, 156, 73, 16, 114, 51,
       159, 88, 69, 33, 248, 178, 145, 155, 147, 159, 64, 192, 138, 66,
       97, 63, 118, 178, 86, 130, 112, 99, 150, 36, 19, 70, 172, 227,
       102, 6, 215, 241, 43, 146, 42, 3, 107, 151, 166, 85, 154, 114, 88,
       235, 214, 96, 88, 40, 105, 148, 20, 245, 111, 209, 172, 24, 5,
       244, 1, 156, 105, 16, 112, 48, 61, 88, 85, 32, 250, 34, 5, 193,
