%YAML:1.0
descriptors: !!opencv-matrix
   rows: 82
   cols: 64
   dt: u
   data: [ 63, 189, 255, 246, 55, 119, 253, 126, 247, 252, 255, 247, 255,
       254, 178, 127, 255, 255, 99, 115, 245, 127, 195, 119, 205, 255,
       247, 255, 122, 95, 247, 235, 223, 44, 85, 190, 211, 120, 249, 125,
       120, 93, 61, 47, 213, 53, 247, 111, 153, 172, 24, 5, 240, 29, 156,
       73, 16, 242, 51, 189, 88, 87, 32, 250, 63, 180, 236, 174, 63, 253,
       157, 29, 191, 252, 220, 253, 189, 126, 189, 85, 249, 254, 99, 243,
       245, 115, 211, 119, 85, 255, 244, 127, 122, 223, 247, 235, 223,
       44, 87, 190, 219, 120, 233, 124, 120, 93, 122, 47, 213, 117, 247,
       111, 185, 172, 24, 13, 240, 29, 156, 73, 16, 242, 55, 189, 90, 87,
       32, 250, 62, 184, 255, 255, 62, 253, 253, 125, 255, 255, 255, 253,
       253, 126, 255, 254, 251, 214, 99, 251, 245, 119, 215, 255, 253,
       255, 245, 191, 127, 223, 247, 239, 223, 44, 87, 190, 223, 122,
       249, 125, 120, 93, 123, 47, 213, 55, 247, 111, 187, 172, 153, 15,
       240, 29, 156, 89, 16, 242, 115, 189, 251, 223, 40, 254, 15, 35,
       196, 144, 22, 5, 1, 70, 164, 6, 17, 16, 89, 235, 178, 65, 234,
       212, 3, 100, 65, 162, 128, 51, 78, 138, 164, 9, 210, 12, 48, 9,
       214, 36, 84, 186, 82, 112, 1, 84, 80, 72, 24, 15, 208, 20, 193,
       78, 153, 172, 24, 5, 240, 28, 156, 73, 16, 242, 51, 189, 88, 86,
       32, 248, 62, 176, 125, 172, 62, 253, 189, 124, 245, 254, 221, 245,
       125, 62, 189, 85, 251, 252, 67, 243, 245, 50, 209, 246, 221, 191,
       228, 219, 90, 222, 245, 235, 223, 44, 87, 190, 219, 120, 233, 125,
       120, 93, 57, 47, 212, 53, 247, 111, 153, 172, 24, 5, 240, 29, 156,
       73, 16, 242, 51, 189, 88, 87, 32, 250, 62, 246, 125, 236, 62, 189,
       189, 121, 245, 254, 253, 245, 125, 127, 253, 117, 242, 252, 67,
       114, 245, 114, 209, 246, 253, 174, 229, 219, 126, 223, 253, 235,
       215, 108, 87, 190, 223, 122, 249, 125, 126, 95, 127, 47, 212, 55,
       247, 111, 185, 172, 152, 13, 242, 29, 156, 93, 56, 242, 51, 189,
       122, 223, 42, 250, 63, 185, 255, 222, 55, 159, 221, 122, 247, 220,
       157, 251, 255, 254, 182, 94, 255, 247, 98, 59, 215, 127, 211, 119,
       221, 255, 247, 127, 122, 222, 214, 107, 223, 44, 87, 190, 218,
       120, 251, 125, 112, 93, 61, 47, 213, 52, 245, 111, 153, 172, 24,
       5, 242, 29, 156, 73, 16, 242, 51, 189, 89, 87, 32, 250, 50, 17,
       153, 150, 39, 131, 94, 43, 198, 0, 21, 210, 177, 66, 52, 86, 246,
       215, 32, 151, 198, 47, 195, 71, 200, 210, 228, 77, 18, 184, 148,
       104, 199, 44, 84, 190, 74, 120, 234, 116, 112, 88, 53, 47, 145,
       20, 181, 111, 145, 172, 24, 5, 240, 25, 156, 73, 16, 242, 51, 189,
       88, 87, 32, 250, 62, 188, 253, 190, 63, 253, 249, 125, 255, 254,
       214, 253, 253, 122, 189, 95, 255, 255, 99, 243, 245, 55, 211, 127,
       221, 255, 245, 255, 90, 223, 245, 239, 207, 44, 87, 190, 223, 120,
       233, 125, 120, 93, 123, 175, 213, 53, 247, 111, 185, 172, 24, 13,
       240, 29, 156, 73, 16, 242, 55, 189, 90, 87, 40, 250, 60, 184, 255,
       255, 62, 253, 253, 127, 255, 254, 255, 253, 255, 126, 191, 254,
       255, 215, 99, 107, 245, 119, 211, 255, 253, 239, 247, 255, 95,
       223, 247, 239, 223, 44, 87, 190, 222, 120, 249, 117, 120, 93, 119,
       47, 213, 53, 247, 111, 153, 172, 24, 7, 240, 29, 156, 89, 16, 242,
       115, 189, 123, 95, 40, 254, 63, 186, 236, 231, 191, 253, 155, 60,
       126, 253, 214, 125, 253, 127, 57, 85, 252, 255, 97, 243, 245, 101,
       203, 123, 205, 250, 240, 255, 126, 93, 241, 239, 223, 36, 87, 186,
       127, 120, 233, 116, 116, 92, 122, 47, 213, 5, 247, 111, 153, 172,
       24, 5, 240, 29, 156, 73, 18, 242, 55, 189, 218, 87, 32, 250, 62,
       180, 109, 190, 63, 188, 155, 89, 246, 126, 212, 241, 237, 107,
       188, 85, 250, 244, 3, 114, 245, 34, 211, 126, 76, 154, 161, 47,
       82, 31, 113, 235, 215, 44, 87, 186, 82, 120, 233, 116, 112, 92,
       56, 175, 212, 20, 245, 111, 153, 172, 24, 5, 240, 29, 156, 73, 16,
       242, 51, 189, 88, 87, 32, 250, 58, 245, 125, 254, 63, 189, 223,
       57, 247, 127, 213, 251, 189, 122, 180, 85, 242, 247, 67, 115, 245,
       118, 211, 119, 237, 254, 225, 63, 90, 123, 245, 235, 215, 44, 23,
       190, 254, 120, 233, 117, 120, 223, 127, 47, 213, 21, 245, 111,
       153, 174, 24, 5, 240, 29, 156, 73, 16, 242, 51, 189, 122, 95, 32,
       251, 60, 181, 253, 188, 55, 63, 61, 127, 245, 220, 214, 181, 125,
       62, 189, 86, 242, 220, 67, 99, 245, 50, 209, 247, 221, 168, 228,
       153, 122, 220, 125, 233, 223, 36, 85, 190, 86, 122, 193, 124, 248,
       95, 56, 46, 212, 53, 199, 111, 153, 172, 24, 5, 240, 29, 157, 73,
       16, 242, 51, 189, 90, 87, 34, 250, 125, 50, 253, 48, 127, 247, 63,
       124, 244, 190, 218, 181, 253, 46, 185, 119, 251, 253, 195, 115,
       245, 119, 195, 255, 205, 254, 236, 175, 90, 94, 117, 235, 223, 44,
       87, 190, 95, 120, 233, 116, 120, 92, 58, 47, 213, 117, 247, 111,
       185, 172, 24, 5, 240, 29, 156, 73, 20, 242, 55, 189, 90, 87, 32,
       250, 7, 35, 81, 38, 217, 128, 13, 72, 2, 10, 2, 115, 160, 67, 128,
       81, 98, 85, 5, 68, 66, 44, 128, 98, 6, 154, 35, 9, 146, 8, 32, 25,
       82, 39, 28, 155, 0, 124, 7, 212, 129, 66, 24, 74, 72, 4, 200, 151,
       0, 37, 16, 4, 104, 18, 143, 9, 16, 112, 50, 156, 76, 6, 32, 177,
       125, 54, 245, 244, 126, 183, 63, 124, 244, 254, 210, 177, 237, 59,
       145, 87, 242, 253, 203, 107, 245, 103, 211, 247, 221, 234, 236,
       159, 122, 220, 117, 235, 223, 44, 87, 190, 223, 120, 225, 125,
       124, 92, 59, 175, 213, 49, 231, 111, 185, 172, 24, 1, 240, 29,
       156, 89, 20, 242, 51, 189, 122, 215, 40, 250, 9, 14, 150, 1, 8,
       121, 162, 244, 40, 186, 74, 5, 64, 53, 203, 162, 207, 72, 193, 96,
       240, 1, 78, 208, 201, 124, 28, 192, 72, 6, 179, 210, 93, 0, 65,
       32, 21, 138, 237, 32, 124, 20, 56, 38, 69, 167, 118, 225, 152, 72,
       40, 53, 240, 29, 8, 72, 6, 200, 3, 164, 64, 67, 96, 226, 205, 62,
       242, 113, 221, 162, 106, 254, 24, 187, 194, 63, 226, 203, 130, 75,
       226, 157, 187, 87, 237, 143, 203, 121, 71, 74, 250, 167, 218, 69,
       35, 239, 95, 163, 116, 59, 117, 253, 101, 118, 216, 68, 122, 30,
       203, 13, 75, 243, 252, 108, 24, 181, 229, 254, 156, 235, 86, 252,
       183, 191, 220, 86, 145, 118, 124, 59, 255, 253, 62, 255, 251, 125,
       253, 252, 215, 181, 253, 126, 249, 246, 251, 213, 67, 107, 253,
       35, 198, 247, 221, 234, 164, 191, 90, 222, 117, 235, 215, 36, 85,
       190, 214, 122, 233, 124, 248, 93, 57, 46, 213, 182, 245, 111, 153,
       172, 24, 5, 240, 29, 157, 73, 16, 242, 51, 189, 88, 87, 32, 250,
       5, 6, 84, 41, 200, 176, 162, 208, 56, 126, 98, 3, 192, 49, 201,
       161, 64, 233, 137, 96, 233, 192, 12, 248, 66, 56, 41, 226, 220, 6,
       33, 87, 121, 0, 85, 32, 81, 242, 37, 96, 244, 20, 26, 150, 68,
       131, 66, 209, 152, 109, 28, 36, 240, 93, 141, 73, 22, 200, 3, 132,
       72, 66, 32, 176, 13, 22, 117, 160, 217, 172, 167, 72, 40, 84, 202,
       85, 196, 125, 200, 85, 227, 252, 129, 96, 224, 32, 154, 112, 78,
       220, 40, 205, 252, 6, 121, 77, 21, 192, 85, 154, 48, 242, 137, 84,
       101, 20, 24, 135, 68, 131, 252, 69, 136, 36, 24, 36, 240, 21, 143,
       73, 24, 210, 51, 172, 72, 71, 32, 248, 210, 89, 154, 159, 195,
       194, 94, 135, 10, 161, 61, 138, 178, 198, 38, 122, 111, 147, 56,
       215, 15, 141, 227, 3, 79, 207, 251, 47, 211, 42, 146, 32, 147, 39,
       53, 251, 66, 77, 231, 246, 114, 218, 60, 107, 157, 28, 253, 174,
       221, 172, 24, 133, 240, 30, 148, 203, 81, 242, 49, 61, 88, 116,
       16, 234, 5, 55, 81, 116, 57, 128, 105, 74, 34, 40, 129, 115, 128,
       67, 128, 81, 98, 197, 132, 98, 195, 44, 128, 115, 6, 138, 162, 75,
       18, 40, 33, 109, 87, 38, 20, 186, 16, 248, 3, 244, 193, 106, 24,
       66, 232, 16, 193, 79, 9, 164, 24, 5, 96, 24, 157, 73, 16, 242, 51,
       143, 88, 70, 35, 249, 181, 183, 117, 84, 189, 161, 241, 120, 182,
       125, 228, 115, 175, 123, 132, 85, 226, 247, 135, 99, 229, 46, 170,
