%YAML:1.0
descriptors: !!opencv-matrix
   rows: 52
   cols: 64
   dt: u
   data: [ 62, 185, 255, 254, 63, 181, 253, 126, 247, 254, 245, 249, 255,
       122, 183, 94, 254, 222, 99, 123, 245, 126, 195, 119, 237, 171,
       230, 251, 90, 253, 245, 235, 215, 44, 87, 190, 223, 120, 249, 125,
       120, 95, 123, 47, 244, 53, 247, 111, 153, 174, 24, 7, 240, 29,
       156, 73, 16, 242, 51, 189, 123, 87, 32, 251, 61, 182, 125, 175,
       62, 189, 191, 121, 254, 252, 222, 249, 253, 127, 185, 85, 255,
       255, 227, 99, 245, 103, 211, 255, 205, 255, 229, 255, 126, 95,
       245, 239, 223, 44, 87, 190, 255, 120, 233, 117, 120, 92, 58, 47,
       213, 53, 247, 111, 185, 172, 24, 5, 240, 29, 156, 73, 20, 242, 55,
       189, 90, 87, 32, 250, 187, 254, 111, 239, 191, 253, 255, 189, 253,
       255, 255, 255, 255, 63, 127, 239, 159, 254, 255, 251, 253, 242,
       255, 252, 249, 127, 221, 178, 255, 247, 255, 255, 253, 252, 251,
       116, 255, 219, 248, 187, 255, 255, 251, 63, 246, 183, 254, 121,
       191, 219, 239, 239, 221, 175, 251, 252, 247, 247, 255, 254, 247,
       251, 238, 223, 61, 182, 253, 174, 63, 253, 185, 126, 245, 254,
       214, 245, 125, 127, 189, 116, 251, 252, 99, 115, 245, 98, 193,
       247, 221, 191, 245, 155, 122, 95, 115, 235, 223, 44, 85, 190, 95,
       120, 233, 124, 120, 92, 58, 47, 213, 53, 247, 111, 153, 172, 24,
       5, 240, 29, 156, 73, 16, 242, 51, 189, 90, 87, 32, 250, 255, 253,
       255, 253, 55, 255, 253, 254, 255, 255, 253, 251, 255, 251, 254,
       223, 255, 255, 123, 127, 247, 127, 247, 247, 253, 255, 247, 255,
       127, 255, 246, 235, 223, 126, 247, 254, 222, 125, 251, 125, 122,
       223, 251, 127, 255, 53, 247, 111, 191, 174, 159, 207, 240, 61,
       158, 93, 60, 247, 127, 255, 251, 255, 173, 251, 92, 57, 243, 244,
       50, 167, 125, 111, 134, 228, 219, 181, 215, 196, 144, 90, 226,
       213, 34, 103, 142, 45, 194, 115, 15, 202, 166, 13, 82, 40, 52,
       105, 215, 38, 117, 186, 82, 124, 195, 85, 80, 92, 185, 110, 239,
       20, 229, 111, 153, 172, 24, 5, 240, 29, 156, 73, 16, 242, 51, 187,
       88, 86, 33, 250, 63, 254, 255, 255, 255, 253, 255, 249, 255, 255,
       254, 255, 255, 127, 255, 253, 255, 255, 123, 251, 253, 119, 223,
       255, 253, 255, 245, 255, 127, 95, 247, 255, 223, 236, 215, 190,
       223, 249, 249, 127, 120, 93, 123, 47, 213, 53, 247, 111, 185, 236,
       24, 13, 240, 29, 156, 93, 48, 246, 247, 189, 250, 223, 40, 254,
       92, 237, 239, 220, 50, 79, 93, 103, 19, 196, 245, 152, 83, 224,
       182, 78, 171, 85, 114, 111, 23, 173, 224, 131, 93, 223, 183, 45,
       65, 140, 52, 41, 198, 54, 53, 186, 130, 124, 243, 124, 112, 250,
       181, 111, 191, 28, 245, 110, 153, 172, 56, 199, 240, 29, 156, 72,
       16, 242, 115, 249, 89, 85, 33, 251, 205, 139, 207, 253, 121, 243,
       243, 254, 57, 189, 196, 253, 202, 249, 139, 202, 139, 93, 249, 43,
       238, 109, 238, 251, 43, 107, 146, 182, 125, 65, 55, 207, 255, 211,
       245, 113, 119, 255, 255, 53, 249, 61, 251, 118, 251, 149, 91, 235,
       127, 248, 63, 245, 213, 253, 188, 204, 119, 238, 255, 239, 203,
       119, 151, 223, 57, 223, 238, 254, 39, 253, 253, 59, 189, 220, 222,
       237, 63, 124, 125, 206, 157, 186, 227, 251, 245, 118, 209, 247,
       113, 127, 213, 246, 125, 215, 247, 227, 207, 120, 195, 164, 255,
       88, 248, 121, 120, 61, 251, 175, 213, 117, 247, 111, 187, 170,
       137, 15, 240, 29, 216, 93, 55, 243, 119, 255, 123, 251, 236, 218,
       70, 35, 195, 150, 16, 194, 13, 78, 198, 230, 3, 52, 1, 134, 147,
       82, 235, 212, 1, 102, 139, 169, 198, 35, 76, 152, 178, 13, 18, 8,
       48, 73, 87, 38, 117, 186, 66, 124, 65, 84, 32, 64, 56, 46, 71, 4,
       65, 110, 153, 44, 88, 5, 112, 24, 148, 73, 144, 114, 51, 189, 72,
       71, 32, 242, 239, 238, 111, 249, 191, 189, 223, 249, 253, 255,
       253, 250, 255, 123, 255, 79, 139, 245, 127, 123, 253, 119, 210,
       124, 125, 255, 151, 55, 127, 95, 55, 187, 215, 108, 215, 186, 218,
       121, 249, 125, 126, 126, 123, 191, 215, 148, 245, 59, 155, 173,
       24, 5, 240, 157, 156, 92, 16, 246, 51, 189, 218, 215, 40, 251, 22,
       177, 92, 134, 55, 128, 31, 72, 102, 67, 21, 114, 189, 107, 180,
       81, 242, 215, 4, 97, 193, 36, 129, 98, 76, 158, 241, 57, 82, 10,
       241, 41, 214, 36, 84, 186, 66, 120, 169, 116, 112, 88, 56, 47,
       213, 20, 244, 79, 153, 172, 24, 5, 240, 29, 156, 73, 16, 242, 51,
       189, 88, 87, 32, 250, 51, 20, 80, 2, 221, 4, 5, 72, 226, 68, 49,
       50, 44, 75, 132, 85, 226, 212, 5, 96, 65, 2, 129, 116, 78, 136,
       168, 9, 210, 8, 48, 41, 208, 36, 84, 186, 66, 112, 1, 212, 80, 74,
       24, 143, 208, 16, 192, 76, 153, 172, 16, 4, 112, 28, 156, 73, 16,
       242, 51, 188, 88, 86, 32, 249, 60, 177, 249, 252, 50, 245, 121,
       111, 215, 198, 213, 184, 85, 130, 159, 218, 187, 212, 98, 107,
       135, 56, 198, 19, 141, 155, 182, 121, 83, 168, 52, 233, 215, 52,
       53, 186, 210, 120, 233, 117, 48, 218, 181, 47, 246, 20, 245, 110,
       155, 172, 58, 7, 240, 29, 180, 73, 16, 242, 59, 249, 121, 87, 34,
       251, 51, 245, 93, 222, 55, 221, 221, 47, 247, 246, 61, 248, 61,
       127, 188, 94, 255, 246, 96, 187, 213, 114, 209, 103, 249, 247,
       245, 123, 59, 251, 213, 107, 215, 108, 87, 190, 218, 88, 251, 125,
       112, 93, 41, 47, 181, 20, 245, 111, 155, 174, 24, 7, 240, 29, 156,
       93, 24, 243, 50, 189, 120, 215, 40, 250, 68, 41, 227, 144, 16, 70,
       96, 103, 0, 230, 195, 20, 81, 196, 155, 226, 138, 84, 3, 102, 14,
       173, 198, 3, 13, 138, 134, 13, 64, 12, 48, 9, 82, 38, 85, 186, 16,
       122, 193, 84, 144, 112, 16, 46, 68, 20, 225, 110, 153, 44, 24, 5,
       240, 29, 148, 72, 16, 226, 51, 185, 72, 86, 33, 242, 131, 146, 65,
       166, 221, 160, 167, 24, 112, 121, 112, 115, 171, 91, 130, 65, 98,
       213, 5, 113, 192, 33, 171, 122, 78, 138, 160, 39, 218, 8, 33, 111,
       215, 36, 84, 178, 119, 112, 41, 244, 81, 78, 26, 15, 192, 21, 209,
       79, 152, 172, 24, 5, 240, 28, 156, 73, 16, 242, 55, 157, 88, 87,
       32, 248, 61, 186, 101, 171, 255, 253, 163, 248, 253, 93, 222, 127,
       237, 63, 249, 229, 251, 253, 75, 104, 245, 98, 155, 124, 109, 252,
       61, 183, 254, 95, 123, 255, 221, 108, 223, 186, 87, 123, 233, 116,
       253, 93, 90, 63, 213, 167, 254, 117, 184, 189, 28, 5, 240, 157,
       159, 73, 16, 246, 51, 188, 218, 95, 36, 250, 63, 182, 117, 163,
       255, 180, 175, 88, 252, 127, 208, 123, 173, 11, 160, 85, 226, 245,
       3, 96, 225, 39, 139, 124, 76, 152, 56, 47, 222, 9, 113, 239, 87,
       164, 92, 186, 114, 120, 169, 116, 121, 76, 26, 15, 209, 21, 212,
       85, 152, 172, 24, 5, 240, 29, 156, 73, 16, 242, 51, 188, 88, 87,
       32, 248, 68, 35, 65, 129, 208, 0, 3, 200, 128, 66, 3, 54, 1, 130,
       145, 99, 226, 84, 1, 100, 8, 128, 132, 32, 12, 136, 168, 9, 146,
       8, 48, 25, 112, 36, 84, 187, 64, 114, 5, 212, 144, 64, 24, 14, 64,
       12, 64, 148, 137, 44, 16, 4, 96, 30, 132, 73, 144, 112, 33, 188,
       76, 70, 32, 176, 68, 9, 131, 215, 0, 194, 193, 207, 10, 192, 3,
       148, 19, 194, 219, 170, 10, 85, 32, 103, 14, 173, 198, 3, 79, 210,
       146, 13, 18, 10, 18, 27, 247, 39, 117, 186, 18, 126, 207, 84, 176,
       116, 184, 106, 139, 30, 65, 238, 153, 172, 24, 21, 177, 29, 148,
       74, 16, 114, 51, 189, 72, 85, 33, 250, 66, 1, 130, 147, 65, 2, 6,
       135, 2, 226, 1, 2, 18, 134, 131, 18, 106, 85, 56, 70, 10, 133,
       198, 3, 14, 192, 184, 13, 146, 8, 16, 9, 81, 37, 20, 187, 0, 108,
       7, 70, 0, 64, 24, 10, 9, 28, 65, 140, 81, 44, 24, 5, 49, 24, 148,
       203, 16, 120, 49, 29, 72, 20, 48, 250, 199, 201, 207, 221, 50, 95,
       221, 202, 191, 215, 45, 222, 159, 254, 254, 238, 163, 213, 60,
       111, 14, 173, 228, 51, 111, 223, 183, 57, 83, 42, 62, 57, 242, 38,
       117, 250, 82, 127, 219, 244, 242, 254, 184, 127, 159, 30, 245, 46,
       153, 173, 18, 5, 248, 29, 157, 77, 16, 242, 49, 191, 89, 84, 35,
       251, 5, 7, 145, 148, 0, 0, 33, 70, 2, 100, 3, 1, 0, 201, 128, 3,
