%YAML:1.0
descriptors: !!opencv-matrix
   rows: 77
   cols: 64
   dt: u
   data: [ 62, 253, 255, 254, 55, 255, 253, 127, 247, 254, 253, 249, 127,
       254, 189, 94, 255, 255, 115, 251, 247, 127, 209, 247, 253, 255,
       247, 255, 127, 223, 246, 235, 223, 46, 199, 190, 223, 120, 249,
       125, 120, 221, 255, 111, 215, 53, 247, 111, 187, 174, 153, 77,
       240, 29, 156, 93, 48, 242, 123, 255, 123, 223, 168, 250, 71, 182,
       205, 35, 252, 242, 170, 92, 120, 187, 130, 111, 236, 119, 139, 33,
       235, 237, 1, 98, 205, 37, 75, 248, 69, 200, 184, 175, 82, 13, 35,
       102, 215, 36, 85, 186, 91, 56, 233, 116, 112, 92, 56, 175, 213,
       81, 247, 111, 153, 172, 24, 1, 240, 29, 156, 73, 16, 242, 51, 189,
       88, 87, 32, 250, 61, 189, 255, 254, 55, 255, 253, 126, 255, 252,
       223, 249, 255, 127, 189, 222, 255, 255, 99, 251, 247, 127, 211,
       247, 253, 127, 247, 255, 127, 223, 245, 235, 223, 108, 87, 190,
       223, 120, 249, 125, 120, 93, 251, 47, 245, 53, 247, 111, 185, 174,
       153, 15, 240, 29, 156, 93, 48, 243, 119, 191, 123, 223, 168, 250,
       191, 254, 111, 239, 255, 253, 255, 249, 253, 255, 252, 251, 239,
       127, 252, 253, 243, 245, 127, 123, 245, 119, 187, 124, 237, 255,
       253, 191, 255, 123, 127, 255, 223, 236, 222, 255, 255, 251, 249,
       247, 255, 223, 123, 63, 213, 167, 255, 123, 189, 255, 156, 13,
       252, 189, 159, 93, 48, 246, 247, 159, 251, 223, 46, 255, 77, 186,
       207, 169, 252, 251, 187, 240, 56, 191, 90, 127, 204, 127, 219,
       225, 235, 221, 57, 98, 237, 37, 206, 120, 77, 223, 185, 175, 222,
       15, 51, 127, 215, 36, 85, 187, 83, 121, 233, 118, 112, 92, 58, 47,
       213, 20, 247, 127, 153, 172, 24, 5, 240, 29, 156, 73, 16, 242, 51,
       189, 88, 87, 32, 250, 254, 249, 255, 253, 118, 119, 253, 255, 223,
       255, 253, 251, 127, 250, 151, 222, 251, 215, 122, 111, 63, 255,
       230, 183, 191, 255, 247, 255, 123, 253, 246, 171, 199, 63, 181,
       255, 222, 125, 251, 125, 122, 255, 247, 127, 255, 61, 245, 254,
       255, 174, 255, 223, 248, 191, 188, 95, 252, 254, 121, 251, 127,
       189, 187, 255, 255, 254, 254, 245, 254, 247, 191, 245, 60, 255,
       248, 219, 223, 248, 182, 223, 251, 221, 63, 103, 237, 133, 238,
       57, 79, 223, 191, 175, 211, 95, 115, 255, 247, 37, 84, 187, 82,
       117, 237, 246, 82, 94, 120, 63, 209, 28, 223, 53, 157, 172, 24, 5,
       240, 61, 156, 73, 80, 246, 51, 189, 92, 87, 32, 255, 254, 185,
       243, 247, 223, 231, 219, 235, 206, 229, 213, 127, 255, 206, 178,
       92, 251, 151, 127, 87, 127, 175, 219, 127, 158, 255, 255, 127,
       210, 187, 246, 175, 207, 175, 7, 255, 218, 125, 255, 127, 121, 72,
       245, 251, 221, 61, 189, 183, 221, 174, 152, 249, 241, 254, 156,
       227, 88, 188, 241, 59, 188, 85, 177, 254, 5, 7, 192, 32, 17, 32,
       33, 92, 160, 12, 130, 51, 160, 9, 130, 3, 234, 68, 3, 100, 65,
       135, 195, 116, 76, 152, 188, 9, 210, 12, 32, 9, 213, 36, 85, 186,
       82, 56, 1, 116, 240, 84, 56, 143, 65, 16, 241, 76, 153, 172, 24,
       0, 240, 28, 156, 73, 16, 242, 51, 189, 88, 87, 32, 250, 63, 247,
       109, 168, 55, 61, 165, 122, 245, 92, 254, 113, 109, 125, 252, 101,
       227, 244, 71, 96, 113, 70, 128, 119, 78, 188, 37, 153, 126, 94,
       120, 185, 208, 100, 85, 186, 86, 114, 137, 244, 126, 94, 26, 15,
       212, 151, 244, 78, 153, 173, 24, 4, 248, 29, 143, 73, 16, 242, 51,
       188, 90, 87, 34, 248, 31, 247, 117, 160, 54, 57, 165, 120, 240,
       94, 250, 115, 77, 125, 196, 81, 227, 252, 7, 96, 96, 96, 128, 114,
       76, 191, 33, 137, 94, 6, 113, 249, 214, 36, 84, 186, 83, 120, 169,
       244, 124, 94, 58, 47, 212, 19, 246, 78, 153, 173, 24, 5, 240, 29,
       159, 73, 16, 242, 51, 188, 88, 87, 32, 248, 63, 247, 109, 172, 55,
       63, 61, 123, 229, 86, 253, 176, 125, 61, 180, 71, 243, 252, 71,
       116, 112, 114, 144, 246, 92, 172, 165, 153, 123, 28, 124, 169,
       216, 44, 86, 190, 218, 120, 129, 252, 126, 95, 56, 175, 212, 55,
       244, 78, 153, 172, 24, 13, 240, 29, 159, 73, 24, 242, 51, 188, 90,
       86, 42, 249, 55, 117, 109, 146, 23, 15, 5, 123, 230, 68, 181, 50,
       125, 59, 180, 86, 226, 212, 7, 100, 19, 162, 145, 54, 92, 188,
       161, 9, 242, 26, 80, 41, 208, 36, 84, 154, 66, 120, 129, 220, 16,
       218, 24, 143, 208, 20, 228, 76, 153, 164, 16, 12, 112, 29, 148,
       73, 16, 242, 49, 188, 88, 86, 32, 248, 135, 178, 65, 163, 221,
       144, 139, 200, 110, 123, 2, 127, 173, 11, 193, 81, 226, 213, 5,
       96, 201, 5, 139, 120, 78, 220, 57, 47, 214, 11, 51, 127, 87, 164,
       93, 155, 114, 121, 173, 118, 97, 68, 8, 14, 209, 20, 216, 21, 153,
       172, 24, 5, 240, 149, 156, 105, 16, 242, 51, 189, 92, 87, 32, 186,
       197, 41, 195, 241, 216, 130, 227, 202, 0, 47, 2, 118, 195, 203,
       147, 64, 226, 85, 37, 102, 207, 45, 138, 123, 78, 154, 178, 15,
       210, 8, 48, 95, 87, 39, 84, 187, 18, 124, 111, 86, 208, 96, 152,
       78, 201, 28, 193, 199, 153, 44, 24, 5, 240, 28, 156, 73, 16, 242,
       51, 189, 72, 23, 33, 250, 60, 53, 109, 170, 55, 127, 55, 125, 245,
       84, 222, 52, 125, 62, 189, 70, 251, 212, 67, 96, 241, 114, 209,
       118, 93, 168, 164, 141, 114, 220, 117, 233, 212, 36, 87, 186, 82,
       122, 137, 124, 120, 93, 56, 47, 212, 53, 244, 110, 153, 172, 24,
       5, 240, 29, 156, 73, 16, 242, 51, 188, 88, 87, 32, 250, 63, 254,
       109, 234, 63, 253, 221, 25, 255, 255, 221, 250, 253, 127, 252, 93,
       219, 247, 103, 123, 244, 118, 210, 127, 245, 247, 247, 191, 126,
       251, 127, 235, 223, 236, 223, 190, 255, 121, 249, 125, 124, 221,
       123, 237, 213, 241, 245, 111, 187, 191, 152, 11, 248, 149, 222,
       93, 60, 246, 247, 191, 251, 223, 236, 222, 52, 49, 113, 150, 54,
       7, 27, 125, 198, 68, 213, 52, 101, 2, 145, 82, 250, 212, 3, 100,
       193, 33, 193, 22, 204, 136, 164, 13, 82, 12, 49, 105, 212, 36, 20,
       186, 82, 120, 129, 84, 80, 72, 16, 14, 208, 20, 193, 78, 153, 172,
       24, 5, 240, 28, 156, 73, 16, 242, 51, 189, 88, 86, 32, 250, 255,
       254, 125, 235, 255, 189, 159, 152, 255, 127, 252, 251, 175, 123,
       228, 253, 243, 247, 63, 121, 249, 87, 187, 124, 230, 255, 121,
       127, 255, 91, 239, 255, 221, 237, 222, 223, 243, 241, 189, 247,
       127, 222, 106, 189, 213, 219, 252, 17, 172, 247, 20, 44, 237, 231,
       207, 239, 120, 188, 180, 142, 222, 223, 62, 189, 126, 49, 125,
       158, 54, 151, 27, 125, 214, 230, 213, 180, 125, 42, 177, 86, 250,
       212, 67, 103, 193, 51, 193, 54, 140, 136, 164, 13, 82, 156, 117,
       105, 210, 36, 21, 190, 82, 120, 193, 116, 112, 72, 53, 46, 213,
       20, 225, 110, 155, 172, 24, 5, 240, 29, 156, 73, 16, 242, 51, 189,
       88, 86, 32, 250, 187, 222, 124, 111, 191, 189, 223, 24, 255, 127,
       252, 251, 173, 123, 108, 93, 255, 247, 254, 187, 245, 118, 155,
       124, 245, 255, 241, 119, 127, 115, 255, 239, 159, 232, 223, 52,
       255, 217, 248, 125, 125, 223, 107, 237, 245, 113, 255, 127, 188,
       223, 152, 15, 254, 165, 222, 125, 62, 247, 246, 191, 243, 223,
       172, 222, 186, 250, 95, 231, 191, 249, 219, 185, 223, 185, 214,
       255, 191, 94, 68, 220, 127, 215, 254, 155, 245, 127, 227, 255,
       169, 255, 243, 255, 126, 123, 247, 254, 159, 236, 221, 116, 255,
       91, 248, 117, 217, 221, 227, 127, 241, 37, 191, 111, 191, 255,
       137, 207, 252, 165, 218, 221, 118, 247, 246, 255, 243, 191, 172,
       222, 253, 252, 253, 220, 127, 191, 95, 123, 247, 125, 253, 249,
       255, 123, 180, 95, 243, 245, 127, 107, 247, 127, 242, 127, 253,
       239, 231, 63, 127, 93, 117, 239, 215, 108, 84, 190, 210, 120, 249,
       247, 114, 223, 121, 47, 213, 54, 245, 111, 157, 164, 24, 5, 240,
       29, 159, 77, 24, 246, 115, 191, 217, 95, 32, 254, 221, 50, 246,
       165, 221, 99, 167, 248, 32, 89, 194, 119, 238, 255, 131, 65, 235,
       221, 47, 102, 105, 133, 130, 112, 78, 252, 185, 173, 208, 14, 34,
       187, 94, 37, 85, 187, 82, 120, 237, 84, 124, 84, 24, 47, 197, 13,
