%YAML:1.0
descriptors: !!opencv-matrix
   rows: 73
   cols: 64
   dt: u
   data: [ 239, 254, 239, 235, 254, 127, 247, 247, 125, 255, 124, 223,
       223, 191, 254, 239, 219, 253, 253, 237, 125, 213, 127, 248, 255,
       255, 25, 179, 255, 223, 127, 255, 213, 231, 255, 251, 255, 255,
       253, 63, 119, 255, 126, 191, 223, 158, 126, 241, 223, 253, 239,
       254, 223, 255, 175, 190, 254, 252, 105, 127, 223, 223, 126, 254,
       223, 251, 223, 255, 62, 251, 254, 130, 123, 191, 125, 223, 158,
       247, 254, 251, 239, 223, 185, 235, 207, 253, 203, 123, 237, 223,
       183, 255, 127, 107, 191, 111, 215, 246, 245, 243, 127, 253, 251,
       119, 118, 253, 251, 125, 247, 148, 247, 127, 223, 237, 56, 71,
       246, 29, 190, 237, 31, 247, 51, 255, 93, 127, 113, 254, 189, 237,
       255, 223, 235, 221, 247, 248, 127, 125, 254, 255, 255, 126, 254,
       236, 255, 187, 253, 187, 255, 253, 251, 250, 251, 127, 83, 242,
       237, 223, 223, 239, 223, 243, 91, 112, 255, 219, 255, 62, 119,
       189, 239, 119, 253, 183, 255, 243, 191, 223, 143, 255, 223, 207,
       219, 255, 127, 221, 254, 47, 215, 255, 239, 222, 255, 223, 255,
       251, 255, 255, 255, 255, 191, 255, 253, 250, 191, 255, 255, 255,
       223, 223, 255, 127, 254, 247, 238, 127, 111, 247, 255, 127, 255,
       123, 127, 251, 223, 222, 221, 239, 247, 253, 255, 115, 126, 253,
       251, 125, 247, 191, 245, 255, 255, 191, 191, 189, 253, 253, 254,
       255, 121, 254, 255, 255, 255, 223, 253, 254, 124, 221, 255, 255,
       235, 223, 247, 239, 191, 245, 239, 255, 191, 254, 255, 254, 255,
       191, 251, 111, 254, 127, 222, 119, 255, 255, 247, 127, 127, 251,
       223, 255, 143, 247, 99, 254, 247, 219, 255, 126, 123, 189, 245,
       119, 253, 255, 253, 239, 253, 174, 255, 253, 254, 95, 189, 255,
       121, 254, 255, 239, 251, 239, 191, 222, 251, 221, 254, 255, 231,
       223, 223, 167, 255, 255, 127, 220, 191, 254, 127, 254, 255, 243,
       126, 255, 191, 255, 247, 63, 255, 247, 255, 127, 127, 255, 254,
       187, 215, 255, 239, 255, 255, 127, 254, 123, 126, 253, 253, 125,
       191, 190, 255, 190, 255, 203, 255, 255, 255, 253, 245, 255, 251,
       255, 123, 255, 255, 249, 217, 254, 254, 249, 255, 255, 255, 255,
       255, 191, 255, 255, 255, 255, 255, 254, 254, 255, 255, 255, 127,
       255, 191, 255, 255, 255, 251, 255, 255, 255, 255, 251, 255, 255,
       223, 255, 255, 223, 223, 255, 255, 255, 251, 253, 247, 127, 255,
       191, 255, 191, 255, 255, 255, 255, 255, 239, 247, 255, 245, 255,
       253, 255, 255, 255, 255, 254, 57, 254, 255, 237, 62, 253, 253,
       115, 253, 253, 222, 221, 223, 125, 124, 205, 255, 253, 227, 235,
       244, 116, 219, 255, 253, 127, 181, 246, 125, 215, 247, 239, 223,
       104, 215, 60, 255, 248, 249, 125, 125, 93, 123, 47, 213, 53, 247,
       111, 187, 252, 153, 15, 240, 29, 156, 93, 62, 242, 119, 191, 219,
       223, 44, 254, 58, 221, 250, 222, 55, 93, 93, 15, 247, 198, 61,
       248, 63, 238, 62, 223, 253, 182, 96, 219, 23, 126, 241, 103, 245,
       215, 247, 121, 83, 250, 214, 168, 134, 60, 167, 222, 202, 92, 250,
       121, 114, 223, 245, 105, 182, 84, 181, 110, 211, 170, 154, 207,
       234, 29, 252, 85, 25, 243, 122, 255, 59, 249, 232, 250, 58, 54,
       108, 170, 23, 61, 5, 25, 230, 86, 144, 52, 61, 63, 61, 85, 244,
       182, 67, 240, 241, 114, 145, 118, 212, 160, 228, 73, 122, 220,
       249, 225, 220, 44, 199, 190, 91, 56, 1, 124, 60, 87, 28, 141, 84,
       241, 230, 78, 187, 44, 152, 8, 242, 29, 222, 89, 56, 242, 59, 188,
       90, 210, 106, 113, 56, 178, 109, 167, 190, 253, 187, 113, 252,
       253, 86, 93, 253, 127, 249, 229, 250, 213, 67, 98, 245, 35, 195,
       245, 109, 186, 164, 183, 126, 95, 117, 239, 215, 44, 85, 186, 87,
       122, 233, 117, 249, 93, 122, 46, 213, 52, 243, 111, 153, 172, 24,
       5, 240, 29, 156, 73, 16, 242, 51, 189, 90, 87, 32, 250, 62, 53,
       109, 142, 55, 31, 31, 107, 230, 70, 213, 48, 61, 62, 188, 86, 242,
       212, 67, 112, 209, 50, 193, 119, 92, 168, 164, 13, 82, 152, 117,
       233, 214, 44, 85, 186, 66, 120, 129, 124, 48, 95, 28, 15, 212, 20,
       229, 78, 153, 172, 24, 5, 240, 29, 156, 73, 16, 242, 51, 188, 88,
       86, 32, 250, 126, 49, 225, 183, 159, 165, 127, 121, 212, 111, 209,
       119, 255, 206, 176, 86, 250, 213, 99, 99, 253, 47, 195, 119, 28,
       218, 182, 47, 82, 152, 113, 235, 199, 44, 85, 190, 82, 120, 233,
       116, 120, 92, 52, 47, 213, 21, 245, 111, 153, 172, 24, 5, 240, 29,
       156, 73, 16, 242, 51, 189, 88, 87, 32, 250, 60, 189, 253, 222, 54,
       253, 221, 127, 255, 220, 222, 245, 253, 126, 189, 116, 255, 246,
       98, 59, 245, 118, 211, 247, 253, 255, 229, 127, 126, 223, 247,
       235, 223, 108, 87, 190, 222, 120, 249, 125, 112, 93, 59, 47, 213,
       52, 245, 111, 153, 172, 153, 13, 240, 29, 156, 89, 48, 242, 115,
       189, 91, 223, 44, 250, 60, 49, 125, 130, 18, 131, 19, 108, 198, 4,
       213, 52, 117, 42, 145, 82, 242, 212, 3, 96, 193, 32, 193, 119,
       140, 136, 228, 13, 82, 12, 113, 105, 215, 36, 20, 190, 82, 120, 1,
       84, 80, 88, 24, 14, 208, 20, 193, 78, 153, 172, 24, 5, 112, 29,
       156, 73, 16, 242, 51, 188, 88, 86, 32, 248, 252, 35, 243, 144, 80,
       7, 33, 239, 196, 68, 210, 50, 115, 194, 146, 70, 234, 213, 99,
       102, 81, 135, 195, 55, 30, 154, 180, 9, 210, 140, 50, 232, 71, 36,
       68, 186, 82, 124, 65, 84, 120, 64, 16, 15, 201, 52, 161, 204, 153,
       172, 24, 5, 240, 28, 156, 73, 16, 242, 51, 189, 88, 87, 32, 250,
       127, 53, 239, 180, 23, 167, 125, 94, 244, 229, 213, 241, 255, 234,
       180, 95, 250, 245, 99, 99, 247, 47, 211, 119, 94, 250, 182, 47,
       82, 28, 116, 235, 215, 38, 22, 186, 82, 120, 241, 124, 112, 92,
       60, 47, 213, 20, 245, 111, 153, 172, 24, 5, 240, 28, 156, 73, 24,
       242, 51, 189, 88, 87, 32, 250, 82, 17, 144, 182, 201, 130, 6, 3,
       6, 0, 17, 66, 178, 202, 6, 20, 100, 147, 32, 214, 194, 47, 195,
       99, 66, 218, 240, 77, 18, 40, 128, 32, 151, 37, 80, 154, 67, 72,
       195, 68, 96, 90, 24, 75, 209, 28, 245, 79, 153, 172, 24, 5, 112,
       24, 156, 201, 16, 242, 51, 181, 24, 87, 48, 234, 195, 130, 18, 1,
       200, 144, 130, 192, 42, 59, 2, 79, 128, 69, 75, 17, 108, 201, 157,
       34, 200, 37, 10, 104, 78, 212, 57, 110, 148, 7, 35, 87, 87, 163,
       93, 9, 112, 235, 109, 34, 225, 84, 72, 28, 69, 12, 248, 145, 152,
       76, 24, 37, 245, 247, 140, 235, 16, 88, 178, 37, 212, 87, 48, 182,
       109, 54, 119, 117, 252, 247, 171, 248, 248, 190, 194, 55, 237,
       207, 219, 67, 139, 237, 203, 106, 253, 243, 94, 190, 205, 124,
       191, 183, 216, 86, 119, 222, 123, 8, 223, 191, 221, 188, 241, 117,
       124, 76, 123, 190, 247, 225, 131, 123, 186, 175, 24, 67, 242, 189,
       220, 93, 132, 182, 151, 159, 238, 215, 104, 54, 222, 216, 154,
       253, 254, 241, 250, 181, 27, 251, 214, 221, 214, 208, 75, 218,
       125, 219, 188, 155, 143, 61, 239, 89, 173, 91, 123, 254, 93, 103,
       247, 255, 215, 243, 189, 101, 255, 253, 254, 115, 241, 124, 227,
       124, 187, 157, 91, 179, 255, 219, 62, 247, 253, 229, 252, 254,
       215, 223, 254, 239, 247, 57, 209, 255, 4, 2, 17, 176, 136, 128,
       42, 69, 0, 42, 2, 5, 128, 64, 129, 16, 70, 75, 129, 2, 194, 41,
       74, 75, 12, 138, 162, 199, 0, 32, 33, 78, 71, 146, 85, 32, 49,
       232, 98, 66, 64, 32, 0, 64, 96, 4, 129, 75, 25, 44, 56, 97, 164,
       24, 28, 65, 5, 66, 19, 129, 72, 6, 97, 244, 221, 223, 247, 245,
       250, 175, 255, 194, 63, 125, 105, 219, 159, 237, 182, 93, 189,
       223, 188, 99, 238, 173, 194, 123, 207, 223, 179, 255, 216, 99,
       119, 239, 215, 177, 124, 57, 247, 252, 250, 119, 117, 110, 251,
       111, 255, 20, 253, 127, 157, 164, 24, 71, 228, 94, 156, 73, 17,
       254, 115, 191, 220, 87, 49, 254, 77, 178, 211, 247, 217, 162, 235,
       76, 184, 57, 66, 121, 165, 75, 131, 81, 98, 221, 153, 98, 228, 45,
       202, 123, 46, 202, 34, 167, 94, 73, 33, 239, 119, 227, 92, 179,
       53, 255, 125, 54, 197, 102, 218, 78, 201, 1, 217, 83, 152, 60, 24,
