%YAML:1.0
descriptors: !!opencv-matrix
   rows: 97
   cols: 64
   dt: u
   data: [ 255, 255, 255, 255, 127, 255, 255, 250, 255, 245, 253, 251,
       255, 251, 255, 255, 255, 255, 127, 255, 191, 255, 255, 255, 255,
       255, 255, 255, 127, 255, 255, 255, 223, 255, 231, 255, 223, 255,
       255, 127, 255, 255, 251, 127, 255, 251, 255, 239, 255, 255, 175,
       223, 253, 255, 255, 223, 125, 255, 255, 255, 251, 255, 255, 223,
       56, 253, 255, 222, 63, 255, 253, 127, 255, 252, 223, 253, 255,
       124, 253, 222, 191, 255, 250, 59, 247, 127, 219, 255, 249, 127,
       247, 246, 125, 247, 255, 239, 207, 250, 195, 52, 255, 251, 250,
       127, 124, 253, 239, 103, 245, 245, 247, 107, 191, 254, 143, 207,
       246, 29, 219, 93, 63, 247, 255, 255, 251, 255, 237, 222, 63, 255,
       109, 253, 63, 253, 255, 56, 253, 255, 221, 249, 253, 125, 124,
       221, 157, 255, 238, 251, 246, 126, 210, 255, 253, 255, 247, 247,
       127, 247, 247, 239, 223, 250, 223, 36, 255, 249, 250, 123, 124,
       253, 251, 237, 245, 241, 247, 107, 187, 255, 153, 79, 252, 29,
       222, 93, 63, 247, 255, 191, 251, 251, 237, 222, 59, 254, 108, 239,
       63, 253, 223, 57, 255, 221, 253, 251, 253, 127, 124, 93, 189, 187,
       126, 187, 245, 126, 83, 255, 241, 127, 119, 255, 127, 247, 239,
       231, 159, 248, 203, 20, 255, 25, 248, 59, 127, 159, 239, 237, 245,
       241, 247, 111, 191, 255, 137, 75, 254, 133, 250, 125, 63, 215,
       254, 239, 179, 251, 238, 94, 252, 189, 255, 255, 118, 111, 253,
       255, 253, 253, 221, 255, 255, 254, 182, 238, 251, 213, 123, 103,
       119, 175, 227, 247, 95, 235, 182, 191, 123, 221, 118, 235, 223,
       39, 117, 255, 210, 124, 249, 117, 120, 93, 185, 47, 221, 53, 245,
       111, 157, 172, 24, 133, 240, 29, 156, 73, 16, 246, 115, 191, 88,
       87, 32, 250, 44, 238, 237, 239, 62, 253, 253, 125, 253, 255, 214,
       253, 253, 62, 253, 206, 155, 252, 227, 107, 245, 118, 219, 255,
       125, 255, 149, 183, 127, 215, 117, 239, 207, 232, 215, 176, 255,
       248, 233, 125, 120, 93, 119, 47, 213, 53, 247, 107, 187, 236, 153,
       15, 246, 29, 156, 93, 54, 242, 247, 189, 251, 223, 40, 254, 35,
       22, 194, 162, 221, 162, 161, 26, 116, 120, 66, 117, 162, 75, 129,
       21, 98, 215, 129, 82, 192, 47, 139, 127, 70, 138, 96, 7, 218, 9,
       33, 111, 87, 166, 92, 178, 115, 112, 45, 116, 65, 68, 26, 14, 73,
       1, 209, 207, 152, 44, 24, 4, 240, 28, 156, 73, 16, 242, 55, 189,
       88, 23, 32, 248, 175, 238, 111, 171, 55, 125, 189, 248, 253, 223,
       254, 255, 121, 63, 255, 237, 139, 212, 103, 113, 113, 2, 229, 116,
       77, 189, 145, 35, 95, 94, 51, 251, 244, 36, 85, 186, 82, 120, 169,
       116, 114, 92, 56, 47, 212, 23, 244, 109, 153, 172, 24, 5, 240, 29,
       156, 73, 16, 242, 51, 188, 88, 87, 32, 250, 116, 37, 241, 214, 48,
       135, 121, 111, 198, 228, 5, 177, 19, 226, 144, 86, 234, 212, 0,
       99, 143, 45, 226, 39, 93, 138, 166, 15, 66, 168, 53, 105, 199, 38,
       116, 186, 18, 120, 227, 124, 80, 88, 181, 111, 243, 20, 229, 111,
       153, 172, 56, 5, 240, 28, 156, 73, 16, 242, 51, 185, 88, 87, 33,
       250, 84, 33, 209, 149, 48, 129, 121, 108, 130, 164, 209, 20, 209,
       224, 145, 66, 162, 205, 2, 99, 138, 45, 194, 147, 140, 138, 166,
       207, 64, 140, 53, 106, 115, 52, 52, 186, 18, 120, 193, 86, 80, 72,
       185, 14, 226, 20, 193, 111, 153, 172, 24, 7, 112, 28, 156, 73, 16,
       242, 51, 153, 88, 22, 33, 250, 7, 50, 81, 38, 221, 160, 163, 72,
       162, 8, 130, 115, 161, 75, 128, 81, 98, 213, 1, 96, 193, 36, 130,
       113, 70, 152, 168, 13, 18, 8, 33, 105, 87, 36, 84, 186, 80, 120,
       1, 84, 65, 68, 24, 11, 192, 4, 208, 79, 152, 164, 24, 5, 240, 28,
       156, 73, 16, 242, 51, 188, 88, 87, 32, 248, 114, 33, 145, 182, 16,
       2, 56, 15, 198, 226, 65, 176, 49, 130, 147, 82, 106, 214, 1, 65,
       138, 161, 192, 7, 12, 136, 160, 13, 82, 168, 48, 104, 67, 36, 52,
       186, 3, 120, 1, 84, 0, 74, 52, 10, 210, 20, 129, 78, 153, 172, 24,
       5, 112, 28, 148, 73, 16, 242, 51, 185, 88, 86, 32, 243, 5, 38,
       193, 162, 88, 162, 171, 74, 176, 254, 2, 117, 129, 79, 137, 65,
       226, 213, 129, 98, 193, 37, 202, 123, 76, 200, 40, 7, 82, 8, 49,
       79, 87, 36, 93, 186, 112, 120, 233, 116, 112, 84, 26, 14, 213, 20,
       209, 111, 153, 172, 24, 5, 240, 29, 156, 73, 16, 242, 51, 189, 88,
       87, 32, 250, 28, 33, 253, 180, 16, 225, 57, 126, 208, 174, 195,
       181, 81, 166, 147, 66, 234, 220, 3, 99, 225, 33, 198, 179, 77,
       136, 164, 141, 66, 12, 49, 233, 215, 36, 85, 186, 18, 120, 193,
       116, 112, 92, 56, 46, 212, 20, 193, 110, 153, 172, 24, 5, 240, 29,
       156, 73, 16, 242, 51, 185, 88, 86, 32, 250, 60, 165, 237, 130, 30,
       149, 151, 121, 246, 70, 212, 114, 253, 122, 176, 68, 234, 213, 99,
       99, 213, 39, 195, 119, 92, 250, 180, 47, 82, 28, 49, 107, 215, 36,
       85, 186, 82, 120, 233, 116, 112, 92, 56, 47, 213, 52, 245, 111,
       153, 172, 24, 5, 240, 29, 156, 73, 16, 242, 51, 189, 88, 87, 32,
       250, 54, 50, 113, 162, 221, 160, 15, 72, 230, 74, 130, 114, 237,
       75, 160, 81, 226, 213, 7, 96, 193, 32, 129, 116, 76, 152, 160, 9,
       210, 8, 49, 105, 86, 36, 84, 186, 82, 120, 1, 84, 64, 64, 24, 15,
       192, 4, 192, 77, 152, 172, 24, 5, 96, 28, 157, 73, 16, 242, 51,
       188, 88, 87, 32, 248, 47, 246, 109, 168, 159, 189, 37, 88, 244,
       94, 240, 113, 109, 59, 180, 69, 242, 244, 71, 96, 241, 82, 152,
       116, 76, 168, 44, 153, 255, 92, 121, 233, 212, 108, 222, 186, 82,
       114, 1, 244, 222, 214, 26, 143, 80, 211, 244, 76, 152, 53, 24, 4,
       226, 29, 143, 73, 56, 242, 35, 156, 90, 214, 46, 249, 54, 253,
       255, 222, 55, 221, 221, 63, 255, 196, 29, 248, 63, 126, 252, 222,
       255, 246, 96, 43, 150, 127, 210, 103, 249, 247, 247, 125, 55, 250,
       84, 105, 199, 110, 87, 158, 210, 88, 251, 125, 112, 221, 229, 111,
       181, 52, 245, 111, 147, 172, 153, 77, 178, 29, 156, 93, 48, 242,
       122, 191, 121, 221, 173, 250, 45, 54, 101, 32, 28, 49, 33, 126,
       240, 60, 194, 53, 104, 31, 137, 67, 194, 236, 195, 96, 241, 98,
       81, 182, 68, 40, 132, 129, 120, 68, 33, 193, 93, 40, 213, 186, 93,
       50, 1, 116, 220, 84, 26, 134, 64, 225, 195, 78, 56, 44, 8, 0, 240,
       29, 157, 65, 54, 226, 7, 156, 74, 150, 100, 88, 124, 49, 253, 152,
       18, 87, 43, 103, 199, 230, 83, 52, 85, 166, 187, 86, 251, 212, 67,
       100, 153, 177, 196, 151, 221, 136, 164, 141, 66, 136, 125, 232,
       65, 4, 71, 190, 82, 122, 129, 92, 48, 89, 53, 46, 84, 148, 225,
       110, 155, 172, 24, 5, 242, 29, 148, 89, 0, 242, 59, 185, 89, 86,
       40, 242, 125, 62, 255, 189, 62, 127, 187, 252, 253, 252, 222, 183,
       221, 191, 251, 231, 235, 221, 99, 99, 253, 229, 198, 178, 77, 255,
       176, 187, 122, 78, 115, 251, 247, 36, 85, 186, 86, 122, 233, 116,
       248, 92, 58, 46, 213, 23, 241, 111, 153, 172, 24, 5, 240, 29, 156,
       73, 16, 242, 51, 189, 88, 87, 32, 250, 118, 49, 89, 150, 214, 3,
       26, 48, 66, 2, 21, 50, 236, 194, 146, 80, 114, 215, 0, 212, 75,
       161, 131, 132, 142, 128, 232, 73, 146, 24, 208, 40, 80, 44, 20,
       158, 74, 112, 1, 84, 144, 202, 21, 11, 192, 28, 192, 12, 145, 172,
       16, 5, 48, 24, 20, 73, 16, 50, 49, 152, 88, 22, 32, 249, 44, 37,
       121, 184, 17, 56, 36, 79, 64, 66, 233, 48, 112, 162, 164, 114,
       226, 128, 3, 64, 33, 48, 65, 23, 212, 136, 224, 137, 66, 12, 160,
       224, 240, 4, 20, 186, 2, 120, 1, 212, 58, 194, 28, 9, 80, 23, 102,
       78, 153, 44, 24, 4, 96, 29, 85, 73, 16, 242, 35, 188, 24, 86, 98,
       249, 45, 38, 109, 32, 58, 53, 167, 117, 244, 254, 194, 55, 221,
       61, 187, 70, 250, 253, 67, 98, 241, 99, 83, 246, 92, 40, 180, 147,
       104, 212, 113, 234, 223, 44, 71, 190, 91, 56, 161, 124, 124, 92,
       56, 174, 213, 113, 195, 111, 185, 172, 24, 13, 240, 29, 156, 73,
       20, 242, 51, 189, 90, 215, 40, 250, 60, 191, 255, 254, 63, 253,
       253, 127, 253, 253, 222, 253, 255, 126, 252, 220, 255, 255, 227,
