%YAML:1.0
descriptors: !!opencv-matrix
   rows: 57
   cols: 64
   dt: u
   data: [ 62, 255, 255, 255, 63, 253, 253, 127, 255, 255, 253, 249, 255,
       123, 253, 222, 255, 255, 99, 251, 245, 127, 211, 127, 253, 255,
       247, 255, 127, 255, 255, 235, 207, 124, 199, 190, 255, 120, 249,
       125, 124, 95, 251, 175, 247, 53, 247, 111, 187, 174, 153, 15, 242,
       29, 156, 93, 48, 243, 119, 255, 251, 223, 44, 254, 127, 191, 255,
       254, 127, 191, 127, 122, 246, 126, 255, 176, 109, 251, 189, 93,
       246, 247, 107, 246, 245, 103, 209, 119, 207, 254, 231, 221, 90,
       30, 241, 235, 215, 44, 87, 190, 90, 120, 249, 117, 120, 92, 56,
       47, 213, 53, 247, 111, 153, 172, 24, 5, 240, 29, 156, 73, 16, 242,
       51, 189, 88, 87, 32, 250, 204, 43, 199, 151, 80, 99, 36, 247, 101,
       169, 106, 179, 83, 230, 178, 235, 235, 217, 125, 103, 95, 141,
       103, 179, 75, 79, 191, 174, 193, 142, 50, 128, 219, 39, 119, 187,
       83, 124, 237, 244, 120, 92, 56, 47, 221, 125, 247, 238, 153, 172,
       88, 21, 241, 31, 156, 73, 16, 248, 51, 189, 92, 86, 32, 250, 197,
       237, 198, 127, 209, 98, 247, 254, 152, 165, 237, 251, 162, 235,
       134, 174, 235, 205, 63, 103, 111, 143, 231, 55, 79, 223, 191, 47,
       211, 14, 34, 58, 210, 39, 52, 251, 83, 53, 237, 244, 122, 94, 56,
       191, 221, 25, 255, 180, 137, 172, 90, 17, 217, 62, 148, 73, 208,
       252, 33, 189, 92, 87, 48, 251, 44, 39, 109, 160, 26, 125, 161,
       127, 213, 92, 214, 53, 89, 126, 187, 228, 203, 124, 195, 96, 245,
       50, 156, 182, 92, 168, 4, 129, 232, 222, 59, 201, 237, 38, 71,
       186, 86, 114, 73, 60, 248, 117, 22, 134, 68, 167, 227, 78, 185,
       44, 157, 8, 242, 29, 156, 17, 52, 224, 43, 188, 74, 15, 40, 248,
       63, 183, 125, 254, 63, 53, 189, 121, 246, 94, 253, 179, 253, 122,
       191, 117, 246, 246, 67, 114, 245, 34, 209, 118, 204, 174, 229,
       201, 82, 28, 245, 235, 215, 44, 87, 190, 83, 120, 233, 116, 120,
       92, 56, 47, 212, 21, 247, 111, 153, 172, 24, 5, 240, 29, 156, 73,
       16, 242, 51, 189, 88, 87, 32, 250, 63, 182, 125, 238, 63, 253,
       191, 120, 255, 254, 214, 255, 237, 127, 253, 85, 255, 255, 99,
       242, 245, 98, 211, 126, 229, 255, 245, 255, 126, 95, 247, 235,
       223, 108, 215, 190, 127, 120, 233, 125, 124, 92, 58, 47, 213, 113,
       247, 111, 185, 172, 24, 5, 240, 29, 156, 73, 48, 242, 55, 189,
       218, 215, 32, 250, 135, 234, 67, 225, 248, 248, 167, 200, 40, 63,
       42, 123, 203, 55, 216, 225, 195, 213, 45, 105, 205, 4, 170, 120,
       79, 223, 57, 35, 214, 11, 51, 95, 85, 164, 92, 186, 82, 242, 237,
       182, 101, 84, 56, 63, 213, 6, 252, 241, 153, 173, 28, 5, 240, 29,
       143, 73, 16, 240, 51, 188, 92, 87, 32, 184, 60, 49, 125, 216, 54,
       29, 81, 127, 247, 86, 151, 176, 125, 58, 188, 70, 250, 212, 66,
       45, 21, 112, 192, 231, 221, 160, 164, 25, 122, 220, 92, 41, 214,
       36, 87, 186, 66, 122, 211, 124, 176, 223, 60, 15, 18, 164, 101,
       110, 147, 172, 152, 4, 162, 29, 159, 93, 16, 114, 59, 189, 89, 23,
       32, 251, 126, 189, 255, 254, 55, 175, 125, 123, 214, 244, 213,
       241, 127, 254, 180, 94, 246, 215, 99, 243, 247, 47, 193, 119, 221,
       250, 230, 207, 82, 220, 245, 235, 215, 44, 85, 190, 91, 120, 233,
       116, 120, 93, 61, 47, 213, 21, 247, 111, 153, 172, 24, 5, 240, 29,
       156, 73, 16, 242, 51, 189, 88, 87, 32, 250, 29, 183, 117, 228, 62,
       57, 185, 120, 91, 92, 215, 119, 237, 85, 201, 240, 246, 206, 135,
       98, 228, 40, 128, 210, 237, 188, 224, 217, 254, 102, 253, 249,
       246, 112, 93, 188, 255, 122, 136, 117, 221, 93, 155, 14, 224, 135,
       210, 79, 168, 191, 9, 7, 242, 29, 159, 73, 6, 243, 23, 188, 122,
       79, 36, 248, 38, 34, 67, 167, 158, 196, 143, 204, 238, 255, 42,
       121, 169, 47, 177, 117, 227, 212, 5, 98, 201, 0, 174, 124, 76,
       141, 173, 43, 210, 10, 49, 127, 117, 36, 92, 186, 82, 112, 169,
       244, 113, 84, 24, 14, 196, 20, 216, 85, 153, 172, 24, 5, 240, 29,
       156, 73, 16, 242, 51, 188, 88, 87, 32, 248, 190, 241, 125, 254,
       62, 181, 253, 121, 215, 191, 245, 251, 255, 74, 148, 94, 246, 223,
       119, 251, 247, 126, 193, 254, 189, 186, 231, 251, 90, 253, 245,
       254, 203, 44, 140, 254, 255, 57, 241, 253, 218, 207, 247, 239,
       242, 53, 147, 111, 187, 190, 155, 203, 248, 157, 157, 85, 108,
       179, 255, 219, 251, 159, 238, 191, 61, 245, 117, 124, 62, 165,
       249, 124, 246, 126, 209, 245, 109, 75, 148, 117, 242, 244, 71, 99,
       247, 42, 181, 190, 140, 170, 230, 155, 91, 92, 245, 251, 234, 46,
       156, 190, 222, 48, 209, 245, 218, 74, 155, 206, 208, 113, 129, 78,
       184, 188, 94, 65, 224, 28, 156, 65, 176, 178, 115, 159, 250, 214,
       167, 185, 63, 253, 255, 94, 55, 249, 93, 126, 211, 195, 245, 248,
       127, 235, 132, 94, 187, 150, 50, 127, 55, 126, 227, 247, 173, 183,
       243, 121, 115, 61, 244, 41, 222, 60, 180, 222, 206, 125, 250, 125,
       122, 251, 189, 111, 183, 53, 245, 110, 155, 174, 59, 199, 232, 29,
       254, 76, 57, 179, 123, 251, 57, 247, 235, 219, 54, 241, 249, 30,
       23, 0, 93, 74, 194, 2, 189, 184, 103, 194, 132, 91, 251, 214, 38,
       71, 3, 46, 225, 7, 204, 151, 227, 73, 19, 40, 208, 40, 210, 38,
       20, 158, 2, 120, 67, 85, 50, 202, 189, 107, 150, 28, 181, 46, 145,
       164, 16, 4, 32, 24, 148, 75, 16, 178, 48, 59, 24, 84, 34, 251, 15,
       178, 92, 62, 63, 249, 188, 80, 123, 186, 133, 233, 252, 86, 173,
       81, 239, 223, 35, 243, 197, 54, 67, 127, 197, 223, 229, 239, 82,
       79, 181, 102, 215, 44, 85, 190, 91, 120, 233, 117, 120, 93, 122,
       47, 213, 85, 247, 111, 153, 172, 24, 5, 240, 29, 156, 73, 16, 242,
       51, 189, 88, 87, 32, 250, 189, 115, 117, 116, 55, 41, 57, 120,
       230, 4, 215, 55, 109, 123, 244, 81, 246, 254, 71, 116, 119, 170,
       128, 246, 132, 58, 245, 217, 240, 38, 228, 169, 218, 60, 118, 190,
       195, 58, 145, 213, 221, 217, 25, 7, 224, 99, 230, 78, 136, 167,
       193, 3, 120, 30, 159, 73, 56, 243, 49, 189, 120, 70, 38, 217, 60,
       58, 117, 163, 191, 189, 161, 120, 220, 93, 214, 119, 237, 31, 217,
       213, 250, 212, 199, 104, 245, 82, 136, 124, 45, 188, 116, 131,
       254, 75, 115, 255, 93, 100, 221, 190, 116, 250, 137, 53, 221, 85,
       90, 22, 69, 167, 124, 101, 170, 53, 157, 44, 250, 151, 143, 73,
       32, 240, 55, 173, 202, 15, 36, 254, 62, 181, 109, 172, 55, 191,
       61, 123, 245, 214, 221, 240, 125, 62, 188, 70, 251, 220, 99, 97,
       245, 118, 208, 119, 93, 255, 165, 157, 114, 222, 53, 233, 215, 44,
       87, 186, 211, 120, 233, 116, 120, 93, 60, 47, 213, 53, 247, 111,
       153, 172, 24, 5, 240, 29, 156, 73, 16, 242, 51, 189, 88, 87, 32,
       250, 126, 49, 253, 150, 62, 135, 91, 125, 214, 230, 213, 52, 253,
       106, 178, 86, 250, 213, 2, 99, 199, 47, 195, 119, 204, 138, 230,
       31, 82, 28, 117, 107, 215, 36, 20, 190, 82, 120, 225, 116, 80, 72,
       57, 46, 209, 20, 225, 111, 153, 172, 24, 5, 240, 28, 156, 73, 16,
       242, 51, 189, 88, 87, 32, 250, 50, 49, 17, 150, 19, 10, 92, 11,
       70, 2, 33, 48, 55, 194, 180, 82, 118, 150, 4, 85, 3, 188, 161, 7,
       132, 146, 227, 73, 18, 168, 148, 40, 2, 38, 22, 158, 2, 72, 83,
       215, 0, 202, 181, 73, 162, 28, 165, 14, 193, 166, 16, 70, 34, 16,
       54, 107, 25, 51, 112, 27, 24, 52, 177, 41, 78, 34, 97, 160, 216,
       34, 43, 73, 164, 98, 195, 54, 209, 100, 177, 65, 226, 213, 25,
       100, 192, 129, 128, 112, 14, 216, 184, 15, 210, 8, 49, 107, 81,
       37, 84, 187, 82, 114, 133, 86, 208, 80, 24, 14, 193, 28, 192, 77,
       153, 172, 24, 5, 112, 29, 156, 73, 16, 242, 51, 188, 88, 87, 32,
       248, 59, 184, 254, 119, 63, 177, 252, 56, 223, 187, 253, 249, 254,
       74, 0, 88, 244, 159, 231, 219, 245, 127, 203, 223, 161, 42, 226,
       255, 94, 117, 229, 238, 207, 248, 140, 52, 255, 185, 248, 247, 89,
       221, 247, 111, 242, 53, 183, 127, 187, 254, 25, 199, 244, 141,
       220, 81, 23, 179, 247, 251, 187, 187, 237, 78, 62, 253, 255, 254,
