%YAML:1.0
descriptors: !!opencv-matrix
   rows: 57
   cols: 64
   dt: u
   data: [ 255, 255, 255, 222, 55, 127, 93, 127, 127, 247, 255, 254, 127,
       255, 254, 255, 255, 247, 124, 255, 63, 253, 243, 179, 255, 247,
       243, 127, 127, 255, 254, 233, 223, 118, 247, 251, 202, 127, 251,
       127, 118, 255, 251, 255, 191, 158, 245, 238, 215, 191, 191, 223,
       234, 189, 247, 95, 249, 247, 121, 255, 223, 253, 239, 250, 255,
       253, 255, 255, 55, 255, 221, 191, 255, 255, 125, 250, 191, 191,
       254, 255, 255, 247, 126, 255, 191, 215, 247, 127, 255, 247, 255,
       127, 127, 251, 254, 251, 247, 252, 255, 255, 255, 127, 251, 255,
       254, 223, 255, 125, 191, 190, 245, 255, 255, 191, 191, 159, 254,
       189, 255, 255, 248, 247, 123, 255, 255, 221, 126, 255, 127, 182,
       253, 254, 63, 183, 255, 123, 246, 254, 213, 243, 253, 123, 181,
       87, 246, 215, 99, 99, 245, 39, 195, 119, 205, 250, 228, 127, 90,
       93, 245, 235, 215, 44, 85, 190, 82, 120, 233, 117, 120, 92, 56,
       47, 213, 20, 245, 111, 153, 172, 24, 5, 240, 29, 156, 73, 16, 242,
       51, 189, 88, 87, 32, 250, 60, 186, 255, 246, 126, 191, 255, 123,
       247, 254, 215, 243, 255, 123, 188, 93, 246, 247, 99, 99, 245, 119,
       211, 255, 221, 254, 245, 255, 122, 221, 245, 239, 215, 44, 87,
       190, 210, 120, 249, 117, 124, 93, 123, 47, 213, 52, 245, 111, 153,
       172, 24, 5, 240, 29, 156, 73, 16, 242, 51, 189, 90, 87, 32, 250,
       63, 191, 255, 255, 62, 255, 251, 125, 255, 255, 223, 253, 253,
       127, 253, 254, 255, 255, 123, 251, 245, 127, 211, 247, 253, 255,
       246, 255, 126, 223, 255, 235, 223, 108, 87, 190, 223, 122, 249,
       125, 120, 93, 251, 47, 213, 53, 247, 111, 187, 172, 153, 13, 240,
       29, 156, 93, 48, 242, 115, 189, 251, 223, 40, 250, 28, 161, 153,
       222, 35, 147, 124, 111, 87, 250, 213, 240, 113, 70, 180, 66, 255,
       154, 97, 211, 199, 61, 195, 211, 201, 91, 226, 206, 64, 204, 181,
       235, 207, 52, 85, 186, 91, 120, 233, 116, 112, 93, 53, 47, 245,
       21, 183, 111, 153, 174, 24, 7, 240, 29, 156, 65, 16, 243, 51, 189,
       88, 87, 32, 250, 108, 43, 239, 249, 50, 127, 241, 247, 253, 252,
       198, 181, 91, 188, 251, 238, 139, 220, 235, 107, 245, 221, 238,
       183, 95, 233, 148, 145, 105, 205, 62, 203, 245, 2, 119, 186, 84,
       254, 249, 124, 252, 125, 255, 54, 127, 167, 67, 234, 191, 172,
       255, 157, 211, 29, 157, 92, 20, 226, 43, 253, 75, 70, 35, 254, 59,
       245, 124, 254, 63, 189, 223, 25, 255, 127, 189, 251, 189, 123, 52,
       93, 246, 247, 102, 179, 247, 126, 211, 127, 245, 246, 231, 63,
       126, 251, 245, 235, 207, 108, 150, 190, 250, 121, 251, 125, 126,
       223, 255, 237, 213, 117, 245, 111, 185, 190, 152, 13, 248, 29,
       220, 93, 56, 242, 247, 191, 251, 223, 174, 219, 63, 52, 245, 162,
       223, 167, 7, 90, 230, 110, 208, 114, 237, 111, 180, 85, 242, 245,
       3, 96, 225, 7, 147, 117, 78, 216, 252, 15, 82, 24, 113, 235, 215,
       44, 84, 190, 82, 120, 33, 116, 112, 72, 24, 15, 213, 20, 244, 79,
       153, 172, 24, 5, 240, 28, 156, 73, 16, 242, 51, 189, 88, 87, 32,
       250, 191, 245, 109, 170, 183, 189, 159, 89, 255, 87, 189, 250,
       253, 127, 244, 85, 243, 245, 103, 113, 117, 118, 145, 116, 124,
       255, 245, 59, 126, 26, 117, 169, 198, 108, 222, 158, 218, 120,
       233, 125, 118, 223, 56, 175, 213, 80, 244, 79, 153, 189, 24, 13,
       248, 29, 158, 89, 56, 242, 51, 189, 90, 223, 40, 250, 9, 2, 36,
       160, 5, 49, 33, 126, 48, 24, 198, 5, 104, 25, 1, 3, 230, 252, 67,
       96, 240, 32, 193, 179, 68, 40, 128, 128, 120, 4, 33, 193, 221, 36,
       81, 184, 83, 120, 1, 100, 124, 84, 26, 14, 64, 33, 194, 78, 152,
       44, 24, 4, 240, 29, 156, 73, 16, 242, 51, 188, 88, 86, 36, 248,
       63, 54, 109, 168, 22, 61, 37, 127, 244, 94, 214, 48, 125, 59, 189,
       70, 242, 220, 67, 96, 241, 98, 209, 118, 92, 168, 164, 137, 122,
       28, 113, 233, 213, 36, 85, 186, 82, 120, 129, 124, 124, 92, 24,
       15, 212, 21, 230, 79, 153, 172, 24, 5, 240, 29, 156, 73, 16, 242,
       51, 188, 88, 87, 32, 250, 125, 36, 237, 152, 10, 165, 39, 117,
       228, 100, 213, 16, 221, 189, 180, 70, 242, 248, 67, 96, 249, 115,
       210, 181, 88, 40, 164, 140, 96, 148, 121, 233, 205, 44, 71, 190,
       74, 120, 129, 92, 60, 89, 28, 143, 212, 113, 231, 79, 153, 172,
       24, 13, 112, 29, 156, 65, 56, 242, 51, 188, 88, 214, 40, 250, 84,
       32, 177, 149, 24, 132, 42, 101, 2, 226, 209, 20, 209, 128, 145,
       66, 234, 69, 3, 98, 138, 33, 194, 9, 12, 136, 172, 15, 66, 140,
       49, 106, 83, 36, 21, 186, 18, 120, 1, 86, 16, 64, 16, 10, 193, 28,
       193, 47, 25, 172, 24, 5, 112, 24, 156, 73, 16, 242, 51, 153, 88,
       22, 32, 242, 60, 185, 255, 254, 54, 127, 253, 127, 255, 254, 223,
       181, 127, 254, 191, 222, 251, 247, 227, 123, 246, 127, 210, 247,
       253, 255, 247, 191, 107, 219, 127, 235, 207, 46, 71, 190, 223,
       120, 251, 125, 120, 253, 247, 111, 245, 53, 245, 111, 191, 174,
       153, 207, 242, 29, 156, 93, 52, 242, 127, 255, 251, 223, 233, 254,
       122, 16, 245, 182, 127, 167, 27, 60, 198, 100, 213, 52, 189, 106,
       176, 86, 246, 215, 83, 118, 200, 35, 195, 119, 140, 202, 236, 95,
       82, 24, 245, 235, 215, 45, 20, 191, 82, 120, 161, 87, 80, 72, 29,
       14, 193, 28, 193, 79, 153, 172, 24, 5, 240, 28, 156, 73, 16, 242,
       51, 189, 88, 22, 32, 250, 84, 35, 147, 176, 16, 70, 32, 231, 0,
       170, 66, 20, 80, 132, 155, 66, 106, 72, 131, 66, 137, 129, 70,
       147, 140, 136, 164, 201, 0, 140, 48, 74, 101, 6, 69, 170, 16, 126,
       1, 84, 128, 64, 16, 10, 66, 132, 1, 238, 153, 44, 56, 21, 50, 28,
       20, 73, 128, 98, 3, 176, 72, 6, 32, 242, 216, 51, 147, 215, 248,
       131, 250, 230, 66, 169, 83, 87, 246, 194, 147, 112, 118, 195, 152,
       102, 207, 173, 199, 219, 142, 10, 226, 223, 194, 173, 247, 126,
       119, 53, 125, 191, 20, 254, 250, 215, 209, 72, 145, 78, 233, 14,
       201, 95, 153, 174, 89, 247, 240, 30, 156, 73, 65, 251, 51, 187,
       124, 38, 33, 253, 252, 57, 255, 151, 254, 151, 95, 251, 254, 103,
       149, 122, 255, 254, 178, 92, 242, 213, 123, 103, 95, 167, 195,
       119, 222, 234, 252, 63, 210, 156, 118, 43, 215, 37, 85, 191, 82,
       120, 237, 116, 112, 92, 56, 47, 213, 60, 245, 111, 157, 172, 24,
       5, 240, 29, 156, 75, 16, 246, 51, 189, 88, 87, 32, 250, 59, 253,
       253, 254, 63, 253, 221, 57, 255, 254, 221, 248, 189, 127, 125, 95,
       255, 246, 98, 251, 247, 126, 211, 127, 253, 255, 247, 127, 127,
       251, 245, 235, 223, 124, 215, 190, 254, 120, 248, 125, 124, 93,
       251, 237, 245, 117, 245, 111, 187, 174, 152, 15, 240, 29, 220, 93,
       56, 243, 119, 191, 251, 223, 172, 254, 58, 48, 234, 150, 63, 151,
       92, 47, 215, 162, 85, 178, 191, 130, 54, 94, 124, 147, 114, 211,
       147, 55, 195, 79, 185, 130, 246, 95, 66, 249, 213, 234, 199, 172,
       134, 254, 202, 125, 226, 95, 88, 203, 229, 105, 147, 116, 129,
       111, 255, 238, 155, 143, 118, 25, 124, 81, 16, 179, 251, 249, 185,
       185, 232, 239, 71, 51, 209, 242, 209, 162, 35, 74, 192, 67, 193,
       114, 163, 203, 128, 81, 226, 213, 37, 102, 11, 45, 128, 115, 78,
       154, 162, 13, 82, 8, 32, 41, 82, 39, 20, 155, 66, 124, 69, 214, 0,
       66, 24, 75, 201, 24, 193, 143, 153, 36, 16, 4, 96, 28, 140, 73,
       16, 242, 49, 157, 88, 86, 32, 185, 252, 250, 255, 245, 254, 247,
       251, 249, 254, 255, 210, 255, 255, 255, 251, 252, 251, 245, 127,
       111, 125, 207, 191, 125, 255, 255, 255, 191, 222, 223, 118, 191,
       87, 111, 95, 255, 210, 125, 253, 126, 125, 92, 120, 62, 223, 45,
       253, 181, 141, 173, 28, 133, 248, 191, 156, 73, 80, 252, 113, 189,
       222, 95, 48, 190, 119, 54, 245, 32, 221, 162, 39, 88, 224, 36,
       192, 115, 237, 75, 130, 85, 98, 101, 27, 84, 225, 7, 139, 124,
       134, 232, 108, 143, 242, 12, 97, 206, 29, 175, 68, 191, 0, 176,
       37, 86, 77, 66, 26, 139, 65, 121, 128, 197, 60, 36, 24, 0, 97,
       124, 12, 195, 104, 188, 135, 152, 152, 71, 52, 93, 253, 62, 231,
