%YAML:1.0
descriptors: !!opencv-matrix
   rows: 97
   cols: 64
   dt: u
   data: [ 62, 248, 253, 255, 62, 253, 253, 125, 253, 255, 223, 253, 253,
       127, 253, 252, 255, 255, 99, 251, 245, 127, 211, 255, 253, 255,
       247, 255, 127, 247, 247, 239, 223, 108, 95, 190, 223, 121, 249,
       127, 125, 93, 255, 47, 213, 53, 247, 111, 187, 174, 153, 15, 242,
       29, 156, 93, 60, 242, 115, 191, 251, 223, 40, 254, 47, 252, 124,
       175, 255, 253, 187, 89, 255, 255, 135, 239, 253, 127, 253, 85,
       254, 255, 99, 243, 245, 119, 91, 124, 245, 254, 241, 255, 126,
       255, 247, 247, 207, 236, 95, 190, 251, 121, 233, 127, 120, 93,
       122, 175, 213, 117, 247, 111, 185, 238, 24, 13, 240, 29, 156, 73,
       18, 243, 183, 189, 250, 223, 40, 250, 62, 254, 255, 255, 62, 253,
       221, 57, 255, 255, 223, 253, 255, 127, 253, 221, 189, 255, 106,
       251, 245, 127, 211, 255, 253, 255, 247, 255, 127, 255, 255, 239,
       223, 252, 223, 190, 255, 121, 248, 127, 125, 93, 255, 47, 245,
       181, 247, 111, 191, 254, 153, 79, 246, 29, 158, 93, 62, 247, 255,
       191, 251, 223, 44, 254, 47, 174, 109, 169, 63, 253, 179, 253, 253,
       255, 254, 253, 249, 62, 251, 231, 203, 252, 99, 97, 245, 83, 222,
       124, 77, 237, 157, 163, 91, 95, 51, 239, 213, 36, 85, 186, 83,
       122, 233, 116, 120, 93, 120, 47, 213, 23, 246, 105, 153, 172, 24,
       5, 240, 29, 156, 73, 16, 242, 51, 188, 88, 87, 32, 250, 7, 39, 65,
       118, 25, 162, 37, 74, 128, 0, 130, 117, 32, 79, 128, 65, 98, 84,
       5, 98, 199, 44, 136, 115, 14, 154, 34, 15, 82, 8, 33, 77, 86, 38,
       84, 154, 0, 120, 65, 84, 65, 96, 24, 74, 192, 4, 229, 79, 8, 36,
       24, 4, 96, 28, 140, 73, 16, 242, 51, 157, 72, 87, 33, 248, 61,
       182, 255, 237, 191, 245, 187, 252, 253, 253, 222, 253, 237, 31,
       155, 245, 251, 254, 203, 123, 245, 115, 255, 252, 173, 169, 228,
       251, 127, 93, 253, 255, 253, 236, 255, 190, 255, 251, 249, 119,
       223, 93, 251, 190, 214, 163, 219, 127, 186, 255, 223, 11, 242,
       189, 157, 93, 164, 178, 255, 222, 251, 143, 46, 255, 191, 253,
       255, 255, 63, 125, 249, 255, 255, 253, 252, 255, 255, 126, 191,
       252, 255, 254, 99, 123, 245, 127, 211, 247, 253, 239, 247, 251,
       127, 223, 255, 239, 223, 108, 87, 190, 223, 120, 249, 125, 122,
       93, 251, 47, 213, 53, 247, 111, 185, 172, 152, 13, 240, 29, 156,
       93, 48, 242, 115, 191, 251, 223, 42, 250, 63, 50, 225, 118, 29,
       160, 97, 110, 196, 56, 210, 53, 45, 203, 130, 86, 226, 212, 3,
       115, 231, 47, 203, 127, 76, 138, 162, 15, 82, 9, 33, 238, 87, 166,
       84, 186, 83, 184, 113, 118, 88, 116, 216, 78, 192, 21, 193, 75,
       153, 172, 24, 5, 244, 28, 156, 73, 16, 242, 179, 191, 216, 86,
       160, 254, 63, 50, 208, 183, 159, 228, 168, 0, 124, 126, 90, 55,
       188, 111, 185, 117, 242, 251, 129, 242, 237, 37, 91, 127, 196,
       222, 242, 167, 90, 223, 243, 231, 87, 172, 87, 182, 127, 248, 233,
       126, 104, 92, 106, 47, 213, 85, 247, 123, 185, 236, 24, 5, 244,
       29, 156, 73, 22, 242, 183, 189, 218, 87, 32, 246, 61, 190, 247,
       101, 60, 245, 185, 244, 248, 188, 198, 117, 236, 61, 155, 197,
       250, 236, 195, 234, 245, 103, 95, 255, 237, 40, 100, 247, 124, 85,
       229, 247, 255, 88, 207, 180, 253, 186, 249, 125, 253, 29, 123,
       166, 245, 225, 211, 107, 184, 254, 141, 11, 240, 29, 153, 93, 38,
       211, 151, 167, 250, 219, 108, 222, 53, 181, 253, 158, 55, 157,
       221, 123, 247, 196, 149, 240, 253, 127, 188, 85, 250, 214, 98, 99,
       213, 102, 195, 247, 237, 182, 229, 121, 114, 28, 213, 105, 223,
       36, 85, 190, 210, 120, 233, 117, 112, 93, 57, 47, 212, 52, 245,
       111, 153, 172, 24, 5, 240, 29, 156, 73, 16, 242, 51, 189, 88, 87,
       32, 250, 54, 177, 217, 150, 55, 141, 93, 11, 198, 68, 21, 240,
       189, 122, 180, 86, 246, 214, 32, 35, 135, 38, 193, 103, 220, 146,
       229, 73, 18, 184, 212, 105, 150, 36, 84, 190, 66, 88, 235, 116,
       112, 91, 57, 47, 148, 20, 245, 111, 145, 172, 25, 5, 240, 25, 156,
       73, 16, 242, 51, 189, 88, 87, 32, 250, 60, 177, 253, 142, 54, 245,
       157, 124, 247, 220, 213, 241, 253, 63, 180, 84, 251, 212, 98, 99,
       245, 114, 195, 247, 237, 191, 245, 59, 126, 220, 117, 235, 215,
       108, 87, 190, 210, 120, 233, 125, 112, 93, 57, 47, 212, 52, 245,
       111, 153, 172, 24, 5, 240, 29, 156, 73, 16, 242, 51, 189, 88, 95,
       32, 250, 5, 33, 210, 20, 17, 3, 33, 126, 196, 132, 128, 49, 98,
       202, 131, 67, 234, 84, 3, 98, 199, 47, 195, 119, 14, 138, 182, 9,
       82, 12, 48, 73, 87, 38, 84, 186, 16, 120, 65, 84, 208, 96, 24, 14,
       192, 20, 193, 79, 25, 172, 24, 5, 240, 28, 156, 73, 16, 242, 51,
       189, 88, 87, 33, 251, 252, 41, 251, 213, 48, 103, 249, 255, 212,
       253, 213, 249, 83, 202, 146, 206, 235, 212, 33, 111, 15, 173, 230,
       51, 79, 155, 178, 43, 83, 8, 50, 107, 215, 38, 116, 250, 82, 124,
       235, 116, 80, 124, 184, 111, 219, 20, 241, 238, 153, 172, 90, 5,
       240, 31, 156, 73, 144, 242, 51, 191, 88, 87, 33, 251, 62, 249,
       255, 254, 55, 183, 221, 123, 247, 222, 253, 243, 255, 254, 180,
       95, 246, 247, 98, 247, 247, 63, 209, 247, 221, 254, 231, 255, 82,
       254, 244, 233, 223, 60, 87, 190, 218, 120, 233, 125, 120, 92, 57,
       47, 245, 53, 247, 111, 153, 174, 24, 7, 240, 29, 156, 73, 16, 243,
       51, 189, 120, 87, 32, 250, 36, 35, 229, 146, 25, 141, 5, 122, 230,
       68, 130, 54, 241, 127, 185, 69, 226, 213, 67, 98, 213, 38, 192,
       119, 76, 190, 132, 13, 18, 10, 17, 73, 215, 38, 85, 186, 82, 120,
       233, 116, 112, 92, 56, 47, 212, 20, 245, 111, 153, 172, 24, 5,
       240, 29, 156, 73, 16, 242, 51, 189, 88, 87, 32, 250, 45, 182, 109,
       233, 191, 253, 163, 125, 252, 254, 198, 117, 237, 127, 249, 229,
       235, 252, 195, 98, 245, 98, 223, 124, 93, 168, 36, 163, 126, 95,
       49, 239, 255, 100, 215, 186, 87, 122, 233, 116, 252, 92, 90, 174,
       212, 167, 243, 107, 153, 172, 24, 13, 240, 29, 157, 73, 16, 242,
       51, 189, 90, 87, 40, 250, 21, 50, 81, 129, 216, 160, 163, 120,
       194, 12, 66, 53, 197, 67, 129, 81, 226, 213, 129, 96, 193, 33,
       138, 112, 12, 136, 40, 13, 146, 8, 49, 111, 117, 36, 84, 186, 16,
       114, 5, 84, 209, 64, 24, 6, 64, 4, 200, 69, 152, 36, 24, 4, 112,
       28, 140, 73, 0, 114, 51, 156, 88, 7, 32, 248, 63, 191, 254, 246,
       63, 191, 249, 91, 119, 252, 213, 243, 239, 123, 180, 93, 246, 255,
       99, 243, 245, 47, 211, 119, 213, 254, 243, 255, 122, 30, 241, 227,
       223, 44, 87, 190, 219, 120, 249, 125, 120, 92, 58, 175, 213, 81,
       247, 111, 153, 172, 24, 5, 240, 29, 156, 73, 16, 242, 51, 189, 90,
       87, 32, 250, 114, 209, 89, 150, 83, 143, 31, 11, 214, 68, 61, 240,
       61, 106, 180, 86, 255, 215, 36, 101, 196, 39, 193, 103, 93, 215,
       225, 47, 82, 154, 85, 105, 215, 36, 85, 190, 82, 120, 233, 116,
       112, 220, 60, 47, 213, 20, 245, 111, 153, 172, 24, 5, 240, 29,
       156, 73, 16, 242, 51, 189, 88, 87, 32, 250, 51, 20, 80, 134, 221,
       130, 131, 8, 102, 64, 17, 112, 172, 75, 128, 85, 98, 215, 5, 96,
       192, 34, 129, 102, 12, 136, 224, 13, 210, 8, 97, 105, 214, 36, 84,
       154, 66, 112, 1, 212, 81, 72, 24, 14, 192, 20, 192, 79, 153, 172,
       24, 5, 112, 28, 156, 73, 16, 242, 51, 188, 88, 87, 32, 249, 43,
       84, 80, 162, 159, 36, 7, 9, 230, 110, 32, 51, 61, 107, 180, 85,
       242, 246, 5, 112, 225, 162, 153, 60, 84, 156, 225, 11, 210, 24,
       113, 233, 208, 164, 22, 190, 99, 112, 33, 252, 66, 66, 28, 9, 80,
       85, 228, 77, 153, 36, 24, 4, 96, 28, 140, 73, 24, 242, 51, 188,
       88, 86, 32, 185, 254, 249, 255, 254, 118, 63, 253, 123, 247, 223,
       245, 251, 255, 250, 182, 95, 254, 255, 127, 127, 119, 127, 243,
       247, 255, 255, 247, 255, 123, 252, 244, 233, 215, 109, 22, 255,
       219, 124, 249, 253, 122, 223, 189, 47, 251, 53, 247, 111, 157,
       174, 152, 79, 240, 29, 157, 93, 24, 246, 115, 191, 123, 223, 40,
       251, 68, 33, 193, 176, 25, 162, 33, 90, 164, 42, 192, 48, 1, 195,
