%YAML:1.0
descriptors: !!opencv-matrix
   rows: 60
   cols: 64
   dt: u
   data: [ 28, 161, 153, 254, 35, 219, 124, 111, 87, 154, 253, 240, 115,
       198, 182, 90, 255, 155, 97, 83, 199, 61, 195, 211, 205, 223, 243,
       237, 66, 140, 180, 232, 207, 36, 85, 186, 83, 120, 233, 116, 112,
       92, 49, 47, 213, 21, 183, 111, 153, 172, 24, 5, 240, 29, 156, 65,
       16, 242, 51, 189, 88, 87, 32, 250, 60, 190, 253, 254, 62, 189,
       253, 123, 255, 254, 245, 251, 253, 123, 188, 95, 254, 255, 99,
       107, 245, 118, 211, 247, 221, 255, 245, 255, 126, 221, 245, 235,
       223, 44, 87, 190, 223, 120, 249, 125, 124, 95, 123, 47, 213, 53,
       247, 111, 153, 172, 24, 5, 240, 29, 156, 93, 16, 242, 51, 189, 90,
       87, 40, 250, 37, 182, 101, 35, 221, 176, 167, 88, 248, 127, 128,
       123, 172, 15, 129, 69, 226, 245, 131, 96, 233, 35, 139, 124, 76,
       200, 40, 39, 222, 9, 33, 111, 85, 36, 93, 186, 82, 184, 41, 118,
       112, 68, 26, 142, 213, 16, 208, 81, 153, 172, 24, 5, 240, 29, 156,
       73, 16, 242, 51, 188, 88, 87, 32, 248, 60, 254, 255, 239, 255,
       253, 251, 249, 255, 253, 214, 255, 255, 127, 253, 220, 255, 255,
       251, 251, 253, 127, 219, 253, 253, 127, 247, 255, 126, 223, 247,
       255, 223, 108, 95, 190, 255, 251, 249, 125, 125, 93, 251, 47, 213,
       181, 255, 127, 191, 239, 153, 13, 242, 29, 156, 93, 54, 246, 247,
       189, 251, 223, 40, 254, 37, 38, 101, 131, 218, 157, 131, 89, 236,
       125, 2, 117, 249, 63, 249, 69, 234, 245, 67, 32, 209, 3, 27, 124,
       84, 248, 12, 39, 22, 154, 49, 71, 85, 36, 87, 186, 80, 122, 173,
       124, 229, 84, 8, 142, 69, 196, 240, 65, 152, 44, 24, 5, 242, 29,
       156, 73, 16, 242, 51, 188, 72, 87, 32, 250, 255, 191, 255, 255,
       55, 255, 253, 254, 127, 253, 221, 255, 255, 254, 190, 223, 255,
       255, 121, 255, 255, 253, 247, 243, 223, 255, 243, 255, 123, 223,
       246, 235, 223, 39, 119, 186, 219, 124, 251, 125, 112, 125, 253,
       111, 223, 21, 247, 111, 157, 172, 24, 69, 242, 29, 156, 77, 17,
       246, 115, 191, 91, 119, 161, 250, 59, 222, 156, 206, 47, 217, 220,
       24, 63, 250, 21, 201, 188, 56, 44, 95, 253, 246, 32, 187, 212,
       118, 83, 115, 225, 55, 241, 122, 125, 115, 213, 99, 223, 56, 211,
       52, 250, 88, 232, 113, 112, 95, 111, 47, 212, 84, 245, 111, 153,
       170, 24, 7, 242, 29, 220, 73, 18, 243, 55, 189, 123, 219, 44, 250,
       236, 137, 206, 223, 123, 95, 208, 255, 63, 249, 46, 255, 59, 254,
       255, 239, 235, 213, 121, 47, 197, 143, 231, 115, 79, 207, 184, 47,
       211, 75, 22, 111, 215, 39, 117, 250, 82, 122, 239, 116, 114, 93,
       56, 63, 221, 22, 245, 239, 157, 172, 24, 5, 240, 31, 156, 75, 16,
       242, 51, 189, 88, 85, 32, 250, 44, 46, 231, 168, 16, 127, 161,
       255, 188, 252, 238, 181, 81, 191, 251, 230, 203, 220, 227, 96,
       245, 1, 198, 179, 77, 233, 148, 129, 88, 14, 51, 203, 213, 36, 85,
       186, 83, 122, 233, 116, 248, 92, 56, 47, 85, 55, 247, 109, 153,
       172, 24, 5, 240, 29, 157, 73, 16, 242, 51, 189, 88, 87, 32, 250,
       76, 34, 103, 177, 16, 117, 35, 253, 132, 254, 194, 53, 81, 183,
       147, 98, 234, 220, 67, 100, 105, 128, 196, 176, 12, 136, 172, 137,
       208, 12, 48, 155, 112, 36, 85, 186, 82, 112, 1, 84, 88, 68, 24,
       14, 68, 132, 192, 76, 153, 44, 24, 5, 240, 28, 156, 73, 16, 242,
       35, 156, 72, 22, 32, 240, 59, 252, 237, 186, 31, 237, 181, 25,
       253, 248, 254, 249, 189, 78, 237, 221, 235, 215, 33, 114, 244, 38,
       211, 119, 77, 223, 241, 47, 90, 91, 51, 235, 199, 36, 85, 186,
       119, 120, 233, 116, 112, 92, 58, 47, 213, 21, 245, 111, 153, 172,
       24, 5, 240, 29, 156, 73, 16, 242, 51, 189, 90, 87, 32, 250, 39,
       150, 68, 34, 189, 184, 167, 24, 180, 93, 134, 115, 173, 91, 164,
       85, 226, 245, 133, 49, 225, 38, 139, 124, 100, 154, 33, 35, 126,
       73, 33, 111, 215, 228, 220, 178, 119, 120, 169, 244, 85, 92, 26,
       15, 208, 1, 244, 79, 184, 188, 24, 4, 240, 21, 158, 73, 16, 242,
       55, 156, 90, 87, 36, 248, 44, 174, 109, 236, 63, 253, 245, 121,
       253, 220, 222, 245, 253, 62, 252, 228, 139, 252, 227, 107, 245,
       118, 208, 247, 125, 63, 149, 179, 124, 223, 55, 235, 223, 96, 87,
       186, 215, 120, 249, 60, 121, 93, 126, 47, 212, 53, 247, 107, 185,
       172, 153, 13, 242, 29, 156, 93, 54, 242, 55, 189, 91, 95, 44, 250,
       84, 49, 217, 148, 48, 129, 120, 126, 2, 234, 211, 20, 81, 196,
       145, 82, 226, 212, 0, 99, 142, 172, 192, 131, 141, 138, 162, 77,
       64, 44, 52, 105, 83, 52, 85, 186, 18, 120, 193, 85, 112, 72, 177,
       46, 246, 20, 225, 110, 155, 172, 24, 7, 240, 29, 156, 73, 16, 242,
       51, 185, 88, 22, 32, 250, 222, 49, 222, 158, 51, 3, 92, 110, 103,
       130, 181, 178, 63, 226, 182, 90, 255, 215, 48, 103, 7, 189, 225,
       35, 206, 219, 243, 93, 83, 172, 180, 41, 210, 36, 20, 186, 66,
       124, 195, 116, 112, 203, 61, 43, 255, 28, 245, 110, 153, 172, 24,
       5, 112, 24, 156, 73, 24, 242, 51, 185, 89, 86, 32, 250, 124, 49,
       243, 214, 50, 3, 89, 110, 70, 196, 213, 180, 119, 198, 146, 82,
       242, 213, 32, 103, 7, 173, 193, 51, 140, 138, 226, 13, 82, 12,
       116, 105, 86, 38, 52, 186, 82, 124, 195, 84, 80, 72, 181, 46, 235,
       20, 225, 110, 153, 172, 24, 5, 240, 28, 156, 73, 16, 242, 51, 185,
       88, 22, 33, 250, 195, 4, 64, 2, 221, 128, 3, 72, 166, 33, 0, 122,
       160, 75, 132, 21, 98, 197, 5, 96, 200, 6, 139, 108, 70, 144, 41,
       47, 146, 8, 1, 111, 209, 164, 20, 154, 66, 48, 37, 214, 64, 66, 8,
       139, 193, 24, 200, 5, 1, 36, 16, 0, 96, 24, 140, 75, 16, 112, 51,
       156, 88, 87, 32, 249, 62, 250, 253, 203, 254, 253, 215, 121, 255,
       213, 94, 253, 191, 63, 252, 253, 251, 245, 123, 105, 245, 119,
       218, 117, 125, 255, 61, 63, 127, 219, 127, 239, 215, 100, 87, 158,
       82, 121, 249, 124, 117, 221, 124, 47, 213, 148, 245, 103, 157,
       172, 152, 13, 242, 29, 158, 93, 56, 246, 59, 189, 91, 95, 40, 250,
       50, 208, 77, 139, 255, 157, 159, 8, 255, 87, 61, 218, 191, 59,
       180, 93, 235, 213, 36, 97, 192, 119, 194, 117, 108, 215, 189, 47,
       87, 11, 19, 107, 215, 36, 85, 154, 82, 121, 233, 116, 114, 222,
       56, 47, 213, 20, 244, 111, 153, 172, 24, 5, 240, 29, 156, 73, 16,
       242, 50, 189, 88, 87, 32, 250, 199, 10, 65, 129, 217, 154, 135,
       200, 44, 71, 42, 78, 131, 77, 194, 33, 194, 85, 61, 100, 72, 133,
       138, 112, 78, 220, 25, 37, 146, 10, 50, 25, 82, 37, 84, 155, 82,
       120, 13, 148, 64, 84, 24, 15, 69, 12, 252, 149, 25, 44, 16, 4,
       209, 125, 140, 11, 16, 236, 49, 188, 76, 87, 48, 248, 28, 162,
       221, 150, 43, 145, 184, 108, 118, 186, 220, 245, 125, 118, 182,
       96, 246, 154, 65, 115, 197, 112, 195, 243, 200, 10, 224, 218, 72,
       204, 181, 234, 223, 36, 71, 186, 83, 120, 233, 124, 112, 93, 56,
       47, 212, 53, 247, 111, 153, 172, 24, 5, 240, 29, 156, 73, 16, 242,
       51, 189, 88, 87, 32, 250, 2, 0, 0, 130, 136, 128, 0, 5, 6, 98, 1,
       0, 1, 66, 16, 17, 98, 84, 1, 96, 192, 32, 129, 32, 12, 136, 160,
       9, 146, 8, 49, 73, 80, 36, 20, 186, 66, 112, 1, 212, 0, 64, 24,
       10, 192, 20, 192, 76, 25, 44, 24, 4, 112, 24, 156, 73, 16, 114,
       51, 156, 88, 86, 32, 249, 3, 3, 0, 2, 1, 0, 4, 4, 34, 0, 2, 2, 0,
       25, 2, 3, 110, 214, 0, 37, 72, 128, 193, 32, 72, 128, 184, 8, 18,
       8, 16, 41, 208, 36, 80, 186, 82, 72, 1, 68, 80, 80, 24, 15, 192,
       20, 228, 76, 145, 172, 24, 4, 240, 24, 156, 73, 16, 114, 51, 188,
       88, 86, 32, 250, 34, 197, 0, 138, 2, 132, 7, 1, 70, 70, 41, 194,
       145, 40, 52, 20, 230, 215, 36, 96, 192, 36, 129, 98, 92, 149, 165,
       41, 18, 136, 17, 105, 210, 36, 84, 186, 66, 104, 33, 100, 98, 90,
       56, 9, 212, 20, 244, 79, 145, 172, 24, 4, 112, 25, 156, 73, 16,
       242, 51, 188, 88, 87, 32, 249, 35, 5, 128, 138, 1, 6, 4, 7, 38,
       68, 1, 0, 16, 170, 36, 7, 102, 50, 0, 36, 64, 2, 209, 35, 80, 128,
       136, 8, 18, 8, 16, 65, 148, 36, 81, 186, 0, 72, 3, 76, 32, 82, 28,
