%YAML:1.0
descriptors: !!opencv-matrix
   rows: 70
   cols: 64
   dt: u
   data: [ 63, 189, 255, 254, 63, 253, 253, 126, 247, 252, 212, 255, 255,
       126, 190, 95, 255, 255, 99, 115, 245, 119, 211, 119, 221, 255,
       245, 255, 122, 95, 247, 235, 223, 44, 87, 190, 223, 120, 233, 125,
       120, 93, 122, 47, 213, 53, 247, 111, 153, 172, 24, 5, 240, 29,
       156, 73, 16, 242, 51, 189, 90, 87, 32, 250, 45, 38, 229, 168, 25,
       253, 161, 93, 244, 254, 194, 53, 121, 63, 187, 229, 203, 252, 195,
       96, 241, 3, 222, 117, 93, 233, 12, 135, 90, 14, 51, 203, 213, 36,
       87, 186, 82, 122, 233, 124, 120, 84, 56, 46, 85, 117, 246, 105,
       153, 172, 24, 5, 240, 29, 156, 73, 16, 242, 51, 188, 88, 87, 32,
       250, 44, 186, 239, 171, 62, 253, 181, 255, 253, 254, 254, 189,
       125, 62, 251, 239, 251, 252, 99, 104, 245, 83, 223, 125, 77, 253,
       189, 167, 95, 95, 51, 235, 213, 36, 215, 186, 87, 122, 233, 116,
       120, 93, 122, 47, 213, 183, 247, 109, 153, 172, 24, 5, 240, 29,
       156, 89, 16, 242, 59, 189, 90, 87, 32, 250, 45, 38, 247, 169, 24,
       119, 163, 255, 240, 252, 194, 53, 65, 55, 139, 229, 234, 204, 195,
       96, 241, 1, 94, 249, 76, 168, 8, 135, 88, 12, 51, 207, 253, 4, 85,
       186, 17, 242, 45, 116, 252, 84, 26, 134, 68, 129, 82, 225, 152,
       44, 24, 4, 240, 29, 140, 73, 16, 224, 35, 188, 90, 71, 32, 242,
       45, 174, 231, 169, 187, 253, 163, 253, 189, 252, 202, 53, 93, 63,
       251, 229, 235, 252, 203, 106, 245, 67, 222, 125, 93, 237, 60, 167,
       124, 95, 59, 255, 245, 100, 87, 186, 83, 242, 173, 124, 252, 84,
       122, 190, 85, 167, 82, 225, 153, 44, 28, 13, 242, 29, 157, 73, 16,
       242, 35, 188, 218, 87, 40, 250, 54, 241, 89, 158, 55, 140, 93, 11,
       198, 70, 53, 242, 189, 106, 180, 86, 254, 215, 36, 115, 135, 62,
       193, 103, 220, 151, 243, 111, 82, 186, 213, 105, 214, 44, 20, 158,
       66, 120, 235, 116, 112, 218, 61, 105, 213, 20, 245, 111, 153, 172,
       24, 5, 240, 29, 156, 73, 16, 242, 51, 185, 88, 87, 32, 250, 63,
       48, 81, 166, 221, 160, 43, 88, 194, 111, 211, 113, 229, 74, 128,
       81, 226, 212, 5, 96, 193, 32, 161, 126, 14, 138, 224, 11, 210, 8,
       113, 105, 114, 36, 20, 186, 66, 112, 1, 212, 208, 64, 24, 10, 192,
       4, 192, 79, 137, 36, 16, 5, 96, 28, 156, 73, 16, 178, 51, 156, 88,
       22, 32, 184, 62, 181, 253, 190, 63, 253, 217, 61, 255, 254, 215,
       245, 253, 126, 191, 86, 255, 246, 67, 243, 245, 119, 211, 119,
       221, 170, 228, 255, 122, 221, 245, 235, 207, 44, 87, 190, 219,
       122, 233, 125, 120, 93, 57, 47, 213, 53, 247, 111, 153, 172, 24,
       13, 240, 29, 156, 73, 16, 242, 51, 189, 90, 87, 40, 250, 189, 54,
       117, 160, 217, 168, 35, 88, 236, 125, 194, 119, 229, 91, 192, 117,
       226, 221, 135, 96, 233, 0, 136, 124, 78, 136, 104, 139, 222, 8,
       113, 239, 113, 167, 92, 186, 16, 242, 37, 214, 205, 68, 26, 6, 64,
       3, 232, 213, 136, 37, 88, 36, 224, 30, 143, 73, 16, 248, 35, 140,
       88, 70, 32, 184, 186, 241, 81, 246, 255, 160, 95, 8, 214, 97, 213,
       251, 191, 74, 132, 92, 242, 215, 36, 83, 199, 44, 161, 119, 238,
       154, 227, 47, 211, 41, 245, 109, 151, 39, 20, 190, 82, 120, 235,
       245, 83, 202, 157, 75, 217, 20, 253, 79, 137, 166, 25, 5, 240, 28,
       156, 73, 16, 242, 51, 187, 88, 87, 162, 249, 45, 39, 231, 112, 52,
       55, 41, 126, 244, 254, 194, 53, 77, 175, 155, 71, 138, 236, 195,
       107, 241, 226, 84, 183, 77, 168, 166, 145, 88, 84, 48, 201, 123,
       4, 215, 186, 213, 56, 193, 117, 124, 68, 58, 174, 118, 225, 67,
       110, 56, 172, 56, 1, 240, 29, 156, 92, 132, 226, 19, 157, 74, 214,
       104, 242, 167, 38, 101, 32, 157, 32, 33, 88, 228, 79, 224, 115,
       233, 11, 128, 69, 226, 244, 7, 96, 97, 130, 161, 116, 76, 152, 33,
       11, 210, 12, 49, 25, 112, 36, 84, 186, 82, 112, 1, 244, 84, 66,
       24, 15, 208, 16, 192, 76, 152, 44, 24, 4, 112, 28, 140, 73, 16,
       240, 51, 156, 88, 86, 32, 185, 45, 38, 101, 168, 31, 117, 161,
       253, 244, 252, 194, 53, 125, 63, 187, 231, 203, 252, 67, 96, 241,
       194, 222, 52, 93, 169, 28, 129, 250, 92, 51, 203, 213, 36, 87,
       186, 82, 114, 41, 124, 124, 85, 24, 46, 84, 181, 102, 108, 153,
       44, 24, 5, 242, 29, 156, 73, 16, 240, 35, 188, 90, 87, 32, 250,
       63, 245, 124, 174, 55, 29, 21, 11, 247, 68, 189, 240, 61, 127,
       180, 93, 243, 246, 5, 113, 81, 114, 177, 118, 116, 159, 225, 25,
       123, 90, 124, 105, 132, 100, 22, 190, 194, 112, 137, 244, 82, 223,
       60, 175, 208, 20, 244, 78, 153, 164, 24, 12, 248, 29, 158, 73, 24,
       242, 51, 188, 90, 95, 42, 249, 44, 110, 109, 169, 62, 125, 161,
       253, 253, 252, 238, 181, 125, 63, 251, 231, 203, 252, 195, 104,
       241, 210, 252, 180, 93, 173, 12, 145, 125, 223, 59, 219, 249, 100,
       87, 186, 87, 114, 137, 124, 254, 85, 90, 62, 84, 167, 66, 96, 185,
       45, 222, 13, 242, 29, 141, 92, 176, 224, 43, 188, 91, 198, 42,
       241, 86, 33, 195, 212, 80, 6, 72, 99, 194, 166, 17, 16, 83, 194,
       145, 74, 226, 85, 35, 103, 135, 45, 192, 3, 14, 202, 166, 13, 82,
       8, 48, 104, 83, 39, 20, 187, 2, 124, 71, 84, 16, 106, 184, 74,
       217, 28, 193, 207, 153, 172, 24, 5, 112, 28, 156, 73, 16, 242, 51,
       185, 88, 86, 33, 251, 58, 221, 254, 254, 55, 255, 253, 127, 191,
       252, 223, 249, 191, 126, 252, 222, 255, 247, 227, 123, 246, 127,
       211, 119, 125, 255, 247, 127, 127, 251, 255, 239, 223, 110, 119,
       190, 247, 120, 251, 125, 120, 253, 255, 111, 245, 53, 245, 111,
       191, 174, 153, 13, 242, 29, 158, 93, 57, 242, 119, 255, 251, 255,
       173, 254, 252, 61, 255, 212, 48, 103, 121, 247, 213, 213, 213,
       243, 87, 249, 150, 206, 251, 221, 251, 111, 63, 175, 230, 183,
       223, 107, 182, 253, 105, 140, 118, 169, 223, 55, 36, 255, 150,
       124, 211, 124, 88, 253, 185, 247, 251, 56, 113, 238, 159, 172,
       255, 219, 240, 95, 156, 76, 121, 254, 115, 251, 123, 117, 161,
       251, 63, 240, 125, 141, 191, 181, 25, 252, 246, 119, 213, 190,
       253, 58, 183, 92, 242, 212, 67, 96, 201, 162, 194, 116, 108, 168,
       180, 25, 211, 29, 125, 43, 247, 36, 20, 254, 82, 123, 129, 116,
       210, 222, 24, 14, 208, 20, 193, 77, 153, 172, 24, 5, 240, 29, 157,
       73, 16, 242, 59, 188, 88, 86, 34, 249, 61, 50, 247, 129, 222, 133,
       129, 252, 230, 102, 145, 54, 253, 239, 179, 84, 234, 213, 3, 96,
       201, 135, 194, 116, 78, 152, 188, 9, 210, 12, 51, 107, 87, 36, 85,
       186, 82, 120, 9, 84, 80, 64, 24, 14, 197, 20, 193, 77, 153, 172,
       24, 5, 240, 28, 156, 73, 16, 242, 51, 189, 88, 87, 32, 250, 190,
       251, 121, 231, 191, 185, 255, 249, 222, 155, 255, 251, 237, 86,
       220, 244, 243, 215, 71, 123, 229, 34, 161, 118, 237, 223, 247,
       187, 86, 123, 247, 186, 214, 108, 92, 158, 126, 123, 233, 245,
       249, 92, 179, 63, 212, 55, 180, 127, 171, 189, 16, 5, 248, 21,
       157, 73, 16, 242, 51, 189, 120, 95, 32, 186, 126, 48, 121, 131,
       222, 133, 139, 120, 206, 239, 211, 62, 253, 14, 179, 84, 250, 213,
       3, 98, 201, 33, 203, 124, 76, 216, 188, 47, 82, 13, 115, 111, 87,
       36, 85, 186, 82, 120, 233, 118, 112, 76, 24, 46, 213, 20, 225,
       127, 153, 172, 24, 5, 240, 29, 156, 73, 16, 242, 51, 189, 88, 87,
       32, 250, 191, 252, 125, 238, 191, 125, 221, 251, 255, 95, 253,
       251, 127, 58, 244, 253, 251, 244, 119, 121, 117, 82, 181, 124,
       255, 191, 117, 59, 255, 91, 127, 249, 244, 108, 158, 222, 210,
       115, 185, 245, 219, 223, 126, 31, 208, 23, 244, 76, 141, 181, 86,
       13, 232, 159, 143, 77, 184, 246, 123, 190, 223, 159, 46, 185, 191,
       252, 125, 239, 191, 125, 253, 249, 255, 93, 253, 255, 127, 127,
       254, 253, 243, 212, 87, 105, 117, 194, 165, 124, 239, 191, 245,
       59, 255, 91, 127, 255, 244, 100, 28, 254, 210, 115, 185, 245, 219,
       223, 91, 31, 216, 22, 252, 93, 137, 181, 94, 5, 232, 31, 159, 77,
       144, 242, 57, 188, 92, 95, 34, 185, 63, 254, 125, 238, 63, 253,
       159, 120, 255, 221, 222, 251, 253, 127, 252, 221, 251, 245, 99,
