%YAML:1.0
descriptors: !!opencv-matrix
   rows: 129
   cols: 64
   dt: u
   data: [ 253, 255, 255, 255, 255, 255, 255, 251, 255, 255, 237, 255,
       255, 255, 254, 255, 255, 255, 255, 111, 255, 255, 255, 255, 255,
       255, 255, 255, 255, 255, 255, 255, 223, 223, 255, 255, 247, 255,
       255, 127, 127, 255, 251, 247, 255, 255, 255, 255, 255, 255, 191,
       255, 255, 255, 255, 255, 127, 255, 255, 239, 255, 255, 255, 254,
       60, 253, 255, 222, 54, 255, 245, 127, 255, 244, 223, 253, 255,
       126, 255, 206, 191, 255, 242, 59, 245, 127, 211, 247, 249, 127,
       213, 246, 125, 255, 223, 239, 143, 120, 227, 180, 255, 219, 250,
       125, 124, 189, 255, 39, 245, 181, 247, 111, 191, 190, 171, 79,
       242, 29, 219, 93, 63, 247, 255, 255, 251, 255, 237, 222, 60, 253,
       255, 237, 63, 253, 245, 127, 253, 213, 223, 253, 255, 126, 252,
       237, 187, 253, 243, 251, 247, 127, 211, 247, 253, 127, 213, 255,
       125, 255, 223, 239, 159, 124, 211, 158, 223, 219, 249, 63, 121,
       189, 255, 39, 245, 53, 247, 111, 191, 254, 137, 79, 242, 29, 154,
       93, 54, 211, 255, 239, 251, 255, 173, 222, 60, 252, 255, 220, 62,
       255, 253, 127, 255, 244, 223, 253, 255, 126, 253, 254, 189, 187,
       250, 251, 245, 127, 83, 247, 241, 127, 245, 254, 109, 247, 223,
       238, 207, 88, 227, 36, 223, 155, 248, 123, 124, 157, 247, 167,
       245, 245, 183, 111, 191, 250, 171, 203, 246, 29, 90, 85, 63, 215,
       255, 255, 251, 251, 237, 222, 61, 177, 255, 252, 63, 183, 253,
       126, 244, 252, 213, 245, 255, 126, 180, 92, 251, 221, 99, 99, 245,
       47, 195, 247, 221, 254, 246, 255, 90, 220, 245, 235, 223, 36, 85,
       190, 83, 120, 249, 124, 120, 93, 57, 47, 213, 53, 247, 111, 153,
       172, 24, 5, 240, 29, 156, 73, 16, 242, 51, 189, 88, 87, 32, 250,
       125, 189, 255, 254, 55, 255, 253, 127, 247, 254, 223, 245, 127,
       255, 191, 95, 251, 213, 99, 99, 247, 127, 211, 119, 207, 255, 246,
       159, 122, 92, 244, 235, 223, 36, 85, 190, 210, 120, 249, 117, 120,
       92, 56, 47, 213, 53, 247, 111, 153, 172, 24, 5, 240, 29, 156, 73,
       16, 242, 51, 189, 88, 87, 32, 250, 62, 189, 255, 255, 63, 245,
       253, 127, 255, 255, 223, 249, 255, 126, 185, 94, 255, 254, 99,
       123, 245, 127, 211, 127, 253, 255, 247, 255, 122, 221, 245, 235,
       223, 44, 87, 190, 215, 120, 249, 125, 120, 93, 255, 47, 213, 53,
       247, 111, 153, 172, 24, 5, 240, 29, 156, 93, 16, 242, 115, 189,
       123, 87, 40, 250, 28, 50, 221, 54, 61, 176, 188, 125, 240, 184,
       215, 181, 236, 55, 129, 83, 234, 206, 3, 115, 197, 38, 195, 247,
       205, 154, 228, 143, 82, 12, 161, 106, 223, 44, 85, 190, 83, 56,
       233, 116, 120, 92, 56, 47, 212, 53, 247, 111, 153, 172, 24, 5,
       240, 29, 156, 73, 16, 242, 51, 189, 88, 87, 32, 250, 126, 182,
       125, 167, 254, 191, 183, 121, 254, 253, 214, 255, 253, 126, 180,
       84, 250, 213, 67, 99, 253, 39, 203, 125, 205, 254, 252, 175, 90,
       95, 241, 239, 215, 44, 85, 190, 82, 120, 233, 116, 120, 92, 120,
       47, 213, 21, 247, 111, 153, 172, 24, 5, 240, 29, 156, 73, 16, 242,
       51, 189, 88, 87, 32, 250, 63, 182, 125, 239, 190, 253, 191, 121,
       253, 255, 220, 253, 253, 127, 189, 85, 251, 253, 99, 115, 245,
       119, 219, 255, 253, 254, 245, 191, 126, 223, 117, 239, 215, 108,
       87, 190, 223, 120, 249, 125, 124, 93, 122, 47, 213, 53, 247, 111,
       185, 172, 24, 13, 240, 29, 156, 73, 48, 242, 51, 189, 218, 223,
       40, 250, 63, 178, 253, 247, 191, 189, 191, 124, 255, 255, 222,
       251, 253, 127, 187, 85, 251, 255, 75, 107, 253, 103, 211, 127,
       205, 254, 244, 255, 126, 93, 245, 239, 215, 44, 87, 190, 215, 120,
       233, 125, 120, 92, 123, 47, 213, 21, 247, 111, 153, 172, 24, 5,
       240, 29, 156, 73, 16, 242, 51, 189, 218, 87, 32, 250, 58, 145, 24,
       190, 47, 138, 30, 9, 86, 98, 61, 130, 189, 106, 52, 86, 246, 147,
       33, 241, 192, 38, 193, 119, 204, 223, 225, 47, 82, 184, 245, 105,
       215, 36, 85, 190, 83, 120, 233, 116, 112, 220, 60, 43, 213, 20,
       245, 111, 153, 172, 24, 5, 240, 29, 156, 73, 16, 242, 51, 189, 88,
       87, 32, 250, 63, 182, 125, 173, 255, 253, 187, 120, 252, 255, 214,
       125, 237, 125, 185, 117, 250, 253, 75, 114, 245, 103, 219, 125,
       237, 254, 252, 191, 126, 95, 115, 239, 215, 44, 85, 190, 86, 122,
       233, 117, 120, 92, 122, 47, 213, 53, 247, 111, 153, 172, 24, 5,
       240, 29, 156, 73, 16, 242, 51, 189, 218, 87, 32, 250, 28, 33, 185,
       180, 34, 5, 120, 103, 66, 134, 81, 148, 81, 192, 145, 82, 246,
       200, 66, 103, 2, 44, 192, 147, 140, 138, 166, 200, 64, 164, 180,
       168, 114, 52, 36, 190, 30, 120, 192, 84, 80, 72, 181, 46, 226, 20,
       129, 110, 155, 172, 25, 71, 112, 28, 28, 73, 0, 242, 51, 249, 88,
       22, 34, 251, 59, 16, 84, 38, 223, 161, 179, 60, 116, 56, 212, 113,
       172, 91, 160, 85, 230, 246, 1, 240, 225, 35, 131, 116, 68, 40,
       232, 15, 218, 4, 225, 239, 221, 36, 20, 190, 83, 112, 41, 116, 89,
       76, 26, 14, 192, 17, 210, 79, 153, 164, 24, 5, 240, 28, 156, 73,
       16, 178, 55, 156, 88, 23, 36, 248, 29, 7, 245, 188, 32, 255, 59,
       119, 32, 222, 195, 5, 85, 125, 185, 70, 239, 220, 3, 98, 244, 33,
       192, 115, 77, 185, 176, 204, 80, 6, 49, 233, 215, 36, 85, 186, 82,
       120, 233, 116, 112, 92, 56, 47, 213, 21, 247, 111, 153, 172, 24,
       5, 240, 29, 156, 73, 16, 242, 51, 189, 88, 87, 32, 250, 188, 242,
       125, 166, 54, 125, 189, 248, 253, 223, 255, 243, 125, 59, 254,
       246, 251, 220, 103, 105, 117, 98, 225, 244, 205, 189, 245, 187,
       123, 94, 119, 251, 221, 36, 85, 190, 83, 120, 233, 245, 120, 92,
       57, 47, 212, 55, 246, 109, 153, 172, 24, 5, 240, 29, 157, 73, 16,
       242, 51, 188, 88, 87, 32, 250, 29, 51, 247, 244, 58, 247, 191,
       118, 112, 252, 95, 21, 92, 117, 187, 98, 255, 221, 67, 98, 245,
       33, 71, 243, 205, 126, 180, 220, 104, 70, 247, 235, 215, 36, 85,
       186, 91, 122, 233, 116, 124, 92, 25, 46, 213, 133, 231, 111, 153,
       172, 24, 7, 240, 29, 156, 73, 16, 242, 51, 189, 88, 87, 32, 250,
       52, 33, 217, 150, 48, 132, 89, 111, 198, 196, 5, 180, 17, 102,
       145, 86, 234, 214, 0, 99, 135, 44, 192, 99, 93, 130, 160, 13, 82,
       168, 21, 105, 199, 36, 85, 186, 18, 120, 203, 116, 112, 88, 53,
       43, 244, 20, 245, 111, 153, 172, 24, 5, 240, 29, 156, 73, 16, 242,
       51, 185, 88, 87, 32, 250, 31, 133, 220, 126, 59, 153, 252, 106,
       51, 186, 215, 245, 188, 118, 173, 82, 235, 212, 33, 99, 197, 52,
       195, 115, 77, 158, 161, 63, 90, 79, 53, 106, 215, 36, 85, 186, 86,
       120, 233, 116, 112, 93, 57, 47, 213, 20, 245, 111, 153, 172, 24,
       5, 240, 29, 156, 73, 16, 242, 51, 189, 88, 87, 32, 250, 126, 51,
       255, 245, 54, 119, 187, 247, 212, 254, 210, 55, 93, 117, 155, 114,
       254, 221, 67, 239, 245, 161, 199, 246, 205, 106, 244, 223, 90, 86,
       247, 251, 247, 44, 85, 190, 95, 122, 233, 117, 216, 92, 59, 46,
       213, 37, 227, 111, 153, 172, 24, 5, 240, 29, 156, 73, 16, 242, 51,
       189, 88, 87, 32, 250, 7, 49, 80, 134, 21, 128, 3, 72, 38, 0, 129,
       48, 32, 11, 132, 81, 98, 214, 0, 80, 193, 32, 128, 98, 4, 152,
       224, 9, 18, 8, 1, 105, 210, 36, 20, 186, 2, 120, 1, 84, 96, 66,
       24, 11, 192, 16, 192, 79, 16, 164, 24, 4, 96, 24, 156, 73, 16, 50,
       51, 156, 24, 87, 32, 121, 47, 246, 109, 170, 31, 189, 39, 89, 181,
       124, 228, 251, 173, 59, 180, 77, 226, 245, 161, 97, 241, 102, 216,
       118, 84, 191, 177, 55, 123, 89, 113, 235, 215, 100, 214, 186, 115,
       120, 169, 116, 118, 95, 58, 175, 213, 17, 245, 79, 153, 172, 24,
       12, 240, 29, 158, 73, 56, 242, 55, 189, 90, 215, 46, 251, 92, 33,
       81, 178, 16, 2, 40, 110, 198, 138, 83, 52, 17, 130, 145, 82, 98,
       212, 1, 100, 1, 160, 192, 18, 12, 136, 160, 9, 66, 136, 48, 104,
       112, 36, 20, 186, 18, 120, 1, 212, 144, 64, 20, 10, 194, 4, 193,
       78, 153, 44, 24, 5, 112, 24, 156, 73, 16, 114, 51, 152, 72, 22,
       32, 240, 45, 50, 117, 32, 28, 177, 163, 124, 240, 154, 194, 53,
