%YAML:1.0
descriptors: !!opencv-matrix
   rows: 106
   cols: 64
   dt: u
   data: [ 253, 55, 247, 244, 254, 103, 243, 254, 244, 124, 214, 55, 127,
       255, 147, 84, 251, 221, 99, 102, 245, 173, 134, 55, 78, 235, 180,
       143, 210, 12, 115, 235, 215, 36, 85, 186, 82, 112, 233, 116, 120,
       92, 24, 14, 213, 21, 225, 79, 153, 172, 24, 5, 240, 29, 156, 73,
       16, 242, 51, 189, 88, 87, 32, 248, 255, 253, 255, 255, 119, 191,
       95, 218, 255, 223, 253, 250, 255, 250, 244, 95, 246, 247, 126,
       127, 63, 255, 243, 119, 255, 255, 247, 127, 123, 123, 246, 185,
       210, 111, 150, 255, 210, 125, 251, 253, 82, 223, 253, 127, 211,
       30, 245, 63, 157, 173, 24, 5, 248, 61, 159, 77, 88, 246, 115, 191,
       89, 223, 186, 187, 29, 178, 223, 117, 62, 241, 189, 116, 241, 191,
       214, 247, 222, 118, 178, 67, 235, 253, 227, 227, 229, 117, 67,
       247, 205, 126, 180, 255, 120, 77, 247, 235, 223, 44, 85, 190, 95,
       120, 233, 117, 120, 93, 122, 47, 213, 117, 247, 111, 185, 172, 24,
       7, 242, 29, 156, 73, 22, 242, 51, 189, 88, 87, 32, 250, 191, 252,
       255, 255, 63, 253, 253, 253, 253, 253, 254, 255, 255, 126, 255,
       252, 251, 255, 255, 123, 245, 127, 247, 255, 253, 255, 247, 251,
       127, 223, 255, 255, 255, 108, 215, 254, 255, 123, 249, 253, 251,
       95, 255, 62, 213, 55, 247, 111, 191, 189, 159, 13, 250, 29, 157,
       93, 52, 246, 127, 255, 251, 223, 46, 255, 63, 190, 255, 37, 63,
       245, 189, 125, 121, 253, 214, 253, 254, 125, 163, 85, 239, 221,
       35, 243, 245, 37, 195, 251, 205, 251, 240, 255, 90, 85, 247, 111,
       223, 36, 85, 186, 91, 120, 233, 117, 120, 92, 122, 47, 213, 21,
       247, 111, 153, 172, 24, 5, 240, 29, 156, 73, 16, 242, 51, 189, 88,
       87, 32, 250, 124, 190, 239, 237, 254, 253, 243, 253, 253, 253,
       222, 255, 253, 63, 251, 236, 251, 221, 251, 107, 253, 87, 223,
       253, 125, 237, 60, 183, 127, 223, 127, 255, 237, 237, 125, 251,
       215, 251, 253, 126, 253, 93, 251, 190, 213, 167, 251, 113, 191,
       253, 159, 141, 242, 189, 157, 93, 116, 246, 255, 253, 219, 159,
       44, 254, 58, 241, 125, 222, 62, 157, 221, 57, 246, 84, 117, 209,
       61, 122, 52, 84, 244, 214, 66, 242, 246, 122, 129, 246, 248, 170,
       230, 91, 123, 249, 221, 233, 215, 124, 6, 190, 222, 112, 250, 253,
       114, 223, 221, 79, 240, 52, 245, 79, 155, 174, 155, 79, 248, 29,
       157, 89, 57, 243, 123, 187, 122, 127, 171, 253, 62, 182, 253, 239,
       63, 253, 185, 121, 253, 254, 220, 253, 253, 63, 189, 117, 251,
       254, 99, 123, 245, 118, 211, 247, 253, 255, 245, 255, 126, 223,
       247, 235, 223, 108, 215, 190, 223, 120, 233, 125, 124, 93, 123,
       47, 213, 53, 247, 111, 187, 172, 153, 13, 240, 29, 156, 93, 48,
       242, 51, 189, 90, 223, 44, 250, 58, 177, 253, 246, 55, 161, 221,
       58, 214, 185, 213, 251, 255, 74, 148, 94, 246, 151, 102, 211, 231,
       62, 195, 127, 173, 186, 230, 127, 90, 249, 245, 238, 223, 60, 36,
       190, 254, 121, 250, 117, 88, 223, 247, 111, 242, 53, 181, 111,
       187, 174, 153, 199, 240, 29, 156, 65, 17, 179, 247, 251, 59, 119,
       161, 255, 63, 214, 125, 141, 191, 189, 159, 120, 191, 127, 189,
       250, 253, 57, 244, 85, 242, 245, 70, 113, 244, 118, 146, 116, 109,
       254, 225, 63, 126, 127, 117, 251, 215, 44, 214, 190, 210, 120,
       233, 245, 114, 95, 57, 47, 213, 20, 244, 111, 153, 173, 24, 5,
       240, 29, 156, 73, 16, 242, 51, 189, 88, 215, 40, 251, 63, 244,
       125, 254, 63, 189, 223, 25, 255, 255, 253, 250, 253, 122, 180, 95,
       242, 247, 102, 251, 245, 119, 211, 126, 245, 255, 247, 63, 126,
       251, 245, 235, 207, 108, 214, 190, 218, 121, 249, 125, 122, 223,
       127, 47, 213, 117, 245, 111, 189, 190, 152, 13, 242, 29, 220, 85,
       56, 178, 115, 191, 251, 223, 44, 250, 44, 32, 97, 180, 24, 167,
       45, 111, 196, 102, 209, 52, 113, 134, 145, 66, 226, 212, 3, 96,
       193, 32, 193, 55, 76, 136, 164, 15, 82, 12, 49, 106, 211, 36, 85,
       186, 82, 120, 161, 116, 112, 72, 24, 15, 212, 20, 229, 79, 153,
       172, 24, 5, 240, 29, 156, 73, 16, 242, 51, 189, 88, 86, 32, 250,
       60, 51, 253, 184, 54, 255, 57, 127, 245, 254, 214, 181, 125, 191,
       185, 230, 250, 220, 67, 106, 245, 115, 196, 183, 93, 168, 164,
       157, 122, 220, 124, 233, 215, 36, 87, 186, 214, 122, 193, 124,
       252, 93, 59, 46, 212, 165, 225, 110, 155, 172, 153, 13, 242, 29,
       156, 93, 16, 242, 59, 189, 91, 214, 40, 250, 190, 249, 255, 222,
       55, 239, 221, 123, 255, 253, 253, 251, 191, 254, 244, 254, 251,
       215, 118, 107, 247, 63, 226, 119, 255, 255, 247, 127, 127, 251,
       126, 239, 215, 38, 52, 254, 214, 121, 251, 245, 83, 223, 253, 111,
       253, 22, 245, 111, 153, 172, 155, 5, 248, 29, 156, 73, 16, 242,
       123, 191, 89, 31, 35, 251, 55, 55, 81, 86, 189, 128, 25, 72, 194,
       32, 145, 114, 164, 91, 132, 81, 226, 215, 4, 98, 199, 46, 129,
       118, 78, 154, 227, 11, 146, 8, 97, 105, 215, 36, 84, 186, 82, 120,
       233, 116, 208, 92, 24, 15, 208, 16, 241, 79, 153, 172, 24, 5, 240,
       29, 156, 73, 16, 242, 51, 189, 88, 87, 32, 249, 63, 181, 253, 188,
       55, 255, 255, 124, 253, 213, 253, 248, 253, 126, 188, 86, 251,
       221, 35, 99, 229, 55, 195, 119, 77, 255, 241, 191, 82, 94, 117,
       235, 215, 36, 85, 186, 82, 120, 233, 117, 120, 93, 57, 47, 213,
       21, 247, 111, 153, 172, 24, 5, 240, 29, 156, 73, 16, 242, 51, 189,
       88, 87, 32, 250, 45, 55, 229, 48, 28, 183, 33, 122, 240, 62, 194,
       53, 105, 73, 145, 71, 194, 237, 195, 98, 241, 103, 88, 247, 76,
       40, 164, 133, 88, 68, 49, 203, 95, 46, 215, 186, 85, 56, 1, 116,
       124, 68, 26, 142, 68, 97, 195, 79, 184, 44, 24, 1, 240, 29, 156,
       73, 20, 242, 51, 157, 74, 86, 32, 242, 62, 186, 237, 237, 126,
       255, 191, 125, 253, 255, 223, 253, 221, 63, 253, 197, 251, 253,
       107, 107, 245, 117, 210, 243, 221, 255, 189, 191, 126, 215, 119,
       235, 215, 100, 87, 186, 223, 122, 233, 125, 124, 93, 59, 47, 213,
       21, 247, 111, 153, 172, 24, 5, 240, 29, 157, 89, 16, 246, 51, 189,
       90, 87, 40, 250, 187, 245, 253, 214, 127, 143, 93, 58, 246, 101,
       253, 251, 191, 234, 180, 92, 242, 247, 38, 115, 247, 46, 161, 119,
       254, 190, 227, 31, 83, 57, 245, 109, 211, 46, 20, 190, 194, 120,
       243, 255, 82, 219, 189, 79, 208, 20, 245, 79, 153, 166, 24, 5,
       248, 28, 156, 73, 24, 242, 115, 191, 88, 87, 162, 249, 250, 245,
       125, 158, 255, 143, 95, 57, 246, 69, 189, 250, 191, 122, 180, 92,
       246, 215, 86, 181, 215, 119, 147, 102, 252, 246, 245, 127, 242,
       249, 213, 105, 199, 44, 22, 190, 202, 121, 251, 253, 82, 223, 125,
       15, 209, 60, 245, 79, 149, 174, 153, 13, 248, 25, 156, 75, 56,
       242, 114, 189, 120, 95, 42, 249, 108, 43, 247, 249, 48, 127, 97,
       255, 189, 254, 202, 181, 83, 254, 187, 238, 203, 220, 235, 111,
       127, 173, 198, 51, 77, 235, 182, 133, 89, 198, 58, 203, 215, 6,
       117, 186, 85, 126, 217, 116, 124, 116, 184, 38, 95, 133, 103, 238,
       153, 172, 60, 21, 242, 29, 156, 76, 144, 226, 35, 191, 89, 71, 33,
       242, 58, 48, 241, 247, 223, 161, 251, 124, 214, 60, 210, 53, 189,
       74, 147, 84, 242, 214, 3, 114, 237, 43, 207, 126, 142, 138, 230,
       15, 218, 89, 241, 238, 119, 174, 84, 190, 118, 112, 225, 116, 216,
       76, 218, 14, 192, 21, 193, 79, 185, 172, 24, 5, 240, 28, 156, 73,
       16, 242, 51, 189, 88, 70, 32, 253, 68, 33, 193, 180, 16, 130, 41,
       79, 128, 226, 67, 52, 65, 194, 145, 66, 162, 85, 1, 99, 138, 45,
       194, 19, 12, 138, 162, 13, 82, 8, 49, 74, 83, 36, 84, 186, 82,
       120, 65, 84, 80, 64, 24, 14, 194, 20, 193, 79, 25, 172, 24, 5,
       112, 28, 156, 73, 16, 242, 51, 189, 72, 22, 32, 250, 242, 176, 81,
       135, 254, 198, 155, 169, 222, 69, 55, 127, 189, 98, 208, 112, 118,
       215, 28, 54, 205, 41, 163, 108, 174, 222, 253, 127, 150, 187, 215,
       63, 119, 45, 92, 223, 90, 115, 233, 215, 209, 92, 1, 14, 193, 14,
       248, 29, 141, 164, 80, 7, 248, 30, 156, 235, 80, 114, 50, 56, 88,
