%YAML:1.0
descriptors: !!opencv-matrix
   rows: 59
   cols: 64
   dt: u
   data: [ 61, 186, 253, 252, 62, 253, 249, 124, 253, 254, 247, 249, 253,
       121, 189, 255, 255, 252, 99, 123, 245, 118, 211, 255, 237, 255,
       245, 255, 127, 215, 247, 235, 223, 44, 215, 190, 223, 120, 249,
       125, 120, 93, 123, 47, 213, 53, 247, 111, 187, 172, 24, 7, 240,
       29, 156, 93, 20, 242, 51, 189, 250, 215, 40, 250, 191, 254, 125,
       239, 191, 253, 189, 253, 255, 255, 253, 255, 253, 63, 255, 255,
       255, 254, 231, 249, 253, 210, 255, 252, 245, 173, 245, 251, 255,
       255, 255, 255, 253, 252, 255, 254, 255, 251, 249, 255, 255, 223,
       127, 63, 246, 247, 254, 125, 187, 255, 255, 47, 254, 159, 255,
       125, 190, 243, 191, 252, 255, 223, 110, 223, 63, 190, 125, 175,
       255, 253, 191, 120, 255, 253, 254, 253, 237, 127, 249, 245, 255,
       255, 67, 114, 245, 99, 219, 125, 237, 255, 229, 255, 126, 95, 243,
       239, 223, 108, 87, 190, 215, 122, 233, 117, 252, 92, 122, 175,
       213, 51, 247, 111, 185, 172, 24, 5, 240, 29, 157, 73, 16, 242, 51,
       189, 218, 87, 36, 254, 61, 191, 253, 254, 55, 255, 249, 123, 247,
       252, 213, 245, 253, 127, 188, 94, 254, 223, 99, 99, 245, 119, 195,
       247, 221, 254, 245, 255, 122, 222, 245, 235, 223, 44, 85, 190, 83,
       120, 249, 124, 120, 93, 57, 47, 213, 53, 247, 111, 153, 172, 24,
       5, 240, 29, 156, 73, 16, 242, 51, 189, 88, 87, 32, 250, 60, 182,
       253, 252, 62, 253, 189, 125, 253, 252, 222, 181, 253, 126, 185,
       228, 251, 220, 99, 98, 245, 48, 211, 255, 221, 239, 164, 171, 90,
       223, 119, 239, 223, 36, 85, 190, 86, 120, 233, 116, 120, 93, 122,
       47, 212, 53, 247, 111, 153, 172, 24, 5, 240, 29, 156, 73, 16, 242,
       51, 189, 90, 87, 32, 250, 62, 245, 253, 254, 55, 127, 125, 127,
       247, 246, 253, 176, 125, 186, 180, 94, 255, 214, 99, 123, 183,
       114, 241, 55, 221, 171, 228, 217, 115, 252, 244, 233, 215, 44,
       150, 190, 219, 120, 209, 125, 122, 223, 61, 47, 246, 53, 231, 110,
       155, 174, 26, 7, 240, 29, 156, 93, 16, 243, 59, 253, 121, 214, 42,
       251, 76, 43, 163, 176, 16, 247, 40, 103, 0, 134, 195, 20, 81, 132,
       155, 98, 203, 76, 35, 103, 134, 37, 198, 147, 77, 154, 182, 141,
       64, 14, 50, 72, 87, 36, 85, 186, 80, 122, 201, 84, 48, 84, 48, 46,
       215, 4, 229, 110, 153, 172, 24, 5, 240, 29, 156, 73, 16, 242, 51,
       189, 72, 87, 32, 242, 63, 182, 109, 170, 63, 253, 177, 124, 253,
       254, 254, 245, 125, 63, 253, 245, 251, 252, 67, 121, 241, 114,
       217, 117, 109, 189, 101, 139, 127, 95, 113, 235, 221, 44, 215,
       190, 95, 122, 233, 116, 120, 92, 58, 47, 212, 119, 246, 111, 185,
       172, 24, 5, 240, 29, 156, 89, 16, 242, 51, 188, 90, 215, 40, 250,
       45, 54, 117, 34, 29, 164, 35, 88, 244, 124, 192, 115, 237, 11,
       128, 85, 226, 245, 131, 96, 241, 38, 216, 127, 68, 184, 96, 143,
       90, 8, 97, 239, 223, 36, 212, 186, 81, 56, 41, 116, 92, 68, 26,
       143, 208, 81, 240, 79, 152, 172, 24, 0, 240, 28, 156, 73, 24, 178,
       55, 156, 218, 87, 36, 251, 45, 246, 109, 169, 191, 253, 165, 120,
       252, 254, 238, 117, 237, 63, 249, 229, 195, 252, 195, 96, 241, 98,
       156, 124, 109, 189, 33, 163, 126, 79, 49, 255, 253, 100, 215, 186,
       87, 242, 169, 116, 252, 84, 122, 46, 84, 163, 246, 105, 153, 173,
       24, 5, 240, 29, 141, 73, 16, 242, 55, 188, 218, 87, 32, 248, 51,
       54, 81, 134, 223, 0, 15, 8, 230, 70, 177, 114, 173, 11, 132, 85,
       242, 247, 5, 112, 64, 6, 129, 116, 78, 156, 249, 41, 210, 8, 113,
       41, 212, 36, 84, 190, 66, 120, 129, 116, 112, 74, 24, 15, 212, 16,
       244, 77, 153, 172, 24, 5, 112, 28, 156, 73, 16, 242, 51, 188, 88,
       87, 32, 248, 62, 57, 243, 246, 50, 135, 93, 111, 198, 228, 215,
       181, 119, 206, 147, 86, 250, 214, 34, 99, 135, 45, 195, 119, 157,
       154, 246, 13, 82, 168, 116, 233, 71, 36, 117, 190, 82, 120, 195,
       84, 112, 88, 181, 111, 239, 20, 229, 111, 153, 172, 24, 5, 240,
       28, 156, 65, 16, 242, 51, 249, 88, 23, 32, 250, 62, 249, 237, 222,
       55, 255, 93, 126, 247, 214, 253, 248, 127, 250, 180, 78, 251, 212,
       98, 107, 183, 126, 193, 119, 125, 255, 167, 29, 115, 220, 116,
       233, 214, 38, 23, 186, 194, 120, 251, 125, 114, 223, 189, 47, 215,
       20, 245, 110, 155, 172, 155, 5, 240, 29, 158, 93, 16, 242, 123,
       255, 89, 87, 34, 251, 6, 35, 195, 146, 16, 66, 9, 79, 130, 194, 3,
       52, 1, 135, 129, 82, 235, 84, 1, 102, 3, 172, 196, 35, 76, 136,
       162, 9, 18, 8, 48, 9, 82, 38, 117, 154, 66, 124, 67, 84, 32, 64,
       56, 42, 14, 28, 97, 238, 153, 44, 80, 5, 32, 24, 148, 73, 144,
       114, 33, 189, 88, 70, 32, 242, 44, 239, 109, 236, 54, 253, 253,
       121, 189, 222, 254, 245, 221, 127, 253, 228, 139, 252, 227, 107,
       245, 114, 208, 247, 125, 255, 133, 179, 124, 222, 55, 235, 223,
       68, 215, 186, 215, 120, 249, 125, 120, 93, 59, 47, 244, 53, 247,
       111, 187, 172, 153, 13, 240, 29, 156, 89, 48, 242, 51, 189, 122,
       223, 40, 250, 135, 197, 0, 28, 137, 128, 14, 64, 0, 35, 33, 202,
       130, 65, 4, 11, 0, 77, 36, 67, 202, 36, 130, 75, 68, 214, 131, 39,
       17, 40, 33, 64, 211, 48, 20, 170, 0, 40, 98, 162, 98, 42, 56, 233,
       209, 16, 181, 11, 17, 172, 24, 5, 97, 24, 156, 0, 16, 178, 51,
       189, 24, 87, 34, 235, 194, 1, 131, 151, 193, 66, 14, 142, 6, 227,
       1, 10, 147, 132, 18, 26, 111, 87, 48, 101, 10, 133, 230, 33, 78,
       193, 184, 45, 147, 8, 18, 41, 81, 37, 116, 155, 2, 100, 7, 214, 0,
       72, 40, 43, 139, 28, 237, 180, 145, 172, 80, 5, 48, 26, 148, 203,
       144, 112, 48, 60, 92, 84, 48, 250, 7, 134, 65, 129, 221, 128, 135,
       72, 164, 75, 0, 123, 137, 75, 128, 5, 66, 85, 5, 96, 192, 37, 138,
       112, 78, 152, 57, 39, 146, 8, 33, 27, 215, 36, 92, 186, 82, 120,
       45, 52, 96, 70, 24, 15, 209, 20, 208, 85, 24, 172, 24, 5, 240, 28,
       156, 73, 16, 242, 51, 188, 88, 87, 32, 249, 68, 1, 131, 149, 16,
       66, 72, 207, 130, 130, 1, 22, 3, 198, 131, 66, 170, 85, 32, 71,
       14, 173, 198, 3, 78, 210, 178, 13, 18, 8, 50, 24, 82, 38, 117,
       186, 0, 124, 67, 84, 48, 96, 48, 106, 143, 28, 193, 46, 25, 172,
       16, 5, 112, 24, 148, 73, 16, 114, 49, 189, 72, 85, 33, 250, 58,
       221, 254, 254, 63, 253, 253, 127, 63, 252, 223, 253, 63, 126, 253,
       223, 255, 214, 97, 251, 247, 125, 211, 115, 109, 255, 243, 63,
       127, 95, 247, 235, 223, 38, 87, 186, 215, 120, 249, 117, 112, 93,
       255, 47, 213, 21, 247, 111, 153, 172, 24, 5, 242, 29, 156, 73, 16,
       242, 115, 191, 91, 95, 36, 250, 5, 6, 132, 16, 9, 6, 5, 70, 32,
       100, 1, 0, 0, 125, 129, 5, 226, 84, 1, 98, 192, 38, 200, 99, 78,
       136, 128, 14, 16, 8, 17, 75, 215, 36, 84, 186, 16, 120, 33, 70,
       116, 80, 24, 6, 212, 16, 197, 79, 25, 172, 24, 5, 112, 24, 156,
       73, 16, 242, 51, 189, 88, 87, 32, 250, 6, 2, 1, 128, 9, 140, 1,
       77, 166, 100, 3, 4, 17, 40, 176, 6, 192, 48, 1, 96, 192, 34, 216,
       99, 84, 128, 128, 15, 2, 136, 17, 73, 151, 36, 71, 186, 0, 104,
       33, 78, 32, 80, 0, 11, 68, 84, 229, 75, 145, 44, 24, 4, 176, 25,
       156, 9, 16, 114, 51, 189, 72, 87, 32, 250, 199, 33, 195, 177, 217,
       162, 39, 202, 160, 99, 131, 114, 131, 203, 162, 67, 202, 85, 57,
       103, 75, 173, 194, 115, 70, 218, 154, 47, 210, 8, 50, 9, 87, 39,
       84, 187, 2, 124, 101, 84, 80, 96, 56, 11, 201, 28, 245, 135, 25,
       172, 24, 4, 113, 28, 156, 73, 16, 248, 49, 189, 72, 87, 48, 250,
       60, 49, 125, 148, 50, 213, 217, 125, 210, 254, 213, 148, 93, 36,
       145, 82, 186, 212, 66, 107, 128, 48, 198, 179, 141, 154, 164, 219,
       66, 172, 53, 107, 87, 52, 21, 186, 222, 120, 193, 117, 80, 72, 57,
       46, 242, 20, 193, 111, 155, 172, 24, 7, 240, 29, 156, 73, 16, 242,
       51, 221, 120, 23, 32, 250, 114, 176, 209, 215, 254, 132, 223, 45,
       202, 235, 17, 252, 189, 70, 147, 82, 126, 215, 0, 99, 206, 41,
       199, 79, 140, 202, 230, 127, 18, 41, 245, 110, 119, 165, 92, 191,
