%YAML:1.0
descriptors: !!opencv-matrix
   rows: 74
   cols: 64
   dt: u
   data: [ 60, 184, 255, 255, 63, 253, 249, 125, 253, 255, 253, 253, 253,
       127, 191, 126, 251, 253, 99, 107, 245, 119, 211, 255, 253, 255,
       247, 191, 127, 223, 119, 239, 223, 44, 87, 190, 215, 120, 249,
       125, 120, 93, 123, 47, 213, 53, 247, 111, 155, 172, 24, 5, 240,
       29, 156, 93, 16, 242, 51, 189, 219, 215, 40, 254, 191, 253, 255,
       254, 63, 255, 253, 127, 255, 253, 253, 255, 255, 127, 254, 255,
       255, 255, 99, 123, 247, 127, 211, 119, 253, 255, 247, 255, 127,
       95, 247, 239, 223, 44, 85, 190, 215, 122, 249, 125, 122, 95, 251,
       47, 213, 55, 247, 111, 153, 172, 24, 13, 240, 29, 157, 77, 16,
       242, 115, 191, 90, 87, 34, 250, 63, 190, 253, 239, 62, 253, 251,
       125, 255, 255, 222, 253, 253, 127, 255, 252, 255, 255, 99, 123,
       245, 119, 211, 255, 253, 239, 244, 255, 126, 223, 247, 239, 223,
       108, 87, 190, 223, 122, 249, 125, 252, 93, 123, 47, 213, 55, 247,
       111, 153, 172, 24, 13, 240, 29, 157, 93, 24, 242, 51, 189, 218,
       223, 40, 254, 63, 253, 255, 254, 54, 183, 253, 123, 245, 254, 253,
       251, 255, 254, 182, 94, 255, 255, 99, 99, 247, 127, 211, 119, 221,
       255, 247, 255, 122, 215, 246, 235, 215, 44, 87, 190, 211, 120,
       249, 125, 120, 95, 185, 47, 213, 21, 247, 111, 153, 172, 24, 5,
       240, 29, 156, 73, 16, 242, 115, 189, 88, 87, 32, 250, 28, 49, 221,
       150, 55, 163, 125, 122, 246, 130, 213, 48, 253, 111, 176, 82, 254,
       215, 99, 115, 229, 39, 193, 247, 204, 250, 244, 221, 82, 140, 245,
       232, 223, 44, 85, 190, 90, 120, 233, 116, 120, 92, 56, 47, 213,
       53, 245, 111, 153, 172, 24, 5, 240, 29, 156, 73, 24, 242, 51, 189,
       88, 87, 32, 250, 61, 191, 255, 254, 63, 191, 253, 123, 247, 252,
       212, 251, 255, 123, 190, 95, 250, 247, 99, 99, 245, 47, 211, 247,
       221, 255, 247, 255, 122, 92, 245, 235, 223, 44, 85, 190, 214, 120,
       249, 125, 120, 92, 58, 175, 213, 53, 245, 111, 153, 172, 24, 5,
       240, 29, 156, 73, 16, 242, 115, 189, 90, 87, 32, 250, 126, 249,
       255, 222, 62, 247, 221, 127, 247, 255, 253, 251, 255, 250, 182,
       126, 247, 215, 115, 107, 247, 125, 195, 119, 253, 239, 247, 127,
       123, 223, 247, 235, 215, 36, 87, 190, 218, 120, 249, 125, 114, 95,
       185, 47, 213, 20, 245, 111, 153, 172, 24, 5, 240, 29, 156, 73, 16,
       242, 115, 191, 88, 87, 34, 251, 13, 182, 236, 105, 62, 245, 177,
       116, 56, 188, 214, 117, 204, 61, 185, 197, 136, 252, 195, 234,
       245, 114, 222, 251, 105, 40, 4, 214, 124, 85, 241, 199, 255, 248,
       217, 36, 127, 186, 249, 53, 253, 29, 122, 38, 212, 225, 211, 107,
       186, 252, 141, 13, 244, 29, 153, 77, 54, 211, 183, 165, 242, 219,
       108, 222, 191, 244, 125, 175, 255, 189, 159, 88, 254, 87, 189,
       250, 173, 59, 244, 125, 242, 247, 30, 112, 121, 98, 179, 116, 236,
       253, 249, 59, 255, 59, 127, 57, 212, 108, 158, 222, 194, 113, 169,
       247, 83, 222, 24, 31, 208, 22, 252, 29, 137, 189, 16, 5, 104, 157,
       159, 73, 16, 246, 49, 156, 88, 95, 38, 185, 204, 233, 175, 217,
       34, 119, 125, 255, 145, 198, 245, 152, 83, 160, 183, 202, 139, 93,
       123, 111, 30, 157, 230, 147, 63, 203, 158, 164, 65, 197, 54, 169,
       213, 23, 53, 235, 22, 125, 237, 116, 114, 255, 181, 63, 191, 28,
       117, 238, 95, 168, 127, 215, 209, 127, 180, 222, 208, 252, 41,
       249, 93, 85, 83, 251, 63, 54, 125, 170, 55, 189, 33, 120, 246, 94,
       250, 52, 109, 63, 185, 117, 242, 254, 67, 240, 241, 114, 145, 244,
       204, 168, 100, 217, 126, 92, 249, 233, 124, 108, 215, 190, 127,
       114, 137, 116, 252, 84, 26, 140, 84, 227, 230, 76, 186, 44, 152,
       8, 242, 29, 223, 89, 52, 242, 55, 188, 90, 214, 108, 240, 62, 181,
       125, 174, 50, 13, 29, 111, 87, 68, 253, 176, 125, 50, 180, 118,
       242, 146, 64, 241, 17, 48, 193, 182, 221, 137, 224, 217, 99, 188,
       220, 169, 148, 36, 20, 190, 202, 120, 129, 252, 114, 219, 61, 47,
       240, 22, 228, 78, 153, 166, 139, 15, 112, 29, 159, 73, 56, 243,
       59, 184, 89, 86, 34, 249, 191, 244, 125, 142, 191, 189, 223, 25,
       255, 127, 189, 250, 191, 123, 244, 93, 242, 247, 38, 177, 241,
       118, 177, 124, 244, 247, 225, 59, 127, 123, 245, 107, 215, 236,
       158, 190, 250, 121, 185, 255, 118, 223, 111, 45, 208, 84, 244, 79,
       153, 191, 24, 13, 248, 149, 159, 93, 56, 178, 114, 189, 250, 223,
       46, 251, 58, 249, 191, 222, 38, 151, 92, 55, 215, 134, 245, 216,
       127, 240, 52, 90, 252, 146, 118, 251, 182, 125, 225, 215, 185, 51,
       231, 254, 67, 245, 244, 232, 207, 60, 160, 190, 223, 104, 242,
       121, 122, 223, 245, 109, 179, 53, 183, 111, 187, 170, 139, 207,
       248, 29, 120, 93, 21, 243, 123, 251, 123, 251, 203, 251, 44, 171,
       117, 130, 50, 125, 161, 127, 228, 212, 206, 117, 125, 63, 251,
       228, 235, 212, 67, 96, 245, 34, 193, 246, 93, 189, 181, 9, 114,
       142, 51, 233, 213, 36, 87, 186, 82, 122, 233, 116, 112, 92, 56,
       47, 212, 52, 245, 110, 153, 172, 24, 5, 240, 29, 156, 73, 16, 242,
       51, 189, 88, 87, 32, 250, 4, 33, 131, 148, 16, 2, 88, 78, 2, 130,
       1, 20, 67, 194, 144, 66, 10, 68, 0, 71, 2, 172, 192, 3, 12, 130,
       162, 9, 2, 40, 16, 8, 82, 54, 52, 154, 0, 124, 67, 84, 0, 96, 177,
       74, 170, 28, 193, 110, 81, 172, 48, 21, 32, 24, 180, 72, 128, 114,
       49, 217, 72, 20, 33, 242, 61, 48, 247, 166, 18, 101, 161, 254,
       244, 220, 198, 117, 125, 46, 179, 100, 235, 212, 67, 98, 241, 34,
       197, 118, 76, 169, 164, 137, 82, 8, 49, 235, 245, 36, 85, 186, 83,
       120, 137, 116, 120, 84, 56, 46, 196, 53, 209, 110, 153, 172, 24,
       5, 240, 29, 156, 73, 16, 242, 51, 188, 88, 87, 32, 250, 190, 245,
       125, 158, 55, 93, 85, 127, 247, 196, 253, 240, 127, 62, 180, 254,
       251, 214, 103, 103, 55, 50, 241, 55, 221, 175, 229, 25, 115, 158,
       246, 169, 214, 36, 87, 190, 66, 120, 201, 252, 114, 223, 56, 47,
       212, 20, 245, 110, 153, 172, 24, 5, 240, 29, 156, 73, 16, 242, 51,
       189, 88, 87, 32, 250, 191, 244, 125, 172, 55, 125, 253, 125, 253,
       254, 252, 249, 125, 62, 252, 255, 251, 244, 71, 121, 245, 114,
       245, 52, 125, 173, 229, 155, 127, 95, 127, 235, 253, 108, 214,
       254, 214, 123, 185, 253, 254, 223, 126, 63, 212, 183, 246, 109,
       185, 173, 158, 13, 250, 29, 159, 93, 56, 242, 59, 188, 219, 223,
       46, 251, 28, 32, 81, 173, 16, 97, 169, 252, 208, 190, 202, 53, 81,
       6, 153, 98, 235, 220, 3, 98, 193, 160, 196, 26, 76, 136, 160, 137,
       82, 10, 49, 251, 113, 36, 85, 186, 82, 120, 129, 116, 112, 76, 56,
       46, 214, 20, 192, 108, 153, 172, 24, 5, 240, 29, 156, 73, 144,
       242, 51, 188, 88, 86, 32, 242, 39, 38, 64, 2, 153, 128, 3, 72,
       226, 96, 2, 48, 160, 11, 129, 69, 98, 68, 1, 96, 193, 34, 137,
       108, 76, 136, 40, 15, 18, 8, 33, 79, 85, 36, 84, 186, 0, 48, 1,
       86, 0, 64, 24, 138, 64, 0, 192, 79, 24, 44, 24, 0, 112, 24, 140,
       73, 16, 114, 51, 156, 72, 86, 32, 248, 51, 48, 209, 162, 223, 160,
       7, 76, 246, 121, 132, 113, 173, 78, 166, 85, 234, 213, 1, 96, 193,
       39, 203, 125, 78, 216, 176, 47, 82, 9, 49, 111, 215, 164, 84, 186,
       82, 120, 41, 118, 112, 92, 24, 47, 213, 20, 245, 79, 153, 172, 24,
       5, 240, 28, 156, 73, 16, 242, 51, 189, 88, 87, 32, 250, 253, 253,
       255, 253, 54, 127, 249, 255, 253, 222, 254, 255, 95, 255, 251,
       238, 251, 221, 127, 111, 117, 255, 228, 183, 95, 255, 183, 185,
       251, 222, 118, 251, 242, 36, 85, 250, 86, 126, 249, 124, 250, 93,
       58, 62, 223, 55, 245, 110, 157, 172, 30, 5, 248, 29, 157, 77, 16,
       246, 51, 189, 95, 87, 32, 250, 228, 33, 81, 182, 216, 130, 39, 72,
       196, 101, 3, 50, 241, 238, 146, 66, 226, 213, 1, 102, 203, 173,
       130, 114, 78, 218, 178, 15, 210, 8, 49, 107, 83, 38, 84, 186, 82,
       120, 97, 84, 80, 64, 24, 15, 193, 20, 197, 79, 153, 172, 24, 5,
       240, 28, 156, 73, 16, 242, 51, 189, 88, 23, 32, 250, 111, 100,
