%YAML:1.0
descriptors: !!opencv-matrix
   rows: 102
   cols: 64
   dt: u
   data: [ 60, 177, 253, 254, 62, 253, 253, 124, 247, 252, 213, 245, 253,
       126, 180, 84, 251, 254, 99, 99, 245, 54, 195, 247, 221, 255, 244,
       255, 122, 221, 245, 235, 215, 36, 87, 190, 215, 120, 233, 125,
       120, 93, 59, 47, 213, 53, 247, 111, 153, 172, 24, 5, 240, 29, 156,
       73, 16, 242, 51, 189, 90, 87, 32, 250, 62, 189, 255, 254, 55, 245,
       253, 127, 247, 252, 221, 241, 127, 254, 189, 94, 251, 214, 99,
       107, 245, 126, 193, 119, 221, 255, 247, 255, 122, 220, 245, 235,
       215, 44, 85, 190, 210, 120, 249, 125, 120, 93, 57, 47, 213, 53,
       245, 111, 153, 172, 24, 5, 240, 29, 156, 73, 16, 242, 51, 189, 88,
       87, 32, 250, 60, 249, 255, 254, 54, 247, 253, 127, 247, 254, 253,
       249, 127, 254, 181, 94, 251, 215, 99, 107, 247, 63, 195, 247, 221,
       255, 247, 255, 83, 220, 244, 235, 215, 36, 85, 190, 210, 120, 249,
       117, 122, 95, 189, 47, 213, 53, 245, 111, 153, 172, 24, 5, 240,
       29, 156, 73, 16, 242, 115, 191, 89, 87, 34, 251, 63, 55, 117, 182,
       63, 181, 189, 120, 246, 254, 210, 117, 253, 127, 177, 85, 254,
       254, 67, 243, 245, 38, 211, 119, 204, 186, 228, 223, 90, 92, 245,
       235, 215, 44, 87, 190, 91, 120, 233, 116, 120, 92, 56, 47, 212,
       53, 247, 111, 153, 172, 24, 5, 240, 29, 156, 73, 16, 242, 51, 189,
       88, 87, 32, 250, 60, 177, 253, 254, 63, 181, 253, 126, 247, 254,
       213, 241, 253, 126, 182, 94, 255, 222, 99, 99, 245, 55, 195, 119,
       205, 250, 246, 223, 90, 221, 245, 235, 215, 36, 85, 190, 215, 120,
       233, 125, 120, 93, 121, 47, 213, 53, 247, 111, 153, 172, 24, 5,
       240, 29, 156, 73, 16, 242, 51, 189, 88, 87, 32, 250, 61, 187, 253,
       246, 63, 253, 253, 124, 255, 252, 254, 247, 253, 127, 190, 116,
       255, 255, 99, 107, 245, 127, 195, 119, 237, 255, 247, 255, 126,
       223, 247, 235, 223, 44, 85, 190, 215, 120, 249, 125, 120, 93, 59,
       47, 213, 53, 247, 111, 153, 172, 24, 5, 240, 29, 156, 73, 16, 242,
       51, 189, 90, 87, 32, 250, 61, 190, 253, 254, 63, 189, 185, 125,
       255, 252, 214, 245, 253, 127, 189, 84, 250, 255, 99, 123, 245,
       119, 211, 255, 221, 186, 228, 255, 126, 221, 245, 239, 223, 44,
       87, 190, 223, 122, 233, 124, 120, 93, 122, 47, 213, 53, 247, 111,
       153, 172, 24, 13, 240, 29, 156, 73, 16, 242, 51, 189, 90, 87, 40,
       250, 62, 181, 253, 254, 54, 189, 253, 123, 247, 254, 213, 243,
       253, 122, 188, 86, 254, 223, 99, 99, 245, 47, 211, 247, 221, 186,
       246, 223, 82, 220, 245, 235, 215, 44, 87, 190, 219, 120, 233, 124,
       120, 92, 57, 47, 213, 53, 247, 111, 153, 172, 24, 5, 240, 29, 156,
       73, 16, 242, 51, 189, 88, 87, 32, 250, 62, 177, 125, 182, 55, 181,
       61, 122, 118, 198, 213, 240, 125, 126, 180, 86, 250, 214, 65, 99,
       229, 32, 193, 119, 204, 186, 224, 79, 82, 12, 245, 233, 215, 36,
       85, 190, 82, 120, 233, 116, 112, 92, 56, 47, 212, 20, 245, 111,
       153, 172, 24, 5, 240, 29, 156, 73, 16, 242, 51, 189, 88, 87, 32,
       250, 13, 34, 77, 160, 17, 177, 33, 126, 244, 150, 214, 52, 121,
       63, 153, 66, 202, 28, 67, 96, 225, 98, 193, 247, 76, 184, 132,
       129, 106, 140, 49, 201, 223, 36, 69, 186, 83, 120, 169, 124, 124,
       84, 56, 47, 84, 53, 247, 111, 153, 172, 24, 5, 240, 29, 156, 73,
       16, 242, 51, 189, 88, 87, 32, 250, 45, 166, 109, 168, 63, 253,
       161, 124, 244, 252, 212, 245, 125, 63, 189, 69, 235, 252, 67, 96,
       245, 114, 210, 119, 93, 184, 132, 147, 122, 84, 49, 235, 215, 44,
       87, 186, 83, 120, 233, 124, 124, 93, 58, 47, 212, 53, 247, 111,
       153, 172, 24, 5, 240, 29, 156, 73, 16, 242, 51, 189, 90, 87, 32,
       250, 13, 38, 97, 32, 16, 54, 33, 94, 160, 174, 194, 52, 64, 8,
       161, 67, 194, 92, 131, 96, 225, 32, 200, 115, 76, 136, 132, 129,
       80, 12, 49, 203, 87, 4, 85, 186, 16, 120, 1, 84, 88, 64, 24, 14,
       64, 5, 67, 79, 25, 44, 24, 5, 240, 29, 156, 73, 16, 226, 51, 188,
       72, 86, 32, 250, 12, 35, 237, 176, 51, 55, 41, 94, 180, 254, 194,
       50, 81, 170, 179, 71, 202, 220, 3, 99, 225, 52, 192, 123, 12, 154,
       178, 3, 82, 72, 49, 203, 87, 4, 84, 186, 82, 120, 225, 116, 112,
       76, 56, 47, 210, 4, 193, 111, 153, 172, 24, 5, 240, 29, 156, 73,
       16, 242, 51, 189, 88, 87, 32, 250, 63, 54, 117, 162, 31, 167, 35,
       121, 230, 76, 210, 53, 237, 11, 144, 85, 242, 245, 67, 96, 241,
       34, 209, 116, 140, 168, 236, 141, 82, 28, 113, 233, 69, 44, 86,
       190, 82, 120, 1, 84, 92, 64, 16, 143, 192, 49, 228, 79, 152, 172,
       24, 1, 240, 28, 156, 65, 0, 178, 51, 188, 88, 87, 32, 248, 13, 47,
       229, 184, 16, 252, 37, 71, 161, 198, 74, 148, 81, 167, 185, 99,
       139, 108, 163, 99, 229, 100, 82, 115, 93, 220, 132, 133, 64, 14,
       48, 201, 215, 4, 85, 186, 16, 120, 201, 116, 116, 92, 56, 39, 84,
       20, 117, 110, 153, 172, 56, 5, 240, 29, 156, 72, 16, 226, 51, 189,
       72, 87, 32, 250, 214, 49, 81, 150, 214, 2, 11, 78, 198, 64, 17,
       52, 33, 194, 144, 82, 98, 212, 5, 100, 75, 128, 164, 32, 14, 136,
       168, 9, 146, 8, 48, 41, 112, 36, 20, 186, 66, 112, 1, 212, 130,
       66, 24, 10, 192, 28, 192, 12, 137, 36, 80, 5, 96, 26, 148, 73,
       144, 114, 33, 152, 92, 6, 34, 177, 84, 51, 81, 146, 208, 2, 33,
       206, 198, 4, 3, 52, 65, 195, 147, 114, 98, 212, 1, 100, 11, 128,
       164, 34, 14, 136, 168, 9, 146, 8, 48, 57, 112, 36, 20, 186, 0,
       114, 5, 212, 130, 64, 24, 10, 72, 14, 192, 140, 137, 36, 80, 4,
       96, 26, 132, 73, 128, 112, 33, 152, 92, 6, 34, 177, 50, 241, 73,
       150, 23, 140, 31, 9, 198, 70, 21, 242, 189, 106, 180, 84, 242,
       215, 4, 113, 130, 34, 129, 102, 220, 150, 229, 41, 18, 186, 81,
       41, 146, 44, 84, 158, 74, 120, 203, 92, 48, 218, 52, 41, 148, 20,
       245, 47, 145, 172, 16, 5, 32, 25, 156, 73, 16, 114, 50, 189, 88,
       87, 32, 250, 50, 209, 24, 150, 23, 128, 94, 8, 70, 67, 53, 114,
       189, 74, 36, 84, 118, 215, 4, 145, 130, 54, 129, 102, 140, 150,
       227, 109, 18, 56, 213, 41, 130, 44, 20, 158, 74, 104, 131, 215, 0,
       202, 37, 73, 144, 20, 181, 15, 145, 166, 16, 5, 40, 16, 188, 99,
       16, 50, 50, 57, 24, 87, 32, 185, 84, 35, 211, 176, 80, 34, 33,
       238, 192, 170, 194, 52, 65, 131, 147, 114, 226, 196, 3, 102, 11,
       137, 228, 19, 142, 136, 174, 137, 194, 8, 48, 56, 112, 39, 52,
       187, 0, 118, 5, 212, 128, 64, 24, 14, 74, 140, 65, 212, 9, 44,
       116, 16, 96, 26, 132, 73, 128, 120, 1, 152, 76, 6, 35, 177, 84,
       51, 243, 176, 16, 98, 32, 247, 64, 162, 195, 52, 65, 135, 147, 98,
       226, 196, 3, 102, 11, 137, 228, 147, 14, 136, 162, 141, 82, 12,
       48, 24, 112, 7, 53, 187, 0, 118, 5, 212, 144, 64, 16, 14, 74, 140,
       65, 206, 8, 44, 116, 16, 112, 26, 132, 73, 128, 104, 1, 152, 76,
       6, 35, 176, 68, 43, 243, 176, 16, 98, 40, 246, 64, 170, 195, 52,
       65, 135, 155, 226, 226, 76, 3, 102, 11, 137, 68, 147, 143, 136,
       162, 141, 64, 12, 48, 73, 112, 7, 117, 187, 0, 118, 5, 84, 128,
       64, 24, 14, 106, 142, 65, 206, 152, 44, 116, 21, 96, 28, 21, 73,
       128, 104, 1, 188, 76, 6, 33, 176, 68, 43, 243, 176, 16, 66, 40,
       102, 0, 170, 195, 52, 64, 167, 155, 194, 234, 76, 3, 110, 143,
       141, 68, 155, 141, 136, 166, 205, 64, 12, 48, 72, 113, 22, 117,
       171, 0, 126, 5, 86, 128, 64, 24, 14, 106, 140, 65, 238, 153, 44,
       124, 21, 96, 93, 21, 72, 128, 106, 3, 189, 76, 6, 33, 242, 84, 33,
       241, 148, 16, 7, 41, 111, 194, 100, 209, 53, 85, 226, 145, 82,
       234, 212, 3, 96, 193, 165, 192, 19, 140, 136, 164, 13, 66, 140,
       48, 105, 83, 36, 85, 186, 18, 120, 1, 84, 208, 72, 24, 14, 192,
       20, 225, 78, 153, 172, 24, 5, 240, 28, 156, 73, 0, 242, 51, 185,
       88, 70, 32, 251, 70, 33, 193, 146, 16, 2, 1, 79, 130, 66, 1, 48,
       17, 130, 129, 66, 98, 84, 1, 68, 3, 128, 192, 3, 12, 128, 168, 13,
       18, 8, 48, 8, 112, 36, 20, 186, 0, 112, 1, 84, 0, 64, 16, 10, 64,
       12, 192, 78, 17, 36, 16, 4, 32, 24, 148, 73, 144, 98, 33, 156, 72,
