%YAML:1.0
descriptors: !!opencv-matrix
   rows: 71
   cols: 64
   dt: u
   data: [ 62, 184, 255, 255, 62, 253, 253, 125, 253, 255, 223, 253, 253,
       126, 253, 254, 251, 252, 99, 123, 245, 127, 215, 255, 253, 255,
       247, 191, 127, 255, 247, 239, 223, 108, 215, 190, 223, 121, 249,
       125, 120, 93, 255, 47, 245, 53, 247, 111, 187, 174, 153, 15, 242,
       29, 156, 93, 48, 242, 115, 191, 251, 223, 40, 254, 61, 190, 253,
       255, 63, 253, 253, 125, 255, 255, 223, 253, 253, 127, 253, 253,
       251, 255, 99, 107, 245, 119, 211, 255, 253, 255, 245, 255, 127,
       223, 247, 239, 223, 108, 215, 190, 215, 120, 249, 125, 120, 93,
       123, 47, 213, 53, 247, 111, 187, 172, 152, 13, 240, 29, 156, 93,
       48, 242, 115, 189, 251, 223, 44, 254, 253, 253, 255, 254, 54, 127,
       253, 255, 247, 253, 253, 251, 127, 254, 182, 254, 255, 223, 127,
       111, 247, 127, 227, 247, 255, 255, 247, 255, 127, 223, 246, 235,
       223, 47, 117, 254, 215, 120, 249, 125, 122, 95, 187, 47, 253, 53,
       247, 111, 157, 172, 24, 5, 240, 29, 156, 77, 16, 246, 115, 191,
       123, 87, 35, 251, 252, 253, 255, 255, 54, 127, 253, 255, 255, 253,
       253, 251, 127, 254, 182, 254, 255, 215, 127, 111, 247, 191, 247,
       247, 255, 239, 247, 255, 123, 223, 246, 235, 215, 47, 119, 254,
       214, 125, 249, 245, 122, 223, 251, 47, 255, 52, 245, 111, 157,
       172, 26, 133, 240, 29, 156, 77, 16, 242, 115, 191, 123, 87, 35,
       251, 254, 249, 255, 255, 246, 111, 255, 250, 254, 253, 253, 251,
       255, 250, 246, 254, 251, 213, 127, 103, 126, 173, 230, 55, 207,
       255, 247, 63, 211, 90, 118, 187, 242, 39, 84, 255, 82, 125, 253,
       244, 114, 94, 185, 111, 217, 30, 253, 111, 157, 172, 24, 5, 240,
       63, 156, 73, 80, 246, 115, 191, 88, 86, 34, 251, 124, 58, 255,
       253, 126, 255, 251, 127, 253, 255, 214, 189, 223, 252, 187, 238,
       251, 253, 251, 107, 253, 119, 222, 255, 95, 234, 172, 183, 120,
       213, 125, 239, 255, 37, 87, 187, 215, 123, 253, 124, 248, 93, 123,
       46, 213, 167, 227, 111, 159, 172, 153, 13, 242, 29, 157, 89, 112,
       246, 115, 189, 219, 215, 40, 254, 108, 34, 237, 184, 18, 247, 34,
       119, 85, 252, 214, 149, 81, 52, 185, 70, 235, 221, 67, 99, 245,
       33, 196, 179, 93, 105, 136, 132, 64, 196, 49, 235, 223, 36, 85,
       186, 87, 120, 233, 116, 120, 93, 48, 47, 213, 53, 231, 111, 153,
       172, 24, 5, 240, 29, 156, 73, 16, 242, 51, 189, 88, 87, 32, 250,
       191, 53, 125, 182, 55, 112, 61, 122, 244, 255, 249, 241, 47, 11,
       132, 87, 235, 212, 37, 97, 225, 34, 225, 118, 77, 223, 241, 43,
       82, 10, 115, 105, 211, 36, 84, 186, 82, 120, 233, 244, 112, 92,
       56, 47, 212, 21, 245, 111, 153, 172, 24, 5, 240, 29, 156, 73, 16,
       242, 51, 189, 88, 87, 32, 250, 4, 32, 209, 133, 24, 128, 129, 77,
       22, 200, 2, 117, 209, 70, 177, 80, 234, 212, 1, 98, 193, 32, 198,
       115, 12, 136, 160, 15, 82, 8, 49, 107, 119, 36, 21, 186, 82, 120,
       105, 84, 80, 68, 24, 14, 196, 4, 209, 111, 153, 172, 24, 5, 240,
       28, 156, 73, 16, 114, 51, 189, 88, 23, 32, 250, 60, 240, 125, 174,
       54, 125, 121, 125, 253, 222, 253, 189, 125, 62, 253, 254, 251,
       212, 67, 105, 245, 112, 245, 54, 125, 173, 165, 153, 123, 219,
       127, 249, 240, 36, 87, 250, 210, 123, 201, 124, 250, 223, 124, 46,
       212, 150, 228, 108, 153, 172, 30, 5, 248, 29, 157, 77, 24, 242,
       59, 188, 89, 94, 34, 251, 58, 245, 108, 142, 55, 157, 221, 25,
       247, 70, 181, 248, 189, 122, 52, 93, 255, 182, 98, 177, 245, 118,
       209, 103, 241, 183, 245, 61, 127, 250, 213, 232, 207, 108, 199,
       158, 218, 88, 235, 125, 120, 223, 117, 45, 213, 116, 181, 111,
       179, 174, 152, 13, 242, 29, 220, 81, 56, 242, 114, 189, 123, 223,
       44, 218, 43, 214, 108, 170, 63, 61, 135, 25, 180, 94, 252, 250,
       61, 59, 124, 197, 235, 244, 69, 241, 241, 98, 145, 116, 93, 189,
       177, 43, 127, 26, 115, 251, 213, 44, 87, 186, 82, 120, 169, 124,
       118, 94, 56, 175, 212, 20, 244, 109, 153, 172, 24, 5, 240, 29,
       157, 73, 16, 242, 51, 188, 88, 87, 32, 250, 191, 245, 125, 166,
       55, 55, 31, 27, 247, 198, 245, 240, 61, 58, 180, 87, 246, 246, 70,
       253, 49, 114, 241, 118, 221, 187, 229, 95, 123, 120, 245, 233,
       210, 44, 150, 190, 202, 120, 129, 245, 82, 203, 61, 45, 210, 20,
       244, 110, 155, 174, 24, 7, 120, 29, 190, 93, 24, 243, 51, 156,
       121, 214, 42, 251, 13, 6, 101, 168, 0, 127, 163, 125, 164, 94,
       194, 4, 81, 61, 185, 5, 200, 124, 195, 96, 240, 96, 208, 240, 93,
       184, 12, 132, 80, 6, 49, 201, 213, 0, 85, 170, 81, 122, 137, 124,
       252, 84, 24, 14, 84, 21, 246, 109, 153, 44, 24, 4, 240, 29, 156,
       73, 16, 226, 51, 188, 72, 87, 32, 250, 214, 41, 219, 222, 16, 66,
       93, 206, 130, 226, 57, 184, 19, 194, 150, 218, 235, 212, 32, 111,
       15, 173, 230, 35, 77, 203, 178, 43, 83, 40, 50, 105, 211, 38, 52,
       250, 2, 124, 227, 118, 114, 74, 185, 107, 191, 28, 101, 110, 217,
       172, 122, 133, 240, 26, 180, 73, 144, 242, 49, 249, 92, 84, 33,
       251, 45, 231, 109, 168, 55, 119, 167, 120, 180, 222, 254, 52, 93,
       63, 249, 101, 203, 253, 67, 100, 113, 114, 144, 112, 77, 253, 173,
       5, 88, 94, 51, 185, 212, 36, 87, 186, 82, 120, 137, 116, 120, 92,
       56, 47, 213, 148, 244, 108, 153, 172, 24, 5, 240, 29, 156, 73, 16,
       242, 51, 188, 88, 87, 32, 250, 43, 214, 109, 234, 159, 125, 135,
       121, 252, 94, 252, 248, 61, 127, 253, 197, 203, 244, 71, 112, 244,
       114, 153, 118, 124, 189, 49, 35, 255, 91, 51, 251, 220, 110, 215,
       186, 82, 112, 105, 116, 122, 95, 58, 175, 84, 151, 244, 71, 153,
       173, 28, 12, 248, 29, 143, 73, 16, 240, 43, 189, 90, 215, 40, 248,
       126, 113, 121, 182, 55, 39, 95, 63, 215, 198, 245, 176, 125, 10,
       180, 86, 254, 215, 86, 117, 177, 51, 225, 55, 188, 171, 236, 93,
       83, 248, 244, 232, 192, 44, 6, 190, 202, 120, 129, 253, 90, 203,
       53, 47, 243, 61, 133, 110, 159, 174, 155, 15, 120, 29, 148, 81,
       80, 243, 59, 248, 121, 150, 42, 251, 13, 6, 101, 160, 217, 178,
       163, 88, 160, 94, 130, 5, 193, 109, 169, 5, 194, 253, 131, 100,
       224, 33, 128, 112, 76, 136, 168, 4, 208, 4, 49, 73, 86, 36, 85,
       186, 80, 114, 1, 84, 212, 84, 24, 14, 69, 0, 192, 79, 152, 44, 24,
       5, 240, 29, 156, 73, 16, 242, 51, 188, 72, 87, 32, 240, 246, 240,
       211, 159, 223, 192, 159, 204, 222, 251, 56, 249, 167, 206, 135,
       95, 235, 213, 33, 99, 204, 173, 238, 61, 78, 223, 187, 47, 83, 11,
       51, 127, 247, 165, 85, 187, 82, 253, 233, 118, 114, 78, 104, 47,
       213, 20, 221, 115, 153, 172, 24, 5, 240, 28, 156, 73, 16, 242, 51,
       189, 88, 87, 32, 254, 69, 34, 193, 177, 216, 128, 35, 76, 128, 33,
       130, 52, 193, 67, 129, 65, 234, 69, 1, 96, 201, 33, 202, 105, 76,
       136, 168, 47, 18, 8, 49, 79, 87, 37, 85, 186, 16, 240, 37, 86,
       128, 64, 24, 10, 65, 28, 201, 19, 25, 44, 24, 5, 112, 28, 156, 73,
       16, 242, 51, 189, 72, 87, 32, 249, 45, 46, 101, 233, 217, 253,
       161, 120, 188, 124, 202, 53, 205, 127, 249, 229, 227, 252, 195,
       98, 245, 42, 156, 126, 78, 188, 4, 1, 254, 78, 59, 223, 119, 102,
       95, 186, 80, 242, 249, 52, 253, 116, 26, 22, 68, 167, 249, 195,
       136, 45, 92, 4, 242, 29, 143, 73, 16, 224, 35, 173, 74, 71, 33,
       240, 13, 7, 16, 48, 217, 160, 161, 88, 160, 56, 194, 37, 128, 77,
       129, 1, 98, 108, 129, 66, 224, 46, 26, 115, 6, 168, 2, 129, 216,
       0, 33, 199, 95, 34, 85, 176, 49, 176, 65, 68, 77, 100, 26, 134,
       68, 65, 195, 75, 56, 44, 24, 0, 240, 28, 156, 65, 2, 162, 23, 135,
       8, 7, 37, 112, 255, 253, 255, 255, 255, 255, 95, 187, 255, 117,
       253, 251, 191, 254, 254, 253, 247, 247, 126, 255, 255, 223, 179,
       119, 255, 239, 237, 127, 255, 251, 254, 171, 255, 109, 150, 255,
       222, 127, 253, 253, 250, 223, 255, 63, 221, 63, 253, 47, 191, 191,
       159, 143, 250, 189, 159, 223, 120, 254, 127, 191, 251, 222, 190,
       221, 76, 1, 130, 116, 89, 162, 104, 74, 0, 32, 195, 55, 162, 194,
