%YAML:1.0
descriptors: !!opencv-matrix
   rows: 73
   cols: 64
   dt: u
   data: [ 220, 249, 223, 253, 250, 251, 254, 255, 123, 249, 255, 251,
       223, 246, 255, 250, 255, 223, 249, 111, 207, 125, 202, 251, 239,
       223, 251, 255, 109, 239, 183, 239, 223, 243, 125, 251, 127, 253,
       255, 119, 113, 189, 255, 119, 255, 159, 255, 255, 223, 254, 171,
       247, 255, 255, 190, 239, 95, 223, 191, 239, 89, 127, 245, 254,
       255, 255, 255, 255, 255, 255, 255, 250, 255, 255, 253, 251, 255,
       255, 254, 253, 255, 255, 255, 255, 247, 127, 251, 255, 255, 255,
       255, 255, 127, 127, 255, 255, 223, 255, 223, 255, 255, 253, 255,
       127, 127, 255, 251, 255, 255, 251, 247, 255, 255, 255, 158, 223,
       253, 253, 222, 223, 119, 255, 247, 191, 251, 255, 253, 254, 126,
       253, 255, 253, 127, 255, 255, 127, 189, 252, 254, 251, 223, 252,
       255, 255, 253, 253, 251, 123, 246, 125, 218, 251, 255, 255, 243,
       247, 125, 247, 127, 239, 223, 243, 127, 121, 255, 255, 255, 127,
       121, 189, 255, 127, 255, 151, 255, 235, 253, 254, 191, 223, 255,
       125, 191, 93, 127, 222, 255, 255, 219, 111, 189, 254, 254, 253,
       255, 255, 247, 255, 223, 191, 255, 255, 253, 254, 255, 254, 255,
       254, 255, 247, 126, 255, 191, 255, 247, 255, 255, 247, 255, 255,
       127, 251, 254, 187, 207, 255, 239, 255, 255, 125, 255, 127, 122,
       253, 255, 253, 191, 255, 253, 191, 255, 191, 191, 255, 253, 253,
       254, 255, 253, 255, 255, 255, 255, 253, 253, 254, 58, 254, 255,
       255, 62, 253, 253, 253, 253, 255, 254, 249, 255, 120, 255, 253,
       255, 253, 99, 123, 244, 119, 215, 255, 253, 255, 247, 191, 127,
       87, 119, 239, 223, 108, 223, 190, 223, 121, 249, 117, 120, 93,
       123, 47, 213, 53, 247, 111, 185, 188, 24, 5, 240, 29, 156, 93, 16,
       242, 115, 191, 251, 223, 40, 254, 253, 190, 247, 101, 253, 183,
       191, 248, 252, 191, 210, 123, 239, 75, 211, 77, 242, 237, 255,
       118, 253, 199, 27, 252, 230, 254, 127, 183, 222, 95, 99, 255, 95,
       237, 222, 255, 255, 189, 237, 119, 125, 76, 90, 158, 219, 105,
       155, 145, 188, 255, 24, 163, 229, 255, 156, 225, 86, 188, 183,
       143, 254, 215, 52, 182, 56, 189, 255, 254, 55, 191, 253, 123, 247,
       252, 213, 249, 255, 120, 188, 95, 246, 255, 99, 123, 246, 127,
       211, 247, 253, 254, 231, 255, 122, 215, 245, 235, 223, 44, 87,
       190, 215, 120, 249, 117, 120, 93, 255, 47, 213, 53, 247, 111, 153,
       172, 152, 13, 240, 29, 156, 77, 16, 242, 115, 191, 91, 95, 32,
       250, 62, 190, 239, 237, 62, 189, 253, 121, 253, 255, 246, 249,
       253, 123, 189, 77, 251, 253, 99, 107, 245, 119, 210, 255, 237,
       255, 181, 191, 126, 95, 117, 239, 215, 44, 215, 190, 223, 120,
       233, 117, 120, 93, 123, 47, 213, 53, 247, 111, 185, 172, 24, 5,
       240, 29, 156, 89, 16, 242, 51, 189, 250, 215, 40, 254, 61, 190,
       237, 173, 191, 253, 191, 121, 253, 255, 254, 251, 253, 57, 253,
       69, 251, 253, 107, 123, 245, 119, 219, 253, 125, 253, 253, 183,
       126, 87, 119, 239, 223, 108, 215, 190, 215, 121, 233, 125, 120,
       93, 122, 47, 213, 53, 247, 111, 185, 172, 24, 5, 240, 29, 156, 89,
       16, 242, 55, 189, 218, 215, 40, 254, 3, 2, 64, 2, 157, 128, 7, 8,
       38, 10, 2, 112, 160, 75, 160, 81, 98, 84, 1, 80, 193, 34, 137,
       101, 4, 128, 32, 13, 18, 8, 33, 73, 87, 36, 84, 186, 66, 120, 1,
       84, 64, 64, 24, 9, 64, 4, 192, 79, 24, 44, 24, 4, 96, 24, 140, 73,
       16, 114, 51, 156, 72, 87, 32, 248, 39, 38, 64, 34, 157, 160, 131,
       72, 164, 88, 130, 117, 169, 75, 128, 69, 226, 116, 5, 96, 193, 34,
       136, 124, 68, 152, 0, 3, 150, 8, 33, 79, 85, 36, 92, 186, 114,
       114, 9, 20, 197, 68, 24, 142, 64, 0, 192, 67, 8, 36, 24, 4, 224,
       28, 141, 9, 16, 242, 51, 156, 72, 71, 32, 248, 58, 182, 125, 235,
       191, 253, 183, 125, 255, 124, 222, 125, 253, 126, 253, 245, 255,
       246, 195, 242, 245, 114, 219, 254, 253, 255, 117, 255, 126, 223,
       255, 239, 207, 236, 215, 190, 255, 122, 249, 125, 125, 93, 126,
       175, 213, 245, 247, 111, 187, 188, 137, 13, 242, 29, 156, 89, 54,
       242, 247, 189, 218, 223, 44, 222, 12, 33, 97, 128, 16, 35, 33,
       126, 128, 68, 193, 52, 65, 2, 145, 66, 226, 84, 3, 96, 193, 32,
       192, 51, 76, 136, 160, 13, 82, 12, 49, 73, 212, 36, 85, 186, 2,
       120, 1, 84, 48, 64, 24, 14, 64, 20, 193, 78, 25, 44, 24, 5, 112,
       28, 156, 73, 16, 242, 51, 188, 88, 86, 32, 248, 237, 61, 239, 241,
       214, 39, 119, 254, 253, 229, 212, 251, 255, 251, 178, 79, 251,
       245, 123, 103, 127, 143, 243, 119, 78, 251, 190, 175, 250, 28,
       114, 171, 215, 39, 22, 251, 82, 125, 245, 116, 120, 125, 184, 63,
       217, 29, 253, 183, 221, 172, 24, 149, 241, 127, 156, 203, 88, 252,
       113, 191, 92, 87, 49, 250, 254, 57, 247, 245, 214, 103, 127, 255,
       220, 229, 213, 251, 255, 238, 178, 94, 251, 213, 127, 103, 63,
       143, 231, 63, 31, 255, 191, 175, 210, 157, 118, 175, 199, 47, 54,
       255, 82, 125, 245, 126, 120, 104, 180, 127, 207, 61, 253, 183,
       221, 172, 24, 149, 241, 126, 156, 203, 80, 252, 113, 191, 92, 85,
       49, 250, 58, 176, 219, 167, 190, 177, 218, 165, 90, 187, 83, 125,
       253, 6, 19, 112, 116, 195, 88, 155, 233, 49, 207, 221, 169, 136,
       234, 255, 78, 249, 245, 238, 103, 172, 61, 53, 255, 255, 232, 247,
       217, 76, 199, 44, 195, 7, 155, 127, 191, 254, 27, 195, 244, 133,
       60, 249, 198, 243, 191, 216, 255, 27, 112, 246, 58, 188, 253, 254,
       63, 253, 253, 123, 253, 252, 222, 253, 253, 126, 252, 254, 255,
       254, 227, 123, 244, 126, 219, 255, 253, 255, 245, 255, 126, 211,
       255, 239, 223, 108, 87, 190, 255, 122, 249, 125, 120, 93, 255, 47,
       213, 53, 247, 111, 187, 172, 153, 13, 242, 29, 156, 93, 52, 242,
       119, 191, 251, 223, 44, 254, 59, 245, 253, 254, 55, 189, 93, 11,
       247, 238, 253, 186, 191, 234, 180, 94, 255, 246, 102, 123, 183,
       126, 209, 127, 221, 247, 247, 123, 123, 251, 245, 233, 195, 44,
       135, 190, 202, 120, 250, 127, 122, 223, 253, 237, 247, 20, 245,
       111, 155, 174, 24, 79, 234, 29, 190, 93, 24, 243, 115, 255, 251,
       215, 169, 250, 253, 62, 119, 113, 252, 247, 175, 252, 248, 191,
       234, 63, 239, 207, 219, 231, 251, 237, 255, 111, 253, 227, 127,
       156, 205, 255, 255, 191, 222, 95, 115, 254, 107, 13, 223, 191,
       221, 189, 253, 119, 124, 68, 122, 190, 247, 235, 159, 113, 190,
       189, 60, 115, 227, 189, 156, 85, 196, 190, 215, 159, 254, 214,
       105, 182, 242, 56, 154, 151, 207, 131, 94, 161, 78, 33, 21, 58,
       190, 194, 2, 88, 124, 147, 56, 150, 207, 141, 195, 77, 138, 82,
       248, 111, 130, 153, 214, 38, 215, 45, 21, 255, 90, 93, 239, 118,
       112, 88, 37, 43, 221, 28, 189, 21, 157, 236, 24, 5, 244, 122, 152,
       235, 80, 247, 49, 49, 88, 113, 48, 234, 127, 62, 255, 183, 255,
       191, 63, 121, 254, 119, 215, 122, 255, 251, 178, 93, 242, 213,
       123, 103, 253, 39, 195, 117, 206, 250, 253, 47, 82, 28, 115, 235,
       215, 36, 85, 190, 82, 120, 233, 116, 112, 92, 56, 47, 213, 20,
       245, 111, 153, 172, 24, 5, 240, 29, 156, 73, 16, 242, 51, 189, 88,
       87, 32, 250, 250, 249, 246, 246, 119, 39, 123, 58, 213, 229, 213,
       251, 191, 202, 150, 94, 246, 223, 127, 127, 183, 47, 227, 119,
       191, 250, 247, 255, 114, 243, 246, 237, 199, 111, 52, 223, 199,
       125, 255, 255, 89, 235, 247, 107, 235, 61, 255, 239, 207, 182,
       185, 219, 249, 254, 188, 199, 105, 191, 113, 251, 187, 61, 149,
       255, 243, 157, 218, 151, 223, 130, 87, 15, 126, 97, 21, 122, 190,
       251, 166, 92, 254, 183, 56, 183, 205, 135, 211, 101, 214, 194,
       248, 47, 242, 25, 210, 43, 151, 45, 20, 255, 82, 89, 239, 124, 80,
       223, 12, 11, 217, 28, 245, 79, 157, 172, 24, 13, 240, 57, 156,
       203, 120, 246, 51, 189, 88, 85, 50, 219, 54, 50, 211, 163, 24,
       134, 161, 207, 198, 230, 83, 52, 1, 2, 153, 82, 250, 214, 1, 98,
       129, 0, 204, 25, 12, 136, 168, 15, 82, 9, 49, 127, 117, 164, 85,
