%YAML:1.0
descriptors: !!opencv-matrix
   rows: 78
   cols: 64
   dt: u
   data: [ 63, 250, 252, 254, 63, 253, 253, 120, 191, 254, 220, 249, 189,
       127, 253, 223, 255, 254, 227, 251, 245, 118, 195, 127, 237, 255,
       247, 255, 127, 95, 245, 239, 223, 108, 215, 190, 247, 120, 249,
       125, 120, 93, 123, 47, 213, 53, 247, 111, 185, 174, 24, 5, 240,
       29, 156, 93, 50, 242, 55, 191, 251, 215, 36, 254, 63, 189, 255,
       254, 54, 255, 253, 127, 247, 252, 221, 245, 127, 126, 188, 94,
       255, 255, 99, 123, 245, 127, 211, 247, 221, 255, 246, 255, 123,
       223, 245, 235, 223, 44, 87, 190, 223, 120, 249, 125, 120, 93, 191,
       47, 213, 53, 247, 111, 153, 172, 24, 13, 240, 29, 156, 73, 48,
       242, 115, 191, 123, 87, 32, 250, 77, 47, 231, 113, 216, 163, 163,
       126, 224, 62, 194, 55, 227, 199, 131, 65, 194, 109, 219, 102, 245,
       45, 74, 255, 6, 234, 14, 135, 88, 12, 32, 206, 95, 7, 85, 187, 21,
       190, 85, 52, 220, 100, 154, 134, 73, 105, 67, 195, 56, 44, 24, 84,
       241, 124, 156, 73, 68, 236, 23, 175, 72, 87, 161, 114, 126, 189,
       255, 254, 54, 119, 253, 127, 247, 254, 245, 240, 127, 250, 182,
       94, 255, 215, 99, 127, 247, 63, 211, 247, 221, 255, 247, 255, 83,
       220, 244, 235, 223, 44, 87, 190, 218, 120, 249, 125, 120, 95, 185,
       47, 213, 53, 245, 111, 153, 172, 24, 5, 240, 29, 156, 73, 16, 242,
       115, 189, 120, 87, 32, 250, 44, 174, 229, 232, 58, 253, 165, 119,
       189, 252, 206, 245, 217, 61, 249, 198, 139, 124, 227, 107, 245,
       119, 218, 247, 93, 125, 20, 182, 108, 214, 59, 203, 207, 64, 71,
       186, 213, 250, 249, 60, 124, 53, 122, 167, 85, 225, 119, 107, 185,
       172, 169, 9, 242, 29, 159, 28, 54, 226, 119, 189, 203, 223, 44,
       250, 60, 63, 245, 212, 50, 239, 113, 123, 253, 213, 223, 117, 255,
       255, 216, 102, 242, 213, 71, 111, 245, 47, 192, 247, 93, 234, 164,
       157, 126, 222, 126, 169, 214, 101, 117, 190, 214, 122, 217, 252,
       221, 93, 153, 46, 200, 38, 237, 111, 137, 164, 153, 13, 240, 29,
       158, 77, 56, 242, 115, 189, 90, 23, 32, 250, 124, 47, 247, 176,
       80, 103, 163, 247, 228, 252, 202, 53, 85, 247, 187, 230, 251, 220,
       195, 102, 117, 169, 212, 178, 95, 168, 180, 129, 232, 204, 58,
       203, 101, 38, 87, 186, 20, 114, 193, 116, 220, 84, 24, 134, 68,
       167, 195, 108, 153, 44, 92, 9, 242, 31, 157, 73, 0, 240, 3, 189,
       74, 70, 32, 248, 136, 10, 6, 245, 236, 232, 186, 209, 56, 185, 74,
       79, 130, 69, 91, 161, 173, 205, 165, 98, 236, 45, 142, 120, 75,
       222, 183, 230, 220, 67, 35, 246, 119, 177, 89, 48, 119, 171, 232,
       98, 249, 92, 106, 174, 197, 7, 255, 115, 185, 204, 24, 1, 244,
       157, 156, 73, 23, 242, 183, 189, 210, 87, 32, 254, 154, 202, 139,
       245, 174, 248, 250, 193, 24, 187, 123, 207, 218, 84, 123, 186,
       173, 221, 61, 107, 236, 45, 238, 123, 109, 223, 183, 246, 93, 99,
       55, 254, 247, 176, 93, 57, 119, 251, 232, 115, 248, 92, 123, 63,
       247, 23, 255, 123, 153, 201, 24, 5, 244, 29, 156, 73, 17, 242,
       179, 189, 88, 87, 32, 254, 24, 128, 140, 154, 47, 223, 22, 55, 55,
       246, 29, 140, 28, 60, 63, 14, 253, 242, 64, 161, 212, 113, 211,
       227, 89, 101, 176, 94, 121, 209, 223, 99, 223, 48, 83, 32, 211,
       72, 232, 104, 112, 157, 108, 47, 149, 52, 245, 111, 155, 232, 153,
       13, 244, 29, 152, 93, 59, 243, 59, 189, 81, 211, 10, 234, 229,
       190, 231, 197, 253, 246, 135, 254, 188, 253, 186, 123, 235, 91,
       147, 237, 235, 213, 255, 43, 212, 15, 238, 121, 79, 255, 25, 39,
       190, 75, 35, 95, 223, 33, 85, 187, 118, 184, 237, 52, 117, 92, 42,
       191, 205, 0, 253, 235, 184, 188, 28, 1, 241, 63, 156, 75, 16, 246,
       55, 189, 218, 87, 36, 254, 186, 56, 107, 230, 63, 125, 217, 171,
       222, 152, 215, 119, 51, 94, 249, 244, 123, 150, 95, 218, 117, 30,
       133, 94, 191, 158, 119, 139, 214, 251, 119, 254, 10, 173, 111,
       214, 255, 55, 201, 85, 217, 213, 215, 126, 205, 231, 188, 109,
       239, 183, 215, 137, 250, 7, 175, 81, 64, 112, 253, 249, 111, 15,
       168, 158, 14, 206, 236, 220, 47, 253, 153, 125, 189, 254, 255,
       205, 153, 124, 126, 236, 137, 220, 99, 243, 212, 118, 194, 115,
       77, 175, 165, 50, 93, 87, 55, 107, 215, 56, 85, 170, 82, 122, 232,
       116, 242, 93, 57, 47, 212, 22, 245, 111, 153, 172, 24, 5, 240, 29,
       156, 73, 16, 242, 51, 189, 88, 87, 32, 250, 140, 242, 35, 45, 21,
       96, 173, 252, 140, 175, 233, 249, 67, 13, 209, 171, 155, 108, 103,
       75, 180, 34, 172, 158, 77, 255, 5, 162, 81, 6, 99, 222, 232, 60,
       239, 158, 16, 160, 233, 167, 111, 126, 50, 175, 246, 115, 22, 104,
       168, 185, 246, 1, 216, 159, 36, 84, 160, 144, 129, 234, 188, 215,
       36, 62, 3, 143, 237, 220, 47, 220, 157, 90, 189, 254, 175, 195,
       137, 125, 121, 167, 137, 244, 34, 35, 196, 102, 208, 115, 77, 215,
       149, 50, 122, 58, 23, 107, 215, 52, 87, 186, 82, 120, 232, 117,
       112, 92, 56, 47, 212, 18, 245, 111, 153, 172, 24, 5, 240, 29, 156,
       73, 16, 242, 51, 189, 88, 87, 32, 250, 19, 209, 8, 190, 175, 136,
       94, 8, 38, 67, 53, 202, 188, 74, 36, 29, 116, 147, 36, 145, 194,
       54, 129, 99, 100, 214, 227, 127, 18, 58, 197, 97, 150, 172, 28,
       154, 106, 72, 234, 113, 98, 202, 61, 105, 213, 20, 245, 79, 145,
       166, 16, 5, 104, 1, 252, 105, 25, 179, 50, 189, 24, 87, 32, 235,
       179, 212, 88, 14, 207, 136, 23, 9, 126, 65, 53, 235, 188, 59, 100,
       92, 254, 151, 36, 177, 192, 34, 179, 100, 116, 213, 121, 47, 179,
       27, 193, 45, 148, 36, 84, 158, 66, 89, 169, 254, 115, 222, 40,
       139, 209, 20, 252, 13, 129, 164, 16, 4, 232, 21, 158, 73, 24, 242,
       50, 188, 88, 87, 34, 251, 35, 4, 64, 2, 221, 128, 7, 8, 38, 1, 0,
       114, 160, 11, 132, 21, 98, 87, 4, 0, 192, 2, 137, 100, 68, 148,
       57, 47, 146, 8, 1, 9, 16, 36, 20, 154, 66, 120, 1, 86, 65, 64, 8,
       11, 193, 16, 244, 5, 1, 36, 16, 4, 32, 24, 140, 75, 16, 50, 50,
       156, 88, 87, 32, 248, 45, 38, 229, 244, 60, 183, 163, 121, 244,
       252, 198, 53, 205, 125, 153, 71, 186, 253, 195, 106, 245, 103,
       210, 247, 92, 58, 132, 151, 120, 220, 113, 203, 223, 104, 71, 186,
       212, 56, 249, 124, 124, 84, 58, 166, 197, 225, 195, 111, 184, 172,
       152, 9, 240, 29, 156, 93, 60, 242, 115, 157, 234, 215, 44, 250,
       108, 237, 239, 152, 18, 93, 5, 111, 173, 230, 140, 188, 81, 174,
       191, 238, 139, 116, 99, 109, 29, 211, 246, 35, 93, 245, 148, 33,
       65, 154, 26, 9, 197, 6, 103, 170, 66, 120, 233, 60, 50, 125, 52,
       47, 23, 180, 117, 234, 155, 172, 62, 12, 147, 29, 180, 20, 144,
       224, 43, 253, 89, 215, 42, 242, 12, 10, 167, 249, 8, 253, 164,
       119, 57, 252, 78, 133, 81, 180, 187, 130, 139, 88, 225, 106, 244,
       33, 206, 179, 89, 105, 144, 164, 104, 196, 57, 203, 215, 2, 81,
       168, 85, 250, 233, 108, 112, 53, 56, 39, 85, 148, 119, 107, 153,
       172, 56, 5, 242, 29, 156, 72, 20, 226, 59, 189, 72, 71, 32, 250,
       38, 38, 193, 134, 200, 132, 1, 69, 134, 100, 3, 20, 145, 102, 187,
       68, 170, 80, 0, 32, 193, 32, 146, 97, 94, 144, 148, 9, 130, 136,
       25, 73, 5, 36, 71, 154, 0, 82, 3, 94, 4, 81, 4, 2, 69, 4, 229, 79,
       17, 36, 24, 13, 50, 24, 156, 9, 0, 98, 50, 189, 72, 7, 32, 250,
       137, 207, 130, 245, 237, 112, 252, 210, 56, 251, 106, 75, 130,
       205, 66, 41, 165, 221, 165, 99, 206, 172, 174, 122, 110, 223, 179,
       98, 212, 3, 51, 127, 247, 50, 88, 121, 83, 101, 248, 224, 83, 124,
       186, 127, 216, 22, 255, 123, 137, 141, 24, 5, 240, 31, 156, 73,
       17, 242, 51, 191, 84, 119, 1, 184, 190, 233, 235, 223, 54, 223,
       219, 249, 223, 223, 117, 250, 251, 18, 212, 234, 170, 213, 60,
       111, 134, 61, 230, 115, 45, 223, 179, 63, 87, 59, 54, 59, 246, 36,
       60, 219, 94, 121, 235, 245, 210, 254, 185, 63, 147, 22, 241, 127,
       155, 173, 31, 133, 248, 29, 188, 72, 80, 242, 59, 253, 89, 31, 34,
       251, 133, 34, 199, 5, 152, 192, 129, 248, 162, 37, 2, 115, 203,
