%YAML:1.0
descriptors: !!opencv-matrix
   rows: 75
   cols: 64
   dt: u
   data: [ 250, 221, 255, 255, 247, 255, 255, 255, 255, 223, 255, 253,
       191, 254, 255, 255, 191, 247, 254, 127, 190, 127, 247, 127, 127,
       255, 255, 63, 127, 251, 126, 191, 207, 255, 255, 223, 247, 255,
       254, 63, 127, 255, 255, 255, 191, 255, 253, 190, 255, 155, 255,
       255, 255, 231, 245, 254, 249, 255, 254, 239, 247, 253, 159, 254,
       61, 191, 245, 254, 63, 253, 253, 123, 254, 252, 214, 251, 253,
       127, 190, 93, 255, 255, 99, 115, 245, 47, 211, 247, 221, 255, 245,
       255, 126, 94, 247, 235, 223, 44, 87, 190, 223, 120, 249, 124, 120,
       92, 58, 175, 213, 53, 247, 111, 153, 172, 24, 5, 240, 29, 156, 73,
       16, 242, 51, 189, 90, 87, 32, 250, 63, 253, 255, 254, 54, 183,
       253, 123, 247, 254, 253, 251, 255, 126, 180, 95, 255, 247, 99, 99,
       245, 127, 209, 119, 221, 255, 247, 255, 122, 223, 247, 235, 215,
       44, 87, 190, 219, 120, 249, 125, 120, 95, 57, 47, 213, 21, 247,
       111, 153, 172, 24, 5, 240, 29, 156, 73, 16, 242, 51, 189, 88, 87,
       32, 250, 28, 49, 221, 150, 55, 163, 60, 122, 246, 8, 213, 113,
       253, 103, 180, 66, 250, 223, 67, 243, 197, 38, 193, 247, 200, 58,
       240, 221, 80, 140, 181, 232, 223, 44, 85, 190, 91, 120, 233, 116,
       120, 92, 57, 47, 213, 53, 247, 111, 153, 172, 24, 5, 240, 29, 156,
       73, 16, 242, 51, 189, 88, 87, 32, 250, 60, 33, 249, 180, 18, 5,
       61, 110, 196, 198, 209, 48, 113, 142, 179, 66, 235, 212, 3, 103,
       65, 164, 192, 55, 76, 154, 180, 9, 82, 12, 48, 41, 214, 36, 85,
       186, 82, 120, 193, 84, 112, 88, 48, 47, 212, 20, 197, 110, 153,
       172, 24, 5, 240, 29, 156, 73, 16, 242, 51, 189, 88, 87, 32, 250,
       255, 253, 253, 254, 55, 63, 93, 122, 247, 117, 245, 251, 255, 251,
       182, 95, 250, 247, 103, 103, 245, 103, 211, 119, 207, 255, 245,
       63, 122, 24, 118, 233, 215, 36, 84, 190, 210, 120, 233, 125, 112,
       222, 56, 47, 213, 20, 245, 111, 153, 172, 24, 5, 240, 29, 156, 73,
       16, 242, 51, 189, 88, 87, 32, 251, 124, 46, 239, 169, 58, 119,
       161, 255, 221, 252, 222, 53, 93, 190, 251, 230, 251, 220, 67, 106,
       121, 145, 238, 180, 93, 169, 188, 137, 251, 223, 59, 251, 241, 36,
       85, 250, 86, 114, 129, 124, 250, 85, 88, 62, 84, 167, 66, 108,
       155, 44, 95, 5, 242, 29, 157, 73, 16, 240, 43, 188, 90, 22, 34,
       248, 255, 63, 243, 180, 221, 34, 165, 202, 228, 73, 234, 115, 231,
       203, 194, 117, 226, 213, 39, 103, 101, 140, 161, 119, 78, 222, 51,
       43, 210, 14, 34, 57, 114, 39, 84, 186, 82, 116, 77, 212, 81, 84,
       24, 15, 201, 5, 245, 204, 137, 164, 24, 4, 240, 30, 140, 73, 16,
       240, 49, 189, 92, 87, 32, 248, 30, 186, 219, 253, 191, 241, 248,
       252, 28, 187, 210, 253, 239, 82, 187, 219, 125, 223, 185, 91, 236,
       125, 238, 121, 173, 219, 242, 247, 95, 97, 183, 255, 119, 210,
       253, 97, 127, 255, 248, 119, 249, 92, 227, 124, 247, 133, 219,
       115, 254, 218, 62, 231, 246, 229, 252, 125, 199, 211, 191, 207,
       215, 127, 243, 247, 45, 38, 229, 178, 23, 239, 33, 127, 244, 124,
       214, 49, 125, 59, 186, 70, 234, 220, 99, 97, 241, 39, 195, 247,
       93, 185, 180, 141, 90, 156, 49, 233, 223, 36, 85, 186, 83, 120,
       233, 124, 120, 92, 56, 47, 213, 53, 247, 111, 153, 172, 24, 5,
       240, 29, 156, 73, 16, 242, 51, 189, 88, 87, 32, 250, 5, 34, 65,
       160, 217, 160, 163, 88, 128, 32, 130, 117, 1, 71, 129, 65, 226,
       84, 1, 96, 193, 32, 136, 120, 14, 152, 8, 11, 210, 8, 49, 79, 85,
       36, 84, 186, 80, 242, 9, 86, 193, 80, 24, 14, 64, 4, 192, 65, 136,
       36, 24, 4, 240, 28, 140, 73, 16, 240, 35, 188, 72, 71, 32, 248,
       45, 32, 231, 178, 26, 103, 161, 126, 244, 252, 198, 53, 113, 174,
       179, 70, 235, 220, 195, 98, 241, 35, 199, 183, 76, 168, 180, 129,
       82, 76, 49, 235, 221, 36, 85, 186, 83, 120, 105, 116, 120, 84, 24,
       46, 197, 53, 227, 111, 153, 172, 24, 5, 240, 29, 156, 73, 16, 242,
       51, 189, 88, 87, 32, 250, 127, 53, 239, 180, 54, 55, 181, 127,
       244, 244, 213, 179, 127, 187, 179, 95, 251, 221, 99, 99, 245, 39,
       211, 119, 77, 251, 181, 175, 114, 28, 115, 235, 215, 36, 85, 186,
       82, 120, 233, 116, 120, 92, 56, 47, 213, 21, 247, 111, 153, 172,
       24, 5, 240, 29, 156, 73, 16, 242, 51, 189, 88, 87, 32, 250, 63,
       54, 237, 170, 159, 189, 35, 121, 244, 126, 210, 55, 253, 63, 187,
       68, 242, 221, 67, 240, 241, 7, 195, 117, 92, 232, 188, 141, 82,
       156, 113, 233, 213, 44, 85, 186, 91, 122, 169, 124, 120, 92, 24,
       47, 213, 21, 246, 109, 153, 172, 24, 5, 240, 29, 156, 73, 16, 242,
       51, 188, 88, 87, 32, 250, 126, 254, 254, 255, 127, 255, 254, 3,
       127, 243, 253, 250, 255, 255, 182, 94, 185, 187, 122, 251, 191,
       127, 91, 127, 215, 223, 243, 255, 111, 255, 247, 231, 215, 254,
       199, 175, 219, 253, 251, 127, 124, 125, 233, 109, 247, 93, 247,
       43, 223, 238, 24, 79, 246, 93, 220, 221, 24, 247, 243, 191, 249,
       243, 249, 254, 63, 252, 255, 254, 62, 253, 253, 127, 253, 252,
       252, 253, 255, 127, 252, 252, 255, 254, 227, 123, 245, 126, 211,
       255, 253, 255, 245, 251, 127, 247, 255, 239, 223, 108, 87, 190,
       255, 120, 249, 125, 127, 93, 255, 47, 244, 53, 247, 111, 185, 174,
       153, 15, 242, 29, 156, 93, 60, 242, 119, 189, 251, 223, 42, 254,
       60, 190, 255, 249, 62, 127, 241, 255, 253, 254, 254, 189, 125,
       190, 251, 238, 251, 252, 251, 107, 245, 245, 222, 191, 125, 237,
       180, 147, 127, 223, 127, 255, 247, 100, 87, 250, 215, 122, 249,
       124, 254, 93, 122, 62, 213, 167, 243, 111, 191, 173, 159, 13, 242,
       29, 157, 93, 52, 246, 59, 189, 219, 223, 42, 254, 59, 52, 100, 34,
       159, 173, 5, 73, 244, 101, 252, 59, 189, 239, 164, 85, 226, 244,
       7, 112, 249, 6, 155, 125, 86, 188, 225, 43, 242, 25, 121, 111,
       195, 172, 84, 190, 66, 240, 33, 254, 120, 214, 72, 143, 84, 81,
       228, 67, 153, 164, 24, 12, 224, 28, 140, 65, 56, 242, 179, 188,
       218, 86, 32, 252, 63, 178, 255, 103, 191, 245, 251, 124, 253, 189,
       214, 253, 237, 31, 185, 245, 255, 254, 203, 123, 245, 115, 255,
       253, 173, 168, 228, 255, 126, 85, 253, 239, 253, 236, 223, 182,
       255, 187, 249, 127, 221, 93, 251, 174, 209, 227, 219, 111, 190,
       254, 159, 11, 246, 189, 222, 85, 102, 246, 255, 223, 251, 159, 44,
       222, 60, 47, 111, 248, 22, 125, 33, 255, 245, 252, 254, 53, 93,
       254, 249, 230, 251, 220, 67, 98, 117, 178, 180, 182, 93, 169, 164,
       129, 91, 222, 56, 251, 240, 38, 87, 186, 86, 114, 193, 116, 250,
       85, 24, 14, 84, 167, 192, 110, 153, 45, 94, 5, 242, 29, 141, 73,
       144, 242, 43, 188, 90, 6, 34, 248, 255, 246, 125, 255, 255, 191,
       223, 120, 255, 127, 245, 250, 255, 123, 244, 93, 242, 247, 127,
       119, 253, 119, 147, 127, 236, 255, 255, 127, 126, 123, 247, 235,
       215, 109, 94, 191, 218, 121, 249, 117, 112, 94, 121, 47, 213, 28,
       245, 127, 157, 172, 24, 5, 240, 61, 156, 73, 16, 246, 51, 189, 88,
       87, 32, 251, 255, 244, 125, 167, 255, 183, 155, 88, 254, 127, 149,
       123, 189, 123, 244, 85, 246, 247, 31, 116, 233, 35, 147, 124, 236,
       222, 233, 127, 222, 59, 245, 127, 215, 45, 28, 191, 210, 113, 169,
       247, 81, 94, 88, 15, 209, 28, 248, 31, 157, 173, 24, 5, 248, 61,
       156, 73, 16, 246, 51, 189, 88, 87, 48, 185, 109, 54, 247, 48, 28,
       53, 41, 254, 240, 190, 192, 53, 65, 131, 147, 67, 234, 204, 195,
       96, 249, 128, 196, 190, 76, 168, 164, 129, 90, 12, 49, 219, 113,
       36, 85, 186, 84, 52, 33, 116, 124, 68, 26, 14, 210, 49, 194, 77,
       152, 172, 24, 5, 224, 29, 156, 73, 132, 242, 19, 188, 92, 86, 32,
       178, 58, 176, 219, 163, 190, 176, 184, 141, 212, 187, 80, 127,
       189, 2, 147, 80, 114, 214, 1, 242, 225, 48, 207, 124, 172, 136,
       226, 139, 94, 113, 245, 254, 117, 172, 156, 183, 127, 125, 169,
       246, 216, 76, 87, 8, 210, 21, 211, 93, 187, 236, 24, 5, 228, 21,
