%YAML:1.0
descriptors: !!opencv-matrix
   rows: 87
   cols: 64
   dt: u
   data: [ 31, 178, 93, 174, 63, 249, 185, 120, 255, 188, 222, 253, 237,
       63, 189, 113, 251, 254, 227, 123, 229, 98, 194, 247, 237, 253,
       245, 251, 126, 75, 119, 235, 223, 44, 87, 190, 127, 120, 233, 125,
       120, 92, 58, 47, 212, 113, 245, 111, 185, 172, 24, 5, 240, 29,
       156, 73, 52, 242, 55, 189, 88, 87, 32, 250, 62, 241, 252, 246, 55,
       173, 124, 35, 87, 196, 221, 243, 255, 126, 180, 94, 244, 154, 102,
       243, 231, 60, 193, 119, 253, 30, 227, 219, 114, 252, 245, 233,
       215, 60, 52, 190, 219, 120, 250, 125, 120, 223, 181, 111, 244, 21,
       247, 111, 153, 174, 153, 71, 240, 29, 152, 73, 16, 243, 115, 187,
       121, 119, 161, 250, 60, 181, 253, 248, 63, 127, 255, 127, 245,
       254, 222, 181, 125, 126, 191, 247, 251, 252, 195, 115, 245, 113,
       209, 246, 205, 239, 240, 143, 90, 86, 119, 235, 223, 44, 215, 190,
       95, 120, 233, 116, 120, 92, 58, 47, 213, 53, 247, 111, 185, 172,
       24, 5, 240, 29, 156, 73, 20, 242, 55, 189, 90, 87, 40, 250, 61,
       55, 245, 244, 54, 55, 189, 127, 244, 254, 210, 53, 109, 127, 147,
       70, 250, 253, 195, 107, 245, 103, 210, 247, 221, 170, 180, 159,
       122, 220, 117, 235, 215, 36, 87, 190, 214, 120, 233, 125, 124, 92,
       59, 174, 213, 33, 199, 111, 185, 172, 24, 1, 240, 29, 156, 73, 0,
       242, 51, 189, 90, 87, 40, 250, 60, 51, 240, 244, 61, 163, 120,
       114, 84, 120, 211, 53, 100, 74, 144, 80, 250, 220, 3, 98, 231, 44,
       129, 119, 206, 154, 226, 207, 82, 44, 245, 235, 215, 38, 85, 190,
       83, 120, 241, 117, 120, 92, 153, 79, 240, 21, 231, 79, 153, 172,
       24, 69, 240, 29, 156, 73, 16, 242, 115, 191, 88, 119, 161, 250,
       58, 244, 125, 254, 63, 189, 221, 25, 255, 255, 213, 250, 189, 122,
       180, 85, 246, 246, 70, 243, 245, 118, 211, 126, 253, 190, 245,
       123, 126, 251, 245, 235, 215, 108, 151, 190, 251, 121, 249, 125,
       120, 223, 127, 45, 212, 21, 245, 111, 153, 174, 152, 13, 248, 29,
       156, 89, 48, 242, 115, 189, 251, 223, 40, 251, 60, 63, 255, 252,
       54, 255, 249, 127, 245, 252, 214, 181, 125, 126, 187, 198, 250,
       221, 67, 107, 245, 55, 194, 247, 93, 250, 180, 157, 122, 220, 117,
       235, 215, 36, 85, 190, 214, 122, 233, 124, 248, 93, 57, 46, 213,
       165, 245, 111, 153, 172, 24, 5, 240, 29, 157, 73, 16, 242, 51,
       189, 90, 87, 32, 250, 61, 61, 253, 190, 63, 111, 121, 127, 244,
       100, 255, 55, 125, 255, 190, 117, 251, 220, 99, 98, 247, 175, 195,
       246, 206, 235, 244, 155, 210, 28, 115, 233, 223, 36, 85, 190, 83,
       120, 233, 116, 120, 92, 56, 47, 212, 53, 247, 111, 153, 172, 24,
       5, 240, 29, 156, 73, 16, 242, 51, 189, 88, 87, 32, 250, 254, 57,
       255, 255, 118, 103, 121, 255, 214, 238, 221, 189, 127, 238, 179,
       254, 251, 212, 99, 103, 111, 175, 231, 55, 78, 203, 182, 45, 211,
       142, 118, 235, 247, 36, 85, 190, 82, 112, 233, 116, 112, 92, 56,
       46, 213, 20, 229, 110, 153, 172, 24, 5, 240, 29, 156, 73, 16, 242,
       51, 189, 88, 86, 34, 250, 124, 59, 247, 247, 62, 103, 249, 255,
       220, 252, 222, 183, 127, 222, 187, 254, 251, 213, 35, 99, 237,
       175, 199, 55, 79, 223, 183, 175, 82, 14, 51, 251, 215, 36, 85,
       186, 82, 120, 233, 116, 120, 92, 56, 47, 213, 21, 245, 111, 153,
       172, 24, 5, 240, 29, 156, 73, 16, 242, 51, 189, 88, 87, 32, 250,
       63, 55, 253, 182, 63, 183, 191, 122, 246, 255, 255, 243, 255, 123,
       178, 87, 246, 247, 99, 115, 245, 119, 211, 119, 205, 254, 241,
       255, 122, 94, 247, 235, 215, 44, 87, 190, 90, 120, 233, 116, 120,
       93, 56, 47, 213, 21, 245, 111, 153, 172, 24, 5, 240, 29, 156, 73,
       16, 242, 51, 189, 88, 87, 32, 250, 186, 253, 255, 255, 54, 127,
       253, 251, 255, 255, 253, 251, 255, 126, 246, 254, 247, 215, 127,
       123, 245, 126, 241, 247, 253, 255, 247, 187, 127, 255, 255, 251,
       231, 108, 86, 254, 222, 121, 249, 253, 122, 223, 251, 63, 215, 55,
       247, 111, 155, 175, 26, 15, 248, 29, 157, 93, 16, 242, 115, 191,
       123, 95, 42, 251, 124, 63, 247, 253, 62, 119, 249, 255, 244, 252,
       214, 53, 125, 255, 155, 254, 251, 220, 203, 106, 253, 235, 247,
       183, 159, 171, 246, 153, 251, 221, 126, 255, 251, 47, 101, 254,
       214, 114, 209, 125, 252, 93, 219, 158, 236, 167, 195, 110, 187,
       172, 223, 137, 242, 31, 157, 77, 236, 246, 123, 223, 251, 6, 43,
       254, 124, 255, 255, 253, 54, 127, 249, 255, 253, 254, 250, 189,
       127, 255, 251, 254, 251, 220, 251, 107, 253, 253, 206, 191, 221,
       239, 247, 187, 127, 223, 126, 255, 243, 102, 117, 255, 214, 127,
       249, 117, 254, 95, 251, 62, 223, 167, 67, 255, 159, 173, 30, 133,
       242, 29, 159, 93, 152, 246, 123, 223, 95, 94, 42, 247, 63, 186,
       237, 167, 63, 253, 157, 56, 127, 255, 222, 255, 253, 127, 251, 85,
       249, 255, 97, 243, 245, 101, 211, 123, 205, 255, 241, 251, 126,
       95, 247, 239, 215, 36, 87, 186, 95, 120, 233, 124, 116, 92, 58,
       47, 213, 21, 247, 111, 153, 172, 24, 5, 240, 29, 156, 73, 16, 242,
       51, 189, 90, 87, 32, 250, 62, 48, 117, 244, 63, 103, 121, 255,
       214, 60, 222, 53, 109, 222, 155, 244, 251, 254, 195, 114, 241,
       186, 189, 190, 190, 169, 230, 219, 251, 221, 253, 238, 105, 109,
       166, 254, 255, 50, 177, 253, 223, 207, 215, 158, 200, 227, 131,
       79, 174, 183, 223, 139, 234, 190, 159, 81, 236, 178, 255, 218,
       255, 142, 174, 181, 44, 15, 255, 244, 34, 127, 249, 119, 181, 254,
       70, 133, 93, 125, 187, 198, 155, 252, 195, 107, 244, 113, 212,
       243, 89, 42, 132, 148, 120, 212, 125, 235, 223, 16, 87, 168, 215,
       122, 248, 120, 252, 29, 59, 166, 244, 167, 227, 111, 185, 172,
       152, 13, 242, 29, 157, 93, 52, 242, 115, 189, 91, 215, 40, 250,
       57, 150, 253, 116, 62, 183, 185, 118, 180, 254, 210, 69, 77, 125,
       57, 5, 244, 252, 195, 106, 244, 103, 218, 255, 201, 42, 164, 214,
       124, 85, 113, 239, 223, 104, 215, 52, 223, 58, 248, 121, 252, 92,
       122, 174, 212, 225, 211, 111, 184, 172, 24, 9, 240, 29, 157, 77,
       54, 242, 119, 191, 218, 215, 44, 250, 178, 49, 211, 246, 254, 130,
       88, 34, 66, 101, 81, 115, 238, 195, 148, 88, 118, 195, 36, 227,
       199, 45, 3, 215, 142, 154, 243, 255, 194, 44, 244, 109, 215, 55,
       52, 190, 218, 124, 242, 245, 81, 74, 153, 79, 233, 20, 217, 79,
       137, 166, 24, 71, 112, 30, 28, 73, 17, 243, 83, 187, 120, 103,
       161, 249, 191, 244, 125, 175, 255, 189, 159, 25, 255, 95, 189,
       250, 191, 123, 244, 93, 246, 247, 62, 117, 249, 118, 179, 116,
       236, 246, 249, 127, 255, 123, 247, 41, 214, 108, 158, 254, 218,
       121, 185, 245, 86, 223, 59, 45, 209, 20, 244, 29, 157, 191, 24,
       13, 248, 189, 158, 89, 56, 246, 51, 189, 122, 223, 46, 249, 45,
       38, 109, 130, 31, 253, 161, 125, 244, 254, 130, 53, 121, 63, 185,
       229, 203, 244, 195, 32, 241, 82, 219, 117, 93, 168, 4, 3, 126,
       216, 49, 203, 213, 36, 87, 186, 82, 122, 169, 60, 116, 85, 26,
       174, 84, 228, 244, 107, 185, 172, 24, 13, 242, 29, 156, 73, 16,
       226, 51, 188, 74, 215, 40, 250, 250, 249, 255, 214, 55, 143, 93,
       43, 215, 133, 85, 250, 191, 234, 52, 94, 246, 151, 118, 223, 151,
       63, 195, 199, 185, 242, 247, 127, 66, 249, 212, 232, 207, 62, 38,
       254, 222, 93, 250, 253, 88, 223, 245, 111, 187, 52, 181, 111, 255,
       174, 155, 207, 248, 29, 60, 85, 121, 243, 123, 251, 59, 61, 169,
       223, 62, 177, 253, 191, 54, 181, 191, 112, 119, 247, 85, 218, 221,
       62, 183, 94, 251, 223, 97, 99, 229, 53, 195, 115, 205, 254, 177,
       255, 82, 142, 247, 235, 215, 36, 85, 186, 83, 120, 233, 116, 112,
       92, 57, 47, 213, 20, 247, 111, 153, 172, 24, 5, 240, 29, 156, 73,
       16, 242, 51, 189, 88, 87, 32, 250, 131, 2, 0, 131, 217, 128, 130,
       8, 6, 33, 2, 115, 162, 10, 130, 17, 106, 87, 4, 1, 200, 7, 171,
       104, 4, 144, 25, 47, 146, 8, 1, 79, 21, 165, 20, 154, 48, 216, 47,
       22, 65, 64, 8, 11, 129, 4, 216, 1, 16, 36, 24, 4, 52, 2, 140, 107,
