%YAML:1.0
descriptors: !!opencv-matrix
   rows: 24
   cols: 64
   dt: u
   data: [ 191, 255, 255, 253, 63, 255, 253, 123, 253, 255, 253, 251,
       255, 253, 252, 255, 255, 253, 127, 251, 247, 127, 243, 255, 253,
       255, 247, 255, 127, 87, 247, 251, 223, 108, 215, 190, 223, 121,
       249, 125, 126, 95, 251, 47, 215, 55, 247, 111, 159, 173, 24, 5,
       240, 29, 159, 93, 24, 246, 115, 191, 251, 223, 42, 255, 56, 254,
       237, 218, 63, 253, 213, 61, 253, 252, 214, 253, 253, 126, 125,
       204, 155, 244, 227, 187, 244, 118, 219, 255, 121, 119, 213, 182,
       125, 219, 95, 239, 207, 232, 195, 52, 255, 216, 249, 121, 120,
       125, 231, 47, 213, 181, 245, 107, 187, 238, 137, 15, 246, 29, 218,
       93, 54, 242, 255, 255, 251, 223, 236, 222, 63, 254, 255, 255, 63,
       253, 221, 57, 255, 255, 253, 249, 255, 127, 253, 223, 255, 246,
       98, 251, 245, 126, 211, 255, 253, 255, 247, 255, 127, 251, 247,
       239, 223, 108, 247, 190, 255, 121, 249, 125, 124, 93, 251, 175,
       247, 49, 245, 111, 187, 190, 153, 15, 240, 29, 156, 93, 60, 243,
       247, 255, 251, 223, 44, 254, 195, 11, 130, 19, 201, 130, 6, 2, 10,
       33, 3, 2, 130, 195, 2, 24, 68, 3, 56, 6, 206, 141, 202, 65, 10,
       210, 154, 47, 146, 40, 0, 6, 23, 167, 80, 49, 33, 204, 102, 66, 0,
       32, 136, 65, 201, 28, 237, 147, 84, 4, 25, 180, 53, 104, 152, 171,
       65, 60, 48, 49, 8, 117, 17, 106, 255, 190, 255, 171, 255, 255,
       163, 248, 252, 255, 222, 127, 237, 127, 251, 245, 251, 255, 251,
       114, 253, 71, 155, 124, 239, 253, 125, 191, 254, 95, 243, 255,
       223, 109, 223, 191, 119, 123, 237, 116, 124, 92, 122, 63, 213,
       177, 254, 117, 185, 172, 24, 5, 240, 189, 156, 73, 16, 246, 55,
       189, 218, 87, 32, 254, 255, 188, 251, 167, 255, 180, 219, 200,
       222, 255, 209, 255, 255, 74, 178, 93, 242, 213, 63, 115, 205, 39,
       235, 124, 109, 222, 251, 47, 214, 123, 119, 127, 119, 165, 92,
       251, 114, 125, 233, 247, 80, 76, 104, 46, 211, 28, 217, 55, 157,
       172, 24, 5, 240, 189, 156, 105, 16, 242, 51, 189, 220, 87, 48,
       190, 126, 244, 233, 191, 255, 180, 223, 73, 255, 239, 185, 186,
       253, 74, 191, 95, 251, 245, 51, 99, 207, 55, 211, 127, 93, 223,
       183, 47, 83, 61, 117, 107, 199, 164, 87, 187, 210, 121, 233, 119,
       112, 94, 120, 41, 215, 20, 245, 63, 153, 172, 24, 5, 240, 29, 156,
       73, 16, 242, 51, 189, 88, 87, 40, 250, 60, 248, 255, 252, 62, 253,
       249, 127, 125, 252, 220, 253, 95, 118, 189, 238, 251, 220, 225,
       107, 245, 125, 202, 251, 253, 255, 179, 247, 125, 223, 55, 239,
       223, 112, 85, 186, 247, 248, 249, 117, 112, 93, 251, 47, 245, 21,
       247, 111, 155, 172, 153, 15, 240, 29, 156, 93, 22, 242, 119, 255,
       91, 95, 37, 254, 87, 50, 211, 167, 216, 134, 139, 196, 14, 255, 2,
       125, 133, 75, 147, 80, 106, 215, 25, 98, 201, 33, 206, 121, 76,
       200, 42, 111, 86, 9, 49, 111, 117, 165, 92, 155, 82, 245, 45, 86,
       209, 64, 8, 14, 195, 12, 217, 23, 153, 44, 24, 37, 244, 188, 156,
       107, 208, 122, 51, 157, 92, 23, 48, 247, 199, 6, 128, 21, 201,
       130, 14, 8, 42, 33, 1, 75, 130, 201, 2, 1, 96, 45, 29, 85, 200,
       143, 170, 105, 70, 202, 184, 110, 144, 9, 33, 71, 87, 165, 84, 59,
       66, 169, 37, 198, 64, 66, 8, 139, 201, 24, 201, 17, 25, 196, 24,
       5, 101, 122, 156, 235, 80, 254, 179, 189, 216, 86, 48, 253, 124,
       171, 255, 253, 48, 127, 249, 246, 249, 252, 238, 189, 95, 245,
       219, 234, 187, 205, 251, 107, 247, 253, 70, 191, 255, 107, 150,
       246, 109, 199, 126, 255, 255, 83, 103, 255, 221, 254, 249, 125,
       252, 61, 251, 182, 255, 163, 243, 235, 191, 173, 239, 219, 241,
       125, 157, 92, 102, 254, 95, 239, 251, 231, 237, 254, 54, 49, 217,
       214, 54, 215, 88, 35, 199, 166, 21, 244, 255, 246, 48, 82, 253,
       211, 98, 251, 135, 63, 195, 71, 157, 214, 246, 95, 66, 187, 215,
       106, 151, 60, 5, 190, 202, 120, 250, 87, 112, 89, 181, 109, 183,
       20, 181, 111, 155, 174, 153, 71, 240, 25, 188, 89, 16, 115, 51,
       249, 121, 23, 96, 250, 253, 191, 247, 253, 122, 119, 247, 254,
       253, 253, 222, 191, 95, 255, 251, 238, 235, 221, 251, 111, 127,
       173, 238, 183, 79, 255, 190, 175, 251, 79, 122, 255, 247, 39, 117,
       251, 87, 119, 253, 124, 120, 93, 184, 62, 221, 191, 79, 230, 157,
       172, 94, 149, 241, 63, 156, 77, 80, 252, 35, 189, 88, 87, 35, 250,
       254, 253, 255, 255, 255, 255, 223, 217, 255, 239, 249, 250, 255,
       238, 246, 93, 251, 215, 63, 119, 79, 183, 179, 124, 239, 223, 251,
       63, 211, 59, 119, 59, 211, 45, 92, 223, 82, 125, 237, 247, 114,
       94, 56, 63, 215, 28, 253, 63, 157, 172, 16, 5, 248, 61, 156, 75,
       80, 246, 49, 189, 92, 87, 48, 186, 198, 33, 195, 183, 213, 162,
       47, 207, 132, 99, 193, 50, 163, 198, 130, 91, 235, 85, 33, 71, 11,
       133, 226, 51, 78, 203, 186, 45, 210, 8, 34, 41, 83, 37, 84, 187,
       2, 124, 69, 86, 0, 72, 56, 43, 203, 29, 197, 158, 153, 172, 16, 5,
       96, 28, 148, 73, 144, 178, 49, 189, 92, 86, 48, 242, 62, 177, 121,
       247, 54, 149, 219, 41, 222, 175, 213, 254, 253, 66, 176, 86, 254,
       215, 82, 251, 143, 63, 195, 95, 189, 210, 247, 127, 82, 187, 245,
       170, 199, 44, 13, 191, 218, 121, 235, 119, 120, 76, 245, 109, 247,
       52, 181, 63, 155, 174, 24, 71, 240, 29, 156, 81, 16, 243, 115,
       251, 121, 87, 40, 250, 253, 63, 247, 179, 219, 111, 35, 255, 236,
       229, 210, 63, 255, 255, 155, 206, 235, 213, 59, 103, 125, 135,
       195, 55, 79, 255, 189, 175, 210, 14, 114, 171, 215, 37, 85, 187,
       82, 120, 237, 116, 120, 92, 56, 47, 213, 29, 245, 111, 153, 172,
       24, 5, 240, 29, 156, 73, 16, 242, 51, 189, 88, 87, 32, 250, 191,
       253, 125, 190, 55, 125, 117, 251, 247, 196, 253, 178, 127, 190,
       252, 255, 255, 254, 103, 241, 117, 246, 177, 182, 221, 191, 245,
       217, 243, 158, 254, 249, 218, 44, 87, 254, 219, 120, 201, 124,
       122, 223, 60, 47, 212, 119, 246, 108, 153, 172, 154, 13, 248, 29,
       156, 73, 56, 242, 51, 189, 88, 86, 38, 250, 77, 46, 231, 245, 25,
       162, 169, 126, 176, 250, 194, 53, 195, 205, 139, 3, 234, 205, 161,
       99, 228, 45, 206, 123, 79, 218, 178, 135, 88, 0, 33, 207, 87, 34,
       85, 186, 85, 250, 233, 116, 84, 116, 58, 46, 197, 1, 193, 107,
       152, 172, 24, 5, 240, 29, 156, 73, 16, 242, 51, 189, 72, 87, 33,
       250, 50, 209, 121, 222, 54, 157, 93, 11, 231, 198, 61, 144, 61,
       234, 52, 94, 246, 246, 34, 243, 134, 118, 209, 39, 221, 135, 231,
       89, 83, 184, 212, 105, 194, 60, 22, 190, 202, 120, 242, 125, 50,
       203, 53, 105, 182, 20, 245, 110, 147, 174, 16, 7, 32, 25, 180, 81,
       24, 243, 123, 189, 121, 214, 40, 251, 126, 49, 249, 182, 87, 135,
       27, 79, 198, 102, 145, 52, 125, 202, 177, 87, 242, 215, 3, 102,
       193, 39, 193, 55, 204, 202, 236, 77, 82, 28, 240, 105, 211, 36,
       21, 190, 82, 120, 193, 116, 112, 72, 24, 15, 209, 20, 225, 78,
       153, 172, 24, 5, 240, 29, 156, 73, 16, 242, 51, 189, 88, 86, 32,
       251, 63, 51, 253, 150, 55, 191, 31, 124, 246, 254, 255, 180, 253,
       62, 186, 119, 247, 247, 67, 115, 245, 119, 195, 119, 205, 238,
       228, 127, 82, 28, 245, 235, 215, 44, 85, 190, 82, 120, 233, 124,
       112, 92, 56, 47, 213, 20, 245, 111, 153, 172, 24, 5, 240, 29, 156,
       73, 16, 242, 51, 189, 88, 87, 32, 250, 13, 166, 237, 40, 24, 253,
       165, 116, 185, 62, 202, 21, 200, 61, 153, 161, 203, 108, 195, 96,
       245, 99, 202, 241, 77, 108, 4, 166, 120, 4, 33, 203, 223, 32, 85,
       186, 87, 58, 233, 60, 124, 84, 58, 175, 84, 241, 247, 107, 185,
       172, 24, 1, 240, 29, 156, 73, 22, 226, 51, 189, 72, 87, 32, 250,
       60, 177, 253, 180, 55, 183, 189, 127, 245, 254, 213, 241, 127, 59,
       176, 70, 250, 221, 99, 99, 245, 103, 192, 247, 93, 186, 164, 159,
       122, 220, 117, 235, 223, 36, 87, 186, 83, 120, 233, 124, 120, 92,
       56, 47, 213, 53, 247, 111, 153, 172, 24, 5, 240, 29, 156, 73, 24,
       242, 51, 189, 88, 87, 32, 250 ]
