%YAML:1.0
descriptors: !!opencv-matrix
   rows: 43
   cols: 64
   dt: u
   data: [ 62, 245, 109, 254, 62, 125, 93, 63, 247, 126, 125, 209, 93,
       127, 124, 255, 253, 254, 69, 249, 246, 120, 248, 250, 253, 191,
       167, 219, 127, 251, 125, 237, 215, 254, 191, 250, 239, 122, 251,
       255, 119, 255, 255, 111, 214, 150, 245, 111, 147, 181, 223, 78,
       238, 29, 191, 29, 189, 242, 123, 255, 219, 223, 110, 255, 63, 254,
       125, 239, 191, 253, 255, 121, 255, 253, 222, 255, 253, 127, 252,
       221, 251, 255, 99, 251, 245, 119, 219, 255, 253, 255, 245, 255,
       126, 95, 247, 239, 223, 236, 215, 190, 255, 121, 249, 127, 124,
       93, 123, 47, 213, 53, 247, 111, 187, 190, 153, 13, 240, 29, 156,
       93, 60, 246, 183, 189, 250, 223, 44, 254, 60, 248, 253, 255, 62,
       253, 253, 117, 255, 253, 94, 221, 221, 126, 252, 252, 255, 254,
       227, 107, 245, 124, 211, 255, 253, 255, 183, 255, 127, 223, 247,
       239, 215, 100, 87, 190, 255, 120, 249, 125, 121, 93, 255, 47, 245,
       52, 247, 111, 187, 172, 153, 15, 242, 29, 156, 93, 62, 242, 115,
       191, 219, 223, 40, 254, 254, 59, 247, 183, 255, 183, 59, 248, 238,
       127, 243, 51, 255, 251, 178, 85, 242, 213, 127, 102, 109, 167,
       131, 119, 78, 234, 188, 47, 210, 12, 112, 171, 243, 37, 84, 187,
       82, 120, 129, 244, 208, 92, 24, 14, 209, 28, 193, 79, 153, 172,
       24, 5, 240, 29, 157, 73, 16, 242, 51, 189, 88, 86, 32, 248, 246,
       50, 243, 151, 254, 134, 155, 233, 198, 175, 17, 118, 255, 103,
       147, 80, 254, 215, 26, 98, 203, 39, 195, 108, 206, 218, 254, 111,
       146, 185, 243, 110, 87, 45, 21, 191, 90, 120, 233, 86, 80, 72, 1,
       46, 197, 12, 209, 63, 153, 172, 24, 1, 240, 24, 156, 75, 16, 114,
       51, 157, 88, 87, 32, 250, 45, 38, 101, 161, 217, 188, 163, 88,
       172, 125, 202, 119, 173, 127, 233, 101, 226, 252, 135, 96, 249,
       98, 152, 124, 68, 188, 41, 3, 254, 10, 43, 223, 113, 102, 95, 186,
       80, 242, 45, 30, 205, 84, 26, 142, 68, 195, 236, 81, 136, 61, 24,
       36, 240, 157, 143, 73, 16, 224, 35, 172, 200, 71, 32, 176, 124,
       49, 253, 158, 34, 7, 88, 39, 215, 198, 213, 180, 125, 226, 181,
       86, 254, 146, 66, 215, 51, 59, 193, 135, 152, 42, 230, 221, 67,
       188, 252, 232, 202, 60, 37, 190, 202, 120, 192, 93, 26, 203, 181,
       46, 242, 53, 131, 110, 155, 174, 155, 79, 112, 28, 20, 81, 24,
       243, 123, 249, 57, 50, 106, 235, 77, 35, 199, 176, 213, 34, 39,
       90, 32, 126, 192, 51, 195, 203, 130, 67, 226, 93, 33, 102, 105,
       165, 194, 115, 78, 202, 186, 5, 210, 8, 48, 9, 82, 39, 84, 187,
       82, 124, 5, 116, 112, 68, 24, 15, 65, 21, 193, 207, 25, 44, 24, 4,
       225, 28, 156, 73, 16, 240, 51, 189, 88, 86, 32, 248, 55, 53, 124,
       150, 55, 151, 31, 9, 231, 102, 53, 176, 189, 43, 180, 87, 246,
       247, 0, 241, 147, 114, 209, 103, 220, 162, 228, 93, 50, 184, 213,
       105, 215, 44, 22, 190, 202, 120, 129, 221, 50, 90, 60, 15, 208,
       20, 197, 79, 145, 172, 24, 5, 112, 25, 156, 73, 24, 242, 51, 188,
       88, 86, 40, 251, 45, 166, 229, 168, 89, 127, 163, 95, 52, 124,
       194, 53, 73, 127, 185, 101, 194, 125, 195, 96, 245, 37, 88, 243,
       86, 40, 0, 133, 120, 92, 49, 195, 223, 34, 87, 186, 83, 122, 233,
       52, 124, 84, 26, 142, 85, 241, 247, 107, 153, 44, 24, 4, 240, 29,
       156, 73, 16, 226, 51, 189, 90, 87, 32, 248, 60, 253, 255, 254, 55,
       255, 253, 123, 247, 220, 253, 249, 255, 122, 188, 95, 255, 255,
       99, 123, 245, 127, 211, 247, 253, 255, 247, 255, 127, 223, 244,
       235, 207, 44, 87, 190, 223, 120, 249, 125, 122, 95, 187, 175, 213,
       53, 247, 111, 153, 172, 24, 13, 240, 29, 156, 73, 16, 242, 115,
       191, 122, 87, 40, 250, 131, 4, 0, 20, 205, 128, 30, 8, 0, 33, 33,
       74, 130, 73, 6, 1, 36, 85, 5, 65, 202, 39, 162, 106, 70, 154, 177,
       46, 210, 1, 33, 103, 215, 36, 20, 58, 2, 40, 32, 230, 80, 74, 24,
       11, 209, 16, 245, 75, 25, 164, 24, 5, 96, 24, 156, 73, 16, 178,
       51, 189, 88, 87, 32, 249, 63, 180, 253, 237, 63, 253, 251, 125,
       253, 255, 221, 253, 253, 62, 189, 117, 251, 253, 99, 123, 245,
       119, 211, 255, 253, 255, 245, 255, 94, 223, 247, 239, 223, 44, 87,
       190, 223, 121, 233, 125, 120, 92, 123, 47, 213, 53, 247, 111, 185,
       172, 24, 5, 240, 29, 156, 73, 16, 242, 51, 189, 250, 87, 32, 254,
       6, 50, 81, 161, 216, 128, 131, 73, 202, 107, 2, 115, 193, 3, 129,
       81, 226, 197, 1, 96, 200, 37, 138, 88, 76, 152, 57, 47, 146, 8,
       49, 127, 87, 36, 93, 186, 80, 120, 45, 116, 225, 68, 24, 15, 65,
       20, 216, 85, 153, 44, 24, 4, 240, 29, 140, 73, 16, 240, 51, 188,
       88, 87, 32, 251, 50, 17, 217, 150, 63, 0, 89, 47, 214, 106, 19,
       52, 61, 66, 146, 82, 118, 214, 0, 114, 198, 160, 194, 46, 140,
       138, 226, 11, 210, 169, 53, 107, 87, 36, 20, 186, 82, 112, 225,
       215, 208, 72, 21, 10, 192, 20, 225, 79, 153, 172, 24, 5, 240, 29,
       156, 73, 16, 114, 51, 185, 88, 22, 32, 248, 68, 34, 193, 144, 88,
       130, 15, 78, 128, 230, 3, 20, 65, 133, 145, 66, 234, 69, 1, 102,
       138, 161, 206, 43, 76, 200, 170, 15, 18, 8, 49, 79, 115, 39, 85,
       187, 0, 120, 101, 86, 32, 64, 56, 46, 71, 12, 65, 111, 153, 44,
       24, 5, 112, 28, 148, 73, 144, 114, 51, 189, 72, 70, 32, 242, 35,
       5, 25, 146, 2, 140, 29, 11, 166, 70, 41, 2, 157, 105, 52, 23, 246,
       246, 0, 96, 130, 116, 80, 99, 92, 150, 165, 89, 18, 184, 85, 105,
       146, 20, 86, 170, 130, 104, 130, 72, 36, 202, 60, 169, 244, 84,
       229, 79, 145, 172, 24, 5, 32, 25, 156, 73, 24, 114, 51, 189, 88,
       86, 40, 250, 69, 3, 135, 144, 8, 2, 32, 118, 0, 228, 2, 7, 64,
       213, 131, 2, 138, 77, 129, 98, 196, 173, 194, 179, 76, 138, 144,
       2, 80, 0, 49, 75, 87, 38, 85, 186, 16, 120, 193, 68, 80, 116, 24,
       6, 193, 4, 193, 111, 153, 172, 24, 5, 240, 29, 156, 73, 16, 242,
       51, 189, 72, 87, 33, 250, 46, 181, 237, 222, 55, 253, 93, 127,
       245, 198, 253, 176, 125, 126, 180, 79, 251, 244, 99, 115, 183,
       118, 209, 119, 93, 255, 165, 57, 115, 156, 116, 233, 215, 44, 87,
       186, 210, 120, 233, 124, 120, 95, 60, 47, 212, 116, 245, 110, 153,
       172, 24, 5, 240, 29, 156, 89, 16, 242, 51, 189, 88, 215, 40, 250,
       5, 6, 196, 176, 9, 206, 33, 78, 36, 100, 2, 4, 17, 109, 187, 37,
       202, 125, 1, 96, 192, 37, 218, 115, 76, 136, 128, 6, 112, 0, 49,
       79, 215, 36, 87, 186, 16, 120, 233, 110, 116, 20, 24, 39, 213, 20,
       245, 107, 153, 172, 24, 5, 240, 29, 156, 73, 24, 242, 51, 189, 72,
       87, 32, 250, 42, 6, 236, 170, 39, 253, 141, 15, 181, 222, 90, 4,
       57, 62, 57, 231, 139, 52, 97, 240, 240, 50, 211, 119, 81, 253,
       144, 5, 82, 210, 55, 203, 197, 44, 87, 186, 83, 120, 233, 124,
       120, 93, 52, 47, 213, 85, 247, 111, 153, 172, 24, 5, 242, 29, 156,
       81, 16, 242, 51, 189, 90, 215, 40, 250, 193, 207, 167, 217, 193,
       93, 197, 219, 173, 213, 46, 206, 131, 253, 126, 173, 139, 117,
       125, 47, 30, 143, 190, 97, 107, 247, 23, 34, 181, 10, 18, 25, 242,
       71, 115, 203, 80, 119, 255, 160, 119, 60, 56, 183, 29, 90, 125,
       176, 193, 153, 118, 188, 217, 255, 133, 138, 49, 204, 96, 47, 68,
       85, 5, 250, 133, 142, 142, 9, 32, 93, 164, 246, 57, 252, 46, 197,
       82, 181, 107, 170, 137, 72, 224, 43, 212, 84, 110, 131, 105, 117,
       17, 98, 45, 71, 18, 67, 221, 16, 113, 96, 20, 200, 232, 40, 112,
       61, 106, 55, 183, 182, 119, 233, 59, 200, 47, 31, 149, 93, 24, 12,
       55, 193, 6, 101, 67, 241, 69, 234, 126, 51, 227, 245, 119, 35,
       251, 255, 212, 250, 211, 53, 121, 202, 147, 86, 242, 212, 67, 118,
       111, 169, 198, 63, 14, 138, 162, 141, 82, 24, 48, 251, 119, 38,
       92, 187, 86, 118, 193, 84, 216, 68, 145, 14, 194, 133, 193, 94,
       155, 172, 24, 5, 240, 28, 157, 73, 128, 242, 51, 153, 92, 6, 32,
       241, 197, 202, 167, 193, 201, 216, 229, 216, 172, 221, 170, 79,
       195, 253, 251, 173, 139, 125, 191, 47, 78, 143, 190, 120, 103,
       255, 27, 34, 189, 11, 18, 31, 246, 67, 123, 89, 80, 247, 127, 166,
