%YAML:1.0
descriptors: !!opencv-matrix
   rows: 22
   cols: 64
   dt: u
   data: [ 190, 221, 254, 255, 63, 255, 221, 255, 191, 245, 253, 253,
       191, 254, 254, 254, 255, 215, 115, 251, 247, 127, 231, 119, 125,
       239, 245, 127, 123, 223, 255, 235, 223, 44, 85, 190, 214, 121,
       249, 124, 122, 93, 249, 47, 213, 55, 245, 111, 153, 172, 155, 13,
       240, 29, 156, 73, 48, 242, 115, 189, 89, 87, 34, 250, 62, 255,
       125, 222, 54, 253, 221, 121, 127, 212, 221, 248, 253, 127, 252,
       92, 255, 246, 96, 251, 247, 124, 211, 243, 253, 247, 243, 125,
       126, 254, 213, 233, 223, 116, 215, 190, 222, 120, 251, 125, 116,
       93, 191, 47, 245, 20, 245, 111, 155, 174, 153, 79, 242, 29, 158,
       93, 56, 243, 115, 191, 91, 223, 44, 250, 67, 149, 128, 18, 221,
       130, 70, 10, 38, 0, 4, 97, 174, 203, 36, 29, 102, 247, 37, 150,
       194, 47, 129, 103, 70, 154, 98, 15, 146, 8, 192, 97, 151, 39, 20,
       186, 66, 0, 103, 244, 65, 194, 24, 75, 217, 80, 245, 207, 145,
       164, 24, 4, 224, 24, 156, 73, 17, 178, 51, 191, 24, 119, 160, 233,
       29, 33, 255, 212, 48, 103, 241, 118, 144, 252, 84, 149, 81, 118,
       147, 66, 235, 220, 195, 107, 245, 41, 230, 179, 41, 43, 166, 130,
       89, 77, 49, 235, 255, 38, 53, 186, 87, 120, 233, 116, 120, 93,
       187, 38, 246, 52, 67, 110, 153, 172, 123, 5, 240, 28, 156, 73, 16,
       242, 59, 249, 89, 23, 33, 250, 69, 4, 131, 57, 201, 162, 43, 204,
       136, 171, 129, 14, 192, 129, 131, 3, 10, 45, 155, 68, 136, 133,
       78, 9, 4, 200, 154, 166, 0, 1, 33, 79, 101, 145, 21, 43, 16, 173,
       36, 2, 32, 96, 72, 128, 99, 89, 9, 145, 28, 72, 56, 49, 5, 248,
       92, 162, 192, 46, 155, 152, 140, 6, 83, 103, 59, 255, 253, 255,
       63, 253, 221, 57, 255, 255, 221, 249, 253, 127, 252, 221, 255,
       247, 98, 251, 247, 126, 211, 255, 253, 255, 247, 191, 127, 251,
       253, 239, 223, 236, 215, 190, 255, 121, 251, 125, 124, 93, 251,
       111, 245, 181, 245, 111, 187, 190, 153, 79, 242, 29, 158, 93, 52,
       243, 247, 255, 251, 223, 172, 254, 60, 185, 238, 250, 55, 255,
       245, 119, 53, 212, 95, 244, 31, 126, 191, 206, 251, 220, 97, 99,
       245, 53, 211, 115, 93, 255, 176, 47, 114, 222, 54, 235, 199, 36,
       87, 186, 83, 120, 233, 116, 112, 93, 52, 47, 213, 20, 247, 111,
       153, 172, 153, 13, 242, 29, 156, 73, 16, 242, 51, 189, 89, 95, 32,
       250, 254, 57, 247, 247, 223, 167, 115, 255, 206, 229, 213, 62,
       255, 238, 179, 94, 250, 213, 123, 103, 63, 143, 203, 63, 158, 250,
       254, 175, 210, 157, 114, 175, 199, 47, 52, 255, 82, 125, 117, 94,
       88, 89, 244, 126, 201, 61, 201, 183, 221, 172, 24, 213, 241, 254,
       156, 203, 80, 252, 113, 187, 92, 87, 177, 254, 194, 9, 210, 214,
       81, 2, 70, 11, 2, 129, 1, 242, 162, 194, 134, 91, 98, 87, 57, 71,
       6, 45, 194, 99, 14, 218, 186, 47, 18, 8, 48, 40, 215, 39, 52, 155,
       2, 124, 103, 86, 64, 106, 184, 107, 201, 28, 245, 175, 221, 164,
       24, 21, 113, 56, 156, 203, 80, 250, 49, 191, 88, 85, 49, 250, 92,
       41, 147, 214, 32, 199, 120, 103, 66, 166, 65, 148, 83, 226, 147,
       90, 126, 195, 112, 111, 143, 173, 199, 131, 153, 74, 166, 205, 64,
       140, 180, 106, 71, 55, 37, 191, 0, 124, 211, 94, 48, 104, 181,
       110, 171, 28, 161, 111, 157, 172, 56, 215, 112, 28, 20, 73, 81,
       251, 115, 251, 89, 38, 161, 243, 229, 54, 231, 33, 221, 242, 163,
       220, 188, 127, 194, 119, 225, 95, 139, 37, 234, 237, 139, 96, 233,
       131, 158, 120, 70, 200, 56, 167, 222, 13, 35, 255, 117, 37, 95,
       187, 82, 178, 45, 118, 217, 84, 26, 158, 69, 65, 218, 209, 152,
       44, 24, 1, 240, 63, 140, 73, 16, 240, 35, 188, 92, 87, 32, 248,
       246, 58, 255, 183, 255, 150, 159, 200, 238, 239, 147, 126, 239,
       239, 179, 85, 250, 213, 39, 103, 205, 135, 131, 116, 78, 222, 189,
       47, 210, 10, 115, 59, 215, 36, 85, 187, 82, 120, 233, 116, 112,
       92, 56, 47, 213, 28, 245, 125, 153, 172, 24, 5, 240, 29, 156, 73,
       16, 242, 51, 189, 88, 87, 32, 250, 109, 54, 231, 48, 93, 183, 33,
       122, 244, 60, 194, 51, 239, 251, 178, 71, 250, 253, 99, 98, 241,
       39, 211, 247, 78, 186, 180, 135, 90, 20, 113, 235, 223, 44, 86,
       190, 83, 56, 97, 124, 92, 84, 26, 143, 193, 97, 195, 79, 184, 172,
       24, 1, 240, 28, 156, 73, 16, 242, 51, 157, 90, 87, 32, 250, 246,
       240, 251, 151, 254, 135, 219, 201, 206, 231, 53, 250, 247, 66,
       179, 93, 254, 215, 52, 103, 203, 37, 130, 108, 142, 219, 255, 111,
       210, 43, 247, 59, 215, 36, 21, 191, 82, 121, 233, 119, 112, 72,
       49, 15, 209, 28, 209, 63, 153, 172, 24, 5, 240, 29, 156, 73, 16,
       242, 51, 189, 88, 87, 32, 251, 13, 134, 228, 33, 157, 176, 163,
       88, 188, 253, 198, 103, 168, 25, 129, 5, 194, 237, 129, 49, 240,
       103, 218, 121, 100, 248, 24, 166, 124, 67, 33, 199, 223, 224, 221,
       48, 117, 184, 233, 52, 125, 20, 106, 167, 197, 65, 247, 99, 184,
       252, 24, 1, 244, 29, 156, 73, 54, 210, 183, 173, 194, 215, 36, 94,
       61, 158, 124, 171, 191, 253, 191, 125, 189, 255, 222, 255, 189,
       62, 255, 229, 251, 253, 235, 121, 245, 115, 219, 124, 125, 253,
       253, 55, 126, 223, 127, 235, 221, 108, 215, 190, 247, 122, 233,
       124, 124, 93, 126, 47, 213, 183, 246, 109, 191, 172, 152, 13, 242,
       29, 157, 93, 58, 246, 55, 189, 219, 223, 40, 250, 108, 34, 229,
       178, 89, 167, 35, 122, 228, 126, 194, 53, 97, 75, 145, 69, 226,
       213, 3, 96, 225, 39, 129, 119, 78, 136, 172, 13, 82, 12, 49, 235,
       87, 36, 85, 186, 82, 120, 129, 84, 208, 84, 24, 14, 193, 4, 193,
       79, 153, 172, 24, 5, 240, 29, 156, 73, 16, 242, 51, 189, 88, 87,
       32, 248, 45, 6, 100, 162, 31, 125, 163, 81, 180, 92, 74, 5, 9, 63,
       249, 101, 194, 124, 67, 96, 241, 34, 153, 118, 92, 168, 4, 129,
       122, 86, 57, 195, 245, 44, 87, 186, 83, 114, 137, 60, 252, 84, 26,
       142, 68, 227, 230, 77, 152, 44, 24, 4, 242, 29, 156, 73, 16, 226,
       51, 188, 74, 71, 32, 248, 122, 55, 253, 158, 118, 159, 27, 125,
       239, 230, 215, 182, 253, 62, 190, 86, 254, 215, 66, 119, 221, 119,
       211, 247, 221, 234, 252, 127, 82, 156, 247, 233, 223, 44, 87, 190,
       218, 120, 233, 124, 112, 93, 57, 47, 213, 52, 245, 111, 153, 172,
       24, 5, 240, 29, 156, 73, 16, 242, 51, 189, 88, 87, 40, 250, 124,
       41, 251, 188, 16, 103, 125, 255, 212, 238, 221, 181, 115, 134,
       155, 238, 235, 220, 35, 67, 165, 161, 228, 23, 77, 139, 180, 137,
       83, 12, 50, 235, 199, 36, 117, 186, 19, 120, 193, 116, 120, 92,
       49, 46, 214, 21, 39, 110, 153, 172, 58, 5, 240, 29, 156, 65, 16,
       242, 59, 249, 88, 86, 34, 250, 45, 39, 229, 182, 61, 191, 165,
       126, 244, 252, 194, 113, 109, 127, 185, 71, 234, 252, 99, 99, 245,
       38, 209, 247, 77, 186, 164, 135, 90, 12, 49, 203, 223, 36, 87,
       186, 83, 120, 233, 116, 124, 92, 56, 175, 213, 113, 247, 111, 153,
       172, 24, 5, 240, 29, 156, 73, 16, 242, 51, 189, 88, 87, 32, 250,
       63, 181, 125, 158, 55, 119, 151, 122, 246, 212, 213, 180, 125, 62,
       189, 87, 255, 246, 67, 115, 245, 50, 209, 118, 205, 188, 228, 77,
       82, 30, 245, 233, 214, 44, 87, 190, 90, 120, 201, 116, 112, 93,
       56, 47, 212, 20, 245, 111, 153, 172, 24, 5, 240, 29, 156, 73, 16,
       242, 51, 189, 88, 87, 32, 250 ]
