%YAML:1.0
descriptors: !!opencv-matrix
   rows: 43
   cols: 64
   dt: u
   data: [ 62, 172, 253, 190, 42, 93, 245, 103, 247, 252, 92, 213, 93,
       126, 188, 254, 255, 250, 227, 163, 245, 118, 209, 247, 253, 255,
       148, 211, 107, 223, 223, 235, 135, 40, 67, 180, 255, 88, 233, 124,
       120, 29, 127, 39, 212, 52, 247, 111, 185, 172, 137, 13, 240, 29,
       152, 89, 54, 242, 119, 189, 123, 215, 44, 250, 60, 185, 253, 254,
       54, 255, 121, 127, 215, 252, 213, 245, 125, 126, 188, 126, 251,
       222, 99, 107, 247, 63, 195, 247, 253, 171, 230, 223, 82, 223, 245,
       235, 223, 44, 85, 190, 223, 120, 233, 125, 120, 221, 181, 47, 213,
       53, 247, 111, 153, 172, 24, 7, 240, 29, 156, 73, 16, 242, 51, 189,
       121, 87, 32, 250, 15, 187, 199, 119, 63, 251, 221, 158, 123, 189,
       158, 231, 254, 255, 43, 123, 237, 255, 33, 243, 229, 45, 67, 115,
       197, 255, 240, 255, 122, 78, 247, 99, 215, 44, 85, 186, 91, 120,
       249, 116, 116, 93, 56, 47, 213, 85, 247, 111, 153, 172, 24, 5,
       240, 29, 156, 73, 16, 242, 51, 189, 88, 87, 32, 250, 215, 255,
       223, 245, 253, 186, 251, 248, 154, 253, 215, 251, 239, 91, 196,
       89, 178, 215, 60, 107, 207, 45, 194, 123, 239, 222, 243, 127, 94,
       43, 119, 127, 215, 245, 124, 187, 246, 253, 251, 247, 209, 124,
       235, 127, 251, 12, 249, 123, 153, 191, 24, 199, 244, 189, 159,
       107, 80, 255, 243, 191, 248, 119, 177, 255, 182, 250, 83, 231,
       255, 176, 222, 153, 254, 187, 57, 251, 175, 67, 192, 89, 246, 215,
       60, 115, 197, 47, 131, 127, 238, 222, 243, 111, 214, 43, 179, 126,
       215, 165, 93, 159, 114, 121, 233, 119, 113, 92, 58, 111, 213, 20,
       253, 127, 153, 188, 24, 5, 240, 21, 156, 73, 16, 242, 51, 191, 88,
       87, 32, 250, 51, 20, 0, 22, 29, 162, 31, 26, 134, 100, 19, 97, 44,
       75, 0, 21, 110, 230, 1, 80, 192, 34, 129, 119, 68, 154, 224, 15,
       82, 24, 97, 107, 215, 44, 84, 186, 82, 56, 225, 116, 112, 92, 24,
       143, 208, 16, 245, 79, 153, 172, 24, 1, 240, 29, 156, 65, 16, 242,
       51, 189, 88, 87, 32, 250, 59, 182, 117, 163, 255, 180, 171, 124,
       254, 127, 210, 125, 237, 11, 144, 85, 242, 247, 131, 96, 225, 35,
       203, 125, 236, 232, 108, 47, 94, 89, 113, 239, 87, 228, 220, 191,
       118, 249, 169, 119, 89, 92, 74, 143, 209, 1, 249, 87, 152, 188,
       24, 5, 244, 157, 156, 73, 16, 242, 179, 188, 218, 87, 32, 254, 55,
       182, 252, 78, 63, 217, 221, 28, 123, 253, 142, 253, 188, 63, 172,
       213, 251, 182, 160, 187, 213, 112, 91, 127, 225, 183, 225, 115,
       127, 123, 197, 103, 159, 200, 215, 182, 254, 216, 251, 125, 117,
       93, 107, 37, 180, 80, 245, 111, 185, 254, 136, 15, 244, 5, 216,
       93, 54, 243, 182, 173, 251, 219, 108, 222, 7, 182, 113, 37, 252,
       176, 191, 88, 232, 15, 131, 122, 228, 3, 192, 81, 226, 237, 7, 80,
       233, 98, 18, 220, 196, 252, 253, 255, 86, 46, 97, 50, 95, 28, 222,
       158, 88, 57, 169, 87, 108, 72, 58, 173, 245, 97, 190, 21, 152,
       191, 16, 35, 224, 149, 220, 97, 16, 178, 19, 189, 120, 215, 96,
       58, 3, 0, 0, 130, 153, 128, 131, 72, 6, 0, 2, 84, 129, 11, 128,
       17, 98, 212, 1, 96, 192, 34, 136, 96, 76, 128, 40, 15, 18, 8, 17,
       105, 85, 36, 84, 154, 66, 112, 9, 86, 208, 80, 24, 14, 64, 20,
       224, 79, 153, 44, 24, 4, 112, 24, 156, 73, 16, 114, 51, 188, 88,
       87, 32, 249, 124, 37, 227, 178, 85, 167, 35, 127, 196, 68, 210,
       52, 227, 202, 145, 70, 234, 213, 35, 102, 193, 39, 195, 119, 78,
       154, 172, 13, 82, 8, 48, 41, 214, 36, 85, 186, 82, 120, 193, 116,
       208, 84, 24, 14, 209, 20, 225, 78, 153, 172, 24, 5, 240, 29, 156,
       73, 16, 242, 51, 189, 88, 87, 32, 250, 3, 2, 193, 178, 25, 2, 33,
       78, 128, 42, 0, 53, 33, 75, 130, 0, 226, 84, 1, 96, 192, 32, 200,
       123, 76, 138, 160, 3, 82, 8, 33, 79, 215, 36, 84, 186, 82, 120,
       225, 116, 208, 92, 24, 15, 208, 16, 225, 79, 153, 172, 24, 5, 240,
       29, 156, 73, 16, 242, 51, 189, 88, 87, 32, 249, 44, 37, 229, 184,
       18, 111, 33, 111, 244, 68, 198, 53, 81, 254, 189, 70, 203, 124,
       99, 100, 245, 38, 208, 247, 94, 184, 148, 133, 66, 156, 48, 201,
       198, 36, 71, 186, 19, 120, 201, 124, 120, 93, 52, 167, 85, 53,
       231, 110, 153, 172, 152, 12, 240, 29, 156, 73, 16, 242, 51, 189,
       88, 87, 32, 250, 124, 45, 239, 218, 50, 95, 117, 103, 213, 230,
       87, 180, 95, 254, 190, 206, 251, 212, 99, 103, 55, 191, 247, 183,
       95, 251, 182, 137, 67, 220, 118, 233, 199, 46, 71, 186, 218, 120,
       233, 124, 120, 93, 181, 47, 213, 52, 229, 110, 155, 172, 155, 13,
       242, 29, 156, 89, 16, 242, 115, 189, 91, 87, 40, 250, 7, 22, 0,
       35, 221, 176, 166, 88, 40, 57, 130, 111, 160, 95, 130, 1, 66, 109,
       137, 144, 233, 39, 27, 120, 68, 220, 24, 39, 158, 7, 35, 71, 31,
       227, 221, 49, 113, 184, 109, 38, 109, 84, 74, 143, 69, 65, 255,
       83, 56, 92, 24, 32, 245, 164, 200, 97, 18, 16, 151, 133, 128, 87,
       52, 94, 94, 57, 219, 244, 50, 3, 121, 110, 82, 164, 213, 182, 127,
       226, 146, 90, 226, 213, 33, 99, 143, 173, 194, 51, 79, 202, 178,
       15, 82, 13, 48, 111, 215, 36, 116, 186, 82, 124, 225, 118, 80, 92,
       185, 47, 219, 20, 225, 111, 153, 172, 24, 5, 240, 29, 156, 73, 16,
       242, 51, 189, 88, 86, 32, 251, 26, 48, 155, 246, 40, 128, 248, 15,
       82, 186, 81, 149, 21, 70, 3, 18, 126, 206, 128, 75, 198, 45, 198,
       91, 141, 138, 226, 223, 66, 33, 181, 110, 87, 180, 53, 48, 127,
       248, 232, 119, 112, 76, 241, 104, 246, 20, 193, 111, 155, 174, 24,
       71, 244, 29, 188, 73, 21, 243, 51, 249, 88, 87, 33, 254, 66, 142,
       130, 247, 249, 162, 234, 135, 28, 249, 66, 87, 130, 203, 131, 12,
       106, 221, 169, 98, 197, 45, 207, 123, 78, 202, 178, 39, 94, 1, 33,
       127, 247, 163, 93, 49, 119, 254, 237, 118, 209, 124, 154, 78, 201,
       21, 211, 235, 153, 236, 24, 5, 244, 29, 156, 73, 19, 242, 51, 191,
       88, 119, 33, 254, 199, 2, 67, 129, 217, 130, 135, 200, 172, 111,
       10, 86, 131, 79, 147, 69, 226, 213, 37, 100, 200, 133, 138, 120,
       78, 220, 57, 47, 146, 10, 51, 27, 87, 37, 93, 155, 80, 112, 45,
       86, 96, 68, 24, 15, 197, 28, 252, 149, 153, 172, 24, 5, 240, 29,
       140, 73, 16, 240, 49, 189, 92, 87, 32, 184, 71, 182, 211, 163,
       217, 144, 131, 73, 174, 235, 2, 126, 129, 11, 129, 85, 234, 213,
       33, 98, 200, 5, 202, 121, 78, 208, 57, 47, 18, 10, 51, 123, 215,
       36, 93, 155, 80, 120, 109, 118, 96, 84, 56, 13, 213, 28, 240, 55,
       153, 172, 24, 5, 240, 29, 156, 73, 16, 242, 51, 189, 88, 87, 32,
       250, 199, 246, 83, 167, 252, 176, 170, 200, 58, 123, 2, 111, 142,
       115, 195, 17, 102, 231, 157, 32, 201, 5, 10, 120, 230, 220, 121,
       111, 158, 43, 163, 119, 117, 225, 92, 19, 112, 241, 173, 118, 197,
       84, 74, 30, 193, 8, 216, 17, 136, 221, 24, 37, 245, 231, 140, 235,
       16, 220, 178, 140, 220, 87, 48, 188, 97, 7, 193, 50, 85, 34, 33,
       90, 196, 8, 128, 115, 35, 203, 128, 71, 226, 85, 5, 69, 64, 47,
       192, 119, 70, 138, 162, 13, 82, 8, 32, 9, 86, 38, 84, 186, 66,
       124, 1, 212, 208, 64, 24, 14, 200, 21, 193, 206, 24, 36, 24, 4,
       96, 28, 156, 73, 16, 178, 51, 189, 88, 86, 32, 249, 62, 182, 253,
       190, 62, 253, 188, 117, 119, 252, 87, 213, 221, 55, 185, 87, 255,
       222, 97, 227, 213, 116, 195, 243, 205, 158, 164, 255, 122, 93,
       181, 239, 215, 36, 85, 186, 95, 120, 233, 117, 112, 93, 123, 47,
       213, 20, 247, 111, 153, 172, 24, 5, 240, 29, 156, 73, 16, 242, 51,
       189, 88, 87, 32, 250, 58, 57, 211, 214, 50, 133, 93, 107, 198,
       229, 85, 211, 183, 194, 148, 90, 246, 215, 36, 99, 142, 44, 194,
       111, 143, 154, 166, 15, 82, 169, 116, 109, 211, 39, 52, 186, 66,
       124, 243, 87, 81, 200, 181, 111, 171, 20, 237, 111, 137, 164, 88,
       197, 224, 30, 156, 73, 16, 242, 51, 251, 89, 69, 33, 250, 40, 6,
       1, 162, 11, 93, 161, 79, 180, 84, 70, 5, 17, 60, 57, 228, 203, 84,
       129, 96, 192, 50, 220, 114, 92, 136, 4, 0, 122, 192, 57, 203, 149,
