%YAML:1.0
descriptors: !!opencv-matrix
   rows: 71
   cols: 64
   dt: u
   data: [ 59, 176, 253, 254, 63, 55, 255, 126, 246, 254, 213, 241, 125,
       126, 180, 87, 254, 247, 99, 99, 245, 55, 193, 119, 204, 234, 228,
       223, 90, 221, 245, 235, 215, 44, 87, 190, 83, 120, 233, 125, 120,
       93, 121, 47, 213, 53, 247, 111, 153, 172, 24, 5, 240, 29, 156, 73,
       16, 242, 51, 189, 88, 87, 32, 250, 61, 253, 255, 221, 62, 255,
       255, 125, 253, 252, 220, 253, 253, 125, 191, 237, 255, 253, 99,
       251, 245, 127, 211, 247, 249, 127, 247, 254, 125, 215, 255, 235,
       207, 108, 87, 190, 223, 120, 249, 125, 124, 93, 251, 175, 213, 53,
       247, 111, 185, 172, 153, 13, 240, 29, 156, 93, 56, 246, 115, 191,
       251, 223, 46, 250, 28, 161, 153, 220, 34, 147, 92, 103, 87, 186,
       149, 241, 81, 70, 180, 74, 251, 145, 96, 3, 197, 61, 194, 211,
       201, 91, 178, 78, 64, 204, 181, 106, 207, 52, 69, 186, 82, 120,
       235, 116, 112, 93, 53, 47, 245, 20, 181, 111, 153, 172, 24, 7,
       240, 29, 156, 65, 16, 242, 51, 189, 88, 87, 32, 250, 58, 213, 108,
       222, 47, 191, 223, 57, 183, 255, 181, 203, 189, 120, 52, 95, 180,
       183, 118, 187, 246, 127, 209, 119, 113, 119, 231, 126, 127, 243,
       213, 235, 207, 120, 130, 36, 254, 73, 250, 121, 122, 255, 231,
       237, 181, 117, 245, 111, 191, 186, 153, 15, 250, 29, 216, 85, 59,
       243, 255, 191, 179, 251, 172, 219, 28, 161, 185, 220, 34, 223,
       124, 103, 215, 252, 85, 145, 81, 118, 188, 74, 251, 152, 99, 67,
       213, 61, 192, 211, 221, 219, 180, 205, 64, 204, 53, 232, 199, 36,
       69, 186, 94, 120, 233, 124, 112, 93, 49, 47, 213, 52, 181, 111,
       153, 172, 24, 5, 240, 29, 156, 65, 16, 242, 51, 189, 88, 87, 32,
       250, 201, 13, 175, 244, 32, 35, 125, 126, 145, 230, 213, 130, 83,
       225, 6, 10, 136, 93, 59, 111, 134, 141, 224, 179, 79, 202, 146,
       134, 64, 0, 48, 73, 215, 55, 48, 187, 82, 108, 242, 240, 80, 122,
       185, 111, 187, 28, 101, 239, 91, 168, 57, 213, 241, 93, 188, 76,
       81, 250, 115, 251, 89, 84, 129, 250, 60, 189, 255, 220, 62, 127,
       249, 127, 255, 252, 222, 245, 127, 124, 255, 238, 255, 252, 99,
       107, 245, 127, 215, 247, 253, 111, 246, 222, 125, 223, 255, 235,
       207, 108, 71, 190, 222, 122, 249, 125, 120, 93, 255, 175, 213,
       183, 247, 111, 191, 172, 153, 79, 242, 29, 156, 93, 52, 242, 123,
       191, 251, 223, 40, 254, 179, 244, 125, 142, 191, 157, 223, 24,
       247, 87, 189, 250, 173, 123, 244, 85, 246, 246, 6, 177, 241, 114,
       145, 100, 244, 182, 225, 123, 191, 123, 213, 105, 151, 236, 158,
       158, 234, 121, 187, 255, 118, 223, 111, 141, 208, 80, 244, 79,
       145, 191, 16, 13, 248, 145, 222, 81, 56, 178, 114, 158, 250, 223,
       46, 249, 133, 33, 193, 212, 16, 0, 93, 74, 0, 130, 1, 242, 2, 195,
       128, 66, 2, 68, 4, 67, 2, 172, 224, 3, 12, 130, 130, 1, 18, 40, 0,
       9, 114, 6, 52, 154, 0, 124, 3, 150, 130, 98, 184, 64, 170, 20, 65,
       10, 65, 36, 48, 21, 0, 24, 181, 8, 144, 34, 48, 91, 76, 20, 35,
       187, 22, 225, 73, 212, 48, 144, 89, 108, 2, 130, 49, 240, 65, 3,
       148, 82, 10, 84, 4, 107, 130, 40, 228, 35, 45, 147, 163, 25, 19,
       40, 21, 121, 82, 20, 188, 138, 2, 120, 195, 215, 16, 234, 185,
       105, 178, 20, 209, 110, 19, 172, 51, 7, 40, 16, 180, 12, 128, 114,
       50, 219, 89, 23, 33, 187, 3, 18, 0, 162, 141, 160, 138, 8, 38, 42,
       2, 64, 168, 11, 0, 17, 100, 231, 1, 208, 192, 32, 130, 112, 0,
       152, 224, 14, 18, 0, 33, 67, 87, 36, 86, 186, 83, 120, 33, 68, 96,
       64, 24, 15, 192, 0, 208, 79, 152, 172, 24, 1, 240, 28, 156, 73,
       16, 114, 51, 156, 72, 23, 32, 120, 44, 0, 237, 144, 58, 215, 183,
       118, 52, 254, 14, 20, 93, 61, 179, 70, 235, 213, 65, 99, 212, 101,
       194, 243, 77, 254, 180, 14, 88, 12, 49, 107, 215, 36, 85, 186, 82,
       120, 233, 116, 112, 92, 56, 47, 213, 20, 245, 111, 153, 172, 24,
       5, 240, 29, 156, 73, 16, 242, 51, 189, 88, 87, 32, 250, 60, 182,
       125, 162, 63, 253, 177, 125, 246, 252, 214, 117, 253, 126, 185,
       116, 250, 214, 67, 98, 245, 34, 195, 119, 205, 186, 228, 139, 90,
       94, 241, 235, 215, 36, 85, 190, 82, 122, 233, 116, 120, 92, 56,
       47, 212, 21, 247, 111, 153, 172, 24, 5, 240, 29, 156, 73, 16, 242,
       51, 189, 88, 87, 32, 250, 51, 149, 24, 30, 47, 128, 218, 1, 82,
       224, 21, 209, 188, 98, 4, 18, 254, 147, 0, 147, 199, 44, 195, 71,
       216, 146, 225, 127, 66, 56, 197, 106, 199, 60, 69, 182, 218, 88,
       234, 117, 112, 92, 57, 43, 245, 20, 181, 111, 153, 174, 24, 7,
       240, 29, 156, 73, 16, 243, 51, 185, 120, 87, 32, 234, 61, 182,
       109, 164, 62, 253, 187, 113, 244, 252, 222, 247, 221, 61, 188,
       100, 251, 220, 67, 99, 245, 98, 208, 246, 93, 62, 181, 154, 120,
       86, 119, 235, 223, 44, 85, 186, 223, 120, 233, 124, 120, 92, 56,
       175, 212, 53, 247, 111, 153, 172, 24, 5, 240, 29, 156, 73, 16,
       242, 51, 189, 90, 87, 32, 250, 39, 52, 65, 130, 29, 128, 7, 8,
       230, 68, 17, 48, 41, 15, 128, 85, 226, 212, 1, 96, 193, 34, 193,
       103, 76, 128, 160, 13, 18, 8, 1, 105, 215, 36, 85, 186, 66, 120,
       1, 84, 96, 64, 24, 139, 212, 16, 229, 79, 153, 172, 24, 5, 240,
       24, 156, 73, 16, 242, 51, 188, 88, 87, 32, 248, 7, 135, 8, 28, 35,
       152, 28, 1, 35, 64, 5, 192, 144, 116, 44, 80, 136, 144, 0, 211,
       199, 36, 64, 99, 69, 150, 129, 109, 0, 46, 21, 97, 150, 52, 85,
       138, 66, 120, 234, 116, 112, 29, 56, 45, 213, 20, 245, 111, 145,
       172, 24, 5, 240, 29, 152, 73, 16, 243, 51, 189, 88, 83, 32, 250,
       39, 54, 97, 34, 221, 162, 7, 72, 230, 68, 128, 114, 173, 11, 164,
       85, 226, 245, 7, 96, 193, 6, 145, 116, 70, 152, 40, 13, 210, 8,
       33, 105, 212, 36, 20, 186, 66, 120, 1, 84, 64, 66, 24, 139, 64,
       16, 196, 77, 152, 36, 24, 4, 96, 28, 140, 73, 16, 178, 51, 156,
       88, 87, 32, 248, 19, 213, 8, 22, 23, 128, 92, 8, 2, 3, 149, 242,
       160, 66, 4, 17, 32, 7, 4, 211, 131, 46, 193, 71, 4, 146, 227, 47,
       18, 40, 1, 40, 150, 44, 20, 154, 74, 40, 98, 215, 64, 202, 61, 73,
       144, 20, 181, 15, 17, 166, 16, 5, 96, 16, 124, 65, 16, 51, 50,
       187, 24, 87, 160, 235, 209, 137, 147, 247, 112, 130, 248, 230, 80,
       161, 85, 219, 130, 195, 130, 26, 42, 69, 188, 111, 14, 173, 230,
       107, 47, 202, 146, 63, 82, 41, 50, 47, 55, 183, 60, 219, 52, 253,
       126, 151, 81, 106, 169, 98, 171, 28, 89, 187, 77, 160, 121, 247,
       81, 114, 188, 238, 65, 126, 48, 75, 76, 53, 145, 255, 84, 43, 147,
       213, 96, 130, 248, 230, 2, 160, 83, 21, 82, 198, 153, 178, 34,
       201, 136, 70, 142, 173, 198, 139, 143, 138, 162, 77, 0, 40, 52,
       30, 114, 55, 125, 155, 20, 254, 210, 70, 129, 96, 145, 66, 171,
       142, 201, 158, 203, 36, 113, 247, 49, 94, 21, 75, 193, 106, 17,
       235, 76, 36, 145, 180, 206, 3, 17, 181, 192, 98, 42, 197, 0, 42,
       67, 6, 64, 196, 139, 178, 2, 8, 129, 68, 10, 137, 4, 24, 14, 136,
       170, 137, 194, 32, 34, 144, 112, 151, 125, 171, 33, 230, 5, 198,
       128, 96, 16, 88, 106, 143, 138, 148, 72, 4, 112, 52, 67, 86, 37,
       168, 193, 104, 1, 176, 12, 6, 17, 32, 6, 3, 0, 16, 0, 2, 0, 66, 0,
       2, 3, 4, 0, 128, 129, 2, 98, 64, 1, 68, 192, 32, 192, 3, 76, 136,
       160, 13, 18, 12, 32, 64, 82, 36, 85, 186, 66, 56, 1, 84, 16, 64,
       16, 14, 64, 20, 161, 78, 153, 44, 24, 0, 112, 28, 156, 73, 16,
       242, 51, 188, 72, 86, 32, 248, 108, 7, 230, 176, 80, 39, 33, 119,
       36, 68, 66, 23, 17, 233, 147, 70, 234, 213, 1, 102, 68, 165, 194,
       115, 78, 138, 176, 13, 82, 8, 48, 105, 215, 36, 85, 186, 82, 120,
       193, 116, 240, 84, 24, 14, 209, 20, 225, 78, 153, 172, 24, 5, 240,
       29, 156, 73, 16, 242, 51, 189, 88, 87, 32, 250, 70, 1, 192, 144,
       80, 2, 2, 67, 6, 2, 1, 18, 144, 192, 178, 66, 226, 213, 1, 100,
       64, 165, 192, 99, 78, 136, 164, 13, 82, 12, 48, 40, 86, 36, 84,
       186, 66, 120, 1, 84, 48, 64, 24, 15, 193, 20, 229, 78, 153, 172,
       24, 5, 112, 28, 156, 73, 16, 242, 51, 189, 88, 86, 32, 248, 68,
