%YAML:1.0
descriptors: !!opencv-matrix
   rows: 113
   cols: 64
   dt: u
   data: [ 60, 253, 255, 254, 63, 253, 253, 127, 255, 252, 212, 249, 255,
       126, 253, 223, 255, 254, 227, 123, 245, 126, 211, 247, 253, 255,
       247, 255, 127, 223, 245, 235, 223, 44, 87, 190, 223, 120, 249,
       125, 120, 93, 255, 47, 245, 53, 247, 111, 185, 174, 153, 15, 242,
       29, 156, 93, 52, 242, 119, 191, 251, 223, 44, 250, 39, 54, 113,
       34, 29, 162, 7, 88, 226, 68, 130, 33, 108, 79, 128, 21, 226, 229,
       3, 112, 225, 34, 81, 119, 68, 136, 224, 13, 82, 8, 97, 97, 87, 36,
       86, 186, 82, 56, 1, 84, 100, 64, 24, 143, 196, 64, 229, 79, 152,
       172, 24, 1, 240, 28, 156, 73, 16, 242, 51, 189, 88, 87, 32, 250,
       69, 41, 146, 116, 80, 2, 234, 198, 16, 184, 2, 23, 2, 194, 131,
       10, 10, 73, 185, 7, 199, 173, 192, 75, 74, 90, 146, 7, 64, 8, 32,
       70, 87, 19, 116, 163, 53, 188, 119, 52, 81, 36, 186, 98, 235, 8,
       3, 235, 93, 164, 56, 213, 213, 126, 28, 130, 87, 78, 115, 163, 72,
       37, 145, 234, 198, 138, 128, 247, 249, 184, 250, 8, 24, 187, 2,
       207, 130, 67, 128, 17, 34, 223, 156, 11, 204, 45, 202, 121, 101,
       218, 186, 55, 30, 97, 37, 70, 23, 241, 124, 49, 117, 251, 250, 39,
       193, 124, 235, 105, 163, 5, 249, 115, 188, 218, 56, 39, 229, 229,
       188, 234, 87, 223, 182, 175, 226, 119, 177, 126, 199, 3, 64, 83,
       217, 128, 134, 136, 46, 1, 2, 66, 128, 111, 192, 5, 66, 85, 37,
       38, 78, 47, 138, 98, 70, 214, 19, 47, 146, 10, 3, 18, 18, 39, 84,
       155, 0, 120, 111, 22, 33, 112, 8, 75, 69, 12, 125, 147, 1, 44, 16,
       4, 17, 25, 140, 43, 16, 112, 48, 61, 72, 85, 49, 248, 77, 5, 163,
       52, 64, 166, 47, 78, 132, 228, 67, 128, 195, 169, 146, 6, 168, 93,
       27, 103, 170, 175, 194, 51, 77, 202, 140, 15, 80, 0, 49, 79, 87,
       37, 116, 187, 66, 120, 229, 86, 16, 120, 56, 46, 195, 28, 193, 47,
       29, 172, 24, 5, 113, 124, 148, 74, 80, 254, 51, 189, 72, 86, 48,
       250, 5, 7, 0, 32, 1, 10, 32, 74, 32, 64, 130, 4, 64, 197, 137, 1,
       192, 40, 1, 68, 2, 0, 0, 3, 70, 136, 0, 0, 128, 4, 8, 1, 16, 2,
       81, 138, 0, 98, 5, 0, 132, 32, 24, 130, 64, 2, 96, 196, 16, 36,
       16, 20, 1, 88, 1, 8, 16, 64, 1, 164, 8, 70, 32, 64, 195, 22, 144,
       135, 200, 130, 14, 0, 34, 107, 1, 66, 134, 225, 2, 17, 102, 199,
       56, 100, 200, 5, 138, 105, 78, 218, 184, 110, 146, 8, 177, 103,
       87, 37, 84, 59, 82, 96, 164, 70, 64, 72, 8, 11, 209, 28, 213, 95,
       153, 172, 24, 5, 240, 56, 156, 203, 16, 254, 51, 189, 88, 87, 48,
       248, 72, 1, 0, 176, 65, 34, 38, 94, 4, 10, 192, 0, 0, 8, 33, 7, 0,
       29, 1, 84, 224, 35, 192, 51, 4, 8, 136, 132, 80, 4, 32, 192, 88,
       0, 17, 169, 17, 96, 4, 64, 56, 96, 20, 10, 69, 21, 131, 78, 24,
       44, 24, 4, 97, 28, 220, 0, 16, 162, 55, 184, 8, 86, 32, 96, 82, 1,
       17, 22, 0, 130, 10, 4, 66, 34, 19, 4, 16, 0, 0, 18, 100, 3, 0,
       132, 128, 33, 64, 131, 136, 128, 224, 76, 0, 32, 129, 96, 2, 52,
       0, 36, 9, 8, 0, 64, 0, 0, 21, 8, 160, 20, 129, 78, 19, 34, 9, 7,
       32, 24, 24, 65, 1, 51, 19, 176, 0, 2, 96, 96, 1, 22, 4, 0, 205,
       186, 163, 56, 48, 92, 6, 69, 136, 89, 8, 5, 68, 237, 129, 48, 240,
       35, 152, 115, 64, 56, 0, 6, 124, 64, 1, 71, 223, 98, 209, 48, 117,
       10, 41, 32, 213, 20, 26, 135, 65, 97, 247, 75, 184, 60, 24, 8,
       244, 13, 154, 65, 55, 210, 55, 189, 194, 87, 36, 88, 76, 73, 235,
       152, 18, 95, 81, 239, 133, 230, 125, 148, 81, 172, 255, 238, 139,
       84, 112, 109, 14, 144, 228, 35, 29, 129, 132, 9, 83, 200, 30, 121,
       240, 4, 53, 250, 66, 126, 129, 214, 178, 251, 117, 62, 22, 158,
       64, 236, 31, 44, 119, 133, 27, 29, 181, 28, 144, 224, 41, 120, 77,
       20, 34, 243, 133, 78, 101, 201, 208, 93, 163, 244, 168, 84, 42,
       23, 65, 61, 219, 225, 195, 84, 141, 108, 76, 192, 172, 48, 79,
       173, 13, 0, 189, 10, 26, 25, 112, 71, 85, 218, 64, 114, 13, 148,
       151, 116, 24, 22, 68, 142, 72, 144, 9, 37, 86, 52, 25, 31, 135, 8,
       144, 108, 40, 12, 76, 70, 34, 177, 198, 1, 139, 152, 0, 70, 21,
       110, 132, 230, 61, 144, 19, 172, 150, 142, 139, 84, 32, 111, 2,
       130, 228, 35, 13, 131, 132, 9, 19, 8, 16, 73, 208, 36, 52, 186, 2,
       108, 3, 212, 50, 106, 56, 43, 158, 28, 69, 238, 17, 168, 114, 5,
       80, 24, 180, 8, 144, 226, 33, 121, 88, 84, 34, 251, 3, 6, 0, 131,
       201, 128, 131, 8, 38, 75, 2, 70, 128, 11, 97, 5, 66, 84, 5, 32,
       192, 32, 136, 104, 12, 144, 8, 1, 150, 10, 17, 31, 116, 36, 92,
       154, 80, 114, 9, 134, 129, 64, 8, 14, 64, 6, 200, 17, 0, 45, 16,
       4, 48, 16, 141, 73, 16, 96, 34, 60, 72, 71, 32, 177, 64, 3, 1,
       144, 64, 130, 11, 72, 166, 166, 1, 4, 1, 41, 145, 3, 226, 85, 0,
       100, 200, 33, 192, 35, 76, 128, 168, 12, 16, 8, 49, 73, 82, 36,
       84, 186, 80, 120, 1, 84, 80, 64, 24, 14, 193, 28, 193, 79, 25,
       172, 24, 5, 112, 24, 156, 73, 16, 114, 51, 157, 72, 86, 32, 250,
       254, 188, 255, 167, 255, 167, 215, 249, 222, 125, 212, 127, 255,
       222, 150, 92, 250, 151, 127, 87, 249, 143, 187, 253, 190, 254,
       253, 255, 254, 251, 247, 174, 143, 173, 6, 255, 254, 57, 237, 253,
       89, 221, 215, 191, 201, 61, 189, 149, 255, 182, 137, 171, 248,
       190, 156, 243, 100, 254, 247, 217, 186, 31, 60, 222, 195, 1, 65,
       147, 217, 128, 7, 72, 194, 33, 1, 18, 161, 193, 130, 1, 98, 85, 5,
       100, 74, 165, 138, 32, 78, 154, 184, 47, 146, 8, 49, 9, 83, 39,
       84, 155, 66, 112, 5, 86, 16, 64, 24, 10, 65, 28, 201, 21, 25, 36,
       16, 4, 96, 26, 132, 73, 16, 112, 49, 189, 88, 86, 32, 248, 68, 1,
       195, 144, 80, 2, 33, 78, 128, 98, 3, 20, 67, 192, 179, 67, 234,
       85, 1, 102, 10, 133, 206, 35, 14, 136, 184, 13, 146, 8, 48, 9, 81,
       38, 84, 187, 0, 116, 5, 86, 144, 64, 24, 10, 65, 28, 65, 134, 25,
       44, 16, 4, 112, 28, 132, 73, 144, 240, 33, 189, 72, 86, 32, 243,
       66, 2, 129, 18, 200, 130, 3, 9, 130, 34, 3, 6, 145, 66, 144, 0,
       66, 85, 0, 32, 192, 39, 194, 99, 76, 144, 132, 13, 18, 8, 17, 72,
       215, 36, 85, 186, 66, 120, 99, 86, 32, 80, 8, 9, 213, 20, 229, 79,
       17, 172, 24, 5, 176, 25, 156, 75, 16, 114, 51, 189, 72, 87, 32,
       250, 227, 197, 73, 150, 223, 140, 31, 8, 230, 103, 61, 250, 187,
       107, 180, 93, 226, 213, 36, 33, 202, 166, 130, 100, 78, 215, 177,
       47, 146, 26, 19, 41, 210, 36, 20, 154, 66, 121, 235, 246, 114,
       202, 40, 47, 213, 28, 253, 31, 145, 164, 16, 4, 96, 24, 158, 75,
       16, 242, 48, 61, 88, 85, 32, 248, 134, 225, 2, 147, 217, 192, 196,
       129, 2, 195, 40, 250, 130, 70, 128, 88, 73, 3, 36, 131, 15, 44,
       47, 74, 70, 215, 51, 43, 130, 42, 131, 18, 22, 134, 93, 139, 32,
       124, 111, 22, 96, 96, 40, 105, 23, 28, 117, 179, 81, 236, 16, 100,
       148, 1, 36, 235, 144, 80, 32, 37, 28, 113, 177, 170, 194, 9, 130,
       247, 193, 66, 94, 142, 0, 163, 41, 136, 50, 192, 3, 42, 9, 17, 56,
       87, 14, 173, 230, 11, 6, 203, 178, 44, 211, 33, 34, 6, 115, 167,
       53, 123, 2, 101, 118, 66, 48, 104, 180, 107, 143, 28, 45, 178, 93,
       136, 114, 245, 65, 122, 52, 162, 209, 40, 105, 123, 12, 36, 145,
       162, 18, 19, 145, 180, 0, 128, 8, 2, 2, 160, 83, 4, 196, 64, 0,
       18, 116, 203, 0, 195, 130, 45, 66, 75, 140, 138, 226, 206, 2, 32,
       225, 108, 23, 182, 112, 28, 9, 106, 2, 66, 129, 64, 145, 74, 170,
       4, 131, 79, 216, 0, 56, 67, 96, 16, 60, 73, 1, 51, 19, 241, 16,
       39, 1, 98, 74, 17, 146, 180, 1, 34, 32, 78, 0, 168, 66, 5, 2, 128,
       3, 19, 100, 11, 129, 71, 162, 45, 202, 19, 4, 138, 226, 205, 82,
       32, 160, 228, 23, 179, 48, 32, 49, 108, 4, 64, 72, 0, 16, 72, 74,
       5, 67, 207, 89, 32, 56, 20, 96, 92, 60, 73, 17, 178, 51, 145, 8,
       6, 17, 98, 199, 142, 0, 7, 200, 136, 138, 128, 42, 59, 34, 75,
       128, 67, 203, 177, 96, 67, 140, 0, 205, 33, 10, 72, 66, 192, 59,
       103, 150, 41, 35, 86, 119, 161, 92, 51, 49, 183, 173, 166, 193,
       84, 72, 138, 193, 18, 216, 17, 152, 204, 24, 37, 229, 199, 157,
