%YAML:1.0
descriptors: !!opencv-matrix
   rows: 83
   cols: 64
   dt: u
   data: [ 31, 186, 221, 254, 63, 249, 253, 122, 255, 190, 214, 249, 253,
       127, 253, 217, 255, 254, 227, 251, 229, 118, 195, 255, 237, 255,
       243, 255, 126, 79, 245, 239, 223, 108, 215, 190, 127, 120, 249,
       117, 120, 93, 123, 47, 213, 53, 247, 111, 185, 174, 24, 5, 240,
       29, 156, 77, 22, 242, 55, 189, 216, 215, 32, 250, 125, 51, 247,
       177, 216, 167, 163, 254, 228, 188, 194, 55, 231, 203, 147, 69,
       250, 205, 251, 102, 249, 7, 202, 247, 206, 248, 60, 173, 218, 12,
       114, 235, 95, 39, 85, 191, 84, 56, 109, 116, 124, 68, 26, 142, 77,
       41, 67, 231, 152, 44, 24, 1, 240, 60, 156, 73, 64, 252, 51, 157,
       88, 87, 32, 250, 62, 187, 253, 254, 62, 253, 253, 127, 255, 254,
       221, 249, 255, 126, 188, 94, 255, 223, 99, 123, 245, 127, 211,
       247, 253, 255, 247, 255, 126, 223, 245, 235, 223, 44, 87, 190,
       223, 120, 249, 125, 120, 93, 251, 47, 213, 53, 247, 111, 187, 172,
       153, 15, 240, 29, 156, 89, 52, 242, 115, 189, 123, 215, 40, 250,
       44, 170, 239, 168, 18, 127, 165, 127, 245, 252, 222, 181, 89, 190,
       191, 238, 203, 124, 227, 105, 245, 81, 222, 183, 93, 253, 28, 133,
       121, 222, 58, 203, 221, 36, 87, 186, 87, 122, 237, 124, 124, 85,
       126, 47, 85, 181, 119, 238, 153, 172, 152, 12, 242, 29, 156, 92,
       52, 226, 43, 189, 91, 95, 40, 250, 252, 57, 247, 150, 114, 239,
       249, 123, 223, 197, 223, 247, 255, 254, 248, 254, 242, 213, 119,
       103, 247, 47, 227, 119, 95, 234, 164, 31, 82, 222, 126, 169, 214,
       37, 119, 186, 210, 122, 201, 252, 208, 93, 53, 46, 201, 22, 229,
       111, 157, 172, 152, 5, 242, 29, 156, 73, 16, 242, 51, 189, 89, 23,
       32, 250, 124, 43, 247, 240, 80, 127, 163, 255, 252, 220, 202, 55,
       85, 255, 251, 230, 226, 220, 195, 102, 117, 169, 196, 182, 95,
       170, 164, 137, 248, 204, 58, 233, 246, 38, 85, 186, 85, 114, 205,
       116, 220, 85, 24, 22, 68, 167, 227, 238, 153, 44, 92, 5, 242, 31,
       157, 73, 16, 240, 35, 189, 88, 70, 33, 248, 138, 136, 170, 245,
       46, 245, 248, 245, 24, 187, 208, 205, 194, 0, 19, 11, 173, 221,
       167, 235, 236, 37, 238, 89, 45, 95, 183, 230, 92, 103, 55, 254,
       215, 176, 93, 32, 119, 237, 232, 99, 120, 76, 123, 46, 243, 21,
       243, 123, 185, 200, 24, 5, 244, 29, 156, 73, 23, 211, 183, 189,
       210, 87, 0, 254, 99, 132, 140, 139, 47, 221, 22, 21, 63, 253, 28,
       141, 156, 63, 63, 7, 205, 243, 96, 161, 216, 115, 219, 105, 89,
       117, 156, 54, 56, 209, 149, 103, 215, 168, 67, 32, 115, 200, 232,
       106, 112, 29, 110, 47, 149, 116, 245, 107, 185, 200, 152, 13, 244,
       13, 152, 217, 58, 243, 179, 189, 218, 211, 44, 254, 197, 142, 231,
       197, 253, 247, 135, 252, 188, 253, 170, 95, 139, 93, 147, 229,
       137, 245, 251, 35, 220, 7, 238, 121, 79, 239, 25, 38, 188, 75, 51,
       95, 247, 161, 85, 59, 86, 249, 237, 182, 117, 116, 106, 190, 205,
       8, 253, 113, 156, 236, 24, 5, 213, 255, 156, 75, 80, 254, 179,
       189, 202, 87, 52, 254, 254, 249, 124, 234, 55, 251, 122, 50, 92,
       147, 247, 254, 255, 146, 124, 251, 252, 223, 127, 253, 45, 214,
       225, 181, 173, 27, 253, 253, 127, 247, 246, 176, 152, 108, 150,
       238, 223, 123, 201, 241, 218, 223, 119, 29, 209, 231, 178, 108,
       191, 191, 135, 135, 250, 189, 251, 93, 118, 247, 63, 222, 121,
       155, 110, 219, 15, 143, 237, 213, 47, 221, 221, 88, 191, 246, 175,
       196, 221, 124, 57, 101, 137, 244, 34, 35, 214, 126, 210, 115, 77,
       247, 147, 50, 60, 122, 23, 75, 215, 52, 87, 170, 210, 120, 250,
       121, 116, 61, 56, 47, 212, 20, 245, 111, 153, 172, 24, 5, 242, 29,
       156, 73, 17, 242, 51, 189, 88, 87, 32, 250, 250, 249, 76, 170, 23,
       123, 115, 59, 244, 3, 212, 254, 63, 187, 244, 255, 82, 223, 95,
       253, 49, 214, 161, 116, 161, 186, 93, 153, 255, 210, 242, 184,
       152, 76, 150, 222, 75, 91, 29, 244, 218, 219, 22, 21, 209, 127,
       98, 164, 159, 61, 135, 8, 120, 189, 194, 93, 56, 180, 41, 220, 89,
       155, 110, 219, 55, 244, 93, 78, 50, 84, 223, 37, 210, 214, 61,
       184, 28, 63, 151, 92, 125, 226, 48, 168, 145, 114, 244, 164, 184,
       245, 245, 121, 39, 57, 215, 105, 133, 220, 133, 198, 206, 17, 43,
       127, 50, 139, 41, 181, 180, 240, 180, 44, 179, 173, 7, 15, 60, 0,
       178, 199, 48, 83, 120, 93, 250, 209, 108, 254, 35, 197, 8, 150,
       47, 136, 92, 9, 39, 67, 53, 202, 190, 106, 36, 28, 230, 179, 36,
       177, 198, 38, 209, 103, 117, 214, 241, 47, 18, 186, 17, 97, 151,
       44, 84, 154, 66, 88, 234, 124, 96, 222, 56, 105, 213, 20, 245,
       111, 145, 172, 24, 5, 224, 5, 156, 73, 16, 242, 50, 189, 88, 87,
       32, 250, 51, 212, 29, 10, 40, 84, 215, 165, 246, 244, 61, 136, 13,
       63, 21, 22, 127, 226, 32, 40, 144, 98, 252, 36, 248, 245, 245,
       120, 47, 185, 193, 123, 133, 204, 1, 68, 210, 1, 42, 122, 48, 138,
       41, 181, 21, 240, 84, 108, 51, 137, 135, 9, 60, 8, 178, 223, 56,
       114, 106, 93, 242, 145, 108, 254, 51, 198, 61, 10, 40, 212, 151,
       37, 182, 244, 61, 200, 13, 63, 21, 22, 127, 162, 32, 41, 144, 98,
       252, 36, 248, 245, 21, 122, 47, 185, 193, 107, 133, 204, 1, 68,
       194, 1, 58, 106, 52, 154, 41, 181, 21, 224, 116, 108, 19, 137,
       143, 9, 60, 0, 178, 223, 57, 114, 106, 93, 242, 149, 104, 254, 45,
       54, 101, 32, 62, 181, 161, 124, 176, 188, 198, 53, 77, 61, 185,
       69, 136, 236, 195, 98, 241, 98, 90, 254, 69, 40, 132, 146, 124,
       85, 113, 207, 223, 56, 215, 174, 223, 58, 233, 125, 124, 28, 26,
       174, 212, 225, 211, 107, 184, 172, 24, 9, 240, 29, 156, 65, 54,
       242, 55, 189, 250, 215, 44, 250, 51, 212, 24, 142, 143, 136, 30,
       8, 54, 67, 53, 200, 188, 10, 36, 29, 252, 182, 36, 145, 192, 50,
       179, 100, 224, 151, 241, 106, 83, 57, 213, 97, 151, 172, 146, 20,
       106, 73, 168, 115, 114, 203, 44, 41, 208, 84, 244, 79, 145, 166,
       24, 5, 236, 1, 220, 65, 24, 179, 50, 189, 16, 91, 34, 203, 179,
       71, 36, 166, 5, 102, 175, 49, 4, 206, 121, 197, 9, 13, 80, 166,
       61, 122, 101, 231, 48, 42, 244, 34, 25, 127, 167, 112, 17, 146,
       243, 145, 96, 56, 123, 32, 149, 8, 232, 233, 109, 12, 55, 171,
       198, 48, 246, 110, 8, 136, 216, 9, 242, 12, 156, 208, 171, 147,
       115, 241, 18, 215, 8, 42, 12, 143, 236, 216, 34, 221, 61, 119, 61,
       222, 143, 128, 217, 60, 253, 199, 137, 121, 227, 107, 180, 117,
       82, 243, 93, 117, 149, 52, 120, 198, 63, 193, 223, 16, 215, 170,
       16, 120, 249, 56, 116, 61, 124, 39, 247, 180, 117, 107, 27, 168,
       56, 5, 211, 29, 157, 28, 24, 194, 51, 189, 73, 219, 105, 250, 12,
       142, 231, 137, 0, 221, 165, 247, 61, 220, 78, 133, 81, 52, 187,
       230, 139, 92, 225, 106, 212, 33, 214, 243, 93, 109, 144, 36, 105,
       198, 59, 75, 213, 0, 113, 184, 16, 122, 233, 52, 116, 61, 56, 38,
       85, 150, 117, 106, 153, 172, 56, 5, 242, 29, 156, 72, 16, 226, 59,
       189, 72, 71, 32, 242, 9, 77, 38, 180, 39, 103, 185, 242, 4, 198,
       251, 0, 89, 200, 121, 166, 141, 120, 103, 231, 54, 178, 180, 50,
       29, 63, 131, 240, 80, 214, 118, 153, 96, 48, 83, 168, 147, 96,
       200, 137, 188, 61, 181, 47, 230, 19, 242, 110, 14, 168, 208, 13,
       211, 93, 148, 80, 169, 131, 113, 241, 65, 250, 8, 170, 138, 139,
       134, 215, 175, 113, 220, 180, 28, 255, 120, 79, 154, 204, 51, 169,
       109, 218, 37, 227, 204, 172, 238, 122, 10, 79, 179, 34, 213, 67,
       51, 119, 119, 34, 89, 112, 87, 100, 232, 224, 115, 108, 122, 62,
       222, 22, 219, 123, 153, 136, 24, 5, 244, 31, 156, 73, 147, 242,
       51, 189, 84, 119, 0, 248, 174, 233, 235, 221, 55, 95, 217, 251,
       157, 223, 117, 250, 155, 26, 246, 206, 138, 213, 60, 111, 6, 117,
       230, 115, 45, 215, 179, 51, 87, 123, 54, 57, 214, 36, 188, 219,
       82, 125, 235, 181, 242, 254, 185, 61, 147, 20, 113, 110, 159, 173,
       30, 5, 248, 29, 191, 76, 16, 242, 58, 255, 93, 31, 34, 251, 133,
       3, 231, 149, 188, 69, 149, 250, 128, 165, 159, 87, 203, 125, 146,
