%YAML:1.0
descriptors: !!opencv-matrix
   rows: 43
   cols: 64
   dt: u
   data: [ 30, 169, 221, 254, 43, 217, 252, 111, 119, 248, 221, 245, 125,
       119, 189, 90, 255, 154, 97, 243, 197, 124, 195, 243, 253, 223,
       226, 255, 106, 239, 181, 239, 223, 116, 71, 186, 95, 120, 249,
       124, 112, 93, 253, 47, 245, 21, 247, 111, 153, 174, 24, 7, 240,
       29, 156, 77, 24, 243, 51, 189, 89, 95, 32, 250, 30, 153, 222, 254,
       55, 123, 252, 126, 19, 184, 213, 245, 62, 246, 174, 90, 239, 223,
       33, 243, 199, 61, 193, 115, 77, 223, 242, 79, 83, 77, 182, 106,
       223, 38, 85, 186, 87, 120, 251, 116, 112, 125, 189, 111, 213, 21,
       247, 111, 153, 172, 25, 5, 240, 29, 156, 73, 17, 242, 51, 191, 89,
       119, 161, 250, 63, 182, 253, 239, 191, 253, 191, 121, 255, 255,
       222, 253, 253, 127, 189, 117, 255, 247, 99, 251, 245, 119, 211,
       255, 253, 255, 245, 255, 126, 223, 247, 239, 223, 108, 215, 190,
       223, 120, 249, 125, 124, 93, 123, 47, 213, 53, 247, 111, 185, 172,
       24, 5, 240, 29, 156, 89, 16, 242, 55, 189, 250, 223, 40, 254, 86,
       48, 209, 151, 248, 128, 158, 68, 66, 43, 17, 91, 197, 71, 147, 80,
       246, 199, 0, 98, 207, 45, 194, 74, 204, 202, 230, 111, 2, 41, 241,
       110, 87, 165, 84, 191, 90, 120, 235, 119, 96, 72, 9, 43, 229, 20,
       221, 95, 153, 172, 24, 7, 240, 28, 156, 73, 16, 242, 51, 189, 88,
       87, 32, 254, 50, 49, 155, 214, 54, 196, 88, 39, 194, 166, 85, 148,
       119, 194, 20, 90, 254, 214, 32, 67, 142, 45, 195, 15, 157, 131,
       230, 95, 66, 185, 245, 106, 199, 60, 101, 190, 218, 120, 226, 119,
       112, 88, 165, 107, 178, 20, 165, 111, 155, 174, 25, 71, 240, 29,
       60, 65, 17, 243, 115, 251, 121, 87, 33, 255, 55, 247, 125, 222,
       55, 157, 29, 25, 231, 68, 63, 240, 61, 122, 252, 245, 247, 246,
       68, 177, 151, 114, 145, 102, 209, 183, 229, 121, 62, 250, 221,
       121, 218, 108, 214, 158, 202, 120, 251, 253, 118, 223, 61, 47,
       148, 118, 244, 111, 145, 175, 144, 15, 250, 29, 159, 93, 56, 243,
       114, 189, 121, 223, 44, 250, 44, 166, 237, 168, 62, 189, 181, 127,
       181, 254, 198, 181, 93, 61, 185, 71, 138, 252, 195, 96, 245, 114,
       210, 247, 93, 40, 132, 151, 120, 212, 49, 203, 223, 44, 87, 186,
       83, 120, 233, 124, 124, 93, 58, 47, 212, 117, 247, 111, 185, 172,
       24, 5, 240, 29, 156, 73, 16, 242, 51, 189, 90, 87, 32, 250, 2, 1,
       0, 211, 200, 128, 66, 1, 2, 35, 3, 4, 128, 70, 97, 49, 102, 86, 5,
       66, 206, 168, 172, 10, 14, 130, 34, 9, 146, 10, 17, 28, 114, 167,
       92, 27, 0, 98, 71, 198, 129, 96, 8, 74, 64, 14, 201, 150, 1, 4,
       80, 4, 44, 2, 133, 171, 145, 96, 32, 61, 68, 4, 49, 176, 195, 5,
       0, 20, 201, 128, 14, 8, 32, 35, 1, 66, 130, 73, 4, 1, 36, 69, 37,
       65, 202, 39, 162, 98, 70, 222, 177, 46, 146, 0, 33, 65, 215, 36,
       16, 186, 2, 40, 32, 194, 64, 74, 56, 11, 209, 16, 245, 15, 25,
       172, 24, 5, 112, 24, 156, 73, 16, 178, 51, 189, 24, 87, 32, 250,
       68, 35, 163, 144, 0, 71, 40, 103, 0, 134, 67, 20, 81, 196, 155,
       66, 202, 72, 3, 102, 6, 165, 196, 147, 13, 136, 166, 137, 64, 140,
       48, 8, 114, 36, 85, 186, 16, 122, 193, 84, 48, 64, 16, 46, 70, 20,
       193, 110, 153, 172, 24, 5, 240, 29, 148, 73, 16, 226, 51, 189, 72,
       86, 32, 242, 133, 6, 65, 161, 217, 128, 163, 72, 168, 75, 130, 83,
       129, 9, 128, 1, 194, 69, 5, 96, 192, 5, 138, 112, 76, 152, 24, 39,
       146, 8, 33, 11, 87, 36, 92, 186, 80, 120, 45, 20, 193, 84, 24, 15,
       65, 0, 240, 81, 24, 44, 24, 4, 241, 29, 140, 9, 16, 240, 51, 188,
       72, 87, 32, 248, 2, 0, 1, 146, 9, 2, 0, 15, 6, 98, 18, 22, 17, 66,
       130, 100, 66, 84, 1, 96, 192, 160, 128, 34, 78, 130, 160, 11, 146,
       8, 49, 74, 83, 36, 84, 186, 82, 114, 65, 212, 208, 84, 24, 10,
       192, 20, 225, 79, 153, 44, 24, 5, 240, 29, 156, 73, 16, 114, 51,
       189, 72, 22, 32, 248, 63, 191, 253, 254, 63, 189, 253, 123, 247,
       254, 213, 249, 253, 127, 188, 94, 255, 255, 99, 115, 245, 119,
       211, 247, 221, 254, 245, 255, 122, 220, 245, 235, 207, 44, 87,
       190, 223, 120, 249, 125, 120, 93, 59, 175, 213, 53, 247, 111, 185,
       172, 24, 13, 240, 29, 156, 73, 16, 242, 115, 189, 122, 87, 40,
       250, 5, 5, 1, 146, 136, 132, 7, 73, 166, 70, 40, 2, 145, 107, 180,
       4, 194, 117, 1, 98, 194, 38, 144, 98, 92, 150, 135, 41, 146, 8,
       17, 73, 210, 38, 85, 186, 0, 120, 99, 92, 96, 96, 56, 11, 84, 20,
       245, 79, 25, 172, 24, 4, 240, 25, 156, 73, 16, 242, 51, 189, 88,
       87, 32, 248, 125, 55, 245, 176, 212, 38, 33, 126, 196, 70, 211,
       52, 101, 207, 147, 71, 242, 197, 67, 100, 123, 135, 194, 183, 142,
       168, 172, 141, 210, 12, 112, 169, 117, 38, 85, 190, 64, 54, 5, 84,
       156, 64, 24, 142, 64, 41, 193, 206, 152, 44, 24, 0, 96, 28, 148,
       73, 0, 178, 35, 188, 88, 70, 32, 240, 68, 9, 131, 212, 0, 66, 72,
       110, 2, 192, 3, 20, 19, 198, 155, 66, 170, 85, 32, 103, 14, 173,
       194, 3, 79, 210, 146, 13, 0, 8, 18, 9, 210, 38, 117, 186, 18, 120,
       195, 84, 48, 120, 184, 47, 141, 28, 229, 110, 153, 172, 24, 5,
       240, 29, 156, 75, 16, 114, 51, 189, 72, 85, 33, 250, 68, 35, 211,
       210, 80, 134, 229, 74, 224, 196, 1, 86, 131, 215, 145, 73, 235,
       213, 33, 102, 198, 45, 194, 115, 78, 222, 182, 13, 18, 10, 48, 75,
       215, 38, 85, 186, 80, 124, 91, 84, 112, 96, 152, 102, 205, 4, 245,
       239, 25, 172, 24, 21, 240, 24, 156, 73, 16, 242, 51, 159, 88, 87,
       33, 250, 67, 4, 136, 154, 71, 146, 22, 0, 38, 98, 21, 130, 152,
       173, 36, 7, 140, 81, 32, 245, 136, 103, 194, 97, 72, 212, 153, 44,
       18, 56, 17, 1, 151, 44, 17, 170, 74, 72, 32, 66, 48, 72, 56, 41,
       149, 28, 245, 47, 17, 172, 24, 5, 48, 25, 156, 75, 16, 114, 51,
       189, 88, 87, 32, 250, 210, 0, 139, 151, 207, 131, 31, 140, 134,
       163, 21, 26, 187, 170, 50, 82, 108, 215, 56, 117, 10, 151, 194,
       33, 14, 194, 184, 47, 210, 169, 22, 43, 83, 37, 20, 251, 66, 105,
       165, 86, 16, 72, 36, 43, 209, 28, 205, 29, 157, 172, 16, 5, 113,
       24, 148, 203, 80, 114, 49, 57, 88, 20, 48, 250, 60, 186, 255, 255,
       63, 245, 251, 124, 255, 255, 223, 253, 253, 126, 187, 244, 251,
       255, 99, 123, 245, 119, 199, 255, 253, 239, 228, 255, 94, 223,
       247, 239, 255, 44, 87, 190, 215, 122, 233, 125, 120, 93, 123, 46,
       213, 53, 247, 111, 153, 172, 24, 5, 240, 29, 156, 73, 16, 242, 51,
       189, 218, 87, 32, 254, 65, 14, 133, 128, 64, 223, 135, 123, 172,
       84, 14, 70, 145, 61, 121, 37, 201, 117, 105, 36, 208, 7, 210, 113,
       89, 244, 29, 36, 48, 10, 18, 9, 213, 36, 83, 184, 80, 90, 237, 40,
       116, 20, 56, 167, 85, 36, 244, 109, 153, 172, 24, 4, 241, 29, 156,
       75, 16, 226, 51, 189, 72, 87, 32, 250, 64, 2, 133, 129, 200, 151,
       163, 116, 164, 220, 2, 7, 129, 61, 187, 5, 66, 93, 201, 100, 208,
       1, 202, 240, 72, 232, 12, 4, 16, 0, 49, 75, 117, 0, 83, 184, 16,
       122, 13, 4, 244, 20, 24, 6, 69, 132, 64, 65, 25, 44, 24, 5, 241,
       29, 156, 73, 16, 106, 51, 188, 72, 87, 32, 248, 71, 6, 1, 0, 217,
       130, 3, 72, 128, 34, 128, 18, 129, 73, 131, 1, 226, 85, 1, 96,
       200, 33, 202, 104, 76, 152, 184, 15, 146, 9, 33, 79, 87, 165, 20,
       187, 82, 248, 37, 86, 80, 66, 8, 14, 209, 24, 193, 75, 25, 44, 24,
       5, 112, 24, 156, 73, 16, 242, 51, 157, 88, 87, 32, 251, 70, 34,
       193, 144, 16, 2, 9, 78, 128, 98, 3, 20, 65, 129, 147, 66, 226, 84,
       1, 96, 128, 165, 194, 35, 76, 136, 160, 13, 18, 8, 49, 73, 87, 36,
       85, 186, 64, 120, 1, 86, 128, 64, 24, 10, 64, 20, 193, 79, 153,
       44, 24, 5, 112, 29, 156, 73, 0, 114, 51, 188, 72, 86, 32, 242, 70,
       33, 211, 146, 16, 66, 1, 78, 194, 194, 3, 52, 49, 134, 155, 82,
       234, 84, 1, 102, 2, 136, 196, 35, 12, 128, 162, 9, 18, 8, 48, 41,
       112, 38, 117, 186, 2, 118, 3, 84, 144, 64, 24, 10, 10, 28, 65,
       238, 145, 44, 80, 4, 32, 24, 148, 73, 144, 114, 33, 185, 88, 4,
       32, 242, 5, 7, 69, 138, 144, 20, 7, 73, 166, 70, 41, 18, 153, 43,
