%YAML:1.0
descriptors: !!opencv-matrix
   rows: 18
   cols: 64
   dt: u
   data: [ 191, 255, 125, 247, 191, 189, 253, 120, 255, 253, 253, 251,
       255, 127, 244, 125, 246, 215, 103, 123, 255, 110, 227, 127, 237,
       254, 231, 255, 126, 127, 255, 239, 215, 108, 84, 190, 222, 121,
       249, 245, 90, 223, 251, 47, 209, 23, 245, 111, 153, 172, 24, 5,
       240, 29, 158, 77, 16, 242, 115, 191, 250, 87, 32, 254, 47, 182,
       237, 255, 63, 253, 191, 120, 253, 254, 255, 250, 253, 127, 189,
       69, 187, 253, 99, 243, 245, 119, 211, 127, 93, 255, 181, 191, 122,
       95, 119, 235, 223, 44, 215, 186, 219, 120, 233, 125, 124, 92, 122,
       47, 213, 117, 247, 111, 153, 172, 24, 5, 240, 29, 156, 89, 16,
       242, 51, 189, 250, 215, 40, 250, 62, 185, 255, 254, 63, 253, 253,
       127, 253, 252, 221, 253, 127, 126, 189, 222, 255, 222, 227, 251,
       247, 127, 215, 255, 253, 255, 247, 255, 127, 247, 247, 239, 223,
       126, 247, 190, 255, 120, 249, 125, 120, 125, 255, 111, 245, 53,
       247, 111, 187, 174, 153, 79, 240, 29, 156, 93, 55, 243, 127, 255,
       251, 255, 173, 254, 127, 185, 255, 252, 55, 111, 125, 126, 213,
       188, 221, 249, 127, 254, 182, 94, 251, 221, 115, 255, 247, 63,
       227, 247, 239, 255, 247, 255, 123, 223, 246, 235, 223, 46, 53,
       190, 95, 120, 249, 125, 120, 253, 191, 111, 221, 53, 247, 111,
       185, 172, 25, 197, 240, 29, 156, 73, 16, 242, 115, 255, 121, 119,
       161, 250, 66, 0, 130, 151, 201, 130, 138, 133, 10, 227, 3, 14,
       128, 132, 3, 2, 12, 19, 24, 134, 138, 165, 202, 73, 8, 192, 152,
       38, 16, 33, 3, 70, 87, 181, 81, 33, 19, 201, 110, 66, 32, 96, 72,
       42, 133, 28, 201, 51, 29, 200, 24, 37, 181, 120, 156, 234, 81,
       106, 179, 177, 0, 5, 16, 230, 62, 255, 255, 255, 63, 253, 253,
       123, 255, 253, 223, 249, 255, 126, 252, 221, 255, 247, 231, 123,
       247, 127, 211, 255, 253, 255, 247, 255, 126, 255, 247, 239, 223,
       110, 215, 190, 254, 120, 251, 125, 121, 93, 251, 111, 245, 53,
       245, 111, 187, 190, 153, 79, 240, 29, 156, 93, 52, 242, 119, 191,
       251, 223, 173, 254, 255, 254, 127, 239, 255, 253, 191, 249, 253,
       255, 255, 255, 255, 63, 251, 253, 251, 253, 127, 123, 253, 119,
       219, 124, 253, 255, 253, 191, 254, 95, 119, 255, 215, 237, 223,
       191, 223, 249, 233, 119, 120, 93, 123, 63, 213, 183, 254, 125,
       189, 189, 24, 5, 240, 189, 156, 89, 80, 246, 179, 189, 250, 223,
       40, 254, 199, 6, 128, 5, 201, 130, 6, 8, 32, 33, 1, 74, 130, 73,
       2, 5, 96, 53, 29, 84, 200, 135, 138, 104, 66, 218, 152, 46, 144,
       8, 33, 71, 87, 165, 84, 59, 0, 32, 37, 198, 64, 64, 8, 139, 193,
       24, 221, 17, 24, 132, 24, 4, 117, 120, 156, 235, 16, 62, 51, 189,
       8, 87, 48, 120, 255, 186, 251, 231, 255, 182, 219, 200, 222, 255,
       209, 254, 255, 74, 146, 92, 242, 213, 63, 99, 205, 39, 235, 124,
       239, 218, 255, 63, 214, 63, 119, 127, 215, 173, 92, 255, 82, 125,
       237, 247, 80, 92, 105, 63, 209, 28, 249, 63, 157, 172, 24, 5, 240,
       189, 156, 107, 80, 246, 51, 189, 92, 87, 48, 255, 86, 48, 211,
       167, 217, 130, 171, 205, 142, 235, 2, 125, 149, 2, 147, 80, 234,
       215, 25, 98, 201, 45, 206, 121, 12, 200, 186, 47, 82, 9, 49, 110,
       119, 165, 125, 187, 82, 255, 237, 86, 209, 68, 72, 14, 203, 28,
       217, 55, 157, 172, 88, 37, 240, 188, 156, 107, 208, 250, 51, 189,
       92, 71, 48, 246, 127, 58, 237, 151, 255, 223, 159, 124, 239, 231,
       191, 254, 253, 127, 186, 118, 251, 245, 123, 103, 221, 103, 211,
       125, 93, 255, 189, 63, 82, 159, 119, 107, 215, 36, 87, 187, 82,
       120, 233, 126, 112, 92, 56, 47, 213, 28, 245, 47, 153, 172, 24, 5,
       240, 29, 156, 73, 16, 242, 51, 189, 88, 87, 32, 250, 62, 49, 251,
       215, 190, 149, 219, 109, 198, 175, 211, 116, 253, 66, 145, 82,
       254, 215, 66, 83, 207, 63, 199, 95, 140, 154, 246, 111, 66, 185,
       245, 234, 71, 44, 5, 190, 222, 120, 235, 87, 88, 72, 181, 78, 211,
       52, 145, 127, 155, 172, 24, 7, 240, 29, 156, 81, 0, 242, 51, 249,
       120, 23, 32, 254, 77, 10, 195, 180, 89, 162, 41, 78, 144, 250,
       194, 53, 3, 194, 130, 67, 234, 93, 161, 99, 204, 141, 238, 59, 14,
       202, 186, 7, 82, 8, 49, 79, 87, 39, 116, 187, 49, 254, 101, 116,
       208, 68, 26, 14, 203, 21, 65, 235, 153, 44, 24, 5, 224, 28, 156,
       73, 144, 242, 51, 189, 72, 87, 32, 242, 54, 49, 253, 214, 54, 23,
       93, 59, 198, 162, 159, 246, 255, 246, 144, 82, 255, 215, 98, 243,
       135, 62, 193, 199, 141, 214, 247, 95, 66, 190, 215, 106, 215, 44,
       69, 190, 202, 120, 235, 87, 112, 89, 181, 47, 181, 52, 181, 111,
       155, 174, 153, 7, 240, 29, 156, 89, 16, 243, 51, 249, 121, 87, 32,
       250, 51, 213, 125, 158, 55, 157, 93, 11, 231, 70, 61, 144, 61,
       106, 52, 94, 246, 246, 64, 97, 150, 118, 209, 103, 221, 166, 231,
       93, 50, 184, 221, 105, 194, 44, 86, 190, 194, 120, 243, 253, 50,
       219, 61, 47, 148, 20, 245, 111, 145, 172, 24, 13, 34, 25, 159, 89,
       24, 242, 115, 189, 121, 214, 42, 251, 13, 6, 100, 41, 159, 249,
       165, 92, 56, 254, 194, 5, 216, 61, 169, 65, 137, 124, 131, 96,
       224, 112, 90, 249, 69, 60, 0, 166, 124, 70, 49, 195, 223, 64, 213,
       160, 117, 248, 233, 32, 108, 84, 122, 47, 85, 197, 247, 99, 184,
       172, 24, 5, 242, 29, 156, 8, 22, 226, 23, 181, 74, 215, 32, 122,
       63, 53, 125, 154, 23, 183, 23, 124, 230, 198, 157, 180, 253, 62,
       180, 87, 255, 247, 67, 113, 241, 35, 195, 119, 204, 236, 228, 77,
       82, 28, 241, 105, 215, 44, 85, 190, 90, 120, 201, 124, 112, 92,
       56, 47, 213, 20, 245, 111, 153, 172, 24, 5, 240, 29, 156, 73, 16,
       242, 51, 189, 88, 87, 32, 250, 44, 166, 237, 168, 54, 255, 189,
       127, 245, 254, 212, 177, 121, 58, 189, 71, 139, 252, 99, 105, 245,
       115, 209, 247, 93, 57, 148, 151, 89, 220, 53, 235, 223, 44, 215,
       186, 223, 120, 233, 124, 120, 93, 58, 47, 213, 117, 247, 111, 187,
       172, 24, 5, 240, 29, 156, 89, 20, 242, 51, 189, 91, 215, 104, 250 ]
