%YAML:1.0
descriptors: !!opencv-matrix
   rows: 46
   cols: 64
   dt: u
   data: [ 31, 186, 221, 238, 63, 249, 241, 120, 255, 188, 222, 253, 237,
       127, 237, 241, 255, 254, 163, 114, 229, 102, 195, 119, 237, 255,
       241, 255, 126, 79, 243, 235, 223, 36, 85, 190, 119, 120, 233, 116,
       120, 92, 58, 47, 213, 21, 247, 111, 153, 172, 24, 5, 240, 29, 156,
       73, 16, 242, 55, 189, 88, 87, 32, 250, 191, 255, 253, 223, 63,
       189, 221, 121, 255, 247, 255, 250, 255, 123, 252, 127, 246, 247,
       102, 251, 247, 118, 211, 247, 237, 255, 245, 127, 126, 31, 247,
       235, 223, 108, 87, 190, 218, 120, 249, 245, 246, 95, 57, 47, 213,
       54, 245, 111, 153, 174, 24, 5, 240, 29, 157, 77, 16, 242, 51, 189,
       120, 87, 32, 251, 62, 253, 255, 222, 55, 157, 221, 11, 255, 247,
       53, 250, 191, 250, 244, 95, 246, 215, 36, 123, 135, 126, 211, 119,
       221, 214, 231, 127, 83, 251, 245, 107, 215, 44, 86, 190, 218, 120,
       251, 117, 114, 95, 253, 109, 151, 20, 245, 111, 153, 172, 24, 5,
       240, 29, 156, 73, 16, 242, 115, 191, 89, 87, 34, 251, 183, 250,
       81, 167, 253, 232, 167, 216, 254, 121, 2, 127, 165, 95, 202, 213,
       235, 215, 141, 32, 205, 44, 139, 124, 111, 220, 121, 43, 214, 11,
       35, 127, 215, 165, 93, 155, 112, 243, 237, 118, 225, 84, 10, 63,
       197, 132, 252, 21, 136, 181, 24, 37, 240, 183, 143, 105, 16, 240,
       50, 173, 92, 71, 36, 186, 13, 142, 239, 168, 10, 255, 161, 126,
       189, 252, 206, 149, 81, 60, 187, 236, 139, 124, 227, 104, 240, 83,
       222, 241, 125, 109, 28, 134, 125, 199, 59, 207, 221, 64, 67, 168,
       53, 242, 233, 60, 125, 29, 126, 39, 85, 181, 119, 233, 185, 172,
       191, 29, 242, 29, 156, 8, 54, 194, 47, 172, 203, 79, 36, 250, 14,
       234, 238, 169, 159, 241, 164, 207, 61, 250, 236, 253, 124, 53,
       175, 249, 233, 152, 163, 210, 229, 80, 239, 57, 71, 93, 113, 227,
       123, 71, 163, 227, 221, 32, 87, 186, 115, 112, 233, 116, 120, 92,
       58, 45, 84, 21, 247, 237, 153, 236, 28, 5, 240, 29, 216, 73, 18,
       242, 167, 189, 24, 83, 32, 90, 143, 237, 235, 56, 55, 121, 124,
       207, 81, 162, 237, 248, 114, 134, 174, 251, 233, 152, 35, 211,
       229, 176, 103, 147, 197, 223, 241, 235, 67, 110, 166, 226, 157,
       60, 69, 174, 91, 120, 233, 116, 122, 93, 60, 41, 212, 85, 183,
       110, 153, 174, 10, 7, 240, 29, 92, 73, 16, 243, 55, 189, 24, 83,
       224, 218, 63, 221, 236, 186, 39, 31, 93, 3, 47, 70, 61, 218, 159,
       254, 62, 94, 253, 243, 32, 245, 7, 119, 210, 99, 221, 215, 241,
       125, 114, 184, 214, 33, 150, 60, 215, 142, 202, 120, 249, 120, 52,
       223, 60, 105, 213, 28, 245, 111, 151, 172, 24, 13, 242, 29, 221,
       93, 24, 242, 49, 189, 89, 219, 40, 250, 44, 174, 117, 169, 56,
       253, 163, 205, 189, 252, 78, 157, 85, 55, 249, 229, 203, 252, 129,
       104, 240, 64, 94, 120, 93, 220, 28, 131, 111, 195, 59, 223, 149,
       192, 119, 50, 49, 250, 233, 62, 253, 29, 122, 38, 116, 199, 118,
       97, 185, 108, 188, 45, 246, 29, 156, 76, 20, 226, 171, 172, 218,
       79, 34, 254, 185, 159, 223, 215, 54, 117, 249, 255, 94, 253, 86,
       223, 179, 222, 155, 206, 235, 212, 33, 107, 76, 173, 231, 119, 43,
       223, 179, 42, 215, 75, 50, 123, 247, 36, 117, 250, 86, 125, 233,
       116, 112, 92, 57, 62, 223, 20, 209, 111, 153, 172, 30, 5, 240, 31,
       156, 73, 16, 242, 51, 189, 92, 87, 32, 250, 58, 252, 253, 142, 54,
       253, 157, 57, 255, 252, 125, 249, 253, 62, 253, 94, 255, 247, 98,
       251, 245, 118, 211, 247, 249, 253, 245, 255, 123, 251, 247, 235,
       223, 44, 71, 190, 223, 120, 233, 125, 120, 93, 127, 47, 213, 116,
       245, 111, 187, 174, 153, 15, 242, 29, 156, 93, 52, 243, 51, 189,
       123, 223, 44, 250, 210, 217, 202, 223, 55, 91, 222, 171, 31, 195,
       61, 250, 191, 210, 127, 250, 61, 215, 60, 223, 15, 253, 231, 98,
       169, 215, 243, 125, 87, 186, 150, 56, 214, 60, 157, 219, 218, 125,
       218, 117, 114, 223, 181, 125, 183, 28, 245, 62, 159, 175, 18, 199,
       248, 29, 244, 219, 81, 243, 56, 127, 125, 121, 162, 187, 133, 238,
       71, 101, 253, 248, 166, 216, 248, 25, 234, 107, 234, 55, 200, 161,
       139, 173, 175, 25, 229, 69, 42, 248, 103, 223, 25, 183, 252, 71,
       35, 214, 157, 225, 125, 17, 117, 187, 253, 167, 237, 52, 106, 183,
       237, 195, 254, 177, 168, 215, 76, 49, 213, 231, 207, 172, 22, 204,
       150, 165, 198, 95, 180, 30, 218, 249, 154, 215, 230, 91, 222, 163,
       95, 147, 127, 250, 191, 210, 114, 250, 61, 147, 124, 223, 15, 189,
       167, 215, 171, 87, 255, 127, 199, 255, 246, 186, 242, 61, 44, 223,
       222, 125, 254, 241, 112, 253, 245, 125, 187, 14, 189, 62, 207,
       139, 151, 215, 249, 231, 244, 251, 209, 255, 112, 123, 117, 57,
       209, 190, 141, 178, 69, 33, 220, 240, 162, 248, 120, 59, 194, 127,
       232, 21, 203, 129, 203, 204, 137, 96, 225, 64, 143, 248, 108, 125,
       25, 163, 252, 7, 35, 223, 221, 192, 221, 120, 117, 177, 45, 54,
       125, 84, 74, 23, 85, 129, 126, 241, 26, 125, 29, 36, 213, 183,
       142, 105, 6, 196, 135, 140, 196, 87, 100, 254, 157, 251, 93, 214,
       49, 121, 116, 122, 114, 208, 239, 240, 110, 243, 196, 251, 235,
       212, 37, 111, 7, 168, 161, 51, 205, 159, 225, 25, 115, 14, 146,
       57, 218, 36, 116, 186, 66, 120, 201, 245, 114, 223, 56, 39, 244,
       22, 245, 110, 137, 165, 87, 5, 248, 29, 151, 73, 16, 242, 51, 189,
       88, 86, 36, 250, 62, 54, 117, 174, 127, 183, 39, 121, 230, 100,
       209, 48, 253, 90, 181, 85, 250, 247, 67, 112, 241, 35, 211, 118,
       204, 248, 236, 141, 82, 28, 241, 233, 215, 44, 87, 190, 90, 120,
       169, 116, 120, 92, 56, 15, 213, 21, 245, 79, 153, 172, 24, 5, 240,
       29, 156, 73, 16, 242, 51, 189, 88, 87, 32, 250, 141, 238, 206, 41,
       188, 248, 182, 244, 120, 187, 236, 233, 232, 17, 143, 169, 139,
       204, 185, 249, 225, 65, 111, 248, 101, 93, 25, 182, 125, 71, 35,
       102, 221, 192, 221, 96, 127, 241, 169, 49, 122, 28, 122, 55, 213,
       149, 118, 97, 187, 252, 14, 37, 213, 189, 216, 76, 22, 211, 167,
       172, 80, 83, 100, 222, 140, 234, 79, 161, 184, 248, 184, 240, 88,
       187, 198, 255, 226, 23, 201, 233, 11, 204, 173, 73, 225, 4, 47,
       217, 45, 93, 25, 163, 93, 71, 35, 223, 221, 192, 221, 178, 117,
       251, 233, 53, 249, 92, 122, 55, 245, 133, 254, 113, 155, 253, 44,
       55, 221, 157, 158, 8, 22, 226, 183, 173, 72, 87, 100, 254, 166,
       101, 249, 158, 18, 7, 92, 71, 99, 64, 173, 176, 127, 226, 180, 94,
       242, 178, 36, 101, 3, 168, 113, 39, 212, 131, 226, 9, 3, 156, 216,
       33, 194, 38, 6, 190, 2, 120, 3, 220, 18, 202, 60, 11, 144, 84,
       229, 78, 145, 164, 16, 4, 96, 24, 20, 73, 24, 242, 49, 189, 88,
       86, 34, 249, 193, 142, 130, 85, 232, 218, 242, 194, 56, 177, 6,
       207, 130, 209, 74, 139, 13, 73, 188, 143, 206, 141, 110, 217, 99,
       95, 25, 102, 228, 7, 2, 23, 151, 147, 113, 97, 113, 207, 238, 34,
       241, 60, 42, 119, 189, 12, 127, 179, 93, 201, 45, 245, 213, 239,
       153, 170, 87, 205, 178, 39, 64, 113, 149, 206, 58, 49, 88, 190,
       19, 41, 124, 79, 87, 64, 253, 176, 53, 134, 172, 246, 242, 146, 1,
       81, 7, 56, 193, 51, 205, 136, 226, 9, 83, 236, 188, 233, 178, 38,
       52, 186, 3, 122, 129, 212, 146, 219, 181, 97, 118, 23, 103, 78,
       155, 38, 123, 4, 104, 29, 247, 73, 16, 242, 59, 248, 25, 6, 163,
       209, 45, 38, 101, 161, 221, 248, 163, 217, 108, 121, 202, 119,
       237, 61, 233, 229, 194, 236, 203, 96, 241, 64, 30, 248, 68, 168,
       8, 131, 254, 71, 43, 215, 125, 224, 223, 56, 117, 242, 45, 166,
       205, 84, 74, 150, 68, 195, 202, 81, 168, 125, 92, 32, 214, 151,
       143, 105, 6, 192, 135, 164, 194, 79, 38, 116, 61, 54, 125, 234,
       54, 191, 179, 125, 245, 220, 214, 53, 125, 63, 249, 229, 242, 212,
       203, 104, 241, 98, 133, 244, 109, 168, 44, 149, 126, 92, 121, 251,
       244, 100, 85, 186, 86, 114, 129, 244, 223, 87, 26, 30, 64, 167,
       192, 76, 153, 45, 31, 5, 248, 29, 143, 77, 16, 242, 43, 156, 90,
