%YAML:1.0
descriptors: !!opencv-matrix
   rows: 75
   cols: 64
   dt: u
   data: [ 60, 190, 253, 254, 63, 253, 253, 121, 255, 254, 222, 245, 253,
       126, 253, 213, 255, 254, 227, 123, 245, 118, 211, 255, 253, 255,
       245, 255, 126, 223, 253, 239, 223, 108, 87, 190, 255, 122, 249,
       125, 124, 93, 126, 47, 213, 53, 247, 111, 185, 172, 152, 13, 242,
       29, 156, 93, 60, 242, 119, 189, 219, 223, 40, 250, 37, 38, 228,
       33, 157, 180, 161, 124, 180, 188, 210, 117, 169, 123, 137, 5, 234,
       204, 3, 98, 229, 35, 202, 127, 76, 168, 164, 7, 90, 13, 33, 239,
       87, 36, 85, 186, 83, 58, 233, 116, 216, 84, 26, 142, 192, 33, 211,
       107, 153, 172, 24, 1, 240, 29, 156, 73, 16, 242, 51, 189, 88, 87,
       32, 250, 61, 190, 255, 231, 191, 245, 251, 124, 252, 253, 214,
       253, 237, 127, 185, 197, 235, 213, 203, 107, 245, 45, 206, 127,
       109, 234, 34, 183, 94, 73, 113, 239, 247, 228, 93, 186, 118, 251,
       233, 119, 249, 92, 122, 46, 213, 133, 217, 107, 153, 188, 24, 5,
       240, 29, 156, 73, 16, 242, 183, 189, 218, 87, 32, 254, 125, 54,
       116, 33, 221, 162, 43, 124, 112, 59, 210, 53, 236, 9, 128, 85,
       226, 221, 139, 208, 233, 35, 203, 125, 68, 104, 232, 143, 90, 5,
       225, 239, 95, 165, 85, 191, 87, 184, 165, 118, 92, 68, 26, 14,
       193, 33, 227, 79, 152, 236, 24, 5, 240, 29, 156, 73, 18, 242, 183,
       188, 216, 87, 32, 124, 125, 22, 108, 172, 119, 183, 51, 119, 180,
       252, 214, 21, 93, 61, 185, 71, 250, 253, 67, 100, 240, 115, 208,
       243, 93, 104, 172, 156, 120, 84, 117, 233, 223, 36, 87, 186, 83,
       120, 137, 124, 120, 93, 56, 46, 213, 53, 231, 111, 153, 172, 24,
       5, 240, 29, 156, 73, 16, 242, 51, 189, 88, 87, 32, 250, 124, 50,
       117, 176, 94, 55, 43, 127, 244, 126, 82, 21, 93, 104, 177, 70,
       242, 221, 67, 100, 240, 35, 192, 119, 76, 232, 172, 141, 82, 208,
       113, 233, 87, 36, 84, 186, 83, 120, 1, 116, 88, 68, 24, 14, 193,
       37, 195, 79, 153, 172, 24, 5, 240, 29, 156, 73, 16, 242, 51, 156,
       88, 86, 32, 248, 124, 185, 255, 252, 55, 55, 253, 126, 247, 252,
       213, 243, 255, 254, 182, 94, 255, 223, 115, 103, 245, 63, 195,
       247, 239, 254, 246, 255, 90, 221, 246, 235, 223, 36, 85, 190, 215,
       120, 249, 125, 120, 93, 187, 47, 245, 53, 247, 111, 153, 172, 24,
       5, 240, 29, 156, 73, 16, 242, 51, 189, 88, 87, 32, 250, 252, 189,
       255, 246, 118, 127, 121, 127, 247, 252, 215, 247, 255, 255, 182,
       126, 251, 213, 123, 103, 247, 45, 195, 247, 223, 255, 247, 191,
       122, 222, 246, 235, 215, 39, 85, 190, 210, 120, 249, 124, 120, 92,
       185, 47, 221, 53, 247, 111, 153, 172, 24, 5, 240, 29, 156, 73, 16,
       242, 115, 189, 88, 87, 32, 250, 35, 22, 64, 2, 93, 130, 7, 26,
       102, 80, 130, 97, 44, 91, 128, 21, 98, 247, 1, 20, 192, 35, 145,
       103, 68, 152, 104, 13, 18, 8, 1, 97, 223, 36, 84, 186, 82, 56, 9,
       116, 100, 84, 24, 143, 193, 80, 245, 79, 152, 164, 24, 0, 240, 28,
       156, 73, 16, 242, 51, 189, 88, 87, 36, 122, 60, 189, 255, 255, 62,
       253, 253, 125, 255, 255, 221, 249, 253, 126, 189, 222, 255, 254,
       227, 123, 245, 127, 211, 255, 253, 255, 247, 255, 127, 223, 245,
       239, 223, 108, 215, 190, 223, 120, 249, 125, 120, 93, 255, 47,
       245, 53, 247, 111, 187, 174, 153, 15, 242, 29, 156, 93, 52, 242,
       119, 191, 251, 223, 40, 254, 82, 17, 25, 134, 70, 135, 26, 33, 66,
       70, 17, 0, 92, 32, 16, 18, 116, 195, 64, 244, 192, 33, 65, 195,
       152, 16, 236, 76, 0, 148, 209, 96, 199, 44, 1, 190, 90, 104, 0,
       72, 112, 72, 20, 15, 209, 20, 165, 79, 153, 172, 24, 5, 240, 24,
       28, 73, 16, 242, 51, 185, 88, 87, 32, 234, 255, 60, 255, 181, 255,
       167, 251, 253, 254, 231, 215, 62, 255, 238, 179, 95, 250, 245,
       123, 118, 255, 135, 211, 125, 94, 250, 252, 47, 210, 29, 118, 175,
       215, 45, 87, 191, 82, 125, 237, 126, 120, 92, 24, 46, 221, 29,
       237, 63, 157, 172, 24, 5, 241, 61, 156, 75, 80, 254, 51, 189, 88,
       87, 48, 250, 62, 159, 252, 254, 63, 253, 253, 127, 63, 252, 213,
       249, 189, 126, 188, 94, 251, 212, 97, 107, 245, 124, 211, 115,
       125, 255, 179, 63, 126, 255, 117, 235, 215, 36, 87, 186, 246, 120,
       249, 125, 112, 93, 251, 47, 213, 20, 245, 111, 155, 172, 153, 13,
       242, 29, 156, 89, 48, 242, 115, 189, 91, 95, 40, 250, 16, 17, 144,
       150, 0, 3, 40, 39, 66, 130, 67, 4, 20, 128, 19, 18, 126, 138, 1,
       194, 192, 32, 69, 131, 136, 8, 228, 200, 64, 132, 240, 96, 71, 36,
       65, 188, 25, 104, 192, 64, 112, 72, 52, 42, 244, 20, 131, 110,
       153, 168, 24, 7, 240, 29, 28, 65, 16, 243, 19, 177, 88, 83, 96,
       234, 253, 191, 247, 117, 113, 99, 255, 254, 249, 185, 196, 251,
       231, 255, 134, 207, 171, 141, 187, 79, 55, 175, 231, 247, 103,
       255, 210, 183, 127, 109, 102, 239, 159, 231, 116, 251, 245, 189,
       255, 53, 121, 125, 251, 247, 255, 57, 127, 235, 253, 190, 237,
       255, 209, 126, 188, 76, 116, 254, 247, 239, 251, 119, 181, 222,
       252, 57, 255, 251, 218, 191, 103, 255, 219, 245, 214, 63, 255,
       246, 187, 90, 250, 151, 123, 102, 255, 221, 75, 221, 223, 250,
       254, 239, 234, 221, 246, 174, 207, 47, 71, 255, 94, 253, 253, 126,
       120, 93, 244, 55, 221, 61, 255, 183, 255, 172, 137, 255, 242, 255,
       28, 219, 116, 252, 209, 185, 218, 85, 249, 222, 116, 50, 211, 55,
       216, 130, 42, 101, 74, 161, 195, 54, 244, 198, 131, 82, 126, 131,
       27, 198, 139, 133, 75, 157, 158, 72, 252, 239, 2, 140, 225, 102,
       71, 37, 69, 191, 24, 184, 229, 86, 8, 64, 17, 10, 229, 45, 139,
       63, 157, 236, 8, 35, 112, 28, 24, 203, 64, 251, 19, 177, 120, 82,
       112, 110, 254, 56, 243, 183, 255, 167, 95, 249, 206, 37, 213, 123,
       239, 202, 146, 92, 242, 215, 123, 118, 107, 143, 131, 125, 142,
       218, 252, 47, 210, 185, 118, 174, 199, 173, 22, 255, 202, 117,
       229, 87, 89, 72, 85, 27, 201, 29, 173, 149, 221, 164, 153, 129,
       112, 190, 156, 99, 80, 190, 49, 185, 124, 71, 48, 252, 250, 181,
       250, 246, 223, 167, 87, 59, 214, 65, 213, 115, 191, 202, 36, 92,
       254, 183, 127, 215, 247, 63, 177, 103, 182, 254, 251, 111, 210,
       249, 244, 232, 143, 47, 6, 255, 219, 89, 127, 253, 89, 203, 213,
       203, 217, 125, 181, 207, 253, 166, 153, 141, 248, 60, 220, 211,
       120, 182, 247, 187, 58, 63, 188, 202, 122, 49, 241, 87, 254, 131,
       90, 37, 194, 33, 213, 48, 253, 226, 146, 82, 254, 131, 82, 211,
       143, 169, 195, 143, 156, 74, 230, 255, 66, 189, 245, 238, 203,
       189, 36, 191, 202, 57, 242, 95, 24, 73, 229, 75, 225, 60, 171, 15,
       159, 230, 137, 67, 118, 24, 16, 67, 72, 243, 211, 249, 184, 38,
       160, 238, 122, 49, 249, 54, 127, 163, 95, 61, 214, 33, 213, 249,
       255, 74, 148, 86, 254, 151, 82, 213, 251, 59, 243, 119, 180, 235,
       236, 127, 114, 249, 229, 236, 143, 45, 6, 191, 206, 57, 225, 125,
       88, 219, 245, 171, 209, 125, 181, 111, 191, 166, 155, 139, 240,
       60, 220, 81, 120, 183, 255, 249, 187, 159, 188, 222, 111, 34, 237,
       176, 119, 191, 191, 124, 244, 254, 222, 182, 253, 63, 187, 71,
       235, 245, 75, 103, 245, 103, 194, 119, 77, 254, 188, 47, 90, 28,
       49, 235, 215, 36, 87, 186, 82, 120, 233, 116, 120, 92, 56, 47,
       213, 20, 245, 111, 153, 172, 24, 5, 240, 29, 156, 73, 16, 242, 51,
       189, 88, 87, 32, 250, 143, 158, 210, 99, 221, 176, 163, 152, 184,
       187, 226, 107, 166, 91, 131, 21, 102, 239, 189, 91, 225, 7, 255,
       125, 98, 250, 123, 231, 222, 65, 227, 247, 127, 227, 220, 53, 117,
       157, 45, 181, 201, 68, 122, 158, 195, 65, 91, 209, 184, 95, 28,
       37, 245, 229, 205, 225, 86, 156, 167, 143, 134, 151, 180, 94, 135,
       7, 65, 243, 217, 160, 167, 200, 32, 109, 64, 115, 128, 75, 131,
       69, 98, 85, 1, 98, 198, 40, 138, 122, 78, 154, 50, 43, 210, 8, 33,
       79, 87, 38, 84, 186, 80, 112, 101, 86, 65, 96, 24, 74, 64, 16,
       217, 71, 24, 44, 24, 4, 240, 28, 140, 73, 16, 240, 35, 189, 72,
       87, 32, 248, 77, 38, 229, 168, 95, 183, 163, 127, 180, 254, 194,
