%YAML:1.0
descriptors: !!opencv-matrix
   rows: 113
   cols: 64
   dt: u
   data: [ 61, 182, 125, 164, 62, 189, 185, 121, 244, 252, 214, 117, 237,
       59, 185, 85, 250, 252, 67, 96, 245, 32, 211, 247, 221, 184, 228,
       255, 122, 93, 241, 235, 223, 36, 87, 190, 95, 120, 233, 124, 120,
       92, 58, 175, 213, 49, 247, 111, 153, 172, 24, 5, 240, 29, 156, 73,
       16, 242, 51, 189, 90, 87, 32, 250, 60, 176, 253, 254, 62, 253,
       253, 127, 247, 254, 220, 253, 253, 126, 189, 94, 251, 254, 99,
       107, 245, 118, 211, 247, 253, 254, 244, 255, 126, 223, 245, 235,
       215, 44, 87, 190, 223, 120, 249, 125, 120, 93, 123, 47, 213, 53,
       247, 111, 185, 172, 24, 5, 240, 29, 156, 73, 16, 242, 51, 189, 91,
       95, 32, 250, 60, 177, 253, 188, 62, 181, 253, 126, 247, 254, 213,
       241, 253, 126, 180, 86, 255, 222, 99, 99, 245, 55, 195, 247, 205,
       186, 244, 223, 82, 221, 245, 235, 215, 44, 85, 190, 210, 120, 233,
       125, 120, 92, 57, 47, 213, 53, 247, 111, 153, 172, 24, 5, 240, 29,
       156, 73, 16, 242, 51, 189, 88, 87, 32, 250, 63, 179, 253, 246, 63,
       253, 253, 124, 246, 252, 214, 245, 253, 127, 185, 85, 255, 254,
       67, 115, 245, 38, 195, 119, 205, 190, 244, 255, 126, 94, 245, 235,
       223, 44, 85, 190, 95, 120, 233, 124, 120, 92, 58, 47, 213, 53,
       247, 111, 153, 172, 24, 5, 240, 29, 156, 73, 16, 242, 51, 189, 90,
       87, 32, 250, 62, 53, 253, 190, 55, 173, 121, 127, 214, 238, 213,
       177, 125, 106, 188, 86, 254, 222, 67, 243, 245, 38, 209, 247, 221,
       186, 228, 205, 82, 156, 245, 233, 207, 44, 71, 190, 219, 120, 233,
       124, 120, 92, 49, 47, 212, 53, 247, 111, 153, 172, 24, 5, 240, 29,
       156, 73, 16, 242, 51, 189, 88, 87, 32, 250, 61, 182, 253, 254, 62,
       253, 185, 125, 253, 252, 214, 253, 253, 127, 188, 116, 251, 252,
       67, 99, 245, 99, 211, 255, 221, 186, 244, 191, 126, 95, 247, 239,
       223, 44, 85, 190, 223, 120, 233, 125, 120, 92, 123, 175, 213, 53,
       247, 111, 153, 172, 24, 13, 240, 29, 156, 73, 16, 242, 51, 189,
       90, 87, 40, 250, 63, 255, 253, 254, 63, 191, 253, 123, 247, 254,
       253, 249, 255, 126, 180, 95, 255, 255, 99, 123, 245, 127, 211,
       247, 253, 255, 247, 255, 126, 223, 245, 235, 223, 44, 87, 190,
       223, 120, 249, 125, 120, 95, 59, 47, 213, 53, 247, 111, 153, 172,
       24, 13, 240, 29, 156, 73, 16, 242, 115, 189, 90, 87, 40, 250, 28,
       49, 93, 182, 55, 163, 61, 122, 246, 4, 213, 113, 125, 110, 176,
       80, 242, 212, 67, 99, 225, 34, 193, 119, 204, 186, 224, 159, 82,
       12, 245, 233, 223, 36, 85, 190, 82, 120, 233, 116, 120, 92, 56,
       47, 212, 21, 247, 111, 153, 172, 24, 5, 240, 29, 156, 73, 16, 242,
       51, 189, 88, 87, 32, 250, 12, 32, 77, 40, 22, 177, 36, 127, 240,
       146, 214, 52, 104, 55, 169, 67, 202, 220, 3, 96, 193, 96, 193,
       247, 76, 152, 164, 141, 82, 12, 49, 104, 223, 36, 85, 186, 82,
       120, 169, 116, 120, 92, 56, 47, 212, 53, 247, 111, 153, 172, 24,
       5, 240, 29, 156, 73, 16, 242, 51, 189, 88, 87, 32, 250, 47, 166,
       237, 170, 63, 253, 53, 127, 245, 254, 222, 181, 125, 63, 189, 103,
       235, 252, 67, 113, 245, 114, 209, 119, 93, 253, 180, 159, 122,
       218, 51, 235, 215, 44, 87, 186, 91, 120, 233, 124, 124, 92, 56,
       47, 213, 21, 247, 111, 153, 172, 24, 5, 240, 29, 156, 73, 16, 242,
       51, 189, 90, 87, 40, 250, 13, 34, 101, 32, 25, 35, 33, 94, 164,
       174, 194, 53, 65, 13, 161, 67, 194, 92, 131, 96, 225, 34, 192,
       115, 76, 136, 132, 129, 80, 12, 49, 203, 87, 36, 85, 186, 16, 120,
       1, 84, 88, 68, 24, 14, 64, 5, 195, 79, 25, 44, 24, 5, 240, 29,
       156, 73, 16, 242, 51, 188, 72, 22, 32, 250, 12, 34, 109, 176, 59,
       179, 43, 122, 180, 254, 194, 55, 209, 106, 177, 71, 194, 221, 3,
       99, 225, 36, 192, 115, 12, 138, 160, 7, 82, 8, 49, 203, 87, 36,
       84, 186, 82, 120, 193, 116, 80, 68, 24, 14, 208, 4, 193, 111, 153,
       172, 24, 5, 240, 29, 156, 73, 16, 242, 51, 189, 72, 86, 32, 250,
       5, 39, 209, 48, 16, 70, 33, 71, 128, 6, 2, 52, 65, 167, 153, 66,
       202, 68, 3, 96, 129, 0, 192, 19, 76, 136, 4, 9, 2, 8, 48, 72, 84,
       6, 85, 186, 0, 120, 1, 84, 32, 64, 24, 34, 68, 20, 101, 238, 25,
       44, 24, 4, 240, 28, 148, 73, 0, 226, 3, 189, 72, 71, 32, 242, 13,
       39, 229, 184, 16, 255, 37, 94, 160, 198, 138, 180, 81, 175, 187,
       71, 203, 124, 35, 96, 225, 97, 82, 51, 77, 253, 148, 5, 80, 12,
       48, 73, 215, 4, 87, 186, 80, 120, 201, 124, 52, 84, 56, 47, 85,
       20, 117, 110, 153, 172, 24, 5, 240, 29, 156, 72, 16, 226, 51, 189,
       88, 87, 32, 242, 182, 49, 81, 150, 211, 0, 11, 9, 198, 64, 49, 50,
       53, 66, 176, 80, 98, 214, 4, 100, 75, 160, 161, 38, 14, 130, 160,
       9, 146, 8, 16, 40, 114, 36, 20, 154, 66, 112, 1, 212, 130, 66, 24,
       10, 192, 20, 192, 12, 129, 36, 16, 5, 96, 24, 149, 73, 16, 114,
       49, 156, 88, 22, 32, 185, 247, 113, 81, 150, 223, 0, 91, 8, 198,
       67, 49, 50, 165, 74, 128, 81, 114, 215, 4, 100, 74, 168, 160, 38,
       142, 138, 226, 9, 146, 40, 112, 57, 114, 36, 20, 218, 66, 112, 3,
       214, 146, 194, 24, 74, 192, 28, 200, 30, 129, 37, 16, 5, 104, 26,
       132, 73, 16, 114, 49, 28, 92, 22, 34, 185, 50, 241, 121, 158, 55,
       141, 95, 9, 231, 68, 61, 250, 189, 110, 180, 84, 255, 215, 36,
       115, 135, 62, 209, 103, 253, 215, 245, 61, 18, 186, 213, 41, 134,
       44, 87, 158, 202, 120, 235, 124, 112, 219, 53, 105, 149, 20, 245,
       111, 145, 172, 16, 5, 240, 25, 156, 73, 16, 242, 50, 189, 88, 87,
       32, 250, 214, 49, 81, 150, 208, 2, 11, 72, 194, 0, 147, 52, 101,
       194, 144, 80, 114, 214, 5, 100, 11, 168, 164, 6, 142, 138, 226, 9,
       146, 8, 48, 57, 112, 39, 20, 155, 2, 118, 7, 214, 131, 66, 24, 10,
       72, 14, 200, 28, 129, 36, 80, 4, 104, 26, 133, 73, 144, 112, 33,
       24, 92, 6, 34, 177, 84, 51, 81, 180, 208, 34, 43, 206, 194, 2,
       195, 52, 101, 195, 131, 114, 226, 196, 1, 102, 11, 168, 164, 18,
       142, 138, 162, 9, 146, 8, 48, 57, 112, 39, 60, 155, 0, 118, 5,
       214, 131, 66, 24, 74, 74, 14, 201, 158, 136, 36, 84, 20, 96, 26,
       133, 73, 128, 120, 33, 156, 92, 6, 35, 177, 84, 51, 243, 181, 80,
       34, 41, 238, 64, 174, 195, 52, 69, 195, 145, 82, 226, 204, 3, 102,
       11, 168, 132, 59, 14, 136, 162, 141, 82, 12, 48, 57, 112, 39, 60,
       187, 0, 118, 1, 214, 128, 64, 152, 14, 106, 140, 201, 158, 8, 44,
       116, 49, 96, 26, 148, 73, 128, 122, 33, 152, 76, 6, 35, 177, 84,
       51, 211, 244, 248, 2, 43, 206, 2, 98, 131, 54, 69, 199, 139, 83,
       234, 196, 0, 102, 15, 169, 198, 10, 142, 138, 178, 73, 146, 44,
       48, 105, 119, 7, 85, 187, 0, 246, 195, 87, 128, 64, 152, 74, 107,
       140, 193, 30, 216, 44, 120, 53, 32, 26, 149, 73, 128, 122, 49,
       191, 92, 6, 49, 240, 252, 33, 211, 247, 216, 2, 98, 230, 64, 168,
       208, 53, 114, 194, 131, 114, 98, 1, 155, 70, 79, 169, 173, 159,
       142, 10, 234, 141, 195, 141, 160, 254, 115, 167, 36, 251, 20, 246,
       87, 214, 155, 98, 149, 82, 106, 15, 11, 214, 79, 100, 119, 244,
       89, 58, 5, 203, 198, 124, 9, 210, 12, 38, 179, 165, 70, 33, 193,
       146, 81, 2, 3, 78, 130, 34, 3, 48, 35, 194, 128, 66, 98, 85, 1,
       68, 11, 133, 128, 3, 14, 128, 168, 13, 146, 8, 48, 8, 112, 39, 20,
       187, 0, 116, 5, 212, 0, 64, 16, 10, 65, 12, 192, 142, 17, 36, 16,
       4, 33, 24, 132, 11, 16, 114, 33, 188, 72, 20, 48, 240, 45, 166,
       237, 168, 62, 245, 181, 125, 181, 254, 214, 245, 221, 63, 185, 69,
       137, 252, 67, 99, 241, 119, 218, 243, 93, 248, 132, 183, 124, 221,
       53, 203, 223, 40, 215, 186, 87, 120, 233, 124, 124, 93, 122, 47,
       213, 53, 247, 107, 153, 172, 24, 13, 242, 29, 156, 89, 16, 242,
       51, 189, 90, 215, 40, 250, 246, 41, 195, 147, 209, 70, 11, 238,
       206, 231, 19, 190, 179, 138, 147, 206, 235, 213, 57, 103, 15, 141,
       230, 41, 15, 219, 186, 45, 147, 8, 50, 59, 113, 39, 117, 219, 66,
       117, 71, 86, 48, 64, 56, 62, 15, 28, 73, 180, 221, 44, 82, 149,
