%YAML:1.0
descriptors: !!opencv-matrix
   rows: 111
   cols: 64
   dt: u
   data: [ 63, 255, 237, 254, 62, 253, 253, 121, 253, 221, 223, 253, 253,
       127, 252, 253, 187, 252, 99, 251, 245, 126, 211, 247, 253, 255,
       245, 191, 127, 255, 247, 235, 223, 124, 199, 190, 223, 121, 249,
       125, 124, 221, 251, 47, 245, 245, 247, 111, 187, 190, 153, 15,
       240, 29, 158, 93, 52, 243, 123, 191, 251, 223, 44, 250, 45, 170,
       239, 160, 27, 125, 165, 254, 188, 254, 206, 119, 217, 63, 251,
       229, 203, 252, 99, 97, 241, 71, 218, 240, 77, 253, 29, 163, 120,
       15, 51, 203, 221, 36, 87, 186, 83, 122, 233, 116, 124, 92, 56, 47,
       213, 53, 246, 105, 153, 172, 24, 5, 240, 29, 156, 73, 16, 242, 51,
       189, 88, 87, 32, 250, 47, 174, 239, 171, 63, 125, 181, 255, 253,
       254, 254, 255, 253, 63, 187, 239, 235, 252, 99, 123, 245, 87, 223,
       124, 77, 253, 181, 163, 91, 95, 51, 235, 215, 44, 85, 186, 91,
       120, 233, 116, 120, 92, 56, 47, 213, 21, 247, 109, 153, 172, 24,
       5, 240, 29, 156, 73, 16, 242, 51, 189, 88, 87, 32, 250, 191, 52,
       255, 183, 63, 117, 189, 254, 247, 255, 221, 243, 255, 190, 179,
       87, 251, 255, 99, 243, 245, 119, 195, 119, 205, 255, 245, 251, 90,
       95, 247, 235, 215, 44, 85, 190, 91, 120, 233, 117, 120, 93, 56,
       47, 213, 21, 247, 111, 153, 172, 24, 5, 240, 29, 156, 73, 16, 242,
       51, 189, 88, 87, 32, 250, 189, 190, 255, 223, 62, 253, 249, 125,
       255, 253, 254, 255, 255, 127, 254, 236, 251, 255, 227, 99, 245,
       47, 211, 247, 217, 111, 245, 251, 125, 95, 247, 239, 223, 44, 85,
       190, 223, 122, 249, 124, 120, 92, 59, 175, 213, 55, 247, 111, 185,
       172, 24, 13, 240, 29, 156, 73, 20, 242, 51, 189, 90, 87, 32, 250,
       20, 177, 81, 246, 57, 160, 253, 74, 130, 1, 193, 115, 167, 67,
       128, 81, 226, 212, 37, 99, 199, 44, 128, 115, 110, 158, 243, 11,
       86, 42, 33, 109, 86, 38, 60, 154, 16, 120, 123, 84, 81, 72, 152,
       79, 232, 20, 253, 79, 137, 164, 24, 5, 240, 20, 156, 73, 16, 242,
       51, 143, 88, 23, 33, 250, 189, 253, 255, 255, 62, 127, 249, 255,
       255, 253, 252, 255, 127, 126, 254, 252, 255, 255, 115, 107, 245,
       127, 247, 247, 253, 239, 247, 251, 127, 223, 255, 235, 223, 108,
       87, 254, 223, 123, 249, 125, 250, 95, 251, 63, 213, 55, 247, 111,
       185, 172, 155, 13, 240, 29, 156, 73, 48, 242, 115, 191, 123, 95,
       42, 251, 30, 35, 221, 180, 35, 147, 60, 106, 246, 184, 213, 179,
       253, 119, 160, 82, 254, 155, 99, 243, 197, 103, 195, 119, 205,
       222, 240, 255, 106, 140, 177, 234, 223, 44, 69, 190, 90, 120, 233,
       124, 120, 92, 56, 47, 213, 21, 247, 111, 153, 172, 24, 5, 240, 29,
       156, 73, 16, 242, 51, 189, 88, 87, 32, 250, 189, 186, 247, 245,
       63, 117, 249, 254, 253, 252, 254, 117, 111, 95, 219, 245, 251,
       254, 203, 123, 245, 106, 229, 254, 175, 171, 230, 219, 255, 85,
       255, 255, 255, 108, 252, 254, 255, 242, 249, 253, 223, 93, 219,
       158, 232, 163, 219, 111, 170, 191, 223, 139, 242, 191, 159, 85,
       166, 246, 255, 223, 255, 143, 38, 253, 125, 59, 215, 246, 24, 162,
       104, 118, 64, 184, 66, 53, 38, 199, 131, 83, 106, 199, 33, 99,
       231, 45, 207, 191, 202, 138, 242, 143, 82, 9, 241, 239, 215, 38,
       116, 186, 83, 248, 243, 118, 88, 124, 184, 110, 201, 21, 195, 111,
       153, 172, 24, 69, 244, 28, 156, 73, 16, 242, 115, 191, 88, 119,
       161, 254, 47, 54, 212, 250, 27, 190, 37, 66, 52, 126, 74, 53, 189,
       239, 185, 119, 242, 255, 129, 98, 229, 47, 219, 127, 84, 202, 226,
       199, 90, 193, 241, 231, 87, 162, 87, 54, 119, 248, 233, 126, 108,
       84, 122, 47, 85, 85, 231, 107, 185, 236, 24, 5, 244, 29, 156, 73,
       22, 242, 183, 189, 218, 87, 32, 246, 62, 252, 255, 255, 62, 253,
       221, 57, 255, 255, 223, 253, 255, 126, 125, 220, 253, 255, 99,
       251, 245, 127, 211, 255, 253, 255, 247, 255, 127, 255, 255, 239,
       223, 124, 215, 190, 255, 121, 249, 125, 120, 93, 255, 47, 213,
       181, 247, 111, 187, 190, 153, 15, 242, 29, 156, 93, 54, 243, 255,
       191, 251, 223, 44, 254, 29, 54, 247, 97, 60, 181, 169, 252, 240,
       190, 194, 117, 205, 57, 155, 67, 248, 236, 195, 107, 245, 103, 94,
       255, 197, 40, 228, 215, 124, 85, 225, 246, 255, 120, 215, 174,
       253, 186, 249, 117, 252, 28, 122, 174, 212, 225, 211, 107, 184,
       252, 8, 3, 240, 29, 156, 77, 54, 242, 151, 159, 250, 215, 108,
       254, 222, 41, 155, 246, 99, 139, 126, 106, 214, 129, 213, 243,
       243, 210, 182, 90, 254, 147, 99, 87, 199, 47, 195, 215, 207, 218,
       246, 239, 66, 140, 182, 168, 223, 44, 68, 190, 90, 120, 233, 124,
       120, 92, 48, 47, 209, 53, 181, 111, 153, 172, 24, 5, 240, 29, 156,
       65, 16, 242, 51, 189, 88, 87, 32, 250, 255, 254, 239, 225, 255,
       255, 187, 248, 253, 255, 250, 127, 255, 127, 251, 237, 251, 245,
       255, 111, 253, 215, 191, 124, 111, 255, 63, 183, 223, 95, 119,
       255, 117, 237, 223, 251, 246, 247, 253, 63, 253, 92, 122, 62, 223,
       175, 252, 177, 173, 189, 28, 165, 217, 191, 140, 127, 208, 252,
       179, 189, 222, 223, 56, 182, 60, 177, 253, 134, 55, 149, 157, 120,
       246, 196, 149, 240, 253, 127, 176, 84, 246, 214, 98, 99, 213, 38,
       195, 247, 205, 186, 228, 127, 114, 156, 213, 105, 223, 36, 85,
       190, 82, 120, 233, 116, 112, 93, 57, 47, 212, 52, 245, 111, 153,
       172, 24, 5, 240, 29, 156, 73, 16, 242, 51, 189, 88, 87, 32, 250,
       55, 181, 253, 214, 55, 157, 221, 75, 231, 196, 21, 240, 189, 123,
       180, 84, 246, 214, 34, 99, 135, 46, 193, 103, 205, 146, 229, 89,
       50, 56, 213, 105, 151, 36, 85, 158, 82, 120, 235, 116, 112, 93,
       57, 47, 212, 20, 245, 111, 153, 172, 25, 5, 240, 29, 156, 73, 16,
       242, 51, 189, 88, 87, 32, 250, 50, 177, 89, 150, 54, 140, 93, 3,
       198, 68, 21, 208, 157, 106, 180, 84, 246, 214, 32, 35, 134, 46,
       193, 103, 220, 150, 229, 73, 18, 184, 212, 105, 150, 36, 84, 158,
       66, 88, 203, 116, 112, 219, 60, 105, 148, 20, 245, 111, 145, 172,
       24, 5, 240, 25, 156, 73, 16, 242, 50, 189, 88, 87, 32, 250, 5, 34,
       85, 128, 16, 192, 32, 100, 0, 36, 194, 21, 64, 37, 153, 2, 203,
       76, 131, 96, 193, 0, 76, 144, 76, 152, 12, 129, 0, 12, 33, 73, 85,
       4, 85, 186, 16, 50, 9, 84, 36, 84, 24, 166, 68, 128, 100, 228, 24,
       44, 56, 0, 240, 29, 140, 73, 0, 224, 3, 188, 72, 71, 32, 242, 239,
       254, 103, 99, 255, 254, 175, 216, 252, 127, 250, 127, 239, 95,
       250, 237, 235, 245, 63, 125, 253, 199, 191, 124, 111, 255, 63,
       183, 223, 95, 115, 191, 85, 237, 223, 219, 118, 181, 237, 183,
       125, 92, 106, 191, 223, 235, 252, 177, 236, 253, 92, 161, 205,
       247, 142, 235, 208, 252, 165, 173, 222, 223, 48, 190, 20, 50, 81,
       128, 152, 0, 33, 76, 194, 0, 2, 53, 65, 3, 145, 112, 98, 196, 1,
       96, 65, 128, 140, 32, 12, 136, 40, 9, 146, 8, 49, 121, 112, 36,
       84, 186, 0, 114, 1, 212, 144, 64, 24, 14, 64, 6, 64, 196, 137, 36,
       80, 4, 112, 26, 133, 73, 144, 112, 35, 156, 88, 6, 34, 241, 62,
       184, 253, 174, 62, 125, 249, 125, 255, 252, 255, 245, 125, 62,
       255, 246, 255, 222, 67, 107, 245, 114, 211, 118, 253, 175, 244,
       251, 123, 223, 255, 235, 215, 44, 87, 190, 223, 122, 233, 125,
       250, 93, 127, 47, 212, 55, 247, 111, 155, 172, 153, 13, 240, 29,
       156, 89, 16, 242, 51, 189, 91, 95, 40, 250, 47, 164, 237, 174, 63,
       253, 185, 125, 245, 254, 214, 245, 253, 63, 185, 71, 234, 252, 67,
       243, 245, 114, 211, 119, 93, 184, 180, 183, 90, 93, 53, 235, 215,
       44, 87, 186, 219, 120, 233, 116, 120, 92, 58, 47, 213, 53, 247,
       111, 153, 172, 24, 5, 240, 29, 156, 73, 16, 242, 51, 189, 90, 87,
       32, 250, 47, 166, 109, 169, 63, 253, 183, 125, 253, 255, 222, 253,
       253, 63, 189, 196, 203, 252, 67, 121, 245, 115, 219, 125, 125,
       253, 180, 183, 126, 223, 119, 235, 215, 44, 87, 186, 87, 120, 233,
       124, 120, 93, 122, 47, 213, 53, 247, 111, 185, 172, 24, 5, 240,
       29, 156, 73, 16, 242, 51, 189, 90, 215, 40, 250, 5, 2, 205, 32,
