%YAML:1.0
descriptors: !!opencv-matrix
   rows: 94
   cols: 64
   dt: u
   data: [ 47, 254, 253, 254, 63, 189, 253, 89, 255, 254, 133, 233, 253,
       127, 252, 93, 191, 254, 98, 251, 245, 118, 83, 255, 245, 255, 245,
       255, 126, 255, 245, 231, 223, 124, 87, 190, 219, 120, 248, 125,
       124, 95, 122, 175, 245, 117, 247, 111, 153, 174, 24, 15, 240, 29,
       156, 73, 48, 243, 115, 189, 250, 215, 40, 250, 63, 244, 125, 142,
       63, 253, 153, 121, 255, 117, 151, 253, 253, 127, 252, 117, 251,
       246, 66, 113, 245, 114, 211, 119, 253, 190, 229, 59, 126, 91, 247,
       107, 215, 44, 87, 190, 218, 120, 233, 117, 112, 93, 56, 47, 212,
       20, 245, 111, 153, 172, 24, 13, 240, 29, 156, 73, 16, 242, 51,
       189, 90, 87, 32, 250, 44, 175, 239, 168, 50, 253, 165, 127, 253,
       220, 222, 181, 89, 63, 187, 230, 203, 220, 227, 107, 245, 117,
       210, 247, 93, 253, 149, 165, 124, 222, 51, 203, 223, 36, 87, 186,
       87, 120, 233, 124, 124, 93, 58, 167, 85, 165, 119, 111, 153, 172,
       153, 13, 240, 29, 156, 92, 52, 226, 51, 189, 91, 87, 40, 250, 126,
       61, 245, 214, 54, 207, 91, 123, 231, 68, 223, 53, 253, 254, 252,
       118, 243, 213, 99, 103, 247, 47, 209, 119, 221, 254, 229, 29, 114,
       158, 126, 169, 210, 36, 85, 190, 194, 122, 201, 124, 112, 93, 61,
       47, 213, 20, 229, 111, 153, 164, 24, 13, 242, 29, 156, 73, 16,
       242, 51, 189, 88, 87, 32, 250, 45, 166, 109, 96, 60, 253, 167,
       124, 248, 188, 198, 117, 205, 61, 185, 69, 139, 236, 195, 106,
       245, 98, 90, 246, 93, 56, 132, 146, 124, 85, 113, 207, 223, 88,
       199, 172, 220, 186, 249, 61, 124, 29, 122, 166, 244, 225, 247,
       107, 184, 172, 137, 11, 240, 29, 158, 93, 54, 242, 23, 189, 234,
       215, 108, 250, 108, 47, 247, 248, 16, 119, 161, 255, 245, 220,
       194, 53, 85, 189, 187, 230, 235, 220, 195, 110, 117, 169, 212,
       178, 93, 41, 180, 129, 104, 204, 58, 219, 253, 38, 119, 186, 84,
       114, 205, 124, 252, 84, 24, 182, 69, 167, 67, 238, 153, 44, 92, 5,
       242, 31, 157, 73, 0, 240, 35, 189, 90, 70, 32, 242, 11, 132, 140,
       138, 15, 221, 20, 5, 55, 116, 30, 132, 24, 60, 62, 7, 205, 178,
       96, 177, 208, 113, 219, 99, 81, 101, 128, 102, 56, 209, 157, 103,
       143, 168, 83, 32, 91, 200, 232, 106, 112, 157, 108, 39, 21, 20,
       119, 107, 145, 200, 137, 12, 182, 13, 216, 89, 51, 243, 187, 181,
       211, 211, 12, 206, 197, 142, 231, 197, 253, 255, 131, 248, 188,
       253, 182, 127, 139, 121, 210, 237, 169, 213, 255, 35, 220, 15,
       174, 121, 79, 255, 25, 38, 188, 75, 19, 95, 223, 225, 85, 49, 118,
       241, 237, 54, 117, 60, 106, 63, 221, 32, 253, 227, 184, 253, 28,
       5, 245, 253, 156, 75, 84, 254, 183, 189, 218, 87, 36, 254, 50,
       209, 216, 222, 55, 145, 92, 15, 215, 130, 53, 250, 191, 122, 54,
       94, 61, 146, 112, 155, 135, 126, 211, 103, 177, 215, 247, 123, 51,
       249, 212, 104, 135, 188, 135, 214, 234, 89, 250, 121, 114, 219,
       229, 105, 183, 84, 181, 111, 211, 170, 155, 79, 188, 1, 248, 95,
       49, 115, 122, 123, 57, 249, 236, 203, 13, 15, 172, 216, 32, 221,
       36, 87, 41, 246, 14, 128, 208, 180, 191, 143, 137, 120, 227, 105,
       148, 117, 82, 243, 93, 117, 148, 36, 104, 196, 24, 65, 199, 18,
       211, 168, 144, 104, 232, 40, 116, 61, 56, 167, 117, 244, 119, 107,
       25, 168, 56, 12, 211, 93, 154, 28, 19, 194, 115, 181, 75, 211,
       105, 250, 190, 233, 239, 221, 54, 93, 221, 255, 157, 223, 253,
       250, 219, 158, 254, 238, 137, 213, 124, 127, 6, 125, 230, 115, 45,
       215, 179, 51, 87, 251, 54, 187, 214, 36, 189, 219, 94, 125, 251,
       181, 114, 255, 245, 125, 151, 150, 245, 126, 159, 173, 31, 133,
       219, 29, 190, 92, 208, 242, 59, 255, 93, 93, 32, 190, 133, 1, 231,
       213, 188, 69, 217, 250, 148, 229, 215, 87, 203, 249, 146, 0, 168,
       84, 102, 99, 78, 172, 230, 98, 14, 187, 151, 50, 208, 10, 18, 95,
       87, 52, 20, 186, 86, 120, 235, 84, 80, 120, 185, 14, 201, 0, 249,
       111, 25, 172, 25, 1, 208, 26, 156, 73, 16, 114, 51, 185, 72, 23,
       32, 250, 51, 221, 200, 142, 47, 140, 221, 11, 63, 69, 61, 202,
       191, 127, 116, 92, 245, 247, 36, 243, 198, 38, 211, 99, 125, 215,
       177, 63, 114, 187, 85, 105, 151, 44, 83, 154, 210, 88, 234, 124,
       112, 223, 56, 105, 213, 20, 245, 111, 153, 172, 24, 5, 240, 5,
       156, 73, 16, 242, 50, 189, 88, 87, 32, 250, 255, 116, 117, 166,
       223, 38, 27, 216, 246, 125, 240, 115, 239, 11, 180, 117, 242, 245,
       31, 112, 249, 130, 185, 124, 46, 168, 108, 11, 218, 89, 113, 255,
       113, 173, 28, 255, 118, 113, 37, 245, 219, 198, 90, 158, 192, 3,
       200, 85, 136, 53, 90, 4, 232, 190, 142, 65, 144, 176, 35, 156,
       222, 22, 34, 189, 162, 224, 203, 151, 155, 64, 149, 136, 70, 225,
       45, 250, 179, 226, 162, 120, 107, 20, 36, 3, 72, 132, 230, 96, 14,
       215, 145, 43, 147, 170, 19, 123, 183, 36, 84, 186, 82, 88, 235,
       246, 112, 89, 44, 41, 144, 20, 245, 45, 153, 172, 24, 5, 240, 25,
       156, 73, 16, 114, 48, 61, 88, 85, 32, 250, 5, 14, 245, 136, 40,
       221, 161, 118, 57, 252, 74, 5, 81, 53, 155, 160, 139, 72, 227, 42,
       244, 33, 78, 243, 89, 105, 4, 132, 108, 198, 59, 207, 221, 0, 81,
       168, 20, 242, 233, 44, 116, 52, 58, 167, 101, 160, 119, 107, 185,
       172, 45, 1, 240, 29, 156, 72, 6, 194, 3, 173, 74, 71, 33, 250, 6,
       50, 97, 32, 220, 164, 6, 81, 230, 34, 0, 18, 193, 3, 145, 17, 226,
       197, 3, 96, 201, 34, 25, 84, 76, 156, 189, 43, 210, 14, 33, 114,
       209, 36, 87, 186, 82, 56, 41, 116, 112, 84, 16, 143, 85, 80, 180,
       77, 152, 172, 24, 1, 240, 29, 156, 73, 16, 242, 51, 188, 88, 87,
       32, 248, 63, 254, 253, 239, 191, 253, 255, 120, 255, 255, 254,
       255, 253, 127, 253, 253, 255, 247, 99, 123, 245, 103, 219, 127,
       237, 255, 245, 255, 126, 95, 247, 239, 223, 236, 93, 190, 246,
       251, 249, 119, 253, 92, 123, 47, 213, 55, 247, 111, 185, 172, 24,
       5, 240, 29, 157, 73, 16, 242, 183, 189, 218, 95, 32, 254, 22, 54,
       81, 1, 220, 128, 134, 73, 234, 33, 131, 116, 228, 7, 128, 17, 234,
       197, 3, 96, 193, 35, 195, 116, 76, 216, 188, 47, 82, 12, 33, 106,
       215, 36, 85, 186, 82, 56, 169, 84, 112, 92, 24, 175, 213, 20, 245,
       79, 153, 172, 24, 1, 240, 29, 156, 73, 16, 242, 51, 189, 88, 87,
       32, 250, 63, 187, 255, 254, 63, 253, 253, 126, 255, 254, 254, 249,
       255, 123, 253, 223, 255, 247, 227, 251, 245, 127, 211, 255, 253,
       255, 247, 255, 126, 223, 247, 235, 223, 108, 215, 190, 255, 120,
       249, 125, 120, 93, 251, 47, 213, 181, 247, 111, 187, 174, 152, 13,
       240, 29, 158, 93, 54, 242, 119, 191, 251, 223, 44, 250, 124, 249,
       255, 254, 54, 127, 253, 126, 247, 254, 253, 249, 127, 250, 190,
       94, 255, 223, 123, 111, 247, 127, 193, 247, 253, 255, 247, 255,
       123, 253, 246, 235, 223, 44, 85, 190, 223, 120, 249, 125, 122,
       223, 189, 47, 247, 53, 247, 111, 159, 174, 24, 7, 240, 29, 156,
       77, 16, 242, 123, 191, 121, 87, 34, 251, 35, 22, 0, 2, 221, 128,
       7, 8, 102, 1, 1, 98, 160, 11, 128, 21, 98, 87, 4, 16, 192, 34,
       137, 100, 68, 144, 41, 45, 146, 8, 1, 9, 20, 36, 84, 154, 66, 88,
       1, 86, 0, 64, 8, 9, 64, 16, 212, 5, 16, 36, 16, 4, 32, 24, 140,
       75, 16, 50, 50, 188, 88, 87, 32, 120, 149, 218, 85, 225, 249, 248,
       163, 120, 56, 61, 198, 127, 206, 57, 204, 161, 106, 205, 173, 41,
       228, 69, 138, 249, 105, 253, 25, 246, 124, 3, 35, 79, 223, 195,
       221, 48, 117, 251, 253, 54, 245, 20, 106, 23, 81, 131, 126, 241,
       136, 213, 61, 36, 244, 165, 142, 109, 46, 220, 182, 141, 208, 87,
       36, 223, 90, 241, 155, 254, 55, 51, 88, 174, 82, 170, 117, 184,
       50, 194, 39, 90, 46, 214, 48, 223, 6, 189, 229, 11, 173, 131, 226,
       73, 83, 105, 180, 104, 243, 182, 180, 251, 127, 109, 210, 113,
       178, 235, 245, 104, 178, 21, 193, 110, 223, 170, 59, 199, 104, 25,
       116, 72, 209, 179, 59, 219, 29, 56, 211, 247, 124, 54, 231, 241,
