%YAML:1.0
descriptors: !!opencv-matrix
   rows: 51
   cols: 64
   dt: u
   data: [ 62, 185, 255, 254, 55, 255, 253, 127, 247, 252, 214, 245, 127,
       126, 188, 94, 255, 254, 227, 251, 245, 127, 211, 247, 221, 255,
       247, 255, 122, 223, 245, 235, 223, 44, 87, 190, 255, 120, 249,
       125, 120, 93, 255, 47, 213, 53, 247, 111, 185, 174, 24, 5, 242,
       29, 156, 77, 22, 242, 119, 191, 123, 95, 32, 250, 63, 182, 125,
       239, 190, 253, 191, 121, 255, 255, 214, 253, 253, 127, 249, 85,
       255, 255, 67, 107, 245, 115, 219, 253, 237, 255, 245, 255, 126,
       95, 247, 255, 215, 108, 215, 190, 223, 120, 233, 119, 120, 92,
       123, 47, 213, 53, 247, 111, 185, 172, 24, 5, 240, 29, 156, 73, 16,
       242, 51, 189, 218, 87, 32, 254, 126, 240, 125, 174, 255, 175, 95,
       105, 247, 101, 253, 248, 253, 106, 244, 84, 251, 215, 87, 113,
       243, 51, 145, 127, 252, 255, 237, 63, 83, 187, 253, 239, 199, 44,
       22, 158, 194, 121, 169, 127, 122, 219, 117, 47, 213, 28, 244, 79,
       157, 164, 144, 13, 104, 29, 156, 89, 24, 242, 51, 185, 120, 95,
       42, 251, 64, 11, 147, 246, 73, 130, 108, 75, 0, 232, 67, 67, 131,
       193, 128, 26, 98, 93, 33, 103, 198, 45, 192, 115, 78, 218, 162,
       15, 82, 32, 32, 79, 87, 39, 116, 187, 17, 124, 243, 68, 64, 104,
       184, 107, 233, 28, 245, 239, 217, 164, 24, 21, 240, 28, 156, 73,
       1, 250, 51, 191, 88, 87, 33, 250, 5, 2, 17, 161, 201, 160, 163,
       72, 40, 63, 2, 71, 128, 77, 129, 17, 102, 237, 129, 32, 200, 33,
       10, 120, 70, 216, 40, 102, 148, 1, 33, 79, 85, 128, 93, 49, 48,
       240, 45, 102, 101, 68, 10, 14, 69, 0, 216, 81, 152, 12, 24, 36,
       244, 29, 140, 105, 16, 218, 179, 172, 192, 87, 32, 240, 194, 201,
       138, 223, 80, 66, 222, 199, 13, 225, 61, 158, 147, 198, 151, 234,
       171, 85, 60, 111, 14, 173, 230, 35, 79, 223, 187, 47, 211, 42, 50,
       59, 243, 39, 53, 251, 82, 125, 255, 118, 114, 122, 184, 123, 159,
       28, 125, 182, 221, 172, 122, 149, 209, 126, 180, 234, 209, 252,
       49, 127, 92, 117, 19, 251, 82, 1, 147, 246, 32, 2, 120, 78, 2,
       128, 5, 128, 19, 224, 16, 26, 46, 215, 32, 103, 14, 173, 224, 3,
       14, 138, 162, 76, 66, 160, 52, 41, 146, 55, 48, 186, 2, 108, 210,
       212, 16, 104, 177, 106, 171, 28, 193, 110, 217, 168, 48, 215, 112,
       24, 180, 73, 17, 242, 49, 219, 88, 116, 129, 251, 70, 2, 147, 129,
       200, 128, 138, 68, 10, 235, 2, 77, 128, 65, 147, 17, 230, 213, 9,
       34, 200, 33, 206, 105, 76, 200, 170, 111, 18, 9, 49, 111, 119,
       165, 93, 59, 80, 251, 237, 118, 192, 68, 8, 14, 195, 28, 201, 51,
       153, 172, 24, 37, 244, 29, 156, 107, 16, 122, 51, 189, 88, 87, 48,
       246, 44, 34, 101, 160, 254, 189, 35, 112, 244, 92, 198, 55, 221,
       59, 185, 69, 226, 213, 67, 96, 241, 34, 129, 116, 76, 168, 172, 9,
       218, 12, 49, 233, 244, 36, 85, 186, 82, 122, 129, 116, 248, 84,
       24, 14, 208, 134, 192, 77, 153, 172, 24, 5, 240, 29, 157, 73, 16,
       242, 51, 188, 88, 86, 32, 248, 133, 235, 220, 88, 48, 26, 188,
       194, 33, 150, 41, 250, 196, 51, 207, 106, 129, 171, 160, 239, 5,
       228, 64, 210, 201, 87, 181, 249, 45, 174, 162, 1, 214, 16, 69,
       162, 17, 24, 233, 124, 118, 30, 56, 53, 183, 208, 247, 110, 153,
       172, 40, 83, 240, 93, 154, 76, 22, 211, 19, 165, 88, 115, 97, 235,
       84, 35, 147, 213, 192, 66, 106, 197, 2, 162, 3, 20, 16, 198, 139,
       50, 102, 2, 128, 70, 14, 169, 70, 2, 158, 130, 162, 73, 130, 168,
       160, 26, 98, 23, 69, 187, 16, 38, 67, 68, 128, 96, 148, 66, 102,
       12, 137, 30, 25, 44, 112, 113, 50, 26, 20, 67, 129, 104, 1, 49,
       12, 36, 161, 96, 135, 4, 0, 7, 201, 128, 134, 128, 0, 1, 10, 71,
       130, 70, 2, 33, 96, 67, 5, 196, 73, 41, 162, 64, 2, 222, 152, 35,
       144, 10, 3, 4, 85, 37, 84, 178, 17, 0, 9, 196, 65, 80, 24, 10,
       201, 20, 188, 69, 9, 164, 88, 5, 240, 26, 156, 73, 16, 50, 51,
       176, 8, 71, 32, 232, 68, 35, 130, 16, 64, 2, 10, 199, 2, 170, 3,
       20, 0, 194, 131, 2, 0, 73, 0, 70, 11, 133, 68, 131, 10, 0, 170,
       77, 128, 8, 32, 82, 115, 20, 85, 171, 16, 54, 7, 68, 128, 96, 16,
       10, 66, 12, 129, 206, 25, 44, 24, 1, 49, 88, 20, 75, 128, 106, 17,
       148, 76, 68, 32, 225, 67, 4, 128, 34, 201, 128, 6, 12, 0, 41, 0,
       1, 128, 139, 0, 19, 98, 68, 129, 0, 200, 139, 138, 41, 6, 136, 40,
       7, 18, 9, 33, 71, 17, 163, 60, 49, 49, 164, 37, 198, 65, 66, 74,
       10, 74, 16, 72, 209, 64, 68, 88, 36, 37, 146, 172, 168, 144, 32,
       167, 148, 140, 70, 48, 37, 7, 2, 65, 0, 217, 128, 135, 72, 160, 1,
       0, 98, 128, 43, 128, 1, 66, 117, 1, 96, 192, 34, 138, 96, 68, 144,
       9, 37, 18, 8, 1, 9, 215, 36, 84, 154, 0, 120, 41, 20, 100, 80, 24,
       11, 85, 16, 244, 69, 16, 44, 24, 4, 240, 25, 140, 9, 16, 98, 50,
       188, 72, 87, 32, 250, 210, 1, 147, 150, 16, 66, 9, 206, 2, 192, 3,
       20, 19, 134, 147, 114, 107, 214, 0, 103, 10, 169, 228, 35, 13,
       139, 178, 9, 18, 8, 18, 41, 114, 36, 117, 186, 82, 120, 195, 212,
       16, 64, 56, 46, 139, 28, 193, 110, 153, 172, 88, 5, 112, 26, 148,
       73, 144, 114, 49, 189, 88, 86, 32, 250, 35, 7, 65, 146, 21, 128,
       13, 78, 66, 106, 1, 16, 32, 203, 128, 19, 98, 212, 5, 97, 192, 32,
       224, 35, 76, 138, 162, 9, 18, 8, 49, 105, 82, 36, 84, 186, 66,
       120, 1, 212, 64, 66, 24, 14, 208, 20, 193, 78, 153, 172, 24, 5,
       96, 24, 156, 73, 16, 242, 51, 188, 88, 86, 32, 249, 5, 6, 64, 0,
       200, 128, 34, 64, 32, 6, 2, 4, 0, 33, 128, 1, 194, 76, 1, 96, 192,
       32, 128, 112, 76, 136, 8, 9, 144, 12, 33, 73, 80, 36, 84, 186, 0,
       114, 1, 212, 132, 64, 24, 14, 64, 0, 192, 77, 25, 36, 24, 4, 96,
       28, 140, 9, 16, 98, 51, 188, 72, 86, 32, 240, 1, 6, 0, 32, 9, 48,
       36, 95, 32, 58, 138, 5, 0, 5, 9, 1, 137, 76, 129, 96, 192, 0, 136,
       49, 76, 136, 0, 0, 80, 0, 33, 72, 81, 32, 81, 168, 80, 98, 1, 32,
       64, 116, 24, 14, 68, 4, 68, 200, 24, 44, 24, 4, 208, 29, 140, 8,
       16, 224, 35, 188, 72, 86, 32, 248, 1, 134, 4, 0, 140, 152, 132,
       16, 48, 62, 2, 65, 136, 61, 41, 1, 0, 108, 129, 32, 192, 96, 26,
       104, 64, 20, 1, 34, 60, 3, 1, 71, 213, 224, 217, 32, 112, 168, 40,
       34, 101, 52, 10, 143, 84, 192, 116, 65, 16, 88, 24, 4, 148, 13,
       142, 8, 18, 66, 50, 180, 192, 87, 32, 250, 3, 198, 4, 137, 142,
       157, 132, 17, 44, 118, 42, 64, 152, 61, 121, 133, 4, 112, 0, 160,
       192, 112, 24, 104, 73, 20, 5, 34, 52, 19, 17, 87, 213, 240, 219,
       0, 90, 202, 168, 34, 229, 53, 104, 45, 20, 134, 244, 65, 16, 217,
       24, 4, 150, 1, 139, 8, 19, 66, 178, 52, 192, 91, 36, 254, 76, 9,
       171, 148, 2, 71, 120, 119, 4, 134, 215, 148, 83, 132, 19, 66, 136,
       88, 99, 103, 2, 149, 228, 147, 13, 10, 132, 128, 64, 132, 52, 136,
       114, 52, 37, 170, 26, 106, 192, 84, 144, 120, 181, 46, 242, 52,
       131, 110, 27, 168, 25, 135, 240, 29, 20, 72, 0, 226, 51, 249, 73,
       22, 32, 250, 10, 0, 0, 178, 9, 160, 34, 68, 4, 106, 64, 1, 32, 0,
       33, 19, 98, 84, 1, 64, 200, 160, 201, 48, 12, 136, 160, 9, 82, 0,
       49, 107, 113, 36, 20, 186, 115, 96, 1, 116, 96, 64, 24, 10, 80,
       20, 194, 77, 153, 44, 24, 5, 240, 28, 156, 73, 16, 242, 51, 188,
       88, 86, 32, 241, 5, 134, 65, 131, 221, 144, 131, 216, 188, 121, 2,
       111, 129, 27, 225, 5, 66, 117, 141, 32, 200, 7, 154, 120, 102,
       212, 25, 39, 158, 11, 3, 95, 87, 225, 223, 17, 112, 251, 45, 38,
       197, 84, 74, 142, 65, 0, 248, 17, 24, 93, 24, 37, 213, 165, 140,
       107, 16, 72, 182, 172, 192, 95, 36, 126, 50, 17, 48, 150, 28, 132,
       153, 67, 134, 228, 19, 86, 133, 72, 144, 84, 246, 215, 4, 99, 194,
       38, 192, 99, 76, 154, 164, 75, 82, 8, 113, 107, 215, 36, 84, 186,
       82, 120, 193, 86, 208, 88, 16, 14, 208, 20, 193, 79, 153, 172, 24,
       5, 112, 29, 156, 73, 16, 242, 51, 189, 88, 87, 32, 251, 61, 61,
       255, 246, 62, 247, 253, 126, 244, 252, 255, 247, 255, 255, 179,
       119, 243, 253, 99, 99, 245, 47, 195, 247, 205, 238, 230, 191, 122,
