%YAML:1.0
descriptors: !!opencv-matrix
   rows: 94
   cols: 64
   dt: u
   data: [ 175, 222, 124, 99, 255, 253, 191, 153, 191, 255, 175, 234,
       175, 127, 252, 85, 159, 255, 110, 251, 253, 119, 19, 124, 117,
       247, 253, 127, 254, 127, 247, 179, 223, 220, 223, 174, 243, 57,
       232, 123, 124, 92, 122, 189, 245, 113, 246, 63, 185, 255, 24, 47,
       244, 157, 222, 121, 50, 247, 183, 189, 250, 219, 108, 250, 60,
       253, 255, 254, 55, 255, 253, 127, 253, 252, 223, 253, 127, 190,
       253, 206, 187, 253, 227, 123, 183, 127, 211, 255, 253, 255, 247,
       191, 127, 255, 119, 239, 223, 126, 103, 190, 215, 248, 251, 125,
       124, 253, 255, 111, 183, 53, 119, 111, 191, 170, 185, 207, 242,
       29, 188, 92, 61, 243, 255, 255, 251, 255, 169, 254, 90, 185, 155,
       254, 39, 115, 252, 174, 87, 154, 213, 185, 115, 214, 63, 218, 255,
       155, 121, 223, 199, 61, 231, 19, 207, 203, 242, 237, 67, 228, 182,
       234, 215, 38, 87, 186, 127, 124, 235, 116, 112, 125, 181, 111,
       221, 21, 183, 110, 157, 174, 24, 199, 240, 29, 156, 81, 23, 243,
       55, 191, 89, 119, 161, 250, 60, 253, 255, 222, 55, 255, 253, 127,
       255, 252, 223, 253, 127, 190, 255, 206, 255, 255, 227, 123, 183,
       127, 211, 255, 249, 127, 247, 254, 125, 223, 255, 239, 223, 126,
       103, 190, 215, 124, 251, 125, 124, 253, 255, 47, 191, 181, 119,
       111, 191, 170, 185, 207, 242, 29, 190, 92, 61, 243, 255, 255, 251,
       255, 173, 254, 222, 169, 155, 254, 99, 115, 124, 238, 85, 186,
       221, 185, 115, 214, 191, 218, 255, 155, 121, 223, 79, 189, 231,
       147, 207, 203, 242, 237, 67, 228, 182, 234, 223, 55, 87, 251, 95,
       124, 233, 116, 120, 125, 181, 111, 255, 21, 183, 110, 157, 174,
       26, 199, 240, 29, 156, 65, 17, 243, 51, 189, 89, 119, 161, 250,
       187, 254, 108, 111, 255, 189, 223, 24, 255, 95, 253, 251, 175,
       123, 124, 93, 189, 247, 254, 187, 253, 118, 147, 124, 245, 255,
       247, 247, 127, 127, 247, 191, 159, 248, 223, 116, 255, 57, 248,
       61, 127, 223, 235, 253, 245, 241, 255, 127, 190, 223, 152, 47,
       252, 165, 223, 117, 62, 215, 246, 191, 243, 219, 172, 222, 7, 178,
       67, 163, 221, 160, 171, 200, 248, 59, 2, 127, 161, 67, 129, 81,
       98, 213, 129, 98, 197, 45, 138, 121, 78, 154, 50, 39, 214, 9, 33,
       95, 119, 166, 93, 187, 112, 250, 109, 54, 193, 68, 10, 14, 65, 4,
       217, 83, 152, 60, 24, 5, 244, 148, 156, 105, 16, 242, 51, 189, 88,
       71, 32, 180, 126, 182, 255, 175, 254, 181, 187, 253, 252, 255,
       210, 255, 253, 62, 187, 84, 250, 221, 123, 99, 253, 55, 203, 124,
       221, 232, 188, 191, 94, 93, 119, 239, 215, 44, 85, 191, 87, 121,
       233, 116, 120, 92, 122, 46, 213, 21, 255, 125, 153, 172, 24, 5,
       240, 29, 156, 73, 16, 242, 51, 189, 90, 87, 32, 254, 63, 178, 127,
       175, 255, 245, 187, 248, 253, 255, 210, 255, 253, 63, 187, 85,
       255, 255, 75, 107, 253, 103, 207, 124, 237, 254, 252, 255, 94, 87,
       247, 255, 215, 44, 95, 190, 119, 123, 233, 116, 120, 92, 122, 46,
       213, 21, 243, 127, 153, 172, 24, 5, 240, 29, 156, 73, 16, 242, 51,
       189, 90, 87, 32, 250, 44, 174, 239, 168, 63, 253, 181, 127, 189,
       254, 222, 253, 253, 62, 189, 206, 203, 252, 227, 105, 245, 87,
       218, 251, 125, 125, 17, 183, 125, 223, 55, 239, 223, 96, 119, 186,
       119, 120, 233, 60, 124, 93, 126, 47, 215, 181, 119, 107, 185, 172,
       152, 13, 242, 29, 156, 92, 54, 242, 55, 253, 219, 223, 40, 254,
       252, 57, 247, 215, 94, 7, 209, 255, 254, 228, 214, 55, 255, 254,
       187, 78, 242, 213, 123, 103, 255, 143, 194, 119, 95, 234, 182, 15,
       114, 152, 114, 235, 215, 39, 85, 186, 82, 126, 253, 124, 240, 93,
       184, 46, 221, 28, 225, 239, 157, 172, 24, 133, 240, 29, 156, 73,
       16, 242, 51, 189, 88, 87, 32, 250, 84, 33, 211, 149, 48, 128, 121,
       104, 130, 165, 195, 22, 195, 193, 144, 82, 162, 205, 2, 99, 142,
       173, 194, 219, 141, 138, 166, 207, 64, 44, 49, 111, 115, 52, 52,
       186, 18, 120, 193, 214, 80, 72, 185, 46, 226, 4, 193, 111, 153,
       172, 56, 7, 112, 28, 156, 73, 16, 242, 51, 185, 88, 22, 33, 250,
       13, 174, 239, 169, 54, 125, 161, 254, 189, 222, 198, 247, 89, 63,
       187, 229, 201, 252, 99, 107, 245, 71, 222, 112, 77, 249, 28, 161,
       124, 94, 51, 203, 213, 32, 85, 186, 83, 122, 233, 116, 124, 92,
       58, 46, 85, 149, 119, 109, 153, 172, 24, 5, 240, 29, 156, 73, 16,
       242, 51, 189, 88, 87, 32, 250, 174, 168, 239, 168, 55, 125, 177,
       255, 253, 222, 214, 246, 251, 62, 191, 206, 203, 220, 99, 97, 117,
       87, 194, 118, 93, 253, 149, 161, 122, 222, 50, 235, 215, 36, 85,
       186, 82, 120, 233, 116, 120, 93, 56, 47, 213, 21, 245, 109, 153,
       172, 24, 5, 240, 29, 156, 73, 16, 242, 51, 189, 88, 87, 32, 250,
       175, 33, 237, 134, 55, 117, 21, 126, 245, 196, 213, 246, 255, 190,
       178, 70, 235, 245, 99, 117, 113, 87, 195, 119, 77, 255, 149, 57,
       114, 30, 54, 169, 215, 44, 85, 186, 82, 120, 233, 124, 112, 93,
       60, 47, 213, 20, 245, 110, 153, 172, 24, 5, 240, 29, 156, 73, 16,
       242, 51, 189, 88, 87, 32, 250, 190, 49, 253, 158, 55, 31, 29, 122,
       247, 196, 149, 178, 255, 186, 182, 94, 251, 213, 98, 117, 1, 167,
       195, 119, 205, 223, 245, 57, 82, 156, 118, 41, 214, 44, 85, 190,
       90, 120, 201, 116, 112, 93, 57, 47, 213, 20, 245, 110, 153, 172,
       24, 5, 240, 29, 156, 73, 16, 242, 51, 189, 88, 87, 32, 250, 61,
       181, 125, 142, 55, 149, 159, 121, 246, 214, 149, 240, 253, 59,
       180, 86, 242, 213, 66, 99, 209, 114, 195, 119, 205, 178, 228, 31,
       114, 28, 213, 105, 215, 36, 85, 190, 82, 120, 233, 116, 112, 93,
       56, 47, 213, 52, 245, 111, 153, 172, 24, 5, 240, 29, 156, 73, 16,
       242, 51, 189, 88, 87, 32, 250, 54, 177, 93, 150, 55, 157, 31, 41,
       198, 68, 21, 242, 189, 122, 180, 86, 242, 215, 64, 97, 195, 54,
       193, 119, 220, 146, 228, 31, 114, 152, 213, 105, 215, 36, 85, 190,
       66, 120, 233, 124, 112, 89, 57, 47, 212, 20, 245, 111, 153, 172,
       25, 5, 240, 29, 156, 73, 16, 242, 51, 189, 88, 87, 32, 250, 59,
       253, 255, 222, 55, 221, 221, 63, 255, 221, 189, 249, 255, 127,
       188, 222, 255, 246, 98, 59, 246, 127, 211, 247, 253, 247, 247,
       127, 127, 251, 222, 235, 223, 110, 215, 190, 222, 120, 251, 125,
       112, 93, 255, 239, 181, 52, 245, 111, 187, 174, 153, 79, 240, 29,
       156, 93, 57, 242, 118, 255, 123, 223, 173, 250, 187, 251, 255,
       247, 63, 255, 249, 250, 253, 253, 214, 255, 175, 255, 251, 253,
       251, 215, 255, 123, 244, 111, 239, 127, 111, 255, 115, 191, 127,
       91, 118, 255, 223, 103, 253, 246, 247, 127, 249, 117, 253, 93,
       251, 126, 223, 135, 253, 239, 237, 189, 29, 149, 248, 191, 159,
       77, 112, 246, 247, 255, 219, 95, 165, 254, 5, 50, 81, 164, 216,
       160, 169, 72, 128, 76, 194, 53, 193, 79, 129, 81, 226, 204, 129,
       96, 64, 40, 130, 112, 78, 136, 32, 73, 210, 8, 49, 45, 116, 36,
       93, 186, 16, 112, 1, 84, 1, 64, 24, 14, 64, 0, 200, 84, 136, 36,
       88, 4, 96, 30, 140, 73, 144, 240, 35, 156, 76, 7, 32, 176, 63,
       182, 109, 138, 63, 189, 151, 125, 247, 222, 214, 240, 253, 59,
       189, 85, 250, 245, 67, 112, 241, 115, 211, 118, 93, 184, 180, 63,
       122, 92, 113, 107, 215, 44, 85, 190, 90, 120, 233, 124, 116, 92,
       56, 47, 213, 20, 245, 111, 153, 172, 24, 5, 240, 29, 156, 73, 16,
       242, 51, 189, 90, 87, 40, 250, 5, 174, 227, 161, 216, 230, 163,
       218, 56, 125, 130, 119, 195, 91, 203, 65, 202, 109, 169, 98, 197,
       5, 138, 121, 78, 216, 25, 39, 222, 11, 35, 95, 87, 167, 93, 187,
       112, 250, 237, 54, 229, 84, 26, 142, 69, 0, 241, 227, 152, 44, 24,
       5, 241, 29, 140, 73, 16, 248, 51, 173, 72, 87, 32, 250, 125, 62,
       247, 253, 248, 255, 59, 244, 57, 253, 207, 29, 223, 253, 251, 255,
       255, 253, 123, 110, 252, 141, 206, 185, 207, 233, 188, 255, 249,
       5, 123, 255, 241, 37, 85, 187, 82, 247, 229, 126, 244, 92, 24, 30,
       237, 142, 203, 53, 157, 172, 92, 37, 240, 31, 157, 73, 16, 254,
