%YAML:1.0
descriptors: !!opencv-matrix
   rows: 101
   cols: 64
   dt: u
   data: [ 47, 180, 253, 254, 63, 253, 253, 95, 247, 254, 133, 237, 253,
       126, 189, 95, 255, 255, 99, 243, 245, 119, 83, 119, 213, 255, 229,
       255, 122, 255, 245, 227, 223, 44, 87, 190, 251, 120, 233, 125,
       120, 93, 122, 47, 213, 117, 247, 111, 185, 174, 152, 13, 240, 29,
       156, 89, 48, 242, 55, 189, 122, 215, 40, 250, 62, 253, 255, 255,
       63, 253, 221, 127, 255, 255, 214, 249, 255, 126, 253, 222, 255,
       247, 115, 251, 245, 127, 211, 255, 253, 127, 247, 255, 127, 223,
       247, 239, 207, 108, 87, 190, 254, 121, 249, 125, 120, 93, 255,
       175, 213, 53, 247, 111, 187, 174, 153, 15, 240, 29, 156, 93, 54,
       243, 127, 191, 251, 223, 40, 254, 255, 247, 125, 255, 255, 191,
       223, 25, 255, 127, 189, 250, 191, 123, 244, 93, 246, 247, 126,
       119, 255, 127, 147, 127, 254, 254, 247, 127, 126, 59, 245, 235,
       215, 109, 214, 191, 218, 121, 249, 119, 118, 94, 57, 175, 213, 28,
       245, 111, 157, 173, 24, 13, 240, 61, 158, 73, 24, 246, 115, 191,
       90, 215, 40, 251, 124, 190, 255, 253, 254, 255, 251, 255, 253,
       255, 222, 189, 255, 254, 187, 238, 251, 221, 251, 107, 253, 95,
       222, 191, 95, 235, 190, 191, 127, 221, 127, 239, 207, 37, 85, 191,
       214, 255, 253, 126, 120, 93, 251, 62, 223, 181, 255, 123, 191,
       172, 159, 141, 242, 61, 156, 93, 112, 254, 123, 253, 219, 223, 40,
       254, 124, 62, 255, 189, 54, 117, 177, 255, 221, 252, 222, 181,
       125, 190, 251, 230, 251, 220, 67, 107, 125, 144, 230, 180, 93,
       169, 180, 137, 91, 222, 127, 251, 241, 36, 85, 186, 86, 122, 201,
       116, 248, 93, 56, 62, 212, 167, 193, 108, 153, 172, 30, 5, 240,
       29, 157, 73, 16, 242, 51, 188, 91, 86, 32, 250, 252, 63, 255, 189,
       54, 117, 185, 255, 253, 252, 254, 189, 125, 190, 251, 238, 251,
       220, 99, 107, 125, 145, 230, 182, 93, 237, 180, 185, 123, 222,
       126, 187, 241, 36, 117, 250, 86, 122, 201, 116, 250, 93, 61, 62,
       212, 183, 193, 108, 153, 172, 30, 5, 242, 29, 157, 73, 16, 242,
       59, 188, 91, 86, 34, 250, 190, 244, 117, 167, 255, 237, 159, 189,
       222, 125, 221, 127, 253, 94, 246, 245, 251, 247, 94, 112, 249, 43,
       183, 124, 190, 253, 253, 123, 255, 251, 247, 255, 197, 109, 31,
       254, 254, 113, 233, 125, 121, 221, 87, 191, 197, 53, 252, 93, 173,
       182, 219, 13, 248, 158, 156, 65, 48, 242, 59, 189, 250, 15, 36,
       252, 190, 240, 117, 239, 255, 237, 223, 184, 255, 29, 253, 121,
       253, 127, 220, 244, 255, 214, 94, 240, 245, 42, 167, 252, 236,
       253, 253, 251, 255, 255, 255, 255, 221, 109, 93, 254, 222, 115,
       169, 245, 123, 223, 91, 31, 213, 183, 252, 93, 173, 183, 223, 15,
       248, 158, 159, 73, 116, 246, 191, 188, 250, 79, 38, 221, 186, 241,
       125, 246, 255, 173, 219, 57, 222, 125, 213, 127, 253, 90, 244,
       116, 246, 214, 86, 242, 247, 58, 129, 126, 172, 170, 230, 91, 254,
       249, 253, 254, 111, 236, 156, 254, 254, 115, 219, 245, 219, 207,
       215, 78, 224, 39, 201, 95, 175, 183, 155, 15, 234, 148, 159, 89,
       120, 179, 255, 219, 251, 31, 174, 189, 252, 57, 247, 253, 18, 103,
       121, 255, 212, 197, 253, 191, 119, 198, 179, 126, 235, 213, 51,
       103, 15, 173, 230, 55, 79, 207, 183, 41, 211, 14, 50, 57, 242, 39,
       117, 250, 82, 124, 193, 116, 114, 92, 56, 46, 221, 28, 193, 238,
       153, 172, 24, 5, 240, 31, 156, 73, 16, 242, 49, 189, 88, 86, 32,
       250, 191, 244, 125, 175, 255, 189, 223, 248, 255, 127, 253, 250,
       253, 122, 244, 125, 242, 247, 95, 113, 253, 242, 179, 124, 252,
       255, 233, 59, 255, 123, 127, 251, 243, 108, 158, 254, 210, 113,
       169, 255, 218, 223, 95, 31, 208, 23, 244, 93, 157, 173, 26, 5,
       248, 157, 159, 73, 48, 246, 51, 188, 222, 222, 42, 185, 58, 249,
       219, 246, 54, 177, 220, 35, 211, 187, 213, 248, 255, 210, 20, 90,
       246, 147, 118, 219, 135, 125, 195, 215, 169, 82, 231, 255, 66,
       253, 244, 234, 223, 60, 164, 182, 255, 125, 250, 117, 120, 223,
       245, 109, 179, 53, 183, 111, 251, 170, 137, 199, 248, 29, 120, 93,
       23, 243, 119, 251, 121, 251, 233, 239, 124, 43, 255, 248, 50, 119,
       241, 255, 213, 252, 222, 181, 95, 190, 187, 238, 251, 220, 227,
       107, 245, 85, 196, 183, 93, 235, 164, 133, 121, 221, 62, 235, 247,
       36, 117, 186, 86, 122, 233, 124, 248, 93, 120, 46, 213, 183, 67,
       238, 155, 172, 31, 5, 242, 29, 156, 77, 16, 242, 59, 253, 91, 87,
       34, 250, 191, 245, 125, 238, 63, 189, 223, 24, 247, 95, 253, 250,
       173, 123, 244, 85, 242, 247, 70, 115, 245, 114, 145, 118, 252,
       254, 229, 63, 126, 123, 245, 233, 214, 108, 150, 190, 218, 120,
       249, 253, 114, 222, 59, 175, 208, 16, 245, 79, 153, 189, 24, 13,
       248, 29, 158, 73, 56, 242, 115, 189, 90, 215, 44, 251, 191, 244,
       125, 239, 255, 189, 223, 24, 255, 127, 253, 250, 175, 123, 244,
       93, 242, 247, 127, 113, 245, 119, 147, 124, 236, 255, 253, 63,
       254, 123, 245, 239, 215, 108, 158, 222, 218, 121, 249, 247, 127,
       223, 123, 63, 213, 17, 244, 95, 157, 191, 24, 13, 248, 189, 159,
       77, 56, 246, 51, 159, 250, 223, 44, 251, 122, 49, 253, 215, 254,
       135, 95, 57, 214, 101, 213, 122, 255, 226, 148, 82, 246, 215, 82,
       247, 223, 61, 195, 215, 156, 202, 230, 255, 66, 189, 245, 168,
       199, 45, 4, 191, 222, 121, 243, 245, 80, 201, 181, 111, 241, 60,
       165, 47, 159, 174, 25, 71, 240, 28, 28, 73, 64, 243, 115, 251,
       120, 54, 160, 254, 125, 186, 255, 237, 254, 255, 251, 252, 253,
       253, 254, 253, 253, 126, 251, 252, 251, 253, 219, 107, 253, 115,
       206, 124, 109, 235, 172, 191, 127, 93, 127, 255, 247, 101, 93,
       255, 86, 251, 253, 127, 251, 93, 123, 62, 213, 167, 217, 119, 157,
       173, 30, 5, 242, 189, 159, 77, 80, 246, 59, 189, 219, 95, 34, 255,
       191, 254, 127, 231, 255, 253, 251, 252, 253, 253, 214, 253, 239,
       95, 249, 245, 251, 255, 223, 123, 245, 123, 255, 253, 189, 255,
       125, 191, 127, 95, 255, 255, 239, 237, 223, 255, 255, 251, 249,
       127, 221, 93, 235, 190, 209, 163, 219, 115, 190, 255, 159, 137,
       254, 181, 159, 85, 102, 246, 255, 223, 251, 159, 174, 222, 188,
       253, 255, 255, 55, 255, 249, 255, 255, 255, 255, 253, 255, 126,
       254, 254, 255, 255, 251, 123, 245, 127, 247, 247, 253, 255, 247,
       255, 127, 255, 255, 235, 223, 108, 87, 190, 255, 123, 249, 125,
       250, 93, 251, 47, 245, 55, 247, 111, 191, 174, 155, 15, 240, 29,
       157, 93, 52, 243, 119, 255, 251, 223, 40, 250, 59, 150, 252, 170,
       255, 183, 175, 12, 244, 126, 80, 115, 189, 47, 183, 85, 254, 255,
       161, 112, 225, 87, 219, 125, 220, 216, 252, 239, 90, 80, 241, 235,
       215, 40, 95, 181, 119, 120, 233, 124, 120, 92, 58, 47, 213, 21,
       247, 111, 185, 172, 24, 5, 240, 29, 156, 73, 22, 242, 55, 189, 90,
       87, 32, 250, 50, 50, 81, 163, 153, 128, 129, 72, 194, 104, 130,
       53, 229, 66, 137, 80, 226, 212, 1, 96, 192, 32, 138, 120, 76, 152,
       32, 11, 210, 11, 49, 127, 85, 164, 85, 186, 82, 242, 41, 86, 193,
       84, 8, 14, 64, 4, 192, 77, 153, 44, 24, 5, 240, 28, 156, 73, 16,
       114, 51, 188, 88, 7, 32, 252, 61, 190, 254, 229, 127, 179, 187,
       252, 252, 219, 214, 245, 237, 25, 171, 69, 254, 221, 251, 255,
       245, 119, 199, 247, 229, 106, 248, 246, 124, 84, 229, 235, 255,
       40, 213, 188, 95, 120, 233, 117, 248, 92, 59, 46, 213, 37, 211,
       111, 184, 190, 24, 5, 240, 61, 220, 73, 22, 242, 55, 189, 90, 87,
       36, 250, 71, 35, 209, 182, 89, 130, 11, 76, 2, 32, 3, 52, 161,
       203, 128, 83, 226, 213, 1, 98, 203, 45, 194, 115, 76, 138, 162,
       15, 82, 8, 49, 107, 87, 36, 84, 186, 66, 120, 193, 86, 16, 72, 24,
       14, 193, 28, 193, 79, 153, 172, 24, 5, 112, 28, 156, 73, 16, 242,
       51, 189, 88, 86, 32, 250, 126, 59, 243, 247, 254, 167, 219, 76,
       238, 239, 147, 255, 255, 234, 179, 87, 234, 213, 57, 99, 143, 45,
       194, 127, 77, 202, 178, 47, 82, 9, 49, 111, 87, 37, 117, 187, 82,
