%YAML:1.0
descriptors: !!opencv-matrix
   rows: 47
   cols: 64
   dt: u
   data: [ 60, 252, 253, 254, 62, 253, 253, 123, 255, 252, 214, 253, 253,
       126, 252, 221, 255, 254, 227, 123, 245, 126, 219, 255, 253, 255,
       231, 255, 127, 223, 253, 239, 223, 238, 215, 190, 255, 250, 249,
       127, 121, 221, 255, 47, 245, 53, 247, 111, 187, 254, 153, 79, 246,
       29, 156, 93, 54, 242, 247, 255, 251, 223, 173, 254, 254, 222, 106,
       231, 255, 189, 219, 137, 158, 255, 219, 127, 191, 94, 120, 117,
       244, 215, 30, 243, 253, 55, 155, 124, 61, 222, 255, 127, 214, 123,
       247, 255, 199, 173, 223, 223, 254, 123, 233, 247, 209, 93, 99,
       188, 213, 14, 188, 55, 159, 189, 24, 13, 254, 181, 157, 115, 80,
       246, 243, 189, 254, 95, 56, 190, 41, 182, 109, 238, 62, 189, 253,
       120, 253, 255, 212, 217, 253, 121, 188, 69, 171, 252, 227, 107,
       244, 118, 211, 255, 109, 191, 181, 178, 126, 87, 117, 239, 223,
       108, 215, 184, 255, 120, 233, 125, 120, 93, 123, 47, 212, 53, 247,
       111, 185, 172, 24, 5, 240, 29, 156, 73, 52, 242, 55, 189, 218,
       215, 32, 250, 254, 238, 127, 175, 234, 223, 183, 229, 255, 245,
       127, 223, 221, 63, 255, 254, 255, 251, 255, 237, 249, 211, 255,
       244, 253, 253, 157, 255, 239, 255, 223, 255, 133, 253, 99, 254,
       255, 219, 173, 126, 127, 157, 125, 183, 245, 254, 254, 109, 191,
       237, 239, 47, 255, 95, 187, 255, 126, 255, 59, 252, 251, 223, 126,
       254, 47, 54, 101, 163, 223, 180, 175, 88, 252, 127, 194, 115, 237,
       11, 161, 85, 226, 245, 3, 96, 233, 35, 139, 124, 76, 136, 168, 47,
       90, 13, 49, 239, 85, 36, 84, 186, 82, 120, 169, 118, 120, 84, 26,
       14, 209, 1, 208, 93, 153, 172, 24, 5, 240, 29, 156, 73, 16, 242,
       51, 188, 88, 87, 32, 248, 58, 185, 255, 222, 54, 221, 217, 127,
       215, 220, 215, 213, 125, 124, 57, 222, 255, 214, 98, 187, 212, 62,
       195, 247, 237, 187, 230, 90, 90, 223, 245, 235, 223, 44, 87, 190,
       222, 122, 233, 117, 112, 93, 183, 47, 212, 52, 245, 111, 153, 172,
       153, 7, 240, 29, 156, 89, 16, 242, 51, 189, 123, 95, 32, 250, 126,
       57, 243, 246, 50, 7, 89, 110, 214, 132, 213, 177, 119, 226, 146,
       90, 250, 213, 35, 103, 7, 173, 193, 55, 142, 202, 166, 13, 82,
       172, 116, 40, 214, 38, 52, 190, 82, 124, 195, 116, 80, 72, 181,
       111, 217, 20, 229, 110, 153, 172, 24, 5, 240, 28, 156, 73, 16,
       242, 51, 185, 88, 86, 33, 250, 26, 144, 221, 190, 47, 249, 253,
       56, 119, 252, 94, 213, 189, 127, 61, 80, 255, 222, 97, 243, 228,
       116, 195, 243, 233, 254, 225, 254, 122, 195, 245, 235, 223, 100,
       87, 178, 95, 120, 249, 124, 116, 93, 121, 47, 213, 21, 247, 111,
       153, 172, 24, 5, 240, 29, 156, 73, 24, 242, 51, 189, 88, 87, 32,
       250, 63, 182, 253, 239, 63, 253, 253, 125, 255, 253, 254, 249,
       253, 126, 188, 117, 255, 254, 99, 115, 245, 118, 211, 247, 253,
       255, 245, 255, 126, 95, 247, 239, 223, 44, 87, 190, 223, 120, 233,
       125, 120, 93, 123, 47, 213, 53, 247, 111, 185, 172, 24, 5, 240,
       29, 156, 73, 16, 242, 51, 189, 90, 87, 32, 250, 30, 185, 139, 252,
       55, 243, 252, 126, 21, 186, 213, 240, 83, 214, 181, 75, 233, 220,
       97, 219, 199, 61, 194, 211, 77, 223, 162, 207, 81, 76, 52, 235,
       223, 52, 85, 186, 91, 120, 233, 116, 112, 95, 52, 47, 213, 21,
       247, 111, 153, 172, 24, 5, 240, 29, 156, 73, 16, 242, 51, 189, 89,
       87, 32, 250, 58, 253, 254, 252, 55, 255, 253, 55, 255, 222, 223,
       253, 255, 124, 124, 255, 253, 187, 115, 251, 245, 119, 83, 247,
       241, 127, 247, 254, 109, 247, 255, 226, 207, 120, 203, 36, 255,
       89, 248, 121, 120, 157, 247, 175, 247, 117, 183, 111, 191, 250,
       139, 207, 246, 13, 218, 85, 63, 215, 255, 255, 243, 251, 204, 222,
       46, 166, 64, 163, 221, 240, 163, 217, 60, 251, 2, 127, 161, 15,
       233, 229, 234, 213, 133, 96, 193, 2, 142, 120, 108, 220, 57, 35,
       214, 11, 51, 95, 117, 164, 93, 186, 114, 243, 173, 54, 225, 84,
       74, 14, 69, 6, 216, 81, 136, 61, 24, 5, 244, 149, 141, 105, 16,
       240, 179, 172, 216, 87, 32, 180, 47, 178, 77, 163, 255, 176, 163,
       24, 252, 123, 82, 125, 173, 91, 233, 85, 226, 212, 133, 48, 225,
       34, 142, 125, 110, 152, 40, 39, 222, 73, 49, 127, 245, 228, 220,
       178, 119, 114, 169, 116, 209, 84, 90, 14, 208, 133, 208, 67, 152,
       189, 24, 5, 244, 21, 157, 73, 16, 242, 183, 156, 90, 87, 36, 253,
       28, 49, 253, 212, 50, 133, 121, 127, 214, 196, 215, 245, 87, 226,
       144, 82, 250, 212, 98, 107, 135, 44, 226, 51, 141, 138, 166, 89,
       82, 40, 52, 105, 215, 52, 116, 186, 82, 120, 211, 245, 208, 92,
       185, 47, 242, 20, 225, 110, 153, 172, 24, 7, 240, 29, 156, 73, 16,
       242, 51, 249, 88, 86, 33, 251, 61, 178, 253, 239, 63, 189, 191,
       124, 255, 255, 214, 249, 253, 127, 185, 85, 255, 255, 227, 123,
       245, 119, 211, 255, 237, 254, 244, 255, 126, 93, 245, 239, 223,
       108, 87, 190, 255, 120, 233, 125, 120, 92, 123, 47, 213, 53, 247,
       111, 185, 172, 24, 5, 240, 29, 156, 73, 22, 242, 55, 189, 218, 87,
       32, 250, 62, 188, 253, 254, 62, 253, 249, 125, 255, 254, 215, 253,
       253, 126, 189, 222, 254, 254, 99, 243, 245, 119, 211, 255, 253,
       186, 230, 255, 90, 221, 245, 235, 207, 44, 87, 190, 223, 122, 233,
       125, 248, 93, 121, 47, 213, 53, 247, 111, 153, 172, 24, 5, 240,
       29, 156, 73, 16, 242, 115, 189, 90, 87, 40, 250, 62, 157, 254,
       254, 63, 191, 252, 115, 55, 252, 84, 209, 159, 123, 180, 94, 246,
       223, 33, 107, 213, 45, 195, 115, 77, 218, 163, 127, 90, 93, 181,
       235, 215, 36, 85, 186, 83, 120, 249, 116, 112, 92, 56, 47, 213,
       20, 247, 111, 153, 172, 24, 5, 240, 29, 156, 73, 16, 242, 51, 189,
       88, 87, 32, 250, 60, 185, 255, 254, 54, 255, 253, 126, 247, 252,
       253, 241, 127, 123, 180, 94, 255, 223, 99, 107, 247, 127, 195,
       247, 253, 255, 247, 255, 123, 221, 245, 235, 223, 108, 87, 190,
       223, 120, 249, 125, 120, 95, 255, 47, 245, 53, 247, 111, 153, 172,
       24, 7, 240, 29, 156, 77, 24, 242, 115, 191, 123, 95, 32, 250, 61,
       255, 255, 254, 62, 189, 253, 123, 255, 252, 252, 251, 255, 127,
       252, 93, 255, 255, 99, 107, 245, 127, 211, 247, 253, 127, 247,
       255, 127, 223, 245, 239, 223, 108, 87, 190, 223, 120, 249, 125,
       122, 95, 251, 175, 213, 53, 247, 111, 185, 172, 24, 13, 240, 29,
       156, 73, 16, 242, 115, 191, 122, 87, 42, 251, 18, 17, 17, 134, 23,
       2, 24, 75, 198, 2, 17, 16, 49, 64, 48, 81, 246, 214, 0, 68, 64,
       162, 129, 38, 14, 128, 160, 9, 146, 8, 16, 40, 208, 36, 20, 186,
       66, 112, 1, 212, 16, 74, 16, 11, 208, 20, 192, 76, 153, 172, 16,
       5, 112, 24, 148, 73, 16, 114, 51, 188, 88, 86, 32, 249, 35, 38,
       97, 162, 157, 164, 33, 89, 228, 70, 129, 48, 225, 9, 145, 69, 226,
       212, 3, 96, 192, 34, 128, 116, 76, 136, 160, 9, 210, 8, 49, 73,
       80, 36, 84, 186, 66, 112, 1, 84, 0, 66, 24, 14, 64, 20, 192, 77,
       152, 44, 24, 4, 112, 28, 156, 73, 16, 242, 51, 188, 88, 86, 32,
       249, 68, 35, 193, 128, 80, 6, 35, 78, 128, 70, 3, 20, 65, 135,
       147, 66, 202, 69, 1, 100, 72, 129, 194, 32, 78, 136, 136, 13, 146,
       8, 48, 9, 84, 36, 85, 186, 0, 112, 5, 84, 0, 64, 24, 14, 69, 12,
       192, 204, 25, 44, 24, 4, 113, 24, 148, 73, 16, 96, 33, 188, 72, 6,
       32, 240, 69, 39, 195, 144, 80, 2, 33, 206, 128, 192, 3, 52, 1,
       131, 131, 66, 98, 84, 1, 100, 3, 129, 132, 35, 14, 136, 8, 13,
       146, 8, 48, 25, 112, 39, 84, 154, 0, 112, 5, 212, 128, 64, 24, 10,
       72, 12, 64, 204, 25, 44, 80, 4, 112, 26, 132, 73, 16, 96, 33, 156,
       72, 70, 32, 249, 226, 66, 1, 131, 205, 134, 3, 140, 6, 231, 33,
       136, 161, 138, 19, 23, 106, 215, 4, 101, 138, 129, 238, 40, 76,
       129, 168, 47, 147, 8, 17, 59, 241, 37, 84, 155, 66, 112, 39, 214,
       2, 66, 8, 10, 147, 28, 72, 20, 145, 44, 16, 5, 48, 24, 132, 75,
       144, 112, 32, 28, 92, 84, 34, 249, 199, 2, 0, 128, 217, 2, 7, 72,
