%YAML:1.0
descriptors: !!opencv-matrix
   rows: 45
   cols: 64
   dt: u
   data: [ 62, 157, 254, 254, 55, 255, 253, 127, 63, 252, 215, 249, 191,
       126, 188, 223, 255, 255, 225, 123, 245, 125, 211, 115, 125, 255,
       243, 127, 127, 255, 245, 235, 223, 36, 87, 186, 247, 120, 249,
       117, 112, 93, 255, 47, 245, 21, 247, 111, 153, 174, 152, 13, 242,
       29, 156, 77, 16, 242, 119, 191, 91, 95, 44, 250, 63, 254, 125,
       255, 63, 253, 253, 121, 255, 255, 253, 249, 253, 126, 252, 93,
       255, 255, 227, 251, 245, 118, 211, 255, 253, 255, 245, 255, 126,
       255, 247, 239, 223, 236, 215, 190, 255, 121, 249, 125, 120, 93,
       251, 47, 245, 53, 247, 111, 187, 174, 153, 15, 240, 29, 158, 93,
       54, 243, 247, 191, 251, 223, 44, 254, 109, 175, 247, 120, 80, 103,
       231, 127, 241, 252, 204, 181, 127, 255, 155, 78, 235, 77, 251,
       102, 247, 109, 218, 247, 95, 255, 150, 181, 104, 76, 50, 203, 223,
       39, 117, 187, 21, 124, 253, 124, 124, 124, 186, 231, 93, 57, 119,
       239, 157, 172, 56, 213, 241, 125, 156, 77, 92, 254, 115, 191, 90,
       103, 177, 250, 255, 244, 125, 190, 255, 183, 31, 121, 230, 111,
       249, 250, 253, 106, 180, 85, 242, 247, 127, 117, 249, 247, 147,
       124, 220, 254, 253, 63, 210, 25, 117, 235, 195, 44, 20, 191, 194,
       121, 161, 127, 114, 202, 61, 47, 213, 28, 245, 31, 157, 172, 24,
       5, 96, 29, 156, 73, 16, 242, 51, 189, 88, 87, 40, 250, 109, 39,
       231, 48, 93, 34, 39, 122, 164, 60, 194, 51, 227, 201, 131, 69,
       226, 125, 35, 102, 241, 47, 202, 119, 78, 250, 156, 135, 210, 12,
       33, 203, 95, 39, 84, 186, 80, 56, 101, 116, 120, 84, 26, 142, 193,
       97, 195, 207, 152, 172, 24, 5, 240, 28, 156, 65, 16, 242, 51, 189,
       72, 87, 32, 250, 118, 52, 211, 151, 218, 134, 27, 237, 198, 229,
       19, 54, 181, 206, 147, 86, 250, 215, 0, 102, 201, 133, 194, 101,
       206, 200, 188, 47, 18, 8, 113, 111, 87, 37, 85, 187, 82, 120, 161,
       86, 80, 88, 24, 14, 193, 28, 201, 15, 153, 172, 24, 5, 240, 28,
       156, 73, 16, 242, 51, 189, 88, 87, 32, 250, 69, 2, 128, 145, 73,
       130, 2, 76, 0, 226, 33, 0, 0, 129, 129, 3, 66, 84, 1, 64, 138,
       169, 238, 41, 12, 128, 138, 15, 18, 9, 33, 79, 113, 167, 52, 59,
       0, 228, 39, 198, 130, 98, 8, 74, 2, 28, 73, 147, 17, 36, 112, 36,
       37, 24, 164, 42, 144, 106, 161, 156, 72, 70, 51, 245, 44, 38, 101,
       168, 26, 183, 35, 119, 180, 126, 66, 21, 89, 63, 185, 100, 194,
       124, 195, 96, 241, 96, 216, 243, 88, 40, 4, 132, 104, 212, 57,
       201, 253, 32, 87, 186, 81, 114, 9, 124, 252, 84, 24, 142, 84, 165,
       226, 79, 25, 44, 24, 4, 242, 29, 156, 73, 16, 226, 35, 188, 74,
       86, 34, 248, 2, 3, 0, 2, 200, 136, 2, 1, 2, 0, 2, 4, 128, 68, 9,
       32, 68, 2, 1, 128, 194, 32, 11, 66, 64, 0, 0, 0, 128, 0, 129, 0,
       6, 2, 65, 0, 1, 2, 78, 2, 128, 48, 0, 64, 68, 68, 161, 3, 16, 72,
       0, 0, 21, 1, 8, 171, 3, 64, 2, 37, 0, 99, 97, 72, 35, 148, 16, 2,
       157, 128, 1, 8, 102, 0, 4, 97, 172, 11, 36, 21, 102, 246, 5, 16,
       192, 34, 137, 101, 68, 136, 96, 11, 18, 8, 193, 101, 149, 36, 20,
       186, 82, 120, 33, 244, 81, 66, 24, 11, 192, 16, 244, 79, 145, 164,
       24, 4, 240, 24, 156, 73, 16, 178, 51, 188, 24, 87, 32, 249, 118,
       53, 125, 158, 55, 159, 31, 61, 231, 102, 157, 176, 125, 110, 188,
       86, 247, 247, 66, 245, 215, 51, 211, 103, 221, 226, 228, 93, 82,
       156, 213, 105, 199, 44, 87, 190, 202, 120, 225, 124, 112, 95, 60,
       175, 213, 52, 229, 111, 153, 172, 24, 13, 240, 29, 156, 73, 16,
       242, 51, 189, 88, 86, 42, 250, 45, 134, 100, 35, 221, 184, 167,
       216, 188, 61, 202, 127, 168, 63, 235, 101, 195, 125, 131, 112,
       233, 66, 155, 124, 68, 252, 24, 163, 254, 67, 35, 199, 93, 224,
       93, 50, 117, 179, 45, 54, 109, 84, 74, 150, 68, 227, 126, 209, 56,
       125, 24, 36, 213, 151, 142, 41, 50, 224, 167, 164, 202, 71, 36,
       92, 66, 3, 131, 145, 200, 6, 10, 195, 2, 46, 3, 6, 144, 196, 19,
       34, 102, 197, 1, 102, 74, 165, 134, 11, 14, 138, 166, 12, 130, 8,
       48, 26, 114, 38, 85, 187, 80, 100, 69, 68, 0, 64, 16, 14, 67, 12,
       193, 30, 153, 44, 16, 5, 96, 28, 156, 73, 144, 114, 49, 189, 76,
       22, 32, 176, 118, 113, 219, 158, 18, 7, 93, 79, 199, 98, 61, 176,
       51, 194, 182, 90, 243, 214, 32, 103, 3, 188, 224, 7, 206, 131,
       167, 9, 83, 168, 52, 104, 194, 36, 20, 190, 2, 124, 67, 214, 50,
       202, 181, 105, 158, 28, 165, 78, 209, 164, 18, 5, 96, 24, 148, 73,
       144, 178, 57, 185, 89, 84, 34, 243, 62, 166, 253, 166, 42, 221,
       187, 109, 255, 253, 214, 245, 253, 62, 184, 214, 255, 187, 195,
       251, 245, 115, 211, 247, 221, 251, 228, 255, 110, 223, 245, 239,
       207, 44, 71, 190, 255, 120, 233, 124, 120, 93, 121, 175, 213, 53,
       247, 111, 185, 172, 24, 15, 240, 29, 156, 73, 22, 242, 55, 189,
       122, 87, 40, 250, 108, 35, 109, 177, 50, 117, 43, 253, 192, 254,
       202, 52, 81, 132, 251, 226, 195, 220, 67, 108, 121, 144, 196, 148,
       13, 168, 172, 137, 192, 132, 50, 153, 112, 4, 85, 186, 82, 114,
       129, 84, 184, 68, 16, 30, 70, 167, 194, 124, 155, 45, 28, 5, 242,
       29, 157, 73, 144, 226, 43, 188, 76, 22, 96, 176, 71, 5, 193, 54,
       81, 2, 37, 78, 128, 64, 131, 119, 34, 207, 130, 86, 234, 85, 33,
       69, 194, 47, 194, 99, 78, 218, 176, 13, 82, 8, 32, 73, 87, 39,
       117, 186, 0, 120, 73, 84, 64, 80, 56, 43, 205, 28, 245, 239, 153,
       164, 24, 4, 240, 28, 156, 73, 16, 242, 51, 189, 88, 87, 32, 250,
       15, 185, 223, 126, 63, 187, 253, 94, 243, 188, 132, 229, 254, 126,
       172, 91, 239, 255, 35, 243, 229, 47, 67, 247, 229, 254, 230, 239,
       90, 77, 245, 99, 223, 46, 85, 190, 91, 120, 233, 116, 120, 93, 58,
       47, 213, 117, 247, 111, 153, 172, 24, 5, 240, 29, 156, 73, 16,
       242, 51, 189, 88, 87, 32, 250, 199, 198, 67, 163, 221, 146, 135,
       200, 172, 107, 168, 122, 161, 79, 195, 101, 194, 85, 45, 100, 200,
       5, 138, 120, 78, 220, 57, 47, 146, 10, 51, 27, 215, 37, 93, 155,
       82, 120, 45, 118, 96, 68, 24, 47, 85, 28, 252, 21, 153, 172, 24,
       5, 241, 29, 140, 73, 16, 240, 49, 188, 92, 87, 32, 184, 40, 6, 4,
       170, 9, 93, 33, 77, 180, 84, 14, 5, 17, 60, 57, 165, 203, 124,
       129, 96, 224, 114, 216, 48, 92, 137, 4, 0, 122, 192, 57, 201, 149,
       4, 67, 184, 113, 66, 9, 40, 100, 21, 24, 39, 84, 212, 100, 108,
       25, 44, 152, 12, 242, 29, 156, 9, 48, 226, 43, 188, 72, 71, 32,
       248, 82, 0, 193, 150, 216, 132, 1, 15, 198, 100, 16, 21, 145, 194,
       146, 80, 106, 214, 1, 96, 200, 165, 202, 43, 78, 136, 176, 15,
       146, 8, 49, 111, 215, 36, 84, 186, 82, 112, 33, 118, 64, 64, 8,
       11, 193, 20, 225, 79, 153, 164, 24, 5, 240, 24, 156, 73, 16, 242,
       51, 189, 88, 87, 32, 250, 67, 1, 65, 130, 217, 130, 7, 74, 6, 64,
       2, 114, 161, 78, 128, 81, 98, 85, 1, 68, 194, 37, 136, 99, 14,
       218, 40, 15, 18, 8, 17, 105, 87, 39, 20, 155, 2, 120, 109, 86, 80,
       64, 24, 11, 193, 28, 245, 79, 153, 44, 24, 4, 240, 24, 156, 75,
       16, 114, 51, 189, 72, 23, 32, 250, 61, 54, 117, 162, 189, 176,
       163, 120, 112, 126, 194, 119, 237, 123, 129, 69, 226, 221, 129,
       98, 225, 32, 136, 122, 76, 186, 160, 143, 94, 8, 33, 111, 215, 36,
       84, 186, 83, 120, 233, 116, 212, 84, 26, 14, 208, 1, 209, 79, 152,
       172, 24, 5, 240, 29, 156, 73, 16, 242, 51, 157, 88, 87, 32, 249,
       2, 7, 85, 158, 2, 143, 7, 67, 166, 68, 43, 2, 157, 109, 189, 84,
       246, 247, 32, 98, 198, 46, 208, 99, 92, 214, 165, 109, 18, 136,
       81, 105, 215, 36, 87, 186, 82, 120, 235, 124, 112, 92, 56, 47,
       213, 20, 245, 111, 153, 172, 24, 5, 240, 29, 156, 73, 16, 242, 51,
       189, 88, 87, 32, 250, 37, 101, 124, 28, 0, 140, 28, 65, 34, 70, 1,
       128, 204, 43, 132, 23, 235, 160, 32, 96, 209, 36, 80, 99, 84, 149,
       181, 105, 0, 158, 1, 97, 194, 36, 71, 186, 18, 56, 161, 124, 112,
       94, 56, 175, 212, 80, 244, 111, 153, 172, 24, 1, 240, 29, 156, 73,
