%YAML:1.0
descriptors: !!opencv-matrix
   rows: 43
   cols: 64
   dt: u
   data: [ 254, 255, 255, 255, 255, 255, 255, 255, 255, 255, 255, 255,
       255, 255, 255, 255, 255, 255, 255, 255, 255, 255, 255, 255, 255,
       255, 255, 255, 255, 255, 255, 255, 207, 255, 255, 255, 255, 255,
       255, 127, 127, 253, 251, 255, 255, 255, 255, 255, 255, 255, 255,
       255, 255, 255, 255, 255, 247, 255, 255, 255, 255, 255, 255, 254,
       61, 178, 125, 238, 62, 189, 189, 120, 255, 253, 246, 251, 253,
       123, 252, 85, 255, 255, 227, 123, 245, 118, 211, 255, 237, 255,
       245, 255, 126, 95, 245, 239, 223, 108, 87, 190, 255, 120, 233,
       125, 120, 93, 123, 47, 213, 49, 247, 111, 185, 172, 24, 5, 240,
       29, 156, 73, 54, 242, 55, 189, 218, 215, 32, 250, 255, 253, 255,
       255, 63, 255, 223, 122, 255, 255, 253, 251, 255, 250, 246, 223,
       255, 247, 126, 251, 247, 127, 243, 127, 237, 255, 243, 127, 127,
       127, 247, 239, 215, 236, 222, 255, 222, 125, 249, 255, 122, 223,
       255, 111, 215, 21, 245, 111, 159, 174, 24, 7, 248, 29, 159, 93,
       24, 246, 115, 191, 251, 223, 42, 255, 255, 254, 255, 255, 63, 255,
       255, 251, 255, 255, 253, 251, 255, 255, 254, 255, 255, 255, 127,
       251, 245, 127, 243, 255, 253, 255, 247, 255, 127, 95, 255, 255,
       223, 108, 215, 190, 223, 123, 249, 125, 126, 95, 123, 63, 213, 55,
       247, 111, 157, 173, 24, 5, 240, 29, 157, 93, 24, 246, 115, 191,
       219, 223, 42, 255, 249, 158, 215, 119, 253, 251, 243, 252, 248,
       253, 198, 253, 174, 123, 139, 237, 234, 221, 185, 43, 236, 47,
       239, 127, 111, 235, 80, 183, 126, 65, 99, 239, 223, 227, 117, 48,
       119, 251, 253, 116, 221, 125, 250, 38, 217, 1, 251, 99, 185, 252,
       25, 37, 245, 189, 156, 77, 118, 254, 183, 175, 218, 87, 165, 222,
       57, 150, 125, 136, 63, 253, 151, 60, 191, 252, 30, 197, 157, 125,
       57, 101, 253, 246, 67, 34, 244, 98, 210, 242, 73, 124, 180, 126,
       124, 91, 115, 107, 223, 44, 87, 190, 82, 120, 233, 124, 116, 92,
       58, 47, 213, 52, 245, 111, 153, 172, 24, 5, 240, 29, 156, 73, 16,
       242, 51, 189, 90, 87, 32, 250, 124, 57, 243, 247, 54, 167, 249,
       251, 212, 252, 213, 183, 247, 202, 145, 94, 250, 213, 99, 107,
       255, 45, 195, 215, 143, 250, 182, 143, 82, 12, 116, 255, 199, 38,
       53, 190, 214, 124, 241, 117, 120, 76, 177, 110, 255, 21, 195, 111,
       153, 172, 25, 197, 240, 28, 156, 65, 16, 242, 115, 251, 88, 87,
       33, 250, 63, 182, 117, 162, 63, 189, 5, 90, 246, 94, 208, 113, 45,
       123, 180, 85, 242, 244, 7, 112, 241, 98, 145, 119, 108, 168, 96,
       25, 126, 88, 121, 233, 86, 100, 158, 158, 98, 122, 17, 244, 215,
       198, 26, 15, 64, 130, 192, 79, 152, 53, 24, 4, 96, 20, 143, 73,
       56, 242, 51, 156, 90, 223, 38, 249, 60, 233, 237, 248, 50, 127,
       125, 127, 245, 222, 221, 184, 125, 247, 253, 202, 155, 220, 227,
       107, 183, 124, 64, 247, 221, 255, 151, 181, 107, 222, 52, 233,
       223, 6, 199, 186, 222, 120, 249, 124, 124, 255, 189, 103, 247,
       181, 119, 111, 187, 172, 169, 79, 242, 29, 222, 92, 60, 242, 123,
       255, 123, 215, 235, 250, 76, 43, 163, 180, 48, 215, 40, 103, 0,
       238, 195, 148, 81, 132, 155, 66, 139, 204, 99, 103, 142, 165, 198,
       147, 77, 219, 182, 141, 64, 142, 50, 200, 87, 36, 85, 186, 82,
       120, 201, 116, 112, 92, 48, 47, 215, 20, 229, 110, 153, 172, 24,
       5, 240, 29, 156, 73, 16, 242, 51, 189, 88, 87, 32, 250, 68, 39,
       195, 144, 16, 134, 9, 79, 0, 226, 3, 20, 65, 129, 145, 3, 202, 68,
       1, 102, 130, 33, 196, 35, 76, 136, 162, 13, 18, 8, 48, 73, 115,
       38, 85, 186, 0, 124, 1, 86, 32, 64, 24, 14, 66, 28, 65, 206, 25,
       44, 24, 5, 112, 24, 148, 72, 144, 98, 35, 189, 72, 70, 32, 242,
       183, 178, 121, 167, 255, 148, 155, 136, 254, 127, 18, 123, 173,
       26, 178, 85, 242, 215, 5, 112, 193, 3, 139, 124, 238, 152, 120,
       43, 214, 25, 115, 111, 213, 172, 92, 190, 82, 112, 169, 246, 209,
       92, 72, 31, 209, 4, 240, 93, 153, 172, 24, 5, 240, 29, 156, 73,
       16, 242, 51, 188, 88, 87, 32, 249, 191, 246, 125, 139, 255, 189,
       159, 217, 254, 127, 184, 251, 253, 127, 252, 93, 251, 247, 39,
       114, 253, 102, 155, 124, 220, 255, 245, 63, 255, 27, 115, 123,
       215, 44, 87, 190, 210, 120, 233, 124, 118, 94, 56, 175, 213, 20,
       244, 127, 153, 172, 24, 5, 240, 29, 156, 73, 16, 242, 51, 189, 90,
       87, 42, 251, 218, 41, 155, 255, 66, 66, 88, 135, 194, 162, 81,
       158, 83, 198, 19, 90, 125, 3, 56, 199, 15, 141, 231, 15, 159, 203,
       254, 237, 67, 168, 182, 42, 67, 63, 37, 255, 11, 108, 230, 86, 32,
       104, 181, 105, 191, 28, 165, 190, 223, 168, 26, 215, 97, 122, 52,
       227, 209, 251, 113, 123, 61, 116, 145, 226, 85, 53, 147, 85, 248,
       130, 218, 68, 74, 169, 1, 57, 194, 195, 129, 18, 102, 131, 48, 67,
       207, 45, 75, 203, 196, 74, 226, 111, 0, 45, 161, 102, 87, 183,
       116, 187, 16, 184, 227, 118, 80, 108, 168, 110, 233, 24, 137, 63,
       153, 238, 24, 103, 244, 28, 28, 75, 17, 251, 179, 191, 88, 119,
       161, 254, 25, 151, 149, 244, 61, 160, 248, 120, 18, 249, 194, 195,
       196, 81, 0, 17, 118, 207, 161, 75, 228, 44, 66, 219, 197, 154,
       243, 254, 92, 101, 225, 111, 223, 48, 124, 52, 117, 248, 248, 101,
       113, 92, 187, 111, 225, 1, 247, 111, 152, 190, 24, 71, 240, 28,
       156, 73, 23, 211, 183, 175, 80, 119, 165, 122, 24, 185, 155, 244,
       34, 227, 252, 103, 83, 250, 213, 209, 87, 196, 22, 26, 189, 206,
       160, 75, 134, 45, 194, 219, 141, 219, 242, 222, 64, 101, 244, 235,
       215, 50, 53, 188, 255, 108, 250, 113, 112, 108, 183, 111, 255, 21,
       247, 111, 155, 170, 57, 199, 240, 29, 60, 73, 21, 243, 115, 251,
       121, 119, 193, 254, 194, 9, 131, 151, 80, 66, 2, 206, 2, 161, 17,
       150, 19, 198, 147, 122, 107, 85, 49, 103, 14, 141, 230, 35, 15,
       203, 186, 45, 19, 8, 50, 43, 247, 39, 117, 187, 82, 124, 69, 86,
       48, 88, 56, 42, 207, 28, 105, 174, 153, 172, 88, 5, 241, 30, 148,
       75, 16, 240, 49, 189, 88, 84, 48, 250, 63, 191, 253, 254, 63, 189,
       253, 122, 247, 252, 214, 241, 253, 127, 188, 95, 251, 255, 99,
       123, 245, 126, 211, 247, 221, 255, 247, 255, 126, 95, 245, 235,
       223, 44, 87, 190, 223, 120, 249, 125, 124, 93, 187, 47, 213, 53,
       247, 111, 185, 172, 24, 13, 240, 29, 156, 73, 48, 242, 115, 191,
       122, 215, 36, 250, 182, 178, 81, 167, 254, 128, 155, 200, 218,
       187, 83, 127, 237, 70, 145, 80, 250, 215, 5, 99, 201, 37, 130,
       124, 172, 222, 249, 47, 214, 11, 115, 63, 87, 37, 93, 191, 90,
       121, 233, 116, 81, 76, 24, 46, 197, 20, 252, 127, 153, 172, 24, 5,
       240, 29, 156, 73, 16, 242, 51, 189, 88, 87, 32, 250, 5, 6, 33,
       160, 217, 160, 171, 92, 160, 126, 130, 69, 193, 77, 131, 5, 226,
       108, 129, 96, 192, 32, 138, 122, 78, 136, 32, 2, 208, 0, 33, 79,
       87, 32, 93, 184, 112, 242, 41, 36, 193, 68, 26, 142, 64, 0, 193,
       75, 24, 44, 24, 5, 240, 28, 156, 73, 16, 226, 51, 189, 72, 71, 32,
       240, 199, 128, 131, 245, 252, 128, 223, 200, 2, 171, 33, 90, 130,
       64, 131, 81, 34, 85, 4, 99, 142, 45, 238, 106, 12, 202, 162, 47,
       18, 41, 49, 127, 119, 181, 28, 27, 82, 252, 227, 215, 64, 106,
       105, 72, 243, 28, 217, 27, 153, 236, 24, 5, 100, 24, 156, 107,
       144, 242, 179, 189, 220, 87, 48, 183, 1, 85, 125, 152, 34, 157,
       29, 73, 162, 70, 37, 128, 93, 105, 52, 87, 246, 244, 0, 96, 130,
       112, 80, 99, 220, 148, 165, 88, 50, 8, 85, 105, 210, 4, 86, 170,
       66, 120, 160, 120, 48, 218, 60, 45, 244, 20, 245, 79, 145, 172,
       16, 5, 96, 25, 156, 73, 24, 242, 51, 189, 88, 215, 40, 250, 63,
       182, 253, 167, 63, 181, 191, 124, 254, 255, 210, 117, 253, 63,
       187, 85, 255, 255, 67, 243, 245, 119, 219, 127, 205, 250, 244,
       255, 90, 93, 245, 239, 215, 44, 87, 190, 91, 120, 233, 116, 124,
       92, 122, 47, 213, 21, 247, 111, 153, 172, 24, 5, 242, 29, 156, 73,
       16, 242, 51, 189, 88, 87, 32, 250, 3, 134, 8, 171, 11, 216, 128,
