%YAML:1.0
descriptors: !!opencv-matrix
   rows: 74
   cols: 64
   dt: u
   data: [ 46, 255, 253, 254, 63, 253, 253, 95, 255, 252, 141, 233, 253,
       126, 188, 93, 191, 255, 98, 251, 245, 119, 83, 247, 213, 255, 245,
       255, 127, 255, 247, 227, 207, 60, 87, 190, 219, 120, 248, 125,
       120, 95, 123, 175, 245, 117, 247, 111, 185, 174, 152, 15, 240, 29,
       156, 89, 48, 243, 115, 189, 122, 87, 42, 250, 255, 254, 127, 255,
       255, 255, 255, 248, 255, 255, 253, 251, 239, 123, 252, 253, 247,
       247, 127, 123, 245, 119, 243, 118, 237, 255, 245, 255, 127, 91,
       247, 251, 215, 44, 215, 190, 219, 121, 249, 245, 122, 94, 59, 63,
       213, 55, 245, 111, 153, 173, 24, 5, 240, 29, 157, 73, 16, 246, 51,
       189, 90, 87, 32, 251, 190, 255, 125, 223, 63, 157, 223, 121, 255,
       247, 191, 250, 255, 123, 252, 127, 247, 247, 102, 123, 215, 103,
       211, 118, 205, 255, 245, 127, 122, 31, 247, 107, 223, 44, 86, 190,
       218, 120, 249, 245, 114, 94, 57, 47, 213, 54, 245, 111, 153, 172,
       24, 5, 240, 29, 157, 73, 16, 242, 51, 189, 120, 87, 32, 250, 190,
       253, 253, 223, 63, 157, 221, 73, 255, 247, 189, 250, 255, 122,
       244, 95, 246, 215, 38, 123, 143, 126, 211, 127, 205, 215, 231,
       127, 83, 59, 245, 107, 215, 44, 84, 190, 218, 121, 251, 247, 114,
       94, 233, 109, 211, 20, 245, 111, 153, 172, 24, 5, 240, 29, 156,
       73, 16, 242, 115, 191, 89, 87, 34, 251, 63, 182, 253, 254, 63,
       189, 189, 123, 247, 254, 255, 241, 253, 127, 189, 87, 255, 254,
       99, 243, 245, 118, 211, 247, 221, 191, 229, 251, 122, 255, 245,
       235, 223, 60, 71, 190, 219, 120, 233, 125, 120, 93, 57, 47, 244,
       117, 247, 111, 185, 174, 24, 15, 240, 29, 156, 89, 16, 243, 51,
       189, 122, 215, 40, 250, 63, 183, 125, 254, 63, 253, 125, 121, 246,
       92, 222, 245, 253, 127, 188, 84, 255, 214, 67, 115, 245, 34, 193,
       119, 221, 254, 228, 207, 90, 222, 241, 233, 223, 44, 85, 190, 86,
       120, 233, 124, 120, 92, 56, 47, 212, 53, 245, 111, 153, 172, 24,
       5, 240, 29, 156, 73, 16, 242, 51, 189, 88, 87, 32, 250, 247, 50,
       83, 135, 248, 196, 139, 200, 206, 125, 18, 127, 167, 79, 211, 112,
       234, 215, 61, 34, 201, 13, 143, 124, 110, 220, 57, 47, 150, 11,
       51, 127, 87, 165, 93, 155, 114, 245, 237, 86, 97, 68, 8, 30, 205,
       12, 248, 21, 137, 173, 24, 37, 240, 22, 156, 107, 16, 112, 50, 61,
       92, 7, 48, 180, 105, 13, 167, 116, 64, 110, 101, 111, 225, 132,
       206, 197, 115, 229, 200, 138, 235, 41, 103, 103, 118, 47, 112,
       247, 95, 255, 151, 140, 64, 134, 34, 200, 222, 39, 101, 186, 19,
       56, 223, 124, 120, 124, 184, 239, 205, 121, 119, 238, 153, 172,
       24, 65, 240, 29, 156, 73, 17, 242, 115, 191, 88, 119, 161, 250,
       89, 201, 255, 252, 32, 107, 252, 126, 81, 144, 237, 217, 82, 241,
       204, 234, 171, 221, 255, 111, 166, 45, 228, 179, 111, 127, 147,
       182, 121, 6, 54, 233, 222, 39, 117, 186, 87, 124, 250, 117, 123,
       255, 185, 103, 255, 53, 119, 238, 153, 168, 127, 213, 241, 29,
       156, 76, 81, 250, 115, 255, 89, 119, 131, 251, 206, 233, 235, 253,
       48, 102, 125, 207, 157, 239, 233, 190, 83, 206, 183, 238, 171, 84,
       55, 111, 15, 173, 230, 51, 79, 207, 183, 41, 211, 10, 50, 59, 242,
       39, 53, 251, 82, 125, 225, 244, 114, 106, 176, 126, 223, 28, 77,
       190, 217, 172, 118, 149, 216, 30, 180, 72, 144, 240, 41, 189, 92,
       86, 35, 179, 126, 187, 255, 246, 119, 247, 255, 126, 247, 222,
       253, 247, 255, 254, 179, 126, 251, 213, 99, 119, 245, 119, 195,
       119, 207, 255, 245, 191, 90, 222, 118, 235, 223, 44, 87, 190, 90,
       120, 233, 124, 120, 93, 56, 47, 213, 53, 245, 111, 153, 172, 24,
       5, 242, 29, 156, 73, 16, 242, 51, 189, 88, 87, 32, 250, 239, 150,
       238, 227, 255, 181, 255, 252, 188, 255, 244, 251, 175, 91, 179,
       77, 250, 253, 255, 59, 253, 119, 254, 124, 37, 251, 123, 183, 127,
       81, 119, 255, 239, 233, 222, 117, 247, 249, 253, 191, 125, 95,
       106, 190, 211, 97, 219, 115, 188, 223, 28, 45, 245, 253, 220, 245,
       126, 190, 247, 159, 255, 223, 188, 255, 254, 249, 251, 255, 255,
       103, 221, 235, 223, 229, 253, 251, 255, 202, 214, 220, 251, 215,
       126, 87, 63, 175, 167, 127, 255, 223, 247, 255, 215, 191, 254,
       190, 195, 175, 44, 223, 206, 125, 251, 119, 59, 202, 245, 123,
       223, 61, 189, 191, 207, 183, 83, 211, 104, 182, 180, 99, 208, 182,
       249, 251, 253, 77, 179, 191, 253, 63, 247, 245, 246, 39, 121, 255,
       252, 253, 209, 187, 239, 251, 150, 95, 242, 253, 127, 111, 127,
       175, 242, 191, 159, 234, 246, 191, 250, 92, 118, 175, 251, 39, 52,
       255, 214, 125, 213, 253, 222, 78, 187, 190, 203, 57, 201, 255,
       140, 164, 89, 153, 224, 190, 158, 77, 104, 254, 115, 223, 222, 86,
       39, 255, 63, 246, 124, 142, 63, 157, 159, 25, 255, 87, 189, 250,
       189, 63, 252, 85, 255, 247, 98, 177, 245, 118, 211, 118, 245, 247,
       245, 123, 126, 250, 215, 107, 215, 108, 215, 158, 218, 120, 233,
       125, 116, 93, 57, 173, 213, 84, 245, 111, 155, 174, 152, 13, 242,
       29, 220, 89, 56, 242, 50, 189, 122, 223, 44, 250, 63, 178, 125,
       102, 191, 253, 209, 60, 254, 29, 214, 117, 125, 127, 184, 245,
       242, 246, 75, 251, 245, 114, 251, 247, 181, 42, 100, 219, 126,
       221, 253, 238, 255, 108, 134, 254, 254, 51, 217, 253, 219, 221,
       91, 30, 208, 231, 163, 79, 187, 63, 143, 13, 248, 29, 223, 93, 54,
       242, 255, 158, 251, 159, 46, 221, 56, 155, 223, 223, 50, 93, 209,
       254, 222, 212, 23, 223, 29, 126, 251, 250, 255, 214, 96, 43, 134,
       60, 198, 247, 169, 183, 181, 40, 119, 203, 86, 123, 215, 38, 117,
       250, 86, 121, 251, 116, 113, 93, 249, 63, 149, 148, 245, 111, 153,
       172, 159, 5, 176, 29, 156, 73, 16, 242, 58, 253, 89, 93, 32, 250,
       179, 221, 220, 222, 39, 29, 85, 3, 55, 69, 61, 202, 159, 250, 118,
       94, 255, 246, 36, 33, 70, 62, 241, 103, 91, 215, 181, 59, 51, 186,
       214, 105, 150, 36, 86, 178, 194, 88, 251, 124, 112, 223, 40, 47,
       149, 20, 245, 111, 145, 164, 24, 13, 176, 9, 158, 75, 48, 114, 50,
       61, 88, 85, 32, 250, 70, 100, 81, 168, 0, 78, 39, 65, 161, 70, 9,
       148, 17, 166, 253, 86, 235, 88, 1, 100, 8, 128, 16, 0, 93, 221,
       189, 9, 2, 170, 58, 9, 0, 4, 71, 154, 0, 120, 1, 94, 32, 192, 60,
       33, 86, 156, 100, 44, 129, 164, 48, 4, 34, 29, 36, 9, 24, 224, 41,
       188, 88, 70, 32, 178, 218, 217, 10, 254, 103, 74, 94, 139, 30,
       195, 61, 202, 63, 200, 100, 190, 53, 151, 60, 223, 6, 190, 160,
       35, 175, 215, 243, 124, 211, 178, 214, 57, 162, 61, 48, 223, 203,
       77, 194, 241, 242, 223, 181, 121, 155, 30, 245, 46, 207, 139, 19,
       135, 120, 31, 181, 195, 81, 243, 57, 123, 117, 52, 146, 187, 12,
       242, 124, 41, 189, 249, 162, 252, 252, 153, 236, 253, 236, 23,
       207, 233, 251, 236, 235, 248, 241, 67, 103, 244, 225, 125, 89,
       243, 253, 70, 163, 162, 221, 72, 223, 180, 119, 49, 169, 53, 127,
       28, 58, 55, 213, 241, 246, 101, 184, 190, 140, 33, 240, 157, 216,
       89, 22, 210, 183, 164, 90, 83, 38, 90, 62, 245, 255, 188, 55, 37,
       93, 251, 231, 74, 249, 178, 127, 206, 183, 95, 247, 214, 98, 114,
       51, 222, 145, 39, 214, 142, 230, 217, 211, 252, 252, 232, 106, 44,
       142, 254, 138, 124, 145, 245, 26, 202, 149, 234, 254, 119, 133,
       78, 219, 174, 18, 131, 106, 26, 85, 89, 152, 178, 121, 186, 63,
       78, 170, 177, 133, 42, 68, 0, 24, 123, 32, 242, 40, 16, 234, 6,
       66, 149, 200, 161, 3, 76, 175, 104, 65, 132, 8, 240, 75, 125, 29,
       128, 244, 6, 34, 80, 88, 0, 209, 170, 65, 178, 45, 4, 252, 52, 26,
       55, 68, 163, 118, 224, 8, 45, 37, 20, 209, 31, 138, 8, 0, 224, 1,
       164, 72, 87, 36, 120, 13, 174, 198, 43, 217, 249, 162, 196, 121,
       186, 202, 189, 248, 55, 235, 233, 203, 40, 137, 240, 233, 65, 79,
       248, 67, 73, 24, 165, 239, 71, 43, 215, 253, 224, 93, 176, 117,
       243, 173, 52, 255, 84, 90, 30, 85, 151, 122, 241, 185, 108, 92,
