%YAML:1.0
descriptors: !!opencv-matrix
   rows: 139
   cols: 64
   dt: u
   data: [ 254, 253, 255, 255, 255, 255, 255, 253, 255, 253, 253, 255,
       255, 254, 255, 255, 255, 255, 255, 255, 255, 255, 255, 253, 255,
       255, 255, 255, 255, 255, 255, 191, 223, 255, 255, 255, 255, 255,
       255, 127, 123, 255, 255, 127, 255, 255, 255, 183, 253, 223, 255,
       255, 255, 255, 191, 255, 255, 255, 255, 255, 255, 255, 191, 254,
       63, 254, 253, 255, 62, 253, 253, 121, 255, 255, 214, 253, 253,
       127, 252, 221, 255, 254, 227, 251, 245, 118, 219, 255, 253, 255,
       245, 255, 127, 255, 247, 239, 223, 236, 215, 190, 255, 120, 249,
       125, 124, 93, 123, 47, 213, 53, 247, 111, 187, 238, 153, 15, 240,
       29, 156, 93, 62, 242, 247, 189, 250, 223, 44, 254, 39, 54, 97, 34,
       29, 162, 7, 88, 226, 68, 130, 48, 44, 11, 128, 21, 226, 229, 3,
       112, 193, 34, 145, 118, 68, 136, 168, 13, 82, 8, 97, 105, 87, 36,
       84, 186, 82, 56, 1, 84, 112, 80, 24, 143, 196, 64, 228, 79, 153,
       172, 24, 1, 240, 29, 156, 73, 16, 242, 51, 188, 88, 87, 32, 248,
       143, 202, 210, 247, 185, 232, 252, 0, 56, 123, 104, 251, 130, 67,
       196, 57, 43, 207, 165, 99, 231, 44, 170, 123, 99, 223, 179, 231,
       94, 99, 35, 247, 215, 178, 93, 48, 119, 252, 251, 119, 105, 124,
       234, 111, 253, 17, 255, 123, 249, 236, 24, 69, 244, 5, 156, 105,
       23, 210, 247, 175, 218, 119, 161, 254, 254, 254, 127, 167, 254,
       53, 191, 249, 254, 127, 213, 123, 255, 250, 246, 93, 250, 213,
       127, 96, 121, 215, 179, 124, 94, 254, 189, 59, 250, 95, 119, 191,
       209, 37, 86, 251, 82, 113, 169, 246, 80, 95, 92, 31, 209, 20, 252,
       29, 141, 173, 24, 5, 250, 31, 156, 73, 16, 244, 49, 188, 92, 87,
       32, 185, 79, 13, 130, 119, 105, 226, 252, 7, 16, 249, 64, 199,
       130, 199, 131, 10, 43, 11, 177, 67, 231, 45, 202, 91, 66, 219,
       178, 167, 82, 33, 35, 198, 87, 179, 53, 49, 49, 188, 251, 118,
       104, 108, 248, 235, 239, 21, 247, 235, 89, 236, 56, 213, 245, 92,
       188, 200, 19, 251, 243, 191, 200, 119, 145, 238, 193, 30, 146, 49,
       201, 130, 38, 197, 10, 35, 130, 10, 130, 193, 131, 25, 102, 139,
       57, 68, 202, 133, 10, 25, 70, 200, 122, 110, 144, 5, 163, 6, 83,
       135, 84, 59, 0, 165, 37, 70, 32, 64, 72, 155, 73, 73, 11, 145,
       220, 76, 24, 176, 101, 254, 140, 235, 80, 252, 129, 53, 220, 68,
       16, 100, 69, 45, 130, 84, 88, 130, 250, 70, 16, 184, 0, 213, 2,
       194, 130, 10, 0, 73, 184, 7, 199, 45, 194, 75, 74, 202, 130, 7, 0,
       104, 0, 71, 23, 147, 60, 161, 53, 156, 127, 52, 65, 44, 171, 99,
       171, 24, 177, 235, 117, 228, 56, 213, 245, 96, 60, 130, 87, 79,
       118, 163, 72, 101, 145, 234, 139, 220, 139, 247, 191, 248, 251, 9,
       189, 251, 116, 203, 139, 90, 100, 159, 13, 223, 188, 59, 236, 61,
       234, 123, 109, 223, 179, 183, 95, 99, 55, 239, 215, 241, 252, 49,
       247, 253, 250, 51, 241, 126, 235, 109, 243, 21, 253, 123, 253,
       218, 56, 103, 245, 229, 189, 236, 23, 215, 247, 239, 243, 127,
       177, 255, 68, 40, 155, 248, 0, 196, 120, 102, 17, 174, 69, 144,
       18, 130, 151, 202, 9, 72, 160, 11, 143, 189, 238, 11, 9, 147, 150,
       103, 65, 169, 21, 110, 135, 146, 37, 34, 55, 204, 243, 122, 112,
       170, 229, 97, 191, 20, 53, 235, 91, 232, 123, 215, 244, 25, 52,
       20, 145, 162, 235, 251, 217, 49, 193, 239, 68, 2, 130, 177, 73,
       130, 42, 76, 0, 227, 1, 128, 130, 128, 131, 2, 10, 85, 57, 71,
       138, 165, 206, 9, 76, 202, 170, 47, 18, 8, 33, 79, 87, 135, 116,
       59, 0, 252, 101, 70, 128, 96, 40, 10, 131, 28, 65, 51, 25, 172,
       56, 37, 113, 88, 180, 202, 80, 122, 49, 189, 72, 86, 48, 251, 226,
       155, 135, 211, 223, 151, 195, 155, 190, 253, 22, 79, 143, 221, 51,
       29, 238, 215, 57, 38, 204, 15, 142, 121, 110, 218, 58, 46, 222,
       75, 50, 63, 247, 39, 93, 185, 114, 125, 239, 116, 113, 92, 10, 30,
       221, 28, 217, 215, 157, 172, 24, 5, 241, 253, 156, 203, 80, 252,
       51, 191, 88, 85, 48, 250, 64, 3, 129, 52, 64, 130, 42, 70, 0, 34,
       3, 4, 0, 197, 1, 2, 0, 77, 9, 70, 200, 37, 192, 19, 76, 200, 136,
       4, 16, 0, 32, 72, 83, 49, 81, 169, 17, 40, 4, 64, 0, 32, 24, 10,
       65, 8, 193, 79, 25, 44, 24, 1, 113, 88, 156, 201, 1, 106, 51, 157,
       72, 6, 48, 242, 67, 4, 144, 135, 200, 130, 10, 0, 42, 103, 3, 6,
       128, 225, 2, 16, 100, 195, 24, 100, 200, 5, 66, 105, 74, 208, 184,
       110, 2, 0, 177, 99, 87, 37, 81, 59, 82, 104, 164, 66, 112, 92, 24,
       15, 209, 28, 229, 79, 153, 172, 24, 5, 240, 93, 156, 203, 16, 122,
       51, 189, 88, 87, 48, 250, 2, 0, 0, 10, 201, 128, 6, 5, 2, 3, 1,
       10, 144, 6, 38, 17, 68, 18, 0, 144, 136, 1, 11, 64, 64, 128, 8,
       41, 130, 40, 1, 0, 5, 132, 91, 0, 33, 64, 6, 2, 32, 0, 4, 9, 20,
       92, 52, 17, 17, 72, 16, 36, 5, 64, 96, 170, 16, 0, 32, 36, 0, 81,
       48, 64, 0, 15, 166, 200, 0, 93, 160, 119, 57, 222, 10, 133, 80,
       53, 121, 162, 141, 40, 225, 41, 244, 80, 92, 147, 89, 53, 4, 192,
       44, 198, 26, 193, 220, 82, 99, 32, 21, 202, 200, 40, 244, 53, 56,
       166, 54, 226, 118, 234, 187, 73, 173, 120, 147, 77, 75, 28, 39,
       65, 7, 229, 67, 243, 73, 98, 3, 2, 1, 2, 205, 130, 2, 8, 98, 24,
       2, 65, 160, 3, 0, 1, 66, 69, 0, 16, 192, 32, 9, 97, 4, 128, 8, 5,
       18, 8, 1, 73, 21, 36, 88, 176, 112, 64, 1, 4, 65, 64, 10, 9, 64,
       4, 240, 79, 16, 52, 24, 4, 160, 0, 156, 9, 16, 50, 54, 156, 0, 87,
       36, 120, 65, 3, 1, 20, 64, 130, 10, 104, 2, 34, 131, 4, 64, 65,
       129, 2, 162, 69, 2, 102, 200, 161, 192, 2, 76, 192, 168, 12, 16,
       12, 33, 72, 114, 36, 84, 187, 16, 40, 129, 68, 16, 64, 24, 14,
       193, 28, 193, 78, 153, 172, 24, 5, 112, 24, 156, 75, 0, 114, 51,
       188, 72, 86, 32, 248, 1, 5, 37, 144, 0, 15, 5, 75, 164, 68, 9, 0,
       17, 173, 52, 7, 128, 116, 64, 36, 18, 34, 16, 35, 80, 160, 132, 0,
       16, 136, 24, 1, 66, 22, 2, 138, 0, 8, 2, 136, 6, 162, 20, 131, 0,
       112, 100, 78, 17, 32, 144, 8, 2, 24, 135, 16, 57, 34, 32, 60, 64,
       212, 10, 249, 254, 185, 251, 119, 223, 227, 119, 239, 222, 41,
       252, 127, 247, 206, 150, 124, 251, 151, 123, 86, 127, 143, 203,
       93, 190, 223, 255, 239, 194, 223, 230, 174, 207, 175, 5, 255, 190,
       189, 253, 126, 121, 221, 247, 123, 221, 125, 189, 181, 255, 166,
       153, 249, 240, 190, 28, 227, 92, 188, 245, 187, 190, 85, 177, 222,
       65, 7, 128, 144, 1, 130, 33, 78, 36, 102, 2, 4, 0, 173, 129, 7,
       202, 84, 1, 100, 200, 1, 194, 35, 76, 136, 128, 4, 16, 8, 48, 73,
       85, 38, 85, 186, 16, 120, 1, 68, 16, 64, 24, 14, 68, 4, 65, 206,
       25, 44, 24, 4, 240, 24, 156, 73, 16, 98, 35, 156, 72, 70, 32, 242,
       195, 3, 1, 146, 200, 128, 6, 64, 2, 37, 1, 2, 128, 193, 130, 1,
       98, 85, 5, 100, 74, 165, 130, 32, 78, 138, 168, 13, 146, 8, 17, 9,
       82, 39, 84, 186, 66, 112, 5, 214, 16, 64, 24, 15, 65, 28, 201, 7,
       17, 36, 16, 4, 96, 24, 132, 73, 16, 112, 49, 188, 72, 86, 32, 248,
       64, 1, 128, 144, 17, 2, 1, 78, 4, 98, 1, 20, 1, 200, 163, 71, 234,
       84, 1, 100, 138, 131, 206, 35, 78, 136, 160, 13, 18, 8, 48, 73,
       113, 38, 84, 186, 2, 116, 5, 86, 16, 64, 24, 14, 64, 28, 65, 206,
       25, 44, 88, 4, 96, 28, 148, 73, 144, 242, 35, 188, 72, 70, 32,
       241, 6, 1, 128, 18, 73, 130, 2, 66, 2, 0, 3, 4, 128, 71, 129, 0,
       66, 65, 0, 68, 194, 37, 194, 67, 12, 144, 128, 13, 18, 8, 1, 72,
       87, 36, 85, 154, 0, 40, 1, 84, 0, 64, 24, 10, 65, 20, 161, 79, 17,
       44, 24, 4, 48, 24, 156, 9, 16, 98, 51, 189, 72, 23, 32, 250, 199,
       49, 146, 86, 81, 2, 74, 14, 2, 168, 0, 115, 2, 194, 130, 19, 96,
       3, 48, 151, 135, 173, 226, 3, 2, 130, 226, 79, 18, 40, 128, 96,
       87, 51, 52, 179, 51, 92, 87, 212, 64, 98, 184, 74, 139, 28, 1,
       207, 81, 172, 24, 85, 117, 120, 60, 203, 17, 58, 119, 187, 8, 52,
       177, 107, 197, 110, 19, 39, 200, 106, 166, 194, 8, 57, 106, 71,
       130, 215, 202, 177, 103, 203, 165, 96, 77, 140, 44, 88, 202, 221,
