%YAML:1.0
descriptors: !!opencv-matrix
   rows: 108
   cols: 64
   dt: u
   data: [ 62, 176, 253, 254, 63, 183, 255, 124, 247, 255, 213, 249, 253,
       126, 180, 87, 246, 255, 99, 115, 245, 55, 211, 127, 205, 234, 228,
       255, 90, 221, 245, 239, 215, 44, 87, 190, 219, 120, 233, 125, 120,
       92, 121, 47, 213, 21, 247, 111, 153, 172, 24, 5, 240, 29, 156, 73,
       16, 242, 51, 189, 88, 87, 32, 250, 61, 190, 255, 253, 63, 253,
       251, 125, 253, 253, 222, 253, 255, 127, 255, 253, 251, 253, 251,
       123, 245, 127, 211, 255, 253, 127, 246, 247, 127, 223, 255, 239,
       223, 104, 215, 182, 255, 123, 249, 125, 253, 93, 251, 63, 213,
       167, 247, 111, 189, 189, 157, 13, 242, 29, 158, 93, 54, 246, 127,
       191, 251, 223, 44, 254, 60, 185, 255, 254, 54, 255, 125, 118, 245,
       252, 125, 217, 95, 254, 190, 78, 251, 221, 99, 107, 247, 63, 195,
       247, 217, 127, 183, 190, 121, 215, 119, 235, 215, 44, 85, 190,
       223, 120, 249, 125, 120, 93, 189, 47, 213, 52, 247, 111, 153, 172,
       153, 7, 240, 29, 156, 73, 16, 242, 51, 189, 121, 87, 32, 250, 28,
       169, 187, 252, 34, 95, 124, 103, 213, 252, 213, 145, 83, 244, 190,
       74, 251, 153, 99, 67, 213, 61, 194, 211, 221, 223, 182, 239, 64,
       204, 54, 234, 199, 36, 71, 186, 86, 120, 233, 124, 120, 93, 49,
       47, 245, 52, 183, 111, 153, 172, 24, 5, 240, 29, 156, 65, 16, 242,
       51, 189, 88, 87, 32, 250, 44, 41, 239, 252, 50, 119, 241, 255,
       213, 252, 222, 181, 83, 254, 187, 238, 139, 92, 227, 107, 245, 61,
       196, 179, 93, 171, 132, 129, 105, 204, 62, 235, 239, 38, 117, 186,
       87, 122, 233, 124, 248, 125, 180, 38, 212, 183, 99, 110, 153, 172,
       191, 13, 242, 29, 156, 72, 52, 226, 59, 253, 75, 23, 33, 250, 61,
       191, 255, 253, 63, 253, 249, 126, 253, 253, 222, 253, 255, 125,
       254, 236, 255, 252, 235, 123, 245, 127, 211, 247, 249, 127, 246,
       246, 125, 215, 255, 239, 223, 104, 87, 180, 255, 123, 249, 125,
       125, 221, 251, 47, 213, 167, 247, 111, 191, 174, 159, 15, 242, 29,
       158, 93, 62, 246, 127, 191, 251, 223, 44, 254, 221, 157, 211, 116,
       112, 98, 121, 238, 1, 229, 69, 219, 66, 201, 134, 90, 171, 221,
       60, 111, 14, 173, 230, 51, 79, 219, 179, 63, 83, 40, 54, 109, 215,
       55, 52, 251, 2, 124, 246, 247, 81, 234, 185, 111, 171, 28, 121,
       238, 221, 160, 122, 213, 113, 126, 180, 206, 81, 254, 113, 251,
       93, 117, 145, 251, 221, 29, 222, 87, 119, 99, 248, 246, 16, 233,
       85, 215, 158, 234, 162, 78, 235, 213, 49, 103, 199, 175, 231, 115,
       75, 91, 179, 63, 82, 14, 54, 107, 215, 36, 85, 186, 83, 120, 249,
       116, 112, 92, 185, 47, 217, 20, 243, 111, 153, 172, 24, 5, 240,
       29, 156, 73, 16, 242, 51, 189, 88, 87, 32, 250, 179, 244, 125,
       143, 191, 157, 157, 8, 254, 71, 189, 122, 189, 59, 244, 85, 246,
       246, 6, 176, 201, 114, 179, 100, 236, 148, 225, 59, 255, 59, 221,
       57, 148, 108, 158, 222, 202, 113, 169, 247, 82, 219, 73, 13, 208,
       22, 212, 29, 145, 189, 18, 5, 120, 145, 159, 105, 24, 242, 48, 28,
       88, 223, 34, 185, 55, 244, 125, 142, 63, 189, 157, 24, 247, 94,
       189, 240, 173, 123, 244, 85, 246, 246, 6, 177, 241, 114, 145, 110,
       228, 182, 225, 91, 126, 123, 221, 107, 215, 236, 158, 190, 250,
       120, 185, 253, 86, 223, 107, 141, 208, 80, 244, 79, 144, 191, 24,
       13, 248, 17, 223, 93, 56, 178, 50, 156, 250, 223, 46, 249, 63,
       244, 125, 174, 63, 189, 29, 24, 247, 126, 189, 240, 189, 123, 180,
       85, 246, 246, 6, 177, 241, 114, 145, 118, 228, 182, 225, 91, 126,
       121, 245, 105, 215, 108, 150, 190, 250, 120, 185, 253, 118, 223,
       127, 13, 208, 80, 244, 79, 153, 190, 24, 13, 240, 29, 223, 89, 56,
       178, 51, 189, 250, 223, 46, 249, 58, 49, 253, 246, 54, 167, 124,
       55, 210, 236, 213, 49, 125, 98, 144, 82, 246, 210, 66, 243, 247,
       44, 193, 215, 156, 42, 230, 221, 66, 252, 245, 232, 207, 44, 5,
       190, 223, 120, 225, 125, 120, 92, 181, 47, 244, 53, 167, 111, 155,
       174, 25, 71, 240, 29, 28, 73, 16, 243, 51, 185, 120, 87, 32, 250,
       56, 19, 253, 148, 34, 157, 157, 118, 182, 214, 23, 148, 221, 125,
       185, 86, 255, 214, 67, 99, 212, 36, 194, 243, 205, 62, 244, 76,
       80, 140, 241, 105, 215, 36, 85, 190, 82, 120, 233, 124, 112, 92,
       56, 47, 213, 52, 245, 111, 153, 172, 24, 5, 240, 29, 156, 73, 16,
       242, 51, 189, 88, 87, 32, 250, 63, 244, 253, 254, 63, 253, 221,
       123, 247, 255, 253, 249, 255, 127, 180, 93, 251, 246, 103, 115,
       245, 118, 209, 127, 237, 255, 245, 63, 127, 91, 117, 239, 215, 44,
       213, 190, 222, 120, 233, 117, 122, 223, 123, 47, 213, 21, 245,
       111, 153, 172, 24, 5, 240, 29, 156, 73, 16, 242, 51, 189, 90, 87,
       38, 251, 62, 244, 253, 174, 63, 245, 189, 121, 245, 254, 252, 249,
       253, 126, 189, 93, 251, 212, 99, 99, 245, 54, 211, 127, 125, 255,
       181, 43, 90, 95, 117, 235, 199, 36, 87, 186, 210, 120, 233, 116,
       112, 92, 122, 47, 213, 20, 245, 111, 153, 172, 24, 5, 240, 29,
       156, 73, 16, 242, 51, 189, 90, 87, 32, 250, 61, 190, 253, 236, 63,
       253, 189, 124, 253, 254, 222, 245, 253, 127, 251, 228, 251, 212,
       67, 107, 245, 98, 202, 127, 93, 254, 180, 59, 126, 95, 115, 239,
       215, 36, 85, 186, 86, 122, 233, 124, 248, 92, 58, 47, 212, 55,
       245, 111, 153, 172, 24, 5, 240, 29, 157, 73, 16, 242, 51, 189, 90,
       87, 32, 250, 41, 150, 116, 34, 223, 177, 167, 92, 52, 57, 192, 97,
       172, 29, 32, 85, 238, 255, 131, 208, 241, 35, 219, 116, 64, 120,
       232, 230, 120, 84, 225, 231, 223, 40, 214, 180, 119, 56, 169, 117,
       124, 92, 26, 143, 213, 113, 247, 79, 184, 188, 24, 5, 240, 29,
       156, 73, 22, 178, 183, 189, 90, 87, 36, 90, 63, 183, 253, 190, 63,
       119, 191, 126, 246, 220, 215, 245, 125, 127, 187, 85, 251, 215,
       99, 99, 245, 39, 195, 119, 205, 250, 244, 143, 82, 28, 241, 235,
       215, 36, 85, 190, 82, 120, 233, 116, 120, 92, 56, 47, 213, 21,
       245, 111, 153, 172, 24, 5, 240, 29, 156, 73, 16, 242, 51, 189, 88,
       87, 32, 250, 58, 213, 125, 158, 51, 133, 223, 73, 231, 197, 29,
       250, 189, 126, 180, 84, 251, 215, 36, 99, 198, 46, 194, 119, 93,
       222, 177, 63, 114, 138, 85, 41, 215, 36, 85, 154, 82, 120, 233,
       124, 112, 95, 60, 47, 213, 20, 245, 111, 153, 172, 24, 5, 240, 29,
       156, 73, 16, 242, 51, 189, 88, 87, 32, 250, 34, 1, 0, 150, 19,
       128, 31, 8, 198, 2, 1, 96, 177, 78, 164, 85, 226, 23, 0, 65, 194,
       34, 193, 71, 68, 150, 161, 13, 18, 40, 17, 41, 198, 36, 20, 154,
       2, 120, 65, 84, 96, 72, 52, 43, 213, 20, 181, 79, 145, 172, 24, 5,
       112, 24, 156, 65, 16, 242, 51, 189, 88, 87, 32, 250, 61, 254, 125,
       237, 62, 253, 253, 120, 253, 253, 222, 253, 253, 125, 253, 69,
       251, 252, 227, 107, 245, 118, 218, 255, 125, 255, 181, 183, 124,
       215, 119, 239, 223, 104, 215, 190, 247, 248, 249, 125, 124, 93,
       123, 175, 213, 177, 247, 107, 185, 172, 152, 13, 240, 29, 156, 93,
       62, 242, 247, 189, 218, 223, 44, 254, 163, 20, 65, 38, 221, 2, 15,
       8, 226, 64, 33, 115, 172, 75, 132, 85, 98, 215, 5, 100, 64, 162,
       129, 100, 76, 136, 168, 9, 210, 8, 33, 41, 80, 36, 20, 186, 66,
       112, 1, 212, 64, 66, 24, 11, 192, 16, 192, 76, 137, 164, 24, 4,
       96, 24, 156, 73, 16, 242, 51, 156, 88, 86, 32, 249, 178, 209, 88,
       222, 191, 133, 93, 9, 214, 65, 53, 250, 191, 74, 52, 92, 246, 215,
       52, 147, 199, 62, 163, 103, 172, 151, 243, 127, 83, 185, 213, 41,
       135, 44, 20, 158, 202, 121, 234, 247, 115, 203, 165, 107, 209, 20,
       245, 15, 145, 166, 16, 5, 104, 16, 156, 65, 16, 179, 114, 187, 56,
       95, 162, 251, 179, 241, 80, 166, 223, 128, 95, 40, 198, 65, 213,
       123, 173, 74, 132, 84, 118, 215, 4, 84, 67, 42, 129, 100, 174,
       154, 113, 107, 146, 40, 209, 61, 146, 37, 28, 222, 66, 113, 3,
       214, 195, 202, 157, 75, 200, 28, 216, 29, 129, 164, 81, 4, 104,
       18, 141, 105, 0, 50, 48, 25, 92, 7, 34, 185, 35, 52, 81, 2, 221,
