%YAML:1.0
descriptors: !!opencv-matrix
   rows: 89
   cols: 64
   dt: u
   data: [ 61, 191, 253, 222, 62, 221, 221, 118, 247, 252, 29, 209, 221,
       127, 188, 92, 251, 246, 98, 43, 245, 118, 210, 247, 253, 183, 165,
       123, 126, 219, 85, 235, 215, 108, 87, 190, 222, 120, 249, 125,
       112, 93, 123, 47, 212, 52, 245, 111, 185, 172, 153, 15, 240, 29,
       156, 93, 52, 242, 51, 189, 122, 223, 44, 250, 125, 184, 255, 246,
       126, 183, 255, 126, 244, 252, 212, 243, 255, 255, 182, 93, 250,
       245, 99, 99, 245, 119, 195, 127, 207, 250, 180, 191, 122, 93, 119,
       239, 215, 36, 87, 190, 82, 120, 249, 124, 120, 93, 120, 47, 213,
       53, 245, 111, 153, 172, 24, 5, 240, 29, 156, 73, 16, 242, 51, 189,
       88, 87, 32, 250, 61, 191, 255, 221, 247, 255, 255, 125, 255, 221,
       220, 255, 255, 127, 191, 125, 255, 247, 123, 127, 245, 127, 211,
       247, 253, 127, 245, 255, 126, 223, 255, 171, 223, 108, 87, 190,
       214, 121, 249, 125, 120, 93, 59, 47, 213, 53, 247, 111, 189, 172,
       153, 13, 240, 29, 156, 93, 48, 246, 115, 189, 122, 223, 44, 250,
       120, 10, 239, 249, 34, 127, 33, 255, 221, 252, 222, 149, 91, 188,
       251, 238, 235, 220, 251, 111, 124, 149, 236, 183, 95, 233, 156,
       128, 121, 198, 58, 251, 241, 38, 113, 248, 86, 114, 197, 124, 250,
       85, 120, 54, 93, 167, 67, 236, 159, 44, 255, 149, 210, 31, 157,
       76, 80, 224, 43, 252, 91, 6, 34, 250, 167, 198, 109, 136, 191,
       188, 159, 24, 172, 71, 185, 250, 137, 57, 100, 101, 128, 116, 4,
       113, 192, 98, 144, 120, 100, 151, 129, 51, 254, 59, 49, 91, 215,
       236, 220, 154, 202, 120, 169, 183, 118, 218, 40, 173, 208, 16,
       244, 25, 25, 189, 16, 5, 72, 21, 158, 9, 24, 242, 50, 156, 88,
       215, 40, 185, 179, 213, 24, 223, 239, 140, 95, 1, 110, 69, 61, 74,
       190, 122, 100, 29, 118, 247, 20, 180, 78, 62, 179, 100, 250, 214,
       243, 127, 183, 59, 221, 37, 150, 237, 24, 86, 226, 65, 250, 219,
       131, 219, 205, 73, 145, 30, 253, 31, 197, 151, 147, 13, 44, 130,
       179, 235, 57, 119, 112, 63, 80, 125, 182, 153, 13, 38, 237, 177,
       57, 253, 163, 125, 188, 255, 198, 189, 217, 61, 185, 102, 137,
       221, 67, 99, 252, 99, 202, 121, 93, 248, 148, 167, 88, 7, 51, 203,
       215, 36, 85, 186, 83, 120, 233, 124, 120, 92, 56, 47, 213, 21,
       247, 107, 153, 172, 24, 5, 240, 29, 156, 73, 16, 242, 51, 189, 88,
       87, 32, 250, 47, 166, 237, 185, 63, 253, 191, 125, 253, 255, 254,
       253, 249, 62, 187, 103, 203, 221, 99, 99, 245, 119, 202, 127, 77,
       255, 181, 167, 90, 95, 51, 239, 215, 44, 85, 186, 83, 120, 233,
       118, 120, 92, 120, 47, 213, 21, 247, 107, 153, 172, 24, 5, 240,
       29, 156, 73, 16, 242, 51, 189, 88, 87, 32, 250, 12, 33, 177, 180,
       0, 7, 40, 103, 0, 162, 193, 20, 80, 132, 145, 66, 138, 72, 3, 99,
       131, 160, 196, 147, 12, 136, 166, 137, 64, 140, 49, 200, 83, 20,
       53, 170, 16, 120, 65, 84, 16, 96, 21, 14, 226, 20, 131, 110, 27,
       44, 56, 5, 112, 28, 20, 72, 0, 226, 19, 249, 72, 22, 33, 242, 60,
       179, 253, 254, 62, 181, 253, 123, 119, 252, 213, 241, 253, 127,
       180, 92, 255, 222, 97, 99, 245, 116, 211, 243, 221, 127, 225, 255,
       122, 221, 245, 235, 223, 36, 87, 186, 223, 120, 249, 125, 116, 93,
       123, 47, 213, 21, 247, 111, 153, 172, 152, 5, 240, 29, 156, 89,
       16, 242, 51, 189, 90, 87, 32, 250, 58, 185, 239, 158, 54, 181, 93,
       55, 215, 198, 213, 240, 127, 186, 52, 94, 190, 214, 98, 255, 181,
       118, 193, 247, 185, 51, 228, 157, 67, 252, 244, 168, 206, 44, 134,
       190, 222, 120, 200, 121, 120, 223, 181, 45, 146, 53, 183, 110,
       155, 174, 153, 15, 240, 29, 252, 93, 16, 243, 51, 249, 123, 219,
       104, 251, 3, 0, 0, 2, 221, 128, 6, 8, 2, 0, 0, 115, 160, 75, 128,
       17, 98, 22, 5, 16, 192, 32, 137, 96, 6, 136, 40, 9, 146, 8, 1, 13,
       20, 36, 20, 154, 2, 112, 1, 212, 65, 66, 24, 11, 64, 20, 200, 69,
       0, 36, 24, 4, 96, 16, 140, 9, 16, 48, 50, 156, 8, 70, 32, 121, 12,
       1, 225, 160, 18, 135, 39, 70, 4, 68, 129, 20, 81, 12, 179, 66,
       226, 213, 3, 96, 192, 33, 194, 115, 76, 136, 164, 13, 82, 12, 49,
       105, 215, 36, 85, 186, 82, 120, 1, 84, 112, 88, 24, 15, 212, 20,
       229, 79, 153, 172, 24, 5, 240, 29, 156, 73, 16, 242, 51, 189, 88,
       87, 32, 250, 210, 48, 17, 130, 223, 128, 10, 8, 66, 43, 16, 115,
       160, 2, 130, 81, 118, 215, 5, 81, 201, 165, 139, 76, 140, 152,
       120, 15, 146, 8, 177, 110, 83, 165, 28, 191, 66, 120, 37, 214, 64,
       64, 0, 10, 195, 12, 136, 21, 145, 36, 24, 4, 96, 26, 140, 67, 16,
       112, 51, 156, 92, 23, 32, 186, 55, 55, 245, 142, 55, 157, 27, 61,
       230, 68, 151, 52, 237, 59, 185, 85, 250, 246, 67, 240, 209, 35,
       211, 119, 220, 168, 228, 77, 82, 28, 241, 105, 215, 44, 87, 190,
       90, 120, 233, 124, 112, 92, 56, 175, 213, 16, 245, 111, 153, 172,
       24, 5, 240, 29, 156, 73, 16, 242, 51, 189, 88, 87, 32, 250, 54,
       177, 253, 158, 54, 159, 95, 126, 214, 198, 61, 240, 61, 126, 180,
       86, 255, 215, 98, 99, 197, 55, 193, 119, 205, 215, 245, 127, 82,
       152, 245, 105, 215, 36, 85, 190, 82, 120, 233, 116, 112, 92, 57,
       47, 213, 20, 245, 111, 153, 172, 24, 5, 240, 29, 156, 73, 16, 242,
       51, 189, 88, 87, 32, 250, 54, 49, 81, 150, 31, 130, 31, 11, 198,
       64, 21, 114, 181, 78, 148, 84, 242, 215, 0, 64, 195, 39, 193, 103,
       76, 146, 224, 13, 18, 40, 81, 105, 215, 36, 84, 190, 66, 120, 233,
       84, 112, 88, 16, 43, 213, 20, 245, 79, 153, 172, 24, 5, 240, 25,
       156, 73, 16, 242, 51, 189, 88, 87, 32, 250, 51, 240, 88, 6, 223,
       138, 23, 8, 198, 1, 61, 250, 188, 14, 164, 85, 251, 151, 36, 21,
       193, 39, 131, 101, 100, 215, 249, 47, 18, 42, 193, 105, 151, 44,
       85, 158, 66, 120, 233, 116, 112, 216, 44, 41, 213, 28, 244, 111,
       145, 164, 24, 4, 240, 17, 156, 75, 16, 242, 50, 189, 24, 87, 32,
       250, 167, 116, 65, 34, 221, 32, 7, 72, 230, 3, 161, 114, 173, 75,
       132, 85, 98, 245, 5, 80, 67, 34, 137, 116, 6, 154, 97, 11, 210, 8,
       33, 41, 82, 36, 28, 154, 66, 112, 1, 214, 3, 194, 24, 11, 192, 25,
       220, 21, 8, 36, 16, 4, 104, 18, 140, 105, 24, 176, 49, 156, 28,
       86, 32, 185, 199, 212, 128, 51, 221, 130, 14, 8, 34, 35, 129, 234,
       162, 75, 38, 25, 0, 43, 28, 149, 203, 103, 59, 105, 2, 194, 234,
       111, 146, 41, 129, 6, 159, 153, 156, 3, 33, 137, 39, 227, 70, 42,
       74, 73, 209, 89, 155, 19, 84, 222, 24, 36, 101, 224, 120, 163, 90,
       159, 150, 23, 184, 241, 246, 73, 135, 97, 81, 118, 217, 160, 103,
       72, 64, 1, 64, 123, 162, 67, 132, 81, 98, 69, 5, 71, 203, 44, 169,
       118, 6, 154, 3, 15, 210, 8, 33, 13, 18, 167, 60, 155, 33, 240, 87,
       150, 65, 226, 152, 67, 200, 25, 201, 147, 72, 52, 80, 36, 73, 130,
       140, 169, 16, 184, 33, 139, 8, 87, 179, 185, 13, 46, 231, 232, 24,
       119, 161, 246, 176, 252, 194, 21, 65, 189, 155, 227, 139, 108,
       195, 106, 244, 65, 94, 187, 77, 169, 4, 134, 124, 68, 57, 207,
       117, 2, 85, 170, 85, 242, 237, 52, 252, 52, 26, 166, 68, 163, 67,
       235, 152, 44, 60, 5, 209, 29, 157, 72, 4, 226, 3, 189, 202, 71,
       32, 242, 13, 38, 229, 168, 24, 103, 33, 118, 160, 252, 66, 21, 65,
       61, 187, 231, 203, 92, 195, 96, 240, 1, 204, 179, 76, 169, 28,
       128, 88, 4, 51, 207, 85, 0, 85, 186, 17, 242, 45, 52, 124, 84, 24,
       38, 68, 133, 99, 233, 25, 44, 88, 4, 208, 29, 156, 8, 16, 224, 35,
       188, 72, 71, 32, 242, 7, 34, 80, 112, 217, 162, 226, 72, 0, 57,
       192, 115, 130, 91, 128, 17, 98, 77, 157, 66, 227, 45, 138, 123,
       38, 154, 3, 167, 86, 41, 33, 71, 23, 227, 60, 147, 33, 189, 119,
       150, 193, 162, 138, 65, 73, 9, 91, 147, 72, 117, 48, 116, 109,
       224, 174, 169, 82, 142, 183, 135, 200, 39, 181, 61, 123, 21, 124,
       150, 55, 183, 31, 27, 118, 70, 21, 144, 61, 42, 52, 87, 246, 247,
       1, 245, 192, 51, 209, 119, 204, 138, 224, 93, 82, 24, 245, 105,
       215, 36, 20, 190, 82, 120, 129, 116, 112, 94, 56, 47, 209, 20,
