%YAML:1.0
descriptors: !!opencv-matrix
   rows: 58
   cols: 64
   dt: u
   data: [ 61, 182, 125, 165, 62, 245, 191, 121, 252, 255, 222, 245, 253,
       127, 177, 85, 251, 252, 67, 115, 245, 114, 211, 255, 221, 254,
       229, 255, 122, 223, 245, 239, 223, 44, 87, 190, 91, 120, 233, 124,
       124, 93, 122, 47, 213, 53, 247, 111, 153, 172, 24, 5, 240, 29,
       156, 73, 24, 242, 51, 189, 90, 87, 32, 250, 62, 176, 253, 252, 63,
       253, 253, 125, 253, 254, 255, 249, 253, 122, 189, 118, 251, 220,
       99, 99, 245, 118, 195, 127, 221, 191, 229, 251, 90, 223, 245, 235,
       215, 44, 85, 190, 211, 120, 233, 117, 120, 93, 121, 47, 212, 53,
       247, 111, 153, 172, 24, 5, 240, 29, 156, 73, 16, 242, 51, 189, 88,
       87, 32, 250, 60, 253, 253, 254, 54, 63, 253, 127, 247, 220, 253,
       241, 127, 122, 180, 94, 255, 215, 99, 99, 247, 127, 209, 247, 253,
       239, 231, 223, 123, 221, 245, 233, 223, 44, 87, 190, 219, 120,
       249, 125, 122, 223, 185, 47, 213, 53, 247, 111, 153, 172, 24, 5,
       240, 29, 156, 73, 16, 242, 115, 191, 122, 87, 34, 251, 63, 53,
       244, 182, 63, 165, 61, 119, 166, 110, 81, 49, 157, 106, 177, 87,
       250, 213, 67, 98, 241, 39, 195, 119, 76, 186, 164, 15, 82, 28,
       241, 235, 215, 36, 85, 190, 82, 120, 233, 116, 112, 92, 56, 47,
       213, 20, 245, 111, 153, 172, 24, 5, 240, 29, 156, 73, 16, 242, 51,
       189, 88, 87, 32, 250, 212, 41, 211, 212, 96, 7, 125, 103, 2, 228,
       1, 19, 211, 224, 146, 90, 170, 213, 48, 103, 14, 173, 194, 67, 14,
       218, 182, 93, 64, 168, 52, 41, 87, 55, 52, 187, 0, 124, 210, 85,
       80, 104, 177, 111, 235, 28, 193, 111, 217, 164, 56, 215, 112, 24,
       156, 75, 17, 122, 115, 187, 88, 53, 161, 250, 234, 40, 211, 163,
       211, 98, 37, 206, 84, 201, 108, 119, 51, 142, 162, 255, 235, 213,
       53, 101, 72, 133, 165, 52, 78, 221, 57, 41, 211, 10, 50, 57, 240,
       37, 21, 251, 83, 117, 13, 244, 112, 64, 56, 43, 205, 28, 124, 228,
       201, 172, 90, 4, 248, 30, 132, 73, 144, 240, 33, 188, 92, 22, 32,
       248, 5, 34, 193, 50, 25, 160, 33, 78, 160, 42, 130, 49, 34, 203,
       130, 67, 194, 84, 129, 96, 193, 4, 202, 123, 78, 138, 0, 3, 82, 8,
       49, 79, 87, 38, 84, 186, 48, 248, 33, 84, 192, 100, 24, 11, 64, 4,
       65, 195, 24, 36, 24, 4, 224, 28, 140, 9, 16, 224, 35, 189, 72, 87,
       32, 251, 252, 205, 239, 253, 235, 255, 255, 255, 189, 255, 255,
       221, 223, 252, 255, 238, 155, 253, 251, 111, 254, 223, 254, 189,
       127, 255, 159, 182, 253, 215, 126, 191, 205, 127, 111, 251, 215,
       247, 253, 62, 123, 253, 253, 191, 255, 191, 255, 178, 255, 141,
       255, 189, 217, 255, 148, 252, 249, 238, 107, 253, 255, 223, 27,
       254, 58, 253, 253, 238, 55, 253, 221, 63, 255, 222, 221, 248, 253,
       62, 189, 94, 255, 246, 98, 251, 245, 118, 211, 119, 253, 255, 245,
       255, 127, 251, 253, 235, 223, 108, 215, 190, 223, 120, 249, 125,
       124, 95, 127, 45, 213, 53, 245, 111, 187, 174, 153, 15, 242, 29,
       220, 93, 56, 243, 115, 189, 123, 223, 110, 250, 47, 182, 103, 229,
       191, 180, 169, 216, 188, 255, 194, 127, 169, 79, 241, 69, 226,
       252, 135, 107, 229, 46, 222, 125, 109, 158, 51, 35, 94, 75, 49,
       223, 119, 230, 125, 186, 119, 251, 233, 52, 89, 68, 122, 46, 194,
       5, 217, 115, 184, 189, 24, 5, 240, 149, 156, 105, 16, 242, 183,
       173, 202, 95, 32, 182, 60, 185, 255, 223, 54, 127, 217, 255, 223,
       212, 223, 244, 127, 254, 251, 254, 255, 214, 114, 111, 55, 125,
       231, 183, 253, 111, 246, 221, 111, 254, 254, 235, 239, 60, 101,
       254, 222, 122, 219, 125, 122, 93, 245, 46, 183, 54, 245, 110, 159,
       174, 175, 207, 242, 29, 156, 93, 96, 243, 123, 251, 123, 127, 175,
       250, 45, 174, 228, 162, 59, 253, 161, 95, 188, 252, 206, 117, 189,
       63, 249, 229, 235, 252, 195, 96, 245, 38, 219, 119, 85, 252, 148,
       131, 122, 214, 51, 235, 223, 36, 87, 186, 83, 122, 233, 124, 124,
       92, 58, 175, 212, 119, 247, 111, 153, 172, 24, 13, 240, 29, 156,
       73, 16, 242, 51, 189, 90, 87, 32, 250, 62, 248, 239, 170, 62, 125,
       253, 255, 253, 254, 252, 255, 125, 62, 255, 238, 243, 252, 99, 99,
       245, 118, 209, 247, 125, 239, 181, 155, 123, 223, 127, 235, 247,
       44, 87, 190, 95, 122, 233, 124, 122, 93, 126, 47, 212, 55, 247,
       111, 153, 172, 24, 5, 240, 29, 156, 89, 16, 242, 59, 189, 91, 87,
       34, 250, 108, 32, 231, 178, 90, 231, 167, 127, 244, 252, 198, 55,
       253, 191, 179, 70, 235, 221, 99, 102, 241, 7, 195, 119, 76, 248,
       188, 173, 90, 204, 51, 235, 215, 36, 87, 186, 83, 120, 233, 116,
       120, 92, 56, 47, 213, 21, 247, 111, 153, 172, 24, 5, 240, 29, 156,
       73, 16, 242, 51, 189, 88, 87, 32, 250, 12, 34, 199, 162, 24, 32,
       160, 126, 112, 184, 194, 49, 97, 3, 131, 67, 226, 220, 1, 96, 193,
       0, 205, 115, 76, 136, 160, 131, 82, 12, 49, 202, 117, 36, 84, 186,
       83, 120, 33, 116, 216, 84, 24, 14, 192, 5, 195, 79, 153, 172, 24,
       5, 240, 29, 156, 73, 16, 242, 51, 188, 88, 87, 32, 250, 237, 38,
       247, 179, 81, 39, 35, 254, 196, 255, 194, 51, 99, 171, 147, 70,
       234, 213, 35, 101, 105, 133, 231, 53, 76, 216, 184, 143, 82, 12,
       48, 235, 81, 36, 84, 186, 82, 120, 1, 116, 80, 84, 56, 14, 193,
       21, 193, 108, 153, 172, 24, 5, 240, 29, 156, 73, 16, 242, 51, 189,
       88, 86, 32, 250, 9, 150, 6, 35, 221, 176, 163, 216, 56, 187, 194,
       79, 168, 25, 33, 5, 234, 253, 137, 114, 232, 3, 143, 120, 102,
       216, 56, 166, 222, 7, 35, 215, 125, 229, 93, 57, 113, 241, 45, 38,
       93, 68, 90, 14, 65, 1, 218, 17, 152, 92, 24, 37, 245, 189, 140,
       105, 16, 244, 183, 140, 192, 87, 32, 126, 242, 221, 251, 222, 34,
       79, 93, 39, 79, 229, 61, 158, 63, 254, 246, 254, 255, 211, 52,
       111, 30, 173, 227, 39, 223, 223, 183, 61, 67, 186, 214, 41, 194,
       39, 101, 254, 194, 125, 251, 252, 114, 223, 189, 111, 157, 30,
       245, 46, 213, 164, 83, 197, 248, 31, 148, 75, 17, 242, 113, 251,
       89, 116, 35, 250, 190, 249, 127, 252, 54, 125, 249, 255, 255, 222,
       255, 253, 127, 126, 253, 253, 251, 212, 127, 111, 117, 186, 164,
       54, 237, 191, 247, 25, 223, 95, 126, 185, 240, 100, 63, 254, 214,
       119, 217, 245, 219, 223, 59, 62, 214, 150, 244, 108, 137, 173, 94,
       5, 248, 31, 159, 77, 144, 242, 59, 188, 95, 30, 34, 185, 220, 57,
       219, 247, 48, 70, 121, 238, 210, 166, 87, 150, 87, 230, 147, 90,
       251, 215, 56, 111, 14, 173, 230, 51, 141, 219, 182, 253, 66, 168,
       54, 43, 215, 37, 117, 251, 82, 124, 193, 85, 112, 92, 185, 110,
       255, 28, 225, 110, 217, 172, 56, 151, 240, 29, 188, 73, 80, 242,
       49, 249, 88, 23, 33, 250, 41, 34, 229, 162, 27, 37, 161, 126, 244,
       252, 214, 117, 121, 62, 179, 68, 234, 212, 67, 96, 240, 34, 197,
       119, 76, 168, 164, 139, 82, 8, 49, 235, 213, 36, 85, 186, 83, 120,
       169, 116, 88, 84, 24, 14, 196, 5, 193, 111, 153, 172, 24, 5, 240,
       29, 156, 73, 16, 242, 51, 188, 88, 23, 32, 250, 63, 181, 253, 190,
       55, 119, 29, 127, 247, 212, 253, 176, 125, 190, 183, 94, 251, 244,
       99, 115, 245, 119, 211, 119, 221, 171, 244, 25, 115, 156, 116,
       233, 215, 44, 87, 190, 82, 120, 233, 124, 120, 95, 56, 47, 212,
       20, 245, 111, 153, 172, 24, 5, 240, 29, 156, 73, 16, 242, 51, 189,
       88, 87, 32, 250, 204, 137, 175, 220, 98, 95, 220, 247, 25, 252,
       15, 199, 82, 244, 63, 170, 141, 9, 248, 175, 150, 189, 86, 195,
       251, 103, 150, 246, 105, 231, 150, 98, 207, 19, 99, 97, 222, 204,
       254, 41, 112, 61, 229, 103, 191, 60, 55, 235, 255, 234, 169, 223,
       209, 125, 56, 222, 119, 207, 95, 255, 115, 121, 217, 202, 46, 191,
       238, 248, 54, 255, 244, 87, 61, 254, 222, 245, 222, 52, 63, 255,
       249, 185, 227, 251, 245, 119, 83, 247, 245, 127, 244, 247, 108,
       215, 247, 226, 223, 120, 199, 172, 255, 122, 249, 124, 120, 29,
       122, 45, 213, 117, 247, 111, 185, 238, 136, 15, 242, 29, 216, 93,
       54, 243, 55, 181, 123, 251, 104, 218, 60, 50, 253, 170, 63, 191,
