%YAML:1.0
descriptors: !!opencv-matrix
   rows: 88
   cols: 64
   dt: u
   data: [ 47, 182, 125, 190, 63, 189, 189, 89, 247, 254, 135, 225, 253,
       127, 189, 85, 255, 254, 99, 243, 245, 118, 83, 247, 213, 191, 229,
       255, 122, 222, 245, 227, 223, 44, 87, 190, 219, 120, 233, 125,
       120, 92, 58, 47, 212, 117, 247, 111, 185, 172, 24, 5, 240, 29,
       156, 73, 16, 242, 51, 189, 122, 215, 40, 250, 63, 220, 253, 252,
       63, 253, 253, 121, 191, 253, 220, 253, 255, 125, 124, 125, 253,
       255, 99, 251, 244, 118, 210, 127, 245, 255, 245, 255, 127, 215,
       255, 239, 223, 108, 215, 190, 255, 120, 249, 125, 124, 221, 123,
       175, 213, 117, 247, 111, 185, 174, 152, 13, 240, 29, 158, 93, 56,
       242, 119, 191, 250, 223, 44, 250, 62, 177, 253, 254, 55, 127, 127,
       127, 215, 254, 253, 181, 125, 126, 191, 126, 255, 223, 99, 115,
       245, 47, 195, 119, 205, 255, 247, 255, 82, 30, 247, 235, 223, 44,
       85, 190, 211, 120, 233, 117, 120, 92, 57, 47, 213, 53, 247, 111,
       153, 172, 24, 5, 240, 29, 156, 73, 16, 242, 51, 189, 88, 87, 32,
       250, 124, 176, 253, 223, 63, 183, 251, 124, 127, 255, 213, 253,
       253, 126, 185, 70, 254, 223, 65, 99, 253, 49, 195, 251, 201, 106,
       224, 254, 80, 205, 245, 239, 223, 36, 87, 186, 83, 120, 233, 117,
       112, 92, 121, 47, 213, 21, 247, 111, 153, 172, 24, 5, 240, 29,
       156, 73, 16, 242, 51, 189, 88, 87, 32, 250, 62, 179, 253, 254, 63,
       253, 253, 126, 247, 254, 223, 247, 253, 126, 187, 87, 255, 255,
       99, 115, 245, 119, 211, 119, 221, 254, 244, 255, 122, 222, 247,
       235, 223, 44, 87, 190, 223, 120, 249, 125, 120, 93, 63, 47, 213,
       53, 247, 111, 153, 172, 24, 5, 242, 29, 156, 73, 16, 242, 51, 189,
       90, 87, 32, 250, 47, 38, 237, 186, 63, 63, 63, 95, 244, 254, 215,
       178, 121, 63, 187, 71, 139, 253, 67, 243, 245, 39, 209, 118, 93,
       250, 148, 131, 82, 156, 49, 203, 215, 44, 87, 186, 91, 120, 233,
       124, 120, 92, 56, 47, 213, 117, 247, 111, 153, 172, 24, 5, 240,
       29, 156, 73, 16, 242, 51, 189, 88, 87, 32, 250, 190, 240, 125,
       247, 255, 109, 251, 248, 220, 63, 249, 123, 111, 74, 214, 252,
       242, 212, 87, 115, 253, 170, 173, 190, 174, 171, 231, 187, 219,
       127, 119, 255, 123, 173, 156, 255, 255, 119, 241, 247, 219, 206,
       215, 30, 218, 55, 139, 95, 175, 183, 94, 135, 232, 190, 157, 65,
       212, 178, 247, 251, 254, 30, 34, 189, 243, 212, 28, 223, 239, 156,
       223, 129, 63, 255, 61, 202, 158, 121, 54, 31, 244, 247, 60, 187,
       206, 119, 211, 106, 249, 215, 247, 126, 27, 57, 215, 107, 215,
       188, 80, 53, 250, 73, 250, 235, 114, 94, 105, 109, 147, 20, 245,
       63, 145, 136, 24, 5, 244, 9, 156, 235, 17, 243, 50, 61, 80, 85,
       34, 251, 60, 54, 241, 35, 157, 224, 169, 93, 212, 122, 194, 53,
       101, 71, 139, 85, 250, 174, 195, 80, 249, 34, 95, 156, 148, 152,
       114, 203, 218, 95, 227, 238, 77, 142, 223, 182, 181, 182, 105,
       119, 237, 68, 82, 138, 103, 225, 171, 115, 184, 126, 88, 106, 230,
       148, 92, 113, 142, 178, 199, 163, 190, 7, 233, 86, 62, 53, 245,
       246, 55, 39, 125, 123, 198, 68, 209, 51, 109, 206, 150, 84, 251,
       214, 67, 118, 51, 174, 145, 118, 158, 254, 246, 153, 210, 184,
       116, 173, 70, 47, 52, 158, 198, 120, 81, 93, 25, 203, 149, 239,
       205, 57, 205, 14, 138, 180, 209, 137, 98, 190, 148, 81, 104, 178,
       121, 219, 127, 15, 44, 246, 61, 254, 116, 105, 153, 248, 164, 216,
       121, 58, 234, 253, 100, 127, 237, 249, 251, 170, 163, 210, 229,
       98, 29, 124, 229, 93, 113, 227, 223, 71, 235, 247, 221, 194, 223,
       182, 53, 178, 233, 118, 111, 92, 122, 165, 84, 211, 246, 115, 184,
       253, 28, 36, 244, 21, 200, 73, 150, 240, 175, 165, 154, 99, 161,
       6, 210, 208, 18, 135, 203, 130, 154, 129, 14, 97, 21, 79, 182, 70,
       67, 24, 118, 147, 60, 150, 200, 13, 143, 104, 170, 214, 121, 111,
       146, 171, 147, 63, 55, 165, 25, 81, 114, 69, 238, 66, 65, 72, 4,
       72, 137, 28, 216, 21, 197, 140, 16, 5, 188, 2, 156, 235, 81, 122,
       48, 57, 84, 21, 16, 188, 126, 249, 125, 126, 48, 122, 125, 79,
       227, 34, 237, 184, 125, 247, 236, 250, 251, 134, 39, 111, 47, 248,
       101, 55, 197, 223, 227, 253, 99, 46, 254, 168, 146, 6, 101, 158,
       2, 112, 251, 118, 62, 219, 185, 97, 247, 223, 245, 46, 201, 167,
       102, 86, 232, 29, 182, 77, 152, 242, 105, 191, 121, 86, 225, 178,
       108, 14, 230, 160, 66, 111, 39, 119, 173, 212, 202, 149, 91, 189,
       250, 238, 233, 249, 123, 109, 117, 7, 208, 243, 95, 125, 157, 132,
       96, 150, 58, 201, 221, 37, 103, 187, 83, 122, 237, 124, 124, 20,
       56, 175, 77, 123, 118, 236, 157, 172, 152, 8, 241, 93, 157, 73,
       80, 254, 51, 189, 88, 87, 32, 250, 201, 203, 206, 232, 81, 123,
       225, 246, 53, 156, 108, 221, 14, 185, 223, 171, 235, 221, 249,
       111, 244, 15, 236, 179, 107, 127, 29, 166, 125, 71, 50, 255, 253,
       99, 113, 185, 87, 124, 253, 52, 123, 95, 58, 39, 95, 63, 119, 238,
       157, 168, 127, 149, 241, 125, 140, 76, 80, 252, 35, 253, 89, 87,
       6, 251, 92, 41, 155, 220, 34, 71, 120, 231, 2, 162, 85, 148, 82,
       128, 147, 90, 173, 217, 50, 111, 15, 189, 230, 147, 141, 203, 182,
       205, 65, 44, 182, 40, 82, 52, 53, 235, 10, 124, 194, 85, 48, 72,
       181, 110, 191, 28, 129, 110, 155, 168, 58, 215, 112, 29, 52, 73,
       208, 243, 57, 249, 89, 54, 97, 243, 125, 51, 255, 120, 54, 55, 59,
       254, 244, 190, 240, 176, 109, 203, 147, 95, 242, 244, 75, 110,
       121, 243, 215, 191, 140, 169, 230, 157, 91, 92, 116, 233, 123, 44,
       150, 191, 214, 60, 17, 245, 254, 74, 187, 142, 210, 241, 129, 94,
       186, 188, 28, 1, 226, 189, 156, 85, 136, 182, 115, 222, 254, 214,
       46, 177, 179, 245, 125, 142, 183, 157, 31, 25, 239, 71, 189, 250,
       189, 126, 252, 85, 255, 246, 102, 240, 87, 114, 145, 100, 245,
       247, 241, 121, 182, 186, 223, 41, 198, 108, 215, 158, 202, 120,
       235, 125, 52, 223, 60, 45, 212, 84, 244, 46, 145, 174, 144, 13,
       250, 29, 159, 89, 56, 242, 48, 61, 88, 223, 44, 250, 47, 228, 109,
       170, 23, 149, 29, 9, 245, 206, 185, 250, 189, 43, 180, 79, 130,
       117, 33, 113, 193, 118, 211, 125, 85, 156, 163, 59, 90, 88, 53,
       105, 215, 36, 94, 186, 82, 120, 169, 124, 118, 78, 60, 45, 214,
       20, 245, 127, 153, 172, 24, 5, 224, 29, 156, 73, 24, 242, 51, 189,
       88, 87, 34, 243, 179, 221, 152, 222, 35, 76, 84, 7, 103, 64, 61,
       200, 62, 250, 36, 30, 255, 146, 36, 179, 6, 124, 225, 39, 251,
       151, 227, 121, 51, 186, 212, 105, 146, 38, 48, 214, 194, 72, 250,
       248, 50, 219, 173, 105, 156, 20, 245, 110, 211, 160, 147, 140, 60,
       1, 178, 77, 57, 115, 112, 123, 81, 125, 129, 219, 60, 182, 117,
       166, 52, 60, 167, 121, 204, 92, 210, 115, 225, 19, 216, 197, 122,
       236, 199, 220, 113, 2, 17, 212, 209, 61, 93, 161, 252, 158, 226,
       128, 76, 104, 223, 182, 253, 58, 137, 53, 237, 84, 50, 183, 197,
       225, 182, 108, 184, 181, 137, 10, 242, 29, 155, 81, 38, 242, 23,
       164, 106, 215, 108, 90, 70, 36, 209, 136, 0, 10, 4, 71, 66, 66,
       42, 16, 80, 166, 143, 82, 195, 0, 1, 100, 9, 128, 9, 0, 94, 133,
       40, 9, 130, 140, 16, 1, 80, 4, 85, 154, 0, 116, 5, 84, 32, 64, 28,
       9, 68, 28, 100, 132, 17, 36, 16, 4, 34, 24, 5, 9, 136, 96, 1, 48,
       76, 68, 32, 160, 63, 54, 105, 39, 52, 116, 191, 188, 208, 158,
       221, 117, 97, 30, 147, 97, 59, 236, 67, 212, 113, 3, 71, 212, 168,
       41, 252, 129, 86, 28, 227, 168, 108, 44, 141, 190, 223, 56, 9, 93,
       121, 72, 51, 174, 196, 97, 182, 108, 58, 190, 137, 11, 240, 28,
       88, 81, 38, 179, 23, 208, 42, 147, 108, 90, 46, 234, 76, 171, 223,
       121, 162, 181, 121, 88, 222, 119, 124, 55, 235, 225, 203, 216,
       129, 244, 97, 80, 141, 244, 99, 93, 25, 129, 255, 94, 58, 145,
       220, 100, 93, 242, 127, 114, 13, 52, 253, 85, 26, 30, 85, 135,
       118, 228, 153, 61, 95, 4, 210, 7, 138, 73, 22, 224, 47, 180, 74,
       75, 36, 208, 169, 54, 68, 34, 221, 104, 163, 120, 232, 28, 202,
