%YAML:1.0
descriptors: !!opencv-matrix
   rows: 55
   cols: 64
   dt: u
   data: [ 63, 182, 253, 175, 62, 253, 191, 121, 255, 254, 223, 253, 253,
       127, 189, 116, 251, 255, 99, 115, 245, 119, 211, 255, 221, 255,
       245, 255, 126, 223, 247, 235, 223, 44, 85, 190, 219, 120, 233,
       124, 124, 92, 120, 47, 213, 53, 247, 111, 153, 172, 24, 5, 240,
       29, 156, 73, 16, 242, 51, 189, 90, 87, 32, 250, 61, 255, 255, 222,
       63, 253, 221, 123, 255, 252, 221, 255, 255, 127, 252, 124, 255,
       247, 99, 123, 245, 111, 211, 247, 253, 254, 247, 255, 126, 223,
       247, 235, 223, 44, 87, 190, 222, 120, 249, 125, 120, 93, 59, 175,
       213, 53, 245, 111, 153, 172, 24, 13, 240, 29, 156, 73, 16, 242,
       115, 189, 122, 87, 40, 250, 16, 49, 153, 150, 55, 131, 92, 122,
       214, 0, 149, 241, 113, 70, 180, 82, 254, 151, 98, 147, 199, 47,
       193, 199, 200, 18, 226, 76, 82, 140, 149, 104, 207, 44, 87, 190,
       90, 120, 235, 117, 112, 92, 53, 47, 245, 52, 181, 111, 153, 174,
       24, 7, 240, 29, 156, 65, 16, 243, 51, 189, 120, 87, 32, 250, 62,
       176, 253, 167, 190, 181, 191, 121, 253, 255, 222, 249, 253, 127,
       185, 85, 255, 255, 99, 243, 245, 119, 211, 255, 221, 254, 245,
       255, 122, 213, 245, 239, 223, 44, 87, 190, 223, 120, 233, 124,
       124, 93, 122, 47, 213, 53, 247, 111, 153, 172, 24, 5, 240, 29,
       156, 73, 24, 242, 51, 189, 90, 87, 32, 250, 62, 188, 255, 255, 62,
       253, 255, 125, 253, 255, 253, 249, 253, 122, 191, 95, 255, 223,
       99, 107, 245, 119, 195, 127, 237, 239, 231, 255, 94, 85, 245, 239,
       215, 36, 85, 190, 215, 120, 249, 117, 120, 93, 123, 47, 213, 21,
       247, 111, 153, 172, 24, 5, 240, 29, 156, 73, 16, 242, 51, 189, 90,
       87, 32, 250, 61, 182, 253, 35, 255, 255, 187, 120, 252, 255, 214,
       127, 237, 127, 185, 101, 242, 253, 99, 98, 245, 103, 219, 255, 77,
       250, 188, 175, 94, 95, 115, 239, 223, 44, 87, 190, 83, 120, 233,
       116, 120, 92, 58, 47, 213, 113, 247, 111, 153, 172, 24, 5, 240,
       29, 156, 73, 16, 242, 51, 189, 90, 87, 32, 250, 60, 253, 255, 252,
       62, 255, 249, 127, 253, 254, 245, 249, 255, 250, 190, 126, 251,
       221, 115, 107, 247, 127, 211, 247, 253, 235, 247, 255, 123, 221,
       247, 235, 223, 44, 87, 190, 223, 120, 249, 125, 122, 223, 251, 47,
       213, 53, 247, 111, 153, 172, 24, 5, 240, 29, 156, 73, 16, 242,
       115, 191, 123, 87, 34, 251, 187, 150, 16, 227, 255, 176, 131, 153,
       190, 251, 18, 79, 173, 93, 105, 21, 126, 247, 157, 186, 204, 39,
       155, 124, 224, 222, 121, 102, 222, 83, 227, 127, 151, 235, 219,
       53, 119, 219, 236, 35, 229, 92, 74, 92, 213, 133, 249, 51, 188,
       221, 24, 37, 245, 229, 156, 235, 87, 222, 182, 143, 210, 95, 52,
       254, 191, 245, 125, 254, 255, 191, 223, 25, 255, 95, 181, 250,
       189, 123, 180, 85, 242, 247, 86, 115, 247, 123, 147, 118, 252,
       254, 227, 63, 126, 123, 245, 235, 215, 108, 158, 190, 218, 121,
       251, 253, 118, 223, 123, 239, 209, 16, 245, 111, 153, 190, 24, 13,
       240, 29, 158, 89, 56, 246, 115, 191, 250, 223, 46, 251, 175, 212,
       109, 169, 191, 189, 159, 24, 189, 87, 189, 250, 175, 59, 228, 93,
       128, 245, 38, 49, 224, 82, 184, 124, 100, 183, 25, 51, 255, 123,
       95, 123, 149, 236, 158, 218, 226, 121, 185, 183, 214, 223, 110,
       29, 208, 82, 244, 17, 144, 189, 16, 12, 200, 181, 207, 61, 56,
       182, 48, 60, 222, 223, 46, 185, 4, 34, 1, 161, 8, 192, 170, 228,
       0, 186, 66, 21, 64, 4, 155, 0, 10, 76, 129, 66, 192, 33, 206, 88,
       13, 136, 8, 133, 0, 12, 49, 94, 117, 0, 93, 170, 16, 250, 9, 4,
       128, 68, 16, 14, 66, 132, 65, 107, 24, 44, 24, 5, 240, 29, 156,
       72, 128, 98, 19, 172, 72, 7, 32, 242, 4, 34, 195, 177, 16, 160,
       168, 77, 0, 234, 64, 53, 65, 2, 131, 66, 10, 76, 129, 98, 192, 33,
       198, 27, 12, 136, 162, 5, 82, 8, 49, 75, 117, 36, 61, 186, 48,
       124, 1, 84, 192, 64, 24, 10, 66, 4, 65, 94, 25, 44, 56, 5, 240,
       28, 156, 72, 144, 226, 35, 156, 72, 6, 32, 243, 61, 54, 117, 32,
       62, 189, 169, 121, 228, 94, 210, 115, 237, 59, 184, 69, 242, 253,
       67, 96, 241, 38, 209, 247, 220, 184, 164, 139, 82, 28, 113, 233,
       223, 44, 87, 190, 91, 56, 169, 124, 120, 92, 56, 175, 212, 113,
       246, 111, 153, 172, 24, 5, 240, 29, 156, 73, 16, 242, 51, 189, 88,
       87, 32, 250, 45, 54, 101, 32, 62, 55, 163, 126, 180, 254, 210, 53,
       77, 61, 177, 69, 224, 253, 195, 106, 241, 99, 212, 247, 76, 40,
       172, 150, 124, 84, 113, 235, 255, 40, 215, 184, 87, 120, 169, 117,
       124, 92, 26, 46, 213, 225, 211, 111, 184, 172, 24, 5, 240, 29,
       156, 73, 22, 242, 55, 157, 90, 215, 36, 250, 62, 51, 113, 182, 54,
       79, 153, 75, 198, 206, 187, 116, 117, 78, 249, 118, 227, 212, 35,
       99, 197, 36, 192, 119, 77, 223, 165, 13, 82, 10, 50, 121, 214, 36,
       85, 186, 82, 120, 233, 116, 112, 92, 56, 47, 212, 22, 245, 110,
       153, 172, 24, 5, 240, 29, 156, 73, 16, 242, 51, 189, 88, 87, 32,
       250, 124, 40, 255, 220, 58, 223, 89, 111, 207, 230, 215, 180, 93,
       190, 187, 230, 251, 212, 66, 107, 159, 49, 198, 51, 93, 171, 164,
       31, 66, 157, 53, 235, 215, 36, 85, 186, 82, 122, 233, 94, 176, 93,
       117, 46, 212, 22, 229, 111, 155, 172, 25, 5, 240, 29, 156, 89, 16,
       242, 59, 189, 89, 86, 32, 254, 190, 252, 125, 175, 55, 125, 253,
       253, 255, 223, 252, 253, 127, 62, 254, 255, 251, 246, 119, 123,
       117, 242, 245, 54, 253, 239, 245, 187, 127, 223, 255, 251, 245,
       44, 151, 254, 222, 123, 233, 245, 122, 223, 127, 63, 212, 55, 244,
       108, 153, 172, 158, 13, 248, 29, 156, 93, 16, 242, 59, 188, 91,
       223, 46, 251, 61, 254, 111, 233, 62, 125, 163, 253, 253, 254, 254,
       181, 125, 63, 251, 228, 251, 252, 203, 106, 245, 114, 220, 60,
       125, 173, 44, 131, 255, 223, 123, 255, 245, 100, 85, 250, 86, 114,
       233, 124, 254, 85, 90, 62, 84, 167, 114, 101, 153, 45, 30, 13,
       240, 29, 143, 77, 16, 240, 43, 188, 219, 223, 42, 252, 69, 34,
       209, 5, 216, 130, 139, 76, 138, 43, 130, 55, 193, 67, 131, 65,
       226, 213, 1, 96, 201, 33, 202, 120, 12, 136, 168, 47, 146, 9, 49,
       79, 87, 165, 84, 187, 80, 250, 37, 86, 208, 68, 8, 14, 193, 28,
       201, 19, 153, 44, 24, 5, 240, 28, 156, 73, 16, 242, 51, 188, 88,
       87, 32, 240, 127, 180, 251, 167, 255, 164, 219, 204, 158, 255,
       210, 127, 173, 75, 147, 85, 234, 213, 25, 99, 205, 33, 206, 120,
       108, 202, 186, 47, 86, 41, 49, 111, 119, 165, 93, 187, 114, 249,
       237, 118, 209, 76, 106, 14, 211, 20, 217, 51, 153, 172, 24, 5,
       240, 181, 156, 105, 16, 242, 179, 189, 220, 87, 48, 247, 62, 253,
       255, 255, 63, 253, 221, 127, 255, 254, 221, 253, 127, 126, 253,
       222, 255, 246, 98, 251, 247, 127, 215, 255, 253, 255, 247, 255,
       127, 255, 255, 239, 207, 124, 199, 190, 254, 121, 250, 125, 124,
       221, 255, 111, 247, 245, 247, 111, 191, 174, 155, 79, 242, 29,
       220, 93, 61, 243, 255, 255, 251, 255, 239, 254, 62, 124, 97, 170,
       223, 105, 37, 91, 216, 106, 250, 53, 113, 6, 233, 241, 243, 188,
       67, 80, 241, 16, 29, 157, 199, 140, 104, 137, 210, 94, 123, 251,
       104, 44, 215, 190, 91, 114, 137, 116, 186, 84, 22, 14, 84, 215,
       166, 197, 152, 44, 24, 4, 226, 29, 77, 65, 148, 176, 47, 188, 24,
       70, 34, 48, 2, 130, 131, 165, 216, 128, 170, 192, 0, 187, 0, 95,
       192, 65, 131, 17, 226, 213, 1, 98, 192, 37, 202, 120, 78, 202, 58,
       47, 214, 9, 51, 95, 119, 165, 93, 155, 82, 124, 109, 118, 65, 64,
       24, 14, 195, 4, 217, 83, 153, 172, 24, 5, 240, 28, 156, 73, 16,
       242, 51, 157, 92, 87, 32, 242, 7, 51, 81, 162, 221, 128, 5, 72,
       198, 6, 1, 114, 161, 74, 176, 81, 226, 213, 1, 96, 193, 38, 129,
       119, 78, 152, 164, 13, 18, 8, 49, 105, 86, 36, 84, 154, 66, 120,
       1, 84, 64, 64, 24, 10, 192, 20, 192, 79, 153, 44, 24, 4, 112, 28,
       156, 73, 16, 242, 51, 188, 88, 87, 32, 248, 252, 249, 255, 253,
       118, 127, 251, 255, 223, 253, 255, 255, 127, 254, 255, 254, 255,
