%YAML:1.0
descriptors: !!opencv-matrix
   rows: 86
   cols: 64
   dt: u
   data: [ 63, 247, 125, 254, 63, 253, 253, 121, 255, 254, 221, 249, 253,
       127, 253, 215, 255, 254, 227, 251, 247, 122, 219, 255, 253, 191,
       231, 251, 127, 255, 253, 239, 207, 254, 255, 190, 255, 248, 251,
       127, 125, 253, 255, 239, 246, 245, 247, 111, 187, 254, 153, 79,
       246, 29, 222, 93, 63, 243, 255, 255, 251, 255, 173, 254, 255, 254,
       127, 239, 255, 253, 223, 152, 255, 127, 188, 251, 175, 123, 254,
       253, 247, 247, 63, 123, 253, 71, 187, 124, 231, 255, 121, 127,
       255, 123, 247, 255, 215, 237, 223, 255, 250, 249, 253, 247, 119,
       94, 106, 191, 213, 155, 252, 53, 156, 253, 28, 37, 252, 183, 159,
       239, 112, 244, 183, 191, 222, 223, 60, 190, 252, 254, 247, 253,
       255, 127, 255, 255, 253, 253, 254, 255, 255, 254, 251, 253, 251,
       213, 127, 111, 125, 143, 191, 61, 127, 255, 63, 175, 223, 95, 126,
       191, 225, 39, 127, 251, 82, 119, 237, 246, 123, 94, 120, 62, 221,
       159, 220, 181, 205, 173, 94, 181, 249, 255, 141, 75, 208, 252, 97,
       188, 94, 78, 50, 188, 255, 254, 126, 239, 255, 253, 223, 152, 255,
       255, 189, 250, 175, 123, 246, 253, 247, 247, 62, 255, 239, 247,
       179, 124, 239, 255, 255, 127, 255, 59, 255, 191, 215, 237, 223,
       223, 210, 125, 253, 247, 119, 222, 105, 61, 213, 30, 252, 53, 157,
       189, 16, 5, 248, 183, 158, 111, 88, 246, 49, 191, 252, 223, 50,
       191, 255, 250, 255, 239, 255, 127, 255, 248, 255, 255, 252, 251,
       191, 250, 254, 253, 251, 247, 127, 127, 125, 223, 191, 124, 111,
       255, 127, 63, 255, 91, 126, 191, 242, 111, 222, 223, 214, 117,
       253, 255, 127, 223, 251, 63, 223, 191, 252, 181, 141, 189, 86,
       133, 251, 191, 143, 239, 240, 252, 113, 159, 223, 223, 48, 189,
       236, 235, 231, 253, 112, 127, 247, 247, 189, 253, 238, 255, 223,
       247, 255, 238, 171, 221, 255, 111, 127, 205, 238, 179, 95, 255,
       159, 183, 237, 207, 50, 191, 215, 39, 117, 251, 86, 255, 253, 124,
       252, 125, 248, 55, 223, 62, 127, 243, 157, 172, 124, 245, 209,
       127, 157, 78, 80, 252, 115, 189, 95, 87, 49, 250, 255, 255, 255,
       245, 255, 255, 223, 248, 255, 119, 255, 250, 255, 255, 254, 221,
       251, 245, 63, 111, 111, 221, 171, 124, 111, 255, 59, 63, 255, 95,
       118, 191, 210, 103, 92, 219, 66, 125, 253, 246, 117, 223, 120, 63,
       221, 30, 253, 181, 205, 189, 22, 133, 249, 255, 143, 239, 88, 252,
       49, 191, 221, 95, 48, 186, 220, 169, 255, 253, 112, 119, 251, 247,
       217, 191, 237, 157, 83, 228, 155, 234, 171, 205, 251, 111, 63,
       173, 102, 155, 159, 111, 182, 246, 73, 199, 54, 254, 255, 19, 37,
       235, 149, 253, 255, 117, 122, 60, 179, 118, 255, 189, 91, 254,
       255, 172, 111, 247, 209, 127, 28, 204, 215, 255, 91, 235, 127,
       119, 211, 246, 187, 218, 92, 111, 255, 185, 254, 24, 127, 187,
       244, 235, 174, 123, 100, 93, 124, 187, 189, 251, 229, 127, 91,
       127, 161, 127, 243, 254, 127, 119, 231, 246, 159, 248, 218, 52,
       255, 217, 248, 115, 127, 223, 235, 109, 245, 117, 255, 127, 191,
       219, 152, 79, 252, 165, 218, 253, 63, 215, 247, 183, 179, 251,
       252, 95, 251, 220, 218, 239, 255, 144, 223, 136, 255, 251, 61,
       251, 191, 123, 102, 93, 255, 183, 60, 179, 205, 119, 219, 125,
       245, 215, 249, 127, 126, 123, 247, 127, 151, 237, 223, 55, 251,
       217, 248, 127, 101, 95, 107, 105, 213, 93, 253, 63, 221, 254, 24,
       7, 244, 165, 252, 239, 24, 247, 182, 189, 250, 223, 56, 254, 236,
       171, 239, 249, 250, 255, 227, 255, 157, 255, 238, 255, 211, 246,
       251, 238, 203, 221, 251, 111, 127, 189, 206, 243, 95, 255, 159,
       167, 209, 207, 54, 187, 215, 7, 85, 251, 83, 253, 253, 116, 120,
       125, 244, 55, 221, 29, 127, 243, 157, 172, 56, 181, 211, 125, 156,
       72, 80, 252, 115, 191, 93, 87, 33, 250, 47, 246, 125, 174, 63,
       253, 181, 88, 245, 124, 206, 245, 125, 63, 252, 117, 251, 252,
       199, 113, 245, 114, 209, 118, 117, 191, 229, 179, 126, 223, 125,
       235, 223, 108, 87, 190, 247, 120, 233, 125, 124, 93, 122, 175,
       212, 113, 247, 111, 185, 172, 152, 13, 240, 29, 158, 93, 62, 242,
       55, 189, 250, 215, 44, 250, 45, 54, 117, 166, 25, 237, 161, 125,
       245, 124, 206, 117, 125, 127, 185, 101, 242, 252, 195, 98, 245,
       98, 217, 246, 93, 168, 164, 147, 122, 222, 121, 239, 223, 100, 87,
       186, 87, 122, 233, 124, 125, 85, 26, 167, 196, 115, 247, 111, 185,
       172, 152, 13, 240, 29, 156, 73, 56, 242, 51, 189, 90, 87, 36, 250,
       29, 178, 117, 116, 60, 177, 253, 120, 240, 188, 214, 113, 237,
       123, 129, 65, 226, 220, 131, 106, 229, 40, 200, 255, 172, 170,
       166, 155, 126, 77, 113, 239, 223, 100, 84, 186, 86, 248, 249, 117,
       125, 92, 251, 14, 228, 161, 211, 79, 153, 188, 25, 5, 240, 29,
       157, 73, 20, 242, 51, 159, 216, 87, 36, 254, 63, 182, 124, 169,
       191, 189, 175, 89, 62, 126, 218, 121, 237, 30, 249, 85, 242, 252,
       131, 112, 241, 114, 155, 120, 68, 188, 233, 123, 94, 95, 253, 255,
       213, 228, 223, 186, 118, 120, 169, 117, 116, 93, 90, 13, 212, 133,
       214, 77, 152, 189, 24, 5, 242, 29, 221, 89, 16, 242, 183, 188,
       218, 223, 44, 240, 61, 183, 125, 124, 63, 181, 253, 122, 244, 252,
       212, 241, 237, 123, 145, 69, 242, 252, 195, 107, 245, 110, 209,
       247, 221, 170, 230, 159, 126, 93, 117, 239, 223, 110, 85, 190,
       215, 56, 249, 125, 124, 92, 187, 175, 212, 241, 247, 111, 185,
       172, 25, 13, 240, 29, 156, 69, 52, 242, 119, 159, 250, 215, 45,
       250, 61, 181, 253, 252, 62, 181, 125, 115, 240, 254, 213, 241,
       253, 115, 180, 86, 242, 222, 67, 107, 247, 124, 209, 255, 157, 42,
       230, 223, 106, 253, 245, 239, 215, 44, 5, 190, 223, 120, 249, 125,
       120, 223, 251, 47, 246, 53, 247, 111, 187, 174, 24, 71, 240, 29,
       156, 93, 28, 243, 115, 191, 251, 215, 104, 255, 88, 153, 158, 255,
       38, 115, 248, 182, 83, 186, 213, 141, 126, 244, 15, 186, 61, 139,
       248, 219, 247, 125, 231, 155, 171, 107, 242, 254, 105, 245, 246,
       226, 223, 26, 161, 101, 255, 77, 250, 105, 120, 61, 247, 111, 255,
       53, 183, 111, 255, 202, 175, 223, 244, 125, 120, 213, 119, 247,
       255, 243, 179, 243, 205, 206, 115, 246, 217, 175, 255, 156, 159,
       8, 239, 103, 21, 250, 175, 59, 180, 93, 254, 247, 60, 49, 205,
       103, 219, 109, 197, 215, 249, 63, 18, 59, 215, 111, 151, 172, 215,
       190, 242, 121, 233, 119, 96, 94, 104, 41, 213, 28, 245, 63, 153,
       172, 24, 5, 244, 21, 156, 107, 16, 242, 178, 189, 216, 87, 48,
       250, 47, 182, 69, 38, 191, 176, 139, 24, 240, 63, 128, 107, 236,
       27, 164, 81, 226, 245, 7, 240, 225, 98, 27, 124, 68, 152, 233, 63,
       94, 25, 97, 103, 215, 172, 222, 186, 122, 120, 169, 119, 116, 78,
       58, 15, 208, 81, 244, 77, 152, 188, 24, 5, 240, 29, 156, 73, 16,
       242, 179, 156, 216, 87, 32, 251, 29, 191, 255, 117, 56, 181, 253,
       114, 185, 189, 198, 251, 206, 125, 177, 73, 184, 233, 227, 235,
       245, 125, 82, 243, 249, 126, 150, 246, 108, 117, 245, 231, 223,
       88, 199, 164, 255, 184, 248, 61, 125, 61, 251, 167, 245, 97, 247,
       107, 187, 254, 169, 75, 240, 29, 152, 93, 63, 211, 215, 135, 250,
       251, 237, 222, 77, 138, 231, 169, 88, 255, 163, 254, 189, 252,
       206, 149, 209, 189, 187, 236, 203, 93, 251, 108, 244, 5, 206, 241,
       95, 233, 28, 164, 124, 198, 59, 203, 221, 3, 85, 187, 85, 250,
       237, 60, 120, 116, 58, 38, 85, 167, 119, 225, 157, 44, 28, 4, 209,
       93, 156, 8, 80, 236, 35, 189, 74, 71, 32, 250, 50, 117, 121, 158,
       19, 140, 29, 9, 198, 102, 57, 48, 61, 106, 180, 86, 242, 214, 4,
       96, 203, 32, 145, 38, 92, 150, 225, 9, 82, 152, 113, 105, 194, 36,
       84, 186, 66, 120, 193, 124, 114, 218, 56, 11, 212, 20, 229, 78,
       145, 172, 24, 5, 96, 29, 156, 73, 16, 242, 51, 189, 88, 86, 32,
       248, 46, 244, 109, 171, 63, 189, 151, 89, 253, 255, 214, 248, 189,
       59, 252, 85, 251, 245, 33, 121, 229, 119, 219, 125, 109, 221, 185,
