%YAML:1.0
descriptors: !!opencv-matrix
   rows: 50
   cols: 64
   dt: u
   data: [ 63, 252, 252, 254, 63, 253, 253, 63, 255, 254, 253, 233, 255,
       127, 60, 95, 253, 187, 227, 251, 245, 119, 91, 255, 241, 127, 247,
       254, 125, 247, 255, 231, 207, 248, 195, 36, 255, 153, 248, 123,
       124, 157, 255, 237, 245, 241, 247, 111, 187, 254, 137, 75, 246,
       29, 218, 85, 63, 247, 255, 191, 251, 251, 236, 222, 124, 169, 239,
       253, 50, 255, 249, 247, 221, 253, 222, 221, 95, 244, 255, 238,
       153, 221, 251, 43, 247, 125, 246, 191, 255, 111, 150, 246, 109,
       247, 126, 239, 239, 91, 231, 101, 255, 255, 250, 61, 122, 61, 247,
       118, 255, 183, 247, 235, 255, 234, 239, 255, 211, 125, 184, 92,
       239, 207, 255, 235, 251, 255, 207, 254, 251, 254, 93, 231, 255,
       184, 223, 152, 255, 123, 189, 251, 175, 123, 102, 93, 246, 247,
       60, 177, 237, 127, 187, 124, 231, 215, 123, 127, 255, 123, 207,
       127, 159, 237, 222, 87, 251, 217, 255, 247, 103, 223, 107, 121,
       209, 91, 252, 21, 228, 215, 24, 37, 238, 167, 223, 239, 120, 182,
       182, 63, 190, 221, 180, 29, 124, 173, 255, 253, 34, 127, 253, 247,
       253, 252, 254, 157, 95, 244, 127, 238, 189, 216, 251, 239, 245,
       125, 118, 147, 251, 111, 182, 246, 109, 215, 254, 235, 207, 90,
       99, 100, 255, 127, 248, 121, 122, 61, 247, 55, 255, 183, 247, 238,
       191, 234, 239, 223, 242, 93, 152, 92, 119, 215, 127, 255, 251,
       251, 203, 254, 187, 222, 124, 111, 255, 189, 223, 24, 255, 127,
       189, 251, 175, 127, 108, 221, 255, 247, 60, 187, 253, 119, 147,
       124, 227, 247, 251, 127, 255, 123, 223, 119, 159, 253, 222, 85,
       255, 89, 250, 127, 127, 223, 107, 253, 245, 115, 253, 63, 244,
       223, 152, 15, 254, 165, 223, 255, 62, 183, 246, 63, 243, 223, 190,
       158, 252, 233, 255, 253, 114, 127, 241, 255, 221, 253, 254, 191,
       95, 254, 219, 238, 235, 221, 251, 111, 63, 141, 230, 179, 127,
       239, 191, 183, 121, 207, 62, 191, 255, 39, 117, 251, 87, 255, 253,
       116, 122, 125, 251, 54, 255, 191, 127, 230, 221, 172, 127, 245,
       209, 127, 156, 76, 212, 252, 107, 255, 95, 71, 33, 254, 255, 252,
       127, 239, 255, 255, 223, 153, 255, 255, 189, 251, 175, 127, 254,
       253, 247, 247, 62, 191, 223, 127, 187, 124, 255, 215, 255, 127,
       255, 123, 255, 63, 215, 237, 223, 223, 250, 125, 255, 247, 115,
       223, 107, 253, 159, 30, 252, 53, 205, 255, 22, 45, 252, 167, 190,
       255, 80, 254, 240, 63, 255, 221, 60, 190, 236, 233, 255, 253, 114,
       119, 253, 255, 253, 253, 236, 187, 95, 250, 191, 238, 235, 221,
       251, 111, 127, 189, 230, 183, 95, 239, 183, 183, 121, 205, 54,
       171, 255, 39, 119, 251, 87, 125, 253, 124, 122, 127, 184, 63, 223,
       61, 119, 238, 157, 172, 62, 213, 241, 63, 156, 76, 80, 252, 115,
       255, 95, 87, 33, 251, 252, 253, 255, 247, 246, 255, 255, 255, 221,
       253, 254, 255, 255, 254, 251, 238, 251, 213, 127, 111, 127, 191,
       231, 55, 127, 255, 191, 191, 223, 223, 126, 191, 247, 39, 117,
       251, 86, 127, 253, 116, 121, 125, 253, 62, 223, 31, 253, 183, 157,
       172, 95, 149, 241, 63, 156, 77, 80, 252, 113, 255, 95, 95, 33,
       250, 255, 253, 251, 207, 255, 223, 223, 137, 255, 223, 61, 251,
       191, 126, 246, 125, 255, 247, 60, 191, 95, 127, 179, 108, 255,
       215, 255, 127, 255, 251, 215, 63, 135, 237, 223, 223, 250, 125,
       255, 127, 115, 223, 111, 253, 157, 92, 253, 53, 221, 191, 152, 13,
       248, 167, 188, 251, 112, 246, 112, 63, 255, 221, 56, 186, 108,
       175, 239, 248, 50, 127, 225, 255, 189, 252, 198, 247, 223, 255,
       191, 206, 235, 221, 227, 111, 245, 109, 210, 243, 93, 235, 150,
       183, 120, 204, 50, 235, 223, 38, 85, 186, 87, 122, 249, 124, 124,
       124, 184, 47, 213, 53, 119, 111, 153, 172, 24, 5, 240, 29, 156,
       77, 24, 242, 115, 189, 90, 87, 33, 250, 232, 207, 239, 249, 242,
       255, 247, 255, 189, 253, 222, 159, 219, 252, 251, 238, 139, 221,
       251, 111, 252, 221, 254, 187, 95, 255, 159, 166, 125, 215, 54,
       159, 215, 35, 117, 249, 86, 255, 253, 52, 120, 125, 250, 63, 95,
       189, 127, 243, 157, 136, 63, 189, 211, 255, 156, 76, 81, 236, 107,
       255, 223, 95, 17, 254, 246, 253, 251, 222, 127, 143, 95, 11, 231,
       103, 189, 250, 191, 234, 180, 95, 247, 247, 52, 247, 159, 191,
       211, 111, 255, 215, 243, 127, 83, 187, 214, 105, 131, 172, 22,
       223, 202, 125, 243, 119, 50, 219, 109, 233, 149, 28, 245, 47, 213,
       174, 16, 13, 104, 25, 188, 75, 24, 242, 113, 189, 89, 85, 58, 251,
       108, 45, 255, 184, 80, 231, 35, 127, 180, 244, 198, 53, 81, 255,
       187, 70, 235, 221, 99, 102, 245, 37, 198, 179, 95, 233, 164, 141,
       80, 12, 48, 235, 223, 38, 85, 186, 82, 120, 229, 116, 120, 84, 56,
       46, 85, 53, 231, 239, 153, 172, 24, 5, 240, 29, 156, 73, 16, 242,
       51, 189, 88, 86, 32, 250, 42, 152, 238, 235, 191, 253, 247, 61,
       253, 255, 86, 253, 189, 126, 191, 205, 219, 247, 225, 187, 245,
       119, 219, 127, 113, 127, 86, 183, 127, 211, 119, 239, 207, 206,
       207, 52, 247, 217, 249, 58, 120, 125, 102, 45, 213, 117, 247, 99,
       191, 252, 152, 13, 246, 141, 220, 89, 54, 242, 247, 191, 251, 219,
       236, 222, 252, 52, 255, 162, 223, 39, 167, 251, 228, 79, 208, 118,
       255, 110, 178, 84, 250, 213, 99, 100, 241, 7, 131, 118, 78, 254,
       189, 47, 210, 30, 115, 235, 215, 36, 85, 186, 82, 120, 233, 116,
       120, 92, 56, 47, 213, 20, 245, 109, 153, 172, 24, 5, 240, 29, 156,
       73, 16, 242, 51, 189, 88, 87, 32, 250, 63, 186, 255, 247, 63, 253,
       191, 252, 255, 253, 254, 255, 255, 127, 251, 245, 251, 255, 99,
       107, 245, 103, 207, 127, 205, 255, 245, 255, 126, 95, 243, 239,
       215, 36, 87, 190, 83, 120, 233, 124, 120, 92, 56, 47, 213, 21,
       247, 111, 153, 172, 24, 5, 240, 29, 156, 73, 16, 242, 51, 189, 88,
       87, 32, 250, 220, 57, 247, 116, 112, 39, 126, 246, 80, 175, 193,
       179, 86, 192, 146, 74, 250, 201, 251, 111, 63, 141, 98, 147, 143,
       107, 254, 237, 64, 132, 246, 168, 91, 55, 100, 255, 25, 124, 213,
       116, 88, 108, 177, 127, 251, 61, 135, 238, 221, 172, 40, 215, 241,
       126, 28, 73, 84, 255, 81, 251, 124, 118, 241, 250, 126, 50, 81,
       38, 255, 162, 191, 76, 194, 41, 209, 115, 237, 66, 130, 80, 114,
       135, 27, 80, 225, 43, 195, 92, 132, 200, 234, 223, 194, 169, 229,
       238, 23, 173, 44, 191, 255, 56, 161, 87, 73, 74, 215, 72, 227, 29,
       155, 95, 252, 166, 89, 3, 98, 54, 124, 105, 196, 179, 151, 216,
       188, 71, 176, 85, 30, 121, 219, 245, 58, 177, 124, 106, 83, 187,
       81, 154, 215, 194, 145, 90, 182, 222, 36, 107, 142, 60, 194, 91,
       141, 154, 243, 251, 66, 105, 53, 126, 83, 150, 188, 187, 254, 253,
       242, 119, 208, 110, 237, 104, 186, 20, 193, 127, 219, 174, 56,
       215, 232, 29, 189, 77, 145, 243, 115, 251, 125, 119, 227, 183, 13,
       182, 238, 97, 253, 177, 174, 120, 48, 59, 192, 99, 238, 89, 3, 1,
       224, 237, 235, 210, 241, 103, 91, 249, 230, 106, 98, 246, 124, 85,
       225, 231, 127, 250, 156, 37, 127, 188, 125, 181, 93, 4, 90, 142,
       209, 225, 211, 83, 184, 254, 24, 5, 244, 252, 216, 65, 54, 151,
       183, 151, 154, 243, 164, 76, 63, 187, 253, 254, 55, 189, 93, 90,
       231, 214, 223, 240, 253, 126, 188, 95, 255, 247, 98, 123, 183,
       118, 211, 119, 221, 255, 247, 125, 122, 254, 245, 233, 215, 44,
       87, 190, 218, 120, 249, 125, 116, 93, 61, 47, 245, 20, 245, 111,
       153, 174, 24, 7, 242, 29, 156, 77, 16, 242, 51, 189, 121, 215, 32,
       250, 214, 25, 146, 116, 33, 130, 88, 6, 2, 161, 5, 199, 146, 194,
       2, 26, 36, 139, 48, 215, 142, 45, 194, 67, 131, 74, 242, 126, 0,
       32, 132, 102, 159, 51, 112, 180, 179, 76, 242, 101, 64, 56, 177,
       99, 171, 29, 175, 111, 217, 162, 57, 215, 240, 92, 184, 195, 19,
       251, 119, 243, 56, 117, 145, 74, 13, 190, 230, 117, 125, 179, 225,
       118, 48, 188, 194, 97, 202, 89, 161, 9, 160, 237, 235, 251, 245,
