%YAML:1.0
descriptors: !!opencv-matrix
   rows: 92
   cols: 64
   dt: u
   data: [ 60, 240, 125, 190, 62, 245, 253, 124, 245, 254, 253, 249, 125,
       123, 191, 125, 251, 220, 99, 99, 245, 114, 195, 246, 205, 175,
       165, 187, 123, 223, 119, 235, 215, 44, 87, 190, 83, 120, 233, 116,
       122, 95, 120, 47, 212, 53, 247, 111, 153, 172, 24, 5, 240, 29,
       156, 73, 16, 242, 51, 189, 88, 87, 32, 251, 61, 190, 117, 166, 63,
       253, 179, 124, 252, 252, 254, 117, 253, 127, 251, 245, 251, 252,
       67, 99, 245, 34, 211, 246, 221, 239, 228, 187, 126, 95, 115, 239,
       223, 36, 85, 190, 83, 122, 233, 124, 248, 92, 56, 47, 212, 55,
       247, 111, 153, 172, 24, 5, 240, 29, 157, 73, 16, 242, 51, 189, 88,
       87, 32, 250, 63, 191, 125, 254, 63, 253, 189, 121, 255, 92, 223,
       245, 253, 127, 252, 244, 255, 254, 67, 243, 245, 98, 211, 247,
       221, 191, 229, 251, 126, 222, 247, 235, 207, 44, 87, 190, 223,
       122, 233, 125, 120, 93, 57, 175, 212, 55, 247, 111, 153, 172, 24,
       13, 240, 29, 156, 73, 16, 242, 51, 189, 90, 87, 40, 250, 62, 241,
       253, 254, 54, 63, 253, 127, 247, 246, 253, 248, 127, 122, 180, 94,
       255, 214, 99, 123, 247, 126, 193, 119, 221, 171, 231, 223, 123,
       252, 245, 235, 215, 44, 87, 190, 218, 120, 249, 125, 122, 95, 253,
       47, 244, 21, 245, 111, 153, 174, 152, 7, 242, 29, 156, 93, 24,
       242, 115, 189, 121, 95, 34, 251, 61, 182, 125, 170, 63, 253, 39,
       121, 244, 126, 222, 53, 125, 127, 189, 116, 243, 252, 67, 96, 241,
       34, 209, 118, 92, 188, 229, 139, 90, 158, 113, 235, 223, 36, 87,
       190, 83, 120, 233, 124, 120, 92, 56, 47, 212, 53, 247, 111, 153,
       172, 24, 5, 240, 29, 156, 73, 16, 242, 51, 189, 88, 87, 32, 250,
       126, 185, 255, 254, 54, 111, 125, 127, 215, 252, 221, 181, 127,
       254, 150, 94, 251, 213, 99, 99, 247, 175, 193, 55, 221, 235, 246,
       159, 91, 253, 253, 239, 215, 38, 117, 190, 214, 120, 241, 117,
       122, 223, 189, 111, 253, 21, 229, 111, 153, 164, 25, 5, 240, 29,
       156, 73, 16, 242, 115, 187, 120, 87, 35, 250, 62, 54, 117, 182,
       60, 164, 62, 121, 214, 120, 211, 53, 237, 71, 145, 87, 242, 212,
       3, 98, 193, 32, 193, 118, 204, 138, 164, 139, 82, 12, 49, 234,
       215, 36, 84, 186, 82, 120, 161, 117, 80, 92, 24, 14, 192, 20, 193,
       79, 153, 172, 24, 5, 240, 29, 156, 73, 16, 242, 51, 189, 88, 87,
       32, 250, 45, 38, 109, 170, 31, 253, 35, 125, 117, 116, 214, 52,
       121, 62, 185, 69, 139, 124, 65, 112, 241, 112, 209, 240, 93, 188,
       128, 129, 122, 222, 49, 201, 221, 36, 87, 186, 83, 122, 169, 124,
       112, 93, 56, 47, 84, 21, 246, 111, 153, 172, 24, 13, 242, 29, 156,
       73, 16, 226, 51, 188, 72, 87, 40, 250, 45, 55, 245, 190, 55, 175,
       39, 91, 245, 92, 142, 33, 125, 127, 188, 69, 243, 253, 195, 96,
       245, 47, 81, 247, 84, 252, 228, 157, 122, 220, 121, 225, 207, 44,
       71, 190, 195, 120, 249, 124, 124, 221, 50, 175, 197, 241, 247,
       111, 185, 164, 152, 8, 226, 29, 158, 65, 56, 242, 115, 189, 90,
       199, 44, 250, 61, 183, 117, 254, 59, 175, 37, 123, 247, 124, 204,
       49, 125, 127, 188, 85, 255, 246, 227, 96, 245, 110, 209, 247, 220,
       254, 229, 223, 122, 220, 253, 237, 207, 44, 71, 190, 210, 120,
       249, 124, 124, 93, 56, 175, 212, 113, 247, 111, 185, 164, 152, 13,
       242, 29, 158, 73, 56, 242, 115, 189, 90, 87, 40, 250, 63, 183,
       125, 222, 55, 189, 221, 123, 247, 222, 213, 241, 125, 126, 189,
       87, 250, 246, 66, 51, 245, 114, 209, 119, 221, 190, 229, 29, 122,
       92, 253, 233, 223, 44, 215, 190, 214, 120, 249, 125, 116, 93, 63,
       47, 212, 52, 245, 111, 153, 172, 152, 13, 242, 29, 156, 93, 56,
       242, 115, 189, 123, 223, 44, 250, 124, 55, 245, 158, 83, 135, 39,
       127, 230, 68, 131, 48, 253, 238, 187, 70, 242, 245, 67, 102, 223,
       39, 211, 247, 220, 232, 228, 13, 82, 156, 116, 41, 223, 36, 87,
       190, 82, 120, 193, 92, 52, 89, 60, 47, 69, 52, 229, 79, 153, 172,
       24, 5, 242, 29, 156, 73, 24, 242, 51, 189, 88, 71, 32, 242, 92,
       187, 223, 244, 62, 187, 249, 126, 208, 184, 214, 247, 255, 247,
       142, 90, 250, 221, 251, 107, 229, 45, 194, 243, 175, 234, 242,
       255, 126, 77, 246, 239, 223, 99, 117, 190, 127, 120, 249, 117,
       121, 221, 251, 111, 253, 133, 247, 111, 191, 174, 25, 199, 240,
       29, 158, 77, 84, 246, 55, 255, 89, 31, 165, 254, 220, 57, 255,
       245, 246, 243, 250, 246, 248, 185, 215, 255, 255, 247, 147, 90,
       250, 221, 123, 111, 111, 173, 195, 247, 143, 218, 246, 255, 218,
       79, 246, 170, 215, 39, 85, 255, 87, 125, 253, 117, 120, 92, 185,
       63, 221, 61, 255, 111, 157, 172, 24, 197, 240, 63, 156, 73, 80,
       254, 51, 191, 88, 87, 33, 250, 62, 186, 253, 246, 62, 189, 249,
       122, 246, 191, 213, 249, 255, 123, 180, 91, 250, 223, 227, 123,
       245, 127, 195, 255, 173, 186, 230, 255, 126, 253, 245, 238, 223,
       252, 215, 190, 255, 248, 249, 119, 252, 221, 251, 47, 241, 53,
       247, 111, 187, 190, 153, 71, 240, 29, 158, 93, 20, 243, 247, 223,
       251, 223, 100, 255, 252, 57, 255, 223, 246, 215, 223, 241, 222,
       239, 215, 190, 255, 198, 187, 94, 251, 213, 123, 103, 95, 189,
       195, 247, 143, 223, 191, 45, 210, 142, 118, 186, 215, 37, 85, 255,
       82, 125, 237, 116, 112, 92, 53, 47, 213, 28, 245, 63, 157, 172,
       24, 5, 240, 61, 156, 75, 80, 246, 49, 189, 92, 87, 32, 250, 62,
       181, 253, 252, 63, 181, 253, 127, 247, 254, 253, 176, 125, 126,
       189, 86, 251, 252, 99, 251, 245, 114, 211, 255, 221, 175, 230,
       255, 122, 253, 253, 235, 223, 60, 215, 190, 222, 120, 249, 125,
       120, 95, 125, 47, 246, 53, 247, 111, 155, 174, 24, 15, 242, 29,
       220, 93, 24, 243, 123, 189, 123, 223, 104, 250, 244, 233, 215,
       214, 16, 79, 81, 255, 222, 229, 5, 255, 51, 254, 182, 238, 235,
       213, 37, 103, 71, 173, 226, 103, 79, 223, 183, 43, 211, 10, 18,
       105, 215, 38, 117, 250, 82, 120, 235, 116, 112, 92, 56, 47, 221,
       20, 245, 239, 153, 172, 24, 5, 240, 31, 156, 73, 16, 242, 51, 189,
       88, 85, 33, 250, 47, 182, 77, 47, 191, 184, 191, 88, 248, 255,
       215, 251, 172, 27, 140, 69, 162, 253, 41, 123, 229, 103, 195, 125,
       109, 222, 185, 183, 94, 43, 49, 111, 215, 164, 221, 186, 115, 121,
       233, 119, 120, 92, 59, 47, 213, 17, 247, 123, 153, 188, 24, 5,
       240, 29, 156, 73, 16, 242, 51, 189, 88, 87, 32, 250, 243, 221,
       211, 223, 23, 71, 93, 143, 231, 229, 37, 218, 191, 234, 182, 95,
       235, 215, 36, 99, 142, 175, 243, 39, 79, 215, 179, 43, 19, 24, 18,
       107, 215, 38, 84, 186, 82, 124, 235, 118, 114, 90, 56, 47, 157,
       28, 245, 239, 153, 172, 24, 5, 240, 29, 156, 73, 16, 242, 49, 189,
       88, 85, 32, 251, 242, 217, 203, 215, 190, 197, 217, 143, 222, 229,
       53, 218, 191, 234, 182, 254, 251, 215, 52, 99, 142, 175, 231, 111,
       47, 223, 183, 47, 83, 155, 54, 111, 215, 39, 52, 219, 82, 125,
       235, 246, 82, 222, 228, 111, 155, 28, 253, 63, 153, 172, 26, 5,
       248, 31, 148, 73, 16, 242, 49, 189, 89, 85, 32, 251, 111, 142,
       239, 169, 255, 191, 155, 120, 188, 255, 214, 95, 217, 125, 59, 69,
       128, 253, 123, 114, 252, 119, 218, 121, 93, 252, 156, 54, 124,
       215, 55, 207, 215, 44, 87, 187, 90, 122, 237, 62, 124, 92, 122,
       47, 213, 165, 245, 107, 157, 172, 24, 5, 241, 29, 156, 89, 16,
       230, 51, 189, 218, 215, 40, 254, 114, 48, 147, 179, 219, 130, 138,
       143, 214, 170, 16, 53, 177, 194, 131, 84, 122, 151, 25, 22, 200,
       7, 207, 15, 158, 200, 234, 15, 66, 168, 33, 110, 39, 165, 13, 183,
       119, 116, 37, 84, 64, 64, 16, 72, 65, 28, 129, 223, 93, 44, 24, 1,
       244, 16, 188, 235, 208, 122, 51, 153, 24, 23, 48, 242, 68, 32,
       131, 169, 24, 198, 170, 68, 0, 238, 66, 20, 64, 4, 155, 2, 203,
       76, 1, 98, 200, 1, 206, 25, 76, 137, 188, 7, 80, 13, 49, 79, 85,
       36, 85, 187, 16, 240, 109, 86, 48, 68, 24, 46, 87, 20, 65, 123,
       25, 44, 24, 5, 241, 29, 156, 72, 144, 226, 35, 189, 72, 87, 32,
