%YAML:1.0
descriptors: !!opencv-matrix
   rows: 58
   cols: 64
   dt: u
   data: [ 175, 222, 124, 239, 191, 249, 255, 24, 191, 127, 173, 234,
       175, 123, 236, 253, 255, 255, 63, 251, 253, 118, 59, 125, 101,
       255, 243, 127, 127, 123, 231, 247, 223, 252, 223, 254, 243, 249,
       249, 119, 126, 222, 122, 189, 245, 83, 255, 63, 185, 255, 24, 5,
       252, 181, 223, 125, 56, 247, 247, 191, 250, 223, 172, 186, 220,
       248, 223, 207, 255, 123, 255, 252, 125, 253, 254, 255, 255, 127,
       251, 232, 251, 221, 125, 111, 253, 205, 175, 248, 107, 127, 57,
       190, 253, 207, 119, 255, 253, 101, 93, 251, 87, 247, 253, 246,
       115, 93, 120, 62, 221, 63, 255, 53, 157, 173, 94, 5, 249, 255,
       156, 203, 208, 252, 49, 189, 92, 95, 34, 252, 124, 170, 255, 249,
       58, 255, 241, 247, 221, 252, 206, 189, 83, 244, 251, 238, 155,
       217, 251, 107, 255, 125, 222, 155, 255, 127, 22, 182, 109, 215,
       127, 255, 207, 211, 99, 104, 181, 255, 255, 62, 121, 61, 231, 118,
       127, 167, 127, 227, 191, 232, 239, 255, 215, 125, 24, 84, 103,
       206, 207, 235, 251, 175, 205, 222, 220, 249, 251, 245, 250, 231,
       251, 254, 219, 255, 253, 255, 215, 194, 211, 250, 251, 213, 63,
       111, 15, 173, 238, 59, 175, 207, 183, 47, 211, 15, 118, 63, 243,
       167, 60, 251, 82, 255, 255, 247, 211, 124, 233, 126, 251, 30, 217,
       183, 205, 173, 118, 245, 249, 255, 148, 107, 209, 252, 113, 127,
       93, 52, 179, 191, 63, 252, 108, 111, 191, 189, 223, 24, 255, 247,
       253, 250, 191, 126, 236, 221, 251, 183, 62, 187, 247, 126, 219,
       127, 245, 247, 243, 63, 127, 123, 223, 239, 143, 236, 223, 150,
       255, 217, 251, 127, 127, 223, 239, 105, 213, 85, 247, 107, 254,
       255, 153, 15, 254, 165, 251, 117, 58, 183, 254, 255, 187, 251,
       188, 94, 255, 254, 127, 235, 255, 254, 223, 152, 255, 127, 189,
       250, 175, 123, 238, 253, 247, 247, 60, 191, 239, 95, 187, 124,
       231, 247, 123, 127, 255, 123, 255, 127, 151, 239, 223, 223, 250,
       125, 255, 247, 119, 223, 106, 125, 221, 218, 252, 181, 204, 191,
       22, 5, 236, 167, 239, 255, 112, 244, 244, 63, 222, 221, 190, 189,
       253, 255, 231, 247, 255, 111, 255, 250, 253, 253, 254, 255, 255,
       255, 254, 238, 251, 213, 127, 111, 63, 143, 175, 61, 111, 255,
       191, 63, 255, 95, 126, 191, 242, 103, 124, 251, 86, 119, 253, 246,
       219, 254, 249, 126, 203, 62, 89, 180, 205, 165, 86, 181, 201, 191,
       135, 111, 208, 252, 97, 127, 221, 92, 51, 189, 252, 235, 255, 253,
       50, 127, 249, 255, 253, 252, 222, 189, 95, 247, 255, 238, 187,
       221, 251, 111, 247, 253, 230, 179, 255, 111, 150, 247, 109, 207,
       126, 255, 255, 83, 101, 251, 215, 255, 253, 124, 254, 61, 255, 54,
       255, 183, 119, 234, 191, 172, 239, 255, 211, 127, 157, 92, 238,
       238, 127, 235, 251, 239, 235, 255, 255, 252, 255, 239, 255, 223,
       223, 137, 255, 247, 189, 250, 255, 255, 254, 253, 255, 247, 62,
       127, 63, 223, 191, 124, 255, 255, 255, 127, 255, 59, 254, 63, 247,
       237, 94, 223, 218, 119, 253, 255, 115, 223, 105, 127, 223, 30,
       252, 181, 205, 189, 22, 133, 248, 183, 151, 239, 208, 252, 112,
       61, 221, 93, 58, 190, 238, 110, 231, 247, 255, 103, 235, 249, 252,
       255, 250, 127, 251, 238, 243, 237, 227, 213, 63, 102, 127, 141,
       191, 124, 110, 206, 59, 47, 214, 31, 59, 191, 115, 167, 92, 251,
       82, 119, 237, 246, 211, 100, 88, 30, 201, 14, 201, 145, 205, 45,
       84, 165, 217, 254, 141, 235, 208, 252, 33, 60, 92, 22, 50, 180,
       188, 169, 255, 253, 48, 127, 249, 255, 189, 252, 238, 253, 87,
       254, 251, 238, 187, 220, 251, 107, 247, 189, 246, 179, 127, 239,
       151, 179, 125, 207, 126, 239, 207, 18, 119, 250, 215, 254, 249,
       124, 120, 125, 243, 119, 255, 55, 119, 239, 189, 172, 255, 221,
       240, 29, 156, 92, 52, 250, 123, 239, 91, 95, 169, 254, 255, 253,
       251, 223, 247, 223, 223, 137, 255, 199, 189, 250, 191, 238, 246,
       95, 255, 247, 62, 127, 15, 159, 243, 117, 255, 223, 255, 127, 215,
       59, 246, 57, 214, 45, 31, 223, 194, 125, 255, 117, 114, 218, 61,
       127, 223, 28, 253, 60, 221, 173, 18, 133, 232, 191, 158, 107, 80,
       246, 113, 63, 93, 93, 50, 187, 204, 14, 231, 249, 200, 255, 163,
       247, 61, 253, 202, 15, 211, 252, 251, 236, 201, 93, 251, 110, 252,
       141, 222, 185, 95, 253, 30, 166, 221, 71, 58, 159, 231, 35, 85,
       121, 80, 247, 237, 54, 241, 52, 120, 62, 77, 142, 123, 177, 157,
       12, 92, 181, 211, 255, 140, 74, 208, 236, 41, 189, 78, 71, 17,
       246, 44, 47, 247, 252, 18, 111, 97, 127, 189, 212, 206, 181, 81,
       254, 249, 238, 235, 220, 227, 111, 119, 44, 212, 179, 93, 255,
       149, 129, 120, 206, 62, 249, 218, 38, 117, 186, 21, 122, 249, 124,
       248, 125, 188, 39, 109, 55, 119, 110, 153, 172, 185, 13, 242, 29,
       156, 73, 16, 242, 115, 189, 91, 71, 33, 250, 254, 253, 235, 250,
       22, 23, 93, 75, 215, 230, 189, 186, 127, 206, 182, 95, 251, 213,
       51, 103, 31, 189, 209, 55, 94, 223, 183, 45, 83, 28, 116, 41, 194,
       38, 20, 251, 74, 124, 225, 116, 50, 202, 52, 111, 223, 28, 229,
       238, 217, 172, 18, 5, 104, 29, 148, 73, 16, 242, 121, 189, 89, 86,
       42, 251, 7, 150, 80, 41, 217, 232, 167, 76, 188, 121, 170, 121,
       133, 47, 175, 117, 235, 253, 129, 32, 201, 35, 154, 120, 68, 221,
       57, 39, 222, 75, 35, 79, 149, 224, 95, 186, 48, 240, 45, 118, 101,
       84, 74, 1, 85, 85, 252, 81, 152, 180, 24, 36, 244, 149, 156, 105,
       16, 242, 167, 172, 216, 71, 32, 248, 60, 39, 247, 253, 58, 229,
       161, 255, 208, 252, 214, 53, 81, 246, 155, 226, 235, 220, 67, 98,
       253, 41, 198, 179, 93, 170, 180, 141, 64, 76, 51, 235, 223, 36,
       85, 186, 86, 122, 233, 116, 120, 92, 57, 46, 197, 181, 225, 111,
       153, 172, 25, 5, 240, 29, 156, 73, 0, 242, 51, 189, 88, 71, 32,
       250, 126, 53, 253, 52, 63, 167, 123, 121, 212, 186, 210, 55, 253,
       204, 51, 86, 244, 191, 67, 210, 253, 191, 211, 222, 148, 42, 246,
       207, 88, 212, 229, 234, 79, 44, 71, 190, 223, 56, 225, 125, 88,
       76, 151, 142, 193, 97, 131, 79, 187, 174, 152, 11, 242, 29, 220,
       81, 6, 179, 247, 187, 186, 151, 168, 90, 155, 145, 210, 246, 53,
       162, 124, 14, 84, 169, 65, 249, 166, 203, 134, 91, 106, 215, 37,
       67, 134, 45, 227, 119, 12, 155, 242, 47, 83, 40, 32, 109, 215, 38,
       52, 186, 115, 120, 241, 245, 80, 74, 184, 107, 251, 21, 213, 111,
       153, 164, 24, 5, 240, 28, 188, 73, 16, 178, 51, 191, 88, 87, 163,
       251, 232, 233, 255, 222, 18, 79, 209, 254, 223, 212, 44, 223, 51,
       254, 191, 238, 235, 212, 115, 111, 22, 143, 231, 183, 123, 239,
       150, 41, 115, 202, 18, 41, 215, 39, 117, 250, 82, 124, 255, 124,
       114, 125, 184, 55, 157, 52, 117, 238, 153, 172, 95, 149, 240, 31,
       148, 73, 16, 240, 33, 61, 89, 85, 35, 250, 183, 250, 251, 167,
       253, 244, 159, 216, 254, 255, 184, 123, 175, 79, 146, 93, 235,
       213, 37, 99, 201, 135, 175, 124, 78, 223, 185, 43, 210, 11, 115,
       127, 215, 36, 92, 187, 82, 125, 233, 246, 112, 92, 56, 63, 213,
       20, 213, 125, 153, 172, 24, 5, 240, 29, 156, 73, 16, 242, 51, 189,
       92, 87, 32, 250, 63, 246, 125, 238, 191, 253, 255, 121, 127, 125,
       222, 253, 253, 127, 252, 85, 255, 255, 193, 251, 245, 112, 219,
       251, 253, 254, 241, 255, 126, 223, 253, 239, 223, 228, 223, 186,
       255, 248, 249, 127, 117, 221, 123, 175, 213, 145, 247, 111, 153,
       252, 153, 13, 244, 29, 158, 93, 62, 242, 247, 189, 218, 223, 44,
       254, 254, 253, 251, 119, 255, 243, 253, 219, 214, 179, 253, 250,
       255, 218, 228, 125, 251, 183, 63, 223, 231, 63, 177, 119, 166,
       223, 247, 255, 87, 127, 246, 250, 138, 175, 134, 223, 250, 125,
       251, 247, 90, 223, 247, 121, 217, 125, 183, 111, 239, 191, 147,
       207, 248, 181, 254, 113, 112, 179, 247, 159, 187, 255, 191, 159,
       191, 244, 124, 171, 255, 189, 223, 9, 255, 119, 189, 250, 191,
       122, 244, 93, 247, 247, 118, 241, 253, 118, 147, 124, 244, 247,
