%YAML:1.0
descriptors: !!opencv-matrix
   rows: 87
   cols: 64
   dt: u
   data: [ 255, 254, 127, 239, 255, 255, 223, 248, 255, 255, 253, 251,
       239, 251, 246, 253, 247, 247, 127, 127, 127, 223, 191, 124, 255,
       255, 127, 127, 255, 123, 255, 191, 242, 239, 190, 223, 210, 117,
       253, 255, 127, 223, 235, 255, 219, 154, 252, 181, 205, 189, 86,
       173, 233, 247, 135, 239, 248, 252, 248, 31, 223, 221, 62, 189, 44,
       238, 247, 235, 24, 237, 229, 127, 253, 252, 204, 253, 125, 63,
       255, 238, 235, 252, 235, 107, 245, 77, 95, 255, 125, 253, 20, 183,
       111, 223, 59, 207, 223, 71, 103, 186, 181, 250, 253, 60, 125, 125,
       122, 167, 93, 181, 127, 227, 189, 164, 237, 60, 242, 29, 158, 76,
       62, 238, 111, 237, 219, 79, 47, 254, 199, 206, 194, 119, 253, 194,
       206, 200, 152, 185, 40, 251, 162, 195, 198, 249, 235, 213, 61,
       111, 207, 143, 175, 125, 111, 223, 63, 39, 215, 11, 51, 62, 247,
       167, 125, 251, 114, 245, 239, 182, 99, 124, 40, 127, 223, 28, 125,
       177, 205, 173, 92, 181, 213, 247, 140, 235, 208, 252, 33, 63, 92,
       85, 49, 190, 35, 212, 120, 234, 63, 216, 221, 9, 127, 242, 141,
       232, 189, 63, 44, 95, 223, 178, 32, 155, 151, 118, 83, 111, 245,
       215, 241, 123, 63, 251, 207, 99, 143, 220, 211, 6, 234, 88, 250,
       123, 100, 223, 110, 233, 181, 85, 245, 111, 145, 250, 152, 15,
       182, 1, 250, 125, 59, 243, 246, 191, 179, 251, 236, 74, 62, 250,
       93, 231, 255, 185, 219, 56, 254, 57, 214, 127, 189, 127, 252, 241,
       246, 215, 222, 57, 229, 118, 139, 124, 173, 254, 121, 127, 126,
       107, 247, 255, 159, 236, 221, 246, 126, 251, 249, 119, 213, 221,
       75, 63, 213, 135, 252, 111, 175, 255, 153, 5, 254, 165, 223, 125,
       126, 246, 190, 175, 219, 31, 38, 222, 55, 166, 97, 163, 159, 132,
       143, 72, 231, 255, 184, 121, 189, 111, 177, 84, 243, 245, 1, 114,
       225, 99, 219, 124, 92, 221, 161, 63, 26, 185, 121, 111, 87, 164,
       95, 186, 114, 120, 169, 126, 100, 76, 104, 169, 213, 16, 213, 91,
       153, 172, 24, 5, 240, 21, 156, 73, 24, 242, 51, 189, 216, 87, 32,
       246, 44, 166, 109, 170, 154, 253, 163, 121, 253, 124, 222, 53,
       253, 126, 185, 100, 219, 253, 195, 98, 245, 115, 219, 247, 93,
       252, 4, 133, 126, 223, 127, 235, 199, 44, 71, 186, 119, 122, 233,
       124, 124, 85, 86, 46, 85, 245, 247, 107, 187, 172, 153, 13, 242,
       29, 156, 89, 52, 226, 59, 189, 218, 223, 40, 250, 121, 250, 252,
       127, 127, 251, 251, 56, 255, 189, 214, 253, 253, 123, 253, 220,
       254, 255, 251, 251, 245, 127, 195, 255, 169, 122, 245, 254, 124,
       215, 247, 239, 223, 105, 69, 180, 255, 219, 248, 125, 253, 93,
       251, 39, 245, 243, 247, 111, 191, 238, 137, 15, 246, 29, 155, 93,
       126, 247, 191, 255, 251, 223, 36, 223, 157, 250, 215, 101, 253,
       185, 243, 120, 184, 61, 198, 127, 239, 123, 196, 73, 226, 253,
       191, 107, 229, 111, 138, 121, 111, 254, 49, 183, 126, 71, 115,
       255, 223, 227, 92, 178, 119, 251, 253, 245, 221, 92, 250, 55, 209,
       1, 255, 99, 184, 189, 25, 37, 240, 189, 159, 77, 54, 246, 183,
       175, 216, 87, 37, 254, 47, 38, 233, 178, 31, 183, 135, 76, 101,
       254, 184, 48, 121, 78, 177, 87, 195, 245, 1, 98, 193, 49, 219,
       123, 76, 202, 162, 15, 82, 93, 49, 107, 87, 38, 215, 186, 82, 120,
       97, 118, 112, 68, 120, 45, 212, 20, 213, 79, 153, 172, 24, 5, 242,
       29, 156, 73, 16, 242, 51, 189, 88, 87, 32, 250, 62, 186, 239, 243,
       255, 191, 251, 125, 252, 255, 214, 249, 255, 90, 185, 93, 250,
       213, 123, 123, 229, 127, 203, 127, 45, 218, 98, 63, 94, 89, 117,
       239, 215, 238, 222, 191, 118, 249, 249, 119, 248, 93, 234, 111,
       209, 133, 209, 123, 157, 188, 24, 5, 242, 189, 159, 89, 16, 246,
       183, 159, 219, 95, 36, 255, 76, 42, 245, 248, 58, 255, 35, 119,
       188, 124, 198, 149, 81, 124, 253, 199, 235, 221, 195, 98, 197, 41,
       202, 59, 13, 218, 132, 7, 81, 77, 49, 239, 215, 38, 85, 186, 82,
       250, 233, 116, 240, 93, 120, 39, 213, 148, 229, 107, 153, 172, 24,
       5, 242, 29, 159, 73, 16, 242, 51, 189, 88, 87, 34, 251, 108, 39,
       247, 244, 56, 103, 33, 127, 129, 252, 194, 53, 81, 212, 185, 71,
       171, 221, 195, 98, 245, 45, 204, 179, 78, 200, 128, 133, 80, 76,
       57, 207, 71, 39, 117, 186, 16, 250, 225, 84, 48, 116, 24, 38, 109,
       132, 225, 107, 152, 172, 88, 21, 242, 28, 156, 73, 0, 226, 51,
       189, 72, 70, 33, 242, 127, 62, 247, 179, 223, 191, 35, 123, 238,
       117, 210, 58, 255, 251, 178, 93, 242, 245, 59, 102, 253, 135, 211,
       117, 94, 234, 188, 47, 210, 28, 114, 171, 215, 37, 85, 191, 82,
       120, 229, 124, 120, 92, 24, 143, 213, 28, 229, 79, 153, 172, 24,
       5, 240, 29, 156, 73, 16, 242, 51, 189, 88, 87, 32, 250, 120, 59,
       239, 245, 126, 247, 250, 183, 220, 187, 211, 157, 255, 212, 27,
       106, 188, 221, 123, 255, 255, 61, 199, 223, 139, 106, 238, 190,
       72, 213, 181, 238, 127, 61, 117, 63, 223, 127, 252, 119, 88, 124,
       243, 46, 223, 45, 131, 123, 191, 238, 25, 199, 241, 125, 156, 217,
       71, 247, 243, 251, 121, 55, 192, 254, 62, 241, 125, 222, 55, 157,
       93, 122, 247, 196, 157, 240, 125, 62, 188, 86, 255, 246, 98, 123,
       151, 114, 209, 119, 253, 183, 229, 121, 114, 186, 213, 105, 222,
       44, 87, 158, 202, 120, 233, 125, 112, 221, 61, 47, 212, 52, 245,
       111, 155, 174, 153, 13, 240, 29, 156, 93, 48, 242, 51, 189, 121,
       215, 44, 250, 45, 38, 101, 162, 27, 239, 35, 89, 228, 84, 130, 53,
       125, 63, 248, 101, 226, 244, 67, 96, 241, 98, 25, 244, 84, 184,
       12, 141, 122, 158, 57, 201, 221, 100, 87, 186, 82, 114, 137, 124,
       220, 85, 24, 143, 68, 117, 228, 109, 153, 44, 152, 12, 242, 29,
       156, 73, 56, 242, 51, 188, 88, 87, 32, 248, 198, 9, 131, 215, 64,
       2, 90, 207, 0, 225, 1, 150, 130, 194, 130, 10, 10, 69, 56, 71, 14,
       173, 226, 3, 14, 202, 146, 37, 2, 40, 2, 8, 82, 55, 52, 251, 0,
       108, 86, 214, 0, 104, 177, 106, 171, 28, 73, 186, 85, 160, 112,
       245, 65, 122, 180, 170, 81, 106, 113, 123, 76, 52, 145, 250, 204,
       202, 239, 253, 239, 253, 253, 248, 189, 255, 255, 223, 223, 252,
       127, 238, 233, 221, 127, 107, 238, 175, 174, 57, 111, 255, 183,
       58, 213, 71, 55, 255, 243, 38, 85, 250, 82, 125, 249, 246, 114,
       92, 120, 63, 221, 22, 253, 51, 153, 173, 30, 5, 248, 31, 156, 73,
       16, 242, 49, 189, 92, 87, 32, 250, 63, 177, 253, 190, 63, 183,
       255, 120, 247, 254, 213, 251, 253, 126, 180, 87, 255, 247, 99, 99,
       245, 55, 211, 119, 205, 255, 245, 255, 90, 92, 245, 235, 215, 44,
       87, 190, 83, 120, 233, 116, 120, 92, 56, 47, 213, 53, 247, 111,
       153, 172, 24, 5, 240, 29, 156, 73, 16, 242, 51, 189, 88, 87, 32,
       250, 45, 54, 101, 2, 253, 191, 163, 120, 244, 117, 198, 119, 237,
       123, 128, 69, 226, 245, 15, 96, 241, 39, 137, 117, 78, 184, 12, 7,
       254, 14, 113, 111, 223, 100, 84, 186, 82, 50, 169, 116, 221, 84,
       26, 134, 193, 33, 240, 79, 152, 44, 24, 5, 240, 29, 156, 73, 48,
       242, 51, 188, 88, 87, 36, 248, 55, 240, 89, 190, 63, 178, 27, 8,
       214, 106, 245, 240, 173, 11, 132, 87, 114, 215, 5, 113, 193, 34,
       193, 126, 140, 154, 225, 15, 82, 41, 225, 105, 211, 36, 148, 190,
       66, 120, 33, 245, 82, 202, 57, 9, 208, 20, 208, 79, 153, 172, 24,
       5, 96, 28, 156, 73, 16, 242, 51, 156, 88, 86, 34, 251, 5, 34, 193,
       161, 217, 160, 163, 88, 32, 58, 194, 117, 129, 75, 129, 65, 226,
       85, 1, 98, 193, 37, 138, 121, 78, 136, 34, 7, 82, 8, 49, 79, 119,
       38, 92, 186, 80, 122, 5, 84, 209, 64, 24, 14, 64, 4, 193, 211, 24,
       44, 24, 4, 224, 28, 156, 73, 16, 242, 51, 156, 72, 71, 32, 241,
       254, 251, 255, 255, 255, 255, 255, 251, 253, 255, 254, 251, 255,
       127, 254, 253, 251, 253, 127, 123, 245, 119, 243, 127, 255, 255,
       247, 191, 127, 223, 255, 251, 215, 108, 215, 254, 223, 121, 249,
       125, 126, 221, 123, 63, 213, 183, 247, 111, 189, 173, 158, 13,
