%YAML:1.0
descriptors: !!opencv-matrix
   rows: 111
   cols: 64
   dt: u
   data: [ 191, 254, 125, 239, 255, 253, 223, 153, 255, 127, 252, 251,
       175, 123, 254, 253, 247, 247, 127, 251, 253, 119, 187, 124, 247,
       255, 121, 127, 255, 123, 255, 255, 215, 237, 223, 215, 255, 249,
       253, 255, 127, 223, 106, 189, 213, 91, 252, 53, 189, 255, 152, 45,
       252, 167, 223, 255, 120, 246, 246, 191, 254, 223, 62, 255, 254,
       254, 255, 239, 255, 255, 255, 249, 255, 255, 252, 251, 255, 254,
       254, 253, 251, 213, 127, 111, 253, 223, 191, 60, 255, 255, 123,
       63, 223, 95, 127, 191, 241, 231, 126, 255, 210, 247, 253, 247,
       211, 222, 122, 63, 223, 159, 220, 181, 205, 189, 86, 165, 233,
       255, 143, 239, 208, 252, 233, 190, 223, 95, 50, 189, 252, 254,
       247, 255, 250, 111, 255, 255, 253, 253, 254, 191, 255, 190, 251,
       238, 251, 213, 127, 111, 125, 159, 191, 61, 127, 255, 191, 191,
       255, 223, 126, 191, 241, 103, 119, 251, 86, 247, 253, 254, 255,
       95, 124, 62, 79, 191, 88, 180, 205, 173, 94, 181, 219, 255, 133,
       207, 208, 252, 105, 189, 223, 78, 50, 183, 255, 254, 111, 239,
       255, 188, 223, 137, 255, 255, 189, 250, 175, 127, 108, 125, 181,
       247, 62, 251, 239, 119, 147, 124, 229, 215, 251, 127, 255, 123,
       255, 63, 215, 252, 223, 223, 250, 125, 250, 247, 118, 94, 107,
       253, 247, 94, 253, 63, 221, 191, 16, 7, 252, 181, 255, 127, 16,
       247, 240, 191, 254, 223, 58, 191, 252, 41, 247, 213, 250, 199,
       251, 239, 221, 237, 211, 255, 243, 238, 251, 238, 235, 213, 63,
       111, 15, 141, 238, 63, 95, 223, 190, 47, 211, 143, 58, 63, 211,
       39, 117, 251, 82, 119, 255, 118, 80, 124, 248, 126, 223, 28, 109,
       183, 221, 172, 94, 181, 209, 127, 148, 203, 208, 252, 33, 189, 93,
       85, 51, 254, 253, 223, 254, 255, 255, 127, 255, 242, 61, 255, 124,
       219, 159, 255, 255, 239, 251, 221, 125, 111, 125, 205, 175, 57,
       111, 255, 187, 63, 255, 95, 118, 191, 243, 103, 125, 251, 83, 125,
       253, 244, 114, 94, 122, 63, 223, 158, 255, 181, 141, 173, 94, 149,
       249, 255, 143, 207, 208, 252, 49, 191, 93, 87, 50, 187, 253, 255,
       255, 255, 250, 119, 255, 255, 253, 255, 248, 255, 255, 254, 251,
       254, 235, 221, 63, 111, 111, 141, 175, 61, 111, 223, 187, 191,
       223, 71, 62, 191, 243, 39, 125, 251, 83, 247, 253, 246, 91, 126,
       248, 126, 223, 31, 219, 181, 205, 173, 94, 181, 217, 255, 132,
       237, 208, 252, 97, 191, 93, 86, 51, 190, 255, 254, 110, 239, 255,
       188, 223, 152, 191, 127, 189, 251, 175, 91, 228, 125, 240, 247,
       60, 187, 237, 95, 187, 124, 103, 223, 123, 127, 255, 123, 255,
       127, 151, 237, 222, 215, 254, 125, 255, 247, 119, 223, 107, 253,
       217, 27, 252, 53, 204, 255, 16, 13, 252, 167, 255, 239, 120, 182,
       244, 63, 254, 221, 190, 191, 236, 239, 255, 221, 114, 127, 255,
       247, 189, 253, 110, 223, 215, 254, 251, 238, 155, 253, 255, 111,
       127, 255, 246, 191, 123, 127, 151, 182, 253, 223, 62, 255, 239, 3,
       119, 251, 215, 255, 255, 124, 122, 125, 243, 183, 255, 62, 127,
       235, 189, 172, 254, 253, 211, 127, 157, 92, 85, 252, 115, 255, 95,
       127, 41, 250, 255, 254, 253, 239, 255, 191, 223, 152, 127, 119,
       189, 250, 255, 123, 230, 221, 251, 247, 60, 255, 239, 117, 179,
       120, 231, 247, 251, 127, 255, 59, 247, 47, 215, 229, 222, 219, 74,
       125, 253, 127, 117, 223, 104, 125, 213, 28, 253, 53, 157, 189, 16,
       5, 233, 247, 159, 239, 88, 254, 48, 63, 220, 223, 48, 186, 59,
       218, 92, 111, 255, 185, 254, 48, 123, 187, 212, 235, 174, 123,
       100, 25, 116, 187, 253, 155, 245, 127, 91, 255, 225, 126, 243,
       254, 126, 119, 231, 231, 159, 248, 219, 36, 255, 217, 248, 123,
       121, 157, 235, 109, 245, 113, 255, 127, 187, 219, 137, 79, 244,
       165, 218, 245, 55, 215, 247, 167, 178, 251, 236, 78, 251, 252, 90,
       239, 255, 156, 219, 137, 255, 255, 21, 255, 191, 127, 124, 93,
       254, 247, 60, 179, 205, 119, 219, 125, 245, 214, 251, 127, 126,
       123, 247, 127, 151, 237, 223, 55, 251, 217, 251, 127, 112, 93,
       107, 105, 213, 92, 253, 63, 157, 254, 24, 5, 252, 165, 220, 251,
       16, 247, 182, 189, 250, 223, 56, 254, 108, 171, 239, 249, 82, 255,
       227, 247, 61, 255, 198, 191, 219, 246, 191, 238, 203, 93, 251,
       111, 255, 253, 206, 243, 95, 235, 158, 167, 105, 207, 58, 203,
       215, 7, 85, 187, 87, 127, 253, 124, 248, 125, 248, 39, 93, 157,
       119, 227, 157, 172, 56, 149, 211, 93, 156, 76, 80, 236, 123, 189,
       89, 87, 35, 250, 45, 182, 117, 166, 153, 237, 165, 120, 253, 124,
       206, 117, 253, 127, 184, 101, 251, 252, 195, 98, 245, 106, 219,
       247, 92, 190, 4, 147, 126, 95, 121, 239, 223, 102, 87, 190, 117,
       250, 249, 124, 125, 93, 90, 167, 196, 113, 247, 111, 184, 164,
       152, 13, 242, 29, 156, 73, 62, 242, 55, 173, 218, 87, 36, 250,
       153, 219, 158, 255, 46, 247, 252, 182, 59, 253, 85, 205, 158, 245,
       55, 154, 189, 219, 248, 187, 246, 125, 231, 251, 233, 127, 247,
       246, 125, 119, 247, 231, 223, 250, 185, 36, 255, 221, 250, 113,
       121, 61, 251, 111, 255, 53, 247, 111, 191, 218, 175, 199, 244,
       109, 152, 205, 119, 215, 247, 223, 243, 123, 197, 254, 61, 190,
       125, 230, 63, 253, 249, 120, 255, 220, 222, 245, 253, 127, 252,
       244, 255, 254, 195, 123, 245, 114, 209, 247, 253, 190, 225, 251,
       126, 223, 255, 239, 223, 100, 87, 190, 247, 122, 249, 125, 125,
       93, 123, 47, 244, 55, 247, 111, 185, 190, 153, 13, 242, 29, 158,
       93, 62, 242, 119, 189, 219, 223, 44, 250, 29, 178, 253, 252, 63,
       177, 249, 124, 240, 188, 212, 241, 237, 123, 137, 81, 226, 220,
       131, 107, 229, 108, 202, 251, 173, 170, 226, 211, 124, 77, 117,
       239, 255, 96, 252, 186, 119, 250, 249, 117, 255, 94, 251, 14, 240,
       129, 211, 79, 185, 188, 25, 5, 240, 29, 159, 77, 52, 242, 191,
       159, 218, 71, 39, 255, 61, 191, 255, 116, 62, 189, 241, 127, 244,
       252, 214, 245, 239, 123, 153, 68, 250, 252, 227, 107, 245, 110,
       219, 255, 249, 58, 230, 147, 124, 221, 113, 238, 223, 106, 71,
       190, 223, 184, 249, 125, 253, 93, 251, 167, 212, 225, 247, 111,
       185, 172, 137, 73, 240, 29, 156, 77, 54, 242, 119, 191, 250, 215,
       45, 254, 63, 180, 253, 124, 62, 189, 249, 124, 241, 254, 213, 241,
       253, 107, 180, 82, 254, 254, 195, 251, 245, 124, 83, 255, 189, 58,
       230, 219, 106, 245, 245, 239, 223, 252, 45, 190, 255, 120, 249,
       125, 248, 220, 255, 47, 242, 53, 243, 111, 187, 238, 24, 71, 240,
       29, 156, 77, 30, 243, 247, 255, 251, 215, 104, 255, 63, 182, 125,
       171, 63, 181, 191, 89, 127, 254, 249, 184, 237, 15, 169, 85, 247,
       246, 1, 112, 225, 112, 211, 120, 197, 221, 225, 123, 94, 127, 245,
       251, 213, 164, 223, 186, 114, 120, 169, 119, 112, 92, 122, 45,
       212, 149, 212, 111, 154, 172, 24, 5, 240, 29, 220, 89, 16, 242,
       51, 188, 88, 215, 40, 242, 63, 180, 253, 253, 62, 253, 249, 125,
       253, 255, 215, 249, 253, 123, 188, 86, 254, 222, 195, 123, 245,
       121, 195, 255, 253, 187, 230, 255, 110, 245, 245, 239, 223, 248,
       109, 190, 255, 249, 249, 127, 248, 221, 251, 111, 243, 53, 247,
       111, 187, 238, 24, 71, 240, 29, 156, 93, 30, 243, 247, 255, 251,
       223, 233, 255, 59, 156, 216, 255, 255, 184, 223, 9, 127, 251, 21,
       235, 191, 123, 38, 93, 254, 183, 56, 179, 228, 119, 219, 127, 241,
       214, 243, 127, 126, 123, 247, 103, 151, 236, 223, 52, 251, 89,
       250, 123, 112, 92, 107, 105, 213, 85, 245, 127, 185, 238, 24, 5,
       244, 5, 220, 249, 18, 243, 247, 191, 250, 223, 184, 254, 63, 178,
       124, 163, 255, 185, 139, 24, 254, 127, 210, 121, 173, 27, 236, 85,
       242, 247, 3, 240, 225, 115, 139, 124, 44, 216, 105, 63, 94, 91,
       241, 239, 213, 236, 221, 190, 114, 120, 169, 119, 244, 92, 122,
       13, 213, 5, 244, 93, 152, 188, 24, 5, 226, 157, 158, 73, 16, 242,
       51, 188, 216, 223, 32, 250, 47, 182, 117, 163, 255, 180, 143, 88,
