%YAML:1.0
descriptors: !!opencv-matrix
   rows: 91
   cols: 64
   dt: u
   data: [ 252, 253, 255, 255, 246, 127, 255, 255, 253, 253, 252, 255,
       255, 254, 255, 238, 251, 221, 127, 111, 63, 223, 239, 189, 255,
       255, 191, 191, 255, 223, 126, 191, 240, 103, 125, 255, 215, 119,
       253, 254, 251, 223, 251, 62, 223, 191, 91, 180, 205, 173, 119,
       181, 217, 255, 135, 239, 208, 252, 105, 255, 223, 78, 51, 191,
       253, 255, 255, 255, 255, 255, 255, 255, 253, 255, 255, 255, 255,
       255, 254, 253, 251, 213, 127, 111, 63, 223, 190, 61, 111, 255, 63,
       63, 255, 91, 126, 191, 243, 231, 125, 219, 214, 247, 255, 183,
       115, 255, 235, 127, 223, 158, 125, 177, 205, 189, 118, 245, 201,
       247, 167, 238, 208, 252, 232, 111, 223, 93, 179, 190, 255, 254,
       127, 239, 255, 255, 223, 217, 255, 127, 253, 250, 175, 255, 254,
       253, 243, 247, 63, 127, 127, 223, 191, 124, 255, 223, 123, 63,
       255, 123, 255, 191, 242, 237, 158, 223, 194, 119, 253, 247, 83,
       222, 106, 255, 223, 158, 252, 181, 205, 189, 86, 165, 233, 183,
       135, 239, 208, 252, 248, 30, 223, 93, 58, 189, 255, 254, 126, 237,
       255, 255, 223, 249, 191, 127, 253, 251, 255, 255, 254, 253, 247,
       247, 127, 127, 127, 223, 191, 60, 239, 255, 123, 127, 255, 127,
       254, 191, 240, 239, 126, 223, 246, 119, 253, 247, 215, 223, 207,
       126, 219, 158, 220, 149, 205, 181, 86, 181, 235, 247, 135, 239,
       216, 252, 105, 62, 223, 92, 50, 189, 191, 254, 126, 239, 255, 127,
       223, 216, 255, 127, 252, 251, 239, 123, 252, 253, 247, 247, 127,
       249, 245, 222, 185, 124, 239, 255, 123, 123, 255, 95, 255, 255,
       242, 239, 254, 95, 246, 247, 253, 183, 223, 223, 106, 127, 219,
       159, 252, 145, 204, 245, 86, 164, 207, 231, 143, 239, 248, 220,
       228, 46, 215, 223, 54, 189, 62, 53, 253, 222, 55, 157, 93, 75,
       231, 230, 185, 176, 125, 110, 189, 86, 243, 246, 98, 251, 183,
       118, 209, 119, 221, 231, 231, 125, 82, 252, 245, 233, 199, 60, 71,
       190, 202, 120, 243, 127, 52, 95, 125, 109, 246, 84, 245, 111, 155,
       174, 24, 7, 242, 29, 156, 93, 24, 243, 115, 189, 121, 215, 40,
       250, 46, 173, 239, 238, 63, 255, 245, 127, 253, 212, 222, 245,
       255, 126, 188, 77, 155, 253, 227, 251, 245, 127, 219, 247, 125,
       255, 21, 183, 126, 223, 95, 239, 143, 110, 251, 154, 255, 88, 249,
       61, 121, 61, 247, 167, 213, 53, 247, 107, 187, 190, 137, 75, 242,
       5, 216, 84, 54, 210, 246, 239, 243, 223, 236, 222, 46, 166, 109,
       168, 30, 253, 167, 93, 245, 126, 142, 53, 93, 126, 185, 101, 219,
       252, 195, 96, 245, 114, 90, 247, 92, 252, 4, 135, 126, 223, 121,
       235, 199, 44, 215, 186, 122, 120, 233, 124, 120, 93, 118, 175, 84,
       244, 245, 111, 185, 172, 152, 13, 242, 29, 156, 81, 52, 242, 59,
       189, 218, 223, 44, 250, 190, 185, 255, 247, 62, 181, 219, 57, 222,
       191, 215, 255, 255, 118, 176, 94, 254, 215, 126, 251, 239, 127,
       195, 127, 173, 218, 246, 255, 94, 253, 245, 238, 215, 188, 158,
       191, 254, 121, 251, 119, 88, 93, 247, 108, 243, 52, 241, 127, 191,
       174, 152, 71, 240, 29, 156, 93, 16, 243, 115, 255, 251, 31, 160,
       254, 29, 190, 247, 101, 253, 177, 243, 120, 188, 189, 198, 125,
       239, 91, 169, 77, 226, 253, 171, 107, 229, 47, 202, 127, 47, 186,
       98, 183, 126, 73, 113, 239, 223, 227, 221, 186, 119, 251, 249,
       117, 217, 92, 250, 6, 209, 1, 219, 107, 184, 188, 24, 5, 240, 189,
       157, 73, 20, 242, 183, 175, 218, 95, 37, 255, 251, 216, 255, 255,
       255, 255, 255, 248, 255, 255, 253, 251, 255, 248, 246, 253, 255,
       247, 127, 111, 62, 223, 191, 125, 175, 255, 255, 63, 223, 91, 118,
       191, 243, 239, 127, 223, 214, 253, 253, 255, 123, 92, 235, 63,
       223, 62, 253, 181, 205, 157, 86, 181, 249, 191, 140, 239, 208,
       252, 113, 127, 223, 93, 16, 190, 188, 185, 247, 244, 51, 111, 249,
       127, 245, 220, 215, 245, 127, 254, 176, 254, 251, 221, 103, 111,
       247, 47, 224, 119, 223, 255, 246, 223, 90, 206, 126, 233, 215, 38,
       117, 190, 215, 120, 217, 124, 88, 125, 185, 111, 253, 21, 247,
       110, 153, 172, 24, 69, 240, 29, 156, 73, 16, 242, 115, 191, 88,
       87, 161, 250, 58, 222, 253, 238, 63, 253, 253, 125, 255, 252, 221,
       217, 253, 60, 125, 222, 255, 244, 227, 123, 244, 114, 219, 255,
       253, 255, 245, 186, 127, 247, 127, 239, 207, 236, 243, 60, 254,
       249, 248, 123, 125, 221, 255, 47, 245, 181, 245, 111, 187, 186,
       153, 15, 242, 29, 158, 93, 61, 242, 255, 255, 243, 223, 44, 254,
       125, 189, 255, 124, 114, 247, 127, 126, 241, 190, 213, 177, 127,
       235, 183, 90, 251, 253, 251, 111, 247, 47, 230, 183, 143, 235,
       246, 223, 91, 77, 116, 235, 223, 39, 53, 191, 214, 124, 241, 125,
       120, 238, 187, 111, 255, 53, 247, 111, 189, 174, 58, 215, 240, 60,
       156, 77, 84, 254, 123, 223, 123, 87, 161, 250, 159, 246, 89, 43,
       255, 176, 155, 152, 250, 187, 209, 250, 172, 27, 193, 81, 102,
       215, 13, 243, 233, 98, 139, 124, 228, 154, 249, 123, 222, 43, 227,
       127, 247, 236, 220, 191, 123, 249, 169, 119, 242, 94, 106, 28,
       209, 21, 208, 61, 152, 253, 24, 5, 244, 149, 156, 105, 16, 242,
       179, 189, 220, 87, 34, 191, 60, 63, 245, 246, 51, 47, 97, 127,
       247, 92, 214, 53, 127, 254, 184, 118, 242, 213, 67, 102, 247, 47,
       209, 119, 94, 170, 166, 13, 122, 220, 120, 233, 198, 46, 71, 190,
       210, 122, 217, 124, 216, 93, 16, 142, 192, 52, 229, 110, 153, 172,
       152, 13, 242, 29, 156, 73, 16, 242, 115, 189, 90, 86, 32, 250, 62,
       246, 121, 175, 191, 181, 159, 25, 255, 255, 49, 248, 173, 10, 249,
       85, 255, 247, 1, 114, 241, 114, 155, 124, 244, 221, 245, 127, 94,
       123, 253, 255, 199, 236, 223, 190, 251, 248, 233, 119, 104, 94,
       110, 173, 213, 85, 212, 127, 152, 252, 24, 5, 246, 149, 156, 89,
       16, 178, 179, 189, 218, 223, 40, 246, 62, 178, 125, 231, 255, 189,
       251, 120, 254, 255, 214, 255, 253, 122, 185, 85, 242, 215, 91,
       123, 229, 127, 203, 125, 173, 218, 234, 191, 126, 123, 117, 239,
       215, 237, 223, 191, 254, 251, 249, 119, 249, 93, 235, 47, 209, 5,
       249, 127, 189, 190, 24, 5, 240, 181, 156, 93, 80, 246, 183, 191,
       251, 31, 32, 254, 1, 140, 142, 30, 42, 27, 156, 7, 51, 250, 5,
       195, 26, 119, 38, 9, 13, 27, 160, 163, 196, 37, 64, 227, 65, 83,
       144, 86, 8, 64, 149, 67, 223, 48, 81, 32, 91, 72, 234, 96, 112,
       60, 40, 47, 245, 20, 245, 107, 153, 234, 24, 7, 244, 13, 152, 201,
       23, 211, 54, 181, 80, 115, 32, 234, 125, 191, 255, 220, 127, 191,
       211, 122, 246, 244, 215, 117, 237, 123, 153, 69, 242, 245, 123,
       98, 247, 111, 202, 247, 45, 250, 228, 31, 126, 29, 81, 111, 223,
       39, 85, 190, 82, 122, 251, 126, 240, 93, 184, 7, 213, 176, 241,
       111, 153, 172, 153, 13, 240, 29, 156, 73, 48, 246, 51, 191, 216,
       87, 36, 251, 23, 178, 77, 175, 191, 176, 155, 124, 222, 191, 213,
       252, 237, 27, 145, 81, 242, 213, 3, 250, 193, 35, 203, 124, 108,
       136, 232, 47, 86, 13, 113, 111, 247, 44, 221, 186, 90, 123, 169,
       119, 210, 94, 26, 14, 208, 128, 209, 95, 153, 172, 24, 5, 240, 29,
       156, 73, 16, 242, 51, 156, 88, 87, 34, 249, 10, 193, 12, 221, 174,
       157, 223, 49, 61, 255, 87, 206, 157, 124, 125, 6, 172, 221, 100,
       227, 222, 119, 194, 114, 73, 254, 183, 126, 80, 211, 55, 123, 215,
       52, 81, 56, 210, 121, 248, 113, 112, 93, 57, 47, 213, 20, 245,
       111, 153, 172, 24, 5, 240, 29, 156, 73, 17, 242, 51, 189, 88, 87,
       32, 250, 46, 182, 101, 190, 62, 181, 143, 89, 231, 238, 9, 240,
       189, 46, 181, 87, 242, 245, 67, 99, 241, 55, 219, 127, 92, 234,
       164, 47, 82, 153, 125, 239, 199, 44, 86, 186, 210, 120, 225, 126,
       116, 78, 124, 175, 214, 84, 213, 111, 153, 172, 24, 13, 242, 29,
       156, 73, 16, 242, 51, 189, 90, 87, 40, 250, 220, 59, 147, 245,
       112, 34, 122, 230, 66, 171, 209, 151, 198, 192, 147, 90, 254, 205,
       58, 111, 143, 173, 198, 155, 142, 202, 246, 255, 66, 37, 182, 238,
