%YAML:1.0
descriptors: !!opencv-matrix
   rows: 61
   cols: 64
   dt: u
   data: [ 63, 181, 125, 186, 63, 181, 157, 126, 246, 254, 212, 245, 125,
       110, 185, 85, 246, 246, 67, 243, 245, 50, 209, 119, 205, 170, 228,
       207, 90, 92, 245, 235, 215, 44, 87, 190, 90, 120, 233, 124, 120,
       92, 56, 47, 212, 21, 245, 111, 153, 172, 24, 5, 240, 29, 156, 73,
       16, 242, 51, 189, 88, 87, 32, 250, 61, 188, 252, 252, 63, 253,
       253, 127, 189, 254, 222, 253, 125, 126, 253, 206, 251, 252, 99,
       99, 245, 118, 211, 119, 125, 191, 164, 187, 123, 221, 125, 235,
       207, 44, 87, 190, 215, 122, 249, 124, 120, 93, 126, 175, 212, 53,
       247, 111, 185, 172, 152, 13, 240, 29, 157, 89, 48, 242, 123, 189,
       90, 215, 42, 250, 63, 181, 125, 190, 55, 175, 29, 127, 247, 124,
       221, 177, 61, 127, 188, 87, 255, 246, 67, 115, 245, 98, 209, 119,
       221, 190, 228, 95, 122, 152, 245, 233, 199, 44, 87, 190, 210, 120,
       233, 124, 120, 92, 56, 175, 212, 53, 245, 111, 153, 172, 24, 13,
       240, 29, 156, 73, 24, 242, 51, 189, 90, 87, 40, 250, 63, 53, 249,
       182, 55, 39, 251, 127, 214, 222, 213, 117, 109, 78, 145, 86, 242,
       214, 3, 99, 229, 43, 193, 119, 204, 138, 230, 141, 82, 28, 245,
       233, 215, 36, 85, 190, 86, 120, 201, 117, 88, 92, 57, 46, 208, 21,
       193, 111, 153, 172, 24, 5, 240, 29, 156, 73, 16, 242, 51, 189, 88,
       87, 32, 250, 45, 54, 109, 32, 62, 245, 43, 125, 245, 254, 210, 53,
       125, 63, 185, 231, 250, 252, 67, 105, 241, 114, 220, 189, 93, 168,
       164, 151, 122, 221, 121, 239, 125, 44, 71, 190, 222, 58, 161, 124,
       252, 84, 122, 174, 214, 227, 194, 107, 185, 172, 28, 1, 240, 29,
       157, 93, 20, 242, 51, 188, 218, 214, 40, 246, 55, 245, 125, 154,
       55, 31, 21, 123, 230, 70, 189, 176, 125, 123, 180, 86, 247, 246,
       66, 244, 23, 114, 209, 103, 220, 183, 229, 93, 50, 156, 208, 105,
       210, 44, 85, 190, 74, 120, 195, 124, 48, 218, 56, 47, 212, 20,
       245, 110, 145, 172, 24, 5, 112, 25, 156, 73, 24, 242, 51, 189, 88,
       87, 32, 250, 13, 38, 125, 168, 24, 125, 161, 127, 32, 246, 194,
       20, 81, 61, 251, 229, 203, 252, 193, 96, 240, 64, 220, 178, 77,
       168, 0, 128, 112, 4, 57, 203, 245, 0, 85, 170, 17, 242, 137, 116,
       188, 20, 24, 6, 84, 135, 98, 108, 153, 44, 60, 4, 240, 29, 157,
       73, 16, 226, 35, 172, 72, 86, 32, 248, 68, 35, 243, 145, 216, 135,
       163, 255, 194, 228, 2, 54, 209, 194, 155, 66, 226, 213, 3, 102,
       205, 165, 198, 211, 14, 136, 180, 13, 210, 8, 51, 107, 119, 38,
       85, 186, 80, 122, 65, 84, 176, 84, 16, 14, 65, 4, 193, 79, 153,
       44, 24, 5, 240, 29, 156, 73, 16, 242, 51, 189, 88, 22, 32, 250,
       199, 52, 211, 51, 25, 194, 35, 77, 162, 227, 128, 112, 163, 131,
       130, 87, 106, 199, 33, 67, 139, 45, 250, 43, 4, 203, 250, 47, 82,
       9, 33, 111, 87, 167, 52, 187, 16, 184, 101, 86, 64, 64, 40, 171,
       195, 24, 105, 183, 25, 172, 24, 1, 240, 24, 156, 73, 16, 242, 51,
       157, 88, 87, 32, 250, 243, 221, 219, 223, 247, 94, 223, 143, 238,
       197, 61, 250, 191, 255, 182, 253, 255, 215, 56, 39, 78, 143, 227,
       103, 207, 215, 249, 111, 147, 42, 210, 41, 151, 37, 85, 255, 82,
       120, 239, 116, 112, 92, 56, 63, 221, 28, 245, 111, 157, 172, 24,
       5, 240, 29, 156, 203, 16, 246, 49, 61, 88, 85, 48, 250, 21, 39,
       81, 52, 17, 128, 41, 72, 2, 0, 131, 119, 224, 67, 128, 80, 98,
       196, 4, 66, 67, 44, 128, 99, 12, 154, 162, 9, 18, 40, 32, 9, 86,
       38, 116, 154, 0, 120, 67, 212, 129, 64, 153, 66, 224, 0, 193, 79,
       0, 36, 16, 5, 96, 24, 156, 73, 0, 114, 51, 137, 72, 7, 33, 121,
       254, 252, 111, 175, 255, 127, 191, 249, 253, 255, 254, 255, 255,
       62, 254, 252, 251, 221, 127, 243, 253, 135, 231, 116, 77, 255,
       189, 191, 219, 95, 119, 251, 215, 44, 85, 250, 91, 121, 233, 116,
       120, 92, 56, 63, 213, 23, 246, 109, 153, 172, 24, 5, 240, 29, 156,
       73, 16, 242, 51, 189, 88, 87, 32, 250, 255, 250, 127, 167, 255,
       255, 191, 248, 254, 255, 255, 251, 239, 127, 250, 117, 247, 247,
       103, 119, 253, 167, 195, 116, 205, 255, 253, 255, 218, 30, 247,
       251, 215, 44, 87, 190, 90, 120, 233, 117, 120, 92, 56, 47, 213,
       23, 245, 109, 153, 172, 24, 5, 240, 29, 156, 73, 16, 242, 51, 189,
       88, 87, 32, 250, 254, 249, 255, 223, 246, 87, 223, 254, 255, 221,
       188, 255, 255, 254, 255, 252, 251, 213, 127, 103, 95, 141, 231,
       119, 111, 255, 191, 47, 211, 223, 118, 59, 247, 39, 85, 251, 82,
       117, 237, 244, 114, 95, 56, 63, 221, 30, 245, 238, 157, 172, 26,
       5, 240, 31, 156, 75, 16, 246, 51, 189, 88, 85, 34, 251, 21, 185,
       210, 86, 49, 136, 93, 74, 2, 129, 45, 251, 162, 207, 132, 90, 43,
       215, 36, 7, 135, 45, 194, 99, 77, 223, 179, 47, 18, 42, 2, 41,
       151, 38, 117, 154, 2, 120, 251, 117, 113, 120, 185, 99, 189, 20,
       245, 111, 145, 166, 56, 5, 240, 24, 156, 73, 16, 242, 50, 191, 88,
       85, 161, 250, 63, 246, 124, 175, 255, 189, 191, 24, 191, 127, 253,
       251, 173, 127, 124, 125, 245, 255, 239, 240, 245, 118, 155, 124,
       245, 125, 249, 255, 254, 119, 239, 247, 223, 248, 223, 36, 255,
       185, 248, 127, 127, 223, 123, 173, 245, 241, 246, 125, 186, 255,
       152, 11, 252, 133, 218, 125, 62, 215, 183, 189, 250, 219, 108,
       222, 243, 213, 222, 222, 55, 3, 93, 10, 119, 197, 37, 250, 190,
       234, 166, 95, 235, 247, 52, 103, 7, 175, 225, 103, 97, 215, 243,
       63, 115, 41, 214, 105, 214, 38, 52, 218, 2, 125, 251, 117, 114,
       235, 189, 107, 191, 28, 245, 111, 145, 166, 26, 69, 120, 24, 188,
       79, 25, 178, 113, 191, 89, 117, 163, 251, 242, 221, 154, 215, 39,
       7, 221, 139, 214, 193, 53, 242, 191, 202, 50, 94, 127, 179, 52,
       223, 7, 175, 241, 103, 53, 215, 243, 47, 82, 186, 214, 57, 194,
       47, 38, 223, 194, 125, 251, 220, 80, 249, 181, 107, 155, 28, 181,
       47, 221, 174, 16, 69, 248, 25, 188, 67, 17, 243, 113, 63, 121, 53,
       161, 250, 135, 162, 195, 163, 221, 162, 143, 76, 164, 123, 0, 121,
       171, 75, 130, 85, 235, 213, 37, 99, 193, 39, 234, 121, 78, 219,
       56, 47, 82, 9, 33, 111, 215, 164, 92, 187, 114, 120, 109, 246, 64,
       76, 56, 47, 209, 20, 213, 83, 153, 172, 24, 5, 240, 28, 156, 73,
       16, 242, 51, 189, 88, 87, 32, 250, 187, 254, 95, 239, 255, 248,
       223, 152, 255, 127, 255, 251, 175, 95, 110, 253, 255, 247, 61,
       243, 229, 102, 155, 124, 231, 223, 249, 123, 255, 123, 247, 255,
       215, 236, 223, 247, 255, 121, 233, 119, 123, 92, 107, 61, 213, 19,
       252, 125, 153, 191, 24, 5, 252, 165, 159, 105, 16, 246, 183, 191,
       254, 223, 36, 190, 220, 187, 154, 113, 217, 115, 226, 247, 24,
       187, 194, 127, 134, 210, 171, 89, 126, 219, 249, 71, 237, 141, 79,
       219, 131, 90, 122, 231, 220, 69, 162, 246, 255, 3, 215, 229, 117,
       253, 237, 116, 248, 84, 242, 126, 221, 125, 147, 247, 253, 236,
       24, 245, 245, 127, 220, 203, 87, 252, 183, 191, 94, 115, 145, 250,
       252, 61, 255, 246, 114, 103, 123, 127, 247, 220, 213, 183, 127,
       250, 182, 94, 255, 223, 115, 103, 119, 253, 243, 183, 223, 235,
       246, 253, 106, 220, 246, 169, 207, 39, 39, 190, 215, 120, 217,
       124, 120, 221, 189, 47, 253, 53, 247, 110, 157, 172, 153, 207,
       240, 29, 156, 77, 120, 246, 115, 249, 123, 87, 41, 250, 252, 234,
       247, 237, 250, 117, 253, 255, 253, 253, 248, 255, 255, 191, 255,
       238, 251, 221, 127, 111, 125, 141, 238, 60, 127, 255, 191, 187,
       223, 207, 126, 191, 241, 101, 125, 251, 82, 119, 237, 254, 123,
       92, 120, 62, 223, 159, 124, 181, 141, 173, 94, 181, 216, 159, 132,
       77, 208, 252, 33, 188, 93, 86, 34, 190, 60, 253, 255, 220, 50,
       255, 253, 127, 255, 212, 223, 252, 95, 252, 255, 238, 187, 253,
       122, 111, 183, 125, 214, 247, 255, 127, 247, 255, 109, 255, 254,
       235, 207, 94, 103, 190, 222, 126, 250, 125, 124, 189, 245, 103,
       191, 182, 245, 111, 255, 174, 175, 223, 242, 29, 188, 92, 125,
       247, 123, 255, 251, 253, 237, 254, 62, 181, 255, 254, 63, 247,
