%YAML:1.0
descriptors: !!opencv-matrix
   rows: 114
   cols: 64
   dt: u
   data: [ 59, 255, 124, 251, 191, 253, 223, 25, 255, 255, 253, 250, 189,
       127, 124, 221, 223, 247, 254, 187, 247, 118, 91, 127, 245, 247,
       247, 255, 127, 247, 247, 243, 223, 222, 223, 36, 255, 249, 250,
       123, 126, 255, 235, 237, 245, 241, 247, 127, 191, 255, 152, 79,
       252, 133, 222, 125, 63, 247, 247, 191, 251, 251, 237, 222, 252,
       175, 255, 253, 114, 127, 253, 247, 221, 252, 126, 157, 95, 246,
       251, 238, 155, 221, 251, 111, 255, 253, 254, 187, 255, 111, 150,
       183, 109, 223, 62, 255, 231, 83, 103, 251, 247, 255, 255, 124,
       250, 61, 247, 118, 255, 166, 127, 234, 191, 173, 239, 255, 219,
       127, 159, 92, 231, 236, 107, 235, 255, 174, 107, 254, 252, 175,
       255, 221, 112, 127, 241, 247, 253, 252, 238, 191, 87, 246, 251,
       238, 251, 221, 251, 111, 127, 141, 254, 183, 123, 111, 158, 166,
       237, 207, 62, 255, 239, 35, 101, 251, 215, 247, 253, 252, 251,
       125, 248, 54, 127, 191, 127, 226, 189, 172, 239, 253, 209, 127,
       157, 76, 244, 252, 107, 239, 223, 70, 35, 254, 236, 41, 247, 213,
       250, 103, 115, 254, 221, 229, 199, 191, 243, 254, 179, 234, 235,
       213, 123, 111, 15, 141, 239, 63, 79, 235, 190, 47, 211, 143, 62,
       175, 247, 39, 117, 251, 82, 255, 253, 246, 208, 125, 244, 54, 203,
       28, 105, 183, 157, 172, 126, 181, 209, 126, 148, 203, 208, 252,
       33, 191, 93, 86, 51, 251, 255, 220, 126, 239, 255, 253, 223, 136,
       191, 255, 189, 250, 191, 122, 254, 253, 247, 247, 60, 251, 255,
       119, 187, 124, 117, 247, 251, 127, 255, 123, 255, 127, 215, 237,
       222, 223, 242, 125, 251, 255, 119, 223, 109, 125, 215, 30, 253,
       53, 157, 191, 16, 5, 254, 181, 223, 127, 24, 246, 240, 63, 223,
       223, 58, 191, 252, 235, 255, 253, 114, 127, 243, 255, 221, 253,
       254, 191, 95, 254, 251, 238, 251, 221, 255, 111, 63, 221, 238,
       191, 127, 255, 191, 183, 253, 207, 126, 255, 251, 39, 117, 251,
       215, 255, 253, 124, 250, 125, 251, 55, 255, 175, 127, 234, 207,
       173, 255, 253, 219, 127, 157, 76, 208, 252, 105, 255, 223, 95, 49,
       254, 252, 239, 247, 253, 242, 127, 255, 255, 253, 253, 254, 191,
       95, 254, 251, 238, 251, 221, 255, 111, 63, 143, 238, 191, 95, 255,
       191, 191, 253, 223, 126, 191, 243, 39, 117, 251, 214, 247, 253,
       124, 255, 125, 249, 118, 127, 175, 125, 180, 205, 173, 127, 253,
       219, 127, 133, 78, 192, 252, 105, 255, 95, 70, 49, 182, 247, 252,
       255, 239, 255, 254, 223, 152, 255, 255, 189, 251, 175, 123, 230,
       125, 243, 247, 60, 63, 237, 79, 187, 124, 231, 223, 251, 127, 255,
       59, 255, 127, 215, 237, 222, 223, 242, 125, 255, 247, 115, 222,
       106, 253, 223, 26, 252, 53, 205, 191, 16, 5, 236, 183, 158, 239,
       88, 254, 176, 63, 222, 221, 50, 191, 255, 248, 255, 239, 255, 255,
       223, 216, 255, 215, 149, 254, 255, 255, 246, 93, 251, 247, 63,
       127, 207, 87, 131, 125, 239, 223, 249, 63, 247, 31, 246, 63, 215,
       109, 93, 223, 82, 125, 237, 119, 113, 220, 120, 63, 221, 28, 253,
       53, 157, 173, 24, 5, 248, 189, 156, 107, 80, 254, 49, 189, 92, 95,
       48, 250, 252, 239, 255, 253, 114, 127, 253, 247, 189, 253, 254,
       223, 95, 252, 255, 238, 153, 253, 251, 111, 246, 255, 246, 179,
       127, 127, 151, 246, 109, 215, 126, 239, 207, 83, 103, 233, 215,
       255, 252, 125, 254, 61, 255, 119, 255, 183, 247, 235, 191, 172,
       175, 223, 211, 127, 157, 92, 119, 222, 119, 255, 251, 255, 141,
       254, 29, 155, 254, 117, 46, 249, 254, 48, 57, 189, 214, 205, 206,
       125, 44, 25, 189, 235, 251, 251, 245, 125, 67, 251, 225, 126, 243,
       246, 108, 119, 229, 231, 223, 248, 249, 36, 255, 249, 248, 121,
       121, 61, 251, 111, 245, 113, 247, 107, 187, 218, 137, 79, 244, 77,
       216, 93, 55, 211, 247, 247, 243, 251, 237, 206, 255, 252, 250,
       231, 255, 159, 223, 137, 255, 255, 23, 255, 191, 126, 126, 93,
       244, 247, 60, 179, 205, 119, 219, 125, 247, 214, 249, 127, 126,
       123, 215, 111, 151, 237, 223, 183, 250, 121, 251, 127, 96, 93,
       110, 105, 213, 92, 253, 63, 157, 190, 24, 13, 246, 165, 156, 235,
       24, 246, 178, 189, 219, 223, 56, 254, 255, 254, 255, 223, 255,
       159, 223, 24, 239, 103, 149, 250, 191, 122, 254, 93, 254, 247,
       126, 119, 223, 119, 211, 125, 231, 246, 251, 127, 118, 59, 215,
       47, 215, 109, 215, 159, 218, 121, 251, 127, 112, 93, 109, 47, 213,
       92, 253, 63, 157, 190, 24, 13, 242, 189, 156, 75, 48, 246, 114,
       191, 248, 223, 60, 250, 236, 169, 239, 249, 114, 255, 243, 255,
       253, 255, 198, 159, 211, 252, 251, 238, 203, 221, 251, 111, 254,
       189, 206, 255, 79, 255, 159, 167, 89, 207, 50, 235, 215, 39, 87,
       251, 86, 127, 253, 116, 120, 125, 240, 63, 223, 60, 117, 243, 157,
       172, 24, 149, 241, 61, 156, 72, 80, 252, 123, 191, 89, 87, 33,
       250, 45, 175, 239, 245, 56, 191, 249, 115, 189, 252, 198, 245,
       223, 125, 185, 78, 138, 253, 235, 107, 245, 111, 218, 251, 93,
       122, 134, 182, 124, 199, 53, 207, 223, 82, 71, 186, 213, 250, 249,
       61, 124, 61, 251, 39, 245, 229, 247, 107, 185, 172, 153, 77, 240,
       29, 156, 76, 54, 242, 119, 191, 250, 87, 33, 254, 39, 220, 237,
       207, 255, 158, 223, 24, 191, 117, 181, 250, 175, 123, 52, 93, 160,
       245, 60, 179, 244, 103, 218, 125, 125, 246, 185, 63, 126, 59, 85,
       111, 151, 236, 151, 154, 218, 121, 249, 127, 112, 222, 105, 173,
       213, 24, 245, 107, 153, 188, 24, 13, 244, 61, 158, 79, 56, 246,
       178, 189, 216, 215, 44, 255, 45, 182, 109, 170, 63, 253, 181, 89,
       245, 124, 140, 229, 125, 127, 189, 101, 251, 252, 195, 114, 245,
       114, 89, 247, 116, 189, 37, 147, 126, 223, 121, 227, 207, 108, 87,
       190, 211, 120, 249, 124, 124, 93, 122, 175, 84, 241, 247, 111,
       185, 172, 152, 13, 240, 29, 156, 89, 56, 242, 127, 189, 218, 223,
       44, 250, 61, 182, 117, 100, 191, 253, 163, 120, 253, 124, 198,
       117, 253, 127, 249, 229, 242, 252, 195, 98, 245, 106, 155, 255,
       125, 62, 100, 151, 124, 223, 121, 239, 207, 106, 79, 190, 247,
       178, 249, 124, 221, 85, 90, 134, 196, 227, 247, 107, 184, 253,
       153, 13, 242, 29, 159, 65, 62, 242, 247, 173, 218, 223, 44, 220,
       61, 190, 255, 124, 63, 181, 241, 126, 244, 188, 214, 245, 237,
       121, 153, 77, 250, 253, 227, 122, 245, 111, 219, 255, 253, 42,
       230, 151, 124, 85, 245, 239, 223, 106, 71, 190, 247, 184, 249,
       125, 253, 93, 251, 167, 213, 225, 243, 111, 185, 252, 153, 9, 240,
       29, 156, 69, 54, 242, 247, 191, 250, 215, 173, 223, 187, 222, 158,
       223, 239, 221, 222, 165, 63, 253, 95, 207, 158, 125, 127, 188,
       253, 211, 184, 187, 222, 109, 219, 123, 251, 127, 243, 126, 125,
       115, 247, 103, 215, 243, 121, 53, 247, 205, 250, 107, 117, 124,
       235, 111, 253, 20, 255, 123, 189, 218, 24, 231, 244, 229, 156,
       239, 95, 215, 246, 191, 242, 125, 145, 254, 63, 55, 125, 182, 55,
       181, 29, 75, 231, 238, 249, 176, 125, 111, 180, 87, 246, 246, 3,
       243, 245, 114, 209, 119, 221, 138, 230, 95, 82, 188, 245, 233,
       199, 44, 86, 190, 218, 120, 225, 125, 124, 78, 57, 173, 214, 85,
       245, 111, 153, 174, 24, 5, 224, 29, 156, 73, 24, 242, 51, 189,
       122, 215, 40, 250, 63, 189, 255, 124, 62, 181, 253, 126, 242, 191,
       213, 249, 255, 235, 180, 90, 254, 223, 99, 251, 247, 127, 195,
       255, 173, 186, 230, 255, 106, 125, 245, 239, 223, 190, 36, 190,
       255, 253, 249, 127, 88, 223, 255, 111, 243, 53, 247, 111, 187,
       238, 24, 199, 240, 29, 156, 77, 30, 243, 247, 255, 251, 247, 163,
       255, 47, 230, 109, 168, 63, 61, 191, 121, 181, 254, 253, 242, 221,
       59, 189, 71, 128, 253, 99, 105, 241, 86, 208, 116, 93, 189, 157,
       179, 120, 84, 53, 235, 213, 44, 215, 186, 211, 120, 169, 125, 124,
       94, 58, 175, 212, 117, 246, 109, 153, 172, 24, 5, 240, 29, 156,
       89, 16, 242, 51, 188, 90, 215, 40, 250, 60, 181, 253, 254, 55,
