%YAML:1.0
descriptors: !!opencv-matrix
   rows: 52
   cols: 64
   dt: u
   data: [ 254, 185, 255, 246, 54, 175, 127, 123, 215, 229, 213, 250,
       255, 234, 182, 94, 246, 215, 119, 103, 255, 63, 195, 119, 221,
       250, 247, 255, 82, 157, 244, 235, 215, 44, 20, 190, 218, 120, 249,
       124, 120, 221, 189, 47, 209, 20, 245, 111, 153, 172, 24, 5, 240,
       29, 156, 73, 16, 242, 51, 189, 88, 87, 32, 250, 47, 223, 252, 254,
       63, 191, 255, 89, 189, 253, 172, 235, 189, 127, 252, 93, 243, 253,
       227, 115, 245, 103, 211, 119, 85, 254, 245, 63, 126, 223, 117,
       227, 223, 108, 87, 190, 243, 120, 249, 124, 126, 95, 58, 175, 213,
       117, 247, 111, 185, 172, 24, 13, 240, 29, 156, 73, 48, 242, 119,
       189, 90, 87, 40, 250, 191, 246, 125, 238, 127, 191, 31, 120, 255,
       95, 253, 250, 237, 123, 244, 85, 247, 247, 111, 253, 245, 114,
       145, 118, 237, 255, 253, 127, 126, 30, 247, 249, 210, 44, 214,
       190, 218, 120, 233, 125, 122, 222, 57, 47, 213, 16, 244, 111, 153,
       173, 24, 5, 248, 29, 158, 73, 16, 242, 51, 189, 88, 215, 40, 250,
       127, 50, 117, 175, 255, 163, 171, 252, 234, 61, 209, 57, 237, 90,
       163, 81, 250, 215, 27, 116, 233, 1, 143, 60, 142, 200, 232, 255,
       214, 45, 245, 239, 117, 165, 29, 191, 90, 241, 37, 87, 165, 74,
       75, 30, 201, 141, 200, 21, 140, 181, 92, 37, 98, 190, 150, 107,
       192, 254, 179, 156, 220, 70, 50, 181, 124, 185, 255, 255, 62, 255,
       249, 247, 125, 254, 87, 157, 223, 254, 187, 238, 251, 221, 97,
       107, 245, 125, 199, 251, 201, 107, 182, 190, 121, 215, 247, 239,
       223, 36, 85, 186, 215, 122, 249, 117, 120, 93, 253, 46, 245, 53,
       247, 111, 155, 172, 24, 5, 240, 29, 156, 73, 16, 242, 59, 189, 89,
       87, 32, 254, 109, 175, 247, 121, 216, 255, 167, 255, 249, 223,
       234, 127, 195, 213, 219, 233, 235, 237, 251, 102, 253, 13, 94,
       215, 223, 239, 63, 165, 204, 70, 58, 139, 239, 7, 85, 187, 21,
       188, 125, 116, 124, 116, 58, 183, 93, 171, 119, 247, 188, 44, 56,
       240, 241, 125, 140, 73, 68, 252, 67, 175, 90, 87, 97, 250, 60,
       160, 237, 190, 58, 255, 241, 111, 213, 252, 214, 181, 121, 126,
       189, 70, 251, 157, 227, 35, 245, 55, 195, 247, 93, 250, 132, 135,
       106, 217, 53, 235, 207, 40, 71, 176, 255, 120, 233, 124, 120, 93,
       119, 47, 213, 53, 247, 111, 185, 172, 153, 13, 240, 29, 156, 89,
       54, 242, 55, 189, 90, 87, 32, 250, 109, 46, 231, 241, 88, 255,
       161, 255, 253, 252, 206, 53, 89, 255, 251, 228, 235, 221, 203, 98,
       245, 45, 206, 179, 95, 234, 132, 135, 120, 78, 59, 223, 247, 38,
       85, 186, 85, 114, 237, 116, 252, 116, 26, 38, 77, 135, 227, 235,
       153, 44, 28, 5, 240, 29, 156, 73, 16, 242, 35, 189, 74, 70, 32,
       248, 124, 191, 255, 251, 126, 255, 247, 255, 253, 254, 254, 189,
       127, 254, 255, 238, 251, 213, 123, 110, 245, 119, 215, 183, 127,
       239, 172, 189, 127, 221, 126, 235, 255, 103, 215, 187, 214, 122,
       253, 124, 254, 93, 126, 46, 213, 183, 245, 239, 159, 172, 159, 13,
       242, 61, 157, 93, 120, 246, 123, 189, 91, 222, 42, 250, 254, 189,
       255, 151, 119, 87, 219, 255, 255, 253, 213, 255, 127, 254, 178,
       254, 255, 215, 119, 103, 213, 39, 231, 119, 221, 235, 252, 79, 83,
       220, 247, 107, 247, 36, 84, 190, 82, 122, 233, 244, 80, 92, 56,
       46, 209, 20, 241, 111, 153, 172, 24, 5, 240, 29, 156, 73, 16, 242,
       51, 189, 88, 87, 34, 251, 255, 249, 251, 63, 223, 99, 127, 222,
       205, 35, 221, 186, 243, 206, 166, 223, 251, 21, 59, 87, 47, 159,
       239, 63, 70, 223, 251, 175, 211, 111, 126, 172, 139, 175, 181,
       255, 2, 117, 101, 119, 40, 203, 246, 105, 95, 93, 47, 182, 220,
       166, 82, 148, 107, 254, 116, 227, 216, 188, 237, 187, 29, 79, 183,
       82, 93, 57, 255, 245, 62, 247, 249, 254, 220, 188, 214, 245, 207,
       220, 187, 235, 178, 221, 219, 107, 247, 61, 206, 251, 173, 42,
       166, 215, 92, 69, 127, 255, 127, 115, 189, 251, 247, 255, 217,
       245, 219, 253, 219, 94, 234, 167, 203, 123, 191, 127, 127, 215,
       248, 191, 159, 76, 214, 254, 255, 207, 251, 46, 167, 247, 55, 182,
       113, 162, 221, 182, 131, 89, 230, 92, 146, 119, 173, 95, 144, 85,
       226, 213, 1, 96, 193, 39, 138, 116, 78, 216, 40, 15, 150, 8, 49,
       107, 215, 36, 92, 186, 114, 114, 173, 116, 193, 84, 26, 14, 193,
       4, 240, 79, 152, 172, 24, 5, 240, 29, 156, 73, 16, 242, 51, 189,
       88, 87, 32, 248, 60, 185, 255, 255, 55, 253, 241, 255, 255, 221,
       222, 253, 127, 126, 255, 252, 251, 214, 227, 107, 245, 61, 231,
       247, 253, 239, 240, 255, 127, 223, 255, 239, 255, 38, 117, 190,
       118, 123, 249, 116, 123, 93, 126, 46, 213, 55, 247, 111, 185, 172,
       159, 13, 240, 29, 156, 73, 20, 242, 63, 189, 91, 95, 34, 250, 222,
       249, 219, 253, 117, 242, 251, 254, 88, 187, 245, 250, 231, 195,
       135, 91, 43, 221, 191, 95, 47, 253, 231, 63, 167, 219, 251, 191,
       87, 45, 38, 191, 251, 135, 188, 251, 119, 253, 247, 119, 122, 234,
       251, 124, 251, 157, 91, 182, 94, 191, 126, 247, 217, 246, 244,
       238, 208, 189, 253, 223, 61, 117, 183, 183, 189, 252, 255, 125,
       255, 255, 255, 255, 121, 253, 252, 251, 238, 125, 238, 253, 253,
       255, 255, 251, 245, 109, 127, 251, 247, 111, 243, 246, 125, 119,
       239, 247, 239, 243, 252, 117, 255, 253, 248, 253, 127, 254, 251,
       255, 255, 51, 255, 123, 189, 255, 30, 255, 252, 253, 221, 69, 127,
       223, 247, 175, 251, 255, 175, 222, 188, 253, 255, 255, 55, 127,
       253, 255, 255, 213, 253, 253, 127, 126, 254, 254, 255, 215, 115,
       127, 245, 63, 247, 247, 253, 255, 245, 255, 127, 223, 246, 235,
       223, 44, 87, 190, 91, 120, 249, 124, 122, 93, 56, 47, 213, 53,
       247, 111, 153, 172, 26, 5, 240, 29, 156, 73, 16, 242, 51, 189, 88,
       87, 32, 250, 114, 18, 241, 150, 254, 134, 27, 77, 198, 103, 19,
       18, 173, 105, 146, 86, 254, 215, 0, 100, 202, 161, 195, 124, 204,
       136, 248, 47, 82, 40, 113, 107, 87, 36, 84, 187, 66, 120, 161, 86,
       144, 72, 24, 15, 209, 28, 193, 15, 153, 172, 24, 5, 112, 29, 156,
       73, 16, 242, 51, 189, 88, 87, 32, 251, 173, 222, 230, 101, 253,
       240, 167, 248, 184, 189, 238, 255, 238, 93, 203, 173, 235, 237,
       191, 251, 253, 47, 191, 124, 103, 127, 121, 179, 253, 71, 99, 247,
       223, 235, 221, 117, 119, 177, 253, 55, 125, 92, 122, 191, 221,
       113, 255, 241, 168, 221, 28, 33, 244, 191, 156, 105, 54, 212, 183,
       175, 222, 87, 36, 222, 254, 249, 255, 223, 118, 95, 221, 254, 255,
       229, 61, 250, 127, 254, 246, 254, 255, 215, 126, 111, 23, 255,
       231, 55, 239, 247, 247, 127, 123, 251, 214, 107, 215, 101, 21,
       254, 210, 121, 251, 127, 114, 223, 253, 127, 189, 28, 245, 111,
       157, 172, 155, 5, 248, 29, 148, 79, 24, 246, 121, 191, 89, 93, 34,
       251, 26, 49, 153, 222, 34, 213, 88, 39, 87, 166, 23, 148, 213,
       196, 57, 82, 124, 210, 32, 171, 142, 61, 195, 75, 141, 146, 246,
       127, 66, 233, 213, 106, 199, 180, 85, 190, 218, 120, 234, 115, 48,
       93, 229, 109, 183, 20, 165, 111, 155, 170, 24, 71, 178, 29, 188,
       89, 17, 243, 59, 249, 121, 63, 96, 246, 243, 214, 28, 223, 239,
       157, 223, 152, 191, 255, 61, 202, 175, 121, 118, 63, 244, 247,
       124, 187, 220, 247, 147, 108, 241, 246, 251, 126, 190, 115, 223,
       123, 219, 252, 210, 117, 218, 73, 250, 235, 118, 94, 107, 189,
       149, 122, 245, 63, 151, 139, 24, 15, 252, 169, 223, 255, 57, 247,
       242, 63, 242, 213, 14, 251, 253, 253, 255, 255, 119, 127, 251,
       255, 253, 253, 253, 255, 127, 255, 254, 238, 243, 245, 127, 111,
       255, 255, 247, 63, 127, 239, 174, 159, 127, 223, 126, 255, 247,
       103, 118, 255, 214, 127, 253, 253, 218, 223, 251, 62, 219, 63,
       225, 239, 157, 173, 30, 133, 249, 61, 157, 77, 88, 254, 123, 191,
       91, 86, 51, 251, 211, 208, 89, 143, 254, 132, 155, 200, 62, 101,
       5, 78, 157, 107, 182, 85, 246, 247, 28, 100, 200, 33, 138, 104,
       238, 208, 184, 127, 214, 41, 93, 47, 215, 165, 28, 219, 82, 113,
