%YAML:1.0
descriptors: !!opencv-matrix
   rows: 119
   cols: 64
   dt: u
   data: [ 187, 254, 124, 239, 191, 189, 223, 185, 255, 255, 253, 251,
       175, 127, 252, 93, 255, 247, 254, 187, 245, 119, 219, 124, 245,
       255, 243, 127, 127, 123, 247, 255, 223, 236, 223, 246, 255, 249,
       249, 127, 127, 95, 235, 253, 245, 113, 255, 127, 191, 255, 153,
       15, 252, 165, 222, 125, 62, 247, 247, 191, 251, 223, 172, 222,
       252, 254, 255, 255, 254, 255, 255, 255, 253, 253, 254, 255, 255,
       255, 251, 254, 251, 221, 127, 111, 125, 143, 175, 61, 127, 255,
       191, 191, 223, 223, 122, 191, 241, 39, 125, 251, 87, 247, 253,
       246, 219, 92, 248, 62, 223, 31, 127, 181, 205, 173, 94, 181, 249,
       255, 133, 239, 208, 252, 33, 189, 220, 87, 50, 190, 253, 235, 247,
       253, 114, 127, 227, 254, 253, 253, 254, 255, 95, 255, 251, 238,
       251, 221, 255, 111, 127, 141, 238, 191, 95, 239, 63, 167, 253,
       207, 122, 255, 251, 103, 117, 251, 87, 247, 253, 252, 255, 125,
       250, 55, 223, 175, 127, 240, 205, 173, 255, 245, 217, 127, 141,
       206, 240, 252, 97, 255, 223, 70, 49, 254, 255, 254, 247, 231, 255,
       247, 251, 249, 254, 253, 250, 127, 239, 251, 210, 253, 251, 213,
       63, 111, 127, 143, 175, 124, 239, 255, 123, 63, 223, 31, 114, 191,
       113, 231, 124, 223, 86, 119, 253, 247, 211, 76, 251, 62, 203, 14,
       216, 181, 205, 181, 86, 181, 249, 254, 134, 235, 208, 252, 33, 31,
       220, 31, 48, 188, 255, 254, 127, 239, 255, 252, 223, 153, 255,
       255, 185, 250, 175, 127, 254, 125, 247, 247, 60, 251, 239, 119,
       155, 124, 229, 215, 251, 127, 255, 123, 247, 127, 215, 237, 223,
       223, 250, 125, 251, 119, 118, 94, 107, 125, 215, 28, 253, 53, 157,
       191, 24, 5, 252, 181, 252, 127, 88, 246, 240, 63, 252, 223, 58,
       191, 252, 41, 255, 253, 242, 111, 251, 255, 221, 245, 215, 191,
       87, 254, 251, 238, 235, 221, 123, 111, 63, 159, 238, 191, 127,
       235, 190, 175, 211, 207, 62, 191, 247, 39, 117, 251, 86, 119, 253,
       118, 216, 125, 253, 126, 207, 62, 105, 182, 221, 172, 127, 245,
       209, 127, 148, 78, 208, 252, 105, 255, 93, 12, 51, 254, 253, 251,
       255, 255, 255, 127, 255, 250, 125, 253, 254, 251, 255, 254, 255,
       239, 251, 245, 125, 111, 127, 221, 239, 57, 111, 255, 187, 63,
       255, 79, 118, 191, 243, 103, 117, 251, 82, 127, 253, 244, 118, 93,
       122, 63, 223, 30, 253, 181, 205, 173, 94, 181, 219, 191, 157, 79,
       208, 252, 49, 191, 93, 95, 48, 186, 255, 254, 255, 255, 255, 255,
       223, 216, 255, 255, 185, 250, 175, 251, 246, 253, 243, 247, 63,
       127, 207, 207, 191, 124, 103, 223, 123, 63, 223, 27, 115, 63, 243,
       231, 222, 223, 82, 125, 255, 247, 115, 94, 106, 127, 219, 30, 253,
       181, 205, 189, 22, 37, 249, 247, 143, 239, 208, 252, 177, 31, 220,
       93, 48, 191, 252, 251, 255, 255, 254, 119, 255, 254, 253, 255,
       248, 255, 255, 238, 251, 254, 251, 213, 127, 111, 127, 159, 175,
       61, 111, 255, 191, 63, 223, 207, 126, 191, 243, 39, 125, 251, 82,
       117, 253, 246, 115, 93, 252, 62, 223, 30, 93, 181, 205, 173, 86,
       181, 219, 255, 132, 239, 208, 252, 33, 63, 93, 92, 51, 182, 62,
       191, 125, 246, 62, 253, 253, 123, 247, 252, 223, 245, 253, 126,
       252, 119, 255, 254, 67, 251, 245, 126, 209, 247, 221, 254, 229,
       219, 122, 255, 255, 235, 207, 124, 199, 190, 223, 122, 249, 125,
       124, 93, 119, 175, 244, 117, 247, 111, 185, 174, 153, 11, 242, 29,
       156, 85, 60, 243, 115, 191, 251, 223, 44, 250, 255, 220, 254, 239,
       255, 254, 223, 217, 191, 255, 189, 250, 175, 111, 246, 253, 255,
       247, 62, 127, 255, 207, 187, 124, 127, 223, 255, 127, 223, 59,
       255, 63, 215, 237, 222, 223, 210, 125, 253, 247, 115, 222, 106,
       255, 223, 30, 252, 53, 205, 189, 16, 5, 248, 183, 157, 239, 88,
       254, 112, 63, 222, 93, 58, 191, 60, 182, 125, 186, 63, 253, 181,
       127, 247, 126, 222, 53, 125, 126, 253, 244, 255, 254, 195, 114,
       245, 114, 209, 247, 221, 253, 228, 221, 122, 222, 253, 235, 207,
       44, 71, 190, 223, 122, 233, 124, 124, 93, 126, 47, 84, 245, 247,
       111, 187, 172, 153, 13, 242, 29, 156, 89, 60, 242, 127, 189, 91,
       223, 40, 250, 45, 246, 117, 109, 249, 237, 167, 121, 189, 125,
       206, 125, 205, 127, 252, 101, 227, 253, 199, 96, 245, 106, 154,
       252, 124, 254, 5, 183, 124, 95, 123, 239, 159, 224, 95, 190, 245,
       186, 249, 60, 93, 29, 90, 167, 213, 113, 255, 99, 168, 244, 137,
       44, 240, 149, 158, 77, 62, 214, 247, 173, 218, 223, 46, 222, 63,
       182, 125, 175, 63, 181, 191, 88, 247, 254, 251, 177, 253, 46, 185,
       85, 247, 254, 3, 248, 225, 114, 211, 124, 205, 205, 229, 251, 94,
       125, 245, 251, 247, 172, 223, 190, 251, 120, 169, 117, 124, 92,
       126, 45, 214, 149, 214, 111, 152, 172, 24, 5, 242, 29, 157, 73,
       16, 242, 51, 188, 219, 223, 40, 242, 236, 239, 239, 253, 114, 127,
       247, 247, 189, 253, 238, 255, 223, 255, 255, 238, 139, 221, 251,
       111, 127, 237, 246, 179, 95, 127, 159, 183, 125, 207, 54, 207,
       223, 35, 119, 251, 87, 125, 253, 124, 124, 125, 186, 55, 253, 61,
       127, 235, 157, 172, 189, 221, 209, 127, 156, 76, 80, 254, 115,
       191, 91, 87, 33, 250, 47, 182, 109, 163, 255, 188, 163, 88, 252,
       127, 210, 119, 237, 31, 232, 69, 226, 213, 11, 120, 225, 35, 139,
       124, 77, 220, 184, 39, 94, 31, 49, 111, 213, 36, 213, 186, 82,
       122, 169, 118, 208, 92, 26, 15, 213, 135, 244, 105, 153, 173, 24,
       5, 240, 29, 159, 73, 16, 242, 51, 188, 88, 87, 32, 250, 92, 187,
       191, 253, 34, 127, 248, 247, 25, 252, 214, 221, 95, 244, 123, 234,
       189, 219, 251, 235, 246, 125, 102, 219, 185, 123, 246, 246, 109,
       247, 246, 239, 223, 26, 97, 100, 255, 255, 250, 121, 248, 61, 243,
       119, 255, 181, 247, 111, 191, 234, 175, 223, 244, 93, 152, 92,
       119, 215, 255, 255, 243, 251, 205, 254, 63, 186, 255, 127, 62,
       189, 251, 116, 251, 191, 213, 255, 255, 122, 190, 90, 254, 223,
       251, 251, 245, 127, 203, 255, 173, 122, 246, 255, 126, 117, 247,
       239, 223, 252, 125, 190, 255, 249, 249, 127, 121, 221, 251, 47,
       247, 181, 255, 127, 191, 254, 25, 7, 244, 29, 158, 77, 86, 247,
       191, 255, 251, 223, 32, 255, 47, 38, 101, 163, 31, 182, 135, 88,
       229, 254, 210, 112, 233, 43, 145, 69, 194, 245, 3, 96, 225, 35,
       219, 124, 76, 216, 45, 47, 82, 28, 49, 203, 85, 36, 85, 186, 82,
       120, 45, 118, 116, 84, 56, 175, 85, 16, 84, 99, 153, 44, 24, 4,
       240, 29, 140, 73, 16, 242, 51, 188, 88, 87, 32, 250, 127, 246,
       109, 171, 255, 191, 135, 25, 253, 127, 212, 251, 253, 58, 252, 85,
       242, 245, 123, 121, 253, 119, 219, 125, 53, 252, 105, 191, 126,
       91, 117, 239, 199, 236, 215, 191, 251, 121, 237, 119, 124, 95,
       122, 175, 213, 213, 244, 99, 188, 188, 24, 12, 242, 189, 158, 89,
       48, 246, 183, 189, 219, 223, 44, 254, 187, 214, 92, 103, 255, 185,
       218, 48, 127, 249, 212, 235, 174, 123, 100, 29, 124, 255, 253,
       187, 245, 127, 219, 125, 225, 126, 243, 254, 126, 119, 231, 247,
       159, 248, 218, 52, 255, 217, 248, 115, 125, 223, 235, 111, 209,
       113, 255, 127, 188, 219, 153, 79, 252, 165, 218, 253, 55, 215,
       247, 151, 242, 251, 172, 223, 108, 34, 253, 169, 219, 247, 163,
       93, 180, 126, 194, 52, 81, 110, 185, 69, 203, 213, 203, 98, 225,
       115, 206, 121, 12, 201, 44, 7, 82, 201, 49, 239, 85, 6, 95, 187,
       82, 240, 109, 118, 112, 84, 92, 14, 85, 148, 113, 195, 157, 44,
       24, 4, 242, 29, 156, 73, 16, 242, 35, 189, 88, 87, 32, 242, 251,
       252, 223, 239, 255, 189, 223, 137, 255, 255, 29, 255, 191, 127,
       125, 93, 255, 247, 60, 179, 237, 119, 219, 125, 243, 214, 251,
       127, 126, 123, 255, 127, 215, 237, 223, 55, 251, 249, 251, 127,
       112, 93, 107, 109, 213, 84, 253, 63, 157, 254, 24, 5, 252, 165,
       156, 251, 16, 246, 246, 191, 250, 223, 56, 254, 101, 38, 241, 168,
       216, 134, 39, 77, 164, 108, 130, 53, 81, 47, 187, 69, 235, 244, 3,
