%YAML:1.0
descriptors: !!opencv-matrix
   rows: 50
   cols: 64
   dt: u
   data: [ 59, 254, 124, 111, 191, 189, 247, 24, 255, 253, 254, 251, 189,
       123, 236, 221, 255, 183, 255, 187, 245, 126, 91, 255, 241, 127,
       117, 183, 126, 255, 253, 231, 159, 238, 207, 52, 255, 217, 249,
       127, 125, 223, 239, 109, 213, 245, 247, 107, 191, 255, 137, 79,
       254, 133, 219, 93, 62, 247, 247, 191, 251, 251, 236, 94, 59, 223,
       252, 255, 47, 253, 255, 57, 255, 255, 223, 235, 255, 124, 124,
       221, 253, 187, 250, 251, 247, 127, 83, 255, 241, 127, 247, 254,
       125, 247, 255, 231, 207, 250, 235, 36, 255, 219, 250, 121, 125,
       253, 255, 239, 247, 247, 247, 127, 191, 219, 137, 79, 254, 173,
       219, 221, 127, 215, 255, 247, 243, 251, 205, 94, 187, 222, 92,
       239, 255, 184, 223, 24, 255, 123, 189, 235, 175, 127, 100, 93,
       247, 183, 60, 177, 236, 119, 155, 124, 231, 215, 249, 127, 255,
       123, 207, 119, 159, 237, 222, 85, 251, 89, 250, 243, 103, 223,
       107, 121, 213, 81, 252, 29, 244, 223, 24, 15, 252, 165, 223, 255,
       58, 183, 246, 63, 178, 223, 190, 30, 56, 220, 254, 254, 47, 255,
       253, 55, 253, 252, 222, 205, 255, 124, 127, 222, 253, 187, 251,
       251, 245, 127, 91, 255, 241, 127, 247, 246, 109, 247, 255, 231,
       207, 218, 227, 36, 255, 219, 248, 123, 124, 189, 247, 103, 245,
       247, 247, 107, 191, 250, 169, 207, 246, 13, 219, 93, 63, 215, 255,
       255, 243, 251, 205, 222, 187, 254, 124, 239, 255, 185, 223, 24,
       255, 127, 189, 251, 175, 123, 108, 125, 247, 247, 60, 187, 253,
       119, 155, 125, 227, 247, 251, 127, 255, 123, 207, 119, 159, 253,
       222, 119, 255, 217, 250, 255, 119, 223, 107, 125, 245, 211, 252,
       63, 165, 223, 152, 15, 252, 165, 223, 255, 126, 247, 246, 159,
       251, 219, 188, 159, 252, 253, 247, 255, 251, 111, 255, 255, 253,
       253, 255, 255, 255, 254, 255, 254, 251, 213, 127, 111, 127, 159,
       191, 61, 127, 255, 187, 63, 255, 223, 126, 191, 240, 103, 124,
       251, 82, 247, 253, 246, 211, 95, 252, 62, 223, 30, 220, 180, 205,
       173, 86, 181, 219, 255, 133, 239, 216, 252, 105, 63, 93, 76, 51,
       189, 252, 233, 255, 253, 114, 127, 249, 247, 221, 253, 254, 253,
       95, 246, 255, 238, 155, 221, 251, 111, 255, 253, 230, 179, 255,
       111, 150, 183, 109, 207, 62, 239, 255, 83, 117, 251, 215, 255,
       255, 125, 122, 61, 255, 118, 255, 183, 119, 234, 191, 172, 239,
       255, 209, 127, 156, 92, 247, 254, 123, 235, 91, 127, 235, 254,
       247, 254, 255, 207, 255, 222, 223, 137, 255, 255, 191, 251, 191,
       127, 254, 253, 255, 247, 62, 191, 223, 207, 191, 124, 255, 215,
       251, 127, 255, 59, 247, 63, 247, 237, 94, 223, 250, 125, 255, 247,
       115, 94, 105, 253, 223, 30, 253, 53, 205, 189, 20, 13, 252, 183,
       159, 239, 80, 254, 240, 63, 222, 93, 56, 190, 92, 175, 255, 253,
       48, 255, 245, 247, 189, 252, 238, 217, 95, 253, 191, 238, 171,
       221, 251, 111, 247, 125, 230, 179, 127, 111, 151, 246, 109, 197,
       62, 239, 223, 83, 101, 186, 215, 252, 249, 125, 124, 61, 251, 103,
       255, 181, 119, 235, 191, 172, 175, 223, 241, 93, 156, 76, 117,
       254, 115, 239, 123, 127, 165, 254, 252, 189, 255, 255, 247, 247,
       255, 255, 221, 253, 254, 255, 255, 254, 251, 238, 251, 213, 123,
       111, 127, 191, 231, 63, 111, 255, 191, 47, 211, 95, 54, 191, 247,
       39, 117, 251, 86, 127, 253, 116, 112, 93, 253, 62, 223, 30, 253,
       183, 157, 172, 30, 133, 241, 63, 156, 75, 80, 252, 113, 191, 93,
       87, 48, 250, 187, 254, 126, 207, 255, 189, 223, 185, 255, 253,
       214, 255, 191, 127, 124, 221, 246, 247, 254, 187, 253, 127, 219,
       252, 241, 126, 245, 254, 126, 243, 255, 255, 223, 232, 219, 116,
       255, 219, 248, 127, 253, 221, 235, 63, 245, 247, 255, 127, 191,
       223, 137, 111, 252, 165, 219, 253, 127, 247, 246, 255, 243, 251,
       174, 222, 252, 253, 255, 253, 114, 127, 249, 255, 253, 221, 222,
       255, 255, 255, 223, 238, 187, 221, 251, 111, 127, 253, 230, 183,
       255, 255, 183, 183, 109, 223, 126, 187, 255, 111, 101, 255, 223,
       127, 255, 125, 255, 125, 255, 246, 255, 191, 127, 254, 255, 173,
       239, 251, 217, 127, 157, 92, 236, 254, 123, 235, 255, 255, 235,
       254, 247, 252, 251, 223, 255, 222, 223, 137, 239, 103, 189, 250,
       191, 251, 246, 93, 255, 247, 60, 119, 223, 175, 147, 109, 246,
       215, 251, 127, 215, 59, 215, 63, 199, 173, 95, 223, 218, 125, 255,
       119, 112, 94, 104, 255, 213, 28, 253, 55, 157, 172, 16, 5, 240,
       189, 156, 235, 80, 246, 112, 61, 92, 85, 56, 250, 44, 175, 231,
       248, 18, 247, 229, 127, 181, 252, 196, 247, 223, 255, 187, 78,
       203, 221, 227, 99, 245, 109, 194, 243, 95, 234, 150, 167, 120,
       204, 50, 203, 223, 38, 85, 186, 87, 120, 249, 124, 124, 125, 184,
       39, 213, 53, 247, 239, 153, 172, 24, 5, 240, 29, 156, 73, 16, 242,
       51, 189, 90, 87, 33, 250, 236, 175, 239, 253, 112, 255, 245, 247,
       189, 253, 238, 221, 95, 253, 255, 238, 139, 253, 251, 111, 254,
       253, 254, 179, 123, 127, 151, 182, 109, 199, 54, 207, 223, 83,
       227, 105, 213, 253, 252, 61, 124, 61, 251, 247, 255, 181, 119,
       235, 191, 168, 175, 255, 209, 125, 158, 92, 127, 206, 119, 239,
       251, 255, 205, 254, 247, 253, 249, 222, 127, 159, 95, 11, 231,
       103, 189, 250, 191, 234, 182, 95, 247, 247, 54, 119, 143, 119,
       211, 103, 222, 215, 243, 127, 83, 59, 214, 105, 215, 44, 22, 159,
       194, 121, 251, 247, 114, 219, 44, 105, 213, 28, 245, 47, 149, 172,
       16, 5, 112, 25, 156, 75, 16, 242, 113, 189, 88, 85, 40, 251, 108,
       47, 255, 184, 82, 127, 39, 127, 245, 254, 206, 180, 93, 255, 191,
       206, 235, 221, 251, 102, 245, 117, 194, 183, 93, 233, 172, 141,
       123, 204, 48, 233, 215, 6, 85, 186, 83, 120, 229, 124, 120, 92,
       56, 47, 85, 21, 103, 238, 153, 172, 24, 5, 240, 29, 156, 73, 16,
       242, 51, 189, 88, 86, 32, 250, 124, 41, 239, 183, 119, 231, 251,
       255, 252, 254, 214, 181, 255, 238, 187, 78, 234, 213, 123, 103,
       253, 39, 199, 119, 79, 234, 188, 175, 82, 12, 50, 235, 215, 37,
       85, 187, 82, 122, 237, 116, 248, 92, 56, 46, 213, 53, 225, 111,
       153, 172, 24, 5, 240, 29, 156, 73, 16, 242, 51, 189, 88, 87, 32,
       250, 252, 253, 255, 151, 255, 127, 63, 255, 254, 111, 253, 122,
       255, 238, 246, 252, 251, 213, 119, 103, 125, 135, 167, 54, 78,
       255, 189, 47, 211, 30, 114, 251, 211, 36, 85, 186, 82, 112, 233,
       244, 112, 92, 56, 47, 213, 20, 245, 109, 153, 172, 24, 5, 240, 29,
       156, 73, 16, 242, 51, 189, 88, 87, 32, 250, 254, 178, 255, 183,
       191, 245, 61, 127, 214, 255, 248, 249, 255, 234, 182, 94, 251,
       213, 35, 99, 233, 7, 227, 119, 206, 203, 245, 47, 83, 12, 115,
       235, 215, 36, 84, 190, 82, 120, 233, 116, 112, 92, 56, 47, 213,
       20, 245, 111, 153, 172, 24, 5, 240, 29, 156, 73, 16, 242, 51, 189,
       88, 87, 32, 250, 62, 50, 245, 167, 254, 165, 167, 105, 196, 117,
       208, 113, 255, 122, 144, 84, 251, 213, 35, 97, 233, 39, 195, 117,
       76, 223, 181, 47, 82, 140, 49, 235, 215, 36, 85, 186, 82, 120,
       233, 116, 112, 92, 56, 47, 213, 20, 245, 111, 153, 172, 24, 5,
       240, 29, 156, 73, 16, 242, 51, 189, 88, 87, 32, 250, 63, 52, 249,
       118, 63, 160, 252, 60, 210, 187, 209, 113, 236, 67, 130, 80, 118,
       142, 131, 211, 229, 40, 227, 222, 172, 138, 226, 219, 78, 125,
       229, 238, 127, 188, 188, 182, 255, 185, 241, 247, 89, 206, 219,
       202, 226, 33, 139, 95, 187, 246, 9, 195, 228, 148, 124, 65, 6,
       179, 215, 219, 186, 55, 225, 76, 246, 34, 231, 167, 221, 166, 143,
       232, 236, 111, 251, 115, 239, 239, 146, 84, 226, 213, 39, 100,
       201, 135, 131, 116, 78, 220, 189, 47, 210, 14, 51, 123, 215, 36,
       84, 186, 82, 112, 169, 244, 80, 92, 24, 15, 213, 20, 244, 77, 153,
       172, 24, 5, 240, 29, 156, 73, 16, 242, 51, 188, 88, 87, 32, 248,
       231, 166, 229, 131, 223, 223, 7, 73, 238, 103, 147, 126, 253, 111,
