%YAML:1.0
descriptors: !!opencv-matrix
   rows: 53
   cols: 64
   dt: u
   data: [ 118, 50, 81, 39, 217, 162, 34, 72, 74, 33, 195, 54, 228, 3,
       131, 80, 114, 131, 27, 208, 201, 133, 11, 92, 134, 216, 248, 239,
       194, 45, 225, 230, 21, 173, 69, 159, 41, 177, 37, 86, 41, 64, 0,
       136, 65, 73, 138, 21, 216, 230, 8, 35, 116, 182, 92, 227, 64, 250,
       149, 148, 152, 7, 48, 68, 108, 43, 231, 188, 88, 231, 167, 126,
       244, 252, 234, 177, 83, 255, 187, 206, 235, 221, 35, 102, 229, 13,
       198, 115, 79, 223, 189, 173, 82, 14, 50, 235, 215, 37, 85, 186,
       82, 120, 233, 116, 120, 92, 56, 47, 221, 21, 247, 111, 153, 172,
       24, 5, 240, 29, 156, 73, 16, 242, 51, 189, 88, 87, 32, 250, 63,
       254, 125, 255, 191, 189, 255, 120, 255, 255, 252, 251, 237, 123,
       252, 93, 247, 247, 103, 123, 245, 119, 211, 127, 253, 255, 245,
       255, 127, 95, 247, 239, 215, 108, 213, 190, 254, 121, 249, 125,
       126, 95, 123, 175, 213, 17, 245, 111, 153, 172, 24, 13, 240, 29,
       158, 77, 56, 246, 51, 189, 218, 215, 44, 255, 62, 178, 117, 142,
       63, 245, 159, 125, 246, 220, 252, 117, 125, 127, 177, 117, 251,
       214, 67, 98, 209, 35, 195, 118, 204, 237, 229, 47, 82, 30, 241,
       235, 215, 44, 85, 190, 82, 120, 233, 116, 112, 92, 56, 47, 212,
       20, 245, 111, 153, 172, 24, 5, 240, 29, 156, 73, 16, 242, 51, 189,
       88, 87, 32, 250, 111, 230, 109, 186, 210, 159, 15, 73, 239, 103,
       169, 186, 253, 175, 190, 95, 235, 245, 35, 100, 25, 215, 147, 116,
       92, 221, 189, 61, 243, 158, 50, 41, 210, 36, 87, 187, 66, 120,
       229, 124, 54, 74, 56, 47, 213, 28, 244, 61, 153, 172, 16, 4, 224,
       29, 156, 73, 24, 246, 49, 189, 88, 87, 40, 242, 92, 171, 231, 253,
       112, 127, 229, 254, 217, 188, 254, 185, 83, 241, 219, 234, 171,
       205, 251, 110, 245, 45, 206, 179, 79, 239, 151, 165, 109, 198, 50,
       223, 255, 39, 117, 186, 84, 254, 253, 116, 250, 124, 187, 55, 93,
       183, 119, 235, 155, 172, 125, 209, 241, 29, 157, 72, 68, 238, 59,
       253, 88, 71, 33, 246, 63, 189, 253, 254, 55, 189, 221, 58, 247,
       254, 245, 249, 255, 123, 188, 95, 255, 247, 99, 251, 245, 127,
       211, 247, 221, 255, 247, 255, 122, 253, 245, 235, 223, 44, 215,
       190, 223, 120, 249, 125, 120, 93, 59, 47, 213, 117, 247, 111, 185,
       174, 24, 7, 240, 29, 156, 93, 48, 243, 115, 191, 122, 215, 40,
       250, 55, 52, 121, 150, 63, 141, 31, 9, 230, 102, 185, 112, 189,
       110, 180, 87, 242, 247, 2, 113, 195, 50, 209, 103, 220, 214, 229,
       127, 18, 184, 213, 105, 215, 44, 86, 190, 74, 120, 233, 126, 112,
       88, 60, 47, 212, 20, 245, 111, 153, 172, 24, 5, 240, 29, 156, 73,
       16, 242, 51, 189, 88, 87, 32, 250, 76, 239, 231, 233, 248, 127,
       167, 243, 56, 220, 238, 187, 195, 241, 223, 233, 195, 205, 251,
       110, 117, 133, 8, 243, 79, 125, 29, 165, 236, 70, 50, 219, 218, 3,
       85, 186, 85, 250, 237, 52, 248, 52, 58, 183, 85, 167, 118, 225,
       153, 173, 45, 52, 209, 29, 143, 8, 20, 232, 35, 173, 74, 87, 37,
       250, 19, 144, 152, 127, 173, 184, 250, 28, 90, 187, 192, 237, 164,
       69, 14, 17, 108, 175, 128, 147, 228, 45, 75, 223, 225, 74, 226,
       246, 94, 97, 229, 102, 223, 184, 217, 36, 127, 137, 232, 99, 121,
       92, 107, 105, 247, 113, 183, 123, 184, 218, 24, 71, 244, 133, 92,
       97, 23, 147, 151, 167, 176, 115, 229, 78, 58, 148, 152, 255, 175,
       153, 222, 13, 95, 251, 87, 237, 188, 102, 41, 20, 252, 147, 128,
       147, 196, 61, 219, 91, 241, 202, 226, 126, 78, 241, 229, 102, 207,
       184, 73, 52, 255, 203, 234, 115, 112, 92, 231, 109, 245, 21, 247,
       127, 187, 206, 24, 71, 244, 5, 220, 233, 23, 243, 247, 189, 178,
       123, 168, 222, 124, 62, 245, 252, 126, 191, 55, 127, 253, 124,
       214, 53, 253, 255, 185, 87, 250, 253, 75, 98, 245, 103, 210, 119,
       95, 232, 172, 157, 122, 220, 125, 235, 215, 36, 87, 190, 214, 122,
       249, 124, 252, 93, 26, 175, 213, 165, 229, 111, 153, 172, 24, 13,
       242, 29, 159, 73, 24, 246, 51, 189, 90, 87, 40, 250, 247, 242, 85,
       103, 253, 178, 131, 216, 250, 57, 180, 123, 174, 91, 128, 81, 98,
       215, 29, 48, 201, 15, 171, 124, 38, 138, 104, 63, 190, 9, 65, 127,
       191, 229, 156, 191, 118, 241, 53, 247, 199, 70, 74, 30, 201, 11,
       216, 145, 136, 53, 24, 36, 124, 178, 143, 107, 80, 60, 182, 158,
       216, 86, 54, 29, 140, 235, 150, 125, 40, 123, 236, 246, 25, 187,
       234, 207, 82, 245, 75, 170, 141, 137, 175, 203, 229, 173, 108,
       219, 203, 95, 179, 226, 205, 71, 162, 214, 255, 19, 105, 97, 125,
       190, 248, 160, 123, 60, 250, 119, 255, 183, 183, 251, 185, 201,
       108, 247, 213, 95, 25, 72, 151, 217, 215, 167, 86, 115, 193, 174,
       253, 190, 255, 227, 255, 247, 187, 253, 255, 255, 254, 127, 255,
       127, 251, 253, 242, 245, 127, 123, 253, 215, 255, 252, 255, 234,
       124, 191, 254, 223, 255, 255, 255, 237, 222, 255, 222, 247, 253,
       255, 223, 93, 90, 158, 209, 239, 217, 245, 188, 189, 156, 13, 242,
       191, 157, 93, 116, 252, 247, 156, 222, 223, 46, 253, 140, 43, 179,
       116, 32, 96, 236, 243, 0, 186, 194, 199, 194, 197, 192, 10, 169,
       9, 167, 75, 231, 44, 64, 219, 207, 95, 183, 226, 64, 6, 34, 214,
       79, 18, 109, 168, 61, 172, 248, 100, 109, 60, 179, 231, 239, 113,
       183, 107, 168, 232, 40, 211, 240, 93, 28, 64, 7, 211, 87, 167,
       104, 119, 193, 42, 238, 253, 235, 186, 215, 126, 103, 75, 237, 70,
       169, 186, 255, 238, 254, 127, 219, 53, 127, 84, 63, 215, 17, 39,
       214, 215, 255, 173, 211, 158, 114, 160, 194, 15, 199, 223, 138,
       60, 127, 124, 42, 234, 52, 233, 95, 121, 53, 182, 213, 172, 144,
       88, 75, 125, 70, 179, 88, 188, 97, 63, 28, 212, 249, 50, 186, 254,
       124, 255, 255, 189, 255, 177, 255, 253, 253, 251, 255, 123, 116,
       253, 246, 255, 255, 251, 255, 126, 187, 126, 253, 127, 247, 255,
       255, 247, 255, 255, 247, 237, 190, 116, 255, 251, 248, 255, 223,
       223, 251, 255, 241, 163, 255, 127, 175, 247, 159, 75, 252, 191,
       159, 93, 127, 247, 255, 223, 251, 191, 175, 191, 124, 255, 255,
       254, 118, 255, 183, 123, 253, 220, 222, 183, 253, 127, 253, 237,
       251, 213, 123, 102, 245, 103, 209, 119, 95, 254, 189, 157, 126,
       94, 122, 235, 215, 36, 85, 186, 82, 122, 233, 116, 248, 93, 56,
       47, 213, 151, 245, 111, 153, 172, 24, 5, 240, 29, 157, 73, 16,
       242, 51, 189, 88, 87, 32, 250, 253, 191, 255, 113, 253, 255, 239,
       254, 253, 255, 194, 255, 239, 255, 251, 223, 251, 253, 251, 111,
       253, 239, 223, 255, 223, 255, 247, 191, 126, 95, 114, 239, 207,
       15, 197, 191, 245, 188, 253, 125, 124, 92, 186, 191, 255, 225, 55,
       247, 188, 172, 56, 253, 240, 189, 156, 69, 116, 254, 119, 191,
       250, 215, 173, 250, 63, 252, 124, 127, 255, 189, 255, 9, 255, 121,
       253, 251, 252, 126, 236, 93, 247, 179, 62, 210, 247, 127, 27, 127,
       246, 254, 227, 255, 126, 255, 253, 231, 143, 237, 79, 183, 255,
       249, 251, 127, 127, 223, 239, 233, 245, 87, 255, 95, 173, 247,
       152, 79, 254, 181, 219, 105, 126, 247, 255, 191, 187, 251, 191,
       92, 250, 254, 254, 255, 62, 253, 251, 181, 125, 255, 252, 255,
       255, 253, 127, 254, 253, 255, 255, 251, 253, 125, 255, 255, 249,
       127, 247, 246, 127, 247, 255, 255, 255, 250, 255, 117, 255, 255,
       248, 255, 254, 223, 255, 127, 247, 183, 255, 123, 191, 219, 159,
       207, 254, 189, 191, 93, 255, 247, 255, 255, 255, 251, 239, 255,
       44, 38, 101, 136, 22, 127, 163, 127, 245, 220, 214, 53, 121, 62,
       249, 199, 235, 244, 67, 100, 113, 3, 212, 54, 93, 253, 60, 5, 91,
       222, 59, 233, 196, 36, 87, 186, 82, 114, 77, 116, 120, 85, 56,
       174, 85, 180, 100, 108, 153, 44, 28, 12, 242, 29, 140, 73, 16,
       240, 35, 189, 90, 71, 32, 250, 127, 253, 239, 190, 247, 191, 127,
       122, 253, 117, 253, 186, 255, 251, 180, 95, 251, 245, 127, 103,
       125, 167, 210, 119, 79, 255, 189, 45, 83, 26, 114, 169, 210, 36,
       85, 186, 82, 120, 225, 116, 114, 94, 56, 47, 213, 28, 245, 111,
