%YAML:1.0
descriptors: !!opencv-matrix
   rows: 74
   cols: 64
   dt: u
   data: [ 63, 181, 253, 186, 55, 247, 125, 95, 247, 230, 253, 176, 127,
       190, 180, 95, 223, 254, 99, 243, 177, 119, 209, 119, 213, 247,
       245, 253, 123, 252, 244, 233, 207, 28, 151, 174, 219, 120, 233,
       121, 120, 223, 53, 173, 245, 117, 247, 111, 155, 174, 152, 15,
       240, 29, 220, 85, 56, 243, 115, 189, 123, 211, 104, 250, 254, 249,
       251, 255, 54, 247, 249, 255, 215, 251, 213, 186, 255, 130, 183,
       94, 255, 215, 114, 111, 143, 189, 231, 55, 173, 219, 247, 255, 83,
       253, 246, 234, 215, 52, 183, 254, 222, 125, 249, 117, 122, 95,
       181, 111, 247, 20, 241, 111, 159, 174, 26, 199, 240, 29, 188, 93,
       16, 243, 123, 255, 121, 87, 34, 251, 77, 142, 175, 169, 8, 245,
       160, 118, 57, 254, 202, 141, 208, 181, 187, 171, 137, 73, 225,
       107, 252, 69, 78, 249, 77, 105, 152, 230, 73, 5, 51, 199, 221, 16,
       81, 40, 17, 250, 237, 98, 124, 28, 56, 38, 85, 149, 119, 227, 153,
       168, 56, 53, 241, 93, 156, 72, 16, 194, 51, 189, 88, 87, 32, 250,
       126, 57, 243, 148, 82, 71, 5, 239, 198, 68, 211, 54, 87, 198, 147,
       82, 235, 213, 35, 102, 79, 173, 194, 51, 78, 203, 180, 9, 210, 12,
       50, 41, 214, 38, 85, 186, 82, 112, 193, 84, 112, 88, 24, 47, 197,
       20, 229, 78, 153, 172, 24, 5, 240, 29, 156, 73, 16, 242, 51, 189,
       88, 86, 32, 250, 45, 34, 111, 177, 56, 247, 171, 126, 180, 254,
       194, 117, 89, 127, 249, 198, 235, 220, 67, 99, 229, 32, 228, 115,
       77, 255, 181, 15, 82, 14, 49, 251, 215, 36, 85, 186, 82, 122, 233,
       116, 240, 92, 56, 46, 213, 20, 209, 111, 153, 172, 24, 5, 240, 29,
       156, 73, 16, 242, 51, 189, 88, 87, 32, 250, 63, 187, 125, 135, 55,
       253, 159, 120, 255, 213, 255, 245, 253, 127, 249, 245, 251, 246,
       71, 99, 245, 114, 231, 118, 205, 255, 229, 127, 126, 94, 247, 59,
       215, 36, 85, 190, 82, 122, 233, 116, 112, 93, 56, 47, 213, 22,
       245, 111, 153, 172, 24, 5, 240, 29, 156, 73, 16, 242, 51, 189, 88,
       87, 32, 250, 222, 217, 222, 255, 255, 127, 250, 241, 63, 251, 126,
       223, 159, 246, 254, 252, 255, 223, 61, 103, 77, 173, 167, 120,
       111, 223, 187, 111, 211, 79, 182, 187, 243, 37, 85, 251, 83, 125,
       237, 244, 114, 92, 56, 63, 221, 30, 255, 125, 157, 172, 26, 5,
       248, 63, 156, 73, 80, 252, 49, 189, 92, 87, 48, 250, 63, 54, 245,
       182, 63, 247, 191, 126, 246, 252, 214, 117, 253, 126, 187, 85,
       255, 255, 99, 114, 245, 119, 211, 119, 221, 250, 244, 223, 122,
       220, 247, 235, 223, 44, 87, 190, 83, 120, 233, 124, 124, 93, 58,
       47, 213, 53, 247, 111, 153, 172, 24, 5, 242, 29, 156, 73, 16, 242,
       51, 189, 90, 87, 32, 250, 125, 255, 253, 124, 126, 191, 63, 126,
       241, 126, 248, 185, 77, 237, 188, 79, 241, 237, 227, 100, 245,
       119, 16, 183, 222, 109, 231, 213, 121, 84, 125, 233, 219, 120,
       199, 175, 223, 48, 241, 125, 126, 222, 59, 175, 213, 243, 247, 79,
       186, 172, 24, 11, 224, 61, 159, 93, 62, 182, 87, 191, 250, 214,
       110, 240, 125, 54, 245, 244, 60, 191, 47, 126, 245, 254, 210, 53,
       77, 127, 153, 199, 250, 253, 203, 106, 245, 107, 216, 191, 93,
       248, 166, 151, 126, 92, 121, 239, 87, 101, 253, 191, 212, 254,
       241, 125, 252, 68, 155, 174, 199, 161, 231, 111, 184, 165, 28, 1,
       224, 61, 159, 77, 172, 246, 115, 223, 218, 135, 40, 246, 182, 245,
       121, 150, 23, 140, 95, 9, 199, 71, 61, 248, 191, 74, 180, 85, 255,
       214, 36, 113, 131, 50, 177, 102, 252, 215, 227, 127, 83, 59, 245,
       105, 194, 44, 22, 158, 194, 120, 227, 247, 82, 202, 53, 105, 208,
       20, 245, 15, 145, 172, 16, 5, 104, 25, 148, 73, 24, 178, 51, 185,
       88, 87, 40, 187, 131, 212, 0, 58, 93, 34, 34, 10, 48, 59, 96, 235,
       162, 75, 132, 25, 98, 43, 165, 209, 225, 46, 169, 127, 66, 155,
       227, 39, 83, 0, 161, 71, 155, 166, 20, 178, 115, 24, 97, 244, 74,
       78, 58, 201, 208, 81, 243, 79, 24, 230, 24, 4, 228, 28, 220, 65,
       18, 178, 183, 181, 24, 87, 162, 73, 253, 45, 231, 177, 81, 239,
       35, 252, 220, 255, 218, 55, 251, 239, 219, 230, 235, 213, 35, 103,
       237, 165, 198, 51, 77, 223, 185, 47, 82, 14, 50, 171, 211, 36, 85,
       186, 82, 120, 233, 116, 112, 92, 56, 47, 213, 20, 229, 111, 153,
       172, 24, 5, 240, 29, 156, 73, 16, 242, 51, 189, 88, 87, 32, 250,
       109, 239, 247, 185, 16, 119, 165, 254, 229, 230, 232, 184, 77,
       187, 191, 239, 235, 253, 99, 102, 125, 197, 214, 179, 77, 233,
       173, 173, 121, 12, 48, 251, 247, 38, 85, 186, 82, 120, 229, 124,
       118, 94, 56, 175, 85, 16, 81, 238, 153, 172, 24, 5, 240, 29, 156,
       73, 24, 242, 51, 189, 88, 86, 32, 251, 75, 201, 138, 190, 67, 106,
       118, 2, 21, 0, 109, 233, 50, 206, 36, 89, 235, 155, 53, 215, 71,
       47, 193, 115, 99, 223, 179, 45, 83, 2, 50, 97, 150, 39, 85, 178,
       83, 88, 233, 116, 112, 220, 56, 107, 221, 21, 247, 110, 153, 172,
       24, 5, 240, 29, 156, 201, 16, 242, 51, 189, 88, 87, 32, 250, 253,
       191, 247, 113, 255, 187, 231, 218, 249, 253, 238, 251, 238, 219,
       238, 123, 243, 237, 255, 127, 255, 237, 91, 255, 199, 127, 243,
       255, 126, 71, 227, 231, 223, 167, 215, 191, 127, 252, 253, 245,
       124, 93, 250, 127, 221, 115, 255, 231, 188, 236, 8, 85, 240, 189,
       221, 77, 118, 254, 215, 191, 218, 247, 245, 94, 77, 231, 239, 120,
       48, 183, 103, 118, 49, 252, 204, 185, 76, 189, 191, 75, 139, 109,
       235, 111, 253, 237, 94, 179, 77, 106, 132, 148, 125, 68, 57, 203,
       255, 66, 245, 170, 81, 248, 117, 52, 126, 62, 58, 182, 119, 177,
       67, 235, 24, 173, 60, 21, 209, 61, 159, 12, 60, 238, 51, 159, 90,
       214, 39, 251, 76, 43, 231, 241, 112, 127, 166, 247, 200, 184, 234,
       53, 81, 212, 219, 226, 203, 200, 235, 110, 125, 137, 108, 155, 15,
       77, 143, 133, 68, 198, 50, 222, 120, 3, 101, 187, 85, 182, 205,
       84, 248, 116, 176, 54, 79, 167, 47, 226, 169, 45, 108, 241, 211,
       95, 135, 72, 196, 232, 3, 245, 76, 6, 33, 178, 125, 191, 255, 252,
       54, 63, 121, 126, 245, 244, 85, 247, 79, 251, 190, 79, 250, 253,
       251, 111, 246, 127, 208, 247, 239, 170, 182, 223, 125, 89, 126,
       237, 215, 111, 183, 254, 222, 126, 219, 125, 223, 255, 251, 215,
       249, 224, 225, 111, 190, 180, 175, 223, 240, 61, 158, 93, 124,
       246, 123, 223, 251, 207, 47, 255, 189, 190, 255, 199, 250, 221,
       147, 253, 255, 245, 134, 127, 255, 123, 251, 245, 251, 247, 254,
       42, 253, 119, 63, 252, 255, 247, 125, 127, 174, 223, 223, 255,
       167, 205, 71, 190, 252, 243, 255, 126, 253, 93, 74, 150, 245, 226,
       249, 101, 189, 253, 141, 43, 246, 189, 157, 95, 116, 254, 210, 45,
       250, 223, 108, 254, 252, 253, 255, 253, 114, 127, 253, 255, 253,
       253, 254, 191, 127, 254, 251, 238, 251, 221, 255, 111, 127, 159,
       252, 191, 127, 239, 191, 187, 255, 223, 126, 255, 249, 103, 117,
       255, 215, 247, 253, 252, 219, 223, 255, 62, 223, 175, 75, 244,
       205, 173, 127, 157, 217, 63, 135, 77, 208, 252, 105, 255, 95, 14,
       51, 190, 253, 252, 124, 119, 255, 175, 251, 121, 255, 123, 254,
       255, 239, 78, 228, 125, 246, 247, 255, 219, 253, 63, 187, 254,
       245, 126, 251, 255, 222, 95, 239, 239, 207, 237, 254, 255, 247,
       255, 253, 247, 219, 220, 239, 191, 251, 115, 191, 127, 172, 247,
       24, 111, 236, 191, 223, 69, 94, 191, 247, 175, 191, 255, 175, 31,
       61, 252, 254, 124, 63, 251, 248, 126, 91, 186, 255, 253, 126, 84,
       237, 251, 253, 154, 103, 219, 183, 126, 237, 223, 229, 127, 227,
       222, 125, 87, 239, 246, 255, 252, 253, 62, 222, 250, 248, 247,
       250, 221, 235, 47, 246, 119, 183, 111, 187, 255, 47, 199, 248, 29,
       217, 77, 23, 243, 255, 255, 187, 251, 231, 222, 122, 248, 254,
       255, 126, 255, 250, 183, 93, 255, 222, 253, 127, 244, 123, 254,
       253, 155, 251, 251, 255, 125, 239, 191, 255, 127, 242, 255, 111,
       247, 255, 255, 255, 171, 117, 117, 255, 255, 254, 127, 250, 253,
