%YAML:1.0
descriptors: !!opencv-matrix
   rows: 82
   cols: 64
   dt: u
   data: [ 187, 254, 124, 239, 255, 253, 223, 25, 255, 127, 253, 251,
       191, 127, 124, 221, 255, 247, 254, 187, 253, 119, 155, 125, 245,
       127, 247, 255, 127, 119, 255, 231, 223, 252, 223, 52, 255, 249,
       248, 127, 127, 223, 107, 191, 245, 243, 255, 127, 188, 223, 152,
       15, 254, 165, 223, 125, 62, 247, 247, 191, 243, 219, 172, 222,
       255, 56, 247, 247, 223, 231, 235, 248, 252, 253, 210, 127, 255,
       234, 242, 253, 250, 213, 63, 103, 109, 143, 175, 124, 78, 223,
       191, 175, 210, 15, 114, 191, 119, 39, 92, 251, 82, 117, 237, 214,
       217, 84, 56, 30, 201, 13, 217, 181, 141, 172, 24, 5, 241, 191,
       156, 75, 80, 252, 49, 189, 92, 23, 48, 250, 237, 237, 247, 255,
       218, 111, 227, 255, 253, 253, 238, 255, 247, 254, 251, 239, 235,
       221, 255, 111, 127, 143, 239, 191, 111, 255, 63, 175, 223, 79, 58,
       191, 247, 39, 117, 251, 83, 247, 253, 246, 123, 124, 248, 62, 223,
       63, 127, 177, 141, 173, 94, 181, 217, 255, 132, 203, 208, 252, 97,
       191, 92, 71, 49, 254, 255, 254, 255, 239, 255, 254, 223, 200, 255,
       255, 187, 251, 239, 127, 254, 253, 251, 247, 63, 103, 205, 199,
       191, 124, 239, 223, 255, 63, 223, 59, 115, 63, 247, 229, 93, 223,
       82, 117, 253, 246, 119, 92, 104, 63, 221, 30, 252, 53, 141, 173,
       28, 37, 249, 191, 156, 235, 80, 252, 49, 61, 220, 87, 48, 190,
       253, 239, 247, 245, 250, 255, 247, 255, 253, 253, 254, 255, 255,
       255, 251, 238, 235, 221, 127, 111, 127, 143, 239, 61, 127, 255,
       63, 175, 255, 15, 114, 191, 247, 39, 117, 251, 83, 119, 253, 252,
       123, 92, 56, 63, 221, 31, 127, 181, 141, 173, 94, 181, 241, 127,
       156, 73, 80, 252, 33, 189, 92, 87, 48, 250, 252, 255, 255, 253,
       254, 127, 251, 255, 253, 253, 254, 255, 255, 254, 251, 238, 251,
       221, 127, 111, 127, 141, 238, 189, 127, 255, 191, 175, 223, 95,
       54, 191, 243, 39, 117, 251, 86, 119, 253, 246, 251, 124, 248, 62,
       223, 143, 91, 181, 205, 173, 94, 181, 217, 255, 133, 79, 208, 252,
       105, 255, 93, 86, 51, 190, 253, 249, 247, 247, 218, 103, 239, 254,
       253, 255, 234, 255, 255, 238, 251, 238, 251, 213, 127, 103, 127,
       143, 175, 60, 79, 255, 191, 47, 211, 15, 114, 191, 243, 39, 85,
       251, 82, 117, 253, 246, 120, 92, 120, 63, 221, 30, 253, 181, 141,
       172, 94, 181, 209, 255, 156, 203, 208, 252, 33, 189, 92, 87, 48,
       186, 63, 55, 125, 146, 55, 191, 31, 121, 231, 70, 223, 48, 253,
       62, 188, 87, 246, 247, 67, 244, 245, 115, 209, 118, 221, 252, 224,
       93, 114, 220, 245, 233, 223, 44, 87, 190, 90, 120, 201, 124, 112,
       93, 60, 47, 213, 20, 245, 111, 153, 172, 24, 5, 242, 29, 156, 73,
       16, 242, 51, 189, 88, 87, 32, 250, 255, 250, 255, 247, 255, 255,
       219, 248, 254, 255, 255, 255, 255, 255, 251, 253, 251, 213, 127,
       111, 111, 143, 175, 124, 175, 255, 255, 63, 223, 95, 118, 191,
       243, 231, 92, 223, 82, 119, 253, 247, 211, 92, 217, 62, 219, 142,
       217, 181, 205, 189, 86, 165, 249, 255, 143, 235, 208, 252, 49, 31,
       220, 31, 50, 189, 126, 49, 121, 150, 54, 135, 27, 108, 198, 70,
       213, 176, 253, 74, 148, 86, 246, 215, 2, 103, 203, 33, 195, 118,
       140, 138, 228, 77, 82, 28, 245, 41, 214, 36, 20, 190, 90, 120,
       193, 116, 80, 88, 57, 47, 209, 20, 229, 110, 153, 172, 24, 5, 240,
       29, 156, 73, 16, 242, 51, 189, 88, 86, 32, 251, 61, 182, 117, 172,
       62, 253, 55, 121, 245, 116, 206, 117, 253, 61, 252, 117, 247, 252,
       195, 96, 241, 114, 81, 244, 221, 252, 236, 219, 126, 215, 253,
       239, 221, 108, 87, 190, 219, 122, 169, 124, 124, 93, 122, 167,
       212, 117, 246, 109, 185, 172, 137, 13, 242, 29, 158, 77, 60, 242,
       51, 188, 218, 87, 44, 250, 255, 248, 255, 247, 255, 255, 223, 216,
       255, 255, 189, 250, 255, 235, 246, 125, 243, 247, 63, 103, 239,
       143, 171, 124, 239, 223, 255, 127, 215, 63, 247, 63, 211, 165, 92,
       223, 82, 125, 253, 247, 82, 94, 120, 63, 217, 28, 253, 53, 141,
       173, 16, 5, 248, 191, 156, 107, 80, 254, 49, 189, 220, 87, 48,
       186, 44, 38, 101, 178, 26, 173, 33, 125, 228, 100, 194, 53, 125,
       47, 188, 70, 242, 252, 67, 96, 241, 34, 217, 183, 92, 168, 164,
       143, 106, 156, 57, 237, 221, 36, 71, 186, 67, 122, 161, 124, 220,
       84, 28, 143, 192, 117, 231, 79, 153, 36, 24, 12, 242, 29, 156, 73,
       24, 242, 51, 188, 88, 86, 32, 248, 127, 49, 109, 182, 86, 39, 23,
       122, 228, 68, 245, 48, 109, 107, 148, 87, 226, 213, 3, 100, 65,
       35, 193, 119, 76, 138, 172, 13, 82, 8, 48, 41, 210, 36, 20, 186,
       82, 120, 1, 244, 80, 74, 24, 15, 208, 20, 229, 78, 153, 172, 24,
       5, 240, 28, 156, 73, 16, 242, 51, 188, 88, 86, 32, 249, 110, 33,
       101, 162, 19, 39, 35, 111, 228, 70, 211, 52, 125, 46, 185, 70,
       242, 212, 67, 100, 113, 35, 209, 55, 92, 136, 168, 13, 82, 156,
       48, 233, 212, 36, 87, 186, 66, 120, 129, 92, 48, 80, 24, 15, 212,
       20, 229, 78, 153, 172, 24, 5, 240, 29, 156, 73, 16, 242, 51, 188,
       88, 86, 32, 248, 60, 50, 251, 167, 62, 245, 187, 252, 220, 254,
       210, 53, 245, 18, 155, 80, 250, 212, 3, 98, 229, 33, 207, 125, 13,
       136, 164, 143, 86, 77, 49, 239, 119, 36, 93, 186, 86, 122, 233,
       116, 248, 92, 26, 14, 209, 133, 193, 111, 153, 172, 24, 5, 240,
       29, 156, 73, 16, 242, 51, 189, 88, 87, 32, 246, 61, 254, 125, 235,
       191, 253, 183, 249, 253, 221, 222, 255, 253, 127, 253, 245, 251,
       253, 231, 107, 245, 118, 155, 116, 125, 255, 53, 187, 126, 95,
       115, 251, 215, 100, 95, 190, 119, 122, 233, 124, 125, 93, 58, 47,
       213, 53, 246, 111, 185, 189, 24, 5, 240, 29, 156, 73, 16, 242, 51,
       189, 90, 95, 32, 250, 46, 54, 109, 170, 159, 181, 39, 93, 229,
       126, 216, 52, 237, 15, 181, 85, 243, 244, 67, 112, 241, 82, 27,
       125, 68, 236, 104, 143, 90, 88, 121, 235, 205, 44, 215, 186, 91,
       112, 33, 116, 108, 68, 90, 173, 84, 213, 228, 77, 152, 44, 24, 12,
       242, 29, 220, 89, 24, 178, 55, 156, 90, 215, 44, 112, 61, 182,
       117, 164, 188, 253, 167, 120, 252, 93, 206, 119, 205, 63, 248,
       101, 243, 252, 199, 96, 245, 34, 154, 116, 109, 252, 53, 179, 254,
       78, 123, 239, 215, 96, 95, 186, 117, 122, 233, 116, 125, 85, 26,
       39, 196, 135, 254, 109, 168, 181, 153, 13, 242, 29, 158, 73, 54,
       242, 55, 172, 90, 95, 36, 250, 54, 177, 253, 154, 55, 221, 213,
       126, 231, 70, 189, 240, 125, 126, 189, 85, 255, 246, 98, 178, 215,
       114, 209, 231, 221, 183, 229, 89, 50, 158, 212, 105, 222, 44, 215,
       190, 218, 120, 235, 124, 112, 93, 52, 47, 148, 116, 245, 110, 145,
       172, 152, 13, 176, 25, 156, 89, 48, 242, 50, 189, 88, 215, 44,
       250, 236, 171, 231, 253, 112, 127, 247, 254, 189, 253, 206, 255,
       219, 255, 251, 238, 171, 221, 251, 111, 127, 141, 238, 179, 79,
       255, 159, 183, 125, 207, 50, 255, 223, 39, 117, 251, 87, 255, 253,
       116, 120, 125, 250, 55, 255, 63, 127, 227, 157, 172, 124, 245,
       209, 127, 157, 76, 80, 252, 115, 255, 89, 87, 33, 250, 61, 54,
       229, 48, 28, 165, 33, 126, 244, 124, 214, 49, 109, 123, 144, 71,
       226, 252, 67, 96, 241, 35, 202, 183, 76, 170, 164, 143, 122, 13,
       113, 239, 223, 36, 84, 186, 83, 120, 33, 124, 220, 84, 24, 143,
       192, 33, 227, 79, 153, 172, 24, 5, 240, 28, 156, 73, 56, 242, 51,
       189, 216, 86, 32, 250, 63, 180, 125, 40, 254, 189, 179, 120, 250,
       63, 214, 125, 253, 59, 220, 84, 242, 255, 67, 112, 241, 87, 139,
       253, 190, 168, 108, 255, 126, 93, 241, 239, 221, 108, 69, 190, 95,
       59, 169, 124, 252, 222, 91, 143, 209, 51, 242, 77, 187, 172, 25,
       13, 240, 29, 159, 77, 60, 246, 55, 188, 218, 215, 42, 253, 54,
       245, 249, 214, 55, 142, 93, 11, 231, 196, 21, 240, 63, 251, 180,
       94, 254, 215, 36, 247, 135, 110, 209, 103, 221, 151, 231, 93, 50,
       184, 212, 41, 150, 44, 22, 158, 202, 120, 211, 93, 112, 219, 189,
       105, 177, 20, 245, 110, 145, 174, 145, 15, 112, 25, 188, 73, 24,
