%YAML:1.0
descriptors: !!opencv-matrix
   rows: 98
   cols: 64
   dt: u
   data: [ 191, 254, 125, 239, 255, 253, 223, 152, 255, 255, 255, 251,
       191, 127, 252, 253, 255, 247, 125, 251, 253, 119, 155, 124, 229,
       255, 121, 127, 255, 123, 247, 255, 223, 237, 223, 215, 255, 249,
       249, 119, 127, 223, 107, 61, 213, 23, 252, 53, 189, 255, 24, 13,
       254, 165, 223, 125, 48, 246, 247, 191, 251, 223, 60, 190, 252,
       235, 247, 253, 112, 111, 231, 255, 253, 253, 254, 255, 95, 255,
       219, 238, 251, 221, 255, 111, 127, 141, 238, 191, 95, 239, 63,
       167, 253, 207, 58, 191, 251, 39, 117, 251, 87, 247, 253, 252, 251,
       125, 248, 54, 79, 191, 127, 240, 205, 173, 127, 245, 217, 127,
       141, 206, 208, 252, 97, 255, 223, 70, 49, 254, 255, 254, 247, 231,
       255, 255, 219, 248, 254, 125, 253, 251, 239, 251, 246, 253, 251,
       213, 63, 127, 109, 143, 175, 124, 174, 223, 123, 63, 223, 91, 118,
       191, 241, 229, 124, 223, 82, 117, 253, 247, 211, 222, 123, 31,
       217, 14, 252, 181, 205, 181, 86, 165, 233, 246, 134, 235, 208,
       252, 49, 30, 220, 95, 48, 189, 253, 251, 255, 255, 251, 127, 247,
       250, 125, 253, 254, 251, 255, 255, 254, 238, 251, 213, 125, 111,
       125, 141, 239, 57, 111, 255, 187, 63, 255, 79, 114, 191, 243, 39,
       117, 251, 82, 127, 253, 244, 242, 92, 120, 63, 221, 30, 253, 245,
       141, 173, 94, 149, 249, 127, 157, 207, 80, 252, 49, 189, 92, 87,
       48, 250, 255, 254, 255, 255, 255, 255, 223, 217, 255, 255, 189,
       251, 175, 251, 246, 253, 251, 245, 63, 127, 223, 223, 191, 124,
       111, 223, 123, 63, 223, 123, 119, 63, 243, 231, 222, 223, 210,
       117, 255, 247, 115, 222, 106, 255, 223, 30, 253, 181, 205, 189,
       22, 165, 249, 247, 143, 239, 208, 252, 240, 31, 222, 93, 56, 189,
       253, 249, 247, 245, 250, 103, 255, 254, 253, 253, 254, 255, 255,
       238, 251, 238, 251, 213, 255, 111, 127, 141, 238, 61, 127, 255,
       191, 191, 219, 207, 126, 191, 243, 39, 117, 251, 86, 247, 253,
       252, 243, 93, 253, 62, 207, 30, 89, 180, 205, 173, 94, 181, 217,
       255, 149, 207, 208, 252, 105, 255, 93, 14, 49, 190, 255, 254, 127,
       239, 255, 244, 223, 137, 255, 255, 185, 251, 175, 107, 230, 125,
       247, 247, 60, 127, 239, 207, 187, 124, 231, 223, 251, 127, 223,
       59, 247, 63, 247, 237, 220, 223, 250, 125, 253, 247, 83, 78, 107,
       253, 219, 28, 252, 53, 205, 191, 16, 37, 252, 183, 188, 239, 80,
       246, 240, 63, 222, 95, 58, 191, 236, 239, 239, 253, 114, 127, 247,
       255, 189, 253, 238, 251, 223, 255, 255, 238, 171, 221, 255, 111,
       127, 205, 246, 179, 95, 255, 159, 183, 253, 207, 54, 191, 223, 39,
       119, 251, 87, 125, 253, 124, 126, 125, 250, 55, 255, 63, 127, 243,
       157, 172, 62, 245, 209, 127, 156, 76, 80, 252, 115, 191, 95, 87,
       33, 250, 62, 182, 125, 166, 63, 253, 189, 123, 247, 252, 223, 245,
       253, 62, 252, 117, 255, 254, 227, 243, 245, 118, 209, 247, 221,
       190, 229, 219, 122, 255, 255, 235, 207, 60, 215, 190, 255, 120,
       233, 125, 124, 93, 119, 175, 244, 117, 247, 111, 185, 174, 152,
       15, 242, 29, 156, 89, 54, 243, 119, 189, 123, 223, 44, 250, 61,
       190, 125, 170, 63, 253, 165, 125, 253, 124, 222, 53, 125, 126,
       253, 229, 251, 252, 195, 98, 245, 114, 217, 247, 253, 189, 100,
       155, 126, 223, 125, 239, 207, 108, 71, 190, 215, 122, 233, 124,
       124, 93, 126, 39, 84, 247, 247, 111, 185, 172, 153, 13, 242, 29,
       156, 89, 52, 242, 127, 189, 218, 223, 44, 250, 220, 169, 255, 253,
       112, 119, 248, 247, 25, 254, 221, 157, 83, 244, 155, 234, 169,
       201, 251, 111, 127, 189, 102, 155, 191, 111, 182, 246, 73, 199,
       54, 255, 255, 19, 37, 233, 159, 253, 254, 125, 120, 61, 251, 118,
       255, 189, 211, 234, 255, 168, 111, 247, 209, 127, 28, 76, 215,
       223, 123, 251, 127, 119, 195, 254, 61, 182, 125, 245, 189, 177,
       249, 124, 248, 252, 214, 113, 237, 123, 137, 85, 226, 220, 131,
       106, 229, 104, 206, 123, 45, 170, 226, 183, 126, 77, 113, 255,
       255, 224, 220, 186, 118, 250, 249, 117, 253, 94, 91, 14, 240, 131,
       211, 79, 153, 188, 28, 5, 240, 29, 157, 77, 20, 242, 183, 159,
       218, 23, 36, 255, 63, 182, 109, 163, 191, 189, 175, 88, 253, 126,
       250, 113, 253, 63, 249, 85, 243, 253, 67, 112, 241, 82, 219, 124,
       85, 252, 105, 191, 126, 93, 121, 235, 85, 236, 223, 186, 115, 120,
       169, 124, 124, 84, 122, 45, 212, 133, 214, 77, 152, 172, 24, 5,
       242, 29, 157, 89, 24, 242, 51, 188, 218, 223, 40, 242, 61, 182,
       125, 109, 189, 181, 247, 120, 252, 253, 212, 249, 237, 123, 132,
       69, 242, 253, 195, 107, 245, 107, 219, 255, 253, 58, 100, 183,
       124, 93, 97, 239, 223, 104, 68, 182, 247, 185, 249, 125, 253, 94,
       251, 167, 241, 241, 211, 111, 185, 188, 153, 9, 240, 29, 159, 77,
       62, 246, 247, 143, 250, 215, 44, 223, 243, 244, 219, 239, 255,
       148, 223, 137, 255, 255, 57, 250, 191, 111, 55, 93, 247, 247, 60,
       179, 205, 119, 219, 124, 245, 215, 251, 127, 94, 123, 247, 127,
       151, 236, 223, 151, 251, 121, 251, 119, 102, 94, 107, 105, 215,
       28, 253, 63, 157, 254, 24, 5, 244, 165, 252, 255, 24, 246, 178,
       189, 222, 223, 56, 254, 59, 222, 222, 255, 191, 185, 222, 16, 127,
       251, 245, 235, 174, 91, 100, 93, 253, 255, 252, 187, 245, 127,
       219, 127, 161, 127, 243, 254, 127, 119, 247, 247, 223, 248, 219,
       52, 255, 217, 248, 115, 125, 95, 235, 109, 247, 117, 255, 127,
       188, 219, 24, 71, 246, 165, 218, 253, 55, 247, 247, 151, 243, 251,
       172, 222, 47, 182, 109, 171, 223, 185, 163, 88, 252, 127, 210,
       127, 237, 63, 236, 101, 226, 245, 11, 96, 225, 67, 139, 124, 76,
       252, 57, 39, 254, 79, 51, 239, 213, 228, 221, 186, 114, 114, 173,
       118, 244, 84, 90, 15, 85, 135, 244, 81, 152, 61, 24, 4, 240, 157,
       143, 73, 16, 242, 51, 188, 216, 87, 36, 248, 63, 180, 125, 109,
       62, 253, 251, 124, 250, 191, 215, 253, 253, 123, 156, 84, 254,
       223, 211, 251, 245, 115, 195, 254, 189, 123, 230, 255, 110, 125,
       245, 239, 223, 252, 77, 190, 255, 249, 249, 127, 249, 221, 251,
       47, 247, 53, 247, 111, 187, 238, 25, 7, 240, 29, 156, 77, 30, 247,
       183, 253, 251, 223, 32, 255, 47, 54, 117, 163, 223, 166, 163, 89,
       180, 124, 130, 53, 173, 127, 169, 85, 226, 245, 1, 96, 225, 3,
       154, 124, 70, 200, 40, 15, 218, 89, 121, 239, 85, 164, 87, 186,
       114, 242, 45, 118, 101, 84, 90, 14, 69, 133, 228, 69, 152, 44, 24,
       4, 242, 28, 156, 73, 16, 242, 51, 188, 88, 71, 32, 248, 255, 54,
       244, 39, 255, 162, 171, 88, 254, 125, 210, 119, 175, 123, 160, 85,
       242, 247, 31, 112, 233, 15, 139, 125, 70, 250, 232, 47, 218, 9,
       113, 239, 215, 165, 84, 191, 83, 242, 173, 246, 217, 92, 90, 14,
       201, 9, 217, 79, 137, 164, 24, 5, 240, 60, 157, 73, 16, 246, 179,
       189, 216, 87, 32, 252, 236, 171, 239, 249, 250, 247, 243, 255,
       253, 255, 222, 255, 219, 254, 187, 238, 139, 221, 251, 111, 255,
       255, 206, 255, 95, 255, 159, 167, 249, 207, 54, 235, 215, 39, 87,
       251, 86, 125, 253, 124, 120, 125, 252, 63, 223, 61, 117, 243, 157,
       172, 24, 149, 211, 61, 156, 76, 80, 252, 115, 191, 93, 87, 33,
       250, 63, 241, 237, 158, 55, 159, 159, 58, 247, 197, 213, 250, 191,
       58, 180, 94, 242, 215, 98, 243, 213, 119, 195, 119, 93, 254, 245,
       63, 114, 154, 117, 105, 215, 44, 85, 190, 218, 120, 233, 124, 112,
       95, 57, 47, 213, 20, 245, 111, 153, 172, 24, 5, 240, 29, 156, 73,
       16, 242, 51, 189, 88, 87, 32, 251, 88, 153, 158, 253, 38, 115,
       252, 183, 17, 186, 85, 205, 94, 244, 27, 154, 61, 155, 248, 251,
       247, 125, 231, 155, 185, 107, 246, 246, 105, 245, 246, 230, 223,
       58, 161, 100, 255, 204, 250, 105, 120, 61, 247, 111, 255, 53, 183,
       111, 191, 234, 171, 215, 244, 93, 120, 221, 87, 215, 255, 243,
       243, 251, 201, 238, 247, 254, 125, 207, 255, 189, 223, 24, 239,
       71, 189, 250, 175, 123, 228, 93, 246, 247, 62, 247, 207, 119, 147,
