%YAML:1.0
descriptors: !!opencv-matrix
   rows: 93
   cols: 64
   dt: u
   data: [ 61, 182, 125, 188, 62, 253, 191, 125, 254, 254, 254, 253, 253,
       127, 191, 244, 251, 221, 67, 99, 245, 99, 195, 246, 221, 255, 245,
       255, 90, 31, 243, 235, 223, 44, 85, 190, 90, 120, 233, 124, 120,
       92, 56, 47, 213, 53, 247, 111, 153, 172, 24, 5, 240, 29, 156, 73,
       16, 242, 51, 189, 88, 87, 32, 250, 45, 182, 101, 170, 31, 173, 39,
       121, 228, 124, 202, 53, 125, 63, 189, 69, 242, 252, 67, 96, 241,
       34, 145, 246, 92, 172, 164, 139, 122, 28, 113, 235, 221, 36, 87,
       186, 83, 122, 169, 124, 124, 92, 24, 143, 212, 113, 246, 79, 153,
       172, 24, 13, 240, 29, 156, 73, 16, 242, 51, 188, 90, 87, 32, 248,
       63, 245, 125, 254, 63, 253, 253, 120, 255, 254, 253, 251, 253,
       127, 252, 125, 255, 254, 103, 123, 245, 118, 209, 119, 237, 255,
       247, 251, 126, 127, 247, 235, 223, 108, 215, 190, 223, 120, 249,
       125, 120, 221, 123, 47, 212, 53, 247, 111, 153, 174, 24, 5, 240,
       29, 156, 93, 16, 242, 115, 191, 122, 223, 40, 250, 63, 183, 125,
       246, 55, 189, 125, 123, 247, 222, 245, 240, 253, 123, 180, 86,
       246, 246, 103, 243, 247, 118, 209, 247, 221, 190, 231, 251, 122,
       156, 245, 233, 223, 44, 84, 190, 218, 120, 249, 125, 124, 94, 57,
       47, 212, 53, 247, 111, 153, 172, 24, 5, 240, 29, 156, 73, 16, 242,
       51, 189, 88, 87, 32, 250, 126, 57, 251, 254, 114, 111, 121, 111,
       215, 236, 223, 181, 119, 230, 187, 250, 251, 215, 123, 103, 231,
       173, 197, 151, 223, 202, 226, 221, 66, 253, 252, 235, 195, 39,
       117, 191, 223, 126, 243, 117, 248, 93, 181, 110, 253, 31, 231,
       111, 157, 174, 25, 199, 240, 29, 157, 73, 80, 242, 123, 187, 120,
       102, 163, 250, 47, 183, 116, 190, 63, 173, 45, 91, 229, 124, 136,
       33, 237, 127, 180, 85, 242, 253, 67, 240, 245, 102, 81, 119, 84,
       190, 228, 159, 122, 92, 249, 225, 215, 108, 87, 190, 195, 120,
       249, 125, 124, 220, 58, 175, 212, 113, 247, 79, 152, 164, 24, 12,
       226, 29, 158, 73, 56, 242, 115, 189, 90, 215, 40, 250, 61, 55,
       117, 142, 55, 141, 29, 121, 247, 92, 186, 49, 125, 126, 253, 84,
       247, 182, 66, 48, 245, 114, 209, 247, 213, 188, 229, 93, 122, 220,
       253, 233, 206, 108, 71, 190, 210, 120, 201, 124, 116, 221, 60,
       175, 84, 244, 245, 111, 185, 164, 152, 13, 162, 29, 159, 89, 56,
       242, 123, 189, 122, 207, 40, 242, 13, 2, 109, 168, 31, 253, 39,
       124, 181, 118, 222, 20, 89, 61, 189, 71, 137, 124, 67, 96, 240,
       114, 208, 243, 93, 252, 132, 132, 120, 150, 49, 201, 223, 44, 87,
       186, 83, 120, 233, 124, 120, 93, 56, 47, 213, 53, 247, 111, 153,
       172, 24, 5, 240, 29, 156, 89, 16, 226, 51, 189, 88, 215, 32, 250,
       31, 185, 223, 246, 63, 187, 249, 122, 114, 30, 212, 243, 239, 251,
       132, 89, 242, 223, 33, 115, 231, 109, 195, 247, 175, 186, 242,
       223, 126, 76, 228, 233, 223, 38, 212, 190, 127, 120, 249, 117,
       248, 222, 187, 79, 209, 17, 247, 111, 155, 174, 25, 69, 240, 29,
       158, 73, 20, 242, 55, 191, 88, 87, 164, 251, 30, 185, 223, 246,
       55, 179, 253, 126, 214, 186, 213, 243, 239, 210, 134, 91, 250,
       215, 97, 123, 229, 61, 194, 123, 173, 219, 242, 255, 94, 105, 116,
       235, 223, 36, 181, 186, 95, 124, 249, 117, 112, 92, 187, 47, 247,
       21, 245, 111, 155, 174, 24, 135, 240, 29, 156, 73, 16, 242, 55,
       223, 89, 87, 36, 250, 63, 189, 247, 118, 127, 47, 125, 122, 242,
       92, 212, 115, 255, 251, 164, 92, 242, 183, 35, 114, 245, 47, 209,
       247, 214, 250, 246, 223, 122, 92, 244, 233, 223, 46, 68, 190, 222,
       56, 249, 124, 124, 93, 186, 143, 209, 113, 245, 79, 185, 172, 24,
       13, 240, 29, 156, 65, 56, 242, 119, 189, 122, 215, 160, 250, 126,
       49, 253, 222, 54, 155, 91, 122, 214, 22, 213, 176, 253, 210, 180,
       82, 246, 215, 82, 119, 199, 117, 194, 247, 141, 162, 230, 93, 82,
       232, 212, 104, 223, 44, 148, 190, 78, 120, 211, 117, 240, 223,
       181, 15, 241, 52, 225, 111, 155, 174, 153, 7, 240, 29, 159, 89,
       16, 242, 59, 251, 121, 23, 38, 251, 53, 55, 117, 142, 51, 143, 7,
       58, 166, 68, 63, 48, 61, 127, 156, 84, 242, 246, 64, 36, 211, 34,
       144, 231, 216, 160, 228, 93, 48, 152, 88, 105, 222, 36, 85, 158,
       66, 88, 131, 92, 52, 89, 24, 135, 196, 48, 245, 78, 145, 164, 153,
       12, 50, 24, 158, 73, 40, 114, 50, 188, 88, 71, 36, 248, 13, 6,
       196, 32, 221, 178, 163, 80, 48, 60, 194, 71, 200, 121, 161, 1,
       192, 125, 131, 96, 224, 37, 138, 113, 78, 152, 8, 166, 124, 4, 49,
       71, 215, 32, 85, 186, 83, 120, 41, 52, 124, 84, 26, 15, 85, 5,
       243, 75, 24, 172, 24, 5, 240, 29, 156, 73, 16, 226, 51, 157, 72,
       87, 32, 250, 63, 180, 253, 174, 55, 253, 61, 79, 247, 254, 209,
       240, 127, 43, 180, 95, 251, 254, 99, 241, 241, 119, 211, 127, 221,
       255, 245, 255, 90, 252, 245, 235, 199, 44, 199, 190, 219, 120,
       233, 125, 124, 76, 61, 173, 215, 113, 247, 111, 185, 174, 24, 9,
       224, 29, 156, 85, 24, 242, 51, 189, 250, 215, 40, 250, 15, 182,
       205, 42, 63, 249, 181, 120, 248, 189, 212, 249, 236, 63, 140, 65,
       235, 253, 35, 249, 229, 103, 203, 117, 109, 253, 149, 183, 126, 7,
       49, 111, 215, 108, 85, 186, 91, 120, 233, 116, 124, 92, 58, 47,
       213, 17, 247, 107, 153, 172, 24, 5, 240, 29, 158, 77, 16, 242, 51,
       189, 88, 87, 36, 250, 63, 188, 255, 175, 55, 253, 253, 127, 255,
       254, 221, 253, 127, 62, 191, 254, 255, 246, 115, 251, 245, 119,
       247, 127, 253, 255, 245, 255, 123, 255, 255, 239, 207, 108, 103,
       190, 222, 121, 233, 125, 120, 221, 127, 175, 215, 53, 247, 111,
       187, 174, 155, 13, 240, 29, 156, 85, 56, 242, 123, 253, 251, 223,
       40, 254, 244, 57, 247, 213, 250, 7, 89, 255, 198, 37, 151, 118,
       255, 246, 178, 88, 250, 215, 98, 102, 95, 175, 194, 231, 142, 242,
       246, 111, 146, 140, 214, 106, 215, 46, 70, 190, 82, 120, 227, 84,
       80, 88, 16, 15, 217, 60, 229, 79, 153, 172, 24, 5, 240, 29, 156,
       73, 16, 242, 49, 189, 88, 85, 32, 250, 61, 53, 253, 220, 54, 63,
       93, 127, 247, 222, 213, 177, 125, 122, 180, 87, 251, 244, 99, 127,
       247, 123, 209, 183, 221, 187, 230, 221, 123, 220, 252, 233, 206,
       44, 119, 190, 218, 120, 209, 125, 120, 223, 61, 175, 215, 53, 245,
       110, 153, 174, 152, 15, 242, 29, 156, 93, 56, 242, 115, 189, 123,
       215, 40, 250, 118, 33, 209, 150, 216, 134, 5, 107, 194, 100, 17,
       18, 151, 226, 146, 80, 242, 215, 32, 102, 202, 45, 194, 103, 222,
       194, 180, 45, 2, 136, 80, 41, 215, 38, 85, 186, 66, 120, 67, 94,
       48, 80, 24, 11, 197, 28, 229, 15, 145, 164, 24, 4, 48, 24, 156,
       73, 0, 114, 51, 185, 88, 85, 32, 250, 12, 162, 237, 169, 24, 245,
       163, 125, 61, 254, 194, 213, 209, 60, 185, 102, 139, 125, 193,
       105, 240, 113, 222, 249, 93, 232, 8, 166, 88, 199, 57, 207, 221,
       0, 87, 170, 81, 250, 237, 62, 112, 84, 120, 38, 85, 21, 119, 99,
       25, 44, 24, 5, 243, 29, 156, 24, 16, 226, 51, 189, 202, 87, 32,
       250, 77, 142, 239, 161, 217, 183, 163, 248, 188, 255, 194, 79,
       201, 57, 187, 5, 136, 125, 235, 98, 248, 69, 90, 249, 71, 120, 24,
       166, 124, 71, 51, 223, 223, 64, 223, 41, 81, 250, 237, 32, 252,
       52, 122, 134, 85, 225, 243, 115, 24, 172, 24, 37, 241, 125, 156,
       72, 16, 206, 55, 173, 202, 215, 40, 250, 68, 43, 211, 145, 216,
       198, 165, 70, 0, 229, 3, 84, 211, 198, 179, 74, 235, 85, 33, 99,
       207, 13, 206, 123, 78, 202, 182, 47, 82, 8, 48, 79, 215, 39, 85,
       186, 16, 124, 109, 86, 112, 80, 56, 46, 205, 28, 209, 167, 153,
       172, 24, 5, 240, 28, 156, 73, 16, 242, 51, 189, 88, 87, 32, 250,
       246, 249, 211, 215, 242, 196, 219, 201, 238, 229, 17, 251, 159,
       234, 178, 94, 250, 215, 60, 111, 14, 173, 226, 126, 79, 223, 183,
       43, 210, 139, 50, 63, 211, 39, 52, 251, 82, 125, 255, 246, 81, 72,
       184, 127, 219, 28, 253, 183, 137, 172, 16, 5, 240, 30, 156, 75,
