%YAML:1.0
descriptors: !!opencv-matrix
   rows: 107
   cols: 64
   dt: u
   data: [ 62, 181, 125, 186, 58, 253, 125, 103, 247, 126, 221, 180, 125,
       126, 189, 118, 255, 250, 99, 224, 245, 114, 209, 247, 221, 253,
       229, 249, 107, 223, 253, 233, 199, 12, 199, 190, 223, 120, 249,
       124, 124, 221, 117, 173, 212, 245, 247, 111, 187, 172, 153, 13,
       242, 29, 220, 81, 56, 242, 123, 189, 251, 219, 104, 250, 47, 244,
       109, 138, 55, 189, 23, 92, 247, 116, 173, 160, 125, 63, 188, 71,
       251, 244, 67, 241, 241, 114, 81, 247, 85, 237, 197, 61, 123, 156,
       81, 225, 221, 44, 199, 190, 202, 56, 169, 124, 126, 223, 56, 175,
       212, 113, 244, 111, 153, 172, 152, 8, 240, 29, 222, 93, 56, 242,
       51, 188, 90, 215, 44, 218, 31, 177, 221, 255, 63, 184, 251, 120,
       122, 187, 213, 249, 239, 115, 132, 88, 122, 207, 185, 123, 231,
       109, 195, 251, 173, 154, 227, 255, 126, 109, 229, 239, 223, 228,
       149, 186, 127, 249, 249, 119, 240, 222, 251, 111, 241, 21, 243,
       111, 155, 190, 9, 199, 240, 189, 222, 77, 92, 247, 183, 223, 216,
       87, 229, 223, 94, 184, 219, 255, 126, 179, 218, 125, 222, 186,
       213, 184, 253, 18, 187, 91, 254, 215, 122, 91, 197, 117, 199, 223,
       173, 203, 250, 255, 86, 105, 181, 234, 223, 44, 149, 191, 94, 121,
       233, 119, 120, 93, 243, 44, 247, 149, 209, 111, 159, 174, 25, 7,
       240, 61, 220, 89, 84, 242, 187, 255, 121, 31, 100, 254, 61, 182,
       117, 142, 63, 205, 21, 121, 247, 124, 158, 53, 125, 127, 189, 101,
       251, 244, 66, 32, 213, 42, 209, 247, 92, 188, 164, 27, 62, 222,
       93, 111, 223, 108, 87, 190, 210, 122, 249, 124, 117, 93, 74, 175,
       196, 244, 245, 111, 153, 164, 152, 13, 242, 29, 158, 73, 56, 242,
       51, 189, 218, 71, 36, 250, 61, 185, 255, 125, 63, 243, 255, 126,
       219, 191, 212, 249, 255, 126, 143, 90, 251, 223, 251, 123, 229,
       125, 195, 255, 173, 251, 242, 255, 127, 109, 245, 239, 223, 108,
       61, 191, 255, 125, 249, 125, 120, 221, 251, 111, 247, 53, 247,
       111, 191, 174, 25, 199, 240, 29, 156, 77, 86, 247, 63, 255, 251,
       223, 161, 254, 220, 58, 211, 167, 217, 226, 162, 223, 132, 185,
       194, 119, 163, 199, 131, 89, 235, 213, 185, 103, 201, 7, 238, 121,
       14, 202, 56, 47, 210, 8, 51, 110, 85, 37, 85, 187, 81, 116, 109,
       116, 81, 84, 24, 14, 201, 13, 217, 229, 153, 172, 24, 5, 240, 60,
       156, 73, 16, 250, 51, 189, 88, 87, 32, 250, 49, 181, 221, 94, 55,
       179, 219, 126, 242, 156, 212, 245, 173, 123, 133, 89, 254, 247,
       163, 63, 228, 111, 195, 247, 168, 186, 226, 28, 126, 72, 112, 105,
       223, 102, 149, 180, 118, 120, 219, 117, 112, 92, 187, 15, 209, 48,
       241, 111, 187, 188, 25, 5, 240, 28, 156, 73, 52, 242, 55, 159, 90,
       215, 36, 251, 50, 149, 20, 142, 3, 141, 149, 41, 247, 84, 30, 69,
       61, 124, 125, 52, 247, 246, 64, 32, 212, 50, 209, 103, 249, 180,
       100, 92, 62, 218, 221, 41, 150, 100, 83, 148, 82, 74, 202, 104,
       117, 93, 28, 39, 20, 150, 245, 110, 145, 168, 153, 13, 178, 9,
       152, 73, 57, 114, 58, 189, 82, 79, 38, 218, 60, 254, 255, 239, 62,
       255, 187, 255, 253, 253, 254, 253, 127, 127, 255, 237, 251, 253,
       107, 107, 245, 119, 255, 255, 125, 239, 181, 191, 127, 215, 127,
       255, 255, 100, 87, 190, 215, 122, 249, 116, 254, 93, 122, 46, 213,
       55, 247, 111, 153, 172, 28, 5, 240, 29, 157, 77, 16, 242, 51, 189,
       90, 87, 34, 250, 45, 38, 117, 160, 26, 127, 33, 127, 244, 116,
       206, 21, 93, 61, 185, 228, 235, 252, 67, 96, 240, 34, 208, 118,
       93, 188, 164, 137, 122, 150, 115, 235, 213, 36, 87, 186, 83, 122,
       233, 124, 120, 92, 56, 175, 212, 53, 247, 111, 153, 172, 24, 5,
       240, 29, 156, 73, 16, 242, 51, 189, 88, 87, 32, 250, 255, 251,
       239, 247, 55, 191, 223, 56, 255, 215, 255, 250, 255, 123, 124, 95,
       244, 247, 111, 255, 237, 103, 195, 119, 205, 254, 245, 127, 126,
       62, 247, 171, 215, 44, 87, 190, 90, 120, 233, 117, 112, 92, 57,
       47, 213, 20, 245, 111, 153, 172, 24, 5, 240, 29, 156, 73, 16, 242,
       51, 189, 88, 87, 32, 250, 212, 41, 179, 245, 112, 134, 250, 231,
       8, 239, 67, 158, 211, 192, 147, 74, 170, 205, 58, 111, 143, 173,
       198, 219, 15, 202, 182, 239, 64, 173, 54, 46, 87, 23, 61, 187, 16,
       253, 247, 86, 16, 104, 177, 110, 171, 12, 73, 183, 221, 172, 56,
       247, 113, 124, 188, 106, 209, 250, 49, 251, 77, 53, 49, 246, 11,
       5, 44, 180, 39, 189, 61, 113, 180, 70, 213, 128, 89, 57, 52, 7,
       128, 252, 67, 241, 240, 34, 208, 115, 92, 168, 132, 136, 80, 20,
       49, 233, 214, 44, 86, 186, 91, 120, 128, 124, 120, 92, 56, 47,
       212, 53, 231, 111, 153, 172, 24, 5, 240, 29, 156, 73, 16, 242, 51,
       189, 88, 87, 32, 250, 61, 181, 253, 254, 55, 189, 253, 127, 247,
       254, 213, 241, 125, 123, 188, 86, 246, 222, 67, 107, 245, 126,
       193, 247, 221, 170, 230, 219, 122, 221, 245, 235, 223, 36, 85,
       190, 215, 120, 249, 125, 120, 95, 57, 47, 244, 53, 247, 111, 153,
       172, 24, 5, 240, 29, 156, 77, 16, 242, 51, 189, 91, 87, 34, 251,
       239, 222, 238, 239, 127, 255, 191, 240, 61, 255, 126, 219, 141,
       63, 255, 79, 235, 253, 41, 239, 245, 101, 195, 112, 77, 255, 185,
       55, 126, 94, 55, 251, 215, 36, 213, 186, 83, 120, 233, 117, 116,
       92, 58, 47, 213, 20, 247, 111, 153, 172, 24, 5, 240, 29, 156, 73,
       16, 246, 51, 189, 88, 87, 32, 250, 76, 10, 143, 177, 200, 179,
       162, 208, 188, 191, 194, 6, 193, 196, 187, 1, 202, 93, 171, 98,
       236, 135, 202, 121, 79, 216, 156, 166, 208, 6, 51, 218, 215, 2,
       87, 171, 81, 248, 237, 116, 120, 84, 56, 46, 85, 21, 243, 225,
       153, 172, 24, 5, 241, 29, 156, 73, 16, 248, 51, 189, 72, 87, 32,
       250, 13, 134, 101, 168, 188, 252, 167, 120, 188, 126, 74, 5, 201,
       61, 217, 5, 137, 124, 129, 96, 224, 96, 138, 112, 77, 253, 17,
       162, 124, 2, 51, 203, 213, 32, 85, 186, 83, 120, 169, 52, 116, 84,
       58, 47, 85, 128, 244, 105, 152, 172, 24, 5, 240, 29, 156, 73, 16,
       226, 51, 189, 72, 87, 32, 250, 12, 34, 41, 160, 16, 183, 163, 116,
       0, 238, 194, 20, 65, 0, 153, 67, 128, 92, 3, 96, 192, 1, 196, 81,
       12, 136, 140, 133, 80, 4, 49, 219, 117, 4, 213, 170, 80, 122, 1,
       84, 176, 68, 16, 14, 84, 4, 192, 107, 25, 44, 24, 5, 240, 29, 156,
       72, 16, 226, 51, 188, 72, 86, 32, 242, 150, 50, 211, 167, 253,
       176, 155, 200, 218, 187, 80, 127, 161, 67, 131, 81, 106, 213, 137,
       34, 200, 165, 142, 120, 14, 152, 186, 35, 222, 41, 35, 127, 119,
       165, 29, 179, 118, 253, 41, 118, 65, 68, 74, 88, 195, 4, 217, 17,
       217, 172, 24, 37, 228, 146, 188, 105, 144, 242, 179, 157, 220, 23,
       48, 182, 127, 245, 255, 188, 87, 39, 63, 95, 245, 126, 232, 187,
       127, 235, 183, 127, 242, 253, 59, 100, 121, 135, 209, 55, 206,
       233, 233, 141, 219, 92, 248, 233, 240, 37, 23, 191, 82, 112, 133,
       244, 122, 78, 58, 15, 213, 21, 231, 76, 153, 172, 24, 5, 240, 29,
       156, 73, 16, 242, 51, 188, 88, 86, 34, 249, 242, 249, 147, 223,
       118, 66, 216, 175, 198, 161, 85, 220, 55, 194, 151, 218, 127, 215,
       56, 111, 14, 173, 231, 7, 143, 203, 246, 47, 83, 41, 214, 62, 247,
       39, 52, 223, 82, 125, 231, 246, 19, 90, 177, 106, 155, 28, 9, 174,
       221, 172, 91, 213, 112, 30, 180, 75, 209, 242, 49, 251, 89, 85,
       51, 251, 69, 38, 113, 32, 216, 162, 35, 80, 160, 36, 130, 54, 192,
       69, 129, 65, 226, 109, 3, 100, 201, 37, 10, 112, 78, 136, 172, 13,
       144, 12, 49, 9, 87, 4, 85, 186, 0, 48, 5, 84, 36, 64, 24, 6, 69,
       8, 192, 71, 24, 44, 24, 4, 112, 28, 156, 73, 16, 242, 51, 188, 72,
       70, 32, 240, 47, 247, 125, 168, 55, 189, 37, 89, 247, 84, 172,
       169, 125, 61, 189, 85, 255, 252, 99, 240, 245, 114, 81, 247, 213,
       253, 229, 249, 127, 92, 249, 225, 223, 108, 215, 190, 218, 120,
       249, 124, 126, 95, 58, 175, 212, 241, 247, 111, 185, 172, 152, 13,
       242, 29, 159, 93, 56, 242, 115, 189, 90, 215, 44, 250, 63, 189,
