%YAML:1.0
descriptors: !!opencv-matrix
   rows: 57
   cols: 64
   dt: u
   data: [ 85, 50, 113, 33, 216, 160, 163, 216, 232, 59, 194, 127, 228,
       7, 131, 81, 226, 205, 155, 64, 233, 5, 11, 220, 198, 216, 120,
       239, 206, 13, 227, 254, 93, 197, 93, 191, 61, 177, 45, 86, 77, 68,
       74, 150, 69, 201, 90, 145, 184, 124, 8, 34, 228, 246, 12, 105, 68,
       252, 135, 132, 220, 71, 112, 52, 237, 190, 247, 41, 216, 182, 163,
       248, 248, 63, 226, 127, 230, 211, 203, 105, 194, 237, 251, 96,
       249, 197, 30, 220, 198, 124, 61, 167, 204, 7, 107, 215, 125, 195,
       223, 191, 53, 183, 45, 118, 252, 84, 90, 150, 85, 235, 90, 145,
       188, 125, 56, 48, 209, 255, 141, 105, 86, 252, 135, 164, 222, 215,
       113, 52, 63, 254, 253, 255, 63, 253, 253, 120, 255, 255, 252, 249,
       237, 123, 253, 221, 255, 247, 99, 123, 245, 118, 211, 127, 237,
       255, 245, 255, 127, 95, 247, 239, 215, 108, 215, 190, 254, 120,
       249, 125, 124, 93, 123, 47, 213, 17, 245, 111, 153, 172, 24, 5,
       240, 29, 156, 77, 56, 242, 51, 189, 218, 215, 36, 250, 108, 43,
       231, 188, 88, 103, 165, 255, 213, 252, 206, 53, 83, 246, 155, 202,
       235, 221, 227, 102, 245, 13, 206, 179, 95, 253, 149, 165, 73, 206,
       50, 207, 215, 39, 117, 186, 84, 112, 237, 116, 121, 84, 56, 39,
       77, 181, 247, 239, 153, 172, 89, 5, 240, 31, 156, 73, 0, 242, 35,
       189, 88, 71, 32, 250, 63, 189, 253, 254, 55, 253, 221, 63, 247,
       254, 213, 241, 255, 126, 188, 95, 255, 246, 99, 251, 245, 118,
       211, 119, 253, 191, 247, 123, 122, 251, 245, 235, 223, 44, 87,
       190, 218, 120, 249, 125, 120, 93, 59, 47, 213, 117, 245, 111, 153,
       174, 24, 13, 240, 29, 156, 73, 48, 242, 115, 189, 123, 215, 40,
       250, 126, 244, 121, 170, 223, 255, 31, 29, 239, 103, 185, 186,
       189, 14, 182, 95, 251, 247, 50, 116, 139, 211, 211, 44, 108, 213,
       249, 45, 211, 59, 127, 41, 197, 44, 159, 223, 194, 125, 233, 119,
       50, 202, 116, 41, 215, 28, 244, 61, 157, 172, 18, 5, 232, 29, 148,
       89, 144, 178, 57, 189, 93, 215, 42, 178, 54, 180, 121, 134, 63,
       157, 23, 77, 198, 100, 189, 240, 253, 58, 180, 84, 242, 215, 2,
       97, 193, 35, 195, 119, 220, 138, 228, 47, 82, 152, 209, 105, 215,
       36, 85, 190, 66, 120, 233, 116, 112, 92, 56, 47, 212, 20, 245,
       111, 153, 172, 24, 5, 240, 29, 156, 73, 16, 242, 51, 189, 88, 87,
       32, 250, 12, 170, 255, 121, 40, 249, 224, 244, 249, 184, 206, 205,
       220, 117, 203, 170, 137, 136, 227, 107, 245, 109, 78, 223, 209,
       107, 134, 246, 109, 197, 171, 198, 255, 90, 65, 36, 125, 186, 248,
       40, 252, 60, 250, 38, 245, 243, 179, 107, 187, 234, 173, 67, 244,
       29, 89, 92, 39, 211, 215, 167, 250, 243, 227, 94, 18, 144, 152,
       39, 239, 136, 218, 12, 90, 59, 18, 109, 180, 70, 14, 48, 116, 147,
       152, 146, 204, 33, 203, 89, 161, 202, 234, 111, 86, 97, 229, 102,
       223, 161, 93, 53, 127, 219, 232, 119, 225, 220, 75, 73, 213, 23,
       191, 123, 185, 222, 24, 5, 228, 133, 220, 235, 22, 243, 182, 189,
       144, 95, 176, 94, 127, 190, 125, 228, 127, 191, 251, 121, 253,
       252, 222, 117, 253, 63, 248, 244, 242, 245, 95, 107, 245, 115,
       145, 119, 253, 238, 236, 159, 126, 223, 125, 251, 247, 108, 86,
       190, 214, 123, 185, 253, 222, 221, 91, 30, 209, 167, 192, 111,
       157, 173, 28, 5, 250, 29, 159, 77, 24, 246, 59, 156, 91, 31, 34,
       248, 140, 235, 158, 125, 40, 123, 252, 246, 57, 187, 234, 201, 66,
       241, 75, 171, 141, 200, 239, 235, 245, 236, 108, 155, 227, 127,
       183, 242, 77, 71, 163, 214, 255, 82, 249, 97, 125, 190, 248, 33,
       254, 60, 250, 119, 255, 247, 83, 251, 185, 201, 110, 247, 220, 95,
       25, 76, 151, 219, 199, 167, 214, 115, 193, 174, 127, 53, 255, 220,
       127, 55, 223, 126, 246, 252, 213, 179, 125, 255, 187, 95, 250,
       245, 115, 102, 245, 103, 210, 119, 204, 234, 244, 95, 122, 92,
       245, 235, 215, 36, 85, 190, 82, 120, 233, 117, 112, 92, 56, 47,
       213, 20, 245, 111, 153, 172, 24, 5, 240, 29, 156, 73, 16, 242, 51,
       189, 88, 87, 32, 250, 125, 181, 253, 190, 127, 191, 63, 127, 245,
       126, 208, 177, 125, 111, 189, 87, 251, 245, 91, 100, 241, 115,
       211, 127, 220, 233, 238, 157, 123, 92, 125, 233, 215, 109, 159,
       191, 214, 120, 181, 117, 124, 207, 126, 47, 215, 181, 245, 79,
       157, 172, 24, 5, 226, 61, 158, 77, 152, 246, 59, 189, 91, 95, 42,
       243, 252, 254, 255, 239, 254, 247, 191, 249, 255, 255, 250, 255,
       255, 94, 251, 253, 243, 247, 123, 122, 253, 215, 223, 252, 239,
       237, 255, 191, 223, 91, 255, 255, 255, 237, 223, 255, 222, 255,
       237, 247, 254, 95, 111, 62, 215, 239, 217, 125, 190, 189, 28, 5,
       242, 189, 157, 89, 84, 246, 179, 188, 255, 223, 42, 245, 237, 237,
       239, 120, 81, 62, 101, 90, 165, 70, 236, 186, 235, 239, 230, 79,
       131, 125, 191, 103, 127, 239, 16, 115, 86, 255, 147, 181, 251, 30,
       34, 129, 218, 7, 150, 251, 0, 60, 117, 188, 126, 250, 184, 231,
       221, 89, 119, 239, 93, 164, 48, 220, 201, 125, 206, 4, 56, 172,
       113, 191, 94, 246, 185, 250, 186, 222, 126, 247, 255, 253, 255,
       177, 255, 253, 255, 223, 191, 124, 118, 253, 247, 255, 127, 251,
       253, 127, 179, 126, 253, 127, 247, 255, 255, 247, 255, 255, 199,
       237, 222, 117, 255, 123, 248, 255, 95, 221, 247, 255, 213, 55,
       255, 127, 175, 255, 159, 11, 254, 191, 159, 93, 123, 247, 247,
       191, 251, 255, 44, 254, 255, 254, 125, 239, 255, 187, 191, 216,
       255, 127, 251, 123, 255, 94, 238, 253, 243, 247, 63, 116, 237, 87,
       155, 124, 231, 222, 121, 255, 254, 127, 255, 255, 151, 237, 223,
       223, 250, 255, 253, 247, 239, 223, 79, 121, 213, 95, 252, 21, 204,
       247, 24, 37, 234, 183, 223, 107, 88, 190, 181, 174, 254, 223, 54,
       188, 28, 51, 53, 117, 56, 185, 250, 120, 216, 186, 194, 55, 197,
       85, 137, 18, 190, 141, 195, 75, 228, 44, 66, 223, 205, 58, 246,
       246, 72, 100, 229, 238, 95, 18, 69, 44, 53, 184, 248, 101, 124,
       60, 179, 103, 231, 165, 183, 111, 186, 238, 41, 67, 242, 29, 28,
       73, 7, 243, 215, 227, 122, 119, 225, 126, 126, 113, 121, 186, 87,
       182, 95, 11, 198, 7, 241, 186, 255, 138, 180, 95, 242, 215, 62,
       213, 11, 215, 193, 5, 140, 213, 255, 45, 82, 184, 244, 168, 194,
       45, 150, 255, 202, 125, 5, 85, 58, 202, 53, 105, 147, 28, 20, 28,
       215, 172, 16, 132, 104, 184, 124, 243, 88, 190, 57, 217, 61, 214,
       120, 179, 252, 187, 255, 121, 255, 243, 227, 255, 253, 187, 214,
       191, 255, 246, 171, 95, 251, 157, 123, 94, 255, 159, 95, 255, 215,
       254, 254, 175, 206, 223, 122, 174, 223, 47, 71, 255, 91, 63, 253,
       116, 120, 93, 242, 126, 221, 237, 191, 183, 253, 172, 152, 245,
       242, 189, 220, 89, 84, 252, 247, 191, 122, 87, 177, 218, 124, 255,
       255, 254, 118, 255, 251, 127, 253, 220, 222, 181, 125, 255, 253,
       253, 251, 213, 123, 110, 245, 119, 213, 119, 127, 252, 172, 157,
       127, 223, 126, 251, 215, 101, 87, 190, 214, 122, 217, 116, 252,
       221, 90, 62, 213, 167, 245, 110, 157, 173, 30, 13, 250, 29, 159,
       77, 24, 246, 123, 157, 91, 31, 42, 250, 108, 38, 101, 136, 22,
       127, 35, 127, 245, 220, 214, 53, 89, 60, 249, 231, 203, 84, 67,
       100, 113, 130, 212, 182, 93, 253, 28, 5, 83, 222, 59, 201, 192,
       36, 87, 186, 82, 114, 13, 116, 120, 85, 24, 174, 85, 180, 100,
       108, 153, 44, 24, 12, 240, 29, 140, 73, 16, 224, 43, 188, 90, 70,
       32, 250, 250, 248, 255, 255, 62, 255, 253, 179, 253, 255, 252,
       251, 255, 252, 126, 255, 253, 255, 255, 251, 253, 125, 127, 255,
       249, 127, 247, 254, 127, 247, 255, 255, 223, 248, 255, 117, 255,
       253, 248, 123, 122, 223, 239, 125, 255, 247, 247, 123, 255, 219,
       143, 207, 252, 189, 251, 253, 119, 247, 255, 255, 255, 251, 223,
       191, 126, 253, 239, 254, 119, 255, 127, 123, 253, 223, 253, 186,
       255, 250, 252, 95, 251, 245, 127, 103, 253, 119, 211, 119, 127,
       255, 189, 61, 91, 90, 118, 169, 210, 45, 87, 191, 210, 121, 233,
