%YAML:1.0
descriptors: !!opencv-matrix
   rows: 91
   cols: 64
   dt: u
   data: [ 187, 252, 124, 111, 191, 189, 223, 24, 255, 255, 189, 251,
       191, 123, 108, 221, 247, 183, 126, 187, 245, 126, 155, 124, 245,
       247, 243, 127, 127, 123, 223, 255, 159, 236, 223, 86, 255, 217,
       250, 127, 127, 223, 239, 253, 149, 243, 253, 127, 247, 255, 155,
       15, 254, 165, 251, 247, 62, 247, 254, 191, 179, 251, 188, 159,
       255, 252, 125, 239, 255, 189, 223, 152, 255, 127, 189, 250, 175,
       123, 230, 253, 247, 247, 62, 191, 237, 247, 187, 124, 231, 247,
       123, 127, 255, 123, 255, 63, 151, 237, 158, 223, 250, 253, 253,
       247, 119, 223, 107, 125, 209, 95, 252, 21, 205, 255, 22, 37, 236,
       167, 239, 255, 120, 252, 252, 31, 255, 223, 190, 189, 62, 181,
       253, 254, 55, 151, 93, 111, 247, 230, 253, 176, 125, 234, 181, 94,
       255, 246, 98, 123, 183, 118, 209, 119, 221, 167, 231, 125, 83,
       252, 253, 233, 199, 44, 135, 190, 218, 120, 243, 125, 56, 219,
       245, 109, 246, 116, 245, 111, 155, 174, 152, 15, 242, 29, 188, 93,
       24, 242, 123, 253, 123, 215, 40, 250, 44, 166, 109, 170, 31, 253,
       167, 93, 245, 124, 142, 37, 121, 126, 185, 101, 203, 252, 195, 96,
       245, 114, 91, 247, 84, 252, 4, 135, 126, 223, 57, 195, 207, 44,
       215, 186, 83, 122, 233, 124, 120, 85, 82, 175, 84, 245, 247, 107,
       185, 172, 152, 13, 242, 29, 156, 81, 48, 226, 59, 189, 218, 215,
       44, 250, 47, 255, 109, 254, 63, 253, 247, 89, 253, 245, 172, 235,
       237, 127, 252, 77, 155, 253, 227, 251, 247, 126, 91, 247, 117,
       255, 21, 183, 126, 223, 95, 231, 159, 238, 243, 186, 251, 153,
       251, 63, 125, 189, 122, 231, 213, 241, 247, 107, 185, 255, 137,
       73, 244, 157, 218, 28, 63, 246, 247, 191, 251, 255, 173, 218, 126,
       185, 255, 245, 62, 181, 219, 121, 223, 191, 213, 248, 255, 194,
       176, 94, 254, 215, 122, 251, 191, 127, 195, 127, 173, 218, 246,
       255, 86, 253, 245, 238, 199, 172, 142, 191, 222, 125, 251, 119,
       120, 221, 247, 109, 243, 52, 177, 127, 191, 174, 152, 71, 240, 29,
       188, 93, 16, 243, 123, 255, 249, 159, 232, 255, 62, 189, 255, 254,
       55, 125, 253, 127, 247, 254, 221, 241, 127, 254, 188, 95, 255,
       254, 99, 251, 247, 126, 209, 247, 253, 191, 247, 219, 123, 253,
       245, 235, 207, 62, 215, 190, 255, 120, 251, 125, 120, 253, 255,
       111, 246, 53, 247, 111, 187, 174, 153, 79, 242, 29, 220, 93, 53,
       243, 119, 255, 123, 255, 237, 250, 29, 186, 247, 245, 253, 179,
       241, 122, 188, 189, 214, 255, 239, 91, 129, 77, 226, 253, 235,
       107, 229, 47, 202, 127, 111, 186, 98, 183, 126, 73, 97, 239, 223,
       227, 93, 186, 119, 248, 249, 117, 221, 92, 250, 14, 217, 161, 219,
       107, 184, 188, 25, 5, 240, 189, 156, 73, 48, 242, 183, 143, 216,
       87, 37, 255, 59, 222, 253, 206, 47, 253, 221, 121, 255, 252, 255,
       201, 253, 60, 125, 223, 255, 246, 226, 187, 244, 118, 219, 255,
       253, 255, 241, 122, 127, 247, 223, 239, 223, 252, 243, 60, 254,
       249, 248, 123, 117, 221, 239, 47, 183, 183, 245, 111, 187, 250,
       185, 15, 246, 29, 255, 93, 63, 243, 255, 255, 243, 223, 44, 222,
       60, 189, 247, 244, 50, 103, 125, 127, 215, 220, 221, 245, 95, 238,
       148, 94, 255, 222, 103, 103, 247, 47, 224, 247, 223, 255, 231,
       221, 82, 222, 244, 233, 198, 38, 116, 190, 214, 124, 219, 125, 88,
       92, 185, 111, 255, 53, 245, 110, 153, 172, 25, 197, 240, 28, 156,
       73, 16, 242, 115, 251, 88, 87, 161, 250, 125, 189, 255, 116, 114,
       183, 255, 126, 242, 190, 213, 241, 127, 251, 166, 90, 251, 253,
       251, 111, 247, 45, 226, 255, 173, 235, 246, 255, 93, 109, 244,
       239, 223, 55, 52, 191, 214, 124, 251, 125, 120, 126, 187, 111,
       251, 61, 247, 111, 189, 174, 24, 199, 240, 61, 156, 77, 84, 255,
       115, 223, 121, 119, 161, 251, 59, 250, 252, 254, 63, 189, 249, 56,
       255, 188, 214, 253, 253, 123, 124, 221, 254, 254, 227, 251, 245,
       126, 195, 255, 169, 62, 229, 255, 127, 247, 245, 239, 223, 236,
       199, 180, 255, 90, 249, 125, 252, 223, 255, 47, 213, 245, 247,
       111, 187, 254, 137, 15, 246, 29, 219, 93, 62, 243, 255, 255, 251,
       251, 174, 223, 62, 182, 121, 175, 191, 188, 159, 9, 239, 254, 59,
       184, 189, 14, 185, 85, 255, 246, 3, 242, 205, 50, 219, 124, 205,
       221, 231, 111, 82, 59, 245, 239, 71, 172, 95, 190, 250, 120, 233,
       119, 96, 76, 104, 41, 215, 212, 245, 127, 153, 172, 24, 5, 224,
       29, 156, 73, 16, 242, 51, 189, 216, 87, 32, 242, 1, 142, 142, 222,
       47, 95, 156, 55, 55, 252, 22, 199, 30, 127, 59, 13, 141, 251, 96,
       171, 212, 117, 208, 115, 73, 119, 144, 86, 60, 81, 151, 99, 215,
       48, 81, 32, 87, 72, 232, 97, 112, 29, 42, 47, 213, 20, 245, 107,
       153, 232, 24, 5, 244, 13, 152, 73, 19, 243, 51, 189, 82, 83, 32,
       250, 62, 176, 253, 239, 63, 183, 219, 89, 254, 251, 212, 249, 253,
       90, 185, 85, 242, 215, 91, 123, 245, 127, 219, 127, 173, 218, 226,
       63, 94, 249, 117, 239, 215, 236, 191, 191, 254, 121, 249, 119,
       249, 95, 103, 46, 211, 149, 209, 127, 189, 190, 152, 5, 242, 53,
       156, 93, 16, 242, 191, 191, 251, 95, 34, 247, 61, 183, 253, 220,
       126, 191, 211, 122, 242, 116, 215, 117, 237, 123, 153, 68, 242,
       245, 91, 98, 247, 109, 194, 247, 173, 186, 164, 31, 126, 9, 85,
       111, 223, 102, 85, 158, 82, 122, 249, 127, 245, 93, 153, 7, 209,
       160, 241, 111, 153, 172, 9, 13, 240, 29, 158, 73, 48, 246, 59,
       191, 216, 87, 36, 251, 2, 133, 12, 223, 39, 157, 223, 49, 63, 255,
       23, 206, 157, 124, 62, 6, 172, 215, 64, 163, 220, 115, 194, 114,
       73, 118, 183, 126, 88, 82, 55, 107, 215, 56, 81, 160, 210, 104,
       234, 97, 112, 92, 57, 47, 213, 52, 245, 111, 153, 168, 24, 5, 240,
       29, 156, 73, 17, 242, 51, 189, 88, 87, 32, 250, 243, 182, 211,
       103, 253, 162, 251, 152, 122, 57, 208, 123, 174, 75, 130, 81, 102,
       215, 189, 55, 205, 45, 171, 125, 230, 202, 106, 47, 222, 73, 225,
       127, 119, 231, 220, 183, 119, 253, 253, 245, 209, 78, 138, 78,
       201, 1, 217, 87, 156, 188, 24, 37, 244, 164, 156, 235, 86, 190,
       183, 159, 216, 87, 180, 253, 46, 38, 97, 186, 31, 133, 15, 73,
       231, 238, 137, 176, 253, 46, 181, 87, 227, 245, 3, 96, 209, 34,
       91, 127, 84, 220, 164, 15, 18, 156, 57, 99, 199, 44, 87, 186, 82,
       120, 225, 126, 100, 92, 56, 175, 212, 84, 245, 111, 153, 172, 24,
       5, 242, 29, 156, 73, 16, 242, 51, 189, 88, 87, 40, 250, 220, 57,
       147, 245, 112, 162, 122, 246, 64, 171, 209, 151, 198, 193, 147,
       26, 188, 201, 59, 111, 143, 173, 198, 155, 142, 74, 182, 223, 64,
       37, 180, 238, 119, 55, 52, 187, 94, 124, 242, 87, 88, 104, 177,
       110, 235, 13, 195, 127, 223, 174, 24, 211, 241, 124, 28, 73, 193,
       255, 51, 219, 124, 54, 145, 246, 38, 37, 117, 146, 27, 143, 7, 73,
       167, 68, 15, 52, 61, 127, 180, 84, 251, 244, 2, 96, 211, 34, 144,
       103, 92, 148, 164, 13, 50, 154, 89, 105, 135, 36, 71, 158, 66,
       120, 75, 94, 52, 81, 28, 163, 68, 84, 229, 79, 145, 164, 144, 12,
       50, 24, 156, 73, 56, 114, 51, 189, 88, 87, 32, 250, 108, 176, 237,
       248, 63, 187, 115, 126, 244, 250, 212, 184, 121, 90, 189, 207,
       202, 213, 91, 107, 197, 115, 202, 127, 45, 139, 162, 15, 83, 73,
       53, 235, 215, 38, 213, 186, 82, 122, 233, 118, 240, 223, 126, 47,
       211, 21, 113, 111, 159, 172, 26, 5, 240, 29, 157, 89, 16, 242, 59,
       191, 89, 87, 38, 251, 108, 39, 224, 184, 25, 103, 39, 71, 165,
       230, 8, 176, 17, 110, 187, 71, 203, 124, 99, 98, 243, 35, 222, 51,
       92, 205, 164, 13, 83, 140, 49, 203, 199, 6, 87, 186, 16, 112, 97,
       124, 56, 64, 48, 175, 85, 212, 117, 110, 25, 172, 24, 5, 240, 29,
       156, 73, 16, 226, 43, 189, 88, 71, 32, 242, 195, 8, 147, 247, 217,
       130, 203, 202, 154, 251, 2, 91, 163, 130, 130, 27, 98, 213, 189,
       47, 200, 141, 202, 105, 14, 218, 58, 39, 18, 41, 51, 111, 87, 167,
       60, 123, 48, 253, 111, 246, 65, 68, 104, 122, 139, 12, 89, 179,
