%YAML:1.0
descriptors: !!opencv-matrix
   rows: 104
   cols: 64
   dt: u
   data: [ 62, 189, 253, 254, 63, 253, 253, 127, 255, 252, 223, 253, 253,
       126, 254, 252, 255, 255, 99, 115, 245, 55, 211, 119, 221, 255,
       245, 255, 122, 222, 247, 235, 207, 44, 87, 190, 215, 122, 233,
       124, 248, 93, 57, 47, 213, 55, 247, 111, 153, 172, 24, 13, 240,
       29, 157, 73, 16, 242, 115, 189, 90, 87, 40, 250, 63, 218, 238,
       239, 63, 253, 185, 252, 189, 252, 254, 253, 189, 63, 255, 253,
       251, 253, 99, 123, 245, 119, 206, 127, 109, 255, 245, 63, 127, 91,
       127, 239, 223, 108, 85, 190, 87, 122, 233, 116, 248, 93, 122, 47,
       213, 183, 247, 111, 153, 172, 24, 5, 240, 29, 157, 73, 16, 242,
       51, 189, 90, 87, 32, 250, 61, 241, 125, 190, 255, 47, 127, 122,
       244, 124, 237, 115, 125, 127, 180, 93, 251, 245, 103, 98, 245, 46,
       129, 118, 78, 255, 181, 27, 251, 14, 117, 233, 215, 36, 85, 186,
       82, 112, 233, 116, 122, 94, 24, 47, 213, 20, 245, 79, 153, 172,
       24, 5, 240, 29, 156, 73, 16, 242, 51, 189, 88, 87, 34, 248, 126,
       48, 125, 188, 62, 127, 63, 117, 247, 254, 218, 149, 93, 236, 187,
       246, 251, 212, 67, 98, 253, 178, 197, 62, 77, 221, 180, 11, 82,
       95, 119, 235, 211, 36, 85, 186, 82, 120, 225, 116, 112, 92, 124,
       47, 212, 20, 229, 111, 153, 172, 24, 5, 242, 29, 156, 73, 16, 242,
       51, 189, 88, 86, 32, 250, 62, 181, 125, 140, 54, 157, 157, 127,
       247, 222, 149, 245, 125, 62, 189, 85, 255, 214, 67, 99, 213, 114,
       193, 119, 205, 186, 228, 89, 122, 92, 245, 105, 215, 44, 85, 190,
       90, 120, 233, 116, 112, 93, 56, 47, 212, 20, 245, 111, 153, 172,
       24, 5, 240, 29, 156, 73, 16, 242, 51, 189, 88, 87, 32, 250, 61,
       183, 117, 254, 63, 237, 53, 121, 245, 124, 222, 53, 125, 127, 188,
       69, 251, 252, 67, 112, 245, 122, 209, 247, 221, 253, 229, 153,
       122, 222, 125, 237, 207, 108, 71, 190, 219, 120, 249, 125, 125,
       221, 126, 175, 212, 241, 247, 111, 185, 164, 152, 9, 242, 29, 158,
       81, 56, 242, 115, 189, 250, 207, 44, 250, 61, 39, 117, 190, 19,
       143, 39, 107, 247, 92, 206, 53, 125, 126, 189, 116, 243, 181, 195,
       100, 245, 58, 209, 247, 221, 236, 228, 141, 106, 222, 124, 233,
       206, 36, 71, 190, 210, 122, 201, 124, 125, 85, 52, 175, 68, 247,
       245, 110, 153, 164, 152, 12, 242, 29, 156, 65, 56, 242, 115, 189,
       90, 79, 40, 250, 63, 183, 125, 254, 63, 253, 53, 120, 247, 116,
       255, 176, 125, 127, 252, 87, 255, 254, 99, 240, 245, 114, 209,
       247, 221, 191, 229, 251, 122, 222, 253, 233, 223, 44, 87, 190,
       219, 120, 249, 124, 124, 221, 56, 175, 212, 241, 247, 111, 153,
       172, 153, 13, 240, 29, 158, 89, 56, 242, 51, 189, 90, 215, 44,
       250, 93, 177, 223, 254, 118, 179, 127, 126, 240, 156, 212, 177,
       111, 251, 134, 91, 250, 221, 187, 111, 231, 125, 195, 247, 142,
       250, 242, 157, 123, 76, 116, 233, 223, 38, 148, 190, 127, 120,
       241, 117, 120, 207, 187, 111, 241, 145, 211, 111, 159, 174, 25,
       199, 240, 60, 158, 77, 116, 246, 63, 223, 88, 215, 167, 251, 62,
       187, 255, 254, 63, 185, 249, 126, 126, 250, 212, 249, 239, 115,
       173, 91, 250, 223, 233, 123, 229, 125, 195, 255, 173, 186, 226,
       255, 126, 109, 245, 239, 223, 102, 221, 190, 255, 121, 249, 117,
       248, 223, 251, 111, 243, 149, 243, 111, 155, 190, 25, 71, 240, 29,
       222, 77, 22, 243, 255, 223, 219, 127, 167, 255, 109, 39, 117, 144,
       91, 143, 7, 123, 166, 68, 143, 48, 93, 127, 188, 69, 242, 245, 67,
       100, 242, 35, 144, 179, 92, 252, 141, 13, 48, 152, 89, 233, 218,
       36, 87, 186, 64, 112, 129, 92, 52, 81, 24, 135, 69, 40, 229, 78,
       145, 164, 144, 12, 114, 29, 158, 73, 56, 242, 51, 189, 88, 70, 36,
       248, 4, 39, 65, 130, 17, 64, 34, 77, 128, 64, 10, 52, 1, 7, 137,
       225, 235, 84, 1, 96, 65, 160, 164, 32, 76, 137, 32, 9, 147, 10,
       49, 8, 112, 36, 85, 186, 0, 114, 1, 84, 32, 64, 24, 10, 68, 22,
       224, 76, 137, 36, 80, 4, 112, 28, 132, 73, 144, 224, 33, 188, 72,
       70, 32, 240, 95, 57, 223, 222, 118, 187, 91, 122, 194, 161, 213,
       186, 255, 210, 134, 90, 242, 213, 58, 127, 143, 189, 194, 247,
       143, 250, 250, 63, 114, 9, 84, 107, 219, 37, 20, 191, 74, 121,
       243, 119, 48, 219, 185, 47, 209, 28, 229, 47, 159, 172, 25, 135,
       112, 61, 156, 75, 80, 246, 59, 255, 88, 86, 36, 251, 197, 39, 225,
       49, 217, 162, 39, 72, 160, 37, 128, 123, 193, 107, 134, 69, 226,
       109, 43, 100, 235, 175, 154, 112, 70, 218, 28, 47, 210, 8, 33, 13,
       215, 39, 84, 187, 64, 56, 37, 86, 108, 66, 24, 143, 65, 88, 253,
       135, 24, 36, 24, 0, 113, 28, 140, 73, 16, 248, 51, 189, 88, 87,
       48, 248, 61, 54, 125, 174, 63, 189, 63, 121, 247, 254, 223, 176,
       253, 62, 189, 86, 255, 191, 67, 112, 245, 114, 211, 247, 213, 252,
       229, 253, 122, 220, 253, 235, 207, 44, 71, 190, 219, 120, 233,
       124, 124, 93, 125, 175, 213, 245, 247, 111, 187, 174, 152, 13,
       242, 29, 220, 93, 56, 242, 119, 189, 251, 223, 40, 250, 62, 178,
       253, 255, 62, 253, 251, 57, 255, 187, 215, 252, 253, 118, 189, 87,
       255, 215, 98, 251, 245, 119, 195, 127, 173, 223, 247, 255, 126,
       255, 247, 238, 215, 252, 223, 190, 255, 121, 249, 119, 120, 93,
       243, 45, 247, 181, 247, 111, 187, 190, 152, 7, 242, 29, 220, 93,
       16, 243, 179, 255, 123, 95, 108, 254, 118, 32, 211, 178, 91, 130,
       9, 15, 198, 42, 19, 52, 49, 198, 145, 84, 114, 151, 1, 66, 195, 7,
       203, 79, 30, 128, 170, 13, 18, 168, 49, 106, 7, 166, 5, 187, 34,
       124, 77, 86, 32, 64, 20, 72, 69, 28, 161, 207, 217, 44, 24, 5,
       160, 24, 156, 65, 0, 114, 51, 185, 88, 23, 48, 242, 163, 9, 199,
       214, 83, 199, 209, 74, 246, 197, 6, 87, 187, 254, 176, 76, 235,
       213, 37, 39, 198, 47, 225, 103, 79, 223, 183, 47, 82, 10, 18, 105,
       215, 38, 85, 186, 82, 120, 235, 116, 112, 84, 56, 47, 205, 20,
       245, 239, 153, 172, 24, 5, 240, 29, 156, 73, 16, 242, 51, 189, 88,
       23, 32, 250, 126, 54, 185, 170, 95, 183, 143, 29, 215, 254, 248,
       176, 97, 10, 177, 87, 251, 247, 67, 80, 241, 51, 223, 29, 220,
       193, 232, 47, 82, 153, 113, 235, 229, 172, 151, 191, 90, 120, 33,
       118, 48, 74, 114, 173, 87, 149, 149, 79, 154, 172, 24, 1, 240, 29,
       220, 81, 16, 242, 59, 156, 90, 214, 40, 242, 63, 182, 125, 174,
       63, 189, 63, 120, 247, 126, 253, 176, 253, 63, 188, 87, 247, 254,
       67, 249, 241, 114, 211, 119, 221, 173, 225, 255, 122, 253, 253,
       233, 223, 124, 215, 190, 219, 120, 185, 125, 126, 223, 121, 47,
       244, 149, 247, 111, 153, 174, 24, 7, 226, 29, 159, 93, 24, 243,
       51, 189, 122, 215, 40, 250, 244, 41, 243, 213, 216, 199, 250, 239,
       206, 171, 211, 127, 215, 230, 147, 90, 250, 213, 123, 103, 143,
       175, 206, 95, 142, 218, 190, 47, 194, 143, 50, 190, 119, 39, 45,
       255, 82, 125, 127, 86, 81, 96, 176, 110, 203, 12, 137, 183, 221,
       172, 24, 241, 241, 126, 156, 107, 208, 252, 49, 191, 92, 21, 49,
       246, 102, 32, 65, 179, 217, 128, 43, 73, 192, 35, 131, 50, 225,
       66, 129, 80, 98, 5, 3, 66, 203, 45, 138, 79, 14, 154, 162, 47, 18,
       8, 33, 78, 71, 166, 92, 155, 0, 248, 101, 86, 32, 96, 0, 72, 65,
       28, 137, 19, 25, 44, 24, 0, 96, 24, 156, 105, 0, 50, 51, 185, 8,
       87, 32, 240, 70, 34, 239, 161, 24, 182, 175, 76, 172, 239, 130,
       144, 201, 41, 179, 71, 138, 85, 35, 99, 200, 39, 206, 121, 77,
       216, 188, 39, 82, 13, 49, 75, 215, 36, 85, 186, 82, 120, 233, 118,
       112, 92, 56, 46, 215, 20, 209, 107, 153, 172, 24, 5, 240, 29, 156,
       73, 16, 242, 51, 189, 88, 87, 32, 250, 243, 221, 255, 222, 23,
       207, 85, 126, 247, 229, 61, 249, 191, 255, 182, 95, 251, 247, 116,
       103, 190, 239, 243, 39, 127, 255, 247, 63, 123, 25, 94, 41, 215,
       39, 54, 254, 194, 125, 251, 124, 114, 219, 188, 175, 157, 24, 253,
       238, 145, 164, 26, 13, 240, 28, 156, 79, 56, 246, 115, 191, 89,
       213, 36, 250, 109, 46, 231, 177, 216, 255, 163, 247, 173, 253,
