%YAML:1.0
descriptors: !!opencv-matrix
   rows: 101
   cols: 64
   dt: u
   data: [ 60, 185, 253, 254, 62, 127, 121, 126, 212, 124, 223, 245, 125,
       126, 190, 228, 251, 212, 99, 98, 245, 43, 195, 247, 205, 235, 180,
       143, 82, 223, 119, 235, 223, 36, 85, 190, 87, 122, 233, 116, 120,
       93, 57, 47, 213, 53, 247, 111, 153, 172, 24, 5, 240, 29, 156, 73,
       16, 242, 51, 189, 88, 87, 32, 250, 9, 7, 161, 48, 9, 231, 37, 127,
       128, 108, 194, 5, 80, 76, 129, 4, 235, 92, 3, 98, 224, 34, 192,
       51, 76, 154, 132, 132, 82, 4, 49, 201, 199, 36, 85, 186, 83, 112,
       201, 116, 120, 84, 24, 14, 196, 21, 231, 79, 153, 172, 24, 5, 240,
       29, 156, 65, 16, 242, 51, 189, 72, 87, 32, 250, 124, 47, 231, 252,
       56, 255, 173, 127, 229, 252, 218, 21, 77, 245, 153, 198, 235, 204,
       227, 106, 244, 45, 198, 183, 79, 254, 182, 149, 120, 4, 57, 207,
       87, 38, 85, 186, 84, 122, 249, 116, 124, 124, 187, 174, 69, 165,
       231, 111, 152, 172, 24, 1, 242, 29, 156, 73, 0, 226, 83, 191, 90,
       71, 33, 242, 55, 49, 89, 158, 55, 132, 25, 12, 230, 102, 21, 176,
       61, 106, 180, 87, 254, 246, 0, 96, 193, 34, 193, 103, 204, 130,
       224, 73, 18, 56, 209, 105, 215, 36, 21, 190, 66, 120, 225, 116,
       112, 72, 56, 47, 212, 20, 245, 111, 153, 172, 24, 5, 240, 25, 156,
       73, 16, 242, 51, 189, 88, 87, 32, 251, 59, 16, 89, 190, 63, 169,
       95, 24, 214, 42, 145, 177, 173, 78, 36, 87, 254, 214, 0, 81, 200,
       42, 195, 111, 196, 158, 226, 47, 82, 121, 229, 109, 95, 172, 21,
       190, 106, 120, 225, 119, 112, 206, 111, 43, 215, 21, 245, 111,
       145, 166, 24, 5, 224, 28, 156, 65, 16, 178, 183, 187, 24, 87, 32,
       242, 220, 57, 255, 253, 118, 99, 253, 254, 208, 171, 221, 188,
       111, 198, 147, 234, 251, 205, 123, 111, 47, 173, 230, 159, 175,
       203, 182, 157, 67, 13, 54, 186, 119, 39, 53, 251, 94, 125, 209,
       245, 90, 104, 177, 126, 255, 29, 195, 126, 159, 172, 95, 199, 240,
       62, 20, 77, 196, 246, 57, 219, 93, 22, 227, 246, 253, 250, 85, 71,
       255, 185, 191, 120, 218, 63, 242, 123, 175, 91, 192, 81, 114, 215,
       159, 105, 237, 39, 139, 124, 173, 254, 105, 47, 222, 75, 241, 127,
       91, 165, 220, 191, 86, 251, 173, 247, 217, 94, 74, 31, 193, 43,
       216, 17, 140, 245, 24, 37, 236, 189, 143, 73, 80, 254, 183, 156,
       216, 87, 36, 188, 250, 241, 235, 190, 87, 7, 95, 143, 215, 227,
       149, 250, 63, 138, 182, 95, 251, 215, 52, 87, 11, 151, 227, 47,
       44, 215, 251, 47, 83, 185, 116, 169, 199, 173, 190, 223, 194, 125,
       103, 119, 48, 203, 245, 105, 151, 28, 85, 62, 215, 172, 18, 133,
       104, 176, 180, 115, 216, 178, 57, 91, 29, 93, 56, 251, 76, 235,
       239, 248, 48, 127, 39, 119, 37, 214, 109, 152, 89, 181, 253, 206,
       203, 221, 41, 111, 6, 85, 192, 51, 77, 221, 153, 45, 115, 14, 48,
       137, 210, 4, 85, 186, 82, 120, 229, 116, 52, 94, 56, 39, 85, 156,
       117, 238, 153, 172, 56, 5, 240, 29, 159, 76, 16, 242, 51, 189, 88,
       87, 32, 250, 45, 55, 245, 244, 57, 237, 45, 125, 181, 124, 202,
       117, 253, 127, 184, 101, 243, 253, 195, 99, 245, 47, 210, 255, 93,
       238, 166, 159, 120, 222, 121, 239, 207, 36, 119, 190, 209, 248,
       249, 124, 125, 92, 58, 167, 228, 113, 247, 111, 184, 164, 24, 13,
       242, 28, 156, 73, 56, 242, 115, 189, 218, 71, 33, 250, 62, 53,
       245, 182, 90, 207, 223, 111, 215, 76, 222, 117, 253, 110, 176,
       116, 251, 215, 67, 99, 245, 63, 211, 119, 220, 238, 230, 15, 82,
       218, 125, 233, 71, 44, 71, 190, 214, 120, 233, 124, 88, 93, 21,
       47, 197, 52, 245, 111, 153, 172, 152, 13, 242, 29, 156, 65, 16,
       242, 115, 185, 90, 31, 32, 250, 38, 230, 97, 138, 219, 204, 7, 73,
       238, 68, 2, 52, 189, 46, 252, 213, 251, 245, 1, 100, 193, 2, 152,
       100, 92, 212, 57, 45, 18, 154, 27, 41, 144, 36, 87, 154, 66, 114,
       141, 92, 32, 84, 28, 43, 85, 28, 244, 36, 145, 36, 16, 4, 162, 29,
       142, 73, 16, 114, 34, 188, 88, 71, 32, 242, 125, 249, 255, 253,
       126, 255, 249, 126, 252, 252, 212, 253, 255, 251, 223, 220, 250,
       221, 251, 107, 245, 125, 195, 247, 175, 251, 246, 191, 127, 77,
       116, 239, 223, 103, 85, 190, 214, 127, 249, 125, 255, 223, 251,
       47, 253, 181, 243, 111, 191, 172, 25, 197, 240, 29, 157, 77, 124,
       246, 123, 251, 219, 223, 39, 255, 50, 21, 53, 150, 67, 143, 23,
       41, 231, 68, 31, 4, 189, 124, 60, 84, 255, 247, 66, 36, 214, 51,
       209, 103, 220, 246, 228, 76, 50, 154, 221, 40, 134, 44, 67, 158,
       194, 72, 202, 76, 48, 89, 20, 171, 149, 116, 181, 111, 145, 164,
       153, 13, 178, 25, 156, 75, 56, 114, 114, 185, 88, 87, 40, 250, 5,
       138, 6, 97, 41, 248, 164, 112, 56, 186, 74, 71, 128, 117, 73, 161,
       137, 9, 161, 139, 229, 100, 72, 219, 65, 94, 17, 166, 108, 70, 35,
       86, 223, 82, 209, 32, 117, 154, 248, 32, 124, 52, 58, 39, 245,
       161, 247, 107, 184, 253, 8, 69, 244, 13, 216, 72, 23, 195, 151,
       167, 66, 115, 229, 90, 8, 139, 142, 249, 40, 241, 252, 130, 49,
       186, 66, 197, 152, 117, 105, 3, 13, 200, 161, 171, 196, 116, 76,
       251, 73, 95, 179, 242, 76, 71, 179, 211, 215, 146, 217, 32, 117,
       232, 248, 32, 116, 60, 250, 109, 247, 21, 247, 107, 187, 232, 56,
       71, 244, 29, 216, 92, 23, 211, 183, 183, 82, 115, 193, 254, 3,
       132, 18, 23, 169, 192, 156, 129, 59, 249, 7, 69, 128, 117, 105,
       17, 173, 170, 164, 147, 196, 44, 95, 75, 81, 95, 241, 114, 0, 163,
       131, 118, 135, 176, 67, 32, 243, 136, 234, 106, 97, 28, 104, 227,
       245, 80, 183, 107, 153, 202, 24, 3, 244, 13, 152, 73, 23, 211,
       182, 181, 176, 115, 32, 74, 18, 144, 144, 23, 169, 192, 218, 4,
       18, 161, 21, 205, 164, 82, 2, 18, 125, 130, 0, 147, 205, 41, 235,
       75, 128, 83, 240, 110, 2, 41, 197, 102, 151, 180, 81, 52, 123,
       200, 234, 99, 96, 28, 105, 97, 181, 20, 181, 111, 145, 238, 9, 7,
       244, 8, 152, 73, 19, 115, 178, 177, 24, 115, 32, 206, 63, 245,
       253, 254, 63, 253, 125, 127, 183, 126, 253, 177, 61, 127, 188, 94,
       255, 254, 99, 123, 245, 114, 208, 119, 253, 255, 245, 255, 127,
       251, 253, 235, 223, 124, 199, 190, 215, 120, 249, 125, 124, 221,
       127, 47, 245, 245, 247, 111, 187, 174, 153, 13, 242, 29, 222, 93,
       56, 242, 127, 189, 251, 223, 44, 250, 124, 55, 247, 245, 63, 167,
       237, 123, 213, 253, 210, 119, 239, 207, 145, 87, 250, 253, 227,
       99, 255, 47, 211, 255, 221, 254, 246, 191, 90, 220, 253, 238, 79,
       47, 103, 190, 149, 184, 249, 125, 124, 92, 247, 174, 237, 113,
       191, 111, 184, 174, 152, 75, 242, 28, 156, 81, 44, 178, 87, 187,
       250, 87, 173, 126, 117, 253, 255, 94, 119, 187, 223, 122, 250,
       149, 245, 251, 238, 123, 132, 93, 230, 247, 58, 127, 247, 111,
       195, 247, 173, 255, 247, 127, 127, 29, 212, 105, 223, 109, 52,
       254, 94, 121, 251, 125, 115, 223, 187, 47, 213, 184, 245, 111,
       153, 190, 25, 5, 248, 61, 158, 77, 112, 246, 59, 159, 120, 215,
       36, 251, 124, 187, 255, 215, 119, 255, 223, 255, 223, 217, 223,
       255, 255, 214, 251, 221, 251, 215, 122, 127, 215, 63, 199, 119,
       207, 223, 247, 127, 86, 218, 254, 170, 223, 47, 215, 191, 214,
       124, 251, 117, 120, 93, 247, 111, 253, 60, 245, 111, 158, 190,
       153, 197, 242, 189, 156, 91, 64, 246, 115, 191, 121, 95, 165, 250,
       28, 185, 255, 245, 62, 185, 249, 120, 220, 187, 215, 255, 255,
       210, 190, 91, 254, 223, 251, 123, 239, 125, 195, 255, 173, 250,
       246, 255, 126, 103, 247, 238, 223, 254, 213, 190, 255, 251, 249,
       117, 248, 221, 255, 111, 243, 53, 247, 127, 191, 254, 137, 199,
       242, 189, 158, 93, 86, 183, 255, 255, 249, 63, 229, 255, 35, 213,
       72, 142, 31, 136, 93, 10, 231, 66, 53, 250, 173, 74, 36, 93, 226,
       118, 36, 144, 194, 54, 145, 103, 102, 150, 225, 43, 18, 58, 85,
       105, 150, 172, 158, 154, 98, 120, 43, 117, 98, 202, 44, 105, 148,
       20, 244, 79, 209, 182, 16, 4, 40, 16, 252, 43, 24, 50, 50, 57, 24,
       85, 32, 251, 44, 38, 229, 168, 16, 189, 33, 127, 165, 228, 194,
