%YAML:1.0
descriptors: !!opencv-matrix
   rows: 83
   cols: 64
   dt: u
   data: [ 126, 189, 255, 254, 54, 183, 93, 63, 247, 254, 221, 181, 127,
       255, 189, 94, 255, 247, 99, 243, 247, 127, 209, 247, 221, 238,
       230, 221, 107, 220, 252, 235, 223, 44, 71, 190, 219, 120, 249,
       125, 126, 95, 189, 47, 213, 53, 247, 111, 153, 174, 152, 79, 242,
       29, 156, 93, 24, 242, 115, 189, 123, 215, 42, 250, 125, 185, 255,
       254, 54, 127, 249, 126, 255, 252, 215, 245, 127, 251, 254, 218,
       254, 223, 123, 111, 247, 125, 195, 247, 175, 250, 246, 223, 123,
       77, 246, 235, 223, 103, 117, 190, 95, 122, 249, 125, 248, 221,
       255, 47, 253, 53, 247, 111, 159, 172, 25, 199, 240, 29, 157, 77,
       92, 246, 123, 255, 89, 95, 35, 251, 124, 61, 255, 246, 118, 111,
       127, 127, 215, 252, 223, 241, 127, 254, 178, 94, 255, 223, 115,
       103, 247, 63, 211, 119, 223, 255, 246, 207, 82, 220, 244, 233,
       199, 39, 85, 190, 211, 120, 249, 124, 120, 93, 181, 47, 221, 21,
       247, 111, 157, 172, 24, 5, 242, 29, 156, 65, 16, 242, 115, 191,
       91, 87, 33, 250, 62, 185, 255, 247, 63, 189, 249, 127, 255, 255,
       215, 249, 255, 90, 252, 223, 254, 223, 123, 123, 245, 125, 227,
       255, 173, 170, 226, 255, 126, 125, 245, 239, 223, 108, 244, 190,
       223, 123, 249, 245, 216, 223, 251, 47, 243, 55, 243, 111, 155,
       190, 27, 7, 240, 29, 159, 93, 20, 242, 127, 255, 123, 31, 166,
       255, 126, 49, 243, 150, 223, 135, 3, 107, 198, 100, 147, 52, 255,
       238, 177, 86, 242, 213, 99, 102, 223, 47, 195, 103, 94, 202, 164,
       15, 18, 156, 121, 106, 199, 46, 87, 190, 82, 120, 233, 86, 112,
       93, 20, 47, 213, 28, 229, 111, 153, 172, 24, 5, 242, 29, 156, 73,
       16, 242, 51, 185, 88, 87, 32, 250, 63, 180, 236, 255, 63, 189,
       253, 125, 253, 254, 255, 248, 253, 62, 189, 86, 251, 253, 99, 251,
       245, 119, 211, 127, 93, 255, 227, 191, 122, 253, 245, 235, 223,
       108, 215, 190, 223, 120, 249, 125, 124, 93, 127, 47, 215, 53, 247,
       111, 155, 174, 24, 13, 242, 29, 220, 93, 24, 243, 115, 189, 251,
       223, 40, 250, 253, 189, 247, 213, 250, 167, 251, 122, 254, 253,
       213, 251, 255, 251, 150, 94, 242, 245, 123, 103, 255, 45, 194,
       247, 223, 250, 242, 191, 122, 157, 118, 239, 223, 39, 116, 191,
       214, 125, 253, 124, 80, 92, 185, 47, 217, 56, 253, 111, 157, 172,
       25, 133, 240, 29, 156, 77, 120, 246, 115, 191, 216, 87, 33, 254,
       109, 175, 231, 252, 121, 191, 189, 90, 244, 252, 232, 179, 255,
       251, 191, 77, 235, 253, 35, 98, 245, 47, 210, 119, 79, 255, 181,
       175, 90, 12, 48, 235, 215, 36, 87, 186, 82, 120, 233, 116, 120,
       94, 56, 47, 213, 85, 245, 111, 153, 172, 24, 5, 240, 29, 156, 73,
       16, 242, 51, 189, 88, 87, 32, 250, 119, 185, 221, 223, 255, 155,
       95, 120, 254, 53, 149, 122, 255, 251, 182, 88, 242, 215, 56, 102,
       207, 45, 195, 127, 142, 202, 234, 63, 82, 9, 117, 111, 215, 37,
       84, 187, 82, 121, 235, 118, 112, 222, 41, 15, 209, 28, 245, 79,
       157, 172, 24, 5, 240, 29, 156, 75, 16, 246, 51, 189, 88, 87, 32,
       251, 76, 41, 199, 180, 16, 227, 161, 110, 148, 188, 214, 53, 81,
       247, 155, 98, 234, 220, 3, 99, 229, 45, 198, 51, 13, 138, 160,
       133, 80, 12, 48, 239, 119, 36, 117, 186, 82, 122, 201, 116, 208,
       84, 24, 14, 201, 5, 225, 111, 153, 172, 24, 5, 240, 29, 156, 73,
       16, 242, 51, 189, 88, 7, 32, 250, 118, 52, 241, 147, 223, 134, 15,
       9, 230, 111, 17, 50, 189, 110, 176, 84, 242, 215, 0, 98, 203, 39,
       155, 111, 94, 194, 174, 47, 18, 152, 113, 107, 71, 164, 86, 191,
       66, 120, 33, 94, 96, 72, 4, 137, 213, 28, 213, 31, 153, 172, 24,
       5, 96, 24, 156, 75, 16, 114, 51, 189, 88, 87, 32, 248, 125, 239,
       231, 252, 56, 111, 253, 127, 189, 252, 252, 187, 207, 255, 223,
       206, 235, 221, 227, 106, 245, 45, 194, 243, 95, 255, 179, 181,
       121, 14, 50, 239, 215, 38, 117, 186, 86, 120, 249, 116, 122, 94,
       56, 175, 221, 151, 245, 111, 153, 172, 24, 5, 240, 29, 157, 73,
       16, 242, 59, 189, 88, 71, 34, 250, 189, 54, 245, 167, 253, 228,
       163, 252, 244, 125, 194, 119, 237, 95, 147, 117, 234, 221, 3, 98,
       225, 39, 131, 116, 78, 216, 188, 171, 210, 14, 115, 239, 87, 36,
       85, 186, 83, 112, 233, 116, 120, 84, 24, 14, 197, 1, 247, 109,
       153, 172, 24, 5, 240, 29, 156, 73, 16, 242, 51, 189, 88, 87, 32,
       250, 55, 241, 121, 158, 55, 141, 93, 8, 231, 70, 21, 242, 189,
       106, 180, 86, 246, 214, 4, 49, 131, 54, 193, 103, 252, 150, 231,
       123, 18, 184, 213, 105, 214, 44, 28, 158, 202, 120, 227, 95, 48,
       202, 45, 105, 146, 20, 245, 15, 145, 164, 16, 5, 32, 25, 156, 73,
       24, 114, 50, 189, 120, 87, 32, 251, 108, 233, 237, 184, 18, 207,
       39, 78, 229, 198, 169, 184, 221, 175, 191, 78, 203, 85, 35, 101,
       11, 213, 194, 51, 93, 221, 189, 45, 67, 142, 50, 41, 210, 36, 85,
       186, 2, 120, 237, 124, 48, 90, 60, 47, 87, 28, 117, 238, 153, 172,
       24, 4, 240, 29, 156, 73, 24, 242, 51, 189, 88, 87, 32, 250, 186,
       186, 219, 231, 255, 177, 219, 153, 254, 91, 18, 127, 191, 74, 242,
       93, 242, 215, 60, 54, 205, 63, 139, 125, 174, 222, 123, 47, 222,
       123, 119, 63, 215, 167, 220, 183, 118, 127, 239, 117, 209, 92, 74,
       92, 217, 20, 249, 87, 221, 188, 24, 5, 240, 181, 156, 107, 16,
       242, 54, 191, 92, 95, 48, 248, 189, 254, 127, 239, 255, 253, 191,
       252, 253, 93, 252, 253, 239, 127, 254, 253, 251, 244, 127, 99,
       245, 98, 183, 124, 111, 255, 249, 187, 255, 95, 123, 255, 245,
       100, 93, 254, 86, 115, 249, 245, 127, 94, 58, 191, 213, 19, 252,
       109, 153, 189, 30, 5, 248, 29, 159, 77, 24, 246, 51, 188, 90, 87,
       34, 249, 254, 245, 253, 186, 119, 119, 95, 95, 231, 199, 189, 186,
       127, 170, 182, 95, 251, 245, 123, 109, 59, 211, 242, 60, 124, 245,
       255, 61, 83, 185, 118, 169, 192, 44, 159, 223, 194, 125, 37, 127,
       50, 203, 124, 61, 151, 28, 117, 60, 159, 172, 22, 5, 106, 57, 182,
       95, 152, 246, 121, 157, 93, 223, 56, 178, 60, 184, 255, 171, 63,
       247, 177, 254, 253, 252, 222, 245, 125, 62, 187, 236, 251, 212,
       99, 99, 245, 39, 199, 119, 77, 237, 180, 15, 82, 78, 115, 251,
       247, 36, 85, 186, 82, 122, 233, 116, 120, 92, 56, 46, 213, 20,
       241, 111, 153, 172, 24, 5, 240, 29, 156, 73, 16, 242, 51, 189, 88,
       87, 32, 250, 61, 35, 231, 116, 60, 119, 249, 126, 212, 188, 214,
       181, 97, 221, 155, 6, 155, 173, 227, 91, 244, 47, 218, 223, 153,
       123, 150, 150, 104, 213, 99, 206, 207, 58, 103, 52, 221, 184, 249,
       125, 124, 60, 179, 167, 245, 225, 183, 107, 186, 238, 169, 203,
       240, 29, 92, 84, 39, 242, 215, 219, 234, 247, 237, 94, 63, 179,
       253, 254, 63, 189, 253, 122, 247, 254, 247, 240, 237, 123, 189,
       87, 246, 254, 99, 123, 245, 118, 211, 247, 205, 190, 231, 251,
       122, 30, 245, 235, 223, 44, 215, 190, 219, 120, 249, 117, 120, 92,
       59, 47, 212, 53, 247, 111, 153, 172, 24, 5, 240, 29, 156, 73, 16,
       242, 51, 189, 88, 87, 32, 250, 197, 142, 130, 113, 201, 130, 163,
       200, 8, 251, 2, 79, 130, 201, 131, 9, 130, 93, 185, 35, 206, 13,
       202, 121, 78, 202, 26, 39, 150, 1, 35, 79, 87, 163, 124, 57, 48,
       255, 111, 38, 193, 100, 72, 94, 75, 8, 89, 147, 92, 76, 24, 181,
       213, 246, 156, 170, 81, 204, 178, 173, 196, 85, 17, 254, 255, 245,
       109, 182, 118, 191, 31, 121, 247, 95, 253, 250, 255, 123, 244,
       125, 243, 245, 103, 101, 117, 118, 177, 118, 93, 255, 189, 63,
       123, 26, 118, 169, 210, 36, 84, 186, 210, 120, 233, 244, 86, 94,
       56, 47, 209, 20, 244, 111, 153, 172, 24, 5, 240, 29, 156, 73, 24,
       242, 51, 189, 88, 87, 32, 251, 119, 49, 113, 50, 85, 162, 35, 74,
       194, 0, 209, 48, 101, 74, 128, 81, 114, 135, 3, 84, 227, 43, 129,
       71, 132, 138, 226, 141, 82, 28, 225, 232, 6, 46, 4, 190, 8, 56, 1,
       84, 8, 64, 20, 201, 65, 65, 129, 78, 152, 36, 24, 0, 96, 24, 92,
       65, 0, 50, 19, 155, 24, 23, 160, 88, 125, 63, 117, 248, 118, 255,
