%YAML:1.0
descriptors: !!opencv-matrix
   rows: 98
   cols: 64
   dt: u
   data: [ 255, 255, 255, 253, 255, 127, 255, 251, 255, 255, 255, 251,
       255, 254, 254, 253, 251, 245, 127, 111, 127, 223, 191, 60, 255,
       255, 255, 63, 223, 95, 126, 191, 240, 111, 126, 255, 210, 119,
       253, 247, 251, 223, 251, 63, 223, 191, 220, 180, 205, 189, 86,
       181, 201, 255, 135, 239, 208, 252, 105, 62, 223, 92, 50, 181, 252,
       233, 255, 253, 50, 127, 241, 255, 221, 252, 254, 189, 95, 254,
       251, 238, 187, 220, 251, 111, 63, 253, 230, 183, 255, 111, 150,
       145, 109, 223, 126, 255, 239, 67, 101, 251, 215, 255, 255, 124,
       250, 125, 247, 118, 127, 167, 67, 238, 255, 173, 239, 255, 219,
       127, 181, 92, 237, 236, 105, 235, 223, 174, 171, 246, 45, 175,
       239, 249, 59, 253, 245, 121, 189, 254, 206, 253, 217, 126, 253,
       237, 137, 125, 227, 107, 247, 127, 218, 251, 125, 255, 23, 183,
       124, 223, 63, 207, 207, 210, 223, 170, 247, 250, 251, 62, 124, 61,
       250, 231, 213, 245, 119, 107, 187, 252, 185, 77, 246, 29, 220, 84,
       55, 194, 247, 175, 219, 255, 237, 254, 35, 214, 124, 202, 63, 221,
       221, 17, 255, 255, 45, 200, 189, 127, 124, 93, 223, 246, 224, 187,
       244, 118, 91, 239, 241, 119, 245, 122, 63, 251, 223, 99, 207, 220,
       195, 36, 250, 217, 250, 123, 116, 221, 106, 173, 181, 240, 245,
       111, 177, 254, 152, 11, 182, 13, 218, 85, 62, 243, 246, 191, 243,
       219, 108, 250, 190, 250, 93, 231, 255, 249, 219, 184, 254, 123,
       222, 127, 189, 94, 232, 245, 246, 215, 29, 120, 229, 114, 139,
       124, 173, 222, 121, 127, 254, 123, 247, 255, 223, 228, 221, 222,
       119, 251, 233, 119, 209, 221, 75, 62, 213, 135, 252, 117, 143,
       255, 30, 5, 252, 165, 159, 105, 16, 246, 190, 191, 217, 31, 38,
       190, 55, 182, 113, 175, 191, 148, 159, 8, 111, 255, 57, 121, 189,
       43, 185, 85, 247, 247, 1, 114, 233, 97, 219, 120, 220, 205, 233,
       127, 90, 185, 249, 127, 119, 164, 95, 186, 114, 120, 169, 126,
       100, 78, 104, 169, 213, 16, 213, 95, 153, 172, 24, 5, 240, 21,
       156, 105, 24, 242, 51, 189, 216, 87, 32, 242, 58, 250, 124, 239,
       191, 249, 243, 56, 254, 189, 214, 253, 253, 123, 253, 252, 254,
       215, 219, 187, 245, 118, 203, 255, 169, 58, 229, 255, 127, 247,
       245, 255, 159, 236, 213, 180, 255, 91, 249, 117, 255, 223, 251,
       15, 209, 183, 243, 111, 191, 255, 141, 15, 252, 157, 219, 93, 62,
       247, 191, 255, 251, 223, 166, 223, 62, 164, 109, 170, 27, 253,
       161, 109, 213, 124, 222, 53, 125, 126, 185, 100, 219, 220, 195,
       96, 245, 114, 219, 119, 92, 252, 4, 133, 122, 223, 121, 234, 199,
       44, 71, 190, 119, 122, 233, 124, 120, 93, 84, 175, 84, 181, 247,
       111, 187, 172, 153, 13, 242, 29, 156, 89, 48, 242, 59, 189, 90,
       223, 40, 250, 57, 250, 255, 255, 126, 255, 251, 120, 255, 189,
       214, 253, 255, 123, 253, 220, 254, 255, 251, 251, 245, 127, 195,
       255, 169, 122, 245, 254, 125, 215, 245, 239, 223, 104, 199, 180,
       223, 251, 249, 125, 252, 221, 251, 55, 245, 231, 247, 111, 191,
       255, 141, 79, 246, 29, 155, 93, 118, 247, 255, 191, 251, 255, 238,
       223, 29, 178, 215, 117, 253, 177, 251, 252, 176, 189, 196, 251,
       174, 91, 131, 73, 234, 253, 187, 107, 229, 47, 206, 127, 46, 234,
       50, 183, 126, 73, 97, 255, 255, 227, 188, 178, 119, 249, 249, 117,
       89, 92, 250, 14, 217, 33, 219, 107, 184, 188, 24, 5, 240, 188,
       156, 73, 48, 242, 183, 159, 216, 87, 37, 255, 111, 36, 237, 186,
       31, 151, 15, 73, 229, 238, 184, 176, 253, 42, 180, 71, 226, 245,
       67, 115, 241, 119, 219, 127, 92, 234, 162, 63, 90, 221, 125, 239,
       215, 44, 86, 186, 82, 120, 225, 126, 116, 78, 124, 47, 215, 20,
       213, 111, 153, 172, 24, 5, 242, 29, 156, 77, 24, 242, 51, 189,
       219, 215, 40, 250, 62, 186, 239, 247, 127, 191, 219, 121, 252,
       187, 214, 249, 255, 90, 185, 85, 250, 213, 123, 123, 229, 127,
       203, 127, 45, 218, 230, 191, 94, 249, 117, 238, 215, 238, 223,
       191, 126, 251, 249, 119, 249, 93, 231, 111, 211, 5, 209, 123, 189,
       188, 152, 5, 242, 189, 157, 93, 16, 246, 179, 191, 219, 95, 32,
       255, 76, 34, 109, 240, 58, 191, 115, 121, 188, 254, 198, 180, 209,
       126, 249, 199, 194, 221, 203, 107, 229, 115, 202, 123, 13, 218,
       132, 7, 84, 79, 53, 235, 215, 6, 213, 186, 82, 122, 233, 116, 240,
       125, 120, 47, 213, 134, 229, 107, 155, 172, 24, 5, 240, 29, 159,
       73, 16, 242, 59, 189, 89, 23, 32, 250, 12, 39, 241, 184, 24, 103,
       39, 95, 165, 238, 192, 48, 81, 78, 179, 71, 203, 92, 131, 98, 225,
       33, 220, 51, 76, 137, 134, 5, 80, 12, 57, 203, 199, 6, 87, 186,
       16, 240, 97, 116, 48, 96, 60, 38, 85, 20, 197, 78, 25, 172, 24, 5,
       242, 28, 156, 73, 16, 226, 35, 189, 88, 71, 33, 242, 253, 63, 247,
       247, 255, 191, 59, 255, 238, 127, 209, 255, 255, 251, 182, 94,
       250, 245, 123, 103, 125, 135, 211, 117, 94, 250, 188, 47, 210, 28,
       114, 171, 215, 37, 85, 191, 82, 124, 237, 124, 120, 92, 56, 191,
       217, 28, 253, 191, 157, 172, 24, 5, 240, 61, 156, 73, 80, 254, 51,
       189, 88, 87, 32, 250, 222, 57, 155, 245, 118, 35, 122, 247, 80,
       171, 211, 150, 211, 192, 147, 90, 188, 201, 123, 207, 143, 173,
       199, 155, 143, 74, 246, 223, 64, 165, 180, 238, 119, 53, 52, 191,
       95, 124, 224, 87, 88, 72, 177, 110, 235, 13, 131, 127, 223, 174,
       24, 215, 240, 124, 60, 73, 193, 251, 51, 251, 125, 54, 81, 246,
       62, 180, 125, 170, 63, 255, 179, 125, 247, 94, 222, 53, 253, 126,
       189, 117, 255, 255, 67, 242, 245, 115, 211, 247, 253, 252, 228,
       205, 126, 222, 255, 235, 207, 44, 215, 190, 255, 122, 233, 124,
       120, 93, 86, 47, 85, 245, 247, 111, 187, 172, 153, 13, 242, 29,
       220, 89, 52, 242, 63, 189, 90, 223, 108, 250, 193, 11, 131, 215,
       216, 130, 203, 202, 138, 233, 3, 223, 131, 195, 131, 10, 34, 85,
       184, 39, 142, 173, 202, 107, 79, 202, 186, 39, 146, 9, 50, 79,
       119, 167, 124, 27, 16, 253, 255, 150, 65, 100, 168, 122, 171, 28,
       89, 179, 93, 140, 56, 245, 213, 250, 188, 234, 81, 124, 48, 47,
       76, 85, 17, 254, 157, 186, 215, 229, 253, 185, 243, 248, 248, 125,
       214, 127, 239, 123, 200, 73, 226, 205, 189, 107, 229, 109, 138,
       251, 175, 186, 115, 247, 252, 75, 99, 255, 223, 99, 92, 186, 119,
       251, 249, 245, 221, 92, 219, 22, 233, 131, 251, 111, 136, 181, 29,
       133, 240, 191, 159, 77, 116, 246, 183, 143, 216, 95, 37, 255, 62,
       190, 125, 246, 63, 253, 241, 123, 255, 244, 223, 245, 125, 126,
       252, 244, 255, 254, 67, 251, 245, 118, 209, 247, 253, 254, 228,
       223, 126, 223, 253, 235, 223, 108, 71, 190, 223, 122, 249, 125,
       92, 93, 125, 47, 213, 53, 247, 111, 185, 172, 153, 13, 242, 29,
       156, 89, 48, 242, 51, 189, 251, 223, 44, 250, 126, 59, 255, 253,
       254, 255, 251, 97, 207, 246, 215, 62, 253, 246, 251, 246, 251,
       213, 123, 110, 255, 125, 211, 247, 223, 254, 246, 253, 102, 254,
       255, 170, 199, 44, 71, 191, 222, 123, 249, 95, 60, 93, 245, 111,
       245, 172, 245, 63, 159, 172, 153, 207, 242, 29, 156, 89, 64, 246,
       123, 249, 123, 159, 104, 246, 247, 183, 81, 247, 253, 162, 123,
       72, 206, 105, 209, 123, 167, 75, 132, 85, 242, 215, 29, 103, 207,
       47, 194, 127, 76, 218, 227, 47, 82, 40, 113, 47, 87, 37, 124, 191,
       82, 121, 225, 247, 81, 74, 57, 79, 225, 28, 217, 31, 153, 164, 24,
       5, 224, 60, 156, 105, 16, 242, 51, 191, 88, 87, 48, 251, 251, 220,
       255, 237, 255, 255, 223, 152, 191, 255, 253, 251, 175, 253, 118,
       253, 253, 247, 126, 255, 126, 223, 190, 124, 239, 255, 127, 127,
       255, 115, 255, 191, 211, 237, 223, 95, 254, 245, 252, 247, 123,
       220, 235, 255, 223, 27, 252, 181, 237, 223, 86, 181, 237, 247,
       142, 239, 217, 252, 244, 63, 247, 221, 156, 190, 61, 186, 255,
       127, 63, 255, 249, 126, 255, 189, 213, 251, 255, 251, 190, 95,
       251, 255, 251, 123, 245, 127, 195, 255, 171, 123, 245, 255, 126,
