%YAML:1.0
descriptors: !!opencv-matrix
   rows: 64
   cols: 64
   dt: u
   data: [ 59, 254, 124, 239, 191, 253, 253, 57, 255, 255, 253, 251, 253,
       127, 124, 93, 253, 255, 239, 251, 245, 118, 219, 255, 245, 127,
       247, 255, 127, 247, 255, 231, 223, 248, 223, 52, 255, 249, 248,
       127, 127, 223, 251, 237, 245, 241, 247, 127, 187, 255, 153, 79,
       252, 133, 218, 125, 62, 247, 247, 191, 243, 251, 236, 222, 253,
       254, 247, 255, 250, 239, 239, 255, 221, 253, 250, 255, 255, 254,
       219, 236, 251, 221, 127, 111, 125, 141, 175, 189, 95, 255, 191,
       175, 215, 95, 114, 191, 225, 39, 117, 251, 87, 247, 237, 254, 251,
       92, 120, 190, 221, 31, 255, 181, 141, 173, 94, 181, 241, 191, 157,
       73, 208, 252, 33, 189, 94, 87, 48, 252, 255, 250, 127, 231, 255,
       253, 223, 216, 254, 255, 253, 251, 255, 123, 246, 253, 247, 247,
       63, 127, 237, 253, 175, 124, 239, 223, 251, 127, 255, 123, 247,
       191, 243, 229, 220, 223, 114, 127, 253, 247, 211, 222, 123, 63,
       211, 30, 220, 53, 141, 189, 22, 37, 248, 183, 159, 111, 80, 254,
       49, 159, 220, 95, 50, 189, 255, 250, 127, 255, 255, 181, 223, 152,
       255, 255, 185, 250, 239, 107, 246, 93, 247, 247, 62, 251, 207,
       119, 147, 124, 237, 223, 251, 127, 223, 59, 247, 63, 215, 253,
       222, 223, 218, 125, 249, 247, 118, 94, 105, 125, 247, 28, 253, 63,
       157, 191, 16, 7, 248, 181, 156, 105, 16, 247, 49, 191, 252, 95,
       48, 187, 255, 250, 239, 255, 255, 255, 251, 248, 253, 253, 254,
       255, 255, 255, 255, 253, 251, 221, 127, 127, 125, 207, 175, 124,
       111, 255, 189, 191, 255, 95, 114, 191, 247, 109, 85, 251, 83, 127,
       253, 244, 250, 92, 122, 63, 221, 159, 255, 181, 157, 173, 30, 5,
       249, 191, 159, 73, 80, 244, 51, 189, 92, 87, 48, 250, 253, 249,
       255, 253, 242, 247, 255, 252, 253, 255, 253, 251, 223, 234, 247,
       254, 235, 213, 63, 111, 47, 253, 230, 58, 111, 255, 187, 63, 223,
       111, 118, 191, 247, 231, 124, 219, 82, 253, 255, 247, 115, 126,
       253, 127, 255, 30, 89, 183, 205, 189, 118, 245, 217, 255, 180,
       238, 208, 252, 113, 111, 221, 125, 177, 191, 228, 47, 247, 245,
       241, 198, 255, 239, 172, 235, 195, 251, 227, 239, 147, 78, 235,
       213, 63, 111, 15, 175, 230, 127, 79, 223, 191, 47, 210, 10, 50,
       62, 87, 39, 117, 251, 82, 125, 255, 86, 112, 104, 184, 127, 207,
       28, 125, 183, 221, 172, 24, 181, 241, 126, 156, 203, 80, 252, 49,
       191, 92, 85, 49, 250, 236, 239, 247, 253, 248, 127, 231, 247, 189,
       253, 110, 219, 223, 253, 251, 238, 171, 221, 255, 111, 127, 141,
       238, 187, 95, 127, 159, 182, 253, 199, 58, 223, 243, 103, 117,
       251, 85, 255, 253, 116, 255, 125, 250, 55, 255, 175, 127, 243,
       141, 173, 126, 245, 209, 127, 159, 76, 208, 252, 97, 255, 95, 71,
       33, 254, 255, 253, 239, 255, 255, 183, 95, 216, 255, 127, 249,
       250, 191, 235, 246, 93, 251, 245, 61, 127, 111, 223, 179, 124,
       110, 255, 187, 63, 255, 91, 118, 191, 210, 103, 158, 251, 66, 125,
       245, 247, 118, 202, 250, 127, 219, 28, 253, 149, 205, 173, 22,
       133, 233, 255, 142, 239, 216, 252, 113, 159, 220, 215, 48, 187,
       220, 251, 255, 125, 48, 119, 252, 247, 217, 190, 254, 159, 87,
       245, 219, 234, 189, 201, 251, 111, 255, 253, 102, 155, 251, 111,
       183, 246, 109, 199, 246, 254, 255, 27, 101, 109, 223, 191, 252,
       117, 122, 60, 243, 118, 255, 183, 55, 235, 255, 235, 239, 243,
       209, 127, 28, 92, 199, 223, 95, 251, 255, 115, 203, 254, 247, 252,
       235, 171, 255, 176, 159, 136, 255, 255, 184, 251, 175, 11, 230,
       93, 251, 247, 60, 51, 237, 87, 155, 125, 103, 215, 123, 63, 223,
       123, 103, 127, 215, 237, 223, 247, 250, 253, 237, 119, 99, 94,
       106, 249, 215, 89, 252, 49, 221, 191, 24, 5, 252, 165, 252, 235,
       80, 182, 182, 189, 222, 221, 56, 191, 204, 235, 239, 249, 240,
       255, 243, 247, 61, 245, 238, 223, 211, 244, 255, 238, 139, 221,
       255, 111, 62, 157, 238, 179, 95, 127, 159, 166, 237, 199, 62, 159,
       215, 3, 117, 251, 85, 255, 253, 62, 248, 61, 248, 55, 255, 191,
       127, 179, 157, 173, 61, 245, 211, 127, 157, 76, 80, 236, 113, 239,
       93, 87, 49, 254, 253, 57, 255, 247, 127, 183, 251, 250, 222, 255,
       213, 255, 255, 218, 179, 95, 246, 223, 99, 99, 239, 47, 195, 119,
       205, 234, 246, 255, 82, 12, 247, 235, 215, 36, 85, 190, 83, 120,
       233, 117, 120, 92, 57, 47, 209, 21, 243, 111, 153, 172, 24, 5,
       240, 29, 156, 73, 16, 242, 51, 189, 88, 87, 32, 250, 253, 183,
       245, 247, 255, 175, 191, 249, 252, 125, 215, 123, 253, 127, 178,
       85, 250, 253, 99, 98, 253, 47, 211, 246, 220, 254, 245, 191, 210,
       30, 119, 235, 223, 36, 85, 190, 83, 120, 233, 124, 120, 92, 56,
       47, 213, 53, 247, 111, 153, 172, 24, 5, 240, 29, 156, 73, 16, 242,
       51, 189, 88, 87, 32, 250, 63, 191, 253, 246, 63, 191, 191, 89,
       255, 124, 134, 243, 189, 127, 188, 85, 255, 247, 99, 115, 245,
       103, 211, 119, 213, 254, 245, 127, 122, 218, 247, 235, 223, 44,
       87, 190, 211, 120, 233, 124, 124, 93, 58, 175, 213, 117, 245, 111,
       185, 172, 24, 13, 240, 29, 156, 73, 48, 242, 51, 189, 90, 87, 40,
       250, 190, 244, 89, 175, 63, 220, 159, 13, 255, 247, 53, 248, 191,
       58, 182, 93, 255, 247, 52, 113, 197, 115, 251, 124, 253, 215, 249,
       127, 83, 251, 247, 111, 151, 172, 87, 190, 242, 121, 233, 119,
       112, 223, 109, 41, 213, 20, 245, 111, 153, 172, 24, 5, 244, 21,
       188, 105, 16, 242, 51, 189, 217, 95, 32, 254, 217, 137, 142, 125,
       38, 115, 248, 182, 25, 185, 213, 205, 90, 244, 11, 138, 29, 139,
       250, 159, 246, 125, 103, 219, 179, 107, 210, 246, 109, 245, 230,
       230, 223, 59, 225, 101, 255, 141, 250, 105, 120, 61, 247, 111,
       255, 53, 183, 107, 255, 202, 171, 223, 245, 109, 120, 212, 119,
       223, 255, 243, 179, 251, 205, 206, 109, 46, 231, 169, 216, 253,
       163, 253, 189, 252, 202, 53, 209, 63, 251, 228, 203, 221, 203, 96,
       253, 1, 222, 240, 93, 237, 28, 167, 252, 206, 59, 207, 253, 103,
       85, 186, 85, 242, 109, 60, 253, 85, 24, 166, 69, 167, 127, 225,
       153, 44, 92, 44, 243, 29, 141, 73, 16, 236, 35, 172, 74, 71, 32,
       250, 45, 54, 109, 160, 31, 191, 37, 123, 244, 86, 214, 48, 125,
       63, 185, 69, 242, 252, 67, 96, 241, 114, 208, 247, 92, 168, 164,
       141, 122, 220, 113, 233, 223, 44, 215, 190, 82, 120, 169, 124,
       124, 85, 24, 15, 212, 117, 245, 79, 153, 172, 152, 13, 242, 29,
       156, 89, 48, 242, 51, 189, 90, 215, 44, 250, 29, 191, 255, 116,
       60, 53, 253, 114, 240, 188, 199, 243, 206, 117, 130, 75, 176, 232,
       227, 235, 245, 124, 80, 215, 209, 62, 215, 242, 108, 116, 229,
       227, 223, 88, 193, 172, 221, 56, 248, 125, 124, 61, 187, 167, 244,
       97, 247, 111, 186, 238, 137, 79, 240, 29, 90, 93, 63, 211, 87,
       151, 250, 243, 237, 218, 63, 180, 121, 182, 31, 142, 31, 9, 230,
       98, 149, 242, 189, 106, 164, 85, 246, 247, 4, 241, 193, 54, 209,
       103, 196, 146, 225, 79, 82, 57, 213, 105, 151, 172, 86, 190, 74,
       120, 161, 118, 64, 219, 60, 41, 209, 20, 245, 79, 153, 172, 24, 5,
       240, 29, 156, 73, 16, 242, 51, 189, 88, 87, 32, 251, 191, 252,
       255, 175, 127, 127, 221, 254, 255, 253, 252, 249, 127, 62, 182,
       221, 251, 212, 115, 97, 245, 87, 231, 117, 111, 255, 249, 63, 255,
       91, 119, 235, 213, 36, 21, 254, 82, 113, 233, 116, 114, 223, 120,
       47, 213, 20, 245, 109, 153, 172, 30, 5, 240, 29, 156, 73, 16, 242,
       51, 189, 88, 87, 34, 251, 45, 38, 229, 162, 93, 34, 161, 90, 244,
       124, 198, 115, 239, 123, 130, 69, 226, 253, 163, 96, 225, 7, 203,
       119, 70, 168, 16, 135, 122, 12, 33, 239, 223, 36, 84, 186, 83,
       120, 41, 116, 92, 84, 26, 15, 193, 17, 247, 79, 153, 172, 24, 5,
       240, 29, 156, 73, 16, 242, 51, 189, 88, 87, 36, 250, 246, 49, 255,
       151, 83, 135, 95, 239, 231, 199, 149, 186, 255, 238, 182, 94, 251,
       213, 114, 103, 31, 167, 227, 39, 94, 203, 188, 45, 82, 156, 114,
