%YAML:1.0
descriptors: !!opencv-matrix
   rows: 85
   cols: 64
   dt: u
   data: [ 62, 180, 253, 190, 63, 245, 189, 125, 246, 254, 214, 245, 253,
       126, 187, 85, 255, 222, 99, 115, 245, 119, 211, 247, 205, 255,
       244, 255, 90, 92, 245, 235, 223, 44, 87, 190, 91, 120, 233, 116,
       120, 93, 58, 47, 213, 53, 247, 111, 153, 172, 24, 5, 240, 29, 156,
       73, 16, 242, 51, 189, 88, 87, 32, 250, 61, 190, 253, 254, 62, 125,
       253, 127, 247, 252, 222, 245, 125, 126, 187, 244, 255, 254, 227,
       98, 245, 122, 213, 247, 221, 239, 228, 219, 126, 221, 245, 239,
       207, 44, 87, 190, 215, 120, 249, 124, 120, 93, 123, 175, 212, 181,
       247, 111, 185, 172, 153, 13, 240, 29, 156, 73, 48, 242, 115, 189,
       218, 87, 40, 250, 63, 179, 109, 254, 63, 53, 157, 62, 119, 254,
       252, 241, 125, 123, 52, 119, 244, 254, 65, 243, 245, 112, 193,
       115, 205, 171, 224, 219, 123, 92, 245, 235, 247, 36, 84, 186, 91,
       120, 225, 245, 114, 95, 58, 47, 208, 23, 211, 111, 153, 172, 24,
       5, 240, 29, 157, 73, 16, 242, 51, 189, 88, 86, 32, 249, 60, 50,
       247, 246, 62, 103, 249, 127, 212, 254, 208, 53, 109, 78, 147, 86,
       250, 212, 195, 114, 245, 42, 197, 191, 156, 170, 230, 155, 90,
       221, 245, 238, 111, 44, 5, 190, 222, 56, 225, 117, 88, 76, 211,
       142, 192, 33, 131, 111, 187, 172, 25, 1, 240, 28, 156, 81, 4, 242,
       119, 155, 250, 7, 32, 246, 55, 244, 125, 135, 255, 151, 159, 121,
       246, 103, 181, 250, 253, 123, 180, 85, 242, 213, 6, 115, 209, 99,
       195, 118, 204, 250, 225, 63, 82, 28, 113, 107, 215, 36, 20, 190,
       82, 120, 161, 116, 112, 74, 56, 15, 209, 20, 213, 79, 153, 172,
       24, 5, 240, 29, 156, 73, 16, 242, 51, 157, 88, 87, 32, 251, 190,
       58, 127, 135, 255, 183, 155, 249, 254, 245, 247, 119, 253, 122,
       251, 116, 242, 213, 95, 98, 213, 55, 135, 116, 173, 234, 252, 63,
       214, 219, 119, 255, 247, 36, 85, 254, 82, 123, 233, 244, 209, 93,
       88, 30, 193, 6, 208, 109, 157, 172, 24, 5, 240, 29, 156, 73, 16,
       242, 51, 188, 88, 31, 32, 248, 29, 255, 247, 252, 56, 190, 252,
       114, 121, 252, 233, 251, 206, 241, 204, 11, 171, 233, 171, 107,
       247, 109, 67, 243, 207, 127, 243, 255, 109, 38, 224, 231, 223,
       114, 117, 186, 217, 252, 249, 125, 126, 126, 187, 231, 253, 17,
       247, 111, 153, 174, 8, 87, 240, 29, 156, 77, 31, 247, 83, 183, 88,
       119, 227, 251, 58, 57, 187, 119, 39, 231, 217, 175, 214, 168, 215,
       247, 247, 206, 19, 94, 124, 155, 98, 211, 246, 63, 199, 215, 185,
       250, 246, 222, 66, 243, 231, 254, 143, 56, 35, 52, 255, 8, 250,
       125, 120, 93, 247, 234, 255, 117, 179, 111, 187, 170, 137, 203,
       246, 29, 124, 81, 103, 179, 247, 251, 187, 191, 233, 78, 247, 252,
       247, 143, 254, 207, 147, 237, 255, 85, 158, 255, 253, 127, 255,
       252, 243, 247, 91, 100, 245, 71, 155, 116, 255, 236, 124, 63, 255,
       155, 91, 239, 181, 109, 71, 222, 210, 115, 253, 254, 215, 93, 8,
       190, 213, 26, 252, 37, 157, 44, 153, 9, 240, 31, 156, 79, 120,
       244, 50, 188, 218, 79, 42, 249, 60, 182, 253, 174, 63, 253, 185,
       127, 244, 254, 214, 245, 125, 62, 185, 70, 250, 220, 67, 99, 245,
       32, 209, 247, 93, 168, 160, 139, 82, 220, 113, 235, 207, 36, 85,
       186, 83, 122, 233, 124, 248, 92, 56, 47, 212, 53, 247, 111, 153,
       172, 24, 5, 240, 29, 156, 73, 16, 242, 51, 189, 88, 87, 32, 250,
       126, 49, 251, 182, 87, 39, 123, 110, 214, 196, 213, 53, 127, 138,
       144, 118, 242, 213, 31, 103, 35, 143, 225, 55, 14, 138, 238, 13,
       82, 8, 116, 169, 114, 39, 52, 191, 66, 126, 5, 212, 210, 194, 157,
       10, 202, 30, 65, 206, 221, 36, 91, 133, 120, 60, 157, 73, 80, 246,
       51, 216, 89, 22, 50, 249, 242, 241, 216, 158, 119, 67, 95, 13,
       199, 99, 53, 250, 191, 138, 38, 94, 255, 151, 52, 213, 11, 179,
       243, 46, 212, 215, 251, 127, 147, 185, 214, 41, 135, 172, 22, 223,
       202, 125, 227, 119, 114, 203, 101, 105, 151, 28, 181, 60, 213,
       166, 18, 5, 96, 24, 244, 243, 144, 179, 48, 57, 61, 85, 58, 251,
       77, 47, 231, 249, 16, 119, 161, 247, 177, 252, 194, 53, 81, 245,
       187, 227, 139, 76, 195, 106, 245, 169, 78, 179, 77, 105, 148, 132,
       72, 70, 59, 219, 255, 2, 117, 186, 20, 250, 205, 52, 252, 52, 58,
       38, 101, 167, 67, 234, 24, 44, 60, 21, 211, 29, 156, 72, 4, 234,
       3, 173, 72, 71, 33, 242, 254, 249, 237, 142, 119, 95, 95, 14, 255,
       68, 157, 252, 63, 190, 254, 223, 251, 213, 58, 117, 7, 211, 227,
       38, 111, 215, 249, 61, 243, 250, 94, 41, 148, 109, 23, 223, 66,
       113, 253, 116, 50, 223, 60, 47, 213, 28, 245, 44, 149, 164, 94, 5,
       232, 29, 150, 79, 152, 246, 57, 189, 89, 95, 50, 250, 236, 109,
       239, 249, 54, 55, 117, 255, 253, 255, 244, 186, 127, 186, 255,
       206, 203, 213, 127, 111, 125, 247, 228, 55, 77, 255, 183, 183,
       123, 93, 54, 251, 242, 38, 84, 250, 82, 120, 241, 116, 122, 95,
       56, 63, 215, 52, 81, 110, 159, 173, 30, 5, 248, 29, 157, 77, 16,
       242, 51, 189, 89, 86, 32, 251, 141, 190, 54, 97, 184, 241, 162,
       240, 56, 185, 194, 103, 192, 85, 203, 33, 9, 169, 231, 154, 245,
       100, 31, 218, 225, 127, 85, 242, 236, 71, 163, 214, 223, 218, 203,
       36, 253, 152, 248, 33, 125, 52, 234, 182, 245, 225, 183, 99, 186,
       223, 137, 107, 246, 141, 216, 81, 39, 211, 215, 167, 226, 251,
       237, 94, 109, 127, 239, 248, 119, 63, 127, 126, 181, 254, 248,
       177, 79, 201, 253, 239, 145, 253, 251, 111, 255, 255, 244, 191,
       95, 239, 167, 149, 89, 84, 124, 217, 106, 42, 214, 191, 214, 62,
       213, 253, 254, 110, 186, 191, 214, 227, 195, 222, 190, 173, 30, 9,
       227, 189, 159, 84, 184, 166, 127, 159, 255, 214, 175, 177, 124,
       187, 255, 253, 122, 119, 251, 255, 253, 252, 254, 189, 125, 254,
       251, 238, 251, 213, 251, 111, 253, 251, 230, 63, 125, 235, 190,
       191, 127, 223, 127, 255, 247, 101, 117, 251, 214, 115, 249, 124,
       251, 93, 249, 62, 221, 134, 217, 111, 157, 173, 95, 5, 242, 31,
       157, 77, 80, 246, 59, 253, 91, 78, 34, 254, 68, 35, 81, 149, 209,
       128, 175, 232, 140, 137, 131, 55, 129, 79, 219, 66, 234, 213, 3,
       102, 77, 167, 130, 114, 77, 222, 181, 45, 210, 10, 50, 56, 82, 36,
       85, 186, 82, 120, 201, 84, 112, 84, 56, 46, 197, 4, 193, 110, 153,
       172, 24, 1, 240, 29, 156, 73, 16, 242, 51, 189, 88, 87, 32, 250,
       63, 254, 125, 239, 250, 252, 247, 76, 255, 117, 255, 252, 253,
       127, 255, 244, 251, 181, 154, 122, 245, 113, 127, 124, 253, 239,
       109, 191, 239, 255, 95, 239, 151, 205, 199, 158, 254, 243, 249,
       127, 239, 223, 233, 245, 245, 203, 253, 35, 191, 255, 143, 111,
       246, 181, 223, 127, 124, 254, 222, 173, 250, 223, 126, 220, 251,
       253, 255, 255, 255, 255, 223, 191, 255, 253, 253, 251, 255, 254,
       254, 254, 251, 215, 127, 127, 255, 191, 231, 63, 255, 255, 255,
       63, 255, 251, 254, 255, 243, 109, 53, 255, 222, 127, 249, 253,
       123, 223, 253, 63, 223, 191, 253, 127, 141, 167, 94, 133, 248, 31,
       159, 77, 208, 246, 123, 253, 127, 95, 34, 254, 191, 245, 125, 238,
       55, 61, 221, 10, 247, 94, 253, 250, 61, 123, 244, 93, 246, 246,
       38, 243, 103, 114, 145, 118, 237, 159, 231, 121, 127, 122, 244,
       185, 210, 108, 222, 158, 218, 120, 249, 253, 118, 223, 61, 45,
       208, 20, 244, 110, 153, 175, 16, 5, 248, 29, 159, 77, 24, 242, 51,
       189, 120, 223, 34, 187, 254, 253, 251, 255, 251, 235, 126, 205,
       235, 99, 205, 250, 247, 230, 238, 220, 251, 179, 59, 87, 191, 253,
       91, 223, 247, 223, 251, 255, 195, 253, 238, 166, 143, 207, 79,
       223, 169, 253, 253, 127, 40, 223, 245, 225, 255, 93, 191, 183,
       223, 238, 168, 255, 103, 245, 117, 243, 92, 255, 213, 171, 191,
       251, 249, 78, 122, 252, 253, 239, 254, 255, 255, 45, 255, 253, 93,
       253, 191, 63, 252, 222, 255, 215, 127, 121, 253, 115, 255, 125,
       253, 255, 237, 255, 127, 251, 253, 239, 149, 237, 55, 255, 255,
       249, 253, 127, 127, 223, 239, 47, 213, 29, 253, 111, 191, 239,
