%YAML:1.0
descriptors: !!opencv-matrix
   rows: 70
   cols: 64
   dt: u
   data: [ 124, 47, 231, 252, 120, 111, 37, 127, 220, 252, 218, 53, 83,
       254, 155, 206, 235, 221, 227, 98, 245, 45, 198, 179, 95, 255, 180,
       133, 82, 142, 50, 203, 215, 38, 85, 186, 85, 122, 233, 116, 120,
       92, 56, 47, 205, 21, 247, 111, 153, 172, 25, 5, 240, 29, 156, 73,
       0, 242, 51, 189, 88, 71, 32, 250, 63, 246, 125, 253, 190, 189,
       191, 120, 253, 255, 252, 251, 237, 123, 253, 85, 243, 253, 99,
       107, 245, 102, 211, 254, 205, 255, 245, 255, 126, 95, 247, 239,
       215, 108, 213, 190, 95, 120, 249, 117, 124, 92, 58, 47, 213, 53,
       247, 111, 153, 172, 24, 5, 240, 29, 156, 73, 16, 242, 51, 189, 90,
       87, 32, 250, 63, 182, 117, 134, 63, 127, 159, 121, 246, 220, 255,
       113, 125, 127, 185, 117, 251, 212, 99, 99, 213, 34, 193, 118, 205,
       255, 245, 43, 82, 30, 115, 107, 215, 36, 85, 190, 82, 120, 233,
       116, 112, 92, 56, 47, 213, 20, 245, 111, 153, 172, 24, 5, 240, 29,
       156, 73, 16, 242, 51, 189, 88, 87, 32, 250, 55, 181, 121, 150, 31,
       140, 23, 8, 230, 68, 29, 240, 189, 110, 180, 85, 247, 246, 0, 113,
       195, 34, 209, 102, 204, 150, 229, 111, 18, 58, 209, 105, 151, 44,
       85, 190, 74, 120, 233, 124, 112, 88, 56, 41, 212, 20, 245, 111,
       145, 172, 24, 5, 240, 29, 156, 73, 16, 242, 51, 189, 88, 87, 32,
       250, 110, 233, 237, 186, 86, 191, 55, 75, 237, 70, 253, 186, 255,
       171, 252, 79, 219, 245, 123, 109, 57, 213, 210, 53, 93, 253, 189,
       45, 115, 154, 50, 169, 210, 36, 87, 187, 66, 121, 229, 124, 50,
       219, 60, 47, 87, 28, 116, 164, 157, 172, 16, 4, 232, 29, 158, 93,
       24, 246, 57, 189, 89, 215, 40, 250, 254, 121, 251, 247, 247, 55,
       219, 250, 222, 239, 245, 250, 255, 138, 242, 126, 242, 213, 63,
       127, 47, 151, 231, 60, 175, 139, 251, 47, 211, 121, 118, 187, 114,
       45, 156, 223, 94, 125, 165, 215, 210, 203, 245, 92, 211, 14, 192,
       60, 223, 173, 22, 133, 122, 191, 181, 113, 208, 178, 57, 218, 93,
       30, 48, 189, 5, 50, 80, 33, 216, 160, 162, 84, 56, 57, 66, 117,
       192, 7, 137, 17, 106, 203, 137, 64, 233, 1, 14, 216, 192, 72, 104,
       231, 204, 5, 161, 71, 117, 195, 93, 33, 53, 146, 45, 38, 237, 20,
       74, 2, 101, 129, 90, 209, 184, 116, 104, 48, 245, 228, 9, 233, 70,
       140, 135, 164, 200, 67, 113, 100, 63, 251, 253, 254, 55, 189, 253,
       122, 247, 254, 245, 251, 253, 123, 189, 95, 246, 255, 99, 251,
       245, 118, 211, 247, 205, 191, 231, 255, 122, 95, 245, 235, 223,
       44, 215, 190, 219, 120, 249, 117, 120, 94, 59, 47, 212, 53, 247,
       111, 153, 172, 24, 5, 240, 29, 156, 77, 16, 242, 51, 191, 120,
       215, 32, 250, 54, 241, 88, 158, 63, 140, 95, 9, 247, 100, 61, 248,
       189, 106, 180, 86, 246, 214, 0, 179, 199, 50, 195, 103, 236, 130,
       225, 127, 83, 185, 213, 105, 151, 44, 20, 190, 106, 120, 235, 116,
       114, 223, 44, 105, 148, 20, 245, 111, 145, 172, 24, 5, 240, 25,
       156, 73, 16, 242, 50, 189, 88, 87, 34, 251, 11, 156, 154, 111,
       175, 249, 250, 28, 57, 187, 198, 237, 172, 76, 107, 177, 237, 191,
       161, 147, 228, 47, 91, 223, 225, 106, 98, 246, 92, 103, 239, 230,
       223, 248, 219, 52, 127, 171, 232, 115, 249, 92, 106, 47, 213, 119,
       191, 123, 185, 222, 24, 7, 244, 133, 221, 65, 23, 147, 183, 175,
       178, 123, 164, 94, 152, 217, 158, 125, 34, 121, 252, 183, 59, 155,
       125, 201, 94, 240, 108, 186, 189, 218, 188, 235, 6, 252, 101, 187,
       233, 79, 231, 250, 109, 103, 254, 242, 242, 114, 56, 100, 255,
       127, 250, 241, 219, 191, 251, 127, 186, 183, 211, 110, 237, 203,
       110, 215, 248, 79, 179, 76, 151, 215, 123, 255, 117, 120, 195,
       187, 124, 243, 125, 252, 118, 255, 63, 127, 245, 126, 248, 185,
       125, 47, 253, 223, 251, 245, 107, 108, 245, 115, 208, 63, 205,
       253, 175, 157, 95, 220, 125, 233, 213, 100, 223, 191, 86, 116,
       249, 117, 126, 78, 58, 47, 87, 183, 245, 126, 157, 172, 28, 5,
       226, 29, 159, 93, 152, 246, 59, 189, 91, 71, 34, 178, 62, 188,
       255, 174, 54, 127, 189, 127, 245, 252, 223, 181, 125, 62, 191,
       254, 255, 254, 227, 249, 241, 83, 247, 183, 253, 253, 244, 219,
       123, 247, 255, 235, 205, 60, 103, 190, 255, 120, 233, 125, 120,
       221, 119, 175, 247, 53, 247, 111, 187, 174, 155, 15, 242, 29, 156,
       93, 54, 243, 63, 253, 123, 223, 44, 250, 255, 249, 109, 190, 55,
       63, 63, 122, 245, 93, 253, 251, 255, 123, 244, 78, 243, 213, 103,
       101, 245, 38, 161, 119, 77, 255, 181, 63, 123, 30, 114, 233, 210,
       44, 84, 190, 82, 120, 233, 244, 122, 222, 56, 47, 209, 52, 244,
       111, 153, 172, 24, 5, 240, 29, 156, 73, 16, 242, 51, 189, 88, 87,
       32, 251, 253, 254, 127, 203, 254, 183, 191, 249, 251, 255, 250,
       255, 253, 118, 251, 253, 243, 247, 219, 106, 253, 245, 95, 252,
       221, 236, 255, 255, 255, 91, 255, 255, 255, 237, 223, 255, 222,
       251, 253, 247, 254, 95, 111, 62, 215, 167, 209, 117, 190, 173, 28,
       7, 242, 189, 157, 93, 84, 254, 147, 188, 223, 222, 106, 244, 136,
       200, 158, 127, 41, 65, 252, 134, 57, 184, 44, 205, 22, 101, 107,
       171, 45, 170, 161, 147, 197, 40, 109, 155, 225, 79, 243, 242, 73,
       231, 167, 246, 255, 146, 99, 100, 63, 128, 248, 234, 123, 60, 110,
       102, 254, 119, 183, 107, 185, 202, 110, 87, 244, 13, 88, 201, 159,
       211, 135, 165, 176, 115, 195, 78, 102, 239, 109, 170, 211, 222, 7,
       9, 239, 70, 9, 186, 189, 175, 253, 93, 219, 51, 123, 244, 27, 215,
       19, 100, 214, 213, 125, 45, 163, 154, 90, 128, 130, 79, 71, 159,
       136, 121, 125, 126, 36, 219, 60, 169, 85, 220, 116, 180, 213, 172,
       144, 40, 35, 113, 102, 191, 88, 236, 88, 53, 26, 209, 122, 34,
       124, 255, 111, 249, 126, 255, 183, 127, 253, 220, 254, 253, 125,
       127, 253, 237, 251, 245, 123, 110, 245, 115, 180, 119, 93, 255,
       189, 189, 127, 94, 127, 251, 215, 100, 87, 186, 86, 114, 249, 116,
       124, 93, 58, 63, 213, 167, 245, 110, 153, 173, 28, 13, 240, 29,
       159, 77, 16, 246, 51, 189, 90, 87, 36, 250, 186, 223, 126, 253,
       190, 253, 255, 49, 191, 255, 253, 219, 223, 125, 124, 252, 245,
       255, 127, 251, 254, 126, 179, 127, 253, 255, 231, 254, 127, 247,
       255, 255, 247, 252, 94, 124, 255, 123, 248, 253, 95, 223, 255,
       127, 213, 55, 255, 127, 191, 191, 158, 79, 250, 157, 159, 93, 57,
       247, 115, 191, 251, 255, 42, 255, 77, 50, 85, 32, 217, 162, 163,
       124, 196, 4, 194, 53, 97, 27, 129, 65, 98, 221, 155, 100, 97, 3,
       173, 52, 14, 136, 8, 141, 214, 12, 57, 153, 116, 37, 20, 155, 16,
       114, 5, 212, 157, 66, 24, 6, 65, 139, 74, 196, 12, 52, 95, 4, 113,
       124, 133, 73, 192, 172, 43, 140, 72, 6, 54, 241, 109, 239, 247,
       249, 121, 255, 237, 203, 253, 255, 226, 251, 255, 251, 235, 79,
       235, 189, 251, 111, 255, 111, 219, 127, 87, 255, 243, 183, 126,
       222, 98, 219, 207, 71, 87, 187, 245, 252, 253, 124, 108, 124, 186,
       247, 255, 217, 247, 239, 253, 172, 56, 253, 243, 125, 220, 77,
       116, 254, 119, 191, 218, 247, 185, 122, 109, 231, 109, 184, 83,
       191, 39, 122, 181, 94, 236, 186, 221, 251, 252, 79, 235, 245, 35,
       100, 245, 103, 128, 115, 78, 255, 189, 45, 83, 14, 50, 169, 210,
       36, 85, 186, 82, 120, 233, 116, 114, 94, 56, 47, 213, 20, 245,
       111, 153, 172, 24, 5, 240, 29, 156, 73, 16, 242, 51, 189, 88, 87,
       32, 250, 118, 240, 89, 174, 23, 192, 95, 13, 198, 34, 17, 184, 37,
       14, 132, 94, 127, 150, 48, 209, 139, 51, 231, 13, 164, 213, 251,
       125, 19, 185, 197, 104, 133, 172, 157, 159, 138, 53, 35, 87, 32,
       202, 37, 105, 183, 28, 181, 62, 211, 166, 82, 3, 44, 0, 116, 243,
       216, 51, 184, 121, 57, 213, 122, 166, 118, 49, 211, 151, 18, 198,
       91, 111, 198, 227, 83, 182, 243, 198, 146, 114, 235, 213, 32, 103,
       143, 173, 194, 3, 13, 222, 178, 15, 82, 10, 50, 107, 83, 37, 117,
       187, 2, 124, 201, 86, 16, 72, 181, 42, 207, 28, 229, 47, 153, 172,
