%YAML:1.0
descriptors: !!opencv-matrix
   rows: 105
   cols: 64
   dt: u
   data: [ 62, 181, 253, 250, 55, 183, 93, 127, 247, 254, 253, 176, 125,
       238, 181, 95, 255, 246, 99, 251, 183, 118, 209, 247, 221, 231,
       231, 253, 90, 252, 253, 233, 207, 44, 151, 190, 218, 120, 249,
       125, 120, 77, 183, 173, 214, 117, 247, 111, 187, 174, 152, 15,
       242, 29, 220, 85, 56, 243, 115, 255, 123, 211, 104, 250, 61, 63,
       245, 213, 179, 141, 173, 121, 239, 84, 203, 117, 253, 126, 185,
       84, 243, 181, 67, 102, 247, 63, 210, 247, 221, 238, 230, 125, 122,
       220, 124, 169, 206, 100, 71, 190, 208, 122, 217, 92, 117, 93, 60,
       175, 197, 38, 245, 111, 153, 172, 152, 13, 242, 29, 157, 73, 40,
       242, 115, 189, 90, 79, 40, 250, 60, 179, 253, 254, 63, 189, 253,
       120, 247, 254, 213, 241, 253, 127, 180, 84, 246, 222, 99, 115,
       245, 118, 195, 247, 205, 190, 229, 251, 126, 223, 245, 235, 223,
       44, 87, 190, 215, 120, 249, 125, 124, 93, 123, 47, 212, 53, 247,
       111, 153, 172, 24, 5, 240, 29, 156, 73, 16, 242, 51, 189, 90, 87,
       32, 250, 187, 244, 254, 63, 191, 165, 191, 88, 247, 255, 245, 251,
       175, 107, 166, 95, 254, 247, 103, 243, 249, 119, 211, 125, 212,
       255, 245, 63, 123, 125, 237, 231, 207, 108, 150, 190, 243, 57,
       249, 125, 124, 78, 126, 171, 213, 113, 215, 127, 184, 174, 24, 13,
       240, 156, 220, 69, 58, 183, 247, 191, 186, 215, 44, 235, 254, 251,
       255, 253, 54, 249, 251, 252, 254, 159, 215, 255, 255, 82, 255,
       219, 254, 223, 123, 255, 239, 125, 195, 247, 173, 251, 247, 255,
       127, 127, 246, 171, 223, 108, 223, 255, 254, 127, 249, 117, 250,
       95, 247, 127, 247, 183, 243, 127, 190, 190, 152, 199, 242, 189,
       159, 93, 84, 183, 127, 255, 121, 127, 230, 251, 47, 164, 237, 138,
       31, 151, 7, 94, 229, 110, 168, 160, 61, 47, 181, 71, 235, 244, 99,
       96, 241, 99, 89, 127, 84, 253, 173, 45, 90, 152, 113, 227, 213,
       44, 23, 186, 82, 120, 41, 124, 116, 74, 56, 175, 85, 112, 245,
       111, 153, 172, 24, 4, 240, 29, 156, 73, 24, 242, 51, 189, 88, 215,
       40, 242, 126, 186, 207, 251, 62, 249, 219, 61, 222, 187, 87, 188,
       253, 18, 255, 251, 250, 215, 121, 251, 205, 117, 199, 125, 173,
       203, 246, 191, 95, 91, 55, 234, 215, 44, 213, 254, 95, 123, 233,
       119, 248, 221, 115, 61, 215, 134, 241, 127, 159, 172, 30, 5, 240,
       29, 159, 89, 16, 242, 59, 253, 89, 95, 34, 255, 189, 245, 255,
       101, 244, 164, 255, 248, 251, 221, 253, 251, 238, 123, 134, 93,
       251, 239, 247, 119, 117, 45, 243, 246, 254, 127, 245, 251, 254,
       30, 226, 169, 206, 109, 60, 254, 223, 57, 249, 125, 121, 92, 187,
       167, 253, 49, 255, 111, 185, 190, 9, 75, 240, 190, 156, 69, 126,
       183, 119, 171, 250, 215, 44, 218, 60, 249, 255, 223, 54, 221, 217,
       126, 255, 212, 149, 254, 255, 122, 191, 92, 250, 215, 122, 47,
       151, 125, 195, 247, 175, 243, 246, 125, 127, 251, 214, 43, 215,
       110, 119, 158, 222, 121, 251, 125, 183, 223, 237, 111, 189, 180,
       253, 47, 151, 190, 153, 199, 178, 29, 158, 95, 120, 246, 122, 255,
       121, 77, 167, 251, 183, 53, 121, 150, 146, 140, 87, 41, 199, 69,
       31, 114, 159, 111, 144, 84, 243, 215, 4, 39, 23, 46, 210, 103,
       252, 214, 181, 127, 50, 184, 88, 41, 134, 46, 68, 158, 194, 120,
       219, 222, 81, 208, 169, 235, 133, 24, 245, 15, 147, 164, 17, 9,
       48, 25, 156, 75, 8, 114, 112, 57, 88, 21, 40, 250, 178, 209, 24,
       222, 239, 136, 90, 8, 78, 65, 21, 218, 191, 66, 100, 88, 118, 215,
       20, 22, 6, 44, 129, 102, 174, 146, 243, 47, 150, 43, 213, 57, 146,
       167, 28, 222, 66, 89, 203, 214, 131, 219, 141, 73, 145, 28, 249,
       31, 193, 165, 16, 5, 44, 0, 183, 235, 16, 114, 56, 61, 88, 93, 50,
       185, 179, 221, 154, 214, 239, 139, 213, 10, 94, 69, 53, 202, 191,
       122, 100, 92, 126, 151, 52, 183, 198, 61, 131, 103, 186, 215, 243,
       127, 54, 123, 214, 41, 150, 231, 17, 150, 226, 73, 250, 123, 113,
       217, 237, 105, 157, 28, 253, 47, 213, 134, 145, 141, 190, 1, 154,
       235, 113, 114, 114, 59, 81, 125, 148, 218, 92, 58, 247, 165, 248,
       119, 161, 254, 240, 252, 194, 53, 69, 151, 155, 65, 234, 221, 203,
       98, 225, 5, 206, 185, 142, 168, 188, 143, 220, 13, 51, 239, 117,
       37, 85, 186, 85, 242, 169, 116, 217, 84, 26, 30, 77, 133, 195,
       205, 152, 44, 92, 5, 240, 28, 156, 73, 16, 242, 51, 156, 88, 7,
       32, 248, 214, 97, 81, 150, 80, 6, 13, 79, 194, 2, 41, 48, 83, 194,
       150, 114, 227, 70, 4, 100, 11, 136, 164, 2, 206, 131, 167, 9, 131,
       168, 24, 40, 112, 39, 52, 155, 0, 116, 7, 214, 2, 66, 16, 73, 10,
       30, 128, 156, 65, 36, 82, 16, 32, 26, 37, 75, 128, 112, 32, 24,
       92, 68, 50, 177, 9, 10, 134, 54, 8, 235, 164, 54, 32, 56, 74, 5,
       0, 117, 9, 0, 235, 137, 129, 226, 228, 45, 201, 243, 75, 126, 144,
       134, 40, 70, 33, 70, 223, 32, 81, 176, 117, 90, 233, 100, 109, 20,
       26, 38, 197, 37, 247, 111, 184, 172, 9, 5, 242, 29, 152, 73, 6,
       242, 23, 181, 72, 71, 32, 122, 63, 49, 245, 182, 55, 39, 123, 126,
       198, 78, 209, 49, 109, 74, 144, 87, 250, 214, 67, 114, 247, 43,
       193, 119, 140, 186, 230, 157, 82, 24, 117, 233, 199, 44, 20, 190,
       210, 120, 209, 117, 120, 72, 149, 15, 209, 49, 225, 78, 153, 172,
       24, 1, 240, 28, 156, 65, 24, 178, 115, 187, 88, 87, 32, 251, 210,
       1, 146, 87, 201, 2, 66, 131, 2, 1, 21, 3, 134, 241, 2, 24, 100,
       131, 60, 150, 74, 173, 163, 35, 66, 74, 234, 76, 128, 0, 128, 32,
       186, 55, 16, 17, 67, 0, 70, 192, 17, 0, 152, 74, 201, 28, 203,
       142, 193, 2, 81, 5, 52, 74, 144, 203, 83, 127, 48, 21, 16, 36,
       145, 73, 47, 166, 109, 170, 31, 253, 167, 125, 113, 222, 214, 245,
       120, 62, 173, 68, 203, 220, 129, 240, 241, 80, 203, 241, 77, 253,
       24, 165, 126, 86, 49, 203, 221, 36, 213, 186, 127, 120, 169, 116,
       120, 93, 58, 47, 85, 149, 118, 109, 155, 172, 24, 5, 240, 29, 156,
       73, 22, 242, 55, 188, 90, 87, 32, 250, 77, 77, 140, 184, 1, 31,
       46, 67, 33, 66, 1, 130, 18, 164, 38, 14, 201, 57, 33, 229, 59,
       213, 80, 51, 81, 85, 185, 172, 65, 132, 50, 1, 194, 4, 71, 171, 3,
       108, 229, 104, 48, 218, 60, 169, 215, 93, 119, 238, 153, 168, 24,
       4, 224, 29, 220, 24, 24, 242, 51, 181, 24, 211, 104, 234, 222,
       209, 139, 181, 55, 51, 94, 203, 22, 235, 245, 250, 147, 128, 54,
       91, 120, 213, 60, 95, 10, 149, 226, 27, 45, 215, 187, 111, 83, 41,
       54, 59, 210, 53, 188, 203, 66, 125, 225, 247, 114, 202, 181, 105,
       147, 28, 81, 63, 223, 172, 18, 133, 104, 125, 180, 122, 208, 178,
       57, 251, 93, 23, 48, 187, 60, 251, 247, 253, 58, 255, 253, 243,
       249, 254, 122, 155, 223, 241, 221, 234, 187, 205, 235, 107, 244,
       125, 76, 219, 201, 127, 183, 182, 109, 199, 63, 255, 223, 66, 213,
       176, 93, 248, 249, 117, 126, 126, 251, 63, 247, 183, 247, 107,
       186, 173, 45, 71, 242, 29, 159, 93, 7, 242, 87, 255, 91, 87, 97,
       254, 67, 1, 144, 26, 65, 2, 6, 14, 2, 0, 4, 0, 48, 196, 38, 19,
       111, 3, 32, 150, 2, 173, 65, 3, 66, 210, 208, 12, 2, 32, 128, 0,
       154, 6, 1, 48, 33, 8, 70, 64, 32, 34, 60, 97, 5, 93, 37, 206, 81,
       2, 24, 4, 52, 8, 112, 139, 25, 58, 39, 49, 16, 96, 145, 74, 4,
       138, 130, 9, 8, 210, 160, 199, 16, 176, 6, 5, 16, 20, 139, 0, 9,
       8, 161, 2, 197, 37, 78, 195, 73, 84, 16, 4, 0, 6, 3, 66, 151, 18,
       81, 32, 49, 202, 233, 32, 96, 52, 40, 36, 85, 148, 55, 235, 153,
       232, 41, 21, 180, 13, 24, 72, 23, 66, 18, 165, 64, 115, 97, 234,
       173, 221, 236, 220, 63, 127, 85, 126, 181, 124, 188, 201, 15, 249,
       116, 239, 145, 252, 247, 59, 246, 126, 248, 55, 115, 43, 135, 18,
       125, 85, 125, 239, 255, 122, 146, 96, 214, 121, 250, 253, 254,
       191, 254, 175, 208, 115, 245, 107, 185, 180, 158, 13, 248, 29,
       159, 28, 59, 182, 127, 191, 251, 254, 175, 217, 177, 246, 85, 71,
       253, 176, 155, 56, 250, 63, 128, 107, 238, 89, 4, 17, 126, 231,
