%YAML:1.0
descriptors: !!opencv-matrix
   rows: 71
   cols: 64
   dt: u
   data: [ 62, 190, 255, 164, 127, 247, 179, 127, 246, 252, 214, 119,
       255, 126, 187, 85, 250, 221, 99, 98, 245, 39, 195, 119, 207, 250,
       244, 239, 90, 92, 243, 235, 215, 44, 85, 190, 82, 120, 233, 116,
       120, 92, 56, 47, 213, 53, 247, 111, 153, 172, 24, 5, 240, 29, 156,
       73, 16, 242, 51, 189, 88, 87, 32, 250, 62, 185, 255, 190, 54, 119,
       61, 127, 247, 246, 221, 184, 125, 190, 191, 222, 251, 244, 99,
       121, 177, 85, 215, 183, 221, 237, 244, 153, 107, 252, 124, 233,
       221, 44, 151, 190, 218, 120, 233, 125, 122, 95, 125, 47, 247, 53,
       245, 110, 155, 174, 154, 15, 242, 29, 220, 93, 56, 242, 59, 253,
       123, 215, 106, 250, 252, 185, 255, 255, 54, 119, 249, 254, 223,
       255, 213, 185, 127, 178, 191, 218, 251, 214, 115, 107, 173, 189,
       231, 183, 173, 251, 246, 187, 83, 109, 246, 235, 215, 36, 53, 254,
       215, 125, 233, 117, 120, 95, 253, 47, 255, 21, 211, 111, 155, 172,
       26, 135, 240, 29, 156, 77, 16, 242, 59, 253, 121, 87, 32, 251, 61,
       63, 247, 246, 49, 165, 253, 123, 245, 253, 198, 243, 255, 255,
       146, 78, 251, 213, 227, 99, 245, 47, 195, 247, 95, 255, 181, 191,
       90, 12, 114, 239, 223, 36, 117, 186, 87, 120, 233, 124, 120, 92,
       56, 47, 221, 53, 247, 111, 153, 172, 24, 5, 240, 29, 156, 73, 16,
       242, 51, 189, 88, 87, 32, 250, 188, 242, 125, 167, 191, 245, 187,
       121, 246, 255, 244, 251, 253, 123, 176, 116, 254, 215, 71, 99,
       245, 34, 227, 118, 204, 191, 245, 107, 82, 14, 243, 251, 215, 36,
       85, 190, 82, 120, 233, 244, 112, 92, 56, 47, 209, 20, 245, 111,
       153, 172, 24, 5, 240, 29, 156, 73, 16, 242, 51, 189, 88, 87, 32,
       250, 62, 254, 125, 143, 191, 253, 159, 125, 255, 221, 254, 249,
       253, 126, 253, 245, 251, 244, 99, 98, 245, 50, 215, 118, 237, 255,
       225, 47, 95, 94, 119, 251, 247, 36, 87, 190, 82, 114, 233, 116,
       242, 95, 56, 47, 212, 22, 245, 111, 153, 172, 24, 5, 240, 29, 157,
       73, 16, 242, 51, 189, 88, 87, 32, 250, 54, 241, 121, 150, 63, 220,
       31, 9, 231, 103, 189, 248, 189, 110, 244, 118, 255, 214, 6, 241,
       199, 34, 193, 102, 221, 215, 229, 111, 82, 186, 213, 105, 215, 44,
       85, 190, 74, 120, 233, 126, 112, 220, 56, 47, 212, 20, 245, 111,
       145, 172, 24, 5, 240, 29, 156, 73, 16, 242, 51, 189, 88, 87, 32,
       250, 109, 239, 239, 184, 82, 55, 39, 91, 229, 230, 232, 186, 95,
       175, 182, 79, 203, 245, 99, 101, 57, 215, 208, 55, 95, 253, 189,
       61, 123, 28, 58, 169, 210, 36, 87, 186, 82, 120, 101, 124, 118,
       90, 56, 47, 85, 28, 117, 238, 153, 172, 24, 4, 240, 29, 156, 77,
       24, 246, 51, 189, 88, 86, 42, 250, 124, 43, 231, 253, 114, 111,
       37, 255, 221, 252, 250, 179, 223, 255, 219, 238, 235, 221, 235,
       110, 253, 173, 198, 183, 95, 255, 183, 165, 88, 206, 50, 223, 211,
       39, 117, 186, 86, 120, 233, 116, 124, 92, 184, 47, 205, 183, 245,
       239, 153, 172, 25, 5, 240, 29, 157, 73, 0, 242, 51, 189, 88, 70,
       32, 250, 237, 103, 109, 178, 17, 63, 39, 90, 228, 78, 232, 242,
       237, 43, 180, 71, 226, 245, 39, 101, 97, 230, 145, 118, 76, 223,
       161, 45, 82, 14, 48, 41, 210, 36, 84, 186, 82, 120, 161, 244, 112,
       94, 56, 47, 213, 20, 244, 111, 153, 172, 24, 5, 240, 29, 156, 73,
       16, 242, 51, 189, 88, 86, 32, 250, 252, 43, 239, 241, 118, 127,
       251, 255, 220, 254, 214, 53, 95, 190, 219, 230, 251, 221, 123,
       111, 61, 155, 230, 183, 29, 255, 190, 141, 94, 223, 54, 250, 117,
       47, 117, 251, 86, 127, 205, 84, 216, 85, 245, 62, 207, 174, 97,
       238, 159, 45, 223, 133, 242, 29, 156, 93, 192, 246, 43, 249, 89,
       31, 32, 254, 125, 246, 117, 252, 126, 191, 47, 125, 253, 126, 216,
       185, 125, 127, 253, 223, 251, 245, 75, 104, 245, 115, 208, 63, 93,
       253, 174, 157, 127, 92, 125, 235, 215, 100, 85, 187, 86, 122, 177,
       124, 126, 94, 122, 47, 213, 151, 245, 79, 153, 173, 28, 5, 226,
       29, 159, 77, 24, 246, 51, 189, 90, 71, 34, 243, 124, 59, 243, 245,
       114, 167, 187, 250, 196, 220, 211, 55, 245, 210, 185, 114, 226,
       213, 3, 102, 77, 45, 198, 119, 13, 138, 166, 13, 82, 8, 48, 59,
       114, 37, 85, 186, 82, 122, 193, 212, 208, 92, 24, 14, 192, 6, 193,
       110, 153, 172, 24, 5, 240, 29, 157, 73, 16, 242, 51, 189, 88, 22,
       32, 248, 125, 255, 125, 248, 118, 127, 39, 127, 245, 92, 204, 189,
       125, 127, 253, 237, 251, 245, 91, 102, 245, 115, 144, 55, 79, 253,
       173, 29, 127, 94, 124, 233, 214, 101, 87, 186, 82, 114, 221, 116,
       118, 95, 26, 47, 213, 148, 245, 110, 157, 173, 28, 5, 242, 29,
       158, 77, 24, 246, 51, 189, 88, 87, 34, 251, 63, 190, 125, 239,
       191, 253, 191, 120, 252, 255, 254, 251, 237, 127, 220, 85, 251,
       221, 99, 115, 245, 103, 195, 126, 205, 255, 245, 191, 126, 31,
       243, 239, 215, 44, 85, 190, 95, 120, 233, 116, 120, 92, 58, 47,
       213, 53, 247, 111, 153, 172, 24, 5, 240, 29, 156, 73, 16, 242, 51,
       189, 88, 87, 32, 250, 93, 22, 21, 245, 232, 224, 250, 84, 56, 125,
       66, 77, 132, 117, 139, 49, 254, 207, 137, 98, 236, 41, 14, 122,
       206, 202, 226, 246, 252, 97, 249, 239, 119, 211, 89, 33, 53, 227,
       248, 99, 197, 28, 218, 70, 229, 133, 251, 83, 152, 220, 120, 117,
       244, 252, 156, 105, 23, 222, 183, 175, 210, 103, 49, 244, 85, 50,
       16, 35, 200, 128, 162, 0, 74, 57, 2, 103, 128, 3, 129, 17, 102,
       139, 137, 128, 201, 1, 11, 200, 128, 88, 104, 239, 128, 13, 161,
       70, 21, 129, 93, 37, 49, 138, 45, 70, 197, 4, 10, 0, 97, 73, 10,
       145, 184, 68, 40, 48, 165, 224, 8, 235, 70, 89, 134, 164, 128, 99,
       113, 100, 141, 150, 228, 48, 93, 162, 174, 94, 48, 59, 224, 97,
       234, 73, 134, 5, 224, 237, 167, 211, 225, 47, 251, 123, 68, 43,
       99, 166, 88, 5, 33, 199, 95, 42, 92, 176, 119, 184, 33, 244, 125,
       70, 58, 143, 193, 113, 215, 75, 184, 244, 24, 4, 224, 28, 156, 73,
       22, 178, 183, 151, 218, 87, 32, 122, 252, 190, 127, 239, 254, 247,
       179, 249, 255, 253, 254, 127, 253, 127, 251, 245, 242, 247, 219,
       42, 245, 117, 95, 252, 237, 236, 252, 255, 254, 95, 255, 255, 247,
       237, 215, 254, 254, 251, 253, 119, 254, 93, 75, 54, 213, 231, 209,
       109, 190, 189, 141, 15, 242, 189, 157, 93, 116, 246, 223, 191,
       251, 223, 110, 252, 237, 191, 247, 113, 121, 254, 237, 219, 249,
       255, 226, 251, 239, 251, 226, 207, 139, 253, 191, 111, 247, 111,
       123, 127, 87, 255, 147, 183, 126, 95, 98, 207, 207, 199, 215, 187,
       245, 252, 253, 125, 108, 124, 250, 231, 253, 81, 247, 235, 252,
       172, 56, 221, 241, 61, 220, 77, 60, 254, 247, 191, 218, 215, 189,
       122, 196, 43, 211, 245, 240, 114, 226, 251, 72, 145, 194, 119,
       194, 214, 203, 232, 106, 205, 189, 78, 15, 141, 142, 211, 15, 222,
       26, 133, 196, 14, 34, 30, 122, 39, 117, 219, 84, 255, 223, 20,
       145, 52, 152, 118, 77, 143, 107, 179, 204, 61, 101, 245, 217, 255,
       140, 202, 68, 76, 1, 111, 76, 37, 181, 190, 95, 253, 238, 124,
       127, 99, 255, 126, 53, 250, 220, 189, 126, 239, 167, 95, 233, 157,
       59, 247, 229, 47, 239, 59, 103, 223, 242, 151, 91, 69, 107, 239,
       223, 39, 61, 251, 119, 124, 253, 116, 122, 206, 58, 47, 223, 21,
       247, 111, 153, 172, 90, 5, 240, 28, 156, 73, 146, 246, 63, 191,
       88, 71, 162, 242, 127, 254, 124, 127, 255, 185, 255, 89, 255, 121,
       239, 251, 254, 127, 236, 253, 247, 179, 190, 219, 255, 127, 27,
       127, 245, 127, 227, 255, 127, 127, 239, 246, 143, 237, 207, 191,
       247, 187, 249, 255, 127, 223, 235, 239, 245, 123, 191, 63, 173,
       247, 24, 111, 254, 181, 219, 225, 118, 255, 247, 175, 186, 251,
       191, 30, 9, 206, 154, 127, 40, 120, 248, 134, 57, 184, 44, 205,
       22, 247, 111, 187, 165, 170, 161, 219, 231, 40, 125, 155, 225, 79,
       227, 242, 109, 103, 175, 118, 191, 146, 97, 96, 123, 130, 250,
       226, 250, 62, 234, 118, 244, 215, 211, 107, 185, 203, 110, 87,
