%YAML:1.0
descriptors: !!opencv-matrix
   rows: 90
   cols: 64
   dt: u
   data: [ 62, 181, 125, 190, 55, 183, 95, 121, 246, 254, 253, 178, 253,
       126, 181, 87, 255, 215, 99, 243, 245, 55, 209, 119, 205, 255, 245,
       111, 82, 92, 245, 235, 223, 44, 87, 190, 90, 120, 233, 116, 120,
       93, 56, 47, 213, 53, 245, 111, 153, 172, 24, 5, 240, 29, 156, 73,
       16, 242, 51, 189, 88, 87, 32, 250, 62, 181, 125, 158, 54, 95, 31,
       127, 231, 70, 221, 176, 125, 126, 188, 86, 255, 246, 67, 114, 245,
       50, 209, 247, 221, 255, 229, 93, 82, 158, 245, 233, 198, 44, 71,
       190, 218, 120, 233, 124, 112, 92, 56, 175, 212, 52, 245, 110, 153,
       172, 24, 13, 240, 29, 156, 73, 16, 242, 51, 189, 88, 87, 40, 250,
       60, 190, 255, 239, 62, 253, 253, 125, 253, 252, 254, 253, 253,
       126, 255, 252, 251, 252, 227, 107, 245, 119, 223, 255, 253, 255,
       245, 191, 127, 223, 127, 239, 223, 100, 87, 190, 215, 122, 249,
       125, 125, 93, 127, 47, 213, 183, 247, 111, 185, 172, 153, 13, 242,
       29, 157, 93, 52, 242, 127, 189, 219, 95, 44, 254, 127, 53, 249,
       182, 54, 38, 123, 111, 210, 238, 209, 177, 127, 234, 144, 86, 246,
       214, 7, 99, 229, 161, 225, 55, 204, 138, 230, 207, 82, 12, 241,
       105, 211, 36, 20, 190, 82, 120, 193, 244, 80, 76, 57, 14, 208, 20,
       193, 111, 153, 172, 24, 5, 240, 29, 156, 73, 16, 242, 51, 189, 88,
       86, 32, 251, 63, 183, 125, 138, 55, 159, 21, 122, 247, 84, 189,
       240, 125, 127, 188, 85, 255, 246, 99, 116, 245, 118, 209, 247,
       221, 245, 229, 93, 122, 158, 212, 105, 222, 44, 87, 190, 90, 120,
       233, 124, 112, 93, 56, 47, 213, 116, 245, 110, 153, 172, 153, 13,
       240, 29, 156, 73, 48, 242, 51, 189, 88, 215, 36, 250, 114, 49,
       217, 150, 50, 135, 89, 111, 198, 230, 21, 176, 183, 202, 182, 86,
       254, 215, 0, 103, 143, 47, 195, 39, 140, 130, 230, 77, 18, 168,
       212, 41, 215, 36, 20, 190, 66, 120, 195, 84, 16, 88, 53, 47, 145,
       28, 229, 111, 145, 172, 24, 5, 112, 25, 156, 73, 16, 114, 51, 185,
       88, 86, 32, 250, 63, 54, 253, 162, 255, 189, 39, 89, 238, 127,
       194, 118, 253, 127, 186, 85, 254, 255, 67, 112, 241, 119, 91, 252,
       212, 252, 252, 255, 122, 220, 243, 235, 207, 44, 87, 190, 219,
       120, 233, 124, 124, 92, 56, 175, 213, 113, 247, 111, 153, 172,
       152, 9, 242, 29, 156, 89, 56, 242, 51, 189, 218, 215, 40, 250,
       175, 186, 231, 163, 255, 187, 163, 248, 252, 61, 214, 127, 239,
       63, 162, 65, 234, 253, 43, 97, 225, 71, 203, 125, 78, 252, 56,
       191, 254, 79, 115, 239, 215, 100, 85, 186, 83, 120, 233, 124, 125,
       92, 58, 47, 213, 1, 247, 109, 153, 172, 24, 5, 240, 29, 156, 73,
       16, 242, 51, 189, 216, 87, 32, 250, 191, 182, 125, 247, 191, 181,
       255, 248, 254, 255, 213, 251, 239, 123, 146, 85, 246, 247, 39,
       123, 253, 103, 195, 124, 236, 254, 243, 127, 126, 63, 247, 255,
       215, 100, 148, 190, 214, 121, 249, 119, 116, 92, 59, 175, 213, 17,
       245, 127, 153, 172, 24, 5, 240, 29, 156, 73, 16, 242, 51, 157,
       216, 87, 32, 254, 62, 182, 121, 191, 191, 181, 191, 73, 255, 251,
       219, 127, 189, 110, 185, 85, 242, 151, 67, 114, 253, 54, 211, 126,
       213, 222, 243, 251, 82, 251, 247, 254, 199, 44, 95, 190, 243, 120,
       233, 117, 120, 92, 117, 47, 213, 85, 245, 127, 153, 174, 24, 5,
       242, 29, 156, 73, 16, 242, 51, 189, 122, 87, 40, 250, 58, 182,
       125, 167, 190, 253, 179, 121, 255, 92, 214, 119, 253, 126, 249,
       116, 254, 247, 195, 240, 245, 114, 147, 244, 253, 252, 244, 185,
       126, 222, 255, 235, 207, 108, 71, 190, 255, 122, 233, 124, 125,
       93, 86, 174, 197, 229, 247, 111, 185, 172, 153, 13, 242, 29, 156,
       89, 54, 242, 127, 189, 250, 159, 44, 250, 45, 166, 101, 160, 63,
       189, 171, 120, 245, 126, 210, 117, 237, 63, 249, 69, 138, 252,
       195, 96, 241, 98, 152, 124, 93, 188, 132, 147, 126, 94, 57, 203,
       221, 108, 223, 186, 86, 122, 169, 60, 252, 92, 26, 143, 212, 161,
       244, 107, 184, 172, 24, 5, 240, 29, 159, 73, 16, 242, 51, 188,
       202, 215, 40, 250, 183, 246, 124, 103, 253, 184, 251, 248, 254,
       29, 246, 123, 237, 123, 196, 21, 246, 239, 71, 243, 245, 102, 131,
       124, 236, 190, 117, 251, 254, 31, 227, 255, 223, 108, 220, 254,
       127, 57, 249, 253, 221, 92, 59, 159, 208, 97, 250, 79, 185, 191,
       24, 1, 248, 157, 159, 73, 58, 242, 55, 157, 250, 215, 36, 249, 5,
       38, 227, 161, 217, 180, 161, 77, 164, 110, 130, 52, 193, 79, 153,
       69, 202, 85, 3, 96, 193, 5, 202, 121, 78, 152, 32, 15, 82, 12, 49,
       75, 87, 36, 85, 186, 80, 112, 105, 86, 112, 84, 24, 14, 69, 4,
       225, 195, 153, 44, 24, 5, 240, 29, 156, 73, 16, 242, 51, 189, 72,
       87, 32, 242, 55, 249, 255, 222, 55, 223, 221, 126, 247, 196, 149,
       240, 63, 250, 188, 94, 255, 214, 114, 63, 151, 127, 193, 103, 253,
       247, 231, 93, 119, 250, 220, 41, 214, 110, 53, 158, 194, 120, 219,
       125, 114, 223, 189, 111, 149, 52, 245, 110, 147, 172, 155, 13,
       184, 25, 158, 79, 48, 242, 122, 255, 121, 93, 167, 251, 199, 39,
       227, 180, 216, 6, 15, 202, 132, 109, 0, 115, 195, 235, 146, 76,
       234, 213, 37, 103, 201, 173, 226, 122, 78, 218, 190, 47, 210, 8,
       51, 79, 215, 37, 84, 187, 82, 120, 101, 116, 80, 76, 56, 15, 217,
       20, 245, 79, 153, 172, 24, 5, 240, 30, 156, 73, 16, 242, 51, 189,
       88, 87, 32, 250, 242, 185, 219, 214, 114, 134, 91, 47, 199, 197,
       21, 218, 159, 242, 150, 94, 126, 215, 56, 47, 6, 45, 194, 103,
       191, 194, 246, 125, 34, 184, 84, 41, 151, 39, 52, 158, 194, 88,
       219, 93, 80, 219, 189, 99, 185, 28, 245, 46, 213, 172, 137, 207,
       48, 25, 188, 207, 113, 126, 114, 123, 89, 85, 53, 251, 69, 38,
       209, 17, 217, 128, 34, 72, 34, 43, 0, 122, 128, 67, 128, 81, 98,
       101, 1, 66, 203, 37, 26, 73, 6, 154, 34, 47, 18, 9, 33, 70, 87,
       134, 86, 187, 0, 184, 101, 86, 68, 64, 8, 139, 65, 88, 185, 19,
       24, 108, 24, 32, 100, 24, 156, 97, 16, 58, 147, 181, 200, 87, 33,
       120, 210, 25, 146, 214, 193, 130, 90, 11, 70, 97, 17, 10, 178,
       194, 6, 26, 118, 147, 56, 215, 14, 173, 195, 67, 142, 210, 250,
       45, 146, 168, 130, 40, 130, 167, 52, 219, 2, 77, 198, 86, 0, 200,
       165, 73, 137, 28, 173, 191, 213, 134, 16, 213, 33, 122, 180, 235,
       81, 58, 49, 59, 28, 116, 145, 235, 114, 5, 144, 150, 67, 142, 94,
       11, 70, 64, 21, 2, 183, 234, 36, 30, 118, 147, 48, 7, 14, 45, 193,
       103, 218, 210, 226, 77, 2, 184, 212, 41, 130, 39, 0, 159, 2, 72,
       70, 76, 32, 202, 165, 73, 137, 28, 229, 15, 213, 164, 16, 4, 32,
       0, 60, 235, 89, 122, 112, 57, 24, 117, 177, 234, 84, 57, 211, 213,
       48, 131, 216, 230, 66, 171, 83, 148, 215, 194, 147, 82, 246, 215,
       32, 107, 143, 45, 198, 139, 141, 138, 166, 95, 66, 172, 180, 126,
       119, 55, 52, 187, 82, 124, 242, 87, 16, 104, 177, 110, 171, 12,
       201, 63, 153, 172, 56, 215, 112, 24, 156, 73, 17, 115, 51, 251,
       89, 52, 33, 242, 114, 17, 152, 182, 103, 130, 94, 2, 70, 35, 117,
       2, 190, 194, 20, 18, 116, 147, 52, 213, 138, 183, 193, 71, 154,
       130, 230, 95, 66, 176, 212, 104, 2, 60, 128, 174, 203, 72, 130,
       219, 16, 203, 149, 73, 241, 28, 129, 15, 211, 174, 17, 71, 96, 24,
       124, 209, 25, 51, 115, 153, 56, 178, 216, 233, 122, 213, 252, 158,
       103, 15, 93, 15, 231, 100, 61, 138, 191, 238, 54, 95, 253, 179,
       112, 247, 150, 127, 211, 103, 210, 247, 247, 124, 51, 184, 212,
       224, 143, 60, 2, 190, 202, 72, 242, 123, 48, 219, 53, 105, 213,
       124, 181, 111, 149, 166, 152, 15, 114, 25, 216, 219, 57, 179, 115,
       185, 57, 241, 136, 202, 218, 25, 155, 247, 194, 194, 88, 166, 66,
       161, 85, 158, 182, 194, 19, 90, 126, 211, 48, 199, 142, 173, 231,
       15, 142, 219, 242, 111, 66, 169, 246, 46, 87, 39, 52, 191, 75,
       109, 226, 86, 16, 72, 181, 106, 203, 28, 137, 63, 221, 172, 24,
       199, 112, 28, 20, 203, 81, 242, 49, 251, 88, 53, 49, 250, 146,
       153, 147, 215, 23, 2, 216, 142, 86, 137, 4, 209, 35, 194, 162, 89,
