%YAML:1.0
descriptors: !!opencv-matrix
   rows: 57
   cols: 64
   dt: u
   data: [ 61, 180, 253, 190, 63, 189, 255, 121, 246, 254, 213, 250, 253,
       126, 180, 86, 255, 223, 99, 99, 245, 39, 195, 247, 205, 255, 245,
       255, 82, 29, 245, 235, 223, 36, 85, 190, 83, 120, 233, 116, 120,
       92, 56, 47, 213, 53, 247, 111, 153, 172, 24, 5, 240, 29, 156, 73,
       16, 242, 51, 189, 88, 87, 32, 250, 63, 178, 253, 167, 254, 183,
       191, 120, 254, 255, 220, 251, 253, 127, 179, 85, 247, 255, 99,
       115, 245, 119, 211, 255, 205, 254, 245, 255, 122, 93, 247, 235,
       223, 44, 87, 190, 91, 120, 233, 116, 120, 93, 122, 47, 213, 53,
       247, 111, 153, 172, 24, 5, 240, 29, 156, 73, 16, 242, 51, 189, 88,
       87, 32, 250, 63, 54, 117, 231, 255, 181, 191, 120, 254, 125, 210,
       119, 237, 127, 240, 85, 246, 247, 15, 98, 229, 38, 139, 126, 204,
       254, 245, 255, 254, 79, 243, 255, 215, 36, 85, 190, 82, 120, 233,
       117, 124, 92, 26, 47, 213, 5, 245, 111, 153, 173, 24, 5, 240, 29,
       158, 73, 16, 242, 51, 157, 88, 87, 32, 250, 63, 246, 125, 190, 63,
       189, 63, 89, 247, 126, 253, 186, 253, 123, 252, 87, 247, 255, 67,
       242, 245, 114, 145, 126, 213, 255, 225, 251, 122, 95, 245, 235,
       195, 44, 215, 190, 219, 120, 233, 117, 126, 94, 58, 175, 212, 85,
       247, 111, 153, 172, 24, 13, 240, 29, 156, 89, 24, 242, 115, 189,
       90, 215, 40, 250, 61, 54, 117, 244, 191, 181, 187, 120, 246, 125,
       210, 117, 237, 123, 144, 85, 242, 254, 199, 114, 245, 106, 139,
       254, 140, 170, 230, 223, 126, 93, 245, 239, 127, 108, 212, 190,
       247, 122, 241, 245, 220, 76, 219, 142, 192, 33, 195, 79, 186, 188,
       25, 5, 240, 28, 157, 73, 44, 178, 119, 159, 250, 151, 36, 252, 60,
       54, 117, 229, 190, 189, 179, 125, 254, 124, 214, 117, 253, 127,
       249, 244, 246, 222, 195, 98, 245, 42, 159, 252, 252, 168, 228,
       223, 126, 221, 253, 255, 255, 108, 85, 190, 215, 242, 233, 124,
       221, 85, 91, 142, 192, 167, 219, 79, 185, 172, 153, 13, 242, 29,
       157, 73, 52, 242, 51, 188, 218, 15, 32, 252, 236, 170, 239, 184,
       55, 127, 183, 255, 253, 252, 254, 247, 127, 190, 191, 238, 235,
       213, 123, 111, 245, 135, 231, 55, 77, 239, 188, 47, 83, 222, 50,
       235, 215, 36, 85, 186, 82, 120, 233, 116, 120, 93, 56, 47, 213,
       23, 245, 111, 153, 172, 24, 5, 240, 29, 156, 73, 16, 242, 51, 189,
       88, 87, 32, 250, 77, 46, 231, 249, 88, 127, 165, 247, 185, 252,
       202, 23, 81, 245, 251, 234, 203, 93, 235, 110, 245, 133, 204, 179,
       95, 253, 156, 133, 232, 70, 58, 219, 243, 3, 85, 186, 84, 250,
       237, 124, 124, 117, 58, 54, 77, 135, 103, 235, 153, 44, 28, 21,
       211, 29, 157, 72, 20, 232, 35, 189, 74, 71, 33, 242, 57, 146, 191,
       109, 188, 245, 251, 252, 156, 191, 208, 205, 205, 89, 19, 5, 124,
       239, 235, 219, 244, 103, 222, 223, 169, 106, 246, 246, 92, 85,
       229, 238, 207, 216, 219, 36, 255, 185, 248, 99, 121, 28, 243, 174,
       245, 241, 147, 123, 186, 218, 153, 75, 244, 189, 220, 81, 39, 147,
       215, 199, 242, 243, 236, 127, 118, 48, 81, 134, 221, 132, 15, 73,
       198, 103, 49, 50, 161, 10, 144, 87, 226, 213, 5, 100, 137, 130,
       129, 60, 12, 136, 173, 13, 210, 8, 49, 57, 112, 36, 20, 155, 66,
       112, 1, 214, 18, 66, 24, 14, 192, 28, 192, 29, 137, 172, 16, 5,
       96, 28, 148, 73, 144, 242, 49, 188, 92, 86, 32, 177, 123, 144,
       152, 55, 255, 233, 218, 28, 251, 187, 18, 237, 172, 78, 43, 81,
       253, 247, 153, 147, 236, 63, 91, 125, 225, 202, 250, 110, 90, 113,
       245, 102, 95, 169, 223, 53, 127, 233, 236, 119, 120, 92, 110, 43,
       215, 85, 191, 115, 189, 206, 24, 5, 244, 189, 220, 225, 22, 179,
       183, 191, 186, 87, 176, 230, 55, 244, 125, 134, 63, 223, 159, 105,
       230, 69, 189, 244, 125, 127, 180, 116, 243, 212, 7, 97, 197, 34,
       225, 119, 76, 223, 165, 31, 82, 26, 113, 105, 215, 36, 84, 186,
       82, 120, 233, 244, 82, 92, 56, 47, 208, 20, 245, 111, 153, 172,
       24, 5, 240, 29, 156, 73, 16, 242, 51, 189, 88, 87, 32, 250, 114,
       16, 144, 150, 95, 130, 94, 12, 86, 42, 17, 49, 164, 194, 36, 83,
       126, 215, 0, 146, 203, 41, 203, 15, 128, 194, 226, 79, 18, 41,
       229, 111, 87, 164, 20, 55, 106, 120, 227, 119, 64, 200, 69, 73,
       209, 20, 229, 79, 145, 230, 24, 5, 228, 24, 156, 75, 16, 50, 179,
       185, 24, 86, 32, 254, 101, 111, 229, 56, 217, 46, 39, 74, 161,
       100, 170, 50, 195, 239, 236, 77, 203, 125, 59, 100, 111, 143, 24,
       51, 70, 253, 27, 37, 146, 14, 34, 9, 210, 7, 85, 187, 0, 116, 117,
       92, 36, 116, 56, 167, 77, 89, 116, 198, 12, 36, 16, 20, 65, 127,
       141, 11, 24, 236, 33, 189, 76, 70, 49, 48, 63, 190, 247, 37, 63,
       119, 187, 222, 252, 252, 202, 119, 125, 127, 251, 245, 235, 252,
       3, 98, 229, 35, 199, 118, 77, 253, 180, 139, 210, 14, 115, 251,
       213, 36, 85, 186, 83, 114, 233, 116, 120, 92, 56, 46, 213, 21,
       247, 109, 153, 172, 24, 5, 240, 29, 156, 73, 16, 242, 51, 189, 88,
       87, 32, 250, 28, 19, 183, 125, 40, 229, 233, 117, 132, 190, 195,
       5, 209, 68, 155, 2, 61, 200, 195, 66, 246, 47, 70, 219, 153, 58,
       182, 212, 64, 230, 247, 206, 79, 18, 99, 44, 149, 168, 248, 105,
       108, 60, 247, 230, 231, 241, 183, 111, 186, 202, 169, 123, 242,
       93, 28, 81, 39, 147, 87, 227, 242, 227, 233, 102, 245, 254, 247,
       203, 254, 151, 135, 249, 255, 253, 190, 123, 255, 123, 251, 252,
       243, 247, 251, 34, 221, 103, 159, 252, 223, 247, 125, 63, 190,
       219, 91, 127, 247, 237, 71, 191, 126, 185, 253, 126, 118, 95, 106,
       191, 213, 250, 221, 85, 189, 172, 153, 9, 244, 189, 157, 79, 124,
       254, 179, 189, 218, 87, 48, 252, 127, 52, 253, 174, 127, 167, 63,
       126, 245, 126, 216, 49, 109, 14, 181, 87, 251, 245, 91, 116, 241,
       83, 209, 63, 220, 233, 236, 157, 123, 93, 125, 237, 77, 109, 150,
       191, 214, 112, 177, 125, 124, 207, 87, 175, 197, 177, 197, 78,
       190, 180, 218, 9, 226, 188, 158, 85, 248, 182, 123, 154, 251, 142,
       44, 244, 173, 255, 255, 248, 62, 253, 253, 91, 185, 255, 237, 248,
       223, 125, 252, 239, 131, 252, 231, 107, 247, 124, 120, 251, 101,
       255, 163, 183, 125, 119, 125, 255, 223, 210, 222, 42, 210, 249,
       251, 183, 126, 255, 251, 109, 246, 87, 247, 107, 155, 255, 60, 79,
       250, 29, 223, 92, 61, 246, 243, 175, 251, 255, 239, 255, 109, 36,
       239, 48, 95, 119, 225, 223, 180, 254, 192, 116, 67, 202, 179, 103,
       194, 124, 67, 99, 241, 23, 254, 63, 14, 170, 6, 7, 82, 29, 48,
       203, 103, 14, 150, 187, 82, 118, 69, 212, 216, 96, 16, 142, 80,
       96, 1, 203, 25, 44, 26, 4, 241, 29, 156, 81, 144, 240, 35, 156,
       72, 150, 42, 249, 44, 38, 101, 128, 24, 31, 37, 127, 164, 100,
       234, 52, 81, 63, 185, 230, 194, 84, 67, 96, 241, 80, 220, 177, 93,
       168, 12, 5, 112, 140, 57, 201, 241, 4, 85, 186, 16, 114, 5, 92,
       180, 85, 24, 6, 68, 134, 64, 200, 153, 44, 24, 4, 242, 29, 141, 9,
       24, 226, 35, 188, 72, 86, 32, 248, 253, 254, 125, 103, 255, 189,
       255, 88, 255, 127, 198, 251, 255, 122, 236, 221, 246, 247, 191,
       121, 253, 127, 155, 125, 247, 254, 127, 255, 254, 123, 255, 239,
       223, 237, 222, 255, 247, 251, 253, 127, 253, 223, 110, 63, 241,
       127, 255, 55, 173, 247, 24, 45, 238, 181, 223, 231, 124, 254, 247,
       175, 251, 223, 188, 158, 254, 253, 125, 238, 119, 127, 95, 123,
       255, 95, 253, 248, 127, 123, 244, 221, 251, 245, 127, 125, 117,
       115, 177, 119, 237, 255, 253, 63, 127, 123, 118, 233, 210, 108,
       150, 255, 210, 121, 249, 245, 122, 223, 57, 63, 213, 20, 244, 110,
       157, 173, 30, 5, 248, 29, 159, 77, 16, 246, 59, 189, 88, 95, 42,
       251, 109, 47, 247, 125, 121, 251, 227, 126, 249, 184, 198, 55,
       243, 247, 139, 202, 234, 141, 187, 86, 245, 47, 203, 255, 71, 250,
       218, 135, 106, 77, 42, 206, 223, 131, 69, 187, 53, 190, 253, 124,
       248, 116, 218, 102, 109, 237, 167, 235, 253, 46, 57, 213, 241,
