%YAML:1.0
descriptors: !!opencv-matrix
   rows: 59
   cols: 64
   dt: u
   data: [ 61, 182, 117, 182, 62, 189, 191, 125, 244, 252, 223, 245, 125,
       127, 188, 101, 242, 220, 67, 99, 245, 34, 193, 247, 205, 170, 164,
       159, 122, 28, 117, 235, 223, 36, 85, 190, 83, 120, 233, 116, 120,
       92, 56, 47, 212, 53, 247, 111, 153, 172, 24, 5, 240, 29, 156, 73,
       16, 242, 51, 189, 88, 87, 32, 250, 62, 177, 125, 190, 63, 181,
       253, 122, 212, 254, 213, 241, 125, 78, 177, 86, 242, 220, 67, 99,
       229, 50, 193, 119, 205, 170, 228, 139, 82, 93, 245, 235, 215, 36,
       85, 190, 83, 120, 233, 116, 120, 94, 57, 47, 212, 21, 215, 111,
       153, 172, 24, 5, 240, 29, 156, 73, 16, 242, 51, 189, 88, 87, 32,
       250, 63, 183, 253, 254, 55, 253, 93, 59, 247, 246, 223, 180, 125,
       126, 189, 87, 255, 246, 98, 251, 245, 118, 209, 119, 221, 191,
       229, 123, 122, 254, 245, 235, 215, 44, 215, 190, 218, 120, 233,
       125, 120, 93, 57, 47, 212, 53, 245, 111, 155, 174, 24, 15, 240,
       29, 156, 89, 16, 243, 51, 189, 120, 215, 40, 250, 45, 182, 117,
       172, 63, 189, 175, 121, 244, 124, 202, 117, 253, 127, 188, 69,
       242, 252, 67, 96, 245, 34, 209, 247, 93, 188, 164, 159, 122, 220,
       113, 235, 207, 44, 87, 190, 211, 120, 233, 124, 124, 92, 56, 175,
       212, 117, 247, 111, 153, 172, 24, 13, 242, 29, 156, 73, 16, 242,
       51, 189, 90, 87, 32, 250, 28, 178, 125, 164, 63, 177, 186, 121,
       244, 184, 212, 241, 109, 18, 161, 83, 226, 220, 3, 99, 197, 32,
       192, 119, 77, 154, 224, 143, 82, 13, 49, 234, 215, 36, 85, 186,
       83, 120, 233, 116, 120, 92, 58, 47, 208, 21, 211, 111, 153, 172,
       24, 5, 240, 29, 156, 73, 16, 242, 51, 189, 88, 87, 32, 250, 12,
       38, 101, 168, 27, 189, 161, 127, 52, 124, 198, 53, 81, 60, 185,
       101, 194, 92, 195, 96, 241, 112, 216, 243, 77, 168, 0, 133, 120,
       68, 57, 203, 253, 4, 87, 186, 81, 122, 169, 52, 252, 85, 24, 6,
       84, 135, 195, 75, 153, 44, 24, 4, 242, 29, 157, 73, 16, 226, 51,
       188, 72, 87, 32, 248, 63, 247, 125, 222, 191, 189, 221, 120, 247,
       87, 189, 250, 253, 123, 244, 85, 242, 246, 70, 114, 247, 114, 145,
       118, 252, 190, 229, 59, 126, 30, 253, 105, 214, 108, 214, 158,
       210, 120, 249, 253, 118, 223, 56, 15, 212, 48, 245, 79, 153, 172,
       24, 13, 240, 29, 158, 73, 56, 242, 115, 189, 88, 215, 40, 249,
       188, 169, 255, 188, 50, 103, 245, 254, 245, 252, 236, 253, 127,
       254, 191, 238, 251, 220, 227, 99, 245, 191, 230, 183, 111, 239,
       180, 187, 123, 207, 54, 235, 255, 36, 85, 250, 87, 120, 233, 124,
       122, 93, 60, 47, 221, 53, 247, 110, 153, 172, 26, 5, 240, 29, 156,
       73, 24, 242, 51, 189, 88, 87, 34, 250, 231, 32, 193, 50, 213, 34,
       7, 78, 228, 33, 129, 50, 35, 139, 134, 83, 234, 85, 5, 69, 73,
       135, 227, 52, 70, 138, 184, 11, 210, 8, 32, 41, 80, 36, 20, 186,
       66, 112, 5, 212, 64, 66, 24, 11, 193, 28, 196, 140, 25, 36, 24, 4,
       96, 28, 148, 73, 16, 240, 49, 188, 88, 86, 32, 249, 252, 57, 253,
       188, 114, 127, 59, 247, 213, 70, 255, 54, 93, 164, 187, 246, 243,
       221, 83, 100, 121, 213, 208, 182, 223, 104, 188, 221, 192, 214,
       254, 169, 224, 36, 87, 190, 219, 122, 193, 124, 248, 93, 21, 47,
       213, 63, 230, 108, 159, 172, 152, 7, 242, 29, 156, 89, 24, 242,
       51, 184, 88, 86, 40, 248, 220, 57, 255, 189, 114, 119, 249, 255,
       212, 254, 254, 181, 87, 166, 187, 234, 251, 220, 115, 102, 117,
       149, 228, 147, 143, 237, 188, 201, 193, 207, 54, 251, 245, 36, 85,
       251, 87, 118, 233, 116, 122, 93, 53, 46, 221, 55, 195, 236, 159,
       172, 94, 133, 240, 29, 156, 73, 208, 242, 59, 184, 93, 86, 34,
       250, 245, 185, 215, 215, 89, 135, 203, 74, 230, 229, 3, 115, 183,
       235, 176, 92, 234, 213, 37, 103, 199, 47, 195, 119, 78, 222, 183,
       47, 82, 10, 50, 107, 215, 39, 85, 186, 82, 120, 235, 116, 112, 92,
       56, 47, 213, 20, 245, 111, 153, 172, 24, 5, 240, 29, 156, 73, 16,
       242, 51, 189, 88, 87, 32, 250, 237, 62, 246, 114, 221, 55, 165,
       251, 244, 124, 200, 51, 47, 255, 163, 77, 251, 253, 111, 118, 113,
       143, 153, 119, 70, 126, 125, 139, 254, 20, 106, 255, 219, 47, 86,
       190, 83, 52, 37, 116, 125, 84, 26, 159, 77, 225, 214, 197, 168,
       37, 92, 12, 240, 62, 142, 73, 48, 244, 39, 157, 90, 71, 36, 248,
       222, 43, 211, 227, 217, 234, 162, 201, 200, 25, 194, 119, 243, 86,
       203, 112, 106, 133, 189, 70, 197, 45, 138, 86, 7, 222, 123, 175,
       198, 138, 35, 222, 7, 167, 93, 155, 117, 250, 237, 20, 233, 84,
       16, 112, 77, 13, 189, 231, 205, 44, 24, 37, 241, 55, 140, 233, 64,
       248, 55, 173, 72, 87, 177, 122, 251, 223, 246, 39, 255, 43, 163,
       218, 252, 93, 242, 123, 174, 251, 230, 93, 226, 247, 63, 116, 105,
       143, 177, 116, 70, 254, 121, 63, 254, 30, 226, 61, 218, 101, 92,
       255, 83, 117, 141, 245, 221, 92, 26, 31, 201, 9, 254, 213, 140,
       181, 16, 5, 248, 190, 143, 73, 16, 244, 49, 188, 92, 87, 52, 185,
       25, 146, 150, 39, 253, 240, 162, 252, 88, 185, 194, 79, 164, 21,
       11, 17, 126, 207, 153, 66, 232, 33, 207, 120, 168, 72, 120, 230,
       222, 65, 227, 255, 125, 225, 89, 53, 117, 251, 173, 102, 249, 84,
       74, 6, 69, 133, 219, 113, 184, 92, 25, 37, 244, 165, 156, 233, 70,
       254, 183, 172, 208, 7, 52, 126, 195, 214, 18, 7, 201, 128, 130,
       128, 42, 33, 3, 79, 160, 71, 67, 17, 102, 163, 28, 210, 201, 175,
       11, 72, 34, 94, 121, 110, 150, 15, 131, 22, 127, 229, 92, 83, 17,
       129, 109, 6, 65, 64, 72, 154, 201, 72, 154, 17, 140, 85, 16, 33,
       213, 226, 136, 227, 82, 93, 144, 5, 132, 99, 48, 44, 243, 151, 80,
       167, 255, 178, 158, 136, 46, 75, 147, 122, 174, 75, 34, 85, 246,
       247, 60, 247, 207, 39, 147, 112, 198, 222, 251, 127, 210, 58, 227,
       35, 87, 37, 94, 159, 82, 120, 237, 85, 96, 92, 56, 47, 209, 29,
       253, 31, 153, 174, 24, 5, 240, 61, 156, 107, 16, 246, 51, 189, 88,
       87, 48, 250, 50, 241, 89, 95, 191, 152, 94, 8, 219, 35, 189, 250,
       189, 118, 228, 80, 246, 147, 20, 147, 143, 126, 131, 108, 244,
       214, 243, 127, 38, 187, 205, 62, 155, 252, 12, 222, 234, 153, 250,
       127, 50, 219, 237, 105, 181, 92, 189, 31, 131, 231, 129, 103, 44,
       129, 122, 255, 56, 115, 252, 123, 185, 249, 249, 14, 185, 178,
       127, 103, 253, 176, 251, 216, 248, 187, 194, 123, 231, 91, 193,
       81, 246, 239, 159, 91, 236, 37, 15, 124, 165, 218, 123, 255, 94,
       99, 225, 255, 127, 224, 220, 53, 119, 249, 233, 119, 217, 92, 107,
       14, 241, 1, 219, 115, 184, 223, 24, 39, 244, 165, 221, 105, 22,
       242, 183, 143, 210, 31, 36, 254, 135, 255, 199, 122, 221, 122,
       101, 202, 121, 113, 236, 251, 174, 251, 198, 185, 227, 237, 189,
       115, 103, 236, 40, 114, 103, 223, 81, 163, 255, 11, 34, 109, 146,
       231, 84, 250, 99, 208, 253, 180, 103, 254, 58, 241, 221, 19, 245,
       195, 200, 181, 8, 20, 217, 55, 143, 41, 56, 252, 165, 175, 88, 87,
       181, 216, 140, 42, 99, 241, 216, 180, 169, 208, 168, 191, 66, 115,
       195, 195, 211, 65, 74, 77, 175, 98, 237, 172, 46, 90, 14, 159, 55,
       163, 212, 14, 51, 223, 115, 131, 94, 187, 49, 180, 109, 150, 205,
       100, 18, 222, 75, 0, 91, 211, 8, 61, 24, 113, 195, 158, 140, 105,
       132, 248, 3, 135, 204, 87, 33, 180, 205, 234, 111, 233, 248, 253,
       183, 248, 189, 255, 238, 250, 219, 59, 255, 239, 139, 221, 127,
       107, 237, 197, 206, 120, 77, 255, 157, 163, 221, 15, 51, 187, 215,
       4, 85, 251, 82, 249, 237, 118, 122, 92, 56, 63, 213, 22, 252, 49,
       153, 173, 24, 37, 209, 157, 157, 72, 16, 240, 51, 189, 92, 87, 32,
       250, 243, 145, 218, 247, 255, 146, 223, 136, 110, 231, 21, 250,
       175, 107, 2, 93, 254, 215, 60, 247, 207, 39, 195, 124, 236, 223,
       251, 127, 82, 59, 247, 43, 215, 37, 92, 159, 82, 121, 233, 119,
       112, 92, 57, 45, 213, 28, 245, 63, 153, 172, 24, 5, 240, 29, 156,
       107, 16, 246, 51, 189, 88, 87, 48, 250, 250, 81, 28, 23, 255, 167,
