%YAML:1.0
descriptors: !!opencv-matrix
   rows: 96
   cols: 64
   dt: u
   data: [ 62, 183, 125, 182, 63, 189, 191, 121, 246, 244, 215, 112, 253,
       126, 176, 85, 254, 215, 67, 115, 245, 35, 195, 246, 205, 254, 245,
       239, 82, 30, 245, 235, 223, 44, 85, 190, 90, 120, 233, 116, 120,
       92, 56, 47, 213, 53, 245, 111, 153, 172, 24, 5, 240, 29, 156, 73,
       16, 242, 51, 189, 88, 87, 32, 250, 47, 182, 237, 190, 55, 253, 61,
       95, 245, 254, 143, 229, 125, 63, 188, 71, 187, 252, 99, 249, 245,
       118, 81, 119, 85, 255, 181, 147, 122, 254, 127, 225, 199, 44, 215,
       190, 251, 120, 233, 125, 124, 93, 58, 175, 212, 113, 247, 111,
       185, 172, 152, 13, 242, 29, 156, 93, 56, 242, 115, 189, 123, 215,
       44, 250, 61, 54, 117, 244, 56, 173, 49, 121, 245, 124, 198, 117,
       253, 127, 212, 100, 242, 252, 199, 99, 245, 42, 217, 255, 221,
       186, 164, 159, 122, 223, 121, 239, 223, 100, 119, 190, 215, 250,
       249, 252, 221, 92, 24, 175, 192, 49, 231, 111, 153, 164, 24, 9,
       240, 29, 158, 73, 56, 242, 115, 189, 218, 87, 34, 250, 62, 166,
       117, 174, 11, 205, 165, 109, 255, 116, 222, 53, 125, 126, 249,
       244, 255, 154, 195, 98, 245, 50, 217, 119, 253, 188, 68, 201, 110,
       223, 221, 239, 135, 108, 67, 190, 119, 90, 233, 124, 57, 29, 84,
       38, 84, 183, 247, 111, 185, 172, 137, 13, 242, 29, 152, 73, 48,
       242, 59, 189, 218, 79, 36, 222, 63, 181, 125, 186, 55, 159, 31,
       73, 231, 70, 189, 176, 125, 110, 180, 87, 251, 246, 67, 112, 241,
       114, 209, 118, 220, 255, 229, 93, 82, 158, 245, 233, 198, 44, 71,
       190, 210, 120, 233, 124, 120, 92, 60, 175, 212, 116, 245, 111,
       153, 172, 24, 5, 240, 29, 156, 89, 16, 242, 51, 189, 88, 215, 40,
       250, 126, 49, 121, 182, 54, 55, 91, 123, 214, 206, 245, 178, 125,
       74, 180, 86, 246, 215, 7, 119, 65, 176, 193, 54, 140, 138, 230,
       77, 82, 56, 245, 233, 210, 44, 20, 190, 90, 120, 193, 245, 82, 78,
       49, 15, 208, 20, 193, 110, 153, 172, 24, 5, 240, 29, 156, 73, 16,
       242, 51, 189, 88, 86, 34, 251, 61, 180, 253, 125, 62, 255, 251,
       124, 216, 253, 215, 249, 253, 123, 157, 214, 251, 253, 251, 107,
       245, 107, 195, 255, 189, 251, 231, 255, 126, 125, 245, 239, 223,
       108, 101, 190, 254, 249, 249, 125, 248, 220, 251, 47, 247, 49,
       247, 111, 187, 174, 25, 71, 240, 29, 156, 69, 116, 242, 255, 251,
       251, 215, 32, 254, 61, 182, 255, 127, 63, 177, 253, 124, 240, 189,
       212, 249, 236, 123, 129, 77, 234, 253, 227, 123, 245, 111, 203,
       255, 172, 106, 230, 183, 126, 93, 241, 239, 223, 110, 149, 182,
       119, 184, 249, 125, 125, 92, 251, 47, 213, 177, 247, 111, 185,
       188, 25, 5, 240, 28, 156, 77, 54, 242, 183, 159, 250, 215, 36,
       254, 62, 178, 109, 171, 255, 185, 163, 120, 252, 62, 214, 125,
       237, 31, 253, 197, 242, 253, 203, 120, 245, 115, 139, 124, 45,
       252, 105, 183, 126, 91, 117, 239, 221, 236, 223, 190, 127, 251,
       173, 119, 253, 93, 90, 15, 85, 167, 246, 67, 190, 189, 152, 4,
       242, 189, 159, 89, 52, 246, 191, 188, 218, 223, 36, 254, 43, 6,
       101, 169, 207, 181, 167, 77, 180, 126, 138, 1, 153, 45, 57, 69,
       193, 124, 3, 112, 240, 115, 154, 120, 84, 236, 40, 7, 90, 81, 57,
       207, 117, 164, 95, 186, 114, 112, 41, 124, 116, 68, 88, 46, 84,
       213, 212, 73, 153, 172, 24, 5, 242, 29, 156, 73, 24, 226, 51, 188,
       202, 71, 40, 240, 48, 145, 253, 158, 55, 95, 29, 127, 247, 196,
       31, 212, 61, 124, 62, 118, 255, 246, 98, 35, 212, 55, 209, 231,
       217, 247, 244, 92, 82, 154, 214, 105, 207, 44, 87, 190, 210, 120,
       233, 124, 112, 93, 52, 47, 213, 52, 245, 111, 153, 172, 152, 13,
       240, 29, 156, 73, 16, 242, 51, 189, 88, 87, 32, 250, 107, 38, 231,
       163, 223, 162, 163, 90, 244, 126, 208, 119, 237, 107, 129, 69,
       226, 245, 11, 112, 224, 7, 139, 125, 14, 232, 40, 7, 90, 9, 49,
       207, 87, 167, 85, 187, 118, 120, 45, 118, 92, 68, 26, 14, 65, 1,
       193, 195, 24, 44, 24, 4, 241, 60, 156, 73, 16, 246, 51, 157, 200,
       87, 32, 252, 189, 254, 255, 237, 254, 253, 255, 252, 253, 255,
       254, 251, 239, 127, 255, 253, 251, 253, 251, 107, 245, 119, 223,
       253, 237, 255, 255, 191, 127, 95, 127, 255, 223, 236, 223, 191,
       247, 251, 249, 117, 254, 94, 122, 63, 215, 179, 247, 127, 185,
       189, 28, 5, 240, 189, 159, 77, 20, 246, 183, 189, 218, 223, 34,
       255, 98, 6, 225, 162, 223, 142, 3, 11, 164, 102, 146, 54, 185, 47,
       176, 69, 194, 53, 1, 116, 192, 7, 152, 117, 86, 136, 136, 13, 18,
       152, 57, 73, 71, 36, 87, 186, 66, 122, 5, 92, 132, 64, 24, 136,
       65, 28, 224, 79, 25, 44, 24, 4, 99, 29, 156, 9, 16, 226, 51, 188,
       72, 87, 32, 248, 60, 54, 247, 181, 62, 245, 171, 125, 244, 252,
       210, 53, 253, 63, 155, 86, 250, 221, 195, 98, 241, 119, 223, 255,
       157, 248, 180, 191, 122, 221, 119, 239, 199, 36, 87, 190, 215,
       248, 233, 116, 124, 93, 123, 174, 213, 165, 243, 111, 187, 172,
       153, 9, 242, 29, 156, 89, 4, 242, 51, 189, 218, 87, 40, 254, 108,
       46, 103, 129, 248, 253, 163, 253, 172, 127, 194, 30, 209, 125,
       251, 228, 203, 221, 203, 96, 248, 1, 158, 248, 94, 248, 60, 38,
       212, 142, 59, 223, 117, 4, 87, 186, 80, 242, 237, 86, 180, 84, 88,
       158, 69, 134, 232, 49, 153, 44, 28, 37, 242, 29, 156, 73, 16, 226,
       51, 188, 72, 71, 32, 240, 5, 50, 113, 180, 253, 162, 175, 88, 148,
       63, 194, 115, 193, 74, 144, 69, 226, 213, 135, 98, 192, 47, 138,
       122, 12, 154, 166, 15, 82, 9, 49, 111, 87, 165, 28, 187, 80, 248,
       33, 215, 81, 64, 74, 14, 225, 0, 209, 91, 152, 172, 24, 5, 224,
       28, 156, 65, 16, 178, 51, 157, 200, 23, 32, 252, 5, 43, 211, 212,
       48, 2, 105, 122, 130, 224, 131, 55, 67, 194, 128, 67, 162, 213,
       164, 99, 198, 172, 192, 99, 14, 154, 178, 11, 16, 8, 16, 77, 83,
       39, 116, 186, 16, 252, 211, 84, 81, 96, 152, 70, 232, 4, 193, 79,
       9, 164, 56, 85, 112, 26, 156, 73, 16, 114, 51, 159, 72, 5, 33,
       250, 45, 166, 109, 162, 63, 189, 167, 121, 253, 94, 210, 119, 253,
       63, 249, 69, 194, 244, 67, 96, 241, 114, 145, 116, 77, 188, 165,
       147, 126, 90, 57, 251, 215, 100, 87, 186, 82, 122, 169, 116, 252,
       93, 26, 47, 212, 135, 244, 111, 153, 172, 24, 5, 242, 29, 157, 73,
       16, 242, 51, 188, 90, 87, 32, 250, 63, 54, 125, 166, 63, 189, 55,
       121, 255, 116, 222, 119, 253, 63, 252, 84, 251, 191, 67, 241, 245,
       118, 219, 246, 221, 252, 245, 255, 126, 223, 255, 239, 207, 108,
       71, 190, 223, 120, 249, 124, 124, 221, 123, 175, 213, 97, 247,
       111, 185, 172, 137, 9, 242, 29, 158, 85, 60, 242, 247, 189, 250,
       215, 44, 222, 44, 34, 109, 168, 26, 245, 167, 125, 180, 222, 218,
       21, 89, 60, 185, 100, 203, 92, 195, 96, 240, 114, 194, 242, 93,
       188, 4, 132, 88, 198, 49, 203, 215, 36, 87, 186, 86, 122, 233,
       116, 120, 84, 56, 46, 84, 181, 245, 111, 153, 172, 24, 5, 242, 29,
       156, 73, 16, 226, 51, 189, 72, 87, 32, 242, 63, 54, 125, 171, 63,
       180, 159, 89, 247, 254, 185, 176, 237, 15, 177, 87, 247, 247, 67,
       240, 241, 114, 83, 125, 196, 253, 233, 127, 90, 61, 237, 251, 69,
       172, 151, 190, 250, 120, 161, 119, 120, 76, 50, 173, 215, 209,
       212, 111, 152, 174, 24, 1, 240, 29, 220, 81, 16, 178, 51, 156,
       250, 215, 40, 242, 126, 34, 227, 177, 218, 7, 35, 237, 204, 162,
       211, 54, 241, 194, 155, 82, 250, 213, 67, 70, 11, 167, 198, 20,
       14, 152, 188, 45, 210, 136, 51, 186, 99, 37, 69, 187, 82, 122, 5,
       86, 176, 80, 20, 14, 65, 12, 129, 21, 153, 44, 24, 5, 114, 29,
       156, 73, 64, 240, 49, 185, 92, 6, 32, 242, 77, 35, 225, 48, 220,
       178, 39, 90, 240, 59, 192, 115, 195, 193, 132, 67, 202, 77, 35,
       103, 232, 37, 202, 115, 78, 218, 178, 167, 82, 4, 33, 75, 215, 38,
       84, 187, 82, 120, 101, 116, 120, 76, 58, 47, 209, 21, 245, 79, 24,
       172, 24, 5, 240, 29, 156, 73, 16, 242, 51, 189, 88, 87, 32, 250,
       63, 190, 253, 174, 55, 255, 191, 125, 253, 252, 214, 255, 253, 63,
