%YAML:1.0
descriptors: !!opencv-matrix
   rows: 62
   cols: 64
   dt: u
   data: [ 199, 238, 194, 99, 253, 210, 143, 200, 186, 191, 2, 123, 170,
       235, 195, 25, 235, 197, 61, 103, 205, 143, 175, 125, 111, 223, 63,
       47, 214, 11, 35, 127, 87, 167, 93, 219, 114, 189, 237, 118, 97,
       92, 40, 255, 223, 24, 253, 177, 201, 173, 24, 33, 241, 183, 140,
       235, 80, 252, 49, 61, 92, 85, 48, 190, 255, 254, 111, 255, 255,
       253, 223, 153, 255, 255, 253, 251, 239, 127, 118, 253, 245, 247,
       63, 255, 127, 255, 179, 124, 255, 255, 251, 123, 255, 127, 255,
       191, 242, 237, 222, 223, 218, 127, 253, 247, 83, 222, 122, 255,
       223, 159, 252, 53, 141, 189, 22, 5, 232, 183, 143, 109, 144, 244,
       113, 31, 222, 95, 58, 185, 63, 181, 253, 254, 55, 181, 125, 123,
       247, 246, 213, 240, 253, 123, 180, 86, 246, 247, 99, 243, 247,
       119, 211, 247, 221, 186, 231, 255, 122, 252, 245, 235, 223, 44,
       87, 190, 218, 120, 249, 125, 120, 95, 61, 47, 245, 53, 247, 111,
       153, 174, 24, 15, 240, 29, 156, 93, 24, 243, 115, 189, 120, 215,
       40, 250, 254, 185, 255, 247, 62, 191, 223, 123, 223, 255, 215,
       254, 255, 254, 182, 94, 254, 215, 126, 107, 191, 63, 195, 127,
       189, 222, 246, 255, 82, 255, 247, 238, 199, 44, 87, 190, 222, 121,
       249, 119, 88, 93, 245, 111, 247, 20, 245, 111, 159, 174, 152, 71,
       242, 29, 156, 89, 16, 242, 115, 255, 121, 95, 40, 254, 10, 205,
       142, 220, 47, 221, 221, 55, 191, 252, 61, 201, 31, 124, 61, 174,
       157, 250, 224, 187, 214, 126, 210, 227, 121, 119, 151, 114, 125,
       243, 95, 111, 223, 122, 99, 32, 254, 72, 250, 41, 112, 189, 239,
       111, 181, 116, 245, 107, 187, 202, 153, 79, 246, 13, 152, 92, 63,
       211, 126, 255, 243, 251, 141, 254, 44, 163, 231, 250, 126, 183,
       161, 127, 244, 124, 214, 117, 253, 127, 187, 68, 242, 253, 227,
       98, 245, 127, 219, 247, 94, 234, 132, 135, 122, 220, 57, 239, 223,
       38, 87, 186, 87, 120, 249, 124, 124, 93, 90, 46, 213, 53, 247,
       111, 153, 172, 152, 13, 242, 29, 156, 73, 16, 242, 51, 189, 90,
       87, 32, 250, 29, 191, 247, 117, 61, 183, 253, 126, 180, 253, 196,
       243, 207, 251, 131, 79, 234, 221, 235, 107, 245, 47, 202, 251, 79,
       234, 182, 183, 124, 77, 113, 239, 223, 102, 116, 186, 87, 248,
       249, 117, 125, 126, 187, 47, 249, 33, 211, 111, 153, 172, 24, 5,
       240, 28, 156, 77, 16, 242, 51, 159, 88, 87, 33, 254, 57, 254, 125,
       235, 62, 253, 247, 121, 253, 213, 222, 255, 253, 61, 252, 69, 255,
       253, 227, 123, 244, 119, 219, 247, 253, 255, 85, 190, 126, 215,
       95, 239, 143, 108, 211, 158, 223, 217, 249, 62, 125, 29, 122, 167,
       213, 49, 119, 111, 187, 188, 137, 9, 242, 29, 218, 93, 52, 242,
       247, 237, 211, 223, 108, 222, 189, 191, 247, 253, 63, 247, 253,
       254, 253, 253, 214, 251, 239, 255, 187, 207, 251, 253, 251, 107,
       245, 111, 254, 255, 127, 251, 182, 183, 125, 93, 119, 239, 223,
       99, 117, 190, 215, 249, 249, 125, 125, 125, 251, 183, 253, 177,
       255, 111, 185, 172, 29, 141, 240, 29, 156, 77, 52, 246, 119, 191,
       218, 87, 165, 254, 13, 138, 140, 152, 34, 223, 164, 54, 49, 254,
       6, 197, 24, 52, 57, 3, 137, 120, 225, 171, 244, 117, 74, 243, 73,
       127, 144, 134, 104, 70, 53, 67, 223, 16, 81, 32, 87, 72, 232, 40,
       116, 61, 122, 39, 213, 20, 119, 107, 153, 232, 24, 5, 246, 29,
       152, 12, 23, 195, 51, 181, 65, 115, 32, 234, 191, 254, 93, 231,
       255, 248, 155, 184, 254, 123, 254, 127, 173, 31, 204, 245, 226,
       215, 28, 57, 205, 96, 139, 124, 109, 220, 121, 63, 222, 107, 119,
       127, 215, 229, 221, 219, 118, 251, 233, 247, 241, 92, 107, 63,
       213, 134, 252, 49, 136, 255, 24, 37, 252, 181, 158, 105, 16, 246,
       182, 188, 220, 95, 36, 188, 198, 32, 203, 129, 223, 192, 142, 205,
       140, 171, 57, 122, 147, 130, 178, 99, 201, 85, 53, 97, 200, 129,
       238, 40, 76, 201, 185, 47, 210, 9, 51, 126, 113, 165, 92, 187, 82,
       125, 165, 246, 80, 72, 40, 46, 211, 28, 200, 49, 153, 172, 24, 5,
       241, 29, 156, 107, 144, 242, 51, 188, 92, 86, 32, 186, 47, 166,
       97, 167, 254, 148, 143, 201, 237, 255, 147, 126, 253, 47, 249, 85,
       170, 245, 3, 96, 233, 99, 155, 124, 93, 220, 189, 63, 82, 191, 51,
       223, 71, 172, 79, 187, 250, 120, 169, 126, 100, 92, 104, 173, 213,
       80, 252, 49, 153, 172, 24, 5, 242, 29, 156, 105, 16, 242, 51, 189,
       216, 87, 40, 242, 61, 189, 253, 222, 55, 253, 253, 127, 247, 220,
       213, 241, 125, 127, 188, 94, 255, 246, 226, 251, 247, 126, 209,
       247, 249, 63, 247, 251, 127, 252, 245, 233, 223, 124, 215, 190,
       223, 120, 251, 125, 124, 93, 191, 47, 244, 53, 247, 111, 187, 174,
       153, 79, 242, 29, 156, 93, 62, 243, 119, 255, 123, 255, 173, 250,
       47, 242, 109, 235, 255, 176, 155, 152, 252, 255, 210, 254, 237,
       59, 233, 85, 130, 245, 31, 251, 237, 119, 203, 124, 109, 220, 185,
       55, 94, 123, 55, 127, 215, 236, 221, 187, 122, 121, 233, 119, 244,
       92, 106, 44, 215, 149, 208, 51, 153, 189, 24, 5, 240, 181, 156,
       109, 16, 246, 179, 189, 216, 223, 32, 255, 242, 209, 24, 158, 103,
       14, 95, 8, 70, 70, 61, 202, 189, 106, 52, 22, 246, 215, 52, 245,
       2, 183, 129, 102, 204, 214, 241, 109, 18, 186, 212, 41, 146, 44,
       16, 158, 74, 72, 194, 88, 34, 218, 61, 105, 149, 28, 245, 14, 145,
       172, 16, 5, 40, 25, 148, 75, 16, 242, 48, 61, 88, 87, 48, 251,
       255, 249, 255, 127, 255, 178, 255, 90, 254, 187, 245, 251, 239,
       219, 164, 89, 242, 247, 63, 95, 239, 111, 203, 127, 166, 218, 227,
       191, 126, 105, 229, 239, 159, 239, 156, 255, 119, 253, 255, 247,
       123, 238, 235, 77, 251, 25, 217, 95, 221, 190, 24, 197, 252, 180,
       253, 239, 88, 190, 247, 159, 184, 255, 183, 223, 252, 61, 255,
       212, 50, 111, 121, 127, 199, 196, 223, 182, 87, 238, 182, 126,
       251, 213, 114, 103, 55, 175, 208, 55, 223, 234, 182, 93, 82, 188,
       126, 233, 194, 39, 119, 190, 194, 124, 211, 93, 16, 217, 181, 111,
       255, 60, 229, 110, 157, 172, 153, 205, 240, 29, 156, 65, 16, 242,
       113, 251, 121, 86, 33, 250, 124, 57, 255, 252, 50, 47, 121, 110,
       214, 244, 213, 181, 95, 243, 156, 90, 242, 213, 123, 111, 167, 45,
       192, 51, 141, 138, 166, 157, 82, 172, 116, 233, 215, 39, 117, 186,
       66, 122, 211, 116, 210, 222, 185, 79, 249, 22, 225, 111, 153, 164,
       25, 69, 240, 29, 159, 73, 16, 242, 123, 255, 88, 70, 35, 251, 111,
       38, 105, 161, 223, 180, 143, 89, 172, 239, 130, 62, 137, 15, 185,
       69, 136, 117, 3, 112, 217, 35, 218, 120, 68, 216, 188, 39, 82, 25,
       49, 79, 71, 44, 223, 187, 82, 120, 169, 118, 112, 92, 56, 174,
       213, 84, 245, 123, 153, 172, 24, 5, 240, 29, 156, 73, 16, 242, 51,
       189, 88, 87, 40, 242, 204, 170, 235, 241, 220, 242, 235, 222, 217,
       187, 194, 255, 195, 128, 219, 235, 138, 77, 187, 111, 173, 157,
       78, 217, 47, 219, 58, 167, 214, 79, 51, 223, 119, 135, 253, 123,
       52, 255, 237, 54, 248, 100, 226, 124, 91, 141, 91, 177, 94, 124,
       56, 245, 213, 247, 188, 254, 212, 172, 169, 239, 205, 29, 81, 183,
       125, 53, 245, 244, 24, 166, 127, 107, 197, 110, 209, 49, 85, 239,
       144, 86, 242, 213, 3, 99, 247, 45, 208, 63, 220, 222, 166, 143,
       82, 24, 121, 237, 67, 38, 20, 187, 130, 120, 113, 84, 112, 72,
       185, 239, 199, 20, 229, 79, 153, 164, 24, 5, 224, 28, 156, 73, 16,
       242, 115, 187, 88, 86, 33, 242, 77, 2, 205, 161, 223, 179, 163,
       92, 188, 191, 194, 93, 201, 61, 169, 65, 202, 253, 27, 98, 236,
       39, 202, 121, 13, 200, 8, 39, 84, 5, 49, 79, 215, 36, 85, 187, 82,
       250, 237, 118, 208, 84, 88, 14, 85, 132, 209, 115, 153, 44, 24, 5,
       241, 29, 157, 73, 16, 242, 51, 189, 88, 87, 32, 250, 77, 6, 231,
       177, 216, 230, 167, 125, 128, 252, 194, 21, 193, 237, 155, 6, 235,
       77, 11, 98, 248, 45, 206, 57, 94, 232, 12, 167, 80, 4, 57, 79, 87,
       39, 117, 187, 80, 240, 109, 94, 52, 68, 24, 174, 77, 136, 109,
