%YAML:1.0
descriptors: !!opencv-matrix
   rows: 62
   cols: 64
   dt: u
   data: [ 190, 186, 253, 247, 127, 255, 191, 249, 254, 255, 222, 251,
       253, 127, 187, 84, 255, 223, 99, 243, 245, 103, 195, 118, 221,
       255, 245, 255, 122, 158, 243, 235, 223, 44, 87, 190, 91, 120, 233,
       124, 120, 92, 56, 47, 213, 53, 247, 111, 153, 172, 24, 5, 240, 29,
       156, 73, 16, 242, 51, 189, 88, 87, 32, 250, 255, 245, 125, 254,
       255, 63, 223, 249, 255, 87, 253, 250, 191, 123, 244, 125, 247,
       247, 126, 127, 119, 126, 177, 118, 253, 255, 247, 127, 255, 59,
       255, 185, 210, 109, 28, 223, 194, 121, 251, 253, 114, 223, 185,
       127, 209, 30, 245, 47, 141, 175, 18, 5, 248, 61, 159, 77, 24, 246,
       113, 159, 120, 223, 42, 185, 116, 51, 243, 113, 216, 162, 102,
       207, 194, 163, 193, 54, 231, 198, 131, 82, 114, 133, 187, 70, 139,
       141, 75, 159, 134, 202, 250, 239, 66, 12, 224, 174, 99, 135, 4,
       191, 0, 188, 101, 86, 8, 64, 144, 192, 107, 13, 9, 151, 220, 44,
       40, 242, 97, 248, 52, 99, 68, 252, 145, 159, 28, 22, 241, 118, 60,
       174, 255, 205, 42, 253, 249, 117, 125, 252, 214, 221, 221, 125,
       253, 236, 251, 217, 227, 107, 245, 117, 210, 243, 249, 127, 181,
       246, 108, 215, 119, 239, 223, 96, 85, 186, 223, 122, 249, 124,
       252, 93, 121, 47, 213, 55, 247, 111, 153, 172, 153, 13, 240, 29,
       156, 77, 22, 242, 51, 189, 90, 95, 40, 250, 255, 240, 121, 190,
       223, 139, 95, 8, 223, 107, 181, 250, 189, 74, 228, 95, 242, 247,
       20, 85, 207, 179, 179, 44, 228, 214, 251, 47, 211, 59, 255, 45,
       195, 173, 158, 255, 194, 113, 227, 247, 82, 202, 69, 73, 211, 28,
       172, 31, 133, 166, 18, 5, 104, 185, 148, 99, 144, 178, 185, 59,
       156, 22, 50, 177, 45, 47, 101, 248, 16, 239, 167, 123, 253, 84,
       206, 55, 221, 125, 217, 196, 203, 125, 227, 110, 245, 109, 216,
       247, 93, 252, 21, 181, 108, 222, 58, 201, 222, 70, 117, 186, 148,
       122, 253, 60, 125, 53, 184, 167, 69, 161, 119, 239, 153, 164, 169,
       8, 240, 29, 142, 12, 40, 230, 123, 173, 74, 199, 45, 250, 45, 174,
       247, 184, 24, 247, 165, 127, 245, 254, 202, 181, 125, 127, 187,
       230, 235, 220, 195, 98, 245, 97, 222, 247, 93, 233, 164, 133, 122,
       204, 49, 203, 247, 6, 85, 186, 81, 122, 233, 124, 124, 92, 56, 46,
       85, 183, 83, 111, 153, 172, 24, 5, 240, 29, 157, 73, 16, 242, 51,
       189, 88, 87, 32, 250, 140, 250, 54, 101, 232, 249, 160, 241, 24,
       185, 202, 79, 194, 85, 201, 161, 173, 201, 239, 203, 245, 44, 14,
       218, 227, 127, 87, 226, 204, 71, 163, 214, 223, 122, 75, 36, 125,
       186, 232, 37, 253, 60, 50, 182, 245, 227, 191, 107, 184, 223, 140,
       99, 244, 29, 153, 73, 7, 211, 151, 167, 242, 115, 229, 94, 242,
       217, 216, 158, 127, 202, 94, 14, 95, 227, 61, 248, 190, 206, 38,
       222, 255, 151, 52, 151, 143, 191, 227, 47, 229, 215, 251, 127, 83,
       59, 199, 107, 151, 173, 21, 255, 234, 89, 234, 119, 114, 219, 229,
       105, 151, 28, 245, 47, 215, 174, 26, 5, 252, 17, 244, 227, 80,
       179, 184, 57, 57, 85, 178, 219, 254, 127, 255, 252, 118, 127, 127,
       251, 253, 254, 254, 187, 255, 254, 254, 254, 243, 245, 127, 127,
       253, 247, 209, 247, 221, 255, 255, 191, 126, 223, 127, 251, 195,
       108, 87, 255, 222, 122, 249, 253, 254, 221, 247, 191, 215, 167,
       245, 111, 159, 173, 153, 9, 250, 29, 159, 85, 120, 246, 123, 253,
       219, 222, 40, 250, 95, 17, 154, 125, 43, 162, 248, 166, 16, 186,
       209, 131, 210, 192, 3, 26, 60, 43, 227, 211, 231, 47, 67, 219,
       144, 58, 242, 246, 72, 229, 231, 230, 79, 184, 13, 37, 191, 172,
       248, 105, 120, 108, 247, 107, 247, 113, 147, 111, 187, 234, 24,
       67, 244, 92, 92, 81, 31, 179, 215, 243, 186, 243, 193, 103, 250,
       217, 154, 255, 175, 200, 222, 133, 31, 235, 61, 203, 190, 202,
       102, 254, 253, 147, 60, 155, 143, 189, 231, 42, 225, 223, 243,
       127, 83, 123, 247, 119, 151, 189, 53, 117, 251, 77, 250, 247, 114,
       223, 237, 121, 191, 28, 255, 63, 221, 202, 90, 71, 252, 135, 176,
       235, 147, 243, 249, 127, 189, 113, 146, 239, 126, 255, 253, 254,
       126, 255, 127, 127, 247, 127, 213, 253, 255, 254, 180, 94, 255,
       215, 99, 103, 245, 119, 227, 119, 221, 255, 244, 127, 91, 222,
       253, 235, 215, 44, 85, 190, 82, 120, 233, 124, 120, 94, 57, 47,
       213, 20, 245, 111, 153, 172, 24, 5, 240, 29, 156, 73, 16, 242, 51,
       189, 88, 87, 34, 251, 211, 222, 146, 119, 237, 224, 222, 152, 58,
       185, 161, 203, 174, 89, 6, 25, 125, 175, 188, 147, 236, 47, 123,
       125, 227, 95, 251, 126, 223, 39, 231, 119, 159, 249, 120, 117,
       255, 141, 250, 231, 105, 92, 107, 255, 233, 89, 255, 51, 236, 210,
       88, 103, 244, 230, 152, 235, 87, 159, 182, 183, 182, 119, 148, 78,
       125, 62, 119, 175, 254, 255, 191, 249, 255, 125, 254, 63, 253,
       127, 249, 244, 243, 213, 91, 102, 253, 39, 131, 117, 207, 252,
       237, 63, 218, 94, 123, 255, 247, 37, 85, 191, 86, 114, 233, 116,
       120, 92, 24, 46, 213, 150, 244, 111, 153, 172, 24, 5, 240, 29,
       157, 73, 16, 242, 51, 188, 88, 87, 32, 248, 124, 190, 247, 233,
       254, 255, 167, 255, 253, 220, 222, 127, 255, 191, 251, 236, 251,
       253, 251, 110, 245, 95, 222, 245, 255, 253, 61, 181, 252, 223,
       126, 191, 221, 103, 255, 255, 213, 247, 253, 60, 125, 85, 251,
       182, 77, 175, 127, 245, 174, 189, 239, 189, 243, 255, 140, 93,
       108, 236, 111, 239, 219, 143, 61, 246, 253, 253, 255, 252, 127,
       127, 125, 255, 189, 254, 248, 191, 95, 237, 255, 254, 251, 253,
       255, 107, 255, 255, 244, 63, 255, 255, 247, 255, 253, 247, 255,
       255, 235, 251, 255, 255, 247, 255, 249, 253, 126, 255, 255, 255,
       255, 183, 247, 127, 191, 175, 126, 223, 234, 127, 159, 93, 221,
       254, 255, 255, 255, 254, 171, 182, 254, 190, 255, 253, 254, 255,
       255, 253, 255, 255, 223, 255, 255, 254, 255, 254, 251, 245, 123,
       127, 255, 255, 255, 253, 255, 255, 255, 191, 255, 223, 255, 238,
       223, 109, 111, 255, 222, 127, 253, 127, 125, 221, 253, 63, 223,
       253, 253, 55, 191, 172, 159, 207, 242, 191, 158, 93, 120, 246,
       251, 255, 255, 223, 56, 254, 255, 252, 255, 255, 255, 255, 251,
       188, 255, 255, 125, 255, 191, 126, 254, 253, 253, 255, 124, 255,
       253, 255, 255, 124, 255, 255, 255, 255, 255, 251, 255, 255, 151,
       249, 159, 119, 255, 253, 253, 127, 123, 223, 239, 125, 255, 31,
       255, 51, 255, 223, 159, 239, 253, 231, 188, 255, 126, 255, 255,
       255, 255, 255, 190, 255, 126, 254, 253, 175, 255, 255, 31, 125,
       255, 127, 219, 254, 253, 126, 254, 221, 251, 247, 123, 96, 253,
       55, 211, 124, 221, 253, 253, 63, 211, 31, 255, 235, 215, 36, 87,
       191, 210, 122, 233, 116, 112, 92, 56, 47, 213, 20, 245, 109, 153,
       172, 24, 5, 240, 29, 156, 73, 16, 242, 51, 189, 88, 87, 32, 250,
       124, 189, 255, 253, 114, 231, 255, 119, 255, 252, 199, 253, 223,
       252, 187, 222, 191, 253, 250, 111, 247, 125, 86, 247, 255, 123,
       246, 255, 108, 253, 252, 239, 207, 115, 103, 191, 150, 255, 250,
       125, 121, 61, 247, 102, 255, 189, 255, 111, 189, 174, 169, 255,
       242, 125, 156, 93, 125, 255, 123, 239, 251, 239, 173, 254, 254,
       248, 127, 175, 255, 237, 219, 249, 223, 125, 215, 127, 255, 122,
       255, 252, 251, 215, 127, 114, 253, 23, 191, 124, 255, 255, 253,
       63, 255, 251, 255, 255, 197, 237, 95, 255, 254, 115, 233, 127,
       249, 221, 199, 159, 213, 31, 252, 53, 191, 190, 155, 137, 250,
       183, 156, 113, 96, 246, 251, 185, 255, 95, 58, 255, 123, 245, 124,
       188, 95, 171, 119, 75, 101, 96, 213, 50, 252, 104, 164, 85, 246,
       191, 27, 214, 231, 63, 145, 119, 214, 218, 235, 207, 114, 84, 253,
       225, 223, 47, 86, 191, 75, 120, 245, 126, 248, 223, 92, 75, 209,
       29, 247, 79, 157, 174, 24, 5, 114, 61, 157, 73, 88, 246, 51, 189,
       24, 87, 178, 219, 254, 252, 255, 143, 255, 223, 159, 253, 255,
       231, 159, 126, 253, 110, 251, 253, 251, 213, 123, 102, 221, 135,
