%YAML:1.0
descriptors: !!opencv-matrix
   rows: 93
   cols: 64
   dt: u
   data: [ 63, 181, 253, 190, 63, 253, 253, 127, 247, 252, 252, 241, 125,
       126, 188, 85, 255, 254, 99, 115, 245, 50, 211, 119, 221, 255, 245,
       251, 122, 222, 245, 235, 223, 44, 87, 190, 211, 120, 233, 124,
       120, 93, 56, 47, 212, 53, 247, 111, 153, 172, 24, 5, 240, 29, 156,
       73, 16, 242, 51, 189, 90, 87, 32, 250, 63, 244, 125, 174, 63, 253,
       189, 121, 247, 252, 252, 253, 253, 127, 189, 117, 255, 254, 99,
       115, 245, 34, 211, 118, 253, 255, 245, 251, 91, 95, 247, 235, 223,
       44, 87, 190, 211, 120, 233, 116, 120, 92, 58, 175, 212, 117, 247,
       111, 153, 172, 24, 5, 240, 29, 156, 73, 16, 242, 51, 189, 90, 87,
       32, 250, 62, 49, 253, 254, 55, 39, 93, 110, 246, 110, 249, 177,
       125, 238, 180, 86, 251, 212, 99, 99, 199, 46, 193, 119, 204, 223,
       247, 27, 82, 156, 245, 233, 215, 36, 86, 190, 82, 120, 225, 116,
       112, 94, 56, 47, 213, 20, 245, 111, 153, 172, 24, 5, 240, 29, 156,
       73, 16, 242, 51, 189, 88, 87, 32, 250, 60, 54, 117, 174, 59, 253,
       167, 125, 116, 252, 202, 53, 125, 126, 185, 117, 251, 220, 65, 98,
       245, 32, 195, 114, 77, 157, 160, 171, 90, 78, 51, 239, 215, 36,
       85, 186, 83, 120, 233, 116, 112, 92, 56, 47, 212, 21, 247, 111,
       153, 172, 24, 5, 240, 29, 156, 73, 16, 242, 51, 189, 88, 87, 32,
       250, 63, 53, 253, 246, 63, 55, 121, 126, 214, 254, 211, 113, 127,
       106, 178, 86, 242, 212, 3, 99, 229, 47, 225, 119, 140, 138, 226,
       31, 82, 76, 117, 235, 87, 36, 84, 190, 82, 120, 225, 245, 80, 92,
       57, 15, 208, 20, 241, 111, 153, 172, 24, 5, 240, 29, 156, 73, 16,
       242, 51, 189, 88, 87, 32, 250, 60, 50, 117, 180, 58, 181, 59, 120,
       212, 124, 210, 53, 221, 118, 145, 114, 242, 220, 3, 98, 225, 32,
       192, 126, 76, 136, 164, 139, 82, 13, 49, 239, 247, 36, 85, 186,
       86, 120, 225, 116, 120, 92, 24, 14, 212, 20, 225, 79, 153, 172,
       24, 5, 240, 29, 156, 73, 16, 242, 51, 189, 88, 86, 32, 248, 55,
       183, 125, 138, 63, 157, 149, 120, 247, 94, 148, 241, 237, 127,
       189, 85, 255, 246, 67, 48, 213, 114, 209, 246, 204, 180, 229, 121,
       122, 94, 241, 105, 223, 44, 215, 190, 90, 120, 233, 116, 116, 92,
       58, 47, 212, 48, 245, 111, 153, 172, 24, 5, 240, 29, 156, 73, 24,
       242, 51, 189, 90, 215, 32, 250, 47, 38, 108, 168, 23, 253, 161,
       119, 53, 214, 214, 52, 89, 63, 185, 103, 137, 124, 67, 224, 241,
       82, 208, 115, 93, 168, 132, 129, 120, 28, 57, 201, 213, 36, 215,
       186, 83, 122, 137, 60, 124, 85, 56, 47, 84, 21, 118, 107, 153,
       172, 152, 13, 240, 29, 156, 24, 48, 226, 51, 188, 72, 215, 44,
       250, 60, 181, 245, 190, 18, 175, 53, 123, 247, 92, 204, 245, 125,
       127, 188, 117, 247, 255, 195, 98, 245, 110, 81, 247, 220, 254,
       228, 221, 122, 222, 252, 233, 222, 100, 87, 190, 211, 120, 217,
       124, 125, 93, 62, 167, 213, 117, 247, 111, 185, 164, 152, 13, 242,
       29, 156, 73, 60, 242, 115, 189, 90, 79, 34, 250, 77, 34, 101, 160,
       88, 166, 35, 90, 164, 68, 194, 20, 65, 109, 185, 101, 194, 93, 1,
       100, 192, 32, 128, 115, 76, 136, 136, 13, 80, 8, 57, 73, 112, 4,
       85, 186, 0, 114, 5, 212, 132, 64, 24, 6, 64, 134, 192, 78, 24, 36,
       24, 4, 98, 28, 141, 9, 16, 226, 51, 188, 72, 6, 32, 240, 62, 181,
       253, 254, 63, 183, 125, 127, 247, 126, 249, 177, 125, 111, 180,
       95, 247, 254, 99, 242, 247, 126, 209, 255, 220, 238, 230, 223,
       122, 221, 253, 233, 207, 44, 7, 190, 219, 120, 249, 125, 124, 207,
       125, 175, 214, 117, 247, 111, 185, 172, 152, 13, 226, 29, 156, 93,
       24, 242, 123, 189, 123, 215, 40, 242, 124, 53, 245, 180, 83, 167,
       39, 123, 229, 100, 201, 50, 245, 238, 178, 70, 242, 253, 99, 102,
       251, 175, 210, 247, 94, 234, 164, 141, 82, 156, 120, 233, 203, 39,
       87, 190, 0, 120, 69, 92, 56, 81, 20, 175, 197, 61, 229, 79, 153,
       164, 152, 8, 114, 28, 156, 65, 16, 242, 115, 189, 88, 86, 32, 250,
       101, 38, 241, 52, 217, 166, 39, 72, 164, 101, 129, 51, 163, 203,
       130, 69, 226, 117, 3, 100, 203, 47, 210, 119, 70, 202, 168, 15,
       18, 8, 33, 77, 71, 37, 22, 187, 0, 56, 5, 86, 64, 64, 24, 139,
       193, 72, 229, 79, 24, 36, 24, 0, 112, 24, 156, 65, 16, 250, 51,
       157, 72, 87, 32, 250, 51, 20, 89, 162, 95, 130, 15, 14, 230, 66,
       17, 48, 61, 42, 164, 84, 242, 215, 1, 100, 192, 33, 192, 103, 76,
       128, 232, 13, 18, 40, 113, 105, 21, 36, 20, 186, 98, 112, 1, 84,
       0, 194, 28, 9, 208, 20, 193, 78, 145, 44, 24, 4, 96, 16, 156, 73,
       24, 114, 51, 156, 88, 86, 50, 241, 71, 36, 81, 162, 152, 128, 7,
       73, 130, 98, 33, 48, 1, 2, 128, 82, 98, 84, 5, 96, 137, 160, 136,
       0, 12, 136, 168, 13, 18, 8, 49, 105, 80, 36, 20, 186, 0, 112, 1,
       214, 0, 64, 24, 9, 64, 20, 196, 4, 17, 36, 16, 4, 96, 24, 132, 73,
       16, 114, 35, 156, 72, 22, 32, 248, 60, 185, 255, 244, 54, 187,
       249, 122, 252, 220, 214, 241, 255, 122, 252, 89, 250, 223, 251,
       123, 231, 125, 195, 247, 173, 251, 243, 255, 126, 77, 245, 239,
       223, 102, 245, 190, 127, 120, 249, 117, 249, 221, 255, 111, 249,
       21, 247, 111, 191, 190, 137, 199, 240, 29, 159, 77, 54, 246, 119,
       255, 219, 127, 165, 255, 220, 185, 223, 253, 118, 187, 123, 254,
       220, 181, 213, 186, 255, 242, 182, 90, 250, 221, 123, 111, 175,
       189, 194, 183, 143, 251, 242, 191, 115, 77, 118, 171, 223, 39,
       116, 255, 91, 125, 245, 117, 248, 95, 253, 47, 249, 29, 239, 47,
       157, 172, 25, 199, 240, 61, 156, 73, 80, 254, 51, 191, 89, 87,
       167, 251, 220, 59, 247, 245, 242, 247, 251, 243, 220, 191, 211,
       255, 215, 214, 251, 234, 251, 221, 127, 111, 79, 175, 230, 191,
       143, 223, 191, 175, 214, 206, 54, 190, 115, 39, 125, 255, 82, 127,
       253, 116, 248, 92, 177, 62, 207, 174, 217, 183, 141, 173, 28, 245,
       243, 255, 156, 75, 208, 252, 49, 191, 93, 87, 49, 178, 241, 169,
       215, 215, 48, 79, 209, 238, 222, 197, 23, 221, 55, 254, 218, 234,
       235, 213, 52, 111, 6, 173, 231, 39, 79, 223, 183, 47, 83, 10, 18,
       41, 215, 39, 117, 186, 82, 126, 251, 116, 240, 124, 184, 47, 157,
       22, 245, 238, 153, 172, 91, 133, 240, 29, 156, 73, 16, 242, 51,
       189, 88, 85, 33, 250, 243, 221, 194, 222, 87, 134, 93, 15, 39,
       229, 61, 202, 191, 235, 54, 95, 239, 247, 32, 103, 14, 175, 243,
       103, 78, 215, 179, 47, 19, 24, 82, 41, 215, 38, 20, 186, 66, 124,
       107, 118, 114, 74, 56, 107, 157, 28, 245, 175, 145, 172, 24, 5,
       240, 24, 156, 75, 16, 242, 49, 189, 88, 85, 32, 250, 250, 217,
       218, 215, 119, 71, 217, 139, 222, 227, 21, 218, 191, 202, 54, 94,
       127, 215, 52, 119, 14, 191, 231, 111, 47, 215, 243, 47, 83, 187,
       118, 59, 215, 38, 20, 219, 82, 125, 235, 246, 82, 219, 228, 111,
       155, 28, 245, 63, 221, 172, 26, 5, 248, 29, 156, 75, 16, 242, 49,
       63, 93, 93, 34, 251, 204, 42, 231, 177, 216, 118, 163, 244, 40,
       253, 194, 31, 195, 177, 147, 171, 203, 205, 235, 107, 232, 133,
       238, 184, 78, 235, 28, 162, 216, 7, 51, 223, 245, 35, 117, 187,
       80, 240, 109, 118, 116, 84, 56, 182, 77, 0, 73, 241, 25, 44, 92,
       49, 209, 30, 156, 72, 16, 252, 35, 157, 76, 87, 32, 254, 76, 14,
       231, 169, 218, 245, 163, 197, 173, 255, 202, 31, 211, 164, 187,
       238, 203, 93, 43, 98, 204, 133, 206, 121, 95, 221, 28, 39, 80, 15,
       51, 207, 87, 166, 85, 187, 80, 254, 237, 54, 112, 84, 120, 46, 85,
       20, 125, 241, 153, 172, 24, 5, 211, 29, 156, 72, 16, 224, 51, 189,
       72, 87, 32, 242, 207, 202, 239, 161, 252, 180, 171, 216, 188, 255,
       194, 219, 203, 73, 208, 77, 128, 221, 63, 99, 204, 5, 138, 121,
       111, 222, 63, 39, 214, 7, 51, 31, 215, 36, 92, 187, 82, 125, 237,
       54, 112, 92, 56, 47, 209, 20, 248, 49, 153, 172, 24, 5, 241, 157,
       156, 73, 16, 242, 51, 189, 92, 87, 32, 186, 63, 246, 109, 254, 63,
       189, 159, 56, 255, 255, 209, 248, 253, 127, 60, 87, 252, 254, 67,
