%YAML:1.0
descriptors: !!opencv-matrix
   rows: 102
   cols: 64
   dt: u
   data: [ 63, 247, 125, 254, 63, 189, 253, 121, 247, 254, 253, 248, 125,
       122, 253, 215, 255, 246, 98, 123, 245, 114, 209, 247, 245, 191,
       229, 251, 127, 253, 253, 235, 207, 124, 199, 190, 222, 120, 249,
       125, 124, 95, 127, 47, 244, 245, 245, 111, 187, 174, 152, 15, 242,
       29, 221, 93, 60, 243, 127, 189, 251, 223, 108, 250, 124, 49, 245,
       246, 54, 111, 125, 127, 215, 204, 223, 245, 119, 206, 180, 118,
       255, 223, 99, 103, 247, 47, 225, 55, 221, 254, 230, 221, 82, 222,
       254, 233, 198, 38, 119, 190, 211, 120, 217, 117, 88, 221, 181,
       111, 239, 53, 231, 110, 153, 164, 24, 69, 224, 28, 156, 73, 16,
       242, 115, 191, 89, 87, 161, 250, 63, 181, 253, 218, 55, 189, 93,
       91, 231, 102, 169, 176, 125, 238, 180, 95, 255, 246, 98, 115, 183,
       118, 81, 119, 213, 247, 231, 127, 82, 188, 245, 233, 199, 12, 215,
       190, 202, 120, 243, 125, 120, 223, 52, 173, 246, 116, 245, 111,
       155, 174, 24, 15, 226, 29, 220, 81, 24, 242, 115, 191, 123, 215,
       104, 250, 62, 249, 253, 252, 62, 251, 249, 58, 254, 190, 215, 249,
       127, 123, 252, 218, 252, 223, 99, 251, 245, 127, 193, 247, 173,
       59, 231, 255, 127, 215, 245, 235, 223, 108, 215, 190, 223, 120,
       249, 125, 252, 221, 255, 47, 209, 53, 247, 111, 187, 190, 137, 71,
       240, 29, 222, 93, 62, 247, 127, 255, 251, 255, 236, 255, 60, 33,
       117, 148, 18, 207, 39, 127, 199, 68, 207, 117, 117, 110, 176, 100,
       243, 212, 67, 98, 247, 42, 209, 119, 92, 238, 164, 13, 82, 158,
       125, 233, 71, 36, 71, 186, 82, 122, 201, 92, 80, 85, 20, 46, 196,
       52, 229, 111, 153, 172, 24, 5, 242, 29, 156, 65, 16, 242, 51, 189,
       88, 23, 32, 248, 126, 185, 219, 255, 54, 243, 217, 62, 215, 187,
       213, 248, 255, 194, 177, 90, 254, 215, 122, 123, 167, 127, 198,
       127, 173, 147, 246, 255, 87, 249, 245, 234, 215, 188, 159, 191,
       254, 125, 251, 119, 248, 79, 247, 109, 243, 21, 145, 127, 223,
       174, 154, 199, 242, 29, 252, 93, 80, 243, 123, 255, 121, 191, 225,
       247, 125, 189, 255, 124, 120, 163, 123, 126, 242, 188, 213, 241,
       111, 251, 132, 90, 250, 237, 251, 111, 247, 109, 194, 247, 173,
       170, 230, 223, 123, 13, 245, 239, 223, 103, 52, 191, 86, 120, 241,
       125, 223, 222, 187, 15, 249, 49, 243, 111, 153, 164, 25, 71, 240,
       28, 156, 77, 120, 254, 115, 159, 248, 87, 163, 255, 117, 55, 125,
       92, 126, 159, 83, 120, 242, 116, 215, 48, 237, 123, 153, 68, 226,
       213, 11, 98, 215, 105, 192, 247, 12, 186, 164, 31, 126, 13, 81,
       111, 215, 102, 85, 186, 82, 122, 241, 118, 180, 92, 153, 15, 209,
       128, 193, 79, 153, 172, 25, 5, 240, 29, 159, 73, 48, 246, 59, 157,
       88, 87, 36, 255, 118, 48, 113, 150, 26, 142, 15, 73, 231, 102, 9,
       48, 189, 110, 180, 86, 242, 247, 0, 96, 195, 50, 145, 102, 92,
       212, 164, 15, 18, 184, 93, 105, 147, 164, 86, 190, 66, 120, 35,
       94, 32, 200, 4, 41, 213, 20, 229, 79, 145, 164, 16, 4, 34, 24,
       156, 73, 24, 114, 51, 189, 88, 86, 32, 250, 118, 178, 211, 231,
       255, 160, 203, 136, 90, 59, 82, 127, 175, 70, 129, 80, 114, 215,
       153, 50, 205, 45, 139, 125, 174, 202, 106, 47, 158, 105, 49, 127,
       119, 167, 92, 179, 118, 247, 239, 246, 193, 68, 202, 74, 201, 12,
       217, 23, 156, 60, 24, 37, 244, 180, 156, 235, 64, 126, 182, 191,
       88, 23, 48, 252, 255, 255, 255, 255, 254, 255, 255, 253, 255, 255,
       253, 255, 255, 255, 254, 253, 251, 245, 127, 111, 127, 207, 183,
       60, 239, 255, 255, 63, 223, 95, 126, 191, 240, 109, 92, 255, 82,
       119, 253, 246, 219, 94, 120, 63, 223, 30, 252, 180, 205, 173, 86,
       165, 249, 191, 149, 107, 208, 252, 49, 189, 92, 87, 50, 185, 3,
       142, 142, 215, 111, 215, 150, 6, 54, 252, 22, 69, 158, 125, 59,
       13, 45, 243, 32, 179, 212, 119, 210, 115, 91, 114, 144, 118, 60,
       209, 149, 103, 215, 48, 83, 32, 119, 72, 234, 104, 116, 29, 106,
       47, 213, 20, 245, 111, 153, 232, 24, 5, 246, 13, 152, 201, 19,
       243, 54, 181, 82, 83, 0, 250, 255, 254, 255, 255, 255, 127, 255,
       249, 255, 255, 253, 251, 191, 255, 254, 253, 251, 247, 127, 111,
       127, 223, 191, 60, 127, 255, 127, 63, 255, 91, 126, 191, 240, 111,
       124, 223, 214, 119, 253, 255, 255, 223, 251, 63, 223, 158, 220,
       180, 205, 189, 86, 181, 233, 255, 135, 239, 208, 252, 105, 30,
       223, 92, 50, 189, 197, 14, 131, 85, 201, 130, 235, 200, 168, 235,
       3, 79, 130, 201, 131, 9, 34, 69, 184, 39, 206, 45, 202, 107, 78,
       202, 186, 39, 146, 41, 33, 79, 87, 167, 124, 59, 48, 253, 255, 54,
       193, 108, 136, 74, 235, 24, 217, 147, 89, 140, 24, 53, 213, 254,
       156, 235, 81, 126, 50, 175, 76, 69, 49, 247, 251, 216, 255, 223,
       255, 247, 223, 186, 254, 253, 125, 219, 191, 248, 118, 253, 255,
       215, 125, 111, 126, 143, 174, 125, 111, 255, 255, 62, 223, 91,
       118, 191, 247, 47, 92, 255, 82, 125, 253, 247, 115, 94, 248, 63,
       221, 30, 253, 181, 205, 173, 30, 133, 249, 191, 156, 203, 80, 252,
       49, 191, 92, 85, 16, 254, 250, 217, 247, 215, 239, 231, 223, 187,
       255, 253, 125, 203, 191, 252, 118, 253, 255, 215, 125, 103, 126,
       143, 175, 125, 75, 255, 255, 62, 219, 83, 118, 191, 215, 39, 85,
       255, 83, 125, 253, 118, 112, 92, 120, 63, 221, 28, 253, 181, 157,
       140, 24, 133, 240, 191, 156, 203, 80, 252, 49, 189, 92, 87, 16,
       250, 255, 251, 254, 255, 255, 127, 255, 248, 127, 255, 255, 251,
       255, 254, 254, 253, 255, 215, 125, 111, 127, 221, 175, 56, 239,
       255, 251, 127, 223, 95, 246, 191, 242, 103, 125, 251, 82, 119,
       253, 246, 115, 95, 120, 63, 223, 30, 252, 181, 141, 173, 86, 133,
       248, 191, 141, 79, 208, 252, 49, 189, 93, 95, 50, 184, 2, 2, 1,
       147, 136, 128, 131, 72, 134, 110, 2, 67, 129, 72, 177, 1, 98, 85,
       1, 34, 192, 36, 138, 107, 12, 154, 34, 7, 18, 9, 49, 95, 87, 166,
       92, 58, 80, 248, 33, 86, 96, 64, 8, 10, 64, 20, 209, 67, 25, 44,
       24, 4, 240, 24, 140, 73, 16, 114, 51, 189, 72, 87, 32, 242, 68,
       33, 211, 148, 16, 2, 97, 79, 130, 64, 1, 48, 3, 194, 144, 66, 98,
       84, 1, 103, 7, 172, 192, 35, 14, 138, 162, 13, 18, 8, 48, 73, 82,
       38, 52, 186, 0, 120, 67, 212, 0, 96, 152, 74, 200, 20, 193, 78,
       25, 36, 80, 5, 112, 24, 148, 73, 16, 114, 51, 185, 72, 70, 33,
       248, 59, 149, 249, 254, 95, 174, 119, 94, 245, 124, 212, 251, 175,
       95, 182, 93, 251, 247, 177, 115, 228, 47, 219, 127, 109, 223, 115,
       39, 90, 89, 113, 239, 215, 167, 85, 178, 119, 120, 249, 116, 113,
       220, 250, 111, 213, 21, 245, 111, 153, 164, 24, 4, 240, 29, 158,
       73, 16, 178, 119, 191, 90, 87, 36, 250, 255, 223, 254, 255, 255,
       127, 255, 245, 63, 255, 125, 223, 159, 255, 254, 255, 255, 215,
       125, 111, 127, 221, 167, 56, 111, 255, 187, 127, 223, 95, 254,
       191, 243, 103, 93, 251, 82, 119, 253, 246, 242, 222, 120, 63, 223,
       158, 253, 180, 205, 173, 86, 133, 248, 191, 151, 111, 208, 252,
       57, 189, 92, 87, 50, 187, 125, 55, 253, 188, 122, 191, 63, 123,
       167, 110, 201, 50, 213, 238, 189, 84, 243, 221, 99, 102, 247, 53,
       210, 115, 94, 252, 191, 125, 82, 172, 117, 233, 71, 20, 85, 187,
       128, 120, 225, 93, 48, 72, 61, 47, 245, 156, 245, 79, 157, 172,
       24, 5, 226, 29, 156, 73, 16, 250, 59, 189, 88, 87, 40, 242, 254,
       252, 251, 253, 255, 255, 95, 185, 223, 235, 253, 250, 255, 206,
       238, 254, 253, 215, 62, 223, 191, 189, 243, 127, 255, 223, 251,
       127, 87, 127, 255, 239, 195, 189, 188, 223, 206, 127, 251, 247,
       114, 223, 229, 253, 255, 31, 253, 63, 223, 183, 22, 207, 232, 183,
       247, 111, 208, 247, 249, 251, 255, 93, 186, 190, 255, 253, 109,
       174, 247, 127, 31, 123, 237, 71, 253, 250, 255, 106, 244, 221,
       251, 245, 127, 117, 119, 119, 177, 119, 95, 255, 253, 61, 211,
       158, 118, 169, 210, 44, 87, 159, 194, 120, 233, 124, 120, 222, 60,
