%YAML:1.0
descriptors: !!opencv-matrix
   rows: 108
   cols: 64
   dt: u
   data: [ 62, 189, 255, 254, 54, 127, 253, 127, 215, 254, 223, 245, 127,
       254, 189, 254, 255, 254, 227, 251, 247, 126, 213, 247, 255, 255,
       230, 219, 127, 255, 254, 235, 207, 126, 231, 190, 255, 124, 251,
       125, 120, 253, 247, 111, 254, 181, 247, 239, 251, 190, 171, 223,
       242, 29, 252, 85, 55, 243, 127, 251, 251, 255, 237, 254, 171, 222,
       124, 239, 191, 189, 223, 25, 255, 255, 173, 235, 191, 127, 124,
       221, 255, 247, 238, 187, 245, 118, 91, 125, 245, 247, 247, 127,
       127, 127, 255, 231, 207, 252, 223, 52, 251, 249, 248, 127, 127,
       95, 106, 237, 245, 113, 247, 127, 188, 255, 152, 15, 246, 165,
       223, 125, 62, 247, 246, 191, 251, 251, 172, 218, 252, 232, 255,
       255, 250, 127, 255, 247, 253, 253, 126, 223, 95, 254, 251, 238,
       251, 221, 255, 111, 127, 157, 239, 189, 127, 239, 63, 191, 255,
       223, 126, 191, 245, 103, 125, 251, 87, 247, 253, 254, 251, 93,
       249, 62, 223, 190, 91, 176, 205, 173, 127, 181, 217, 255, 149,
       207, 208, 252, 105, 253, 223, 78, 51, 182, 252, 169, 255, 253,
       114, 127, 241, 247, 221, 252, 206, 189, 87, 246, 251, 238, 187,
       221, 251, 111, 127, 253, 238, 191, 223, 107, 150, 181, 105, 207,
       62, 255, 255, 3, 101, 251, 149, 255, 253, 124, 250, 125, 247, 54,
       127, 183, 99, 234, 191, 172, 239, 255, 211, 127, 157, 92, 206,
       236, 107, 235, 223, 110, 171, 246, 255, 254, 125, 239, 255, 253,
       223, 152, 255, 127, 189, 250, 191, 127, 254, 253, 247, 247, 60,
       251, 239, 119, 187, 124, 239, 215, 251, 127, 255, 123, 255, 63,
       215, 237, 222, 223, 250, 125, 255, 247, 119, 222, 107, 125, 213,
       30, 252, 53, 221, 191, 16, 37, 236, 183, 159, 239, 88, 246, 240,
       63, 252, 223, 58, 191, 255, 254, 127, 239, 255, 254, 223, 152,
       255, 127, 189, 250, 175, 95, 254, 253, 251, 247, 60, 127, 239,
       223, 187, 124, 231, 215, 123, 63, 223, 123, 119, 63, 215, 237,
       223, 223, 242, 245, 255, 247, 115, 220, 106, 125, 221, 26, 252,
       181, 205, 189, 20, 37, 237, 247, 142, 235, 80, 252, 240, 63, 220,
       221, 60, 190, 252, 233, 255, 253, 114, 127, 253, 255, 221, 253,
       254, 255, 87, 254, 251, 238, 187, 221, 255, 111, 63, 157, 238,
       191, 127, 255, 191, 183, 253, 207, 62, 255, 247, 39, 117, 251,
       215, 255, 253, 124, 123, 125, 247, 118, 255, 191, 127, 242, 223,
       173, 255, 253, 217, 127, 156, 76, 212, 252, 105, 255, 95, 95, 51,
       254, 58, 255, 254, 127, 47, 253, 252, 51, 255, 191, 255, 233, 254,
       124, 125, 222, 253, 187, 251, 251, 247, 127, 91, 255, 241, 127,
       247, 254, 109, 247, 255, 230, 223, 250, 235, 36, 255, 153, 250,
       123, 125, 191, 255, 109, 247, 247, 183, 111, 191, 219, 175, 207,
       254, 5, 251, 93, 63, 215, 255, 247, 243, 251, 205, 206, 252, 235,
       255, 253, 114, 127, 245, 255, 221, 253, 254, 189, 87, 246, 219,
       238, 187, 221, 251, 111, 63, 253, 230, 179, 127, 239, 151, 183,
       109, 207, 62, 255, 255, 67, 117, 251, 215, 255, 255, 124, 122,
       125, 251, 119, 255, 191, 127, 234, 255, 172, 239, 255, 209, 127,
       156, 92, 229, 252, 107, 235, 219, 127, 161, 254, 243, 254, 127,
       207, 255, 220, 223, 137, 255, 255, 61, 251, 191, 127, 254, 253,
       255, 247, 60, 187, 205, 119, 155, 124, 229, 215, 251, 127, 255,
       123, 223, 127, 151, 237, 223, 87, 254, 249, 251, 119, 119, 223,
       107, 125, 149, 30, 253, 55, 255, 255, 24, 47, 252, 165, 254, 255,
       120, 247, 246, 63, 255, 221, 190, 191, 236, 175, 255, 253, 48,
       255, 245, 255, 189, 253, 236, 249, 95, 251, 191, 238, 139, 221,
       251, 107, 247, 125, 254, 179, 95, 239, 151, 183, 125, 205, 54,
       239, 223, 3, 119, 186, 215, 252, 253, 124, 120, 61, 251, 103, 255,
       53, 119, 235, 189, 172, 175, 221, 241, 29, 156, 76, 116, 254, 115,
       255, 219, 119, 165, 254, 255, 252, 255, 231, 255, 189, 219, 152,
       255, 253, 151, 255, 191, 127, 246, 125, 242, 247, 60, 51, 205, 87,
       155, 124, 239, 222, 121, 63, 254, 123, 119, 127, 215, 237, 95,
       223, 242, 249, 253, 119, 85, 93, 106, 63, 217, 28, 253, 53, 157,
       188, 24, 5, 244, 183, 156, 107, 88, 246, 178, 189, 220, 95, 48,
       254, 247, 252, 255, 223, 255, 220, 223, 137, 255, 247, 61, 250,
       191, 127, 246, 93, 255, 247, 60, 59, 207, 127, 219, 124, 253, 215,
       255, 127, 255, 123, 215, 127, 151, 237, 223, 223, 250, 121, 251,
       127, 112, 95, 233, 125, 149, 28, 253, 63, 221, 190, 24, 13, 244,
       181, 188, 255, 112, 246, 242, 63, 251, 221, 56, 254, 108, 175,
       255, 249, 112, 255, 247, 247, 157, 253, 206, 191, 211, 244, 187,
       238, 139, 93, 251, 111, 255, 189, 206, 243, 95, 127, 150, 166,
       105, 199, 62, 203, 207, 3, 101, 187, 21, 254, 253, 60, 120, 61,
       246, 38, 253, 53, 119, 235, 191, 172, 169, 253, 211, 93, 156, 92,
       116, 238, 115, 239, 75, 95, 41, 254, 76, 171, 255, 249, 56, 255,
       245, 119, 157, 252, 198, 181, 211, 244, 187, 78, 139, 221, 235,
       107, 247, 45, 202, 243, 95, 235, 150, 167, 72, 197, 51, 207, 215,
       2, 117, 186, 21, 248, 249, 124, 120, 61, 242, 39, 253, 181, 119,
       235, 153, 172, 57, 85, 241, 29, 156, 72, 20, 250, 115, 191, 90,
       87, 33, 250, 58, 152, 158, 255, 47, 249, 216, 53, 95, 187, 87,
       205, 190, 122, 63, 30, 124, 155, 224, 155, 245, 127, 195, 255,
       241, 123, 246, 254, 124, 245, 247, 230, 207, 184, 195, 52, 255,
       89, 248, 121, 120, 93, 243, 47, 247, 117, 183, 111, 187, 202, 153,
       79, 244, 13, 216, 93, 55, 243, 247, 247, 243, 251, 232, 206, 103,
       246, 73, 39, 255, 152, 159, 8, 238, 103, 49, 250, 173, 107, 164,
       85, 226, 245, 12, 113, 201, 103, 155, 108, 68, 214, 185, 63, 22,
       57, 97, 111, 151, 236, 220, 155, 98, 121, 169, 119, 100, 74, 40,
       201, 209, 24, 252, 19, 144, 172, 16, 5, 100, 177, 159, 107, 24,
       246, 178, 157, 216, 87, 48, 187, 103, 254, 239, 143, 255, 158,
       159, 24, 191, 117, 149, 250, 175, 59, 174, 93, 170, 245, 56, 113,
       205, 71, 218, 121, 103, 254, 185, 63, 126, 59, 83, 111, 215, 229,
       87, 155, 82, 121, 237, 119, 117, 92, 104, 175, 213, 24, 253, 59,
       153, 172, 24, 5, 241, 189, 156, 75, 24, 246, 50, 189, 216, 87, 52,
       250, 243, 253, 251, 223, 255, 158, 223, 9, 239, 231, 61, 250, 191,
       254, 182, 94, 255, 247, 62, 63, 142, 127, 211, 109, 253, 215, 255,
       127, 51, 187, 215, 43, 135, 173, 23, 223, 202, 121, 251, 127, 112,
       219, 237, 105, 151, 28, 253, 63, 215, 174, 24, 13, 176, 177, 188,
       255, 80, 246, 112, 63, 249, 221, 56, 250, 127, 54, 125, 183, 255,
       181, 31, 88, 238, 127, 211, 58, 253, 111, 177, 85, 246, 247, 3,
       114, 253, 115, 211, 126, 220, 234, 228, 127, 90, 92, 245, 235,
       215, 44, 87, 190, 218, 120, 233, 127, 124, 92, 88, 15, 213, 21,
       245, 79, 153, 172, 24, 5, 242, 29, 156, 73, 16, 242, 51, 189, 88,
       87, 32, 250, 62, 50, 125, 167, 255, 181, 187, 120, 254, 127, 211,
       119, 237, 127, 185, 85, 242, 215, 67, 114, 233, 33, 195, 124, 204,
       216, 232, 255, 90, 29, 245, 239, 215, 36, 85, 190, 90, 122, 169,
       119, 208, 92, 26, 14, 213, 5, 209, 79, 153, 172, 24, 5, 240, 29,
       156, 73, 16, 242, 51, 189, 88, 87, 32, 250, 62, 178, 121, 191, 63,
       181, 155, 29, 255, 255, 81, 248, 189, 74, 177, 87, 254, 246, 3,
       243, 237, 114, 211, 126, 205, 154, 230, 255, 82, 121, 245, 235,
       215, 172, 223, 190, 219, 120, 233, 119, 120, 76, 121, 45, 214, 85,
       209, 127, 155, 172, 24, 5, 240, 29, 156, 89, 16, 242, 51, 189,
       120, 215, 40, 242, 13, 6, 229, 168, 217, 191, 163, 124, 180, 124,
       194, 5, 201, 61, 185, 69, 194, 125, 195, 96, 240, 71, 218, 241,
       70, 232, 12, 134, 124, 68, 57, 203, 221, 32, 87, 186, 81, 122, 45,
       52, 252, 84, 26, 134, 85, 225, 246, 75, 152, 44, 24, 4, 241, 29,
       156, 9, 16, 226, 51, 188, 74, 87, 32, 248, 12, 47, 247, 216, 48,
       127, 101, 119, 241, 220, 198, 181, 81, 244, 185, 202, 203, 220,
