%YAML:1.0
descriptors: !!opencv-matrix
   rows: 79
   cols: 64
   dt: u
   data: [ 63, 247, 125, 250, 63, 189, 253, 121, 247, 126, 244, 241, 253,
       123, 189, 85, 254, 246, 99, 114, 245, 114, 209, 119, 221, 187,
       229, 255, 126, 92, 245, 235, 215, 108, 215, 190, 222, 120, 249,
       125, 124, 95, 58, 175, 212, 181, 245, 111, 153, 172, 24, 13, 240,
       29, 156, 89, 48, 242, 115, 189, 90, 215, 40, 251, 63, 181, 253,
       250, 55, 189, 125, 127, 247, 246, 253, 176, 125, 190, 188, 95,
       255, 254, 99, 123, 183, 118, 209, 247, 221, 255, 229, 255, 123,
       252, 245, 233, 207, 12, 215, 190, 219, 120, 241, 125, 124, 223,
       125, 173, 247, 117, 247, 111, 155, 174, 152, 15, 242, 29, 220, 93,
       56, 242, 115, 189, 123, 215, 104, 250, 126, 53, 253, 214, 54, 183,
       95, 127, 215, 230, 213, 176, 127, 238, 180, 86, 255, 215, 114,
       127, 183, 63, 209, 247, 221, 234, 230, 95, 82, 60, 244, 233, 199,
       44, 52, 190, 218, 120, 241, 117, 112, 217, 189, 175, 247, 52, 229,
       111, 155, 174, 25, 15, 240, 29, 156, 77, 16, 242, 115, 251, 121,
       23, 40, 250, 126, 249, 255, 255, 54, 243, 249, 254, 215, 186, 213,
       184, 127, 194, 191, 218, 255, 215, 122, 127, 135, 125, 230, 63,
       173, 203, 242, 255, 91, 233, 244, 234, 215, 52, 181, 191, 222,
       124, 251, 117, 250, 95, 247, 109, 247, 149, 209, 111, 223, 174,
       31, 199, 242, 61, 189, 93, 208, 243, 59, 251, 121, 95, 163, 247,
       117, 53, 117, 150, 122, 143, 95, 121, 198, 100, 215, 52, 253, 127,
       144, 86, 246, 215, 66, 98, 215, 43, 209, 247, 220, 250, 228, 95,
       82, 156, 253, 109, 199, 36, 85, 190, 194, 122, 193, 94, 80, 88,
       25, 174, 197, 36, 229, 79, 153, 164, 25, 13, 240, 29, 156, 73, 16,
       242, 51, 185, 88, 23, 32, 250, 127, 185, 255, 213, 254, 179, 219,
       126, 254, 181, 213, 249, 255, 251, 148, 90, 250, 215, 122, 111,
       239, 111, 195, 255, 143, 251, 247, 127, 122, 45, 245, 239, 215,
       47, 84, 191, 94, 125, 251, 119, 120, 95, 249, 111, 249, 60, 245,
       111, 157, 172, 25, 199, 240, 61, 156, 75, 80, 246, 115, 191, 248,
       87, 161, 255, 126, 48, 125, 222, 254, 159, 91, 104, 246, 102, 149,
       60, 253, 106, 189, 84, 242, 213, 18, 98, 207, 41, 194, 127, 140,
       202, 166, 47, 82, 9, 117, 111, 215, 36, 85, 187, 66, 120, 225,
       118, 176, 222, 88, 15, 213, 28, 225, 79, 153, 172, 24, 5, 240, 29,
       156, 73, 16, 242, 59, 189, 88, 87, 34, 249, 119, 54, 113, 179,
       217, 132, 11, 73, 198, 103, 145, 56, 245, 106, 144, 84, 226, 213,
       3, 100, 203, 35, 130, 108, 92, 200, 172, 47, 18, 24, 49, 43, 71,
       36, 84, 155, 66, 112, 37, 86, 0, 74, 24, 138, 209, 28, 193, 23,
       153, 172, 24, 5, 96, 28, 156, 73, 16, 242, 51, 189, 88, 86, 32,
       249, 254, 242, 251, 231, 255, 180, 219, 153, 254, 255, 144, 127,
       175, 74, 177, 93, 242, 215, 60, 50, 205, 47, 155, 125, 174, 218,
       123, 47, 222, 123, 117, 191, 103, 239, 94, 191, 246, 125, 239,
       117, 209, 78, 66, 78, 209, 20, 217, 23, 157, 188, 24, 5, 240, 181,
       156, 107, 80, 246, 114, 191, 94, 95, 50, 189, 255, 255, 255, 255,
       255, 127, 255, 251, 255, 255, 253, 251, 255, 255, 254, 253, 251,
       245, 127, 111, 127, 143, 191, 61, 111, 255, 255, 63, 223, 95, 126,
       191, 240, 103, 124, 255, 82, 119, 253, 247, 251, 222, 120, 63,
       223, 159, 220, 180, 205, 173, 86, 181, 249, 255, 135, 239, 208,
       252, 105, 63, 93, 92, 50, 185, 250, 217, 255, 223, 255, 255, 223,
       255, 255, 255, 127, 223, 191, 252, 255, 253, 255, 215, 127, 111,
       126, 159, 239, 125, 111, 255, 255, 63, 223, 91, 118, 191, 247, 47,
       93, 255, 82, 127, 253, 247, 115, 95, 248, 63, 223, 30, 253, 181,
       221, 173, 30, 133, 248, 191, 157, 75, 208, 244, 49, 191, 93, 93,
       50, 190, 251, 219, 223, 223, 255, 247, 223, 186, 254, 255, 61,
       219, 191, 251, 118, 253, 255, 215, 125, 111, 206, 143, 239, 125,
       107, 255, 191, 62, 223, 27, 118, 63, 215, 39, 85, 255, 82, 125,
       253, 246, 114, 94, 120, 63, 221, 28, 253, 183, 157, 173, 24, 133,
       248, 191, 156, 203, 80, 244, 49, 189, 92, 85, 32, 250, 251, 219,
       214, 215, 239, 223, 223, 186, 254, 253, 62, 203, 191, 253, 114,
       253, 255, 215, 61, 103, 206, 143, 171, 125, 75, 255, 187, 46, 210,
       3, 114, 63, 215, 39, 84, 251, 82, 125, 237, 244, 112, 92, 56, 63,
       221, 28, 253, 183, 157, 172, 24, 5, 240, 63, 156, 203, 80, 244,
       51, 189, 92, 87, 32, 250, 199, 6, 130, 35, 217, 130, 163, 204, 40,
       123, 2, 67, 130, 139, 131, 5, 66, 101, 185, 0, 200, 135, 202, 105,
       70, 200, 24, 39, 146, 9, 33, 79, 87, 163, 92, 49, 48, 188, 37, 6,
       64, 68, 10, 138, 73, 8, 73, 145, 88, 12, 24, 52, 197, 250, 156,
       171, 16, 44, 179, 189, 76, 23, 48, 242, 84, 49, 243, 213, 16, 6,
       233, 238, 194, 196, 1, 52, 67, 194, 147, 82, 226, 212, 1, 103, 7,
       173, 196, 3, 12, 138, 162, 9, 82, 8, 48, 123, 118, 38, 52, 186,
       18, 124, 67, 212, 144, 64, 176, 78, 202, 20, 65, 110, 153, 44, 56,
       5, 112, 28, 148, 73, 16, 242, 49, 187, 88, 6, 33, 251, 2, 128,
       128, 178, 73, 130, 4, 2, 4, 110, 0, 195, 146, 78, 54, 25, 107,
       215, 33, 99, 192, 37, 202, 123, 78, 222, 177, 47, 82, 0, 49, 107,
       215, 38, 85, 186, 83, 120, 105, 116, 112, 76, 56, 43, 213, 20,
       245, 111, 153, 172, 24, 5, 240, 29, 156, 73, 16, 242, 51, 189, 88,
       87, 32, 250, 44, 46, 239, 161, 31, 247, 163, 255, 252, 252, 222,
       53, 121, 62, 187, 228, 235, 220, 99, 98, 245, 35, 198, 119, 77,
       237, 148, 167, 82, 14, 51, 235, 215, 36, 85, 186, 83, 122, 233,
       116, 120, 92, 56, 46, 213, 21, 247, 111, 153, 172, 24, 5, 240, 29,
       156, 73, 16, 242, 51, 189, 88, 87, 32, 250, 205, 239, 125, 184,
       112, 63, 47, 91, 165, 94, 225, 250, 95, 105, 252, 207, 235, 253,
       39, 101, 100, 96, 176, 114, 77, 223, 177, 63, 89, 10, 50, 233,
       210, 36, 84, 186, 82, 120, 233, 116, 116, 94, 56, 47, 213, 20,
       244, 110, 153, 172, 24, 5, 224, 29, 159, 73, 24, 242, 51, 189, 88,
       87, 32, 186, 45, 39, 237, 170, 23, 63, 37, 123, 244, 214, 212,
       180, 125, 63, 189, 71, 234, 252, 67, 96, 241, 86, 209, 247, 93,
       184, 164, 141, 114, 156, 48, 233, 222, 36, 87, 186, 83, 120, 137,
       124, 120, 93, 56, 47, 84, 53, 247, 110, 153, 172, 24, 5, 240, 29,
       156, 73, 16, 242, 51, 189, 88, 87, 32, 250, 248, 253, 255, 255,
       126, 127, 255, 255, 253, 255, 254, 253, 127, 255, 254, 238, 251,
       213, 251, 107, 246, 255, 246, 63, 127, 235, 182, 63, 127, 217,
       127, 239, 247, 103, 119, 251, 214, 255, 249, 253, 222, 255, 255,
       63, 255, 182, 245, 111, 159, 172, 223, 141, 250, 63, 159, 93, 248,
       254, 123, 255, 223, 222, 43, 255, 125, 63, 117, 252, 118, 127,
       163, 126, 229, 92, 202, 53, 77, 125, 249, 229, 251, 253, 219, 110,
       117, 105, 148, 183, 223, 253, 44, 221, 253, 214, 122, 249, 84,
       103, 247, 191, 208, 114, 221, 93, 189, 85, 26, 190, 77, 171, 231,
       110, 140, 53, 222, 8, 242, 63, 134, 85, 248, 254, 107, 159, 218,
       199, 44, 240, 189, 254, 125, 207, 255, 253, 191, 248, 255, 221,
       254, 253, 253, 127, 253, 245, 251, 244, 79, 107, 245, 114, 167,
       116, 237, 255, 229, 59, 255, 95, 127, 251, 245, 100, 85, 190, 82,
       115, 249, 244, 247, 93, 120, 62, 212, 134, 244, 111, 153, 173, 28,
       5, 250, 29, 159, 73, 16, 242, 51, 189, 88, 95, 34, 248, 125, 182,
       245, 248, 126, 247, 47, 127, 245, 254, 248, 177, 109, 79, 189,
       231, 251, 252, 203, 106, 241, 99, 222, 63, 76, 237, 46, 141, 95,
       92, 121, 239, 101, 47, 223, 191, 214, 116, 125, 117, 126, 76, 122,
       175, 87, 161, 119, 127, 188, 188, 92, 4, 226, 188, 158, 69, 128,
       182, 107, 158, 222, 198, 40, 180, 222, 223, 222, 255, 255, 123,
       250, 249, 63, 249, 255, 255, 190, 247, 235, 254, 239, 223, 61,
       111, 77, 141, 167, 56, 79, 223, 251, 111, 215, 15, 178, 63, 243,
       37, 85, 251, 83, 117, 237, 244, 114, 92, 56, 63, 221, 31, 255,
       181, 157, 173, 30, 5, 248, 63, 156, 73, 80, 252, 49, 189, 92, 87,
