%YAML:1.0
descriptors: !!opencv-matrix
   rows: 78
   cols: 64
   dt: u
   data: [ 255, 254, 127, 255, 254, 255, 255, 249, 253, 255, 253, 255,
       255, 127, 252, 253, 243, 245, 127, 107, 245, 119, 211, 126, 253,
       255, 253, 191, 127, 95, 127, 255, 215, 108, 87, 190, 214, 123,
       249, 245, 254, 95, 123, 63, 213, 55, 245, 111, 157, 173, 24, 13,
       240, 29, 157, 77, 24, 246, 51, 189, 218, 95, 42, 251, 62, 242,
       125, 254, 63, 189, 253, 120, 255, 255, 253, 251, 253, 127, 252,
       85, 246, 254, 99, 251, 245, 118, 195, 255, 205, 190, 229, 251,
       126, 95, 245, 235, 223, 44, 87, 190, 219, 120, 249, 117, 124, 94,
       59, 47, 212, 53, 247, 111, 153, 172, 24, 5, 240, 29, 156, 73, 16,
       242, 51, 189, 88, 87, 32, 250, 126, 49, 241, 246, 119, 34, 123,
       78, 198, 4, 213, 48, 125, 202, 176, 86, 250, 215, 67, 86, 231, 47,
       193, 87, 140, 154, 230, 221, 82, 188, 244, 232, 6, 46, 6, 190,
       202, 120, 211, 85, 8, 201, 149, 75, 193, 85, 161, 78, 152, 166,
       153, 67, 98, 28, 28, 65, 8, 178, 115, 187, 56, 23, 165, 251, 13,
       43, 231, 180, 24, 107, 165, 126, 180, 188, 202, 53, 65, 255, 155,
       195, 235, 221, 163, 98, 229, 45, 192, 115, 79, 223, 148, 133, 88,
       14, 50, 203, 215, 36, 85, 186, 80, 120, 233, 116, 124, 84, 56, 47,
       197, 21, 247, 111, 153, 172, 24, 5, 240, 29, 156, 73, 16, 242, 51,
       189, 88, 71, 32, 250, 220, 41, 207, 244, 118, 115, 121, 254, 148,
       189, 215, 245, 91, 242, 178, 234, 234, 221, 63, 111, 77, 173, 230,
       51, 15, 202, 166, 143, 83, 12, 50, 235, 247, 37, 116, 251, 82,
       126, 193, 244, 210, 92, 56, 62, 219, 6, 193, 110, 153, 172, 94, 5,
       240, 29, 156, 73, 16, 242, 51, 189, 88, 22, 34, 251, 55, 245, 125,
       154, 55, 149, 29, 57, 231, 70, 185, 184, 253, 43, 180, 87, 247,
       246, 98, 240, 147, 114, 209, 102, 220, 181, 229, 121, 18, 156,
       213, 41, 194, 44, 150, 158, 202, 120, 33, 124, 50, 74, 52, 173,
       148, 48, 244, 78, 147, 172, 16, 1, 48, 25, 220, 81, 24, 242, 51,
       157, 88, 211, 104, 250, 117, 39, 245, 8, 80, 71, 35, 254, 194, 4,
       209, 52, 64, 163, 143, 66, 234, 196, 3, 100, 73, 129, 198, 148,
       78, 168, 172, 9, 131, 12, 56, 41, 244, 36, 85, 186, 0, 112, 5, 92,
       50, 90, 24, 14, 84, 56, 193, 76, 153, 44, 89, 4, 112, 28, 148, 73,
       0, 240, 33, 184, 88, 70, 34, 249, 126, 233, 251, 184, 18, 79, 63,
       111, 141, 206, 121, 188, 83, 142, 191, 254, 235, 213, 51, 101, 15,
       151, 230, 51, 77, 221, 191, 45, 83, 138, 50, 169, 192, 36, 85,
       187, 66, 124, 237, 116, 48, 200, 52, 43, 215, 28, 117, 188, 157,
       172, 18, 5, 224, 29, 148, 73, 144, 242, 57, 185, 93, 87, 32, 178,
       39, 244, 116, 138, 159, 165, 7, 89, 231, 68, 173, 122, 237, 127,
       180, 85, 242, 245, 71, 112, 241, 102, 145, 116, 84, 188, 229, 57,
       122, 28, 121, 161, 206, 108, 22, 190, 194, 56, 57, 124, 124, 202,
       56, 175, 212, 112, 244, 79, 153, 164, 152, 8, 240, 28, 156, 77,
       56, 178, 115, 157, 218, 215, 44, 250, 49, 182, 117, 39, 253, 188,
       163, 120, 248, 61, 210, 107, 237, 89, 4, 21, 118, 239, 207, 177,
       240, 103, 27, 253, 160, 58, 125, 246, 124, 85, 225, 239, 223, 232,
       218, 52, 253, 185, 248, 39, 93, 92, 74, 143, 209, 97, 255, 83,
       184, 214, 137, 43, 244, 165, 222, 69, 46, 150, 214, 135, 242, 223,
       108, 94, 29, 178, 85, 167, 191, 185, 187, 120, 92, 89, 215, 119,
       165, 90, 160, 81, 250, 213, 1, 96, 229, 36, 130, 112, 44, 154,
       240, 47, 86, 8, 113, 235, 215, 36, 85, 186, 82, 120, 233, 117,
       241, 92, 26, 15, 209, 5, 245, 79, 153, 172, 24, 5, 240, 29, 156,
       73, 16, 242, 51, 189, 88, 87, 32, 250, 18, 241, 89, 158, 55, 145,
       221, 10, 198, 130, 21, 250, 189, 74, 180, 90, 118, 215, 0, 51,
       135, 118, 193, 103, 173, 146, 247, 89, 18, 232, 213, 104, 151, 44,
       151, 158, 74, 120, 235, 117, 48, 219, 229, 105, 182, 20, 245, 111,
       147, 174, 153, 7, 178, 17, 252, 89, 24, 179, 58, 251, 57, 95, 34,
       251, 27, 144, 152, 62, 31, 233, 90, 12, 23, 42, 147, 229, 188, 78,
       44, 113, 253, 150, 0, 147, 196, 51, 203, 111, 197, 202, 226, 111,
       82, 99, 239, 102, 223, 172, 93, 52, 115, 232, 232, 119, 112, 220,
       110, 41, 215, 85, 181, 111, 153, 238, 24, 5, 228, 29, 220, 65, 16,
       178, 183, 189, 152, 87, 160, 110, 5, 142, 146, 117, 40, 240, 232,
       214, 56, 187, 74, 197, 2, 85, 9, 169, 13, 8, 161, 131, 228, 44,
       110, 219, 65, 95, 19, 226, 76, 7, 163, 86, 255, 146, 89, 32, 53,
       136, 232, 34, 121, 60, 42, 166, 245, 81, 211, 107, 185, 200, 40,
       67, 244, 13, 24, 72, 23, 211, 151, 165, 208, 115, 193, 110, 45,
       54, 101, 162, 159, 181, 163, 120, 244, 124, 210, 119, 253, 63,
       185, 69, 226, 253, 67, 96, 241, 102, 153, 117, 76, 168, 36, 135,
       126, 92, 121, 235, 223, 44, 87, 186, 87, 122, 169, 124, 220, 84,
       26, 14, 84, 161, 210, 79, 153, 44, 24, 5, 240, 29, 156, 73, 16,
       242, 51, 188, 90, 87, 32, 248, 191, 255, 125, 222, 255, 127, 223,
       249, 255, 125, 253, 251, 127, 127, 244, 253, 243, 246, 127, 123,
       245, 250, 177, 126, 255, 239, 231, 59, 255, 223, 255, 255, 251,
       108, 22, 254, 214, 113, 249, 253, 123, 223, 251, 63, 212, 54, 245,
       111, 173, 173, 159, 13, 248, 31, 158, 93, 48, 246, 115, 159, 250,
       222, 46, 253, 50, 17, 152, 22, 31, 0, 92, 14, 70, 42, 17, 48, 52,
       66, 36, 82, 126, 146, 0, 146, 195, 34, 193, 15, 128, 130, 226, 75,
       18, 40, 197, 106, 215, 44, 20, 190, 90, 104, 226, 119, 112, 72, 5,
       73, 208, 20, 165, 79, 145, 174, 24, 5, 244, 24, 28, 73, 16, 51,
       51, 185, 56, 86, 32, 234, 47, 54, 229, 162, 29, 176, 33, 94, 228,
       126, 192, 115, 237, 11, 166, 69, 234, 245, 35, 96, 225, 7, 219,
       119, 68, 168, 176, 47, 90, 12, 33, 233, 215, 36, 84, 186, 82, 120,
       33, 116, 124, 76, 58, 143, 209, 17, 245, 79, 152, 172, 24, 4, 240,
       29, 156, 73, 16, 242, 51, 157, 88, 87, 32, 250, 197, 111, 101, 32,
       217, 122, 39, 90, 168, 84, 170, 50, 202, 255, 204, 229, 195, 109,
       175, 100, 125, 196, 24, 112, 71, 253, 25, 165, 248, 14, 34, 1,
       218, 71, 85, 186, 0, 48, 125, 28, 44, 52, 56, 183, 69, 203, 116,
       193, 136, 37, 16, 48, 193, 127, 143, 9, 56, 236, 1, 173, 72, 215,
       36, 24, 124, 188, 255, 187, 27, 247, 177, 255, 253, 253, 198, 189,
       127, 190, 251, 255, 251, 212, 99, 99, 253, 167, 254, 55, 77, 235,
       176, 47, 91, 75, 123, 255, 247, 36, 85, 186, 82, 122, 233, 116,
       248, 93, 56, 46, 213, 23, 209, 111, 153, 172, 24, 5, 240, 29, 156,
       73, 16, 242, 51, 189, 88, 87, 32, 250, 125, 182, 127, 203, 254,
       183, 175, 249, 255, 255, 106, 187, 253, 46, 251, 117, 242, 247,
       219, 42, 253, 245, 94, 252, 217, 236, 127, 255, 220, 89, 255, 255,
       111, 199, 223, 183, 213, 253, 189, 119, 126, 68, 106, 190, 87,
       239, 81, 113, 190, 253, 60, 37, 230, 253, 157, 223, 212, 252, 215,
       142, 223, 223, 120, 182, 114, 112, 89, 170, 23, 130, 31, 9, 198,
       35, 145, 184, 189, 10, 132, 86, 126, 151, 22, 213, 11, 146, 129,
       12, 140, 149, 249, 45, 19, 184, 229, 40, 64, 44, 156, 159, 202,
       121, 33, 87, 32, 202, 53, 41, 147, 28, 148, 28, 151, 166, 16, 0,
       40, 24, 246, 115, 208, 178, 57, 88, 61, 215, 56, 179, 190, 253,
       238, 248, 55, 127, 253, 255, 189, 255, 252, 250, 63, 254, 254,
       207, 155, 245, 127, 123, 183, 255, 247, 127, 125, 255, 247, 51,
       127, 255, 127, 235, 207, 78, 215, 254, 246, 127, 251, 125, 250,
       255, 255, 125, 215, 119, 119, 111, 191, 175, 191, 141, 250, 29,
       255, 92, 56, 246, 255, 255, 251, 255, 175, 255, 110, 100, 109,
       136, 23, 31, 7, 123, 231, 70, 189, 178, 125, 170, 252, 71, 226,
       212, 7, 109, 17, 210, 128, 52, 77, 129, 173, 9, 83, 24, 56, 41,
       240, 36, 20, 250, 66, 120, 1, 244, 178, 202, 56, 15, 82, 150, 64,
       76, 153, 173, 18, 4, 104, 29, 135, 73, 16, 240, 41, 156, 92, 86,
       34, 177, 109, 62, 111, 121, 254, 191, 239, 248, 249, 254, 234, 51,
