%YAML:1.0
descriptors: !!opencv-matrix
   rows: 93
   cols: 64
   dt: u
   data: [ 60, 185, 253, 254, 55, 253, 249, 126, 247, 254, 215, 245, 125,
       126, 190, 126, 255, 222, 99, 99, 245, 63, 195, 247, 205, 235, 246,
       223, 90, 222, 247, 235, 223, 44, 87, 190, 83, 120, 233, 117, 120,
       93, 57, 47, 213, 53, 247, 111, 153, 172, 24, 5, 240, 29, 156, 73,
       16, 242, 51, 189, 88, 87, 32, 250, 31, 178, 77, 174, 63, 185, 191,
       120, 124, 188, 254, 243, 237, 63, 253, 81, 251, 253, 33, 242, 229,
       36, 195, 122, 77, 253, 241, 191, 122, 15, 115, 239, 215, 36, 85,
       186, 91, 120, 233, 116, 112, 92, 58, 47, 213, 21, 247, 111, 153,
       172, 24, 5, 240, 29, 156, 73, 16, 242, 51, 189, 88, 87, 32, 250,
       30, 147, 220, 186, 55, 179, 184, 127, 52, 186, 212, 181, 60, 54,
       173, 114, 230, 222, 1, 243, 197, 36, 193, 115, 77, 138, 224, 205,
       82, 4, 177, 234, 223, 36, 85, 186, 83, 120, 233, 116, 112, 92, 56,
       47, 212, 21, 247, 111, 153, 172, 24, 5, 240, 29, 156, 73, 16, 242,
       51, 189, 88, 87, 32, 250, 45, 35, 229, 252, 56, 247, 165, 126,
       180, 124, 194, 53, 93, 127, 185, 197, 235, 220, 195, 98, 245, 42,
       196, 119, 76, 185, 164, 133, 88, 76, 49, 207, 215, 38, 85, 186,
       83, 112, 233, 116, 124, 84, 56, 47, 69, 165, 247, 111, 153, 172,
       24, 5, 240, 29, 156, 73, 16, 242, 51, 189, 88, 71, 32, 250, 29,
       62, 247, 116, 60, 237, 173, 126, 249, 252, 202, 53, 205, 117, 153,
       193, 171, 204, 227, 106, 245, 45, 74, 251, 207, 127, 182, 182,
       108, 71, 49, 207, 223, 98, 117, 186, 93, 186, 249, 117, 125, 124,
       187, 175, 237, 161, 247, 107, 184, 172, 8, 67, 240, 29, 156, 73,
       4, 242, 19, 191, 218, 71, 37, 254, 94, 185, 239, 253, 54, 115,
       249, 254, 208, 186, 221, 189, 95, 245, 155, 234, 187, 220, 123,
       111, 167, 173, 230, 191, 173, 203, 166, 159, 91, 101, 54, 254,
       247, 63, 53, 251, 95, 127, 249, 117, 122, 110, 187, 126, 255, 149,
       195, 110, 155, 172, 95, 199, 248, 29, 156, 77, 196, 246, 123, 219,
       121, 54, 163, 247, 59, 48, 217, 158, 63, 161, 93, 30, 215, 106,
       145, 177, 61, 78, 164, 87, 254, 214, 0, 83, 194, 42, 193, 111,
       196, 138, 226, 95, 82, 121, 245, 111, 215, 172, 20, 190, 194, 120,
       227, 119, 112, 202, 103, 107, 214, 20, 229, 111, 145, 166, 24, 5,
       224, 24, 156, 65, 24, 178, 179, 187, 24, 87, 160, 242, 50, 49, 89,
       150, 63, 137, 89, 43, 198, 106, 17, 52, 61, 78, 180, 86, 254, 214,
       0, 83, 198, 58, 193, 47, 140, 150, 227, 11, 82, 59, 245, 105, 195,
       44, 21, 190, 74, 120, 227, 119, 112, 200, 53, 43, 212, 20, 165,
       111, 145, 174, 24, 5, 224, 25, 156, 65, 16, 178, 51, 185, 88, 87,
       32, 250, 55, 181, 125, 158, 55, 5, 29, 11, 230, 70, 21, 240, 61,
       106, 180, 85, 246, 214, 0, 112, 211, 34, 209, 103, 220, 146, 225,
       89, 18, 56, 213, 105, 214, 36, 20, 190, 194, 120, 225, 117, 112,
       202, 60, 43, 212, 20, 245, 79, 145, 172, 24, 5, 96, 24, 156, 73,
       24, 242, 51, 189, 88, 87, 32, 251, 57, 148, 252, 252, 63, 189,
       125, 62, 181, 126, 220, 149, 29, 125, 61, 95, 253, 254, 211, 250,
       244, 122, 208, 127, 249, 126, 230, 214, 125, 113, 253, 239, 223,
       248, 147, 52, 247, 251, 248, 121, 124, 223, 255, 47, 246, 165,
       247, 111, 191, 251, 159, 15, 238, 157, 159, 93, 63, 183, 255, 223,
       251, 175, 174, 246, 126, 241, 233, 186, 87, 119, 95, 79, 199, 198,
       145, 184, 59, 138, 182, 95, 235, 213, 49, 101, 11, 147, 230, 55,
       76, 213, 187, 45, 83, 24, 52, 41, 208, 36, 149, 219, 66, 124, 5,
       116, 50, 203, 60, 41, 215, 28, 245, 44, 159, 172, 18, 5, 98, 25,
       148, 73, 144, 242, 57, 157, 93, 87, 50, 243, 19, 208, 24, 143, 47,
       192, 222, 36, 26, 187, 29, 205, 188, 70, 13, 48, 125, 146, 32,
       147, 196, 48, 207, 74, 169, 87, 241, 122, 87, 107, 215, 127, 215,
       176, 25, 52, 127, 201, 234, 115, 113, 92, 109, 41, 213, 20, 245,
       111, 155, 238, 25, 7, 244, 5, 152, 73, 18, 243, 190, 185, 208, 91,
       32, 238, 69, 37, 161, 0, 65, 70, 35, 111, 128, 68, 194, 52, 81,
       142, 139, 102, 203, 16, 3, 68, 65, 131, 196, 3, 30, 201, 156, 13,
       66, 140, 50, 9, 68, 36, 69, 186, 0, 112, 77, 92, 48, 80, 20, 35,
       69, 20, 37, 236, 25, 44, 88, 4, 240, 28, 20, 65, 16, 226, 35, 184,
       8, 71, 32, 234, 13, 47, 231, 216, 48, 127, 33, 119, 169, 220, 74,
       21, 81, 181, 249, 226, 139, 108, 227, 106, 244, 100, 80, 179, 93,
       125, 20, 132, 108, 198, 58, 201, 215, 2, 87, 170, 80, 122, 217,
       60, 252, 53, 56, 39, 69, 166, 103, 234, 153, 45, 44, 20, 243, 29,
       158, 12, 20, 226, 3, 173, 72, 71, 33, 250, 8, 202, 14, 225, 44,
       241, 248, 240, 56, 186, 70, 193, 192, 81, 73, 129, 13, 200, 229,
       171, 228, 100, 76, 219, 233, 95, 19, 242, 108, 71, 163, 214, 223,
       82, 217, 32, 125, 152, 248, 33, 124, 60, 186, 39, 245, 165, 247,
       107, 186, 217, 44, 67, 244, 13, 216, 72, 23, 211, 151, 167, 82,
       115, 229, 254, 3, 150, 16, 39, 169, 192, 152, 0, 58, 185, 2, 205,
       164, 109, 0, 17, 109, 170, 164, 147, 196, 42, 91, 75, 209, 95,
       243, 114, 8, 35, 227, 102, 223, 184, 75, 36, 177, 136, 232, 106,
       105, 28, 42, 171, 245, 81, 183, 107, 185, 202, 24, 3, 244, 5, 216,
       65, 23, 211, 183, 181, 178, 115, 160, 78, 39, 118, 113, 138, 223,
       140, 7, 9, 230, 70, 43, 48, 189, 46, 252, 85, 251, 247, 5, 100,
       65, 18, 144, 100, 84, 213, 41, 45, 146, 154, 81, 41, 64, 36, 95,
       154, 66, 112, 33, 94, 36, 208, 28, 41, 69, 28, 244, 12, 129, 164,
       16, 4, 34, 29, 135, 73, 24, 114, 48, 188, 88, 71, 32, 176, 35,
       245, 73, 130, 31, 140, 29, 9, 230, 71, 49, 240, 173, 75, 164, 85,
       234, 246, 4, 49, 194, 34, 241, 103, 68, 151, 225, 47, 18, 56, 81,
       105, 215, 44, 84, 154, 66, 120, 235, 246, 96, 202, 40, 41, 144,
       20, 245, 79, 145, 164, 24, 4, 32, 25, 156, 75, 16, 50, 50, 189,
       88, 85, 32, 250, 45, 238, 237, 248, 62, 253, 253, 125, 253, 254,
       238, 248, 89, 125, 254, 237, 139, 252, 99, 107, 245, 112, 254,
       255, 125, 255, 151, 179, 125, 95, 63, 203, 199, 70, 223, 186, 210,
       122, 249, 60, 122, 255, 122, 191, 213, 183, 245, 107, 153, 173,
       30, 13, 240, 29, 159, 28, 16, 226, 123, 189, 219, 223, 42, 250,
       126, 221, 250, 252, 55, 127, 125, 111, 149, 230, 253, 248, 127,
       236, 182, 222, 153, 157, 114, 127, 182, 127, 242, 55, 125, 203,
       246, 127, 123, 245, 126, 233, 135, 30, 135, 238, 246, 125, 250,
       125, 122, 255, 245, 105, 247, 21, 247, 110, 255, 174, 155, 207,
       242, 29, 252, 85, 121, 243, 123, 251, 123, 255, 187, 251, 61, 54,
       253, 220, 62, 247, 243, 125, 247, 244, 215, 53, 125, 123, 187,
       101, 250, 244, 67, 106, 247, 123, 222, 247, 92, 170, 164, 31, 126,
       217, 93, 239, 247, 100, 215, 190, 214, 122, 249, 127, 188, 93,
       219, 134, 208, 160, 225, 111, 155, 172, 157, 13, 242, 29, 158, 93,
       56, 246, 123, 159, 219, 143, 46, 255, 52, 186, 127, 207, 254, 183,
       155, 249, 254, 254, 210, 127, 237, 119, 217, 245, 242, 197, 202,
       42, 213, 119, 159, 252, 255, 244, 189, 63, 190, 223, 127, 254,
       231, 204, 223, 191, 222, 186, 233, 119, 253, 92, 67, 158, 245,
       230, 208, 123, 186, 189, 153, 11, 176, 189, 157, 91, 68, 246, 146,
       173, 250, 223, 108, 244, 61, 22, 117, 101, 255, 253, 171, 120,
       189, 124, 218, 21, 205, 93, 89, 229, 244, 252, 203, 96, 240, 106,
       158, 252, 206, 40, 100, 210, 252, 87, 121, 255, 125, 105, 223, 60,
       215, 178, 185, 101, 221, 84, 90, 158, 68, 227, 234, 85, 168, 53,
       92, 9, 242, 190, 159, 65, 174, 182, 183, 158, 250, 135, 36, 180,
       61, 53, 245, 244, 121, 175, 127, 123, 181, 92, 206, 117, 255, 127,
       176, 117, 243, 253, 227, 99, 245, 47, 210, 119, 94, 238, 230, 223,
       122, 220, 125, 237, 207, 39, 87, 190, 151, 120, 249, 124, 125, 92,
       58, 167, 237, 113, 247, 111, 185, 164, 24, 13, 240, 28, 156, 65,
       56, 242, 115, 189, 90, 87, 33, 250, 124, 49, 245, 150, 82, 135,
