%YAML:1.0
descriptors: !!opencv-matrix
   rows: 97
   cols: 64
   dt: u
   data: [ 63, 182, 125, 254, 62, 189, 253, 121, 255, 252, 215, 253, 253,
       127, 252, 85, 246, 254, 67, 243, 245, 98, 211, 247, 253, 190, 229,
       251, 126, 95, 245, 235, 223, 44, 85, 190, 223, 120, 249, 125, 120,
       92, 59, 175, 212, 53, 247, 111, 153, 172, 24, 13, 240, 29, 156,
       73, 16, 242, 115, 189, 90, 87, 40, 250, 62, 177, 253, 254, 55,
       181, 253, 126, 247, 254, 213, 241, 125, 122, 180, 94, 254, 222,
       99, 123, 247, 126, 195, 119, 237, 187, 230, 219, 122, 253, 245,
       235, 215, 44, 87, 190, 223, 120, 249, 125, 120, 95, 253, 47, 212,
       21, 247, 111, 153, 172, 24, 5, 240, 29, 156, 73, 16, 242, 51, 189,
       121, 87, 32, 251, 63, 53, 253, 246, 55, 167, 93, 127, 246, 78,
       213, 240, 127, 106, 180, 87, 250, 247, 99, 115, 247, 47, 209, 119,
       156, 186, 230, 93, 82, 56, 244, 233, 199, 44, 22, 190, 210, 120,
       249, 125, 120, 200, 189, 239, 213, 21, 245, 111, 153, 172, 24, 5,
       240, 28, 156, 65, 24, 242, 115, 159, 120, 87, 32, 250, 63, 53,
       117, 246, 63, 167, 127, 122, 246, 76, 209, 113, 237, 107, 148, 85,
       250, 245, 67, 114, 247, 46, 209, 119, 204, 186, 231, 159, 82, 60,
       117, 233, 215, 44, 20, 190, 210, 120, 241, 125, 120, 72, 185, 143,
       193, 17, 245, 79, 153, 164, 24, 1, 240, 28, 156, 73, 24, 178, 115,
       159, 88, 87, 32, 250, 45, 47, 231, 244, 56, 239, 161, 119, 117,
       252, 86, 85, 89, 127, 153, 228, 235, 220, 193, 98, 245, 45, 198,
       243, 77, 234, 128, 135, 124, 76, 57, 207, 215, 38, 117, 186, 87,
       122, 233, 116, 213, 84, 24, 46, 205, 6, 231, 111, 153, 172, 25, 5,
       240, 29, 156, 73, 16, 242, 51, 189, 72, 71, 32, 250, 60, 187, 255,
       253, 62, 127, 253, 254, 249, 254, 250, 177, 77, 241, 251, 235,
       187, 205, 235, 107, 245, 125, 70, 255, 205, 127, 183, 183, 124,
       71, 127, 255, 223, 98, 221, 190, 223, 252, 249, 117, 252, 125,
       251, 63, 247, 167, 247, 107, 186, 189, 12, 71, 242, 61, 159, 93,
       6, 246, 87, 255, 251, 223, 101, 246, 253, 59, 239, 245, 54, 119,
       249, 254, 212, 252, 214, 245, 79, 253, 155, 202, 171, 220, 251,
       107, 245, 237, 230, 187, 15, 251, 182, 151, 121, 77, 118, 239,
       215, 39, 117, 186, 86, 126, 249, 117, 220, 124, 187, 62, 203, 37,
       195, 111, 155, 172, 95, 133, 240, 29, 156, 77, 196, 246, 51, 251,
       88, 23, 33, 254, 59, 182, 93, 111, 253, 240, 251, 120, 250, 61,
       212, 255, 236, 89, 4, 17, 126, 239, 187, 51, 224, 111, 75, 253,
       164, 254, 117, 254, 126, 67, 227, 111, 223, 233, 157, 52, 127,
       185, 249, 119, 125, 92, 106, 175, 213, 113, 255, 123, 184, 254,
       24, 5, 244, 164, 156, 65, 54, 182, 183, 143, 242, 215, 36, 254,
       254, 249, 235, 249, 54, 63, 125, 255, 221, 238, 253, 186, 115,
       138, 255, 238, 147, 213, 123, 111, 63, 215, 246, 23, 95, 203, 191,
       173, 83, 220, 62, 184, 226, 14, 214, 255, 218, 127, 229, 245, 186,
       255, 245, 61, 215, 191, 1, 190, 223, 172, 150, 149, 107, 61, 181,
       80, 208, 242, 121, 255, 127, 222, 122, 179, 51, 16, 152, 62, 31,
       224, 92, 28, 211, 42, 145, 165, 44, 78, 36, 83, 255, 214, 0, 147,
       193, 34, 203, 111, 196, 154, 226, 79, 82, 105, 229, 102, 95, 172,
       149, 54, 122, 104, 232, 119, 112, 204, 110, 43, 215, 85, 181, 111,
       153, 238, 24, 5, 228, 24, 220, 73, 16, 179, 183, 191, 56, 87, 160,
       226, 12, 43, 231, 160, 0, 111, 32, 119, 1, 212, 198, 21, 81, 180,
       251, 226, 203, 92, 195, 100, 116, 1, 196, 147, 93, 121, 28, 132,
       64, 134, 58, 201, 213, 2, 117, 186, 16, 114, 205, 20, 240, 53, 24,
       38, 69, 4, 103, 238, 153, 44, 121, 20, 243, 29, 156, 8, 16, 226,
       35, 189, 72, 71, 32, 250, 50, 48, 25, 150, 31, 200, 88, 62, 198,
       42, 19, 52, 37, 66, 4, 82, 126, 214, 0, 208, 199, 34, 193, 15,
       140, 146, 226, 11, 82, 41, 229, 110, 83, 44, 85, 190, 74, 120,
       227, 87, 112, 204, 37, 43, 212, 20, 165, 111, 145, 166, 24, 5,
       224, 29, 156, 73, 16, 50, 51, 185, 24, 23, 32, 250, 8, 142, 134,
       65, 40, 249, 160, 113, 57, 185, 66, 69, 192, 117, 73, 129, 141,
       168, 225, 139, 244, 44, 95, 219, 65, 127, 21, 226, 108, 71, 163,
       214, 223, 146, 67, 32, 117, 138, 232, 32, 125, 60, 106, 166, 245,
       97, 183, 107, 184, 200, 8, 75, 244, 13, 152, 72, 23, 211, 151,
       165, 194, 115, 101, 78, 101, 166, 117, 11, 217, 142, 167, 88, 175,
       69, 142, 127, 173, 63, 206, 69, 235, 117, 187, 100, 249, 71, 154,
       100, 118, 252, 29, 45, 190, 26, 75, 13, 149, 101, 85, 155, 0, 145,
       45, 30, 37, 21, 8, 167, 77, 200, 252, 129, 132, 52, 153, 40, 177,
       246, 142, 163, 120, 108, 34, 172, 202, 199, 60, 90, 51, 53, 121,
       150, 31, 5, 93, 15, 230, 102, 21, 48, 61, 110, 180, 85, 246, 246,
       0, 48, 195, 50, 209, 103, 212, 130, 224, 27, 18, 56, 213, 105,
       199, 44, 22, 190, 194, 120, 227, 125, 112, 203, 29, 9, 212, 20,
       245, 79, 145, 166, 24, 5, 96, 24, 156, 73, 24, 178, 51, 185, 24,
       87, 32, 250, 129, 130, 146, 117, 40, 192, 248, 132, 16, 185, 40,
       205, 2, 69, 1, 177, 45, 138, 164, 139, 196, 40, 110, 219, 225, 95,
       243, 242, 77, 99, 163, 118, 255, 176, 121, 32, 119, 136, 232, 97,
       113, 28, 43, 46, 246, 21, 247, 107, 185, 202, 24, 71, 244, 13,
       152, 73, 23, 211, 183, 181, 114, 115, 161, 238, 45, 183, 252, 254,
       55, 189, 61, 91, 247, 94, 171, 225, 125, 127, 188, 87, 255, 254,
       227, 241, 245, 118, 81, 247, 213, 127, 229, 251, 122, 220, 253,
       225, 207, 44, 215, 190, 211, 120, 249, 125, 124, 221, 58, 175,
       244, 113, 247, 111, 185, 174, 24, 13, 226, 29, 158, 89, 58, 243,
       119, 189, 122, 215, 40, 250, 124, 53, 247, 214, 54, 7, 93, 127,
       199, 196, 153, 48, 125, 206, 179, 86, 243, 245, 99, 103, 115, 63,
       209, 247, 220, 238, 230, 13, 82, 220, 124, 233, 206, 44, 23, 190,
       210, 120, 65, 92, 112, 73, 52, 47, 212, 52, 229, 110, 153, 172,
       152, 13, 242, 24, 156, 81, 16, 242, 115, 157, 89, 86, 40, 250, 38,
       164, 65, 130, 27, 132, 7, 9, 230, 70, 1, 112, 189, 107, 180, 85,
       226, 213, 0, 32, 193, 34, 211, 102, 92, 144, 164, 13, 18, 8, 17,
       105, 215, 36, 86, 154, 66, 120, 43, 86, 32, 74, 8, 9, 148, 20,
       245, 79, 145, 172, 24, 4, 48, 24, 156, 73, 16, 114, 50, 189, 88,
       87, 32, 250, 53, 50, 117, 131, 221, 165, 131, 124, 198, 68, 210,
       53, 229, 27, 153, 85, 242, 212, 3, 96, 193, 35, 142, 116, 12, 168,
       40, 13, 150, 8, 81, 127, 117, 36, 84, 154, 80, 114, 5, 214, 149,
       80, 24, 14, 64, 130, 200, 69, 152, 60, 89, 5, 112, 28, 157, 73, 0,
       114, 35, 156, 72, 6, 38, 249, 124, 249, 255, 220, 54, 31, 89, 254,
       246, 148, 213, 182, 127, 242, 255, 218, 250, 213, 98, 111, 7, 255,
       193, 183, 143, 186, 182, 29, 115, 204, 116, 232, 214, 46, 85, 190,
       82, 122, 211, 116, 240, 95, 189, 14, 209, 52, 193, 110, 157, 172,
       153, 5, 242, 29, 157, 73, 16, 242, 59, 191, 89, 95, 34, 251, 53,
       53, 245, 148, 16, 7, 117, 123, 215, 68, 215, 53, 87, 239, 144, 86,
       251, 196, 99, 99, 247, 44, 192, 247, 222, 190, 182, 9, 66, 142,
       120, 105, 210, 38, 85, 186, 22, 120, 217, 92, 80, 84, 153, 175,
       196, 16, 229, 110, 153, 172, 25, 1, 240, 28, 156, 73, 8, 242, 115,
       185, 88, 23, 33, 250, 118, 49, 211, 222, 23, 3, 93, 79, 198, 162,
       145, 48, 61, 202, 177, 87, 242, 212, 34, 98, 199, 174, 193, 39,
       14, 138, 166, 13, 82, 8, 52, 104, 210, 38, 85, 186, 82, 120, 195,
       116, 112, 88, 60, 46, 212, 20, 193, 110, 153, 172, 24, 5, 240, 29,
       156, 73, 16, 242, 51, 189, 88, 86, 32, 250, 103, 102, 113, 170,
       217, 142, 7, 73, 239, 70, 170, 58, 253, 47, 252, 85, 251, 245, 7,
       100, 121, 2, 24, 100, 84, 245, 61, 45, 146, 154, 113, 25, 192, 45,
       71, 159, 64, 48, 45, 94, 36, 80, 56, 169, 85, 88, 116, 21, 129,
       165, 16, 0, 34, 29, 134, 3, 24, 244, 33, 188, 88, 199, 56, 178,
       62, 185, 255, 252, 54, 59, 249, 126, 214, 158, 213, 243, 127, 210,
