%YAML:1.0
descriptors: !!opencv-matrix
   rows: 77
   cols: 64
   dt: u
   data: [ 63, 182, 255, 190, 63, 247, 189, 127, 246, 254, 214, 245, 253,
       127, 187, 85, 255, 255, 99, 115, 245, 39, 211, 247, 205, 255, 244,
       255, 90, 94, 243, 235, 223, 44, 85, 190, 91, 120, 233, 116, 120,
       92, 56, 47, 213, 53, 247, 111, 153, 172, 24, 5, 240, 29, 156, 73,
       16, 242, 51, 189, 88, 87, 32, 250, 191, 246, 125, 254, 62, 61,
       253, 115, 119, 254, 125, 219, 221, 123, 244, 93, 246, 254, 101,
       107, 245, 116, 209, 114, 237, 191, 177, 251, 127, 95, 245, 235,
       215, 36, 212, 186, 215, 120, 249, 245, 114, 95, 123, 47, 212, 22,
       247, 111, 153, 172, 24, 5, 240, 29, 157, 73, 16, 242, 51, 189, 90,
       87, 34, 251, 126, 49, 241, 246, 62, 39, 121, 127, 214, 122, 209,
       49, 125, 194, 145, 86, 242, 142, 67, 82, 243, 168, 197, 159, 156,
       170, 230, 219, 74, 253, 245, 238, 107, 44, 4, 190, 255, 52, 241,
       245, 88, 74, 215, 206, 226, 53, 131, 79, 187, 174, 88, 67, 224,
       28, 28, 81, 132, 179, 215, 155, 186, 6, 162, 181, 63, 254, 125,
       238, 62, 189, 189, 112, 127, 254, 126, 219, 221, 127, 252, 245,
       247, 254, 37, 99, 245, 96, 193, 122, 237, 191, 181, 251, 126, 95,
       243, 239, 215, 100, 85, 186, 87, 122, 233, 116, 246, 94, 58, 47,
       212, 22, 247, 111, 153, 172, 24, 5, 240, 29, 157, 73, 16, 242, 51,
       189, 88, 87, 32, 250, 126, 240, 125, 158, 255, 157, 31, 120, 254,
       111, 153, 250, 253, 110, 180, 84, 251, 215, 38, 97, 201, 55, 131,
       125, 204, 222, 253, 63, 82, 27, 119, 105, 215, 44, 85, 191, 82,
       121, 233, 116, 112, 204, 56, 47, 213, 20, 245, 127, 153, 172, 24,
       5, 224, 29, 156, 73, 16, 242, 51, 189, 88, 87, 32, 250, 181, 44,
       247, 133, 217, 207, 131, 252, 222, 197, 214, 119, 231, 127, 155,
       228, 226, 213, 67, 102, 213, 7, 199, 117, 79, 232, 60, 15, 210,
       14, 51, 43, 245, 37, 85, 186, 82, 114, 205, 116, 209, 84, 24, 14,
       193, 22, 241, 109, 153, 44, 24, 5, 240, 29, 156, 73, 16, 242, 51,
       188, 88, 23, 32, 248, 220, 59, 247, 245, 120, 247, 227, 254, 216,
       157, 214, 117, 71, 245, 155, 232, 171, 205, 219, 111, 245, 13,
       238, 191, 175, 106, 14, 151, 109, 71, 50, 222, 125, 67, 61, 251,
       85, 183, 93, 181, 221, 116, 155, 150, 107, 163, 75, 226, 58, 61,
       239, 243, 209, 254, 156, 76, 198, 204, 15, 207, 74, 7, 39, 252,
       61, 175, 247, 233, 250, 255, 167, 127, 253, 212, 206, 53, 93, 127,
       249, 236, 251, 221, 235, 110, 245, 77, 142, 245, 127, 253, 29,
       181, 124, 206, 122, 159, 221, 103, 117, 186, 84, 114, 253, 60, 61,
       85, 122, 55, 77, 167, 125, 230, 141, 37, 205, 156, 243, 31, 142,
       77, 96, 236, 43, 173, 91, 79, 36, 250, 55, 252, 253, 142, 255,
       223, 151, 77, 239, 68, 61, 252, 61, 126, 191, 253, 251, 247, 56,
       100, 197, 3, 215, 117, 127, 213, 253, 45, 247, 154, 87, 107, 149,
       36, 87, 158, 82, 112, 233, 124, 48, 93, 56, 47, 213, 28, 245, 108,
       153, 172, 24, 5, 240, 29, 148, 73, 16, 242, 51, 189, 88, 87, 32,
       250, 25, 251, 215, 124, 32, 186, 252, 66, 121, 184, 237, 203, 198,
       241, 204, 27, 175, 139, 165, 235, 231, 45, 65, 211, 193, 95, 243,
       254, 109, 38, 164, 230, 223, 50, 97, 180, 89, 184, 250, 101, 126,
       62, 185, 103, 255, 85, 247, 111, 153, 234, 40, 87, 240, 29, 26,
       77, 23, 243, 87, 183, 120, 115, 193, 219, 44, 47, 231, 184, 16,
       247, 161, 127, 181, 220, 202, 53, 81, 190, 187, 230, 203, 92, 195,
       98, 245, 33, 206, 179, 93, 233, 4, 133, 80, 140, 48, 203, 245, 6,
       85, 186, 17, 122, 201, 116, 120, 116, 56, 38, 85, 149, 103, 238,
       153, 44, 56, 5, 240, 29, 156, 72, 16, 226, 35, 189, 72, 71, 32,
       250, 237, 41, 239, 176, 23, 127, 53, 122, 245, 230, 214, 178, 127,
       172, 178, 70, 235, 213, 99, 103, 245, 183, 192, 119, 77, 255, 181,
       47, 82, 30, 50, 233, 215, 36, 85, 186, 82, 120, 233, 116, 112, 93,
       60, 47, 213, 20, 245, 111, 153, 172, 24, 5, 240, 29, 156, 73, 16,
       242, 51, 189, 88, 87, 32, 250, 60, 50, 253, 180, 54, 245, 57, 127,
       212, 252, 214, 181, 93, 62, 185, 70, 250, 220, 67, 99, 241, 32,
       194, 247, 205, 168, 164, 137, 82, 220, 117, 235, 215, 36, 85, 186,
       86, 120, 233, 116, 120, 93, 56, 46, 212, 52, 229, 111, 153, 172,
       24, 5, 240, 29, 156, 73, 16, 242, 51, 189, 88, 87, 32, 250, 246,
       49, 211, 182, 87, 130, 91, 10, 198, 101, 181, 51, 191, 202, 148,
       126, 114, 215, 28, 117, 11, 143, 161, 39, 142, 138, 234, 15, 82,
       56, 244, 45, 114, 45, 52, 191, 66, 127, 5, 212, 210, 202, 29, 74,
       200, 30, 201, 14, 197, 36, 80, 133, 104, 58, 149, 203, 80, 62, 49,
       152, 88, 4, 50, 249, 242, 208, 152, 158, 63, 136, 94, 13, 199, 99,
       21, 250, 191, 202, 38, 94, 255, 151, 52, 145, 143, 183, 243, 110,
       244, 215, 243, 123, 19, 185, 215, 104, 135, 172, 134, 222, 202,
       73, 226, 119, 112, 203, 101, 105, 151, 28, 181, 63, 215, 166, 24,
       7, 100, 25, 244, 243, 16, 179, 240, 57, 57, 85, 184, 238, 125,
       255, 109, 248, 118, 127, 127, 123, 245, 222, 248, 186, 125, 238,
       253, 239, 243, 245, 127, 111, 117, 247, 209, 183, 93, 255, 175,
       189, 123, 222, 126, 249, 194, 108, 215, 255, 222, 124, 249, 125,
       126, 223, 247, 191, 215, 179, 245, 110, 191, 173, 158, 141, 234,
       61, 159, 85, 248, 246, 123, 255, 255, 222, 42, 178, 124, 255, 119,
       233, 114, 255, 167, 123, 253, 220, 206, 181, 93, 63, 249, 236,
       219, 253, 251, 110, 245, 87, 148, 247, 127, 253, 29, 181, 124,
       222, 126, 155, 222, 71, 247, 187, 212, 122, 253, 60, 125, 117,
       250, 183, 109, 165, 118, 238, 174, 189, 173, 185, 243, 61, 142,
       92, 100, 238, 107, 239, 75, 207, 45, 242, 141, 186, 150, 101, 253,
       240, 234, 144, 56, 187, 194, 111, 206, 81, 3, 1, 44, 235, 239,
       147, 245, 109, 63, 218, 226, 123, 115, 242, 252, 71, 227, 214,
       223, 218, 219, 36, 125, 153, 248, 35, 253, 60, 106, 215, 241, 97,
       187, 115, 184, 222, 8, 99, 244, 229, 88, 97, 55, 147, 215, 167,
       178, 243, 229, 78, 255, 253, 127, 255, 127, 255, 223, 121, 255,
       255, 253, 250, 255, 254, 244, 255, 243, 247, 127, 127, 255, 127,
       177, 127, 253, 255, 231, 191, 95, 223, 255, 251, 234, 44, 30, 255,
       218, 125, 249, 253, 122, 223, 253, 191, 215, 55, 245, 127, 157,
       173, 30, 13, 248, 29, 159, 77, 16, 246, 123, 191, 123, 223, 42,
       187, 127, 254, 126, 105, 255, 255, 167, 120, 253, 213, 254, 253,
       239, 63, 237, 253, 251, 253, 127, 252, 253, 87, 159, 245, 247,
       125, 109, 255, 127, 95, 235, 191, 189, 237, 223, 159, 223, 187,
       253, 126, 255, 29, 122, 183, 85, 235, 126, 181, 172, 253, 133, 44,
       251, 245, 203, 255, 122, 220, 167, 172, 218, 223, 60, 94, 255,
       253, 251, 121, 251, 251, 127, 74, 249, 59, 239, 250, 255, 246,
       238, 251, 243, 189, 191, 95, 239, 93, 91, 93, 247, 223, 251, 255,
       110, 239, 238, 168, 159, 207, 207, 255, 171, 255, 253, 126, 236,
       221, 252, 97, 255, 95, 255, 183, 255, 174, 40, 254, 226, 181, 127,
       125, 124, 254, 215, 175, 187, 223, 249, 90, 127, 254, 117, 239,
       254, 239, 255, 249, 255, 124, 255, 63, 253, 94, 253, 253, 243,
       245, 91, 126, 253, 171, 151, 124, 239, 253, 239, 191, 255, 127,
       255, 255, 241, 237, 125, 255, 222, 115, 253, 119, 191, 223, 223,
       62, 205, 175, 252, 29, 140, 181, 215, 141, 234, 190, 159, 77, 224,
       190, 123, 190, 255, 78, 54, 180, 255, 254, 255, 173, 254, 247,
       191, 249, 255, 255, 249, 250, 255, 111, 187, 92, 251, 213, 43,
       102, 253, 39, 198, 116, 207, 255, 189, 63, 211, 26, 115, 251, 215,
       36, 85, 191, 82, 120, 233, 116, 112, 94, 56, 47, 213, 20, 213,
       111, 153, 172, 24, 5, 240, 29, 156, 73, 16, 242, 51, 189, 88, 87,
       32, 250, 122, 252, 125, 255, 255, 255, 223, 57, 255, 245, 223,
       253, 191, 127, 252, 220, 255, 247, 127, 127, 255, 127, 251, 125,
       253, 255, 253, 63, 127, 251, 255, 255, 199, 237, 119, 191, 222,
       251, 253, 127, 125, 221, 237, 175, 221, 63, 253, 63, 143, 229,
