%YAML:1.0
descriptors: !!opencv-matrix
   rows: 54
   cols: 64
   dt: u
   data: [ 190, 184, 255, 174, 63, 127, 191, 255, 255, 255, 252, 255,
       255, 62, 190, 126, 255, 223, 99, 99, 245, 55, 195, 119, 237, 255,
       245, 239, 91, 95, 247, 235, 215, 36, 85, 190, 87, 120, 233, 116,
       120, 93, 122, 47, 213, 21, 247, 111, 153, 172, 24, 5, 240, 29,
       156, 73, 16, 242, 51, 189, 88, 87, 32, 250, 124, 40, 255, 183, 90,
       103, 179, 254, 212, 252, 222, 181, 127, 174, 179, 230, 235, 220,
       243, 99, 241, 129, 239, 63, 77, 233, 188, 143, 91, 77, 51, 239,
       245, 36, 85, 186, 87, 112, 233, 116, 120, 92, 56, 46, 213, 21,
       243, 111, 153, 172, 26, 5, 240, 29, 156, 73, 16, 242, 51, 189, 88,
       87, 32, 250, 114, 186, 241, 215, 255, 155, 219, 41, 222, 49, 151,
       127, 189, 118, 219, 84, 254, 147, 26, 178, 207, 47, 195, 108, 223,
       210, 254, 127, 134, 187, 215, 110, 215, 173, 69, 191, 222, 123,
       251, 127, 241, 93, 193, 111, 245, 28, 253, 63, 157, 238, 25, 7,
       244, 29, 157, 235, 80, 119, 178, 189, 248, 87, 48, 254, 247, 60,
       211, 51, 217, 162, 35, 200, 202, 33, 195, 126, 230, 195, 130, 89,
       98, 135, 63, 70, 139, 141, 11, 93, 134, 218, 120, 175, 194, 13,
       226, 46, 23, 167, 84, 159, 0, 181, 101, 214, 9, 64, 24, 203, 73,
       89, 169, 149, 205, 36, 16, 48, 113, 190, 4, 227, 80, 252, 161,
       189, 28, 23, 48, 120, 63, 182, 253, 134, 63, 215, 159, 125, 246,
       212, 159, 116, 253, 126, 177, 117, 251, 215, 67, 98, 213, 35, 195,
       119, 204, 235, 228, 47, 82, 28, 241, 107, 215, 36, 85, 190, 82,
       120, 233, 116, 112, 92, 56, 47, 213, 20, 245, 111, 153, 172, 24,
       5, 240, 29, 156, 73, 16, 242, 51, 189, 88, 87, 32, 250, 124, 41,
       239, 177, 82, 247, 123, 255, 220, 255, 214, 180, 115, 134, 187,
       234, 235, 213, 123, 111, 205, 149, 230, 55, 13, 203, 188, 143, 83,
       77, 50, 235, 117, 37, 21, 251, 82, 127, 205, 116, 80, 92, 56, 46,
       215, 28, 97, 238, 157, 172, 30, 5, 240, 29, 156, 73, 208, 242, 43,
       189, 88, 22, 32, 250, 63, 255, 253, 255, 63, 189, 255, 121, 255,
       255, 245, 251, 255, 123, 252, 93, 254, 255, 99, 251, 245, 127,
       211, 119, 237, 255, 243, 255, 127, 127, 245, 235, 223, 108, 215,
       190, 223, 120, 249, 117, 126, 95, 123, 47, 213, 53, 247, 111, 185,
       174, 24, 13, 242, 29, 159, 77, 56, 242, 119, 191, 251, 223, 44,
       251, 55, 176, 89, 150, 31, 140, 31, 8, 230, 102, 57, 242, 189,
       111, 180, 85, 246, 215, 4, 241, 131, 34, 193, 110, 204, 214, 227,
       111, 18, 56, 241, 105, 215, 44, 92, 158, 74, 120, 235, 86, 96, 74,
       40, 41, 212, 20, 245, 79, 145, 172, 16, 5, 96, 25, 156, 73, 16,
       242, 51, 189, 88, 87, 32, 250, 237, 228, 239, 187, 210, 23, 39,
       207, 229, 103, 168, 186, 127, 171, 182, 79, 235, 245, 63, 101,
       121, 199, 246, 52, 94, 237, 189, 45, 211, 8, 58, 41, 240, 37, 86,
       187, 82, 112, 37, 252, 118, 74, 56, 47, 213, 28, 212, 196, 153,
       172, 24, 5, 112, 29, 148, 73, 24, 244, 33, 188, 92, 86, 34, 249,
       125, 62, 253, 188, 126, 191, 63, 123, 245, 124, 214, 49, 253, 127,
       185, 87, 242, 253, 107, 98, 245, 103, 210, 119, 93, 252, 173, 191,
       122, 93, 121, 239, 215, 36, 87, 190, 87, 120, 233, 116, 120, 92,
       58, 47, 213, 21, 247, 111, 153, 172, 24, 5, 240, 29, 157, 73, 16,
       242, 51, 189, 90, 87, 32, 250, 211, 250, 214, 71, 255, 250, 195,
       152, 122, 49, 22, 127, 174, 219, 202, 217, 126, 215, 60, 46, 77,
       141, 175, 124, 174, 222, 121, 63, 191, 11, 211, 63, 149, 231, 92,
       95, 118, 247, 255, 119, 213, 213, 74, 94, 201, 142, 248, 149, 196,
       85, 87, 180, 221, 231, 143, 235, 80, 124, 160, 15, 220, 13, 54,
       189, 255, 254, 127, 239, 254, 255, 219, 249, 255, 253, 254, 255,
       253, 127, 251, 253, 243, 247, 255, 58, 253, 127, 159, 252, 255,
       254, 253, 255, 255, 255, 255, 255, 191, 237, 215, 255, 254, 251,
       253, 127, 255, 93, 203, 62, 213, 239, 253, 127, 190, 255, 141, 15,
       242, 191, 159, 127, 116, 254, 247, 191, 251, 223, 62, 220, 220,
       58, 247, 229, 248, 251, 163, 248, 250, 49, 214, 127, 239, 115,
       219, 240, 242, 197, 159, 110, 205, 13, 174, 252, 175, 200, 40,
       159, 254, 79, 51, 255, 53, 231, 124, 219, 84, 243, 157, 214, 213,
       85, 202, 22, 73, 142, 72, 145, 204, 53, 103, 180, 251, 247, 143,
       111, 68, 124, 129, 236, 204, 14, 55, 253, 204, 235, 222, 124, 104,
       59, 244, 246, 57, 184, 238, 203, 86, 241, 239, 171, 133, 137, 255,
       239, 245, 237, 109, 187, 227, 111, 131, 214, 109, 69, 190, 214,
       251, 83, 112, 97, 117, 254, 244, 160, 255, 63, 250, 119, 254, 247,
       87, 235, 173, 235, 110, 215, 217, 127, 155, 204, 23, 221, 215,
       167, 87, 114, 195, 201, 148, 235, 179, 124, 48, 98, 252, 243, 144,
       184, 233, 249, 66, 197, 213, 170, 185, 200, 231, 75, 183, 44, 100,
       155, 205, 127, 183, 226, 65, 166, 162, 222, 235, 51, 101, 174,
       157, 188, 250, 117, 123, 60, 179, 231, 255, 113, 183, 111, 232,
       234, 104, 211, 240, 94, 60, 64, 7, 211, 87, 231, 120, 119, 193,
       254, 125, 47, 229, 178, 127, 127, 39, 123, 252, 124, 222, 55, 253,
       127, 220, 228, 235, 213, 99, 100, 245, 39, 145, 119, 95, 254, 181,
       143, 122, 30, 51, 233, 215, 36, 85, 186, 82, 122, 233, 116, 120,
       92, 56, 175, 213, 23, 245, 111, 153, 172, 24, 5, 240, 29, 157, 73,
       16, 242, 51, 189, 88, 87, 32, 250, 76, 43, 247, 244, 48, 103, 233,
       115, 208, 252, 194, 53, 81, 212, 217, 66, 139, 77, 227, 106, 247,
       44, 196, 219, 15, 254, 150, 133, 72, 198, 54, 222, 67, 19, 117,
       186, 20, 254, 217, 20, 61, 52, 243, 102, 111, 165, 39, 235, 42,
       45, 169, 243, 211, 92, 28, 8, 69, 106, 91, 235, 75, 39, 161, 182,
       191, 252, 124, 255, 255, 173, 255, 41, 255, 121, 253, 251, 255,
       126, 228, 92, 246, 179, 254, 219, 255, 127, 211, 127, 245, 126,
       243, 255, 126, 255, 253, 231, 143, 253, 46, 119, 255, 249, 250,
       255, 123, 223, 231, 239, 247, 119, 255, 127, 173, 247, 137, 79,
       238, 181, 251, 117, 127, 247, 255, 255, 187, 251, 191, 78, 254,
       121, 251, 178, 119, 50, 91, 206, 198, 47, 241, 186, 127, 202, 182,
       90, 242, 215, 63, 87, 43, 151, 225, 31, 142, 195, 239, 237, 211,
       184, 244, 168, 98, 45, 148, 255, 74, 117, 5, 215, 138, 202, 181,
       73, 219, 29, 129, 156, 223, 174, 18, 135, 106, 56, 245, 243, 208,
       190, 49, 218, 61, 148, 120, 177, 62, 180, 253, 170, 22, 119, 53,
       127, 247, 222, 220, 180, 125, 62, 189, 126, 255, 254, 67, 240,
       241, 112, 213, 183, 221, 253, 228, 221, 107, 222, 255, 233, 213,
       44, 215, 190, 91, 120, 233, 124, 120, 93, 60, 47, 85, 181, 247,
       110, 155, 172, 24, 13, 242, 29, 156, 89, 24, 242, 59, 189, 90,
       215, 106, 250, 239, 253, 239, 250, 247, 55, 119, 254, 245, 119,
       253, 186, 255, 251, 182, 79, 226, 245, 63, 103, 125, 231, 243, 55,
       78, 235, 189, 45, 211, 28, 112, 169, 242, 36, 84, 186, 82, 120,
       225, 244, 114, 94, 56, 47, 209, 20, 213, 78, 153, 172, 24, 5, 240,
       29, 157, 73, 16, 242, 51, 189, 88, 86, 34, 249, 105, 15, 239, 170,
       22, 127, 37, 127, 245, 220, 222, 149, 125, 188, 255, 239, 235,
       253, 99, 100, 116, 7, 209, 247, 95, 253, 61, 140, 90, 210, 50,
       233, 204, 36, 87, 186, 83, 122, 237, 124, 120, 84, 56, 175, 85,
       181, 118, 236, 153, 172, 24, 12, 240, 29, 156, 73, 16, 242, 35,
       189, 90, 87, 40, 250, 255, 254, 255, 251, 255, 243, 227, 217, 255,
       251, 196, 255, 255, 255, 175, 93, 250, 183, 123, 119, 255, 127,
       91, 253, 215, 254, 251, 191, 238, 219, 255, 255, 223, 239, 199,
       191, 90, 253, 253, 126, 124, 93, 110, 127, 213, 125, 253, 183,
       189, 174, 24, 109, 243, 253, 220, 255, 92, 254, 247, 191, 218,
       223, 251, 95, 127, 117, 255, 188, 119, 119, 127, 126, 245, 206,
       253, 176, 127, 168, 180, 126, 255, 221, 119, 117, 112, 215, 224,
       55, 206, 239, 237, 221, 83, 84, 116, 169, 208, 44, 20, 190, 90,
       120, 129, 244, 122, 222, 61, 47, 213, 53, 228, 110, 155, 172, 26,
