%YAML:1.0
descriptors: !!opencv-matrix
   rows: 57
   cols: 64
   dt: u
   data: [ 63, 247, 125, 254, 63, 189, 125, 120, 247, 126, 245, 250, 237,
       123, 180, 85, 246, 254, 71, 243, 245, 118, 209, 126, 236, 190,
       231, 251, 126, 127, 245, 235, 215, 108, 150, 190, 219, 120, 249,
       117, 124, 222, 59, 47, 212, 117, 247, 111, 153, 174, 24, 5, 240,
       29, 158, 77, 24, 242, 51, 159, 122, 215, 40, 250, 76, 43, 199,
       178, 18, 107, 161, 126, 116, 252, 198, 117, 123, 255, 187, 194,
       235, 221, 97, 99, 229, 37, 199, 115, 79, 251, 176, 135, 90, 12,
       50, 235, 215, 36, 85, 186, 83, 122, 233, 116, 112, 92, 56, 46,
       213, 21, 247, 111, 153, 172, 24, 5, 240, 29, 156, 73, 16, 242, 51,
       189, 88, 87, 32, 250, 205, 105, 239, 184, 55, 51, 125, 254, 52,
       255, 252, 186, 95, 187, 182, 75, 235, 213, 59, 111, 105, 133, 230,
       51, 77, 203, 185, 47, 83, 12, 50, 235, 243, 36, 20, 251, 82, 124,
       225, 244, 114, 94, 56, 47, 215, 20, 85, 110, 153, 172, 24, 5, 240,
       29, 156, 73, 16, 242, 51, 157, 88, 86, 32, 251, 254, 249, 239,
       249, 119, 55, 127, 255, 245, 254, 249, 186, 127, 138, 191, 207,
       211, 213, 123, 111, 63, 215, 244, 63, 79, 235, 191, 189, 83, 217,
       60, 185, 242, 36, 150, 251, 82, 125, 181, 245, 186, 203, 116, 61,
       215, 159, 81, 220, 159, 173, 30, 133, 106, 61, 149, 93, 208, 244,
       57, 223, 93, 222, 42, 179, 57, 182, 245, 101, 252, 181, 167, 120,
       252, 253, 210, 77, 237, 93, 16, 5, 116, 239, 203, 179, 240, 103,
       90, 253, 240, 122, 108, 246, 124, 85, 225, 239, 207, 248, 203, 52,
       253, 153, 248, 107, 125, 28, 107, 167, 213, 97, 191, 115, 184,
       222, 137, 107, 244, 173, 216, 85, 46, 150, 215, 135, 242, 215,
       108, 94, 76, 47, 231, 184, 16, 127, 165, 255, 189, 252, 206, 55,
       81, 180, 251, 230, 203, 93, 227, 102, 117, 149, 196, 179, 95, 253,
       153, 133, 104, 206, 58, 203, 215, 2, 85, 186, 20, 122, 237, 124,
       120, 117, 60, 39, 85, 149, 119, 238, 153, 172, 56, 21, 243, 29,
       156, 72, 16, 224, 43, 189, 72, 71, 32, 242, 26, 152, 154, 63, 47,
       249, 250, 12, 31, 187, 214, 173, 188, 76, 43, 247, 253, 155, 33,
       211, 236, 55, 207, 127, 229, 203, 226, 238, 90, 113, 253, 230,
       223, 168, 71, 52, 127, 235, 232, 115, 248, 93, 102, 47, 215, 85,
       183, 127, 185, 238, 24, 5, 246, 29, 220, 73, 19, 243, 191, 189,
       187, 95, 160, 254, 76, 35, 243, 129, 208, 67, 162, 253, 128, 128,
       194, 53, 81, 134, 155, 226, 226, 212, 3, 102, 73, 129, 230, 16,
       12, 136, 172, 13, 210, 12, 48, 56, 112, 37, 84, 186, 16, 114, 5,
       212, 208, 84, 16, 14, 64, 14, 200, 68, 153, 44, 88, 5, 112, 30,
       149, 73, 16, 240, 35, 188, 72, 6, 32, 248, 182, 244, 89, 134, 63,
       136, 31, 9, 230, 67, 61, 248, 175, 111, 164, 117, 243, 214, 4, 49,
       195, 32, 161, 102, 236, 151, 225, 59, 19, 59, 85, 105, 151, 164,
       20, 158, 66, 120, 235, 247, 82, 218, 40, 41, 144, 20, 245, 79,
       145, 164, 24, 5, 224, 17, 156, 73, 16, 242, 50, 189, 88, 87, 32,
       248, 51, 16, 24, 22, 31, 128, 28, 30, 66, 42, 17, 48, 36, 66, 4,
       19, 118, 214, 0, 144, 193, 32, 193, 15, 128, 130, 226, 79, 18, 41,
       225, 110, 83, 172, 148, 182, 74, 104, 34, 119, 64, 202, 7, 9, 210,
       20, 165, 79, 144, 166, 24, 5, 36, 24, 28, 65, 16, 51, 179, 155,
       24, 86, 32, 227, 191, 254, 125, 134, 255, 127, 159, 252, 255, 85,
       191, 249, 127, 127, 252, 253, 243, 244, 71, 99, 245, 98, 181, 118,
       111, 239, 165, 59, 255, 31, 127, 123, 245, 100, 86, 190, 82, 114,
       233, 244, 210, 95, 24, 47, 208, 22, 244, 79, 153, 172, 24, 5, 240,
       29, 157, 73, 16, 242, 51, 188, 88, 87, 34, 249, 101, 102, 101, 40,
       209, 14, 39, 72, 165, 70, 168, 58, 249, 175, 236, 77, 203, 53, 63,
       100, 121, 199, 24, 52, 86, 253, 29, 45, 242, 30, 42, 1, 208, 7,
       71, 187, 0, 48, 37, 92, 44, 82, 56, 169, 85, 89, 116, 132, 29,
       164, 16, 12, 65, 125, 140, 3, 56, 236, 33, 188, 24, 215, 56, 56,
       253, 246, 127, 203, 254, 183, 175, 249, 251, 255, 168, 251, 237,
       127, 187, 117, 243, 231, 251, 42, 249, 113, 31, 252, 220, 237,
       127, 255, 223, 91, 251, 255, 127, 197, 223, 191, 252, 253, 253,
       119, 126, 78, 106, 190, 87, 226, 209, 117, 188, 253, 28, 33, 246,
       189, 156, 91, 212, 252, 151, 156, 222, 215, 104, 180, 238, 36,
       239, 176, 86, 55, 35, 255, 196, 238, 208, 52, 123, 138, 178, 103,
       210, 116, 83, 101, 113, 211, 246, 55, 30, 170, 172, 15, 210, 156,
       48, 233, 101, 44, 150, 251, 82, 118, 5, 212, 218, 66, 20, 142,
       210, 124, 1, 204, 31, 44, 26, 4, 113, 28, 148, 81, 144, 176, 33,
       156, 76, 150, 42, 249, 108, 34, 101, 136, 18, 95, 39, 127, 196,
       68, 202, 52, 81, 62, 249, 230, 203, 84, 67, 100, 81, 130, 132,
       180, 77, 253, 140, 9, 82, 142, 58, 153, 208, 36, 85, 186, 82, 114,
       5, 84, 176, 85, 24, 46, 68, 166, 100, 108, 153, 44, 24, 4, 242,
       29, 133, 73, 16, 224, 43, 188, 72, 70, 32, 240, 189, 254, 255,
       237, 254, 125, 189, 255, 253, 254, 222, 127, 127, 255, 251, 220,
       251, 212, 107, 98, 245, 133, 183, 246, 223, 255, 180, 187, 223,
       94, 123, 251, 245, 36, 85, 186, 214, 114, 233, 116, 120, 92, 24,
       190, 213, 150, 213, 109, 153, 172, 28, 5, 240, 29, 157, 73, 16,
       242, 51, 189, 90, 87, 34, 250, 190, 223, 127, 245, 190, 253, 253,
       113, 189, 255, 255, 223, 223, 124, 124, 253, 181, 253, 255, 107,
       246, 126, 242, 123, 253, 255, 183, 250, 125, 247, 255, 255, 199,
       248, 223, 124, 247, 123, 248, 253, 223, 253, 255, 127, 247, 39,
       247, 127, 191, 191, 158, 79, 250, 157, 159, 93, 63, 247, 115, 191,
       251, 191, 173, 254, 125, 62, 117, 120, 124, 255, 43, 120, 253,
       126, 194, 53, 109, 127, 217, 199, 250, 237, 203, 106, 245, 99, 24,
       255, 205, 252, 46, 151, 124, 79, 121, 255, 91, 66, 223, 191, 213,
       190, 253, 117, 252, 84, 90, 150, 103, 227, 103, 115, 186, 61, 60,
       112, 226, 189, 143, 93, 172, 190, 207, 175, 218, 199, 109, 182,
       253, 254, 246, 245, 253, 63, 123, 240, 125, 125, 234, 127, 238,
       251, 254, 253, 242, 253, 191, 111, 253, 205, 171, 120, 239, 254,
       123, 247, 255, 79, 251, 255, 115, 227, 124, 255, 118, 247, 253,
       247, 223, 222, 202, 95, 203, 11, 254, 145, 236, 245, 92, 180, 205,
       255, 143, 239, 222, 252, 245, 175, 222, 94, 51, 189, 191, 253,
       127, 239, 255, 127, 255, 251, 253, 223, 252, 251, 255, 123, 252,
       253, 251, 245, 127, 127, 117, 102, 177, 118, 127, 255, 249, 63,
       255, 91, 119, 251, 210, 44, 84, 254, 210, 121, 233, 244, 122, 222,
       58, 191, 213, 23, 244, 109, 153, 173, 24, 13, 248, 29, 157, 73,
       16, 242, 51, 189, 90, 87, 40, 251, 79, 175, 234, 121, 251, 250,
       242, 78, 189, 184, 198, 55, 242, 254, 171, 92, 139, 185, 187, 222,
       231, 63, 219, 127, 119, 218, 210, 167, 94, 239, 42, 198, 159, 139,
       69, 187, 119, 254, 253, 60, 104, 61, 250, 101, 93, 205, 183, 235,
       253, 238, 24, 213, 241, 117, 248, 97, 118, 238, 255, 191, 218,
       243, 177, 94, 250, 252, 255, 255, 255, 247, 223, 185, 255, 245,
       253, 251, 191, 126, 255, 124, 251, 151, 126, 191, 255, 255, 223,
       126, 255, 247, 255, 63, 255, 251, 223, 254, 159, 237, 143, 223,
       254, 249, 255, 127, 123, 223, 239, 125, 221, 125, 253, 63, 255,
       255, 155, 143, 254, 183, 252, 255, 120, 254, 252, 123, 255, 221,
       190, 222, 125, 255, 127, 249, 126, 255, 239, 254, 253, 254, 250,
       189, 125, 255, 249, 239, 251, 253, 251, 106, 245, 123, 156, 191,
       127, 253, 55, 181, 125, 223, 127, 255, 251, 71, 223, 255, 214,
       247, 253, 124, 254, 93, 250, 62, 87, 167, 119, 247, 191, 61, 30,
       141, 250, 189, 143, 93, 244, 252, 107, 255, 223, 207, 43, 182,
       124, 63, 247, 249, 250, 183, 231, 255, 189, 254, 202, 55, 221,
       253, 187, 119, 242, 253, 75, 102, 255, 255, 210, 243, 222, 234,
       230, 221, 248, 212, 122, 235, 231, 39, 87, 191, 210, 122, 221,
       124, 124, 93, 24, 174, 213, 183, 231, 111, 157, 172, 24, 13, 242,
