%YAML:1.0
descriptors: !!opencv-matrix
   rows: 85
   cols: 64
   dt: u
   data: [ 252, 253, 255, 255, 246, 127, 255, 255, 253, 253, 254, 255,
       255, 254, 255, 254, 251, 213, 127, 111, 63, 143, 175, 61, 127,
       255, 191, 191, 255, 223, 126, 191, 240, 103, 125, 255, 86, 119,
       253, 254, 251, 223, 249, 62, 223, 159, 93, 180, 205, 173, 86, 181,
       217, 255, 135, 239, 208, 252, 105, 255, 95, 78, 51, 189, 255, 253,
       255, 255, 254, 255, 255, 255, 255, 253, 253, 251, 255, 255, 255,
       252, 251, 213, 63, 111, 63, 223, 191, 61, 127, 255, 63, 63, 255,
       123, 126, 191, 243, 231, 60, 219, 246, 247, 255, 183, 115, 255,
       235, 254, 159, 158, 93, 177, 205, 181, 118, 253, 201, 247, 167,
       238, 208, 252, 232, 79, 223, 12, 187, 181, 255, 254, 127, 239,
       255, 253, 223, 217, 255, 127, 253, 251, 239, 127, 246, 253, 247,
       247, 127, 127, 127, 223, 191, 124, 255, 255, 127, 127, 255, 123,
       255, 191, 243, 237, 158, 223, 202, 119, 253, 247, 223, 223, 107,
       255, 219, 158, 252, 53, 205, 181, 86, 173, 232, 183, 135, 255,
       216, 252, 248, 30, 223, 223, 62, 189, 62, 181, 253, 222, 54, 151,
       93, 111, 231, 230, 245, 176, 125, 234, 181, 94, 255, 182, 98, 243,
       183, 119, 209, 183, 221, 243, 231, 125, 67, 252, 244, 233, 199,
       60, 135, 190, 202, 120, 241, 125, 56, 203, 181, 45, 247, 52, 245,
       111, 155, 174, 152, 15, 226, 29, 220, 85, 24, 243, 123, 249, 123,
       215, 104, 242, 255, 249, 255, 255, 255, 127, 223, 248, 127, 253,
       252, 255, 255, 254, 255, 255, 255, 247, 125, 255, 125, 141, 175,
       56, 239, 255, 251, 111, 215, 95, 246, 191, 243, 39, 117, 251, 90,
       119, 237, 244, 114, 95, 120, 62, 221, 30, 253, 181, 141, 173, 94,
       5, 248, 191, 157, 75, 208, 244, 49, 189, 92, 87, 50, 187, 62, 181,
       253, 254, 55, 253, 253, 127, 247, 222, 213, 241, 125, 126, 180,
       95, 255, 254, 99, 251, 245, 126, 209, 247, 221, 191, 231, 217,
       123, 252, 244, 233, 223, 60, 215, 190, 223, 120, 249, 125, 120,
       95, 191, 47, 244, 53, 247, 110, 155, 174, 152, 15, 240, 29, 156,
       93, 56, 243, 115, 191, 123, 215, 40, 250, 254, 185, 255, 247, 62,
       255, 251, 119, 223, 191, 213, 248, 255, 242, 182, 94, 255, 215,
       122, 107, 183, 127, 227, 127, 173, 219, 247, 255, 87, 253, 247,
       234, 215, 44, 150, 191, 222, 125, 249, 119, 120, 221, 245, 111,
       243, 52, 245, 111, 159, 174, 152, 199, 240, 29, 156, 93, 80, 243,
       115, 255, 121, 95, 40, 255, 254, 254, 255, 255, 254, 255, 223,
       241, 255, 255, 125, 219, 223, 254, 254, 253, 255, 215, 127, 111,
       127, 159, 175, 60, 239, 255, 191, 127, 223, 95, 254, 191, 240,
       103, 124, 255, 82, 119, 253, 247, 211, 223, 251, 63, 219, 158,
       252, 180, 205, 173, 86, 165, 249, 255, 135, 239, 208, 252, 33, 62,
       93, 94, 50, 189, 124, 57, 255, 213, 126, 183, 255, 122, 222, 181,
       215, 250, 255, 242, 144, 90, 254, 215, 126, 123, 255, 125, 195,
       255, 143, 126, 247, 255, 114, 255, 245, 239, 223, 47, 85, 191,
       222, 121, 251, 119, 120, 93, 249, 111, 253, 61, 245, 111, 159,
       174, 137, 199, 240, 61, 156, 73, 80, 247, 115, 255, 249, 119, 165,
       254, 249, 255, 255, 215, 254, 255, 219, 255, 255, 253, 254, 255,
       255, 255, 251, 254, 251, 213, 127, 111, 126, 141, 255, 61, 95,
       255, 191, 47, 223, 91, 114, 63, 247, 39, 85, 251, 82, 119, 253,
       254, 240, 92, 248, 191, 221, 30, 253, 183, 157, 172, 30, 133, 241,
       63, 156, 75, 80, 252, 113, 189, 94, 85, 48, 250, 255, 254, 127,
       239, 255, 255, 223, 216, 255, 127, 253, 251, 255, 251, 254, 253,
       251, 245, 127, 127, 127, 223, 191, 60, 111, 255, 123, 63, 255,
       127, 126, 191, 240, 237, 62, 223, 210, 119, 253, 247, 211, 222,
       123, 63, 219, 159, 252, 180, 205, 181, 86, 165, 233, 247, 135,
       239, 208, 252, 105, 30, 223, 94, 50, 189, 118, 52, 113, 182, 218,
       132, 15, 73, 198, 103, 57, 48, 181, 74, 148, 86, 242, 215, 1, 98,
       139, 33, 130, 110, 76, 138, 162, 47, 82, 40, 113, 107, 83, 164,
       20, 155, 66, 120, 33, 214, 32, 74, 24, 73, 212, 28, 197, 31, 153,
       172, 16, 5, 96, 24, 156, 73, 16, 242, 51, 157, 88, 86, 32, 240, 8,
       128, 142, 152, 40, 211, 190, 54, 49, 254, 12, 197, 152, 117, 59,
       2, 141, 89, 225, 163, 212, 117, 66, 243, 73, 107, 128, 118, 104,
       197, 53, 67, 223, 16, 83, 32, 87, 72, 232, 32, 112, 61, 56, 39,
       245, 52, 247, 107, 153, 232, 24, 5, 244, 93, 152, 72, 31, 195, 51,
       181, 80, 115, 0, 234, 255, 186, 223, 231, 255, 184, 219, 24, 254,
       57, 214, 127, 175, 91, 192, 113, 114, 215, 156, 51, 205, 45, 171,
       125, 174, 218, 106, 63, 254, 107, 245, 127, 247, 231, 220, 183,
       118, 243, 255, 245, 209, 92, 203, 78, 201, 6, 249, 87, 188, 191,
       24, 101, 244, 165, 159, 235, 84, 190, 182, 175, 218, 31, 183, 253,
       252, 185, 255, 221, 54, 127, 249, 247, 253, 254, 214, 253, 95,
       180, 255, 238, 189, 221, 250, 175, 245, 221, 246, 191, 255, 127,
       246, 246, 109, 215, 254, 239, 223, 89, 231, 101, 254, 255, 250,
       125, 252, 189, 255, 55, 191, 183, 119, 235, 255, 250, 239, 223,
       243, 125, 248, 92, 255, 223, 255, 255, 251, 249, 207, 254, 63,
       190, 239, 171, 127, 191, 191, 251, 253, 223, 214, 251, 255, 63,
       191, 77, 251, 253, 107, 243, 245, 87, 211, 245, 221, 255, 253,
       191, 126, 222, 119, 235, 223, 108, 87, 190, 95, 120, 233, 124,
       124, 93, 58, 47, 213, 53, 247, 111, 153, 172, 24, 5, 240, 29, 156,
       73, 16, 242, 51, 189, 90, 87, 32, 250, 45, 166, 117, 170, 155,
       237, 161, 120, 253, 124, 206, 53, 253, 127, 185, 100, 227, 252,
       195, 98, 245, 34, 219, 247, 92, 188, 4, 135, 126, 207, 121, 239,
       223, 100, 71, 186, 119, 250, 233, 124, 125, 85, 90, 38, 68, 181,
       247, 107, 185, 172, 153, 13, 240, 29, 156, 73, 54, 242, 63, 189,
       218, 71, 36, 250, 199, 136, 131, 213, 217, 130, 207, 206, 8, 235,
       0, 219, 130, 195, 130, 11, 10, 69, 184, 39, 142, 13, 202, 105, 78,
       202, 26, 39, 18, 9, 33, 79, 87, 167, 60, 59, 48, 253, 111, 54, 65,
       98, 40, 107, 139, 24, 89, 179, 81, 164, 56, 180, 197, 242, 188,
       170, 80, 108, 178, 13, 76, 85, 17, 247, 61, 190, 247, 117, 189,
       181, 249, 124, 188, 253, 198, 253, 239, 123, 128, 77, 234, 253,
       235, 107, 245, 111, 202, 255, 109, 250, 246, 247, 124, 77, 113,
       239, 223, 98, 125, 182, 247, 184, 249, 125, 125, 92, 251, 167,
       253, 33, 255, 107, 184, 188, 24, 5, 240, 29, 156, 77, 54, 246,
       247, 143, 218, 87, 37, 254, 243, 135, 12, 215, 238, 159, 155, 49,
       63, 221, 23, 207, 157, 121, 126, 4, 164, 247, 104, 183, 212, 39,
       210, 242, 89, 118, 189, 126, 120, 210, 87, 107, 223, 60, 81, 48,
       218, 72, 232, 104, 112, 92, 57, 175, 213, 52, 245, 111, 153, 136,
       24, 13, 240, 29, 156, 73, 17, 242, 51, 189, 82, 87, 32, 250, 195,
       1, 130, 183, 79, 130, 77, 138, 54, 239, 16, 67, 139, 233, 48, 23,
       102, 215, 37, 99, 206, 173, 224, 123, 78, 154, 179, 46, 82, 0, 49,
       123, 83, 38, 20, 186, 82, 104, 97, 244, 80, 72, 56, 15, 209, 20,
       209, 79, 153, 172, 24, 5, 240, 28, 156, 73, 16, 242, 51, 189, 88,
       87, 32, 250, 124, 235, 255, 253, 34, 255, 249, 247, 253, 252, 222,
       157, 95, 244, 255, 238, 157, 153, 251, 107, 255, 125, 94, 191,
       249, 127, 214, 246, 109, 215, 255, 238, 207, 91, 227, 101, 255,
       255, 250, 121, 126, 61, 247, 247, 255, 247, 119, 235, 191, 202,
       175, 251, 247, 125, 122, 92, 111, 207, 223, 235, 251, 251, 207,
       222, 125, 255, 255, 221, 50, 127, 251, 251, 253, 254, 255, 222,
       223, 253, 253, 238, 187, 245, 255, 111, 182, 127, 212, 247, 253,
       255, 183, 191, 125, 223, 126, 251, 231, 71, 103, 255, 214, 127,
       251, 125, 254, 253, 253, 191, 255, 174, 245, 111, 159, 173, 191,
       223, 250, 29, 159, 93, 120, 254, 123, 255, 251, 223, 43, 250, 59,
       222, 125, 239, 174, 253, 253, 121, 255, 255, 220, 201, 253, 61,
       125, 221, 255, 254, 227, 251, 244, 118, 219, 253, 253, 255, 117,
