%YAML:1.0
descriptors: !!opencv-matrix
   rows: 79
   cols: 64
   dt: u
   data: [ 61, 183, 253, 254, 63, 181, 253, 123, 247, 254, 213, 240, 253,
       123, 180, 86, 246, 223, 99, 99, 245, 38, 195, 119, 205, 186, 228,
       255, 82, 28, 245, 235, 215, 36, 85, 190, 83, 120, 233, 117, 120,
       92, 57, 47, 213, 53, 247, 111, 153, 172, 24, 5, 240, 29, 156, 73,
       16, 242, 51, 189, 88, 87, 32, 250, 63, 176, 125, 246, 63, 189,
       255, 120, 247, 252, 245, 243, 253, 123, 180, 85, 246, 255, 99,
       115, 245, 119, 195, 247, 237, 254, 229, 255, 122, 221, 245, 235,
       223, 44, 87, 190, 219, 120, 249, 125, 120, 93, 121, 47, 213, 53,
       247, 111, 153, 172, 24, 5, 240, 29, 156, 73, 24, 242, 51, 189, 88,
       87, 32, 250, 62, 177, 253, 254, 54, 253, 253, 122, 247, 254, 221,
       253, 253, 126, 188, 95, 255, 254, 99, 123, 245, 118, 211, 247,
       253, 255, 247, 251, 122, 223, 245, 235, 215, 44, 215, 190, 219,
       120, 249, 125, 120, 93, 59, 47, 212, 53, 247, 111, 153, 172, 24,
       5, 240, 29, 156, 89, 16, 242, 51, 189, 122, 215, 40, 250, 61, 55,
       117, 246, 63, 165, 185, 120, 244, 124, 215, 117, 253, 127, 176,
       85, 242, 212, 67, 98, 245, 42, 129, 118, 204, 170, 228, 155, 90,
       92, 125, 235, 247, 36, 84, 190, 82, 122, 193, 245, 216, 92, 24,
       14, 192, 7, 195, 79, 153, 172, 24, 5, 240, 29, 157, 73, 16, 242,
       51, 189, 88, 86, 32, 248, 44, 43, 239, 176, 50, 127, 177, 119, 53,
       252, 86, 85, 91, 254, 187, 230, 226, 221, 65, 99, 245, 53, 194,
       243, 93, 234, 132, 135, 88, 204, 63, 235, 215, 36, 85, 186, 87,
       122, 233, 116, 208, 93, 56, 46, 213, 6, 231, 111, 153, 172, 24, 5,
       242, 29, 156, 73, 16, 242, 51, 189, 88, 23, 32, 250, 253, 187,
       239, 249, 54, 119, 249, 254, 244, 254, 244, 249, 95, 249, 151,
       206, 203, 253, 251, 107, 245, 255, 230, 183, 15, 235, 183, 183,
       121, 93, 118, 235, 255, 102, 213, 186, 86, 124, 249, 125, 126,
       127, 187, 63, 211, 49, 211, 239, 155, 172, 31, 133, 240, 29, 156,
       93, 56, 246, 115, 223, 219, 215, 41, 255, 59, 150, 253, 103, 254,
       181, 251, 60, 250, 191, 80, 219, 172, 73, 2, 21, 126, 255, 187,
       179, 252, 111, 219, 253, 168, 250, 126, 254, 94, 81, 241, 239,
       223, 233, 221, 53, 255, 185, 249, 119, 125, 76, 106, 175, 209,
       113, 255, 115, 184, 220, 24, 5, 244, 189, 156, 73, 22, 182, 183,
       191, 242, 215, 36, 254, 108, 237, 239, 248, 54, 119, 249, 255,
       181, 254, 236, 189, 91, 204, 191, 239, 145, 124, 243, 107, 245,
       255, 118, 191, 93, 43, 166, 151, 89, 213, 127, 235, 239, 42, 199,
       238, 223, 126, 241, 253, 218, 127, 246, 174, 210, 119, 3, 107,
       189, 172, 154, 77, 240, 29, 157, 84, 148, 178, 127, 191, 251, 214,
       171, 243, 58, 16, 216, 190, 31, 163, 94, 31, 87, 234, 145, 181,
       189, 78, 38, 87, 255, 215, 0, 211, 199, 47, 203, 111, 197, 202,
       226, 79, 82, 121, 253, 111, 223, 166, 85, 54, 115, 248, 235, 119,
       112, 76, 102, 107, 215, 21, 229, 111, 153, 238, 24, 5, 228, 29,
       156, 73, 16, 178, 183, 191, 152, 87, 160, 254, 108, 47, 239, 248,
       16, 119, 37, 255, 213, 254, 200, 181, 81, 172, 187, 78, 203, 93,
       227, 110, 121, 149, 214, 183, 95, 253, 150, 133, 81, 220, 58, 203,
       195, 6, 87, 186, 84, 124, 101, 124, 120, 108, 48, 174, 87, 181,
       103, 238, 27, 172, 56, 17, 243, 29, 156, 88, 16, 226, 59, 157, 90,
       70, 40, 242, 108, 43, 231, 176, 82, 111, 35, 247, 133, 228, 202,
       53, 81, 182, 187, 230, 235, 92, 67, 100, 125, 129, 228, 51, 95,
       201, 156, 133, 82, 206, 58, 201, 80, 39, 117, 186, 82, 114, 197,
       84, 48, 85, 20, 46, 77, 134, 101, 236, 153, 44, 94, 4, 242, 31,
       148, 73, 144, 224, 35, 189, 72, 6, 32, 250, 9, 158, 148, 101, 45,
       248, 176, 116, 56, 185, 206, 205, 140, 117, 72, 161, 45, 234, 161,
       235, 244, 40, 110, 251, 225, 127, 81, 242, 125, 71, 163, 231, 223,
       240, 113, 32, 117, 154, 248, 33, 125, 28, 122, 167, 244, 227, 247,
       107, 184, 250, 12, 3, 244, 13, 154, 77, 55, 211, 183, 167, 210,
       115, 165, 94, 50, 17, 25, 150, 63, 0, 93, 26, 198, 42, 17, 48, 37,
       74, 32, 83, 118, 214, 0, 146, 194, 42, 193, 79, 136, 146, 226, 11,
       18, 41, 213, 104, 87, 172, 148, 190, 74, 120, 99, 87, 64, 200, 7,
       73, 192, 20, 165, 79, 144, 166, 24, 5, 36, 24, 156, 65, 16, 50,
       51, 155, 24, 23, 32, 242, 52, 50, 113, 131, 221, 133, 131, 124,
       198, 68, 147, 52, 229, 30, 153, 116, 114, 212, 3, 96, 193, 34,
       142, 100, 12, 136, 108, 13, 146, 8, 81, 59, 117, 36, 84, 158, 64,
       114, 5, 214, 145, 80, 16, 14, 64, 142, 200, 4, 152, 44, 81, 5, 50,
       28, 133, 73, 0, 114, 35, 188, 72, 6, 34, 249, 220, 41, 147, 245,
       64, 98, 104, 231, 0, 130, 195, 22, 82, 196, 155, 234, 43, 9, 59,
       78, 47, 141, 196, 147, 31, 95, 182, 205, 192, 134, 50, 152, 98,
       23, 101, 219, 1, 110, 71, 84, 40, 96, 181, 122, 111, 141, 11, 190,
       77, 40, 118, 241, 81, 94, 36, 64, 193, 232, 73, 243, 77, 36, 145,
       162, 101, 38, 117, 0, 217, 15, 39, 72, 232, 70, 170, 50, 241, 47,
       232, 197, 195, 117, 7, 100, 105, 193, 24, 32, 68, 253, 57, 45,
       146, 10, 49, 25, 80, 5, 85, 187, 0, 112, 37, 92, 36, 80, 28, 47,
       69, 90, 116, 148, 136, 36, 16, 4, 99, 29, 133, 11, 8, 252, 1, 188,
       76, 86, 32, 48, 183, 254, 125, 135, 255, 221, 159, 217, 239, 69,
       63, 126, 191, 127, 244, 253, 243, 213, 36, 97, 197, 34, 177, 116,
       110, 223, 57, 43, 215, 27, 91, 127, 213, 100, 92, 154, 82, 112,
       233, 246, 83, 92, 8, 47, 213, 22, 244, 13, 153, 172, 16, 5, 240,
       29, 156, 73, 16, 242, 50, 188, 88, 87, 32, 248, 108, 32, 239, 177,
       82, 103, 161, 255, 148, 238, 194, 53, 81, 140, 187, 199, 202, 116,
       67, 102, 241, 131, 254, 55, 30, 168, 156, 5, 82, 156, 50, 203,
       101, 38, 23, 187, 82, 118, 5, 92, 152, 68, 20, 14, 65, 36, 1, 232,
       25, 44, 94, 5, 209, 28, 148, 64, 144, 224, 43, 189, 72, 6, 32,
       242, 108, 38, 253, 136, 18, 23, 35, 79, 164, 102, 162, 48, 81,
       170, 187, 70, 194, 212, 3, 100, 65, 209, 196, 48, 92, 128, 172, 9,
       18, 136, 56, 73, 240, 4, 84, 186, 64, 112, 5, 212, 182, 82, 28,
       14, 80, 22, 64, 76, 153, 44, 24, 4, 114, 29, 149, 73, 16, 240, 35,
       188, 88, 86, 32, 241, 245, 190, 247, 67, 216, 215, 167, 245, 251,
       253, 42, 123, 229, 119, 187, 209, 251, 231, 251, 42, 221, 69, 95,
       220, 219, 245, 61, 167, 174, 73, 219, 127, 245, 199, 223, 55, 116,
       177, 109, 126, 117, 84, 106, 182, 85, 224, 89, 241, 188, 252, 12,
       57, 182, 189, 157, 235, 118, 124, 134, 45, 218, 215, 124, 254,
       173, 237, 239, 248, 54, 127, 125, 127, 253, 255, 244, 248, 127,
       250, 254, 207, 155, 252, 127, 107, 183, 255, 252, 63, 125, 255,
       151, 179, 127, 223, 127, 235, 215, 70, 150, 250, 210, 127, 249,
       61, 254, 255, 254, 125, 211, 23, 117, 107, 159, 173, 190, 77, 219,
       29, 223, 28, 56, 246, 123, 255, 219, 223, 239, 251, 5, 38, 225,
       136, 25, 148, 137, 107, 132, 238, 147, 52, 193, 14, 153, 70, 194,
       84, 3, 98, 193, 38, 200, 123, 77, 152, 164, 15, 82, 8, 49, 75, 87,
       36, 85, 186, 82, 120, 233, 86, 48, 84, 56, 46, 84, 20, 245, 111,
       153, 172, 24, 5, 240, 29, 156, 73, 16, 242, 51, 189, 88, 87, 32,
       242, 188, 254, 255, 237, 254, 127, 255, 255, 253, 255, 248, 255,
       239, 127, 255, 253, 251, 253, 255, 106, 245, 199, 182, 252, 255,
       255, 255, 187, 255, 95, 127, 255, 253, 101, 223, 255, 214, 119,
       249, 117, 127, 94, 123, 190, 213, 167, 215, 125, 157, 189, 30, 13,
       240, 63, 159, 77, 144, 246, 115, 157, 94, 95, 42, 176, 60, 186,
       253, 120, 255, 253, 255, 125, 253, 58, 206, 61, 125, 117, 191,
       213, 255, 174, 227, 82, 245, 123, 91, 223, 214, 111, 246, 255,
       239, 245, 239, 238, 143, 202, 199, 62, 253, 176, 249, 127, 108,
       93, 247, 229, 245, 241, 183, 107, 186, 254, 137, 75, 246, 29, 90,
       89, 46, 243, 223, 167, 186, 251, 237, 94, 89, 158, 150, 239, 255,
       241, 238, 220, 57, 251, 202, 109, 180, 92, 43, 253, 255, 191, 185,
