%YAML:1.0
descriptors: !!opencv-matrix
   rows: 86
   cols: 64
   dt: u
   data: [ 61, 182, 253, 247, 63, 253, 189, 125, 255, 253, 222, 117, 253,
       127, 185, 117, 255, 254, 195, 115, 245, 118, 211, 247, 221, 254,
       244, 255, 126, 223, 247, 239, 223, 108, 87, 190, 215, 120, 249,
       124, 124, 93, 122, 47, 213, 53, 247, 111, 185, 172, 24, 13, 242,
       29, 156, 73, 48, 242, 55, 189, 90, 95, 32, 250, 63, 244, 124, 188,
       63, 189, 253, 123, 181, 254, 252, 249, 253, 123, 189, 95, 251,
       252, 99, 243, 245, 118, 209, 119, 117, 191, 229, 251, 123, 223,
       245, 235, 207, 44, 87, 190, 215, 120, 233, 125, 122, 95, 58, 175,
       212, 117, 247, 111, 185, 172, 24, 13, 240, 29, 156, 73, 16, 242,
       55, 189, 90, 87, 40, 250, 61, 255, 255, 255, 62, 255, 253, 255,
       255, 254, 255, 253, 127, 127, 255, 254, 251, 255, 107, 123, 245,
       127, 215, 247, 253, 255, 247, 255, 127, 223, 255, 251, 207, 108,
       215, 190, 223, 122, 249, 125, 126, 93, 251, 191, 213, 183, 247,
       111, 187, 173, 157, 13, 242, 29, 157, 93, 48, 242, 115, 191, 251,
       223, 46, 254, 60, 176, 253, 138, 63, 117, 185, 126, 117, 254, 220,
       245, 125, 62, 189, 102, 251, 212, 65, 99, 245, 48, 193, 243, 73,
       42, 160, 10, 88, 220, 117, 235, 223, 36, 87, 186, 86, 120, 233,
       124, 112, 93, 56, 47, 212, 52, 245, 111, 153, 172, 24, 5, 240, 29,
       156, 73, 16, 242, 51, 189, 88, 87, 32, 250, 191, 186, 125, 199,
       254, 189, 223, 120, 254, 189, 255, 123, 237, 123, 216, 240, 246,
       215, 94, 43, 229, 111, 139, 252, 173, 254, 237, 127, 126, 91, 245,
       127, 247, 237, 84, 190, 94, 251, 249, 247, 213, 92, 107, 63, 193,
       162, 217, 79, 153, 189, 29, 5, 248, 157, 159, 73, 16, 246, 51,
       189, 216, 23, 36, 252, 254, 57, 235, 253, 54, 119, 252, 255, 212,
       186, 213, 176, 91, 192, 179, 218, 185, 221, 123, 255, 183, 191,
       230, 159, 175, 203, 182, 159, 83, 245, 52, 234, 231, 63, 166, 255,
       223, 125, 243, 117, 120, 239, 245, 110, 251, 61, 147, 111, 223,
       174, 159, 215, 248, 61, 188, 92, 209, 243, 123, 219, 121, 63, 177,
       255, 55, 53, 121, 150, 55, 149, 31, 8, 230, 70, 53, 112, 189, 106,
       180, 87, 246, 246, 0, 113, 131, 50, 209, 102, 220, 130, 224, 89,
       18, 56, 213, 105, 214, 44, 22, 158, 202, 120, 131, 221, 48, 75,
       61, 9, 208, 20, 213, 79, 145, 172, 24, 5, 114, 25, 156, 73, 16,
       114, 51, 189, 88, 87, 32, 251, 51, 254, 117, 207, 254, 157, 159,
       185, 255, 125, 62, 123, 189, 123, 221, 212, 246, 247, 78, 42, 245,
       103, 155, 124, 249, 254, 237, 127, 190, 219, 221, 255, 231, 237,
       78, 190, 214, 251, 185, 254, 247, 94, 75, 159, 209, 162, 216, 95,
       169, 237, 156, 9, 244, 29, 159, 95, 48, 246, 242, 188, 218, 215,
       42, 253, 54, 48, 121, 134, 190, 141, 27, 73, 198, 68, 23, 116,
       189, 62, 176, 116, 242, 214, 4, 96, 193, 32, 129, 100, 156, 144,
       228, 13, 18, 186, 85, 41, 84, 36, 85, 158, 66, 114, 137, 86, 144,
       216, 16, 15, 192, 4, 228, 15, 145, 164, 16, 5, 96, 29, 158, 73,
       16, 114, 51, 188, 88, 23, 32, 248, 252, 57, 235, 240, 54, 51, 121,
       126, 212, 191, 213, 244, 115, 194, 144, 106, 194, 221, 95, 111,
       167, 189, 228, 55, 13, 138, 166, 143, 82, 12, 52, 235, 243, 38,
       148, 187, 86, 126, 193, 245, 218, 110, 145, 14, 210, 23, 193, 111,
       155, 44, 25, 133, 240, 29, 157, 73, 64, 242, 51, 251, 89, 22, 35,
       253, 50, 144, 24, 158, 191, 128, 94, 8, 86, 32, 21, 248, 189, 78,
       36, 81, 126, 151, 0, 146, 195, 50, 195, 110, 160, 150, 241, 111,
       18, 105, 213, 110, 151, 172, 149, 150, 107, 72, 234, 119, 32, 203,
       101, 105, 149, 20, 181, 111, 145, 238, 24, 5, 180, 0, 220, 97, 16,
       179, 186, 187, 56, 95, 164, 206, 119, 118, 113, 134, 221, 134, 15,
       72, 230, 70, 185, 50, 173, 43, 148, 84, 242, 215, 4, 100, 73, 160,
       129, 100, 204, 132, 233, 13, 146, 8, 113, 41, 80, 36, 20, 158, 66,
       112, 1, 214, 38, 74, 24, 11, 192, 28, 196, 13, 129, 164, 16, 4,
       32, 24, 133, 73, 16, 114, 49, 156, 88, 86, 32, 177, 127, 253, 237,
       186, 87, 111, 23, 79, 229, 70, 221, 188, 61, 175, 190, 223, 235,
       213, 49, 100, 35, 211, 240, 55, 79, 221, 185, 29, 115, 26, 58, 41,
       208, 37, 21, 219, 66, 112, 205, 116, 50, 218, 60, 41, 85, 28, 100,
       236, 157, 164, 82, 4, 224, 61, 150, 77, 152, 182, 41, 189, 88, 71,
       50, 243, 76, 43, 183, 252, 40, 123, 96, 247, 25, 184, 202, 5, 80,
       244, 219, 162, 137, 8, 227, 106, 245, 169, 70, 147, 73, 107, 146,
       192, 72, 198, 59, 198, 223, 18, 81, 40, 21, 250, 248, 32, 252, 61,
       179, 38, 101, 167, 231, 107, 184, 236, 45, 87, 211, 93, 24, 8, 7,
       203, 87, 167, 74, 99, 225, 98, 69, 39, 193, 160, 81, 70, 35, 79,
       132, 68, 11, 52, 1, 143, 146, 167, 235, 68, 33, 100, 65, 131, 228,
       50, 78, 221, 188, 13, 211, 10, 34, 9, 212, 36, 85, 186, 66, 48,
       77, 84, 48, 80, 56, 175, 85, 24, 244, 108, 153, 172, 24, 0, 240,
       29, 148, 73, 16, 240, 33, 189, 88, 87, 32, 250, 77, 45, 239, 249,
       18, 127, 121, 247, 189, 254, 238, 181, 83, 236, 187, 239, 139,
       125, 243, 111, 127, 253, 214, 187, 93, 235, 150, 133, 89, 69, 62,
       203, 247, 2, 215, 235, 18, 126, 241, 124, 248, 124, 190, 46, 247,
       55, 103, 234, 29, 172, 58, 85, 209, 29, 156, 28, 144, 226, 123,
       191, 79, 214, 41, 242, 179, 240, 89, 6, 159, 128, 93, 24, 198, 35,
       53, 120, 175, 74, 36, 85, 118, 246, 4, 145, 131, 54, 171, 111,
       164, 146, 227, 43, 18, 57, 197, 108, 135, 172, 158, 158, 106, 89,
       35, 215, 67, 203, 103, 73, 144, 84, 181, 15, 208, 182, 16, 4, 44,
       160, 244, 99, 24, 50, 178, 59, 184, 157, 164, 221, 47, 165, 237,
       184, 55, 191, 29, 95, 245, 222, 148, 176, 253, 63, 189, 79, 194,
       245, 3, 105, 245, 119, 210, 119, 93, 168, 164, 29, 90, 24, 57,
       105, 215, 36, 87, 186, 82, 120, 225, 124, 112, 94, 56, 47, 213,
       20, 245, 111, 153, 172, 24, 5, 240, 29, 157, 73, 16, 242, 51, 189,
       88, 87, 42, 251, 49, 186, 214, 207, 250, 213, 147, 52, 127, 252,
       86, 125, 189, 127, 153, 212, 254, 215, 200, 42, 213, 105, 207,
       125, 233, 96, 100, 127, 62, 201, 221, 127, 183, 228, 93, 52, 119,
       219, 251, 126, 245, 93, 203, 38, 5, 132, 217, 99, 187, 252, 157,
       45, 182, 133, 153, 207, 102, 118, 190, 237, 218, 79, 38, 254, 61,
       190, 255, 253, 62, 255, 253, 255, 253, 254, 214, 221, 221, 125,
       219, 204, 253, 237, 235, 107, 244, 127, 222, 255, 253, 127, 246,
       246, 109, 215, 255, 239, 223, 122, 205, 60, 223, 186, 249, 125,
       125, 93, 251, 191, 213, 161, 247, 107, 187, 252, 141, 203, 240,
       29, 156, 93, 110, 246, 223, 255, 251, 223, 108, 254, 126, 49, 117,
       182, 255, 175, 91, 57, 214, 92, 213, 115, 189, 122, 180, 84, 242,
       215, 67, 116, 241, 47, 131, 119, 222, 186, 228, 31, 90, 248, 125,
       233, 215, 44, 22, 190, 254, 120, 129, 117, 216, 223, 23, 15, 193,
       21, 225, 79, 153, 164, 24, 5, 242, 28, 157, 73, 16, 242, 51, 189,
       90, 23, 32, 249, 63, 246, 109, 171, 191, 189, 171, 248, 253, 127,
       210, 127, 253, 63, 249, 245, 242, 244, 71, 104, 241, 114, 154,
       124, 109, 188, 45, 59, 254, 91, 121, 255, 117, 228, 221, 154, 82,
       115, 169, 118, 223, 86, 90, 30, 84, 135, 216, 81, 137, 61, 28, 5,
       232, 157, 143, 73, 144, 242, 59, 156, 220, 95, 34, 181, 250, 221,
       254, 255, 47, 255, 253, 3, 255, 255, 253, 234, 191, 255, 126, 223,
       253, 187, 126, 251, 191, 127, 83, 127, 243, 127, 247, 254, 111,
       247, 254, 231, 159, 251, 235, 101, 255, 221, 250, 123, 126, 255,
       239, 253, 191, 125, 255, 63, 255, 203, 170, 223, 238, 229, 250,
       253, 127, 255, 255, 255, 243, 249, 219, 206, 126, 48, 247, 189,
       250, 135, 187, 237, 223, 254, 211, 61, 253, 170, 187, 86, 242,
       147, 218, 178, 249, 247, 207, 189, 221, 232, 238, 223, 74, 253,
       253, 254, 111, 173, 71, 191, 254, 255, 165, 127, 252, 79, 199, 14,
       243, 189, 139, 95, 191, 238, 153, 139, 246, 61, 29, 95, 78, 255,
