%YAML:1.0
descriptors: !!opencv-matrix
   rows: 60
   cols: 64
   dt: u
   data: [ 189, 184, 255, 191, 63, 119, 253, 254, 253, 252, 252, 255,
       127, 127, 187, 253, 251, 252, 99, 99, 245, 99, 231, 246, 205, 255,
       245, 187, 251, 223, 119, 251, 223, 44, 87, 190, 83, 120, 233, 124,
       120, 93, 56, 47, 213, 53, 247, 111, 153, 172, 24, 5, 240, 29, 156,
       73, 16, 242, 51, 189, 88, 87, 32, 250, 62, 185, 239, 254, 55, 255,
       253, 127, 213, 252, 253, 241, 255, 254, 180, 78, 251, 221, 99,
       243, 247, 47, 195, 247, 93, 255, 167, 191, 82, 158, 117, 235, 223,
       44, 85, 186, 91, 120, 233, 124, 120, 92, 57, 47, 213, 53, 247,
       111, 153, 172, 24, 5, 240, 29, 156, 73, 16, 242, 51, 189, 88, 87,
       32, 250, 61, 217, 238, 254, 55, 253, 253, 126, 61, 254, 245, 249,
       191, 122, 252, 206, 251, 252, 97, 123, 245, 126, 195, 115, 109,
       255, 163, 63, 127, 223, 117, 235, 223, 36, 87, 186, 215, 120, 249,
       125, 242, 95, 255, 47, 213, 21, 247, 111, 153, 172, 24, 5, 240,
       29, 157, 93, 48, 242, 51, 189, 91, 223, 34, 251, 125, 53, 243,
       118, 81, 162, 122, 74, 208, 40, 192, 51, 230, 194, 128, 90, 114,
       139, 179, 86, 231, 45, 65, 87, 134, 202, 226, 205, 66, 44, 224,
       232, 95, 39, 36, 191, 53, 60, 85, 116, 72, 104, 157, 75, 233, 29,
       131, 207, 249, 166, 24, 215, 224, 60, 92, 65, 70, 186, 215, 187,
       24, 102, 177, 72, 12, 190, 205, 253, 62, 253, 252, 113, 57, 250,
       78, 221, 204, 119, 253, 65, 235, 220, 161, 99, 197, 100, 194, 251,
       77, 223, 177, 183, 124, 79, 51, 107, 215, 36, 213, 186, 83, 120,
       233, 117, 112, 92, 58, 47, 213, 20, 247, 111, 153, 172, 24, 5,
       240, 29, 156, 73, 16, 242, 51, 189, 88, 87, 32, 250, 255, 252,
       121, 190, 255, 206, 95, 73, 223, 111, 191, 254, 191, 206, 236,
       254, 251, 215, 60, 117, 207, 163, 179, 60, 223, 223, 251, 47, 211,
       59, 127, 41, 194, 37, 85, 255, 194, 115, 233, 246, 114, 220, 57,
       43, 213, 30, 252, 61, 137, 164, 16, 5, 232, 29, 159, 105, 16, 242,
       49, 189, 92, 86, 50, 184, 250, 240, 88, 190, 255, 137, 95, 8, 255,
       99, 189, 250, 191, 106, 100, 93, 247, 151, 52, 209, 143, 122, 163,
       110, 229, 215, 227, 127, 83, 251, 205, 109, 155, 172, 158, 223,
       234, 121, 251, 247, 82, 203, 109, 105, 147, 31, 245, 63, 213, 166,
       18, 5, 110, 17, 253, 123, 24, 179, 180, 63, 61, 95, 178, 27, 45,
       47, 247, 225, 16, 239, 167, 123, 249, 212, 206, 119, 193, 127,
       217, 228, 235, 205, 227, 106, 245, 45, 202, 243, 93, 255, 21, 165,
       108, 14, 59, 223, 223, 102, 117, 186, 85, 122, 253, 60, 125, 53,
       56, 167, 69, 161, 119, 239, 153, 172, 169, 13, 240, 29, 156, 73,
       36, 226, 51, 173, 74, 71, 37, 250, 118, 249, 217, 154, 119, 218,
       95, 15, 255, 195, 61, 248, 63, 174, 190, 223, 255, 215, 48, 245,
       135, 119, 227, 39, 237, 215, 249, 127, 83, 59, 214, 105, 151, 44,
       149, 222, 74, 121, 235, 119, 114, 222, 45, 41, 149, 28, 245, 46,
       147, 174, 26, 5, 248, 29, 244, 91, 16, 242, 58, 189, 88, 85, 50,
       251, 45, 46, 239, 184, 16, 247, 163, 127, 181, 254, 202, 181, 93,
       63, 187, 230, 203, 220, 195, 98, 245, 97, 206, 179, 93, 233, 132,
       133, 120, 140, 49, 203, 247, 6, 85, 186, 82, 122, 233, 124, 252,
       92, 56, 46, 84, 55, 67, 111, 153, 172, 24, 5, 240, 29, 156, 73,
       16, 242, 51, 189, 88, 87, 32, 250, 157, 217, 154, 117, 41, 224,
       248, 242, 24, 187, 194, 239, 226, 64, 67, 9, 173, 137, 167, 211,
       229, 47, 103, 219, 227, 127, 243, 230, 64, 103, 163, 246, 239,
       186, 77, 36, 127, 172, 232, 97, 120, 60, 179, 110, 247, 113, 147,
       107, 185, 238, 24, 67, 244, 29, 216, 65, 23, 211, 183, 183, 176,
       115, 129, 78, 243, 116, 81, 135, 255, 128, 27, 8, 206, 97, 177,
       123, 175, 203, 128, 116, 118, 215, 28, 49, 203, 143, 139, 109,
       142, 138, 232, 63, 146, 57, 193, 127, 51, 173, 20, 159, 66, 255,
       39, 215, 195, 194, 73, 10, 201, 10, 200, 21, 197, 103, 16, 37,
       108, 186, 141, 235, 88, 62, 176, 24, 216, 20, 50, 189, 126, 255,
       255, 254, 118, 63, 127, 251, 253, 254, 253, 187, 253, 254, 255,
       254, 243, 245, 123, 111, 125, 247, 209, 119, 253, 255, 255, 189,
       127, 223, 126, 249, 194, 108, 87, 255, 222, 125, 241, 125, 126,
       223, 119, 63, 215, 183, 245, 111, 159, 173, 158, 13, 250, 29, 159,
       93, 120, 246, 123, 189, 95, 222, 42, 242, 126, 245, 127, 255, 55,
       183, 223, 121, 247, 255, 253, 248, 255, 110, 244, 95, 255, 215,
       103, 103, 245, 55, 209, 119, 221, 255, 231, 127, 83, 30, 253, 251,
       211, 44, 86, 190, 82, 120, 233, 116, 114, 94, 56, 47, 213, 20,
       245, 111, 153, 172, 24, 5, 240, 29, 156, 73, 16, 242, 51, 189, 88,
       87, 34, 251, 147, 148, 146, 119, 255, 224, 222, 148, 58, 185, 149,
       235, 174, 89, 6, 25, 125, 239, 188, 147, 239, 47, 123, 122, 226,
       127, 243, 254, 220, 119, 231, 231, 223, 251, 58, 117, 255, 141,
       250, 231, 89, 12, 235, 255, 233, 81, 255, 123, 248, 210, 88, 99,
       244, 230, 152, 225, 55, 151, 247, 151, 182, 119, 149, 78, 124,
       190, 247, 233, 254, 255, 231, 255, 253, 221, 222, 253, 255, 63,
       251, 236, 251, 245, 251, 110, 245, 95, 222, 245, 255, 253, 125,
       191, 127, 223, 126, 191, 221, 111, 255, 191, 214, 255, 253, 124,
       125, 85, 251, 55, 77, 175, 125, 231, 190, 189, 223, 189, 243, 253,
       158, 95, 100, 254, 107, 239, 219, 143, 60, 254, 253, 253, 255,
       252, 126, 127, 255, 255, 189, 254, 251, 191, 95, 236, 255, 254,
       249, 253, 255, 111, 247, 255, 244, 59, 255, 255, 247, 223, 253,
       247, 254, 255, 99, 123, 127, 255, 247, 247, 249, 253, 126, 255,
       255, 255, 255, 183, 247, 127, 239, 175, 94, 223, 234, 127, 159,
       93, 221, 254, 127, 255, 255, 174, 187, 182, 254, 252, 255, 127,
       255, 255, 255, 237, 255, 255, 221, 251, 255, 254, 191, 220, 251,
       151, 123, 123, 255, 127, 219, 253, 255, 255, 255, 255, 111, 255,
       255, 238, 207, 237, 47, 223, 254, 253, 253, 127, 121, 223, 245,
       255, 223, 125, 189, 63, 255, 174, 155, 207, 242, 183, 252, 125,
       92, 246, 255, 255, 255, 223, 184, 254, 127, 252, 125, 239, 255,
       191, 255, 249, 255, 125, 253, 59, 253, 126, 253, 253, 243, 245,
       123, 102, 253, 187, 147, 124, 254, 253, 237, 63, 255, 95, 127,
       255, 243, 37, 21, 255, 210, 115, 233, 117, 123, 223, 95, 31, 213,
       159, 252, 93, 141, 173, 30, 5, 248, 191, 159, 73, 16, 246, 59,
       188, 90, 78, 34, 177, 254, 244, 253, 183, 255, 247, 191, 253, 255,
       127, 253, 251, 255, 126, 182, 125, 251, 213, 127, 103, 249, 163,
       243, 116, 92, 239, 253, 47, 211, 91, 119, 235, 215, 37, 86, 191,
       82, 112, 233, 244, 90, 94, 56, 47, 209, 20, 245, 109, 153, 172,
       24, 5, 240, 29, 156, 73, 16, 242, 51, 189, 88, 87, 32, 250, 254,
       254, 255, 255, 255, 255, 247, 249, 255, 245, 255, 251, 255, 255,
       254, 220, 251, 215, 127, 127, 255, 127, 191, 127, 255, 255, 255,
       191, 255, 219, 255, 255, 223, 239, 103, 255, 214, 255, 255, 126,
       253, 221, 237, 127, 221, 191, 253, 179, 207, 237, 159, 253, 255,
       255, 159, 255, 120, 254, 251, 255, 219, 253, 189, 254, 254, 126,
       253, 167, 255, 191, 63, 121, 255, 127, 223, 123, 255, 254, 252,
       93, 251, 213, 127, 100, 249, 151, 147, 125, 222, 253, 253, 63,
       218, 95, 127, 239, 195, 37, 87, 191, 210, 121, 173, 116, 120, 221,
       120, 175, 213, 28, 252, 93, 157, 173, 24, 13, 226, 29, 159, 73,
       16, 246, 115, 189, 90, 87, 40, 250, 125, 191, 255, 253, 114, 255,
       251, 119, 253, 252, 207, 189, 223, 253, 187, 238, 187, 253, 251,
       111, 247, 125, 86, 247, 223, 106, 166, 215, 109, 197, 126, 239,
       223, 83, 119, 191, 213, 254, 255, 125, 252, 125, 251, 102, 253,
       191, 247, 111, 189, 174, 173, 223, 243, 125, 157, 77, 127, 255,
       123, 255, 251, 111, 191, 254, 123, 116, 124, 178, 255, 191, 55, 9,
       231, 100, 213, 114, 189, 122, 244, 84, 242, 247, 29, 116, 245,
       119, 145, 118, 220, 218, 233, 31, 122, 216, 253, 233, 147, 45, 86,
