%YAML:1.0
descriptors: !!opencv-matrix
   rows: 54
   cols: 64
   dt: u
   data: [ 63, 246, 125, 255, 63, 189, 253, 120, 253, 255, 253, 251, 253,
       123, 190, 116, 243, 222, 99, 115, 245, 98, 195, 246, 221, 175,
       245, 251, 122, 95, 247, 235, 223, 44, 85, 190, 223, 120, 249, 125,
       122, 92, 57, 47, 212, 55, 247, 111, 153, 172, 24, 5, 240, 29, 156,
       73, 16, 242, 51, 189, 90, 87, 32, 250, 61, 55, 117, 116, 252, 162,
       123, 120, 224, 40, 193, 49, 229, 67, 128, 81, 114, 239, 199, 66,
       243, 46, 17, 223, 134, 42, 230, 223, 210, 44, 225, 236, 74, 46,
       22, 190, 145, 48, 81, 213, 77, 64, 147, 206, 224, 97, 131, 79,
       168, 166, 24, 67, 96, 28, 28, 65, 4, 179, 87, 151, 56, 38, 161,
       56, 63, 189, 255, 255, 54, 181, 249, 254, 247, 254, 253, 255, 253,
       122, 191, 127, 242, 254, 99, 251, 245, 126, 211, 247, 205, 170,
       246, 251, 90, 93, 247, 235, 215, 44, 87, 190, 223, 120, 249, 125,
       122, 93, 59, 47, 212, 53, 247, 111, 153, 172, 24, 5, 240, 29, 156,
       73, 16, 242, 51, 189, 91, 87, 34, 251, 236, 33, 171, 178, 80, 38,
       42, 255, 196, 171, 241, 242, 99, 130, 146, 106, 226, 213, 39, 71,
       73, 135, 229, 23, 78, 138, 172, 15, 82, 12, 50, 104, 226, 36, 84,
       186, 82, 120, 193, 244, 210, 94, 48, 14, 208, 22, 129, 110, 153,
       172, 24, 5, 240, 29, 156, 65, 16, 242, 51, 188, 88, 86, 34, 249,
       125, 63, 247, 253, 50, 127, 245, 254, 253, 252, 222, 181, 95, 255,
       187, 206, 235, 221, 235, 106, 245, 109, 198, 183, 79, 255, 183,
       181, 124, 78, 62, 239, 215, 39, 117, 186, 86, 120, 249, 116, 124,
       93, 250, 63, 221, 165, 247, 239, 157, 172, 29, 5, 242, 29, 158,
       77, 16, 246, 51, 189, 91, 71, 33, 250, 124, 41, 239, 245, 54, 119,
       249, 255, 212, 188, 214, 53, 91, 244, 147, 198, 187, 220, 251,
       111, 253, 175, 230, 159, 31, 107, 182, 133, 72, 213, 54, 254, 111,
       47, 39, 255, 222, 55, 81, 116, 88, 100, 147, 190, 79, 165, 3, 238,
       59, 44, 255, 219, 241, 30, 156, 92, 196, 226, 107, 219, 111, 6,
       33, 246, 27, 156, 152, 47, 175, 249, 252, 28, 217, 187, 202, 237,
       244, 68, 111, 185, 253, 187, 163, 211, 228, 55, 91, 223, 225, 79,
       226, 230, 77, 119, 239, 230, 207, 184, 203, 52, 127, 170, 232, 99,
       248, 92, 98, 47, 213, 119, 183, 107, 185, 238, 24, 7, 244, 29,
       221, 65, 23, 243, 183, 189, 178, 123, 224, 78, 191, 246, 125, 142,
       63, 127, 159, 125, 255, 124, 253, 253, 125, 127, 252, 252, 251,
       212, 103, 99, 245, 34, 161, 118, 205, 255, 245, 59, 251, 30, 115,
       107, 215, 36, 85, 190, 82, 112, 233, 244, 114, 94, 56, 47, 212,
       22, 245, 111, 153, 172, 24, 5, 240, 29, 156, 73, 16, 242, 51, 189,
       88, 87, 34, 250, 54, 240, 121, 134, 63, 141, 31, 13, 199, 101, 61,
       248, 61, 122, 180, 116, 243, 214, 4, 113, 199, 50, 227, 103, 220,
       131, 224, 15, 19, 184, 213, 105, 151, 44, 84, 158, 66, 120, 235,
       246, 82, 223, 36, 43, 208, 20, 245, 111, 145, 172, 24, 5, 240, 29,
       156, 73, 16, 242, 50, 189, 88, 87, 34, 251, 191, 246, 125, 183,
       63, 53, 191, 248, 254, 255, 255, 251, 255, 123, 240, 117, 243,
       213, 39, 99, 229, 38, 161, 118, 205, 223, 241, 59, 90, 30, 115,
       251, 243, 36, 84, 190, 82, 120, 233, 244, 114, 92, 56, 47, 208,
       22, 213, 111, 153, 172, 24, 5, 240, 29, 156, 73, 16, 242, 51, 189,
       88, 87, 32, 250, 191, 253, 125, 254, 63, 127, 255, 121, 255, 255,
       253, 249, 127, 127, 252, 255, 243, 212, 119, 123, 245, 114, 177,
       118, 237, 255, 225, 63, 127, 91, 127, 251, 211, 100, 84, 254, 210,
       121, 249, 245, 122, 223, 127, 47, 212, 23, 245, 111, 153, 173, 26,
       5, 248, 29, 159, 77, 24, 242, 51, 189, 89, 95, 34, 251, 18, 16,
       152, 158, 15, 128, 92, 15, 82, 42, 17, 161, 52, 66, 38, 82, 118,
       146, 0, 147, 197, 33, 203, 11, 128, 130, 226, 79, 66, 41, 229,
       102, 215, 164, 21, 54, 123, 104, 226, 118, 112, 76, 101, 105, 212,
       20, 229, 111, 153, 238, 24, 5, 228, 25, 220, 73, 16, 243, 183,
       185, 24, 86, 32, 238, 103, 229, 109, 56, 209, 14, 39, 75, 229, 70,
       168, 186, 233, 175, 236, 79, 203, 37, 59, 116, 57, 199, 24, 101,
       86, 245, 29, 45, 179, 30, 98, 1, 130, 15, 199, 187, 0, 56, 37,
       124, 46, 218, 56, 169, 85, 89, 116, 132, 20, 172, 16, 8, 65, 61,
       204, 19, 56, 172, 33, 189, 24, 215, 56, 50, 125, 54, 125, 234,
       126, 255, 47, 127, 245, 126, 218, 53, 109, 15, 253, 215, 251, 245,
       75, 108, 245, 115, 209, 63, 205, 253, 238, 157, 95, 94, 125, 233,
       85, 108, 223, 191, 214, 118, 253, 117, 124, 204, 122, 175, 87,
       163, 245, 126, 190, 181, 28, 4, 226, 61, 159, 93, 152, 182, 123,
       191, 219, 207, 40, 178, 191, 253, 254, 253, 63, 253, 253, 123,
       189, 255, 253, 250, 255, 124, 252, 253, 187, 253, 127, 107, 247,
       126, 242, 127, 125, 255, 247, 255, 127, 119, 255, 255, 215, 254,
       159, 254, 247, 253, 248, 255, 122, 255, 255, 125, 247, 23, 247,
       127, 159, 191, 158, 79, 248, 157, 158, 93, 57, 247, 251, 191, 251,
       255, 175, 255, 254, 113, 105, 186, 87, 50, 31, 75, 198, 163, 241,
       186, 255, 138, 180, 94, 114, 213, 63, 85, 9, 215, 193, 36, 140,
       128, 237, 45, 82, 184, 116, 168, 208, 44, 150, 255, 74, 124, 5,
       244, 58, 202, 52, 9, 147, 28, 0, 28, 23, 172, 16, 4, 104, 56, 253,
       91, 80, 182, 49, 216, 29, 214, 122, 179, 191, 255, 125, 254, 119,
       63, 31, 122, 255, 95, 253, 250, 255, 123, 244, 125, 243, 245, 103,
       103, 117, 118, 160, 119, 77, 255, 181, 63, 123, 26, 118, 169, 214,
       36, 84, 190, 82, 120, 233, 244, 114, 94, 56, 47, 209, 22, 245,
       111, 153, 172, 24, 5, 240, 29, 157, 73, 16, 242, 51, 189, 88, 87,
       32, 251, 255, 254, 247, 237, 253, 174, 255, 217, 127, 125, 236,
       255, 239, 255, 222, 253, 243, 245, 191, 100, 253, 205, 187, 124,
       254, 222, 123, 255, 255, 95, 251, 255, 243, 231, 92, 255, 246,
       247, 253, 247, 223, 222, 74, 223, 221, 155, 254, 149, 204, 245,
       92, 188, 233, 247, 143, 239, 88, 252, 245, 174, 222, 79, 54, 189,
       239, 175, 231, 241, 251, 191, 231, 203, 189, 249, 214, 255, 255,
       255, 171, 94, 234, 189, 187, 127, 255, 127, 218, 127, 87, 222,
       210, 183, 126, 223, 126, 207, 143, 239, 71, 187, 247, 254, 253,
       124, 108, 125, 248, 247, 221, 205, 255, 227, 253, 174, 153, 221,
       243, 125, 220, 109, 112, 254, 247, 191, 219, 127, 185, 94, 124,
       255, 255, 249, 254, 255, 247, 255, 253, 220, 254, 189, 125, 127,
       253, 237, 251, 221, 123, 110, 245, 123, 148, 183, 127, 253, 45,
       189, 127, 95, 126, 251, 255, 103, 85, 190, 214, 114, 253, 116,
       127, 93, 122, 190, 85, 167, 247, 238, 157, 173, 94, 13, 248, 61,
       159, 77, 16, 246, 107, 189, 90, 79, 46, 250, 250, 252, 255, 255,
       255, 255, 223, 169, 255, 253, 253, 255, 191, 126, 255, 252, 251,
       183, 126, 191, 255, 255, 223, 124, 255, 255, 251, 63, 255, 251,
       255, 255, 143, 237, 239, 223, 254, 253, 255, 127, 123, 221, 231,
       125, 221, 191, 253, 59, 255, 255, 159, 143, 255, 183, 254, 255,
       120, 254, 252, 127, 255, 221, 190, 222, 109, 239, 229, 186, 255,
       255, 39, 123, 253, 124, 222, 189, 253, 255, 252, 236, 235, 213,
       99, 102, 245, 39, 211, 119, 95, 255, 189, 47, 83, 30, 51, 233,
       215, 36, 85, 186, 82, 122, 233, 124, 112, 92, 56, 175, 213, 22,
       245, 111, 153, 172, 24, 5, 240, 29, 156, 73, 16, 242, 51, 189, 88,
       87, 32, 250, 125, 61, 255, 248, 87, 183, 103, 126, 181, 230, 236,
       180, 221, 252, 191, 127, 243, 253, 123, 102, 254, 247, 210, 51,
       78, 234, 172, 205, 80, 12, 120, 235, 215, 38, 85, 191, 82, 120,
       229, 116, 122, 94, 56, 47, 213, 61, 229, 111, 153, 172, 24, 5,
       240, 29, 156, 73, 16, 242, 51, 189, 88, 86, 34, 250, 125, 191,
       231, 253, 127, 255, 231, 255, 253, 252, 222, 191, 255, 255, 251,
       237, 235, 221, 251, 110, 245, 111, 214, 247, 95, 255, 181, 181,
       126, 94, 58, 255, 223, 103, 117, 186, 86, 122, 253, 116, 253, 93,
       58, 62, 77, 167, 253, 239, 137, 173, 92, 13, 240, 31, 159, 77, 16,
