%YAML:1.0
descriptors: !!opencv-matrix
   rows: 60
   cols: 64
   dt: u
   data: [ 188, 189, 255, 190, 55, 119, 253, 255, 247, 252, 252, 245,
       127, 126, 183, 254, 251, 215, 99, 99, 245, 39, 231, 119, 205, 255,
       245, 175, 91, 94, 247, 235, 223, 44, 85, 190, 83, 120, 233, 116,
       120, 92, 56, 47, 213, 53, 247, 111, 153, 172, 24, 5, 240, 29, 156,
       73, 16, 242, 51, 189, 88, 87, 32, 250, 60, 57, 253, 254, 62, 127,
       121, 255, 212, 124, 222, 53, 125, 126, 187, 230, 251, 212, 67, 98,
       245, 171, 229, 182, 77, 171, 164, 139, 211, 223, 127, 235, 247,
       36, 85, 186, 86, 114, 233, 116, 250, 93, 24, 46, 212, 55, 229,
       111, 153, 172, 26, 5, 240, 29, 156, 73, 16, 242, 59, 189, 88, 86,
       34, 248, 254, 241, 243, 254, 119, 35, 93, 106, 199, 128, 253, 242,
       255, 206, 180, 94, 243, 215, 54, 87, 39, 175, 193, 119, 206, 222,
       247, 253, 82, 184, 244, 168, 146, 47, 36, 159, 202, 124, 211, 213,
       58, 203, 181, 107, 255, 29, 181, 110, 205, 166, 17, 199, 96, 60,
       188, 69, 88, 182, 113, 219, 57, 119, 177, 250, 126, 57, 243, 246,
       115, 162, 125, 74, 210, 160, 213, 177, 119, 198, 132, 90, 242,
       151, 51, 87, 175, 173, 193, 23, 142, 202, 226, 221, 66, 44, 244,
       232, 146, 39, 52, 191, 171, 124, 211, 245, 88, 202, 181, 107, 235,
       29, 135, 110, 221, 166, 24, 215, 96, 60, 60, 65, 80, 187, 115,
       251, 57, 38, 179, 251, 31, 212, 204, 126, 63, 249, 252, 120, 57,
       186, 252, 249, 188, 118, 172, 72, 235, 220, 33, 243, 197, 52, 195,
       115, 109, 223, 177, 59, 94, 79, 55, 107, 215, 36, 85, 186, 87,
       120, 233, 116, 112, 93, 59, 47, 212, 21, 247, 111, 153, 172, 24,
       5, 240, 29, 156, 73, 16, 242, 51, 189, 88, 87, 32, 250, 254, 252,
       125, 190, 254, 207, 91, 73, 255, 111, 157, 254, 255, 238, 244,
       254, 251, 215, 54, 101, 205, 167, 179, 124, 223, 223, 255, 63,
       211, 59, 119, 41, 210, 44, 85, 255, 66, 121, 233, 116, 112, 220,
       56, 47, 213, 28, 244, 61, 153, 172, 16, 5, 232, 29, 156, 73, 16,
       242, 51, 189, 92, 87, 32, 186, 178, 249, 152, 126, 47, 152, 220,
       10, 219, 171, 189, 234, 190, 66, 100, 26, 245, 131, 54, 155, 135,
       62, 99, 79, 229, 215, 243, 255, 67, 123, 199, 102, 159, 188, 32,
       116, 251, 9, 250, 243, 122, 223, 229, 105, 179, 85, 183, 111, 243,
       234, 8, 71, 252, 5, 121, 97, 23, 243, 246, 255, 177, 123, 242, 79,
       45, 47, 247, 200, 82, 255, 167, 123, 237, 212, 206, 53, 221, 63,
       249, 228, 235, 221, 107, 110, 245, 45, 216, 243, 93, 253, 29, 173,
       124, 206, 58, 137, 214, 103, 117, 186, 80, 122, 253, 124, 53, 85,
       56, 39, 77, 166, 117, 230, 157, 165, 24, 12, 242, 29, 143, 77, 16,
       246, 35, 189, 89, 79, 32, 250, 108, 47, 239, 185, 16, 247, 161,
       255, 244, 254, 194, 181, 81, 191, 187, 231, 203, 220, 195, 98,
       245, 37, 198, 51, 77, 232, 164, 133, 82, 12, 49, 219, 247, 36, 85,
       186, 82, 122, 233, 116, 248, 92, 56, 46, 85, 21, 67, 111, 153,
       172, 24, 5, 240, 29, 156, 73, 16, 242, 51, 189, 88, 87, 32, 250,
       153, 216, 154, 117, 169, 224, 248, 152, 24, 187, 230, 239, 162,
       65, 75, 185, 45, 171, 183, 211, 229, 47, 111, 218, 225, 127, 243,
       226, 205, 103, 227, 246, 255, 186, 73, 100, 127, 169, 232, 113,
       249, 60, 179, 110, 241, 113, 155, 123, 185, 202, 24, 67, 252, 13,
       88, 65, 23, 211, 183, 183, 180, 115, 129, 78, 252, 56, 243, 183,
       216, 162, 35, 110, 206, 37, 211, 53, 247, 198, 146, 80, 114, 213,
       27, 100, 203, 141, 239, 61, 142, 202, 236, 15, 210, 8, 120, 45,
       117, 39, 52, 191, 0, 247, 5, 214, 145, 64, 157, 10, 73, 14, 201,
       148, 205, 36, 91, 180, 97, 190, 149, 235, 192, 60, 33, 152, 76, 4,
       50, 253, 255, 253, 253, 254, 118, 127, 127, 123, 253, 254, 253,
       186, 127, 254, 254, 254, 243, 245, 127, 127, 117, 247, 209, 55,
       253, 255, 255, 189, 123, 223, 126, 233, 194, 44, 87, 255, 218,
       123, 241, 125, 250, 223, 125, 63, 215, 183, 245, 110, 159, 173,
       26, 13, 250, 29, 159, 93, 16, 246, 123, 189, 91, 222, 42, 251,
       125, 255, 247, 248, 118, 255, 103, 123, 253, 93, 238, 251, 255,
       255, 252, 205, 219, 253, 255, 111, 117, 95, 16, 247, 223, 127, 31,
       181, 124, 222, 126, 153, 202, 75, 231, 191, 212, 126, 253, 61,
       125, 117, 250, 183, 125, 235, 118, 231, 174, 181, 173, 252, 251,
       253, 143, 28, 108, 252, 87, 239, 251, 223, 253, 154, 254, 253,
       127, 255, 119, 191, 255, 123, 255, 255, 253, 248, 255, 126, 244,
       255, 243, 247, 119, 103, 245, 55, 245, 119, 221, 255, 231, 63, 83,
       223, 253, 251, 243, 44, 86, 190, 210, 120, 233, 244, 122, 94, 56,
       47, 213, 22, 213, 111, 153, 172, 24, 5, 248, 29, 157, 73, 16, 242,
       51, 189, 88, 87, 34, 251, 141, 250, 246, 117, 252, 249, 248, 240,
       56, 191, 226, 239, 206, 89, 74, 169, 157, 233, 239, 251, 245, 111,
       127, 250, 227, 127, 247, 242, 253, 103, 231, 214, 223, 218, 203,
       36, 253, 185, 248, 161, 253, 60, 251, 247, 241, 99, 191, 123, 184,
       223, 140, 99, 212, 231, 216, 85, 55, 215, 215, 167, 246, 251, 229,
       94, 252, 223, 254, 252, 126, 127, 125, 247, 61, 254, 254, 157, 95,
       253, 255, 254, 255, 223, 251, 107, 245, 255, 252, 187, 251, 127,
       247, 222, 125, 215, 255, 255, 251, 115, 119, 117, 215, 254, 248,
       125, 126, 221, 251, 191, 255, 183, 231, 111, 191, 237, 255, 223,
       250, 127, 159, 93, 255, 255, 127, 255, 255, 238, 139, 246, 254,
       252, 255, 255, 255, 255, 223, 205, 255, 235, 221, 250, 255, 230,
       191, 92, 251, 151, 123, 95, 191, 253, 91, 253, 247, 223, 251, 255,
       239, 249, 255, 238, 143, 237, 111, 223, 254, 125, 253, 127, 121,
       223, 245, 249, 223, 125, 253, 55, 255, 174, 137, 207, 242, 183,
       124, 127, 92, 254, 253, 251, 191, 223, 248, 222, 125, 254, 119,
       253, 254, 239, 191, 249, 255, 252, 255, 63, 253, 255, 251, 252,
       243, 213, 123, 110, 253, 175, 134, 124, 223, 253, 253, 191, 255,
       219, 127, 255, 243, 37, 117, 255, 214, 115, 253, 125, 127, 93,
       219, 62, 205, 175, 252, 125, 141, 173, 93, 13, 250, 63, 157, 73,
       64, 246, 59, 189, 90, 70, 34, 244, 254, 182, 255, 167, 255, 183,
       191, 249, 255, 255, 253, 251, 255, 126, 179, 85, 243, 213, 103,
       103, 249, 39, 247, 116, 92, 255, 253, 47, 210, 28, 119, 251, 231,
       36, 86, 190, 82, 120, 233, 244, 112, 94, 56, 47, 213, 20, 213,
       111, 153, 172, 24, 5, 240, 29, 156, 73, 16, 242, 51, 189, 88, 87,
       32, 250, 251, 252, 254, 255, 63, 253, 255, 165, 253, 255, 253,
       189, 191, 254, 127, 254, 189, 255, 251, 251, 255, 255, 255, 63,
       253, 255, 247, 247, 127, 247, 255, 255, 231, 250, 247, 117, 255,
       255, 248, 127, 250, 127, 239, 124, 247, 151, 255, 123, 255, 203,
       158, 207, 254, 189, 253, 253, 127, 247, 255, 255, 251, 251, 251,
       255, 124, 191, 255, 249, 250, 247, 239, 255, 253, 254, 218, 189,
       127, 254, 187, 238, 251, 253, 251, 110, 255, 127, 222, 191, 95,
       235, 174, 191, 95, 221, 126, 255, 247, 39, 95, 191, 86, 247, 255,
       124, 124, 125, 254, 110, 95, 175, 209, 247, 191, 172, 30, 213,
       243, 125, 156, 91, 208, 254, 107, 191, 219, 239, 187, 246, 255,
       252, 125, 175, 255, 191, 127, 121, 255, 127, 253, 123, 255, 110,
       244, 92, 251, 213, 127, 100, 249, 87, 147, 125, 254, 253, 253, 63,
       254, 217, 125, 239, 199, 109, 28, 255, 210, 117, 165, 127, 120,
       223, 125, 175, 213, 28, 252, 29, 157, 165, 26, 13, 234, 61, 159,
       73, 88, 246, 123, 189, 91, 31, 40, 190, 127, 52, 125, 162, 223,
       175, 39, 8, 230, 100, 127, 50, 189, 127, 252, 84, 242, 247, 17,
       100, 225, 103, 144, 116, 220, 220, 237, 143, 242, 154, 121, 233,
       147, 36, 85, 190, 67, 122, 165, 92, 124, 93, 28, 15, 213, 31, 228,
       79, 153, 172, 24, 5, 240, 29, 157, 73, 24, 246, 51, 188, 88, 86,
       32, 248, 254, 248, 117, 47, 255, 239, 219, 45, 223, 61, 245, 251,
       255, 122, 246, 252, 251, 151, 126, 113, 253, 11, 187, 124, 255,
       255, 253, 255, 255, 251, 255, 238, 141, 237, 46, 255, 254, 177,
