%YAML:1.0
descriptors: !!opencv-matrix
   rows: 70
   cols: 64
   dt: u
   data: [ 45, 54, 125, 170, 30, 247, 35, 125, 228, 230, 198, 52, 125,
       63, 187, 71, 251, 252, 67, 96, 241, 35, 211, 244, 76, 232, 172,
       141, 82, 28, 113, 235, 213, 36, 87, 186, 83, 120, 169, 116, 120,
       92, 56, 47, 213, 53, 246, 109, 153, 172, 24, 5, 240, 29, 156, 73,
       16, 242, 51, 188, 88, 87, 32, 250, 62, 253, 254, 254, 63, 255,
       253, 59, 255, 252, 223, 249, 255, 126, 125, 222, 253, 187, 251,
       251, 247, 127, 219, 255, 241, 127, 247, 254, 109, 247, 255, 231,
       207, 250, 227, 36, 255, 217, 250, 123, 124, 189, 247, 239, 247,
       245, 247, 111, 191, 250, 137, 79, 246, 13, 250, 85, 63, 247, 255,
       255, 251, 251, 237, 222, 63, 53, 125, 170, 55, 181, 31, 77, 231,
       70, 177, 48, 125, 42, 180, 87, 242, 244, 67, 112, 241, 114, 209,
       118, 220, 168, 228, 25, 82, 156, 245, 233, 196, 44, 22, 190, 202,
       120, 129, 124, 112, 74, 52, 175, 212, 20, 244, 78, 153, 172, 24,
       5, 112, 29, 156, 81, 24, 242, 51, 188, 88, 214, 40, 250, 191, 186,
       255, 255, 255, 255, 191, 248, 255, 253, 254, 255, 255, 126, 251,
       253, 255, 255, 99, 115, 245, 119, 195, 118, 205, 255, 245, 255,
       122, 95, 247, 235, 223, 44, 87, 190, 91, 120, 233, 124, 120, 93,
       120, 47, 213, 55, 247, 111, 153, 172, 24, 5, 242, 29, 156, 73, 16,
       242, 51, 189, 88, 87, 32, 250, 62, 49, 121, 150, 54, 149, 27, 77,
       198, 230, 145, 52, 125, 2, 177, 86, 242, 214, 66, 99, 129, 50,
       193, 55, 140, 128, 228, 13, 82, 188, 245, 232, 71, 44, 23, 190,
       90, 120, 129, 85, 16, 72, 21, 12, 208, 20, 193, 111, 155, 172, 24,
       5, 112, 29, 156, 89, 16, 242, 51, 189, 88, 86, 32, 251, 62, 253,
       253, 254, 55, 253, 249, 123, 255, 220, 214, 253, 253, 126, 253,
       253, 255, 247, 99, 251, 245, 118, 211, 119, 253, 255, 245, 255,
       126, 222, 247, 235, 223, 44, 87, 190, 223, 120, 249, 117, 120, 93,
       63, 47, 213, 53, 247, 111, 153, 172, 152, 13, 240, 29, 156, 73,
       16, 242, 51, 189, 91, 95, 44, 250, 46, 38, 97, 170, 27, 167, 39,
       77, 228, 78, 130, 52, 113, 14, 185, 69, 250, 244, 67, 96, 241, 35,
       209, 54, 84, 168, 172, 13, 82, 156, 121, 201, 69, 36, 87, 186, 82,
       112, 1, 92, 56, 64, 16, 142, 84, 84, 229, 78, 153, 44, 24, 4, 242,
       29, 156, 65, 16, 242, 51, 188, 88, 87, 32, 240, 62, 48, 105, 170,
       22, 183, 11, 109, 196, 238, 210, 52, 125, 2, 185, 86, 250, 212,
       67, 96, 193, 51, 193, 54, 13, 136, 172, 13, 82, 152, 49, 232, 213,
       44, 87, 186, 82, 122, 129, 116, 176, 92, 52, 14, 84, 20, 193, 110,
       153, 172, 24, 5, 242, 29, 156, 89, 16, 242, 51, 188, 88, 87, 32,
       243, 187, 222, 124, 111, 255, 253, 223, 24, 255, 127, 252, 235,
       175, 127, 108, 125, 245, 183, 254, 187, 252, 119, 155, 124, 243,
       247, 121, 126, 255, 115, 207, 247, 159, 248, 219, 116, 255, 217,
       250, 123, 127, 223, 235, 253, 213, 243, 255, 119, 191, 223, 153,
       47, 252, 165, 218, 255, 127, 215, 246, 191, 243, 251, 252, 222,
       247, 254, 127, 231, 255, 222, 215, 200, 255, 117, 190, 251, 175,
       255, 254, 253, 243, 247, 63, 127, 207, 207, 191, 124, 111, 223,
       127, 63, 255, 59, 123, 63, 179, 239, 92, 223, 114, 247, 255, 254,
       87, 222, 232, 127, 221, 10, 252, 177, 205, 245, 86, 164, 221, 247,
       135, 239, 208, 252, 224, 63, 220, 93, 50, 188, 118, 249, 249, 222,
       55, 223, 93, 10, 199, 228, 157, 248, 255, 254, 180, 94, 255, 215,
       34, 247, 135, 63, 193, 103, 221, 215, 247, 127, 83, 186, 214, 105,
       215, 44, 85, 190, 202, 120, 235, 125, 112, 221, 177, 111, 149, 20,
       245, 111, 153, 174, 24, 7, 240, 29, 156, 73, 16, 242, 51, 189,
       120, 87, 32, 250, 93, 51, 85, 52, 217, 162, 35, 92, 228, 44, 194,
       49, 101, 75, 128, 81, 226, 213, 3, 100, 225, 35, 130, 118, 12,
       136, 160, 13, 210, 12, 113, 105, 87, 36, 84, 186, 80, 112, 1, 84,
       80, 64, 24, 14, 192, 0, 193, 79, 153, 164, 24, 5, 240, 28, 156,
       73, 16, 242, 51, 188, 88, 70, 32, 248, 255, 254, 127, 251, 255,
       255, 223, 201, 255, 127, 187, 250, 255, 238, 254, 253, 247, 247,
       63, 247, 111, 223, 191, 124, 239, 223, 123, 111, 215, 95, 255, 63,
       243, 239, 94, 223, 90, 119, 253, 246, 115, 222, 108, 127, 223, 30,
       252, 181, 205, 189, 22, 37, 235, 247, 143, 235, 208, 252, 49, 63,
       220, 95, 50, 176, 60, 233, 255, 253, 50, 255, 253, 247, 253, 253,
       254, 221, 95, 245, 255, 234, 153, 201, 251, 107, 247, 125, 102,
       243, 253, 127, 151, 246, 109, 247, 126, 239, 223, 90, 99, 228,
       255, 253, 250, 61, 121, 189, 243, 119, 255, 181, 247, 107, 191,
       234, 175, 219, 240, 93, 154, 92, 127, 223, 127, 239, 251, 251,
       205, 254, 247, 252, 127, 207, 255, 223, 223, 137, 255, 255, 189,
       250, 191, 127, 246, 253, 255, 247, 62, 191, 207, 247, 191, 124,
       247, 215, 255, 127, 255, 123, 215, 63, 215, 237, 223, 223, 250,
       125, 255, 255, 115, 95, 104, 125, 213, 94, 252, 53, 221, 189, 16,
       5, 252, 183, 156, 235, 80, 254, 240, 63, 220, 221, 56, 190, 187,
       254, 124, 239, 255, 253, 223, 24, 255, 127, 189, 251, 191, 123,
       108, 93, 255, 183, 124, 187, 253, 126, 155, 125, 241, 247, 243,
       127, 127, 123, 215, 255, 159, 252, 223, 86, 255, 217, 250, 127,
       125, 223, 235, 253, 245, 113, 253, 63, 183, 223, 153, 15, 252,
       165, 254, 255, 62, 247, 246, 191, 243, 223, 188, 222, 204, 171,
       255, 253, 112, 127, 245, 255, 189, 252, 238, 249, 87, 254, 191,
       206, 171, 221, 251, 111, 247, 47, 230, 179, 95, 239, 151, 183,
       121, 205, 54, 239, 223, 3, 117, 187, 85, 252, 253, 124, 120, 61,
       250, 39, 253, 53, 119, 239, 189, 172, 189, 221, 241, 93, 156, 76,
       116, 254, 115, 255, 91, 87, 33, 250, 252, 249, 255, 247, 246, 255,
       251, 255, 221, 253, 222, 255, 255, 254, 251, 238, 251, 213, 127,
       111, 127, 157, 231, 247, 127, 255, 191, 191, 255, 223, 126, 191,
       247, 39, 117, 251, 214, 127, 253, 116, 120, 125, 249, 62, 223, 63,
       255, 247, 157, 172, 31, 149, 249, 63, 156, 77, 80, 254, 123, 255,
       95, 31, 49, 254, 247, 252, 251, 223, 255, 158, 223, 137, 255, 231,
       61, 250, 191, 122, 246, 93, 255, 247, 60, 183, 143, 127, 211, 109,
       247, 215, 251, 127, 151, 59, 215, 63, 135, 237, 223, 223, 218,
       125, 255, 119, 112, 95, 109, 233, 149, 28, 253, 63, 213, 174, 24,
       13, 252, 181, 156, 235, 80, 246, 112, 63, 216, 93, 56, 250, 108,
       169, 239, 248, 82, 231, 229, 127, 149, 220, 196, 245, 211, 254,
       179, 78, 203, 93, 227, 103, 245, 45, 194, 243, 95, 234, 150, 135,
       80, 204, 48, 235, 223, 38, 85, 186, 87, 120, 237, 124, 120, 125,
       60, 39, 213, 53, 119, 239, 153, 172, 24, 5, 240, 29, 156, 73, 16,
       242, 51, 189, 88, 87, 33, 250, 12, 43, 243, 176, 16, 103, 33, 239,
       128, 228, 194, 53, 81, 230, 187, 226, 235, 92, 195, 98, 231, 168,
       196, 147, 13, 136, 132, 129, 64, 140, 50, 203, 119, 38, 117, 186,
       16, 122, 65, 84, 184, 116, 16, 38, 68, 22, 97, 238, 153, 44, 88,
       5, 240, 29, 156, 73, 16, 226, 35, 189, 72, 70, 33, 242, 61, 54,
       247, 101, 254, 181, 187, 252, 252, 191, 210, 127, 237, 79, 155,
       69, 250, 237, 203, 98, 253, 103, 218, 253, 141, 234, 182, 183, 94,
       93, 115, 239, 95, 236, 223, 191, 255, 186, 233, 119, 124, 92, 123,
       174, 199, 225, 251, 123, 184, 252, 24, 3, 240, 189, 156, 65, 4,
       242, 151, 191, 250, 215, 40, 246, 23, 49, 211, 213, 216, 128, 219,
       104, 194, 97, 147, 119, 247, 66, 128, 80, 226, 213, 5, 99, 207,
       45, 194, 107, 142, 138, 226, 15, 82, 8, 49, 111, 119, 39, 60, 154,
       82, 120, 195, 214, 209, 72, 152, 14, 201, 20, 201, 31, 137, 164,
       24, 5, 112, 30, 156, 73, 16, 242, 51, 189, 88, 7, 32, 249, 186,
       254, 126, 239, 255, 189, 219, 185, 255, 253, 86, 255, 191, 123,
       124, 125, 246, 183, 252, 187, 245, 127, 155, 124, 241, 254, 249,
       127, 126, 251, 255, 255, 159, 237, 223, 117, 255, 219, 248, 127,
