%YAML:1.0
descriptors: !!opencv-matrix
   rows: 80
   cols: 64
   dt: u
   data: [ 254, 253, 255, 253, 254, 127, 255, 253, 253, 253, 254, 255,
       255, 254, 254, 253, 251, 213, 127, 111, 127, 159, 190, 60, 111,
       255, 63, 63, 255, 95, 126, 191, 240, 103, 127, 255, 82, 119, 253,
       247, 219, 223, 250, 63, 223, 158, 124, 180, 205, 181, 86, 181,
       217, 255, 135, 239, 208, 252, 105, 63, 223, 92, 50, 189, 45, 238,
       237, 234, 27, 253, 229, 121, 253, 245, 206, 253, 253, 63, 252,
       204, 219, 253, 227, 107, 245, 118, 219, 247, 125, 255, 21, 183,
       126, 223, 91, 207, 143, 206, 99, 186, 247, 216, 249, 62, 125, 189,
       122, 167, 85, 241, 119, 227, 187, 252, 169, 8, 246, 29, 154, 20,
       62, 246, 247, 237, 219, 223, 44, 222, 51, 222, 92, 207, 175, 220,
       221, 0, 63, 245, 63, 202, 189, 127, 124, 221, 253, 242, 36, 187,
       213, 114, 219, 104, 241, 247, 241, 123, 63, 251, 223, 103, 151,
       252, 219, 20, 251, 217, 250, 123, 101, 221, 105, 237, 181, 144,
       245, 111, 147, 223, 153, 15, 188, 5, 250, 125, 58, 243, 242, 189,
       243, 251, 44, 222, 60, 42, 237, 162, 158, 253, 163, 125, 253, 124,
       222, 117, 253, 126, 185, 228, 219, 253, 195, 114, 245, 119, 219,
       247, 125, 236, 4, 135, 126, 223, 127, 235, 207, 44, 71, 186, 223,
       122, 233, 124, 120, 85, 86, 46, 85, 37, 247, 111, 187, 172, 153,
       13, 242, 29, 156, 81, 52, 242, 119, 189, 218, 159, 40, 254, 186,
       250, 125, 239, 255, 249, 219, 153, 254, 121, 214, 255, 189, 126,
       236, 245, 246, 215, 28, 56, 197, 114, 139, 124, 165, 222, 121, 59,
       254, 123, 247, 255, 223, 236, 223, 86, 118, 251, 249, 119, 209,
       221, 75, 63, 213, 135, 252, 113, 141, 255, 28, 5, 252, 165, 159,
       105, 16, 246, 190, 191, 218, 31, 38, 190, 29, 186, 247, 229, 249,
       177, 243, 120, 56, 189, 198, 127, 206, 123, 201, 65, 226, 253,
       171, 107, 229, 45, 202, 123, 47, 250, 48, 183, 124, 79, 113, 255,
       223, 227, 93, 186, 119, 251, 249, 61, 221, 92, 90, 22, 225, 129,
       219, 107, 185, 189, 24, 5, 240, 29, 159, 73, 54, 246, 183, 143,
       216, 23, 37, 254, 62, 180, 104, 171, 191, 148, 159, 9, 127, 255,
       49, 250, 189, 10, 177, 85, 250, 247, 0, 179, 193, 50, 219, 124,
       108, 149, 243, 47, 86, 121, 245, 127, 87, 172, 222, 186, 122, 121,
       169, 119, 112, 78, 106, 41, 215, 20, 209, 127, 153, 172, 24, 5,
       244, 21, 156, 105, 16, 242, 51, 189, 216, 87, 32, 246, 62, 178,
       109, 235, 255, 189, 219, 89, 252, 255, 208, 253, 189, 122, 189,
       85, 250, 213, 91, 123, 229, 119, 203, 127, 45, 218, 102, 63, 94,
       249, 117, 239, 215, 236, 223, 191, 118, 251, 249, 119, 253, 95,
       111, 108, 211, 21, 209, 123, 191, 188, 24, 5, 246, 181, 157, 93,
       16, 246, 183, 191, 219, 95, 34, 255, 45, 38, 109, 145, 159, 181,
       167, 89, 101, 255, 136, 56, 253, 111, 177, 71, 194, 245, 3, 99,
       217, 97, 218, 123, 76, 238, 160, 47, 90, 13, 57, 111, 215, 38, 86,
       186, 82, 120, 97, 118, 116, 78, 120, 47, 213, 20, 213, 75, 153,
       172, 24, 5, 240, 29, 156, 73, 24, 242, 51, 189, 88, 87, 32, 250,
       77, 34, 237, 248, 123, 255, 243, 124, 188, 254, 198, 181, 221,
       127, 185, 71, 234, 253, 217, 106, 231, 121, 202, 123, 45, 234,
       162, 39, 126, 73, 49, 239, 215, 38, 85, 186, 82, 250, 253, 126,
       240, 252, 120, 47, 85, 132, 245, 107, 153, 172, 28, 5, 240, 29,
       158, 73, 16, 246, 59, 157, 216, 23, 33, 246, 125, 191, 247, 125,
       252, 255, 255, 240, 185, 253, 202, 223, 207, 253, 191, 77, 235,
       237, 251, 102, 255, 109, 90, 251, 223, 127, 191, 246, 124, 87,
       119, 239, 223, 115, 85, 63, 213, 253, 253, 127, 125, 124, 251,
       175, 253, 57, 255, 123, 188, 236, 24, 111, 241, 253, 156, 73, 117,
       254, 115, 191, 218, 119, 37, 254, 109, 39, 245, 252, 88, 231, 39,
       127, 161, 236, 194, 53, 65, 111, 185, 71, 235, 92, 195, 98, 247,
       41, 222, 187, 76, 235, 134, 135, 80, 12, 57, 207, 87, 7, 85, 186,
       16, 240, 101, 118, 60, 116, 24, 166, 101, 180, 229, 107, 24, 172,
       120, 5, 242, 28, 156, 73, 0, 234, 35, 189, 72, 71, 33, 242, 94,
       57, 171, 245, 126, 179, 250, 247, 92, 187, 209, 190, 219, 192, 19,
       74, 176, 217, 123, 223, 175, 189, 198, 155, 143, 74, 190, 255, 64,
       245, 180, 238, 111, 61, 36, 175, 223, 125, 240, 119, 216, 108,
       245, 110, 251, 45, 131, 123, 223, 238, 24, 199, 241, 125, 156, 80,
       85, 255, 115, 219, 125, 50, 241, 247, 62, 53, 253, 158, 55, 157,
       93, 79, 231, 230, 189, 176, 125, 174, 180, 87, 247, 246, 98, 115,
       183, 118, 209, 119, 221, 167, 229, 93, 82, 188, 245, 233, 199, 44,
       199, 190, 202, 120, 225, 125, 48, 219, 61, 45, 246, 116, 245, 111,
       155, 174, 24, 15, 240, 29, 156, 89, 24, 242, 115, 189, 121, 215,
       40, 250, 62, 184, 255, 247, 62, 181, 219, 121, 222, 255, 213, 250,
       255, 106, 177, 94, 246, 215, 114, 251, 191, 119, 195, 127, 189,
       154, 230, 255, 86, 253, 245, 234, 199, 172, 142, 190, 222, 121,
       249, 119, 248, 93, 245, 45, 243, 52, 145, 127, 159, 174, 152, 7,
       240, 29, 156, 89, 16, 243, 115, 255, 249, 223, 40, 255, 110, 237,
       237, 139, 55, 223, 147, 253, 125, 215, 156, 254, 253, 62, 191,
       239, 235, 213, 97, 245, 85, 117, 211, 112, 93, 253, 184, 45, 115,
       222, 54, 41, 223, 36, 87, 186, 90, 120, 233, 116, 114, 93, 60, 47,
       213, 20, 245, 108, 153, 172, 24, 5, 240, 29, 156, 73, 16, 242, 51,
       189, 88, 87, 34, 251, 196, 41, 131, 213, 80, 130, 202, 239, 8,
       225, 3, 22, 147, 194, 147, 74, 2, 69, 56, 111, 14, 173, 198, 67,
       15, 202, 154, 39, 2, 8, 50, 15, 119, 39, 116, 187, 16, 127, 71,
       150, 128, 96, 176, 106, 139, 12, 73, 179, 93, 44, 56, 245, 81,
       122, 188, 170, 65, 108, 49, 123, 76, 20, 17, 250, 5, 3, 146, 213,
       8, 128, 236, 66, 34, 227, 3, 66, 130, 193, 129, 19, 226, 205, 5,
       99, 206, 44, 194, 107, 76, 138, 162, 79, 16, 12, 49, 83, 119, 6,
       84, 186, 16, 120, 227, 198, 64, 104, 56, 78, 240, 20, 193, 79,
       153, 172, 24, 5, 112, 29, 156, 73, 17, 242, 51, 189, 88, 86, 33,
       250, 64, 2, 16, 145, 200, 198, 34, 65, 10, 96, 3, 6, 128, 101, 27,
       32, 238, 201, 1, 98, 206, 165, 138, 66, 78, 88, 176, 110, 128, 6,
       51, 71, 83, 36, 81, 58, 16, 98, 232, 66, 48, 84, 24, 6, 197, 20,
       229, 111, 153, 172, 24, 5, 240, 29, 156, 73, 17, 242, 51, 189, 88,
       87, 32, 248, 125, 189, 255, 116, 120, 175, 251, 126, 240, 189,
       213, 253, 255, 251, 134, 90, 250, 205, 251, 111, 247, 109, 226,
       255, 239, 106, 246, 255, 108, 101, 244, 239, 223, 115, 100, 191,
       215, 188, 249, 125, 217, 124, 187, 111, 251, 49, 243, 111, 189,
       174, 57, 215, 240, 61, 156, 77, 124, 255, 119, 255, 250, 119, 161,
       255, 151, 186, 211, 231, 221, 160, 171, 200, 90, 57, 194, 127,
       162, 75, 131, 81, 98, 199, 189, 2, 205, 45, 138, 121, 46, 202,
       122, 39, 222, 9, 33, 127, 119, 231, 92, 179, 116, 247, 109, 180,
       193, 68, 10, 78, 201, 0, 217, 211, 200, 60, 24, 53, 244, 166, 156,
       107, 68, 120, 182, 143, 220, 7, 49, 252, 62, 248, 255, 253, 54,
       253, 221, 51, 223, 255, 253, 250, 255, 52, 124, 254, 189, 218,
       118, 251, 183, 118, 211, 223, 253, 127, 247, 250, 109, 247, 255,
       254, 207, 252, 239, 110, 222, 125, 248, 123, 122, 223, 247, 61,
       183, 247, 183, 127, 191, 235, 143, 207, 248, 29, 255, 93, 54, 243,
       255, 255, 251, 251, 234, 254, 125, 191, 253, 92, 126, 255, 243,
       122, 248, 52, 215, 245, 253, 127, 204, 108, 234, 245, 123, 107,
       247, 111, 202, 247, 173, 122, 132, 191, 124, 79, 85, 111, 223,
       111, 85, 190, 86, 122, 253, 126, 253, 221, 249, 39, 213, 169, 245,
       111, 157, 173, 137, 13, 240, 29, 158, 77, 120, 246, 123, 191, 216,
       215, 37, 222, 183, 180, 209, 39, 221, 160, 175, 72, 182, 43, 240,
       123, 175, 75, 134, 85, 226, 213, 37, 97, 193, 47, 170, 124, 46,
       219, 59, 47, 210, 9, 33, 111, 87, 165, 28, 155, 114, 124, 45, 246,
       65, 74, 58, 11, 201, 20, 221, 87, 153, 180, 24, 5, 96, 22, 156,
