%YAML:1.0
descriptors: !!opencv-matrix
   rows: 53
   cols: 64
   dt: u
   data: [ 59, 254, 124, 111, 191, 189, 255, 57, 255, 125, 254, 251, 189,
       126, 108, 221, 255, 191, 251, 187, 245, 127, 219, 255, 241, 127,
       117, 247, 126, 247, 255, 231, 159, 248, 203, 52, 255, 217, 248,
       63, 125, 223, 239, 101, 245, 245, 247, 107, 191, 255, 137, 79,
       254, 133, 219, 93, 63, 215, 254, 175, 243, 251, 236, 94, 60, 189,
       254, 252, 38, 255, 252, 55, 61, 254, 223, 205, 95, 252, 63, 254,
       189, 187, 251, 251, 183, 127, 83, 219, 249, 127, 246, 254, 109,
       247, 255, 231, 207, 218, 227, 36, 255, 200, 250, 123, 124, 189,
       247, 239, 247, 245, 183, 111, 191, 250, 175, 207, 246, 93, 122,
       84, 63, 215, 223, 247, 243, 251, 205, 206, 124, 253, 255, 253, 34,
       255, 253, 247, 253, 252, 252, 157, 95, 252, 63, 238, 189, 249,
       251, 235, 246, 125, 118, 183, 255, 127, 247, 246, 109, 247, 254,
       239, 207, 90, 227, 108, 255, 253, 250, 121, 120, 189, 247, 103,
       255, 245, 247, 239, 255, 234, 175, 223, 242, 93, 56, 92, 127, 215,
       127, 255, 251, 251, 205, 222, 187, 222, 124, 111, 255, 189, 223,
       24, 255, 255, 189, 235, 175, 127, 108, 93, 247, 183, 254, 187,
       245, 119, 155, 125, 241, 119, 243, 127, 127, 123, 207, 247, 159,
       252, 219, 116, 255, 217, 250, 123, 127, 223, 235, 253, 245, 113,
       255, 127, 190, 223, 153, 79, 252, 165, 218, 255, 63, 247, 246,
       191, 179, 251, 254, 95, 255, 254, 247, 247, 255, 111, 255, 250,
       255, 125, 250, 255, 255, 238, 254, 253, 251, 245, 63, 111, 127,
       143, 191, 60, 239, 255, 255, 47, 223, 95, 254, 191, 243, 39, 124,
       255, 82, 119, 253, 246, 211, 92, 120, 63, 223, 30, 252, 181, 205,
       165, 86, 149, 233, 255, 135, 235, 208, 252, 33, 61, 92, 92, 50,
       184, 252, 233, 255, 253, 114, 127, 243, 255, 221, 253, 254, 255,
       255, 254, 251, 238, 251, 221, 251, 111, 63, 157, 239, 183, 127,
       239, 191, 167, 255, 207, 62, 191, 247, 39, 117, 251, 87, 127, 253,
       124, 123, 125, 249, 54, 223, 191, 127, 246, 221, 173, 255, 245,
       217, 127, 156, 76, 208, 252, 105, 255, 95, 95, 49, 254, 255, 254,
       127, 239, 255, 223, 223, 137, 255, 255, 63, 250, 191, 127, 254,
       253, 255, 247, 60, 191, 207, 247, 191, 124, 255, 215, 255, 127,
       255, 123, 255, 63, 215, 237, 222, 223, 250, 127, 255, 255, 115,
       222, 105, 125, 215, 30, 252, 53, 205, 189, 22, 37, 252, 167, 191,
       239, 80, 254, 240, 63, 255, 221, 58, 190, 236, 237, 255, 253, 114,
       127, 245, 255, 253, 253, 236, 191, 95, 255, 191, 238, 235, 221,
       251, 111, 127, 253, 230, 179, 95, 239, 150, 183, 105, 207, 62,
       235, 223, 39, 117, 251, 87, 127, 253, 124, 122, 125, 184, 55, 255,
       63, 119, 238, 157, 172, 63, 213, 241, 95, 156, 76, 80, 252, 115,
       255, 91, 87, 35, 250, 191, 182, 117, 119, 191, 161, 251, 124, 214,
       185, 208, 121, 237, 75, 130, 84, 246, 214, 199, 91, 245, 42, 235,
       126, 172, 170, 226, 219, 94, 125, 229, 239, 127, 236, 60, 190,
       255, 187, 249, 247, 223, 78, 219, 206, 226, 33, 219, 95, 168, 246,
       89, 7, 228, 158, 157, 77, 142, 178, 247, 219, 186, 15, 166, 125,
       76, 34, 199, 161, 221, 178, 166, 222, 244, 184, 194, 55, 233, 151,
       155, 65, 234, 221, 35, 100, 201, 5, 206, 113, 78, 216, 184, 167,
       210, 12, 51, 234, 213, 36, 85, 186, 83, 120, 173, 116, 120, 84,
       24, 14, 213, 21, 210, 77, 153, 172, 24, 5, 240, 29, 156, 73, 16,
       242, 51, 189, 88, 87, 32, 250, 247, 252, 255, 223, 255, 223, 223,
       137, 239, 231, 189, 250, 191, 255, 246, 125, 255, 247, 62, 119,
       143, 207, 187, 109, 247, 215, 251, 127, 215, 59, 215, 63, 215,
       237, 95, 223, 210, 125, 255, 119, 114, 92, 104, 127, 221, 92, 253,
       55, 221, 172, 16, 5, 248, 191, 156, 235, 80, 254, 48, 61, 220, 85,
       48, 250, 63, 190, 253, 254, 63, 253, 253, 123, 255, 253, 254, 251,
       255, 127, 188, 125, 255, 254, 227, 251, 245, 118, 211, 247, 253,
       255, 245, 251, 126, 95, 247, 235, 223, 44, 85, 190, 255, 120, 249,
       125, 120, 93, 123, 47, 213, 53, 247, 111, 185, 172, 24, 5, 240,
       29, 156, 73, 22, 242, 55, 189, 122, 87, 32, 250, 108, 169, 239,
       253, 50, 247, 241, 255, 253, 252, 198, 255, 223, 255, 187, 206,
       235, 221, 251, 111, 247, 125, 214, 247, 95, 235, 182, 183, 121,
       205, 54, 235, 223, 38, 119, 186, 87, 124, 249, 124, 124, 125, 252,
       47, 221, 53, 247, 239, 157, 172, 24, 21, 240, 29, 156, 77, 24,
       246, 115, 191, 91, 87, 33, 250, 109, 37, 237, 190, 87, 231, 179,
       127, 244, 228, 199, 53, 253, 111, 187, 71, 235, 221, 99, 102, 245,
       39, 195, 119, 77, 234, 188, 141, 82, 12, 49, 235, 223, 36, 85,
       186, 83, 120, 233, 116, 120, 92, 56, 47, 213, 53, 247, 111, 153,
       172, 24, 5, 240, 29, 156, 73, 16, 242, 51, 189, 88, 87, 32, 250,
       247, 249, 255, 215, 247, 223, 223, 74, 239, 69, 189, 250, 191,
       255, 246, 93, 255, 247, 62, 103, 15, 47, 227, 119, 239, 223, 251,
       127, 242, 58, 214, 41, 215, 37, 85, 159, 66, 121, 251, 117, 112,
       221, 57, 47, 213, 28, 245, 47, 157, 172, 24, 5, 240, 29, 156, 75,
       16, 246, 49, 189, 88, 87, 32, 250, 253, 184, 255, 175, 127, 239,
       177, 254, 252, 253, 254, 253, 255, 190, 191, 238, 235, 213, 99,
       99, 229, 7, 231, 117, 79, 239, 189, 47, 83, 15, 114, 235, 215, 36,
       85, 186, 82, 120, 233, 116, 112, 92, 56, 47, 221, 20, 245, 111,
       153, 172, 24, 5, 240, 29, 156, 73, 16, 242, 51, 189, 88, 87, 32,
       250, 44, 175, 231, 170, 50, 127, 161, 127, 253, 212, 238, 245,
       127, 191, 255, 239, 235, 244, 99, 99, 245, 71, 209, 247, 93, 255,
       149, 191, 123, 222, 50, 235, 223, 36, 87, 186, 82, 122, 233, 124,
       252, 93, 56, 47, 213, 55, 245, 111, 153, 172, 24, 5, 240, 29, 156,
       73, 16, 242, 51, 189, 88, 87, 32, 250, 254, 249, 255, 154, 54, 95,
       93, 111, 215, 231, 189, 248, 127, 238, 182, 126, 255, 215, 98,
       103, 159, 183, 227, 55, 221, 215, 245, 111, 83, 154, 246, 105,
       215, 44, 85, 190, 82, 120, 233, 124, 114, 95, 52, 47, 213, 20,
       245, 111, 155, 172, 24, 5, 240, 29, 156, 73, 16, 242, 51, 189, 88,
       87, 32, 250, 236, 175, 239, 253, 112, 255, 247, 247, 189, 253,
       206, 253, 223, 253, 255, 238, 139, 253, 251, 111, 247, 125, 254,
       251, 127, 127, 151, 182, 109, 199, 54, 207, 223, 83, 103, 235,
       213, 253, 253, 60, 124, 61, 251, 247, 255, 181, 119, 235, 191,
       172, 175, 255, 211, 125, 156, 92, 119, 206, 119, 239, 251, 255,
       237, 254, 13, 170, 247, 249, 16, 115, 161, 254, 148, 188, 206,
       245, 83, 190, 187, 234, 235, 220, 227, 107, 229, 5, 236, 51, 79,
       239, 52, 135, 91, 78, 50, 251, 245, 38, 117, 186, 87, 122, 233,
       116, 120, 84, 58, 46, 93, 23, 83, 238, 153, 172, 94, 5, 240, 29,
       156, 73, 16, 242, 35, 189, 88, 87, 32, 250, 254, 177, 251, 150,
       54, 199, 93, 111, 214, 239, 245, 248, 255, 202, 182, 94, 251, 213,
       38, 99, 207, 45, 227, 119, 206, 203, 182, 47, 83, 8, 118, 107,
       215, 36, 20, 186, 82, 124, 233, 244, 82, 74, 57, 47, 217, 20, 245,
       111, 153, 172, 24, 5, 240, 28, 156, 73, 16, 242, 51, 189, 88, 87,
       34, 251, 108, 43, 245, 248, 48, 127, 35, 127, 181, 252, 206, 53,
       85, 255, 185, 230, 203, 221, 235, 110, 245, 103, 192, 179, 93,
       234, 132, 149, 120, 204, 57, 203, 215, 6, 85, 186, 85, 122, 241,
       124, 124, 116, 56, 39, 117, 165, 231, 111, 153, 172, 56, 5, 240,
       29, 156, 73, 16, 226, 51, 189, 90, 86, 33, 250, 243, 221, 90, 247,
       255, 130, 223, 136, 94, 97, 61, 251, 174, 202, 70, 92, 118, 151,
       60, 151, 207, 175, 163, 108, 170, 214, 251, 127, 215, 59, 199, 63,
       147, 173, 28, 215, 235, 93, 254, 247, 67, 218, 233, 121, 217, 28,
       253, 31, 197, 199, 16, 133, 252, 162, 188, 235, 81, 255, 240, 63,
       252, 117, 178, 189, 92, 59, 255, 244, 116, 55, 123, 118, 16, 254,
       214, 149, 71, 209, 155, 74, 240, 205, 251, 111, 247, 173, 64, 147,
       207, 106, 166, 206, 72, 68, 240, 235, 251, 19, 213, 175, 95, 124,
