%YAML:1.0
descriptors: !!opencv-matrix
   rows: 44
   cols: 64
   dt: u
   data: [ 59, 254, 124, 239, 191, 253, 255, 56, 255, 253, 252, 251, 175,
       127, 116, 93, 255, 247, 255, 187, 245, 126, 219, 125, 241, 127,
       245, 255, 126, 243, 231, 255, 143, 236, 219, 52, 255, 153, 248,
       127, 125, 221, 235, 237, 245, 113, 255, 123, 190, 223, 137, 75,
       252, 165, 218, 117, 63, 247, 247, 191, 243, 251, 236, 222, 191,
       244, 125, 254, 63, 189, 95, 57, 247, 127, 253, 251, 253, 127, 244,
       125, 247, 246, 71, 243, 245, 114, 177, 126, 253, 255, 231, 123,
       127, 127, 253, 239, 199, 108, 150, 190, 218, 121, 249, 253, 126,
       223, 123, 175, 212, 115, 245, 111, 153, 175, 24, 13, 232, 29, 158,
       93, 56, 242, 115, 191, 250, 215, 42, 251, 251, 254, 126, 239, 255,
       249, 223, 152, 255, 127, 189, 251, 175, 123, 236, 253, 247, 247,
       60, 187, 253, 119, 187, 124, 227, 247, 123, 127, 255, 123, 199,
       127, 159, 237, 223, 87, 255, 217, 255, 247, 119, 223, 107, 253,
       213, 219, 252, 53, 172, 255, 28, 45, 252, 167, 223, 255, 112, 247,
       246, 63, 254, 223, 188, 158, 63, 191, 252, 252, 46, 253, 252, 55,
       125, 254, 222, 205, 220, 124, 125, 223, 253, 187, 227, 251, 247,
       125, 91, 255, 241, 127, 246, 246, 109, 247, 253, 231, 207, 250,
       235, 36, 255, 202, 250, 105, 125, 189, 255, 239, 247, 245, 247,
       111, 191, 218, 169, 79, 246, 77, 123, 93, 63, 215, 223, 247, 179,
       251, 205, 78, 45, 38, 229, 168, 223, 175, 39, 89, 244, 124, 194,
       53, 233, 63, 185, 69, 202, 125, 67, 96, 241, 7, 91, 245, 84, 248,
       28, 133, 90, 28, 49, 195, 205, 36, 87, 186, 83, 120, 169, 124,
       124, 84, 24, 175, 85, 113, 246, 79, 153, 172, 24, 12, 240, 29,
       156, 73, 16, 242, 51, 189, 90, 87, 32, 250, 58, 220, 252, 255, 47,
       253, 255, 49, 255, 253, 95, 207, 191, 126, 124, 253, 253, 187,
       254, 251, 247, 127, 219, 255, 241, 127, 247, 254, 127, 247, 255,
       231, 143, 248, 203, 116, 255, 219, 250, 123, 125, 221, 239, 109,
       245, 245, 247, 111, 191, 219, 137, 79, 254, 165, 218, 221, 63,
       215, 255, 255, 243, 251, 237, 222, 63, 180, 253, 254, 63, 253,
       253, 127, 247, 254, 254, 245, 125, 127, 189, 117, 255, 254, 99,
       243, 245, 102, 211, 247, 205, 175, 229, 251, 122, 95, 247, 235,
       223, 44, 87, 190, 223, 120, 233, 117, 120, 92, 58, 47, 212, 53,
       247, 111, 153, 172, 24, 5, 240, 29, 156, 73, 16, 242, 51, 189, 90,
       87, 32, 250, 109, 38, 231, 161, 221, 179, 163, 254, 112, 120, 194,
       119, 227, 91, 131, 65, 234, 221, 161, 98, 225, 5, 202, 113, 78,
       152, 56, 167, 218, 4, 49, 207, 215, 36, 85, 186, 83, 112, 45, 116,
       248, 84, 26, 14, 65, 5, 211, 205, 153, 172, 24, 5, 240, 29, 156,
       73, 16, 242, 51, 189, 88, 87, 32, 251, 252, 239, 255, 253, 114,
       127, 241, 255, 221, 253, 254, 191, 95, 254, 251, 238, 251, 221,
       251, 111, 63, 253, 230, 179, 127, 255, 151, 181, 125, 223, 126,
       191, 255, 99, 117, 251, 215, 255, 255, 124, 251, 125, 251, 118,
       127, 175, 127, 230, 255, 173, 239, 253, 217, 127, 157, 76, 244,
       252, 107, 239, 95, 47, 167, 254, 173, 174, 247, 163, 251, 253,
       163, 249, 252, 253, 206, 255, 255, 127, 251, 236, 235, 253, 99,
       99, 245, 71, 211, 117, 95, 254, 189, 175, 126, 30, 115, 235, 215,
       36, 85, 186, 83, 122, 233, 124, 252, 92, 56, 47, 213, 55, 247,
       111, 153, 172, 24, 5, 240, 29, 156, 73, 16, 242, 51, 189, 88, 87,
       32, 250, 190, 249, 127, 159, 183, 221, 223, 249, 255, 215, 189,
       250, 255, 126, 253, 127, 255, 215, 103, 103, 221, 55, 195, 117,
       237, 223, 245, 127, 83, 30, 247, 59, 215, 36, 85, 190, 82, 121,
       233, 116, 114, 95, 56, 47, 213, 20, 245, 111, 153, 172, 24, 5,
       240, 29, 156, 73, 16, 242, 51, 189, 88, 87, 32, 250, 255, 56, 247,
       183, 223, 102, 171, 206, 228, 239, 243, 55, 127, 171, 179, 255,
       235, 213, 35, 103, 233, 135, 231, 53, 78, 203, 188, 47, 211, 12,
       51, 235, 213, 36, 85, 186, 82, 112, 233, 116, 112, 92, 56, 47,
       213, 20, 245, 109, 153, 172, 24, 5, 240, 29, 156, 73, 16, 242, 51,
       189, 88, 87, 32, 250, 253, 190, 247, 163, 253, 245, 173, 254, 252,
       255, 194, 251, 239, 255, 203, 205, 235, 221, 47, 99, 237, 5, 239,
       125, 79, 223, 185, 175, 94, 14, 51, 255, 247, 36, 85, 186, 83,
       124, 233, 116, 120, 92, 56, 46, 213, 21, 211, 111, 153, 172, 24,
       5, 240, 29, 156, 73, 16, 242, 51, 189, 88, 87, 32, 250, 246, 249,
       255, 223, 247, 79, 223, 202, 255, 197, 189, 250, 191, 254, 246,
       252, 251, 215, 62, 127, 15, 159, 231, 103, 111, 215, 255, 63, 215,
       187, 86, 63, 215, 47, 117, 223, 66, 125, 255, 118, 115, 221, 237,
       127, 157, 28, 253, 183, 221, 172, 18, 133, 249, 63, 148, 235, 80,
       252, 48, 61, 93, 93, 48, 250, 109, 47, 231, 176, 82, 111, 33, 127,
       244, 84, 222, 53, 127, 255, 254, 236, 226, 221, 67, 102, 117, 133,
       129, 183, 94, 234, 172, 141, 250, 140, 58, 233, 250, 38, 85, 186,
       82, 114, 197, 252, 222, 92, 24, 14, 220, 55, 231, 206, 153, 44,
       24, 5, 240, 29, 157, 73, 16, 242, 51, 188, 88, 86, 34, 248, 108,
       169, 255, 249, 114, 247, 243, 255, 189, 252, 196, 255, 215, 254,
       187, 78, 235, 221, 251, 111, 245, 61, 198, 243, 93, 235, 182, 167,
       89, 204, 54, 235, 223, 39, 87, 186, 87, 120, 253, 124, 120, 125,
       60, 46, 213, 53, 247, 111, 157, 172, 24, 5, 240, 29, 156, 73, 16,
       242, 51, 189, 91, 87, 33, 250, 124, 41, 239, 178, 18, 111, 113,
       127, 212, 252, 214, 181, 123, 230, 155, 234, 235, 212, 99, 103,
       125, 173, 229, 183, 95, 235, 166, 141, 66, 140, 50, 233, 211, 38,
       85, 186, 82, 122, 193, 124, 248, 92, 56, 46, 213, 21, 225, 110,
       153, 172, 24, 5, 240, 29, 156, 73, 16, 242, 51, 189, 88, 86, 32,
       250, 255, 249, 255, 223, 247, 155, 95, 88, 239, 199, 189, 250,
       191, 254, 246, 95, 255, 247, 62, 119, 15, 191, 227, 119, 239, 223,
       251, 127, 83, 59, 246, 41, 215, 37, 84, 223, 66, 121, 251, 119,
       112, 223, 125, 111, 213, 28, 253, 63, 157, 174, 24, 5, 240, 189,
       156, 107, 16, 246, 49, 191, 89, 95, 48, 250, 173, 239, 239, 253,
       42, 255, 253, 247, 189, 253, 76, 201, 223, 253, 127, 207, 157,
       249, 251, 171, 246, 127, 126, 251, 249, 127, 151, 246, 109, 215,
       127, 231, 207, 218, 235, 100, 255, 221, 250, 57, 125, 63, 251,
       247, 255, 241, 119, 235, 255, 219, 175, 255, 215, 237, 250, 220,
       127, 223, 255, 239, 243, 251, 207, 222, 198, 218, 2, 99, 255, 176,
       138, 136, 58, 187, 130, 111, 170, 66, 107, 57, 100, 131, 189, 146,
       205, 15, 15, 88, 230, 222, 123, 103, 222, 111, 163, 118, 55, 235,
       221, 85, 127, 191, 237, 54, 193, 76, 74, 88, 217, 77, 154, 145,
       236, 223, 24, 37, 221, 231, 236, 235, 86, 221, 182, 39, 148, 123,
       176, 36, 15, 214, 8, 99, 253, 184, 178, 16, 56, 187, 70, 77, 140,
       95, 105, 49, 4, 255, 141, 154, 229, 96, 10, 121, 97, 94, 73, 246,
       124, 99, 161, 87, 151, 240, 217, 32, 119, 219, 232, 35, 237, 28,
       74, 12, 213, 193, 250, 115, 184, 223, 24, 37, 244, 229, 218, 233,
       22, 211, 182, 135, 210, 91, 36, 94, 222, 57, 154, 55, 219, 130,
       122, 135, 74, 171, 209, 62, 242, 198, 131, 90, 126, 131, 57, 214,
       79, 141, 79, 15, 134, 202, 250, 239, 194, 173, 162, 38, 103, 175,
       5, 255, 59, 61, 103, 86, 8, 64, 148, 72, 207, 29, 139, 151, 221,
       238, 24, 247, 229, 126, 124, 227, 210, 189, 157, 49, 28, 48, 241,
       102, 236, 42, 247, 249, 218, 255, 227, 247, 61, 253, 206, 159,
       211, 252, 251, 238, 235, 221, 251, 110, 125, 157, 238, 185, 95,
       109, 28, 166, 253, 199, 58, 191, 245, 3, 117, 251, 85, 247, 253,
       124, 248, 117, 248, 54, 77, 175, 111, 177, 157, 44, 255, 181, 211,
       255, 140, 201, 208, 236, 41, 189, 95, 7, 49, 254, 154, 57, 154,
       215, 46, 193, 216, 179, 90, 187, 87, 223, 246, 198, 81, 26, 124,
       131, 116, 155, 143, 45, 195, 223, 171, 94, 247, 254, 64, 231, 247,
       126, 95, 190, 101, 52, 223, 255, 250, 119, 208, 92, 225, 110, 187,
