%YAML:1.0
descriptors: !!opencv-matrix
   rows: 53
   cols: 64
   dt: u
   data: [ 127, 49, 253, 182, 55, 55, 31, 126, 230, 68, 215, 50, 253,
       127, 178, 86, 254, 247, 99, 119, 245, 39, 195, 119, 220, 250, 244,
       77, 82, 156, 240, 233, 215, 44, 87, 190, 90, 120, 233, 124, 120,
       92, 56, 47, 213, 21, 245, 111, 153, 172, 24, 5, 240, 29, 156, 73,
       16, 242, 51, 189, 88, 87, 32, 250, 124, 185, 255, 253, 50, 127,
       253, 255, 223, 254, 255, 189, 95, 254, 255, 254, 187, 220, 250,
       107, 183, 125, 246, 183, 255, 239, 246, 253, 109, 255, 254, 235,
       207, 90, 231, 238, 254, 127, 250, 125, 120, 61, 247, 103, 191,
       183, 247, 238, 255, 170, 175, 223, 242, 29, 252, 92, 119, 247,
       127, 251, 251, 253, 205, 254, 255, 254, 127, 239, 255, 223, 223,
       137, 255, 127, 191, 251, 191, 126, 254, 253, 255, 215, 61, 119,
       205, 135, 175, 124, 239, 223, 123, 127, 223, 123, 247, 63, 215,
       237, 93, 223, 90, 117, 237, 246, 115, 92, 104, 63, 221, 30, 252,
       53, 141, 189, 20, 5, 248, 183, 158, 235, 80, 244, 48, 61, 220, 95,
       48, 188, 190, 253, 255, 254, 63, 125, 253, 123, 255, 255, 253,
       251, 255, 122, 254, 254, 255, 222, 99, 107, 245, 118, 211, 119,
       253, 255, 247, 251, 127, 215, 255, 235, 215, 36, 215, 190, 215,
       120, 249, 125, 122, 95, 127, 47, 212, 23, 247, 111, 155, 172, 152,
       13, 240, 29, 157, 93, 16, 242, 115, 189, 91, 223, 40, 251, 126,
       53, 253, 158, 87, 199, 31, 109, 198, 197, 213, 190, 253, 238, 182,
       86, 251, 215, 99, 103, 89, 167, 195, 118, 220, 255, 252, 45, 82,
       156, 242, 41, 215, 44, 85, 190, 82, 120, 201, 124, 112, 92, 56,
       47, 213, 20, 245, 110, 153, 172, 24, 5, 240, 29, 156, 73, 16, 242,
       51, 189, 88, 87, 32, 250, 252, 248, 255, 253, 254, 247, 251, 254,
       220, 255, 254, 255, 255, 222, 251, 238, 251, 221, 127, 111, 111,
       143, 175, 61, 47, 255, 191, 175, 215, 79, 50, 191, 243, 39, 125,
       251, 82, 119, 237, 246, 123, 92, 120, 62, 223, 31, 219, 181, 141,
       173, 94, 181, 249, 191, 140, 73, 208, 252, 33, 189, 92, 87, 50,
       190, 254, 250, 247, 255, 254, 255, 255, 249, 253, 255, 250, 255,
       255, 239, 255, 253, 251, 213, 127, 111, 127, 143, 175, 60, 111,
       223, 191, 63, 223, 223, 118, 191, 243, 39, 95, 251, 82, 119, 253,
       246, 115, 94, 120, 62, 223, 30, 221, 181, 205, 173, 86, 181, 249,
       191, 133, 107, 208, 252, 33, 189, 92, 87, 50, 184, 254, 250, 247,
       245, 255, 255, 251, 248, 254, 255, 251, 255, 255, 255, 250, 253,
       251, 213, 127, 111, 111, 143, 175, 124, 111, 255, 191, 63, 223,
       31, 118, 191, 243, 103, 92, 251, 82, 119, 253, 246, 211, 92, 120,
       63, 217, 14, 253, 181, 205, 173, 86, 165, 249, 255, 141, 107, 208,
       252, 49, 61, 92, 87, 48, 188, 255, 252, 255, 229, 255, 255, 223,
       216, 255, 255, 189, 251, 239, 235, 246, 253, 251, 245, 63, 119,
       239, 207, 191, 124, 239, 255, 251, 63, 223, 63, 119, 63, 243, 229,
       92, 223, 82, 125, 253, 247, 115, 94, 104, 63, 219, 30, 252, 181,
       205, 189, 16, 37, 248, 191, 156, 107, 80, 252, 49, 63, 220, 87,
       48, 186, 252, 189, 237, 139, 255, 255, 183, 249, 252, 87, 254,
       122, 255, 126, 190, 76, 251, 213, 99, 100, 125, 183, 211, 116, 95,
       255, 189, 47, 210, 158, 115, 169, 215, 36, 87, 186, 82, 120, 233,
       116, 112, 92, 56, 47, 213, 52, 245, 109, 153, 172, 24, 5, 240, 29,
       156, 73, 16, 242, 51, 189, 88, 87, 32, 250, 109, 174, 103, 233,
       254, 255, 163, 121, 253, 222, 202, 117, 249, 126, 249, 229, 139,
       221, 219, 102, 245, 37, 136, 127, 77, 252, 13, 165, 94, 78, 59,
       219, 87, 37, 93, 187, 82, 122, 237, 52, 253, 84, 26, 46, 85, 143,
       245, 107, 156, 173, 24, 5, 243, 61, 157, 73, 80, 238, 51, 189, 72,
       87, 32, 242, 237, 169, 255, 181, 251, 245, 191, 248, 252, 255,
       232, 251, 255, 106, 179, 109, 235, 213, 39, 103, 205, 39, 194,
       125, 78, 223, 179, 47, 210, 14, 51, 59, 215, 36, 85, 187, 82, 121,
       233, 116, 112, 92, 56, 47, 213, 20, 253, 127, 153, 172, 24, 5,
       240, 29, 156, 73, 16, 242, 51, 189, 88, 87, 32, 250, 254, 49, 251,
       151, 254, 39, 27, 251, 198, 103, 213, 58, 255, 202, 178, 95, 250,
       213, 39, 103, 73, 133, 195, 52, 206, 218, 253, 47, 210, 12, 114,
       43, 211, 36, 20, 190, 82, 120, 225, 116, 80, 74, 56, 15, 209, 28,
       193, 77, 153, 172, 24, 5, 240, 28, 156, 73, 16, 242, 49, 189, 88,
       87, 32, 251, 252, 49, 245, 181, 223, 39, 59, 249, 228, 101, 211,
       55, 253, 234, 178, 68, 234, 221, 99, 102, 233, 167, 194, 118, 78,
       218, 188, 175, 210, 12, 51, 235, 215, 36, 85, 186, 82, 120, 233,
       116, 120, 92, 24, 15, 213, 21, 245, 111, 153, 172, 24, 5, 240, 29,
       156, 73, 16, 242, 51, 189, 88, 87, 32, 250, 255, 252, 255, 199,
       255, 157, 223, 137, 255, 255, 61, 250, 191, 122, 246, 93, 246,
       247, 60, 119, 207, 119, 155, 124, 255, 215, 255, 127, 222, 123,
       247, 63, 215, 237, 94, 223, 218, 125, 253, 247, 113, 94, 105, 61,
       213, 28, 253, 53, 157, 173, 24, 5, 252, 181, 156, 235, 80, 246,
       48, 189, 220, 95, 56, 190, 243, 222, 90, 231, 255, 184, 223, 136,
       254, 255, 61, 251, 175, 123, 100, 125, 246, 247, 60, 187, 205,
       119, 155, 124, 229, 214, 251, 127, 254, 123, 247, 127, 151, 237,
       222, 87, 251, 249, 251, 247, 83, 94, 107, 125, 209, 28, 253, 55,
       221, 255, 24, 5, 252, 165, 190, 235, 80, 246, 182, 191, 222, 95,
       52, 191, 125, 168, 255, 191, 90, 231, 179, 126, 252, 252, 212,
       189, 255, 170, 187, 78, 235, 213, 35, 103, 237, 7, 199, 119, 77,
       217, 188, 47, 82, 12, 51, 235, 215, 36, 85, 186, 82, 120, 233,
       116, 112, 92, 56, 47, 213, 20, 245, 111, 153, 172, 24, 5, 240, 29,
       156, 73, 16, 242, 51, 189, 88, 87, 32, 250, 127, 178, 237, 167,
       255, 191, 155, 88, 252, 255, 212, 251, 239, 59, 180, 85, 234, 213,
       39, 99, 229, 39, 195, 125, 77, 222, 189, 47, 90, 31, 115, 235,
       215, 36, 85, 186, 82, 120, 233, 116, 112, 92, 56, 47, 213, 20,
       245, 111, 153, 172, 24, 5, 240, 29, 156, 73, 16, 242, 51, 189, 88,
       87, 32, 250, 236, 237, 239, 253, 114, 127, 255, 255, 189, 253,
       238, 255, 219, 254, 255, 238, 139, 221, 251, 111, 127, 191, 246,
       187, 95, 255, 159, 183, 249, 223, 62, 255, 231, 39, 119, 251, 214,
       127, 253, 124, 122, 125, 248, 190, 223, 63, 127, 251, 157, 172,
       126, 221, 209, 127, 157, 76, 80, 252, 115, 255, 95, 87, 43, 250,
       55, 244, 121, 150, 191, 156, 31, 9, 230, 103, 61, 250, 189, 127,
       180, 85, 246, 247, 4, 113, 195, 114, 147, 102, 204, 214, 225, 127,
       114, 59, 213, 107, 151, 172, 86, 158, 194, 120, 233, 247, 82, 218,
       40, 45, 212, 20, 245, 111, 153, 172, 24, 5, 240, 29, 156, 73, 16,
       242, 51, 189, 88, 87, 32, 250, 109, 170, 239, 249, 218, 255, 163,
       126, 189, 253, 206, 189, 219, 255, 187, 236, 203, 221, 251, 102,
       253, 71, 202, 245, 79, 239, 28, 167, 120, 79, 51, 203, 223, 39,
       85, 187, 87, 120, 237, 124, 120, 93, 58, 47, 85, 181, 119, 227,
       157, 172, 24, 5, 241, 29, 156, 73, 80, 254, 51, 189, 88, 87, 32,
       250, 255, 244, 253, 223, 255, 157, 223, 8, 255, 255, 21, 250, 191,
       126, 180, 93, 246, 247, 60, 179, 205, 119, 211, 125, 237, 214,
       255, 127, 126, 123, 215, 111, 215, 236, 95, 191, 218, 121, 251,
       127, 112, 221, 109, 45, 213, 28, 253, 63, 157, 174, 24, 5, 244,
       29, 156, 107, 16, 246, 50, 189, 248, 95, 48, 254, 88, 25, 147,
       247, 89, 227, 250, 239, 88, 185, 82, 181, 182, 198, 131, 218, 126,
       223, 185, 75, 238, 173, 238, 27, 143, 202, 242, 207, 82, 65, 183,
       254, 119, 167, 53, 179, 55, 255, 245, 116, 216, 108, 247, 110,
       235, 21, 75, 255, 221, 172, 122, 213, 240, 62, 156, 73, 209, 250,
       119, 251, 93, 38, 177, 246, 197, 43, 147, 209, 216, 194, 98, 198,
       8, 225, 2, 26, 194, 195, 130, 10, 106, 77, 57, 71, 14, 141, 106,
       11, 79, 219, 186, 111, 128, 8, 34, 15, 87, 39, 116, 187, 0, 253,
       119, 86, 64, 96, 184, 115, 75, 12, 105, 179, 221, 44, 56, 244, 81,
