%YAML:1.0
descriptors: !!opencv-matrix
   rows: 58
   cols: 64
   dt: u
   data: [ 60, 190, 253, 236, 63, 253, 241, 125, 253, 252, 222, 245, 125,
       127, 253, 228, 251, 252, 227, 98, 245, 114, 218, 247, 253, 191,
       228, 243, 125, 223, 127, 239, 223, 104, 87, 190, 247, 122, 249,
       124, 121, 93, 122, 47, 212, 183, 247, 111, 185, 172, 153, 13, 240,
       29, 156, 73, 52, 242, 55, 189, 218, 95, 36, 254, 62, 181, 253,
       190, 55, 39, 31, 127, 247, 70, 213, 176, 125, 110, 181, 87, 255,
       247, 67, 246, 241, 51, 209, 119, 220, 255, 228, 93, 82, 156, 245,
       233, 199, 44, 23, 190, 218, 120, 225, 124, 112, 95, 60, 175, 213,
       20, 245, 111, 153, 172, 24, 13, 240, 29, 156, 73, 24, 242, 51,
       189, 90, 87, 40, 250, 126, 53, 253, 246, 54, 183, 123, 127, 214,
       254, 213, 181, 125, 234, 179, 86, 254, 215, 3, 103, 237, 165, 195,
       55, 141, 202, 226, 221, 82, 92, 244, 233, 215, 36, 85, 190, 94,
       120, 193, 116, 248, 92, 57, 47, 209, 21, 225, 110, 153, 172, 24,
       5, 240, 29, 156, 73, 16, 242, 51, 189, 88, 86, 32, 251, 118, 49,
       253, 158, 55, 135, 95, 47, 231, 70, 149, 176, 125, 234, 180, 86,
       246, 247, 66, 245, 147, 119, 211, 39, 220, 162, 228, 93, 82, 152,
       212, 105, 215, 44, 22, 190, 202, 120, 195, 124, 48, 219, 60, 47,
       213, 28, 229, 110, 145, 172, 24, 5, 112, 25, 156, 73, 24, 242, 51,
       189, 88, 86, 34, 251, 118, 49, 243, 150, 90, 6, 27, 111, 198, 228,
       145, 54, 245, 194, 147, 82, 250, 213, 2, 102, 139, 165, 194, 7,
       142, 136, 180, 13, 18, 136, 48, 106, 71, 36, 21, 190, 2, 120, 193,
       86, 48, 72, 21, 10, 197, 28, 129, 79, 153, 172, 24, 5, 112, 24,
       156, 73, 16, 242, 49, 185, 88, 86, 32, 250, 13, 6, 253, 168, 24,
       117, 161, 127, 181, 254, 194, 21, 65, 61, 185, 197, 203, 252, 195,
       104, 240, 66, 220, 57, 77, 168, 4, 129, 124, 68, 57, 203, 245, 0,
       215, 170, 81, 242, 41, 116, 252, 84, 26, 6, 84, 167, 66, 233, 153,
       44, 60, 4, 240, 29, 143, 73, 16, 226, 43, 140, 74, 71, 32, 242,
       62, 255, 255, 253, 62, 253, 253, 57, 255, 254, 221, 253, 253, 127,
       125, 222, 253, 255, 226, 251, 247, 127, 83, 255, 253, 127, 247,
       255, 109, 247, 255, 239, 207, 248, 239, 52, 255, 249, 250, 127,
       125, 223, 255, 239, 247, 245, 247, 111, 191, 254, 137, 79, 246,
       29, 218, 93, 63, 247, 255, 255, 251, 251, 239, 222, 62, 182, 253,
       162, 63, 63, 167, 123, 244, 126, 212, 243, 253, 126, 182, 84, 242,
       221, 99, 97, 245, 39, 195, 119, 204, 254, 245, 175, 82, 92, 243,
       235, 215, 36, 85, 190, 83, 120, 233, 116, 120, 92, 56, 47, 213,
       21, 247, 111, 153, 172, 24, 5, 240, 29, 156, 73, 16, 242, 51, 189,
       88, 87, 32, 250, 111, 46, 231, 179, 95, 119, 43, 255, 244, 254,
       210, 55, 251, 235, 179, 71, 235, 213, 35, 98, 237, 167, 199, 55,
       78, 203, 180, 47, 210, 12, 51, 235, 215, 36, 85, 186, 82, 120,
       225, 116, 112, 92, 56, 46, 213, 20, 225, 111, 153, 172, 24, 5,
       240, 29, 156, 73, 16, 242, 51, 189, 88, 87, 32, 250, 63, 179, 253,
       180, 55, 63, 191, 122, 247, 254, 247, 243, 253, 123, 190, 87, 246,
       255, 99, 115, 245, 103, 193, 119, 205, 254, 245, 255, 122, 92,
       245, 235, 215, 44, 87, 190, 82, 120, 233, 116, 120, 92, 56, 47,
       213, 21, 247, 111, 153, 172, 24, 5, 240, 29, 157, 73, 16, 242, 51,
       189, 88, 87, 32, 250, 247, 254, 91, 231, 255, 248, 159, 136, 255,
       127, 59, 251, 175, 127, 238, 253, 251, 247, 61, 115, 205, 103,
       187, 124, 231, 223, 123, 127, 222, 59, 243, 127, 215, 237, 95,
       223, 114, 249, 237, 247, 101, 92, 106, 61, 213, 26, 252, 53, 157,
       253, 24, 37, 252, 183, 157, 235, 80, 254, 179, 189, 220, 87, 48,
       190, 255, 254, 95, 231, 255, 186, 223, 152, 254, 127, 184, 123,
       175, 123, 230, 93, 243, 247, 61, 125, 237, 199, 187, 124, 230,
       223, 123, 127, 254, 59, 243, 127, 215, 237, 222, 223, 122, 245,
       253, 247, 117, 220, 106, 63, 217, 73, 252, 21, 204, 253, 20, 37,
       236, 183, 142, 235, 80, 252, 176, 31, 220, 95, 48, 188, 85, 182,
       147, 117, 216, 128, 170, 76, 10, 169, 0, 251, 130, 195, 130, 27,
       106, 199, 161, 67, 203, 45, 74, 73, 198, 218, 242, 111, 18, 9, 33,
       110, 215, 167, 60, 59, 16, 189, 111, 118, 97, 72, 104, 235, 235,
       24, 185, 179, 153, 228, 56, 49, 244, 152, 156, 105, 16, 250, 179,
       157, 216, 87, 33, 254, 253, 254, 255, 253, 251, 255, 255, 250,
       253, 253, 254, 255, 255, 255, 254, 252, 235, 221, 63, 111, 125,
       143, 239, 125, 111, 255, 191, 191, 223, 15, 114, 191, 247, 39,
       125, 251, 82, 125, 253, 246, 123, 92, 120, 63, 223, 31, 255, 181,
       205, 173, 94, 181, 249, 255, 156, 107, 80, 252, 49, 189, 92, 87,
       48, 250, 252, 232, 255, 255, 250, 119, 251, 254, 221, 253, 254,
       255, 255, 254, 251, 238, 251, 221, 127, 111, 127, 141, 239, 61,
       111, 255, 191, 175, 223, 207, 54, 191, 245, 39, 117, 251, 87, 247,
       253, 246, 123, 93, 248, 62, 223, 31, 127, 181, 205, 173, 94, 181,
       217, 255, 148, 205, 208, 252, 41, 253, 93, 23, 48, 254, 243, 217,
       154, 94, 87, 66, 92, 14, 86, 129, 61, 249, 62, 202, 6, 94, 127,
       215, 52, 151, 7, 143, 227, 39, 170, 203, 243, 111, 83, 40, 210,
       105, 151, 39, 52, 255, 66, 92, 127, 244, 83, 202, 189, 107, 155,
       28, 245, 238, 209, 164, 90, 149, 240, 26, 188, 203, 81, 178, 50,
       59, 24, 117, 147, 235, 253, 254, 247, 255, 250, 111, 255, 253,
       253, 253, 254, 255, 255, 255, 255, 254, 251, 213, 127, 111, 125,
       143, 175, 60, 127, 255, 191, 191, 223, 223, 126, 191, 241, 103,
       125, 251, 82, 119, 253, 254, 219, 94, 120, 62, 223, 30, 252, 180,
       141, 173, 86, 181, 217, 255, 133, 239, 208, 252, 33, 189, 93, 86,
       50, 187, 121, 221, 255, 222, 51, 207, 85, 47, 215, 197, 61, 152,
       63, 254, 182, 94, 255, 215, 112, 111, 158, 63, 227, 39, 249, 247,
       247, 125, 115, 185, 214, 41, 135, 39, 33, 254, 130, 77, 250, 125,
       114, 251, 189, 99, 191, 60, 117, 174, 213, 162, 235, 221, 240, 24,
       180, 199, 121, 190, 123, 251, 121, 117, 151, 218, 218, 153, 155,
       247, 98, 194, 220, 166, 90, 161, 85, 222, 178, 198, 146, 90, 127,
       147, 60, 71, 142, 173, 231, 79, 175, 223, 247, 111, 66, 171, 182,
       62, 199, 39, 37, 223, 19, 109, 250, 86, 80, 104, 181, 107, 191,
       28, 189, 63, 221, 172, 59, 215, 240, 30, 188, 227, 81, 251, 113,
       251, 93, 53, 145, 254, 154, 184, 27, 227, 255, 240, 218, 136, 90,
       187, 210, 255, 173, 6, 107, 113, 126, 215, 156, 27, 204, 117, 207,
       88, 173, 214, 123, 255, 94, 107, 247, 126, 55, 197, 221, 85, 127,
       255, 236, 51, 193, 76, 227, 120, 151, 141, 217, 51, 223, 219, 24,
       39, 253, 229, 252, 251, 214, 222, 190, 239, 213, 27, 112, 182,
       237, 238, 239, 253, 250, 127, 247, 253, 253, 253, 238, 255, 223,
       255, 255, 239, 235, 253, 255, 111, 125, 175, 254, 188, 111, 255,
       191, 167, 223, 79, 51, 191, 247, 39, 119, 251, 83, 247, 253, 116,
       122, 124, 122, 63, 221, 63, 127, 241, 157, 173, 94, 37, 209, 191,
       156, 73, 208, 252, 35, 189, 94, 87, 32, 250, 252, 239, 247, 249,
       248, 247, 227, 253, 221, 253, 238, 189, 83, 247, 219, 238, 235,
       221, 255, 111, 253, 169, 238, 187, 95, 239, 191, 167, 93, 207, 51,
       255, 243, 39, 117, 251, 87, 247, 253, 244, 250, 124, 248, 54, 223,
       175, 91, 243, 141, 173, 126, 181, 249, 127, 141, 73, 208, 252, 35,
       253, 92, 86, 35, 254, 122, 153, 255, 254, 55, 127, 93, 63, 247,
       220, 253, 185, 63, 254, 62, 222, 255, 215, 114, 255, 246, 127,
       247, 55, 255, 255, 247, 125, 123, 248, 246, 233, 223, 60, 55, 190,
       255, 120, 250, 125, 120, 223, 183, 111, 253, 53, 245, 110, 187,
       174, 155, 143, 240, 29, 156, 93, 49, 243, 127, 255, 123, 87, 168,
       250, 155, 150, 214, 119, 189, 160, 253, 190, 176, 187, 208, 107,
       174, 201, 2, 25, 124, 174, 163, 211, 228, 47, 239, 127, 130, 43,
       242, 242, 218, 101, 225, 230, 95, 170, 188, 53, 119, 180, 112,
