%YAML:1.0
descriptors: !!opencv-matrix
   rows: 105
   cols: 64
   dt: u
   data: [ 63, 179, 125, 246, 63, 253, 255, 120, 255, 252, 222, 247, 253,
       127, 249, 87, 251, 255, 67, 115, 245, 103, 195, 118, 205, 254,
       245, 255, 122, 222, 247, 235, 215, 44, 87, 190, 91, 122, 249, 124,
       120, 93, 56, 47, 213, 53, 247, 111, 153, 172, 24, 5, 240, 29, 156,
       73, 16, 242, 51, 189, 88, 87, 32, 250, 63, 186, 255, 255, 63, 253,
       189, 126, 127, 254, 254, 251, 239, 127, 191, 95, 255, 255, 97,
       243, 229, 101, 195, 123, 205, 255, 241, 255, 122, 95, 243, 235,
       215, 36, 87, 186, 91, 120, 233, 116, 112, 92, 58, 47, 213, 21,
       247, 111, 153, 172, 24, 5, 240, 29, 156, 73, 16, 242, 51, 189, 88,
       87, 32, 250, 60, 254, 255, 239, 62, 253, 255, 253, 253, 253, 254,
       253, 253, 126, 255, 252, 251, 213, 107, 107, 245, 119, 223, 127,
       125, 255, 181, 191, 127, 223, 127, 239, 215, 100, 85, 190, 214,
       122, 249, 124, 250, 93, 123, 63, 213, 151, 245, 111, 153, 172, 28,
       5, 242, 29, 157, 73, 16, 242, 51, 189, 218, 95, 34, 254, 62, 53,
       125, 190, 54, 63, 31, 91, 247, 70, 253, 48, 125, 106, 188, 87,
       243, 246, 67, 98, 245, 50, 209, 118, 220, 191, 229, 13, 82, 152,
       117, 233, 199, 44, 87, 190, 218, 120, 233, 124, 120, 92, 56, 47,
       212, 20, 245, 111, 153, 172, 24, 5, 240, 29, 156, 73, 16, 242, 51,
       189, 88, 87, 32, 250, 63, 53, 121, 182, 63, 39, 57, 122, 214, 126,
       213, 49, 109, 74, 128, 87, 242, 214, 3, 99, 225, 162, 193, 54,
       204, 138, 224, 139, 82, 8, 113, 233, 211, 36, 20, 190, 83, 120,
       129, 245, 88, 78, 24, 14, 208, 21, 193, 79, 153, 172, 24, 5, 240,
       29, 156, 73, 16, 242, 51, 189, 88, 86, 32, 251, 60, 178, 125, 170,
       62, 253, 177, 126, 244, 92, 214, 117, 125, 63, 185, 101, 251, 244,
       67, 96, 245, 114, 209, 247, 205, 184, 164, 153, 126, 222, 117,
       235, 223, 44, 87, 190, 94, 122, 233, 116, 120, 93, 58, 47, 212,
       53, 245, 111, 153, 172, 152, 5, 240, 29, 156, 73, 16, 242, 51,
       189, 90, 87, 32, 250, 55, 181, 253, 158, 55, 87, 93, 127, 247,
       198, 189, 176, 125, 110, 180, 86, 255, 214, 98, 115, 151, 54, 193,
       103, 205, 247, 245, 89, 82, 24, 212, 105, 214, 44, 21, 190, 90,
       120, 235, 117, 112, 92, 61, 47, 148, 52, 245, 110, 153, 172, 24,
       5, 240, 29, 156, 73, 16, 242, 51, 189, 88, 87, 32, 250, 62, 181,
       125, 184, 54, 255, 127, 125, 215, 230, 255, 176, 125, 46, 189,
       118, 255, 254, 99, 243, 245, 114, 209, 247, 221, 253, 229, 253,
       82, 223, 255, 235, 207, 44, 199, 190, 219, 120, 233, 125, 120,
       221, 117, 47, 212, 53, 247, 111, 155, 174, 152, 15, 242, 29, 220,
       81, 48, 242, 123, 189, 123, 223, 104, 250, 62, 54, 117, 180, 27,
       237, 43, 77, 231, 108, 218, 53, 253, 110, 185, 116, 243, 253, 67,
       98, 245, 59, 218, 127, 221, 238, 230, 207, 90, 222, 125, 238, 71,
       174, 71, 190, 242, 122, 233, 126, 76, 85, 84, 42, 196, 117, 229,
       111, 185, 164, 152, 13, 242, 29, 156, 73, 24, 242, 115, 189, 218,
       71, 32, 250, 114, 49, 217, 150, 50, 6, 93, 111, 198, 228, 53, 176,
       55, 226, 150, 82, 242, 215, 32, 99, 135, 45, 193, 103, 204, 130,
       230, 15, 18, 40, 84, 105, 215, 36, 20, 190, 66, 120, 227, 116,
       112, 90, 57, 47, 145, 20, 229, 111, 153, 172, 24, 5, 240, 24, 156,
       73, 16, 242, 51, 189, 88, 86, 32, 250, 111, 52, 96, 170, 223, 166,
       39, 5, 164, 110, 8, 48, 29, 14, 185, 85, 251, 127, 3, 224, 241,
       35, 153, 61, 92, 204, 172, 13, 82, 152, 121, 227, 69, 44, 87, 190,
       83, 112, 37, 124, 104, 68, 20, 169, 85, 80, 134, 79, 153, 44, 24,
       4, 242, 29, 156, 65, 24, 178, 51, 188, 90, 214, 40, 240, 126, 186,
       205, 235, 255, 251, 179, 60, 252, 58, 214, 125, 253, 123, 253,
       209, 250, 213, 91, 120, 229, 117, 139, 125, 175, 248, 104, 191,
       126, 89, 117, 239, 223, 108, 223, 191, 127, 115, 237, 117, 252,
       221, 90, 30, 85, 135, 241, 71, 191, 189, 156, 5, 242, 189, 223,
       89, 84, 246, 191, 157, 216, 95, 38, 253, 125, 240, 253, 125, 62,
       241, 255, 124, 250, 191, 245, 249, 237, 59, 135, 91, 251, 255,
       251, 123, 253, 107, 198, 255, 173, 235, 247, 255, 127, 109, 245,
       239, 223, 253, 189, 255, 255, 249, 249, 127, 123, 222, 251, 47,
       247, 177, 255, 127, 187, 190, 30, 7, 240, 189, 158, 77, 116, 246,
       191, 223, 251, 215, 34, 255, 62, 180, 125, 174, 62, 253, 145, 125,
       255, 252, 222, 53, 253, 126, 185, 117, 247, 246, 67, 242, 245, 50,
       211, 247, 253, 172, 228, 223, 126, 223, 253, 239, 207, 44, 71,
       190, 254, 122, 233, 125, 121, 93, 87, 46, 196, 229, 245, 111, 185,
       172, 153, 13, 242, 29, 156, 81, 52, 242, 127, 189, 251, 15, 44,
       250, 63, 182, 255, 127, 189, 176, 251, 124, 248, 189, 212, 253,
       236, 123, 133, 93, 226, 239, 171, 123, 245, 111, 203, 255, 237,
       170, 228, 191, 126, 93, 225, 111, 223, 236, 149, 190, 127, 185,
       249, 125, 126, 94, 187, 174, 213, 177, 211, 111, 187, 190, 25, 5,
       240, 157, 156, 77, 62, 246, 191, 159, 250, 215, 38, 223, 47, 38,
       109, 160, 62, 189, 165, 121, 245, 254, 210, 116, 121, 61, 185, 69,
       138, 252, 67, 97, 241, 114, 209, 118, 93, 188, 132, 131, 122, 84,
       49, 203, 215, 44, 87, 186, 91, 120, 169, 124, 124, 92, 56, 47,
       212, 5, 246, 111, 153, 172, 24, 5, 240, 29, 156, 73, 16, 242, 51,
       189, 88, 87, 32, 250, 247, 52, 209, 163, 223, 130, 11, 9, 230, 99,
       17, 62, 175, 143, 162, 85, 250, 247, 33, 116, 200, 135, 218, 124,
       70, 216, 248, 47, 210, 24, 115, 107, 215, 37, 87, 187, 66, 120,
       109, 86, 96, 72, 56, 41, 213, 28, 245, 53, 153, 172, 24, 5, 240,
       29, 156, 73, 16, 242, 51, 189, 88, 87, 48, 250, 255, 62, 214, 55,
       223, 162, 167, 218, 252, 61, 208, 123, 174, 219, 130, 93, 234,
       245, 63, 119, 233, 143, 171, 125, 6, 250, 121, 47, 218, 9, 99,
       111, 215, 175, 84, 191, 115, 61, 109, 246, 89, 84, 26, 31, 201,
       89, 217, 213, 221, 172, 24, 5, 241, 190, 156, 235, 80, 252, 179,
       157, 220, 87, 48, 254, 103, 37, 193, 146, 81, 2, 7, 74, 166, 68,
       1, 48, 49, 235, 164, 87, 226, 85, 1, 100, 131, 39, 192, 103, 78,
       128, 168, 13, 18, 8, 16, 105, 146, 36, 20, 186, 66, 120, 1, 84,
       32, 194, 24, 11, 80, 28, 229, 78, 145, 36, 16, 4, 96, 24, 156, 73,
       16, 114, 51, 188, 88, 86, 32, 249, 69, 34, 239, 137, 152, 245,
       163, 124, 172, 238, 130, 20, 193, 9, 187, 71, 202, 85, 3, 96, 200,
       3, 206, 57, 77, 216, 156, 39, 80, 12, 49, 75, 213, 36, 85, 186,
       82, 120, 169, 118, 112, 84, 56, 46, 85, 20, 225, 107, 153, 172,
       24, 5, 240, 29, 156, 73, 16, 226, 51, 189, 72, 87, 32, 242, 76, 6,
       229, 161, 216, 229, 163, 253, 172, 228, 194, 20, 81, 45, 187, 230,
       202, 92, 67, 96, 248, 129, 206, 48, 77, 168, 140, 4, 80, 4, 59,
       203, 117, 36, 85, 186, 80, 114, 13, 84, 180, 84, 24, 14, 69, 134,
       97, 97, 153, 44, 24, 5, 240, 29, 156, 73, 16, 226, 35, 188, 72,
       70, 32, 242, 38, 37, 225, 178, 27, 134, 9, 75, 134, 98, 145, 52,
       49, 202, 176, 84, 226, 85, 1, 64, 195, 39, 192, 103, 14, 136, 162,
       13, 18, 8, 49, 105, 71, 38, 20, 186, 2, 120, 1, 86, 0, 64, 20, 8,
       64, 20, 193, 79, 25, 44, 24, 4, 96, 24, 156, 65, 16, 50, 51, 185,
       88, 86, 32, 240, 205, 46, 247, 33, 216, 245, 163, 252, 184, 255,
       194, 23, 193, 121, 155, 225, 234, 253, 203, 98, 248, 129, 206,
       248, 78, 232, 60, 162, 220, 5, 51, 223, 117, 39, 85, 187, 80, 243,
       109, 86, 220, 84, 24, 30, 65, 161, 75, 209, 153, 44, 28, 37, 209,
       31, 140, 73, 16, 248, 35, 189, 76, 23, 32, 248, 69, 38, 97, 17,
       217, 130, 35, 72, 160, 33, 130, 55, 192, 79, 130, 65, 98, 101, 3,
       68, 201, 37, 26, 104, 70, 200, 24, 47, 146, 12, 33, 7, 87, 39, 87,
       187, 0, 176, 37, 86, 4, 64, 24, 138, 65, 72, 233, 19, 24, 36, 24,
       32, 113, 24, 156, 65, 16, 58, 19, 181, 72, 71, 32, 120, 69, 32,
       211, 19, 217, 128, 134, 72, 98, 41, 2, 119, 162, 71, 160, 81, 98,
