%YAML:1.0
descriptors: !!opencv-matrix
   rows: 68
   cols: 64
   dt: u
   data: [ 252, 237, 255, 253, 114, 127, 247, 255, 221, 253, 254, 191,
       95, 254, 251, 238, 251, 221, 251, 111, 63, 157, 238, 191, 127,
       239, 191, 181, 237, 223, 126, 191, 235, 103, 117, 251, 215, 255,
       253, 124, 251, 253, 253, 54, 127, 175, 79, 244, 207, 45, 255, 253,
       219, 127, 133, 206, 208, 252, 105, 255, 95, 14, 59, 182, 62, 181,
       253, 254, 55, 191, 93, 127, 247, 230, 245, 176, 125, 234, 189, 94,
       255, 246, 99, 251, 183, 119, 211, 119, 221, 251, 231, 253, 83,
       252, 244, 233, 207, 44, 199, 190, 218, 120, 249, 125, 120, 95, 61,
       47, 215, 53, 245, 111, 155, 174, 24, 15, 242, 29, 220, 93, 24,
       242, 115, 189, 123, 215, 40, 250, 255, 218, 110, 255, 255, 127,
       223, 184, 191, 255, 253, 251, 191, 123, 126, 253, 241, 247, 127,
       255, 127, 255, 166, 124, 111, 255, 255, 127, 255, 123, 127, 191,
       242, 109, 220, 255, 218, 119, 253, 247, 219, 222, 123, 63, 219,
       159, 216, 53, 141, 189, 86, 5, 249, 255, 159, 239, 208, 244, 49,
       63, 221, 95, 50, 189, 62, 57, 255, 246, 54, 183, 249, 126, 214,
       255, 215, 244, 255, 238, 178, 90, 254, 215, 114, 107, 231, 61,
       195, 119, 173, 218, 246, 223, 82, 237, 244, 235, 215, 36, 20, 190,
       214, 120, 249, 117, 80, 93, 181, 111, 243, 20, 245, 111, 155, 172,
       24, 7, 240, 29, 156, 73, 16, 242, 51, 255, 89, 23, 32, 250, 63,
       245, 125, 158, 55, 29, 93, 59, 247, 68, 149, 240, 125, 123, 180,
       87, 246, 246, 66, 243, 119, 118, 209, 247, 221, 182, 229, 89, 122,
       184, 212, 41, 222, 44, 87, 190, 218, 120, 217, 125, 116, 223, 61,
       47, 212, 52, 245, 110, 153, 174, 153, 15, 240, 29, 156, 93, 56,
       242, 51, 189, 120, 215, 44, 250, 252, 249, 255, 255, 254, 127,
       255, 246, 253, 255, 124, 255, 223, 255, 254, 255, 251, 223, 127,
       111, 125, 221, 175, 188, 239, 239, 191, 255, 255, 223, 254, 191,
       241, 103, 126, 255, 83, 119, 253, 244, 219, 223, 122, 62, 223,
       159, 255, 180, 141, 173, 94, 133, 249, 255, 159, 205, 208, 252,
       41, 191, 93, 94, 50, 185, 12, 14, 164, 168, 8, 253, 162, 117, 60,
       252, 78, 5, 80, 61, 59, 165, 201, 124, 193, 96, 244, 65, 222, 241,
       73, 105, 8, 134, 120, 70, 51, 195, 221, 0, 83, 40, 81, 234, 233,
       32, 124, 21, 56, 39, 85, 151, 119, 107, 153, 172, 24, 5, 242, 29,
       156, 73, 16, 194, 51, 189, 72, 87, 32, 250, 45, 175, 247, 244, 57,
       175, 225, 127, 189, 124, 198, 117, 215, 127, 184, 68, 226, 253,
       227, 98, 245, 47, 218, 247, 95, 234, 132, 135, 124, 220, 121, 239,
       207, 34, 71, 186, 245, 250, 249, 124, 221, 93, 26, 167, 197, 37,
       247, 111, 185, 172, 152, 13, 240, 29, 157, 73, 54, 242, 119, 189,
       90, 87, 33, 250, 70, 1, 128, 214, 17, 2, 68, 15, 2, 96, 1, 49, 50,
       194, 132, 82, 106, 21, 32, 7, 131, 173, 225, 35, 14, 146, 162, 13,
       18, 8, 0, 73, 210, 39, 52, 186, 2, 120, 67, 84, 64, 98, 168, 75,
       137, 20, 197, 206, 17, 164, 88, 4, 32, 24, 156, 75, 16, 114, 51,
       29, 88, 84, 33, 251, 61, 191, 255, 245, 62, 247, 249, 127, 189,
       253, 214, 253, 223, 251, 178, 77, 250, 253, 251, 107, 245, 111,
       242, 255, 255, 123, 246, 247, 124, 93, 117, 239, 223, 99, 117,
       190, 215, 248, 249, 125, 249, 125, 251, 167, 249, 49, 243, 111,
       185, 172, 25, 221, 240, 29, 156, 77, 54, 246, 119, 191, 218, 95,
       165, 255, 182, 249, 251, 124, 48, 202, 92, 75, 203, 1, 173, 248,
       119, 242, 252, 250, 251, 130, 54, 79, 135, 44, 97, 71, 255, 215,
       247, 127, 39, 175, 222, 108, 146, 215, 101, 222, 128, 253, 251,
       254, 35, 251, 229, 97, 191, 94, 61, 174, 197, 167, 227, 246, 40,
       19, 55, 111, 89, 251, 120, 107, 57, 125, 243, 159, 251, 250, 111,
       239, 254, 255, 251, 248, 253, 253, 254, 251, 255, 249, 254, 253,
       243, 253, 255, 111, 252, 221, 175, 60, 111, 239, 63, 183, 255, 87,
       127, 191, 241, 231, 254, 123, 119, 247, 253, 247, 223, 223, 250,
       30, 217, 143, 218, 145, 205, 213, 94, 181, 221, 247, 143, 239,
       212, 252, 233, 158, 223, 94, 54, 189, 59, 214, 125, 239, 175, 253,
       253, 121, 125, 255, 222, 203, 237, 125, 124, 149, 255, 254, 225,
       251, 244, 112, 219, 250, 253, 255, 241, 242, 126, 119, 255, 239,
       223, 240, 219, 48, 255, 249, 248, 105, 125, 221, 123, 175, 245,
       145, 247, 111, 187, 218, 153, 15, 244, 157, 222, 93, 63, 243, 247,
       191, 211, 223, 108, 254, 60, 50, 209, 50, 24, 176, 172, 23, 80,
       186, 194, 49, 96, 67, 129, 83, 90, 10, 227, 146, 241, 36, 91, 223,
       128, 8, 230, 131, 74, 197, 161, 198, 79, 138, 207, 52, 61, 184,
       97, 100, 108, 68, 114, 233, 70, 225, 19, 107, 58, 238, 56, 67,
       230, 12, 92, 81, 6, 163, 215, 147, 170, 115, 233, 102, 194, 193,
       12, 221, 239, 159, 95, 1, 63, 103, 53, 202, 153, 120, 54, 14, 132,
       209, 48, 243, 206, 247, 194, 98, 89, 214, 181, 126, 80, 179, 23,
       107, 215, 60, 83, 40, 218, 105, 234, 107, 112, 157, 41, 47, 213,
       28, 245, 47, 153, 136, 24, 5, 240, 29, 156, 75, 17, 243, 51, 189,
       120, 87, 32, 250, 92, 35, 227, 180, 18, 39, 41, 127, 132, 254,
       210, 53, 81, 198, 155, 66, 234, 221, 3, 102, 205, 165, 196, 51,
       13, 138, 166, 141, 82, 12, 48, 235, 115, 36, 85, 186, 82, 122,
       193, 116, 112, 84, 24, 46, 197, 20, 193, 111, 153, 172, 24, 5,
       240, 29, 156, 73, 16, 242, 51, 189, 88, 86, 32, 242, 31, 246, 93,
       111, 191, 248, 219, 24, 250, 187, 255, 255, 172, 91, 236, 113,
       230, 215, 28, 251, 229, 114, 139, 124, 229, 222, 227, 127, 126,
       107, 231, 127, 223, 236, 221, 150, 127, 123, 249, 119, 243, 220,
       107, 45, 213, 151, 252, 127, 153, 191, 24, 5, 252, 165, 222, 109,
       16, 242, 190, 191, 216, 95, 38, 191, 247, 253, 247, 223, 246, 134,
       223, 250, 239, 197, 189, 251, 239, 255, 150, 93, 251, 247, 62, 39,
       71, 111, 194, 103, 239, 247, 247, 127, 190, 56, 86, 41, 214, 101,
       220, 223, 210, 125, 251, 117, 117, 94, 187, 111, 189, 24, 253, 47,
       220, 188, 24, 133, 240, 179, 156, 79, 120, 190, 112, 63, 120, 93,
       53, 250, 254, 254, 255, 239, 255, 191, 219, 217, 255, 255, 212,
       255, 255, 90, 254, 93, 242, 247, 123, 123, 253, 119, 219, 125,
       167, 254, 251, 63, 126, 123, 247, 239, 199, 237, 223, 191, 246,
       249, 253, 119, 121, 93, 106, 63, 213, 93, 253, 119, 188, 254, 152,
       13, 246, 189, 156, 121, 80, 246, 247, 191, 251, 95, 60, 254, 124,
       37, 146, 54, 17, 98, 40, 175, 196, 168, 194, 53, 50, 198, 131,
       118, 123, 2, 193, 86, 123, 175, 199, 135, 146, 10, 242, 137, 194,
       200, 162, 202, 107, 39, 37, 182, 53, 4, 65, 92, 72, 64, 148, 226,
       111, 117, 131, 238, 121, 46, 120, 209, 242, 30, 28, 193, 134, 50,
       71, 177, 46, 38, 161, 66, 60, 253, 255, 250, 54, 255, 245, 127,
       253, 220, 220, 253, 127, 63, 191, 239, 251, 188, 227, 123, 245,
       119, 83, 247, 245, 255, 212, 183, 111, 223, 127, 235, 223, 108,
       199, 190, 255, 120, 249, 125, 124, 221, 126, 167, 213, 245, 247,
       111, 191, 174, 137, 79, 242, 29, 222, 93, 62, 246, 127, 189, 251,
       223, 238, 218, 63, 246, 121, 175, 254, 180, 159, 65, 255, 255, 19,
       222, 221, 47, 249, 85, 255, 247, 3, 226, 253, 115, 219, 124, 253,
       220, 253, 127, 94, 191, 255, 255, 199, 172, 95, 190, 250, 249,
       233, 127, 112, 92, 104, 173, 213, 84, 244, 127, 153, 236, 24, 5,
       244, 21, 156, 105, 16, 242, 51, 189, 218, 87, 40, 246, 220, 59,
       211, 245, 248, 226, 250, 254, 200, 171, 209, 191, 195, 195, 147,
       90, 234, 205, 187, 111, 143, 173, 238, 155, 143, 219, 186, 175,
       194, 45, 50, 190, 115, 167, 61, 251, 20, 253, 247, 87, 80, 104,
       177, 126, 235, 12, 73, 179, 223, 172, 120, 243, 209, 254, 188,
       234, 192, 252, 49, 219, 92, 53, 177, 182, 127, 178, 125, 167, 255,
       177, 155, 120, 254, 191, 215, 127, 237, 31, 233, 81, 242, 213, 27,
       114, 201, 103, 139, 125, 173, 220, 232, 63, 94, 79, 117, 127, 247,
       44, 221, 191, 90, 123, 233, 119, 208, 92, 91, 14, 213, 4, 208,
