%YAML:1.0
descriptors: !!opencv-matrix
   rows: 105
   cols: 64
   dt: u
   data: [ 187, 254, 124, 239, 191, 253, 223, 56, 255, 255, 255, 251,
       175, 127, 124, 253, 255, 247, 254, 187, 245, 118, 219, 125, 245,
       127, 247, 255, 126, 127, 247, 247, 223, 252, 223, 52, 255, 249,
       248, 127, 125, 221, 107, 189, 245, 243, 255, 127, 190, 255, 152,
       15, 254, 165, 222, 125, 62, 247, 246, 191, 243, 251, 236, 222,
       253, 250, 247, 255, 254, 111, 247, 254, 253, 253, 254, 255, 255,
       255, 255, 238, 251, 253, 127, 111, 127, 143, 255, 189, 127, 255,
       63, 191, 255, 223, 126, 191, 243, 103, 119, 251, 83, 247, 253,
       254, 251, 93, 120, 62, 223, 191, 127, 181, 141, 173, 94, 181, 217,
       255, 133, 207, 208, 252, 33, 189, 221, 79, 50, 190, 62, 180, 125,
       254, 63, 253, 253, 127, 247, 244, 223, 245, 125, 62, 189, 118,
       255, 254, 67, 251, 245, 114, 209, 247, 221, 255, 229, 219, 122,
       223, 255, 235, 207, 44, 215, 190, 223, 120, 233, 125, 120, 93,
       119, 175, 212, 53, 247, 111, 187, 174, 153, 15, 242, 29, 156, 81,
       48, 242, 115, 189, 251, 223, 44, 250, 62, 49, 117, 178, 30, 239,
       161, 123, 213, 92, 222, 53, 125, 126, 185, 116, 242, 252, 195,
       114, 245, 50, 209, 247, 220, 170, 228, 141, 122, 222, 125, 235,
       207, 44, 71, 190, 255, 122, 201, 124, 88, 85, 22, 174, 212, 53,
       231, 111, 185, 44, 153, 9, 242, 29, 156, 81, 52, 242, 119, 189,
       90, 87, 44, 250, 255, 252, 123, 239, 255, 255, 223, 137, 255, 255,
       185, 250, 191, 110, 254, 253, 255, 247, 62, 119, 205, 247, 187,
       124, 239, 215, 251, 127, 215, 123, 247, 127, 215, 237, 223, 223,
       250, 125, 237, 247, 114, 92, 105, 125, 215, 30, 252, 53, 157, 189,
       16, 5, 248, 181, 156, 123, 80, 246, 176, 61, 220, 223, 56, 190,
       255, 254, 124, 111, 255, 248, 223, 152, 254, 127, 189, 251, 175,
       91, 230, 125, 247, 247, 60, 251, 237, 119, 187, 124, 231, 255,
       123, 127, 255, 123, 247, 127, 151, 237, 156, 223, 250, 249, 253,
       247, 115, 222, 107, 125, 209, 91, 252, 53, 204, 255, 22, 37, 252,
       167, 222, 235, 112, 182, 180, 31, 252, 223, 180, 191, 60, 62, 245,
       180, 58, 239, 57, 123, 245, 252, 214, 117, 127, 255, 184, 118,
       242, 252, 227, 99, 245, 46, 209, 119, 221, 170, 164, 159, 122,
       222, 125, 239, 215, 36, 103, 190, 215, 122, 233, 124, 220, 93, 59,
       175, 232, 37, 247, 111, 185, 164, 152, 13, 240, 29, 156, 73, 48,
       242, 51, 189, 90, 87, 32, 250, 47, 54, 125, 170, 31, 181, 175, 89,
       229, 254, 40, 32, 173, 15, 185, 87, 243, 254, 3, 96, 241, 82, 91,
       124, 84, 253, 173, 175, 82, 24, 121, 227, 69, 44, 223, 190, 211,
       120, 169, 116, 108, 76, 58, 173, 86, 85, 246, 109, 152, 172, 24,
       5, 242, 29, 156, 89, 16, 178, 51, 188, 90, 215, 40, 242, 47, 174,
       237, 168, 23, 253, 165, 127, 245, 254, 222, 245, 121, 62, 189,
       102, 139, 124, 227, 249, 241, 86, 219, 247, 93, 253, 4, 147, 122,
       223, 61, 203, 223, 108, 199, 186, 255, 120, 233, 60, 124, 93, 126,
       47, 84, 117, 119, 107, 187, 172, 153, 12, 242, 29, 156, 28, 62,
       226, 55, 189, 219, 223, 40, 250, 189, 190, 247, 116, 61, 63, 241,
       122, 248, 188, 214, 119, 239, 123, 200, 76, 250, 253, 231, 107,
       245, 110, 201, 247, 239, 58, 245, 147, 124, 79, 115, 239, 223,
       110, 101, 190, 87, 186, 249, 124, 253, 93, 250, 167, 201, 97, 247,
       111, 185, 172, 137, 13, 240, 29, 156, 77, 62, 242, 55, 191, 250,
       23, 36, 222, 61, 188, 255, 252, 62, 127, 249, 127, 245, 252, 212,
       241, 127, 187, 158, 222, 250, 252, 227, 107, 245, 79, 210, 255,
       253, 171, 246, 219, 111, 221, 245, 239, 223, 108, 101, 190, 255,
       124, 249, 125, 249, 95, 251, 175, 251, 49, 243, 111, 187, 174,
       153, 143, 240, 29, 156, 77, 60, 242, 119, 253, 251, 215, 42, 255,
       61, 182, 117, 229, 255, 253, 167, 120, 189, 125, 206, 127, 253,
       127, 248, 229, 251, 253, 203, 96, 245, 98, 154, 124, 109, 252, 49,
       183, 252, 79, 123, 239, 223, 224, 95, 186, 117, 250, 249, 60, 125,
       85, 90, 39, 197, 167, 254, 99, 168, 181, 153, 44, 242, 157, 159,
       73, 62, 214, 183, 173, 218, 79, 36, 254, 62, 189, 125, 250, 62,
       253, 245, 127, 247, 124, 254, 181, 125, 126, 253, 244, 255, 254,
       99, 242, 245, 114, 209, 247, 221, 255, 229, 217, 122, 223, 255,
       235, 199, 44, 199, 190, 255, 120, 249, 124, 120, 93, 118, 175,
       212, 245, 247, 111, 187, 172, 153, 13, 242, 29, 156, 89, 52, 242,
       123, 189, 90, 223, 44, 250, 253, 237, 255, 253, 251, 111, 247,
       255, 253, 253, 254, 255, 255, 255, 254, 238, 235, 221, 127, 111,
       127, 143, 254, 63, 127, 255, 191, 175, 219, 95, 50, 191, 215, 39,
       117, 251, 83, 127, 253, 124, 122, 92, 184, 191, 221, 31, 127, 245,
       157, 172, 94, 149, 217, 127, 157, 73, 80, 252, 97, 189, 94, 87,
       48, 250, 253, 62, 255, 245, 121, 55, 253, 254, 148, 252, 244, 243,
       79, 251, 147, 94, 242, 221, 163, 99, 229, 175, 230, 123, 78, 234,
       182, 207, 90, 13, 113, 239, 247, 36, 84, 190, 86, 120, 225, 244,
       88, 92, 58, 46, 209, 21, 193, 111, 153, 172, 24, 5, 240, 29, 156,
       73, 16, 242, 51, 189, 88, 86, 32, 250, 252, 249, 255, 245, 254,
       127, 243, 255, 221, 253, 246, 255, 255, 250, 251, 238, 251, 221,
       127, 111, 127, 141, 238, 61, 47, 255, 191, 175, 215, 95, 54, 191,
       243, 39, 117, 251, 86, 119, 253, 246, 217, 93, 248, 62, 219, 143,
       89, 181, 141, 173, 94, 149, 217, 255, 157, 203, 208, 252, 41, 255,
       93, 31, 48, 254, 61, 188, 239, 171, 63, 245, 177, 125, 253, 252,
       214, 253, 253, 126, 187, 77, 251, 253, 227, 98, 245, 55, 211, 119,
       125, 255, 180, 167, 126, 223, 115, 235, 223, 44, 87, 190, 87, 120,
       233, 124, 120, 93, 58, 47, 213, 53, 247, 111, 185, 172, 24, 5,
       240, 29, 156, 73, 16, 242, 51, 189, 90, 87, 32, 250, 61, 246, 125,
       109, 189, 189, 251, 120, 252, 253, 212, 249, 237, 123, 132, 69,
       250, 237, 207, 123, 245, 107, 218, 253, 253, 250, 97, 247, 124,
       95, 97, 239, 223, 224, 221, 182, 247, 185, 249, 125, 125, 220,
       251, 167, 241, 161, 255, 107, 184, 255, 25, 9, 244, 189, 158, 77,
       62, 246, 247, 143, 250, 215, 44, 223, 255, 255, 247, 255, 254,
       231, 255, 239, 253, 255, 250, 255, 255, 238, 251, 254, 251, 213,
       127, 111, 127, 143, 191, 61, 127, 255, 191, 47, 215, 219, 126,
       191, 243, 39, 125, 251, 82, 117, 253, 254, 123, 92, 248, 62, 223,
       30, 221, 181, 205, 173, 86, 181, 217, 255, 132, 235, 208, 252, 97,
       189, 92, 87, 48, 178, 13, 6, 45, 169, 25, 244, 173, 93, 181, 254,
       138, 129, 65, 13, 185, 7, 137, 124, 131, 106, 240, 96, 94, 121,
       69, 169, 0, 134, 88, 5, 49, 223, 117, 16, 223, 40, 16, 248, 41,
       34, 124, 36, 58, 174, 86, 209, 81, 107, 24, 172, 56, 5, 209, 29,
       156, 8, 144, 194, 51, 188, 202, 215, 40, 242, 101, 182, 101, 171,
       221, 182, 163, 93, 164, 126, 130, 117, 161, 91, 169, 69, 202, 245,
       139, 96, 241, 35, 154, 125, 70, 216, 40, 39, 222, 8, 33, 207, 199,
       39, 223, 187, 80, 240, 109, 54, 101, 84, 26, 143, 85, 193, 117,
       195, 152, 60, 24, 0, 241, 61, 140, 73, 16, 248, 35, 189, 90, 87,
       32, 248, 117, 189, 253, 222, 55, 223, 95, 127, 247, 197, 149, 250,
       255, 123, 150, 94, 255, 215, 98, 119, 215, 111, 211, 231, 221,
       247, 245, 127, 122, 156, 214, 105, 223, 44, 85, 190, 210, 120,
       251, 125, 112, 93, 57, 175, 213, 48, 245, 111, 153, 172, 25, 13,
       240, 29, 156, 73, 56, 242, 51, 189, 120, 87, 32, 250, 255, 254,
       255, 231, 255, 183, 223, 152, 255, 255, 185, 250, 191, 111, 246,
       93, 247, 247, 60, 119, 207, 215, 187, 124, 238, 223, 251, 127,
       223, 59, 247, 63, 215, 237, 158, 223, 218, 125, 253, 247, 115, 78,
       104, 63, 223, 28, 253, 53, 221, 189, 16, 5, 232, 183, 156, 235,
       80, 246, 49, 29, 220, 95, 48, 190, 255, 254, 123, 231, 255, 188,
       223, 152, 254, 127, 189, 251, 175, 91, 230, 253, 243, 247, 60,
       127, 239, 223, 187, 124, 239, 223, 123, 63, 223, 123, 247, 63,
