%YAML:1.0
descriptors: !!opencv-matrix
   rows: 102
   cols: 64
   dt: u
   data: [ 61, 178, 245, 180, 63, 253, 177, 124, 244, 252, 214, 117, 253,
       127, 185, 85, 250, 252, 67, 99, 245, 38, 195, 247, 205, 186, 228,
       223, 122, 92, 241, 235, 223, 44, 87, 190, 87, 122, 233, 124, 120,
       92, 58, 47, 213, 53, 247, 111, 153, 172, 24, 5, 240, 29, 156, 73,
       16, 242, 51, 189, 90, 87, 32, 250, 60, 181, 253, 188, 63, 247,
       253, 127, 246, 252, 213, 241, 125, 126, 183, 86, 251, 252, 99,
       115, 245, 51, 211, 247, 221, 251, 244, 207, 82, 220, 245, 235,
       223, 44, 87, 190, 82, 120, 233, 124, 120, 93, 56, 47, 213, 53,
       247, 111, 153, 172, 24, 5, 240, 29, 156, 73, 16, 242, 51, 189, 88,
       87, 32, 250, 63, 180, 109, 174, 63, 189, 189, 121, 245, 254, 212,
       241, 125, 123, 189, 85, 242, 252, 67, 243, 245, 114, 209, 119, 85,
       170, 224, 155, 90, 93, 117, 235, 207, 44, 87, 190, 219, 120, 233,
       117, 120, 92, 58, 175, 212, 117, 247, 111, 153, 172, 24, 5, 240,
       29, 156, 73, 16, 242, 51, 189, 90, 87, 40, 250, 54, 52, 125, 150,
       55, 157, 27, 105, 246, 102, 151, 52, 125, 46, 180, 86, 246, 214,
       66, 97, 209, 50, 193, 103, 220, 144, 228, 93, 82, 152, 245, 105,
       215, 36, 85, 190, 82, 120, 233, 124, 112, 92, 60, 47, 212, 20,
       245, 111, 153, 172, 24, 5, 240, 29, 156, 73, 16, 242, 51, 189, 88,
       87, 32, 250, 58, 48, 121, 150, 63, 133, 95, 25, 215, 106, 145,
       176, 189, 74, 180, 87, 254, 214, 64, 115, 195, 50, 195, 111, 204,
       146, 226, 127, 82, 121, 245, 107, 215, 44, 150, 190, 210, 120,
       225, 119, 112, 74, 117, 43, 215, 20, 213, 79, 153, 174, 24, 5,
       224, 24, 156, 73, 24, 178, 51, 185, 88, 87, 32, 250, 255, 178,
       119, 199, 255, 181, 155, 248, 254, 255, 208, 123, 237, 91, 145,
       85, 242, 215, 95, 99, 233, 39, 139, 124, 140, 186, 249, 63, 222,
       89, 245, 127, 119, 37, 28, 191, 86, 121, 169, 247, 81, 76, 75, 30,
       193, 4, 216, 93, 153, 173, 24, 5, 240, 188, 156, 73, 16, 242, 51,
       157, 216, 87, 32, 253, 28, 59, 183, 117, 34, 227, 248, 255, 216,
       184, 215, 181, 117, 208, 155, 210, 62, 136, 227, 219, 247, 47,
       199, 223, 141, 26, 246, 222, 64, 231, 167, 254, 79, 58, 101, 188,
       223, 58, 248, 117, 248, 124, 177, 110, 239, 165, 179, 111, 187,
       174, 9, 195, 240, 29, 28, 73, 71, 243, 215, 251, 120, 39, 225,
       254, 245, 254, 247, 73, 248, 255, 163, 253, 255, 117, 206, 127,
       239, 127, 223, 236, 243, 245, 219, 110, 253, 71, 190, 244, 255,
       232, 12, 63, 255, 31, 91, 191, 253, 109, 69, 223, 214, 179, 253,
       254, 223, 93, 74, 150, 89, 234, 248, 165, 173, 61, 207, 41, 241,
       191, 143, 79, 120, 252, 99, 172, 218, 199, 62, 221, 250, 241, 217,
       158, 119, 195, 95, 15, 214, 163, 149, 248, 63, 138, 182, 94, 127,
       215, 60, 213, 11, 147, 227, 45, 172, 215, 251, 63, 83, 57, 212,
       40, 133, 173, 180, 223, 202, 125, 35, 119, 48, 203, 229, 105, 159,
       28, 181, 60, 215, 166, 82, 133, 40, 176, 244, 251, 208, 178, 56,
       91, 61, 93, 48, 255, 50, 144, 152, 142, 47, 136, 94, 13, 86, 35,
       21, 248, 188, 2, 38, 80, 127, 147, 32, 145, 129, 51, 195, 70, 160,
       211, 240, 111, 18, 185, 213, 106, 151, 172, 21, 150, 106, 73, 234,
       119, 96, 217, 101, 105, 149, 20, 181, 111, 147, 174, 24, 5, 180,
       1, 252, 105, 16, 51, 178, 185, 56, 83, 32, 202, 147, 212, 24, 22,
       175, 192, 94, 12, 66, 33, 21, 232, 172, 99, 6, 16, 125, 131, 36,
       147, 203, 33, 227, 110, 192, 215, 241, 127, 51, 59, 195, 103, 151,
       172, 17, 54, 107, 8, 234, 115, 96, 216, 41, 105, 213, 16, 245,
       111, 145, 238, 25, 7, 244, 8, 216, 73, 26, 179, 182, 177, 56, 115,
       164, 78, 127, 253, 237, 186, 87, 127, 95, 78, 231, 70, 221, 184,
       61, 174, 190, 223, 235, 213, 57, 108, 7, 209, 225, 55, 109, 221,
       185, 61, 115, 90, 126, 41, 212, 100, 149, 219, 66, 116, 253, 116,
       54, 219, 60, 45, 87, 156, 117, 238, 159, 172, 22, 4, 234, 29, 150,
       77, 152, 246, 41, 189, 89, 95, 50, 243, 146, 130, 26, 119, 168,
       208, 216, 129, 26, 187, 11, 71, 144, 68, 65, 48, 45, 139, 164,
       147, 196, 44, 67, 90, 129, 87, 243, 250, 64, 231, 167, 118, 87,
       184, 73, 36, 127, 136, 234, 99, 96, 28, 97, 105, 245, 85, 183,
       107, 185, 202, 24, 71, 244, 5, 88, 73, 23, 211, 151, 181, 48, 115,
       224, 110, 13, 142, 158, 120, 40, 249, 160, 119, 49, 186, 194, 5,
       196, 117, 41, 1, 205, 168, 225, 226, 244, 100, 90, 219, 209, 126,
       176, 214, 104, 70, 163, 194, 223, 16, 67, 32, 25, 170, 248, 104,
       124, 28, 58, 167, 245, 241, 247, 111, 185, 200, 40, 71, 240, 93,
       88, 73, 23, 211, 23, 165, 82, 115, 65, 234, 46, 228, 109, 168, 55,
       191, 149, 123, 181, 254, 252, 244, 125, 62, 253, 110, 195, 244,
       99, 105, 245, 118, 216, 119, 125, 172, 133, 7, 122, 219, 61, 235,
       199, 36, 215, 186, 210, 120, 233, 124, 114, 95, 124, 47, 212, 22,
       117, 111, 155, 172, 24, 13, 242, 29, 156, 93, 16, 242, 59, 188,
       91, 223, 42, 250, 13, 34, 231, 97, 8, 245, 161, 246, 240, 156,
       198, 21, 64, 117, 153, 0, 10, 104, 195, 106, 245, 108, 78, 215,
       24, 56, 20, 128, 108, 196, 33, 214, 127, 82, 97, 32, 29, 186, 89,
       44, 125, 53, 154, 166, 101, 225, 3, 235, 58, 120, 173, 123, 242,
       28, 24, 84, 39, 194, 79, 197, 226, 163, 101, 86, 236, 169, 239,
       248, 55, 127, 125, 255, 157, 254, 254, 250, 123, 250, 254, 238,
       139, 93, 243, 107, 247, 255, 230, 55, 125, 239, 151, 183, 121,
       221, 63, 235, 207, 6, 215, 234, 214, 122, 249, 117, 248, 253, 247,
       111, 213, 55, 247, 107, 191, 172, 155, 141, 211, 29, 221, 92, 80,
       242, 115, 251, 91, 223, 173, 254, 197, 103, 81, 18, 209, 136, 14,
       73, 138, 3, 41, 58, 144, 194, 196, 98, 226, 213, 39, 100, 73, 166,
       128, 116, 78, 222, 181, 41, 210, 10, 50, 56, 210, 36, 85, 186, 66,
       120, 201, 244, 112, 92, 56, 47, 212, 20, 244, 45, 137, 172, 16, 5,
       240, 29, 140, 73, 16, 242, 49, 189, 88, 86, 32, 184, 126, 62, 251,
       187, 255, 247, 175, 223, 255, 254, 218, 62, 253, 206, 187, 127,
       251, 215, 123, 246, 249, 151, 223, 125, 222, 204, 248, 175, 210,
       93, 255, 235, 199, 45, 215, 191, 219, 124, 237, 118, 120, 93, 118,
       46, 85, 157, 247, 253, 156, 172, 24, 5, 242, 61, 156, 89, 16, 242,
       51, 189, 90, 87, 56, 242, 126, 54, 245, 166, 223, 239, 47, 125,
       231, 126, 218, 119, 253, 110, 182, 84, 255, 247, 67, 240, 241, 55,
       211, 255, 220, 236, 252, 255, 90, 220, 255, 239, 207, 44, 71, 190,
       222, 120, 233, 124, 124, 93, 117, 175, 213, 53, 247, 111, 185,
       172, 152, 9, 242, 29, 156, 89, 8, 242, 51, 185, 90, 87, 40, 250,
       57, 190, 255, 223, 254, 245, 251, 253, 255, 254, 70, 189, 237,
       123, 249, 245, 254, 247, 219, 42, 253, 121, 95, 255, 233, 42, 230,
       246, 125, 89, 253, 255, 255, 194, 223, 53, 247, 251, 249, 119,
       252, 93, 203, 158, 119, 167, 211, 123, 190, 253, 30, 111, 246,
       189, 159, 93, 182, 254, 255, 143, 251, 207, 111, 247, 204, 42,
       247, 245, 122, 251, 243, 254, 220, 189, 198, 247, 211, 250, 251,
       234, 235, 221, 251, 111, 237, 141, 238, 187, 47, 235, 62, 167, 92,
       79, 50, 239, 119, 39, 117, 251, 87, 255, 253, 244, 217, 117, 250,
       62, 203, 135, 123, 243, 157, 172, 126, 181, 241, 63, 159, 72, 212,
       252, 35, 255, 77, 15, 33, 254, 221, 248, 223, 255, 255, 251, 243,
       254, 252, 189, 212, 251, 255, 251, 182, 217, 250, 245, 123, 127,
       237, 215, 239, 253, 175, 251, 253, 191, 255, 79, 119, 239, 223,
       109, 149, 255, 87, 121, 253, 127, 254, 223, 123, 31, 209, 189,
       243, 111, 159, 188, 159, 133, 240, 189, 158, 77, 120, 246, 59,
       159, 217, 223, 38, 255, 55, 250, 253, 94, 63, 93, 85, 238, 255,
       180, 191, 185, 125, 255, 223, 254, 251, 246, 98, 59, 215, 250,
       237, 54, 253, 231, 245, 59, 127, 219, 223, 111, 151, 238, 103,
       254, 222, 58, 251, 126, 246, 223, 233, 247, 148, 242, 245, 111,
       179, 173, 207, 9, 176, 29, 159, 93, 56, 242, 250, 127, 251, 213,
