%YAML:1.0
descriptors: !!opencv-matrix
   rows: 46
   cols: 64
   dt: u
   data: [ 45, 54, 117, 164, 62, 191, 39, 121, 228, 124, 194, 49, 237,
       127, 185, 69, 242, 253, 67, 96, 241, 34, 209, 246, 76, 184, 164,
       143, 82, 28, 113, 235, 223, 44, 87, 190, 83, 120, 233, 116, 124,
       92, 24, 175, 212, 117, 247, 79, 153, 172, 24, 5, 240, 29, 156, 73,
       16, 242, 51, 189, 88, 87, 32, 250, 63, 247, 125, 254, 63, 189,
       221, 57, 247, 254, 255, 240, 253, 127, 252, 87, 247, 246, 99, 251,
       245, 118, 209, 119, 221, 191, 229, 251, 126, 255, 253, 235, 199,
       44, 215, 190, 218, 120, 249, 125, 124, 95, 121, 175, 212, 117,
       245, 111, 155, 174, 24, 15, 242, 29, 157, 93, 16, 242, 115, 189,
       122, 215, 40, 250, 61, 50, 117, 164, 61, 179, 187, 120, 244, 60,
       214, 115, 237, 121, 144, 81, 242, 221, 67, 97, 225, 39, 193, 118,
       204, 186, 228, 159, 90, 4, 113, 235, 215, 36, 84, 190, 83, 120,
       169, 116, 88, 92, 56, 15, 209, 21, 243, 79, 153, 172, 24, 5, 240,
       29, 156, 73, 16, 242, 51, 189, 88, 87, 32, 250, 58, 181, 253, 254,
       63, 189, 93, 59, 247, 255, 213, 249, 255, 126, 180, 95, 254, 246,
       99, 243, 247, 126, 211, 127, 245, 186, 230, 255, 122, 253, 253,
       235, 207, 44, 134, 190, 223, 121, 249, 125, 120, 223, 247, 111,
       212, 117, 183, 111, 187, 174, 152, 79, 240, 29, 220, 81, 56, 243,
       247, 191, 251, 223, 168, 254, 62, 253, 254, 255, 62, 253, 253, 55,
       255, 253, 223, 249, 255, 126, 125, 222, 253, 187, 251, 251, 247,
       127, 219, 255, 249, 127, 247, 254, 109, 247, 255, 239, 207, 250,
       235, 52, 255, 217, 248, 127, 125, 157, 247, 239, 247, 245, 247,
       111, 191, 250, 137, 207, 246, 13, 250, 93, 63, 215, 255, 255, 243,
       251, 237, 222, 77, 38, 229, 52, 217, 162, 39, 122, 164, 124, 194,
       55, 193, 79, 130, 69, 226, 221, 131, 98, 225, 39, 138, 115, 78,
       250, 176, 135, 216, 12, 33, 207, 87, 36, 84, 186, 80, 120, 97,
       116, 92, 84, 26, 142, 197, 1, 197, 79, 152, 172, 24, 5, 240, 28,
       156, 73, 16, 242, 51, 189, 72, 87, 32, 248, 61, 255, 125, 212, 55,
       191, 253, 123, 255, 84, 255, 112, 253, 127, 252, 84, 242, 245,
       103, 114, 247, 126, 145, 247, 255, 254, 231, 221, 126, 222, 252,
       233, 222, 110, 87, 190, 218, 122, 249, 125, 252, 221, 189, 47,
       212, 55, 245, 111, 153, 174, 152, 79, 242, 29, 159, 89, 56, 242,
       115, 191, 122, 223, 169, 250, 187, 222, 124, 111, 255, 253, 223,
       24, 255, 127, 188, 235, 175, 127, 124, 93, 255, 247, 254, 187,
       253, 119, 155, 125, 241, 119, 245, 127, 127, 123, 223, 247, 159,
       236, 203, 116, 255, 153, 250, 123, 127, 223, 235, 253, 213, 241,
       255, 119, 191, 223, 153, 43, 252, 165, 218, 255, 63, 247, 246,
       191, 243, 251, 252, 222, 179, 214, 124, 111, 255, 184, 223, 9,
       255, 123, 189, 234, 174, 123, 100, 93, 255, 183, 60, 187, 253,
       118, 155, 124, 241, 247, 241, 127, 126, 123, 199, 119, 159, 252,
       223, 20, 255, 153, 250, 123, 109, 223, 107, 237, 245, 81, 255, 63,
       182, 223, 152, 47, 252, 165, 250, 255, 62, 247, 246, 191, 178,
       251, 252, 94, 172, 239, 255, 253, 50, 127, 245, 255, 253, 220,
       238, 253, 95, 255, 255, 238, 171, 220, 251, 107, 119, 253, 246,
       179, 127, 255, 23, 179, 109, 207, 62, 255, 255, 66, 117, 250, 215,
       255, 251, 60, 127, 61, 255, 119, 255, 183, 119, 238, 189, 172,
       239, 253, 210, 31, 157, 76, 61, 252, 107, 239, 91, 127, 171, 250,
       45, 190, 231, 161, 223, 255, 163, 252, 252, 253, 198, 119, 237,
       63, 187, 229, 234, 253, 227, 98, 245, 39, 218, 244, 77, 232, 60,
       167, 126, 95, 115, 239, 223, 36, 87, 186, 83, 122, 233, 116, 248,
       92, 58, 175, 213, 115, 247, 111, 185, 172, 24, 5, 240, 29, 156,
       73, 16, 242, 51, 189, 90, 87, 32, 250, 76, 50, 199, 181, 221, 227,
       167, 252, 212, 56, 192, 51, 225, 87, 147, 65, 235, 221, 3, 98,
       205, 161, 206, 126, 78, 203, 176, 175, 210, 12, 51, 238, 215, 36,
       85, 186, 82, 112, 233, 116, 120, 92, 24, 14, 213, 21, 209, 79,
       153, 172, 24, 5, 240, 29, 156, 73, 16, 242, 51, 189, 88, 87, 32,
       250, 9, 158, 20, 97, 173, 248, 160, 112, 120, 185, 194, 69, 228,
       21, 73, 161, 70, 239, 129, 152, 244, 100, 11, 249, 225, 60, 65,
       246, 124, 71, 225, 215, 159, 192, 217, 32, 117, 138, 248, 33, 237,
       20, 106, 166, 101, 227, 246, 99, 184, 219, 41, 107, 244, 133, 203,
       77, 39, 195, 150, 167, 194, 251, 229, 94, 94, 48, 146, 183, 223,
       162, 234, 140, 90, 187, 210, 63, 162, 194, 131, 81, 116, 155, 185,
       214, 205, 173, 207, 89, 134, 202, 250, 239, 210, 109, 163, 230,
       111, 163, 29, 179, 127, 125, 101, 116, 192, 68, 214, 72, 203, 29,
       139, 215, 221, 238, 24, 69, 245, 252, 92, 227, 86, 191, 183, 179,
       28, 51, 176, 103, 44, 175, 247, 253, 122, 239, 225, 127, 189, 220,
       198, 85, 87, 124, 187, 236, 251, 253, 235, 110, 244, 45, 222, 243,
       127, 234, 4, 132, 124, 196, 126, 239, 223, 35, 119, 184, 85, 250,
       237, 124, 249, 93, 122, 38, 77, 167, 247, 239, 189, 172, 153, 29,
       242, 29, 156, 73, 52, 250, 59, 173, 90, 79, 33, 250, 12, 42, 227,
       161, 184, 245, 168, 244, 24, 190, 194, 117, 81, 0, 155, 224, 202,
       220, 203, 106, 193, 1, 206, 216, 13, 136, 62, 131, 68, 15, 51,
       222, 117, 132, 93, 187, 84, 246, 237, 22, 208, 68, 64, 30, 66,
       134, 81, 241, 153, 44, 28, 5, 240, 29, 156, 73, 144, 224, 35, 172,
       76, 23, 32, 246, 124, 233, 255, 253, 50, 255, 127, 109, 221, 231,
       253, 188, 85, 166, 253, 254, 187, 220, 123, 111, 63, 249, 230, 51,
       221, 223, 183, 189, 67, 239, 126, 185, 210, 4, 53, 251, 210, 121,
       249, 125, 58, 253, 245, 111, 247, 28, 117, 62, 159, 172, 247, 71,
       250, 29, 180, 92, 208, 254, 123, 249, 89, 94, 43, 242, 250, 121,
       147, 118, 102, 35, 88, 179, 82, 187, 209, 211, 254, 192, 20, 90,
       118, 195, 126, 223, 135, 173, 65, 223, 143, 90, 247, 222, 66, 117,
       244, 254, 75, 63, 44, 191, 223, 124, 242, 247, 89, 106, 241, 110,
       235, 61, 139, 127, 205, 230, 24, 199, 232, 62, 28, 201, 71, 243,
       83, 219, 125, 117, 147, 175, 178, 208, 26, 87, 174, 193, 222, 177,
       90, 187, 125, 223, 190, 70, 81, 184, 127, 211, 52, 147, 207, 42,
       167, 78, 169, 95, 247, 122, 215, 59, 247, 126, 247, 188, 92, 87,
       223, 89, 234, 247, 83, 92, 225, 126, 243, 20, 153, 63, 139, 207,
       17, 71, 252, 15, 156, 201, 67, 243, 48, 123, 116, 127, 32, 190,
       254, 249, 251, 223, 255, 223, 223, 141, 255, 229, 189, 254, 191,
       254, 254, 254, 255, 215, 60, 127, 143, 191, 231, 111, 239, 215,
       251, 127, 87, 187, 215, 47, 215, 173, 53, 223, 194, 125, 255, 119,
       114, 223, 237, 127, 159, 28, 253, 63, 221, 172, 26, 5, 248, 63,
       180, 239, 80, 246, 56, 63, 93, 93, 50, 255, 44, 47, 247, 252, 48,
       111, 97, 119, 241, 252, 198, 21, 81, 245, 187, 238, 235, 220, 227,
       106, 247, 45, 212, 179, 95, 42, 134, 132, 104, 196, 56, 201, 207,
       2, 117, 186, 21, 250, 217, 124, 252, 61, 184, 166, 108, 165, 231,
       238, 153, 172, 41, 93, 242, 29, 156, 73, 20, 226, 115, 173, 90,
       71, 33, 250, 60, 175, 255, 253, 50, 255, 249, 255, 253, 252, 214,
       181, 95, 253, 251, 238, 251, 221, 235, 107, 247, 127, 214, 247,
       93, 123, 182, 151, 125, 215, 126, 235, 207, 102, 119, 186, 215,
       122, 249, 124, 252, 125, 251, 174, 245, 167, 247, 111, 191, 172,
       157, 205, 242, 29, 156, 93, 52, 246, 123, 255, 91, 95, 41, 250,
       213, 186, 147, 117, 248, 98, 250, 198, 24, 185, 224, 79, 194, 193,
       131, 185, 110, 207, 189, 67, 205, 173, 110, 90, 198, 203, 243,
       227, 213, 39, 163, 118, 119, 179, 124, 113, 53, 181, 237, 246,
       201, 108, 234, 222, 235, 17, 155, 241, 233, 204, 92, 241, 212,
       254, 156, 225, 215, 216, 183, 175, 220, 119, 145, 189, 197, 62,
       146, 117, 232, 162, 170, 208, 56, 185, 2, 75, 130, 195, 130, 1,
       110, 171, 189, 7, 237, 173, 75, 216, 194, 126, 251, 230, 136, 7,
       163, 87, 95, 147, 113, 49, 53, 141, 236, 102, 109, 52, 42, 183,
