%YAML:1.0
descriptors: !!opencv-matrix
   rows: 45
   cols: 64
   dt: u
   data: [ 45, 254, 253, 236, 63, 255, 181, 91, 181, 220, 140, 233, 221,
       127, 188, 77, 251, 253, 227, 107, 245, 119, 82, 247, 85, 255, 165,
       183, 124, 222, 117, 227, 207, 108, 87, 190, 211, 120, 233, 124,
       124, 93, 58, 175, 213, 117, 247, 111, 185, 172, 152, 13, 242, 29,
       156, 73, 48, 242, 51, 189, 90, 215, 40, 250, 63, 246, 125, 254,
       63, 189, 159, 121, 255, 254, 213, 248, 253, 123, 252, 95, 255,
       247, 99, 251, 245, 118, 209, 119, 221, 255, 245, 127, 126, 254,
       245, 235, 215, 44, 215, 190, 218, 120, 249, 125, 124, 95, 57, 175,
       213, 117, 245, 111, 153, 174, 24, 13, 240, 29, 158, 89, 16, 242,
       51, 189, 122, 215, 40, 250, 92, 33, 255, 252, 58, 167, 125, 127,
       21, 254, 209, 177, 83, 234, 177, 78, 234, 220, 227, 99, 247, 45,
       194, 187, 93, 170, 162, 143, 80, 205, 53, 239, 215, 38, 52, 186,
       86, 124, 225, 116, 112, 110, 249, 47, 243, 21, 195, 111, 153, 172,
       24, 5, 240, 29, 156, 73, 16, 242, 51, 189, 88, 87, 33, 251, 63,
       54, 117, 247, 255, 165, 251, 120, 254, 125, 211, 119, 237, 75,
       176, 85, 242, 247, 7, 98, 253, 42, 155, 126, 204, 170, 230, 63,
       94, 57, 117, 239, 119, 236, 92, 190, 210, 120, 249, 247, 93, 76,
       91, 142, 192, 1, 217, 95, 136, 180, 24, 5, 224, 156, 158, 73, 16,
       242, 51, 159, 218, 7, 32, 252, 124, 50, 117, 167, 254, 253, 171,
       252, 252, 125, 210, 55, 253, 127, 251, 245, 242, 213, 75, 96, 253,
       35, 143, 124, 76, 232, 172, 191, 254, 77, 123, 255, 117, 37, 85,
       190, 86, 115, 169, 116, 253, 84, 90, 30, 197, 167, 200, 85, 153,
       173, 28, 5, 240, 29, 159, 73, 16, 242, 51, 188, 88, 7, 32, 248,
       28, 41, 239, 248, 34, 127, 112, 119, 81, 254, 214, 149, 93, 180,
       189, 202, 137, 88, 227, 235, 245, 124, 68, 147, 221, 43, 134, 148,
       105, 197, 61, 234, 223, 2, 101, 168, 95, 122, 241, 120, 120, 61,
       253, 39, 214, 181, 103, 111, 187, 168, 169, 199, 242, 29, 24, 92,
       15, 226, 91, 249, 91, 114, 107, 254, 54, 248, 93, 207, 183, 217,
       221, 76, 255, 199, 61, 248, 61, 62, 252, 252, 251, 214, 60, 41,
       135, 120, 165, 45, 109, 213, 35, 59, 55, 43, 93, 63, 176, 228, 61,
       219, 66, 119, 251, 247, 179, 219, 237, 121, 190, 158, 252, 62,
       197, 181, 118, 165, 40, 145, 167, 111, 152, 118, 40, 108, 93, 76,
       50, 181, 179, 246, 125, 239, 191, 156, 223, 8, 255, 127, 61, 250,
       189, 59, 244, 85, 246, 247, 4, 185, 205, 114, 147, 124, 237, 215,
       241, 123, 127, 123, 247, 127, 215, 236, 222, 158, 250, 121, 249,
       247, 115, 222, 107, 45, 209, 20, 252, 63, 153, 189, 24, 5, 236,
       149, 158, 109, 16, 242, 50, 189, 216, 223, 32, 191, 236, 233, 239,
       217, 112, 223, 255, 255, 205, 231, 235, 190, 211, 166, 251, 238,
       139, 85, 251, 111, 31, 157, 238, 155, 95, 247, 159, 39, 65, 143,
       62, 155, 231, 7, 117, 251, 16, 255, 255, 62, 48, 125, 245, 54, 63,
       190, 125, 178, 159, 172, 62, 245, 211, 127, 149, 94, 208, 236,
       105, 109, 93, 85, 49, 246, 9, 202, 28, 193, 232, 253, 166, 80, 61,
       255, 46, 207, 156, 125, 121, 165, 205, 251, 237, 107, 244, 117,
       90, 248, 121, 127, 53, 118, 124, 195, 51, 247, 215, 208, 91, 32,
       81, 202, 232, 106, 116, 28, 104, 39, 245, 22, 247, 107, 153, 201,
       24, 5, 244, 13, 156, 73, 19, 210, 51, 173, 210, 87, 0, 254, 127,
       60, 253, 183, 255, 191, 255, 120, 255, 247, 215, 250, 253, 127,
       186, 87, 255, 255, 99, 115, 253, 119, 211, 119, 221, 254, 245,
       255, 122, 93, 245, 235, 223, 44, 87, 190, 211, 120, 249, 125, 120,
       93, 124, 47, 213, 53, 247, 111, 153, 172, 24, 5, 240, 29, 156, 73,
       56, 242, 51, 189, 88, 215, 32, 250, 255, 253, 255, 255, 119, 127,
       255, 251, 255, 255, 253, 251, 255, 255, 254, 255, 255, 255, 127,
       255, 63, 239, 247, 126, 255, 255, 247, 255, 223, 63, 246, 187,
       242, 45, 118, 255, 219, 125, 249, 245, 122, 94, 185, 255, 223,
       127, 255, 63, 157, 173, 26, 5, 248, 63, 157, 77, 16, 246, 113,
       191, 127, 87, 42, 187, 235, 212, 204, 171, 223, 52, 31, 136, 253,
       127, 56, 234, 175, 235, 38, 93, 194, 247, 61, 240, 232, 215, 187,
       124, 102, 199, 251, 59, 219, 113, 121, 111, 245, 236, 158, 115,
       123, 117, 37, 242, 102, 206, 110, 25, 208, 87, 212, 209, 221, 172,
       26, 4, 108, 165, 221, 249, 152, 180, 179, 156, 220, 214, 58, 185,
       235, 237, 238, 250, 55, 127, 125, 63, 253, 246, 253, 184, 123,
       186, 124, 207, 139, 125, 127, 255, 191, 247, 241, 55, 93, 255,
       151, 183, 123, 215, 54, 235, 211, 46, 215, 250, 219, 124, 241,
       127, 122, 255, 124, 45, 215, 61, 119, 107, 159, 173, 158, 13, 217,
       29, 222, 28, 56, 246, 123, 255, 219, 211, 106, 251, 252, 233, 255,
       253, 114, 127, 251, 247, 221, 213, 255, 158, 95, 244, 255, 238,
       187, 221, 127, 111, 62, 221, 230, 179, 255, 111, 191, 252, 237,
       214, 126, 185, 242, 55, 101, 251, 222, 127, 221, 253, 186, 255,
       245, 126, 255, 190, 239, 190, 223, 173, 231, 255, 219, 127, 149,
       94, 209, 252, 121, 251, 125, 126, 27, 251, 220, 41, 255, 221, 48,
       103, 249, 255, 157, 229, 239, 191, 83, 228, 219, 234, 235, 221,
       123, 111, 62, 173, 230, 179, 79, 239, 183, 173, 81, 14, 50, 187,
       243, 39, 117, 251, 18, 127, 245, 116, 242, 124, 185, 62, 255, 30,
       65, 238, 157, 172, 126, 149, 241, 31, 148, 72, 208, 250, 49, 251,
       93, 86, 33, 250, 127, 48, 249, 247, 255, 181, 219, 104, 222, 255,
       211, 126, 255, 78, 176, 86, 246, 215, 3, 99, 205, 39, 195, 127,
       205, 218, 246, 111, 82, 61, 245, 111, 215, 44, 84, 190, 82, 121,
       233, 118, 80, 92, 57, 46, 209, 20, 241, 127, 153, 172, 24, 5, 240,
       29, 156, 73, 16, 242, 51, 189, 88, 87, 32, 250, 255, 217, 254,
       255, 55, 127, 249, 254, 191, 255, 253, 255, 63, 251, 254, 254,
       255, 254, 127, 127, 63, 223, 229, 63, 111, 239, 247, 123, 255,
       255, 254, 255, 251, 111, 52, 255, 215, 119, 249, 253, 218, 223,
       251, 126, 250, 183, 211, 254, 207, 175, 94, 149, 248, 63, 151, 93,
       240, 246, 121, 255, 255, 222, 163, 191, 68, 201, 154, 221, 32,
       194, 254, 231, 26, 235, 5, 153, 146, 194, 205, 138, 43, 209, 176,
       111, 143, 45, 231, 3, 109, 95, 179, 45, 81, 47, 182, 51, 210, 55,
       117, 251, 18, 125, 250, 117, 112, 126, 185, 111, 191, 28, 253,
       126, 153, 172, 58, 117, 248, 29, 188, 72, 17, 251, 59, 255, 88,
       119, 161, 250, 44, 168, 237, 173, 42, 221, 247, 101, 253, 244, 94,
       221, 221, 62, 255, 238, 155, 185, 243, 107, 245, 119, 218, 245,
       125, 253, 149, 183, 109, 223, 31, 239, 135, 248, 67, 186, 255,
       219, 249, 62, 120, 29, 117, 39, 245, 180, 247, 107, 191, 236, 137,
       15, 246, 29, 152, 92, 62, 226, 123, 253, 251, 223, 104, 222, 163,
       222, 195, 103, 189, 232, 241, 216, 216, 217, 166, 251, 162, 91,
       196, 141, 235, 213, 61, 75, 198, 46, 170, 127, 111, 223, 19, 39,
       86, 11, 35, 127, 151, 231, 124, 154, 114, 249, 251, 183, 209, 124,
       170, 127, 201, 0, 253, 243, 137, 181, 92, 5, 252, 167, 159, 105,
       16, 242, 178, 175, 88, 87, 165, 254, 78, 245, 232, 252, 55, 179,
       126, 83, 113, 235, 129, 170, 242, 194, 164, 91, 152, 57, 122, 223,
       191, 125, 83, 219, 197, 87, 243, 255, 80, 125, 229, 227, 207, 154,
       159, 175, 203, 124, 250, 115, 120, 234, 247, 105, 183, 93, 183,
       127, 30, 234, 56, 71, 227, 253, 124, 214, 23, 191, 215, 151, 187,
       251, 249, 34, 254, 233, 238, 253, 103, 223, 223, 167, 63, 255,
       253, 254, 223, 252, 126, 254, 153, 185, 122, 255, 191, 255, 247,
       127, 127, 119, 247, 127, 109, 255, 254, 227, 143, 219, 231, 111,
       254, 253, 250, 123, 120, 189, 229, 125, 191, 125, 247, 59, 255,
       202, 191, 251, 255, 245, 248, 254, 123, 223, 255, 255, 251, 249,
       217, 222, 61, 238, 247, 237, 248, 253, 167, 244, 121, 253, 206,
       223, 221, 125, 251, 236, 235, 221, 235, 106, 253, 109, 206, 249,
       109, 127, 53, 182, 125, 71, 51, 255, 215, 227, 93, 48, 117, 251,
