%YAML:1.0
descriptors: !!opencv-matrix
   rows: 112
   cols: 64
   dt: u
   data: [ 63, 52, 125, 190, 63, 157, 29, 79, 247, 110, 251, 176, 125,
       110, 188, 86, 247, 246, 67, 242, 245, 114, 209, 127, 221, 175,
       231, 91, 90, 253, 253, 235, 215, 44, 87, 190, 218, 120, 241, 124,
       116, 95, 124, 47, 214, 20, 245, 111, 153, 172, 24, 5, 226, 29,
       157, 89, 24, 242, 51, 189, 91, 215, 40, 242, 191, 254, 125, 239,
       255, 252, 223, 152, 255, 127, 253, 251, 175, 123, 236, 125, 247,
       247, 60, 251, 253, 119, 155, 124, 229, 255, 249, 127, 254, 123,
       247, 255, 215, 236, 223, 215, 255, 249, 249, 247, 119, 92, 107,
       189, 213, 19, 253, 55, 156, 255, 24, 13, 252, 165, 222, 109, 48,
       246, 182, 191, 250, 223, 60, 254, 63, 245, 125, 190, 55, 181, 93,
       77, 247, 238, 241, 176, 125, 107, 180, 87, 246, 246, 67, 243, 243,
       114, 209, 118, 220, 171, 231, 91, 123, 188, 245, 233, 215, 44, 22,
       190, 218, 120, 241, 125, 126, 74, 56, 173, 214, 81, 213, 111, 153,
       172, 24, 1, 240, 29, 156, 93, 24, 242, 115, 157, 120, 214, 42,
       251, 62, 179, 253, 254, 63, 253, 253, 127, 247, 254, 223, 181,
       125, 126, 189, 87, 255, 254, 99, 242, 245, 114, 209, 247, 221,
       191, 229, 219, 90, 254, 253, 235, 207, 60, 215, 190, 223, 120,
       233, 125, 120, 93, 119, 47, 244, 117, 247, 111, 187, 174, 152, 15,
       242, 29, 220, 89, 16, 243, 55, 189, 122, 215, 40, 250, 62, 49,
       249, 246, 62, 189, 217, 127, 214, 254, 215, 244, 125, 94, 184, 87,
       254, 214, 67, 123, 247, 58, 209, 127, 157, 138, 230, 219, 82, 253,
       245, 234, 199, 44, 215, 190, 218, 122, 233, 117, 216, 93, 245, 46,
       210, 101, 161, 111, 155, 172, 24, 7, 242, 29, 156, 89, 16, 242,
       115, 191, 123, 31, 40, 250, 62, 177, 125, 246, 63, 61, 249, 127,
       214, 186, 215, 245, 125, 86, 185, 118, 246, 214, 67, 123, 229,
       122, 193, 127, 173, 138, 230, 219, 94, 253, 245, 238, 215, 172,
       151, 190, 255, 122, 249, 117, 216, 221, 247, 110, 214, 135, 243,
       111, 187, 174, 154, 7, 248, 29, 157, 89, 16, 242, 123, 255, 123,
       31, 34, 254, 62, 182, 125, 246, 63, 253, 249, 127, 214, 254, 215,
       245, 125, 126, 180, 116, 251, 246, 67, 115, 245, 58, 209, 127,
       157, 170, 230, 155, 94, 249, 245, 238, 207, 172, 71, 190, 255,
       120, 249, 127, 120, 93, 247, 47, 212, 117, 183, 111, 185, 174,
       152, 15, 242, 29, 156, 81, 16, 242, 247, 191, 251, 95, 40, 254,
       124, 173, 255, 253, 50, 255, 249, 247, 253, 252, 222, 221, 95,
       244, 255, 238, 153, 221, 251, 107, 247, 125, 246, 187, 253, 111,
       150, 246, 109, 215, 126, 239, 239, 83, 231, 237, 255, 255, 250,
       61, 126, 61, 247, 118, 255, 183, 119, 235, 191, 232, 239, 255,
       243, 125, 24, 92, 239, 207, 95, 235, 251, 251, 207, 254, 61, 53,
       245, 246, 51, 39, 117, 123, 247, 212, 221, 177, 127, 254, 180, 86,
       243, 212, 99, 103, 117, 46, 209, 247, 220, 174, 228, 153, 122,
       220, 116, 233, 222, 36, 116, 190, 214, 120, 209, 252, 88, 93, 189,
       47, 196, 53, 229, 110, 153, 164, 153, 13, 240, 28, 156, 73, 48,
       242, 115, 189, 90, 86, 32, 250, 124, 173, 255, 253, 50, 127, 253,
       247, 253, 252, 238, 189, 95, 245, 191, 238, 155, 220, 251, 111,
       247, 253, 118, 179, 255, 107, 150, 214, 109, 213, 126, 239, 255,
       83, 103, 232, 183, 255, 251, 61, 126, 61, 255, 118, 255, 183, 119,
       234, 255, 232, 239, 255, 211, 125, 184, 92, 255, 207, 127, 239,
       251, 255, 207, 254, 59, 221, 254, 255, 63, 253, 221, 57, 255, 255,
       253, 249, 191, 126, 124, 221, 255, 179, 250, 187, 247, 127, 219,
       255, 241, 119, 243, 254, 127, 243, 255, 231, 159, 250, 203, 52,
       255, 217, 250, 123, 125, 255, 239, 109, 245, 245, 247, 111, 191,
       250, 139, 79, 254, 165, 250, 221, 63, 247, 254, 255, 179, 251,
       237, 222, 116, 49, 245, 150, 16, 7, 125, 127, 214, 196, 213, 49,
       117, 230, 147, 70, 250, 212, 67, 103, 211, 45, 193, 167, 220, 170,
       166, 13, 66, 140, 112, 105, 215, 38, 20, 186, 18, 120, 65, 124,
       80, 72, 149, 46, 212, 52, 193, 78, 153, 172, 25, 5, 240, 24, 156,
       73, 24, 242, 51, 185, 88, 86, 32, 250, 59, 254, 254, 127, 63, 253,
       255, 49, 255, 255, 253, 249, 255, 125, 125, 223, 253, 187, 251,
       251, 245, 127, 91, 255, 241, 127, 247, 254, 109, 247, 255, 246,
       223, 248, 235, 36, 255, 217, 248, 123, 125, 159, 255, 255, 247,
       245, 247, 111, 191, 219, 143, 79, 254, 173, 218, 221, 127, 215,
       255, 255, 243, 251, 237, 222, 58, 251, 254, 127, 63, 249, 252, 55,
       127, 187, 255, 253, 254, 118, 124, 251, 253, 187, 251, 251, 247,
       127, 91, 255, 241, 127, 247, 254, 109, 247, 255, 230, 223, 250,
       235, 36, 255, 219, 250, 123, 123, 189, 255, 109, 247, 247, 183,
       111, 191, 218, 175, 207, 246, 133, 250, 93, 55, 215, 255, 247,
       243, 251, 205, 206, 59, 223, 254, 253, 47, 255, 253, 54, 63, 253,
       255, 207, 190, 124, 127, 255, 253, 251, 250, 187, 246, 127, 219,
       255, 249, 127, 247, 254, 125, 247, 255, 231, 223, 250, 251, 100,
       255, 219, 250, 123, 255, 191, 239, 127, 247, 247, 247, 111, 191,
       219, 143, 207, 254, 173, 219, 93, 55, 215, 255, 255, 243, 251,
       207, 222, 109, 175, 255, 253, 56, 255, 253, 247, 189, 253, 238,
       249, 87, 255, 191, 207, 139, 253, 251, 107, 247, 127, 246, 251,
       127, 111, 151, 183, 125, 205, 54, 239, 223, 83, 119, 170, 215,
       252, 249, 125, 120, 61, 251, 231, 255, 53, 247, 235, 189, 172,
       185, 223, 241, 125, 156, 92, 118, 254, 119, 239, 251, 247, 173,
       254, 124, 33, 243, 148, 18, 71, 211, 127, 214, 196, 134, 53, 113,
       198, 187, 70, 250, 213, 67, 70, 215, 45, 198, 135, 29, 234, 180,
       13, 66, 204, 48, 105, 207, 38, 69, 186, 18, 120, 201, 124, 112,
       93, 52, 46, 213, 52, 161, 110, 153, 172, 24, 5, 240, 29, 156, 65,
       16, 242, 51, 185, 88, 87, 32, 250, 247, 252, 251, 239, 255, 254,
       223, 137, 255, 255, 185, 250, 175, 79, 246, 125, 247, 247, 62,
       115, 207, 79, 155, 124, 239, 223, 251, 127, 215, 59, 247, 127,
       215, 237, 223, 223, 250, 253, 255, 247, 99, 92, 105, 249, 221, 28,
       252, 53, 205, 255, 16, 5, 252, 183, 156, 235, 80, 254, 176, 63,
       220, 93, 48, 190, 247, 253, 255, 215, 255, 159, 223, 88, 238, 103,
       149, 250, 191, 255, 182, 93, 255, 247, 62, 119, 223, 103, 211,
       117, 207, 247, 253, 127, 114, 27, 247, 43, 215, 45, 87, 159, 210,
       121, 237, 127, 112, 92, 56, 47, 213, 28, 245, 47, 157, 172, 24, 5,
       240, 61, 156, 75, 16, 246, 51, 189, 88, 87, 32, 250, 252, 255,
       255, 253, 118, 127, 255, 255, 253, 253, 222, 255, 255, 255, 219,
       238, 251, 221, 255, 111, 127, 223, 230, 183, 255, 255, 191, 183,
       127, 223, 126, 191, 255, 111, 117, 255, 214, 127, 253, 125, 121,
       125, 251, 126, 255, 175, 127, 254, 255, 189, 255, 255, 249, 255,
       156, 92, 244, 252, 127, 255, 255, 223, 189, 254, 124, 191, 255,
       221, 114, 223, 211, 255, 255, 212, 223, 255, 223, 127, 159, 238,
       251, 213, 123, 111, 215, 45, 198, 243, 77, 239, 180, 63, 115, 14,
       82, 107, 215, 39, 85, 186, 82, 120, 249, 116, 112, 93, 184, 47,
       213, 20, 245, 111, 153, 172, 25, 5, 240, 29, 156, 73, 16, 242, 51,
       189, 88, 87, 32, 250, 242, 248, 255, 223, 255, 221, 223, 137, 255,
       247, 61, 250, 191, 126, 254, 93, 255, 247, 124, 187, 207, 127,
       219, 109, 239, 215, 255, 127, 254, 251, 215, 127, 215, 237, 223,
       223, 218, 121, 251, 119, 113, 93, 233, 125, 149, 28, 253, 63, 157,
       190, 152, 7, 252, 181, 156, 251, 80, 246, 242, 63, 249, 221, 56,
       254, 187, 254, 218, 239, 255, 220, 223, 136, 255, 255, 31, 255,
       191, 126, 125, 125, 255, 247, 60, 179, 237, 119, 219, 125, 245,
       214, 249, 127, 126, 123, 215, 127, 151, 237, 223, 183, 250, 89,
       251, 127, 113, 93, 107, 109, 213, 84, 253, 63, 157, 254, 24, 13,
       244, 165, 220, 251, 48, 246, 182, 189, 250, 223, 60, 254, 207,
       156, 198, 119, 221, 162, 231, 218, 188, 57, 196, 251, 170, 203,
