%YAML:1.0
descriptors: !!opencv-matrix
   rows: 109
   cols: 64
   dt: u
   data: [ 253, 255, 255, 255, 126, 127, 255, 255, 253, 253, 254, 255,
       255, 254, 255, 253, 251, 245, 123, 107, 245, 127, 215, 247, 255,
       255, 247, 191, 127, 223, 127, 255, 223, 108, 87, 254, 214, 123,
       249, 125, 250, 93, 255, 63, 213, 183, 247, 111, 189, 172, 157, 13,
       242, 29, 157, 77, 48, 246, 123, 191, 219, 223, 44, 250, 63, 186,
       253, 246, 63, 253, 221, 126, 127, 252, 214, 245, 253, 127, 185,
       213, 255, 246, 97, 251, 229, 100, 195, 123, 205, 187, 224, 123,
       126, 93, 245, 239, 215, 36, 85, 186, 94, 122, 233, 117, 112, 92,
       58, 47, 212, 21, 245, 111, 153, 172, 24, 5, 240, 29, 157, 73, 16,
       242, 51, 189, 88, 87, 32, 250, 61, 182, 117, 166, 191, 173, 183,
       121, 255, 125, 222, 119, 253, 127, 252, 117, 247, 255, 199, 97,
       245, 110, 147, 247, 253, 254, 228, 255, 126, 223, 253, 239, 223,
       100, 87, 190, 215, 122, 249, 124, 93, 221, 26, 167, 213, 49, 247,
       111, 185, 164, 153, 13, 240, 29, 158, 77, 60, 242, 119, 189, 218,
       87, 44, 250, 47, 182, 116, 166, 63, 165, 191, 81, 245, 126, 42,
       97, 189, 47, 176, 85, 243, 255, 99, 96, 241, 103, 83, 127, 84,
       253, 165, 191, 90, 220, 253, 231, 199, 44, 71, 190, 211, 120, 233,
       124, 124, 92, 56, 175, 213, 113, 247, 111, 185, 172, 24, 9, 242,
       29, 156, 73, 24, 242, 51, 189, 250, 87, 40, 250, 125, 188, 253,
       103, 255, 255, 243, 120, 252, 61, 214, 251, 255, 123, 222, 212,
       250, 255, 251, 123, 253, 127, 203, 253, 173, 127, 253, 255, 126,
       95, 247, 239, 223, 109, 85, 254, 223, 251, 249, 127, 253, 221,
       251, 63, 213, 163, 255, 111, 191, 254, 139, 143, 248, 189, 159,
       69, 124, 246, 255, 251, 251, 159, 36, 222, 62, 190, 125, 170, 63,
       253, 181, 125, 255, 126, 222, 117, 253, 126, 249, 244, 255, 190,
       195, 242, 245, 114, 219, 247, 253, 252, 116, 255, 110, 223, 255,
       235, 207, 108, 71, 190, 255, 122, 233, 124, 120, 93, 114, 175,
       213, 231, 247, 111, 187, 172, 153, 13, 242, 29, 220, 89, 54, 242,
       127, 189, 218, 223, 104, 250, 126, 59, 243, 247, 58, 231, 253,
       239, 223, 251, 219, 247, 247, 230, 251, 222, 251, 159, 227, 107,
       247, 61, 214, 223, 223, 223, 246, 255, 74, 251, 255, 254, 71, 174,
       111, 191, 255, 254, 249, 127, 120, 93, 245, 110, 255, 21, 181,
       127, 255, 174, 152, 199, 242, 29, 156, 89, 68, 242, 215, 251, 251,
       95, 169, 254, 111, 166, 238, 187, 127, 183, 143, 197, 245, 254,
       160, 184, 253, 43, 179, 71, 203, 245, 99, 227, 241, 115, 223, 127,
       92, 233, 189, 47, 91, 156, 113, 227, 231, 44, 7, 186, 210, 120,
       97, 124, 120, 78, 56, 175, 213, 112, 209, 111, 153, 172, 24, 5,
       240, 29, 156, 81, 16, 242, 51, 157, 90, 215, 40, 250, 255, 188,
       255, 55, 255, 231, 255, 253, 223, 253, 222, 255, 239, 78, 147,
       255, 255, 255, 123, 83, 253, 47, 255, 253, 221, 255, 255, 255, 91,
       127, 239, 255, 207, 173, 247, 191, 255, 185, 233, 127, 120, 92,
       115, 175, 213, 113, 191, 127, 188, 190, 152, 11, 240, 189, 156,
       81, 116, 182, 247, 187, 186, 215, 44, 254, 157, 254, 222, 119,
       253, 185, 251, 248, 184, 189, 214, 251, 174, 91, 192, 93, 226,
       223, 191, 123, 229, 111, 202, 127, 175, 250, 243, 255, 126, 75,
       227, 127, 223, 225, 220, 182, 119, 251, 249, 245, 217, 94, 251,
       31, 249, 131, 219, 111, 184, 191, 29, 5, 252, 189, 159, 73, 22,
       246, 183, 159, 218, 87, 164, 255, 254, 186, 239, 235, 255, 255,
       251, 253, 220, 251, 210, 253, 255, 86, 251, 253, 251, 213, 123,
       123, 245, 119, 239, 255, 175, 255, 127, 191, 95, 223, 119, 254,
       223, 237, 223, 191, 95, 127, 253, 119, 249, 93, 243, 62, 215, 167,
       247, 127, 191, 189, 158, 133, 242, 189, 159, 89, 212, 246, 183,
       191, 223, 95, 32, 254, 109, 14, 231, 241, 216, 231, 163, 127, 180,
       124, 194, 21, 209, 220, 187, 101, 203, 125, 235, 98, 244, 47, 222,
       123, 78, 232, 140, 134, 88, 68, 57, 207, 215, 39, 85, 186, 80,
       242, 109, 116, 124, 116, 90, 38, 77, 133, 229, 235, 152, 44, 24,
       5, 243, 29, 156, 73, 16, 226, 51, 189, 74, 71, 32, 250, 255, 191,
       247, 246, 119, 162, 127, 122, 246, 255, 241, 241, 239, 203, 132,
       95, 255, 215, 63, 103, 231, 47, 227, 127, 207, 223, 243, 127, 82,
       12, 240, 107, 215, 39, 116, 191, 82, 124, 241, 117, 112, 94, 187,
       47, 219, 20, 245, 111, 153, 172, 24, 5, 240, 29, 156, 73, 16, 242,
       51, 191, 88, 87, 32, 250, 51, 20, 249, 158, 31, 200, 27, 29, 246,
       106, 145, 188, 173, 78, 36, 87, 254, 214, 0, 113, 200, 35, 195,
       111, 204, 146, 242, 63, 82, 57, 245, 105, 215, 44, 149, 190, 74,
       120, 233, 117, 112, 200, 61, 41, 215, 20, 245, 111, 153, 174, 24,
       5, 224, 29, 156, 73, 24, 178, 51, 185, 24, 87, 32, 250, 205, 46,
       231, 48, 93, 34, 39, 122, 160, 175, 192, 51, 203, 139, 130, 75,
       226, 221, 63, 101, 168, 135, 202, 121, 78, 218, 184, 15, 82, 8,
       48, 79, 83, 39, 52, 187, 82, 124, 37, 214, 80, 66, 56, 15, 203,
       24, 65, 209, 25, 44, 24, 20, 97, 60, 156, 73, 80, 252, 51, 157,
       92, 86, 48, 251, 58, 184, 253, 175, 255, 233, 219, 44, 255, 113,
       223, 255, 189, 126, 174, 252, 255, 151, 48, 115, 197, 117, 203,
       124, 237, 207, 240, 63, 127, 123, 255, 239, 151, 228, 85, 222,
       118, 251, 249, 119, 115, 221, 111, 43, 213, 23, 253, 111, 157,
       190, 27, 5, 244, 149, 156, 105, 24, 246, 191, 185, 217, 95, 38,
       222, 243, 112, 92, 7, 255, 163, 159, 120, 214, 63, 208, 123, 173,
       74, 128, 85, 118, 247, 23, 113, 233, 38, 137, 124, 140, 254, 251,
       47, 210, 11, 241, 127, 83, 45, 156, 191, 82, 121, 33, 117, 112,
       74, 58, 15, 211, 16, 216, 93, 136, 172, 24, 5, 232, 184, 156, 65,
       16, 178, 51, 157, 92, 87, 32, 178, 37, 166, 245, 138, 217, 204, 7,
       77, 238, 68, 142, 53, 189, 63, 191, 69, 235, 245, 3, 96, 209, 3,
       154, 117, 94, 252, 28, 45, 182, 10, 27, 13, 149, 100, 85, 154, 64,
       112, 45, 92, 53, 84, 24, 167, 69, 128, 252, 69, 145, 36, 24, 12,
       176, 28, 158, 73, 56, 226, 34, 188, 88, 71, 32, 250, 117, 183,
       253, 218, 255, 159, 151, 124, 246, 84, 158, 53, 253, 127, 185, 85,
       251, 245, 67, 118, 213, 103, 211, 247, 204, 238, 228, 61, 122, 28,
       209, 105, 223, 44, 87, 190, 82, 120, 233, 124, 112, 93, 56, 47,
       213, 52, 245, 111, 153, 172, 24, 5, 240, 29, 156, 73, 16, 242, 51,
       189, 88, 87, 32, 250, 50, 144, 8, 138, 135, 152, 23, 12, 230, 66,
       21, 168, 189, 14, 38, 85, 255, 182, 0, 208, 192, 51, 195, 100,
       100, 209, 248, 45, 18, 56, 209, 41, 149, 44, 151, 158, 66, 72, 41,
       112, 32, 219, 60, 41, 213, 20, 245, 111, 145, 172, 24, 4, 160, 17,
       220, 73, 16, 178, 58, 189, 24, 87, 32, 250, 5, 38, 101, 136, 24,
       197, 165, 116, 161, 228, 138, 20, 65, 53, 153, 226, 139, 76, 131,
       96, 144, 0, 206, 177, 77, 253, 20, 1, 32, 14, 51, 79, 213, 6, 85,
       186, 16, 248, 109, 30, 52, 52, 56, 167, 68, 144, 116, 227, 25, 44,
       56, 36, 209, 29, 140, 8, 0, 224, 3, 173, 72, 71, 32, 250, 37, 174,
       247, 139, 217, 207, 135, 205, 239, 85, 142, 125, 253, 127, 255,
       236, 251, 245, 107, 100, 245, 7, 159, 117, 95, 253, 29, 47, 191,
       154, 91, 143, 133, 109, 71, 158, 208, 50, 237, 124, 125, 85, 56,
       167, 93, 122, 252, 229, 157, 172, 153, 8, 242, 29, 140, 75, 56,
       252, 98, 173, 218, 79, 44, 250, 18, 144, 152, 142, 47, 216, 222,
       13, 86, 128, 21, 232, 52, 82, 46, 80, 125, 146, 32, 147, 197, 49,
       195, 70, 161, 211, 240, 111, 19, 169, 215, 98, 151, 44, 81, 150,
       90, 72, 234, 115, 112, 93, 37, 41, 149, 20, 181, 111, 147, 174,
       25, 5, 180, 1, 216, 73, 16, 243, 50, 189, 24, 83, 32, 202, 222,
       41, 203, 253, 54, 99, 248, 231, 208, 186, 213, 181, 123, 192, 147,
       218, 56, 137, 123, 223, 15, 173, 231, 159, 175, 75, 246, 157, 67,
       229, 180, 234, 127, 63, 36, 255, 95, 127, 211, 117, 216, 234, 177,
       126, 235, 189, 3, 254, 223, 174, 127, 215, 121, 126, 52, 76, 197,
