%YAML:1.0
descriptors: !!opencv-matrix
   rows: 117
   cols: 64
   dt: u
   data: [ 45, 183, 124, 254, 63, 253, 61, 83, 247, 126, 139, 225, 125,
       127, 188, 85, 255, 254, 227, 225, 245, 114, 81, 247, 213, 127,
       245, 251, 122, 254, 253, 225, 207, 124, 199, 190, 243, 120, 249,
       125, 124, 93, 122, 175, 245, 113, 247, 111, 185, 174, 152, 15,
       242, 29, 158, 93, 62, 243, 119, 189, 250, 215, 40, 250, 61, 182,
       117, 244, 184, 237, 37, 121, 245, 124, 206, 117, 221, 127, 180,
       100, 243, 252, 199, 98, 245, 46, 152, 247, 220, 254, 164, 159,
       124, 222, 121, 239, 223, 102, 119, 190, 213, 250, 249, 124, 93,
       92, 24, 167, 196, 49, 255, 111, 137, 164, 24, 13, 240, 28, 158,
       73, 56, 242, 115, 189, 218, 71, 32, 250, 29, 246, 223, 127, 189,
       177, 241, 122, 240, 61, 212, 255, 238, 123, 132, 73, 234, 237,
       167, 115, 245, 110, 203, 255, 234, 58, 117, 183, 124, 15, 97, 111,
       223, 106, 21, 182, 87, 185, 249, 125, 125, 220, 187, 135, 217, 49,
       255, 107, 185, 252, 25, 5, 240, 28, 158, 77, 62, 242, 183, 159,
       250, 87, 167, 223, 61, 185, 255, 117, 190, 249, 249, 126, 216,
       189, 215, 253, 255, 122, 190, 216, 251, 223, 243, 107, 231, 125,
       203, 255, 175, 123, 246, 255, 110, 109, 247, 239, 223, 238, 109,
       190, 255, 253, 249, 127, 249, 221, 255, 111, 253, 53, 255, 111,
       191, 238, 25, 199, 240, 29, 156, 77, 126, 243, 255, 251, 251, 191,
       161, 254, 47, 182, 109, 175, 63, 181, 159, 77, 247, 254, 161, 184,
       125, 42, 185, 87, 242, 244, 3, 98, 241, 115, 215, 125, 92, 169,
       164, 63, 91, 253, 117, 251, 245, 36, 95, 186, 210, 120, 161, 124,
       114, 78, 124, 46, 214, 84, 209, 79, 153, 172, 24, 5, 242, 29, 157,
       73, 16, 242, 51, 188, 90, 215, 40, 243, 62, 250, 125, 231, 255,
       189, 187, 121, 254, 127, 222, 255, 237, 30, 252, 117, 242, 215,
       95, 121, 245, 119, 219, 124, 173, 252, 253, 191, 126, 127, 247,
       238, 215, 236, 223, 191, 255, 251, 233, 119, 249, 221, 115, 47,
       213, 231, 246, 127, 190, 191, 152, 5, 242, 189, 159, 89, 20, 246,
       183, 189, 251, 95, 44, 254, 110, 34, 237, 177, 94, 187, 163, 124,
       220, 187, 210, 117, 233, 2, 153, 67, 202, 213, 91, 115, 237, 53,
       203, 125, 13, 218, 168, 167, 82, 77, 49, 239, 87, 164, 213, 187,
       94, 120, 237, 118, 240, 84, 122, 47, 209, 5, 113, 107, 155, 172,
       24, 5, 241, 61, 156, 73, 80, 242, 51, 189, 72, 23, 32, 254, 41, 6,
       109, 168, 7, 127, 39, 93, 229, 102, 202, 4, 121, 61, 61, 135, 203,
       124, 67, 96, 240, 114, 216, 52, 92, 169, 12, 128, 114, 148, 57,
       201, 85, 4, 215, 186, 66, 112, 5, 8, 60, 84, 24, 175, 84, 225,
       100, 72, 25, 44, 28, 4, 224, 29, 134, 24, 24, 224, 43, 188, 72,
       214, 40, 242, 63, 52, 125, 168, 63, 189, 31, 89, 247, 126, 252,
       50, 253, 47, 188, 87, 243, 244, 67, 112, 241, 114, 209, 118, 204,
       188, 229, 41, 82, 30, 113, 233, 215, 44, 87, 190, 82, 120, 233,
       116, 120, 92, 56, 47, 212, 20, 245, 111, 153, 172, 24, 5, 240, 29,
       156, 73, 16, 242, 51, 189, 88, 87, 32, 250, 63, 178, 109, 254, 63,
       189, 217, 56, 119, 254, 214, 245, 253, 126, 61, 85, 244, 254, 65,
       251, 245, 112, 211, 115, 205, 170, 224, 223, 126, 93, 245, 235,
       215, 44, 87, 186, 255, 120, 249, 117, 112, 93, 123, 47, 212, 21,
       247, 111, 153, 172, 24, 5, 242, 29, 156, 73, 16, 242, 51, 189, 91,
       95, 32, 250, 63, 52, 125, 142, 63, 149, 157, 127, 246, 94, 212,
       53, 125, 62, 185, 84, 250, 212, 67, 96, 241, 34, 209, 119, 220,
       168, 228, 9, 90, 220, 113, 233, 215, 44, 85, 190, 82, 120, 169,
       124, 112, 92, 24, 47, 212, 52, 245, 111, 153, 172, 24, 5, 240, 29,
       156, 73, 16, 242, 51, 189, 88, 87, 32, 250, 56, 177, 253, 142, 55,
       221, 153, 127, 214, 212, 151, 117, 125, 26, 185, 85, 254, 214, 66,
       114, 212, 48, 193, 247, 173, 168, 224, 9, 82, 88, 117, 105, 223,
       36, 85, 190, 90, 122, 201, 116, 240, 93, 56, 14, 208, 52, 241,
       111, 153, 172, 24, 5, 240, 29, 156, 73, 16, 242, 51, 189, 88, 87,
       32, 251, 50, 17, 117, 150, 35, 15, 21, 79, 231, 68, 31, 0, 61,
       124, 52, 86, 255, 246, 66, 33, 212, 34, 209, 103, 220, 183, 229,
       76, 50, 152, 208, 105, 214, 36, 83, 190, 82, 120, 203, 124, 112,
       93, 48, 47, 148, 20, 245, 110, 145, 172, 152, 13, 240, 25, 156,
       73, 48, 114, 51, 189, 88, 87, 32, 250, 243, 25, 223, 151, 247, 71,
       95, 174, 254, 197, 21, 222, 191, 239, 54, 94, 255, 215, 48, 103,
       78, 167, 195, 102, 219, 211, 252, 45, 210, 152, 210, 41, 215, 45,
       85, 191, 82, 120, 235, 124, 112, 92, 56, 47, 213, 28, 245, 111,
       153, 172, 24, 5, 240, 29, 156, 75, 16, 242, 51, 189, 88, 87, 32,
       250, 50, 145, 153, 158, 38, 71, 93, 47, 214, 198, 21, 148, 61,
       230, 54, 90, 255, 214, 32, 39, 6, 53, 193, 103, 189, 211, 246, 13,
       67, 184, 86, 105, 215, 36, 21, 190, 74, 120, 203, 116, 112, 217,
       53, 43, 149, 20, 245, 110, 145, 172, 24, 5, 176, 25, 156, 73, 16,
       242, 59, 185, 89, 87, 34, 250, 242, 221, 154, 151, 235, 70, 223,
       143, 78, 225, 53, 218, 191, 250, 54, 94, 255, 151, 60, 103, 14,
       143, 231, 39, 223, 223, 249, 47, 211, 171, 210, 43, 151, 37, 85,
       255, 82, 121, 239, 126, 112, 88, 56, 43, 221, 28, 253, 45, 221,
       172, 24, 5, 240, 31, 156, 203, 80, 254, 49, 61, 88, 85, 48, 250,
       253, 254, 255, 253, 126, 255, 255, 255, 253, 255, 254, 255, 255,
       255, 255, 255, 251, 253, 251, 107, 245, 119, 254, 255, 237, 239,
       255, 191, 127, 95, 127, 255, 247, 108, 215, 255, 214, 251, 249,
       247, 254, 95, 123, 62, 213, 183, 247, 111, 189, 173, 30, 13, 240,
       61, 159, 93, 48, 246, 123, 191, 219, 223, 46, 254, 87, 49, 81,
       134, 81, 130, 3, 74, 194, 64, 5, 113, 49, 66, 160, 80, 98, 215, 0,
       36, 64, 33, 128, 99, 12, 130, 168, 13, 18, 8, 16, 41, 214, 37, 20,
       154, 2, 120, 3, 212, 81, 80, 24, 11, 193, 28, 193, 78, 145, 164,
       24, 4, 112, 24, 156, 75, 16, 114, 50, 188, 88, 87, 32, 249, 108,
       6, 231, 137, 72, 247, 163, 253, 189, 252, 198, 21, 81, 61, 187,
       230, 203, 92, 195, 96, 248, 83, 222, 177, 93, 104, 140, 132, 120,
       212, 59, 203, 237, 0, 87, 170, 84, 114, 141, 124, 124, 21, 24,
       166, 85, 165, 99, 105, 153, 44, 153, 13, 243, 29, 156, 72, 0, 226,
       43, 188, 74, 71, 40, 242, 213, 57, 211, 247, 113, 162, 125, 74,
       18, 201, 193, 251, 167, 203, 134, 90, 98, 213, 189, 111, 15, 173,
       226, 115, 14, 218, 178, 47, 82, 40, 32, 45, 215, 39, 52, 187, 18,
       125, 215, 245, 81, 106, 185, 107, 235, 28, 217, 255, 201, 164,
       120, 245, 241, 62, 188, 75, 80, 254, 51, 223, 88, 69, 177, 251,
       45, 38, 97, 176, 157, 164, 47, 88, 132, 110, 195, 48, 65, 73, 144,
       71, 194, 124, 3, 96, 234, 162, 136, 58, 12, 168, 166, 9, 210, 12,
       49, 201, 115, 38, 20, 186, 0, 112, 1, 214, 132, 66, 24, 138, 66,
       0, 192, 91, 24, 36, 16, 0, 98, 24, 133, 1, 128, 34, 35, 152, 76,
       6, 32, 177, 77, 34, 183, 33, 216, 162, 162, 252, 8, 59, 194, 23,
       192, 133, 139, 1, 234, 205, 139, 100, 232, 129, 142, 152, 14, 200,
       56, 166, 208, 4, 33, 206, 125, 33, 93, 187, 17, 246, 37, 116, 216,
       68, 26, 14, 65, 5, 202, 209, 152, 44, 24, 36, 241, 125, 141, 73,
       128, 248, 3, 188, 76, 70, 32, 240, 60, 173, 253, 254, 58, 221,
       253, 111, 255, 212, 223, 245, 125, 126, 253, 212, 251, 154, 99,
       98, 245, 118, 211, 247, 253, 255, 244, 217, 110, 255, 255, 235,
       207, 124, 71, 190, 223, 122, 249, 124, 120, 93, 245, 39, 244, 181,
       247, 111, 187, 174, 137, 15, 242, 29, 156, 89, 56, 243, 123, 189,
       123, 223, 40, 250, 47, 214, 124, 42, 191, 180, 191, 88, 167, 127,
       169, 232, 173, 43, 180, 85, 247, 255, 39, 241, 241, 98, 91, 124,
       84, 253, 237, 127, 122, 61, 241, 231, 213, 236, 214, 190, 211,
       120, 161, 255, 110, 78, 58, 173, 212, 81, 214, 79, 152, 172, 24,
       5, 240, 29, 157, 73, 24, 242, 51, 188, 218, 215, 40, 250, 45, 54,
       109, 160, 55, 189, 187, 121, 189, 222, 194, 53, 253, 63, 249, 197,
