%YAML:1.0
descriptors: !!opencv-matrix
   rows: 57
   cols: 64
   dt: u
   data: [ 126, 53, 253, 190, 55, 135, 31, 47, 231, 198, 253, 176, 61,
       106, 180, 86, 255, 215, 99, 247, 241, 39, 209, 119, 220, 255, 229,
       93, 82, 152, 244, 233, 215, 44, 85, 190, 218, 120, 225, 124, 112,
       94, 61, 47, 213, 20, 245, 111, 153, 172, 24, 5, 240, 29, 156, 73,
       16, 242, 51, 189, 88, 87, 32, 250, 60, 190, 247, 253, 58, 125,
       245, 255, 253, 252, 222, 189, 93, 126, 251, 236, 251, 220, 227,
       106, 245, 123, 214, 247, 221, 239, 244, 251, 125, 223, 127, 239,
       207, 100, 71, 190, 215, 114, 249, 124, 125, 93, 251, 167, 213,
       183, 247, 111, 185, 172, 157, 13, 242, 29, 156, 73, 52, 242, 123,
       189, 219, 79, 40, 254, 126, 49, 249, 182, 118, 167, 123, 110, 214,
       254, 215, 55, 253, 238, 178, 86, 250, 215, 3, 103, 237, 165, 195,
       55, 140, 202, 246, 205, 82, 12, 244, 169, 211, 36, 85, 190, 82,
       120, 193, 116, 80, 92, 57, 47, 209, 20, 229, 111, 153, 172, 24, 5,
       240, 29, 156, 73, 16, 242, 51, 189, 88, 86, 32, 250, 61, 190, 253,
       252, 63, 253, 253, 125, 125, 255, 254, 251, 253, 125, 254, 253,
       247, 220, 99, 99, 245, 116, 195, 243, 205, 175, 225, 251, 122, 87,
       247, 235, 223, 36, 85, 186, 87, 120, 233, 244, 122, 93, 58, 47,
       212, 23, 247, 111, 153, 172, 24, 5, 240, 29, 156, 73, 16, 242, 51,
       189, 88, 87, 32, 250, 127, 53, 253, 158, 54, 207, 27, 109, 231,
       71, 149, 190, 253, 234, 182, 94, 250, 215, 98, 117, 31, 183, 211,
       119, 221, 250, 244, 61, 82, 156, 246, 41, 198, 44, 85, 190, 202,
       120, 201, 124, 112, 88, 60, 175, 213, 28, 229, 110, 153, 172, 24,
       13, 240, 29, 156, 73, 16, 242, 51, 189, 88, 87, 40, 250, 59, 255,
       124, 255, 63, 253, 223, 25, 255, 255, 255, 250, 189, 127, 124, 93,
       253, 247, 102, 251, 247, 118, 83, 127, 245, 119, 247, 255, 126,
       255, 255, 227, 207, 252, 223, 182, 251, 121, 248, 123, 124, 93,
       123, 237, 215, 241, 247, 111, 186, 255, 152, 79, 246, 133, 250,
       85, 62, 247, 247, 191, 251, 251, 236, 218, 246, 53, 251, 150, 210,
       7, 27, 239, 194, 103, 145, 54, 247, 194, 146, 82, 250, 213, 34,
       103, 11, 165, 195, 7, 142, 154, 252, 45, 210, 12, 242, 41, 210,
       36, 84, 190, 66, 120, 193, 84, 208, 72, 57, 15, 209, 28, 225, 46,
       153, 172, 24, 5, 240, 29, 156, 73, 16, 242, 49, 185, 88, 86, 32,
       251, 253, 254, 247, 253, 254, 127, 255, 255, 253, 253, 254, 255,
       255, 255, 254, 236, 251, 221, 127, 111, 127, 143, 175, 253, 79,
       255, 191, 175, 223, 15, 114, 191, 215, 39, 85, 251, 82, 117, 253,
       246, 123, 92, 56, 63, 221, 63, 255, 181, 157, 173, 92, 133, 241,
       63, 156, 73, 80, 252, 49, 189, 92, 87, 48, 250, 187, 222, 124,
       111, 255, 249, 223, 24, 255, 127, 253, 235, 175, 127, 108, 253,
       255, 247, 126, 187, 245, 118, 147, 124, 225, 247, 241, 127, 127,
       115, 231, 247, 159, 236, 219, 116, 255, 89, 248, 123, 127, 223,
       107, 253, 213, 241, 255, 127, 190, 223, 152, 15, 252, 165, 218,
       253, 62, 247, 246, 191, 243, 251, 236, 94, 47, 230, 109, 168, 127,
       255, 171, 120, 253, 126, 218, 117, 233, 61, 249, 229, 139, 253,
       91, 120, 241, 115, 152, 124, 109, 252, 9, 151, 126, 95, 57, 223,
       221, 108, 221, 187, 82, 122, 173, 54, 253, 92, 122, 47, 85, 167,
       246, 107, 152, 189, 24, 5, 241, 61, 159, 73, 16, 230, 51, 188,
       202, 95, 32, 242, 252, 248, 255, 253, 250, 119, 251, 254, 221,
       253, 254, 255, 247, 254, 251, 238, 235, 221, 127, 111, 127, 143,
       239, 61, 111, 255, 191, 175, 215, 79, 50, 191, 247, 39, 117, 251,
       83, 119, 237, 246, 123, 92, 248, 62, 223, 31, 127, 181, 141, 173,
       94, 181, 249, 127, 156, 73, 208, 252, 33, 189, 92, 87, 48, 254,
       253, 254, 247, 253, 250, 111, 255, 254, 253, 255, 250, 255, 255,
       239, 255, 252, 251, 213, 127, 103, 127, 143, 175, 60, 79, 255,
       191, 175, 219, 15, 114, 191, 243, 39, 93, 251, 82, 117, 253, 254,
       123, 92, 120, 63, 221, 30, 253, 181, 141, 173, 94, 181, 249, 255,
       132, 75, 208, 252, 33, 189, 92, 87, 48, 186, 127, 182, 237, 179,
       94, 255, 167, 121, 252, 244, 254, 247, 253, 127, 187, 101, 251,
       213, 99, 99, 245, 39, 195, 119, 77, 255, 189, 175, 82, 30, 115,
       235, 215, 36, 85, 186, 82, 120, 233, 116, 120, 92, 56, 47, 213,
       21, 247, 111, 153, 172, 24, 5, 240, 29, 156, 73, 16, 242, 51, 189,
       88, 87, 32, 250, 126, 181, 253, 186, 55, 247, 31, 121, 246, 230,
       245, 186, 253, 106, 191, 95, 251, 213, 99, 118, 253, 39, 211, 119,
       205, 255, 245, 45, 82, 30, 243, 169, 215, 44, 87, 190, 90, 120,
       233, 116, 112, 92, 56, 47, 213, 20, 245, 111, 153, 172, 24, 5,
       240, 29, 156, 73, 16, 242, 51, 189, 88, 87, 32, 250, 255, 254,
       255, 245, 255, 255, 219, 248, 254, 253, 254, 127, 239, 255, 210,
       252, 251, 213, 63, 103, 111, 143, 175, 124, 111, 223, 187, 47,
       223, 31, 114, 63, 243, 39, 92, 251, 82, 119, 253, 246, 211, 92,
       56, 62, 217, 30, 217, 181, 205, 173, 86, 165, 249, 255, 141, 107,
       208, 252, 49, 61, 92, 87, 48, 188, 237, 40, 231, 179, 219, 39, 39,
       238, 228, 111, 192, 51, 243, 234, 178, 78, 234, 213, 35, 103, 73,
       135, 227, 53, 78, 219, 189, 47, 210, 12, 50, 107, 211, 36, 84,
       186, 82, 112, 225, 116, 112, 92, 56, 15, 209, 20, 229, 77, 153,
       172, 24, 5, 240, 29, 156, 73, 16, 242, 51, 189, 88, 87, 32, 250,
       255, 254, 255, 231, 255, 255, 223, 216, 255, 255, 189, 251, 255,
       251, 246, 253, 243, 247, 62, 127, 207, 143, 187, 124, 239, 223,
       251, 127, 223, 123, 247, 63, 215, 237, 92, 223, 210, 125, 253,
       247, 83, 94, 105, 63, 217, 30, 252, 53, 205, 189, 16, 37, 248,
       183, 158, 107, 80, 252, 177, 61, 220, 93, 48, 190, 254, 113, 255,
       183, 254, 103, 255, 251, 246, 253, 245, 251, 255, 250, 178, 95,
       251, 215, 55, 103, 77, 165, 231, 54, 206, 223, 249, 111, 211, 14,
       242, 187, 211, 36, 84, 254, 82, 120, 233, 244, 112, 92, 56, 47,
       209, 20, 245, 111, 153, 172, 24, 5, 240, 29, 156, 73, 16, 242, 51,
       189, 88, 87, 32, 250, 236, 239, 231, 245, 250, 127, 247, 255, 253,
       253, 238, 255, 219, 255, 251, 238, 235, 221, 255, 111, 127, 143,
       238, 191, 95, 255, 159, 167, 223, 199, 50, 191, 247, 39, 117, 251,
       83, 127, 253, 124, 120, 124, 248, 63, 221, 63, 127, 243, 157, 172,
       94, 149, 209, 127, 156, 73, 80, 252, 99, 189, 92, 87, 49, 250, 7,
       190, 211, 101, 217, 160, 174, 72, 42, 59, 2, 123, 134, 67, 128,
       17, 98, 207, 161, 2, 205, 45, 74, 89, 198, 218, 98, 111, 22, 9,
       161, 103, 87, 163, 93, 51, 49, 188, 109, 118, 97, 68, 106, 203,
       205, 16, 253, 211, 152, 252, 24, 33, 244, 132, 156, 105, 16, 218,
       147, 173, 216, 87, 49, 126, 214, 58, 147, 117, 248, 162, 254, 206,
       18, 185, 66, 115, 134, 199, 130, 16, 111, 207, 161, 67, 205, 45,
       74, 91, 206, 218, 242, 239, 194, 41, 163, 110, 87, 179, 85, 51,
       117, 188, 233, 118, 96, 92, 171, 235, 237, 17, 255, 107, 217, 236,
       24, 67, 244, 28, 156, 73, 20, 242, 183, 191, 216, 87, 49, 254,
       124, 186, 255, 169, 254, 247, 179, 125, 220, 253, 212, 253, 255,
       58, 183, 78, 235, 213, 35, 99, 205, 7, 203, 117, 77, 219, 188, 47,
       83, 13, 51, 235, 215, 36, 85, 186, 82, 120, 233, 116, 112, 92, 56,
       47, 213, 20, 245, 111, 153, 172, 24, 5, 240, 29, 156, 73, 16, 242,
       51, 189, 88, 87, 32, 250, 126, 182, 255, 163, 255, 247, 135, 89,
       254, 255, 146, 123, 253, 30, 185, 85, 251, 213, 35, 99, 193, 39,
       195, 117, 77, 221, 189, 47, 82, 30, 51, 107, 215, 36, 85, 186, 82,
       120, 233, 116, 112, 92, 56, 47, 213, 20, 245, 111, 153, 172, 24,
       5, 240, 29, 156, 73, 16, 242, 51, 189, 88, 87, 32, 250, 254, 254,
       255, 199, 255, 157, 223, 153, 255, 255, 185, 250, 191, 122, 246,
       93, 246, 247, 126, 115, 223, 119, 187, 124, 255, 215, 255, 127,
       222, 251, 247, 127, 215, 237, 94, 223, 218, 125, 253, 247, 82, 95,
       105, 63, 209, 28, 253, 55, 157, 173, 24, 5, 250, 189, 156, 123,
