%YAML:1.0
descriptors: !!opencv-matrix
   rows: 54
   cols: 64
   dt: u
   data: [ 187, 254, 124, 239, 255, 189, 223, 24, 255, 127, 253, 251,
       175, 127, 108, 125, 247, 247, 254, 185, 245, 118, 147, 124, 245,
       255, 249, 255, 127, 127, 231, 247, 159, 236, 223, 244, 255, 89,
       248, 125, 127, 223, 123, 189, 245, 113, 254, 127, 188, 255, 152,
       15, 252, 165, 218, 125, 62, 247, 247, 191, 250, 219, 172, 222,
       236, 237, 247, 255, 250, 111, 247, 255, 253, 253, 238, 255, 243,
       254, 251, 238, 235, 221, 255, 111, 127, 143, 239, 189, 111, 255,
       63, 175, 215, 79, 58, 191, 243, 39, 117, 251, 83, 247, 253, 246,
       123, 124, 248, 62, 223, 63, 127, 177, 141, 173, 126, 181, 217,
       191, 132, 73, 208, 252, 105, 191, 221, 71, 51, 190, 254, 249, 255,
       255, 255, 255, 223, 252, 255, 253, 253, 255, 255, 255, 254, 253,
       251, 213, 127, 111, 63, 223, 175, 61, 111, 255, 63, 63, 255, 91,
       126, 191, 240, 231, 125, 223, 194, 119, 255, 247, 215, 223, 237,
       127, 223, 158, 252, 180, 205, 149, 86, 181, 201, 247, 135, 239,
       216, 252, 105, 127, 221, 76, 19, 181, 255, 254, 127, 239, 255,
       253, 223, 153, 255, 127, 191, 251, 191, 122, 238, 253, 247, 247,
       60, 123, 205, 215, 187, 124, 231, 223, 251, 127, 223, 123, 247,
       127, 215, 237, 222, 223, 250, 125, 253, 247, 115, 223, 106, 125,
       213, 30, 252, 53, 205, 191, 24, 5, 252, 183, 159, 235, 80, 246,
       176, 63, 220, 95, 48, 190, 253, 254, 255, 253, 254, 127, 247, 255,
       253, 253, 254, 255, 255, 255, 255, 238, 251, 221, 127, 111, 127,
       143, 190, 61, 127, 255, 63, 191, 255, 95, 126, 191, 243, 103, 125,
       251, 86, 247, 253, 246, 123, 93, 250, 63, 223, 191, 125, 181, 205,
       173, 94, 181, 217, 191, 143, 77, 208, 252, 97, 255, 223, 95, 50,
       190, 255, 59, 255, 179, 119, 55, 159, 250, 230, 223, 211, 114,
       255, 254, 178, 94, 254, 247, 99, 119, 125, 247, 211, 118, 222,
       254, 245, 125, 210, 222, 246, 169, 215, 44, 87, 190, 90, 120, 233,
       124, 112, 93, 60, 47, 213, 20, 245, 111, 153, 172, 24, 5, 242, 29,
       156, 73, 16, 242, 51, 189, 88, 87, 32, 250, 252, 250, 247, 253,
       254, 247, 255, 253, 253, 255, 250, 251, 255, 254, 251, 253, 251,
       213, 127, 111, 127, 143, 174, 60, 111, 255, 191, 191, 223, 95,
       126, 191, 243, 103, 125, 255, 86, 247, 253, 246, 251, 92, 250, 62,
       223, 175, 217, 181, 205, 173, 86, 181, 217, 191, 133, 107, 208,
       252, 97, 191, 220, 95, 48, 188, 255, 248, 255, 247, 254, 255, 251,
       248, 254, 255, 255, 255, 255, 255, 254, 252, 251, 213, 127, 111,
       111, 207, 175, 124, 47, 255, 191, 63, 255, 95, 119, 191, 243, 231,
       124, 255, 86, 119, 253, 254, 211, 222, 249, 62, 219, 30, 216, 181,
       205, 173, 86, 165, 249, 191, 143, 111, 208, 252, 57, 191, 220, 31,
       50, 189, 255, 254, 255, 231, 255, 255, 223, 217, 255, 255, 249,
       250, 239, 251, 246, 253, 243, 247, 63, 127, 237, 215, 187, 124,
       239, 223, 255, 63, 223, 59, 119, 63, 211, 237, 220, 223, 210, 125,
       253, 247, 83, 94, 105, 63, 219, 30, 252, 53, 205, 189, 16, 5, 248,
       191, 158, 111, 80, 254, 49, 189, 220, 95, 48, 190, 236, 235, 247,
       253, 112, 127, 247, 254, 189, 253, 238, 255, 223, 253, 251, 238,
       171, 221, 255, 111, 127, 207, 238, 187, 127, 255, 159, 183, 125,
       199, 62, 255, 223, 67, 117, 251, 85, 255, 253, 124, 125, 125, 250,
       55, 255, 191, 127, 227, 189, 173, 127, 245, 209, 127, 157, 76, 84,
       252, 115, 239, 95, 87, 33, 254, 220, 171, 255, 253, 112, 127, 248,
       247, 153, 253, 222, 221, 83, 244, 219, 234, 171, 201, 251, 111,
       255, 189, 230, 155, 255, 127, 151, 246, 109, 199, 54, 254, 215,
       19, 101, 233, 215, 255, 253, 125, 248, 61, 243, 119, 255, 183,
       119, 234, 255, 168, 239, 255, 209, 127, 156, 76, 215, 223, 123,
       239, 127, 119, 193, 254, 255, 252, 255, 239, 255, 255, 223, 153,
       255, 119, 189, 250, 255, 255, 246, 253, 251, 247, 127, 127, 63,
       223, 187, 124, 239, 255, 127, 63, 255, 123, 127, 191, 215, 239,
       159, 223, 202, 125, 255, 247, 119, 223, 238, 127, 221, 28, 253,
       181, 205, 189, 22, 173, 233, 247, 134, 239, 120, 252, 240, 63,
       223, 221, 60, 190, 60, 189, 255, 255, 62, 253, 253, 119, 127, 254,
       127, 217, 223, 122, 255, 254, 255, 222, 97, 107, 245, 117, 211,
       243, 253, 255, 179, 255, 127, 223, 247, 235, 215, 36, 87, 186,
       215, 120, 249, 125, 112, 93, 251, 47, 245, 20, 247, 111, 155, 172,
       152, 13, 240, 29, 156, 89, 16, 242, 115, 189, 91, 215, 40, 250,
       247, 254, 255, 223, 255, 158, 159, 136, 239, 119, 185, 250, 175,
       255, 246, 93, 243, 247, 60, 119, 207, 231, 155, 124, 207, 215,
       251, 63, 214, 59, 247, 111, 215, 237, 95, 159, 82, 125, 253, 119,
       116, 92, 104, 63, 213, 28, 253, 55, 157, 172, 24, 5, 240, 189,
       156, 107, 16, 246, 49, 189, 220, 87, 48, 250, 187, 222, 94, 239,
       255, 184, 223, 152, 255, 251, 253, 251, 175, 91, 108, 93, 244,
       247, 60, 187, 229, 119, 155, 124, 229, 222, 123, 127, 254, 123,
       231, 127, 159, 237, 220, 85, 255, 217, 248, 119, 115, 223, 107,
       125, 213, 23, 253, 127, 191, 223, 24, 5, 252, 165, 223, 239, 114,
       247, 246, 191, 242, 223, 188, 159, 236, 41, 255, 244, 16, 103,
       241, 255, 148, 252, 196, 247, 83, 254, 179, 78, 235, 220, 99, 103,
       117, 173, 230, 51, 77, 235, 180, 139, 83, 12, 50, 235, 215, 38,
       117, 186, 82, 120, 233, 116, 120, 92, 56, 47, 221, 20, 245, 110,
       153, 172, 24, 5, 240, 29, 156, 73, 16, 242, 51, 189, 88, 87, 32,
       250, 44, 45, 231, 178, 17, 111, 37, 127, 244, 196, 206, 245, 115,
       254, 186, 110, 235, 213, 99, 99, 245, 39, 195, 119, 77, 255, 180,
       15, 82, 14, 50, 233, 215, 36, 85, 186, 82, 120, 233, 116, 120, 92,
       56, 47, 213, 52, 245, 111, 153, 172, 24, 5, 240, 29, 156, 73, 16,
       242, 51, 189, 88, 87, 32, 250, 254, 59, 255, 183, 255, 181, 187,
       248, 254, 255, 213, 255, 255, 250, 179, 95, 250, 213, 35, 103,
       237, 39, 195, 119, 206, 222, 245, 47, 82, 14, 115, 171, 215, 36,
       85, 190, 82, 120, 233, 116, 112, 92, 56, 47, 213, 20, 245, 111,
       153, 172, 24, 5, 240, 29, 156, 73, 16, 242, 51, 189, 88, 87, 32,
       250, 236, 175, 231, 253, 112, 127, 247, 255, 189, 253, 206, 255,
       211, 253, 187, 238, 139, 221, 251, 111, 255, 173, 230, 179, 95,
       111, 158, 183, 109, 199, 54, 207, 223, 35, 117, 251, 85, 254, 253,
       124, 120, 125, 187, 55, 255, 61, 127, 235, 189, 172, 189, 253,
       209, 127, 156, 76, 84, 254, 115, 255, 91, 87, 33, 250, 126, 49,
       255, 183, 126, 167, 221, 123, 214, 229, 213, 251, 255, 202, 176,
       94, 250, 213, 39, 99, 207, 45, 195, 119, 78, 223, 181, 47, 82, 14,
       49, 123, 215, 36, 84, 186, 82, 120, 233, 116, 112, 92, 56, 47,
       213, 20, 245, 111, 153, 172, 24, 5, 240, 29, 156, 73, 16, 242, 51,
       189, 88, 87, 32, 250, 253, 54, 247, 178, 223, 103, 39, 255, 228,
       126, 250, 51, 127, 235, 179, 101, 227, 213, 35, 102, 105, 131,
       165, 54, 78, 205, 189, 43, 210, 14, 51, 251, 241, 36, 85, 186, 82,
       112, 225, 244, 114, 92, 24, 15, 212, 22, 228, 76, 153, 172, 24, 5,
       240, 29, 156, 73, 16, 242, 51, 188, 88, 86, 32, 248, 124, 62, 231,
       186, 95, 119, 167, 255, 244, 252, 250, 181, 127, 191, 187, 239,
       235, 213, 99, 99, 241, 3, 231, 55, 77, 233, 188, 175, 83, 12, 51,
       235, 213, 36, 85, 186, 82, 112, 233, 116, 120, 92, 56, 47, 213,
       21, 245, 111, 153, 172, 24, 5, 240, 29, 156, 73, 16, 242, 51, 189,
       88, 87, 32, 250, 62, 54, 121, 130, 223, 157, 135, 73, 230, 70,
       155, 54, 253, 62, 185, 85, 242, 247, 3, 112, 193, 114, 145, 116,
       204, 212, 237, 45, 82, 26, 113, 105, 215, 44, 87, 158, 90, 120,
       169, 84, 48, 93, 24, 45, 213, 20, 244, 79, 153, 172, 24, 5, 242,
       29, 156, 73, 16, 242, 51, 189, 88, 87, 32, 250, 119, 180, 253,
       143, 255, 159, 159, 8, 239, 231, 149, 250, 191, 126, 182, 93, 250,
       247, 56, 115, 207, 55, 219, 125, 237, 214, 249, 63, 82, 59, 87,
