%YAML:1.0
descriptors: !!opencv-matrix
   rows: 55
   cols: 64
   dt: u
   data: [ 60, 177, 253, 254, 55, 53, 253, 126, 247, 252, 253, 241, 125,
       126, 180, 94, 255, 254, 99, 99, 245, 54, 193, 119, 205, 175, 228,
       219, 82, 220, 245, 235, 215, 36, 87, 190, 211, 120, 233, 125, 120,
       95, 61, 47, 212, 53, 247, 111, 153, 172, 24, 5, 240, 29, 156, 73,
       16, 242, 51, 189, 88, 87, 32, 250, 62, 178, 125, 174, 63, 253,
       185, 124, 247, 254, 222, 245, 253, 127, 185, 117, 255, 222, 67,
       114, 245, 114, 195, 119, 205, 190, 228, 251, 122, 95, 245, 235,
       223, 44, 87, 190, 87, 120, 233, 116, 120, 92, 58, 47, 212, 53,
       247, 111, 153, 172, 24, 5, 240, 29, 156, 73, 16, 242, 51, 189, 90,
       87, 32, 250, 63, 181, 253, 254, 55, 189, 93, 127, 247, 246, 253,
       176, 125, 254, 180, 94, 255, 214, 98, 115, 247, 54, 193, 119, 221,
       255, 231, 123, 82, 56, 245, 233, 215, 44, 85, 190, 218, 120, 233,
       125, 112, 92, 57, 47, 212, 20, 245, 111, 153, 174, 24, 5, 240, 29,
       156, 73, 16, 242, 51, 189, 120, 87, 32, 250, 60, 178, 125, 172,
       63, 189, 189, 121, 189, 252, 222, 117, 221, 63, 185, 101, 243,
       252, 195, 98, 245, 34, 210, 119, 77, 172, 164, 187, 126, 93, 117,
       239, 215, 44, 87, 190, 87, 120, 233, 116, 120, 93, 58, 47, 212,
       53, 247, 111, 185, 172, 24, 5, 240, 29, 156, 73, 16, 242, 51, 189,
       90, 87, 32, 250, 58, 49, 255, 246, 63, 167, 217, 126, 214, 254,
       215, 245, 127, 106, 177, 86, 254, 214, 99, 99, 199, 46, 197, 119,
       173, 154, 226, 31, 82, 105, 245, 251, 215, 36, 20, 190, 86, 120,
       233, 117, 80, 92, 189, 46, 208, 20, 209, 111, 153, 172, 24, 5,
       240, 29, 156, 73, 16, 242, 51, 189, 88, 23, 32, 250, 46, 50, 229,
       180, 60, 52, 61, 119, 244, 254, 209, 177, 73, 1, 145, 71, 170,
       220, 3, 99, 225, 32, 193, 63, 76, 136, 164, 139, 82, 12, 49, 235,
       215, 36, 85, 186, 82, 120, 161, 117, 120, 76, 58, 46, 212, 20,
       195, 111, 153, 172, 24, 5, 240, 29, 156, 73, 16, 242, 51, 189, 88,
       87, 32, 250, 60, 32, 109, 184, 62, 245, 57, 127, 245, 254, 214,
       181, 125, 44, 185, 70, 250, 212, 67, 97, 241, 112, 197, 191, 93,
       168, 164, 151, 90, 221, 61, 235, 245, 36, 85, 186, 86, 122, 161,
       124, 248, 93, 125, 46, 214, 20, 193, 111, 155, 172, 24, 5, 242,
       29, 156, 89, 16, 242, 51, 188, 91, 86, 32, 250, 55, 247, 125, 138,
       63, 156, 157, 25, 230, 70, 189, 112, 173, 123, 188, 85, 247, 246,
       0, 240, 197, 98, 145, 102, 196, 151, 225, 121, 50, 26, 209, 105,
       214, 44, 87, 190, 90, 120, 233, 116, 116, 92, 56, 175, 212, 20,
       245, 79, 153, 172, 24, 5, 240, 29, 156, 73, 24, 242, 51, 189, 88,
       87, 32, 250, 12, 38, 109, 168, 25, 125, 33, 127, 37, 118, 206, 52,
       81, 60, 185, 230, 201, 92, 195, 96, 241, 80, 216, 178, 93, 168, 0,
       129, 80, 196, 57, 201, 221, 0, 87, 170, 81, 122, 9, 60, 248, 21,
       24, 39, 84, 151, 102, 105, 25, 44, 24, 4, 242, 29, 156, 24, 16,
       226, 35, 188, 72, 86, 40, 250, 188, 249, 239, 255, 63, 125, 245,
       254, 253, 253, 252, 255, 127, 254, 254, 238, 251, 220, 99, 99,
       245, 175, 231, 183, 109, 255, 181, 171, 91, 95, 119, 235, 223, 46,
       85, 250, 87, 120, 233, 116, 122, 93, 58, 47, 213, 53, 247, 111,
       153, 172, 26, 5, 240, 29, 156, 73, 16, 242, 51, 189, 88, 87, 34,
       250, 238, 41, 235, 241, 217, 162, 127, 203, 140, 227, 213, 190,
       227, 206, 131, 94, 234, 85, 59, 71, 143, 175, 202, 127, 14, 218,
       178, 47, 82, 9, 50, 111, 215, 39, 85, 187, 82, 125, 239, 118, 112,
       120, 184, 107, 221, 28, 245, 191, 217, 172, 24, 133, 241, 61, 156,
       73, 80, 250, 51, 187, 88, 87, 177, 250, 48, 178, 117, 130, 251,
       223, 131, 121, 254, 124, 26, 117, 189, 127, 248, 116, 242, 215,
       201, 32, 196, 37, 137, 125, 174, 212, 105, 47, 30, 203, 83, 111,
       87, 228, 95, 186, 86, 250, 237, 118, 117, 84, 72, 15, 69, 134,
       244, 111, 153, 173, 24, 4, 244, 29, 158, 73, 16, 114, 50, 189,
       216, 95, 32, 252, 125, 63, 245, 244, 112, 47, 115, 123, 199, 68,
       215, 119, 223, 255, 146, 86, 246, 223, 99, 103, 119, 47, 192, 247,
       223, 250, 244, 221, 112, 142, 250, 169, 222, 39, 117, 190, 195,
       120, 217, 92, 92, 93, 185, 167, 237, 33, 231, 111, 153, 164, 137,
       13, 240, 28, 156, 73, 40, 242, 115, 185, 88, 23, 37, 250, 240,
       233, 219, 223, 50, 79, 219, 239, 94, 229, 63, 221, 55, 190, 255,
       254, 235, 215, 56, 47, 134, 169, 231, 39, 77, 223, 177, 47, 83,
       11, 18, 123, 215, 37, 117, 250, 82, 122, 235, 116, 242, 92, 56,
       47, 157, 30, 245, 110, 153, 172, 94, 5, 240, 29, 148, 75, 16, 242,
       51, 189, 88, 87, 32, 250, 227, 197, 208, 151, 81, 194, 30, 13, 71,
       225, 41, 248, 178, 171, 132, 94, 235, 215, 36, 103, 142, 47, 227,
       103, 77, 215, 185, 47, 19, 42, 19, 111, 215, 37, 117, 154, 66,
       120, 235, 118, 112, 88, 40, 43, 149, 28, 245, 47, 145, 172, 24, 5,
       240, 24, 148, 75, 16, 242, 51, 189, 88, 87, 32, 250, 226, 208, 26,
       159, 127, 130, 30, 9, 78, 227, 33, 250, 162, 138, 164, 95, 107,
       215, 60, 87, 143, 167, 227, 45, 69, 215, 249, 47, 19, 42, 17, 123,
       211, 165, 84, 187, 66, 120, 227, 246, 98, 90, 40, 41, 147, 28,
       245, 47, 145, 172, 16, 5, 112, 25, 148, 75, 16, 242, 49, 189, 88,
       85, 50, 251, 68, 50, 81, 131, 217, 128, 34, 72, 66, 34, 3, 54,
       160, 3, 129, 81, 98, 69, 1, 64, 137, 160, 138, 72, 12, 136, 40, 9,
       146, 8, 33, 15, 113, 36, 84, 154, 0, 112, 5, 86, 128, 64, 24, 10,
       64, 12, 200, 21, 24, 36, 16, 36, 96, 24, 132, 73, 0, 48, 33, 156,
       72, 70, 32, 176, 126, 57, 255, 254, 54, 103, 125, 127, 215, 206,
       213, 176, 127, 238, 183, 94, 255, 255, 115, 247, 55, 191, 211,
       183, 221, 235, 246, 253, 83, 252, 246, 169, 207, 62, 7, 190, 219,
       124, 251, 125, 120, 125, 181, 111, 247, 117, 183, 110, 159, 174,
       152, 79, 242, 29, 156, 81, 25, 243, 115, 187, 123, 247, 169, 250,
       122, 48, 191, 245, 254, 179, 251, 252, 216, 187, 215, 31, 253,
       192, 19, 82, 252, 223, 91, 255, 252, 181, 199, 220, 140, 106, 254,
       254, 82, 85, 245, 186, 127, 45, 149, 255, 223, 123, 224, 117, 216,
       76, 211, 14, 211, 45, 203, 63, 159, 142, 24, 7, 240, 189, 156, 73,
       80, 247, 59, 157, 124, 23, 32, 247, 236, 238, 239, 169, 250, 127,
       163, 253, 253, 252, 222, 159, 93, 61, 251, 236, 203, 221, 251,
       104, 244, 209, 222, 176, 127, 109, 28, 182, 237, 215, 63, 223,
       253, 97, 87, 250, 87, 243, 237, 60, 126, 93, 122, 54, 85, 183,
       118, 225, 189, 172, 223, 13, 211, 31, 156, 93, 124, 228, 43, 188,
       219, 79, 42, 254, 253, 185, 255, 253, 54, 119, 249, 254, 255, 149,
       213, 251, 127, 251, 150, 218, 255, 223, 123, 111, 63, 253, 230,
       183, 175, 251, 247, 253, 121, 76, 246, 169, 223, 39, 53, 254, 223,
       125, 251, 117, 120, 255, 185, 127, 251, 61, 243, 110, 159, 172,
       143, 215, 240, 61, 156, 77, 113, 246, 123, 255, 121, 119, 165,
       251, 252, 57, 251, 245, 114, 103, 249, 239, 214, 207, 211, 246,
       83, 194, 179, 122, 251, 213, 63, 111, 15, 173, 228, 23, 143, 223,
       183, 169, 210, 174, 54, 184, 114, 39, 52, 251, 82, 125, 219, 212,
       80, 104, 181, 126, 235, 28, 209, 254, 205, 172, 82, 213, 248, 30,
       148, 73, 208, 242, 49, 251, 93, 21, 33, 186, 179, 246, 80, 163,
       223, 152, 135, 8, 238, 117, 60, 123, 173, 123, 228, 117, 227, 247,
       5, 48, 193, 98, 171, 108, 100, 213, 105, 43, 191, 11, 81, 127,
       181, 228, 92, 154, 114, 209, 45, 246, 103, 87, 104, 1, 84, 18,
       252, 1, 129, 189, 17, 4, 252, 133, 141, 105, 56, 240, 162, 172,
       216, 95, 36, 220, 197, 102, 101, 161, 217, 186, 35, 216, 40, 99,
       160, 58, 192, 139, 196, 67, 194, 69, 29, 100, 9, 129, 136, 56, 78,
       220, 25, 47, 146, 10, 35, 29, 80, 39, 84, 155, 64, 112, 37, 214,
       132, 66, 24, 159, 65, 8, 104, 145, 8, 37, 16, 36, 65, 190, 134,
       11, 16, 252, 33, 156, 76, 86, 48, 185, 77, 170, 199, 168, 88, 122,
