%YAML:1.0
descriptors: !!opencv-matrix
   rows: 62
   cols: 64
   dt: u
   data: [ 62, 177, 253, 190, 55, 183, 253, 123, 247, 252, 245, 241, 125,
       123, 180, 94, 255, 255, 99, 243, 245, 119, 209, 247, 221, 255,
       229, 255, 122, 253, 245, 235, 223, 60, 87, 190, 219, 120, 249,
       125, 120, 93, 61, 47, 245, 53, 247, 111, 153, 174, 24, 7, 240, 29,
       156, 73, 24, 243, 51, 189, 120, 87, 32, 250, 45, 246, 117, 238,
       63, 253, 191, 89, 254, 124, 142, 237, 237, 127, 252, 85, 255, 255,
       227, 115, 245, 102, 83, 247, 213, 255, 229, 255, 126, 94, 241,
       227, 223, 44, 87, 190, 211, 120, 233, 124, 124, 92, 58, 175, 213,
       113, 247, 111, 185, 172, 24, 13, 240, 29, 156, 73, 16, 242, 55,
       189, 90, 87, 32, 250, 126, 49, 249, 246, 62, 167, 93, 107, 214,
       253, 213, 177, 255, 234, 180, 94, 242, 213, 35, 99, 207, 45, 195,
       127, 205, 202, 166, 47, 82, 173, 117, 239, 215, 36, 84, 190, 82,
       120, 225, 116, 80, 92, 185, 47, 209, 20, 229, 111, 153, 172, 24,
       5, 240, 29, 156, 73, 16, 242, 51, 189, 88, 87, 32, 250, 62, 249,
       253, 254, 54, 253, 253, 127, 215, 254, 253, 184, 125, 126, 189,
       222, 255, 222, 99, 251, 247, 118, 195, 247, 253, 255, 247, 255,
       83, 255, 245, 235, 223, 44, 87, 190, 219, 120, 233, 125, 120, 221,
       117, 47, 245, 53, 247, 111, 155, 174, 152, 7, 240, 29, 156, 89,
       16, 243, 59, 189, 121, 87, 32, 250, 125, 62, 239, 241, 62, 127,
       225, 255, 253, 252, 214, 181, 127, 253, 187, 238, 251, 253, 235,
       107, 245, 127, 222, 191, 95, 234, 180, 151, 120, 221, 127, 239,
       255, 46, 71, 190, 222, 250, 249, 124, 252, 93, 122, 174, 221, 227,
       227, 235, 189, 172, 157, 9, 242, 29, 156, 93, 52, 246, 115, 189,
       219, 215, 44, 254, 123, 190, 247, 127, 252, 254, 251, 249, 250,
       253, 94, 255, 175, 127, 219, 252, 255, 215, 184, 43, 239, 47, 203,
       127, 239, 222, 255, 127, 126, 123, 247, 111, 215, 231, 93, 55,
       247, 251, 255, 119, 241, 92, 235, 255, 253, 142, 253, 51, 189,
       237, 29, 229, 244, 253, 159, 235, 84, 254, 243, 191, 250, 119,
       177, 254, 124, 58, 255, 253, 62, 247, 249, 254, 253, 190, 210,
       177, 111, 249, 187, 203, 186, 221, 251, 107, 245, 127, 206, 191,
       13, 107, 182, 183, 124, 69, 117, 239, 255, 66, 247, 187, 87, 254,
       249, 117, 252, 125, 251, 62, 255, 165, 83, 235, 190, 172, 188,
       213, 242, 61, 157, 92, 86, 254, 255, 223, 219, 215, 165, 246, 123,
       150, 212, 247, 255, 163, 255, 60, 127, 121, 210, 111, 191, 125,
       34, 85, 255, 255, 185, 242, 252, 127, 219, 127, 226, 254, 250,
       254, 126, 113, 253, 239, 223, 227, 89, 53, 247, 249, 252, 103,
       125, 93, 239, 111, 197, 5, 255, 115, 188, 222, 24, 5, 246, 237,
       156, 237, 127, 254, 247, 191, 210, 127, 181, 94, 109, 62, 231,
       120, 127, 55, 45, 254, 244, 254, 248, 177, 111, 251, 187, 79, 251,
       253, 123, 106, 241, 199, 222, 191, 14, 233, 174, 135, 219, 93,
       112, 239, 255, 47, 87, 191, 86, 52, 37, 124, 126, 78, 58, 191, 93,
       241, 195, 207, 185, 172, 28, 1, 240, 29, 157, 73, 144, 246, 51,
       157, 218, 214, 32, 241, 51, 247, 125, 150, 55, 157, 159, 24, 230,
       70, 183, 240, 189, 123, 244, 85, 246, 246, 68, 243, 213, 114, 209,
       118, 205, 182, 225, 121, 50, 26, 213, 41, 214, 44, 87, 190, 218,
       120, 233, 125, 116, 93, 56, 47, 212, 20, 245, 111, 153, 172, 24,
       5, 242, 29, 156, 73, 16, 242, 51, 189, 88, 87, 32, 250, 83, 144,
       88, 47, 253, 130, 154, 0, 82, 59, 17, 121, 172, 75, 133, 17, 118,
       215, 24, 146, 201, 35, 139, 108, 172, 128, 234, 111, 18, 41, 225,
       103, 87, 165, 28, 55, 114, 249, 39, 119, 225, 74, 75, 72, 209, 28,
       217, 23, 145, 238, 24, 5, 36, 160, 156, 235, 80, 247, 186, 157,
       216, 71, 50, 181, 50, 49, 81, 246, 190, 136, 91, 9, 198, 0, 19,
       116, 181, 66, 208, 80, 118, 214, 4, 66, 199, 40, 129, 70, 140,
       154, 231, 79, 18, 170, 245, 124, 82, 36, 92, 158, 74, 122, 195,
       215, 193, 216, 149, 75, 224, 6, 161, 79, 129, 164, 16, 7, 104, 28,
       157, 73, 16, 114, 51, 185, 88, 23, 32, 185, 237, 61, 231, 176, 87,
       47, 35, 251, 228, 109, 194, 55, 107, 206, 242, 103, 226, 253, 87,
       101, 125, 143, 176, 54, 78, 250, 190, 141, 210, 30, 122, 169, 66,
       39, 86, 187, 82, 126, 69, 244, 216, 84, 24, 142, 201, 57, 224,
       204, 137, 36, 24, 4, 224, 62, 140, 65, 16, 176, 51, 189, 92, 86,
       34, 185, 24, 217, 158, 252, 34, 255, 124, 35, 27, 184, 87, 193,
       214, 244, 124, 154, 189, 139, 224, 235, 183, 124, 65, 219, 249,
       127, 247, 254, 104, 231, 246, 230, 207, 18, 99, 36, 189, 204, 250,
       105, 120, 189, 247, 103, 191, 53, 183, 111, 191, 202, 169, 223,
       246, 77, 122, 221, 47, 211, 223, 227, 243, 123, 201, 206, 116, 48,
       113, 162, 221, 166, 35, 93, 230, 96, 194, 52, 229, 79, 146, 85,
       114, 213, 27, 100, 201, 131, 138, 52, 142, 200, 104, 13, 210, 8,
       97, 169, 81, 39, 150, 191, 0, 50, 5, 212, 0, 192, 16, 130, 65, 8,
       72, 148, 28, 36, 88, 32, 97, 184, 134, 107, 88, 60, 43, 156, 72,
       6, 52, 240, 50, 85, 89, 150, 55, 4, 93, 9, 230, 70, 61, 208, 61,
       106, 52, 86, 246, 214, 4, 241, 2, 50, 209, 102, 220, 134, 227, 89,
       18, 184, 213, 41, 194, 44, 20, 158, 202, 120, 130, 213, 18, 202,
       61, 105, 146, 20, 197, 78, 145, 166, 16, 5, 104, 24, 148, 73, 24,
       242, 51, 189, 88, 86, 32, 249, 79, 33, 229, 160, 213, 162, 43, 92,
       164, 70, 129, 50, 233, 11, 162, 69, 226, 213, 3, 100, 73, 5, 194,
       113, 78, 136, 184, 13, 82, 12, 48, 41, 86, 36, 20, 186, 66, 120,
       1, 84, 16, 64, 24, 14, 193, 28, 193, 78, 153, 172, 24, 5, 112, 28,
       156, 73, 16, 242, 51, 157, 88, 87, 32, 251, 254, 248, 127, 239,
       255, 253, 219, 216, 255, 245, 253, 250, 191, 122, 253, 253, 251,
       213, 63, 126, 239, 95, 175, 124, 111, 223, 125, 63, 255, 123, 127,
       191, 245, 237, 93, 223, 82, 119, 253, 247, 243, 223, 105, 63, 221,
       158, 248, 181, 205, 189, 86, 133, 248, 183, 135, 111, 208, 244,
       56, 189, 221, 95, 50, 189, 13, 39, 103, 241, 252, 181, 227, 241,
       184, 124, 194, 5, 201, 125, 249, 229, 128, 124, 203, 106, 247,
       104, 30, 250, 78, 42, 6, 146, 252, 85, 57, 215, 127, 114, 215,
       168, 85, 242, 249, 53, 221, 52, 218, 158, 64, 227, 203, 67, 56,
       61, 28, 77, 211, 157, 143, 8, 55, 198, 115, 159, 202, 102, 165,
       240, 13, 234, 237, 168, 24, 125, 165, 118, 189, 254, 232, 188, 89,
       61, 255, 239, 203, 220, 227, 105, 229, 113, 238, 50, 77, 253, 21,
       35, 125, 14, 59, 203, 213, 6, 85, 186, 82, 120, 237, 116, 118, 94,
       56, 47, 85, 150, 117, 225, 153, 172, 28, 4, 240, 29, 142, 73, 16,
       240, 35, 189, 88, 87, 34, 251, 110, 45, 227, 118, 81, 34, 224,
       203, 192, 128, 214, 119, 226, 198, 131, 64, 42, 9, 59, 215, 231,
       47, 83, 215, 22, 218, 150, 133, 66, 158, 34, 194, 15, 47, 37, 191,
       27, 60, 127, 92, 105, 96, 176, 235, 205, 105, 183, 239, 121, 174,
       9, 217, 241, 60, 24, 65, 84, 250, 87, 179, 40, 39, 177, 74, 123,
       245, 125, 174, 119, 47, 127, 123, 247, 76, 253, 241, 127, 42, 244,
       223, 246, 246, 87, 245, 113, 58, 177, 183, 252, 171, 239, 221, 91,
       124, 252, 233, 232, 109, 62, 191, 203, 112, 129, 253, 219, 207,
       127, 15, 210, 55, 210, 78, 141, 182, 82, 7, 106, 60, 157, 69, 152,
       183, 51, 188, 123, 94, 34, 185, 254, 252, 250, 251, 255, 151, 223,
       195, 255, 239, 33, 250, 191, 234, 182, 95, 254, 247, 62, 103, 143,
       215, 187, 125, 246, 215, 255, 127, 211, 251, 255, 247, 211, 141,
       158, 223, 194, 253, 247, 127, 114, 202, 108, 121, 251, 92, 221,
       149, 221, 236, 18, 181, 109, 241, 188, 251, 216, 254, 249, 29,
       253, 221, 56, 183, 254, 186, 247, 245, 255, 183, 191, 249, 238,
       127, 251, 123, 239, 107, 251, 85, 242, 253, 127, 246, 253, 175,
       155, 252, 206, 238, 255, 255, 222, 29, 255, 255, 127, 45, 94, 191,
       90, 127, 237, 247, 252, 92, 88, 30, 209, 127, 219, 31, 156, 172,
