%YAML:1.0
descriptors: !!opencv-matrix
   rows: 57
   cols: 64
   dt: u
   data: [ 60, 253, 255, 252, 54, 255, 253, 119, 255, 254, 221, 253, 127,
       255, 255, 254, 189, 250, 250, 251, 247, 127, 87, 247, 253, 127,
       247, 255, 109, 247, 255, 234, 223, 88, 231, 164, 255, 251, 250,
       125, 126, 191, 255, 231, 247, 245, 247, 111, 191, 234, 175, 203,
       242, 29, 250, 93, 63, 247, 255, 255, 251, 251, 239, 222, 253, 239,
       247, 253, 248, 111, 247, 255, 221, 253, 254, 255, 215, 255, 219,
       238, 235, 221, 255, 111, 127, 141, 254, 189, 127, 239, 63, 175,
       221, 223, 58, 191, 235, 39, 117, 251, 87, 247, 253, 254, 123, 124,
       248, 190, 223, 191, 127, 176, 141, 173, 127, 189, 217, 127, 133,
       77, 208, 252, 105, 253, 223, 70, 51, 190, 247, 254, 127, 231, 255,
       244, 223, 216, 254, 127, 249, 251, 239, 91, 198, 253, 255, 215,
       63, 127, 237, 143, 175, 124, 238, 223, 123, 127, 223, 63, 243, 63,
       247, 237, 92, 223, 82, 117, 237, 247, 83, 94, 106, 63, 217, 26,
       252, 21, 205, 189, 20, 37, 248, 183, 158, 107, 208, 244, 177, 29,
       220, 87, 48, 188, 255, 254, 121, 231, 255, 248, 223, 136, 255,
       127, 185, 250, 175, 91, 230, 125, 247, 247, 60, 251, 205, 119,
       187, 124, 231, 223, 251, 127, 222, 123, 247, 63, 215, 237, 222,
       223, 250, 125, 253, 247, 115, 92, 107, 125, 213, 30, 252, 53, 141,
       191, 16, 5, 236, 183, 158, 107, 80, 246, 176, 63, 220, 95, 48,
       190, 255, 250, 255, 239, 255, 255, 255, 248, 255, 255, 255, 255,
       255, 255, 254, 253, 251, 245, 127, 111, 125, 215, 191, 124, 111,
       255, 191, 63, 255, 95, 127, 191, 243, 109, 223, 255, 82, 117, 253,
       247, 127, 92, 122, 63, 221, 158, 252, 181, 141, 189, 22, 37, 249,
       191, 142, 111, 208, 252, 49, 189, 220, 95, 48, 188, 252, 253, 255,
       253, 114, 127, 255, 255, 221, 255, 253, 251, 223, 254, 255, 238,
       251, 213, 127, 111, 63, 255, 230, 63, 127, 255, 191, 191, 255,
       219, 126, 191, 242, 103, 61, 251, 214, 253, 255, 255, 122, 255,
       249, 127, 255, 158, 125, 182, 207, 173, 119, 245, 217, 255, 183,
       238, 209, 252, 105, 127, 223, 124, 147, 191, 237, 235, 231, 249,
       250, 127, 231, 254, 189, 253, 238, 191, 223, 255, 251, 238, 235,
       221, 251, 111, 127, 143, 238, 179, 79, 255, 159, 167, 253, 79, 50,
       191, 215, 39, 117, 251, 83, 253, 253, 116, 120, 125, 120, 55, 93,
       191, 127, 243, 157, 172, 28, 181, 209, 127, 156, 73, 80, 252, 33,
       189, 92, 87, 49, 250, 220, 171, 255, 253, 112, 127, 248, 247, 217,
       253, 238, 223, 87, 245, 219, 234, 187, 205, 251, 111, 247, 237,
       102, 155, 255, 127, 151, 246, 109, 199, 54, 254, 255, 83, 101,
       233, 223, 255, 252, 117, 248, 61, 251, 118, 255, 183, 119, 235,
       255, 232, 239, 255, 209, 127, 29, 76, 87, 223, 95, 239, 255, 119,
       193, 254, 255, 255, 255, 255, 255, 255, 223, 249, 255, 119, 253,
       250, 255, 255, 246, 221, 251, 245, 127, 111, 63, 223, 187, 125,
       127, 255, 191, 63, 255, 27, 126, 191, 210, 111, 126, 223, 194,
       125, 253, 119, 119, 222, 248, 255, 223, 28, 253, 181, 205, 181,
       86, 173, 233, 255, 134, 239, 216, 252, 113, 31, 221, 93, 56, 186,
       253, 185, 255, 255, 127, 247, 255, 254, 255, 253, 212, 255, 255,
       126, 182, 95, 251, 255, 115, 99, 245, 63, 211, 247, 205, 251, 246,
       255, 91, 221, 247, 235, 223, 44, 87, 190, 83, 120, 249, 124, 120,
       93, 56, 47, 213, 53, 247, 111, 153, 172, 24, 5, 240, 29, 156, 73,
       16, 242, 51, 189, 88, 87, 32, 250, 247, 252, 251, 239, 255, 148,
       223, 137, 255, 255, 57, 250, 191, 43, 246, 93, 255, 247, 60, 59,
       205, 119, 219, 124, 245, 215, 251, 127, 222, 123, 247, 127, 151,
       237, 223, 223, 242, 253, 237, 119, 97, 94, 107, 121, 215, 28, 253,
       53, 221, 190, 24, 5, 244, 165, 188, 235, 80, 246, 178, 61, 222,
       223, 56, 190, 187, 222, 92, 103, 255, 184, 223, 24, 254, 57, 244,
       251, 174, 91, 100, 93, 118, 183, 188, 155, 237, 111, 155, 124,
       227, 222, 121, 127, 254, 123, 231, 246, 159, 237, 222, 117, 255,
       153, 248, 247, 91, 223, 107, 125, 209, 113, 254, 55, 172, 215, 24,
       47, 252, 167, 219, 235, 118, 183, 182, 191, 178, 255, 182, 95,
       204, 171, 239, 249, 240, 255, 243, 255, 189, 255, 206, 255, 211,
       252, 251, 238, 139, 93, 251, 111, 127, 141, 206, 243, 95, 255,
       159, 167, 89, 199, 50, 139, 215, 3, 117, 251, 87, 255, 253, 60,
       120, 124, 184, 55, 223, 63, 127, 243, 157, 172, 56, 181, 209, 127,
       156, 72, 80, 252, 115, 191, 94, 87, 33, 250, 127, 252, 253, 143,
       255, 157, 159, 9, 255, 245, 21, 250, 191, 58, 180, 93, 250, 247,
       52, 115, 205, 55, 219, 125, 237, 215, 249, 63, 82, 123, 87, 111,
       215, 172, 87, 190, 210, 121, 233, 119, 112, 95, 108, 47, 213, 20,
       253, 63, 153, 172, 24, 5, 240, 29, 156, 73, 16, 242, 51, 189, 216,
       87, 32, 250, 78, 43, 163, 112, 217, 162, 98, 78, 0, 35, 195, 54,
       226, 192, 130, 75, 64, 13, 59, 86, 239, 173, 74, 91, 6, 202, 154,
       143, 194, 4, 32, 198, 79, 167, 84, 171, 9, 188, 117, 70, 8, 96,
       144, 200, 201, 73, 131, 147, 92, 108, 24, 208, 99, 124, 92, 163,
       65, 190, 209, 147, 136, 54, 209, 78, 126, 115, 125, 146, 254, 183,
       31, 121, 230, 71, 209, 114, 253, 122, 180, 84, 246, 215, 103, 100,
       241, 55, 145, 119, 220, 254, 253, 109, 82, 158, 247, 169, 210, 44,
       87, 190, 90, 120, 233, 124, 112, 92, 56, 47, 213, 20, 245, 111,
       153, 172, 24, 5, 240, 29, 156, 73, 16, 242, 51, 189, 88, 87, 32,
       250, 88, 153, 158, 255, 46, 247, 252, 183, 93, 251, 93, 205, 94,
       244, 63, 218, 189, 155, 248, 251, 247, 125, 231, 219, 185, 107,
       246, 246, 109, 245, 247, 230, 207, 250, 225, 100, 255, 205, 250,
       121, 120, 61, 247, 110, 255, 53, 183, 111, 191, 202, 175, 223,
       244, 109, 120, 221, 119, 215, 255, 251, 243, 251, 207, 206, 60,
       159, 254, 254, 63, 253, 253, 119, 63, 254, 95, 221, 29, 127, 191,
       223, 255, 222, 97, 107, 245, 117, 195, 115, 77, 255, 177, 127,
       123, 95, 247, 235, 215, 36, 85, 186, 215, 120, 249, 117, 112, 93,
       59, 47, 245, 20, 247, 111, 153, 172, 24, 5, 240, 29, 156, 73, 16,
       242, 51, 189, 90, 87, 32, 250, 125, 55, 247, 178, 95, 183, 47,
       127, 230, 110, 210, 54, 237, 239, 179, 85, 250, 215, 99, 100, 241,
       7, 194, 119, 206, 248, 252, 109, 82, 24, 112, 233, 215, 36, 85,
       190, 82, 120, 233, 116, 112, 92, 56, 47, 213, 20, 245, 111, 153,
       172, 24, 5, 240, 29, 156, 73, 16, 242, 51, 189, 88, 87, 32, 250,
       125, 63, 247, 183, 255, 183, 171, 123, 230, 126, 210, 55, 239,
       255, 187, 85, 250, 213, 99, 102, 253, 39, 195, 119, 78, 250, 252,
       45, 82, 14, 114, 235, 215, 36, 85, 190, 82, 120, 233, 116, 112,
       92, 24, 47, 213, 20, 245, 111, 153, 172, 24, 5, 240, 29, 156, 73,
       16, 242, 51, 189, 88, 87, 32, 250, 252, 48, 247, 183, 218, 103,
       59, 239, 214, 109, 252, 119, 119, 234, 146, 126, 251, 212, 39, 99,
       73, 129, 231, 54, 206, 207, 189, 43, 211, 14, 115, 235, 245, 36,
       85, 186, 82, 112, 233, 244, 112, 92, 56, 47, 213, 20, 245, 108,
       153, 172, 24, 5, 240, 29, 156, 73, 16, 242, 51, 189, 88, 86, 32,
       248, 108, 46, 231, 233, 216, 255, 163, 253, 189, 252, 206, 53,
       217, 127, 251, 228, 203, 93, 251, 102, 245, 101, 222, 241, 95,
       233, 28, 167, 124, 198, 59, 203, 247, 3, 87, 187, 85, 242, 237,
       60, 252, 117, 58, 166, 85, 167, 115, 227, 157, 44, 24, 13, 243,
       29, 156, 72, 20, 236, 35, 189, 74, 87, 32, 250, 55, 180, 121, 166,
       255, 158, 31, 8, 230, 102, 21, 112, 189, 127, 180, 85, 246, 247,
       0, 240, 193, 34, 145, 100, 204, 212, 233, 127, 18, 56, 213, 105,
       151, 44, 86, 158, 74, 120, 169, 86, 32, 90, 24, 9, 213, 20, 244,
       79, 153, 172, 24, 5, 112, 29, 156, 73, 16, 242, 51, 189, 88, 87,
       32, 248, 29, 191, 254, 117, 62, 181, 249, 114, 56, 157, 214, 231,
       206, 121, 32, 1, 188, 235, 227, 251, 245, 126, 83, 247, 241, 62,
       247, 246, 108, 119, 229, 231, 223, 120, 203, 36, 255, 56, 248,
