%YAML:1.0
descriptors: !!opencv-matrix
   rows: 79
   cols: 64
   dt: u
   data: [ 63, 245, 237, 254, 63, 189, 221, 58, 247, 254, 253, 241, 253,
       123, 60, 95, 244, 254, 99, 251, 245, 118, 209, 247, 237, 191, 229,
       255, 122, 93, 245, 235, 223, 44, 87, 190, 223, 120, 249, 125, 122,
       95, 59, 47, 212, 53, 247, 111, 153, 172, 24, 5, 240, 29, 156, 73,
       16, 242, 51, 189, 122, 215, 32, 250, 62, 181, 253, 190, 63, 253,
       253, 125, 255, 252, 215, 245, 253, 126, 189, 84, 255, 254, 67,
       243, 245, 114, 211, 119, 221, 190, 244, 255, 122, 223, 245, 235,
       207, 44, 87, 190, 219, 122, 233, 124, 120, 93, 61, 175, 213, 53,
       247, 111, 153, 172, 24, 13, 240, 29, 156, 73, 16, 242, 51, 189,
       90, 87, 40, 250, 63, 214, 124, 239, 63, 189, 255, 121, 189, 255,
       252, 251, 189, 123, 244, 93, 242, 253, 79, 123, 245, 115, 219,
       126, 125, 254, 229, 63, 127, 95, 125, 239, 223, 108, 214, 190,
       215, 120, 249, 253, 126, 95, 122, 175, 209, 53, 247, 111, 185,
       172, 24, 13, 240, 29, 158, 77, 48, 242, 55, 189, 218, 223, 46,
       251, 44, 166, 237, 170, 55, 127, 161, 127, 116, 220, 214, 181,
       125, 63, 185, 199, 235, 220, 97, 98, 245, 96, 193, 243, 77, 169,
       160, 133, 122, 92, 49, 235, 223, 36, 85, 186, 83, 120, 233, 116,
       112, 92, 56, 47, 212, 21, 247, 111, 153, 172, 24, 5, 240, 29, 156,
       73, 16, 242, 51, 189, 88, 87, 32, 250, 45, 62, 229, 244, 60, 253,
       165, 127, 245, 252, 202, 53, 109, 125, 153, 101, 235, 252, 195,
       106, 245, 111, 218, 255, 93, 254, 134, 151, 124, 87, 121, 207,
       223, 98, 117, 186, 245, 186, 249, 125, 125, 116, 250, 166, 197,
       161, 247, 107, 184, 188, 24, 9, 242, 29, 156, 77, 36, 242, 119,
       191, 202, 71, 37, 254, 220, 249, 239, 253, 54, 115, 249, 254, 212,
       190, 212, 253, 127, 210, 183, 234, 155, 221, 251, 123, 231, 253,
       230, 191, 45, 235, 162, 151, 91, 101, 52, 251, 255, 46, 180, 251,
       127, 125, 241, 245, 90, 238, 251, 110, 243, 53, 195, 111, 191,
       174, 30, 199, 248, 61, 156, 92, 212, 246, 127, 223, 121, 86, 227,
       255, 117, 186, 85, 71, 252, 187, 179, 120, 254, 189, 86, 127, 239,
       123, 216, 209, 114, 215, 223, 43, 237, 103, 139, 253, 173, 250,
       125, 127, 126, 75, 241, 127, 215, 229, 92, 63, 86, 187, 253, 118,
       213, 92, 74, 22, 193, 170, 216, 83, 173, 253, 29, 37, 244, 189,
       159, 75, 112, 254, 179, 141, 216, 87, 36, 255, 44, 34, 229, 224,
       58, 119, 161, 118, 180, 252, 198, 85, 89, 125, 185, 100, 235, 220,
       195, 98, 245, 34, 200, 243, 77, 40, 4, 134, 124, 68, 57, 207, 223,
       36, 85, 186, 87, 122, 233, 52, 93, 85, 26, 38, 68, 165, 231, 107,
       153, 44, 24, 5, 240, 29, 156, 73, 16, 242, 51, 189, 74, 23, 32,
       250, 125, 57, 239, 240, 55, 55, 121, 126, 212, 254, 246, 177, 123,
       202, 179, 79, 226, 220, 123, 111, 245, 159, 228, 63, 15, 171, 166,
       133, 90, 73, 52, 235, 115, 38, 180, 187, 86, 124, 193, 244, 248,
       238, 186, 14, 218, 167, 65, 238, 159, 172, 30, 133, 240, 29, 157,
       73, 144, 242, 59, 223, 89, 22, 32, 243, 55, 52, 117, 6, 217, 140,
       7, 72, 230, 100, 13, 117, 189, 47, 132, 84, 243, 183, 0, 32, 241,
       35, 155, 100, 212, 252, 104, 15, 50, 152, 201, 109, 133, 229, 71,
       158, 128, 16, 41, 94, 5, 208, 8, 131, 69, 80, 236, 79, 145, 36,
       24, 8, 160, 24, 158, 67, 56, 114, 50, 188, 154, 199, 32, 216, 50,
       50, 81, 134, 191, 132, 155, 9, 198, 68, 23, 112, 189, 90, 177, 85,
       114, 214, 4, 98, 195, 34, 129, 102, 140, 136, 224, 15, 18, 40,
       213, 127, 55, 36, 84, 158, 82, 114, 129, 215, 145, 89, 1, 14, 192,
       4, 192, 79, 153, 172, 17, 5, 112, 24, 157, 73, 16, 114, 50, 188,
       88, 23, 36, 249, 51, 213, 121, 150, 55, 4, 93, 11, 230, 70, 49,
       240, 61, 107, 180, 87, 246, 214, 4, 49, 130, 34, 209, 102, 220,
       130, 227, 89, 18, 56, 213, 105, 214, 44, 20, 158, 194, 120, 131,
       213, 66, 202, 61, 73, 144, 20, 213, 79, 145, 172, 16, 5, 96, 24,
       156, 73, 24, 50, 50, 189, 88, 87, 32, 251, 12, 210, 20, 252, 44,
       185, 188, 113, 56, 56, 234, 201, 196, 81, 92, 1, 189, 200, 227,
       219, 244, 108, 88, 219, 193, 63, 245, 242, 124, 71, 161, 198, 223,
       152, 211, 36, 253, 184, 248, 97, 124, 28, 115, 167, 244, 229, 183,
       107, 184, 251, 136, 67, 244, 29, 219, 89, 23, 211, 151, 183, 242,
       115, 229, 94, 19, 144, 154, 62, 47, 208, 216, 6, 18, 186, 125,
       133, 36, 70, 11, 50, 125, 130, 32, 146, 196, 32, 199, 75, 161,
       131, 226, 74, 83, 99, 231, 102, 247, 184, 145, 36, 127, 72, 234,
       115, 112, 92, 227, 104, 244, 21, 179, 111, 155, 234, 24, 7, 244,
       13, 220, 65, 23, 179, 191, 187, 56, 115, 224, 230, 76, 43, 229,
       184, 80, 111, 35, 127, 37, 76, 202, 53, 89, 165, 191, 239, 235,
       93, 1, 100, 101, 129, 192, 51, 79, 200, 168, 133, 211, 14, 58,
       201, 208, 39, 85, 187, 64, 114, 77, 116, 150, 84, 24, 46, 85, 22,
       101, 236, 153, 36, 88, 4, 225, 29, 156, 9, 24, 224, 35, 188, 88,
       70, 34, 240, 117, 118, 113, 138, 208, 142, 7, 72, 226, 70, 168,
       48, 229, 43, 221, 85, 226, 245, 3, 100, 73, 128, 128, 36, 76, 221,
       45, 45, 146, 8, 113, 25, 80, 37, 92, 155, 0, 112, 5, 92, 38, 66,
       24, 11, 85, 24, 212, 20, 128, 164, 16, 4, 34, 28, 133, 73, 136,
       240, 33, 188, 92, 70, 32, 176, 179, 222, 92, 198, 255, 157, 215,
       8, 127, 117, 63, 123, 190, 123, 100, 93, 246, 179, 60, 177, 213,
       126, 155, 124, 242, 246, 241, 127, 254, 123, 221, 103, 159, 236,
       80, 116, 255, 89, 250, 255, 117, 223, 107, 63, 209, 20, 252, 79,
       165, 231, 137, 15, 252, 5, 155, 207, 62, 247, 182, 189, 250, 223,
       36, 222, 61, 180, 253, 142, 63, 151, 211, 125, 247, 244, 149, 52,
       189, 122, 187, 84, 242, 245, 67, 98, 209, 119, 210, 119, 124, 168,
       164, 31, 114, 217, 93, 111, 215, 36, 21, 186, 82, 122, 169, 126,
       176, 95, 92, 14, 212, 148, 193, 79, 153, 172, 24, 13, 240, 29,
       156, 73, 16, 242, 59, 189, 88, 31, 34, 251, 45, 22, 101, 245, 255,
       189, 235, 248, 189, 124, 202, 23, 205, 125, 249, 229, 160, 252,
       203, 98, 244, 106, 158, 250, 78, 42, 134, 146, 252, 87, 125, 223,
       127, 114, 215, 184, 213, 242, 249, 53, 221, 116, 218, 158, 196,
       227, 203, 75, 168, 61, 28, 13, 242, 189, 159, 77, 56, 166, 119,
       159, 202, 134, 47, 244, 45, 236, 109, 248, 62, 253, 117, 126, 189,
       255, 236, 248, 95, 59, 252, 207, 139, 244, 103, 107, 245, 114,
       252, 63, 109, 255, 151, 51, 127, 95, 59, 235, 215, 38, 213, 186,
       82, 121, 249, 116, 114, 255, 122, 47, 215, 150, 117, 107, 153,
       173, 30, 5, 248, 29, 159, 76, 16, 242, 59, 189, 89, 215, 34, 251,
       62, 51, 125, 255, 254, 255, 251, 121, 221, 254, 218, 53, 125, 126,
       217, 244, 242, 212, 195, 114, 245, 120, 133, 255, 253, 170, 230,
       149, 78, 219, 125, 251, 127, 110, 77, 190, 255, 114, 217, 125,
       252, 93, 223, 78, 196, 167, 195, 79, 187, 173, 29, 71, 242, 29,
       157, 89, 196, 242, 127, 251, 250, 142, 234, 180, 253, 239, 255,
       253, 250, 255, 251, 245, 253, 253, 238, 253, 255, 253, 255, 238,
       251, 253, 251, 111, 253, 253, 255, 189, 127, 127, 63, 183, 109,
       215, 127, 191, 255, 67, 127, 251, 247, 255, 253, 60, 255, 127,
       255, 54, 127, 191, 91, 243, 173, 237, 255, 253, 219, 255, 159, 76,
       254, 236, 239, 239, 223, 111, 187, 247, 253, 61, 243, 119, 250,
       131, 122, 203, 107, 163, 129, 122, 246, 226, 162, 90, 254, 179,
       62, 71, 207, 173, 83, 223, 214, 218, 251, 255, 194, 173, 246, 38,
       219, 39, 70, 191, 154, 253, 247, 94, 88, 88, 252, 75, 249, 93,
       171, 191, 221, 174, 24, 247, 240, 125, 28, 235, 88, 255, 113, 191,
       56, 117, 177, 235, 41, 150, 116, 35, 221, 177, 167, 124, 244, 57,
       226, 113, 172, 91, 161, 69, 234, 252, 131, 80, 241, 34, 155, 124,
       100, 57, 105, 163, 222, 69, 97, 231, 93, 228, 220, 52, 119, 176,
       41, 116, 125, 84, 90, 143, 68, 97, 210, 65, 184, 252, 24, 4, 244,
       157, 220, 73, 22, 178, 183, 156, 154, 87, 36, 92, 255, 252, 254,
