%YAML:1.0
descriptors: !!opencv-matrix
   rows: 80
   cols: 64
   dt: u
   data: [ 190, 187, 255, 255, 126, 247, 255, 123, 246, 255, 220, 251,
       255, 127, 182, 93, 255, 255, 99, 99, 245, 119, 211, 247, 223, 255,
       245, 255, 122, 222, 247, 235, 215, 44, 87, 190, 91, 120, 249, 124,
       124, 93, 58, 47, 213, 53, 247, 111, 153, 172, 24, 5, 240, 29, 156,
       73, 16, 242, 51, 189, 90, 87, 32, 250, 188, 252, 255, 255, 63,
       253, 253, 255, 253, 253, 252, 253, 127, 254, 255, 252, 251, 222,
       243, 107, 245, 31, 255, 255, 255, 239, 246, 255, 127, 223, 255,
       239, 239, 46, 87, 254, 215, 119, 249, 244, 123, 93, 122, 46, 221,
       55, 247, 239, 185, 172, 94, 13, 240, 29, 156, 73, 20, 242, 119,
       189, 90, 95, 34, 254, 255, 254, 109, 171, 255, 125, 191, 248, 253,
       255, 254, 251, 237, 59, 255, 253, 251, 253, 127, 249, 253, 195,
       191, 124, 69, 253, 253, 187, 255, 95, 123, 251, 217, 108, 215,
       254, 91, 121, 169, 124, 254, 94, 58, 63, 213, 243, 246, 125, 153,
       173, 28, 5, 248, 29, 159, 73, 16, 246, 51, 188, 222, 215, 32, 251,
       254, 248, 255, 255, 62, 119, 253, 254, 253, 255, 252, 253, 127,
       254, 191, 255, 251, 252, 123, 123, 245, 255, 231, 191, 239, 239,
       247, 191, 127, 223, 255, 255, 247, 44, 87, 254, 223, 125, 249,
       253, 122, 95, 123, 63, 221, 55, 247, 111, 157, 172, 30, 5, 240,
       29, 156, 73, 16, 242, 59, 189, 91, 95, 34, 251, 222, 249, 187,
       221, 98, 71, 220, 231, 75, 131, 125, 158, 83, 196, 95, 250, 189,
       211, 126, 207, 15, 157, 231, 131, 191, 87, 247, 237, 65, 174, 246,
       186, 226, 63, 37, 223, 218, 125, 234, 247, 50, 123, 181, 127, 191,
       62, 183, 190, 223, 170, 119, 215, 248, 127, 52, 211, 209, 251,
       121, 123, 125, 112, 211, 170, 225, 222, 214, 119, 253, 250, 247,
       216, 56, 249, 238, 239, 174, 223, 194, 173, 235, 237, 189, 63,
       237, 47, 175, 125, 99, 127, 91, 55, 255, 7, 35, 119, 223, 227,
       125, 113, 119, 191, 253, 183, 93, 124, 234, 247, 205, 11, 255,
       243, 236, 213, 92, 177, 221, 231, 142, 239, 87, 252, 183, 175,
       214, 119, 149, 222, 255, 252, 249, 175, 255, 237, 159, 201, 254,
       111, 185, 255, 191, 78, 246, 253, 251, 213, 55, 119, 205, 167,
       163, 124, 78, 223, 251, 47, 211, 27, 115, 43, 215, 36, 93, 191,
       82, 113, 233, 244, 114, 92, 56, 47, 213, 20, 245, 125, 153, 172,
       24, 5, 240, 29, 156, 73, 16, 242, 51, 189, 92, 87, 34, 250, 58,
       153, 254, 254, 55, 127, 248, 119, 31, 248, 95, 213, 63, 254, 190,
       254, 255, 214, 97, 107, 213, 61, 227, 115, 93, 207, 242, 95, 91,
       223, 183, 235, 215, 36, 85, 186, 87, 122, 233, 116, 112, 93, 253,
       47, 213, 22, 247, 111, 155, 172, 25, 5, 240, 29, 156, 73, 16, 242,
       51, 189, 89, 87, 34, 250, 44, 42, 247, 161, 218, 239, 163, 127,
       253, 212, 206, 117, 87, 62, 251, 228, 251, 213, 203, 102, 245, 23,
       222, 117, 127, 252, 28, 5, 126, 206, 58, 239, 213, 39, 119, 186,
       82, 114, 205, 124, 81, 85, 84, 38, 77, 6, 125, 230, 157, 44, 217,
       12, 242, 29, 156, 73, 48, 240, 35, 189, 91, 15, 36, 250, 55, 252,
       251, 138, 119, 222, 151, 15, 239, 196, 61, 248, 189, 62, 191, 252,
       251, 215, 48, 116, 133, 7, 194, 101, 127, 197, 253, 45, 83, 186,
       82, 105, 151, 44, 85, 158, 66, 120, 233, 126, 50, 93, 56, 45, 213,
       28, 245, 47, 153, 172, 24, 5, 240, 29, 156, 73, 16, 242, 51, 189,
       88, 87, 32, 250, 126, 249, 239, 184, 55, 119, 189, 123, 245, 254,
       212, 250, 255, 190, 182, 78, 251, 213, 99, 107, 245, 39, 195, 119,
       77, 255, 181, 47, 82, 30, 114, 235, 215, 36, 85, 186, 82, 120,
       233, 116, 120, 92, 56, 47, 213, 20, 245, 111, 153, 172, 24, 5,
       240, 29, 156, 73, 16, 242, 51, 189, 88, 87, 32, 250, 26, 155, 222,
       126, 63, 123, 248, 119, 115, 184, 95, 213, 60, 118, 175, 250, 239,
       214, 33, 235, 197, 37, 195, 115, 205, 203, 240, 95, 90, 78, 183,
       106, 215, 36, 85, 186, 83, 120, 233, 116, 112, 92, 57, 47, 213,
       20, 247, 111, 153, 172, 24, 5, 240, 29, 156, 73, 16, 242, 51, 189,
       88, 87, 32, 250, 45, 46, 229, 184, 16, 255, 37, 127, 181, 252,
       206, 181, 81, 63, 187, 230, 203, 92, 227, 98, 245, 35, 206, 179,
       93, 233, 132, 133, 120, 68, 49, 203, 221, 38, 85, 186, 81, 120,
       233, 124, 124, 84, 56, 39, 84, 181, 119, 107, 153, 172, 24, 5,
       240, 29, 156, 72, 16, 226, 35, 189, 72, 71, 32, 250, 207, 18, 100,
       161, 255, 248, 167, 248, 156, 63, 218, 127, 233, 93, 217, 229,
       235, 213, 31, 96, 233, 130, 139, 124, 46, 220, 57, 39, 222, 15,
       51, 191, 81, 37, 93, 251, 86, 115, 237, 22, 81, 84, 26, 62, 197,
       132, 252, 17, 137, 61, 28, 37, 217, 191, 142, 105, 80, 240, 51,
       156, 76, 23, 32, 188, 94, 17, 144, 118, 97, 162, 120, 2, 2, 32,
       97, 176, 38, 194, 132, 26, 116, 139, 52, 215, 135, 45, 193, 3,
       130, 138, 226, 205, 82, 32, 228, 100, 18, 183, 52, 151, 33, 76,
       210, 215, 0, 170, 181, 73, 235, 29, 167, 15, 201, 230, 112, 215,
       100, 64, 112, 233, 83, 187, 241, 179, 56, 34, 145, 3, 28, 42, 255,
       229, 56, 253, 241, 244, 248, 156, 214, 87, 221, 117, 219, 224,
       138, 205, 219, 106, 245, 125, 206, 251, 173, 56, 20, 146, 108,
       199, 63, 222, 127, 82, 125, 248, 93, 251, 217, 52, 221, 53, 219,
       54, 109, 167, 107, 99, 191, 61, 173, 247, 211, 157, 157, 76, 102,
       206, 31, 239, 203, 15, 103, 254, 250, 253, 251, 207, 119, 95, 223,
       143, 223, 213, 61, 252, 63, 62, 255, 252, 255, 151, 56, 191, 23,
       115, 247, 39, 253, 199, 248, 127, 119, 251, 222, 107, 165, 44, 85,
       222, 218, 83, 235, 125, 114, 221, 109, 61, 149, 30, 245, 110, 159,
       174, 159, 13, 184, 29, 148, 91, 16, 242, 58, 61, 89, 93, 58, 250,
       186, 245, 88, 126, 47, 152, 222, 9, 123, 163, 189, 250, 190, 114,
       100, 120, 244, 147, 52, 155, 135, 124, 97, 110, 229, 215, 227,
       127, 103, 127, 205, 102, 159, 252, 4, 86, 251, 89, 250, 247, 82,
       223, 237, 105, 176, 23, 247, 111, 147, 238, 11, 71, 252, 5, 121,
       109, 27, 243, 246, 191, 57, 123, 226, 207, 254, 249, 127, 254, 55,
       255, 223, 123, 255, 255, 255, 253, 255, 126, 252, 254, 255, 215,
       127, 111, 245, 119, 225, 119, 237, 255, 247, 127, 91, 223, 255,
       251, 211, 44, 85, 254, 82, 123, 249, 244, 250, 223, 125, 47, 213,
       22, 245, 111, 157, 172, 26, 5, 248, 29, 157, 73, 16, 242, 59, 189,
       89, 87, 34, 251, 129, 218, 86, 101, 236, 248, 164, 240, 56, 185,
       234, 207, 206, 117, 72, 169, 237, 232, 239, 187, 245, 110, 63,
       252, 227, 127, 117, 242, 253, 7, 163, 246, 255, 251, 75, 52, 125,
       179, 248, 161, 253, 28, 58, 183, 221, 227, 190, 113, 168, 221, 76,
       99, 244, 239, 139, 73, 23, 213, 151, 167, 242, 115, 133, 30, 254,
       255, 125, 248, 118, 127, 127, 123, 253, 254, 252, 187, 127, 191,
       254, 254, 243, 253, 127, 125, 125, 247, 209, 182, 221, 255, 255,
       189, 123, 223, 126, 233, 218, 108, 215, 255, 222, 124, 241, 125,
       126, 223, 251, 191, 215, 179, 247, 111, 191, 173, 157, 137, 234,
       61, 159, 93, 120, 246, 123, 255, 223, 214, 42, 187, 47, 182, 105,
       171, 159, 180, 143, 25, 229, 238, 152, 112, 169, 15, 177, 85, 227,
       245, 1, 112, 193, 35, 219, 125, 100, 220, 40, 47, 86, 25, 57, 111,
       71, 172, 159, 154, 114, 120, 41, 118, 96, 72, 58, 169, 213, 20,
       213, 75, 152, 188, 24, 5, 240, 20, 156, 73, 16, 178, 51, 157, 90,
       87, 40, 242, 59, 250, 124, 111, 255, 185, 211, 56, 254, 53, 214,
       255, 173, 123, 236, 221, 254, 247, 31, 185, 229, 118, 139, 117,
       165, 186, 121, 63, 126, 91, 213, 239, 159, 236, 213, 182, 127, 91,
       249, 119, 253, 221, 107, 15, 209, 135, 240, 111, 187, 255, 137,
       13, 252, 149, 219, 77, 58, 246, 183, 189, 218, 223, 38, 223, 129,
       222, 146, 117, 233, 224, 238, 129, 24, 185, 234, 207, 226, 69, 75,
       185, 109, 171, 167, 211, 244, 47, 63, 222, 211, 127, 247, 226,
       205, 7, 227, 214, 239, 187, 75, 53, 253, 172, 232, 104, 105, 124,
