%YAML:1.0
descriptors: !!opencv-matrix
   rows: 99
   cols: 64
   dt: u
   data: [ 62, 53, 125, 186, 55, 157, 31, 109, 247, 110, 251, 176, 125,
       46, 188, 214, 255, 182, 67, 240, 245, 114, 209, 119, 213, 245,
       229, 125, 90, 252, 253, 233, 207, 44, 199, 190, 218, 120, 233,
       124, 124, 93, 117, 45, 212, 117, 245, 111, 155, 174, 152, 13, 226,
       29, 221, 89, 24, 242, 115, 189, 123, 223, 40, 242, 62, 52, 249,
       170, 23, 151, 31, 79, 199, 110, 249, 176, 125, 46, 180, 86, 251,
       246, 67, 240, 177, 115, 211, 55, 220, 229, 228, 77, 83, 188, 245,
       233, 197, 44, 135, 190, 202, 120, 161, 124, 56, 202, 53, 169, 214,
       20, 245, 111, 155, 172, 24, 5, 224, 29, 220, 81, 24, 242, 59, 184,
       88, 215, 104, 242, 62, 179, 125, 154, 55, 221, 21, 125, 231, 70,
       191, 52, 125, 126, 253, 245, 255, 246, 98, 240, 87, 114, 209, 247,
       221, 245, 229, 121, 114, 158, 222, 169, 222, 44, 215, 158, 202,
       120, 201, 124, 48, 93, 52, 47, 212, 244, 245, 110, 155, 172, 152,
       13, 242, 29, 222, 89, 48, 242, 59, 189, 88, 215, 108, 250, 30, 58,
       223, 163, 255, 185, 185, 120, 222, 187, 214, 119, 239, 18, 155,
       80, 254, 215, 107, 120, 237, 21, 203, 125, 175, 216, 248, 239, 94,
       73, 247, 239, 87, 36, 213, 190, 94, 123, 233, 117, 240, 92, 83,
       14, 213, 133, 241, 111, 155, 172, 25, 5, 240, 29, 156, 73, 16,
       242, 51, 189, 88, 23, 36, 254, 63, 182, 244, 46, 191, 164, 175,
       72, 231, 125, 208, 123, 253, 63, 164, 85, 242, 183, 35, 112, 241,
       71, 211, 117, 212, 252, 253, 191, 122, 252, 237, 239, 207, 108,
       71, 190, 243, 56, 233, 124, 109, 92, 58, 175, 213, 113, 247, 111,
       184, 174, 24, 13, 242, 28, 156, 65, 56, 242, 55, 189, 250, 215,
       40, 122, 62, 249, 253, 254, 55, 185, 217, 126, 127, 218, 213, 248,
       253, 122, 189, 90, 254, 215, 114, 127, 167, 117, 195, 247, 173,
       251, 242, 253, 127, 125, 244, 169, 223, 100, 149, 190, 222, 121,
       249, 117, 240, 223, 255, 109, 247, 149, 245, 111, 159, 174, 153,
       71, 240, 29, 220, 93, 24, 243, 63, 255, 121, 223, 230, 251, 62,
       53, 253, 190, 55, 183, 121, 127, 247, 238, 245, 176, 125, 106,
       183, 86, 254, 254, 67, 243, 241, 115, 211, 183, 220, 171, 228,
       221, 83, 220, 245, 235, 207, 44, 7, 190, 219, 120, 225, 124, 122,
       95, 52, 47, 212, 53, 195, 111, 153, 172, 24, 13, 242, 29, 156, 89,
       16, 242, 115, 189, 91, 214, 40, 251, 47, 252, 253, 175, 55, 253,
       255, 89, 253, 223, 141, 235, 253, 63, 253, 95, 251, 253, 227, 123,
       245, 119, 83, 119, 117, 255, 245, 191, 127, 255, 119, 227, 223,
       44, 215, 190, 243, 120, 233, 125, 120, 95, 58, 175, 245, 117, 247,
       111, 185, 174, 24, 13, 240, 29, 156, 93, 16, 242, 55, 189, 122,
       215, 40, 250, 221, 58, 215, 247, 223, 99, 167, 252, 92, 249, 194,
       127, 103, 206, 163, 217, 235, 212, 189, 98, 109, 137, 175, 56, 14,
       223, 251, 43, 211, 79, 51, 255, 117, 39, 85, 251, 82, 117, 109,
       116, 112, 68, 58, 62, 205, 5, 217, 245, 153, 172, 94, 5, 240, 62,
       156, 73, 144, 240, 33, 189, 92, 87, 32, 250, 54, 49, 221, 214,
       182, 137, 93, 104, 206, 5, 21, 250, 255, 250, 180, 90, 250, 215,
       36, 103, 143, 61, 195, 103, 142, 210, 247, 125, 50, 168, 212, 41,
       150, 38, 84, 158, 202, 121, 251, 85, 112, 217, 189, 111, 177, 28,
       245, 47, 147, 174, 137, 71, 114, 25, 156, 75, 56, 115, 114, 187,
       121, 117, 165, 250, 47, 181, 125, 190, 63, 55, 61, 94, 245, 126,
       229, 177, 125, 123, 180, 87, 242, 252, 3, 96, 241, 98, 209, 119,
       84, 170, 228, 153, 122, 92, 125, 233, 215, 44, 22, 190, 211, 120,
       177, 125, 126, 206, 58, 143, 208, 81, 231, 79, 153, 172, 24, 5,
       240, 29, 158, 77, 56, 242, 51, 157, 90, 214, 42, 251, 60, 48, 255,
       247, 62, 247, 249, 127, 214, 254, 214, 117, 125, 86, 187, 116,
       250, 212, 195, 98, 245, 55, 199, 247, 157, 170, 228, 143, 90, 221,
       247, 234, 207, 44, 87, 190, 222, 122, 233, 117, 120, 93, 115, 46,
       213, 37, 179, 111, 187, 172, 153, 5, 240, 29, 156, 89, 20, 242,
       51, 189, 122, 23, 40, 250, 118, 101, 113, 152, 16, 6, 13, 79, 194,
       70, 169, 48, 85, 226, 181, 114, 227, 196, 3, 100, 3, 160, 20, 2,
       220, 137, 165, 9, 131, 140, 48, 41, 224, 36, 20, 186, 2, 112, 1,
       212, 50, 74, 28, 139, 84, 30, 196, 76, 145, 164, 80, 4, 32, 24,
       20, 73, 144, 242, 33, 188, 88, 70, 34, 241, 126, 49, 251, 254, 54,
       55, 120, 127, 214, 234, 215, 52, 117, 198, 187, 86, 242, 214, 67,
       82, 215, 191, 193, 23, 141, 138, 230, 205, 82, 252, 181, 234, 199,
       44, 87, 190, 218, 122, 193, 117, 216, 93, 213, 14, 208, 53, 129,
       111, 155, 172, 24, 5, 242, 29, 156, 89, 16, 242, 59, 191, 121, 22,
       34, 243, 61, 191, 255, 173, 62, 253, 177, 127, 217, 220, 214, 245,
       253, 118, 155, 68, 251, 221, 227, 99, 245, 37, 195, 247, 253, 250,
       244, 167, 110, 94, 119, 235, 223, 36, 85, 190, 126, 120, 233, 124,
       121, 93, 59, 47, 213, 53, 247, 111, 185, 172, 25, 5, 240, 29, 156,
       73, 22, 242, 55, 189, 90, 87, 32, 250, 61, 62, 255, 247, 63, 245,
       249, 255, 252, 254, 214, 117, 255, 254, 187, 221, 251, 253, 227,
       115, 245, 63, 223, 255, 159, 234, 246, 175, 90, 221, 119, 239,
       207, 46, 87, 190, 215, 122, 233, 124, 248, 92, 114, 174, 213, 113,
       243, 111, 185, 172, 24, 13, 240, 29, 156, 65, 48, 242, 119, 189,
       218, 215, 40, 254, 47, 53, 253, 190, 55, 55, 61, 75, 231, 78, 129,
       160, 125, 171, 180, 87, 246, 254, 99, 97, 241, 118, 81, 119, 212,
       184, 229, 221, 82, 188, 244, 225, 199, 60, 134, 190, 211, 120,
       161, 125, 124, 74, 60, 169, 244, 81, 215, 79, 153, 174, 24, 7,
       240, 29, 156, 89, 24, 243, 51, 189, 122, 215, 40, 250, 126, 57,
       251, 254, 54, 55, 93, 63, 214, 250, 213, 182, 127, 150, 183, 95,
       246, 215, 98, 251, 213, 183, 193, 87, 141, 138, 230, 221, 82, 248,
       244, 232, 199, 44, 151, 190, 218, 120, 193, 117, 120, 223, 53, 47,
       214, 53, 165, 111, 155, 174, 152, 7, 240, 29, 156, 89, 16, 242,
       59, 189, 121, 86, 42, 251, 12, 35, 109, 184, 16, 119, 38, 119, 1,
       246, 202, 20, 81, 53, 155, 98, 203, 72, 67, 98, 241, 97, 196, 178,
       93, 40, 132, 132, 64, 132, 49, 200, 215, 4, 69, 170, 81, 120, 201,
       116, 124, 84, 56, 38, 84, 53, 103, 110, 155, 172, 24, 1, 240, 29,
       156, 73, 0, 226, 19, 189, 88, 87, 96, 250, 254, 185, 255, 222, 54,
       223, 219, 126, 255, 213, 189, 254, 255, 254, 190, 254, 251, 215,
       122, 111, 87, 63, 195, 247, 237, 247, 247, 63, 115, 219, 86, 41,
       215, 44, 85, 254, 218, 121, 251, 125, 112, 221, 185, 47, 213, 52,
       245, 111, 157, 172, 25, 5, 240, 29, 156, 73, 16, 242, 51, 189, 89,
       87, 32, 250, 63, 252, 239, 187, 63, 247, 191, 252, 253, 254, 220,
       253, 253, 126, 191, 237, 251, 253, 99, 115, 245, 119, 215, 119,
       77, 255, 181, 175, 91, 95, 119, 251, 215, 44, 87, 186, 83, 120,
       233, 116, 122, 93, 122, 47, 213, 21, 247, 111, 153, 172, 24, 5,
       240, 29, 156, 73, 16, 242, 51, 189, 88, 87, 34, 250, 84, 43, 147,
       213, 224, 135, 218, 229, 10, 133, 3, 22, 210, 196, 155, 18, 124,
       195, 120, 39, 14, 173, 66, 195, 139, 82, 182, 108, 0, 168, 150,
       42, 71, 55, 101, 187, 16, 110, 206, 68, 48, 124, 177, 110, 173,
       12, 169, 63, 157, 172, 24, 247, 177, 93, 28, 203, 65, 123, 19,
       185, 88, 53, 49, 250, 13, 35, 84, 52, 48, 34, 42, 116, 32, 154,
       194, 37, 64, 69, 137, 3, 226, 204, 131, 102, 225, 32, 64, 146, 68,
       8, 160, 132, 80, 4, 33, 192, 126, 0, 85, 186, 17, 58, 129, 84,
       120, 84, 24, 6, 228, 101, 195, 78, 153, 172, 24, 5, 240, 29, 156,
       73, 16, 242, 51, 189, 72, 86, 32, 248, 131, 194, 8, 33, 221, 176,
       170, 136, 60, 59, 128, 75, 136, 9, 36, 5, 0, 125, 5, 208, 200, 2,
       170, 120, 38, 152, 25, 35, 214, 3, 33, 87, 113, 160, 156, 1, 115,
       225, 45, 162, 67, 66, 74, 24, 208, 85, 218, 17, 8, 93, 16, 36, 77,
       228, 206, 41, 144, 128, 167, 156, 196, 87, 50, 49, 233, 158, 198,
