%YAML:1.0
descriptors: !!opencv-matrix
   rows: 72
   cols: 64
   dt: u
   data: [ 59, 254, 124, 239, 63, 253, 253, 25, 255, 255, 253, 251, 191,
       127, 252, 93, 255, 247, 254, 187, 245, 118, 219, 127, 241, 127,
       247, 255, 127, 255, 255, 231, 207, 252, 207, 52, 255, 185, 248,
       127, 127, 223, 107, 237, 245, 241, 247, 111, 187, 255, 152, 11,
       252, 133, 218, 93, 62, 247, 255, 191, 251, 251, 236, 222, 124,
       169, 255, 253, 50, 127, 241, 255, 221, 252, 254, 189, 83, 244,
       251, 238, 155, 221, 251, 111, 255, 253, 238, 155, 255, 111, 150,
       183, 109, 215, 62, 255, 239, 19, 103, 251, 215, 255, 255, 124,
       250, 61, 247, 118, 127, 183, 127, 235, 255, 172, 239, 255, 211,
       95, 156, 92, 103, 236, 111, 235, 219, 175, 235, 254, 187, 222, 92,
       111, 255, 185, 223, 24, 127, 123, 253, 235, 190, 123, 108, 93,
       247, 183, 60, 155, 253, 119, 155, 124, 227, 247, 249, 127, 254,
       115, 207, 247, 159, 237, 219, 117, 255, 217, 248, 123, 127, 223,
       107, 125, 213, 83, 254, 55, 175, 223, 153, 47, 254, 165, 219, 255,
       127, 247, 246, 191, 178, 251, 188, 30, 58, 221, 254, 254, 47, 255,
       253, 55, 255, 252, 124, 201, 63, 126, 125, 254, 253, 187, 251,
       187, 245, 127, 219, 255, 241, 127, 247, 254, 109, 247, 255, 230,
       207, 250, 227, 36, 255, 217, 250, 121, 121, 157, 247, 239, 247,
       245, 247, 111, 191, 250, 143, 203, 244, 13, 250, 221, 63, 215,
       255, 255, 243, 251, 205, 206, 255, 254, 127, 239, 255, 254, 223,
       153, 255, 127, 189, 251, 175, 127, 238, 253, 247, 247, 60, 191,
       253, 95, 187, 124, 247, 223, 123, 127, 255, 123, 255, 127, 215,
       237, 222, 223, 250, 253, 255, 247, 119, 222, 107, 253, 221, 26,
       252, 53, 205, 255, 20, 45, 236, 167, 159, 239, 80, 252, 244, 63,
       222, 221, 60, 188, 247, 254, 127, 231, 255, 190, 223, 216, 254,
       255, 185, 250, 175, 251, 246, 253, 247, 215, 63, 127, 79, 143,
       175, 124, 239, 223, 127, 127, 215, 59, 243, 63, 243, 239, 92, 223,
       82, 125, 253, 247, 243, 94, 104, 127, 217, 30, 220, 149, 205, 189,
       20, 5, 248, 183, 143, 235, 80, 252, 49, 31, 220, 87, 48, 189, 255,
       250, 247, 255, 255, 239, 223, 216, 255, 127, 251, 251, 255, 234,
       254, 253, 251, 245, 63, 111, 111, 143, 175, 60, 111, 255, 127, 63,
       223, 91, 126, 191, 242, 239, 127, 223, 82, 119, 253, 246, 243,
       222, 120, 127, 223, 30, 252, 181, 205, 181, 86, 181, 233, 247,
       135, 235, 208, 252, 33, 63, 221, 93, 50, 181, 59, 254, 254, 125,
       46, 253, 253, 48, 253, 189, 223, 239, 255, 125, 125, 220, 189,
       187, 251, 251, 245, 127, 91, 255, 241, 127, 247, 246, 109, 247,
       255, 230, 223, 248, 235, 100, 255, 153, 248, 123, 125, 189, 255,
       127, 245, 245, 183, 107, 191, 219, 143, 207, 254, 141, 218, 93,
       63, 215, 255, 255, 243, 251, 205, 222, 247, 254, 127, 207, 255,
       220, 223, 136, 255, 255, 61, 250, 191, 127, 254, 253, 255, 247,
       60, 191, 207, 119, 187, 124, 239, 215, 251, 127, 255, 123, 215,
       63, 151, 237, 223, 223, 250, 125, 255, 119, 115, 92, 107, 125,
       213, 30, 253, 53, 221, 191, 16, 5, 252, 167, 156, 255, 80, 246,
       176, 63, 252, 221, 56, 190, 252, 169, 255, 253, 114, 119, 253,
       255, 189, 253, 238, 251, 87, 250, 187, 238, 251, 221, 251, 111,
       127, 189, 246, 179, 95, 239, 183, 183, 89, 205, 54, 235, 255, 39,
       119, 251, 215, 125, 253, 124, 120, 125, 242, 55, 255, 61, 119,
       238, 157, 172, 190, 213, 241, 61, 156, 76, 80, 254, 115, 255, 91,
       87, 33, 250, 253, 126, 247, 241, 223, 103, 235, 249, 236, 127,
       250, 63, 255, 239, 251, 236, 227, 213, 127, 102, 127, 143, 174,
       60, 78, 238, 63, 47, 215, 15, 58, 191, 115, 39, 92, 251, 82, 119,
       117, 214, 211, 68, 88, 30, 73, 142, 200, 149, 141, 45, 86, 181,
       201, 255, 133, 107, 208, 252, 33, 60, 92, 70, 50, 180, 252, 251,
       255, 255, 246, 255, 251, 255, 253, 253, 222, 255, 255, 254, 251,
       238, 251, 213, 123, 111, 127, 159, 231, 119, 111, 255, 191, 191,
       255, 223, 126, 191, 247, 39, 117, 251, 86, 127, 253, 116, 249, 93,
       249, 62, 223, 31, 253, 247, 157, 172, 30, 149, 241, 63, 156, 77,
       80, 254, 115, 191, 93, 95, 49, 250, 247, 254, 255, 231, 255, 252,
       155, 152, 255, 253, 151, 255, 175, 127, 254, 125, 242, 247, 62,
       51, 205, 71, 155, 124, 239, 222, 249, 63, 254, 123, 247, 127, 215,
       237, 95, 223, 250, 123, 237, 119, 113, 92, 106, 63, 213, 28, 252,
       53, 157, 189, 24, 5, 244, 183, 156, 107, 80, 246, 178, 189, 220,
       95, 48, 254, 247, 252, 255, 223, 255, 222, 223, 136, 239, 103, 61,
       250, 191, 127, 246, 93, 255, 247, 60, 119, 143, 119, 147, 124,
       239, 215, 255, 127, 247, 59, 215, 47, 151, 237, 223, 223, 202,
       121, 255, 119, 112, 223, 105, 125, 213, 28, 253, 55, 221, 172, 16,
       5, 248, 181, 156, 235, 80, 246, 48, 61, 220, 93, 48, 254, 236,
       175, 239, 249, 82, 127, 231, 255, 189, 253, 206, 159, 211, 252,
       251, 238, 203, 221, 251, 111, 254, 221, 238, 187, 95, 255, 159,
       166, 121, 199, 54, 255, 215, 7, 117, 251, 87, 255, 253, 124, 120,
       125, 254, 55, 95, 189, 127, 227, 159, 172, 191, 189, 211, 127,
       156, 76, 80, 252, 107, 255, 95, 95, 33, 254, 108, 175, 255, 249,
       48, 255, 241, 255, 189, 220, 198, 247, 211, 254, 187, 206, 203,
       253, 251, 111, 245, 63, 214, 243, 95, 251, 150, 167, 124, 206, 50,
       235, 207, 2, 87, 186, 87, 120, 249, 124, 120, 125, 186, 39, 221,
       53, 119, 239, 185, 172, 152, 29, 240, 29, 156, 73, 20, 242, 115,
       191, 90, 87, 33, 250, 246, 249, 249, 159, 247, 158, 95, 9, 239,
       71, 61, 250, 191, 234, 180, 95, 255, 247, 60, 119, 15, 55, 211,
       101, 239, 215, 255, 127, 83, 58, 214, 41, 214, 45, 22, 223, 194,
       125, 235, 119, 114, 218, 61, 105, 149, 28, 245, 63, 149, 172, 16,
       5, 104, 57, 156, 107, 16, 246, 49, 189, 88, 85, 48, 250, 44, 41,
       247, 152, 16, 103, 101, 127, 148, 196, 206, 53, 81, 254, 187, 70,
       235, 92, 227, 102, 247, 45, 192, 179, 93, 171, 132, 141, 80, 140,
       48, 233, 215, 6, 85, 186, 16, 120, 73, 116, 112, 84, 56, 39, 84,
       52, 101, 238, 153, 172, 24, 4, 240, 29, 156, 73, 16, 242, 51, 189,
       88, 71, 33, 250, 191, 245, 125, 118, 55, 52, 221, 26, 246, 223,
       117, 251, 175, 123, 132, 93, 246, 215, 5, 115, 231, 110, 161, 118,
       236, 158, 227, 91, 90, 58, 245, 121, 214, 44, 84, 190, 219, 120,
       249, 245, 82, 94, 57, 47, 208, 16, 245, 111, 153, 172, 24, 5, 240,
       29, 156, 73, 16, 242, 51, 191, 88, 87, 34, 251, 255, 49, 243, 183,
       223, 226, 31, 206, 230, 103, 177, 122, 191, 234, 182, 95, 235,
       213, 53, 103, 207, 167, 226, 55, 78, 223, 187, 47, 211, 8, 51,
       107, 215, 37, 84, 187, 82, 112, 225, 118, 112, 72, 56, 47, 209,
       28, 245, 111, 153, 172, 24, 5, 240, 29, 156, 73, 16, 242, 51, 189,
       88, 87, 32, 250, 63, 246, 125, 170, 191, 61, 171, 89, 246, 90,
       242, 117, 45, 91, 233, 117, 242, 246, 3, 112, 241, 34, 145, 118,
       228, 156, 97, 137, 222, 90, 113, 249, 212, 100, 221, 190, 83, 112,
       169, 117, 249, 92, 26, 15, 212, 149, 240, 77, 152, 189, 24, 5,
       240, 29, 156, 73, 16, 242, 51, 188, 88, 87, 36, 248, 63, 245, 125,
       142, 55, 61, 29, 123, 231, 198, 189, 176, 125, 62, 252, 87, 255,
       246, 70, 241, 49, 114, 209, 246, 221, 181, 245, 89, 114, 158, 244,
       233, 218, 44, 215, 190, 202, 120, 201, 125, 56, 221, 61, 47, 212,
       116, 244, 110, 155, 172, 144, 13, 242, 29, 156, 93, 56, 242, 51,
       189, 121, 215, 44, 250, 254, 185, 255, 247, 254, 183, 219, 185,
       222, 191, 215, 127, 255, 238, 178, 92, 254, 151, 127, 247, 255,
       255, 195, 221, 191, 126, 254, 255, 234, 255, 247, 190, 207, 45,
       70, 255, 223, 61, 249, 125, 88, 93, 247, 46, 217, 125, 191, 63,
       191, 174, 137, 203, 242, 189, 92, 81, 110, 247, 215, 251, 187,
       191, 232, 254, 54, 113, 89, 158, 50, 4, 93, 11, 199, 70, 53, 176,
       53, 226, 180, 86, 246, 214, 4, 99, 3, 184, 193, 7, 220, 147, 231,
