%YAML:1.0
descriptors: !!opencv-matrix
   rows: 55
   cols: 64
   dt: u
   data: [ 191, 254, 125, 239, 191, 253, 223, 152, 255, 255, 252, 251,
       175, 123, 236, 253, 247, 247, 47, 251, 253, 118, 155, 124, 229,
       255, 113, 251, 255, 123, 247, 255, 223, 236, 223, 254, 255, 249,
       249, 247, 127, 94, 107, 191, 213, 83, 254, 55, 184, 255, 24, 13,
       252, 181, 223, 109, 56, 246, 247, 191, 250, 223, 44, 254, 252,
       254, 119, 255, 255, 255, 255, 249, 255, 253, 254, 255, 255, 126,
       254, 253, 255, 215, 127, 111, 125, 171, 191, 124, 239, 255, 255,
       255, 223, 95, 255, 191, 243, 229, 124, 255, 86, 247, 253, 247,
       219, 94, 122, 62, 221, 143, 220, 53, 141, 173, 94, 37, 248, 191,
       143, 105, 208, 252, 49, 189, 222, 95, 50, 188, 255, 222, 110, 255,
       255, 253, 223, 153, 191, 255, 185, 250, 191, 107, 116, 127, 245,
       247, 126, 251, 191, 119, 243, 124, 101, 255, 255, 127, 95, 127,
       247, 187, 211, 236, 223, 255, 218, 125, 249, 247, 114, 94, 120,
       61, 215, 92, 253, 63, 157, 175, 16, 5, 248, 189, 156, 125, 16,
       246, 115, 191, 253, 215, 40, 187, 255, 252, 239, 235, 255, 255,
       223, 153, 255, 119, 189, 250, 191, 250, 254, 253, 243, 247, 63,
       255, 127, 223, 191, 124, 119, 247, 123, 63, 255, 123, 126, 191,
       162, 239, 223, 223, 234, 119, 255, 255, 243, 223, 238, 125, 221,
       94, 252, 181, 205, 189, 150, 173, 201, 247, 135, 247, 248, 252,
       248, 63, 223, 221, 190, 189, 255, 253, 239, 251, 255, 246, 223,
       216, 255, 79, 249, 250, 239, 235, 246, 93, 235, 245, 63, 119, 111,
       207, 179, 124, 110, 223, 187, 63, 223, 27, 114, 57, 210, 111, 28,
       219, 74, 117, 253, 246, 118, 202, 56, 255, 223, 24, 253, 181, 205,
       173, 18, 133, 233, 191, 142, 239, 216, 252, 113, 31, 92, 87, 48,
       186, 61, 254, 253, 109, 190, 253, 251, 112, 121, 255, 255, 221,
       220, 125, 125, 253, 189, 235, 235, 251, 245, 117, 91, 253, 249,
       127, 245, 254, 109, 247, 247, 231, 223, 216, 195, 36, 255, 251,
       248, 123, 124, 29, 251, 183, 245, 243, 247, 107, 187, 219, 141,
       79, 244, 157, 218, 93, 63, 215, 223, 247, 243, 251, 108, 222, 250,
       249, 251, 215, 247, 199, 223, 169, 222, 203, 189, 250, 191, 206,
       246, 252, 127, 215, 126, 23, 15, 191, 167, 108, 174, 215, 255,
       127, 215, 251, 246, 58, 226, 173, 62, 223, 218, 117, 255, 247, 83,
       203, 229, 121, 155, 28, 157, 52, 199, 159, 86, 167, 105, 242, 180,
       251, 208, 188, 112, 123, 125, 29, 176, 190, 247, 253, 255, 223,
       247, 31, 95, 218, 239, 71, 181, 250, 255, 234, 182, 95, 246, 247,
       126, 119, 31, 255, 243, 103, 206, 227, 251, 125, 211, 60, 222, 41,
       214, 45, 22, 255, 194, 125, 215, 245, 210, 203, 60, 31, 155, 28,
       213, 30, 149, 172, 24, 5, 96, 59, 159, 75, 88, 246, 49, 63, 93,
       84, 50, 251, 45, 46, 101, 169, 216, 237, 167, 253, 237, 125, 202,
       63, 193, 63, 219, 229, 235, 213, 139, 96, 201, 1, 142, 120, 77,
       221, 25, 35, 222, 11, 59, 95, 85, 231, 125, 187, 80, 243, 45, 54,
       181, 84, 74, 63, 77, 134, 124, 177, 136, 37, 92, 36, 209, 159,
       143, 41, 144, 232, 43, 172, 204, 71, 32, 180, 127, 55, 247, 247,
       127, 167, 251, 120, 244, 253, 215, 247, 255, 251, 179, 87, 242,
       221, 35, 99, 237, 47, 195, 119, 77, 234, 180, 175, 82, 28, 113,
       235, 215, 36, 85, 190, 83, 120, 233, 116, 120, 92, 56, 47, 213,
       21, 243, 111, 153, 172, 24, 5, 240, 29, 156, 73, 16, 242, 51, 189,
       88, 87, 32, 250, 126, 177, 253, 181, 255, 183, 191, 121, 254, 103,
       213, 126, 253, 124, 179, 84, 246, 213, 67, 102, 237, 39, 195, 118,
       204, 218, 244, 111, 82, 28, 243, 235, 215, 36, 85, 190, 82, 120,
       233, 116, 112, 92, 56, 47, 213, 20, 245, 111, 153, 172, 24, 5,
       240, 29, 156, 73, 16, 242, 51, 189, 88, 87, 32, 250, 187, 212, 88,
       170, 63, 184, 31, 8, 118, 123, 61, 250, 175, 10, 36, 93, 255, 247,
       37, 241, 224, 114, 241, 118, 228, 223, 241, 107, 83, 123, 245,
       105, 151, 44, 150, 190, 115, 120, 233, 245, 114, 222, 62, 41, 209,
       21, 244, 111, 153, 172, 24, 5, 240, 29, 156, 73, 16, 178, 51, 189,
       88, 87, 32, 251, 255, 117, 117, 167, 222, 166, 175, 216, 238, 79,
       209, 122, 239, 107, 146, 85, 226, 213, 63, 100, 105, 135, 130,
       116, 78, 222, 189, 45, 210, 10, 114, 57, 210, 37, 84, 187, 82,
       120, 173, 116, 112, 72, 24, 15, 209, 28, 252, 21, 153, 172, 24, 5,
       240, 29, 156, 73, 16, 242, 51, 189, 88, 87, 32, 250, 191, 252,
       125, 175, 255, 253, 151, 136, 255, 125, 60, 251, 191, 127, 244,
       125, 243, 247, 37, 97, 229, 70, 177, 116, 110, 255, 237, 59, 255,
       91, 119, 127, 247, 100, 85, 190, 114, 120, 233, 252, 115, 95, 56,
       47, 212, 22, 244, 109, 153, 172, 24, 5, 240, 29, 156, 73, 48, 242,
       51, 188, 88, 87, 34, 249, 47, 220, 236, 186, 31, 255, 183, 95,
       189, 254, 140, 169, 189, 127, 189, 77, 251, 253, 99, 242, 245,
       119, 219, 119, 85, 253, 181, 39, 123, 223, 113, 227, 207, 44, 87,
       186, 83, 120, 233, 124, 120, 92, 58, 175, 213, 117, 247, 111, 185,
       172, 24, 13, 240, 29, 156, 73, 16, 242, 55, 189, 90, 87, 40, 250,
       124, 171, 255, 252, 50, 127, 241, 255, 253, 252, 222, 181, 95,
       254, 251, 238, 251, 220, 251, 111, 117, 251, 230, 183, 125, 107,
       148, 145, 125, 221, 62, 235, 255, 38, 117, 250, 87, 122, 217, 124,
       250, 125, 251, 54, 221, 167, 99, 238, 191, 172, 255, 157, 242, 31,
       157, 76, 116, 246, 107, 253, 91, 78, 35, 250, 253, 59, 247, 213,
       249, 231, 253, 250, 252, 253, 194, 255, 231, 255, 147, 79, 235,
       213, 39, 103, 207, 175, 195, 119, 79, 223, 183, 47, 82, 14, 50,
       123, 215, 39, 85, 186, 82, 120, 233, 116, 112, 92, 56, 47, 221,
       20, 245, 111, 153, 172, 24, 5, 240, 29, 156, 73, 16, 242, 51, 189,
       88, 87, 32, 250, 57, 54, 116, 38, 253, 173, 33, 112, 240, 52, 214,
       117, 236, 57, 128, 21, 246, 238, 195, 240, 241, 6, 27, 245, 194,
       40, 236, 222, 120, 21, 225, 230, 221, 108, 66, 190, 95, 146, 161,
       253, 221, 84, 26, 134, 192, 97, 234, 77, 184, 100, 137, 8, 240,
       28, 155, 73, 62, 242, 151, 148, 250, 70, 36, 93, 186, 181, 125,
       182, 255, 165, 95, 57, 214, 79, 213, 123, 255, 106, 52, 84, 254,
       247, 118, 243, 243, 127, 179, 119, 190, 186, 247, 255, 250, 249,
       245, 169, 199, 108, 142, 254, 222, 121, 241, 253, 89, 203, 215,
       143, 209, 113, 181, 95, 191, 182, 153, 139, 234, 188, 156, 81,
       120, 182, 115, 155, 251, 159, 44, 255, 28, 186, 219, 229, 184,
       176, 185, 228, 152, 191, 210, 117, 209, 2, 153, 80, 234, 220, 131,
       106, 197, 37, 206, 89, 45, 136, 166, 143, 86, 77, 49, 255, 119,
       164, 93, 186, 118, 251, 233, 118, 208, 92, 89, 14, 242, 132, 209,
       123, 155, 172, 24, 5, 240, 29, 157, 73, 16, 242, 59, 189, 88, 23,
       32, 247, 77, 43, 215, 244, 24, 162, 161, 126, 148, 188, 194, 117,
       67, 255, 147, 66, 234, 221, 163, 99, 229, 45, 206, 123, 79, 202,
       166, 135, 90, 12, 49, 207, 119, 39, 117, 186, 84, 250, 233, 116,
       81, 116, 58, 38, 201, 4, 193, 239, 153, 172, 24, 5, 240, 28, 156,
       73, 16, 242, 51, 189, 88, 87, 33, 250, 189, 190, 255, 109, 188,
       245, 185, 244, 252, 255, 234, 253, 207, 61, 251, 253, 255, 252,
       171, 107, 245, 3, 255, 125, 237, 255, 125, 255, 95, 87, 243, 255,
       245, 228, 93, 63, 118, 247, 233, 126, 121, 92, 122, 190, 215, 227,
       255, 125, 185, 252, 94, 5, 240, 29, 156, 73, 144, 242, 179, 189,
       222, 87, 32, 254, 254, 57, 243, 255, 84, 102, 121, 254, 212, 239,
       112, 187, 35, 202, 150, 95, 235, 213, 57, 103, 15, 175, 231, 63,
       78, 203, 182, 47, 211, 8, 50, 111, 211, 39, 52, 251, 82, 124, 101,
       244, 82, 74, 184, 111, 219, 28, 65, 254, 153, 172, 90, 5, 224, 30,
       156, 73, 144, 240, 49, 191, 92, 86, 34, 251, 191, 254, 109, 207,
       191, 253, 221, 89, 255, 255, 189, 250, 253, 59, 252, 125, 243,
       245, 102, 249, 245, 118, 155, 124, 253, 247, 245, 59, 127, 127,
       247, 255, 215, 236, 223, 158, 218, 121, 249, 127, 126, 223, 107,
