%YAML:1.0
descriptors: !!opencv-matrix
   rows: 91
   cols: 64
   dt: u
   data: [ 62, 182, 253, 182, 63, 253, 191, 125, 246, 252, 214, 117, 253,
       126, 186, 84, 255, 223, 99, 99, 245, 39, 195, 119, 205, 250, 244,
       239, 90, 93, 247, 235, 215, 44, 85, 190, 83, 120, 233, 116, 120,
       93, 56, 47, 213, 53, 247, 111, 153, 172, 24, 5, 240, 29, 156, 73,
       16, 242, 51, 189, 88, 87, 32, 250, 63, 177, 253, 190, 63, 183,
       255, 126, 246, 254, 212, 245, 253, 126, 183, 87, 255, 255, 67,
       243, 245, 55, 195, 119, 205, 250, 244, 207, 90, 92, 245, 235, 223,
       44, 85, 190, 91, 120, 233, 124, 120, 93, 56, 47, 213, 53, 247,
       111, 153, 172, 24, 5, 240, 29, 156, 73, 16, 242, 51, 189, 88, 87,
       32, 250, 63, 185, 253, 254, 63, 253, 249, 126, 247, 252, 222, 245,
       125, 126, 191, 254, 255, 222, 99, 123, 245, 126, 195, 119, 237,
       171, 228, 219, 126, 221, 245, 239, 223, 44, 85, 190, 223, 122,
       249, 125, 120, 93, 123, 47, 212, 53, 247, 111, 153, 172, 25, 5,
       240, 29, 156, 73, 16, 242, 51, 189, 91, 95, 32, 250, 63, 182, 253,
       190, 63, 181, 189, 124, 119, 254, 244, 241, 125, 123, 183, 85,
       254, 222, 65, 99, 245, 32, 231, 123, 205, 171, 224, 219, 91, 93,
       245, 239, 247, 36, 84, 186, 83, 120, 233, 244, 114, 94, 56, 47,
       208, 21, 211, 111, 153, 172, 24, 5, 240, 29, 157, 73, 16, 242, 51,
       189, 88, 87, 34, 251, 62, 48, 241, 54, 63, 39, 121, 111, 214, 174,
       209, 53, 125, 202, 145, 86, 250, 214, 67, 82, 241, 42, 193, 63,
       156, 170, 230, 143, 82, 249, 245, 238, 67, 172, 6, 190, 223, 56,
       161, 95, 88, 72, 213, 10, 194, 117, 129, 79, 187, 174, 24, 1, 226,
       28, 156, 81, 0, 178, 179, 153, 186, 6, 32, 246, 62, 48, 125, 150,
       191, 149, 31, 73, 230, 111, 145, 48, 189, 110, 180, 87, 254, 215,
       2, 113, 201, 115, 195, 111, 204, 214, 243, 127, 82, 24, 245, 105,
       215, 44, 22, 190, 82, 120, 225, 116, 112, 74, 60, 47, 213, 20,
       245, 79, 153, 172, 24, 5, 224, 29, 156, 73, 24, 242, 51, 189, 88,
       87, 32, 250, 186, 240, 249, 175, 255, 233, 223, 28, 255, 107, 221,
       255, 191, 78, 166, 93, 255, 215, 50, 211, 199, 63, 195, 110, 229,
       223, 243, 63, 83, 123, 255, 111, 159, 236, 157, 222, 250, 121,
       249, 119, 113, 221, 111, 105, 213, 21, 253, 127, 157, 190, 24, 5,
       240, 149, 220, 105, 24, 178, 183, 187, 185, 95, 164, 222, 254, 50,
       127, 135, 255, 179, 159, 248, 246, 255, 243, 115, 253, 74, 177,
       85, 242, 213, 95, 98, 201, 39, 135, 124, 142, 220, 233, 63, 218,
       73, 117, 127, 115, 37, 28, 191, 82, 121, 161, 245, 80, 78, 26, 14,
       193, 4, 216, 93, 153, 173, 24, 5, 248, 28, 157, 73, 16, 242, 51,
       156, 88, 22, 32, 184, 60, 190, 247, 139, 218, 207, 135, 77, 239,
       84, 174, 125, 253, 62, 251, 244, 251, 245, 107, 100, 213, 3, 223,
       117, 95, 253, 61, 45, 182, 154, 91, 175, 197, 101, 87, 158, 82,
       114, 237, 124, 117, 85, 56, 167, 69, 30, 252, 101, 157, 172, 216,
       13, 242, 29, 156, 73, 48, 242, 34, 189, 90, 79, 32, 250, 62, 54,
       117, 163, 255, 253, 163, 121, 253, 117, 222, 119, 253, 63, 250,
       117, 242, 253, 67, 112, 249, 103, 219, 244, 221, 252, 252, 175,
       250, 223, 123, 239, 95, 44, 87, 190, 91, 122, 233, 92, 92, 85, 88,
       174, 197, 33, 246, 109, 153, 172, 153, 9, 240, 29, 156, 73, 48,
       242, 51, 189, 218, 23, 36, 250, 45, 174, 247, 105, 250, 255, 167,
       254, 249, 212, 206, 125, 221, 125, 249, 236, 235, 253, 251, 110,
       245, 77, 158, 245, 127, 253, 29, 181, 252, 78, 122, 159, 221, 103,
       117, 154, 84, 243, 253, 60, 61, 53, 122, 55, 77, 163, 125, 226,
       172, 53, 239, 188, 243, 191, 142, 77, 108, 236, 107, 173, 203,
       143, 37, 254, 9, 255, 213, 126, 40, 184, 252, 82, 121, 185, 236,
       235, 238, 113, 236, 25, 239, 171, 165, 107, 231, 108, 65, 211,
       193, 95, 243, 254, 109, 38, 225, 231, 223, 82, 81, 180, 121, 248,
       248, 117, 126, 126, 186, 103, 245, 213, 247, 111, 153, 239, 8, 71,
       240, 29, 27, 77, 23, 243, 215, 167, 88, 115, 225, 91, 190, 182,
       109, 163, 191, 245, 143, 217, 239, 255, 216, 126, 237, 14, 179,
       85, 251, 244, 67, 241, 249, 34, 223, 124, 68, 253, 249, 43, 82,
       31, 123, 255, 197, 44, 223, 186, 90, 120, 233, 119, 112, 76, 50,
       175, 213, 21, 244, 125, 152, 172, 24, 1, 240, 157, 156, 89, 16,
       242, 51, 189, 90, 87, 40, 250, 13, 46, 229, 128, 16, 239, 33, 127,
       160, 196, 194, 53, 81, 55, 153, 194, 203, 92, 195, 96, 209, 1,
       206, 179, 77, 169, 4, 133, 80, 12, 49, 73, 85, 6, 85, 186, 16,
       122, 73, 20, 180, 116, 56, 38, 68, 164, 101, 234, 25, 44, 56, 4,
       240, 29, 156, 8, 16, 226, 35, 189, 72, 71, 32, 250, 44, 42, 237,
       152, 18, 223, 37, 111, 165, 246, 130, 180, 81, 190, 189, 70, 203,
       84, 99, 97, 213, 55, 200, 115, 93, 152, 132, 5, 82, 140, 49, 201,
       215, 36, 87, 186, 82, 122, 233, 116, 112, 85, 48, 47, 85, 20, 117,
       111, 153, 172, 24, 4, 242, 29, 156, 72, 16, 226, 51, 189, 88, 87,
       32, 250, 189, 254, 119, 231, 253, 253, 179, 248, 252, 125, 246,
       127, 239, 123, 202, 245, 251, 220, 239, 104, 253, 2, 175, 124,
       111, 255, 121, 179, 255, 79, 115, 255, 253, 229, 93, 254, 119,
       243, 233, 246, 221, 92, 90, 22, 201, 163, 250, 113, 169, 253, 93,
       37, 252, 159, 143, 105, 22, 244, 183, 172, 222, 95, 36, 252, 62,
       190, 125, 235, 191, 253, 181, 121, 255, 222, 222, 127, 253, 126,
       249, 245, 255, 246, 195, 242, 245, 118, 211, 244, 253, 252, 117,
       251, 126, 223, 255, 251, 207, 108, 223, 190, 255, 122, 233, 125,
       124, 93, 114, 175, 212, 231, 247, 111, 187, 188, 152, 13, 242, 29,
       220, 89, 54, 242, 127, 189, 250, 223, 108, 250, 154, 216, 26, 239,
       171, 217, 222, 173, 95, 251, 126, 253, 190, 54, 107, 248, 255,
       146, 188, 155, 204, 24, 175, 56, 233, 223, 123, 123, 207, 227,
       255, 127, 181, 225, 125, 85, 119, 215, 250, 246, 243, 95, 239,
       124, 190, 151, 218, 49, 207, 219, 127, 183, 254, 135, 229, 239,
       215, 221, 172, 108, 215, 109, 146, 183, 124, 57, 243, 244, 82,
       103, 123, 127, 196, 4, 211, 53, 113, 198, 155, 226, 242, 213, 91,
       102, 103, 173, 198, 151, 142, 200, 174, 141, 66, 140, 60, 232,
       103, 39, 117, 187, 4, 118, 197, 84, 153, 81, 149, 14, 105, 174,
       161, 238, 159, 36, 217, 215, 243, 62, 20, 73, 192, 122, 27, 249,
       72, 6, 33, 240, 146, 144, 152, 23, 47, 192, 222, 133, 10, 161, 29,
       202, 190, 100, 34, 18, 125, 131, 36, 147, 142, 173, 99, 74, 209,
       87, 243, 122, 2, 179, 199, 102, 151, 188, 65, 36, 251, 72, 234,
       99, 96, 28, 101, 105, 181, 84, 181, 111, 153, 202, 24, 71, 244,
       29, 120, 73, 19, 243, 179, 181, 56, 115, 160, 202, 13, 142, 239,
       169, 56, 117, 160, 247, 57, 254, 198, 7, 200, 53, 187, 129, 201,
       236, 195, 106, 244, 101, 94, 251, 77, 56, 20, 194, 124, 69, 59,
       195, 223, 16, 211, 40, 85, 250, 233, 96, 252, 20, 58, 166, 85,
       225, 243, 107, 184, 236, 24, 5, 240, 29, 156, 73, 22, 194, 51,
       189, 90, 211, 108, 250, 243, 213, 248, 158, 119, 14, 95, 11, 231,
       103, 53, 250, 191, 138, 38, 95, 255, 247, 52, 245, 11, 151, 243,
       103, 246, 215, 251, 127, 83, 57, 212, 41, 199, 44, 150, 223, 194,
       125, 163, 119, 112, 202, 45, 105, 151, 28, 245, 63, 213, 166, 18,
       5, 104, 24, 182, 67, 24, 178, 48, 61, 61, 213, 56, 250, 254, 125,
       239, 255, 54, 127, 95, 251, 253, 255, 247, 187, 127, 186, 254,
       222, 251, 213, 127, 127, 61, 247, 245, 54, 221, 255, 183, 191,
       123, 251, 126, 251, 194, 44, 230, 255, 222, 125, 241, 125, 248,
       223, 247, 63, 215, 55, 245, 111, 191, 173, 159, 141, 250, 29, 157,
       93, 88, 246, 123, 253, 127, 223, 40, 255, 231, 39, 97, 50, 85, 6,
       15, 74, 230, 71, 177, 114, 171, 171, 132, 87, 226, 245, 37, 101,
       3, 6, 129, 119, 78, 222, 169, 13, 18, 8, 48, 41, 210, 36, 84, 186,
       66, 120, 1, 212, 64, 74, 56, 175, 209, 24, 244, 78, 153, 172, 16,
       5, 96, 29, 156, 73, 16, 242, 51, 189, 88, 87, 32, 250, 141, 222,
