%YAML:1.0
descriptors: !!opencv-matrix
   rows: 86
   cols: 64
   dt: u
   data: [ 63, 55, 253, 190, 55, 183, 191, 127, 246, 254, 215, 179, 253,
       127, 187, 87, 254, 223, 99, 115, 245, 39, 195, 119, 205, 250, 244,
       223, 82, 28, 245, 235, 215, 44, 85, 190, 91, 120, 233, 116, 120,
       92, 56, 47, 213, 53, 247, 111, 153, 172, 24, 5, 240, 29, 156, 73,
       16, 242, 51, 189, 88, 87, 32, 250, 61, 178, 253, 246, 62, 247,
       187, 126, 244, 254, 214, 119, 253, 127, 179, 85, 251, 253, 99, 99,
       245, 119, 211, 247, 204, 254, 244, 191, 122, 94, 247, 235, 223,
       44, 87, 190, 91, 120, 233, 124, 124, 93, 58, 47, 213, 53, 247,
       111, 153, 172, 24, 5, 240, 29, 156, 73, 16, 242, 51, 189, 88, 87,
       32, 250, 253, 253, 255, 253, 255, 255, 255, 255, 255, 255, 252,
       251, 255, 251, 254, 253, 251, 245, 127, 123, 245, 127, 247, 255,
       255, 255, 247, 255, 255, 223, 255, 255, 223, 108, 215, 255, 222,
       125, 249, 253, 122, 223, 251, 63, 213, 183, 247, 111, 189, 173,
       158, 13, 248, 29, 158, 93, 56, 246, 123, 191, 251, 223, 42, 251,
       255, 250, 255, 239, 255, 255, 223, 248, 255, 255, 253, 251, 255,
       251, 254, 253, 255, 247, 63, 127, 111, 223, 175, 124, 239, 255,
       127, 127, 255, 123, 254, 191, 242, 239, 252, 223, 210, 119, 253,
       247, 211, 223, 235, 127, 219, 158, 252, 181, 205, 189, 86, 165,
       233, 247, 135, 239, 208, 252, 105, 63, 221, 93, 50, 189, 62, 191,
       249, 202, 55, 221, 221, 15, 255, 214, 29, 248, 61, 62, 191, 222,
       223, 182, 96, 187, 151, 118, 211, 103, 253, 245, 245, 121, 47,
       251, 223, 235, 135, 220, 239, 134, 254, 88, 251, 123, 48, 221,
       229, 237, 183, 148, 117, 111, 179, 186, 185, 15, 182, 5, 254, 84,
       48, 243, 122, 253, 251, 219, 232, 222, 60, 153, 254, 252, 63, 127,
       249, 127, 55, 252, 223, 245, 63, 126, 191, 255, 255, 222, 97, 99,
       245, 63, 208, 115, 109, 239, 240, 95, 91, 95, 247, 235, 223, 36,
       87, 186, 211, 122, 233, 117, 112, 93, 123, 47, 213, 21, 247, 111,
       153, 172, 24, 5, 240, 29, 156, 73, 16, 242, 51, 189, 88, 87, 32,
       250, 45, 46, 237, 168, 26, 63, 161, 127, 244, 118, 198, 48, 125,
       59, 251, 197, 202, 252, 67, 96, 241, 80, 216, 244, 93, 169, 28,
       129, 250, 156, 49, 203, 213, 4, 87, 186, 83, 114, 169, 124, 252,
       84, 24, 143, 84, 135, 114, 77, 153, 44, 24, 4, 240, 29, 157, 89,
       24, 240, 35, 188, 88, 215, 40, 250, 61, 182, 117, 162, 63, 245,
       161, 121, 244, 124, 194, 117, 237, 127, 185, 101, 251, 244, 195,
       96, 241, 34, 153, 127, 92, 188, 36, 139, 94, 222, 121, 239, 215,
       36, 87, 186, 82, 120, 233, 124, 125, 84, 26, 174, 84, 161, 244,
       111, 153, 172, 24, 1, 240, 29, 156, 73, 16, 242, 51, 189, 90, 87,
       32, 250, 63, 247, 125, 246, 55, 61, 189, 122, 247, 212, 255, 241,
       125, 127, 244, 85, 255, 246, 71, 243, 245, 98, 209, 247, 205, 191,
       229, 217, 126, 94, 245, 233, 222, 44, 87, 190, 219, 120, 201, 125,
       124, 93, 57, 47, 212, 53, 247, 110, 153, 172, 24, 5, 240, 29, 156,
       73, 48, 242, 51, 189, 88, 87, 36, 250, 254, 253, 255, 255, 255,
       255, 255, 249, 255, 253, 255, 255, 255, 254, 254, 253, 243, 213,
       127, 127, 127, 159, 191, 60, 255, 255, 251, 191, 223, 95, 254,
       191, 224, 111, 126, 223, 210, 119, 253, 247, 219, 223, 250, 190,
       223, 159, 220, 180, 205, 181, 86, 189, 233, 255, 135, 239, 208,
       252, 105, 62, 95, 94, 58, 188, 28, 186, 223, 126, 62, 121, 248,
       119, 243, 186, 222, 245, 124, 119, 171, 122, 239, 222, 35, 227,
       197, 39, 195, 247, 205, 11, 228, 219, 90, 77, 183, 106, 223, 44,
       85, 190, 91, 120, 233, 116, 120, 92, 56, 47, 212, 53, 247, 111,
       153, 172, 24, 5, 240, 29, 156, 73, 16, 242, 51, 189, 88, 87, 32,
       250, 254, 40, 249, 166, 50, 95, 25, 239, 215, 254, 223, 54, 125,
       174, 187, 246, 251, 212, 67, 97, 113, 145, 229, 52, 221, 221, 188,
       9, 194, 218, 127, 233, 69, 36, 71, 254, 222, 114, 201, 124, 112,
       93, 117, 47, 213, 20, 228, 108, 159, 172, 26, 5, 242, 29, 156, 89,
       144, 242, 51, 188, 93, 31, 32, 250, 191, 240, 121, 174, 55, 50,
       187, 94, 214, 250, 208, 241, 109, 11, 134, 91, 250, 212, 39, 113,
       225, 33, 229, 118, 204, 155, 241, 15, 83, 40, 113, 107, 213, 36,
       148, 186, 118, 120, 169, 117, 114, 78, 58, 15, 211, 21, 209, 111,
       153, 172, 24, 5, 240, 28, 156, 73, 16, 242, 51, 157, 88, 87, 34,
       251, 173, 38, 101, 160, 221, 189, 35, 88, 172, 95, 226, 115, 233,
       75, 224, 101, 194, 125, 7, 96, 241, 6, 152, 116, 70, 168, 9, 3,
       218, 14, 41, 217, 122, 36, 86, 186, 82, 122, 5, 244, 220, 84, 26,
       142, 64, 67, 192, 197, 152, 44, 24, 4, 240, 29, 141, 73, 16, 240,
       51, 188, 72, 86, 32, 185, 63, 46, 237, 168, 94, 127, 161, 255,
       244, 124, 222, 55, 125, 63, 219, 228, 251, 244, 67, 112, 113, 195,
       221, 180, 95, 237, 60, 145, 251, 223, 115, 235, 221, 108, 71, 254,
       94, 50, 169, 124, 252, 85, 24, 190, 84, 163, 228, 108, 185, 44,
       159, 8, 240, 31, 157, 93, 56, 244, 43, 188, 90, 199, 40, 248, 250,
       248, 89, 175, 255, 200, 91, 8, 223, 107, 29, 255, 191, 78, 252,
       253, 255, 215, 52, 113, 205, 39, 195, 124, 237, 223, 249, 47, 83,
       59, 247, 107, 215, 164, 93, 191, 114, 121, 233, 117, 112, 220, 57,
       41, 213, 20, 245, 127, 153, 172, 24, 5, 224, 29, 156, 73, 16, 242,
       51, 189, 88, 87, 32, 250, 247, 242, 88, 166, 255, 146, 31, 8, 118,
       123, 177, 123, 175, 74, 164, 93, 114, 215, 61, 81, 193, 39, 129,
       124, 6, 222, 235, 47, 210, 9, 241, 127, 211, 37, 28, 187, 82, 120,
       33, 244, 114, 74, 56, 15, 209, 20, 208, 93, 153, 172, 24, 5, 96,
       28, 156, 73, 16, 242, 51, 156, 92, 87, 32, 185, 45, 174, 247, 169,
       217, 239, 167, 253, 189, 212, 206, 127, 241, 62, 251, 228, 235,
       245, 251, 100, 245, 15, 218, 117, 125, 253, 24, 37, 126, 202, 59,
       143, 133, 103, 117, 154, 16, 251, 237, 60, 49, 85, 56, 167, 77,
       143, 125, 225, 141, 52, 249, 60, 243, 23, 140, 73, 48, 236, 43,
       173, 74, 79, 36, 250, 47, 180, 120, 171, 159, 180, 143, 25, 167,
       238, 41, 104, 173, 75, 177, 85, 251, 247, 33, 114, 225, 115, 91,
       125, 68, 213, 229, 127, 82, 57, 245, 247, 215, 172, 222, 190, 243,
       120, 169, 119, 100, 78, 110, 169, 213, 80, 213, 79, 152, 188, 24,
       5, 246, 29, 156, 89, 24, 178, 51, 189, 216, 215, 40, 242, 126, 49,
       113, 182, 26, 34, 57, 111, 198, 34, 209, 48, 117, 194, 145, 82,
       114, 134, 3, 80, 163, 170, 193, 31, 156, 136, 230, 205, 66, 184,
       229, 236, 99, 44, 36, 190, 10, 48, 1, 222, 136, 66, 149, 10, 194,
       21, 129, 79, 153, 38, 80, 3, 96, 28, 20, 65, 128, 178, 27, 184,
       56, 6, 34, 245, 152, 58, 178, 117, 233, 225, 162, 177, 200, 185,
       210, 103, 226, 84, 11, 0, 125, 139, 227, 146, 245, 47, 95, 222,
       147, 126, 117, 226, 140, 214, 227, 214, 79, 154, 67, 36, 189, 136,
       232, 104, 109, 20, 243, 182, 229, 97, 191, 99, 186, 218, 137, 235,
       246, 79, 88, 209, 103, 91, 215, 163, 162, 243, 205, 78, 9, 130, 0,
       33, 200, 176, 170, 80, 56, 59, 194, 79, 192, 69, 41, 1, 68, 169,
       137, 208, 224, 37, 26, 216, 192, 92, 121, 230, 76, 7, 161, 198,
       95, 144, 219, 33, 121, 168, 44, 34, 108, 4, 90, 141, 85, 65, 182,
       83, 184, 200, 8, 3, 245, 93, 88, 73, 23, 211, 151, 181, 130, 83,
       64, 102, 252, 253, 255, 253, 50, 255, 253, 247, 253, 223, 222,
       255, 255, 190, 255, 254, 251, 221, 123, 111, 61, 221, 247, 247,
       253, 127, 247, 253, 111, 223, 254, 169, 223, 102, 125, 255, 223,
       127, 249, 124, 124, 221, 253, 63, 223, 181, 119, 254, 159, 172,
       62, 133, 250, 29, 158, 93, 152, 246, 123, 253, 95, 95, 40, 250,
       121, 254, 252, 127, 255, 255, 251, 56, 255, 189, 214, 253, 253,
       123, 252, 221, 254, 255, 123, 251, 253, 127, 203, 255, 169, 123,
       245, 254, 127, 87, 247, 239, 223, 108, 197, 182, 223, 219, 249,
       127, 252, 221, 255, 47, 213, 247, 247, 111, 191, 254, 137, 15,
