%YAML:1.0
descriptors: !!opencv-matrix
   rows: 63
   cols: 64
   dt: u
   data: [ 62, 177, 253, 254, 54, 127, 125, 127, 247, 252, 221, 181, 125,
       126, 189, 86, 255, 254, 99, 99, 245, 114, 209, 247, 221, 255, 244,
       223, 122, 223, 245, 235, 199, 44, 87, 190, 223, 120, 233, 125,
       120, 93, 53, 47, 213, 53, 247, 111, 153, 172, 153, 13, 240, 29,
       156, 89, 48, 242, 51, 189, 90, 87, 40, 250, 62, 179, 253, 254, 63,
       255, 255, 126, 247, 254, 222, 245, 253, 126, 185, 119, 255, 255,
       99, 115, 245, 119, 195, 119, 205, 255, 245, 255, 122, 223, 247,
       235, 215, 44, 87, 190, 87, 120, 249, 124, 120, 93, 122, 47, 213,
       21, 247, 111, 153, 172, 24, 5, 242, 29, 156, 73, 16, 242, 51, 189,
       90, 87, 32, 250, 62, 49, 255, 246, 63, 55, 249, 127, 246, 254,
       214, 117, 125, 74, 179, 87, 246, 214, 67, 115, 245, 63, 197, 127,
       140, 170, 230, 219, 90, 93, 245, 239, 119, 44, 20, 190, 214, 120,
       241, 245, 88, 77, 223, 14, 208, 21, 195, 79, 153, 172, 24, 5, 242,
       29, 156, 73, 16, 242, 51, 191, 91, 30, 32, 254, 63, 17, 252, 244,
       63, 63, 93, 126, 55, 254, 245, 241, 63, 250, 180, 95, 242, 244,
       97, 243, 229, 126, 193, 123, 77, 170, 226, 91, 90, 93, 245, 235,
       215, 36, 84, 186, 82, 120, 241, 245, 82, 223, 127, 47, 208, 20,
       229, 111, 153, 172, 24, 5, 240, 29, 157, 73, 16, 242, 51, 189, 88,
       86, 34, 251, 190, 189, 125, 215, 255, 223, 219, 169, 254, 85, 191,
       126, 191, 123, 250, 244, 242, 215, 94, 119, 215, 119, 179, 118,
       255, 222, 245, 63, 254, 251, 87, 43, 215, 108, 85, 222, 218, 123,
       249, 252, 208, 221, 29, 15, 209, 30, 245, 111, 157, 172, 24, 13,
       248, 29, 156, 73, 24, 246, 51, 189, 88, 31, 40, 248, 183, 181,
       125, 150, 255, 158, 27, 8, 230, 71, 17, 122, 189, 107, 180, 84,
       250, 215, 4, 101, 199, 35, 131, 102, 204, 146, 245, 127, 82, 58,
       241, 41, 215, 36, 84, 158, 66, 120, 233, 116, 208, 88, 24, 15,
       209, 20, 245, 79, 153, 172, 24, 5, 240, 29, 156, 73, 16, 242, 51,
       189, 88, 87, 32, 251, 250, 153, 187, 247, 127, 231, 219, 58, 222,
       189, 213, 255, 191, 92, 20, 126, 125, 247, 118, 211, 246, 63, 243,
       95, 189, 255, 247, 255, 122, 243, 247, 239, 143, 191, 163, 52,
       255, 9, 250, 127, 121, 221, 247, 235, 245, 113, 183, 111, 191,
       250, 137, 203, 244, 37, 120, 209, 127, 179, 247, 251, 179, 255,
       189, 206, 92, 171, 215, 124, 120, 234, 254, 114, 73, 184, 219,
       179, 194, 245, 205, 10, 169, 201, 59, 230, 231, 45, 194, 219, 207,
       95, 179, 255, 64, 38, 163, 206, 215, 51, 117, 187, 93, 252, 253,
       119, 125, 124, 185, 111, 237, 157, 255, 107, 152, 228, 9, 215,
       241, 125, 28, 73, 69, 255, 83, 243, 88, 103, 177, 246, 250, 56,
       127, 215, 255, 205, 211, 169, 223, 117, 95, 127, 189, 126, 251,
       244, 246, 151, 94, 50, 223, 191, 159, 124, 255, 206, 236, 127,
       246, 251, 223, 254, 163, 173, 71, 254, 222, 83, 235, 222, 209, 93,
       197, 30, 201, 14, 233, 55, 141, 45, 219, 141, 254, 31, 157, 123,
       112, 118, 248, 56, 251, 14, 58, 252, 220, 41, 219, 245, 112, 242,
       250, 238, 216, 171, 215, 116, 115, 194, 146, 234, 34, 205, 63, 79,
       143, 141, 230, 159, 143, 202, 170, 143, 66, 45, 48, 238, 119, 7,
       116, 251, 30, 255, 197, 214, 216, 116, 145, 78, 235, 15, 3, 239,
       223, 44, 59, 215, 241, 125, 61, 74, 68, 254, 51, 251, 73, 22, 243,
       255, 45, 166, 237, 168, 62, 253, 177, 117, 116, 254, 86, 213, 93,
       61, 185, 196, 235, 220, 67, 96, 245, 32, 219, 243, 89, 40, 164,
       130, 92, 213, 49, 235, 223, 36, 85, 186, 95, 122, 233, 124, 248,
       92, 56, 175, 212, 53, 247, 111, 153, 172, 24, 5, 240, 29, 156, 73,
       16, 242, 51, 189, 90, 87, 32, 250, 255, 49, 251, 182, 87, 34, 123,
       110, 212, 228, 213, 49, 111, 138, 144, 86, 242, 213, 31, 101, 163,
       143, 225, 55, 14, 138, 234, 15, 82, 9, 112, 237, 115, 37, 52, 187,
       66, 126, 5, 212, 218, 194, 157, 10, 203, 31, 65, 207, 221, 36, 27,
       132, 104, 60, 189, 73, 80, 190, 51, 216, 88, 22, 50, 249, 76, 43,
       247, 249, 80, 119, 163, 246, 232, 252, 194, 53, 81, 245, 219, 226,
       203, 204, 203, 110, 125, 169, 204, 179, 77, 249, 148, 133, 104,
       142, 58, 219, 112, 7, 117, 186, 20, 242, 77, 116, 188, 116, 24,
       54, 77, 167, 99, 226, 153, 45, 124, 49, 209, 31, 140, 72, 132,
       232, 3, 189, 72, 70, 33, 242, 243, 245, 249, 190, 87, 78, 95, 15,
       231, 71, 189, 250, 47, 202, 166, 95, 251, 247, 52, 117, 11, 163,
       243, 38, 68, 215, 249, 45, 211, 58, 86, 41, 150, 44, 148, 222, 66,
       112, 233, 119, 50, 202, 60, 105, 213, 28, 245, 46, 145, 164, 16,
       4, 96, 24, 148, 75, 24, 178, 49, 189, 24, 87, 48, 250, 109, 125,
       239, 248, 86, 255, 111, 127, 245, 254, 232, 184, 121, 206, 191,
       239, 139, 125, 251, 110, 255, 247, 214, 191, 93, 239, 167, 181,
       91, 92, 60, 201, 67, 6, 223, 187, 210, 124, 117, 117, 126, 238,
       126, 175, 87, 183, 101, 254, 28, 172, 62, 20, 227, 189, 157, 28,
       152, 174, 107, 191, 95, 214, 43, 179, 124, 59, 245, 228, 114, 127,
       51, 127, 237, 84, 223, 53, 125, 190, 254, 246, 251, 213, 91, 108,
       53, 211, 224, 55, 95, 253, 188, 29, 255, 218, 126, 169, 212, 101,
       119, 255, 198, 114, 221, 92, 157, 213, 29, 55, 77, 174, 229, 236,
       159, 36, 223, 140, 242, 63, 150, 93, 104, 254, 41, 253, 89, 15,
       32, 250, 124, 250, 239, 253, 126, 127, 243, 255, 253, 252, 254,
       189, 127, 254, 251, 238, 235, 221, 123, 107, 253, 247, 198, 183,
       109, 235, 188, 183, 127, 95, 63, 255, 255, 36, 85, 250, 86, 123,
       249, 116, 250, 93, 122, 62, 213, 167, 209, 111, 157, 173, 30, 5,
       242, 29, 159, 77, 16, 246, 59, 189, 91, 94, 34, 251, 29, 170, 103,
       113, 184, 253, 225, 240, 248, 188, 214, 119, 205, 117, 217, 224,
       139, 200, 203, 106, 245, 124, 140, 254, 41, 126, 23, 178, 108,
       199, 51, 222, 95, 90, 201, 32, 253, 186, 249, 61, 253, 53, 251,
       182, 101, 163, 247, 107, 170, 253, 173, 107, 214, 141, 139, 92,
       39, 195, 215, 231, 226, 171, 237, 94, 254, 249, 255, 255, 119,
       127, 223, 255, 255, 255, 253, 250, 127, 254, 246, 255, 251, 247,
       127, 127, 127, 247, 247, 55, 237, 255, 247, 63, 83, 251, 254, 251,
       243, 44, 22, 255, 210, 121, 249, 245, 114, 223, 125, 47, 215, 22,
       213, 110, 157, 172, 26, 5, 248, 29, 157, 73, 16, 242, 59, 189, 89,
       94, 34, 251, 55, 252, 125, 207, 251, 221, 223, 105, 239, 101, 191,
       254, 253, 127, 220, 244, 243, 183, 94, 114, 159, 121, 155, 236,
       253, 247, 233, 63, 47, 187, 207, 111, 159, 237, 71, 158, 202, 251,
       251, 127, 55, 221, 237, 225, 181, 58, 253, 63, 151, 238, 129, 107,
       190, 21, 95, 127, 104, 246, 250, 169, 184, 223, 250, 92, 239, 253,
       239, 116, 119, 59, 127, 123, 249, 91, 250, 251, 255, 230, 238,
       203, 179, 189, 127, 95, 127, 253, 115, 223, 215, 255, 251, 183,
       202, 94, 110, 169, 218, 47, 222, 255, 255, 127, 253, 245, 252,
       255, 255, 127, 223, 127, 247, 255, 252, 166, 24, 215, 227, 253,
       95, 93, 92, 190, 215, 191, 63, 223, 249, 26, 53, 55, 247, 213, 49,
       197, 249, 255, 134, 204, 131, 53, 229, 235, 145, 70, 234, 212, 3,
       103, 79, 46, 198, 55, 77, 154, 182, 9, 82, 10, 48, 57, 114, 38,
       117, 186, 82, 122, 193, 84, 208, 92, 56, 46, 192, 20, 193, 110,
       153, 172, 24, 5, 240, 28, 156, 73, 16, 242, 51, 189, 88, 87, 32,
       250, 124, 63, 247, 253, 254, 255, 63, 255, 237, 126, 219, 63, 239,
       207, 219, 255, 243, 245, 251, 110, 127, 223, 150, 191, 207, 236,
       238, 189, 254, 94, 126, 191, 122, 109, 223, 191, 220, 54, 213,
       117, 190, 76, 219, 158, 239, 235, 237, 222, 174, 189, 220, 251,
       226, 191, 159, 93, 204, 190, 91, 223, 255, 198, 47, 180, 254, 252,
       124, 255, 255, 255, 95, 61, 255, 253, 253, 253, 255, 126, 252,
       255, 255, 247, 126, 187, 253, 123, 255, 63, 245, 255, 251, 127,
       127, 255, 255, 239, 223, 237, 215, 127, 254, 249, 253, 127, 114,
