%YAML:1.0
descriptors: !!opencv-matrix
   rows: 74
   cols: 64
   dt: u
   data: [ 253, 254, 255, 255, 255, 127, 255, 251, 255, 255, 252, 251,
       255, 254, 254, 253, 251, 213, 127, 111, 127, 143, 191, 61, 111,
       255, 255, 63, 223, 95, 126, 191, 240, 103, 124, 255, 82, 119, 253,
       246, 219, 222, 120, 63, 223, 159, 220, 180, 205, 173, 86, 181,
       249, 255, 135, 239, 208, 252, 41, 191, 93, 92, 50, 185, 255, 254,
       127, 239, 255, 255, 223, 153, 255, 127, 253, 251, 175, 127, 246,
       253, 247, 247, 63, 255, 127, 223, 191, 124, 239, 255, 123, 127,
       255, 123, 255, 191, 247, 237, 220, 223, 250, 117, 253, 247, 87,
       222, 107, 255, 223, 158, 252, 21, 205, 189, 22, 5, 232, 183, 143,
       239, 216, 244, 240, 31, 222, 223, 58, 189, 63, 181, 253, 254, 55,
       191, 93, 123, 231, 230, 253, 176, 253, 123, 180, 87, 246, 247, 99,
       243, 183, 118, 209, 119, 221, 175, 231, 127, 122, 252, 253, 233,
       223, 44, 215, 190, 218, 120, 241, 125, 124, 95, 61, 175, 212, 53,
       245, 111, 155, 174, 24, 13, 242, 29, 156, 93, 56, 242, 115, 189,
       123, 215, 40, 250, 45, 38, 101, 162, 155, 237, 163, 121, 253, 124,
       198, 117, 253, 127, 185, 101, 242, 253, 195, 98, 245, 39, 219,
       247, 93, 248, 4, 135, 126, 219, 121, 207, 207, 102, 87, 186, 117,
       250, 233, 60, 125, 85, 90, 166, 69, 97, 247, 107, 184, 44, 152, 9,
       242, 29, 156, 73, 52, 242, 119, 189, 202, 95, 44, 250, 126, 185,
       255, 247, 62, 245, 223, 125, 223, 255, 213, 254, 255, 238, 179,
       94, 255, 215, 122, 251, 191, 127, 195, 127, 189, 250, 246, 255,
       82, 253, 247, 238, 199, 172, 159, 191, 222, 125, 249, 119, 120,
       93, 245, 111, 247, 52, 245, 127, 159, 174, 152, 71, 240, 29, 156,
       93, 16, 243, 115, 255, 251, 159, 40, 254, 59, 222, 93, 207, 175,
       221, 221, 57, 191, 255, 62, 203, 157, 63, 124, 213, 253, 246, 228,
       59, 244, 114, 218, 252, 249, 247, 245, 114, 124, 251, 95, 239,
       223, 248, 219, 36, 255, 217, 250, 123, 117, 157, 107, 175, 181,
       52, 245, 107, 187, 219, 153, 15, 254, 141, 222, 93, 63, 210, 246,
       191, 243, 223, 108, 254, 29, 190, 247, 117, 253, 179, 249, 126,
       184, 253, 212, 249, 239, 123, 128, 77, 234, 253, 235, 107, 245,
       111, 202, 251, 111, 186, 162, 183, 124, 77, 97, 239, 223, 99, 116,
       186, 119, 248, 249, 117, 221, 92, 187, 142, 249, 33, 219, 107,
       184, 188, 25, 5, 240, 28, 156, 77, 52, 246, 183, 159, 218, 87, 37,
       255, 63, 247, 125, 254, 63, 189, 253, 58, 247, 254, 253, 241, 253,
       127, 188, 95, 255, 254, 99, 251, 247, 126, 209, 247, 253, 191,
       231, 251, 126, 251, 245, 235, 223, 124, 215, 190, 255, 120, 249,
       125, 124, 93, 251, 239, 244, 49, 247, 111, 187, 174, 153, 79, 240,
       29, 158, 93, 60, 243, 119, 191, 251, 215, 172, 250, 13, 136, 142,
       156, 34, 91, 252, 54, 49, 254, 6, 197, 26, 52, 59, 11, 141, 121,
       224, 163, 212, 117, 66, 243, 73, 115, 144, 86, 104, 69, 55, 67,
       223, 16, 81, 32, 83, 72, 232, 104, 112, 61, 60, 39, 245, 20, 247,
       107, 153, 232, 24, 5, 244, 29, 152, 72, 19, 211, 51, 189, 81, 115,
       32, 234, 125, 189, 255, 245, 126, 247, 255, 126, 255, 245, 213,
       249, 255, 251, 146, 94, 251, 255, 122, 111, 183, 109, 230, 255,
       255, 123, 246, 255, 124, 253, 245, 239, 223, 63, 116, 191, 222,
       124, 251, 127, 120, 125, 249, 111, 249, 57, 247, 111, 157, 174,
       153, 207, 240, 61, 156, 77, 112, 255, 115, 255, 249, 119, 161,
       254, 125, 189, 255, 116, 54, 183, 251, 126, 243, 190, 213, 241,
       127, 251, 150, 90, 250, 253, 122, 111, 183, 109, 227, 247, 173,
       107, 230, 223, 108, 125, 244, 235, 223, 127, 36, 191, 222, 124,
       251, 125, 120, 126, 185, 111, 251, 57, 211, 111, 159, 174, 25,
       199, 240, 29, 156, 77, 116, 247, 115, 255, 121, 247, 161, 251,
       252, 189, 255, 244, 54, 119, 253, 127, 215, 222, 253, 241, 127,
       250, 182, 94, 251, 223, 115, 111, 55, 127, 244, 183, 255, 255,
       247, 221, 91, 252, 244, 233, 198, 46, 52, 190, 222, 124, 219, 117,
       120, 255, 191, 239, 255, 53, 245, 110, 155, 174, 27, 223, 240, 29,
       156, 77, 17, 242, 115, 251, 123, 119, 169, 250, 4, 130, 136, 14,
       41, 218, 152, 7, 50, 186, 6, 197, 144, 55, 41, 1, 13, 11, 160,
       147, 196, 37, 66, 67, 65, 84, 144, 70, 8, 34, 129, 66, 223, 16,
       81, 32, 115, 72, 232, 32, 112, 28, 40, 45, 181, 84, 245, 107, 153,
       234, 24, 7, 180, 13, 216, 72, 23, 211, 54, 181, 80, 83, 32, 202,
       63, 182, 121, 175, 191, 180, 159, 9, 239, 255, 17, 120, 189, 42,
       185, 85, 255, 247, 3, 242, 233, 114, 219, 124, 220, 221, 245, 127,
       82, 59, 253, 255, 71, 172, 223, 190, 250, 120, 169, 119, 96, 76,
       104, 173, 215, 84, 212, 127, 153, 172, 24, 5, 242, 29, 156, 105,
       16, 242, 51, 189, 218, 87, 40, 242, 124, 59, 245, 212, 126, 191,
       115, 122, 238, 180, 215, 245, 255, 126, 252, 83, 242, 213, 122,
       107, 247, 127, 194, 247, 141, 250, 230, 95, 126, 207, 85, 239,
       151, 39, 119, 190, 82, 250, 251, 119, 244, 93, 249, 103, 245, 44,
       245, 111, 157, 172, 137, 79, 242, 61, 158, 77, 112, 254, 115, 191,
       249, 87, 37, 254, 62, 242, 125, 239, 255, 183, 219, 121, 254, 255,
       214, 253, 253, 122, 249, 85, 242, 215, 91, 123, 245, 119, 219,
       125, 173, 218, 235, 63, 94, 251, 117, 255, 215, 237, 223, 191,
       254, 123, 249, 119, 249, 93, 99, 46, 211, 149, 209, 127, 189, 191,
       152, 5, 242, 181, 156, 93, 16, 246, 191, 191, 219, 95, 34, 255,
       60, 53, 245, 212, 19, 15, 93, 123, 231, 68, 223, 117, 127, 239,
       176, 118, 243, 212, 99, 103, 215, 46, 208, 119, 92, 190, 166, 29,
       82, 158, 124, 105, 198, 38, 85, 190, 210, 120, 219, 92, 80, 92,
       188, 175, 196, 52, 229, 110, 153, 164, 24, 13, 240, 29, 156, 73,
       24, 242, 115, 185, 88, 87, 33, 250, 19, 151, 12, 223, 39, 157,
       223, 49, 63, 215, 21, 202, 157, 125, 60, 7, 180, 215, 96, 187,
       214, 119, 194, 98, 73, 118, 181, 126, 48, 18, 87, 107, 215, 60,
       81, 168, 218, 72, 250, 97, 112, 93, 57, 47, 149, 52, 245, 111,
       153, 168, 24, 5, 240, 29, 156, 73, 17, 242, 51, 189, 88, 87, 32,
       250, 247, 190, 214, 103, 253, 178, 251, 184, 122, 57, 214, 127,
       174, 91, 130, 89, 98, 199, 189, 55, 237, 45, 139, 125, 226, 202,
       122, 55, 254, 73, 225, 127, 127, 227, 92, 177, 119, 255, 255, 245,
       213, 92, 203, 94, 201, 1, 217, 211, 172, 255, 25, 165, 245, 230,
       159, 235, 86, 254, 182, 143, 218, 23, 181, 93, 19, 178, 77, 11,
       191, 176, 155, 92, 226, 187, 145, 248, 236, 27, 129, 81, 226, 213,
       3, 249, 201, 99, 203, 124, 76, 136, 232, 47, 86, 13, 113, 107,
       247, 44, 213, 186, 90, 120, 169, 119, 240, 94, 56, 14, 209, 20,
       209, 111, 153, 172, 24, 5, 240, 29, 156, 73, 16, 242, 51, 156, 88,
       87, 34, 251, 103, 38, 101, 171, 217, 132, 39, 73, 229, 111, 136,
       56, 237, 47, 177, 69, 226, 245, 3, 96, 249, 35, 219, 125, 92, 252,
       172, 47, 82, 157, 49, 207, 215, 36, 87, 186, 82, 120, 105, 126,
       116, 76, 56, 175, 213, 80, 245, 107, 153, 172, 24, 1, 240, 29,
       156, 73, 24, 242, 51, 189, 88, 87, 32, 250, 222, 57, 131, 245,
       124, 162, 250, 246, 80, 187, 209, 183, 194, 192, 147, 90, 56, 201,
       123, 207, 175, 173, 198, 155, 142, 74, 182, 255, 64, 165, 182,
       238, 119, 59, 53, 187, 95, 61, 246, 87, 88, 104, 177, 110, 235,
       13, 139, 127, 223, 238, 24, 211, 241, 126, 28, 201, 197, 255, 19,
       219, 124, 55, 241, 246, 55, 37, 113, 180, 24, 142, 7, 73, 230,
       100, 137, 52, 93, 111, 148, 84, 227, 244, 3, 96, 195, 42, 144,
       103, 92, 222, 165, 15, 18, 154, 121, 105, 195, 38, 69, 154, 2,
       120, 97, 94, 36, 192, 24, 171, 196, 16, 229, 79, 145, 164, 16, 4,
       96, 28, 156, 73, 24, 242, 51, 189, 88, 87, 32, 248, 108, 176, 253,
       250, 63, 187, 243, 125, 124, 250, 198, 184, 253, 90, 189, 71, 234,
       213, 89, 107, 197, 117, 203, 123, 45, 138, 162, 47, 82, 77, 49,
       235, 215, 6, 213, 186, 82, 248, 237, 118, 240, 95, 122, 47, 83,
