%YAML:1.0
descriptors: !!opencv-matrix
   rows: 83
   cols: 64
   dt: u
   data: [ 63, 190, 253, 186, 63, 255, 185, 127, 246, 126, 214, 117, 253,
       127, 190, 84, 255, 223, 99, 242, 245, 103, 195, 119, 221, 250,
       244, 255, 90, 94, 243, 235, 223, 44, 85, 190, 91, 120, 233, 124,
       120, 92, 56, 47, 213, 53, 247, 111, 153, 172, 24, 5, 240, 29, 156,
       73, 16, 242, 51, 189, 88, 87, 32, 250, 26, 217, 220, 254, 63, 121,
       216, 63, 87, 250, 253, 255, 63, 118, 62, 122, 247, 214, 97, 243,
       197, 52, 195, 115, 205, 207, 225, 107, 83, 79, 183, 235, 223, 36,
       85, 186, 95, 120, 233, 244, 114, 93, 57, 47, 212, 23, 247, 111,
       153, 172, 24, 5, 240, 29, 156, 73, 16, 242, 51, 189, 88, 87, 32,
       250, 76, 34, 208, 33, 216, 162, 34, 68, 88, 59, 194, 53, 224, 7,
       137, 82, 226, 137, 155, 64, 233, 37, 75, 89, 196, 200, 232, 199,
       66, 13, 161, 198, 87, 129, 69, 179, 53, 186, 37, 118, 200, 68, 74,
       8, 69, 77, 139, 83, 188, 108, 24, 37, 245, 125, 28, 233, 70, 254,
       151, 181, 136, 67, 112, 102, 92, 50, 210, 177, 216, 162, 170, 69,
       88, 187, 66, 61, 192, 130, 139, 82, 98, 203, 153, 98, 233, 37, 75,
       89, 140, 200, 168, 231, 66, 77, 177, 230, 87, 129, 85, 51, 53,
       248, 37, 118, 232, 68, 74, 8, 65, 13, 203, 83, 157, 236, 24, 37,
       245, 125, 156, 235, 70, 254, 147, 181, 216, 71, 48, 230, 29, 190,
       220, 76, 59, 217, 189, 116, 187, 190, 254, 243, 220, 127, 239,
       240, 231, 218, 35, 227, 229, 102, 195, 255, 205, 47, 229, 123,
       124, 15, 243, 107, 223, 44, 69, 190, 82, 120, 233, 124, 120, 92,
       56, 47, 212, 54, 247, 111, 153, 172, 24, 5, 240, 29, 157, 73, 16,
       242, 51, 189, 88, 87, 32, 250, 126, 49, 113, 246, 62, 34, 120, 71,
       66, 42, 209, 49, 116, 194, 144, 82, 118, 138, 3, 210, 239, 168,
       33, 30, 142, 138, 226, 203, 194, 173, 229, 238, 99, 172, 36, 190,
       171, 246, 129, 215, 138, 202, 213, 72, 234, 21, 131, 79, 201, 230,
       80, 67, 98, 30, 53, 65, 128, 179, 211, 179, 60, 38, 163, 37, 255,
       240, 89, 175, 255, 232, 95, 8, 254, 111, 153, 254, 175, 78, 182,
       125, 251, 215, 52, 113, 205, 39, 131, 124, 236, 223, 251, 63, 211,
       59, 119, 43, 215, 36, 93, 191, 82, 121, 233, 119, 112, 220, 56,
       41, 213, 20, 245, 63, 153, 172, 24, 5, 224, 29, 156, 73, 16, 242,
       51, 189, 88, 87, 32, 250, 44, 174, 247, 137, 218, 255, 167, 127,
       189, 212, 206, 53, 93, 62, 251, 236, 235, 245, 107, 108, 245, 23,
       222, 241, 95, 253, 28, 45, 124, 222, 58, 171, 213, 103, 87, 186,
       82, 114, 205, 124, 53, 85, 92, 38, 77, 166, 117, 230, 157, 44,
       220, 12, 242, 29, 156, 73, 16, 246, 43, 189, 89, 79, 32, 250, 55,
       252, 251, 138, 119, 222, 159, 15, 239, 198, 61, 252, 63, 62, 254,
       252, 251, 247, 48, 117, 133, 83, 247, 101, 253, 213, 249, 63, 115,
       58, 86, 105, 149, 44, 85, 158, 90, 120, 233, 124, 114, 93, 56, 45,
       213, 28, 245, 110, 153, 172, 24, 5, 240, 29, 148, 75, 16, 242, 50,
       189, 88, 87, 40, 250, 154, 249, 89, 126, 47, 152, 220, 8, 123,
       177, 189, 235, 254, 114, 108, 248, 245, 131, 36, 155, 199, 124,
       99, 223, 229, 215, 243, 255, 111, 111, 199, 102, 159, 188, 64, 52,
       255, 89, 250, 243, 234, 223, 237, 105, 241, 87, 183, 111, 249,
       238, 9, 71, 252, 5, 121, 105, 23, 243, 151, 191, 57, 123, 225, 79,
       28, 42, 247, 97, 184, 241, 162, 240, 216, 184, 210, 87, 209, 117,
       219, 224, 137, 201, 203, 106, 245, 125, 78, 218, 169, 124, 22,
       210, 108, 199, 55, 222, 127, 82, 205, 32, 93, 186, 249, 36, 253,
       53, 211, 54, 101, 167, 147, 99, 186, 125, 173, 243, 211, 93, 152,
       92, 71, 203, 151, 231, 226, 43, 101, 246, 44, 46, 229, 184, 16,
       255, 33, 127, 181, 252, 202, 181, 81, 191, 187, 230, 203, 92, 195,
       98, 245, 33, 206, 179, 93, 233, 132, 133, 121, 140, 49, 203, 221,
       6, 85, 186, 81, 122, 233, 124, 252, 84, 56, 38, 84, 183, 103, 110,
       153, 44, 24, 5, 240, 29, 156, 72, 16, 226, 35, 189, 88, 86, 32,
       250, 126, 163, 237, 186, 55, 127, 61, 123, 213, 222, 209, 242,
       255, 174, 182, 78, 235, 213, 99, 101, 241, 39, 193, 119, 77, 223,
       181, 47, 82, 30, 50, 233, 215, 36, 85, 186, 82, 120, 233, 116,
       112, 92, 56, 47, 213, 20, 245, 111, 153, 172, 24, 5, 240, 29, 156,
       73, 16, 242, 51, 189, 88, 87, 32, 250, 210, 217, 154, 87, 47, 200,
       92, 133, 27, 161, 61, 202, 190, 194, 38, 186, 125, 147, 52, 147,
       143, 173, 231, 10, 225, 215, 243, 123, 67, 59, 199, 102, 151, 188,
       48, 118, 251, 73, 250, 243, 114, 223, 237, 105, 179, 20, 245, 47,
       153, 202, 26, 71, 252, 29, 184, 235, 17, 243, 177, 63, 57, 113,
       160, 206, 219, 217, 146, 119, 173, 224, 252, 136, 24, 187, 232,
       235, 162, 196, 66, 59, 45, 139, 164, 147, 236, 175, 103, 90, 195,
       95, 243, 226, 195, 99, 167, 118, 207, 186, 105, 117, 127, 141,
       234, 225, 104, 124, 243, 107, 255, 85, 191, 123, 249, 202, 24, 71,
       244, 15, 92, 225, 23, 243, 183, 183, 180, 115, 129, 78, 124, 57,
       247, 244, 80, 103, 99, 126, 192, 4, 211, 53, 97, 198, 155, 192,
       250, 197, 219, 102, 103, 169, 196, 151, 142, 200, 174, 141, 194,
       140, 56, 236, 84, 39, 53, 187, 4, 118, 69, 84, 153, 224, 145, 6,
       105, 172, 201, 206, 141, 36, 95, 208, 97, 62, 21, 75, 192, 108, 9,
       219, 72, 6, 51, 240, 254, 253, 125, 252, 118, 63, 127, 123, 245,
       94, 253, 186, 127, 254, 254, 255, 243, 245, 127, 127, 117, 247,
       209, 182, 221, 255, 255, 157, 251, 222, 126, 233, 202, 108, 134,
       255, 222, 124, 209, 253, 126, 223, 247, 191, 215, 255, 229, 110,
       191, 173, 155, 137, 234, 61, 159, 85, 120, 182, 123, 255, 255,
       222, 46, 179, 254, 253, 125, 254, 119, 255, 95, 123, 255, 255,
       253, 248, 255, 126, 244, 255, 251, 247, 127, 111, 247, 127, 241,
       127, 253, 255, 231, 63, 91, 91, 253, 251, 211, 44, 22, 255, 210,
       121, 249, 245, 114, 223, 124, 47, 215, 22, 245, 111, 157, 172, 26,
       5, 248, 29, 157, 73, 16, 242, 123, 189, 89, 95, 42, 251, 12, 174,
       239, 249, 10, 255, 224, 247, 61, 254, 206, 157, 83, 180, 255, 238,
       139, 120, 227, 106, 245, 85, 94, 179, 127, 125, 20, 166, 109, 199,
       62, 195, 221, 66, 67, 168, 53, 254, 253, 56, 252, 53, 126, 38, 93,
       183, 119, 227, 127, 108, 175, 252, 211, 93, 152, 28, 62, 200, 111,
       237, 203, 219, 75, 254, 59, 254, 252, 255, 63, 253, 255, 57, 255,
       253, 253, 233, 255, 127, 124, 253, 253, 187, 255, 251, 247, 127,
       91, 255, 241, 127, 247, 254, 125, 247, 239, 231, 207, 250, 203,
       36, 255, 153, 250, 123, 125, 189, 231, 239, 245, 241, 183, 107,
       191, 219, 137, 75, 254, 165, 218, 85, 63, 215, 255, 231, 179, 251,
       237, 78, 242, 248, 253, 142, 255, 223, 95, 13, 255, 101, 21, 250,
       191, 126, 182, 220, 255, 215, 124, 241, 135, 119, 243, 101, 253,
       215, 253, 127, 119, 187, 215, 109, 151, 236, 23, 222, 202, 121,
       251, 127, 112, 221, 109, 45, 149, 28, 245, 47, 151, 166, 155, 13,
       240, 29, 150, 91, 56, 246, 48, 61, 121, 93, 56, 254, 143, 222,
       150, 117, 253, 248, 254, 148, 56, 187, 234, 235, 174, 89, 66, 153,
       109, 235, 165, 147, 237, 47, 127, 250, 227, 127, 115, 242, 221,
       103, 227, 246, 223, 250, 216, 100, 127, 137, 248, 227, 125, 60,
       234, 255, 245, 113, 191, 115, 184, 222, 24, 99, 244, 231, 216,
       105, 23, 147, 215, 167, 182, 115, 133, 78, 47, 246, 125, 202, 55,
       253, 31, 89, 239, 86, 173, 234, 253, 63, 252, 85, 219, 246, 98,
       121, 181, 114, 83, 118, 245, 245, 245, 59, 126, 187, 95, 225, 215,
       76, 215, 158, 202, 120, 249, 127, 116, 221, 56, 173, 213, 240,
       245, 111, 145, 190, 152, 10, 224, 29, 222, 93, 56, 242, 115, 189,
       251, 223, 108, 250, 252, 249, 255, 253, 246, 125, 249, 255, 253,
       255, 255, 255, 255, 254, 255, 238, 251, 220, 127, 111, 63, 221,
       175, 61, 127, 255, 183, 187, 255, 223, 126, 191, 242, 103, 61,
       251, 214, 247, 253, 255, 251, 255, 251, 126, 255, 143, 127, 180,
