%YAML:1.0
descriptors: !!opencv-matrix
   rows: 84
   cols: 64
   dt: u
   data: [ 62, 176, 109, 170, 31, 181, 55, 125, 244, 126, 212, 180, 125,
       62, 189, 71, 250, 252, 67, 112, 241, 51, 211, 244, 92, 168, 164,
       141, 82, 156, 113, 235, 221, 44, 87, 186, 91, 120, 169, 124, 120,
       92, 56, 47, 212, 53, 247, 111, 153, 172, 24, 5, 240, 29, 156, 73,
       16, 242, 51, 188, 88, 87, 32, 250, 62, 53, 125, 138, 22, 149, 29,
       77, 231, 70, 153, 48, 125, 46, 189, 86, 255, 246, 67, 240, 241,
       114, 209, 102, 220, 180, 228, 89, 66, 156, 253, 169, 198, 44, 7,
       190, 202, 120, 1, 92, 48, 72, 52, 173, 84, 244, 245, 78, 155, 172,
       24, 9, 34, 25, 156, 81, 24, 242, 59, 157, 88, 215, 104, 242, 61,
       53, 125, 154, 23, 5, 13, 127, 230, 70, 177, 176, 125, 171, 183,
       87, 242, 244, 67, 100, 113, 226, 209, 54, 92, 168, 164, 9, 83,
       156, 120, 41, 240, 36, 22, 190, 66, 112, 1, 252, 22, 74, 28, 142,
       208, 16, 192, 76, 153, 172, 24, 5, 112, 28, 149, 73, 24, 242, 51,
       156, 88, 214, 42, 249, 62, 53, 241, 182, 22, 6, 93, 75, 230, 68,
       83, 115, 191, 238, 176, 86, 242, 247, 35, 99, 231, 47, 209, 119,
       222, 154, 166, 15, 82, 152, 112, 233, 199, 44, 118, 190, 82, 120,
       193, 124, 80, 92, 56, 175, 201, 20, 229, 111, 153, 164, 24, 5,
       240, 28, 156, 73, 16, 242, 51, 189, 88, 87, 32, 250, 22, 177, 93,
       154, 55, 177, 89, 120, 198, 2, 213, 240, 109, 83, 148, 80, 254,
       214, 66, 113, 3, 112, 193, 118, 140, 146, 225, 89, 82, 40, 213,
       40, 214, 36, 148, 158, 74, 120, 201, 85, 48, 218, 57, 13, 208, 20,
       241, 110, 155, 172, 17, 5, 112, 29, 156, 89, 16, 242, 51, 153, 88,
       87, 36, 251, 62, 248, 255, 190, 54, 127, 221, 127, 247, 254, 221,
       248, 127, 62, 191, 223, 255, 246, 98, 251, 181, 119, 211, 247,
       253, 255, 245, 251, 91, 255, 247, 235, 215, 60, 87, 190, 218, 120,
       233, 125, 120, 95, 61, 47, 247, 52, 245, 111, 153, 174, 24, 7,
       240, 29, 156, 93, 16, 243, 51, 189, 121, 215, 40, 250, 191, 189,
       255, 246, 55, 55, 125, 126, 247, 245, 213, 251, 63, 251, 182, 94,
       255, 215, 38, 107, 231, 111, 227, 119, 205, 255, 247, 127, 123,
       56, 246, 105, 215, 36, 52, 190, 210, 120, 249, 125, 112, 223, 185,
       47, 241, 20, 245, 111, 153, 172, 25, 5, 240, 29, 156, 77, 16, 242,
       51, 189, 88, 87, 32, 250, 31, 51, 81, 246, 189, 160, 249, 122, 86,
       24, 210, 119, 229, 90, 128, 81, 242, 213, 1, 66, 197, 44, 129,
       119, 14, 154, 226, 13, 86, 8, 113, 105, 215, 36, 84, 186, 82, 122,
       201, 117, 209, 92, 26, 14, 192, 5, 241, 79, 153, 172, 24, 5, 240,
       29, 156, 73, 16, 242, 51, 189, 88, 87, 32, 248, 44, 34, 229, 168,
       16, 119, 163, 126, 196, 188, 194, 53, 97, 30, 153, 230, 202, 76,
       195, 96, 241, 3, 204, 149, 29, 40, 12, 133, 80, 140, 49, 202, 237,
       36, 69, 186, 84, 50, 1, 124, 248, 84, 16, 134, 68, 163, 2, 108,
       184, 44, 153, 0, 242, 29, 156, 65, 0, 226, 3, 188, 72, 70, 34,
       240, 45, 38, 237, 40, 16, 191, 163, 127, 241, 254, 198, 52, 89,
       63, 185, 71, 202, 253, 195, 96, 241, 81, 82, 245, 93, 248, 140,
       133, 120, 76, 57, 203, 221, 4, 215, 186, 82, 122, 169, 124, 124,
       84, 56, 166, 85, 245, 118, 111, 153, 172, 24, 5, 240, 29, 156, 73,
       16, 226, 51, 189, 90, 215, 40, 250, 126, 48, 113, 178, 23, 37, 15,
       77, 198, 34, 187, 52, 117, 14, 176, 119, 242, 212, 67, 64, 9, 162,
       145, 54, 156, 136, 228, 9, 82, 156, 113, 232, 96, 44, 6, 190, 66,
       112, 1, 212, 24, 64, 20, 14, 64, 102, 128, 76, 153, 36, 80, 4, 98,
       28, 148, 65, 144, 242, 33, 188, 88, 6, 32, 240, 77, 38, 231, 161,
       216, 183, 163, 126, 32, 126, 194, 55, 193, 209, 147, 65, 202, 109,
       203, 100, 241, 5, 74, 241, 78, 120, 24, 135, 216, 4, 33, 203, 95,
       0, 85, 186, 81, 56, 45, 116, 252, 84, 26, 142, 65, 33, 195, 193,
       24, 44, 24, 0, 241, 29, 156, 73, 4, 224, 19, 181, 72, 87, 32, 122,
       54, 48, 113, 179, 153, 132, 11, 77, 198, 98, 145, 52, 241, 70,
       145, 86, 122, 150, 1, 66, 203, 33, 207, 13, 156, 136, 226, 13, 2,
       136, 113, 111, 69, 164, 21, 190, 66, 112, 1, 86, 0, 64, 16, 10,
       68, 20, 129, 31, 153, 44, 24, 5, 32, 24, 148, 65, 144, 114, 59,
       153, 88, 6, 32, 240, 52, 51, 243, 215, 216, 132, 233, 101, 194,
       236, 67, 53, 245, 102, 153, 80, 250, 197, 3, 98, 207, 45, 203,
       223, 158, 138, 166, 143, 2, 140, 113, 110, 71, 166, 77, 190, 80,
       250, 107, 86, 33, 64, 128, 206, 77, 4, 137, 95, 153, 44, 24, 65,
       240, 28, 156, 73, 0, 114, 19, 189, 88, 7, 33, 246, 63, 191, 255,
       174, 55, 247, 191, 126, 247, 222, 214, 247, 255, 126, 187, 93,
       255, 223, 99, 243, 245, 55, 195, 247, 205, 255, 245, 255, 90, 94,
       247, 235, 223, 44, 85, 190, 95, 120, 233, 116, 120, 92, 58, 47,
       213, 53, 247, 111, 153, 172, 24, 5, 240, 29, 156, 73, 16, 242, 51,
       189, 90, 87, 32, 250, 78, 34, 195, 245, 56, 160, 251, 204, 144,
       187, 208, 117, 193, 67, 131, 66, 130, 77, 129, 99, 200, 41, 238,
       90, 12, 138, 162, 135, 82, 41, 33, 223, 119, 160, 60, 187, 116,
       252, 97, 247, 64, 108, 187, 78, 227, 5, 201, 123, 25, 172, 24, 5,
       224, 28, 156, 72, 128, 242, 51, 159, 76, 87, 33, 183, 244, 57,
       243, 215, 112, 199, 250, 239, 210, 187, 211, 245, 247, 194, 147,
       90, 251, 199, 250, 111, 135, 45, 231, 223, 175, 203, 246, 255, 70,
       173, 246, 126, 119, 39, 60, 191, 22, 253, 251, 247, 81, 76, 177,
       110, 235, 12, 217, 127, 221, 172, 122, 247, 240, 62, 156, 75, 208,
       250, 115, 235, 124, 53, 177, 254, 246, 185, 255, 222, 55, 79, 93,
       127, 199, 197, 157, 250, 255, 254, 182, 94, 255, 215, 98, 247, 23,
       47, 195, 119, 221, 255, 245, 127, 82, 158, 214, 41, 215, 44, 85,
       190, 218, 120, 235, 125, 112, 93, 185, 47, 213, 52, 245, 111, 153,
       172, 25, 5, 240, 29, 156, 73, 16, 242, 51, 189, 120, 87, 32, 250,
       125, 54, 119, 167, 223, 167, 163, 248, 236, 101, 211, 55, 237,
       111, 187, 85, 250, 245, 35, 102, 249, 39, 131, 116, 78, 252, 189,
       45, 210, 14, 115, 187, 215, 36, 85, 186, 82, 120, 233, 116, 120,
       92, 24, 47, 213, 20, 245, 109, 153, 172, 24, 5, 240, 29, 156, 73,
       16, 242, 51, 189, 88, 87, 32, 250, 252, 40, 255, 179, 90, 103, 57,
       235, 212, 254, 214, 55, 115, 230, 179, 106, 235, 221, 99, 99, 237,
       165, 197, 55, 79, 223, 181, 171, 210, 143, 51, 251, 211, 36, 85,
       186, 83, 120, 233, 116, 120, 92, 48, 47, 213, 21, 231, 111, 153,
       172, 24, 5, 240, 29, 156, 73, 16, 242, 51, 189, 88, 87, 32, 250,
       127, 182, 239, 175, 183, 245, 159, 93, 238, 231, 209, 250, 255,
       170, 179, 95, 235, 213, 35, 103, 201, 7, 195, 117, 77, 223, 189,
       47, 82, 24, 51, 43, 215, 36, 85, 186, 82, 120, 233, 116, 112, 92,
       56, 47, 213, 20, 245, 111, 153, 172, 24, 5, 240, 29, 156, 73, 16,
       242, 51, 189, 88, 87, 32, 250, 255, 61, 255, 183, 255, 183, 187,
       248, 254, 255, 215, 127, 239, 239, 249, 85, 250, 213, 39, 102,
       237, 7, 131, 117, 79, 254, 189, 47, 210, 14, 114, 59, 215, 36, 85,
       186, 82, 120, 233, 116, 112, 92, 56, 47, 213, 20, 245, 111, 153,
       172, 24, 5, 240, 29, 156, 73, 16, 242, 51, 189, 88, 87, 32, 250,
       109, 39, 245, 182, 89, 39, 39, 75, 228, 100, 195, 51, 241, 239,
       179, 71, 234, 245, 3, 98, 249, 167, 211, 118, 94, 250, 180, 13,
       210, 140, 51, 233, 215, 36, 87, 186, 82, 120, 225, 124, 120, 92,
       24, 143, 213, 84, 229, 79, 153, 172, 24, 5, 240, 29, 156, 73, 16,
       242, 51, 189, 88, 87, 32, 250, 86, 33, 154, 178, 91, 2, 74, 7, 66,
       34, 17, 52, 50, 194, 131, 82, 114, 19, 48, 198, 139, 141, 195, 15,
       158, 130, 234, 13, 2, 168, 176, 98, 3, 167, 5, 191, 3, 92, 71, 86,
       0, 64, 132, 72, 11, 28, 129, 143, 215, 44, 24, 133, 36, 24, 52,
       195, 208, 122, 49, 177, 24, 48, 48, 227, 215, 61, 211, 215, 84, 2,
       95, 238, 194, 237, 177, 243, 103, 195, 130, 90, 226, 213, 61, 103,
       143, 141, 230, 59, 14, 203, 186, 15, 82, 8, 48, 111, 119, 39, 52,
