%YAML:1.0
descriptors: !!opencv-matrix
   rows: 97
   cols: 64
   dt: u
   data: [ 63, 181, 253, 254, 63, 253, 253, 63, 247, 254, 253, 241, 61,
       126, 189, 223, 255, 254, 99, 251, 247, 122, 211, 127, 253, 255,
       231, 255, 127, 251, 253, 239, 207, 254, 231, 190, 255, 120, 251,
       127, 120, 253, 255, 239, 246, 245, 247, 111, 187, 174, 153, 79,
       246, 29, 254, 93, 57, 243, 255, 255, 251, 255, 173, 254, 187, 254,
       124, 239, 191, 253, 223, 24, 255, 255, 253, 251, 191, 127, 124,
       253, 255, 247, 126, 251, 253, 118, 155, 124, 245, 255, 243, 255,
       127, 123, 255, 255, 159, 236, 223, 118, 255, 249, 248, 127, 126,
       223, 235, 125, 245, 241, 255, 127, 191, 255, 152, 15, 252, 165,
       222, 125, 62, 247, 247, 191, 251, 219, 172, 222, 254, 254, 255,
       239, 255, 255, 223, 249, 255, 255, 252, 251, 239, 255, 254, 253,
       247, 215, 127, 127, 253, 223, 191, 124, 255, 223, 123, 127, 223,
       95, 255, 191, 241, 237, 220, 223, 214, 119, 253, 247, 83, 222,
       122, 190, 223, 159, 220, 181, 205, 189, 86, 165, 248, 191, 143,
       239, 208, 252, 233, 158, 222, 95, 58, 189, 252, 250, 255, 255,
       250, 127, 251, 255, 253, 253, 254, 255, 255, 254, 255, 252, 251,
       213, 255, 111, 125, 159, 175, 60, 111, 255, 191, 191, 255, 207,
       126, 191, 241, 103, 127, 251, 86, 247, 253, 246, 251, 95, 122, 62,
       221, 142, 216, 181, 141, 173, 94, 181, 251, 191, 143, 79, 208,
       252, 41, 188, 221, 78, 50, 189, 255, 222, 110, 255, 255, 253, 223,
       152, 191, 255, 253, 250, 175, 123, 118, 125, 245, 247, 62, 255,
       255, 255, 179, 124, 111, 255, 255, 127, 255, 59, 255, 191, 211,
       237, 220, 223, 218, 125, 249, 255, 118, 94, 121, 63, 215, 26, 252,
       61, 141, 191, 16, 5, 248, 191, 156, 111, 80, 246, 113, 191, 252,
       223, 58, 191, 204, 233, 247, 213, 249, 231, 251, 255, 157, 237,
       199, 255, 211, 206, 219, 238, 235, 213, 63, 111, 15, 143, 238,
       123, 111, 223, 191, 47, 211, 15, 50, 63, 215, 39, 125, 251, 82,
       255, 255, 118, 241, 124, 184, 126, 223, 28, 249, 179, 221, 172,
       90, 181, 209, 255, 156, 203, 208, 252, 49, 191, 92, 85, 49, 254,
       252, 255, 255, 255, 254, 127, 255, 255, 253, 253, 124, 255, 95,
       255, 255, 239, 251, 221, 255, 111, 127, 223, 190, 191, 127, 255,
       191, 191, 255, 219, 126, 191, 241, 103, 126, 251, 215, 119, 253,
       245, 223, 223, 251, 62, 223, 191, 95, 180, 205, 189, 222, 189,
       219, 255, 135, 205, 216, 252, 105, 223, 223, 94, 55, 191, 255,
       254, 255, 239, 255, 255, 223, 152, 255, 255, 253, 250, 175, 90,
       246, 253, 255, 247, 60, 127, 239, 223, 175, 124, 239, 223, 123,
       127, 255, 123, 247, 63, 247, 237, 220, 223, 242, 253, 253, 247,
       211, 223, 107, 125, 219, 30, 252, 181, 205, 189, 22, 165, 236,
       183, 175, 239, 208, 252, 176, 63, 221, 93, 54, 191, 236, 239, 255,
       253, 112, 127, 247, 247, 189, 253, 110, 223, 87, 255, 255, 238,
       187, 253, 255, 111, 63, 255, 246, 179, 95, 127, 159, 183, 237,
       223, 62, 255, 231, 19, 103, 251, 213, 255, 253, 124, 126, 61, 249,
       183, 255, 62, 127, 234, 189, 173, 255, 253, 211, 127, 157, 92,
       244, 252, 97, 239, 223, 119, 43, 254, 255, 252, 255, 239, 255,
       255, 223, 152, 255, 119, 189, 250, 191, 123, 246, 93, 251, 247,
       62, 127, 239, 215, 187, 124, 239, 255, 251, 63, 255, 59, 247, 63,
       215, 237, 158, 223, 202, 125, 253, 119, 117, 222, 105, 125, 213,
       28, 252, 53, 221, 189, 16, 37, 233, 247, 158, 239, 88, 252, 48,
       63, 220, 223, 56, 190, 187, 220, 106, 175, 255, 184, 223, 137,
       255, 251, 149, 251, 191, 63, 108, 93, 254, 183, 60, 179, 237, 119,
       219, 125, 245, 214, 249, 63, 126, 123, 231, 119, 151, 237, 223,
       119, 251, 89, 249, 127, 113, 94, 107, 233, 213, 81, 252, 55, 253,
       254, 24, 13, 252, 165, 252, 239, 56, 247, 182, 189, 186, 223, 184,
       222, 108, 43, 231, 249, 216, 239, 227, 247, 61, 253, 70, 159, 211,
       254, 187, 238, 203, 93, 249, 110, 255, 141, 206, 179, 79, 234,
       158, 167, 121, 197, 58, 207, 247, 39, 117, 251, 21, 255, 253, 116,
       248, 117, 248, 54, 93, 159, 107, 227, 157, 44, 56, 181, 211, 127,
       157, 72, 80, 236, 43, 189, 73, 71, 35, 250, 155, 216, 158, 127,
       47, 249, 248, 50, 91, 185, 84, 203, 190, 115, 76, 152, 125, 155,
       252, 155, 247, 125, 235, 255, 171, 127, 243, 254, 109, 119, 231,
       247, 159, 250, 249, 116, 255, 217, 250, 115, 121, 189, 235, 127,
       253, 53, 255, 107, 191, 219, 139, 207, 252, 165, 218, 205, 119,
       215, 247, 239, 243, 123, 197, 207, 187, 212, 220, 47, 191, 248,
       158, 9, 255, 187, 181, 235, 190, 43, 38, 93, 255, 179, 36, 145,
       237, 119, 219, 125, 241, 215, 249, 63, 127, 115, 231, 230, 159,
       236, 207, 52, 251, 25, 232, 123, 120, 222, 107, 169, 213, 81, 247,
       127, 185, 238, 24, 15, 244, 133, 252, 253, 26, 243, 183, 189, 186,
       219, 168, 78, 61, 55, 245, 246, 57, 173, 225, 123, 245, 124, 198,
       117, 125, 127, 184, 100, 242, 252, 195, 98, 245, 46, 217, 247, 93,
       170, 132, 135, 122, 204, 121, 239, 223, 38, 87, 190, 85, 122, 249,
       124, 125, 93, 26, 167, 196, 37, 247, 111, 185, 172, 153, 13, 240,
       29, 156, 73, 48, 242, 115, 189, 90, 87, 37, 250, 63, 254, 109,
       238, 63, 253, 253, 120, 125, 253, 222, 253, 253, 126, 252, 197,
       251, 252, 199, 251, 245, 112, 217, 255, 253, 62, 225, 179, 126,
       223, 253, 239, 223, 108, 215, 186, 255, 122, 249, 125, 125, 221,
       127, 47, 212, 55, 247, 111, 187, 254, 153, 15, 242, 29, 159, 93,
       62, 243, 183, 189, 219, 223, 44, 254, 61, 191, 247, 244, 62, 181,
       253, 126, 240, 252, 214, 241, 79, 123, 145, 73, 242, 220, 227,
       107, 245, 108, 194, 251, 173, 170, 166, 215, 124, 77, 117, 239,
       223, 98, 116, 190, 119, 250, 249, 117, 221, 95, 251, 38, 248, 37,
       211, 111, 185, 172, 25, 71, 240, 29, 157, 77, 52, 242, 119, 191,
       218, 87, 37, 255, 108, 170, 239, 201, 254, 255, 163, 252, 253,
       245, 222, 255, 255, 190, 251, 236, 203, 213, 123, 108, 253, 87,
       206, 125, 127, 253, 29, 39, 255, 223, 59, 255, 245, 101, 87, 219,
       82, 255, 237, 62, 181, 85, 120, 62, 93, 142, 124, 177, 157, 45,
       157, 164, 211, 191, 143, 79, 80, 236, 43, 188, 217, 79, 48, 254,
       63, 246, 125, 173, 255, 181, 191, 88, 253, 255, 216, 251, 237, 61,
       249, 85, 255, 253, 79, 122, 240, 112, 154, 120, 237, 252, 249,
       255, 126, 87, 125, 255, 215, 228, 223, 186, 255, 249, 233, 119,
       124, 92, 122, 47, 213, 149, 214, 127, 152, 189, 24, 5, 242, 157,
       156, 89, 16, 242, 179, 157, 218, 223, 40, 254, 205, 170, 231, 113,
       104, 247, 163, 246, 185, 189, 194, 71, 195, 245, 219, 168, 137,
       109, 251, 111, 244, 77, 78, 211, 79, 126, 28, 166, 108, 198, 50,
       222, 255, 83, 65, 41, 21, 190, 253, 40, 253, 52, 186, 182, 125,
       227, 115, 227, 62, 89, 173, 251, 209, 125, 152, 12, 103, 204, 23,
       231, 194, 215, 69, 254, 63, 182, 109, 171, 255, 184, 187, 88, 252,
       127, 210, 127, 237, 27, 233, 117, 226, 221, 11, 240, 225, 99, 139,
       124, 108, 220, 233, 191, 94, 31, 113, 239, 87, 172, 221, 187, 123,
       120, 169, 119, 120, 92, 90, 15, 213, 133, 246, 127, 152, 188, 24,
       5, 240, 157, 156, 73, 16, 242, 51, 188, 88, 87, 32, 242, 46, 178,
       109, 167, 255, 189, 191, 89, 252, 127, 211, 126, 173, 15, 185, 85,
       242, 245, 3, 112, 225, 115, 155, 124, 68, 220, 233, 63, 94, 123,
       117, 239, 87, 172, 223, 186, 114, 120, 169, 119, 120, 92, 122, 45,
       213, 85, 244, 127, 152, 172, 24, 5, 240, 29, 156, 73, 16, 242, 51,
       189, 88, 87, 32, 250, 60, 55, 245, 212, 48, 165, 121, 119, 228,
       212, 215, 53, 93, 113, 153, 70, 178, 204, 195, 106, 247, 104, 212,
       183, 156, 42, 134, 153, 108, 220, 124, 233, 110, 86, 36, 190, 156,
       122, 211, 93, 157, 51, 153, 134, 224, 161, 195, 78, 186, 36, 237,
       219, 114, 28, 31, 93, 44, 226, 91, 203, 107, 166, 239, 241, 47,
       166, 109, 171, 255, 183, 155, 88, 252, 255, 210, 126, 173, 59,
