%YAML:1.0
descriptors: !!opencv-matrix
   rows: 39
   cols: 64
   dt: u
   data: [ 61, 190, 253, 168, 58, 255, 177, 127, 253, 92, 222, 117, 125,
       126, 253, 228, 251, 220, 227, 98, 245, 115, 209, 247, 253, 253,
       164, 135, 126, 223, 127, 235, 207, 36, 85, 190, 247, 114, 233,
       124, 120, 93, 58, 175, 213, 183, 247, 111, 185, 172, 153, 13, 240,
       29, 156, 73, 54, 242, 55, 189, 90, 95, 40, 250, 255, 117, 253,
       190, 119, 46, 127, 91, 247, 110, 249, 186, 47, 235, 180, 95, 243,
       247, 55, 117, 123, 231, 241, 55, 94, 255, 235, 63, 83, 56, 124,
       233, 194, 45, 22, 191, 195, 124, 225, 245, 122, 202, 56, 175, 215,
       25, 229, 78, 153, 164, 24, 5, 224, 29, 156, 73, 24, 246, 115, 189,
       90, 86, 42, 251, 254, 121, 251, 254, 119, 35, 95, 63, 214, 235,
       245, 186, 255, 202, 182, 95, 242, 215, 127, 215, 47, 191, 227, 55,
       174, 202, 250, 189, 83, 249, 244, 169, 194, 45, 150, 255, 202,
       125, 193, 245, 90, 203, 245, 73, 219, 29, 129, 30, 223, 174, 26,
       133, 104, 61, 156, 81, 208, 182, 121, 187, 125, 22, 178, 179, 239,
       253, 111, 255, 255, 191, 223, 249, 253, 127, 253, 250, 191, 251,
       246, 237, 227, 245, 63, 111, 127, 239, 178, 124, 126, 255, 187,
       63, 255, 27, 62, 191, 242, 103, 28, 219, 66, 117, 245, 246, 211,
       238, 184, 31, 219, 30, 221, 149, 141, 165, 22, 5, 73, 191, 143,
       111, 216, 252, 121, 159, 92, 86, 50, 185, 204, 235, 255, 253, 48,
       119, 249, 255, 157, 253, 228, 219, 83, 240, 223, 234, 139, 221,
       251, 111, 62, 173, 238, 187, 15, 223, 151, 179, 221, 71, 54, 223,
       247, 19, 117, 251, 85, 253, 255, 53, 122, 126, 251, 119, 255, 157,
       91, 250, 221, 173, 126, 247, 209, 255, 180, 76, 213, 252, 97, 207,
       93, 117, 145, 255, 237, 175, 231, 245, 56, 127, 229, 254, 189,
       253, 198, 251, 219, 253, 250, 207, 139, 253, 251, 107, 246, 175,
       254, 123, 95, 255, 151, 183, 125, 65, 58, 207, 215, 99, 117, 251,
       117, 254, 253, 60, 125, 125, 250, 119, 223, 21, 127, 235, 253,
       172, 124, 213, 209, 31, 157, 76, 21, 252, 115, 255, 219, 87, 129,
       254, 243, 222, 82, 231, 253, 184, 143, 136, 126, 121, 42, 123,
       175, 91, 192, 125, 227, 215, 61, 115, 204, 47, 171, 124, 102, 223,
       123, 47, 222, 11, 35, 127, 215, 231, 92, 155, 114, 245, 237, 246,
       65, 92, 106, 127, 217, 30, 252, 145, 201, 189, 24, 5, 252, 183,
       141, 107, 16, 244, 178, 189, 220, 87, 48, 188, 200, 205, 142, 223,
       106, 95, 240, 167, 61, 253, 126, 207, 158, 253, 127, 174, 141,
       219, 249, 171, 244, 237, 238, 251, 123, 127, 151, 246, 237, 211,
       63, 231, 215, 115, 81, 96, 247, 207, 254, 40, 118, 61, 235, 55,
       221, 22, 247, 235, 189, 200, 155, 221, 213, 79, 152, 204, 127,
       223, 119, 189, 210, 115, 3, 254, 253, 255, 255, 255, 254, 255,
       255, 243, 127, 255, 127, 219, 223, 255, 255, 252, 255, 223, 121,
       107, 245, 125, 199, 251, 239, 255, 179, 255, 255, 95, 247, 255,
       215, 100, 85, 250, 223, 121, 249, 117, 114, 93, 251, 63, 245, 22,
       247, 111, 153, 172, 24, 7, 240, 29, 156, 77, 16, 246, 51, 189, 90,
       87, 32, 254, 220, 250, 251, 245, 252, 250, 251, 250, 89, 251, 243,
       251, 199, 208, 202, 249, 191, 205, 191, 111, 238, 45, 238, 91,
       175, 223, 251, 255, 223, 103, 119, 255, 87, 243, 253, 89, 118,
       253, 254, 55, 113, 124, 235, 127, 255, 13, 255, 179, 207, 223,
       126, 247, 253, 247, 188, 239, 213, 223, 245, 239, 213, 61, 145,
       190, 76, 8, 147, 245, 200, 130, 250, 196, 24, 239, 64, 153, 210,
       192, 147, 90, 234, 93, 185, 99, 206, 45, 238, 27, 15, 203, 178,
       39, 83, 41, 49, 111, 119, 131, 60, 59, 48, 253, 231, 118, 208,
       110, 232, 74, 251, 28, 201, 179, 217, 172, 56, 53, 225, 92, 189,
       105, 145, 250, 51, 189, 92, 87, 51, 247, 42, 201, 138, 222, 39,
       221, 221, 7, 167, 196, 61, 204, 59, 126, 61, 254, 159, 82, 32,
       251, 134, 126, 211, 103, 121, 215, 149, 56, 119, 251, 30, 105,
       135, 124, 99, 154, 195, 72, 250, 59, 49, 249, 229, 105, 181, 20,
       245, 46, 211, 170, 155, 13, 182, 5, 176, 92, 57, 243, 122, 249,
       113, 253, 12, 250, 195, 9, 146, 247, 201, 130, 194, 128, 14, 225,
       3, 75, 162, 202, 192, 24, 102, 215, 61, 67, 206, 45, 171, 123, 78,
       218, 51, 47, 210, 43, 51, 127, 23, 167, 124, 155, 115, 93, 239,
       214, 193, 112, 168, 75, 201, 28, 249, 183, 201, 164, 16, 5, 244,
       6, 156, 235, 17, 242, 51, 189, 88, 87, 49, 250, 237, 222, 127,
       233, 255, 189, 247, 248, 189, 125, 236, 251, 239, 121, 252, 237,
       195, 253, 255, 106, 252, 127, 186, 120, 103, 255, 25, 183, 253,
       87, 127, 255, 255, 195, 222, 121, 247, 241, 253, 191, 255, 255,
       106, 183, 221, 147, 254, 209, 172, 221, 156, 60, 221, 247, 143,
       109, 126, 220, 247, 143, 214, 223, 63, 189, 183, 246, 93, 103,
       255, 184, 155, 152, 250, 223, 251, 250, 172, 91, 204, 117, 244,
       215, 60, 255, 205, 102, 131, 124, 237, 223, 251, 127, 222, 59,
       247, 59, 214, 108, 221, 159, 122, 121, 233, 117, 112, 92, 59, 61,
       213, 20, 252, 53, 152, 191, 24, 5, 248, 181, 158, 105, 16, 242,
       51, 189, 92, 87, 32, 186, 255, 254, 102, 231, 255, 188, 159, 216,
       253, 95, 250, 251, 175, 127, 252, 253, 243, 245, 63, 247, 253,
       103, 147, 124, 127, 255, 189, 63, 254, 63, 115, 191, 214, 109, 95,
       255, 242, 121, 237, 253, 127, 92, 58, 191, 213, 90, 252, 53, 141,
       189, 24, 5, 248, 191, 159, 105, 16, 246, 51, 189, 222, 215, 48,
       184, 60, 252, 255, 252, 54, 127, 253, 127, 245, 254, 221, 189,
       125, 62, 191, 238, 251, 252, 243, 123, 245, 119, 214, 247, 253,
       255, 244, 255, 109, 223, 127, 235, 223, 124, 231, 190, 223, 120,
       249, 125, 126, 221, 127, 47, 247, 245, 247, 111, 191, 174, 171,
       15, 242, 29, 220, 93, 60, 246, 127, 253, 251, 223, 106, 250, 255,
       250, 111, 231, 255, 185, 223, 216, 252, 255, 223, 127, 175, 95,
       235, 93, 226, 213, 63, 119, 237, 103, 139, 124, 111, 222, 187, 63,
       222, 91, 55, 63, 215, 109, 221, 251, 82, 123, 237, 119, 113, 92,
       122, 63, 213, 12, 252, 53, 157, 189, 24, 5, 249, 189, 156, 105,
       80, 246, 51, 189, 92, 95, 48, 186, 235, 142, 231, 161, 255, 182,
       143, 200, 188, 255, 146, 95, 255, 109, 251, 77, 226, 245, 59, 102,
       236, 7, 154, 121, 79, 222, 187, 39, 222, 31, 51, 223, 87, 37, 95,
       187, 82, 125, 237, 126, 116, 92, 56, 47, 213, 24, 253, 51, 153,
       172, 24, 5, 241, 29, 156, 73, 16, 246, 51, 189, 92, 87, 48, 250,
       45, 174, 103, 233, 250, 255, 163, 253, 253, 92, 206, 53, 125, 125,
       249, 229, 219, 252, 203, 98, 245, 115, 156, 246, 95, 108, 12, 149,
       252, 214, 127, 219, 253, 96, 87, 186, 87, 114, 221, 60, 253, 85,
       90, 22, 85, 231, 243, 111, 189, 45, 157, 13, 242, 29, 157, 89, 62,
       230, 47, 189, 90, 207, 46, 240, 203, 138, 239, 177, 223, 183, 163,
       252, 188, 255, 208, 78, 203, 220, 51, 77, 202, 221, 59, 103, 236,
       135, 202, 121, 78, 218, 188, 38, 210, 5, 51, 207, 215, 37, 85,
       187, 82, 125, 237, 118, 112, 92, 56, 46, 213, 28, 241, 179, 157,
       172, 24, 5, 241, 61, 156, 73, 16, 242, 51, 189, 88, 87, 32, 250,
       233, 14, 231, 185, 203, 247, 167, 221, 172, 255, 138, 10, 219,
       236, 59, 77, 203, 125, 59, 102, 252, 135, 222, 121, 94, 221, 191,
       38, 210, 23, 51, 207, 215, 39, 87, 187, 82, 125, 237, 118, 112,
       92, 120, 63, 85, 92, 253, 177, 157, 172, 24, 5, 211, 29, 156, 73,
       16, 252, 51, 189, 92, 87, 32, 242, 204, 26, 239, 245, 252, 242,
       251, 248, 188, 191, 192, 95, 207, 249, 147, 73, 234, 221, 63, 111,
       204, 141, 174, 120, 14, 218, 190, 47, 214, 7, 51, 63, 119, 167,
       29, 251, 82, 253, 109, 118, 80, 68, 88, 30, 203, 12, 201, 177,
       157, 173, 28, 181, 209, 254, 156, 105, 80, 252, 49, 157, 92, 23,
       48, 190, 254, 241, 125, 223, 54, 221, 95, 237, 223, 239, 125, 184,
       61, 238, 254, 254, 251, 214, 18, 111, 143, 251, 230, 62, 253, 207,
       231, 63, 83, 249, 127, 43, 241, 36, 53, 255, 198, 113, 243, 255,
