%YAML:1.0
descriptors: !!opencv-matrix
   rows: 93
   cols: 64
   dt: u
   data: [ 59, 254, 252, 255, 63, 253, 221, 57, 255, 255, 253, 249, 191,
       127, 124, 93, 253, 255, 238, 187, 245, 126, 219, 255, 241, 127,
       247, 255, 127, 247, 247, 239, 207, 248, 207, 52, 255, 153, 250,
       127, 125, 223, 235, 239, 245, 113, 247, 111, 187, 255, 153, 75,
       244, 141, 218, 93, 63, 247, 247, 255, 251, 251, 236, 222, 252,
       233, 255, 253, 50, 127, 249, 255, 221, 253, 254, 189, 95, 254,
       251, 238, 187, 221, 251, 111, 191, 253, 238, 191, 255, 111, 151,
       183, 109, 223, 126, 255, 239, 3, 117, 251, 215, 255, 255, 124,
       250, 125, 247, 118, 255, 191, 127, 234, 255, 172, 239, 255, 219,
       127, 156, 92, 245, 252, 107, 251, 223, 175, 169, 254, 247, 254,
       127, 231, 255, 254, 223, 137, 255, 125, 62, 255, 175, 127, 246,
       253, 243, 247, 61, 63, 207, 207, 187, 124, 239, 223, 123, 63, 255,
       123, 123, 63, 183, 239, 94, 223, 114, 247, 255, 247, 215, 222,
       106, 127, 217, 30, 252, 177, 205, 245, 86, 37, 237, 231, 143, 235,
       208, 252, 240, 63, 220, 93, 50, 188, 120, 253, 255, 253, 38, 255,
       253, 247, 253, 252, 220, 205, 95, 244, 63, 238, 189, 187, 251,
       251, 247, 125, 119, 247, 251, 127, 247, 246, 109, 247, 254, 226,
       207, 90, 227, 100, 255, 125, 250, 121, 122, 61, 247, 231, 255,
       245, 247, 239, 255, 234, 175, 223, 242, 93, 120, 92, 127, 215,
       127, 255, 243, 251, 207, 222, 59, 222, 124, 127, 191, 253, 223,
       57, 255, 255, 253, 235, 191, 127, 108, 221, 253, 187, 254, 187,
       245, 127, 91, 255, 241, 127, 247, 254, 127, 247, 255, 231, 159,
       248, 203, 36, 255, 153, 250, 123, 125, 223, 239, 237, 245, 241,
       247, 111, 191, 219, 137, 79, 254, 165, 218, 253, 63, 215, 254,
       191, 243, 251, 236, 222, 255, 252, 247, 255, 255, 111, 255, 251,
       255, 253, 254, 251, 255, 238, 254, 253, 251, 213, 127, 111, 127,
       157, 191, 60, 127, 255, 59, 63, 223, 95, 126, 191, 242, 103, 124,
       219, 82, 119, 253, 246, 243, 223, 124, 63, 223, 30, 252, 181, 205,
       165, 86, 181, 203, 255, 135, 235, 208, 252, 97, 63, 221, 92, 50,
       188, 187, 222, 254, 111, 191, 249, 254, 57, 255, 185, 255, 235,
       190, 127, 108, 253, 253, 187, 254, 251, 245, 127, 219, 255, 241,
       127, 243, 254, 125, 247, 255, 230, 159, 248, 203, 100, 255, 217,
       248, 123, 125, 157, 235, 125, 245, 245, 247, 111, 191, 219, 137,
       79, 252, 165, 218, 221, 55, 215, 247, 255, 243, 251, 204, 222,
       247, 252, 127, 207, 255, 223, 223, 137, 255, 255, 189, 250, 191,
       127, 254, 253, 247, 247, 62, 63, 223, 127, 155, 124, 255, 215,
       251, 127, 255, 123, 215, 63, 199, 237, 95, 223, 218, 125, 255,
       247, 115, 94, 104, 253, 221, 30, 252, 53, 205, 189, 16, 13, 252,
       183, 157, 235, 80, 254, 240, 61, 222, 93, 56, 190, 63, 54, 125,
       190, 63, 181, 29, 77, 247, 254, 145, 177, 253, 107, 189, 87, 246,
       246, 3, 114, 245, 114, 211, 127, 212, 168, 224, 127, 122, 253,
       245, 239, 215, 44, 87, 190, 218, 120, 225, 126, 116, 92, 124, 47,
       212, 85, 245, 111, 153, 172, 24, 5, 242, 29, 156, 73, 24, 242, 51,
       189, 218, 87, 40, 250, 237, 173, 255, 253, 114, 255, 253, 247,
       189, 253, 236, 249, 95, 251, 191, 206, 171, 253, 251, 111, 247,
       125, 246, 179, 127, 235, 151, 183, 125, 205, 54, 239, 215, 3, 119,
       187, 215, 252, 253, 124, 122, 127, 251, 103, 255, 53, 119, 235,
       189, 172, 191, 221, 241, 93, 156, 76, 116, 254, 115, 255, 219,
       119, 41, 254, 63, 52, 253, 182, 63, 181, 61, 126, 246, 110, 209,
       48, 125, 107, 180, 87, 246, 254, 67, 114, 241, 102, 209, 119, 220,
       170, 228, 223, 122, 28, 241, 235, 215, 44, 86, 190, 91, 120, 225,
       124, 124, 94, 56, 47, 212, 21, 231, 79, 153, 172, 24, 5, 240, 29,
       156, 73, 24, 242, 51, 189, 88, 87, 32, 250, 63, 183, 125, 166, 54,
       253, 189, 121, 247, 222, 223, 245, 253, 127, 185, 85, 255, 254,
       67, 243, 245, 114, 211, 247, 221, 191, 229, 249, 126, 254, 253,
       233, 199, 108, 215, 190, 255, 120, 233, 125, 124, 93, 59, 175,
       212, 117, 247, 111, 187, 172, 152, 15, 242, 29, 156, 89, 52, 242,
       115, 189, 122, 215, 104, 250, 62, 176, 253, 247, 63, 245, 249,
       125, 254, 255, 215, 253, 253, 126, 185, 85, 254, 214, 67, 115,
       245, 119, 195, 127, 173, 154, 226, 255, 94, 249, 245, 239, 215,
       44, 223, 190, 254, 121, 249, 117, 120, 93, 119, 46, 213, 21, 245,
       111, 187, 174, 24, 5, 242, 29, 156, 89, 16, 242, 55, 191, 123, 95,
       32, 254, 252, 251, 255, 255, 246, 255, 255, 255, 221, 253, 222,
       255, 255, 254, 251, 238, 251, 213, 255, 111, 127, 157, 231, 183,
       255, 255, 191, 191, 255, 223, 126, 191, 247, 103, 117, 251, 214,
       127, 253, 124, 121, 125, 243, 62, 223, 175, 255, 246, 223, 173,
       223, 221, 251, 191, 156, 93, 80, 252, 123, 255, 95, 95, 49, 254,
       187, 254, 126, 239, 255, 189, 219, 153, 255, 255, 28, 255, 191,
       127, 124, 125, 246, 247, 124, 187, 253, 119, 155, 125, 243, 246,
       249, 127, 254, 251, 223, 255, 151, 237, 223, 53, 255, 219, 251,
       127, 117, 93, 107, 125, 213, 85, 253, 119, 191, 223, 152, 15, 254,
       165, 222, 255, 118, 247, 246, 191, 251, 223, 190, 222, 255, 252,
       255, 207, 255, 223, 223, 137, 255, 255, 61, 250, 191, 127, 246,
       125, 255, 247, 60, 187, 223, 127, 219, 124, 255, 247, 255, 127,
       255, 123, 215, 127, 215, 237, 223, 223, 250, 125, 255, 127, 115,
       221, 233, 125, 149, 28, 253, 55, 221, 191, 24, 13, 252, 165, 156,
       255, 112, 246, 240, 63, 255, 221, 56, 254, 63, 255, 255, 239, 191,
       253, 253, 120, 255, 221, 214, 253, 239, 127, 220, 221, 251, 255,
       227, 123, 245, 126, 211, 127, 253, 255, 243, 255, 126, 127, 247,
       239, 223, 108, 221, 182, 255, 123, 249, 125, 121, 93, 251, 175,
       213, 49, 247, 111, 187, 190, 153, 15, 240, 29, 156, 77, 54, 242,
       247, 191, 250, 223, 172, 254, 52, 181, 253, 214, 50, 7, 93, 127,
       215, 196, 149, 240, 127, 126, 180, 86, 250, 214, 98, 39, 151, 47,
       193, 231, 253, 162, 230, 29, 114, 156, 212, 105, 206, 38, 52, 190,
       210, 120, 219, 125, 112, 217, 181, 47, 180, 52, 245, 110, 145,
       172, 153, 77, 240, 25, 156, 73, 16, 242, 114, 187, 88, 87, 33,
       250, 124, 185, 255, 220, 54, 223, 221, 127, 247, 212, 213, 248,
       127, 254, 191, 222, 251, 213, 122, 111, 183, 125, 195, 247, 221,
       127, 247, 125, 105, 222, 214, 235, 223, 46, 101, 190, 222, 120,
       251, 125, 112, 93, 189, 39, 181, 52, 245, 111, 159, 172, 137, 207,
       240, 29, 156, 93, 120, 246, 115, 255, 121, 87, 165, 250, 236, 171,
       239, 249, 114, 255, 247, 255, 221, 253, 222, 191, 219, 254, 251,
       206, 203, 221, 251, 111, 255, 221, 238, 191, 95, 255, 159, 167,
       125, 223, 62, 239, 215, 39, 119, 251, 86, 255, 253, 124, 120, 125,
       240, 63, 95, 189, 125, 243, 159, 172, 191, 189, 211, 127, 156, 92,
       80, 252, 107, 253, 91, 87, 41, 254, 108, 175, 255, 253, 56, 255,
       245, 127, 189, 252, 198, 255, 223, 255, 187, 206, 139, 221, 251,
       107, 247, 109, 218, 243, 95, 235, 150, 183, 124, 205, 55, 239,
       223, 67, 119, 186, 87, 248, 249, 124, 124, 61, 250, 39, 253, 53,
       247, 235, 189, 172, 185, 93, 241, 29, 156, 76, 60, 254, 115, 191,
       91, 87, 33, 250, 13, 6, 101, 168, 9, 125, 163, 124, 52, 124, 206,
       5, 81, 61, 185, 229, 203, 124, 193, 96, 240, 64, 220, 176, 93,
       169, 8, 128, 121, 68, 57, 207, 253, 0, 83, 184, 81, 242, 41, 60,
       252, 21, 90, 38, 84, 135, 102, 97, 153, 44, 28, 4, 242, 29, 140,
       73, 48, 224, 43, 188, 74, 71, 32, 240, 118, 53, 209, 150, 18, 142,
       85, 15, 198, 68, 21, 48, 53, 246, 148, 86, 250, 215, 32, 39, 135,
       45, 193, 103, 220, 130, 228, 13, 34, 168, 84, 105, 134, 38, 20,
       190, 2, 88, 195, 92, 48, 217, 181, 99, 133, 28, 229, 110, 145,
       164, 153, 13, 48, 24, 156, 75, 16, 114, 50, 185, 88, 85, 33, 250,
       114, 17, 147, 150, 66, 134, 95, 15, 198, 197, 21, 210, 183, 230,
