%YAML:1.0
descriptors: !!opencv-matrix
   rows: 57
   cols: 64
   dt: u
   data: [ 63, 182, 245, 182, 62, 247, 161, 127, 246, 252, 214, 119, 253,
       127, 187, 117, 255, 223, 99, 99, 245, 39, 195, 247, 205, 254, 244,
       239, 90, 94, 243, 235, 215, 44, 85, 190, 91, 120, 233, 116, 120,
       92, 56, 47, 213, 53, 247, 111, 153, 172, 24, 5, 240, 29, 156, 73,
       16, 242, 51, 189, 88, 87, 32, 250, 60, 57, 253, 254, 62, 127, 241,
       127, 245, 252, 222, 53, 125, 126, 187, 244, 251, 220, 67, 98, 245,
       43, 197, 183, 221, 171, 164, 155, 122, 223, 127, 235, 215, 36, 85,
       190, 87, 114, 233, 124, 248, 93, 27, 46, 212, 55, 247, 111, 153,
       172, 153, 5, 240, 29, 156, 73, 16, 242, 51, 189, 90, 87, 32, 250,
       124, 49, 253, 254, 54, 103, 125, 127, 213, 252, 221, 181, 125,
       238, 191, 254, 251, 220, 67, 98, 247, 59, 199, 183, 221, 235, 166,
       157, 83, 221, 127, 235, 215, 36, 85, 190, 215, 120, 233, 124, 122,
       93, 245, 47, 212, 53, 231, 110, 153, 172, 26, 5, 242, 29, 156, 73,
       16, 242, 59, 185, 89, 86, 34, 250, 124, 57, 255, 246, 62, 119,
       251, 254, 212, 252, 214, 245, 127, 250, 155, 218, 251, 220, 99,
       107, 245, 41, 231, 191, 205, 251, 182, 159, 91, 77, 119, 239, 215,
       36, 85, 186, 87, 120, 233, 116, 120, 92, 185, 47, 213, 21, 247,
       111, 153, 172, 24, 5, 240, 29, 156, 73, 16, 242, 51, 189, 88, 87,
       32, 250, 126, 113, 253, 254, 55, 39, 125, 123, 215, 238, 245, 176,
       127, 202, 180, 94, 246, 215, 119, 119, 183, 191, 225, 55, 204,
       250, 231, 223, 83, 252, 244, 233, 194, 46, 180, 191, 206, 124,
       209, 245, 90, 202, 183, 111, 243, 53, 197, 111, 159, 174, 24, 199,
       104, 28, 156, 81, 88, 178, 115, 219, 123, 86, 171, 187, 126, 49,
       255, 246, 62, 39, 121, 126, 214, 254, 213, 177, 127, 202, 176, 86,
       246, 223, 115, 115, 247, 191, 193, 191, 140, 170, 230, 223, 90,
       125, 245, 239, 91, 47, 52, 191, 223, 124, 241, 245, 216, 207, 247,
       78, 235, 53, 195, 79, 191, 166, 26, 199, 232, 28, 156, 73, 80,
       178, 123, 219, 123, 22, 161, 255, 63, 246, 108, 254, 63, 253, 253,
       113, 125, 255, 255, 251, 253, 127, 252, 117, 251, 220, 101, 227,
       245, 116, 193, 114, 109, 191, 177, 187, 126, 95, 119, 235, 215,
       36, 85, 186, 83, 120, 233, 117, 112, 93, 58, 47, 212, 21, 247,
       111, 153, 172, 24, 5, 240, 29, 156, 73, 16, 242, 51, 189, 88, 87,
       32, 250, 255, 241, 125, 222, 255, 191, 95, 120, 255, 127, 185,
       250, 255, 111, 244, 93, 242, 247, 126, 101, 221, 247, 131, 126,
       204, 254, 255, 63, 218, 27, 119, 41, 210, 44, 22, 255, 82, 121,
       241, 117, 112, 206, 56, 47, 213, 28, 245, 95, 153, 173, 24, 5,
       232, 29, 158, 73, 24, 246, 51, 189, 92, 87, 32, 186, 255, 242,
       255, 199, 255, 55, 219, 248, 254, 189, 245, 251, 239, 251, 150,
       93, 242, 213, 127, 127, 121, 207, 175, 124, 174, 171, 237, 63,
       255, 89, 117, 191, 241, 109, 188, 255, 86, 117, 53, 247, 223, 202,
       219, 30, 217, 170, 216, 149, 140, 189, 95, 133, 120, 190, 159, 79,
       240, 244, 49, 222, 220, 86, 54, 189, 124, 255, 247, 140, 218, 239,
       167, 127, 239, 84, 222, 53, 125, 255, 253, 252, 251, 213, 123,
       100, 245, 13, 156, 119, 223, 253, 61, 61, 255, 158, 122, 173, 196,
       103, 117, 154, 210, 114, 253, 124, 53, 85, 56, 167, 77, 156, 124,
       230, 141, 165, 221, 140, 242, 31, 142, 77, 104, 252, 107, 189, 90,
       79, 40, 250, 108, 43, 231, 184, 16, 119, 163, 255, 164, 252, 194,
       53, 81, 254, 187, 230, 235, 220, 195, 98, 245, 33, 204, 179, 77,
       232, 132, 133, 80, 14, 51, 219, 247, 38, 85, 186, 80, 122, 205,
       116, 248, 84, 24, 38, 69, 132, 97, 238, 153, 44, 24, 5, 240, 29,
       156, 73, 16, 226, 35, 189, 72, 70, 32, 250, 60, 50, 253, 176, 58,
       253, 57, 124, 244, 254, 214, 53, 221, 63, 185, 70, 250, 220, 67,
       99, 245, 32, 194, 251, 77, 168, 164, 139, 88, 205, 49, 235, 215,
       36, 85, 186, 83, 122, 233, 116, 120, 92, 56, 47, 212, 53, 231,
       111, 153, 172, 24, 5, 240, 29, 156, 73, 16, 242, 51, 189, 88, 87,
       32, 250, 247, 48, 211, 182, 223, 130, 91, 78, 198, 37, 213, 49,
       175, 202, 144, 86, 114, 215, 31, 101, 139, 143, 227, 47, 142, 138,
       232, 15, 82, 41, 112, 109, 115, 37, 52, 191, 66, 127, 5, 214, 210,
       194, 25, 10, 201, 30, 201, 143, 205, 36, 80, 132, 97, 58, 149,
       203, 80, 126, 51, 152, 88, 4, 50, 249, 242, 208, 152, 158, 47,
       200, 92, 13, 71, 35, 61, 250, 190, 206, 38, 94, 125, 147, 48, 147,
       143, 191, 227, 14, 197, 215, 243, 123, 19, 185, 215, 102, 135,
       188, 5, 126, 202, 73, 234, 115, 96, 203, 229, 105, 151, 28, 181,
       63, 211, 238, 24, 7, 228, 25, 244, 115, 17, 179, 177, 57, 185,
       113, 176, 238, 125, 127, 239, 248, 118, 63, 127, 127, 253, 254,
       250, 177, 127, 255, 252, 239, 211, 253, 251, 111, 253, 247, 208,
       63, 93, 239, 175, 149, 127, 220, 124, 233, 227, 110, 214, 187,
       214, 126, 245, 253, 254, 223, 250, 191, 215, 163, 231, 111, 190,
       173, 156, 9, 226, 61, 159, 93, 248, 246, 123, 159, 219, 214, 46,
       243, 124, 250, 255, 255, 126, 247, 251, 254, 253, 252, 254, 189,
       125, 255, 251, 255, 251, 213, 123, 107, 245, 115, 231, 55, 77,
       235, 172, 159, 127, 95, 127, 251, 247, 36, 87, 190, 86, 114, 249,
       116, 250, 93, 122, 62, 213, 135, 209, 111, 157, 173, 30, 5, 240,
       29, 157, 73, 16, 246, 59, 157, 90, 87, 34, 251, 243, 252, 253,
       158, 255, 207, 95, 13, 255, 101, 29, 254, 191, 127, 254, 252, 255,
       247, 52, 241, 143, 119, 243, 100, 255, 215, 249, 127, 243, 187,
       215, 105, 151, 44, 85, 222, 202, 121, 251, 127, 114, 221, 109, 41,
       149, 28, 245, 47, 149, 166, 27, 13, 240, 29, 150, 75, 56, 246, 48,
       61, 88, 85, 42, 250, 124, 63, 255, 196, 118, 255, 179, 127, 253,
       84, 222, 53, 125, 63, 249, 228, 251, 213, 123, 108, 117, 83, 214,
       181, 255, 253, 60, 157, 126, 222, 126, 169, 196, 101, 119, 223,
       214, 115, 221, 92, 189, 213, 89, 183, 77, 174, 252, 236, 159, 165,
       223, 140, 251, 61, 150, 95, 112, 254, 107, 253, 91, 15, 44, 250,
       141, 254, 119, 117, 188, 241, 248, 240, 248, 187, 234, 111, 204,
       87, 203, 161, 9, 233, 239, 155, 245, 108, 30, 218, 225, 127, 87,
       242, 236, 71, 227, 214, 255, 218, 207, 36, 253, 184, 248, 37, 125,
       60, 251, 246, 245, 225, 191, 123, 184, 223, 168, 107, 212, 141,
       216, 93, 39, 211, 215, 167, 246, 251, 237, 94, 254, 253, 127, 255,
       119, 247, 223, 251, 255, 255, 253, 248, 255, 254, 245, 255, 243,
       247, 127, 111, 255, 119, 245, 55, 253, 239, 231, 127, 123, 223,
       253, 251, 227, 44, 22, 255, 210, 121, 241, 253, 122, 223, 125, 47,
       213, 22, 213, 111, 157, 173, 26, 13, 248, 29, 157, 77, 24, 246,
       123, 189, 91, 94, 42, 249, 63, 190, 125, 239, 250, 221, 215, 100,
       255, 117, 127, 253, 253, 127, 255, 244, 243, 227, 218, 170, 253,
       123, 91, 252, 253, 231, 228, 255, 111, 255, 223, 239, 151, 204,
       199, 54, 254, 155, 251, 127, 255, 221, 235, 245, 245, 226, 253,
       43, 191, 255, 141, 107, 246, 133, 155, 127, 126, 247, 222, 175,
       251, 251, 255, 222, 254, 252, 255, 255, 255, 191, 255, 205, 239,
       227, 213, 250, 255, 246, 166, 94, 251, 183, 127, 95, 191, 223,
       115, 253, 247, 255, 251, 255, 231, 253, 238, 174, 207, 237, 70,
       223, 202, 253, 253, 127, 124, 223, 245, 253, 255, 125, 191, 63,
       255, 174, 136, 255, 242, 189, 124, 125, 120, 254, 213, 255, 191,
       223, 249, 94, 126, 254, 119, 255, 255, 239, 255, 253, 223, 124,
       249, 191, 253, 110, 255, 252, 243, 213, 123, 110, 253, 187, 150,
       62, 223, 237, 239, 191, 223, 91, 127, 255, 227, 109, 125, 255,
       214, 119, 253, 119, 127, 95, 255, 63, 223, 191, 253, 127, 140,
       181, 94, 141, 234, 190, 159, 77, 192, 246, 123, 255, 223, 78, 42,
       180, 253, 190, 247, 183, 255, 239, 191, 253, 254, 125, 255, 119,
       253, 126, 187, 116, 243, 213, 99, 102, 245, 39, 211, 118, 94, 238,
       188, 47, 210, 28, 115, 235, 215, 36, 85, 190, 82, 120, 233, 116,
