%YAML:1.0
descriptors: !!opencv-matrix
   rows: 56
   cols: 64
   dt: u
   data: [ 127, 188, 255, 183, 127, 247, 255, 124, 255, 253, 222, 247,
       253, 126, 187, 117, 255, 255, 99, 115, 245, 119, 211, 119, 205,
       255, 244, 255, 122, 95, 247, 235, 223, 44, 87, 190, 83, 120, 233,
       124, 120, 93, 126, 47, 213, 53, 247, 111, 153, 172, 24, 5, 240,
       29, 156, 73, 16, 242, 51, 189, 90, 87, 32, 250, 126, 252, 255,
       255, 63, 255, 255, 253, 255, 255, 255, 251, 255, 126, 255, 255,
       255, 215, 123, 251, 253, 63, 211, 127, 253, 255, 247, 255, 91,
       223, 247, 239, 207, 44, 87, 190, 222, 123, 233, 117, 250, 94, 123,
       47, 213, 55, 247, 111, 153, 172, 24, 5, 240, 29, 157, 73, 16, 242,
       115, 189, 90, 87, 42, 250, 127, 241, 125, 174, 247, 191, 63, 88,
       244, 95, 213, 250, 255, 123, 180, 93, 242, 245, 63, 101, 225, 119,
       129, 119, 76, 254, 189, 61, 122, 30, 116, 169, 214, 36, 86, 186,
       82, 120, 201, 116, 120, 222, 56, 47, 209, 21, 244, 111, 153, 172,
       24, 5, 240, 29, 158, 73, 16, 242, 51, 189, 88, 87, 34, 251, 13,
       190, 247, 116, 124, 247, 241, 126, 176, 252, 198, 117, 70, 89,
       171, 233, 170, 237, 235, 107, 245, 109, 94, 251, 39, 42, 2, 151,
       124, 69, 113, 207, 255, 83, 213, 176, 117, 250, 249, 53, 221, 60,
       218, 134, 233, 161, 211, 107, 184, 252, 44, 85, 240, 61, 156, 77,
       54, 222, 247, 143, 202, 119, 165, 254, 190, 186, 255, 247, 191,
       181, 255, 120, 254, 191, 253, 251, 255, 127, 178, 93, 247, 215,
       103, 243, 245, 127, 195, 127, 205, 255, 247, 255, 94, 95, 247,
       239, 223, 44, 85, 190, 91, 120, 249, 117, 120, 92, 121, 47, 213,
       53, 247, 111, 153, 172, 24, 5, 240, 29, 156, 73, 16, 242, 51, 189,
       88, 87, 32, 250, 247, 240, 211, 55, 253, 130, 91, 200, 202, 33,
       149, 122, 238, 195, 134, 88, 114, 135, 62, 86, 139, 143, 163, 109,
       134, 218, 251, 111, 210, 45, 227, 46, 147, 173, 20, 223, 74, 53,
       229, 215, 19, 202, 9, 75, 217, 25, 137, 31, 205, 166, 16, 5, 96,
       186, 148, 235, 80, 254, 177, 185, 60, 87, 178, 253, 250, 248, 251,
       223, 255, 159, 222, 137, 223, 243, 63, 250, 191, 118, 254, 94,
       247, 151, 60, 187, 143, 63, 195, 109, 253, 214, 251, 127, 22, 251,
       223, 126, 151, 173, 77, 223, 250, 123, 251, 119, 112, 221, 229,
       109, 183, 30, 253, 63, 215, 238, 25, 135, 254, 53, 189, 251, 80,
       247, 178, 125, 121, 93, 48, 254, 254, 240, 125, 159, 254, 157, 95,
       9, 239, 103, 61, 250, 189, 106, 180, 92, 246, 215, 52, 99, 143,
       183, 131, 126, 220, 215, 247, 127, 211, 185, 245, 107, 211, 36,
       22, 159, 194, 121, 225, 254, 114, 203, 125, 47, 213, 28, 245, 31,
       157, 172, 16, 5, 98, 29, 156, 73, 16, 242, 49, 189, 88, 87, 34,
       251, 63, 255, 255, 255, 63, 191, 255, 120, 255, 255, 253, 251,
       239, 123, 188, 93, 246, 255, 107, 251, 245, 111, 211, 127, 237,
       254, 243, 255, 126, 127, 245, 239, 223, 108, 215, 190, 255, 120,
       249, 117, 124, 92, 123, 47, 213, 17, 247, 111, 153, 174, 24, 5,
       240, 29, 156, 77, 48, 242, 119, 191, 250, 215, 36, 250, 254, 56,
       243, 183, 254, 231, 187, 253, 206, 239, 211, 63, 255, 206, 251,
       246, 250, 213, 91, 102, 205, 137, 239, 60, 143, 200, 190, 47, 210,
       9, 119, 191, 113, 37, 125, 251, 82, 119, 133, 214, 144, 84, 85,
       30, 203, 14, 201, 21, 141, 44, 94, 5, 240, 63, 149, 75, 208, 252,
       49, 188, 92, 6, 48, 180, 63, 183, 253, 254, 55, 191, 253, 123,
       247, 254, 213, 240, 253, 123, 188, 95, 254, 247, 98, 123, 247,
       119, 211, 119, 221, 250, 231, 127, 122, 252, 245, 235, 207, 60,
       87, 190, 210, 120, 249, 125, 124, 93, 57, 175, 245, 117, 245, 111,
       153, 174, 24, 15, 240, 29, 156, 89, 48, 243, 115, 189, 122, 215,
       40, 250, 125, 190, 245, 247, 254, 191, 183, 121, 252, 125, 222,
       127, 253, 127, 217, 68, 226, 221, 107, 98, 245, 37, 211, 119, 95,
       254, 185, 175, 90, 22, 113, 239, 215, 36, 85, 186, 87, 122, 233,
       116, 120, 92, 56, 175, 213, 21, 247, 111, 153, 172, 24, 5, 240,
       29, 157, 73, 16, 242, 51, 189, 90, 87, 32, 250, 255, 252, 125,
       118, 255, 175, 95, 41, 255, 125, 223, 251, 255, 127, 252, 220,
       255, 183, 126, 179, 255, 127, 147, 126, 253, 255, 247, 127, 126,
       251, 223, 239, 135, 237, 79, 191, 254, 251, 251, 127, 125, 221,
       239, 235, 245, 115, 253, 127, 167, 246, 137, 79, 238, 181, 159,
       119, 124, 247, 246, 187, 187, 223, 188, 222, 109, 167, 255, 186,
       91, 183, 35, 127, 244, 126, 192, 191, 253, 255, 183, 78, 226, 213,
       43, 102, 253, 39, 211, 119, 94, 234, 184, 15, 82, 28, 49, 235,
       215, 38, 85, 186, 82, 120, 229, 124, 112, 94, 24, 143, 213, 20,
       229, 79, 153, 172, 24, 5, 240, 29, 156, 73, 16, 242, 51, 189, 88,
       87, 34, 251, 252, 41, 251, 117, 115, 99, 251, 239, 220, 171, 211,
       182, 243, 194, 171, 250, 58, 29, 123, 79, 47, 191, 198, 31, 15,
       218, 246, 175, 66, 239, 54, 190, 79, 39, 101, 255, 19, 255, 255,
       86, 184, 117, 245, 106, 235, 45, 43, 191, 223, 174, 56, 245, 243,
       127, 188, 194, 80, 254, 121, 251, 45, 55, 177, 246, 246, 52, 243,
       183, 223, 134, 31, 141, 207, 107, 185, 58, 183, 202, 147, 94, 247,
       151, 58, 214, 139, 135, 255, 12, 214, 195, 255, 111, 146, 185,
       239, 238, 99, 173, 14, 223, 202, 53, 39, 223, 32, 74, 101, 201,
       223, 92, 141, 149, 221, 238, 16, 131, 37, 250, 116, 243, 208, 61,
       241, 25, 188, 84, 56, 36, 252, 59, 247, 244, 114, 111, 103, 126,
       221, 124, 254, 177, 119, 222, 222, 206, 251, 221, 251, 111, 55,
       173, 224, 55, 15, 239, 182, 141, 82, 72, 112, 237, 82, 39, 116,
       251, 70, 126, 213, 212, 217, 245, 179, 119, 79, 143, 109, 238,
       205, 36, 127, 212, 225, 127, 159, 12, 192, 252, 107, 255, 73, 6,
       181, 250, 252, 255, 247, 255, 255, 231, 251, 251, 221, 255, 210,
       255, 255, 239, 219, 252, 251, 213, 255, 126, 255, 255, 143, 255,
       255, 255, 127, 191, 255, 223, 126, 190, 111, 239, 109, 255, 255,
       247, 253, 124, 253, 93, 223, 254, 79, 175, 219, 183, 239, 189,
       223, 253, 251, 191, 141, 125, 236, 252, 239, 251, 255, 143, 187,
       183, 221, 249, 223, 125, 119, 251, 254, 254, 57, 185, 237, 251,
       238, 243, 238, 251, 171, 221, 191, 111, 239, 173, 230, 59, 111,
       223, 243, 247, 125, 103, 62, 255, 223, 51, 52, 251, 119, 255, 255,
       245, 250, 254, 251, 127, 251, 31, 255, 255, 221, 175, 126, 215,
       249, 127, 159, 205, 87, 255, 127, 255, 121, 119, 179, 251, 108,
       59, 247, 116, 115, 167, 123, 127, 212, 190, 194, 53, 243, 206,
       179, 71, 186, 93, 219, 71, 255, 63, 210, 223, 14, 234, 182, 151,
       90, 76, 52, 202, 79, 7, 183, 191, 149, 126, 213, 85, 216, 101,
       215, 78, 235, 109, 131, 239, 60, 46, 56, 215, 243, 124, 156, 81,
       68, 190, 119, 155, 107, 63, 177, 250, 127, 245, 237, 154, 22, 151,
       23, 125, 231, 70, 189, 184, 253, 47, 180, 95, 251, 245, 99, 245,
       249, 119, 211, 119, 220, 253, 189, 61, 123, 156, 116, 169, 215,
       44, 23, 190, 202, 120, 225, 124, 116, 91, 60, 175, 213, 116, 245,
       111, 153, 172, 24, 13, 240, 29, 156, 73, 24, 242, 51, 189, 88,
       215, 40, 250, 254, 49, 219, 151, 55, 151, 95, 9, 198, 231, 21,
       186, 191, 138, 178, 86, 246, 215, 52, 103, 143, 183, 195, 47, 141,
       210, 246, 111, 82, 169, 245, 107, 211, 36, 20, 191, 66, 121, 225,
       215, 80, 200, 53, 45, 211, 28, 229, 63, 153, 172, 24, 5, 112, 29,
       156, 73, 16, 242, 51, 189, 89, 22, 32, 250, 45, 239, 101, 248, 95,
       127, 167, 126, 245, 124, 238, 177, 109, 125, 253, 237, 235, 252,
       227, 98, 245, 43, 188, 55, 79, 255, 5, 167, 123, 70, 49, 251, 223,
       38, 87, 186, 83, 112, 237, 124, 126, 92, 58, 47, 85, 179, 247,
       239, 153, 172, 28, 4, 240, 29, 140, 73, 16, 242, 35, 189, 90, 87,
       32, 248, 108, 175, 231, 233, 89, 255, 163, 255, 188, 220, 206,
       117, 65, 95, 249, 237, 203, 221, 235, 102, 245, 37, 222, 115, 79,
       221, 24, 165, 92, 78, 51, 219, 247, 39, 85, 186, 83, 122, 237,
