%YAML:1.0
descriptors: !!opencv-matrix
   rows: 61
   cols: 64
   dt: u
   data: [ 62, 181, 253, 254, 55, 253, 253, 127, 247, 222, 223, 241, 125,
       126, 189, 86, 255, 254, 227, 251, 247, 126, 211, 247, 253, 191,
       230, 223, 126, 253, 253, 235, 207, 126, 239, 190, 255, 120, 251,
       125, 120, 253, 247, 111, 246, 245, 247, 111, 187, 190, 185, 79,
       242, 29, 252, 93, 63, 243, 127, 255, 251, 255, 237, 254, 191, 255,
       125, 255, 191, 253, 221, 25, 255, 255, 253, 251, 175, 123, 252,
       253, 255, 247, 110, 251, 247, 126, 155, 127, 245, 255, 243, 255,
       127, 123, 247, 255, 159, 254, 223, 182, 255, 249, 251, 127, 127,
       255, 235, 237, 245, 113, 247, 111, 187, 255, 152, 75, 252, 133,
       222, 93, 63, 247, 247, 191, 251, 255, 173, 222, 254, 254, 255,
       239, 255, 253, 255, 249, 127, 253, 254, 255, 255, 126, 251, 253,
       247, 223, 125, 111, 253, 253, 175, 120, 239, 239, 251, 255, 255,
       95, 255, 191, 247, 229, 93, 251, 215, 247, 253, 247, 211, 95, 123,
       62, 221, 159, 219, 53, 141, 189, 94, 37, 248, 191, 157, 109, 80,
       252, 49, 189, 223, 95, 50, 189, 220, 249, 251, 245, 250, 199, 251,
       239, 219, 239, 89, 255, 215, 198, 211, 250, 251, 213, 62, 111,
       143, 173, 238, 91, 175, 223, 191, 111, 215, 43, 54, 63, 247, 167,
       61, 219, 82, 253, 255, 119, 113, 108, 229, 126, 255, 28, 249, 183,
       205, 172, 126, 247, 249, 255, 180, 235, 209, 254, 113, 107, 93,
       125, 177, 190, 253, 250, 255, 253, 255, 127, 255, 250, 189, 255,
       253, 251, 223, 251, 254, 253, 251, 253, 127, 111, 253, 215, 182,
       120, 111, 255, 191, 255, 255, 95, 119, 255, 243, 101, 86, 251,
       211, 125, 253, 255, 250, 95, 123, 63, 221, 31, 255, 125, 157, 173,
       28, 5, 249, 127, 157, 73, 80, 254, 49, 189, 220, 87, 48, 187, 253,
       255, 255, 253, 248, 255, 255, 219, 191, 253, 239, 251, 207, 255,
       254, 253, 251, 213, 191, 111, 47, 239, 190, 123, 111, 223, 55,
       127, 255, 43, 126, 63, 247, 231, 124, 219, 210, 247, 255, 247, 83,
       254, 235, 127, 255, 158, 253, 183, 205, 181, 118, 245, 201, 247,
       167, 239, 209, 252, 96, 111, 221, 125, 179, 190, 255, 254, 111,
       231, 255, 254, 223, 152, 255, 127, 189, 251, 175, 251, 246, 253,
       243, 245, 63, 127, 111, 207, 187, 124, 111, 255, 123, 63, 255,
       123, 127, 191, 242, 239, 190, 219, 226, 245, 255, 247, 215, 206,
       234, 127, 219, 26, 252, 177, 204, 181, 86, 164, 205, 247, 143,
       239, 216, 188, 240, 31, 222, 221, 182, 189, 252, 235, 255, 253,
       114, 127, 241, 255, 253, 253, 254, 189, 95, 254, 251, 238, 251,
       221, 251, 111, 63, 221, 230, 179, 127, 239, 191, 183, 125, 207,
       62, 191, 255, 103, 117, 251, 87, 255, 253, 124, 251, 125, 251, 54,
       255, 175, 127, 246, 207, 173, 255, 245, 217, 127, 151, 76, 208,
       252, 105, 255, 95, 79, 51, 254, 255, 254, 219, 235, 255, 254, 223,
       200, 255, 255, 121, 250, 175, 207, 254, 253, 235, 213, 61, 111,
       79, 143, 175, 125, 111, 223, 59, 47, 215, 11, 114, 63, 247, 231,
       93, 219, 82, 117, 237, 246, 115, 92, 104, 127, 223, 30, 252, 181,
       205, 189, 22, 165, 249, 247, 140, 235, 208, 252, 49, 61, 92, 85,
       48, 190, 255, 252, 255, 239, 255, 255, 223, 152, 255, 215, 253,
       250, 191, 255, 254, 253, 251, 247, 62, 127, 111, 223, 191, 124,
       239, 255, 127, 63, 255, 123, 254, 191, 215, 237, 93, 223, 218,
       117, 253, 255, 115, 223, 105, 127, 221, 30, 252, 181, 205, 189,
       86, 133, 248, 183, 151, 239, 216, 252, 56, 63, 221, 93, 50, 191,
       236, 239, 239, 249, 250, 255, 247, 255, 253, 255, 254, 255, 255,
       254, 251, 236, 235, 213, 127, 111, 127, 157, 190, 61, 127, 223,
       63, 47, 223, 95, 58, 191, 247, 103, 125, 219, 82, 119, 253, 118,
       115, 124, 248, 62, 95, 142, 125, 176, 205, 173, 94, 181, 217, 255,
       132, 235, 208, 252, 105, 189, 93, 93, 48, 182, 60, 169, 255, 253,
       48, 127, 241, 247, 221, 252, 206, 245, 83, 244, 251, 234, 155,
       220, 227, 107, 247, 61, 206, 211, 253, 127, 150, 179, 109, 199,
       62, 239, 207, 18, 101, 186, 149, 254, 249, 124, 248, 61, 247, 103,
       255, 55, 119, 235, 187, 172, 171, 223, 240, 29, 156, 92, 54, 242,
       123, 235, 219, 127, 233, 254, 254, 249, 255, 255, 247, 127, 95,
       255, 255, 215, 253, 250, 255, 254, 254, 255, 251, 213, 127, 127,
       63, 223, 231, 55, 111, 255, 255, 63, 211, 95, 126, 185, 210, 47,
       85, 255, 82, 125, 253, 116, 122, 223, 56, 63, 221, 28, 245, 188,
       157, 172, 30, 133, 248, 63, 156, 73, 80, 244, 57, 189, 93, 87, 50,
       250, 205, 206, 231, 201, 219, 255, 163, 221, 61, 255, 138, 95,
       219, 253, 251, 237, 203, 213, 185, 102, 204, 197, 142, 120, 111,
       220, 24, 39, 255, 75, 59, 95, 245, 231, 93, 91, 82, 247, 253, 54,
       215, 116, 72, 30, 93, 142, 121, 177, 157, 45, 28, 53, 211, 255,
       141, 107, 208, 236, 33, 173, 220, 95, 50, 245, 124, 47, 247, 252,
       50, 111, 245, 255, 213, 252, 222, 181, 87, 246, 155, 238, 251,
       220, 227, 107, 247, 173, 228, 183, 223, 239, 182, 133, 105, 204,
       62, 238, 207, 39, 117, 186, 212, 126, 249, 116, 121, 125, 177, 38,
       239, 183, 103, 238, 153, 164, 255, 221, 242, 30, 157, 77, 4, 242,
       123, 255, 91, 71, 33, 250, 124, 57, 255, 222, 22, 7, 81, 126, 247,
       228, 149, 176, 127, 250, 179, 94, 250, 213, 115, 99, 215, 47, 195,
       55, 78, 170, 182, 15, 82, 29, 84, 107, 215, 38, 20, 186, 82, 120,
       243, 116, 80, 95, 188, 46, 217, 20, 193, 239, 153, 172, 24, 5,
       240, 29, 156, 73, 16, 242, 51, 189, 88, 87, 34, 251, 124, 187,
       255, 253, 50, 255, 253, 127, 221, 255, 255, 253, 223, 254, 251,
       238, 187, 221, 251, 107, 183, 127, 198, 247, 221, 127, 183, 255,
       124, 223, 127, 235, 207, 28, 231, 190, 214, 250, 249, 125, 120,
       125, 243, 39, 247, 183, 247, 111, 191, 174, 169, 207, 242, 29,
       157, 93, 116, 242, 115, 255, 251, 223, 109, 254, 254, 253, 255,
       223, 62, 255, 221, 123, 255, 255, 253, 251, 255, 251, 222, 254,
       251, 213, 126, 107, 183, 47, 202, 127, 237, 255, 183, 63, 95, 91,
       119, 239, 215, 39, 125, 191, 214, 125, 251, 119, 114, 254, 235,
       111, 159, 20, 245, 111, 153, 172, 24, 197, 240, 29, 156, 77, 16,
       242, 115, 255, 217, 87, 35, 255, 63, 182, 124, 163, 63, 253, 183,
       113, 127, 255, 126, 253, 189, 63, 248, 117, 251, 246, 229, 233,
       241, 112, 219, 120, 125, 253, 57, 63, 126, 95, 255, 239, 213, 228,
       223, 186, 119, 248, 233, 126, 117, 93, 122, 47, 213, 4, 246, 111,
       155, 252, 153, 13, 244, 29, 158, 93, 50, 242, 51, 189, 218, 223,
       44, 254, 253, 47, 119, 183, 248, 101, 171, 248, 220, 253, 242,
       115, 227, 235, 211, 198, 234, 221, 39, 99, 109, 169, 167, 52, 77,
       223, 181, 171, 210, 14, 51, 191, 115, 36, 84, 250, 83, 120, 233,
       244, 216, 84, 56, 30, 193, 7, 219, 125, 153, 172, 24, 5, 240, 31,
       157, 73, 16, 240, 51, 189, 92, 87, 32, 250, 237, 172, 247, 173,
       218, 103, 163, 254, 253, 253, 238, 255, 95, 191, 251, 238, 235,
       220, 227, 99, 125, 129, 238, 180, 95, 239, 188, 179, 251, 207, 59,
       255, 245, 37, 85, 250, 83, 114, 237, 252, 126, 93, 56, 62, 221,
       55, 255, 108, 153, 172, 94, 5, 240, 31, 156, 73, 24, 244, 35, 189,
       92, 87, 32, 250, 106, 33, 219, 179, 90, 134, 127, 207, 212, 239,
       1, 144, 51, 194, 179, 90, 234, 213, 49, 103, 142, 173, 238, 31,
       14, 203, 182, 47, 82, 9, 49, 111, 227, 39, 20, 187, 18, 124, 101,
       118, 112, 72, 52, 42, 211, 28, 193, 239, 153, 172, 24, 5, 240, 29,
       156, 73, 16, 242, 51, 189, 88, 86, 32, 250, 255, 190, 255, 253,
       254, 255, 251, 253, 253, 253, 94, 255, 223, 126, 251, 253, 235,
       213, 185, 107, 253, 45, 222, 123, 127, 203, 178, 55, 95, 91, 63,
       255, 247, 167, 125, 187, 246, 255, 253, 118, 241, 124, 234, 126,
       223, 22, 217, 115, 157, 172, 24, 5, 244, 61, 157, 73, 80, 246,
       243, 191, 218, 95, 35, 254, 186, 217, 218, 223, 191, 89, 221, 136,
       255, 243, 189, 234, 191, 250, 102, 125, 247, 183, 52, 147, 78,
