%YAML:1.0
descriptors: !!opencv-matrix
   rows: 82
   cols: 64
   dt: u
   data: [ 252, 237, 247, 253, 216, 111, 231, 255, 253, 253, 238, 255,
       215, 254, 251, 238, 235, 221, 255, 111, 127, 141, 254, 187, 127,
       239, 63, 167, 253, 207, 58, 191, 235, 39, 117, 251, 87, 247, 253,
       252, 123, 125, 248, 182, 223, 63, 127, 177, 141, 173, 126, 253,
       217, 127, 140, 206, 208, 252, 97, 255, 95, 70, 51, 254, 255, 254,
       127, 239, 255, 254, 223, 201, 255, 127, 185, 250, 255, 127, 254,
       253, 247, 247, 62, 119, 205, 199, 187, 124, 239, 223, 255, 127,
       255, 63, 247, 63, 215, 237, 95, 223, 218, 125, 253, 247, 119, 94,
       104, 63, 213, 30, 252, 53, 157, 173, 16, 5, 248, 183, 157, 107,
       88, 252, 49, 61, 220, 95, 48, 188, 253, 254, 255, 253, 255, 127,
       247, 250, 253, 253, 254, 251, 255, 255, 254, 238, 235, 221, 127,
       111, 125, 143, 174, 61, 111, 255, 191, 175, 223, 79, 114, 191,
       243, 39, 117, 251, 82, 117, 253, 244, 123, 92, 120, 63, 221, 31,
       125, 181, 141, 173, 94, 181, 249, 255, 140, 75, 80, 252, 33, 189,
       92, 87, 48, 250, 254, 254, 251, 253, 254, 247, 251, 245, 222, 255,
       248, 255, 207, 206, 251, 253, 251, 213, 63, 103, 95, 143, 191,
       125, 111, 223, 191, 47, 215, 31, 50, 191, 231, 39, 93, 251, 82,
       117, 237, 246, 115, 92, 56, 62, 221, 30, 217, 181, 157, 173, 94,
       5, 249, 255, 156, 107, 208, 252, 49, 189, 92, 87, 48, 186, 255,
       252, 255, 255, 255, 255, 223, 216, 255, 255, 189, 251, 175, 251,
       246, 253, 251, 247, 63, 127, 127, 223, 191, 124, 111, 255, 127,
       63, 255, 123, 119, 191, 243, 239, 190, 223, 210, 245, 255, 247,
       115, 222, 234, 127, 223, 30, 252, 181, 205, 189, 86, 181, 205,
       247, 135, 239, 216, 252, 240, 31, 223, 221, 52, 191, 255, 252,
       255, 247, 255, 127, 251, 249, 255, 255, 255, 251, 255, 251, 242,
       253, 251, 215, 127, 111, 127, 207, 191, 124, 191, 255, 127, 63,
       255, 91, 119, 191, 243, 231, 60, 223, 210, 119, 253, 247, 211,
       222, 251, 62, 219, 142, 216, 181, 205, 189, 86, 165, 249, 255,
       135, 239, 208, 252, 105, 31, 223, 31, 50, 189, 255, 252, 255, 231,
       255, 255, 223, 217, 255, 255, 253, 250, 175, 235, 246, 253, 243,
       247, 63, 127, 255, 223, 187, 124, 239, 255, 255, 63, 223, 59, 247,
       191, 211, 237, 158, 223, 210, 125, 253, 247, 83, 222, 106, 63,
       219, 30, 252, 53, 205, 189, 18, 5, 232, 183, 158, 239, 80, 252,
       113, 63, 220, 223, 58, 191, 236, 235, 239, 249, 247, 255, 247,
       254, 189, 255, 254, 251, 223, 250, 255, 239, 235, 221, 127, 111,
       126, 223, 238, 63, 111, 255, 191, 39, 255, 75, 54, 187, 215, 39,
       117, 251, 82, 125, 253, 116, 120, 125, 248, 63, 223, 190, 125,
       183, 157, 173, 30, 149, 217, 255, 157, 207, 80, 252, 49, 191, 93,
       87, 48, 250, 255, 252, 127, 239, 255, 255, 223, 152, 255, 119,
       189, 250, 175, 127, 230, 125, 255, 247, 62, 117, 239, 87, 187,
       124, 230, 247, 123, 127, 255, 59, 247, 63, 215, 237, 159, 223,
       202, 125, 255, 119, 119, 223, 107, 125, 213, 24, 252, 53, 213,
       191, 16, 37, 236, 183, 158, 239, 120, 190, 176, 63, 220, 221, 60,
       190, 220, 233, 255, 253, 112, 119, 249, 247, 217, 255, 236, 159,
       83, 244, 155, 234, 171, 205, 251, 111, 63, 173, 230, 155, 255,
       127, 183, 246, 73, 199, 54, 190, 251, 19, 37, 235, 151, 253, 255,
       124, 122, 124, 185, 118, 255, 189, 91, 250, 255, 172, 126, 247,
       217, 127, 148, 76, 213, 236, 105, 239, 95, 103, 211, 246, 62, 180,
       125, 172, 54, 125, 57, 125, 247, 246, 215, 180, 125, 60, 189, 246,
       246, 252, 67, 249, 245, 112, 209, 246, 221, 168, 228, 219, 107,
       222, 253, 235, 223, 44, 87, 190, 218, 122, 233, 125, 254, 93, 125,
       47, 212, 55, 247, 111, 155, 174, 153, 15, 242, 29, 156, 93, 56,
       242, 51, 189, 123, 223, 42, 251, 60, 181, 125, 174, 63, 253, 177,
       125, 247, 92, 222, 245, 125, 126, 189, 244, 255, 254, 67, 114,
       245, 114, 211, 247, 253, 172, 228, 217, 126, 222, 255, 233, 223,
       108, 87, 190, 223, 122, 233, 124, 120, 93, 62, 47, 212, 181, 247,
       111, 185, 172, 153, 13, 240, 29, 156, 89, 48, 242, 59, 189, 90,
       95, 44, 250, 247, 254, 255, 231, 255, 150, 159, 137, 239, 127, 57,
       250, 191, 111, 246, 93, 247, 247, 60, 243, 207, 119, 155, 124,
       254, 215, 255, 127, 190, 59, 247, 127, 215, 237, 222, 159, 250,
       125, 253, 127, 100, 94, 104, 125, 213, 28, 253, 53, 157, 172, 24,
       5, 244, 181, 156, 235, 24, 246, 48, 189, 220, 223, 56, 254, 187,
       222, 94, 239, 255, 185, 219, 152, 127, 251, 245, 235, 174, 91,
       100, 93, 116, 183, 60, 155, 229, 127, 155, 124, 161, 127, 243,
       127, 127, 115, 231, 247, 159, 236, 158, 117, 255, 217, 248, 115,
       123, 223, 235, 125, 209, 85, 255, 127, 191, 223, 152, 13, 252,
       165, 218, 253, 51, 247, 246, 159, 243, 251, 190, 223, 63, 54, 101,
       162, 191, 181, 175, 89, 244, 126, 218, 53, 173, 95, 185, 117, 242,
       252, 67, 112, 241, 98, 153, 124, 68, 172, 224, 139, 90, 90, 121,
       239, 77, 44, 215, 190, 243, 114, 169, 117, 124, 84, 90, 142, 68,
       193, 230, 79, 184, 188, 24, 13, 242, 29, 156, 65, 16, 178, 55,
       188, 218, 199, 44, 112, 61, 182, 125, 36, 190, 189, 187, 120, 242,
       126, 210, 115, 237, 123, 153, 84, 242, 238, 195, 96, 245, 98, 211,
       254, 220, 168, 228, 219, 110, 221, 241, 239, 215, 108, 77, 190,
       222, 56, 249, 125, 252, 92, 27, 143, 208, 49, 243, 79, 185, 172,
       24, 11, 240, 29, 157, 73, 60, 242, 51, 189, 250, 215, 40, 254, 61,
       182, 125, 109, 191, 181, 179, 120, 252, 29, 212, 121, 237, 123,
       132, 69, 242, 252, 195, 112, 241, 98, 211, 244, 232, 58, 228, 179,
       124, 93, 113, 239, 223, 108, 69, 190, 215, 56, 249, 125, 125, 95,
       27, 135, 212, 241, 247, 79, 185, 188, 25, 13, 240, 29, 158, 77,
       60, 242, 55, 157, 250, 215, 38, 219, 63, 182, 116, 38, 253, 168,
       59, 88, 244, 124, 192, 115, 173, 123, 132, 85, 242, 247, 7, 112,
       225, 34, 153, 124, 68, 184, 224, 31, 250, 25, 97, 239, 223, 108,
       84, 190, 83, 56, 161, 125, 221, 94, 26, 143, 192, 81, 210, 79,
       153, 164, 24, 5, 240, 28, 157, 73, 56, 242, 55, 188, 216, 87, 32,
       249, 236, 171, 239, 253, 242, 127, 243, 255, 189, 253, 238, 255,
       219, 254, 251, 238, 139, 221, 251, 111, 127, 191, 238, 179, 79,
       255, 159, 167, 253, 207, 54, 175, 215, 39, 117, 251, 87, 127, 253,
       116, 248, 125, 250, 63, 223, 191, 127, 243, 157, 172, 28, 149,
       209, 127, 156, 76, 80, 252, 115, 191, 95, 87, 33, 250, 62, 176,
       249, 174, 55, 157, 29, 15, 215, 230, 85, 176, 189, 42, 180, 94,
       255, 215, 32, 241, 193, 55, 195, 119, 221, 221, 229, 127, 82, 184,
       245, 105, 215, 44, 85, 190, 90, 120, 233, 124, 112, 92, 61, 45,
       213, 20, 245, 111, 153, 172, 24, 5, 240, 29, 156, 73, 16, 242, 51,
       189, 88, 87, 32, 250, 39, 164, 109, 138, 31, 189, 5, 89, 244, 246,
       132, 160, 233, 59, 189, 71, 203, 244, 99, 112, 241, 102, 83, 119,
       85, 189, 181, 45, 82, 30, 49, 99, 223, 44, 87, 186, 82, 120, 233,
       116, 112, 92, 56, 175, 213, 112, 245, 111, 153, 172, 24, 5, 240,
       29, 156, 73, 16, 242, 51, 189, 88, 87, 40, 250, 45, 174, 237, 136,
       63, 253, 165, 124, 189, 126, 214, 253, 237, 63, 253, 197, 203,
       244, 99, 96, 245, 103, 218, 117, 77, 253, 21, 39, 126, 31, 49,
       235, 223, 36, 215, 186, 82, 120, 233, 116, 120, 92, 58, 47, 85,
       177, 245, 111, 153, 172, 24, 5, 240, 29, 156, 73, 16, 242, 51,
       189, 88, 215, 32, 250, 127, 252, 233, 143, 255, 157, 159, 9, 255,
       255, 21, 250, 191, 58, 180, 93, 250, 247, 56, 59, 205, 119, 219,
       109, 125, 215, 185, 63, 86, 123, 87, 111, 151, 172, 215, 187, 242,
       121, 233, 119, 112, 93, 108, 45, 149, 28, 245, 63, 157, 172, 24,
       5, 246, 29, 156, 107, 16, 246, 50, 189, 217, 95, 56, 254, 88, 153,
       158, 253, 38, 119, 252, 183, 21, 254, 93, 141, 94, 244, 59, 218,
       189, 155, 249, 251, 247, 125, 231, 155, 185, 107, 246, 246, 109,
