%YAML:1.0
descriptors: !!opencv-matrix
   rows: 54
   cols: 64
   dt: u
   data: [ 63, 183, 125, 254, 63, 253, 253, 127, 247, 254, 221, 241, 125,
       127, 188, 87, 255, 254, 227, 251, 247, 122, 217, 255, 253, 255,
       231, 223, 126, 255, 253, 239, 223, 254, 247, 190, 255, 248, 251,
       127, 124, 253, 251, 239, 246, 241, 247, 111, 187, 254, 185, 79,
       246, 29, 254, 93, 63, 243, 255, 255, 251, 255, 237, 254, 43, 255,
       252, 254, 63, 253, 253, 31, 255, 254, 143, 233, 255, 127, 124,
       221, 255, 191, 227, 251, 247, 127, 83, 255, 245, 127, 247, 255,
       127, 247, 255, 227, 143, 254, 199, 180, 251, 88, 250, 121, 124,
       253, 118, 237, 245, 241, 247, 111, 189, 254, 136, 75, 246, 29,
       218, 85, 63, 247, 255, 191, 251, 251, 237, 90, 255, 254, 255, 239,
       254, 255, 255, 253, 253, 255, 254, 255, 255, 255, 255, 253, 251,
       221, 127, 111, 253, 223, 191, 124, 239, 255, 63, 191, 255, 95,
       127, 191, 245, 237, 93, 255, 87, 247, 253, 246, 219, 95, 122, 62,
       223, 191, 222, 177, 205, 189, 94, 181, 249, 255, 143, 239, 208,
       252, 41, 189, 223, 95, 50, 189, 243, 254, 95, 231, 255, 186, 223,
       152, 255, 123, 60, 251, 175, 123, 102, 253, 247, 247, 60, 191,
       239, 111, 187, 124, 231, 215, 123, 127, 255, 123, 199, 127, 151,
       239, 222, 87, 251, 221, 255, 247, 71, 222, 106, 253, 217, 91, 252,
       53, 196, 215, 16, 37, 237, 231, 239, 239, 120, 188, 244, 63, 222,
       221, 188, 157, 58, 253, 254, 255, 47, 255, 253, 55, 255, 252, 254,
       253, 191, 126, 127, 254, 253, 187, 250, 187, 245, 127, 219, 255,
       241, 127, 247, 246, 109, 247, 255, 230, 207, 250, 227, 36, 255,
       217, 250, 121, 120, 189, 231, 111, 247, 245, 183, 111, 191, 250,
       143, 207, 246, 13, 250, 93, 63, 215, 255, 255, 243, 251, 205, 206,
       187, 222, 124, 239, 255, 189, 223, 24, 255, 127, 189, 251, 191,
       127, 108, 125, 247, 183, 124, 187, 253, 119, 155, 124, 241, 247,
       249, 127, 255, 123, 207, 247, 159, 236, 223, 85, 255, 89, 250,
       123, 127, 223, 107, 253, 213, 243, 252, 63, 183, 223, 153, 15,
       254, 165, 251, 255, 126, 247, 246, 191, 243, 219, 252, 94, 255,
       254, 127, 239, 255, 254, 223, 153, 255, 127, 185, 250, 175, 111,
       246, 253, 247, 247, 60, 119, 127, 223, 187, 124, 247, 223, 123,
       127, 255, 123, 255, 191, 243, 237, 222, 223, 226, 117, 255, 247,
       103, 222, 106, 249, 223, 30, 252, 149, 204, 181, 86, 45, 238, 183,
       167, 239, 216, 188, 240, 63, 222, 221, 62, 189, 252, 233, 255,
       253, 114, 127, 249, 255, 253, 252, 222, 191, 95, 247, 255, 238,
       187, 221, 251, 111, 63, 253, 230, 179, 255, 239, 182, 183, 109,
       207, 62, 255, 255, 83, 101, 251, 215, 255, 253, 124, 254, 125,
       255, 118, 255, 191, 127, 238, 255, 172, 239, 255, 211, 127, 156,
       92, 220, 254, 123, 235, 95, 111, 171, 255, 251, 248, 95, 239, 255,
       221, 223, 136, 255, 255, 61, 251, 191, 122, 244, 253, 247, 247,
       60, 187, 205, 119, 187, 124, 231, 215, 251, 127, 255, 123, 215,
       127, 151, 237, 223, 215, 250, 125, 251, 247, 115, 223, 107, 125,
       151, 30, 252, 61, 205, 255, 18, 7, 252, 167, 190, 255, 80, 247,
       240, 63, 255, 221, 62, 191, 252, 173, 255, 253, 50, 127, 249, 255,
       189, 253, 196, 253, 95, 249, 191, 238, 187, 221, 251, 111, 247,
       125, 246, 179, 127, 107, 150, 183, 109, 213, 126, 239, 223, 83,
       119, 250, 215, 255, 249, 125, 254, 63, 255, 119, 255, 55, 119,
       239, 191, 172, 239, 223, 241, 29, 156, 92, 125, 254, 123, 239,
       251, 127, 175, 255, 252, 255, 255, 253, 246, 127, 253, 255, 253,
       221, 223, 255, 255, 254, 251, 238, 251, 213, 127, 111, 63, 223,
       231, 183, 127, 255, 183, 191, 255, 223, 126, 191, 215, 103, 117,
       251, 214, 127, 253, 124, 249, 125, 253, 63, 223, 191, 125, 182,
       221, 173, 223, 221, 250, 191, 157, 77, 80, 252, 121, 255, 95, 95,
       33, 250, 231, 254, 239, 167, 255, 188, 155, 152, 255, 127, 159,
       254, 175, 127, 230, 125, 162, 245, 60, 115, 205, 71, 155, 124,
       103, 214, 57, 63, 254, 59, 119, 127, 151, 237, 221, 219, 242, 249,
       237, 55, 113, 92, 106, 61, 213, 28, 252, 49, 157, 189, 24, 5, 245,
       181, 156, 235, 80, 246, 178, 189, 220, 95, 52, 254, 247, 253, 255,
       207, 255, 222, 223, 137, 255, 199, 61, 250, 191, 255, 246, 125,
       255, 247, 60, 119, 15, 223, 179, 124, 255, 215, 255, 127, 247, 59,
       214, 59, 151, 237, 158, 223, 202, 125, 255, 255, 115, 223, 105,
       253, 221, 28, 253, 53, 221, 191, 18, 13, 248, 183, 156, 235, 88,
       254, 112, 63, 124, 221, 56, 250, 44, 175, 255, 248, 48, 127, 225,
       255, 245, 220, 198, 247, 95, 127, 251, 238, 235, 221, 227, 111,
       245, 109, 212, 243, 93, 255, 150, 133, 124, 206, 50, 251, 215, 38,
       87, 186, 87, 122, 249, 124, 124, 124, 58, 38, 213, 53, 119, 111,
       153, 172, 24, 5, 240, 29, 156, 73, 16, 242, 51, 189, 90, 87, 33,
       250, 246, 245, 251, 190, 119, 6, 95, 11, 231, 103, 189, 250, 191,
       202, 180, 95, 247, 215, 54, 119, 15, 191, 241, 39, 222, 215, 243,
       127, 83, 57, 244, 41, 194, 45, 22, 223, 202, 125, 227, 247, 50,
       202, 61, 105, 151, 28, 245, 47, 213, 172, 16, 5, 104, 25, 180, 75,
       16, 242, 113, 189, 89, 84, 58, 187, 108, 35, 247, 185, 16, 183,
       163, 127, 228, 252, 194, 53, 85, 254, 187, 70, 234, 221, 67, 102,
       245, 37, 198, 243, 93, 234, 180, 141, 80, 140, 49, 235, 215, 38,
       85, 186, 82, 122, 193, 124, 120, 84, 56, 46, 85, 53, 193, 111,
       153, 172, 24, 5, 240, 29, 156, 73, 16, 242, 51, 189, 88, 87, 32,
       250, 189, 188, 255, 163, 254, 245, 179, 252, 252, 255, 214, 255,
       255, 123, 179, 125, 235, 213, 35, 99, 237, 39, 231, 117, 77, 219,
       188, 175, 90, 14, 51, 235, 215, 36, 85, 186, 82, 120, 233, 116,
       120, 92, 56, 47, 213, 20, 245, 111, 153, 172, 24, 5, 240, 29, 156,
       73, 16, 242, 51, 189, 88, 87, 32, 250, 63, 182, 117, 162, 255,
       255, 171, 121, 252, 94, 250, 119, 253, 63, 251, 244, 243, 221, 67,
       100, 241, 35, 131, 116, 221, 236, 236, 143, 210, 158, 243, 235,
       245, 44, 85, 190, 83, 122, 233, 124, 120, 92, 24, 46, 213, 55,
       246, 109, 153, 172, 24, 5, 240, 29, 156, 73, 16, 242, 51, 188, 88,
       87, 32, 248, 158, 249, 219, 246, 55, 179, 253, 122, 85, 251, 85,
       249, 47, 194, 148, 90, 58, 223, 180, 107, 135, 60, 224, 123, 173,
       159, 243, 191, 91, 105, 53, 239, 215, 182, 188, 187, 247, 253,
       243, 119, 112, 238, 251, 111, 187, 21, 213, 111, 219, 174, 58,
       199, 236, 28, 188, 76, 145, 243, 243, 219, 89, 119, 161, 191, 182,
       241, 123, 151, 55, 5, 219, 200, 198, 199, 181, 250, 255, 74, 178,
       86, 242, 215, 38, 103, 79, 166, 227, 118, 140, 222, 247, 107, 210,
       14, 243, 59, 210, 36, 84, 190, 82, 120, 233, 244, 80, 88, 56, 47,
       209, 20, 209, 111, 153, 172, 24, 5, 240, 29, 156, 73, 16, 242, 51,
       189, 88, 87, 32, 251, 63, 186, 253, 239, 255, 253, 255, 120, 255,
       253, 214, 251, 253, 127, 254, 221, 255, 255, 107, 123, 245, 103,
       219, 253, 237, 255, 245, 255, 126, 95, 247, 239, 223, 108, 87,
       190, 95, 123, 249, 117, 124, 93, 122, 47, 213, 181, 247, 111, 185,
       172, 24, 5, 240, 29, 159, 73, 16, 242, 55, 189, 218, 87, 36, 250,
       220, 185, 147, 117, 104, 98, 252, 239, 219, 185, 231, 203, 198,
       192, 130, 154, 63, 143, 190, 11, 174, 173, 102, 223, 143, 223,
       247, 254, 73, 103, 230, 254, 207, 179, 100, 117, 189, 173, 250,
       247, 89, 124, 227, 247, 171, 125, 191, 251, 237, 194, 104, 243,
       244, 126, 60, 199, 87, 255, 215, 235, 255, 117, 145, 254, 109,
       174, 231, 163, 221, 247, 167, 216, 236, 127, 170, 115, 233, 63,
       187, 101, 203, 253, 43, 100, 225, 7, 26, 116, 70, 221, 29, 167,
       210, 10, 51, 219, 213, 36, 87, 186, 83, 112, 173, 116, 124, 84,
       56, 47, 85, 85, 244, 229, 153, 172, 24, 5, 240, 29, 156, 73, 16,
       240, 51, 188, 88, 87, 32, 250, 62, 185, 255, 253, 54, 253, 251,
       125, 253, 255, 213, 251, 255, 122, 191, 94, 251, 221, 115, 123,
