%YAML:1.0
descriptors: !!opencv-matrix
   rows: 105
   cols: 64
   dt: u
   data: [ 59, 183, 109, 255, 63, 253, 221, 57, 255, 255, 255, 249, 237,
       127, 124, 119, 191, 246, 98, 251, 247, 122, 211, 255, 253, 255,
       231, 191, 126, 255, 253, 239, 207, 252, 255, 190, 255, 121, 250,
       127, 125, 125, 251, 239, 246, 225, 247, 111, 186, 255, 153, 75,
       246, 157, 254, 85, 63, 243, 247, 255, 251, 255, 236, 222, 171,
       222, 124, 111, 255, 189, 223, 24, 255, 127, 173, 235, 175, 123,
       236, 93, 183, 247, 62, 187, 253, 118, 147, 125, 101, 255, 243, 63,
       127, 123, 247, 247, 223, 252, 223, 182, 243, 249, 248, 127, 127,
       223, 107, 253, 245, 241, 253, 127, 188, 255, 24, 15, 252, 165,
       223, 125, 58, 247, 246, 191, 250, 223, 172, 218, 252, 216, 254,
       255, 255, 127, 255, 247, 63, 255, 126, 223, 159, 254, 255, 254,
       255, 215, 125, 111, 93, 157, 175, 57, 111, 223, 187, 111, 223, 79,
       254, 191, 241, 39, 125, 251, 86, 119, 237, 246, 243, 222, 120, 62,
       223, 158, 253, 181, 141, 173, 94, 181, 249, 255, 157, 203, 208,
       252, 41, 189, 93, 95, 50, 191, 252, 234, 247, 255, 250, 127, 255,
       247, 125, 253, 126, 159, 223, 255, 255, 238, 251, 221, 125, 111,
       125, 141, 239, 185, 127, 239, 191, 191, 223, 207, 58, 191, 241,
       39, 117, 251, 87, 247, 253, 254, 251, 94, 120, 62, 223, 158, 91,
       181, 141, 173, 94, 181, 217, 127, 133, 205, 208, 252, 41, 189, 93,
       70, 50, 189, 255, 220, 110, 239, 255, 189, 223, 136, 191, 255,
       189, 250, 191, 122, 124, 253, 245, 247, 62, 251, 238, 119, 186,
       124, 101, 215, 251, 127, 255, 123, 127, 63, 215, 237, 222, 223,
       242, 125, 251, 255, 119, 223, 111, 125, 215, 30, 252, 53, 157,
       191, 16, 5, 254, 181, 223, 127, 24, 246, 240, 63, 221, 223, 58,
       191, 252, 239, 255, 255, 250, 127, 255, 255, 253, 253, 254, 255,
       255, 254, 255, 238, 251, 221, 127, 111, 127, 159, 255, 63, 127,
       255, 191, 191, 223, 223, 126, 191, 243, 39, 117, 251, 215, 119,
       253, 252, 123, 125, 248, 62, 223, 159, 127, 180, 141, 173, 94,
       181, 219, 255, 133, 207, 208, 252, 97, 255, 95, 95, 51, 190, 187,
       252, 124, 111, 255, 185, 223, 24, 255, 127, 189, 251, 191, 94,
       108, 221, 247, 247, 60, 185, 253, 119, 155, 124, 229, 247, 121,
       127, 255, 123, 223, 247, 159, 237, 222, 87, 255, 219, 249, 255,
       255, 223, 111, 125, 213, 95, 252, 53, 228, 223, 152, 47, 238, 165,
       255, 247, 126, 183, 246, 63, 183, 223, 190, 31, 124, 169, 255,
       253, 50, 127, 253, 247, 221, 254, 222, 189, 87, 244, 251, 234,
       155, 221, 251, 111, 191, 253, 230, 155, 255, 111, 150, 246, 109,
       215, 126, 239, 239, 19, 101, 239, 159, 255, 251, 125, 120, 61,
       247, 118, 255, 183, 119, 235, 255, 170, 175, 255, 243, 125, 60,
       92, 103, 239, 95, 235, 251, 255, 201, 254, 251, 254, 127, 239,
       255, 221, 223, 137, 255, 255, 189, 254, 191, 126, 254, 253, 255,
       247, 126, 187, 253, 119, 187, 124, 255, 247, 251, 127, 255, 251,
       223, 191, 135, 237, 223, 215, 254, 249, 255, 127, 115, 221, 111,
       125, 213, 30, 253, 53, 255, 223, 152, 47, 254, 165, 222, 255, 112,
       246, 244, 63, 255, 221, 60, 254, 236, 171, 255, 253, 114, 127,
       245, 247, 189, 253, 206, 191, 211, 252, 251, 238, 155, 221, 251,
       111, 127, 253, 246, 179, 95, 127, 151, 182, 109, 199, 54, 139,
       223, 3, 103, 251, 213, 255, 253, 124, 124, 125, 243, 55, 255, 191,
       119, 234, 191, 172, 191, 253, 211, 127, 156, 92, 116, 252, 115,
       255, 95, 127, 41, 254, 92, 173, 255, 253, 58, 255, 249, 119, 185,
       253, 206, 253, 215, 244, 255, 238, 153, 221, 251, 107, 247, 125,
       126, 251, 253, 127, 151, 246, 109, 199, 119, 239, 223, 82, 101,
       44, 215, 251, 249, 125, 120, 61, 255, 103, 255, 55, 247, 107, 191,
       238, 169, 223, 240, 93, 156, 92, 119, 223, 247, 239, 251, 255,
       237, 254, 247, 181, 249, 215, 255, 158, 223, 8, 239, 103, 21, 250,
       191, 106, 182, 93, 246, 247, 56, 247, 143, 119, 211, 109, 228,
       214, 251, 127, 50, 57, 215, 43, 151, 172, 214, 159, 202, 121, 251,
       95, 96, 217, 109, 105, 213, 92, 245, 63, 149, 174, 24, 5, 112, 53,
       156, 123, 24, 246, 48, 189, 120, 223, 56, 250, 76, 43, 231, 249,
       64, 223, 227, 239, 157, 252, 206, 149, 211, 244, 187, 234, 203,
       25, 251, 111, 252, 141, 206, 179, 95, 235, 158, 164, 72, 198, 58,
       207, 255, 3, 101, 187, 21, 254, 237, 124, 248, 53, 176, 38, 77,
       175, 103, 227, 157, 44, 57, 181, 241, 93, 156, 72, 80, 236, 35,
       189, 73, 71, 33, 250, 29, 191, 190, 245, 46, 181, 252, 115, 57,
       255, 214, 207, 222, 117, 59, 10, 188, 203, 227, 251, 245, 125, 83,
       219, 249, 126, 247, 246, 108, 247, 247, 231, 223, 120, 209, 36,
       255, 248, 248, 121, 120, 61, 251, 175, 245, 53, 247, 111, 187,
       234, 137, 79, 244, 29, 152, 93, 55, 211, 215, 247, 243, 243, 237,
       238, 108, 175, 239, 241, 114, 255, 241, 251, 253, 223, 198, 255,
       223, 251, 251, 206, 203, 221, 251, 111, 247, 125, 210, 247, 127,
       255, 151, 167, 124, 222, 50, 235, 215, 38, 85, 187, 86, 124, 253,
       124, 248, 125, 184, 47, 213, 53, 119, 239, 157, 172, 24, 5, 241,
       29, 156, 77, 16, 246, 115, 189, 90, 87, 33, 250, 255, 252, 239,
       143, 255, 223, 159, 8, 191, 255, 21, 251, 191, 59, 182, 93, 249,
       247, 56, 185, 205, 87, 218, 125, 109, 215, 189, 63, 127, 123, 87,
       111, 215, 237, 93, 187, 250, 121, 233, 119, 113, 93, 104, 47, 213,
       28, 253, 59, 157, 172, 24, 5, 244, 61, 156, 111, 16, 246, 178,
       189, 216, 95, 48, 254, 45, 182, 117, 166, 25, 237, 161, 92, 244,
       124, 206, 117, 125, 127, 188, 101, 235, 252, 195, 96, 245, 42,
       153, 119, 84, 188, 4, 131, 126, 79, 121, 239, 223, 100, 87, 186,
       113, 242, 233, 124, 125, 85, 90, 167, 196, 113, 247, 111, 185,
       164, 152, 12, 240, 28, 156, 73, 56, 242, 55, 173, 218, 71, 36,
       250, 104, 14, 231, 233, 200, 255, 163, 247, 189, 252, 74, 29, 217,
       189, 187, 238, 203, 93, 251, 110, 252, 69, 222, 185, 95, 233, 28,
       164, 109, 196, 58, 207, 245, 67, 119, 185, 85, 246, 125, 60, 253,
       117, 90, 182, 77, 167, 107, 227, 29, 44, 253, 188, 211, 125, 141,
       12, 76, 236, 35, 173, 74, 71, 35, 246, 61, 191, 255, 124, 62, 181,
       249, 126, 245, 252, 212, 245, 239, 123, 153, 79, 250, 253, 227,
       107, 245, 111, 219, 255, 253, 42, 230, 215, 124, 85, 245, 239,
       223, 106, 101, 190, 247, 184, 249, 125, 125, 93, 251, 174, 253,
       225, 243, 111, 185, 174, 153, 75, 240, 29, 156, 77, 54, 242, 255,
       159, 250, 215, 165, 255, 28, 181, 181, 124, 32, 169, 124, 119, 81,
       154, 195, 177, 84, 36, 173, 82, 253, 138, 195, 219, 245, 40, 65,
       211, 209, 42, 226, 220, 72, 228, 229, 224, 207, 16, 101, 164, 189,
       120, 232, 125, 120, 28, 55, 39, 246, 117, 183, 111, 185, 238, 40,
       71, 242, 29, 88, 73, 22, 243, 23, 181, 59, 115, 225, 74, 63, 246,
       125, 238, 63, 253, 245, 121, 119, 252, 222, 245, 253, 127, 252,
       117, 255, 254, 225, 251, 245, 116, 209, 243, 253, 191, 225, 251,
       126, 223, 255, 235, 223, 100, 215, 186, 255, 120, 249, 125, 116,
       93, 123, 47, 212, 21, 247, 111, 155, 172, 153, 13, 240, 29, 156,
       93, 62, 242, 119, 189, 219, 223, 44, 254, 114, 157, 221, 158, 103,
       95, 211, 63, 246, 68, 21, 212, 63, 126, 62, 124, 255, 215, 112,
       103, 212, 55, 193, 103, 217, 247, 252, 76, 114, 154, 214, 105,
       215, 44, 85, 190, 82, 88, 233, 124, 112, 93, 56, 47, 213, 60, 245,
       111, 153, 172, 153, 13, 240, 29, 156, 75, 16, 242, 51, 189, 88,
       87, 32, 250, 63, 185, 255, 252, 62, 181, 249, 126, 247, 191, 213,
       249, 255, 123, 180, 94, 254, 254, 99, 251, 247, 126, 195, 255,
       173, 58, 230, 255, 126, 253, 245, 239, 223, 252, 158, 190, 255,
       252, 249, 127, 120, 223, 255, 111, 242, 53, 247, 111, 187, 238,
       24, 71, 240, 29, 156, 93, 30, 243, 247, 255, 251, 255, 235, 255,
       114, 25, 153, 158, 98, 223, 91, 45, 207, 101, 21, 140, 191, 254,
