%YAML:1.0
descriptors: !!opencv-matrix
   rows: 58
   cols: 64
   dt: u
   data: [ 63, 54, 253, 163, 191, 253, 187, 125, 252, 254, 210, 119, 253,
       127, 187, 84, 250, 221, 67, 114, 245, 103, 195, 246, 221, 248,
       244, 175, 90, 28, 115, 235, 223, 44, 85, 190, 91, 120, 233, 124,
       120, 92, 56, 47, 213, 53, 247, 111, 153, 172, 24, 5, 240, 29, 156,
       73, 16, 242, 51, 189, 88, 87, 32, 250, 63, 246, 125, 254, 63, 189,
       95, 89, 247, 126, 185, 250, 237, 123, 244, 85, 246, 247, 7, 115,
       245, 102, 145, 126, 212, 158, 227, 123, 90, 59, 245, 235, 211, 44,
       214, 190, 218, 120, 241, 245, 114, 222, 56, 175, 212, 21, 245, 79,
       153, 172, 24, 5, 224, 29, 158, 73, 16, 242, 51, 189, 88, 87, 40,
       251, 191, 245, 125, 254, 63, 189, 93, 27, 247, 103, 253, 250, 191,
       107, 180, 95, 246, 247, 102, 243, 247, 126, 209, 119, 245, 190,
       231, 123, 122, 251, 245, 233, 199, 44, 150, 190, 202, 120, 249,
       255, 122, 223, 253, 233, 208, 81, 245, 111, 153, 174, 24, 15, 232,
       29, 158, 85, 56, 179, 115, 191, 250, 215, 168, 251, 61, 54, 117,
       165, 252, 253, 163, 124, 252, 124, 218, 53, 237, 63, 217, 245,
       251, 221, 203, 96, 249, 3, 142, 252, 204, 232, 108, 167, 254, 95,
       123, 255, 125, 229, 93, 191, 117, 242, 173, 118, 253, 84, 90, 142,
       69, 163, 250, 81, 184, 60, 93, 33, 242, 189, 157, 73, 68, 246,
       167, 172, 218, 7, 36, 244, 61, 50, 117, 37, 252, 160, 171, 124,
       248, 61, 210, 117, 237, 79, 137, 81, 242, 205, 139, 96, 233, 33,
       138, 252, 142, 168, 104, 175, 222, 77, 97, 239, 125, 229, 93, 191,
       117, 178, 173, 118, 221, 68, 90, 14, 65, 163, 218, 83, 168, 116,
       88, 33, 244, 188, 157, 73, 4, 246, 151, 172, 216, 7, 32, 116, 63,
       189, 253, 254, 63, 253, 253, 126, 255, 252, 247, 249, 125, 122,
       191, 223, 255, 246, 99, 123, 245, 118, 195, 119, 237, 191, 245,
       251, 127, 91, 247, 235, 215, 44, 85, 190, 223, 120, 249, 125, 120,
       93, 123, 47, 212, 21, 245, 111, 153, 172, 24, 5, 240, 29, 156, 73,
       16, 242, 51, 189, 91, 87, 32, 250, 125, 43, 231, 245, 122, 127,
       165, 254, 253, 252, 222, 53, 95, 255, 251, 238, 235, 221, 235,
       106, 245, 13, 206, 183, 95, 239, 148, 151, 124, 222, 62, 207, 223,
       39, 117, 186, 87, 122, 253, 124, 125, 85, 250, 62, 77, 167, 247,
       239, 157, 172, 221, 141, 242, 31, 156, 77, 100, 246, 51, 189, 91,
       71, 32, 254, 124, 43, 231, 245, 58, 119, 241, 247, 220, 188, 222,
       21, 89, 245, 155, 226, 187, 204, 235, 106, 245, 47, 206, 191, 29,
       107, 150, 150, 108, 199, 55, 222, 127, 43, 101, 188, 223, 190,
       249, 117, 125, 117, 243, 54, 111, 165, 35, 235, 187, 172, 239,
       219, 241, 29, 156, 92, 230, 226, 107, 251, 235, 7, 37, 246, 119,
       50, 113, 134, 217, 132, 15, 72, 198, 103, 163, 50, 225, 11, 144,
       85, 226, 213, 7, 96, 201, 34, 129, 116, 76, 136, 172, 15, 210, 12,
       49, 105, 112, 36, 84, 186, 66, 120, 1, 214, 144, 64, 24, 15, 192,
       12, 192, 13, 153, 172, 16, 5, 96, 28, 157, 73, 16, 242, 51, 188,
       88, 22, 32, 184, 108, 111, 239, 184, 210, 127, 39, 251, 173, 126,
       200, 186, 221, 175, 255, 207, 203, 253, 123, 100, 125, 215, 144,
       52, 95, 253, 189, 189, 251, 222, 58, 137, 192, 39, 87, 187, 210,
       116, 117, 124, 60, 86, 60, 191, 85, 188, 116, 244, 157, 173, 24,
       12, 195, 61, 142, 93, 152, 236, 105, 189, 94, 215, 40, 178, 61,
       183, 117, 134, 63, 119, 143, 120, 230, 84, 187, 117, 125, 127,
       185, 117, 243, 212, 67, 98, 213, 34, 193, 118, 76, 239, 229, 13,
       82, 30, 113, 107, 215, 36, 85, 190, 82, 120, 233, 116, 112, 92,
       56, 47, 212, 20, 245, 111, 153, 172, 24, 5, 240, 29, 156, 73, 16,
       242, 51, 189, 88, 87, 32, 250, 27, 156, 152, 47, 207, 232, 154,
       28, 59, 187, 146, 111, 172, 78, 43, 181, 253, 183, 153, 146, 204,
       39, 203, 125, 225, 222, 120, 110, 94, 99, 227, 102, 223, 233, 93,
       53, 119, 203, 236, 115, 121, 92, 106, 43, 213, 85, 191, 115, 189,
       222, 24, 5, 244, 165, 220, 233, 22, 147, 182, 189, 146, 95, 176,
       78, 191, 53, 125, 180, 63, 63, 191, 120, 246, 125, 255, 115, 127,
       123, 208, 116, 242, 213, 7, 99, 245, 34, 160, 118, 205, 255, 229,
       63, 90, 30, 113, 251, 211, 36, 84, 190, 82, 120, 233, 244, 80, 92,
       56, 47, 208, 22, 245, 111, 153, 172, 24, 5, 240, 29, 157, 73, 16,
       242, 51, 189, 88, 87, 32, 250, 54, 176, 249, 142, 127, 143, 31,
       77, 246, 100, 149, 240, 61, 122, 180, 84, 250, 215, 0, 96, 193,
       35, 195, 103, 252, 130, 224, 15, 82, 153, 85, 107, 215, 36, 84,
       190, 66, 120, 233, 118, 112, 223, 28, 15, 209, 20, 245, 79, 153,
       172, 24, 5, 240, 29, 156, 73, 16, 242, 51, 189, 88, 87, 34, 251,
       82, 16, 152, 23, 223, 128, 26, 12, 82, 43, 17, 125, 164, 66, 4,
       17, 118, 151, 16, 144, 201, 33, 203, 77, 128, 194, 234, 111, 18,
       41, 225, 110, 87, 173, 28, 55, 122, 233, 107, 119, 64, 200, 70, 9,
       209, 20, 189, 95, 145, 230, 24, 5, 228, 24, 156, 235, 16, 50, 182,
       185, 152, 87, 48, 230, 205, 239, 231, 248, 81, 62, 101, 90, 45,
       101, 232, 186, 203, 251, 238, 79, 131, 125, 191, 103, 127, 237,
       152, 115, 71, 255, 19, 181, 248, 14, 34, 137, 218, 71, 86, 187, 0,
       124, 119, 188, 118, 254, 184, 247, 93, 27, 119, 195, 76, 165, 48,
       212, 65, 127, 143, 12, 121, 236, 113, 191, 76, 246, 177, 184, 253,
       254, 255, 195, 254, 247, 191, 249, 255, 255, 250, 123, 255, 127,
       243, 125, 243, 247, 127, 107, 253, 215, 191, 252, 254, 239, 253,
       63, 254, 219, 127, 255, 247, 237, 222, 255, 214, 241, 237, 254,
       126, 93, 106, 62, 213, 238, 217, 85, 189, 173, 28, 5, 242, 189,
       156, 91, 80, 252, 179, 156, 222, 223, 56, 252, 229, 103, 229, 56,
       209, 46, 39, 90, 165, 102, 168, 186, 235, 235, 164, 79, 195, 109,
       63, 100, 123, 199, 24, 119, 86, 255, 27, 37, 210, 30, 32, 9, 194,
       7, 214, 187, 0, 60, 117, 124, 46, 98, 56, 169, 85, 89, 117, 199,
       88, 164, 16, 24, 65, 124, 204, 3, 56, 172, 97, 191, 28, 214, 57,
       58, 125, 54, 245, 236, 127, 255, 47, 127, 245, 126, 218, 53, 109,
       63, 189, 213, 251, 253, 91, 108, 241, 115, 208, 63, 221, 237, 236,
       157, 126, 92, 125, 233, 85, 109, 223, 191, 214, 114, 189, 117,
       124, 76, 90, 175, 71, 161, 245, 79, 188, 180, 28, 13, 226, 61,
       159, 93, 248, 246, 123, 159, 218, 207, 44, 242, 191, 221, 126,
       253, 190, 253, 253, 113, 63, 255, 253, 219, 223, 120, 124, 253,
       245, 255, 127, 251, 254, 124, 242, 123, 253, 255, 243, 255, 127,
       247, 255, 255, 215, 248, 158, 124, 255, 121, 248, 255, 123, 223,
       255, 127, 247, 23, 255, 127, 159, 255, 154, 79, 250, 157, 159, 93,
       59, 247, 251, 191, 251, 255, 175, 255, 255, 251, 125, 190, 119,
       255, 159, 120, 255, 223, 253, 250, 255, 123, 244, 127, 251, 213,
       103, 103, 229, 103, 225, 119, 77, 255, 181, 63, 83, 30, 119, 233,
       214, 44, 85, 190, 82, 120, 233, 244, 114, 94, 56, 47, 213, 20,
       245, 111, 153, 172, 24, 5, 240, 29, 156, 73, 16, 242, 51, 189, 88,
       87, 32, 251, 239, 45, 239, 240, 95, 55, 113, 255, 244, 238, 212,
       52, 123, 202, 178, 111, 210, 117, 91, 119, 119, 247, 244, 55, 30,
       170, 166, 143, 210, 220, 112, 235, 103, 46, 150, 251, 90, 118, 85,
       220, 218, 98, 20, 14, 208, 111, 129, 206, 31, 44, 26, 5, 113, 61,
       148, 81, 144, 240, 99, 158, 78, 150, 42, 249, 255, 254, 125, 239,
       255, 189, 255, 73, 255, 125, 252, 251, 255, 122, 236, 93, 246,
       183, 63, 242, 253, 127, 155, 124, 246, 254, 123, 255, 254, 255,
       255, 255, 159, 237, 206, 223, 255, 249, 253, 127, 239, 223, 111,
       93, 213, 223, 255, 23, 253, 255, 152, 45, 254, 165, 223, 255, 126,
       254, 247, 175, 187, 223, 190, 93, 124, 191, 255, 121, 251, 255,
       227, 255, 253, 249, 198, 191, 247, 246, 171, 207, 251, 189, 251,
       94, 255, 255, 91, 255, 215, 250, 250, 175, 238, 223, 110, 238,
       207, 15, 71, 191, 215, 255, 253, 124, 248, 125, 250, 246, 93, 237,
