%YAML:1.0
descriptors: !!opencv-matrix
   rows: 59
   cols: 64
   dt: u
   data: [ 62, 177, 253, 191, 127, 183, 255, 121, 246, 255, 221, 251,
       253, 127, 179, 85, 255, 247, 99, 243, 245, 119, 211, 247, 220,
       254, 245, 255, 122, 220, 247, 235, 223, 44, 87, 190, 91, 120, 233,
       124, 120, 93, 56, 47, 213, 53, 247, 111, 153, 172, 24, 5, 240, 29,
       156, 73, 24, 242, 51, 189, 88, 87, 32, 250, 189, 191, 255, 247,
       255, 255, 255, 125, 254, 253, 222, 255, 255, 127, 254, 253, 251,
       245, 107, 99, 245, 47, 211, 255, 223, 255, 247, 191, 126, 95, 243,
       239, 223, 36, 85, 190, 86, 122, 249, 124, 120, 92, 58, 175, 213,
       53, 247, 111, 153, 172, 24, 5, 240, 29, 156, 73, 16, 242, 51, 189,
       90, 87, 32, 250, 255, 251, 125, 247, 255, 255, 255, 248, 254, 93,
       255, 123, 239, 127, 244, 117, 243, 247, 63, 103, 229, 47, 161,
       118, 238, 255, 247, 127, 254, 31, 247, 187, 214, 101, 92, 255, 82,
       113, 249, 245, 113, 92, 56, 63, 213, 20, 253, 79, 137, 173, 24, 5,
       248, 29, 156, 73, 16, 246, 51, 189, 88, 87, 32, 248, 255, 243,
       125, 254, 255, 63, 95, 88, 255, 87, 253, 250, 253, 123, 252, 253,
       242, 247, 63, 117, 101, 242, 161, 118, 205, 255, 253, 127, 247,
       30, 247, 185, 210, 44, 84, 254, 82, 112, 233, 245, 242, 222, 56,
       31, 209, 22, 244, 77, 153, 173, 16, 5, 248, 29, 159, 73, 16, 242,
       51, 189, 88, 87, 32, 185, 60, 185, 255, 252, 50, 127, 248, 119,
       221, 248, 223, 213, 95, 244, 191, 238, 251, 220, 99, 107, 245, 61,
       194, 243, 253, 79, 182, 254, 81, 199, 55, 234, 223, 36, 85, 186,
       87, 120, 233, 116, 120, 93, 245, 47, 245, 53, 247, 111, 155, 172,
       25, 5, 240, 29, 156, 73, 16, 242, 51, 189, 89, 87, 32, 250, 108,
       43, 247, 113, 216, 178, 99, 255, 192, 58, 194, 55, 227, 195, 131,
       67, 226, 141, 251, 70, 255, 173, 74, 159, 134, 234, 42, 141, 192,
       12, 32, 202, 127, 7, 69, 187, 17, 188, 85, 84, 92, 96, 144, 134,
       73, 233, 3, 215, 28, 44, 40, 240, 241, 124, 12, 73, 68, 252, 67,
       143, 72, 86, 241, 112, 77, 47, 231, 120, 216, 187, 103, 126, 241,
       62, 202, 55, 195, 231, 139, 73, 130, 109, 235, 102, 245, 109, 90,
       251, 70, 106, 134, 167, 120, 68, 41, 206, 223, 3, 215, 187, 53,
       188, 253, 52, 124, 116, 26, 167, 125, 113, 247, 235, 56, 172, 24,
       81, 209, 125, 28, 8, 30, 174, 87, 191, 202, 87, 229, 122, 60, 184,
       253, 172, 58, 253, 249, 127, 245, 252, 220, 253, 253, 124, 191,
       108, 255, 156, 227, 115, 245, 117, 211, 247, 249, 111, 224, 246,
       104, 215, 247, 239, 223, 96, 87, 188, 223, 120, 249, 124, 120, 93,
       127, 47, 213, 53, 247, 111, 185, 172, 153, 13, 242, 29, 156, 93,
       30, 242, 55, 189, 91, 95, 32, 254, 126, 169, 251, 171, 83, 207,
       147, 207, 223, 196, 151, 188, 125, 238, 251, 252, 251, 213, 19,
       102, 69, 19, 231, 55, 95, 201, 188, 13, 83, 142, 58, 59, 245, 37,
       85, 187, 82, 114, 205, 116, 144, 93, 20, 46, 85, 30, 225, 238,
       157, 44, 90, 5, 240, 29, 149, 73, 16, 242, 43, 189, 88, 87, 34,
       251, 45, 47, 231, 253, 26, 103, 167, 255, 245, 252, 202, 53, 93,
       127, 187, 231, 235, 252, 195, 98, 245, 41, 222, 179, 93, 233, 4,
       133, 121, 204, 57, 207, 253, 39, 119, 186, 81, 114, 233, 124, 125,
       85, 24, 38, 69, 183, 67, 110, 153, 44, 92, 5, 242, 29, 157, 73,
       16, 226, 43, 189, 90, 71, 32, 242, 156, 186, 52, 101, 188, 249,
       166, 241, 56, 57, 202, 71, 204, 85, 88, 161, 125, 203, 239, 234,
       245, 108, 26, 218, 129, 127, 85, 242, 236, 71, 231, 214, 223, 216,
       219, 36, 253, 154, 248, 33, 125, 21, 251, 183, 229, 227, 191, 107,
       168, 223, 141, 107, 246, 141, 218, 89, 39, 211, 215, 167, 242,
       123, 237, 94, 242, 248, 216, 191, 255, 202, 95, 12, 223, 163, 157,
       188, 63, 142, 174, 254, 255, 151, 56, 213, 143, 147, 231, 37, 229,
       213, 248, 47, 83, 59, 215, 43, 133, 173, 21, 255, 98, 113, 239,
       119, 50, 223, 101, 105, 149, 28, 181, 44, 213, 174, 90, 5, 184,
       53, 244, 227, 208, 242, 57, 57, 25, 85, 50, 218, 126, 121, 255,
       254, 118, 255, 127, 123, 253, 254, 253, 191, 255, 254, 253, 126,
       251, 213, 123, 111, 253, 247, 209, 63, 253, 255, 183, 191, 123,
       223, 127, 235, 211, 44, 151, 255, 222, 121, 249, 125, 122, 221,
       247, 47, 215, 181, 245, 111, 159, 173, 154, 13, 250, 29, 158, 93,
       16, 246, 123, 191, 91, 158, 40, 250, 254, 177, 253, 191, 127, 255,
       91, 125, 255, 255, 221, 189, 253, 254, 190, 254, 255, 215, 99, 99,
       253, 163, 227, 54, 221, 235, 244, 127, 83, 158, 247, 235, 215, 44,
       85, 190, 82, 120, 233, 116, 120, 92, 57, 47, 213, 20, 245, 111,
       153, 172, 24, 5, 240, 29, 156, 73, 16, 242, 51, 189, 88, 87, 34,
       250, 152, 222, 50, 117, 188, 248, 252, 241, 88, 185, 254, 207,
       198, 84, 73, 185, 61, 203, 231, 211, 245, 44, 53, 219, 225, 127,
       243, 246, 92, 119, 231, 246, 207, 184, 217, 36, 255, 168, 232, 97,
       121, 28, 243, 239, 245, 113, 183, 111, 184, 219, 9, 75, 244, 141,
       88, 65, 23, 147, 215, 167, 242, 115, 229, 78, 218, 216, 154, 31,
       255, 203, 222, 140, 95, 163, 61, 252, 182, 198, 111, 250, 255,
       147, 56, 151, 143, 179, 231, 12, 225, 199, 251, 111, 211, 235,
       223, 118, 181, 173, 5, 247, 123, 85, 234, 247, 114, 223, 101, 105,
       151, 30, 189, 63, 221, 238, 90, 7, 188, 37, 244, 227, 208, 243,
       184, 57, 61, 121, 178, 239, 220, 59, 151, 116, 40, 106, 248, 246,
       80, 186, 194, 87, 198, 197, 139, 26, 254, 137, 227, 75, 229, 45,
       75, 219, 207, 90, 246, 206, 72, 7, 163, 230, 95, 51, 109, 61, 93,
       190, 248, 101, 249, 92, 187, 46, 239, 37, 179, 111, 185, 238, 8,
       83, 240, 31, 28, 73, 7, 243, 151, 183, 124, 103, 225, 246, 124,
       186, 253, 255, 255, 191, 191, 121, 255, 127, 255, 123, 253, 126,
       254, 85, 242, 213, 99, 98, 253, 39, 147, 127, 207, 254, 245, 47,
       210, 29, 121, 239, 215, 36, 86, 190, 82, 122, 233, 116, 112, 94,
       24, 47, 213, 22, 245, 79, 153, 172, 24, 5, 240, 29, 157, 73, 16,
       242, 51, 189, 88, 87, 32, 248, 211, 220, 154, 111, 253, 226, 222,
       136, 90, 185, 189, 251, 166, 195, 6, 25, 127, 131, 60, 159, 205,
       141, 239, 77, 167, 223, 251, 127, 215, 47, 231, 119, 159, 165, 60,
       87, 127, 157, 238, 247, 83, 206, 107, 121, 187, 25, 191, 53, 205,
       222, 90, 183, 252, 226, 248, 227, 210, 191, 180, 31, 188, 113,
       146, 143, 254, 252, 255, 253, 254, 255, 251, 253, 223, 255, 223,
       255, 255, 94, 251, 252, 251, 213, 127, 102, 253, 187, 167, 124,
       255, 255, 255, 191, 223, 223, 127, 255, 231, 109, 221, 255, 214,
       119, 253, 119, 251, 93, 247, 62, 221, 63, 253, 125, 159, 188, 223,
       141, 250, 191, 156, 89, 192, 182, 123, 251, 255, 95, 46, 254, 141,
       254, 254, 125, 188, 248, 253, 208, 57, 191, 236, 235, 206, 121,
       196, 169, 137, 237, 239, 251, 245, 110, 122, 251, 231, 127, 87,
       242, 125, 71, 227, 215, 223, 218, 218, 100, 253, 189, 248, 187,
       127, 62, 250, 247, 247, 115, 255, 123, 184, 219, 172, 123, 221,
       229, 219, 92, 63, 223, 215, 167, 242, 251, 205, 95, 254, 249, 251,
       251, 254, 255, 223, 235, 219, 119, 253, 250, 255, 246, 254, 216,
       251, 151, 127, 255, 175, 245, 107, 223, 255, 215, 255, 255, 239,
       255, 254, 170, 135, 239, 143, 223, 238, 125, 255, 127, 122, 223,
       247, 121, 213, 29, 183, 183, 255, 255, 131, 207, 250, 245, 126,
       255, 124, 255, 253, 251, 191, 249, 254, 223, 254, 252, 253, 143,
       255, 205, 159, 201, 238, 103, 159, 254, 253, 110, 255, 252, 243,
       213, 35, 96, 221, 39, 147, 116, 95, 220, 253, 47, 210, 30, 115,
       107, 199, 36, 85, 190, 82, 122, 233, 116, 114, 92, 24, 47, 213,
       22, 245, 109, 153, 172, 24, 5, 240, 29, 156, 73, 16, 242, 51, 189,
       88, 87, 34, 250, 254, 253, 255, 252, 118, 191, 125, 123, 255, 255,
       253, 251, 255, 254, 244, 94, 245, 255, 126, 255, 183, 127, 241,
       255, 255, 255, 247, 255, 107, 247, 252, 238, 203, 255, 166, 191,
