%YAML:1.0
descriptors: !!opencv-matrix
   rows: 111
   cols: 64
   dt: u
   data: [ 61, 190, 245, 172, 63, 255, 183, 125, 252, 124, 254, 253, 253,
       127, 255, 236, 251, 253, 227, 98, 245, 35, 219, 255, 93, 239, 180,
       191, 127, 95, 115, 239, 223, 36, 85, 186, 87, 122, 233, 124, 120,
       92, 58, 175, 213, 55, 247, 111, 153, 172, 24, 5, 240, 29, 157, 73,
       16, 242, 51, 189, 90, 87, 32, 250, 62, 185, 255, 255, 54, 253,
       249, 123, 255, 252, 223, 255, 253, 126, 253, 254, 251, 223, 99,
       107, 245, 127, 195, 119, 253, 254, 247, 255, 126, 223, 247, 235,
       215, 44, 85, 190, 215, 122, 249, 125, 120, 93, 251, 47, 213, 53,
       247, 111, 153, 172, 24, 5, 240, 29, 156, 73, 16, 242, 115, 189,
       91, 87, 32, 250, 45, 54, 117, 160, 25, 237, 39, 124, 244, 116,
       206, 53, 109, 63, 153, 101, 251, 252, 67, 96, 241, 34, 208, 246,
       92, 188, 164, 137, 122, 14, 115, 235, 221, 36, 87, 186, 83, 56,
       233, 124, 124, 92, 24, 175, 212, 113, 246, 111, 153, 172, 24, 1,
       240, 29, 156, 73, 16, 242, 51, 189, 88, 87, 32, 250, 61, 54, 117,
       174, 63, 253, 165, 121, 247, 116, 254, 49, 237, 127, 185, 117,
       255, 254, 67, 112, 245, 98, 219, 246, 221, 189, 229, 251, 126,
       222, 249, 239, 223, 108, 87, 190, 219, 120, 249, 124, 125, 93, 58,
       175, 68, 225, 247, 111, 152, 172, 153, 9, 240, 29, 158, 89, 56,
       242, 115, 189, 218, 199, 44, 250, 28, 50, 117, 164, 61, 161, 167,
       125, 244, 120, 210, 53, 109, 87, 153, 81, 226, 220, 3, 96, 225,
       32, 192, 114, 76, 136, 160, 137, 82, 12, 49, 235, 247, 36, 85,
       186, 82, 112, 161, 116, 120, 92, 24, 14, 196, 21, 193, 79, 153,
       172, 24, 5, 240, 29, 156, 73, 16, 242, 51, 188, 88, 87, 32, 248,
       45, 54, 117, 190, 63, 173, 37, 89, 231, 116, 136, 33, 237, 127,
       188, 85, 255, 254, 67, 96, 245, 98, 81, 247, 212, 189, 229, 251,
       122, 156, 249, 225, 207, 108, 87, 190, 193, 56, 249, 125, 124, 93,
       58, 175, 212, 113, 247, 111, 184, 164, 152, 8, 242, 29, 158, 77,
       56, 242, 115, 189, 250, 215, 44, 250, 60, 53, 117, 158, 19, 143,
       29, 123, 247, 92, 156, 53, 125, 110, 189, 84, 255, 246, 66, 32,
       213, 42, 209, 231, 220, 188, 228, 93, 26, 222, 220, 105, 206, 44,
       71, 190, 214, 120, 203, 124, 49, 93, 52, 175, 68, 244, 245, 110,
       177, 164, 152, 13, 178, 28, 156, 73, 24, 242, 123, 189, 90, 71,
       40, 242, 127, 55, 245, 126, 127, 111, 127, 126, 215, 124, 253,
       177, 125, 254, 190, 126, 251, 213, 35, 102, 231, 175, 193, 55,
       206, 207, 231, 141, 83, 30, 247, 233, 211, 44, 85, 190, 82, 120,
       225, 116, 122, 92, 57, 47, 213, 21, 245, 111, 153, 164, 24, 5,
       240, 28, 156, 73, 16, 242, 51, 189, 88, 70, 32, 250, 62, 53, 117,
       182, 31, 165, 61, 73, 231, 110, 201, 49, 253, 110, 177, 87, 251,
       182, 67, 114, 247, 46, 83, 127, 212, 190, 230, 159, 74, 252, 253,
       231, 79, 172, 71, 190, 187, 56, 249, 125, 108, 76, 116, 235, 230,
       113, 183, 111, 185, 174, 152, 75, 226, 28, 28, 81, 56, 179, 215,
       185, 186, 199, 168, 98, 31, 185, 221, 246, 63, 185, 249, 122, 90,
       250, 214, 241, 253, 82, 137, 80, 126, 215, 161, 91, 229, 61, 195,
       219, 173, 154, 227, 255, 94, 109, 245, 239, 223, 166, 221, 190,
       127, 120, 249, 117, 240, 221, 251, 111, 247, 133, 243, 111, 155,
       190, 25, 71, 240, 29, 223, 73, 20, 242, 191, 255, 217, 31, 165,
       254, 93, 185, 223, 124, 54, 59, 251, 122, 240, 156, 213, 241, 127,
       251, 172, 91, 250, 223, 187, 127, 229, 125, 192, 247, 173, 250,
       226, 221, 126, 105, 116, 233, 223, 100, 149, 190, 127, 120, 249,
       117, 248, 223, 187, 47, 241, 53, 247, 111, 191, 174, 25, 71, 240,
       61, 158, 77, 84, 246, 63, 255, 121, 87, 167, 251, 60, 55, 245,
       150, 19, 7, 47, 123, 231, 76, 194, 53, 125, 110, 176, 86, 250,
       181, 195, 102, 245, 63, 209, 247, 220, 250, 230, 157, 10, 220,
       252, 232, 78, 46, 71, 190, 144, 120, 209, 124, 108, 93, 20, 175,
       197, 117, 165, 78, 184, 172, 152, 9, 242, 28, 156, 81, 40, 242,
       83, 177, 122, 87, 40, 122, 43, 134, 108, 168, 55, 189, 39, 120,
       53, 84, 214, 0, 153, 57, 60, 69, 136, 124, 65, 240, 240, 112, 208,
       114, 69, 188, 129, 176, 120, 84, 49, 201, 223, 36, 87, 186, 83,
       120, 169, 116, 116, 93, 56, 47, 212, 21, 246, 111, 153, 172, 24,
       5, 242, 29, 156, 73, 16, 242, 51, 189, 88, 87, 36, 250, 62, 178,
       125, 231, 190, 185, 251, 120, 250, 59, 215, 117, 237, 87, 216, 81,
       254, 223, 75, 123, 229, 113, 195, 254, 173, 218, 240, 255, 126,
       111, 245, 239, 223, 100, 213, 190, 95, 123, 249, 117, 248, 93,
       251, 47, 245, 133, 247, 111, 154, 191, 25, 7, 240, 157, 159, 73,
       20, 243, 183, 191, 120, 31, 36, 254, 63, 180, 125, 190, 55, 189,
       63, 125, 247, 126, 255, 176, 125, 62, 188, 215, 255, 254, 67, 249,
       245, 114, 209, 247, 221, 173, 225, 221, 122, 252, 253, 233, 223,
       60, 215, 190, 203, 120, 233, 125, 124, 221, 125, 47, 246, 183,
       247, 111, 155, 174, 24, 15, 226, 29, 223, 93, 24, 243, 59, 189,
       123, 223, 40, 250, 125, 57, 253, 220, 118, 187, 95, 126, 226, 36,
       213, 176, 255, 251, 180, 90, 242, 213, 122, 103, 175, 45, 194,
       183, 143, 234, 226, 127, 114, 12, 84, 105, 223, 37, 85, 190, 74,
       120, 243, 119, 112, 219, 185, 47, 213, 60, 229, 111, 157, 164, 25,
       7, 240, 61, 158, 73, 112, 246, 51, 191, 88, 86, 36, 250, 112, 21,
       53, 158, 2, 143, 7, 121, 230, 68, 47, 0, 53, 124, 188, 71, 246,
       246, 64, 100, 210, 34, 145, 167, 88, 164, 164, 12, 50, 152, 88,
       41, 194, 36, 67, 190, 0, 72, 3, 76, 52, 209, 28, 135, 68, 116,
       229, 78, 145, 164, 144, 12, 50, 24, 158, 73, 56, 114, 51, 188, 88,
       70, 32, 248, 251, 158, 222, 119, 255, 177, 219, 216, 62, 251, 213,
       251, 174, 91, 166, 93, 230, 215, 61, 123, 205, 47, 195, 127, 109,
       218, 243, 63, 94, 43, 247, 111, 215, 164, 84, 191, 82, 121, 233,
       247, 80, 92, 123, 47, 209, 21, 245, 127, 153, 174, 24, 5, 240, 29,
       156, 73, 16, 242, 51, 191, 88, 87, 32, 251, 252, 59, 243, 213,
       250, 215, 251, 249, 206, 191, 211, 127, 247, 194, 155, 88, 250,
       213, 123, 111, 143, 45, 206, 95, 175, 218, 190, 47, 214, 143, 118,
       190, 71, 39, 125, 223, 82, 255, 239, 86, 241, 92, 241, 126, 203,
       140, 153, 183, 221, 172, 24, 245, 241, 255, 156, 107, 80, 254,
       113, 255, 92, 29, 49, 246, 255, 254, 239, 237, 255, 255, 255, 248,
       253, 255, 253, 251, 255, 251, 254, 253, 243, 245, 127, 255, 253,
       215, 243, 124, 255, 255, 253, 191, 255, 223, 119, 255, 223, 109,
       215, 255, 222, 121, 253, 255, 126, 223, 123, 191, 213, 123, 255,
       125, 189, 175, 158, 13, 248, 189, 158, 93, 120, 246, 115, 189,
       255, 223, 60, 254, 126, 160, 237, 190, 54, 191, 159, 120, 125,
       254, 213, 190, 253, 62, 189, 78, 186, 213, 97, 107, 245, 117, 195,
       115, 93, 254, 185, 191, 82, 223, 119, 235, 215, 36, 87, 186, 218,
       120, 233, 125, 112, 93, 57, 47, 213, 20, 245, 111, 153, 172, 24,
       5, 240, 29, 156, 73, 16, 242, 51, 189, 89, 87, 32, 250, 109, 174,
       239, 137, 255, 191, 163, 120, 188, 252, 214, 127, 233, 125, 185,
       69, 138, 253, 107, 114, 245, 103, 218, 245, 75, 124, 156, 182,
       124, 87, 51, 203, 223, 44, 87, 186, 83, 120, 233, 124, 124, 92,
       58, 175, 213, 113, 247, 107, 153, 172, 24, 5, 240, 29, 156, 73,
       48, 242, 51, 189, 90, 87, 36, 250, 227, 157, 239, 146, 87, 7, 85,
       14, 231, 69, 61, 218, 191, 235, 182, 95, 251, 247, 52, 103, 14,
       175, 242, 103, 94, 215, 179, 47, 19, 24, 80, 41, 215, 38, 22, 186,
       66, 124, 115, 252, 112, 202, 60, 43, 221, 28, 245, 206, 145, 172,
       24, 5, 112, 24, 156, 75, 24, 242, 51, 189, 88, 85, 32, 250, 242,
       25, 219, 215, 119, 134, 89, 143, 214, 229, 21, 222, 191, 234, 178,
       94, 126, 215, 52, 103, 142, 175, 231, 39, 14, 218, 182, 47, 82,
       185, 82, 107, 215, 47, 52, 255, 82, 125, 99, 214, 80, 72, 176,
       106, 155, 28, 193, 175, 217, 172, 24, 133, 112, 24, 156, 75, 16,
