%YAML:1.0
descriptors: !!opencv-matrix
   rows: 71
   cols: 64
   dt: u
   data: [ 59, 222, 124, 111, 63, 253, 223, 56, 255, 255, 255, 251, 189,
       127, 124, 221, 253, 191, 110, 251, 245, 118, 219, 127, 241, 127,
       247, 255, 126, 247, 255, 231, 159, 252, 207, 52, 255, 153, 248,
       123, 125, 221, 235, 237, 245, 241, 247, 111, 187, 255, 153, 15,
       254, 133, 218, 93, 63, 247, 247, 255, 243, 251, 236, 222, 255,
       254, 126, 239, 255, 251, 223, 152, 255, 127, 188, 251, 175, 123,
       236, 253, 247, 247, 60, 187, 237, 127, 187, 124, 231, 255, 123,
       127, 255, 123, 255, 127, 215, 237, 222, 87, 254, 253, 255, 247,
       119, 223, 107, 125, 221, 27, 252, 53, 237, 255, 30, 37, 252, 231,
       207, 239, 112, 254, 246, 63, 223, 221, 182, 189, 108, 169, 255,
       253, 50, 127, 249, 247, 253, 254, 207, 189, 95, 244, 191, 238,
       155, 248, 251, 111, 183, 125, 118, 179, 255, 107, 150, 246, 109,
       213, 126, 235, 239, 82, 231, 234, 223, 255, 251, 61, 250, 61, 247,
       118, 255, 247, 119, 234, 255, 232, 239, 223, 211, 125, 184, 92,
       255, 207, 123, 239, 251, 251, 207, 255, 59, 221, 254, 254, 47,
       255, 221, 59, 255, 255, 223, 233, 191, 126, 124, 221, 253, 187,
       250, 187, 247, 127, 219, 255, 241, 119, 247, 254, 127, 247, 223,
       231, 143, 250, 203, 36, 255, 217, 250, 123, 125, 189, 239, 109,
       245, 245, 247, 111, 191, 250, 137, 79, 246, 5, 251, 213, 63, 215,
       254, 255, 179, 251, 205, 222, 247, 250, 255, 247, 255, 254, 223,
       216, 254, 253, 189, 251, 239, 251, 246, 253, 243, 245, 63, 111,
       111, 207, 175, 124, 239, 223, 127, 63, 255, 31, 243, 63, 243, 231,
       92, 223, 82, 117, 253, 247, 215, 94, 58, 127, 217, 10, 252, 181,
       205, 189, 86, 37, 249, 255, 143, 239, 208, 252, 49, 31, 220, 87,
       48, 185, 59, 255, 254, 127, 46, 253, 255, 53, 255, 255, 223, 233,
       255, 124, 125, 222, 253, 187, 250, 187, 247, 127, 91, 255, 241,
       127, 247, 254, 109, 247, 255, 230, 143, 250, 195, 36, 255, 217,
       250, 123, 124, 189, 239, 109, 245, 245, 183, 111, 191, 218, 141,
       79, 246, 141, 250, 93, 63, 215, 255, 255, 243, 251, 205, 222, 255,
       252, 247, 255, 255, 111, 223, 216, 255, 127, 251, 251, 255, 238,
       254, 253, 251, 245, 63, 111, 127, 159, 191, 60, 127, 255, 123, 63,
       223, 95, 126, 191, 240, 231, 126, 223, 66, 119, 253, 254, 247,
       223, 124, 63, 223, 30, 252, 181, 205, 165, 86, 180, 203, 255, 135,
       239, 216, 252, 97, 61, 221, 92, 50, 176, 252, 235, 255, 253, 114,
       119, 245, 255, 253, 253, 252, 191, 95, 247, 255, 238, 235, 221,
       251, 111, 127, 253, 238, 179, 127, 239, 151, 183, 109, 207, 62,
       255, 255, 99, 117, 251, 87, 255, 253, 124, 123, 125, 249, 54, 255,
       191, 127, 230, 157, 172, 255, 253, 209, 127, 156, 76, 212, 252,
       107, 255, 95, 79, 163, 254, 247, 254, 123, 207, 255, 222, 223,
       136, 255, 255, 61, 250, 175, 127, 254, 253, 255, 247, 60, 187,
       207, 119, 155, 124, 231, 215, 251, 127, 223, 123, 215, 127, 151,
       237, 223, 223, 250, 125, 255, 119, 115, 92, 107, 125, 149, 94,
       253, 53, 221, 191, 24, 5, 252, 165, 188, 251, 80, 246, 176, 63,
       252, 221, 56, 190, 236, 169, 255, 253, 112, 127, 253, 255, 189,
       253, 236, 249, 87, 254, 191, 238, 171, 221, 251, 111, 247, 125,
       230, 179, 95, 235, 150, 183, 121, 205, 62, 239, 223, 19, 117, 187,
       215, 252, 253, 124, 120, 61, 251, 103, 255, 53, 247, 235, 189,
       172, 191, 221, 241, 93, 156, 76, 84, 254, 115, 255, 91, 119, 161,
       250, 252, 251, 255, 255, 246, 255, 251, 255, 221, 253, 222, 255,
       255, 254, 251, 238, 251, 213, 127, 111, 127, 157, 231, 183, 127,
       255, 191, 191, 255, 223, 126, 191, 247, 39, 117, 251, 214, 127,
       253, 124, 121, 125, 243, 62, 223, 191, 253, 182, 221, 173, 223,
       221, 249, 191, 156, 77, 80, 252, 123, 255, 95, 95, 49, 254, 187,
       254, 126, 239, 255, 189, 219, 153, 255, 255, 30, 255, 191, 127,
       108, 253, 246, 183, 124, 187, 245, 119, 155, 124, 241, 246, 249,
       127, 126, 251, 223, 255, 159, 236, 223, 53, 255, 219, 251, 127,
       253, 93, 107, 125, 213, 87, 253, 127, 191, 255, 152, 15, 254, 165,
       223, 255, 54, 247, 246, 191, 251, 223, 190, 222, 243, 252, 251,
       207, 255, 220, 223, 137, 255, 255, 61, 250, 191, 126, 246, 93,
       255, 247, 60, 187, 207, 127, 211, 109, 239, 215, 251, 127, 159,
       123, 215, 127, 151, 237, 223, 223, 250, 121, 251, 119, 113, 95,
       105, 121, 149, 28, 253, 63, 213, 190, 24, 5, 252, 165, 188, 251,
       80, 246, 242, 63, 248, 221, 56, 254, 63, 181, 125, 166, 63, 253,
       255, 120, 255, 220, 215, 247, 253, 127, 252, 85, 255, 247, 99,
       243, 245, 118, 211, 119, 253, 254, 245, 255, 126, 94, 247, 235,
       223, 108, 87, 190, 223, 120, 233, 125, 120, 93, 59, 47, 213, 53,
       247, 111, 153, 172, 24, 5, 240, 29, 156, 73, 48, 242, 51, 189, 90,
       95, 32, 250, 108, 173, 239, 249, 82, 247, 225, 127, 189, 252, 198,
       181, 219, 255, 187, 78, 203, 221, 243, 103, 245, 45, 214, 243, 95,
       235, 150, 167, 120, 204, 50, 235, 223, 38, 85, 186, 87, 120, 253,
       124, 120, 124, 56, 47, 221, 53, 119, 239, 153, 172, 24, 5, 240,
       29, 156, 73, 16, 242, 51, 189, 90, 87, 33, 250, 62, 253, 255, 222,
       54, 191, 93, 123, 247, 198, 253, 248, 255, 254, 180, 94, 255, 215,
       98, 251, 151, 126, 193, 119, 205, 255, 247, 127, 83, 62, 244, 105,
       215, 44, 213, 190, 218, 120, 251, 117, 112, 223, 185, 47, 213, 20,
       245, 111, 155, 174, 24, 7, 240, 29, 156, 73, 16, 242, 115, 191,
       121, 87, 32, 250, 236, 171, 239, 249, 114, 255, 231, 255, 253,
       253, 206, 191, 219, 253, 251, 238, 139, 221, 251, 111, 254, 253,
       238, 187, 95, 255, 158, 183, 125, 199, 50, 223, 223, 7, 119, 251,
       87, 255, 253, 124, 124, 125, 250, 54, 223, 189, 127, 227, 159,
       172, 191, 253, 211, 127, 156, 92, 116, 236, 99, 255, 219, 87, 41,
       254, 55, 245, 253, 222, 55, 149, 93, 122, 230, 68, 181, 242, 239,
       251, 180, 95, 246, 247, 102, 115, 151, 110, 193, 119, 204, 178,
       231, 127, 114, 28, 212, 105, 214, 44, 20, 190, 194, 120, 243, 117,
       112, 218, 57, 47, 208, 20, 245, 111, 153, 172, 24, 5, 240, 29,
       156, 73, 16, 242, 51, 191, 88, 87, 32, 251, 242, 245, 249, 159,
       247, 158, 95, 9, 239, 71, 61, 250, 191, 238, 180, 93, 247, 247,
       60, 119, 15, 39, 211, 103, 206, 215, 255, 127, 19, 58, 214, 41,
       214, 45, 22, 159, 194, 121, 235, 119, 114, 218, 56, 47, 149, 28,
       245, 47, 149, 172, 16, 5, 240, 25, 156, 75, 16, 242, 48, 189, 88,
       85, 48, 250, 54, 49, 113, 150, 19, 15, 31, 73, 230, 68, 161, 48,
       125, 106, 180, 86, 246, 246, 6, 96, 195, 42, 145, 102, 220, 138,
       228, 73, 18, 156, 209, 105, 210, 36, 86, 190, 66, 120, 195, 220,
       80, 72, 16, 15, 208, 20, 229, 79, 145, 164, 24, 5, 96, 24, 156,
       73, 16, 242, 51, 189, 88, 86, 32, 248, 76, 33, 233, 180, 18, 167,
       51, 110, 132, 228, 213, 52, 81, 206, 145, 66, 234, 213, 3, 103,
       207, 37, 194, 51, 76, 138, 164, 13, 82, 12, 49, 233, 215, 36, 85,
       186, 82, 120, 193, 116, 112, 92, 56, 46, 213, 20, 229, 111, 153,
       172, 24, 5, 240, 29, 156, 73, 16, 242, 51, 189, 88, 86, 32, 250,
       58, 188, 238, 239, 255, 253, 223, 25, 255, 255, 20, 255, 191, 62,
       63, 93, 187, 247, 122, 187, 245, 119, 219, 125, 113, 247, 253, 55,
       126, 251, 119, 239, 143, 236, 207, 54, 255, 217, 249, 127, 120,
       93, 111, 173, 213, 117, 245, 123, 191, 254, 152, 13, 244, 133,
       220, 253, 50, 247, 247, 189, 251, 223, 44, 222, 108, 37, 255, 152,
       16, 103, 101, 127, 165, 198, 204, 180, 93, 239, 189, 78, 203, 92,
       99, 103, 119, 117, 208, 179, 93, 171, 132, 141, 96, 140, 48, 169,
       214, 6, 87, 186, 16, 120, 209, 124, 124, 125, 60, 39, 212, 52,
       101, 110, 153, 172, 24, 5, 240, 29, 156, 73, 24, 242, 51, 189, 88,
       86, 33, 250, 253, 188, 247, 247, 255, 103, 251, 255, 220, 255,
       210, 127, 255, 206, 147, 92, 251, 213, 123, 99, 253, 143, 239,
