%YAML:1.0
descriptors: !!opencv-matrix
   rows: 63
   cols: 64
   dt: u
   data: [ 63, 191, 253, 254, 63, 253, 253, 127, 247, 254, 254, 241, 125,
       127, 189, 93, 255, 254, 99, 251, 245, 118, 209, 247, 253, 255,
       229, 255, 126, 95, 245, 235, 223, 44, 215, 190, 223, 120, 249,
       125, 120, 93, 59, 47, 213, 117, 247, 111, 185, 172, 152, 13, 240,
       29, 156, 89, 48, 242, 51, 189, 122, 215, 44, 250, 126, 49, 255,
       246, 54, 167, 125, 111, 214, 238, 213, 177, 127, 234, 182, 94,
       250, 213, 35, 99, 231, 47, 195, 119, 205, 202, 230, 31, 82, 205,
       117, 235, 215, 36, 52, 190, 82, 120, 225, 116, 80, 92, 189, 47,
       211, 20, 229, 111, 153, 172, 24, 5, 240, 29, 156, 73, 16, 242, 51,
       189, 88, 87, 32, 250, 63, 190, 125, 239, 63, 253, 191, 120, 255,
       252, 222, 245, 253, 127, 249, 245, 255, 255, 195, 123, 245, 115,
       211, 247, 253, 254, 244, 255, 126, 223, 247, 239, 223, 108, 87,
       190, 127, 122, 249, 124, 124, 93, 122, 47, 213, 55, 247, 111, 185,
       172, 24, 5, 240, 29, 156, 73, 20, 242, 55, 189, 90, 87, 32, 250,
       60, 145, 252, 188, 51, 127, 125, 127, 21, 246, 213, 244, 31, 62,
       182, 78, 251, 220, 97, 99, 245, 52, 224, 115, 109, 171, 160, 27,
       83, 205, 53, 235, 215, 36, 85, 186, 83, 120, 233, 116, 114, 223,
       61, 47, 212, 21, 247, 111, 153, 172, 24, 5, 240, 29, 156, 73, 16,
       242, 51, 189, 88, 87, 34, 251, 109, 190, 231, 253, 252, 255, 239,
       125, 249, 255, 250, 187, 239, 255, 139, 79, 171, 237, 251, 106,
       253, 109, 218, 251, 95, 255, 179, 183, 124, 87, 99, 207, 207, 227,
       85, 187, 247, 248, 253, 127, 124, 124, 251, 239, 213, 177, 255,
       123, 188, 236, 24, 73, 245, 253, 156, 77, 102, 254, 247, 191, 218,
       247, 185, 254, 126, 249, 255, 215, 254, 159, 223, 41, 222, 125,
       255, 251, 255, 126, 252, 220, 247, 215, 126, 179, 199, 63, 131,
       127, 191, 223, 231, 127, 126, 251, 213, 110, 151, 239, 68, 191,
       254, 123, 251, 247, 241, 223, 233, 111, 221, 30, 253, 111, 157,
       175, 153, 71, 252, 29, 159, 75, 80, 246, 242, 191, 248, 95, 176,
       254, 124, 249, 251, 253, 126, 247, 250, 247, 157, 187, 213, 185,
       211, 192, 187, 207, 154, 221, 251, 111, 191, 63, 254, 31, 63, 203,
       182, 183, 91, 245, 53, 254, 231, 155, 175, 239, 247, 255, 247,
       119, 250, 255, 247, 108, 251, 127, 147, 251, 255, 238, 58, 215,
       249, 125, 189, 220, 213, 255, 251, 255, 251, 63, 187, 247, 122,
       254, 80, 87, 255, 159, 222, 41, 95, 121, 63, 251, 190, 126, 108,
       84, 247, 147, 60, 147, 215, 47, 147, 127, 241, 222, 227, 127, 94,
       249, 253, 110, 207, 173, 76, 55, 255, 218, 250, 255, 113, 95, 227,
       111, 245, 23, 157, 79, 189, 238, 24, 79, 246, 13, 157, 203, 83,
       243, 247, 191, 250, 127, 177, 222, 93, 248, 223, 121, 127, 51,
       251, 254, 208, 186, 244, 185, 111, 211, 143, 202, 194, 221, 187,
       107, 231, 253, 236, 63, 47, 139, 162, 135, 91, 77, 49, 255, 247,
       135, 148, 251, 119, 254, 245, 246, 218, 126, 251, 78, 211, 151,
       67, 235, 159, 172, 30, 213, 249, 61, 157, 77, 212, 254, 191, 255,
       216, 86, 179, 255, 44, 162, 237, 168, 30, 125, 161, 119, 117, 254,
       222, 213, 89, 60, 187, 228, 203, 252, 195, 96, 241, 112, 220, 243,
       93, 41, 132, 130, 88, 212, 49, 235, 221, 36, 87, 186, 87, 122,
       233, 124, 120, 93, 58, 46, 212, 53, 247, 111, 153, 172, 24, 5,
       240, 29, 156, 73, 20, 242, 51, 189, 90, 87, 32, 250, 246, 242,
       113, 167, 254, 166, 143, 89, 206, 111, 177, 123, 237, 75, 212, 85,
       242, 215, 31, 116, 203, 45, 139, 124, 142, 218, 107, 47, 150, 56,
       241, 63, 82, 165, 92, 159, 74, 113, 165, 215, 199, 74, 8, 15, 193,
       28, 216, 21, 140, 181, 16, 5, 96, 182, 143, 107, 64, 246, 48, 156,
       92, 87, 48, 181, 126, 49, 121, 150, 222, 133, 31, 41, 198, 103,
       185, 50, 253, 74, 176, 86, 242, 215, 70, 116, 91, 162, 145, 38,
       156, 138, 230, 13, 210, 184, 245, 41, 98, 44, 22, 191, 202, 112,
       129, 222, 18, 74, 21, 10, 208, 28, 193, 31, 153, 172, 16, 5, 96,
       24, 156, 65, 16, 242, 49, 184, 88, 86, 34, 177, 127, 53, 235, 178,
       87, 35, 127, 126, 212, 234, 241, 176, 109, 138, 131, 87, 251, 213,
       59, 85, 41, 147, 229, 63, 12, 233, 251, 141, 83, 24, 116, 233, 72,
       45, 148, 255, 82, 116, 37, 85, 56, 202, 53, 47, 215, 29, 129, 76,
       159, 172, 26, 5, 104, 60, 148, 65, 208, 178, 59, 217, 93, 22, 48,
       178, 119, 53, 121, 150, 23, 7, 31, 77, 230, 70, 21, 48, 61, 42,
       180, 86, 242, 214, 0, 100, 73, 162, 193, 38, 204, 128, 236, 9, 82,
       24, 249, 41, 240, 36, 20, 190, 66, 112, 1, 212, 18, 74, 28, 14,
       208, 20, 192, 76, 153, 172, 24, 5, 112, 24, 148, 73, 16, 242, 51,
       188, 88, 86, 34, 249, 108, 47, 247, 249, 112, 119, 165, 247, 233,
       254, 234, 53, 67, 247, 219, 238, 203, 205, 235, 110, 125, 205,
       222, 187, 95, 105, 62, 133, 205, 12, 58, 219, 123, 7, 117, 187,
       84, 246, 85, 116, 188, 116, 184, 182, 79, 175, 67, 242, 153, 45,
       124, 181, 209, 31, 141, 76, 192, 236, 107, 141, 78, 70, 33, 178,
       127, 53, 105, 182, 87, 111, 51, 79, 165, 68, 223, 52, 61, 142,
       190, 247, 251, 245, 19, 116, 43, 179, 240, 54, 92, 204, 168, 13,
       211, 26, 126, 169, 192, 37, 87, 187, 66, 114, 205, 212, 26, 217,
       28, 43, 213, 31, 228, 108, 157, 36, 82, 4, 226, 29, 148, 73, 152,
       178, 41, 188, 89, 22, 50, 248, 114, 178, 81, 143, 251, 136, 130,
       9, 75, 177, 19, 127, 188, 54, 233, 80, 126, 131, 24, 144, 205, 37,
       75, 77, 229, 208, 120, 111, 6, 171, 201, 102, 23, 229, 93, 23,
       122, 219, 239, 86, 161, 84, 72, 72, 5, 140, 249, 51, 213, 222, 24,
       37, 180, 161, 252, 235, 80, 126, 190, 45, 152, 77, 48, 86, 127,
       55, 127, 245, 247, 183, 183, 248, 228, 212, 245, 48, 125, 187,
       145, 86, 242, 245, 95, 110, 59, 227, 180, 52, 28, 232, 173, 157,
       118, 152, 116, 185, 224, 37, 20, 159, 194, 113, 5, 220, 158, 67,
       25, 158, 193, 139, 192, 12, 143, 173, 215, 13, 120, 60, 135, 69,
       112, 254, 57, 156, 88, 134, 60, 249, 5, 39, 81, 36, 80, 10, 163,
       200, 128, 196, 3, 54, 129, 67, 203, 113, 226, 213, 1, 102, 71, 33,
       128, 114, 77, 152, 176, 13, 210, 10, 50, 57, 118, 36, 85, 154, 82,
       122, 201, 84, 176, 84, 24, 14, 193, 22, 209, 78, 153, 172, 24, 5,
       240, 29, 157, 73, 16, 242, 51, 189, 88, 87, 32, 248, 254, 249,
       255, 251, 119, 127, 255, 255, 255, 255, 253, 248, 127, 190, 255,
       254, 251, 213, 127, 111, 63, 215, 231, 61, 127, 239, 255, 63, 95,
       219, 126, 187, 240, 47, 183, 255, 82, 127, 253, 252, 250, 223,
       244, 63, 223, 159, 117, 180, 159, 173, 158, 133, 250, 61, 151, 93,
       208, 244, 41, 253, 93, 222, 58, 187, 109, 54, 237, 128, 22, 191,
       35, 90, 245, 84, 134, 50, 237, 59, 188, 71, 226, 245, 3, 101, 193,
       37, 194, 119, 77, 152, 172, 13, 82, 8, 49, 105, 215, 36, 84, 186,
       82, 120, 129, 116, 240, 92, 56, 15, 209, 20, 245, 79, 153, 172,
       24, 5, 240, 29, 157, 73, 16, 242, 51, 189, 88, 87, 32, 250, 126,
       52, 113, 150, 223, 143, 95, 105, 207, 101, 151, 112, 189, 74, 252,
       214, 242, 215, 70, 97, 159, 59, 219, 111, 93, 146, 228, 15, 18,
       185, 93, 111, 135, 173, 86, 158, 194, 122, 227, 223, 144, 219,
       197, 139, 129, 30, 237, 15, 151, 164, 145, 13, 50, 29, 149, 83,
       104, 50, 114, 249, 217, 95, 46, 255, 126, 50, 245, 135, 254, 143,
       27, 125, 223, 127, 211, 63, 253, 34, 155, 84, 242, 215, 90, 32,
       221, 119, 203, 236, 221, 224, 236, 127, 10, 217, 221, 110, 87,
       173, 77, 191, 222, 251, 175, 95, 180, 93, 197, 14, 135, 172, 233,
       19, 183, 236, 153, 167, 166, 185, 157, 123, 76, 126, 154, 249,
       251, 15, 56, 246, 60, 254, 127, 239, 255, 249, 255, 153, 255, 251,
       202, 255, 237, 71, 239, 253, 255, 239, 251, 27, 253, 125, 91, 252,
       225, 255, 123, 247, 95, 115, 239, 254, 223, 201, 223, 117, 255,
       255, 249, 119, 121, 92, 107, 255, 247, 245, 255, 115, 188, 223,
