%YAML:1.0
descriptors: !!opencv-matrix
   rows: 90
   cols: 64
   dt: u
   data: [ 63, 246, 125, 239, 191, 253, 255, 120, 255, 255, 253, 249,
       237, 127, 252, 117, 247, 254, 231, 251, 245, 114, 219, 255, 245,
       255, 229, 255, 126, 255, 253, 239, 223, 252, 223, 190, 255, 185,
       249, 127, 124, 93, 123, 175, 244, 241, 247, 111, 186, 255, 153,
       11, 244, 157, 222, 93, 62, 243, 247, 159, 251, 223, 108, 222, 171,
       254, 109, 111, 191, 189, 223, 25, 255, 127, 189, 235, 175, 123,
       108, 221, 191, 247, 62, 187, 253, 118, 27, 124, 245, 255, 243, 59,
       255, 123, 255, 247, 223, 252, 223, 118, 251, 249, 248, 127, 127,
       223, 107, 253, 245, 81, 253, 123, 185, 255, 24, 15, 252, 165, 223,
       125, 62, 247, 246, 191, 250, 223, 172, 222, 252, 250, 247, 223,
       250, 111, 243, 255, 253, 253, 254, 191, 127, 255, 251, 238, 251,
       213, 251, 111, 125, 141, 239, 189, 123, 111, 63, 190, 253, 207,
       126, 255, 253, 103, 117, 251, 86, 247, 253, 254, 255, 93, 249, 62,
       79, 190, 121, 244, 141, 173, 127, 181, 217, 63, 133, 79, 208, 252,
       105, 253, 223, 78, 35, 247, 255, 222, 126, 255, 255, 255, 223,
       216, 63, 255, 253, 250, 175, 251, 246, 253, 247, 247, 61, 255,
       111, 247, 179, 120, 111, 223, 251, 127, 255, 63, 247, 187, 211,
       101, 221, 251, 210, 125, 253, 247, 118, 94, 120, 63, 215, 30, 252,
       53, 157, 173, 20, 5, 248, 191, 158, 111, 80, 246, 49, 191, 92, 87,
       48, 186, 255, 254, 239, 255, 255, 255, 223, 248, 255, 253, 253,
       251, 255, 255, 254, 253, 235, 213, 63, 111, 175, 207, 175, 125,
       111, 255, 63, 63, 255, 91, 127, 63, 247, 231, 124, 219, 82, 247,
       255, 183, 211, 255, 235, 127, 219, 30, 253, 177, 205, 181, 86,
       181, 217, 247, 135, 239, 208, 252, 224, 111, 221, 93, 183, 191,
       255, 252, 111, 231, 255, 255, 223, 216, 255, 127, 252, 251, 175,
       251, 246, 253, 243, 245, 63, 127, 111, 207, 191, 124, 111, 223,
       127, 63, 255, 123, 127, 191, 242, 239, 60, 223, 114, 247, 255,
       247, 215, 222, 234, 95, 219, 30, 252, 145, 205, 181, 86, 181, 201,
       247, 135, 239, 216, 252, 224, 31, 221, 29, 50, 189, 252, 235, 255,
       253, 114, 127, 255, 255, 221, 253, 254, 191, 95, 254, 251, 238,
       251, 221, 251, 111, 63, 157, 230, 191, 127, 239, 191, 183, 253,
       207, 62, 191, 247, 39, 117, 251, 86, 255, 253, 124, 251, 125, 251,
       54, 255, 191, 127, 246, 207, 173, 127, 245, 217, 255, 149, 78,
       212, 252, 105, 255, 95, 79, 49, 254, 251, 252, 123, 239, 255, 221,
       223, 137, 255, 255, 189, 250, 191, 126, 254, 253, 255, 247, 60,
       187, 239, 119, 187, 124, 247, 215, 251, 127, 255, 123, 215, 127,
       151, 237, 223, 223, 250, 253, 255, 255, 115, 221, 111, 125, 213,
       30, 252, 53, 223, 255, 16, 45, 252, 167, 252, 255, 112, 246, 240,
       63, 255, 221, 60, 190, 61, 252, 254, 125, 62, 253, 248, 112, 121,
       253, 213, 223, 222, 125, 124, 220, 189, 251, 251, 251, 245, 125,
       91, 251, 249, 127, 247, 246, 109, 247, 255, 231, 223, 248, 233,
       36, 255, 249, 248, 123, 125, 189, 251, 111, 245, 181, 247, 107,
       191, 218, 137, 207, 252, 157, 218, 93, 63, 215, 255, 239, 243,
       251, 239, 222, 255, 252, 250, 167, 255, 254, 219, 136, 255, 255,
       23, 255, 191, 126, 246, 93, 254, 247, 60, 179, 205, 87, 155, 125,
       239, 222, 121, 127, 254, 123, 247, 127, 151, 237, 223, 223, 242,
       125, 237, 119, 113, 93, 110, 57, 221, 28, 252, 53, 221, 188, 24,
       5, 252, 181, 156, 235, 80, 246, 178, 189, 216, 95, 52, 254, 255,
       249, 255, 255, 255, 255, 223, 254, 255, 245, 253, 251, 255, 255,
       246, 255, 251, 245, 127, 127, 127, 223, 231, 117, 239, 255, 255,
       63, 255, 95, 118, 191, 215, 109, 117, 255, 82, 125, 253, 119, 114,
       223, 125, 63, 221, 28, 253, 181, 157, 172, 30, 133, 249, 255, 156,
       207, 88, 254, 49, 191, 93, 95, 50, 251, 247, 255, 251, 255, 255,
       158, 95, 8, 239, 103, 177, 250, 191, 235, 182, 95, 246, 247, 62,
       247, 143, 247, 211, 125, 206, 214, 251, 127, 82, 59, 247, 43, 211,
       173, 214, 159, 202, 125, 247, 119, 96, 74, 56, 105, 215, 28, 245,
       63, 221, 172, 16, 5, 96, 189, 156, 107, 16, 246, 49, 189, 92, 215,
       56, 251, 108, 43, 231, 253, 248, 255, 227, 255, 253, 253, 78, 159,
       211, 246, 251, 238, 139, 93, 251, 110, 254, 141, 222, 179, 95,
       239, 158, 167, 108, 203, 58, 143, 247, 39, 103, 187, 85, 255, 253,
       60, 249, 117, 248, 54, 109, 174, 125, 243, 157, 172, 253, 253,
       211, 127, 156, 72, 80, 236, 107, 189, 75, 71, 33, 250, 28, 175,
       255, 253, 50, 253, 253, 243, 121, 252, 206, 255, 223, 116, 251,
       234, 185, 248, 227, 107, 247, 124, 82, 219, 253, 127, 151, 242,
       108, 215, 247, 239, 207, 82, 103, 172, 223, 248, 248, 125, 120,
       61, 255, 103, 247, 181, 247, 107, 187, 238, 169, 223, 242, 29,
       152, 92, 55, 211, 87, 239, 251, 251, 237, 254, 108, 14, 102, 129,
       223, 191, 131, 249, 60, 127, 130, 63, 221, 61, 251, 229, 194, 213,
       25, 96, 216, 209, 142, 120, 78, 200, 8, 39, 254, 77, 59, 95, 117,
       101, 85, 187, 82, 115, 173, 54, 212, 84, 72, 30, 81, 142, 200, 17,
       157, 45, 28, 5, 211, 189, 141, 75, 16, 228, 35, 188, 76, 86, 34,
       241, 61, 61, 247, 244, 56, 175, 241, 127, 244, 220, 198, 117, 87,
       123, 185, 69, 242, 253, 227, 98, 245, 47, 208, 247, 95, 170, 166,
       135, 120, 204, 113, 239, 207, 38, 87, 190, 87, 122, 249, 124, 249,
       92, 58, 134, 225, 117, 243, 111, 185, 172, 24, 13, 240, 29, 156,
       73, 20, 242, 115, 189, 90, 87, 33, 250, 124, 185, 255, 252, 114,
       111, 249, 127, 245, 220, 214, 181, 127, 254, 187, 110, 250, 221,
       243, 103, 245, 125, 194, 247, 223, 234, 166, 157, 122, 220, 124,
       235, 223, 38, 87, 186, 215, 122, 249, 124, 124, 93, 189, 46, 253,
       53, 247, 111, 157, 172, 153, 13, 242, 29, 156, 73, 24, 246, 115,
       189, 91, 95, 33, 250, 60, 183, 253, 60, 54, 185, 188, 119, 81,
       152, 215, 245, 252, 52, 140, 82, 252, 138, 195, 211, 245, 53, 67,
       215, 213, 58, 224, 222, 72, 244, 229, 224, 207, 56, 69, 180, 255,
       56, 232, 125, 120, 93, 179, 175, 245, 53, 183, 111, 187, 174, 137,
       79, 240, 29, 88, 81, 38, 243, 23, 241, 58, 115, 232, 74, 62, 182,
       125, 254, 63, 253, 253, 121, 253, 252, 223, 245, 253, 126, 252,
       84, 251, 252, 227, 251, 245, 118, 211, 247, 253, 191, 229, 187,
       126, 255, 253, 239, 207, 108, 199, 190, 255, 120, 249, 125, 124,
       221, 247, 47, 244, 53, 247, 111, 187, 174, 153, 15, 242, 29, 158,
       93, 54, 243, 119, 189, 251, 223, 44, 254, 119, 51, 245, 150, 87,
       143, 7, 126, 230, 68, 151, 54, 255, 254, 178, 87, 254, 247, 98,
       118, 213, 39, 195, 103, 206, 226, 252, 109, 50, 156, 208, 41, 223,
       44, 87, 190, 82, 120, 201, 124, 112, 93, 56, 47, 213, 60, 245,
       111, 153, 172, 24, 5, 240, 29, 156, 75, 16, 242, 51, 189, 88, 87,
       32, 250, 254, 57, 255, 159, 247, 151, 91, 175, 255, 231, 21, 190,
       191, 238, 182, 94, 254, 215, 122, 119, 79, 151, 195, 103, 223,
       194, 252, 111, 82, 152, 214, 41, 215, 45, 85, 255, 82, 121, 239,
       124, 112, 93, 60, 47, 213, 28, 229, 47, 157, 172, 24, 5, 240, 29,
       156, 75, 80, 246, 51, 189, 88, 85, 32, 250, 60, 187, 255, 253, 54,
       255, 253, 119, 189, 222, 223, 253, 223, 124, 255, 238, 251, 221,
       227, 107, 247, 127, 194, 247, 253, 127, 247, 255, 124, 215, 247,
       235, 223, 52, 215, 190, 214, 120, 249, 117, 120, 93, 255, 47, 247,
       181, 247, 111, 155, 174, 153, 7, 242, 29, 156, 93, 16, 243, 123,
       255, 123, 223, 41, 250, 63, 246, 125, 109, 255, 253, 187, 248,
       250, 255, 214, 251, 236, 59, 233, 213, 254, 255, 15, 250, 245,
       114, 143, 252, 237, 253, 253, 255, 126, 95, 247, 255, 255, 236,
       221, 190, 95, 251, 233, 119, 248, 92, 122, 46, 213, 183, 210, 127,
       153, 253, 24, 5, 240, 157, 157, 73, 16, 242, 179, 189, 218, 215,
       36, 255, 63, 182, 125, 171, 255, 181, 191, 89, 255, 255, 210, 123,
