%YAML:1.0
descriptors: !!opencv-matrix
   rows: 85
   cols: 64
   dt: u
   data: [ 253, 255, 255, 255, 255, 127, 255, 251, 253, 253, 252, 251,
       255, 255, 254, 255, 251, 245, 127, 111, 127, 207, 191, 61, 111,
       255, 191, 63, 255, 95, 126, 191, 240, 103, 124, 251, 214, 247,
       253, 247, 255, 223, 251, 63, 223, 159, 92, 180, 205, 181, 86, 181,
       217, 255, 135, 239, 208, 252, 105, 126, 223, 76, 51, 189, 60, 168,
       255, 253, 50, 125, 249, 247, 221, 252, 222, 181, 95, 182, 251,
       238, 187, 220, 227, 107, 245, 121, 246, 155, 253, 111, 134, 211,
       109, 223, 127, 239, 237, 80, 103, 238, 223, 250, 249, 125, 248,
       61, 247, 38, 254, 167, 119, 106, 191, 172, 239, 223, 242, 29, 157,
       92, 230, 226, 127, 235, 251, 143, 111, 254, 252, 248, 255, 255,
       62, 127, 249, 255, 223, 253, 254, 253, 127, 254, 251, 254, 255,
       222, 251, 107, 245, 159, 239, 191, 255, 239, 246, 251, 255, 223,
       254, 255, 255, 39, 117, 254, 215, 119, 249, 252, 250, 93, 251, 62,
       221, 55, 243, 239, 189, 172, 223, 157, 240, 31, 156, 73, 144, 242,
       107, 253, 219, 95, 34, 254, 254, 250, 127, 239, 254, 253, 221,
       249, 255, 255, 251, 251, 255, 255, 254, 253, 251, 213, 127, 107,
       109, 206, 175, 60, 239, 223, 191, 59, 223, 31, 119, 191, 241, 109,
       94, 255, 82, 119, 249, 246, 243, 94, 120, 63, 223, 30, 252, 53,
       137, 173, 86, 37, 248, 159, 135, 105, 144, 244, 49, 61, 92, 87,
       34, 184, 252, 248, 255, 253, 126, 127, 249, 255, 253, 253, 254,
       253, 127, 254, 251, 254, 251, 220, 251, 107, 245, 159, 238, 191,
       255, 239, 246, 223, 255, 223, 126, 255, 253, 111, 119, 255, 215,
       119, 249, 245, 219, 93, 255, 62, 221, 183, 247, 238, 189, 172,
       223, 157, 248, 63, 156, 77, 212, 246, 107, 255, 223, 31, 34, 254,
       195, 222, 194, 119, 253, 250, 246, 216, 56, 185, 238, 239, 174,
       223, 202, 185, 235, 197, 189, 95, 236, 15, 175, 125, 103, 223,
       123, 39, 223, 3, 35, 119, 223, 231, 125, 113, 119, 191, 253, 182,
       113, 124, 42, 255, 221, 27, 127, 179, 201, 221, 92, 49, 221, 231,
       140, 235, 82, 252, 183, 175, 220, 87, 145, 190, 44, 46, 239, 161,
       254, 255, 179, 241, 253, 254, 86, 87, 217, 63, 251, 228, 139, 125,
       235, 104, 245, 87, 218, 245, 125, 252, 156, 183, 124, 223, 63,
       203, 213, 108, 215, 186, 223, 122, 233, 60, 124, 93, 123, 47, 213,
       164, 246, 105, 191, 172, 153, 13, 211, 29, 156, 24, 52, 230, 51,
       189, 202, 159, 108, 254, 222, 249, 187, 213, 226, 213, 220, 227,
       91, 199, 127, 222, 211, 196, 219, 250, 189, 209, 126, 239, 15,
       189, 230, 203, 175, 215, 183, 127, 71, 175, 182, 58, 226, 55, 125,
       223, 222, 125, 250, 215, 51, 124, 229, 126, 191, 30, 189, 62, 207,
       139, 51, 247, 248, 255, 52, 107, 193, 251, 120, 123, 125, 61, 209,
       190, 137, 206, 231, 105, 253, 242, 165, 222, 184, 253, 236, 203,
       202, 189, 111, 173, 137, 253, 191, 107, 244, 71, 190, 121, 103,
       255, 25, 182, 253, 71, 35, 223, 253, 225, 89, 57, 119, 181, 237,
       180, 127, 94, 58, 191, 221, 243, 254, 225, 184, 157, 28, 5, 209,
       253, 156, 72, 16, 212, 167, 189, 210, 87, 4, 250, 239, 222, 238,
       105, 255, 59, 183, 218, 189, 127, 252, 251, 175, 185, 230, 237,
       129, 253, 63, 121, 121, 199, 190, 120, 103, 237, 25, 179, 255, 87,
       107, 223, 253, 233, 220, 251, 119, 117, 189, 181, 126, 94, 122,
       63, 221, 211, 222, 209, 188, 189, 30, 5, 217, 191, 143, 77, 176,
       244, 167, 156, 222, 214, 54, 185, 62, 177, 253, 190, 63, 183, 255,
       121, 246, 254, 213, 243, 253, 126, 180, 87, 254, 255, 99, 243,
       245, 39, 211, 119, 221, 254, 245, 255, 82, 220, 245, 235, 223, 44,
       87, 190, 91, 120, 233, 124, 120, 92, 56, 47, 213, 53, 247, 111,
       153, 172, 24, 5, 240, 29, 156, 73, 16, 242, 51, 189, 88, 87, 32,
       250, 13, 134, 73, 161, 153, 148, 167, 72, 44, 255, 10, 108, 145,
       47, 169, 69, 130, 125, 129, 96, 192, 113, 218, 120, 100, 220, 8,
       39, 86, 9, 57, 95, 119, 196, 95, 138, 48, 250, 45, 54, 97, 100,
       72, 40, 85, 20, 84, 115, 25, 44, 24, 37, 245, 21, 156, 40, 16,
       194, 51, 172, 72, 95, 32, 242, 124, 41, 255, 253, 50, 247, 249,
       255, 157, 254, 215, 157, 87, 228, 251, 238, 187, 221, 243, 107,
       252, 189, 198, 187, 93, 223, 182, 255, 65, 199, 63, 255, 231, 52,
       117, 187, 214, 127, 233, 116, 248, 93, 245, 46, 255, 20, 225, 111,
       159, 172, 58, 135, 240, 29, 156, 73, 16, 242, 59, 253, 91, 87, 33,
       254, 137, 158, 247, 101, 253, 249, 179, 248, 184, 189, 198, 95,
       206, 121, 203, 133, 234, 253, 175, 107, 228, 111, 202, 121, 111,
       254, 53, 182, 252, 71, 115, 127, 223, 97, 85, 184, 119, 251, 249,
       116, 253, 92, 58, 54, 197, 163, 251, 107, 185, 189, 28, 5, 240,
       29, 159, 73, 48, 246, 55, 189, 218, 87, 36, 250, 63, 254, 255,
       255, 127, 255, 255, 121, 255, 253, 252, 255, 255, 127, 252, 125,
       255, 255, 99, 115, 245, 103, 211, 247, 253, 255, 245, 255, 126,
       95, 247, 235, 223, 44, 87, 190, 95, 120, 233, 124, 120, 93, 58,
       47, 213, 53, 247, 111, 153, 172, 24, 5, 240, 29, 156, 73, 16, 242,
       51, 189, 90, 87, 32, 250, 255, 250, 255, 167, 255, 255, 159, 248,
       254, 255, 255, 250, 255, 255, 250, 253, 251, 213, 39, 103, 237, 7,
       163, 117, 79, 255, 189, 63, 210, 30, 115, 123, 215, 36, 85, 190,
       82, 120, 233, 116, 112, 92, 56, 47, 213, 20, 245, 109, 153, 172,
       24, 5, 240, 29, 156, 73, 16, 242, 51, 189, 88, 87, 32, 250, 44,
       34, 237, 178, 18, 55, 37, 127, 244, 254, 212, 241, 127, 191, 178,
       70, 235, 221, 99, 97, 241, 71, 195, 247, 92, 255, 180, 143, 90,
       140, 49, 235, 223, 36, 85, 186, 83, 120, 233, 124, 120, 92, 56,
       47, 213, 53, 247, 111, 153, 172, 24, 5, 240, 29, 156, 73, 16, 242,
       51, 189, 88, 87, 32, 250, 51, 149, 221, 158, 55, 79, 159, 63, 246,
       68, 61, 202, 61, 126, 62, 125, 255, 215, 32, 115, 212, 39, 211,
       103, 201, 223, 245, 110, 83, 26, 215, 105, 215, 44, 85, 190, 82,
       120, 233, 116, 112, 93, 56, 47, 213, 20, 245, 111, 153, 172, 24,
       5, 240, 29, 156, 73, 16, 242, 51, 189, 88, 87, 32, 250, 13, 38,
       229, 161, 216, 166, 163, 84, 32, 254, 2, 69, 192, 101, 187, 65,
       130, 125, 129, 98, 192, 33, 74, 123, 76, 200, 8, 7, 92, 13, 57,
       79, 87, 130, 93, 58, 48, 250, 109, 54, 101, 100, 74, 38, 69, 132,
       113, 99, 24, 44, 56, 36, 241, 29, 156, 8, 16, 202, 51, 173, 200,
       71, 33, 242, 228, 246, 247, 135, 220, 167, 135, 249, 230, 213,
       128, 123, 239, 91, 179, 77, 234, 213, 39, 102, 65, 5, 135, 116,
       78, 219, 189, 47, 210, 12, 49, 59, 247, 36, 84, 186, 82, 112, 41,
       116, 112, 94, 56, 14, 209, 20, 208, 77, 153, 172, 24, 5, 240, 28,
       156, 73, 16, 242, 51, 189, 88, 87, 32, 251, 250, 221, 253, 222,
       255, 223, 95, 61, 255, 127, 63, 221, 63, 254, 254, 252, 255, 247,
       118, 99, 222, 123, 243, 55, 255, 239, 231, 63, 123, 219, 255, 235,
       215, 44, 87, 254, 210, 115, 249, 252, 242, 223, 125, 47, 213, 22,
       245, 111, 157, 172, 26, 5, 250, 29, 157, 73, 24, 242, 123, 189,
       91, 95, 34, 251, 44, 46, 231, 185, 24, 119, 165, 255, 181, 252,
       202, 53, 81, 190, 187, 231, 203, 252, 227, 106, 245, 35, 222, 179,
       93, 233, 132, 133, 88, 204, 57, 223, 245, 38, 87, 186, 81, 114,
       233, 116, 252, 85, 58, 38, 69, 167, 67, 235, 153, 44, 28, 5, 242,
       29, 157, 73, 16, 226, 35, 189, 74, 71, 32, 250, 69, 38, 215, 240,
       88, 34, 39, 126, 32, 126, 194, 49, 64, 225, 131, 3, 130, 77, 129,
       98, 192, 45, 200, 187, 78, 136, 130, 135, 24, 12, 33, 79, 119,
       131, 85, 187, 20, 184, 101, 118, 100, 100, 26, 134, 101, 128, 193,
       203, 24, 44, 56, 17, 241, 28, 156, 8, 0, 234, 19, 141, 72, 70, 33,
       244, 124, 168, 247, 129, 218, 239, 163, 255, 253, 213, 222, 117,
       127, 126, 249, 228, 251, 213, 95, 102, 245, 3, 190, 117, 127, 253,
       28, 15, 247, 222, 58, 255, 245, 37, 87, 154, 82, 114, 205, 124,
       209, 85, 92, 38, 205, 30, 244, 238, 157, 44, 223, 13, 242, 29,
