%YAML:1.0
descriptors: !!opencv-matrix
   rows: 117
   cols: 64
   dt: u
   data: [ 61, 191, 253, 246, 62, 253, 249, 125, 254, 252, 215, 245, 253,
       126, 187, 246, 251, 212, 99, 99, 245, 39, 195, 119, 221, 255, 244,
       191, 82, 158, 119, 235, 215, 36, 85, 190, 82, 122, 233, 124, 120,
       92, 56, 47, 213, 53, 245, 111, 153, 172, 24, 5, 240, 29, 156, 73,
       16, 242, 51, 189, 88, 87, 32, 250, 61, 254, 255, 237, 255, 255,
       251, 253, 253, 253, 254, 253, 255, 127, 251, 237, 251, 253, 251,
       107, 245, 119, 254, 125, 125, 239, 188, 191, 127, 91, 127, 255,
       255, 100, 85, 254, 215, 123, 249, 124, 255, 93, 122, 62, 213, 167,
       209, 111, 157, 173, 30, 13, 242, 29, 159, 77, 56, 246, 59, 189,
       219, 95, 42, 255, 63, 246, 125, 190, 255, 63, 63, 123, 246, 126,
       249, 187, 125, 111, 180, 125, 243, 245, 99, 96, 241, 102, 145,
       118, 222, 255, 229, 191, 219, 90, 117, 233, 215, 44, 87, 190, 82,
       112, 233, 116, 126, 94, 24, 15, 212, 21, 245, 79, 153, 172, 24, 5,
       240, 29, 156, 73, 24, 242, 51, 189, 88, 87, 34, 249, 45, 182, 116,
       174, 63, 253, 165, 121, 253, 124, 206, 53, 253, 127, 253, 229,
       251, 252, 195, 240, 245, 114, 217, 246, 85, 125, 245, 179, 126,
       222, 255, 231, 207, 108, 87, 190, 247, 120, 249, 125, 124, 93,
       126, 175, 212, 241, 247, 111, 184, 172, 152, 9, 242, 29, 156, 81,
       62, 242, 119, 189, 250, 207, 44, 250, 43, 6, 108, 168, 55, 181,
       53, 123, 37, 214, 221, 144, 121, 61, 61, 70, 194, 220, 67, 241,
       240, 114, 193, 115, 93, 188, 160, 136, 82, 20, 49, 233, 223, 36,
       85, 186, 83, 120, 169, 116, 120, 92, 56, 47, 212, 21, 247, 111,
       153, 172, 24, 5, 240, 29, 156, 73, 16, 242, 51, 189, 88, 87, 32,
       250, 60, 41, 117, 190, 11, 207, 181, 111, 215, 228, 222, 53, 125,
       126, 249, 244, 255, 146, 67, 98, 245, 50, 209, 119, 221, 252, 228,
       77, 98, 222, 253, 235, 199, 44, 71, 190, 210, 122, 233, 124, 56,
       93, 84, 46, 84, 180, 245, 111, 153, 172, 153, 13, 178, 29, 156,
       73, 48, 242, 59, 185, 90, 79, 32, 242, 62, 177, 237, 188, 62, 239,
       93, 111, 247, 110, 217, 181, 125, 102, 188, 126, 249, 184, 67,
       240, 247, 126, 81, 255, 221, 236, 230, 221, 107, 222, 253, 232,
       207, 108, 71, 190, 206, 122, 249, 124, 62, 205, 245, 175, 214,
       245, 231, 111, 187, 166, 152, 74, 226, 29, 30, 93, 28, 242, 91,
       185, 123, 207, 106, 242, 45, 166, 109, 160, 63, 189, 175, 88, 180,
       126, 194, 115, 237, 57, 180, 69, 130, 253, 67, 96, 240, 114, 144,
       116, 76, 184, 129, 151, 122, 84, 57, 203, 215, 36, 215, 186, 83,
       120, 169, 116, 124, 92, 26, 15, 212, 21, 246, 79, 153, 172, 24, 5,
       240, 29, 156, 73, 24, 242, 51, 188, 90, 87, 32, 250, 54, 49, 253,
       150, 54, 31, 93, 111, 247, 196, 31, 176, 125, 126, 187, 86, 251,
       214, 96, 103, 71, 37, 193, 103, 221, 199, 228, 29, 82, 152, 84,
       105, 215, 36, 85, 190, 82, 120, 195, 124, 112, 92, 57, 47, 213,
       20, 245, 110, 153, 172, 24, 5, 240, 29, 156, 73, 16, 242, 51, 189,
       88, 87, 32, 250, 63, 245, 125, 220, 55, 189, 93, 123, 247, 118,
       253, 176, 125, 127, 188, 86, 253, 254, 99, 241, 247, 114, 208,
       247, 221, 191, 229, 249, 121, 223, 253, 233, 223, 60, 71, 190,
       202, 120, 249, 125, 120, 223, 61, 47, 212, 117, 245, 111, 155,
       174, 153, 15, 240, 29, 158, 93, 56, 242, 123, 189, 123, 215, 40,
       250, 50, 147, 45, 138, 39, 223, 149, 59, 231, 68, 159, 4, 125, 60,
       125, 116, 247, 246, 66, 244, 212, 50, 209, 231, 253, 244, 228, 12,
       54, 158, 220, 41, 206, 44, 83, 158, 202, 122, 201, 120, 48, 93,
       52, 47, 84, 182, 245, 110, 145, 172, 153, 13, 178, 29, 156, 89,
       48, 242, 58, 189, 88, 79, 44, 250, 5, 38, 65, 32, 16, 240, 171,
       92, 160, 190, 194, 21, 64, 13, 129, 3, 138, 76, 1, 97, 224, 32,
       194, 113, 76, 152, 136, 5, 80, 8, 49, 75, 85, 36, 85, 186, 80,
       120, 9, 116, 112, 68, 56, 46, 196, 0, 224, 111, 25, 172, 24, 5,
       240, 29, 156, 72, 16, 226, 51, 188, 72, 87, 32, 250, 62, 187, 223,
       255, 63, 185, 249, 120, 222, 251, 213, 253, 253, 82, 189, 89, 250,
       223, 105, 91, 231, 125, 195, 223, 173, 186, 226, 255, 94, 105,
       245, 239, 223, 164, 157, 190, 127, 121, 249, 117, 248, 221, 243,
       111, 243, 133, 243, 111, 155, 190, 25, 71, 240, 29, 222, 89, 20,
       242, 191, 223, 217, 95, 229, 255, 93, 185, 223, 253, 126, 179,
       253, 126, 248, 191, 212, 249, 255, 250, 182, 88, 250, 223, 251,
       107, 231, 125, 195, 255, 175, 251, 242, 255, 127, 109, 245, 239,
       223, 102, 213, 190, 127, 124, 249, 125, 120, 95, 255, 111, 253,
       21, 247, 111, 191, 174, 25, 199, 242, 29, 156, 77, 126, 247, 55,
       255, 249, 255, 161, 255, 93, 185, 223, 125, 119, 179, 251, 122,
       210, 156, 213, 249, 239, 91, 133, 91, 250, 205, 123, 127, 229, 45,
       194, 247, 173, 250, 226, 253, 126, 13, 224, 169, 223, 45, 149,
       190, 94, 57, 249, 117, 248, 222, 187, 47, 209, 177, 241, 111, 155,
       190, 25, 7, 240, 61, 156, 73, 116, 246, 63, 159, 88, 87, 166, 251,
       63, 191, 125, 254, 63, 189, 125, 121, 255, 126, 254, 177, 253,
       126, 252, 86, 255, 190, 99, 248, 245, 118, 209, 247, 213, 253,
       229, 253, 122, 223, 253, 233, 207, 108, 71, 190, 223, 120, 249,
       124, 124, 221, 127, 175, 213, 245, 247, 111, 187, 174, 152, 13,
       242, 29, 222, 85, 56, 242, 127, 189, 251, 223, 40, 250, 7, 39, 81,
       130, 81, 2, 3, 73, 134, 64, 3, 116, 33, 11, 128, 85, 226, 212, 1,
       100, 65, 32, 128, 98, 76, 144, 40, 13, 146, 8, 1, 41, 84, 36, 84,
       154, 0, 112, 9, 84, 0, 64, 24, 139, 64, 20, 244, 76, 145, 36, 16,
       4, 112, 24, 132, 73, 16, 114, 50, 188, 88, 87, 32, 248, 62, 244,
       125, 175, 63, 183, 159, 29, 247, 254, 185, 184, 125, 47, 181, 95,
       255, 246, 99, 242, 241, 115, 87, 63, 212, 221, 237, 255, 91, 249,
       245, 235, 197, 44, 151, 190, 218, 120, 161, 117, 126, 74, 62, 173,
       215, 85, 213, 111, 153, 174, 24, 1, 240, 29, 220, 93, 152, 242,
       59, 157, 122, 215, 42, 243, 126, 186, 253, 247, 126, 187, 255,
       120, 222, 187, 215, 255, 253, 86, 184, 81, 254, 215, 123, 123,
       229, 117, 195, 255, 173, 222, 249, 255, 126, 111, 245, 238, 215,
       172, 213, 190, 223, 121, 233, 119, 120, 93, 123, 47, 245, 5, 247,
       111, 159, 174, 25, 7, 240, 61, 156, 89, 80, 243, 179, 191, 120,
       87, 36, 254, 126, 185, 219, 223, 254, 207, 91, 47, 207, 229, 23,
       158, 159, 230, 191, 90, 255, 215, 120, 103, 142, 61, 194, 111,
       219, 211, 246, 127, 2, 185, 215, 111, 215, 165, 85, 159, 202, 121,
       251, 94, 48, 89, 229, 111, 149, 28, 245, 47, 159, 172, 153, 199,
       182, 29, 156, 219, 80, 246, 115, 249, 89, 85, 48, 254, 62, 49,
       241, 190, 59, 239, 121, 75, 213, 124, 203, 53, 117, 110, 188, 118,
       243, 252, 67, 98, 245, 46, 209, 127, 221, 142, 230, 143, 82, 223,
       125, 239, 199, 36, 71, 190, 211, 122, 233, 124, 120, 93, 84, 47,
       212, 85, 167, 111, 153, 164, 24, 5, 242, 29, 156, 65, 16, 242, 51,
       189, 88, 87, 34, 250, 126, 186, 253, 239, 255, 187, 187, 120, 254,
       187, 214, 249, 253, 26, 252, 209, 250, 215, 123, 121, 229, 119,
       203, 125, 173, 249, 233, 255, 126, 123, 245, 239, 223, 236, 221,
       191, 127, 123, 233, 119, 248, 221, 127, 45, 213, 167, 245, 127,
       190, 190, 153, 7, 242, 189, 223, 93, 84, 246, 191, 255, 249, 223,
       36, 254, 63, 244, 125, 190, 55, 189, 63, 125, 247, 246, 253, 176,
       125, 63, 188, 87, 247, 254, 67, 249, 177, 112, 209, 119, 221, 173,
       225, 221, 123, 252, 253, 233, 215, 124, 215, 190, 203, 120, 249,
       125, 126, 223, 61, 45, 246, 21, 247, 111, 155, 174, 152, 15, 226,
       29, 222, 93, 56, 243, 51, 189, 123, 215, 106, 250, 69, 38, 97, 32,
       217, 162, 39, 88, 160, 36, 128, 50, 192, 75, 128, 65, 194, 109, 3,
       100, 233, 37, 10, 112, 70, 136, 8, 5, 144, 12, 33, 9, 87, 39, 84,
       187, 0, 48, 5, 84, 68, 64, 24, 143, 65, 72, 193, 195, 24, 36, 24,
