%YAML:1.0
descriptors: !!opencv-matrix
   rows: 98
   cols: 64
   dt: u
   data: [ 63, 247, 125, 255, 63, 189, 255, 89, 255, 255, 253, 248, 253,
       127, 253, 85, 247, 254, 67, 251, 247, 122, 83, 255, 245, 254, 231,
       255, 126, 255, 253, 227, 223, 254, 207, 190, 251, 120, 251, 127,
       124, 127, 251, 237, 244, 241, 247, 111, 186, 254, 152, 79, 242,
       157, 222, 93, 63, 243, 247, 191, 251, 251, 237, 250, 175, 254,
       125, 239, 255, 189, 223, 25, 255, 127, 173, 234, 175, 127, 236,
       93, 247, 247, 62, 251, 253, 118, 19, 124, 245, 247, 243, 127, 127,
       123, 239, 247, 223, 252, 223, 246, 251, 121, 249, 127, 126, 222,
       106, 253, 245, 81, 245, 127, 185, 191, 24, 15, 252, 165, 223, 125,
       56, 247, 247, 191, 250, 223, 172, 154, 255, 254, 255, 239, 254,
       255, 255, 249, 127, 255, 252, 251, 255, 255, 255, 253, 243, 213,
       125, 111, 125, 221, 175, 120, 239, 255, 123, 191, 255, 95, 255,
       191, 241, 229, 124, 251, 246, 247, 253, 247, 215, 223, 251, 62,
       219, 159, 218, 181, 205, 189, 94, 165, 249, 191, 143, 111, 208,
       252, 57, 158, 223, 95, 50, 189, 44, 174, 255, 253, 58, 255, 241,
       119, 249, 252, 198, 253, 223, 245, 255, 238, 153, 233, 251, 235,
       245, 125, 90, 223, 253, 127, 150, 246, 109, 215, 255, 231, 207,
       218, 227, 36, 255, 251, 248, 59, 124, 61, 247, 231, 245, 241, 247,
       107, 191, 250, 169, 251, 247, 125, 88, 84, 127, 207, 223, 239,
       243, 251, 205, 222, 191, 254, 124, 239, 255, 188, 223, 152, 255,
       127, 189, 250, 175, 123, 236, 125, 247, 247, 62, 251, 239, 118,
       155, 124, 231, 247, 251, 127, 255, 59, 255, 63, 151, 237, 222,
       223, 226, 125, 251, 247, 119, 222, 107, 253, 213, 90, 252, 55,
       196, 191, 16, 5, 236, 181, 223, 127, 56, 246, 240, 63, 252, 223,
       60, 190, 255, 254, 127, 239, 255, 255, 223, 152, 255, 127, 189,
       251, 175, 123, 238, 253, 243, 247, 60, 191, 237, 87, 187, 124,
       231, 215, 123, 127, 255, 123, 255, 127, 151, 237, 222, 215, 250,
       253, 255, 247, 119, 223, 106, 125, 221, 30, 252, 53, 205, 255, 22,
       37, 237, 231, 207, 239, 112, 252, 244, 63, 223, 221, 190, 189,
       255, 254, 127, 239, 255, 254, 223, 153, 255, 127, 185, 251, 175,
       111, 246, 253, 251, 247, 63, 127, 111, 223, 191, 124, 239, 223,
       127, 63, 223, 123, 127, 63, 243, 239, 222, 223, 234, 117, 253,
       247, 87, 206, 106, 125, 223, 30, 252, 149, 205, 181, 86, 37, 233,
       247, 135, 235, 208, 252, 240, 63, 220, 93, 50, 188, 252, 251, 247,
       245, 250, 111, 255, 254, 253, 253, 250, 255, 255, 239, 251, 238,
       235, 213, 63, 111, 111, 143, 174, 61, 79, 223, 191, 47, 215, 15,
       50, 191, 243, 39, 125, 251, 82, 119, 253, 246, 115, 124, 184, 126,
       207, 30, 125, 180, 205, 173, 86, 181, 217, 255, 132, 107, 208,
       252, 33, 191, 92, 69, 49, 186, 252, 233, 255, 253, 114, 119, 247,
       255, 253, 253, 254, 191, 95, 254, 251, 238, 251, 221, 251, 111,
       63, 157, 230, 183, 127, 255, 191, 183, 255, 207, 62, 191, 247,
       103, 117, 251, 87, 127, 253, 124, 123, 125, 254, 62, 223, 191, 91,
       246, 221, 173, 127, 245, 219, 127, 157, 76, 208, 252, 105, 255,
       95, 79, 51, 250, 255, 250, 255, 207, 255, 255, 219, 152, 255, 247,
       189, 254, 191, 127, 254, 253, 251, 247, 62, 127, 239, 223, 191,
       124, 239, 255, 255, 63, 255, 123, 255, 63, 215, 237, 223, 223,
       218, 125, 255, 247, 115, 223, 105, 63, 221, 30, 252, 53, 205, 189,
       22, 37, 249, 183, 158, 239, 80, 252, 48, 63, 220, 221, 50, 191,
       252, 169, 239, 249, 114, 127, 247, 255, 253, 253, 222, 191, 223,
       254, 251, 238, 139, 221, 251, 111, 63, 221, 238, 179, 95, 255,
       159, 183, 105, 207, 62, 191, 255, 7, 117, 251, 87, 255, 253, 124,
       120, 125, 253, 54, 255, 191, 127, 242, 223, 172, 255, 253, 211,
       127, 156, 92, 88, 236, 105, 255, 95, 95, 49, 254, 253, 126, 247,
       247, 255, 119, 239, 249, 236, 127, 250, 127, 255, 239, 251, 237,
       227, 213, 127, 102, 127, 143, 191, 60, 94, 254, 63, 47, 214, 31,
       123, 191, 115, 39, 92, 251, 82, 119, 229, 214, 211, 68, 88, 30,
       201, 14, 200, 149, 141, 45, 84, 37, 89, 191, 133, 107, 208, 252,
       33, 60, 92, 86, 50, 176, 124, 175, 255, 253, 48, 255, 245, 247,
       189, 253, 238, 253, 95, 253, 191, 238, 187, 221, 251, 107, 247,
       125, 254, 251, 125, 107, 150, 182, 109, 197, 62, 239, 223, 83,
       117, 186, 215, 252, 249, 125, 124, 61, 251, 103, 255, 183, 119,
       235, 191, 172, 175, 223, 241, 93, 156, 76, 117, 254, 115, 239,
       219, 127, 173, 254, 247, 254, 255, 231, 255, 252, 219, 136, 255,
       255, 151, 255, 175, 123, 238, 125, 254, 247, 60, 179, 237, 71,
       155, 125, 231, 222, 121, 127, 254, 123, 247, 127, 151, 237, 223,
       223, 250, 251, 253, 119, 245, 92, 106, 189, 213, 24, 252, 53, 221,
       255, 24, 5, 252, 165, 156, 235, 120, 246, 182, 189, 218, 223, 60,
       254, 252, 253, 255, 255, 247, 255, 247, 255, 253, 221, 222, 255,
       255, 254, 255, 238, 251, 213, 127, 111, 127, 159, 231, 247, 127,
       255, 191, 191, 255, 219, 126, 191, 223, 39, 117, 255, 86, 127,
       253, 116, 123, 93, 248, 62, 221, 63, 253, 247, 157, 173, 31, 149,
       249, 63, 157, 79, 80, 252, 115, 191, 95, 95, 50, 250, 255, 252,
       255, 255, 255, 255, 223, 136, 255, 247, 189, 250, 191, 251, 246,
       253, 255, 247, 62, 127, 143, 215, 243, 125, 239, 223, 255, 127,
       247, 59, 247, 63, 215, 109, 87, 223, 218, 125, 253, 119, 114, 223,
       121, 63, 221, 28, 253, 63, 157, 173, 16, 5, 248, 189, 156, 239,
       80, 246, 49, 189, 92, 95, 50, 251, 236, 43, 231, 249, 112, 255,
       225, 255, 189, 253, 206, 159, 211, 252, 251, 238, 203, 221, 251,
       111, 252, 157, 206, 179, 95, 239, 158, 166, 109, 199, 58, 207,
       215, 3, 117, 251, 85, 255, 253, 124, 248, 117, 248, 54, 93, 175,
       127, 227, 157, 172, 189, 245, 211, 127, 156, 76, 84, 236, 107,
       253, 75, 71, 1, 254, 108, 47, 247, 249, 16, 103, 225, 255, 189,
       220, 206, 181, 83, 254, 187, 238, 235, 221, 227, 111, 245, 61,
       198, 243, 95, 254, 150, 133, 104, 206, 62, 235, 223, 2, 117, 186,
       21, 122, 253, 124, 120, 117, 190, 38, 125, 53, 119, 239, 157, 172,
       185, 221, 242, 29, 156, 76, 20, 250, 115, 173, 91, 87, 33, 250,
       254, 253, 255, 223, 247, 207, 95, 75, 239, 71, 189, 250, 191, 234,
       182, 95, 251, 247, 62, 119, 15, 223, 243, 103, 255, 215, 255, 127,
       115, 187, 246, 41, 210, 45, 22, 223, 194, 125, 255, 127, 50, 203,
       61, 105, 159, 28, 253, 62, 213, 164, 18, 133, 104, 57, 150, 111,
       88, 246, 113, 61, 125, 93, 50, 251, 231, 238, 237, 171, 255, 222,
       151, 140, 189, 247, 21, 250, 175, 59, 166, 205, 137, 245, 57, 121,
       201, 67, 250, 120, 109, 213, 25, 55, 127, 27, 51, 111, 149, 237,
       93, 155, 82, 121, 173, 54, 116, 94, 104, 45, 213, 24, 252, 49,
       157, 172, 24, 5, 245, 181, 156, 111, 24, 246, 179, 189, 216, 87,
       48, 254, 124, 43, 247, 252, 48, 103, 97, 127, 213, 252, 194, 181,
       81, 246, 187, 226, 235, 220, 227, 102, 247, 45, 198, 179, 93, 171,
       166, 133, 72, 204, 56, 233, 247, 6, 117, 186, 20, 122, 209, 124,
       248, 125, 184, 38, 100, 180, 193, 110, 153, 172, 57, 69, 242, 29,
       156, 73, 0, 242, 51, 189, 88, 70, 33, 250, 252, 187, 255, 221, 50,
       127, 251, 251, 253, 253, 215, 191, 223, 254, 251, 238, 251, 213,
       123, 111, 127, 253, 198, 247, 93, 254, 183, 63, 126, 206, 126,
       187, 215, 38, 85, 186, 86, 122, 249, 124, 240, 93, 185, 62, 213,
       182, 241, 111, 157, 172, 25, 5, 242, 29, 157, 77, 16, 242, 51,
       189, 89, 87, 32, 250, 62, 253, 121, 159, 63, 157, 221, 73, 255,
       231, 189, 250, 253, 106, 252, 95, 247, 247, 34, 115, 159, 54, 211,
       118, 221, 223, 247, 123, 82, 187, 247, 107, 199, 44, 87, 190, 218,
       121, 233, 127, 112, 94, 61, 47, 213, 20, 245, 47, 153, 174, 24, 5,
       240, 29, 156, 73, 16, 242, 51, 189, 120, 87, 40, 250, 61, 61, 247,
       246, 51, 39, 241, 127, 247, 252, 214, 117, 127, 251, 176, 86, 254,
