%YAML:1.0
descriptors: !!opencv-matrix
   rows: 85
   cols: 64
   dt: u
   data: [ 62, 181, 125, 158, 55, 31, 31, 123, 231, 198, 253, 176, 125,
       126, 180, 86, 255, 215, 67, 119, 245, 115, 209, 118, 221, 255,
       229, 93, 82, 156, 245, 233, 198, 44, 71, 190, 218, 120, 233, 124,
       120, 93, 57, 47, 213, 52, 245, 110, 153, 172, 24, 5, 240, 29, 156,
       73, 16, 242, 51, 189, 88, 87, 40, 250, 126, 49, 249, 182, 54, 39,
       91, 111, 214, 238, 213, 176, 125, 194, 176, 86, 246, 215, 19, 103,
       205, 161, 225, 55, 205, 138, 226, 79, 82, 60, 245, 233, 211, 36,
       20, 190, 90, 120, 193, 245, 80, 222, 49, 46, 209, 20, 193, 111,
       153, 172, 24, 5, 240, 29, 156, 73, 16, 242, 51, 189, 88, 22, 32,
       251, 63, 188, 253, 254, 63, 253, 253, 127, 119, 252, 244, 241,
       125, 122, 190, 221, 255, 254, 97, 107, 245, 113, 243, 115, 253,
       171, 224, 223, 127, 93, 253, 239, 215, 36, 84, 186, 215, 120, 233,
       125, 242, 95, 123, 47, 208, 23, 247, 111, 153, 172, 24, 5, 240,
       29, 157, 73, 16, 242, 51, 189, 90, 87, 34, 251, 55, 53, 253, 158,
       54, 223, 23, 61, 231, 68, 31, 180, 189, 62, 188, 86, 251, 247, 64,
       245, 213, 115, 211, 119, 217, 231, 228, 61, 114, 152, 213, 105,
       199, 44, 87, 190, 202, 120, 233, 124, 112, 93, 56, 175, 213, 52,
       245, 111, 153, 172, 152, 13, 240, 29, 156, 73, 48, 242, 51, 189,
       88, 87, 40, 250, 45, 38, 109, 160, 31, 253, 161, 93, 181, 94, 202,
       53, 89, 63, 185, 229, 137, 124, 195, 96, 241, 82, 88, 241, 85,
       172, 4, 129, 120, 222, 57, 201, 205, 8, 215, 170, 115, 122, 41,
       60, 124, 21, 58, 175, 84, 225, 118, 107, 56, 44, 152, 12, 242, 29,
       156, 24, 52, 226, 39, 188, 74, 215, 44, 250, 63, 182, 117, 163,
       63, 189, 165, 121, 255, 222, 210, 119, 253, 127, 185, 84, 254,
       255, 195, 114, 245, 38, 211, 119, 221, 252, 244, 233, 90, 222,
       241, 235, 223, 44, 87, 190, 119, 120, 233, 124, 124, 92, 58, 47,
       213, 53, 247, 111, 185, 172, 24, 5, 242, 29, 156, 73, 16, 242, 55,
       189, 90, 87, 32, 250, 60, 54, 245, 165, 186, 165, 187, 125, 252,
       255, 195, 55, 253, 46, 187, 70, 250, 253, 67, 98, 249, 35, 219,
       252, 93, 168, 180, 175, 82, 221, 127, 239, 71, 36, 87, 190, 210,
       122, 233, 126, 120, 92, 80, 46, 197, 37, 227, 111, 153, 172, 24,
       5, 240, 29, 156, 73, 16, 242, 51, 189, 90, 87, 32, 250, 61, 178,
       125, 239, 190, 245, 187, 248, 252, 255, 214, 255, 237, 95, 155,
       85, 251, 221, 131, 99, 229, 37, 195, 124, 237, 222, 245, 187, 94,
       79, 115, 255, 215, 36, 93, 190, 87, 121, 233, 117, 120, 92, 58,
       46, 213, 21, 247, 111, 153, 172, 24, 5, 240, 29, 156, 73, 16, 242,
       51, 189, 88, 87, 32, 250, 114, 49, 211, 151, 242, 199, 159, 237,
       206, 231, 27, 158, 151, 198, 147, 114, 255, 215, 32, 103, 14, 173,
       198, 103, 205, 215, 254, 109, 18, 10, 82, 43, 215, 37, 85, 159,
       82, 120, 235, 86, 48, 88, 49, 46, 213, 28, 253, 63, 153, 172, 24,
       5, 240, 29, 148, 75, 16, 242, 49, 185, 88, 87, 32, 250, 13, 6,
       101, 160, 221, 181, 35, 93, 164, 124, 194, 37, 129, 29, 169, 69,
       194, 125, 195, 96, 240, 35, 154, 120, 68, 168, 8, 133, 88, 0, 41,
       207, 93, 32, 87, 186, 81, 242, 33, 68, 108, 84, 26, 134, 68, 193,
       194, 65, 24, 44, 24, 4, 242, 28, 156, 9, 16, 226, 51, 156, 74, 71,
       36, 112, 55, 253, 253, 222, 55, 159, 93, 122, 231, 196, 181, 248,
       127, 251, 180, 95, 255, 247, 102, 127, 151, 127, 209, 103, 253,
       247, 247, 125, 115, 190, 212, 105, 214, 108, 23, 158, 194, 120,
       251, 125, 112, 219, 189, 111, 181, 20, 245, 110, 145, 174, 153,
       15, 240, 25, 158, 93, 56, 243, 114, 191, 121, 213, 172, 251, 71,
       33, 193, 181, 217, 162, 186, 76, 8, 235, 211, 119, 162, 66, 130,
       82, 234, 213, 33, 67, 207, 45, 194, 123, 77, 218, 178, 47, 82, 8,
       33, 111, 87, 37, 84, 187, 82, 120, 233, 86, 80, 92, 56, 47, 193,
       20, 241, 127, 153, 172, 24, 5, 240, 29, 156, 73, 16, 242, 51, 189,
       88, 87, 32, 250, 187, 222, 124, 239, 255, 189, 223, 153, 255, 127,
       253, 251, 175, 127, 124, 221, 247, 247, 126, 185, 253, 119, 155,
       124, 247, 255, 249, 127, 255, 123, 255, 255, 223, 237, 223, 119,
       255, 249, 249, 127, 127, 223, 107, 191, 213, 243, 252, 125, 189,
       255, 152, 13, 252, 165, 223, 125, 58, 247, 246, 191, 250, 223, 60,
       158, 45, 166, 101, 160, 63, 189, 167, 120, 253, 94, 218, 117, 253,
       63, 249, 229, 194, 244, 67, 96, 245, 114, 152, 116, 77, 188, 36,
       151, 126, 90, 57, 219, 215, 100, 93, 186, 86, 122, 169, 52, 253,
       92, 26, 46, 212, 167, 244, 111, 153, 172, 24, 5, 242, 29, 157, 73,
       16, 242, 51, 188, 90, 95, 32, 250, 20, 51, 211, 213, 56, 128, 248,
       109, 202, 171, 83, 246, 199, 70, 147, 82, 242, 199, 32, 107, 143,
       45, 194, 75, 141, 138, 226, 127, 6, 41, 181, 110, 119, 182, 125,
       159, 16, 253, 251, 87, 1, 72, 161, 106, 171, 12, 217, 63, 153,
       172, 56, 103, 112, 20, 188, 105, 0, 114, 50, 235, 88, 7, 161, 246,
       62, 161, 253, 190, 51, 221, 93, 111, 215, 206, 221, 180, 125, 46,
       189, 126, 251, 146, 98, 243, 245, 118, 209, 119, 221, 253, 230,
       93, 67, 254, 254, 232, 199, 60, 71, 190, 222, 120, 201, 124, 120,
       221, 117, 41, 246, 52, 181, 110, 155, 174, 152, 15, 242, 29, 156,
       89, 24, 243, 123, 249, 123, 223, 40, 242, 236, 235, 247, 253, 250,
       127, 247, 255, 253, 253, 238, 255, 223, 254, 251, 238, 235, 253,
       255, 111, 127, 143, 254, 191, 127, 255, 63, 183, 255, 199, 62,
       191, 243, 103, 119, 251, 83, 247, 253, 254, 251, 125, 248, 62,
       223, 191, 91, 177, 205, 173, 126, 181, 217, 255, 133, 206, 208,
       252, 105, 191, 221, 78, 51, 190, 255, 254, 126, 239, 255, 188,
       223, 153, 255, 127, 189, 251, 175, 127, 236, 253, 247, 247, 60,
       187, 237, 119, 155, 124, 231, 215, 251, 127, 255, 123, 247, 255,
       151, 237, 223, 87, 254, 249, 249, 247, 115, 222, 107, 253, 213,
       31, 252, 53, 141, 255, 24, 45, 252, 167, 223, 251, 80, 246, 246,
       63, 254, 223, 60, 190, 61, 182, 253, 174, 55, 191, 187, 125, 255,
       254, 215, 247, 253, 63, 191, 87, 254, 223, 99, 107, 245, 103, 195,
       247, 205, 250, 244, 255, 122, 92, 247, 235, 223, 36, 85, 190, 83,
       120, 233, 117, 120, 92, 57, 47, 213, 53, 247, 111, 153, 172, 24,
       5, 240, 29, 156, 73, 16, 242, 51, 189, 88, 87, 32, 250, 62, 50,
       121, 170, 55, 181, 159, 29, 247, 250, 217, 176, 253, 14, 177, 87,
       251, 246, 67, 217, 241, 115, 211, 125, 196, 228, 232, 237, 82,
       120, 253, 235, 77, 44, 151, 190, 219, 120, 33, 117, 120, 72, 118,
       45, 214, 133, 215, 111, 154, 174, 24, 5, 242, 29, 220, 81, 16,
       178, 55, 156, 91, 211, 104, 242, 252, 248, 255, 255, 255, 247,
       251, 254, 221, 255, 254, 255, 255, 254, 251, 254, 251, 213, 127,
       111, 111, 159, 175, 61, 47, 255, 191, 47, 215, 79, 118, 191, 243,
       39, 125, 251, 86, 119, 253, 246, 243, 93, 248, 62, 223, 30, 89,
       181, 205, 173, 94, 181, 249, 255, 132, 235, 208, 252, 41, 189, 93,
       95, 50, 190, 13, 170, 197, 169, 221, 184, 163, 88, 188, 58, 194,
       63, 233, 121, 239, 97, 194, 221, 139, 96, 225, 5, 138, 121, 70,
       200, 24, 167, 222, 15, 51, 207, 213, 38, 93, 186, 114, 242, 45,
       52, 244, 84, 26, 31, 85, 135, 244, 193, 152, 44, 24, 4, 241, 29,
       142, 9, 16, 224, 35, 188, 72, 87, 32, 240, 191, 248, 124, 47, 255,
       187, 187, 120, 254, 159, 214, 255, 253, 59, 254, 221, 242, 247,
       95, 241, 229, 87, 195, 116, 173, 248, 253, 191, 126, 95, 247, 235,
       223, 108, 221, 254, 127, 123, 185, 125, 252, 223, 127, 15, 209,
       119, 242, 109, 191, 190, 24, 5, 250, 29, 221, 93, 56, 246, 55,
       189, 251, 223, 38, 251, 189, 126, 117, 132, 254, 63, 55, 120, 251,
       84, 222, 119, 253, 127, 252, 229, 243, 245, 199, 96, 245, 100,
       128, 246, 205, 252, 253, 219, 252, 94, 127, 249, 218, 100, 85,
       190, 214, 122, 185, 125, 125, 213, 27, 55, 196, 166, 244, 77, 136,
