%YAML:1.0
descriptors: !!opencv-matrix
   rows: 105
   cols: 64
   dt: u
   data: [ 45, 246, 125, 170, 63, 189, 39, 89, 229, 118, 173, 168, 253,
       63, 188, 71, 251, 252, 67, 112, 241, 114, 81, 247, 213, 253, 229,
       189, 122, 28, 121, 225, 223, 108, 215, 190, 203, 120, 185, 124,
       124, 223, 56, 175, 212, 241, 247, 111, 153, 164, 24, 12, 226, 29,
       158, 77, 56, 242, 51, 189, 218, 215, 44, 250, 62, 181, 125, 154,
       55, 221, 29, 121, 247, 94, 222, 180, 125, 126, 189, 84, 255, 246,
       67, 48, 245, 114, 209, 247, 221, 245, 229, 89, 122, 222, 253, 233,
       207, 12, 199, 190, 222, 120, 233, 124, 124, 93, 53, 173, 212, 116,
       245, 111, 187, 172, 153, 9, 242, 29, 220, 89, 56, 242, 115, 189,
       122, 223, 104, 250, 61, 254, 255, 175, 63, 255, 187, 253, 253,
       255, 254, 253, 253, 127, 255, 252, 251, 253, 99, 99, 245, 119,
       215, 127, 253, 239, 244, 191, 127, 95, 119, 239, 247, 100, 85,
       190, 87, 122, 233, 124, 254, 92, 122, 47, 213, 23, 247, 111, 153,
       172, 24, 5, 240, 29, 157, 73, 16, 242, 51, 189, 90, 87, 34, 250,
       63, 54, 125, 168, 31, 189, 47, 125, 231, 110, 216, 48, 125, 111,
       188, 85, 255, 254, 67, 240, 241, 114, 211, 246, 220, 236, 228,
       221, 122, 220, 249, 233, 207, 44, 199, 190, 202, 112, 33, 124,
       124, 204, 28, 175, 84, 113, 247, 79, 152, 164, 24, 8, 226, 29,
       158, 89, 24, 242, 51, 189, 90, 215, 40, 240, 31, 177, 221, 255,
       63, 185, 249, 120, 122, 191, 213, 249, 237, 123, 132, 82, 250,
       222, 225, 123, 237, 124, 195, 255, 173, 187, 243, 251, 126, 109,
       229, 239, 223, 100, 149, 190, 127, 121, 249, 117, 124, 220, 251,
       47, 241, 17, 247, 111, 155, 190, 25, 71, 240, 157, 222, 77, 60,
       243, 183, 255, 216, 215, 164, 255, 159, 186, 93, 227, 255, 185,
       179, 120, 218, 59, 214, 127, 237, 83, 206, 113, 242, 223, 29, 120,
       229, 101, 139, 252, 173, 218, 121, 255, 254, 75, 243, 239, 223,
       100, 221, 190, 95, 123, 233, 119, 248, 92, 123, 31, 209, 133, 247,
       111, 155, 189, 25, 5, 240, 189, 158, 73, 84, 246, 183, 189, 88,
       87, 36, 254, 63, 241, 255, 222, 54, 147, 221, 126, 210, 158, 213,
       249, 125, 122, 141, 90, 254, 215, 242, 59, 199, 125, 195, 247,
       173, 162, 226, 93, 127, 109, 212, 105, 223, 46, 149, 190, 126,
       120, 251, 117, 114, 223, 187, 111, 183, 180, 245, 111, 187, 174,
       27, 199, 176, 29, 220, 77, 20, 242, 62, 219, 121, 223, 231, 251,
       49, 183, 117, 142, 147, 141, 5, 73, 231, 68, 15, 116, 189, 127,
       188, 85, 243, 246, 66, 32, 151, 42, 147, 103, 220, 180, 100, 25,
       54, 154, 93, 41, 134, 100, 71, 158, 128, 88, 203, 94, 37, 89, 4,
       167, 132, 80, 253, 15, 145, 164, 144, 8, 50, 24, 158, 65, 56, 114,
       114, 173, 88, 77, 44, 248, 45, 38, 101, 160, 31, 127, 39, 95, 164,
       116, 206, 53, 89, 63, 185, 101, 201, 252, 67, 96, 241, 34, 208,
       114, 84, 188, 132, 129, 112, 158, 49, 201, 221, 36, 87, 186, 83,
       120, 233, 124, 124, 92, 56, 175, 212, 117, 246, 111, 153, 172, 24,
       5, 240, 29, 156, 73, 16, 242, 51, 189, 88, 87, 32, 250, 255, 51,
       213, 247, 255, 160, 251, 248, 222, 57, 211, 123, 175, 91, 130, 81,
       246, 215, 13, 115, 239, 47, 131, 126, 142, 138, 242, 127, 210, 9,
       225, 239, 255, 37, 84, 191, 86, 121, 249, 247, 209, 92, 155, 14,
       193, 1, 217, 95, 153, 172, 24, 5, 240, 28, 156, 73, 16, 242, 51,
       159, 88, 87, 32, 253, 49, 145, 157, 94, 38, 31, 213, 50, 242, 20,
       21, 193, 63, 123, 20, 24, 126, 215, 96, 39, 214, 111, 193, 231,
       170, 114, 229, 92, 58, 8, 212, 105, 222, 102, 81, 180, 82, 72,
       218, 97, 112, 93, 185, 39, 181, 52, 245, 111, 145, 172, 137, 69,
       176, 9, 156, 75, 57, 114, 50, 191, 112, 85, 37, 250, 60, 183, 125,
       254, 55, 189, 253, 123, 247, 254, 213, 241, 253, 123, 188, 86,
       246, 222, 67, 107, 245, 118, 193, 247, 205, 186, 228, 219, 122,
       92, 245, 235, 223, 36, 85, 190, 215, 120, 249, 117, 120, 95, 57,
       47, 212, 53, 247, 111, 153, 172, 24, 5, 240, 29, 156, 73, 16, 242,
       51, 189, 88, 87, 32, 251, 126, 249, 251, 254, 55, 155, 93, 11,
       215, 227, 181, 248, 191, 202, 180, 94, 255, 215, 48, 251, 143, 63,
       195, 127, 205, 223, 243, 127, 83, 185, 244, 107, 215, 44, 53, 190,
       218, 124, 251, 119, 114, 222, 181, 109, 215, 20, 245, 111, 153,
       174, 24, 7, 240, 29, 188, 73, 16, 243, 115, 191, 121, 87, 160,
       251, 114, 89, 187, 222, 98, 79, 95, 3, 135, 230, 21, 130, 159,
       236, 54, 30, 253, 215, 58, 39, 142, 191, 208, 39, 223, 215, 247,
       126, 2, 187, 214, 104, 131, 47, 67, 63, 202, 108, 242, 122, 48,
       217, 165, 105, 157, 28, 229, 111, 213, 168, 144, 77, 176, 25, 188,
       219, 81, 118, 113, 57, 121, 84, 25, 250, 35, 213, 17, 130, 129, 8,
       4, 9, 66, 64, 41, 98, 32, 66, 100, 17, 102, 134, 4, 20, 2, 32, 17,
       68, 228, 148, 97, 9, 146, 42, 0, 57, 128, 36, 92, 154, 0, 64, 11,
       196, 35, 194, 8, 201, 4, 20, 244, 12, 128, 181, 16, 4, 40, 2, 166,
       43, 16, 48, 48, 44, 16, 69, 32, 24, 63, 249, 253, 222, 55, 255,
       223, 122, 63, 245, 223, 249, 191, 62, 252, 222, 251, 247, 112,
       123, 245, 117, 194, 115, 109, 255, 241, 127, 127, 251, 119, 235,
       215, 36, 87, 186, 210, 120, 249, 125, 112, 221, 57, 47, 213, 20,
       245, 111, 153, 174, 24, 5, 240, 29, 156, 77, 16, 242, 51, 189, 89,
       87, 32, 250, 13, 198, 44, 136, 32, 253, 44, 117, 33, 214, 65, 136,
       88, 49, 61, 7, 137, 104, 65, 97, 240, 112, 80, 243, 89, 61, 133,
       160, 65, 20, 49, 193, 221, 16, 83, 170, 83, 120, 232, 104, 124,
       30, 56, 175, 212, 117, 247, 111, 153, 172, 24, 5, 240, 29, 156, 8,
       16, 226, 51, 189, 88, 211, 106, 251, 1, 130, 12, 40, 173, 248,
       166, 16, 56, 62, 10, 5, 136, 61, 73, 1, 137, 104, 129, 240, 224,
       96, 74, 240, 65, 124, 17, 162, 124, 2, 35, 67, 221, 32, 211, 32,
       115, 26, 233, 32, 124, 20, 58, 175, 85, 225, 246, 107, 184, 172,
       24, 1, 240, 29, 156, 9, 22, 226, 55, 181, 64, 83, 32, 250, 84, 41,
       147, 213, 240, 135, 250, 229, 202, 175, 83, 30, 211, 196, 147, 82,
       250, 197, 122, 103, 142, 45, 198, 203, 143, 218, 190, 111, 0, 140,
       50, 62, 119, 39, 125, 155, 16, 125, 239, 86, 49, 96, 177, 110,
       239, 12, 137, 55, 157, 172, 56, 247, 241, 124, 156, 75, 65, 122,
       49, 251, 92, 5, 49, 242, 1, 2, 68, 161, 205, 176, 167, 16, 48, 60,
       10, 71, 136, 125, 41, 1, 192, 125, 129, 98, 224, 100, 138, 113,
       66, 124, 0, 38, 252, 2, 49, 87, 215, 32, 81, 48, 113, 120, 105,
       32, 116, 84, 26, 14, 69, 128, 246, 67, 24, 44, 24, 5, 240, 29,
       156, 73, 18, 226, 51, 157, 72, 87, 32, 248, 127, 61, 247, 252, 83,
       103, 107, 111, 245, 126, 208, 181, 125, 235, 191, 126, 250, 221,
       59, 102, 111, 173, 193, 55, 222, 202, 226, 141, 83, 12, 248, 169,
       210, 39, 85, 191, 83, 124, 213, 116, 250, 78, 152, 79, 93, 29,
       227, 238, 157, 172, 24, 5, 240, 28, 156, 73, 80, 254, 123, 191,
       88, 70, 51, 243, 227, 205, 203, 210, 87, 78, 85, 15, 166, 69, 45,
       202, 31, 239, 182, 95, 235, 247, 52, 103, 14, 143, 242, 35, 94,
       215, 183, 47, 147, 24, 18, 41, 214, 39, 20, 251, 66, 116, 119,
       252, 82, 218, 56, 107, 221, 28, 245, 174, 209, 164, 24, 4, 240,
       25, 148, 75, 24, 244, 49, 61, 88, 85, 48, 250, 242, 9, 195, 215,
       23, 198, 89, 15, 214, 229, 21, 241, 51, 202, 178, 94, 122, 87, 52,
       103, 14, 175, 230, 39, 15, 139, 182, 47, 82, 184, 48, 45, 71, 39,
       52, 251, 82, 125, 71, 212, 208, 232, 180, 107, 139, 28, 73, 174,
       221, 164, 90, 133, 112, 26, 180, 67, 208, 242, 115, 251, 89, 20,
       49, 251, 135, 162, 65, 167, 221, 128, 139, 200, 192, 171, 16, 127,
       161, 67, 131, 81, 42, 69, 1, 98, 200, 45, 138, 120, 44, 154, 50,
       39, 214, 41, 35, 95, 87, 165, 28, 155, 114, 253, 105, 22, 65, 64,
       8, 72, 195, 4, 217, 19, 25, 172, 24, 5, 228, 146, 156, 105, 144,
       242, 178, 157, 76, 23, 48, 182, 69, 35, 211, 85, 248, 132, 249,
       78, 130, 175, 1, 125, 195, 195, 147, 72, 234, 213, 34, 99, 206,
