%YAML:1.0
descriptors: !!opencv-matrix
   rows: 91
   cols: 64
   dt: u
   data: [ 62, 179, 125, 246, 63, 61, 253, 122, 247, 252, 223, 247, 125,
       127, 188, 84, 255, 246, 67, 99, 245, 102, 193, 119, 221, 190, 245,
       219, 122, 222, 245, 235, 215, 44, 87, 190, 82, 120, 233, 124, 120,
       93, 57, 47, 212, 53, 245, 111, 153, 172, 24, 5, 240, 29, 156, 73,
       16, 242, 51, 189, 88, 87, 32, 250, 63, 190, 253, 174, 63, 253,
       181, 120, 127, 252, 222, 253, 253, 62, 253, 245, 255, 254, 97,
       243, 245, 116, 219, 123, 205, 255, 241, 255, 126, 95, 247, 239,
       223, 100, 87, 186, 95, 122, 233, 124, 116, 93, 122, 47, 213, 21,
       247, 111, 153, 172, 24, 5, 242, 29, 156, 73, 16, 242, 51, 189, 90,
       95, 32, 250, 62, 49, 125, 190, 54, 63, 93, 127, 247, 110, 253,
       176, 125, 106, 180, 87, 251, 244, 99, 98, 245, 114, 209, 119, 220,
       191, 231, 25, 82, 156, 117, 233, 215, 44, 87, 190, 90, 120, 225,
       124, 120, 92, 60, 47, 212, 20, 245, 111, 153, 172, 24, 5, 240, 29,
       156, 73, 16, 242, 51, 189, 88, 87, 32, 250, 126, 49, 249, 182, 54,
       55, 125, 110, 214, 238, 85, 176, 125, 206, 178, 86, 242, 214, 3,
       99, 229, 177, 225, 55, 140, 138, 230, 143, 82, 104, 245, 233, 215,
       36, 20, 190, 83, 120, 193, 244, 88, 76, 61, 46, 210, 20, 193, 111,
       153, 172, 24, 5, 240, 29, 156, 73, 16, 242, 51, 189, 88, 86, 32,
       250, 54, 181, 125, 154, 55, 31, 29, 123, 247, 70, 157, 176, 125,
       126, 188, 87, 255, 246, 66, 178, 213, 114, 209, 231, 221, 247,
       229, 93, 114, 156, 212, 105, 222, 44, 215, 190, 218, 120, 201,
       124, 112, 93, 56, 47, 212, 52, 245, 110, 153, 172, 24, 5, 240, 29,
       156, 89, 16, 242, 51, 189, 88, 215, 40, 250, 125, 62, 245, 168,
       223, 255, 39, 121, 238, 126, 218, 54, 253, 126, 251, 212, 251,
       253, 67, 112, 253, 87, 155, 245, 222, 252, 252, 237, 250, 222,
       251, 235, 207, 44, 71, 190, 90, 114, 237, 124, 124, 85, 92, 47,
       85, 229, 247, 111, 157, 172, 24, 12, 242, 29, 156, 73, 48, 242,
       51, 189, 90, 215, 40, 250, 197, 38, 209, 21, 217, 128, 39, 72,
       138, 33, 129, 123, 162, 75, 134, 81, 98, 69, 45, 71, 203, 47, 202,
       73, 70, 218, 184, 47, 18, 8, 33, 15, 215, 167, 84, 187, 0, 184,
       109, 86, 65, 64, 40, 139, 201, 24, 189, 19, 25, 164, 24, 36, 241,
       24, 156, 99, 16, 250, 51, 189, 88, 87, 48, 250, 103, 37, 225, 178,
       217, 134, 3, 75, 134, 102, 3, 54, 177, 202, 144, 84, 226, 213, 1,
       102, 203, 37, 194, 115, 78, 154, 160, 13, 82, 8, 49, 105, 71, 38,
       85, 186, 66, 120, 65, 84, 208, 64, 24, 10, 193, 28, 225, 79, 153,
       44, 24, 5, 240, 29, 156, 73, 16, 242, 51, 189, 88, 87, 32, 250,
       253, 254, 247, 39, 221, 235, 163, 250, 252, 61, 228, 251, 239,
       251, 198, 221, 235, 245, 191, 101, 253, 207, 171, 125, 110, 255,
       125, 191, 255, 15, 115, 239, 223, 103, 84, 255, 86, 181, 253, 254,
       223, 222, 122, 31, 217, 57, 254, 213, 141, 165, 88, 180, 248, 191,
       143, 73, 120, 252, 51, 189, 220, 87, 52, 253, 126, 54, 241, 167,
       223, 167, 175, 93, 247, 255, 200, 117, 189, 78, 179, 85, 251, 255,
       67, 98, 249, 35, 219, 124, 220, 204, 252, 239, 90, 89, 253, 239,
       71, 173, 95, 191, 243, 248, 233, 119, 109, 76, 86, 174, 197, 85,
       255, 127, 184, 172, 24, 5, 242, 28, 156, 73, 16, 178, 51, 189,
       218, 87, 32, 242, 5, 162, 225, 161, 153, 212, 163, 204, 172, 239,
       128, 122, 193, 9, 179, 69, 203, 85, 35, 98, 200, 33, 206, 120, 76,
       217, 56, 35, 210, 13, 51, 79, 213, 36, 85, 186, 82, 120, 105, 118,
       112, 68, 56, 47, 85, 20, 245, 49, 153, 172, 24, 5, 240, 29, 156,
       73, 16, 242, 51, 189, 88, 87, 32, 250, 255, 254, 255, 103, 255,
       187, 251, 248, 250, 191, 246, 251, 239, 123, 198, 88, 242, 247,
       63, 123, 237, 71, 202, 124, 175, 250, 249, 255, 254, 89, 247, 111,
       223, 237, 92, 255, 126, 253, 253, 255, 217, 222, 123, 31, 209, 1,
       217, 85, 191, 189, 24, 5, 248, 191, 159, 77, 116, 246, 183, 157,
       222, 215, 32, 255, 133, 67, 81, 134, 217, 8, 134, 72, 2, 1, 43,
       115, 160, 67, 192, 49, 98, 213, 4, 64, 70, 40, 128, 98, 76, 158,
       33, 9, 146, 10, 1, 25, 82, 38, 84, 154, 0, 112, 203, 212, 65, 80,
       24, 3, 192, 22, 244, 79, 128, 164, 16, 4, 112, 28, 141, 73, 16,
       114, 50, 189, 88, 87, 32, 184, 5, 38, 103, 129, 216, 148, 167, 72,
       164, 126, 130, 117, 201, 111, 145, 69, 226, 213, 7, 98, 192, 36,
       136, 123, 78, 156, 35, 7, 214, 10, 49, 95, 119, 38, 93, 186, 80,
       112, 109, 86, 116, 64, 24, 14, 69, 4, 208, 195, 25, 44, 24, 4,
       240, 28, 140, 73, 16, 242, 51, 157, 72, 87, 32, 176, 63, 182, 125,
       167, 191, 253, 179, 121, 255, 125, 222, 117, 253, 127, 184, 117,
       255, 247, 195, 112, 245, 115, 219, 244, 253, 252, 100, 255, 126,
       219, 253, 239, 223, 108, 71, 190, 255, 122, 249, 125, 93, 93, 90,
       175, 213, 97, 245, 111, 185, 188, 153, 9, 242, 29, 158, 89, 60,
       242, 55, 189, 250, 223, 44, 250, 63, 252, 124, 111, 255, 253, 251,
       248, 254, 253, 220, 255, 237, 127, 207, 253, 251, 255, 251, 251,
       245, 119, 203, 252, 237, 127, 253, 255, 127, 95, 247, 239, 223,
       108, 221, 246, 255, 123, 249, 125, 123, 221, 123, 63, 213, 177,
       255, 111, 191, 191, 25, 13, 248, 189, 222, 77, 126, 246, 191, 189,
       250, 223, 46, 223, 60, 61, 245, 246, 58, 239, 117, 115, 247, 124,
       78, 85, 93, 126, 252, 116, 255, 254, 195, 99, 245, 62, 209, 247,
       221, 254, 164, 223, 122, 222, 253, 237, 199, 44, 71, 190, 215,
       122, 249, 124, 121, 221, 117, 167, 228, 116, 247, 111, 185, 164,
       153, 9, 242, 29, 156, 81, 48, 242, 115, 189, 122, 95, 40, 250,
       242, 153, 146, 214, 17, 194, 192, 79, 70, 193, 7, 213, 35, 214,
       130, 90, 107, 215, 32, 39, 134, 45, 227, 103, 79, 223, 179, 47,
       18, 10, 18, 105, 215, 39, 117, 186, 82, 120, 235, 116, 113, 124,
       184, 111, 157, 20, 245, 238, 153, 172, 24, 5, 240, 29, 156, 73,
       16, 242, 51, 191, 88, 85, 33, 250, 251, 221, 222, 222, 23, 199,
       93, 30, 119, 229, 61, 248, 191, 238, 182, 95, 255, 247, 52, 103,
       142, 191, 227, 39, 111, 255, 243, 63, 115, 25, 94, 41, 215, 39,
       52, 250, 66, 125, 251, 124, 114, 251, 188, 111, 157, 28, 245, 174,
       149, 164, 26, 5, 248, 24, 156, 79, 57, 246, 123, 191, 89, 85, 163,
       251, 242, 25, 154, 215, 231, 195, 216, 175, 222, 131, 23, 222,
       191, 194, 50, 122, 127, 151, 52, 215, 14, 191, 231, 71, 175, 215,
       247, 47, 82, 187, 246, 58, 87, 47, 44, 223, 90, 125, 235, 214, 80,
       216, 181, 107, 155, 28, 189, 63, 221, 172, 26, 133, 248, 29, 148,
       75, 81, 114, 49, 123, 93, 53, 176, 250, 124, 57, 245, 214, 82,
       207, 119, 127, 199, 100, 223, 54, 247, 238, 178, 102, 251, 213,
       115, 103, 255, 63, 211, 247, 223, 254, 182, 13, 66, 222, 126, 233,
       207, 39, 71, 190, 194, 120, 201, 92, 120, 93, 180, 47, 197, 60,
       165, 111, 157, 172, 153, 13, 242, 29, 156, 81, 48, 242, 115, 185,
       89, 23, 40, 250, 241, 221, 255, 222, 103, 95, 221, 62, 247, 220,
       61, 201, 63, 249, 54, 223, 255, 247, 120, 47, 214, 111, 231, 119,
       107, 247, 183, 62, 127, 90, 86, 107, 215, 47, 85, 188, 214, 120,
       250, 125, 114, 95, 187, 47, 157, 52, 245, 111, 157, 172, 24, 5,
       240, 29, 156, 79, 17, 246, 114, 191, 90, 85, 32, 250, 61, 151,
       124, 222, 63, 189, 253, 121, 191, 254, 255, 177, 189, 126, 253,
       69, 247, 190, 67, 242, 245, 114, 211, 255, 81, 62, 227, 126, 120,
       221, 253, 235, 223, 108, 87, 190, 211, 120, 249, 124, 124, 95,
       124, 47, 212, 247, 215, 111, 153, 174, 24, 13, 242, 29, 221, 89,
       56, 242, 127, 189, 219, 223, 40, 250, 220, 251, 255, 253, 118,
       123, 251, 254, 252, 157, 212, 251, 255, 251, 254, 218, 251, 221,
       251, 111, 231, 125, 227, 247, 175, 127, 243, 255, 127, 79, 246,
       235, 223, 103, 117, 255, 87, 125, 249, 117, 120, 221, 251, 119,
       253, 181, 247, 111, 159, 173, 141, 215, 240, 61, 158, 77, 116,
       254, 119, 223, 89, 127, 165, 251, 101, 39, 247, 145, 216, 135, 39,
