%YAML:1.0
descriptors: !!opencv-matrix
   rows: 110
   cols: 64
   dt: u
   data: [ 63, 247, 125, 254, 63, 253, 253, 125, 255, 254, 221, 249, 253,
       126, 189, 214, 255, 254, 227, 251, 247, 122, 219, 255, 253, 255,
       247, 251, 127, 255, 255, 239, 207, 254, 255, 190, 255, 248, 251,
       127, 125, 253, 255, 239, 246, 181, 247, 111, 187, 254, 185, 79,
       246, 29, 254, 93, 63, 243, 255, 255, 251, 255, 237, 254, 59, 255,
       108, 251, 63, 253, 223, 57, 255, 255, 253, 250, 255, 127, 124, 95,
       221, 255, 127, 251, 247, 119, 219, 255, 241, 119, 247, 255, 127,
       247, 255, 251, 207, 222, 207, 36, 255, 89, 250, 123, 126, 255,
       251, 237, 215, 241, 247, 127, 191, 251, 137, 75, 254, 165, 250,
       93, 63, 247, 247, 255, 243, 251, 237, 222, 252, 218, 254, 255,
       255, 127, 255, 247, 61, 255, 126, 223, 159, 254, 255, 254, 251,
       213, 125, 111, 125, 221, 175, 57, 111, 255, 187, 63, 223, 95, 126,
       191, 241, 103, 125, 251, 86, 247, 253, 246, 243, 223, 250, 63,
       223, 158, 124, 181, 205, 173, 94, 181, 217, 255, 135, 239, 208,
       252, 41, 189, 221, 94, 50, 189, 252, 254, 247, 255, 250, 127, 255,
       247, 253, 253, 126, 223, 223, 254, 255, 238, 251, 221, 127, 111,
       127, 221, 175, 189, 127, 239, 191, 191, 255, 207, 126, 191, 241,
       103, 125, 251, 83, 247, 253, 254, 255, 95, 120, 62, 223, 158, 91,
       181, 205, 173, 94, 181, 219, 255, 133, 207, 208, 252, 33, 189, 93,
       94, 50, 189, 252, 41, 247, 245, 208, 103, 243, 254, 221, 229, 199,
       191, 211, 254, 187, 238, 235, 221, 251, 111, 63, 173, 238, 183,
       79, 235, 182, 175, 211, 143, 58, 175, 247, 39, 117, 251, 18, 255,
       255, 118, 216, 125, 244, 118, 235, 30, 105, 182, 221, 172, 127,
       245, 209, 127, 148, 203, 209, 252, 97, 255, 93, 54, 179, 250, 255,
       222, 126, 239, 255, 253, 223, 216, 63, 255, 185, 250, 191, 123,
       254, 253, 247, 247, 60, 255, 207, 245, 179, 120, 111, 215, 251,
       127, 223, 127, 255, 63, 215, 229, 220, 219, 210, 125, 253, 247,
       119, 94, 105, 61, 213, 30, 253, 53, 157, 189, 16, 5, 248, 183,
       159, 107, 80, 246, 48, 63, 220, 95, 50, 191, 255, 254, 255, 239,
       255, 255, 223, 216, 255, 127, 189, 251, 191, 255, 246, 253, 251,
       247, 63, 127, 255, 223, 191, 124, 239, 255, 123, 63, 255, 91, 119,
       191, 215, 239, 222, 223, 210, 245, 255, 247, 119, 223, 234, 127,
       223, 30, 252, 181, 205, 189, 86, 165, 239, 247, 142, 239, 216,
       252, 240, 63, 223, 93, 50, 190, 252, 237, 255, 253, 250, 111, 247,
       255, 221, 253, 254, 255, 247, 254, 251, 238, 235, 221, 255, 111,
       127, 141, 254, 191, 127, 255, 191, 167, 219, 215, 50, 191, 235,
       39, 117, 251, 87, 255, 253, 244, 122, 125, 248, 62, 223, 63, 127,
       247, 141, 173, 94, 181, 217, 127, 156, 73, 208, 252, 97, 191, 95,
       87, 49, 254, 252, 255, 247, 253, 250, 127, 255, 255, 253, 255,
       250, 191, 255, 238, 251, 238, 251, 213, 127, 111, 63, 143, 190,
       61, 127, 255, 191, 191, 223, 223, 126, 191, 98, 103, 125, 251,
       210, 247, 253, 254, 123, 124, 248, 254, 223, 158, 93, 180, 205,
       173, 86, 181, 217, 255, 133, 239, 208, 252, 105, 255, 95, 76, 51,
       182, 255, 252, 122, 239, 255, 252, 223, 152, 255, 127, 189, 251,
       175, 91, 230, 125, 247, 247, 60, 187, 205, 87, 187, 124, 231, 215,
       123, 127, 223, 123, 247, 127, 151, 237, 222, 223, 250, 253, 255,
       247, 115, 222, 107, 125, 223, 30, 252, 53, 205, 255, 24, 5, 236,
       167, 190, 239, 80, 246, 180, 63, 222, 221, 52, 191, 255, 254, 255,
       207, 255, 255, 223, 152, 255, 247, 189, 254, 191, 127, 254, 253,
       255, 247, 126, 127, 255, 87, 187, 124, 247, 247, 249, 127, 255,
       123, 215, 127, 215, 237, 223, 223, 210, 253, 253, 127, 117, 93,
       107, 191, 221, 24, 253, 53, 157, 191, 24, 13, 252, 183, 156, 239,
       120, 254, 240, 63, 222, 221, 60, 254, 236, 239, 239, 249, 114,
       127, 247, 255, 253, 255, 254, 191, 219, 254, 255, 238, 139, 221,
       251, 111, 127, 223, 246, 183, 127, 255, 159, 183, 109, 223, 62,
       187, 231, 39, 103, 251, 214, 125, 253, 124, 122, 125, 240, 63,
       223, 191, 125, 243, 157, 172, 190, 253, 211, 127, 156, 92, 80,
       252, 123, 255, 95, 95, 57, 250, 255, 122, 125, 183, 255, 191, 27,
       216, 238, 103, 177, 122, 255, 235, 246, 93, 246, 247, 63, 116,
       107, 199, 131, 124, 206, 202, 251, 127, 210, 29, 254, 41, 114, 45,
       30, 223, 74, 117, 165, 214, 214, 202, 24, 31, 209, 30, 200, 21,
       141, 165, 16, 5, 104, 191, 159, 107, 88, 244, 49, 156, 92, 86, 50,
       185, 247, 254, 255, 199, 255, 154, 223, 136, 110, 103, 159, 126,
       175, 127, 238, 125, 246, 247, 60, 243, 207, 101, 155, 121, 231,
       214, 249, 127, 246, 59, 211, 111, 215, 229, 93, 155, 90, 121, 237,
       119, 112, 92, 104, 45, 213, 28, 253, 55, 157, 172, 24, 5, 240,
       189, 156, 107, 16, 246, 178, 189, 216, 87, 48, 250, 108, 47, 239,
       249, 112, 255, 227, 255, 157, 253, 78, 191, 211, 246, 251, 238,
       139, 93, 251, 111, 253, 189, 222, 179, 91, 255, 158, 167, 104,
       203, 58, 203, 207, 3, 101, 187, 85, 254, 253, 124, 120, 125, 248,
       39, 221, 191, 119, 235, 159, 172, 57, 221, 243, 93, 156, 76, 84,
       238, 115, 253, 75, 87, 41, 250, 119, 222, 236, 207, 255, 158, 223,
       24, 191, 245, 149, 250, 175, 123, 52, 93, 240, 247, 62, 179, 245,
       103, 219, 125, 125, 246, 253, 63, 126, 59, 87, 111, 151, 237, 215,
       190, 218, 121, 249, 127, 116, 95, 105, 175, 213, 24, 245, 107,
       153, 172, 24, 13, 244, 61, 156, 75, 56, 246, 178, 189, 218, 215,
       60, 255, 45, 182, 117, 170, 31, 253, 165, 88, 245, 124, 142, 101,
       253, 127, 189, 101, 251, 252, 195, 96, 245, 98, 89, 247, 84, 189,
       5, 179, 126, 223, 121, 231, 223, 108, 87, 190, 115, 248, 249, 124,
       125, 93, 122, 167, 84, 241, 247, 111, 185, 172, 152, 12, 240, 29,
       158, 73, 62, 242, 55, 189, 218, 199, 44, 250, 61, 182, 117, 100,
       189, 253, 163, 120, 189, 125, 198, 117, 237, 127, 248, 229, 242,
       252, 195, 98, 245, 106, 154, 254, 125, 190, 100, 151, 124, 95,
       121, 239, 223, 232, 95, 190, 245, 178, 249, 60, 221, 85, 90, 134,
       196, 227, 247, 107, 184, 253, 153, 9, 240, 29, 159, 65, 62, 242,
       247, 173, 218, 223, 44, 220, 61, 190, 255, 125, 63, 181, 241, 126,
       252, 252, 214, 245, 237, 123, 153, 77, 242, 253, 227, 123, 245,
       111, 219, 255, 253, 42, 228, 247, 124, 85, 245, 239, 223, 106, 71,
       190, 247, 186, 249, 125, 253, 93, 251, 166, 213, 225, 243, 111,
       185, 188, 137, 73, 240, 29, 156, 77, 54, 242, 247, 191, 250, 223,
       165, 223, 63, 246, 125, 238, 63, 253, 245, 121, 255, 124, 222,
       245, 253, 127, 252, 85, 255, 254, 195, 251, 245, 114, 209, 118,
       253, 190, 245, 251, 126, 223, 255, 235, 215, 108, 215, 190, 255,
       122, 249, 125, 124, 221, 123, 175, 212, 181, 247, 111, 185, 172,
       153, 13, 242, 29, 158, 93, 62, 242, 119, 189, 218, 223, 44, 250,
       242, 153, 157, 222, 102, 95, 219, 191, 223, 196, 29, 206, 61, 124,
       62, 254, 255, 215, 120, 39, 22, 183, 195, 102, 217, 227, 244, 60,
       19, 154, 214, 41, 215, 44, 81, 190, 82, 120, 234, 116, 112, 93,
       49, 47, 149, 28, 245, 110, 153, 172, 153, 5, 240, 29, 156, 75, 16,
       242, 51, 189, 88, 87, 32, 250, 13, 39, 117, 80, 48, 53, 161, 114,
       176, 28, 198, 117, 68, 125, 153, 65, 128, 236, 195, 106, 245, 96,
       80, 243, 92, 42, 132, 208, 108, 68, 113, 193, 222, 82, 71, 168,
       84, 58, 217, 60, 124, 52, 26, 134, 244, 225, 247, 78, 184, 172, 8,
       75, 240, 29, 154, 73, 54, 210, 23, 133, 74, 215, 109, 250, 62,
       182, 125, 174, 63, 181, 191, 89, 247, 254, 249, 177, 173, 14, 185,
       87, 247, 254, 67, 114, 241, 114, 209, 126, 197, 189, 227, 255, 90,
       121, 253, 239, 199, 172, 223, 190, 243, 120, 233, 119, 120, 78,
       119, 45, 214, 85, 215, 111, 152, 190, 24, 5, 242, 29, 156, 89, 16,
       178, 51, 189, 250, 215, 40, 242, 13, 134, 109, 168, 221, 253, 167,
