%YAML:1.0
descriptors: !!opencv-matrix
   rows: 72
   cols: 64
   dt: u
   data: [ 231, 222, 194, 103, 253, 250, 235, 200, 184, 249, 42, 255,
       170, 223, 194, 189, 235, 213, 189, 47, 207, 143, 174, 125, 103,
       223, 59, 39, 223, 11, 35, 127, 215, 231, 125, 211, 115, 189, 255,
       182, 113, 124, 42, 255, 223, 26, 253, 177, 201, 189, 92, 181, 221,
       231, 140, 235, 80, 252, 176, 47, 220, 85, 49, 190, 247, 63, 247,
       215, 255, 151, 95, 252, 254, 253, 149, 123, 255, 251, 178, 95,
       254, 247, 122, 55, 95, 175, 211, 119, 222, 250, 254, 127, 146, 24,
       214, 43, 215, 45, 87, 191, 90, 120, 239, 124, 112, 92, 56, 47,
       213, 28, 245, 111, 157, 172, 24, 5, 240, 61, 156, 75, 80, 246, 51,
       189, 88, 87, 48, 250, 46, 174, 237, 168, 42, 221, 181, 101, 253,
       252, 94, 157, 89, 62, 255, 228, 153, 56, 227, 232, 245, 83, 223,
       245, 125, 125, 157, 183, 109, 223, 63, 207, 197, 104, 71, 186,
       255, 122, 233, 60, 120, 61, 117, 175, 213, 246, 183, 107, 191,
       236, 137, 11, 243, 29, 152, 16, 54, 226, 123, 189, 235, 223, 104,
       254, 23, 244, 88, 46, 33, 216, 156, 9, 107, 131, 173, 232, 252,
       55, 172, 25, 157, 170, 32, 217, 129, 112, 83, 65, 245, 213, 209,
       251, 103, 191, 199, 98, 157, 220, 235, 14, 171, 137, 232, 59, 41,
       155, 105, 225, 183, 81, 182, 47, 211, 250, 169, 75, 180, 5, 122,
       124, 62, 211, 158, 229, 177, 251, 236, 78, 41, 6, 229, 162, 159,
       237, 163, 93, 252, 124, 198, 69, 253, 125, 185, 101, 234, 253,
       195, 98, 244, 39, 219, 119, 85, 168, 4, 134, 122, 214, 59, 207,
       223, 36, 87, 184, 83, 122, 233, 124, 253, 85, 26, 142, 197, 97,
       247, 107, 153, 172, 152, 9, 240, 29, 156, 73, 48, 242, 51, 189,
       74, 87, 36, 250, 171, 214, 76, 139, 255, 249, 147, 24, 188, 123,
       158, 255, 173, 63, 108, 229, 130, 245, 13, 184, 196, 114, 139,
       124, 97, 244, 25, 51, 254, 91, 19, 127, 159, 236, 221, 18, 118,
       219, 233, 55, 245, 221, 106, 61, 213, 135, 252, 113, 184, 253, 24,
       4, 252, 165, 206, 45, 56, 246, 182, 189, 210, 223, 36, 222, 185,
       30, 247, 117, 61, 181, 249, 254, 248, 253, 214, 115, 239, 89, 131,
       69, 234, 253, 171, 107, 244, 47, 206, 127, 79, 251, 178, 167, 94,
       69, 115, 239, 215, 36, 84, 186, 119, 248, 233, 117, 120, 92, 58,
       174, 193, 1, 211, 111, 153, 172, 24, 5, 240, 29, 156, 73, 16, 242,
       51, 157, 218, 87, 32, 254, 7, 6, 69, 129, 221, 148, 131, 73, 44,
       255, 2, 79, 137, 47, 185, 69, 136, 125, 129, 34, 200, 97, 154,
       120, 68, 212, 24, 39, 28, 11, 57, 95, 87, 192, 223, 42, 112, 250,
       169, 54, 100, 84, 74, 172, 85, 132, 208, 115, 24, 44, 24, 5, 245,
       29, 156, 73, 16, 66, 50, 189, 200, 87, 32, 242, 5, 134, 101, 33,
       217, 180, 163, 72, 184, 255, 130, 75, 128, 121, 137, 5, 136, 125,
       137, 34, 228, 99, 218, 120, 77, 216, 24, 39, 92, 1, 33, 79, 215,
       192, 93, 40, 112, 248, 237, 54, 229, 84, 42, 142, 213, 0, 217, 83,
       152, 188, 24, 37, 245, 21, 157, 73, 16, 194, 179, 173, 200, 87,
       32, 254, 62, 181, 237, 158, 55, 149, 29, 127, 231, 230, 185, 184,
       253, 170, 180, 95, 242, 245, 98, 115, 179, 119, 211, 119, 93, 170,
       164, 63, 82, 184, 117, 235, 199, 44, 86, 190, 218, 120, 225, 127,
       114, 75, 61, 175, 214, 116, 245, 111, 153, 172, 24, 13, 242, 29,
       156, 89, 24, 242, 115, 189, 121, 215, 42, 251, 50, 209, 81, 158,
       239, 142, 31, 9, 230, 101, 53, 90, 189, 106, 52, 84, 246, 215, 4,
       98, 198, 35, 131, 102, 204, 214, 245, 47, 146, 58, 81, 105, 215,
       36, 85, 190, 66, 120, 233, 118, 112, 90, 56, 11, 213, 20, 245, 79,
       153, 172, 24, 5, 240, 29, 156, 73, 16, 242, 51, 189, 88, 87, 32,
       250, 250, 249, 255, 255, 126, 239, 223, 171, 219, 185, 253, 251,
       255, 242, 54, 90, 255, 151, 126, 255, 191, 61, 227, 223, 255, 223,
       247, 255, 111, 255, 246, 238, 223, 255, 44, 119, 255, 253, 250,
       247, 123, 255, 231, 127, 187, 61, 255, 63, 253, 210, 139, 215,
       252, 246, 60, 239, 95, 255, 247, 251, 255, 125, 147, 255, 190,
       186, 255, 247, 190, 189, 219, 121, 223, 255, 215, 254, 255, 90,
       248, 86, 250, 215, 126, 251, 255, 55, 195, 127, 189, 254, 247,
       191, 86, 255, 247, 254, 199, 172, 223, 191, 222, 123, 233, 119,
       248, 93, 241, 47, 243, 36, 241, 63, 159, 174, 152, 7, 240, 29,
       156, 89, 16, 243, 115, 253, 249, 31, 40, 254, 76, 162, 199, 184,
       56, 179, 47, 78, 176, 254, 224, 145, 81, 161, 183, 75, 138, 93,
       161, 107, 192, 37, 202, 123, 12, 201, 178, 167, 88, 73, 49, 79,
       215, 128, 85, 187, 112, 252, 97, 118, 116, 110, 122, 47, 247, 20,
       213, 107, 25, 172, 56, 5, 240, 29, 156, 72, 16, 226, 51, 157, 88,
       87, 32, 242, 76, 42, 179, 184, 24, 103, 40, 231, 1, 254, 74, 21,
       81, 132, 155, 226, 139, 76, 163, 98, 196, 165, 204, 155, 77, 201,
       150, 133, 64, 6, 51, 207, 67, 0, 85, 186, 20, 250, 225, 118, 32,
       116, 48, 38, 119, 148, 101, 107, 154, 172, 56, 21, 242, 29, 156,
       72, 4, 226, 19, 185, 72, 70, 33, 246, 250, 209, 89, 247, 255, 139,
       223, 8, 222, 125, 125, 123, 189, 122, 54, 84, 246, 215, 28, 114,
       204, 59, 163, 126, 238, 222, 243, 63, 214, 121, 253, 111, 215,
       165, 20, 255, 118, 113, 233, 245, 83, 223, 221, 79, 209, 20, 253,
       79, 141, 164, 26, 5, 248, 30, 159, 73, 16, 242, 59, 157, 88, 31,
       32, 253, 179, 144, 80, 163, 221, 128, 131, 8, 70, 105, 16, 123,
       167, 74, 128, 85, 102, 215, 5, 64, 200, 3, 171, 124, 78, 152, 105,
       47, 210, 9, 49, 127, 213, 164, 28, 186, 83, 112, 41, 246, 209, 66,
       24, 10, 209, 20, 216, 85, 153, 172, 24, 5, 244, 28, 156, 73, 16,
       242, 51, 188, 88, 87, 32, 249, 195, 86, 16, 54, 205, 34, 47, 136,
       32, 43, 32, 75, 162, 203, 6, 19, 102, 255, 29, 85, 72, 135, 168,
       56, 70, 154, 251, 111, 210, 32, 33, 127, 50, 165, 20, 113, 33,
       164, 37, 230, 194, 66, 26, 89, 201, 25, 200, 85, 72, 5, 16, 4, 77,
       250, 141, 235, 208, 188, 177, 156, 28, 86, 50, 57, 3, 204, 8, 42,
       143, 136, 212, 0, 58, 35, 21, 238, 170, 78, 100, 25, 77, 59, 37,
       211, 199, 38, 11, 107, 102, 214, 81, 111, 82, 39, 129, 102, 151,
       174, 217, 2, 107, 72, 235, 50, 97, 188, 108, 105, 213, 85, 183,
       107, 209, 254, 24, 4, 244, 5, 248, 105, 19, 147, 182, 181, 16,
       123, 180, 74, 47, 151, 124, 246, 63, 191, 191, 89, 183, 254, 167,
       225, 189, 123, 188, 87, 191, 255, 98, 243, 245, 103, 83, 119, 85,
       255, 245, 127, 122, 126, 245, 227, 223, 60, 87, 190, 211, 120,
       232, 125, 124, 92, 58, 175, 245, 113, 247, 111, 153, 174, 24, 7,
       240, 29, 156, 73, 16, 243, 51, 189, 122, 87, 32, 250, 178, 216,
       219, 135, 251, 198, 151, 137, 254, 85, 61, 91, 191, 59, 242, 252,
       239, 215, 60, 36, 192, 7, 167, 100, 110, 213, 189, 47, 151, 10,
       19, 123, 245, 37, 84, 186, 82, 112, 169, 244, 113, 92, 40, 15,
       209, 20, 244, 77, 153, 172, 24, 5, 240, 29, 156, 75, 16, 242, 50,
       60, 88, 85, 32, 248, 243, 220, 208, 138, 223, 202, 6, 10, 110, 65,
       45, 204, 190, 46, 228, 125, 239, 215, 36, 37, 192, 7, 163, 101,
       70, 215, 121, 47, 147, 42, 19, 105, 149, 165, 85, 154, 66, 112,
       237, 118, 99, 92, 40, 41, 213, 28, 244, 45, 209, 164, 16, 4, 240,
       17, 156, 107, 16, 242, 50, 61, 88, 85, 48, 250, 124, 190, 247,
       247, 250, 255, 227, 117, 253, 252, 70, 85, 221, 127, 249, 228,
       254, 255, 219, 42, 245, 125, 95, 255, 217, 106, 12, 246, 108, 213,
       253, 239, 247, 227, 67, 53, 253, 218, 253, 124, 253, 53, 202, 166,
       101, 230, 251, 99, 188, 124, 141, 111, 247, 125, 153, 223, 103,
       254, 215, 175, 250, 239, 125, 254, 253, 185, 255, 253, 54, 191,
       249, 254, 249, 191, 213, 251, 223, 249, 182, 90, 254, 221, 251,
       111, 247, 125, 194, 255, 191, 107, 246, 255, 109, 245, 246, 235,
       223, 123, 165, 255, 223, 125, 249, 125, 248, 255, 255, 111, 251,
       53, 243, 111, 191, 174, 41, 215, 240, 125, 156, 93, 125, 255, 119,
       251, 251, 255, 233, 255, 157, 187, 215, 117, 248, 160, 233, 250,
