%YAML:1.0
descriptors: !!opencv-matrix
   rows: 60
   cols: 64
   dt: u
   data: [ 61, 183, 253, 254, 55, 191, 255, 123, 247, 246, 213, 240, 253,
       123, 188, 87, 254, 223, 99, 107, 245, 119, 195, 119, 205, 254,
       229, 255, 114, 28, 245, 235, 215, 36, 85, 190, 211, 120, 233, 117,
       120, 93, 57, 47, 213, 53, 247, 111, 153, 172, 24, 5, 240, 29, 156,
       73, 16, 242, 51, 189, 88, 87, 32, 250, 62, 177, 253, 254, 55, 183,
       95, 123, 214, 238, 213, 240, 253, 106, 180, 86, 246, 215, 99, 115,
       247, 55, 195, 119, 220, 250, 230, 127, 82, 156, 245, 235, 215, 44,
       84, 190, 90, 120, 233, 124, 112, 94, 57, 47, 213, 20, 245, 111,
       153, 172, 24, 5, 240, 29, 156, 73, 16, 242, 51, 189, 88, 87, 32,
       250, 63, 190, 125, 231, 63, 189, 191, 120, 252, 255, 222, 119,
       237, 127, 249, 85, 242, 253, 99, 99, 245, 103, 211, 119, 205, 254,
       229, 191, 126, 95, 241, 235, 215, 44, 87, 190, 83, 120, 233, 124,
       120, 92, 58, 47, 213, 113, 247, 111, 153, 172, 24, 5, 240, 29,
       156, 73, 16, 242, 51, 189, 88, 87, 32, 250, 63, 182, 125, 254, 63,
       189, 189, 121, 247, 126, 215, 241, 253, 127, 188, 85, 255, 254,
       67, 243, 245, 114, 209, 247, 221, 190, 245, 255, 122, 222, 245,
       235, 207, 44, 87, 190, 219, 120, 233, 125, 124, 93, 56, 175, 213,
       117, 247, 111, 153, 172, 24, 13, 242, 29, 156, 89, 48, 242, 51,
       189, 90, 215, 40, 250, 108, 42, 231, 184, 26, 127, 161, 255, 21,
       252, 198, 181, 81, 182, 187, 206, 235, 220, 225, 107, 245, 5, 206,
       179, 77, 249, 152, 135, 80, 76, 59, 239, 213, 36, 85, 186, 82,
       122, 233, 116, 240, 93, 56, 38, 85, 21, 99, 239, 153, 172, 24, 5,
       240, 29, 156, 73, 16, 242, 51, 189, 88, 87, 32, 250, 109, 174,
       239, 249, 58, 119, 229, 254, 245, 254, 236, 185, 95, 249, 187,
       238, 139, 252, 235, 107, 244, 213, 222, 187, 95, 255, 149, 183,
       125, 215, 115, 223, 255, 66, 87, 186, 214, 248, 249, 124, 124,
       125, 122, 183, 85, 177, 119, 235, 187, 172, 157, 29, 240, 29, 156,
       92, 60, 230, 115, 157, 218, 215, 41, 254, 13, 190, 239, 121, 60,
       255, 249, 246, 189, 254, 206, 221, 75, 93, 187, 239, 137, 252,
       235, 107, 245, 127, 94, 251, 77, 107, 134, 150, 125, 87, 63, 199,
       255, 82, 215, 40, 247, 250, 249, 53, 254, 60, 122, 174, 247, 243,
       115, 107, 184, 252, 60, 77, 240, 29, 156, 92, 54, 210, 247, 191,
       251, 247, 111, 255, 243, 158, 246, 71, 252, 182, 219, 176, 254,
       253, 86, 95, 175, 123, 19, 21, 126, 231, 251, 170, 252, 111, 223,
       253, 250, 122, 126, 254, 254, 81, 243, 255, 215, 235, 79, 53, 255,
       185, 253, 126, 253, 92, 74, 158, 193, 232, 219, 51, 189, 220, 24,
       41, 244, 237, 156, 235, 118, 254, 247, 159, 242, 215, 56, 254,
       114, 17, 144, 214, 31, 2, 94, 14, 70, 42, 17, 48, 37, 66, 36, 83,
       126, 215, 0, 18, 198, 41, 193, 15, 140, 130, 226, 79, 18, 41, 213,
       110, 87, 166, 20, 190, 66, 104, 226, 87, 64, 200, 133, 73, 145,
       20, 165, 79, 145, 166, 24, 5, 36, 24, 156, 73, 17, 50, 51, 187,
       24, 87, 160, 250, 92, 33, 155, 124, 32, 98, 120, 102, 80, 186,
       104, 129, 66, 192, 7, 170, 61, 10, 227, 203, 230, 168, 100, 155,
       137, 11, 230, 210, 73, 229, 165, 230, 251, 146, 97, 36, 189, 172,
       240, 233, 122, 46, 183, 99, 246, 113, 163, 107, 187, 234, 106,
       211, 244, 29, 120, 64, 135, 179, 215, 243, 187, 114, 193, 239,
       197, 38, 113, 33, 216, 34, 39, 200, 160, 110, 170, 50, 65, 235,
       163, 65, 227, 125, 3, 100, 73, 129, 12, 48, 78, 205, 57, 45, 146,
       12, 51, 25, 112, 7, 84, 187, 16, 112, 37, 212, 36, 64, 24, 15, 69,
       24, 68, 196, 152, 44, 16, 4, 115, 30, 133, 73, 128, 248, 1, 188,
       76, 86, 32, 48, 124, 48, 113, 162, 216, 142, 35, 105, 198, 68, 67,
       52, 117, 6, 153, 112, 114, 213, 3, 100, 73, 32, 128, 4, 140, 136,
       172, 13, 146, 8, 49, 40, 80, 37, 85, 158, 0, 114, 5, 84, 128, 64,
       20, 10, 64, 14, 224, 4, 137, 36, 80, 4, 98, 28, 132, 73, 0, 114,
       35, 184, 72, 6, 34, 240, 173, 254, 255, 173, 255, 125, 179, 253,
       253, 253, 198, 255, 255, 123, 251, 237, 251, 245, 111, 99, 245, 7,
       182, 116, 111, 255, 189, 43, 255, 95, 123, 251, 245, 36, 87, 186,
       82, 114, 233, 244, 218, 94, 24, 30, 209, 55, 208, 109, 153, 173,
       28, 5, 240, 29, 157, 73, 16, 242, 51, 189, 88, 87, 34, 251, 121,
       150, 86, 203, 254, 151, 143, 177, 127, 255, 58, 219, 188, 63, 57,
       85, 247, 243, 249, 171, 253, 101, 219, 253, 217, 124, 121, 126,
       62, 219, 249, 247, 255, 229, 95, 53, 247, 217, 253, 126, 116, 92,
       106, 190, 213, 160, 223, 119, 189, 237, 28, 9, 246, 173, 158, 223,
       118, 254, 183, 149, 218, 211, 40, 254, 77, 44, 239, 160, 88, 119,
       161, 222, 180, 254, 130, 52, 83, 140, 187, 199, 203, 124, 195,
       102, 241, 23, 254, 59, 14, 232, 28, 5, 80, 76, 50, 203, 85, 6,
       151, 187, 18, 118, 77, 116, 80, 68, 28, 14, 87, 84, 97, 224, 25,
       44, 26, 4, 241, 29, 156, 64, 144, 224, 43, 189, 72, 23, 34, 242,
       45, 175, 239, 248, 62, 255, 241, 126, 189, 254, 198, 241, 95, 121,
       254, 207, 139, 124, 251, 107, 247, 125, 254, 251, 109, 187, 23,
       183, 125, 69, 61, 207, 215, 66, 223, 234, 86, 251, 249, 60, 252,
       253, 250, 127, 211, 167, 119, 107, 29, 189, 62, 69, 211, 29, 159,
       28, 60, 230, 123, 191, 203, 159, 173, 255, 44, 34, 249, 168, 16,
       23, 161, 79, 164, 238, 2, 52, 81, 38, 185, 102, 194, 84, 131, 96,
       193, 17, 200, 113, 92, 136, 44, 5, 82, 136, 57, 75, 117, 4, 87,
       186, 16, 122, 1, 84, 160, 84, 24, 12, 84, 20, 64, 237, 153, 44,
       24, 4, 242, 29, 156, 73, 16, 226, 35, 188, 72, 86, 34, 242, 249,
       254, 125, 35, 253, 191, 191, 248, 255, 255, 106, 251, 175, 15,
       228, 85, 255, 247, 255, 41, 253, 71, 219, 252, 225, 255, 127, 255,
       126, 91, 235, 255, 79, 197, 223, 53, 245, 189, 253, 127, 125, 92,
       106, 191, 247, 97, 126, 117, 188, 221, 56, 45, 236, 189, 142, 231,
       126, 190, 247, 175, 222, 215, 60, 190, 253, 254, 127, 237, 254,
       127, 191, 249, 253, 95, 250, 251, 255, 127, 252, 221, 251, 213,
       127, 111, 245, 87, 180, 124, 127, 255, 189, 191, 255, 91, 119,
       255, 208, 101, 93, 191, 210, 116, 249, 116, 125, 92, 120, 191,
       213, 148, 244, 125, 141, 173, 28, 5, 248, 29, 159, 73, 144, 246,
       51, 189, 94, 95, 40, 186, 7, 36, 73, 161, 157, 176, 137, 72, 132,
       234, 2, 118, 129, 15, 137, 69, 194, 84, 1, 96, 193, 32, 138, 120,
       76, 156, 32, 3, 82, 11, 49, 95, 87, 164, 93, 186, 82, 120, 41, 86,
       112, 68, 24, 12, 86, 20, 208, 123, 153, 172, 24, 5, 240, 29, 156,
       73, 16, 242, 51, 189, 72, 87, 32, 178, 253, 255, 255, 124, 118,
       127, 127, 251, 253, 255, 255, 251, 127, 253, 254, 255, 251, 221,
       255, 111, 119, 255, 229, 191, 239, 255, 247, 191, 127, 87, 254,
       255, 218, 103, 244, 255, 215, 255, 253, 245, 254, 255, 251, 127,
       255, 175, 247, 110, 175, 189, 127, 223, 250, 191, 159, 77, 244,
       254, 123, 255, 255, 255, 175, 190, 255, 252, 125, 238, 255, 239,
       127, 109, 255, 117, 253, 249, 127, 126, 252, 252, 243, 247, 127,
       116, 245, 91, 179, 117, 254, 239, 237, 191, 255, 251, 255, 239,
       133, 237, 6, 223, 238, 115, 189, 255, 127, 223, 215, 159, 221,
       251, 252, 77, 237, 183, 223, 137, 250, 182, 151, 117, 120, 246,
       251, 184, 251, 142, 62, 221, 255, 253, 125, 244, 247, 63, 127,
       251, 247, 95, 253, 250, 255, 251, 246, 93, 243, 245, 127, 119,
       119, 255, 176, 118, 254, 255, 255, 191, 254, 30, 126, 185, 210,
       111, 156, 255, 210, 125, 245, 245, 94, 222, 185, 191, 209, 31,
       245, 79, 157, 173, 24, 13, 232, 61, 159, 77, 88, 246, 113, 159,
       94, 87, 40, 184, 253, 59, 247, 247, 255, 231, 251, 254, 252, 253,
       214, 119, 255, 254, 251, 229, 250, 253, 127, 115, 253, 175, 231,
       255, 79, 250, 246, 191, 218, 95, 127, 255, 255, 45, 87, 191, 87,
       122, 233, 244, 216, 92, 90, 14, 209, 55, 227, 111, 185, 172, 24,
       5, 240, 29, 156, 73, 16, 242, 55, 189, 90, 87, 32, 250, 255, 244,
