%YAML:1.0
descriptors: !!opencv-matrix
   rows: 106
   cols: 64
   dt: u
   data: [ 60, 157, 254, 254, 43, 255, 245, 127, 55, 244, 213, 253, 63,
       126, 189, 222, 255, 186, 225, 251, 247, 127, 211, 243, 249, 127,
       209, 254, 125, 247, 215, 239, 143, 50, 115, 180, 247, 216, 250,
       125, 120, 189, 247, 103, 245, 53, 247, 111, 187, 238, 137, 79,
       244, 29, 152, 93, 55, 243, 255, 255, 251, 255, 173, 222, 60, 189,
       255, 254, 50, 255, 245, 127, 255, 244, 223, 253, 127, 254, 255,
       254, 255, 190, 243, 123, 247, 127, 215, 247, 249, 127, 213, 254,
       109, 247, 222, 235, 143, 122, 99, 180, 255, 90, 250, 125, 120,
       189, 247, 103, 253, 181, 247, 111, 191, 170, 171, 223, 242, 29,
       184, 93, 63, 243, 127, 255, 251, 255, 237, 222, 61, 254, 125, 239,
       191, 189, 187, 121, 255, 253, 215, 255, 253, 127, 252, 85, 246,
       255, 107, 123, 245, 103, 211, 253, 253, 254, 245, 255, 126, 95,
       247, 239, 223, 108, 93, 190, 223, 123, 249, 125, 253, 92, 123,
       175, 213, 53, 247, 111, 185, 190, 24, 15, 240, 29, 158, 77, 16,
       242, 55, 189, 250, 95, 40, 254, 63, 189, 253, 254, 63, 253, 253,
       123, 119, 254, 215, 245, 253, 127, 189, 85, 255, 254, 97, 243,
       245, 116, 211, 243, 237, 191, 227, 255, 122, 95, 245, 235, 223,
       36, 213, 186, 223, 120, 249, 117, 112, 92, 59, 47, 213, 21, 247,
       111, 153, 172, 24, 5, 240, 29, 156, 73, 24, 242, 51, 189, 90, 87,
       32, 250, 22, 33, 217, 150, 16, 66, 93, 110, 2, 128, 21, 176, 19,
       194, 150, 90, 235, 84, 32, 71, 7, 173, 226, 3, 12, 147, 178, 9, 3,
       168, 20, 41, 151, 38, 53, 154, 2, 120, 67, 84, 48, 233, 181, 99,
       191, 28, 117, 110, 209, 164, 57, 213, 112, 24, 52, 73, 16, 242,
       49, 249, 89, 85, 33, 250, 60, 249, 255, 254, 62, 255, 249, 127,
       255, 252, 215, 253, 127, 254, 252, 254, 255, 255, 99, 123, 247,
       127, 211, 247, 253, 255, 247, 255, 127, 251, 255, 235, 207, 110,
       71, 190, 223, 122, 249, 125, 248, 93, 247, 111, 245, 53, 247, 111,
       191, 174, 153, 79, 242, 29, 156, 93, 52, 242, 115, 255, 251, 223,
       173, 254, 191, 182, 125, 119, 255, 249, 251, 188, 222, 189, 214,
       255, 237, 127, 202, 244, 255, 191, 223, 251, 245, 123, 239, 254,
       173, 126, 246, 255, 126, 119, 231, 239, 223, 233, 205, 116, 255,
       187, 249, 127, 221, 221, 219, 254, 241, 163, 255, 127, 190, 255,
       143, 203, 244, 165, 218, 117, 110, 247, 247, 219, 251, 191, 238,
       94, 252, 249, 255, 252, 54, 127, 249, 255, 221, 255, 255, 255,
       127, 254, 254, 254, 251, 221, 255, 111, 247, 255, 229, 191, 255,
       255, 247, 255, 127, 247, 254, 254, 207, 127, 231, 255, 223, 127,
       251, 253, 218, 253, 247, 127, 255, 55, 247, 111, 191, 174, 175,
       223, 250, 61, 156, 93, 109, 247, 119, 251, 251, 255, 239, 254,
       252, 254, 239, 253, 254, 255, 251, 255, 253, 253, 254, 189, 127,
       254, 251, 238, 251, 221, 127, 111, 253, 223, 182, 189, 127, 239,
       189, 191, 255, 223, 126, 255, 241, 45, 87, 251, 214, 119, 253,
       244, 218, 93, 122, 62, 221, 167, 203, 236, 157, 173, 222, 13, 248,
       31, 159, 77, 208, 246, 123, 157, 91, 30, 34, 249, 60, 253, 253,
       156, 50, 223, 93, 119, 223, 230, 223, 156, 93, 180, 255, 222, 253,
       208, 98, 235, 181, 113, 211, 151, 221, 117, 245, 252, 97, 222,
       222, 232, 199, 28, 71, 174, 218, 122, 232, 125, 56, 157, 117, 47,
       181, 180, 245, 110, 159, 172, 139, 15, 242, 29, 152, 93, 48, 243,
       123, 253, 123, 219, 104, 250, 124, 59, 255, 246, 126, 191, 251,
       122, 245, 126, 215, 115, 255, 251, 248, 93, 242, 213, 127, 111,
       247, 127, 129, 119, 207, 250, 167, 159, 126, 92, 124, 251, 211,
       39, 86, 191, 82, 126, 241, 245, 216, 95, 185, 15, 217, 38, 209,
       79, 157, 173, 24, 5, 240, 29, 159, 73, 16, 246, 51, 191, 88, 87,
       32, 251, 121, 255, 236, 122, 255, 255, 119, 63, 253, 116, 220,
       189, 255, 255, 254, 239, 251, 245, 123, 244, 253, 247, 211, 183,
       219, 127, 253, 189, 123, 214, 254, 233, 207, 110, 199, 190, 223,
       56, 253, 124, 126, 223, 126, 175, 213, 113, 247, 111, 191, 172,
       153, 8, 242, 29, 218, 93, 56, 246, 119, 189, 251, 223, 46, 218,
       237, 255, 247, 245, 252, 175, 127, 88, 189, 127, 192, 251, 207,
       233, 182, 79, 226, 253, 191, 111, 126, 239, 242, 121, 78, 250,
       190, 191, 254, 12, 120, 173, 87, 103, 124, 251, 82, 125, 181, 245,
       221, 206, 58, 31, 235, 13, 217, 23, 140, 165, 24, 53, 96, 190,
       159, 77, 152, 254, 51, 159, 92, 87, 35, 187, 124, 255, 255, 251,
       254, 191, 115, 115, 127, 125, 244, 63, 255, 251, 255, 125, 242,
       245, 251, 102, 255, 253, 155, 127, 254, 234, 238, 189, 254, 221,
       254, 175, 247, 103, 215, 255, 214, 247, 247, 127, 190, 255, 222,
       95, 93, 159, 235, 151, 221, 37, 153, 252, 227, 253, 159, 255, 120,
       254, 123, 191, 219, 236, 191, 245, 127, 124, 255, 255, 254, 183,
       127, 124, 255, 127, 244, 185, 255, 251, 180, 95, 242, 247, 63,
       110, 251, 221, 187, 61, 238, 234, 234, 255, 123, 93, 253, 175,
       243, 167, 148, 255, 90, 247, 53, 247, 210, 203, 74, 14, 217, 158,
       201, 151, 221, 37, 30, 180, 104, 252, 159, 239, 216, 254, 251,
       158, 217, 20, 50, 181, 243, 16, 144, 166, 217, 130, 15, 72, 70,
       107, 1, 114, 163, 202, 134, 84, 106, 151, 37, 68, 200, 5, 131,
       109, 14, 216, 248, 47, 210, 8, 32, 41, 87, 37, 28, 187, 2, 116, 5,
       86, 64, 74, 24, 11, 193, 28, 228, 29, 153, 164, 24, 4, 96, 24,
       156, 73, 16, 242, 51, 185, 88, 87, 48, 251, 197, 38, 211, 178,
       217, 34, 47, 202, 128, 107, 64, 115, 163, 203, 130, 81, 98, 213,
       165, 68, 72, 141, 136, 123, 78, 218, 59, 47, 210, 8, 32, 79, 83,
       39, 28, 187, 49, 124, 37, 212, 64, 64, 24, 11, 75, 5, 65, 213, 25,
       36, 24, 4, 224, 30, 140, 73, 144, 240, 35, 157, 92, 86, 32, 176,
       214, 240, 219, 247, 63, 66, 223, 234, 214, 249, 245, 251, 175,
       203, 134, 90, 251, 215, 60, 43, 143, 173, 230, 106, 173, 223, 243,
       127, 87, 43, 119, 127, 247, 165, 60, 251, 118, 125, 235, 247, 83,
       202, 235, 123, 187, 28, 217, 127, 203, 174, 91, 135, 248, 50, 188,
       107, 208, 242, 48, 91, 92, 21, 48, 191, 251, 220, 120, 175, 223,
       107, 87, 137, 127, 97, 188, 251, 191, 250, 230, 253, 247, 183, 61,
       213, 79, 159, 185, 124, 119, 223, 121, 47, 243, 123, 255, 63, 146,
       239, 84, 223, 98, 113, 237, 246, 243, 223, 108, 121, 217, 31, 252,
       149, 197, 167, 82, 12, 232, 183, 207, 235, 88, 244, 181, 60, 157,
       95, 182, 153, 213, 190, 215, 109, 248, 218, 175, 204, 123, 187,
       170, 255, 198, 119, 139, 185, 255, 199, 184, 43, 205, 197, 110,
       216, 231, 199, 122, 247, 175, 105, 195, 111, 151, 209, 93, 101,
       124, 253, 255, 118, 101, 28, 106, 117, 245, 138, 253, 49, 252,
       220, 44, 119, 245, 231, 156, 239, 86, 220, 150, 45, 222, 85, 113,
       126, 251, 220, 94, 255, 255, 219, 222, 129, 127, 251, 189, 235,
       190, 254, 111, 255, 247, 179, 60, 255, 205, 247, 191, 124, 229,
       95, 251, 127, 223, 127, 255, 119, 251, 173, 95, 119, 115, 255,
       253, 247, 242, 222, 104, 125, 215, 95, 254, 49, 141, 207, 22, 37,
       253, 255, 205, 235, 210, 253, 189, 61, 221, 123, 178, 191, 220,
       173, 238, 253, 83, 107, 126, 255, 29, 216, 222, 189, 114, 206,
       143, 238, 137, 25, 251, 223, 127, 191, 230, 179, 119, 111, 210,
       229, 217, 71, 174, 168, 207, 19, 53, 235, 183, 119, 221, 116, 122,
       189, 183, 119, 255, 63, 47, 254, 255, 174, 127, 245, 217, 127,
       240, 76, 223, 141, 239, 251, 31, 35, 179, 70, 255, 249, 251, 125,
       241, 250, 250, 238, 217, 187, 255, 254, 246, 198, 207, 250, 251,
       137, 63, 95, 47, 141, 239, 31, 255, 223, 251, 175, 199, 175, 230,
       190, 239, 135, 109, 223, 83, 247, 253, 126, 59, 124, 241, 124,
       255, 159, 63, 182, 223, 175, 118, 247, 217, 247, 244, 227, 208,
       252, 233, 239, 93, 127, 179, 182, 62, 185, 255, 253, 38, 255, 249,
       247, 221, 253, 95, 221, 223, 244, 89, 254, 189, 219, 242, 235,
