%YAML:1.0
descriptors: !!opencv-matrix
   rows: 93
   cols: 64
   dt: u
   data: [ 61, 183, 125, 220, 54, 189, 247, 113, 255, 213, 213, 216, 221,
       125, 188, 85, 255, 253, 99, 107, 183, 127, 83, 247, 253, 127, 55,
       255, 124, 222, 213, 169, 215, 126, 255, 158, 202, 120, 251, 125,
       125, 189, 187, 231, 245, 112, 247, 111, 155, 188, 169, 79, 242,
       29, 154, 93, 57, 211, 114, 239, 123, 255, 109, 250, 60, 189, 255,
       221, 50, 221, 213, 127, 223, 212, 221, 252, 125, 126, 191, 206,
       251, 182, 98, 107, 183, 127, 215, 215, 249, 119, 246, 255, 101,
       223, 223, 235, 207, 30, 231, 158, 222, 120, 251, 125, 120, 61,
       245, 167, 183, 52, 53, 111, 187, 174, 169, 75, 242, 29, 216, 85,
       52, 243, 123, 251, 251, 255, 237, 222, 248, 249, 255, 223, 98, 95,
       223, 183, 223, 253, 127, 157, 31, 254, 127, 238, 255, 215, 120,
       47, 62, 223, 231, 183, 251, 111, 191, 62, 109, 219, 94, 255, 239,
       47, 103, 247, 222, 119, 255, 124, 114, 221, 245, 62, 159, 190,
       245, 238, 159, 172, 223, 223, 249, 63, 148, 223, 241, 254, 123,
       127, 127, 93, 11, 254, 217, 221, 255, 213, 238, 127, 251, 255,
       159, 253, 127, 223, 159, 253, 90, 254, 239, 223, 61, 111, 14, 143,
       230, 57, 111, 223, 191, 126, 213, 3, 118, 63, 243, 39, 125, 251,
       86, 127, 255, 246, 211, 92, 185, 62, 223, 30, 253, 181, 205, 141,
       94, 181, 217, 255, 149, 235, 209, 252, 49, 127, 92, 85, 19, 190,
       253, 253, 255, 253, 119, 127, 255, 250, 253, 221, 255, 251, 255,
       254, 255, 255, 251, 253, 255, 111, 119, 255, 245, 247, 255, 255,
       255, 255, 255, 255, 254, 255, 254, 119, 255, 255, 247, 255, 253,
       253, 255, 255, 255, 119, 255, 191, 255, 239, 239, 191, 255, 255,
       251, 255, 191, 93, 126, 255, 127, 239, 255, 255, 191, 255, 7, 176,
       211, 231, 61, 160, 249, 72, 210, 187, 0, 249, 163, 74, 128, 89,
       106, 212, 161, 3, 196, 44, 202, 123, 44, 154, 51, 39, 86, 41, 49,
       111, 87, 166, 60, 154, 114, 252, 105, 55, 97, 76, 106, 105, 211,
       20, 241, 123, 217, 188, 24, 5, 244, 4, 188, 105, 16, 178, 178,
       143, 88, 87, 33, 255, 107, 150, 210, 35, 221, 162, 163, 220, 252,
       185, 194, 117, 173, 79, 171, 85, 106, 247, 153, 34, 229, 35, 207,
       124, 36, 200, 120, 39, 94, 73, 33, 239, 87, 167, 93, 177, 119,
       250, 109, 116, 249, 84, 90, 14, 69, 129, 219, 115, 184, 60, 24, 5,
       245, 181, 156, 201, 22, 254, 183, 189, 218, 71, 48, 246, 236, 202,
       255, 249, 250, 127, 243, 253, 189, 255, 238, 159, 223, 189, 251,
       239, 235, 221, 255, 111, 124, 223, 174, 56, 111, 255, 63, 178,
       253, 195, 62, 191, 241, 103, 127, 251, 87, 247, 253, 182, 255,
       127, 122, 62, 95, 143, 88, 176, 205, 13, 118, 181, 219, 255, 135,
       108, 208, 236, 41, 172, 221, 78, 19, 181, 185, 217, 254, 255, 63,
       123, 245, 190, 253, 252, 254, 253, 63, 254, 239, 255, 251, 182,
       249, 59, 245, 127, 239, 119, 97, 127, 243, 55, 127, 91, 247, 239,
       223, 102, 119, 244, 247, 89, 249, 125, 121, 221, 251, 55, 221,
       181, 247, 111, 189, 174, 159, 13, 244, 29, 156, 77, 54, 246, 255,
       255, 219, 255, 165, 222, 251, 221, 254, 255, 239, 127, 251, 247,
       61, 255, 127, 223, 159, 253, 127, 254, 239, 213, 61, 111, 62, 141,
       231, 57, 111, 223, 187, 62, 219, 19, 118, 191, 243, 39, 117, 251,
       82, 119, 253, 246, 114, 92, 249, 62, 223, 30, 253, 181, 221, 141,
       94, 149, 217, 255, 148, 239, 208, 252, 49, 189, 92, 85, 18, 186,
       252, 249, 255, 253, 50, 127, 253, 255, 221, 252, 255, 189, 127,
       246, 251, 254, 251, 223, 251, 111, 63, 253, 231, 183, 253, 111,
       247, 255, 109, 223, 254, 251, 239, 47, 101, 255, 223, 127, 249,
       125, 122, 93, 245, 62, 255, 183, 247, 110, 191, 174, 239, 223,
       250, 31, 156, 93, 244, 254, 123, 251, 127, 127, 235, 254, 124,
       174, 255, 220, 122, 127, 247, 115, 253, 244, 222, 245, 93, 127,
       249, 236, 251, 253, 251, 107, 245, 125, 220, 247, 253, 127, 149,
       151, 108, 223, 127, 255, 223, 69, 71, 186, 214, 250, 249, 124,
       252, 93, 249, 182, 245, 166, 245, 107, 191, 173, 141, 79, 242, 29,
       159, 93, 116, 254, 123, 253, 219, 223, 109, 254, 60, 190, 255,
       232, 62, 253, 253, 127, 253, 254, 220, 253, 253, 61, 189, 110,
       251, 253, 227, 107, 244, 119, 218, 255, 253, 127, 181, 182, 124,
       215, 119, 239, 207, 104, 199, 190, 223, 248, 249, 125, 124, 93,
       115, 175, 213, 241, 247, 107, 187, 172, 153, 9, 242, 29, 156, 93,
       60, 242, 119, 253, 251, 223, 44, 254, 252, 253, 255, 253, 114,
       127, 253, 255, 159, 223, 119, 219, 215, 208, 254, 222, 191, 223,
       254, 111, 54, 253, 246, 123, 255, 223, 183, 255, 95, 241, 118,
       239, 199, 215, 252, 223, 247, 253, 254, 119, 251, 255, 247, 127,
       187, 30, 125, 191, 223, 186, 126, 255, 249, 247, 191, 254, 209,
       223, 113, 239, 119, 125, 153, 255, 84, 41, 211, 213, 112, 6, 250,
       231, 2, 170, 3, 23, 195, 198, 147, 66, 170, 197, 160, 103, 206,
       173, 198, 75, 13, 218, 182, 47, 16, 8, 50, 106, 87, 5, 85, 187,
       16, 252, 235, 116, 112, 108, 185, 46, 231, 28, 193, 111, 153, 172,
       56, 21, 240, 29, 156, 73, 16, 250, 51, 189, 88, 87, 33, 250, 220,
       202, 238, 241, 254, 255, 251, 241, 61, 255, 122, 223, 223, 252,
       251, 236, 235, 221, 255, 111, 252, 221, 174, 120, 111, 223, 63,
       167, 221, 71, 55, 255, 215, 163, 93, 123, 87, 255, 253, 118, 120,
       92, 106, 63, 221, 15, 255, 177, 157, 205, 28, 165, 213, 255, 156,
       235, 80, 252, 179, 189, 222, 95, 48, 190, 51, 221, 254, 222, 55,
       223, 221, 15, 247, 198, 61, 248, 63, 255, 124, 223, 255, 246, 96,
       187, 150, 126, 209, 103, 245, 247, 247, 127, 59, 251, 222, 105,
       199, 124, 247, 190, 218, 120, 250, 125, 114, 223, 237, 237, 183,
       84, 245, 111, 145, 174, 152, 15, 176, 25, 252, 93, 57, 243, 122,
       255, 251, 221, 168, 250, 84, 42, 147, 129, 200, 154, 174, 229, 10,
       171, 75, 30, 192, 4, 155, 0, 194, 193, 24, 102, 205, 5, 202, 200,
       205, 192, 186, 111, 128, 13, 51, 78, 119, 133, 93, 11, 16, 255,
       173, 70, 32, 84, 41, 44, 119, 142, 221, 49, 159, 204, 24, 37, 181,
       125, 29, 235, 64, 122, 19, 177, 76, 83, 112, 246, 194, 9, 130,
       177, 201, 130, 74, 135, 8, 235, 3, 14, 130, 196, 3, 43, 192, 9,
       57, 70, 206, 141, 74, 11, 70, 202, 186, 46, 130, 0, 34, 6, 103,
       167, 87, 43, 18, 45, 103, 66, 32, 96, 0, 200, 79, 28, 137, 147,
       93, 12, 24, 177, 197, 126, 28, 227, 81, 236, 49, 189, 12, 116,
       145, 224, 197, 38, 128, 21, 217, 130, 6, 124, 200, 33, 131, 103,
       226, 205, 130, 3, 96, 41, 27, 213, 249, 47, 75, 205, 0, 106, 236,
       174, 0, 13, 225, 70, 79, 173, 100, 63, 24, 168, 37, 206, 73, 64,
       8, 142, 201, 105, 139, 19, 56, 70, 24, 33, 117, 250, 24, 195, 98,
       63, 151, 149, 168, 22, 48, 76, 64, 9, 130, 243, 205, 162, 238,
       155, 0, 170, 2, 2, 130, 192, 3, 9, 0, 93, 57, 70, 198, 45, 202,
       91, 2, 218, 186, 6, 80, 0, 32, 86, 119, 39, 28, 57, 19, 108, 103,
       2, 48, 96, 144, 74, 75, 28, 129, 219, 93, 44, 24, 213, 117, 124,
       156, 203, 81, 170, 51, 191, 72, 53, 145, 242, 122, 152, 234, 255,
       63, 255, 216, 167, 31, 254, 94, 157, 31, 190, 123, 254, 249, 208,
       121, 251, 189, 153, 239, 57, 125, 201, 170, 47, 95, 253, 255, 239,
       229, 167, 55, 123, 254, 247, 253, 118, 242, 221, 231, 126, 31,
       142, 107, 243, 223, 104, 255, 141, 254, 63, 183, 126, 210, 246,
       235, 253, 223, 12, 58, 247, 251, 221, 236, 250, 255, 63, 95, 27,
       255, 127, 60, 235, 191, 251, 102, 125, 245, 247, 125, 183, 244,
       119, 211, 119, 115, 239, 225, 63, 255, 89, 245, 235, 207, 108,
       150, 244, 255, 89, 249, 253, 114, 223, 126, 175, 213, 87, 245, 79,
       189, 174, 152, 13, 248, 61, 223, 221, 56, 246, 119, 191, 218, 223,
       174, 217, 191, 254, 109, 239, 255, 189, 223, 24, 253, 95, 253,
       251, 175, 123, 236, 221, 243, 245, 63, 121, 245, 118, 179, 124,
       101, 255, 243, 59, 255, 123, 127, 255, 223, 236, 222, 255, 251,
