%YAML:1.0
descriptors: !!opencv-matrix
   rows: 140
   cols: 64
   dt: u
   data: [ 189, 250, 127, 237, 255, 253, 191, 248, 253, 253, 255, 255,
       255, 63, 251, 236, 251, 213, 127, 107, 253, 130, 175, 124, 109,
       255, 189, 187, 255, 79, 127, 191, 241, 101, 93, 251, 82, 243, 233,
       246, 123, 92, 120, 62, 213, 151, 252, 53, 137, 173, 94, 37, 248,
       159, 156, 73, 144, 246, 51, 188, 220, 95, 32, 188, 242, 217, 154,
       223, 247, 74, 222, 142, 95, 171, 61, 251, 182, 206, 110, 250, 239,
       151, 60, 31, 14, 159, 239, 47, 111, 215, 251, 47, 151, 107, 150,
       63, 183, 167, 125, 83, 114, 221, 255, 247, 115, 255, 237, 121,
       159, 30, 125, 183, 197, 203, 118, 245, 157, 227, 181, 235, 209,
       252, 248, 127, 93, 125, 147, 191, 63, 244, 125, 238, 55, 189, 221,
       29, 247, 254, 221, 249, 45, 30, 188, 95, 251, 246, 2, 121, 181,
       114, 209, 127, 237, 171, 226, 27, 127, 121, 125, 239, 151, 236,
       191, 190, 254, 121, 249, 119, 123, 223, 255, 105, 150, 149, 245,
       111, 186, 190, 155, 13, 234, 149, 254, 93, 56, 178, 255, 223, 251,
       223, 174, 247, 44, 174, 231, 169, 218, 253, 163, 253, 189, 252,
       206, 61, 217, 62, 187, 228, 203, 92, 203, 104, 249, 19, 222, 248,
       93, 105, 28, 167, 124, 207, 59, 207, 253, 32, 85, 186, 87, 242,
       173, 60, 248, 85, 122, 38, 85, 167, 114, 225, 185, 44, 28, 13,
       211, 29, 156, 72, 20, 224, 43, 188, 202, 71, 32, 254, 61, 254,
       253, 168, 63, 253, 181, 121, 253, 220, 222, 255, 253, 62, 253,
       205, 251, 253, 227, 248, 245, 86, 211, 245, 253, 125, 85, 241,
       124, 215, 255, 235, 207, 104, 199, 180, 255, 122, 249, 124, 125,
       157, 126, 167, 213, 245, 247, 111, 191, 188, 137, 13, 242, 29,
       218, 93, 62, 246, 127, 189, 251, 223, 108, 218, 232, 202, 238,
       233, 238, 255, 243, 181, 61, 255, 254, 207, 219, 188, 127, 236,
       137, 89, 255, 255, 124, 211, 255, 184, 123, 109, 29, 182, 253,
       215, 63, 159, 253, 233, 203, 97, 223, 247, 252, 186, 250, 61, 123,
       62, 215, 175, 122, 177, 191, 217, 223, 173, 223, 255, 203, 190,
       246, 205, 173, 124, 199, 219, 90, 255, 60, 186, 255, 237, 50, 255,
       249, 127, 253, 252, 214, 245, 93, 62, 187, 238, 251, 220, 195,
       107, 245, 113, 214, 247, 253, 170, 164, 151, 109, 221, 125, 235,
       255, 100, 71, 190, 223, 122, 249, 124, 254, 93, 255, 46, 244, 183,
       243, 111, 187, 172, 153, 15, 242, 29, 157, 93, 60, 242, 123, 253,
       123, 223, 42, 255, 61, 55, 253, 252, 54, 125, 57, 127, 245, 244,
       215, 181, 125, 127, 185, 102, 250, 252, 67, 99, 245, 118, 208,
       247, 93, 186, 164, 153, 122, 222, 117, 235, 223, 36, 87, 190, 82,
       120, 233, 124, 124, 93, 56, 47, 212, 53, 247, 111, 153, 172, 24,
       5, 240, 29, 156, 73, 16, 242, 51, 189, 88, 87, 32, 250, 63, 50,
       113, 182, 191, 164, 185, 92, 244, 126, 210, 117, 237, 75, 177, 85,
       250, 212, 3, 98, 225, 34, 195, 127, 12, 138, 226, 139, 82, 8, 113,
       239, 87, 36, 92, 190, 83, 120, 161, 116, 88, 76, 26, 14, 192, 5,
       195, 79, 153, 172, 24, 5, 240, 28, 156, 73, 16, 242, 51, 189, 88,
       87, 32, 250, 63, 255, 125, 252, 55, 189, 253, 121, 255, 222, 255,
       248, 253, 126, 252, 221, 243, 246, 67, 123, 245, 114, 209, 246,
       253, 191, 229, 251, 127, 223, 253, 233, 223, 108, 215, 190, 218,
       122, 249, 125, 254, 223, 127, 47, 212, 183, 247, 111, 155, 172,
       152, 13, 242, 29, 159, 93, 56, 242, 123, 189, 123, 223, 46, 251,
       62, 241, 121, 246, 55, 141, 89, 107, 215, 199, 213, 240, 127, 106,
       148, 94, 246, 214, 102, 115, 135, 62, 225, 119, 189, 158, 231, 91,
       82, 251, 244, 233, 198, 44, 52, 254, 206, 121, 219, 245, 80, 223,
       181, 111, 242, 20, 245, 110, 155, 174, 27, 199, 232, 29, 156, 89,
       16, 242, 123, 251, 121, 31, 162, 251, 13, 164, 205, 128, 16, 181,
       165, 116, 48, 246, 4, 208, 144, 62, 176, 71, 138, 124, 65, 97,
       241, 112, 82, 243, 73, 56, 144, 130, 80, 8, 49, 67, 215, 4, 213,
       170, 83, 120, 233, 116, 112, 92, 56, 47, 212, 20, 247, 111, 153,
       172, 24, 5, 240, 29, 156, 73, 16, 242, 51, 189, 88, 87, 32, 250,
       62, 177, 249, 254, 54, 7, 93, 47, 215, 196, 213, 240, 127, 234,
       182, 94, 254, 214, 98, 115, 55, 60, 193, 103, 252, 138, 246, 89,
       83, 248, 244, 233, 134, 44, 52, 190, 206, 120, 211, 125, 114, 203,
       181, 107, 240, 20, 245, 110, 155, 166, 153, 79, 240, 28, 60, 65,
       56, 179, 123, 251, 57, 87, 163, 251, 58, 49, 241, 246, 55, 35, 93,
       111, 214, 64, 213, 113, 55, 78, 166, 86, 118, 150, 2, 83, 7, 46,
       193, 103, 140, 138, 226, 89, 82, 184, 244, 232, 134, 46, 52, 190,
       130, 120, 211, 85, 81, 201, 181, 107, 232, 21, 165, 110, 153, 166,
       25, 71, 240, 24, 156, 65, 16, 178, 115, 187, 56, 23, 161, 250, 61,
       191, 255, 253, 63, 125, 249, 255, 255, 252, 222, 245, 125, 124,
       251, 244, 247, 252, 67, 107, 245, 123, 215, 246, 253, 170, 230,
       219, 126, 221, 255, 239, 239, 108, 87, 190, 214, 122, 249, 125,
       248, 93, 251, 46, 212, 183, 243, 111, 185, 172, 153, 13, 240, 29,
       157, 73, 48, 242, 115, 191, 250, 223, 46, 250, 190, 245, 252, 222,
       55, 71, 93, 15, 119, 68, 61, 248, 63, 238, 182, 94, 255, 150, 48,
       247, 7, 191, 241, 39, 252, 223, 243, 89, 115, 184, 212, 105, 214,
       38, 54, 254, 194, 120, 211, 124, 114, 219, 189, 107, 213, 20, 245,
       110, 145, 164, 26, 5, 120, 24, 148, 73, 24, 242, 123, 191, 89,
       119, 162, 251, 54, 245, 121, 222, 50, 157, 85, 65, 199, 68, 21,
       244, 221, 126, 188, 84, 255, 210, 66, 98, 23, 126, 145, 103, 252,
       150, 229, 89, 38, 186, 212, 40, 134, 108, 71, 158, 202, 88, 219,
       92, 48, 217, 181, 225, 180, 84, 181, 110, 147, 172, 129, 75, 176,
       17, 158, 89, 48, 114, 114, 189, 120, 223, 104, 250, 62, 49, 216,
       214, 55, 3, 88, 111, 86, 192, 213, 176, 55, 202, 178, 86, 254,
       214, 32, 87, 7, 46, 225, 39, 140, 138, 226, 73, 82, 168, 244, 105,
       214, 38, 52, 190, 66, 120, 195, 84, 80, 203, 181, 107, 194, 20,
       193, 110, 153, 172, 27, 5, 112, 24, 148, 73, 16, 242, 59, 249, 89,
       22, 32, 251, 5, 39, 84, 160, 24, 160, 36, 64, 32, 76, 10, 5, 68,
       103, 169, 81, 226, 252, 129, 96, 193, 32, 0, 114, 76, 136, 32, 73,
       80, 12, 49, 65, 86, 36, 85, 186, 16, 112, 1, 84, 100, 84, 24, 15,
       68, 4, 228, 79, 153, 44, 24, 4, 240, 28, 156, 73, 16, 242, 51,
       188, 88, 70, 32, 248, 124, 62, 255, 253, 122, 127, 249, 247, 253,
       252, 206, 181, 95, 253, 251, 238, 251, 253, 251, 107, 245, 255,
       220, 191, 223, 111, 182, 151, 124, 215, 127, 255, 235, 67, 103,
       191, 213, 254, 253, 125, 252, 125, 251, 182, 239, 231, 227, 235,
       189, 173, 255, 217, 243, 61, 157, 93, 118, 254, 127, 255, 251,
       142, 41, 254, 252, 251, 247, 253, 116, 119, 175, 251, 196, 158,
       250, 243, 227, 198, 219, 107, 251, 205, 127, 79, 117, 141, 84,
       215, 159, 255, 191, 173, 192, 158, 50, 152, 238, 47, 79, 191, 93,
       60, 237, 116, 120, 92, 50, 191, 223, 125, 183, 238, 188, 172, 24,
       67, 243, 127, 156, 193, 68, 254, 19, 189, 126, 87, 48, 186, 244,
       33, 241, 20, 80, 2, 14, 103, 194, 2, 169, 50, 115, 194, 146, 82,
       242, 129, 39, 71, 11, 165, 225, 135, 158, 203, 188, 13, 130, 140,
       160, 40, 194, 37, 68, 191, 0, 56, 65, 220, 64, 74, 48, 171, 209,
       28, 133, 78, 153, 172, 24, 1, 112, 28, 20, 65, 0, 242, 17, 185,
       88, 86, 32, 250, 252, 62, 255, 169, 246, 127, 163, 255, 253, 253,
       222, 191, 127, 191, 251, 238, 251, 253, 251, 108, 121, 211, 254,
       180, 255, 253, 60, 189, 255, 215, 126, 187, 240, 109, 87, 255,
       215, 119, 141, 124, 252, 85, 122, 190, 93, 167, 106, 244, 191, 45,
       223, 137, 250, 63, 143, 93, 248, 244, 43, 252, 223, 143, 42, 250,
       207, 237, 234, 57, 85, 98, 254, 222, 176, 139, 232, 250, 226, 195,
       134, 75, 9, 41, 63, 215, 109, 135, 119, 215, 6, 127, 191, 167,
       193, 6, 34, 178, 207, 59, 199, 175, 91, 60, 237, 116, 120, 110,
       56, 175, 221, 121, 183, 239, 253, 174, 24, 1, 241, 125, 92, 193,
