%YAML:1.0
descriptors: !!opencv-matrix
   rows: 174
   cols: 64
   dt: u
   data: [ 60, 56, 255, 191, 62, 125, 185, 253, 253, 252, 254, 55, 125,
       190, 251, 246, 251, 212, 67, 98, 253, 179, 199, 180, 221, 237,
       180, 155, 250, 223, 127, 251, 245, 36, 87, 190, 86, 122, 233, 124,
       248, 93, 125, 46, 212, 183, 229, 109, 153, 172, 153, 5, 242, 29,
       156, 73, 16, 242, 59, 188, 90, 86, 32, 250, 23, 50, 85, 54, 60,
       176, 191, 88, 242, 190, 195, 115, 236, 127, 129, 17, 230, 239, 3,
       243, 229, 36, 67, 118, 196, 154, 228, 223, 90, 12, 225, 99, 215,
       44, 85, 190, 91, 56, 233, 116, 120, 92, 56, 175, 213, 81, 247,
       111, 153, 172, 24, 1, 240, 29, 156, 73, 16, 242, 51, 189, 88, 87,
       32, 250, 62, 181, 255, 254, 55, 181, 253, 127, 247, 254, 213, 245,
       127, 127, 181, 94, 254, 222, 99, 99, 245, 126, 193, 119, 221, 170,
       230, 223, 90, 221, 245, 235, 215, 44, 85, 190, 211, 120, 249, 117,
       120, 92, 57, 47, 212, 53, 247, 111, 153, 172, 24, 5, 240, 29, 156,
       73, 16, 242, 51, 189, 88, 87, 32, 250, 63, 182, 109, 254, 63, 189,
       153, 57, 254, 254, 215, 241, 253, 123, 60, 85, 244, 254, 67, 243,
       245, 102, 211, 255, 221, 186, 228, 255, 126, 93, 245, 239, 223,
       44, 85, 190, 223, 120, 233, 125, 120, 92, 123, 175, 212, 53, 247,
       111, 153, 174, 24, 7, 240, 29, 156, 73, 16, 242, 51, 189, 122, 87,
       40, 250, 63, 246, 124, 253, 62, 189, 191, 113, 126, 255, 213, 251,
       221, 122, 180, 85, 242, 213, 99, 99, 245, 117, 195, 122, 205, 254,
       181, 127, 90, 95, 247, 235, 215, 36, 85, 186, 82, 120, 233, 117,
       112, 92, 122, 47, 213, 20, 245, 111, 153, 172, 24, 5, 240, 29,
       156, 73, 16, 242, 51, 189, 88, 87, 32, 250, 191, 244, 125, 255,
       63, 189, 255, 57, 255, 255, 253, 251, 255, 123, 180, 93, 246, 255,
       103, 251, 245, 119, 211, 126, 253, 238, 231, 255, 127, 125, 245,
       239, 223, 108, 150, 190, 223, 121, 249, 253, 122, 223, 123, 175,
       212, 53, 247, 111, 185, 174, 24, 13, 240, 29, 157, 93, 56, 242,
       115, 191, 251, 223, 46, 255, 60, 63, 247, 245, 62, 125, 249, 255,
       253, 252, 222, 245, 127, 255, 251, 254, 251, 252, 227, 107, 245,
       111, 215, 255, 253, 234, 246, 219, 126, 223, 255, 255, 255, 110,
       103, 190, 223, 122, 249, 125, 221, 93, 251, 174, 204, 167, 243,
       111, 185, 172, 157, 203, 242, 29, 156, 93, 52, 242, 119, 255, 251,
       31, 45, 254, 61, 191, 247, 245, 62, 125, 249, 255, 253, 252, 222,
       117, 125, 127, 251, 244, 251, 252, 203, 106, 245, 111, 215, 255,
       253, 42, 246, 219, 126, 223, 255, 255, 255, 110, 103, 190, 223,
       250, 249, 125, 253, 93, 219, 190, 236, 163, 251, 111, 185, 173,
       205, 75, 242, 31, 157, 93, 44, 246, 119, 255, 251, 143, 173, 254,
       253, 63, 247, 245, 254, 117, 41, 254, 252, 255, 240, 251, 239,
       251, 146, 79, 251, 253, 111, 111, 121, 207, 246, 188, 206, 251,
       255, 187, 219, 94, 114, 175, 219, 45, 84, 191, 86, 124, 245, 244,
       92, 76, 58, 191, 219, 33, 255, 245, 152, 172, 28, 5, 240, 30, 156,
       77, 16, 244, 51, 157, 94, 87, 32, 250, 253, 62, 247, 241, 254, 63,
       161, 255, 252, 255, 210, 55, 255, 255, 187, 198, 250, 253, 75,
       106, 253, 199, 210, 247, 223, 250, 188, 159, 254, 220, 122, 235,
       223, 36, 87, 190, 86, 122, 193, 124, 220, 84, 26, 30, 209, 165,
       193, 77, 153, 172, 24, 5, 240, 29, 159, 73, 16, 242, 51, 189, 90,
       87, 32, 250, 60, 62, 255, 224, 254, 191, 169, 123, 252, 126, 210,
       55, 253, 123, 251, 197, 242, 213, 75, 106, 245, 87, 210, 247, 223,
       168, 172, 157, 94, 220, 125, 235, 127, 36, 87, 190, 86, 122, 129,
       116, 252, 84, 26, 30, 193, 167, 193, 79, 153, 173, 28, 5, 242, 29,
       159, 73, 16, 242, 51, 188, 90, 23, 32, 240, 60, 62, 247, 192, 254,
       191, 163, 123, 253, 92, 214, 119, 253, 123, 251, 197, 242, 213,
       75, 104, 245, 87, 210, 245, 223, 168, 236, 157, 126, 92, 125, 235,
       95, 100, 215, 190, 214, 122, 153, 116, 220, 85, 90, 30, 193, 167,
       193, 79, 156, 45, 157, 13, 242, 29, 159, 77, 16, 246, 51, 157, 90,
       31, 44, 248, 175, 166, 109, 163, 255, 189, 167, 216, 252, 255,
       250, 123, 237, 59, 242, 101, 195, 245, 39, 97, 233, 67, 219, 124,
       77, 253, 61, 39, 94, 31, 51, 207, 213, 36, 213, 186, 82, 120, 169,
       244, 124, 92, 58, 47, 213, 21, 244, 97, 153, 172, 24, 5, 240, 29,
       156, 73, 16, 242, 51, 188, 88, 87, 32, 250, 63, 182, 253, 239, 63,
       253, 189, 120, 255, 253, 222, 255, 253, 63, 189, 117, 255, 254,
       227, 251, 245, 118, 211, 255, 253, 254, 245, 251, 126, 223, 247,
       239, 223, 108, 87, 190, 255, 120, 233, 125, 120, 93, 123, 175,
       213, 49, 247, 111, 185, 174, 152, 13, 240, 29, 156, 73, 54, 242,
       55, 189, 250, 215, 40, 254, 123, 245, 121, 190, 63, 143, 95, 9,
       247, 101, 61, 248, 191, 122, 180, 95, 243, 247, 36, 113, 192, 38,
       177, 119, 220, 207, 229, 63, 83, 56, 117, 105, 210, 44, 22, 190,
       194, 120, 161, 245, 114, 219, 57, 47, 208, 20, 245, 79, 153, 164,
       24, 5, 240, 29, 156, 73, 16, 242, 51, 189, 88, 86, 34, 249, 255,
       244, 253, 190, 255, 191, 31, 121, 246, 127, 245, 251, 255, 251,
       182, 93, 242, 245, 99, 97, 249, 167, 211, 118, 78, 250, 253, 63,
       211, 25, 117, 233, 215, 44, 22, 190, 82, 120, 225, 117, 114, 222,
       56, 47, 213, 20, 245, 79, 153, 172, 24, 5, 240, 29, 156, 73, 16,
       242, 51, 189, 88, 87, 34, 251, 12, 34, 67, 161, 216, 224, 163,
       220, 192, 248, 194, 53, 225, 6, 145, 97, 234, 212, 1, 98, 193, 33,
       142, 120, 76, 152, 40, 15, 86, 11, 51, 95, 117, 36, 93, 186, 80,
       240, 45, 86, 81, 64, 24, 14, 69, 132, 72, 113, 24, 44, 24, 5, 240,
       28, 140, 73, 16, 242, 35, 156, 72, 71, 32, 240, 175, 246, 109,
       171, 255, 189, 167, 88, 253, 127, 248, 250, 173, 59, 252, 77, 194,
       245, 47, 113, 249, 86, 155, 124, 69, 253, 57, 55, 255, 91, 115,
       255, 213, 236, 222, 187, 114, 120, 173, 247, 126, 94, 122, 61,
       213, 19, 244, 81, 152, 189, 24, 4, 226, 189, 143, 77, 24, 246, 51,
       188, 218, 215, 44, 185, 254, 184, 255, 183, 255, 229, 223, 249,
       222, 239, 213, 127, 255, 206, 179, 92, 251, 215, 119, 114, 253,
       151, 135, 124, 190, 254, 255, 63, 210, 219, 119, 191, 71, 44, 31,
       255, 210, 125, 233, 117, 120, 76, 85, 46, 213, 20, 217, 125, 157,
       172, 24, 5, 248, 29, 156, 73, 16, 242, 51, 185, 92, 31, 32, 250,
       253, 190, 247, 231, 253, 243, 163, 222, 252, 249, 228, 251, 231,
       219, 162, 221, 250, 245, 191, 75, 229, 15, 239, 125, 167, 251,
       121, 175, 223, 73, 99, 255, 255, 39, 252, 191, 119, 245, 237, 245,
       217, 92, 122, 31, 217, 17, 89, 245, 184, 188, 92, 53, 240, 191,
       156, 73, 20, 184, 167, 175, 218, 87, 36, 251, 120, 253, 255, 222,
       50, 223, 252, 119, 251, 210, 221, 188, 127, 246, 189, 218, 191,
       147, 250, 255, 183, 125, 87, 215, 241, 119, 247, 252, 111, 255,
       222, 160, 207, 94, 167, 182, 159, 93, 250, 125, 120, 253, 245,
       103, 191, 253, 183, 110, 255, 170, 171, 223, 250, 29, 120, 223,
       127, 255, 95, 235, 59, 249, 203, 202, 190, 254, 255, 229, 254,
       125, 177, 253, 255, 253, 254, 255, 255, 127, 254, 252, 255, 255,
       127, 243, 125, 215, 55, 244, 255, 111, 253, 251, 239, 223, 255,
       250, 237, 108, 71, 254, 222, 51, 249, 253, 222, 93, 123, 191, 209,
       115, 247, 109, 189, 173, 141, 11, 242, 31, 157, 93, 60, 244, 119,
       189, 254, 223, 110, 249, 191, 244, 125, 174, 255, 45, 93, 25, 247,
       69, 253, 251, 255, 122, 244, 93, 242, 246, 118, 113, 113, 222,
       177, 116, 254, 175, 233, 123, 255, 121, 253, 173, 128, 237, 158,
       222, 238, 113, 177, 253, 219, 203, 95, 91, 216, 23, 252, 13, 205,
       183, 211, 13, 104, 182, 159, 125, 56, 182, 113, 154, 255, 222, 62,
       189, 56, 54, 125, 168, 58, 125, 177, 125, 221, 220, 222, 21, 125,
       60, 249, 228, 243, 220, 195, 104, 240, 114, 132, 244, 221, 168,
       164, 136, 124, 214, 125, 251, 252, 36, 85, 190, 86, 114, 137, 124,
