%YAML:1.0
descriptors: !!opencv-matrix
   rows: 100
   cols: 64
   dt: u
   data: [ 255, 255, 255, 255, 255, 255, 255, 255, 255, 255, 255, 251,
       255, 254, 254, 255, 255, 255, 255, 255, 255, 127, 255, 255, 255,
       255, 255, 255, 127, 255, 255, 255, 207, 255, 255, 255, 255, 253,
       255, 127, 123, 253, 243, 127, 255, 255, 255, 255, 255, 255, 191,
       255, 255, 253, 255, 247, 119, 255, 247, 255, 251, 255, 253, 254,
       255, 255, 255, 255, 255, 255, 255, 251, 255, 255, 253, 251, 255,
       255, 252, 255, 255, 255, 255, 255, 255, 127, 251, 255, 255, 255,
       255, 255, 127, 255, 255, 255, 223, 255, 255, 255, 255, 253, 255,
       127, 127, 255, 251, 127, 255, 191, 255, 255, 255, 255, 191, 255,
       255, 253, 254, 255, 119, 255, 247, 255, 251, 255, 253, 254, 254,
       253, 255, 255, 255, 255, 255, 191, 255, 247, 127, 254, 191, 254,
       255, 252, 255, 255, 127, 255, 255, 127, 255, 127, 255, 255, 247,
       255, 255, 251, 255, 255, 135, 255, 223, 223, 255, 221, 255, 127,
       123, 253, 247, 253, 253, 191, 255, 191, 255, 255, 159, 255, 253,
       229, 252, 255, 121, 255, 251, 255, 251, 255, 253, 254, 26, 25,
       214, 182, 55, 99, 188, 182, 38, 128, 127, 53, 60, 111, 187, 243,
       255, 214, 33, 99, 69, 34, 197, 115, 201, 223, 241, 105, 82, 10,
       242, 123, 215, 36, 85, 190, 83, 120, 233, 116, 112, 92, 56, 47,
       213, 20, 247, 110, 153, 172, 24, 5, 240, 29, 156, 73, 16, 242, 51,
       189, 88, 87, 32, 250, 188, 254, 255, 237, 54, 255, 253, 255, 253,
       253, 252, 253, 95, 61, 255, 238, 251, 252, 255, 107, 245, 115,
       246, 247, 253, 255, 181, 191, 127, 223, 127, 251, 245, 108, 247,
       254, 214, 123, 249, 253, 254, 223, 255, 63, 215, 183, 247, 111,
       191, 173, 159, 141, 250, 29, 159, 93, 124, 246, 123, 253, 219,
       223, 46, 255, 108, 46, 231, 169, 90, 119, 163, 253, 188, 254, 202,
       53, 81, 60, 251, 231, 203, 92, 203, 100, 120, 145, 222, 176, 93,
       237, 28, 129, 209, 78, 59, 219, 253, 4, 85, 186, 80, 114, 13, 52,
       184, 85, 24, 62, 85, 167, 96, 224, 25, 44, 92, 4, 211, 29, 140, 8,
       144, 224, 43, 188, 72, 70, 32, 240, 13, 14, 44, 225, 11, 125, 161,
       253, 189, 254, 202, 5, 89, 61, 123, 165, 129, 124, 195, 104, 244,
       114, 220, 112, 93, 168, 4, 2, 252, 214, 59, 219, 237, 82, 83, 40,
       84, 226, 168, 168, 220, 53, 90, 182, 84, 167, 98, 225, 57, 9, 156,
       12, 211, 93, 143, 28, 49, 192, 99, 188, 194, 222, 8, 248, 190,
       253, 255, 223, 55, 125, 221, 187, 255, 221, 255, 255, 255, 254,
       254, 254, 255, 247, 126, 255, 119, 255, 247, 247, 253, 127, 247,
       251, 127, 255, 254, 187, 206, 108, 231, 254, 222, 127, 251, 253,
       251, 221, 247, 63, 223, 247, 245, 111, 191, 191, 143, 207, 250,
       191, 223, 85, 124, 247, 127, 255, 255, 223, 238, 222, 108, 36,
       239, 185, 26, 247, 177, 247, 245, 254, 212, 189, 89, 172, 179, 78,
       203, 92, 227, 99, 249, 151, 222, 191, 93, 105, 180, 167, 73, 213,
       55, 239, 205, 36, 7, 186, 86, 248, 105, 124, 120, 93, 118, 46,
       215, 53, 83, 107, 185, 172, 24, 5, 242, 29, 156, 89, 20, 242, 59,
       189, 219, 87, 40, 254, 13, 190, 83, 103, 189, 248, 163, 216, 184,
       185, 66, 127, 160, 91, 201, 193, 234, 213, 133, 107, 197, 44, 138,
       121, 45, 154, 51, 39, 94, 75, 51, 127, 87, 230, 93, 154, 119, 251,
       233, 54, 241, 84, 106, 14, 193, 4, 249, 115, 136, 189, 24, 37,
       244, 149, 141, 73, 16, 242, 179, 173, 216, 95, 32, 254, 249, 158,
       230, 35, 255, 177, 163, 184, 252, 185, 210, 111, 236, 93, 11, 5,
       252, 239, 251, 210, 253, 71, 155, 252, 226, 124, 120, 230, 252,
       87, 227, 247, 223, 233, 223, 53, 127, 185, 237, 119, 125, 84, 90,
       190, 197, 225, 219, 113, 188, 222, 24, 33, 245, 253, 220, 201,
       118, 246, 183, 181, 218, 87, 36, 94, 60, 184, 255, 253, 50, 245,
       249, 255, 221, 254, 222, 189, 223, 190, 251, 238, 251, 221, 243,
       107, 253, 53, 198, 255, 253, 235, 166, 175, 77, 207, 127, 251,
       247, 36, 117, 186, 87, 123, 233, 124, 250, 93, 245, 46, 215, 183,
       115, 111, 159, 172, 27, 5, 240, 29, 156, 93, 16, 242, 59, 253, 89,
       95, 34, 254, 61, 190, 255, 239, 63, 253, 241, 125, 253, 221, 222,
       253, 237, 127, 253, 237, 251, 252, 235, 43, 245, 125, 222, 255,
       125, 255, 80, 183, 127, 91, 127, 239, 223, 226, 253, 178, 247,
       251, 249, 53, 253, 93, 251, 183, 245, 131, 253, 107, 186, 189,
       173, 13, 242, 149, 159, 93, 62, 246, 255, 239, 219, 223, 173, 222,
       252, 249, 255, 255, 115, 127, 255, 255, 223, 253, 253, 255, 119,
       254, 255, 254, 255, 223, 127, 111, 63, 191, 231, 55, 255, 255,
       255, 255, 211, 207, 246, 187, 215, 39, 117, 255, 87, 125, 255,
       124, 122, 127, 181, 127, 255, 63, 247, 238, 221, 172, 95, 213,
       249, 127, 156, 203, 209, 254, 121, 255, 93, 119, 179, 250, 62,
       245, 252, 254, 55, 127, 93, 63, 247, 198, 253, 176, 125, 238, 188,
       94, 253, 182, 98, 219, 183, 118, 209, 119, 245, 247, 247, 125,
       115, 254, 252, 232, 207, 60, 135, 190, 218, 120, 251, 125, 120,
       223, 245, 237, 151, 117, 181, 110, 187, 174, 154, 79, 242, 29,
       252, 85, 56, 243, 123, 255, 59, 251, 232, 218, 44, 46, 229, 168,
       24, 239, 161, 127, 244, 124, 206, 53, 121, 125, 185, 228, 235,
       124, 195, 98, 245, 35, 220, 183, 94, 40, 4, 132, 120, 214, 57,
       207, 237, 34, 71, 176, 117, 242, 77, 124, 253, 85, 90, 134, 68,
       163, 99, 227, 184, 44, 221, 8, 242, 29, 140, 73, 38, 226, 47, 188,
       202, 70, 36, 244, 60, 61, 253, 156, 54, 127, 125, 119, 247, 246,
       223, 180, 125, 124, 63, 246, 253, 186, 98, 242, 245, 119, 83, 247,
       217, 117, 244, 220, 104, 214, 255, 232, 207, 28, 195, 174, 222,
       122, 248, 121, 60, 157, 117, 167, 245, 245, 183, 111, 191, 174,
       137, 79, 242, 29, 88, 85, 60, 243, 123, 185, 123, 219, 108, 218,
       220, 233, 255, 220, 50, 71, 253, 255, 215, 220, 253, 191, 83, 214,
       159, 234, 235, 212, 243, 111, 23, 173, 228, 179, 79, 239, 182, 9,
       209, 206, 54, 57, 254, 38, 117, 250, 86, 124, 219, 116, 114, 125,
       181, 126, 191, 54, 101, 238, 219, 172, 127, 213, 208, 31, 148, 72,
       145, 240, 105, 123, 93, 116, 163, 250, 242, 249, 187, 223, 34,
       215, 218, 167, 91, 235, 117, 154, 215, 192, 23, 218, 189, 131,
       122, 159, 158, 189, 231, 143, 185, 83, 247, 126, 65, 253, 214,
       122, 199, 63, 37, 109, 222, 109, 250, 123, 112, 110, 229, 111,
       191, 60, 145, 63, 223, 202, 43, 215, 240, 121, 60, 215, 215, 255,
       121, 123, 125, 113, 217, 239, 122, 208, 252, 175, 255, 247, 223,
       61, 255, 231, 85, 216, 191, 46, 54, 95, 255, 247, 121, 119, 252,
       55, 251, 125, 237, 251, 248, 63, 83, 89, 245, 239, 215, 165, 23,
       191, 210, 121, 237, 119, 114, 223, 109, 47, 213, 28, 253, 55, 157,
       172, 26, 5, 240, 189, 156, 235, 80, 246, 59, 189, 216, 87, 50,
       255, 246, 233, 219, 223, 50, 71, 93, 231, 215, 230, 125, 188, 83,
       198, 151, 250, 251, 212, 48, 111, 15, 173, 230, 3, 141, 207, 182,
       45, 67, 170, 54, 42, 243, 38, 53, 251, 82, 125, 251, 116, 50, 122,
       181, 107, 191, 28, 101, 46, 155, 172, 122, 197, 240, 29, 180, 73,
       144, 242, 121, 251, 89, 84, 35, 250, 5, 38, 64, 32, 17, 184, 34,
       72, 32, 18, 130, 102, 160, 59, 136, 1, 194, 45, 3, 96, 225, 39,
       82, 113, 68, 152, 25, 165, 18, 6, 33, 0, 87, 36, 85, 186, 81, 56,
       41, 4, 108, 84, 56, 175, 85, 65, 118, 111, 152, 172, 24, 0, 240,
       29, 156, 9, 0, 242, 19, 181, 72, 87, 32, 122, 237, 254, 238, 101,
       255, 183, 255, 248, 188, 191, 228, 251, 239, 91, 162, 77, 160,
       253, 255, 123, 253, 87, 218, 253, 103, 127, 253, 183, 252, 87,
       119, 247, 223, 120, 222, 245, 247, 189, 249, 245, 124, 94, 122,
       191, 209, 113, 211, 121, 184, 255, 24, 5, 240, 189, 220, 77, 54,
       246, 183, 159, 254, 215, 44, 254, 54, 181, 250, 171, 23, 148, 159,
       9, 199, 195, 149, 248, 191, 14, 165, 95, 251, 183, 34, 215, 131,
       119, 211, 69, 245, 214, 249, 45, 18, 184, 212, 35, 135, 44, 151,
