%YAML:1.0
descriptors: !!opencv-matrix
   rows: 177
   cols: 64
   dt: u
   data: [ 60, 176, 253, 174, 63, 247, 185, 122, 246, 254, 220, 245, 125,
       126, 185, 116, 242, 223, 67, 99, 245, 38, 193, 119, 205, 170, 228,
       207, 90, 223, 245, 235, 215, 36, 87, 190, 83, 120, 233, 116, 120,
       92, 56, 47, 212, 53, 247, 111, 153, 172, 24, 5, 240, 29, 156, 73,
       16, 242, 51, 189, 88, 87, 32, 250, 191, 247, 125, 254, 63, 191,
       255, 121, 255, 125, 253, 251, 253, 127, 244, 125, 243, 245, 103,
       99, 245, 114, 241, 118, 221, 239, 229, 191, 123, 95, 117, 235,
       215, 44, 84, 190, 214, 120, 249, 253, 126, 95, 59, 175, 212, 55,
       245, 111, 153, 172, 24, 13, 240, 29, 157, 73, 16, 242, 115, 189,
       90, 87, 42, 251, 124, 62, 255, 254, 63, 127, 121, 255, 253, 254,
       222, 181, 125, 190, 251, 254, 251, 220, 107, 107, 253, 243, 255,
       63, 221, 253, 246, 159, 91, 223, 127, 239, 197, 44, 87, 190, 215,
       126, 233, 125, 120, 93, 123, 175, 215, 167, 231, 111, 187, 172,
       30, 13, 242, 29, 156, 93, 144, 242, 123, 189, 219, 87, 40, 246,
       235, 207, 239, 251, 239, 255, 247, 255, 125, 255, 252, 203, 251,
       253, 126, 239, 139, 125, 253, 255, 254, 253, 251, 251, 127, 255,
       27, 182, 255, 215, 63, 207, 223, 231, 251, 121, 255, 253, 255, 58,
       119, 255, 250, 127, 223, 159, 127, 243, 95, 217, 191, 252, 223,
       255, 254, 190, 127, 236, 255, 255, 199, 255, 223, 254, 55, 49,
       121, 150, 23, 5, 29, 126, 198, 70, 209, 48, 125, 74, 144, 86, 242,
       212, 3, 97, 193, 34, 193, 55, 76, 138, 164, 9, 82, 8, 112, 105,
       214, 36, 84, 186, 82, 120, 129, 212, 80, 72, 24, 15, 208, 20, 193,
       78, 153, 172, 24, 5, 112, 29, 156, 73, 16, 242, 51, 189, 88, 86,
       32, 250, 47, 55, 117, 182, 51, 93, 53, 73, 230, 68, 143, 100, 125,
       63, 176, 119, 251, 244, 71, 97, 245, 34, 81, 118, 85, 254, 181, 9,
       82, 158, 115, 225, 214, 44, 71, 190, 82, 120, 201, 124, 120, 92,
       56, 175, 212, 112, 245, 111, 153, 172, 24, 5, 240, 29, 156, 73,
       16, 242, 51, 189, 88, 87, 32, 250, 62, 49, 253, 190, 54, 37, 89,
       254, 214, 230, 213, 180, 125, 234, 179, 86, 250, 214, 3, 99, 67,
       176, 231, 54, 140, 138, 228, 25, 83, 9, 117, 105, 247, 36, 20,
       254, 82, 112, 193, 245, 210, 218, 29, 14, 208, 20, 193, 78, 153,
       172, 26, 5, 240, 29, 156, 73, 16, 242, 59, 189, 88, 22, 34, 251,
       62, 49, 125, 158, 54, 125, 89, 127, 247, 86, 213, 180, 125, 126,
       190, 118, 242, 212, 67, 99, 117, 242, 209, 54, 221, 170, 164, 25,
       82, 216, 126, 233, 214, 44, 87, 190, 210, 122, 193, 124, 210, 221,
       21, 47, 212, 54, 229, 110, 153, 172, 152, 5, 240, 29, 156, 89, 16,
       242, 51, 189, 88, 86, 34, 251, 61, 190, 255, 169, 62, 253, 165,
       253, 253, 252, 222, 189, 125, 63, 255, 254, 251, 212, 99, 104,
       241, 83, 214, 180, 221, 253, 252, 171, 127, 90, 123, 235, 197, 36,
       85, 190, 214, 122, 233, 116, 124, 93, 58, 174, 213, 183, 244, 109,
       153, 172, 28, 13, 240, 29, 156, 73, 16, 242, 51, 188, 90, 87, 42,
       250, 252, 255, 255, 253, 54, 127, 253, 255, 255, 222, 255, 255,
       127, 252, 255, 254, 251, 213, 103, 103, 117, 247, 245, 55, 223,
       255, 245, 189, 91, 222, 126, 251, 246, 36, 87, 190, 82, 122, 233,
       124, 122, 93, 56, 47, 213, 55, 245, 110, 153, 172, 24, 5, 240, 29,
       157, 73, 16, 242, 51, 189, 88, 87, 32, 250, 29, 243, 93, 142, 55,
       49, 185, 124, 246, 156, 245, 249, 109, 90, 189, 89, 242, 212, 67,
       98, 229, 32, 193, 246, 205, 171, 225, 169, 83, 12, 113, 233, 223,
       36, 85, 190, 82, 120, 233, 116, 242, 94, 56, 15, 212, 53, 209,
       111, 153, 172, 24, 5, 240, 29, 157, 73, 16, 242, 51, 189, 88, 87,
       34, 251, 63, 180, 125, 172, 62, 245, 189, 121, 245, 222, 220, 245,
       77, 31, 177, 117, 243, 220, 67, 97, 241, 34, 208, 118, 92, 172,
       164, 139, 82, 30, 113, 235, 199, 36, 85, 186, 210, 120, 233, 116,
       120, 92, 56, 174, 212, 20, 244, 111, 153, 172, 24, 5, 240, 29,
       156, 73, 16, 242, 51, 188, 90, 87, 32, 250, 63, 52, 125, 172, 54,
       53, 57, 120, 246, 124, 213, 53, 125, 59, 153, 86, 242, 212, 67,
       96, 241, 242, 129, 54, 156, 168, 228, 153, 122, 92, 245, 233, 240,
       108, 21, 190, 222, 120, 129, 125, 252, 223, 31, 14, 208, 177, 192,
       76, 155, 172, 25, 13, 240, 29, 156, 77, 40, 242, 59, 216, 122,
       150, 46, 249, 63, 246, 125, 174, 55, 125, 181, 121, 247, 84, 254,
       245, 125, 62, 252, 245, 243, 244, 67, 96, 241, 114, 209, 118, 205,
       173, 229, 153, 123, 94, 117, 233, 212, 44, 87, 190, 82, 122, 137,
       116, 250, 95, 56, 47, 212, 55, 244, 110, 153, 172, 24, 5, 240, 29,
       157, 73, 16, 242, 51, 188, 88, 87, 34, 250, 30, 160, 77, 160, 55,
       185, 185, 120, 212, 154, 214, 245, 125, 50, 184, 98, 226, 220, 3,
       97, 225, 48, 192, 114, 13, 136, 160, 139, 82, 76, 49, 235, 213,
       36, 85, 186, 83, 122, 169, 116, 216, 92, 56, 47, 208, 21, 242,
       111, 153, 172, 24, 5, 240, 29, 156, 73, 16, 242, 51, 188, 88, 87,
       32, 250, 62, 181, 125, 170, 55, 253, 53, 127, 247, 212, 222, 181,
       125, 62, 189, 118, 255, 254, 67, 241, 245, 114, 209, 119, 253,
       189, 229, 217, 122, 222, 253, 233, 207, 44, 71, 190, 223, 120,
       233, 124, 120, 221, 53, 47, 212, 117, 247, 111, 187, 172, 153, 13,
       242, 29, 156, 93, 56, 242, 59, 189, 123, 223, 44, 250, 45, 38,
       101, 160, 25, 253, 35, 124, 164, 124, 202, 53, 89, 61, 185, 100,
       203, 124, 67, 96, 241, 34, 208, 116, 92, 188, 132, 129, 120, 134,
       59, 203, 221, 36, 87, 186, 83, 122, 169, 124, 124, 84, 24, 46, 84,
       49, 230, 109, 153, 172, 24, 5, 240, 29, 156, 73, 16, 226, 51, 188,
       72, 87, 32, 250, 63, 240, 125, 166, 63, 189, 57, 120, 244, 94,
       245, 115, 253, 42, 180, 84, 242, 244, 71, 113, 241, 114, 129, 116,
       140, 185, 229, 187, 90, 94, 117, 233, 220, 44, 212, 190, 222, 120,
       169, 125, 248, 223, 63, 15, 208, 49, 242, 77, 155, 172, 24, 5,
       226, 29, 156, 65, 56, 242, 51, 184, 90, 215, 32, 251, 61, 54, 125,
       42, 63, 189, 53, 121, 245, 92, 198, 53, 125, 63, 188, 69, 242,
       252, 195, 112, 241, 114, 81, 247, 213, 40, 228, 153, 122, 220,
       125, 233, 207, 108, 199, 190, 223, 122, 169, 125, 252, 93, 30,
       143, 212, 241, 247, 79, 185, 172, 152, 13, 242, 29, 223, 81, 60,
       242, 55, 189, 250, 215, 44, 218, 124, 191, 255, 252, 50, 255, 247,
       127, 253, 252, 222, 245, 127, 255, 255, 238, 251, 221, 235, 111,
       245, 125, 195, 247, 221, 239, 246, 191, 122, 222, 118, 235, 223,
       38, 85, 190, 87, 122, 249, 124, 252, 93, 186, 47, 213, 55, 247,
       111, 185, 172, 25, 5, 240, 29, 157, 77, 20, 242, 51, 189, 90, 87,
       32, 250, 13, 34, 101, 160, 29, 177, 167, 124, 180, 126, 194, 49,
       73, 57, 161, 69, 194, 220, 3, 96, 224, 2, 200, 112, 76, 168, 136,
       129, 90, 12, 49, 203, 117, 36, 85, 186, 82, 120, 33, 116, 124, 84,
       26, 14, 84, 133, 192, 77, 24, 44, 24, 5, 240, 29, 156, 73, 16,
       242, 51, 156, 72, 86, 32, 248, 252, 125, 255, 254, 55, 127, 125,
       255, 255, 254, 255, 187, 127, 254, 255, 254, 251, 212, 123, 111,
       125, 247, 245, 55, 223, 239, 247, 57, 251, 219, 126, 233, 210, 36,
       85, 254, 210, 126, 241, 116, 254, 223, 125, 63, 213, 151, 229,
       110, 157, 172, 30, 5, 250, 29, 157, 77, 24, 246, 59, 189, 91, 94,
       32, 250, 6, 32, 65, 128, 16, 4, 1, 76, 132, 70, 2, 52, 17, 6, 145,
       64, 194, 84, 1, 96, 65, 0, 132, 32, 12, 136, 44, 9, 18, 8, 49, 73,
       112, 36, 85, 186, 2, 112, 1, 84, 0, 64, 24, 10, 64, 20, 64, 76,
       25, 44, 16, 4, 112, 28, 132, 73, 16, 96, 35, 188, 72, 86, 32, 240,
       45, 38, 101, 160, 26, 181, 35, 125, 164, 70, 194, 52, 89, 47, 185,
       69, 194, 116, 3, 96, 241, 64, 152, 112, 92, 168, 12, 5, 82, 24,
       57, 201, 85, 36, 85, 186, 82, 114, 1, 20, 180, 84, 24, 142, 84,
       132, 224, 73, 25, 44, 24, 4, 242, 29, 140, 9, 16, 226, 35, 188,
       72, 86, 32, 240, 37, 38, 101, 160, 221, 164, 35, 88, 228, 68, 130,
