%YAML:1.0
descriptors: !!opencv-matrix
   rows: 131
   cols: 64
   dt: u
   data: [ 125, 190, 255, 253, 254, 253, 251, 253, 253, 255, 214, 253,
       253, 123, 187, 245, 250, 253, 251, 107, 253, 119, 223, 253, 253,
       234, 230, 183, 126, 221, 127, 239, 255, 236, 223, 191, 255, 251,
       249, 127, 252, 93, 251, 190, 215, 163, 211, 123, 191, 189, 156,
       13, 242, 189, 159, 93, 116, 246, 255, 159, 251, 223, 44, 255, 252,
       255, 255, 253, 254, 255, 249, 255, 253, 253, 255, 255, 255, 250,
       255, 254, 251, 221, 127, 111, 255, 253, 231, 255, 255, 255, 183,
       191, 255, 223, 126, 255, 247, 103, 85, 251, 215, 127, 249, 252,
       250, 95, 253, 62, 221, 23, 219, 111, 157, 173, 30, 133, 250, 31,
       157, 77, 80, 246, 115, 191, 91, 95, 34, 251, 60, 189, 255, 252,
       62, 255, 249, 127, 253, 252, 214, 245, 127, 126, 251, 238, 251,
       220, 227, 107, 245, 127, 215, 247, 253, 106, 246, 223, 124, 223,
       255, 239, 207, 108, 103, 190, 223, 122, 249, 125, 248, 93, 247,
       46, 245, 183, 247, 111, 191, 172, 153, 15, 242, 29, 157, 93, 54,
       242, 127, 255, 251, 31, 40, 254, 60, 184, 253, 254, 62, 253, 249,
       127, 253, 252, 222, 245, 253, 126, 189, 246, 251, 220, 227, 107,
       245, 119, 219, 255, 253, 170, 228, 191, 126, 223, 125, 239, 223,
       44, 87, 190, 223, 122, 249, 125, 248, 93, 247, 47, 212, 55, 247,
       111, 187, 172, 153, 13, 240, 29, 156, 89, 52, 242, 119, 189, 251,
       95, 40, 254, 61, 190, 255, 237, 254, 253, 251, 124, 253, 253, 214,
       253, 255, 127, 249, 252, 251, 253, 251, 123, 245, 127, 223, 253,
       253, 127, 229, 247, 126, 215, 247, 255, 223, 232, 199, 190, 255,
       251, 249, 127, 253, 93, 251, 174, 213, 227, 255, 107, 191, 253,
       141, 15, 244, 157, 159, 93, 54, 246, 247, 191, 250, 223, 44, 254,
       61, 254, 255, 109, 255, 245, 251, 253, 253, 253, 254, 253, 239,
       91, 251, 253, 251, 255, 251, 251, 253, 119, 127, 253, 245, 111,
       125, 247, 127, 87, 255, 255, 239, 233, 223, 53, 255, 187, 253,
       119, 255, 93, 235, 190, 245, 227, 219, 115, 190, 255, 143, 107,
       246, 189, 216, 85, 118, 255, 255, 207, 251, 223, 238, 95, 252,
       186, 231, 245, 254, 247, 255, 247, 253, 255, 210, 255, 223, 253,
       251, 205, 251, 221, 255, 111, 255, 221, 254, 249, 111, 127, 63,
       183, 253, 215, 127, 255, 223, 227, 126, 123, 247, 255, 253, 55,
       221, 124, 251, 126, 219, 173, 91, 179, 253, 221, 28, 245, 215,
       255, 157, 238, 215, 252, 245, 223, 223, 127, 145, 254, 61, 190,
       253, 237, 62, 189, 187, 125, 253, 253, 214, 253, 253, 123, 185,
       213, 242, 253, 67, 107, 245, 119, 219, 255, 253, 170, 228, 255,
       126, 221, 245, 239, 223, 108, 87, 190, 223, 250, 249, 127, 252,
       93, 123, 46, 213, 55, 243, 111, 185, 172, 153, 13, 240, 29, 157,
       77, 52, 242, 51, 189, 218, 95, 44, 254, 61, 190, 255, 239, 255,
       245, 187, 253, 253, 255, 218, 127, 237, 127, 251, 245, 251, 253,
       251, 122, 253, 119, 223, 252, 253, 255, 127, 183, 126, 95, 247,
       255, 127, 237, 223, 63, 255, 251, 253, 127, 125, 92, 107, 174,
       215, 161, 251, 115, 190, 252, 24, 41, 246, 189, 156, 125, 70, 254,
       247, 175, 250, 223, 40, 246, 163, 148, 80, 6, 29, 128, 133, 8, 54,
       89, 4, 99, 162, 11, 134, 21, 107, 246, 37, 17, 192, 34, 251, 100,
       100, 159, 113, 43, 82, 9, 67, 101, 213, 36, 20, 186, 114, 56, 41,
       116, 113, 212, 58, 171, 196, 16, 244, 109, 153, 164, 24, 4, 240,
       28, 156, 65, 16, 242, 51, 189, 88, 87, 32, 250, 125, 253, 243,
       126, 50, 75, 125, 78, 227, 128, 173, 176, 118, 242, 236, 251, 243,
       178, 39, 111, 7, 169, 117, 23, 197, 207, 227, 157, 67, 44, 244,
       33, 242, 38, 102, 190, 66, 120, 209, 252, 114, 95, 60, 103, 244,
       87, 245, 110, 153, 174, 56, 71, 240, 29, 149, 73, 16, 242, 51,
       189, 89, 86, 161, 251, 62, 187, 125, 232, 62, 253, 241, 101, 253,
       222, 214, 117, 93, 126, 249, 244, 240, 216, 195, 234, 245, 114,
       197, 118, 253, 138, 100, 217, 110, 247, 253, 235, 183, 104, 199,
       190, 255, 122, 217, 124, 252, 93, 223, 76, 212, 135, 243, 111,
       187, 173, 141, 13, 242, 21, 155, 89, 54, 242, 123, 189, 91, 155,
       110, 249, 6, 33, 200, 182, 19, 10, 92, 7, 7, 2, 49, 176, 18, 194,
       164, 82, 233, 18, 32, 209, 7, 36, 97, 3, 84, 131, 227, 73, 66,
       172, 180, 96, 130, 60, 6, 154, 10, 120, 195, 94, 32, 202, 52, 105,
       214, 92, 165, 110, 209, 164, 16, 5, 96, 25, 52, 65, 16, 243, 49,
       185, 24, 82, 32, 234, 45, 62, 230, 33, 253, 241, 163, 252, 252,
       186, 194, 101, 232, 29, 171, 133, 202, 237, 203, 218, 241, 67, 95,
       253, 65, 40, 72, 166, 124, 85, 225, 199, 125, 168, 215, 52, 117,
       186, 233, 100, 252, 84, 90, 142, 69, 225, 147, 99, 184, 124, 152,
       9, 246, 29, 216, 81, 54, 242, 151, 181, 202, 211, 44, 94, 94, 32,
       16, 180, 25, 160, 58, 76, 68, 42, 209, 52, 112, 130, 129, 82, 114,
       152, 3, 64, 233, 160, 193, 27, 140, 136, 224, 141, 66, 164, 177,
       232, 113, 164, 20, 186, 99, 120, 1, 214, 136, 64, 16, 8, 194, 21,
       131, 79, 153, 44, 24, 5, 96, 28, 156, 73, 144, 242, 51, 152, 88,
       22, 34, 241, 60, 175, 255, 253, 50, 253, 253, 247, 253, 254, 222,
       189, 221, 190, 251, 238, 251, 212, 235, 107, 245, 125, 214, 255,
       253, 255, 182, 191, 111, 223, 127, 251, 199, 36, 103, 186, 214,
       123, 249, 124, 120, 93, 245, 174, 247, 182, 245, 111, 159, 172,
       191, 13, 242, 29, 156, 93, 16, 242, 123, 253, 91, 95, 42, 254,
       135, 182, 211, 39, 189, 160, 169, 72, 98, 189, 2, 115, 162, 75,
       128, 81, 226, 213, 37, 99, 197, 44, 195, 127, 76, 154, 179, 47,
       86, 10, 49, 127, 215, 36, 92, 186, 82, 120, 233, 116, 209, 92, 56,
       15, 209, 20, 209, 111, 153, 172, 24, 5, 240, 29, 156, 73, 16, 242,
       51, 189, 88, 87, 32, 251, 62, 48, 217, 182, 62, 182, 191, 15, 198,
       231, 81, 112, 239, 71, 146, 80, 127, 215, 33, 99, 194, 37, 202,
       127, 140, 219, 244, 255, 82, 41, 117, 239, 151, 164, 85, 190, 91,
       248, 233, 87, 96, 88, 105, 105, 213, 20, 245, 111, 153, 172, 24,
       5, 244, 29, 156, 73, 16, 242, 51, 189, 88, 87, 32, 254, 187, 244,
       116, 118, 191, 172, 85, 24, 255, 117, 180, 251, 175, 123, 228, 93,
       242, 247, 39, 113, 245, 110, 187, 127, 100, 255, 241, 63, 126, 59,
       97, 111, 151, 236, 52, 190, 226, 121, 249, 255, 119, 223, 122,
       175, 217, 17, 253, 79, 137, 180, 24, 12, 232, 28, 159, 77, 56,
       246, 243, 191, 218, 215, 36, 219, 205, 234, 239, 253, 248, 245,
       251, 240, 189, 255, 234, 223, 195, 249, 219, 234, 139, 237, 251,
       43, 255, 237, 206, 250, 109, 127, 151, 182, 220, 199, 55, 223,
       247, 211, 127, 97, 245, 191, 255, 63, 253, 124, 235, 246, 255,
       163, 91, 243, 191, 221, 60, 243, 213, 255, 156, 252, 87, 204, 247,
       239, 239, 255, 177, 246, 250, 185, 219, 247, 54, 51, 220, 171, 82,
       251, 85, 251, 255, 198, 2, 90, 124, 223, 52, 223, 231, 61, 227,
       95, 173, 222, 243, 255, 66, 115, 246, 250, 215, 60, 20, 255, 255,
       125, 250, 245, 88, 221, 245, 105, 243, 21, 247, 111, 223, 174, 25,
       199, 248, 29, 188, 73, 85, 243, 115, 251, 121, 55, 176, 254, 59,
       190, 254, 239, 255, 253, 251, 189, 255, 253, 94, 253, 191, 126,
       251, 253, 255, 247, 249, 187, 253, 127, 255, 125, 251, 235, 102,
       247, 127, 121, 255, 239, 255, 233, 125, 116, 247, 211, 249, 127,
       251, 93, 235, 62, 221, 167, 255, 115, 189, 254, 223, 45, 244, 165,
       157, 109, 118, 246, 255, 175, 251, 31, 46, 254, 6, 32, 225, 132,
       16, 132, 9, 103, 128, 230, 19, 52, 81, 134, 153, 66, 138, 84, 3,
       96, 129, 0, 196, 3, 13, 136, 164, 9, 66, 136, 48, 72, 85, 36, 117,
       186, 82, 122, 1, 84, 144, 64, 16, 10, 66, 20, 65, 110, 25, 44, 24,
       5, 112, 28, 148, 72, 144, 226, 51, 184, 72, 70, 34, 243, 92, 43,
       247, 245, 112, 103, 40, 247, 64, 254, 218, 53, 87, 229, 155, 234,
       251, 205, 107, 102, 127, 173, 198, 155, 223, 107, 182, 205, 64,
       132, 50, 186, 123, 39, 117, 187, 85, 118, 197, 84, 252, 68, 176,
