%YAML:1.0
descriptors: !!opencv-matrix
   rows: 94
   cols: 64
   dt: u
   data: [ 63, 190, 253, 254, 63, 189, 253, 121, 255, 254, 213, 249, 253,
       127, 189, 94, 255, 247, 99, 251, 245, 119, 211, 255, 253, 255,
       247, 255, 126, 255, 245, 235, 223, 108, 85, 190, 223, 120, 249,
       125, 124, 93, 121, 47, 213, 53, 247, 111, 155, 174, 24, 7, 240,
       29, 156, 77, 16, 242, 51, 189, 122, 215, 40, 250, 127, 181, 255,
       246, 119, 167, 95, 123, 247, 238, 245, 240, 127, 234, 180, 94,
       246, 247, 114, 247, 247, 127, 209, 119, 222, 234, 231, 95, 122,
       253, 244, 233, 207, 47, 22, 191, 222, 120, 243, 253, 120, 223,
       189, 111, 209, 61, 245, 111, 159, 174, 153, 79, 240, 29, 156, 89,
       120, 246, 115, 187, 123, 215, 168, 251, 255, 254, 125, 239, 255,
       189, 223, 152, 255, 127, 249, 251, 191, 123, 246, 125, 246, 247,
       127, 123, 253, 119, 187, 124, 229, 255, 251, 127, 255, 123, 255,
       255, 215, 237, 222, 255, 250, 121, 249, 255, 255, 223, 111, 63,
       209, 23, 253, 29, 157, 191, 24, 5, 234, 189, 159, 109, 24, 246,
       183, 191, 223, 223, 58, 189, 58, 189, 255, 254, 54, 255, 253, 127,
       255, 254, 245, 249, 127, 122, 189, 222, 255, 254, 99, 123, 247,
       127, 215, 247, 253, 255, 247, 255, 127, 247, 245, 235, 207, 110,
       215, 190, 223, 120, 249, 125, 120, 93, 247, 111, 247, 53, 247,
       111, 187, 174, 153, 79, 242, 29, 156, 85, 53, 243, 119, 255, 251,
       255, 173, 254, 63, 254, 125, 239, 191, 189, 255, 121, 255, 255,
       221, 251, 253, 127, 253, 93, 246, 255, 99, 251, 245, 119, 211,
       127, 253, 254, 245, 255, 126, 119, 247, 239, 223, 124, 223, 190,
       223, 121, 249, 125, 124, 95, 123, 175, 245, 241, 247, 111, 185,
       190, 152, 15, 240, 157, 158, 93, 56, 247, 247, 191, 250, 223, 44,
       254, 61, 191, 253, 220, 54, 253, 221, 123, 247, 254, 213, 249,
       255, 125, 188, 79, 255, 244, 98, 251, 247, 124, 211, 247, 253,
       127, 231, 254, 124, 223, 245, 235, 223, 126, 215, 190, 222, 120,
       251, 125, 116, 125, 251, 47, 245, 52, 245, 111, 155, 174, 152, 79,
       240, 29, 156, 93, 61, 243, 115, 191, 123, 255, 169, 250, 252, 185,
       255, 245, 114, 127, 249, 255, 221, 253, 215, 255, 87, 242, 250,
       206, 187, 221, 251, 111, 63, 253, 230, 183, 255, 107, 246, 255,
       109, 229, 254, 235, 223, 19, 116, 255, 215, 255, 255, 125, 216,
       125, 247, 118, 251, 63, 115, 238, 255, 174, 239, 255, 243, 127,
       189, 92, 197, 255, 119, 251, 127, 61, 153, 254, 252, 249, 255,
       253, 118, 127, 253, 255, 223, 255, 253, 251, 127, 242, 214, 222,
       251, 223, 126, 127, 63, 253, 231, 151, 255, 255, 247, 255, 111,
       255, 246, 170, 207, 127, 164, 255, 222, 125, 255, 125, 122, 255,
       247, 127, 191, 61, 255, 190, 255, 174, 239, 223, 249, 255, 54,
       223, 245, 255, 121, 251, 127, 253, 219, 255, 12, 35, 33, 180, 32,
       213, 40, 97, 0, 134, 67, 20, 209, 36, 145, 98, 138, 72, 67, 99,
       192, 32, 192, 210, 12, 28, 164, 136, 64, 134, 51, 200, 87, 36, 69,
       186, 82, 120, 201, 84, 112, 84, 48, 47, 196, 4, 231, 111, 153,
       172, 24, 5, 240, 29, 156, 73, 16, 242, 51, 189, 72, 87, 32, 250,
       188, 238, 255, 141, 250, 253, 179, 253, 253, 253, 222, 255, 223,
       61, 255, 236, 251, 221, 251, 43, 253, 85, 254, 252, 121, 125, 29,
       182, 109, 223, 95, 255, 221, 97, 99, 112, 246, 251, 237, 60, 125,
       29, 107, 183, 213, 182, 124, 97, 191, 237, 175, 45, 245, 31, 152,
       93, 118, 222, 191, 237, 219, 95, 44, 222, 187, 221, 239, 223, 55,
       125, 221, 155, 191, 223, 189, 250, 191, 255, 126, 255, 189, 247,
       126, 255, 54, 254, 240, 119, 117, 247, 243, 59, 127, 251, 126,
       185, 198, 124, 215, 254, 218, 121, 250, 253, 114, 223, 121, 191,
       151, 214, 245, 111, 157, 175, 30, 13, 248, 29, 159, 93, 56, 246,
       123, 191, 123, 223, 42, 250, 63, 254, 127, 235, 254, 189, 151,
       120, 251, 127, 252, 249, 255, 59, 252, 253, 243, 247, 127, 120,
       253, 85, 27, 253, 247, 237, 233, 255, 111, 95, 253, 255, 253, 236,
       215, 254, 254, 251, 185, 255, 254, 223, 106, 63, 212, 135, 252,
       21, 157, 253, 142, 15, 252, 189, 223, 125, 60, 246, 191, 156, 219,
       223, 110, 253, 122, 177, 184, 158, 38, 151, 94, 35, 198, 130, 213,
       178, 253, 226, 52, 90, 124, 147, 98, 215, 23, 119, 193, 199, 156,
       114, 245, 253, 66, 188, 212, 160, 142, 60, 130, 174, 202, 72, 226,
       121, 120, 219, 181, 41, 245, 125, 183, 111, 155, 174, 137, 79,
       114, 29, 88, 81, 56, 179, 115, 249, 57, 243, 232, 202, 82, 49,
       145, 54, 72, 2, 46, 67, 66, 32, 65, 1, 100, 192, 128, 18, 118,
       131, 1, 196, 67, 173, 1, 151, 134, 10, 228, 205, 194, 4, 224, 96,
       66, 37, 4, 190, 11, 32, 1, 84, 8, 64, 16, 10, 193, 85, 131, 78,
       153, 164, 24, 5, 112, 28, 28, 65, 16, 242, 19, 181, 88, 6, 32,
       232, 35, 21, 0, 2, 29, 128, 5, 10, 102, 64, 0, 97, 44, 75, 36, 21,
       102, 246, 0, 144, 192, 34, 145, 103, 68, 146, 96, 9, 18, 8, 65,
       97, 150, 36, 20, 186, 66, 88, 3, 84, 64, 64, 24, 139, 192, 80,
       245, 79, 144, 36, 24, 4, 96, 24, 156, 73, 16, 50, 50, 157, 24, 87,
       32, 248, 183, 189, 219, 247, 29, 226, 209, 222, 222, 217, 84, 253,
       163, 91, 134, 93, 234, 213, 53, 99, 199, 45, 230, 115, 111, 219,
       51, 47, 87, 11, 51, 111, 215, 38, 125, 186, 82, 121, 233, 116,
       241, 92, 56, 111, 217, 20, 241, 111, 153, 172, 24, 5, 240, 29,
       156, 73, 16, 242, 51, 191, 88, 87, 32, 251, 51, 17, 80, 2, 23,
       128, 4, 8, 102, 0, 21, 96, 172, 75, 32, 85, 126, 246, 0, 148, 65,
       34, 211, 103, 4, 146, 96, 9, 18, 24, 192, 32, 214, 44, 22, 158,
       66, 56, 11, 84, 80, 64, 24, 11, 128, 84, 245, 78, 145, 164, 24, 4,
       48, 24, 156, 75, 16, 114, 50, 29, 88, 85, 32, 250, 61, 190, 246,
       117, 63, 247, 253, 255, 61, 253, 206, 245, 238, 221, 171, 205,
       253, 253, 235, 219, 245, 47, 127, 255, 231, 127, 242, 246, 124,
       85, 239, 231, 207, 251, 255, 52, 255, 188, 249, 117, 125, 61, 250,
       190, 237, 225, 247, 107, 184, 254, 156, 75, 244, 189, 152, 69, 55,
       211, 247, 151, 250, 255, 173, 94, 253, 255, 255, 253, 255, 255,
       253, 251, 253, 253, 255, 255, 255, 254, 252, 255, 243, 253, 255,
       127, 255, 127, 178, 127, 255, 239, 231, 191, 127, 119, 126, 255,
       251, 111, 118, 255, 215, 127, 251, 253, 219, 127, 251, 127, 255,
       127, 255, 127, 173, 175, 28, 223, 250, 191, 159, 77, 113, 254,
       247, 191, 251, 254, 175, 189, 62, 180, 248, 138, 23, 151, 135,
       111, 199, 196, 148, 244, 253, 62, 180, 86, 250, 215, 99, 113, 209,
       23, 211, 119, 221, 200, 232, 13, 114, 156, 209, 233, 135, 36, 87,
       190, 82, 120, 233, 124, 112, 93, 52, 47, 213, 20, 245, 111, 153,
       172, 153, 13, 240, 29, 156, 89, 48, 242, 51, 189, 88, 87, 44, 250,
       218, 217, 186, 253, 255, 242, 250, 250, 24, 251, 240, 255, 226,
       192, 195, 251, 239, 157, 189, 223, 239, 173, 239, 91, 39, 95, 251,
       231, 223, 103, 166, 255, 127, 163, 189, 113, 119, 253, 252, 245,
       251, 108, 243, 126, 251, 29, 219, 243, 237, 223, 126, 245, 205,
       255, 252, 225, 215, 189, 255, 255, 159, 119, 145, 183, 37, 38,
       231, 32, 24, 246, 163, 126, 160, 220, 194, 117, 192, 59, 137, 5,
       202, 109, 163, 97, 241, 7, 218, 113, 77, 248, 28, 167, 60, 12, 33,
       75, 85, 6, 85, 186, 80, 56, 45, 52, 108, 84, 58, 167, 69, 1, 119,
       227, 152, 44, 24, 0, 240, 29, 156, 73, 0, 242, 3, 181, 74, 87, 32,
       122, 155, 156, 218, 247, 175, 224, 250, 44, 90, 251, 84, 221, 174,
       107, 2, 24, 126, 223, 185, 187, 236, 45, 239, 123, 169, 138, 242,
       247, 94, 97, 229, 239, 87, 241, 60, 53, 119, 255, 248, 119, 217,
       204, 235, 110, 251, 21, 251, 123, 185, 218, 26, 103, 228, 133,
       188, 237, 215, 243, 183, 255, 210, 63, 163, 255, 189, 190, 118,
       103, 253, 249, 179, 248, 252, 189, 214, 127, 238, 127, 202, 213,
       255, 239, 255, 187, 245, 103, 251, 252, 225, 127, 121, 247, 254,
       87, 227, 247, 223, 233, 221, 116, 119, 155, 253, 117, 253, 93,
