%YAML:1.0
descriptors: !!opencv-matrix
   rows: 145
   cols: 64
   dt: u
   data: [ 61, 254, 255, 253, 62, 255, 255, 55, 253, 253, 220, 255, 255,
       125, 127, 220, 189, 251, 251, 251, 245, 127, 219, 255, 249, 127,
       247, 246, 109, 247, 255, 239, 223, 251, 235, 101, 255, 249, 248,
       123, 125, 189, 255, 255, 247, 245, 247, 107, 191, 218, 175, 207,
       246, 237, 218, 93, 127, 215, 255, 239, 243, 251, 205, 222, 63,
       255, 109, 255, 191, 189, 223, 24, 255, 247, 189, 250, 255, 123,
       244, 93, 177, 247, 38, 251, 191, 126, 211, 127, 229, 247, 243,
       127, 127, 127, 245, 107, 215, 124, 222, 158, 202, 121, 251, 127,
       118, 223, 249, 109, 247, 84, 245, 63, 155, 191, 24, 71, 226, 157,
       222, 93, 56, 247, 115, 191, 249, 255, 172, 250, 59, 214, 108, 43,
       191, 188, 159, 24, 191, 255, 253, 234, 173, 59, 45, 85, 244, 255,
       3, 241, 240, 114, 211, 124, 245, 252, 249, 255, 126, 51, 229, 227,
       223, 236, 215, 190, 251, 120, 168, 123, 124, 94, 122, 173, 213,
       81, 246, 109, 155, 174, 24, 13, 240, 29, 220, 89, 48, 243, 183,
       188, 250, 211, 40, 250, 60, 189, 255, 254, 63, 245, 253, 127, 247,
       252, 212, 241, 127, 126, 182, 94, 255, 222, 227, 115, 245, 63,
       211, 247, 253, 235, 244, 255, 123, 221, 247, 235, 223, 44, 87,
       190, 215, 120, 249, 125, 120, 93, 123, 47, 213, 53, 247, 111, 185,
       172, 24, 5, 240, 29, 156, 73, 16, 242, 55, 189, 90, 87, 32, 250,
       60, 186, 255, 255, 62, 253, 249, 127, 255, 252, 254, 253, 255,
       127, 187, 254, 255, 254, 227, 107, 245, 127, 215, 255, 253, 171,
       230, 251, 127, 221, 247, 239, 223, 108, 87, 190, 247, 122, 249,
       125, 248, 93, 123, 47, 212, 55, 247, 111, 185, 172, 152, 13, 240,
       29, 156, 77, 20, 242, 119, 189, 219, 95, 32, 254, 239, 182, 247,
       179, 223, 167, 163, 222, 244, 253, 192, 123, 239, 203, 179, 93,
       234, 213, 59, 102, 233, 135, 199, 117, 78, 219, 185, 47, 210, 12,
       50, 171, 215, 37, 85, 187, 82, 120, 109, 116, 112, 76, 56, 15,
       209, 28, 209, 237, 153, 172, 24, 5, 240, 28, 156, 73, 16, 242, 51,
       157, 88, 87, 32, 250, 122, 52, 253, 179, 223, 159, 31, 73, 238,
       102, 147, 54, 253, 238, 187, 84, 251, 245, 35, 116, 249, 23, 211,
       117, 94, 220, 252, 45, 82, 158, 114, 169, 215, 44, 87, 190, 82,
       120, 233, 92, 112, 92, 60, 47, 213, 28, 245, 111, 153, 172, 24, 5,
       240, 29, 156, 73, 16, 242, 51, 189, 88, 87, 32, 250, 60, 190, 255,
       223, 63, 253, 253, 125, 255, 255, 222, 253, 255, 126, 253, 254,
       255, 247, 235, 187, 245, 127, 219, 255, 253, 127, 247, 255, 127,
       223, 255, 239, 223, 108, 199, 190, 254, 251, 249, 125, 124, 221,
       255, 47, 245, 181, 247, 111, 191, 254, 153, 79, 242, 29, 158, 93,
       54, 247, 255, 255, 251, 223, 172, 254, 255, 51, 125, 179, 255,
       182, 159, 88, 230, 71, 241, 122, 239, 75, 176, 85, 246, 215, 63,
       103, 201, 39, 131, 117, 204, 222, 237, 111, 82, 12, 241, 43, 215,
       36, 84, 191, 82, 120, 225, 244, 112, 72, 56, 47, 209, 28, 213, 79,
       153, 172, 24, 5, 240, 29, 156, 73, 16, 242, 51, 157, 88, 87, 32,
       250, 12, 195, 108, 184, 35, 125, 53, 119, 53, 222, 124, 148, 25,
       124, 60, 230, 201, 220, 65, 99, 68, 48, 192, 50, 77, 159, 161, 8,
       81, 6, 49, 233, 214, 36, 85, 186, 82, 120, 201, 116, 114, 92, 56,
       47, 212, 20, 245, 110, 153, 172, 24, 5, 240, 29, 156, 73, 16, 242,
       51, 189, 88, 87, 32, 250, 124, 63, 247, 158, 219, 111, 35, 255,
       236, 100, 202, 55, 253, 254, 255, 237, 251, 245, 99, 100, 125,
       135, 147, 52, 94, 253, 185, 45, 210, 158, 114, 169, 211, 37, 87,
       186, 82, 112, 233, 124, 112, 93, 24, 47, 213, 20, 229, 108, 153,
       172, 24, 5, 242, 29, 156, 73, 16, 242, 51, 189, 88, 86, 32, 248,
       127, 190, 255, 169, 127, 191, 191, 125, 253, 254, 214, 253, 253,
       63, 187, 213, 250, 253, 251, 120, 245, 87, 219, 125, 253, 232,
       252, 191, 126, 221, 125, 239, 223, 236, 223, 191, 255, 250, 173,
       127, 252, 93, 122, 174, 213, 165, 247, 107, 191, 252, 152, 13,
       242, 61, 159, 93, 60, 246, 183, 189, 219, 223, 44, 254, 191, 254,
       125, 254, 63, 63, 93, 123, 247, 127, 253, 251, 127, 123, 244, 93,
       243, 244, 103, 113, 245, 246, 177, 118, 221, 191, 245, 27, 251,
       95, 127, 235, 211, 44, 86, 190, 210, 120, 249, 245, 90, 222, 56,
       47, 208, 22, 245, 79, 153, 173, 24, 5, 248, 29, 159, 73, 16, 242,
       51, 189, 90, 87, 34, 249, 252, 57, 255, 191, 118, 115, 251, 254,
       212, 189, 244, 191, 111, 210, 147, 107, 235, 213, 123, 103, 105,
       133, 231, 183, 78, 203, 184, 175, 211, 12, 50, 187, 247, 37, 21,
       251, 82, 112, 225, 116, 114, 94, 56, 62, 209, 21, 193, 108, 153,
       172, 24, 5, 240, 29, 156, 73, 16, 242, 51, 157, 88, 86, 34, 251,
       108, 47, 247, 186, 83, 239, 35, 127, 244, 116, 198, 183, 253, 254,
       191, 79, 251, 253, 99, 100, 245, 7, 211, 247, 95, 249, 188, 173,
       114, 220, 114, 233, 223, 36, 87, 186, 83, 120, 233, 124, 120, 93,
       56, 47, 213, 53, 247, 111, 153, 172, 24, 5, 242, 29, 156, 73, 16,
       242, 51, 189, 88, 87, 32, 250, 60, 34, 109, 164, 54, 61, 61, 123,
       245, 222, 255, 52, 125, 62, 185, 102, 147, 220, 67, 105, 241, 112,
       193, 246, 93, 172, 132, 145, 106, 220, 61, 201, 220, 44, 213, 186,
       222, 122, 129, 125, 124, 93, 63, 47, 212, 167, 230, 108, 155, 172,
       153, 15, 242, 29, 159, 93, 44, 242, 51, 252, 123, 214, 104, 250,
       254, 254, 255, 235, 255, 255, 255, 253, 253, 255, 254, 255, 255,
       190, 255, 253, 251, 255, 255, 251, 253, 211, 191, 188, 255, 125,
       127, 247, 255, 87, 255, 255, 253, 233, 223, 247, 255, 247, 253,
       245, 254, 223, 123, 63, 223, 231, 254, 241, 191, 255, 222, 173,
       254, 255, 207, 253, 246, 252, 239, 254, 255, 223, 126, 183, 47,
       53, 109, 164, 54, 37, 57, 126, 244, 94, 213, 49, 125, 42, 180, 71,
       178, 252, 67, 240, 241, 114, 81, 182, 92, 168, 164, 153, 122, 220,
       125, 233, 200, 44, 86, 190, 218, 120, 129, 253, 216, 95, 30, 143,
       208, 113, 194, 78, 185, 172, 24, 15, 242, 29, 157, 81, 56, 242,
       51, 188, 122, 214, 42, 249, 255, 248, 247, 215, 255, 231, 223,
       248, 223, 239, 249, 255, 239, 239, 210, 124, 251, 213, 63, 111,
       47, 143, 174, 124, 111, 255, 127, 63, 214, 27, 118, 63, 115, 231,
       61, 223, 86, 253, 255, 247, 113, 76, 233, 127, 207, 28, 253, 177,
       205, 157, 80, 181, 221, 254, 140, 239, 208, 252, 241, 123, 220,
       93, 177, 190, 186, 249, 222, 87, 191, 153, 219, 185, 223, 187, 21,
       250, 191, 122, 54, 92, 126, 183, 124, 155, 255, 127, 211, 255,
       177, 119, 247, 127, 126, 251, 215, 238, 207, 252, 142, 119, 255,
       89, 250, 127, 120, 221, 231, 109, 179, 117, 189, 63, 191, 254,
       153, 79, 252, 133, 252, 247, 119, 247, 246, 255, 187, 251, 232,
       222, 254, 57, 251, 183, 118, 243, 95, 254, 214, 167, 213, 186,
       255, 206, 178, 90, 251, 213, 51, 119, 207, 149, 195, 119, 207,
       223, 249, 47, 82, 13, 118, 107, 215, 36, 21, 191, 90, 125, 233,
       116, 112, 92, 60, 47, 213, 28, 245, 111, 153, 172, 24, 5, 240, 29,
       156, 73, 16, 242, 51, 189, 88, 87, 32, 250, 252, 63, 247, 215,
       251, 143, 71, 255, 239, 245, 2, 59, 191, 250, 178, 95, 250, 245,
       121, 103, 94, 143, 218, 127, 95, 250, 186, 47, 210, 201, 122, 47,
       215, 39, 118, 251, 82, 127, 247, 118, 208, 125, 248, 126, 201, 12,
       201, 183, 221, 164, 24, 181, 243, 254, 157, 203, 80, 252, 113, 63,
       92, 85, 49, 250, 250, 252, 251, 239, 255, 247, 219, 137, 223, 255,
       21, 255, 191, 202, 251, 253, 251, 215, 60, 59, 204, 31, 255, 125,
       175, 215, 123, 63, 223, 123, 119, 127, 231, 229, 189, 95, 246,
       253, 239, 119, 115, 92, 231, 124, 159, 28, 249, 177, 221, 221, 26,
       165, 253, 231, 188, 227, 208, 252, 248, 127, 223, 93, 50, 191, 44,
       46, 109, 168, 23, 125, 161, 127, 181, 222, 222, 180, 89, 62, 249,
       231, 137, 124, 67, 120, 177, 82, 220, 181, 93, 169, 12, 129, 121,
