%YAML:1.0
descriptors: !!opencv-matrix
   rows: 173
   cols: 64
   dt: u
   data: [ 62, 181, 125, 254, 55, 125, 125, 127, 247, 212, 223, 240, 125,
       62, 252, 214, 251, 246, 67, 251, 181, 114, 209, 247, 221, 191,
       229, 153, 123, 254, 245, 233, 222, 44, 103, 190, 219, 120, 201,
       125, 120, 221, 61, 47, 244, 53, 247, 110, 155, 174, 153, 15, 242,
       29, 156, 93, 48, 243, 51, 253, 123, 223, 40, 250, 191, 253, 125,
       254, 63, 189, 253, 123, 255, 255, 253, 249, 127, 126, 244, 253,
       247, 246, 103, 123, 247, 126, 241, 127, 253, 191, 231, 219, 127,
       95, 253, 239, 223, 108, 86, 190, 222, 123, 249, 245, 218, 223,
       255, 47, 208, 55, 247, 111, 153, 175, 26, 13, 250, 29, 159, 77,
       16, 242, 115, 191, 251, 95, 42, 251, 60, 187, 255, 253, 62, 191,
       253, 115, 255, 255, 255, 251, 223, 254, 189, 94, 255, 223, 235,
       107, 247, 125, 195, 255, 253, 127, 247, 255, 124, 247, 245, 239,
       223, 58, 119, 190, 255, 120, 251, 117, 120, 93, 251, 111, 247, 53,
       247, 111, 187, 174, 153, 71, 240, 29, 156, 93, 23, 243, 119, 255,
       251, 119, 161, 254, 63, 180, 125, 174, 255, 189, 223, 121, 255,
       127, 213, 252, 253, 126, 180, 84, 251, 247, 67, 115, 245, 115,
       211, 127, 253, 254, 245, 255, 122, 251, 245, 239, 215, 44, 87,
       190, 218, 121, 233, 127, 120, 221, 121, 47, 213, 21, 245, 111,
       153, 174, 24, 13, 240, 29, 156, 73, 16, 242, 51, 189, 122, 87, 40,
       250, 61, 246, 125, 168, 63, 253, 161, 120, 244, 94, 222, 117, 125,
       63, 249, 245, 242, 252, 195, 96, 241, 114, 144, 244, 237, 172,
       100, 153, 126, 94, 121, 251, 252, 108, 215, 190, 86, 114, 137,
       124, 254, 93, 26, 14, 84, 167, 242, 77, 185, 189, 24, 13, 242, 29,
       157, 73, 56, 242, 51, 188, 90, 223, 46, 249, 60, 182, 117, 160,
       55, 189, 173, 121, 244, 222, 210, 113, 109, 59, 185, 85, 250, 212,
       67, 105, 241, 98, 192, 116, 77, 189, 229, 153, 126, 94, 113, 233,
       212, 100, 213, 190, 86, 120, 169, 117, 124, 92, 58, 47, 212, 133,
       244, 109, 152, 172, 24, 5, 240, 29, 156, 73, 16, 242, 51, 188, 90,
       87, 36, 250, 60, 53, 125, 174, 54, 61, 57, 127, 212, 70, 213, 52,
       125, 62, 180, 86, 242, 212, 67, 96, 241, 114, 209, 183, 220, 168,
       228, 153, 114, 220, 124, 233, 196, 44, 22, 190, 210, 122, 129,
       124, 216, 223, 21, 14, 208, 53, 224, 78, 155, 172, 153, 13, 242,
       29, 157, 89, 16, 242, 59, 188, 88, 86, 42, 249, 62, 241, 125, 158,
       54, 13, 93, 111, 215, 196, 189, 176, 125, 50, 180, 86, 251, 214,
       66, 179, 23, 50, 225, 167, 157, 131, 228, 89, 99, 252, 212, 104,
       214, 44, 6, 190, 202, 120, 195, 253, 82, 219, 53, 47, 144, 52,
       229, 110, 147, 174, 155, 7, 112, 25, 148, 89, 16, 242, 51, 249,
       121, 86, 34, 251, 45, 54, 109, 160, 55, 53, 37, 123, 244, 94, 214,
       49, 109, 61, 185, 69, 210, 252, 67, 96, 241, 114, 208, 118, 92,
       168, 132, 145, 122, 92, 121, 233, 212, 44, 214, 186, 82, 122, 129,
       124, 220, 87, 26, 142, 208, 161, 192, 78, 152, 44, 152, 13, 240,
       29, 159, 89, 48, 242, 51, 156, 90, 214, 44, 248, 4, 241, 76, 138,
       55, 153, 148, 113, 118, 82, 30, 114, 188, 55, 249, 65, 226, 212,
       4, 32, 65, 32, 129, 96, 76, 148, 161, 9, 18, 14, 16, 57, 214, 36,
       85, 186, 82, 120, 137, 116, 112, 92, 56, 47, 212, 20, 244, 110,
       153, 172, 24, 5, 240, 29, 156, 73, 16, 242, 51, 188, 88, 87, 32,
       250, 125, 63, 247, 176, 94, 103, 35, 127, 244, 124, 210, 53, 109,
       255, 155, 230, 251, 221, 75, 102, 245, 131, 214, 183, 94, 232,
       172, 141, 122, 28, 122, 233, 245, 37, 85, 186, 82, 114, 197, 116,
       220, 84, 24, 142, 69, 165, 227, 110, 153, 44, 24, 5, 240, 29, 156,
       73, 16, 246, 51, 189, 88, 70, 32, 248, 255, 58, 247, 119, 223,
       163, 107, 250, 236, 47, 211, 59, 239, 203, 147, 95, 242, 213, 63,
       102, 239, 143, 175, 61, 142, 218, 254, 175, 210, 13, 114, 191,
       115, 167, 84, 255, 66, 247, 117, 214, 152, 66, 216, 94, 201, 29,
       201, 149, 205, 36, 80, 181, 97, 190, 133, 107, 208, 252, 33, 191,
       92, 70, 50, 181, 252, 120, 255, 215, 254, 183, 91, 248, 254, 127,
       213, 59, 255, 234, 243, 222, 250, 213, 127, 102, 77, 143, 166, 61,
       142, 250, 255, 63, 219, 73, 118, 63, 243, 37, 20, 255, 82, 119,
       165, 244, 210, 78, 25, 30, 217, 30, 200, 149, 141, 173, 94, 133,
       248, 63, 157, 75, 208, 254, 51, 189, 92, 86, 50, 185, 246, 48,
       125, 151, 254, 135, 27, 248, 214, 111, 21, 58, 255, 202, 178, 86,
       242, 215, 28, 101, 73, 161, 162, 52, 140, 202, 236, 47, 210, 8,
       117, 43, 243, 37, 20, 191, 82, 113, 133, 244, 210, 74, 24, 14,
       209, 28, 192, 77, 157, 172, 24, 5, 112, 61, 157, 75, 80, 246, 51,
       188, 88, 86, 34, 249, 126, 49, 109, 182, 119, 39, 63, 121, 228,
       70, 209, 48, 125, 42, 176, 71, 242, 213, 67, 100, 97, 163, 129,
       54, 12, 136, 172, 141, 82, 24, 49, 169, 208, 44, 20, 186, 82, 120,
       129, 244, 88, 74, 24, 15, 208, 21, 192, 78, 153, 172, 24, 5, 112,
       28, 156, 73, 16, 242, 51, 188, 88, 86, 32, 249, 48, 17, 84, 134,
       19, 13, 21, 103, 70, 68, 61, 48, 61, 58, 180, 86, 226, 212, 0,
       100, 3, 160, 161, 34, 76, 128, 160, 9, 179, 8, 16, 41, 208, 36,
       20, 154, 66, 112, 3, 212, 18, 219, 28, 15, 144, 20, 228, 12, 145,
       164, 81, 4, 48, 24, 148, 73, 24, 114, 48, 56, 88, 84, 34, 249,
       117, 63, 247, 146, 88, 79, 131, 111, 230, 84, 134, 117, 127, 255,
       155, 92, 235, 213, 59, 102, 213, 5, 202, 119, 94, 251, 60, 15, 50,
       10, 82, 107, 215, 39, 85, 187, 82, 112, 237, 124, 116, 84, 56, 47,
       85, 28, 245, 239, 153, 172, 24, 4, 240, 29, 156, 75, 16, 254, 51,
       189, 88, 87, 32, 250, 60, 254, 125, 168, 62, 125, 177, 255, 253,
       252, 222, 245, 125, 63, 253, 237, 251, 252, 195, 105, 241, 82,
       220, 252, 253, 189, 61, 155, 127, 223, 127, 255, 221, 108, 215,
       190, 223, 122, 169, 124, 253, 93, 122, 62, 212, 183, 246, 109,
       187, 189, 157, 13, 242, 29, 158, 93, 60, 242, 51, 188, 219, 223,
       46, 254, 60, 254, 125, 174, 54, 125, 189, 123, 247, 220, 222, 247,
       127, 63, 252, 252, 251, 254, 231, 105, 241, 86, 209, 245, 253,
       189, 245, 219, 126, 222, 247, 235, 221, 108, 95, 190, 255, 120,
       233, 125, 125, 93, 59, 47, 212, 53, 246, 109, 185, 172, 152, 13,
       240, 29, 156, 77, 62, 242, 55, 188, 90, 95, 32, 250, 62, 249, 255,
       222, 55, 95, 93, 123, 247, 196, 253, 176, 127, 250, 180, 94, 255,
       214, 98, 255, 23, 62, 193, 247, 221, 255, 247, 121, 115, 158, 214,
       169, 222, 44, 85, 190, 202, 120, 219, 125, 112, 223, 189, 47, 212,
       52, 245, 110, 153, 172, 153, 13, 240, 29, 156, 73, 16, 242, 115,
       189, 121, 87, 32, 250, 76, 33, 225, 144, 16, 7, 41, 103, 128, 230,
       209, 20, 81, 132, 147, 66, 194, 85, 3, 101, 9, 133, 194, 19, 12,
       136, 164, 13, 66, 140, 48, 73, 87, 36, 21, 186, 2, 120, 1, 84, 48,
       64, 52, 46, 212, 20, 225, 110, 25, 172, 24, 5, 112, 28, 156, 73,
       16, 242, 51, 185, 88, 86, 32, 250, 109, 47, 239, 184, 16, 119,
       165, 254, 181, 254, 202, 149, 89, 189, 187, 231, 139, 124, 227,
       110, 116, 195, 212, 179, 93, 105, 156, 132, 120, 196, 50, 203,
       221, 0, 87, 170, 85, 122, 201, 124, 124, 84, 58, 166, 85, 161,
       103, 238, 153, 172, 28, 5, 240, 29, 156, 72, 48, 226, 35, 189, 74,
       215, 40, 250, 61, 54, 117, 33, 253, 176, 163, 124, 252, 124, 194,
       117, 237, 127, 137, 69, 226, 245, 3, 98, 225, 35, 203, 124, 76,
       168, 160, 47, 90, 12, 113, 111, 215, 36, 85, 186, 82, 120, 233,
       116, 116, 84, 26, 14, 213, 1, 209, 79, 152, 172, 24, 5, 240, 29,
       156, 73, 16, 242, 51, 189, 88, 87, 32, 250, 63, 182, 125, 143,
       191, 245, 159, 57, 254, 254, 150, 253, 253, 126, 185, 85, 251,
       246, 67, 114, 245, 114, 211, 124, 221, 252, 245, 63, 90, 219, 245,
       235, 199, 44, 87, 190, 218, 120, 233, 124, 112, 93, 124, 47, 213,
       52, 245, 111, 153, 172, 24, 13, 242, 29, 156, 73, 16, 242, 51,
       189, 90, 95, 40, 250, 58, 144, 88, 135, 63, 145, 220, 56, 86, 187,
