%YAML:1.0
descriptors: !!opencv-matrix
   rows: 102
   cols: 64
   dt: u
   data: [ 63, 246, 125, 138, 54, 125, 151, 121, 255, 86, 189, 252, 125,
       63, 252, 245, 251, 246, 71, 96, 81, 82, 145, 244, 221, 253, 253,
       121, 123, 30, 243, 41, 212, 44, 87, 190, 90, 112, 169, 116, 114,
       92, 56, 47, 212, 54, 244, 108, 153, 172, 24, 5, 240, 29, 156, 73,
       16, 242, 51, 188, 88, 87, 32, 250, 253, 254, 255, 253, 126, 255,
       251, 255, 253, 255, 254, 255, 255, 189, 255, 254, 251, 253, 251,
       107, 253, 87, 255, 255, 255, 239, 253, 191, 127, 215, 127, 239,
       223, 108, 215, 254, 215, 251, 249, 125, 122, 93, 123, 63, 213,
       183, 247, 111, 191, 172, 159, 13, 240, 29, 156, 93, 116, 246, 63,
       189, 219, 223, 42, 254, 54, 48, 121, 166, 63, 176, 31, 73, 230,
       74, 145, 112, 237, 75, 160, 85, 242, 214, 3, 112, 193, 34, 129,
       118, 204, 154, 225, 15, 82, 40, 113, 104, 87, 36, 84, 190, 82,
       120, 169, 117, 112, 76, 24, 15, 212, 20, 245, 79, 153, 172, 24, 5,
       224, 29, 156, 73, 16, 242, 51, 189, 88, 87, 32, 250, 255, 253,
       255, 255, 191, 253, 253, 249, 255, 255, 253, 251, 255, 255, 252,
       254, 243, 215, 127, 123, 255, 255, 247, 127, 253, 255, 247, 255,
       127, 127, 255, 255, 251, 237, 60, 255, 255, 127, 249, 247, 91,
       223, 251, 127, 255, 183, 223, 127, 175, 191, 94, 207, 248, 191,
       159, 77, 208, 246, 255, 223, 255, 95, 170, 191, 62, 49, 125, 247,
       191, 165, 255, 121, 214, 239, 211, 119, 253, 78, 177, 84, 250,
       215, 67, 114, 247, 47, 210, 127, 156, 250, 246, 255, 82, 248, 245,
       235, 71, 44, 87, 190, 218, 120, 233, 125, 120, 92, 53, 46, 213,
       53, 245, 111, 153, 172, 24, 5, 240, 29, 156, 65, 16, 242, 51, 189,
       120, 87, 32, 250, 125, 55, 125, 254, 126, 63, 123, 123, 244, 124,
       214, 53, 125, 127, 249, 213, 242, 245, 75, 102, 245, 123, 145, 55,
       92, 170, 164, 157, 122, 220, 125, 235, 243, 36, 86, 190, 82, 114,
       209, 124, 218, 95, 24, 14, 209, 135, 193, 79, 153, 173, 28, 5,
       240, 29, 159, 73, 16, 242, 51, 189, 90, 86, 34, 249, 254, 253,
       255, 254, 63, 255, 125, 127, 255, 255, 253, 249, 127, 254, 182,
       223, 251, 245, 123, 123, 245, 127, 243, 63, 253, 255, 247, 63,
       123, 217, 119, 235, 215, 44, 23, 254, 214, 121, 249, 117, 122,
       223, 127, 47, 213, 21, 245, 111, 157, 172, 26, 5, 248, 29, 156,
       93, 16, 242, 123, 191, 91, 95, 42, 251, 122, 253, 255, 222, 119,
       255, 95, 63, 247, 231, 253, 248, 255, 234, 52, 94, 255, 183, 122,
       255, 183, 127, 243, 247, 249, 119, 247, 255, 123, 255, 244, 232,
       207, 63, 167, 255, 202, 125, 250, 125, 122, 223, 245, 109, 191,
       125, 183, 111, 255, 174, 154, 207, 248, 61, 252, 215, 121, 247,
       123, 251, 251, 249, 249, 250, 254, 249, 255, 247, 127, 103, 255,
       255, 223, 253, 253, 251, 255, 250, 246, 222, 251, 215, 127, 127,
       253, 191, 231, 127, 175, 255, 247, 191, 95, 255, 246, 255, 223,
       45, 53, 255, 222, 125, 249, 117, 121, 221, 247, 63, 223, 53, 253,
       127, 191, 174, 223, 135, 248, 63, 156, 77, 80, 246, 127, 251, 255,
       31, 32, 254, 255, 253, 255, 255, 255, 175, 255, 250, 255, 125,
       253, 251, 255, 251, 246, 93, 251, 247, 127, 115, 255, 175, 179,
       255, 255, 255, 247, 255, 255, 127, 247, 255, 223, 109, 54, 255,
       222, 125, 249, 255, 123, 223, 255, 63, 217, 53, 253, 127, 173,
       167, 24, 207, 248, 191, 156, 73, 120, 246, 247, 191, 254, 95, 164,
       255, 62, 252, 253, 253, 62, 253, 253, 121, 253, 255, 252, 251,
       253, 124, 252, 95, 251, 253, 99, 107, 245, 118, 210, 127, 253,
       255, 247, 255, 126, 215, 119, 239, 215, 108, 215, 190, 215, 121,
       249, 125, 120, 93, 251, 47, 213, 53, 247, 111, 187, 172, 152, 13,
       240, 29, 156, 93, 48, 242, 115, 191, 251, 223, 40, 254, 61, 255,
       255, 253, 63, 253, 253, 123, 253, 255, 253, 249, 255, 126, 252,
       223, 251, 253, 103, 123, 245, 126, 211, 255, 253, 255, 247, 191,
       127, 247, 127, 239, 223, 108, 215, 190, 223, 121, 249, 125, 126,
       223, 255, 47, 247, 119, 247, 111, 191, 190, 152, 79, 242, 29, 159,
       93, 60, 242, 119, 255, 251, 223, 172, 254, 63, 245, 125, 254, 55,
       189, 95, 25, 247, 87, 253, 250, 253, 123, 180, 93, 246, 247, 102,
       243, 247, 126, 145, 118, 244, 254, 227, 127, 126, 251, 253, 233,
       138, 108, 150, 190, 234, 121, 251, 253, 126, 223, 255, 237, 212,
       113, 245, 79, 179, 183, 153, 15, 234, 29, 222, 93, 56, 247, 119,
       159, 251, 223, 172, 219, 127, 253, 253, 254, 255, 191, 95, 78,
       247, 101, 245, 184, 255, 250, 180, 94, 242, 183, 59, 118, 239,
       127, 195, 55, 222, 202, 236, 191, 99, 189, 252, 233, 151, 45, 4,
       191, 202, 121, 245, 124, 250, 223, 61, 15, 209, 29, 229, 79, 157,
       172, 24, 5, 240, 61, 157, 75, 80, 254, 59, 189, 88, 86, 50, 251,
       45, 254, 103, 97, 254, 253, 227, 248, 253, 255, 194, 127, 237,
       127, 249, 229, 194, 252, 207, 106, 245, 122, 28, 254, 109, 62, 55,
       179, 252, 71, 59, 223, 127, 98, 223, 186, 85, 243, 253, 52, 253,
       116, 90, 30, 68, 227, 218, 83, 168, 61, 28, 37, 250, 157, 143, 77,
       20, 228, 103, 175, 206, 207, 37, 176, 186, 245, 121, 222, 55, 79,
       93, 47, 215, 100, 61, 248, 63, 250, 180, 222, 255, 150, 116, 243,
       23, 250, 241, 39, 249, 215, 247, 123, 115, 251, 212, 104, 130, 44,
       36, 254, 202, 88, 243, 253, 114, 219, 245, 233, 180, 52, 181, 110,
       147, 166, 147, 207, 248, 25, 180, 93, 56, 243, 115, 251, 59, 221,
       168, 219, 189, 254, 255, 161, 54, 117, 169, 252, 220, 223, 250,
       255, 111, 59, 211, 238, 251, 244, 103, 107, 245, 2, 246, 252, 221,
       255, 53, 171, 95, 222, 115, 251, 229, 44, 127, 190, 86, 56, 233,
       124, 120, 92, 50, 191, 215, 49, 117, 109, 187, 172, 28, 1, 240,
       29, 156, 85, 144, 242, 51, 253, 94, 215, 40, 250, 62, 48, 113, 38,
       117, 34, 59, 76, 214, 8, 213, 117, 109, 3, 144, 112, 242, 198, 23,
       84, 97, 42, 165, 52, 172, 136, 236, 141, 82, 44, 225, 252, 48,
       173, 60, 223, 110, 48, 1, 213, 203, 194, 17, 10, 194, 1, 136, 76,
       137, 37, 86, 1, 104, 18, 166, 105, 144, 242, 43, 152, 124, 6, 50,
       177, 173, 254, 255, 41, 16, 125, 169, 252, 253, 190, 234, 189,
       117, 47, 255, 239, 219, 252, 227, 107, 253, 210, 126, 188, 205,
       237, 181, 163, 91, 78, 115, 250, 253, 4, 207, 190, 82, 62, 233,
       124, 122, 92, 58, 47, 86, 115, 55, 124, 185, 172, 62, 5, 240, 29,
       156, 89, 148, 240, 35, 188, 94, 215, 106, 242, 191, 117, 121, 182,
       255, 45, 93, 11, 198, 71, 253, 114, 191, 74, 180, 85, 242, 247,
       38, 81, 115, 182, 145, 102, 158, 158, 247, 123, 210, 186, 244,
       169, 194, 44, 22, 158, 194, 120, 193, 221, 80, 203, 21, 73, 208,
       20, 180, 79, 153, 166, 16, 13, 104, 29, 156, 65, 16, 178, 113,
       185, 56, 151, 40, 184, 178, 241, 89, 86, 55, 10, 93, 10, 198, 3,
       189, 250, 191, 235, 132, 92, 246, 151, 36, 245, 71, 174, 161, 103,
       238, 215, 243, 123, 211, 184, 196, 40, 146, 44, 4, 222, 202, 60,
       243, 245, 82, 202, 185, 105, 209, 20, 245, 79, 211, 166, 16, 7,
       104, 24, 159, 73, 24, 243, 49, 185, 56, 85, 160, 187, 114, 48,
       209, 150, 123, 130, 90, 44, 66, 160, 87, 53, 52, 198, 128, 82,
       126, 131, 16, 211, 139, 41, 227, 15, 136, 202, 232, 79, 2, 41,
       197, 110, 19, 165, 52, 191, 14, 88, 227, 87, 16, 72, 133, 106,
       169, 28, 137, 47, 131, 166, 89, 135, 52, 24, 20, 203, 64, 115,
       179, 249, 24, 6, 48, 238, 12, 14, 182, 169, 200, 253, 162, 229,
       57, 248, 74, 5, 208, 53, 219, 164, 237, 136, 201, 96, 252, 1, 94,
       217, 91, 76, 24, 230, 76, 199, 171, 199, 77, 194, 73, 32, 53, 226,
       237, 42, 237, 20, 74, 166, 69, 135, 111, 241, 185, 72, 124, 56,
       246, 93, 136, 73, 6, 200, 143, 164, 194, 3, 0, 118, 124, 249, 255,
       174, 118, 127, 185, 255, 253, 220, 214, 181, 127, 190, 251, 254,
       251, 212, 123, 111, 117, 149, 229, 55, 95, 233, 188, 29, 91, 222,
       126, 249, 240, 36, 85, 250, 86, 114, 129, 116, 210, 95, 57, 46,
