%YAML:1.0
descriptors: !!opencv-matrix
   rows: 168
   cols: 64
   dt: u
   data: [ 61, 182, 253, 239, 191, 253, 187, 125, 255, 253, 215, 253,
       253, 127, 188, 245, 255, 255, 195, 115, 245, 99, 211, 255, 253,
       251, 228, 255, 126, 255, 247, 239, 223, 124, 87, 190, 223, 122,
       233, 125, 248, 93, 123, 175, 245, 117, 247, 111, 185, 174, 24, 15,
       240, 29, 156, 73, 52, 243, 55, 189, 250, 87, 40, 250, 60, 188,
       255, 253, 62, 253, 249, 127, 255, 253, 223, 253, 255, 127, 253,
       252, 255, 222, 227, 107, 245, 127, 215, 255, 253, 255, 244, 255,
       127, 223, 255, 239, 223, 108, 87, 190, 223, 123, 249, 125, 125,
       93, 255, 47, 245, 53, 247, 111, 187, 174, 153, 15, 242, 29, 156,
       93, 60, 242, 119, 255, 251, 223, 46, 254, 254, 169, 187, 254, 34,
       71, 248, 103, 215, 248, 245, 243, 115, 242, 182, 94, 255, 155, 99,
       199, 215, 47, 227, 215, 221, 219, 247, 239, 67, 220, 182, 234,
       199, 46, 69, 190, 91, 120, 233, 116, 120, 93, 177, 47, 213, 53,
       183, 111, 153, 172, 24, 5, 240, 29, 156, 73, 16, 242, 51, 189, 88,
       87, 32, 250, 63, 182, 253, 231, 191, 245, 191, 124, 255, 255, 214,
       253, 253, 127, 187, 85, 255, 255, 75, 123, 245, 115, 219, 125,
       237, 235, 224, 255, 126, 93, 245, 239, 223, 108, 87, 190, 247,
       121, 249, 125, 124, 92, 123, 47, 213, 21, 247, 111, 153, 172, 24,
       5, 240, 29, 156, 73, 16, 242, 55, 189, 218, 87, 32, 254, 61, 190,
       255, 255, 62, 253, 249, 124, 255, 253, 214, 253, 255, 127, 189,
       252, 255, 254, 227, 123, 245, 127, 211, 255, 253, 235, 230, 255,
       126, 223, 247, 239, 223, 108, 87, 190, 223, 123, 249, 125, 121,
       93, 251, 47, 213, 53, 247, 111, 185, 172, 153, 15, 240, 29, 156,
       93, 52, 242, 119, 191, 251, 223, 44, 254, 255, 252, 239, 175, 255,
       55, 153, 251, 253, 223, 213, 250, 255, 251, 182, 77, 250, 213,
       119, 103, 121, 199, 195, 117, 78, 254, 189, 63, 251, 30, 118, 171,
       215, 36, 85, 186, 82, 120, 233, 117, 112, 94, 57, 47, 209, 20,
       245, 109, 153, 172, 24, 5, 240, 29, 156, 73, 24, 242, 51, 189, 88,
       87, 34, 251, 60, 189, 255, 254, 54, 127, 249, 127, 255, 252, 223,
       253, 127, 254, 255, 254, 255, 223, 123, 107, 247, 127, 215, 247,
       255, 239, 246, 255, 127, 223, 246, 235, 207, 46, 87, 190, 223,
       122, 249, 125, 248, 93, 255, 47, 213, 55, 247, 111, 189, 172, 153,
       79, 242, 29, 156, 93, 16, 242, 115, 191, 123, 95, 42, 250, 7, 37,
       209, 22, 17, 130, 5, 74, 130, 5, 1, 115, 162, 203, 128, 87, 98,
       85, 5, 99, 131, 47, 192, 99, 14, 154, 162, 15, 18, 8, 32, 77, 87,
       38, 52, 154, 0, 120, 3, 212, 65, 66, 24, 75, 201, 16, 197, 79, 17,
       36, 24, 4, 96, 24, 156, 73, 16, 114, 51, 157, 72, 87, 33, 250,
       236, 42, 239, 169, 250, 127, 161, 255, 189, 254, 214, 190, 223,
       188, 251, 206, 202, 221, 107, 108, 125, 215, 206, 113, 79, 248,
       188, 165, 248, 204, 58, 235, 213, 36, 85, 186, 82, 122, 237, 116,
       248, 93, 56, 62, 85, 133, 225, 229, 153, 172, 24, 5, 240, 29, 157,
       73, 16, 240, 51, 189, 88, 87, 32, 250, 167, 247, 113, 117, 189,
       160, 249, 72, 196, 93, 193, 123, 227, 75, 128, 85, 226, 213, 7,
       99, 195, 46, 128, 127, 44, 158, 35, 47, 86, 43, 49, 127, 87, 167,
       60, 154, 114, 120, 105, 247, 65, 74, 24, 78, 201, 16, 217, 95,
       137, 181, 16, 5, 248, 22, 156, 73, 16, 242, 51, 143, 88, 87, 33,
       187, 191, 246, 117, 228, 253, 40, 167, 88, 253, 93, 236, 123, 237,
       123, 228, 117, 242, 244, 15, 112, 225, 106, 152, 124, 102, 158,
       97, 59, 254, 43, 105, 253, 178, 229, 94, 222, 98, 243, 57, 247,
       207, 222, 90, 95, 200, 195, 252, 21, 136, 53, 84, 36, 104, 150,
       143, 105, 56, 244, 181, 142, 220, 78, 38, 185, 7, 48, 65, 130, 21,
       128, 1, 72, 226, 2, 1, 50, 169, 11, 128, 81, 98, 212, 1, 96, 193,
       0, 128, 100, 12, 136, 160, 9, 18, 8, 49, 105, 84, 36, 20, 186, 66,
       120, 1, 212, 64, 66, 24, 11, 192, 20, 192, 77, 145, 36, 24, 4, 96,
       24, 156, 73, 16, 114, 51, 156, 88, 86, 32, 249, 84, 33, 155, 247,
       32, 130, 122, 103, 2, 130, 81, 146, 146, 194, 147, 18, 62, 139,
       48, 71, 14, 173, 194, 67, 152, 218, 246, 221, 64, 160, 244, 40,
       70, 21, 36, 175, 145, 108, 194, 93, 48, 104, 181, 106, 179, 28,
       129, 46, 155, 170, 56, 215, 112, 88, 60, 193, 65, 251, 115, 249,
       56, 55, 177, 227, 3, 150, 16, 39, 221, 162, 175, 72, 48, 59, 66,
       67, 164, 75, 128, 21, 102, 239, 141, 32, 224, 47, 154, 120, 68,
       154, 42, 135, 94, 65, 33, 199, 87, 227, 92, 49, 117, 184, 45, 164,
       205, 70, 10, 138, 195, 65, 219, 83, 40, 116, 24, 32, 228, 164,
       141, 105, 22, 154, 183, 133, 194, 87, 48, 52, 133, 206, 70, 105,
       221, 244, 163, 216, 188, 255, 2, 111, 140, 127, 235, 165, 235,
       253, 157, 34, 237, 2, 30, 120, 103, 221, 59, 35, 156, 75, 43, 87,
       117, 227, 95, 81, 112, 183, 237, 54, 229, 84, 74, 190, 77, 192,
       248, 177, 168, 93, 92, 33, 157, 231, 140, 235, 146, 204, 164, 45,
       198, 79, 48, 54, 222, 250, 187, 253, 234, 254, 254, 195, 27, 187,
       251, 207, 214, 212, 127, 184, 253, 203, 190, 239, 198, 13, 46,
       219, 239, 95, 255, 254, 205, 231, 246, 246, 215, 241, 125, 77,
       255, 253, 254, 115, 121, 92, 227, 127, 255, 31, 191, 191, 237,
       219, 54, 247, 253, 231, 188, 235, 215, 223, 240, 111, 247, 121,
       209, 190, 251, 221, 250, 190, 55, 79, 93, 143, 215, 109, 125, 251,
       63, 238, 54, 254, 247, 214, 52, 117, 30, 143, 245, 55, 127, 207,
       243, 43, 211, 121, 126, 41, 224, 37, 52, 251, 194, 117, 225, 244,
       114, 203, 61, 123, 222, 30, 245, 204, 205, 164, 86, 133, 104, 30,
       151, 73, 144, 242, 121, 188, 93, 84, 34, 185, 255, 252, 127, 254,
       127, 127, 255, 218, 253, 255, 236, 251, 63, 251, 254, 255, 251,
       247, 255, 107, 245, 247, 249, 126, 229, 255, 243, 183, 127, 123,
       127, 255, 211, 196, 214, 247, 247, 249, 249, 247, 250, 223, 235,
       125, 247, 87, 245, 107, 191, 175, 158, 15, 252, 61, 223, 93, 52,
       246, 247, 191, 251, 223, 239, 255, 255, 254, 126, 239, 255, 253,
       255, 145, 63, 255, 94, 255, 174, 127, 251, 253, 253, 255, 189,
       187, 253, 127, 159, 120, 247, 223, 123, 255, 255, 119, 247, 183,
       215, 249, 223, 85, 247, 255, 253, 55, 121, 92, 107, 253, 247, 157,
       254, 49, 237, 223, 24, 47, 253, 231, 156, 239, 86, 223, 246, 175,
       246, 255, 56, 190, 163, 6, 208, 18, 25, 130, 5, 74, 34, 97, 33,
       96, 34, 203, 128, 21, 98, 198, 37, 97, 194, 46, 169, 103, 70, 138,
       161, 15, 18, 8, 1, 77, 83, 38, 84, 186, 0, 56, 35, 214, 64, 66,
       40, 139, 192, 16, 213, 79, 16, 164, 24, 0, 96, 24, 156, 73, 16,
       114, 51, 157, 88, 86, 32, 248, 252, 59, 255, 253, 122, 127, 251,
       247, 253, 252, 206, 157, 95, 253, 251, 238, 251, 253, 251, 110,
       253, 255, 254, 191, 223, 127, 190, 246, 237, 215, 127, 255, 255,
       99, 103, 255, 215, 247, 253, 124, 252, 93, 250, 62, 253, 167, 227,
       239, 189, 173, 222, 29, 242, 95, 157, 93, 212, 254, 123, 189, 219,
       71, 41, 254, 250, 253, 255, 254, 55, 63, 253, 127, 247, 255, 245,
       249, 127, 250, 182, 94, 255, 247, 127, 127, 247, 127, 241, 247,
       253, 251, 247, 191, 127, 253, 244, 235, 207, 110, 182, 255, 222,
       125, 251, 125, 120, 223, 247, 111, 243, 53, 247, 111, 191, 174,
       154, 207, 248, 29, 159, 93, 112, 246, 123, 255, 251, 255, 169,
       251, 63, 159, 252, 255, 62, 253, 253, 113, 63, 255, 95, 217, 159,
       127, 188, 93, 255, 255, 97, 235, 247, 124, 211, 115, 125, 255,
       163, 127, 126, 127, 245, 235, 215, 36, 87, 186, 215, 120, 249,
       125, 112, 93, 187, 47, 213, 20, 247, 111, 153, 172, 24, 5, 240,
       29, 156, 73, 16, 242, 115, 191, 90, 87, 32, 250, 254, 249, 255,
       253, 54, 119, 125, 255, 215, 255, 245, 250, 127, 250, 182, 222,
       255, 215, 126, 127, 63, 255, 231, 183, 191, 255, 247, 255, 123,
       253, 246, 235, 207, 63, 164, 255, 222, 125, 251, 125, 122, 255,
       247, 127, 251, 61, 247, 238, 255, 174, 191, 223, 248, 61, 188, 85,
