%YAML:1.0
descriptors: !!opencv-matrix
   rows: 117
   cols: 64
   dt: u
   data: [ 252, 187, 255, 245, 254, 55, 251, 254, 244, 93, 212, 119, 255,
       251, 179, 92, 250, 213, 123, 102, 245, 39, 194, 119, 206, 234,
       244, 191, 218, 92, 118, 235, 215, 36, 85, 190, 82, 112, 233, 116,
       120, 92, 24, 15, 209, 53, 241, 79, 153, 172, 24, 5, 240, 29, 156,
       73, 16, 242, 51, 189, 88, 87, 32, 250, 126, 51, 253, 190, 118,
       183, 63, 127, 246, 94, 213, 177, 255, 250, 182, 94, 251, 213, 99,
       102, 245, 55, 195, 119, 222, 251, 252, 173, 82, 216, 116, 233,
       215, 36, 85, 190, 82, 120, 233, 124, 120, 93, 56, 47, 213, 21,
       245, 111, 153, 172, 24, 5, 240, 29, 156, 73, 16, 242, 51, 189, 88,
       87, 32, 250, 126, 53, 255, 183, 119, 183, 187, 127, 246, 255, 213,
       243, 255, 250, 179, 94, 250, 213, 115, 103, 249, 39, 195, 119,
       206, 250, 252, 175, 82, 28, 116, 171, 215, 44, 85, 190, 82, 120,
       233, 116, 120, 92, 56, 47, 213, 21, 245, 111, 153, 172, 24, 5,
       240, 29, 156, 73, 16, 242, 51, 189, 88, 87, 32, 250, 60, 249, 255,
       252, 62, 127, 249, 126, 245, 252, 254, 245, 127, 126, 253, 254,
       251, 220, 227, 107, 245, 126, 228, 255, 253, 191, 231, 155, 127,
       223, 127, 255, 255, 108, 119, 190, 214, 122, 249, 125, 250, 221,
       255, 47, 212, 183, 247, 111, 187, 173, 159, 13, 250, 29, 159, 93,
       52, 242, 123, 255, 251, 159, 46, 254, 60, 61, 255, 252, 54, 127,
       125, 127, 213, 252, 222, 181, 127, 254, 189, 254, 251, 220, 227,
       107, 245, 126, 245, 183, 189, 171, 230, 159, 123, 221, 253, 235,
       207, 108, 183, 190, 215, 122, 241, 125, 250, 221, 247, 175, 246,
       183, 231, 111, 191, 172, 159, 143, 242, 29, 159, 93, 60, 242, 127,
       251, 251, 158, 47, 254, 45, 38, 97, 160, 25, 164, 35, 76, 196,
       110, 194, 52, 97, 11, 145, 69, 226, 212, 3, 96, 193, 32, 192, 116,
       76, 136, 168, 13, 82, 12, 49, 73, 85, 36, 85, 186, 82, 112, 1, 84,
       80, 64, 24, 14, 64, 4, 192, 77, 153, 44, 24, 4, 240, 29, 156, 73,
       16, 242, 51, 188, 72, 86, 32, 240, 189, 254, 119, 237, 254, 125,
       161, 253, 253, 252, 254, 191, 125, 63, 251, 236, 243, 252, 203,
       104, 253, 210, 190, 188, 223, 237, 188, 155, 255, 223, 127, 255,
       249, 108, 87, 254, 214, 114, 169, 252, 254, 93, 90, 62, 84, 167,
       194, 109, 185, 173, 94, 13, 242, 31, 159, 77, 16, 244, 43, 188,
       222, 70, 34, 253, 62, 54, 109, 169, 191, 253, 187, 125, 252, 126,
       250, 53, 125, 63, 249, 245, 243, 244, 67, 96, 241, 82, 157, 60,
       76, 168, 172, 155, 255, 95, 125, 251, 241, 108, 215, 186, 82, 114,
       169, 116, 254, 93, 90, 14, 212, 135, 224, 77, 153, 173, 28, 5,
       242, 29, 159, 73, 16, 242, 59, 188, 90, 86, 34, 241, 190, 244,
       125, 174, 191, 189, 159, 9, 247, 71, 253, 250, 253, 58, 244, 85,
       242, 247, 71, 241, 241, 114, 177, 116, 252, 191, 229, 59, 119,
       251, 245, 235, 199, 108, 158, 158, 202, 120, 169, 255, 122, 223,
       117, 45, 208, 85, 244, 79, 155, 174, 152, 13, 248, 21, 156, 81,
       48, 242, 51, 188, 122, 223, 42, 251, 63, 247, 125, 254, 63, 61,
       189, 123, 247, 254, 252, 251, 253, 123, 252, 93, 246, 246, 67, 99,
       245, 102, 209, 118, 221, 190, 229, 219, 127, 92, 245, 235, 215,
       44, 87, 190, 210, 120, 233, 117, 122, 94, 58, 175, 212, 55, 245,
       111, 153, 172, 24, 5, 240, 29, 157, 73, 16, 242, 51, 189, 90, 87,
       34, 251, 61, 182, 117, 163, 223, 189, 163, 120, 252, 127, 194,
       115, 237, 91, 240, 69, 226, 213, 7, 98, 245, 39, 138, 125, 78,
       250, 41, 47, 222, 9, 113, 255, 119, 36, 92, 186, 82, 114, 173,
       244, 209, 84, 26, 14, 193, 7, 208, 71, 153, 172, 24, 5, 240, 29,
       157, 73, 16, 242, 51, 189, 88, 87, 32, 248, 63, 245, 125, 214, 55,
       143, 95, 57, 82, 64, 213, 241, 124, 114, 164, 84, 246, 146, 70,
       241, 215, 40, 129, 230, 248, 58, 225, 95, 98, 252, 213, 105, 222,
       44, 36, 190, 206, 88, 211, 253, 83, 219, 157, 15, 224, 52, 245,
       79, 129, 166, 137, 79, 248, 24, 26, 73, 56, 243, 115, 153, 56, 55,
       166, 217, 126, 48, 125, 181, 254, 183, 59, 125, 214, 255, 209, 53,
       253, 138, 177, 87, 242, 213, 91, 96, 249, 161, 203, 60, 140, 232,
       236, 159, 82, 93, 245, 239, 115, 173, 20, 191, 90, 248, 165, 247,
       88, 76, 91, 14, 211, 29, 193, 95, 157, 172, 24, 5, 240, 61, 156,
       73, 80, 246, 179, 188, 216, 86, 48, 244, 122, 53, 125, 214, 54,
       135, 95, 33, 199, 101, 85, 176, 253, 98, 148, 86, 246, 211, 66,
       243, 159, 41, 195, 199, 220, 234, 230, 255, 66, 189, 245, 232,
       195, 60, 36, 190, 202, 120, 242, 95, 112, 219, 181, 111, 241, 60,
       165, 111, 155, 166, 153, 79, 112, 28, 28, 73, 64, 243, 115, 249,
       121, 118, 32, 255, 60, 181, 125, 214, 54, 29, 93, 127, 246, 68,
       221, 240, 125, 127, 182, 84, 242, 214, 67, 103, 87, 98, 209, 118,
       220, 170, 228, 25, 114, 152, 116, 169, 214, 36, 86, 190, 210, 120,
       201, 124, 112, 93, 57, 47, 212, 20, 245, 110, 153, 172, 152, 13,
       240, 29, 156, 73, 16, 242, 51, 189, 88, 87, 32, 250, 253, 59, 239,
       241, 254, 191, 123, 254, 252, 127, 210, 95, 223, 248, 178, 79,
       234, 221, 127, 103, 254, 223, 234, 255, 14, 250, 190, 175, 216,
       69, 114, 171, 215, 39, 84, 187, 83, 127, 245, 244, 216, 124, 154,
       30, 217, 61, 235, 151, 221, 172, 24, 213, 241, 253, 157, 203, 80,
       254, 115, 191, 88, 87, 51, 251, 251, 184, 239, 253, 255, 179, 223,
       220, 238, 39, 245, 250, 239, 233, 167, 89, 226, 213, 59, 118, 238,
       143, 202, 125, 14, 203, 250, 63, 211, 45, 119, 111, 247, 165, 20,
       123, 82, 253, 229, 247, 114, 74, 105, 31, 217, 29, 217, 17, 221,
       204, 24, 37, 245, 255, 156, 235, 80, 254, 177, 189, 220, 87, 50,
       253, 45, 6, 100, 168, 191, 189, 161, 88, 189, 126, 66, 37, 157,
       63, 249, 229, 194, 252, 193, 96, 244, 114, 154, 120, 81, 168, 4,
       147, 124, 81, 57, 207, 125, 224, 223, 48, 117, 242, 169, 62, 252,
       85, 90, 14, 84, 227, 210, 75, 184, 108, 24, 4, 246, 29, 159, 73,
       62, 226, 183, 188, 202, 223, 40, 244, 62, 252, 253, 255, 63, 253,
       255, 121, 255, 253, 255, 255, 255, 126, 252, 252, 255, 223, 103,
       107, 245, 119, 211, 127, 253, 255, 245, 255, 127, 223, 247, 239,
       215, 36, 85, 190, 215, 122, 249, 117, 250, 93, 123, 47, 213, 23,
       247, 111, 153, 172, 24, 5, 240, 29, 157, 73, 16, 242, 51, 189, 90,
       87, 32, 250, 63, 251, 253, 254, 55, 189, 253, 122, 255, 255, 253,
       251, 255, 122, 244, 95, 255, 247, 103, 123, 245, 126, 195, 119,
       205, 255, 247, 255, 123, 95, 247, 235, 215, 44, 87, 190, 218, 120,
       249, 117, 122, 95, 123, 47, 213, 21, 245, 111, 153, 172, 24, 5,
       240, 29, 156, 77, 16, 242, 51, 189, 89, 87, 32, 250, 13, 6, 0, 48,
       25, 32, 32, 74, 0, 56, 66, 37, 0, 75, 128, 3, 98, 76, 129, 64,
       224, 32, 136, 59, 68, 136, 128, 129, 82, 0, 33, 205, 115, 38, 84,
       186, 49, 50, 1, 196, 200, 64, 24, 14, 64, 1, 195, 75, 24, 36, 24,
       4, 96, 28, 157, 9, 16, 226, 51, 156, 72, 70, 32, 112, 45, 22, 100,
       176, 29, 160, 37, 88, 180, 126, 194, 51, 169, 79, 160, 69, 226,
       124, 129, 96, 224, 38, 216, 123, 68, 186, 160, 131, 90, 65, 33,
       207, 87, 162, 212, 176, 117, 248, 33, 117, 108, 68, 90, 143, 68,
       1, 231, 75, 56, 44, 24, 4, 244, 28, 156, 73, 30, 178, 183, 159,
       202, 87, 36, 126, 60, 49, 253, 156, 18, 7, 21, 103, 199, 196, 213,
       176, 93, 174, 182, 86, 251, 212, 67, 101, 19, 176, 192, 183, 221,
       169, 164, 9, 67, 156, 124, 169, 210, 36, 5, 190, 66, 120, 193, 92,
       48, 219, 53, 47, 212, 52, 229, 110, 155, 172, 25, 5, 112, 29, 148,
       73, 24, 242, 59, 185, 89, 86, 34, 251, 42, 2, 109, 168, 38, 61,
       61, 127, 181, 222, 214, 133, 89, 61, 57, 198, 137, 124, 67, 96,
       240, 114, 208, 114, 93, 168, 132, 144, 120, 212, 61, 201, 212, 44,
       83, 184, 90, 122, 136, 120, 252, 93, 56, 47, 212, 181, 228, 110,
       153, 172, 24, 5, 242, 29, 157, 89, 16, 226, 51, 188, 90, 87, 40,
