%YAML:1.0
descriptors: !!opencv-matrix
   rows: 156
   cols: 64
   dt: u
   data: [ 60, 190, 255, 254, 63, 127, 253, 255, 253, 252, 254, 181, 125,
       190, 251, 254, 251, 212, 99, 107, 245, 119, 221, 127, 253, 239,
       244, 159, 127, 95, 127, 239, 247, 108, 85, 190, 214, 122, 249,
       117, 124, 93, 123, 47, 213, 167, 245, 111, 153, 172, 28, 5, 242,
       29, 157, 77, 16, 242, 59, 189, 219, 95, 32, 254, 150, 49, 249,
       148, 22, 5, 88, 70, 198, 134, 181, 240, 95, 226, 182, 82, 250,
       212, 39, 99, 3, 162, 225, 55, 12, 139, 166, 9, 82, 140, 48, 40,
       214, 44, 20, 190, 82, 120, 193, 244, 80, 74, 56, 47, 208, 20, 193,
       110, 153, 172, 24, 5, 112, 29, 156, 73, 16, 242, 51, 189, 88, 86,
       32, 251, 62, 49, 125, 244, 54, 117, 121, 111, 214, 198, 213, 180,
       125, 102, 145, 114, 251, 212, 67, 99, 7, 32, 229, 54, 140, 138,
       162, 9, 82, 140, 53, 233, 246, 36, 21, 186, 82, 120, 193, 116, 80,
       88, 185, 46, 212, 20, 193, 110, 155, 172, 27, 5, 240, 29, 156, 73,
       16, 242, 59, 185, 88, 22, 32, 250, 60, 37, 237, 158, 50, 93, 61,
       127, 229, 196, 253, 176, 125, 126, 189, 102, 251, 244, 99, 98,
       118, 50, 208, 183, 93, 173, 165, 137, 67, 216, 124, 233, 198, 44,
       71, 186, 210, 120, 201, 124, 56, 93, 52, 47, 212, 52, 245, 110,
       153, 172, 152, 13, 242, 29, 156, 81, 16, 242, 123, 189, 89, 87,
       40, 250, 62, 241, 253, 254, 55, 189, 93, 107, 215, 199, 245, 250,
       255, 106, 180, 94, 242, 215, 118, 123, 183, 126, 211, 119, 253,
       254, 243, 255, 82, 255, 244, 233, 199, 46, 54, 190, 202, 121, 251,
       125, 120, 223, 245, 109, 243, 21, 245, 111, 159, 174, 153, 79,
       248, 29, 188, 93, 16, 243, 115, 251, 121, 255, 169, 251, 76, 35,
       101, 177, 128, 48, 42, 244, 32, 190, 194, 20, 64, 161, 153, 2,
       194, 204, 3, 100, 104, 160, 4, 144, 12, 136, 172, 128, 192, 4, 48,
       153, 112, 36, 84, 186, 81, 114, 1, 84, 152, 64, 24, 14, 64, 133,
       194, 76, 25, 45, 28, 5, 112, 28, 141, 73, 144, 226, 3, 156, 76,
       70, 32, 176, 60, 237, 125, 252, 50, 125, 125, 119, 245, 94, 253,
       181, 93, 101, 220, 238, 251, 220, 67, 105, 245, 120, 192, 179,
       221, 191, 167, 217, 105, 214, 124, 233, 210, 36, 101, 186, 214,
       122, 217, 124, 126, 222, 185, 175, 246, 55, 231, 110, 155, 164,
       25, 7, 224, 29, 158, 77, 24, 242, 123, 249, 91, 86, 42, 250, 63,
       182, 109, 190, 63, 189, 187, 57, 253, 126, 215, 255, 253, 123,
       172, 69, 186, 189, 67, 242, 245, 118, 211, 246, 85, 254, 241, 191,
       122, 118, 117, 235, 207, 44, 87, 190, 223, 120, 233, 125, 124, 92,
       59, 175, 245, 53, 247, 111, 185, 174, 24, 15, 240, 29, 220, 73,
       16, 243, 55, 189, 122, 215, 40, 250, 252, 255, 255, 253, 118, 127,
       251, 255, 253, 253, 254, 191, 127, 253, 251, 238, 251, 220, 255,
       111, 125, 217, 254, 190, 223, 239, 191, 187, 255, 215, 126, 255,
       249, 103, 117, 255, 214, 119, 253, 245, 254, 93, 251, 62, 223,
       167, 75, 252, 141, 173, 95, 157, 250, 191, 159, 77, 216, 252, 107,
       255, 223, 78, 35, 183, 205, 111, 230, 117, 49, 114, 252, 246, 25,
       187, 234, 251, 66, 193, 194, 234, 137, 9, 191, 223, 253, 141, 108,
       155, 71, 127, 147, 247, 73, 71, 34, 214, 123, 147, 108, 233, 53,
       189, 253, 181, 120, 44, 251, 255, 239, 97, 63, 251, 108, 239, 126,
       243, 201, 255, 124, 4, 199, 205, 215, 199, 175, 115, 209, 38, 253,
       190, 247, 233, 254, 255, 171, 252, 220, 223, 218, 127, 239, 143,
       219, 253, 251, 245, 251, 110, 125, 135, 159, 252, 175, 252, 126,
       173, 222, 95, 114, 191, 109, 111, 255, 255, 214, 55, 77, 125, 221,
       68, 211, 190, 79, 171, 42, 181, 174, 61, 221, 184, 226, 191, 142,
       85, 228, 188, 107, 218, 222, 143, 62, 182, 248, 253, 239, 253, 54,
       127, 253, 255, 253, 255, 253, 251, 255, 189, 254, 238, 251, 253,
       127, 111, 124, 255, 246, 183, 125, 255, 183, 187, 127, 215, 126,
       187, 242, 109, 55, 255, 214, 125, 249, 253, 122, 223, 253, 63,
       223, 55, 255, 126, 157, 173, 30, 5, 248, 31, 159, 93, 152, 246,
       123, 253, 95, 223, 42, 187, 248, 217, 255, 245, 246, 247, 251,
       255, 252, 255, 255, 223, 255, 248, 251, 254, 251, 213, 127, 111,
       124, 175, 231, 55, 111, 255, 183, 191, 211, 87, 118, 187, 243, 37,
       84, 251, 82, 127, 233, 245, 218, 94, 57, 62, 217, 23, 217, 127,
       153, 173, 30, 5, 248, 31, 157, 73, 16, 242, 51, 189, 92, 86, 34,
       251, 101, 239, 239, 218, 118, 159, 95, 122, 231, 70, 169, 184,
       127, 251, 244, 239, 195, 245, 126, 103, 31, 255, 49, 167, 95, 247,
       175, 45, 19, 26, 88, 41, 210, 39, 214, 187, 66, 124, 215, 252, 50,
       250, 184, 111, 149, 122, 245, 206, 149, 173, 16, 68, 105, 125,
       135, 203, 80, 254, 115, 191, 88, 212, 185, 185, 60, 57, 255, 188,
       50, 103, 189, 255, 213, 196, 253, 176, 87, 190, 179, 78, 251, 220,
       99, 111, 49, 148, 212, 151, 221, 41, 228, 217, 65, 212, 252, 233,
       236, 44, 39, 190, 223, 120, 193, 124, 120, 93, 53, 46, 246, 53,
       131, 110, 155, 172, 169, 139, 242, 29, 28, 85, 32, 242, 59, 249,
       123, 214, 104, 250, 61, 252, 253, 174, 54, 253, 189, 127, 247,
       220, 220, 241, 125, 63, 189, 220, 255, 254, 227, 105, 241, 86,
       209, 247, 253, 189, 245, 251, 127, 223, 245, 235, 221, 108, 87,
       190, 223, 120, 233, 125, 125, 93, 127, 47, 212, 53, 246, 111, 185,
       172, 153, 13, 242, 29, 156, 93, 60, 242, 63, 189, 123, 223, 44,
       250, 7, 2, 192, 2, 17, 0, 128, 78, 34, 0, 0, 112, 0, 11, 128, 65,
       98, 212, 1, 96, 64, 0, 200, 97, 70, 136, 40, 9, 18, 8, 0, 73, 84,
       38, 20, 154, 66, 112, 5, 84, 64, 64, 24, 14, 64, 20, 64, 196, 25,
       44, 24, 4, 112, 24, 140, 73, 16, 112, 35, 156, 88, 87, 32, 248,
       51, 148, 124, 142, 47, 159, 159, 9, 247, 69, 21, 248, 189, 127,
       52, 84, 253, 183, 32, 177, 212, 119, 211, 103, 249, 246, 229, 127,
       54, 187, 213, 107, 135, 44, 71, 158, 218, 88, 234, 125, 112, 93,
       41, 173, 149, 84, 245, 111, 145, 174, 152, 15, 240, 29, 156, 89,
       48, 243, 50, 189, 120, 215, 40, 250, 191, 190, 255, 255, 63, 247,
       251, 255, 255, 255, 254, 255, 255, 127, 187, 127, 255, 223, 99,
       115, 245, 47, 195, 127, 205, 255, 247, 255, 90, 95, 243, 239, 215,
       44, 85, 190, 83, 120, 233, 116, 120, 92, 56, 47, 213, 21, 247,
       111, 153, 172, 24, 5, 240, 29, 156, 73, 16, 242, 51, 189, 88, 87,
       32, 250, 255, 253, 255, 245, 63, 255, 255, 250, 255, 253, 255,
       251, 255, 126, 251, 255, 247, 255, 119, 115, 245, 127, 195, 127,
       237, 255, 247, 255, 122, 95, 247, 255, 247, 44, 85, 190, 90, 120,
       249, 245, 122, 93, 123, 47, 213, 23, 247, 111, 153, 172, 24, 5,
       240, 29, 156, 73, 16, 242, 51, 189, 88, 87, 32, 250, 124, 190,
       255, 253, 62, 127, 249, 255, 253, 252, 222, 181, 127, 254, 251,
       238, 251, 221, 251, 107, 245, 119, 223, 255, 253, 235, 244, 159,
       127, 221, 127, 239, 239, 36, 85, 190, 215, 122, 249, 116, 248, 93,
       123, 62, 213, 167, 211, 111, 189, 172, 31, 13, 242, 29, 157, 77,
       20, 242, 123, 189, 219, 95, 40, 254, 255, 253, 255, 255, 255, 189,
       255, 249, 255, 255, 245, 251, 255, 123, 244, 93, 246, 247, 127,
       123, 255, 127, 243, 127, 253, 254, 247, 255, 127, 91, 255, 251,
       215, 108, 150, 254, 214, 121, 249, 245, 218, 223, 251, 63, 209,
       53, 245, 111, 157, 173, 26, 5, 248, 29, 159, 77, 16, 246, 115,
       191, 251, 223, 42, 251, 200, 9, 147, 245, 105, 34, 251, 206, 24,
       185, 65, 139, 131, 193, 131, 10, 170, 213, 57, 111, 142, 173, 238,
       59, 79, 203, 178, 47, 82, 1, 51, 111, 247, 167, 116, 123, 82, 253,
       245, 118, 80, 108, 184, 126, 235, 28, 73, 251, 217, 172, 120, 149,
       241, 62, 156, 72, 81, 254, 49, 191, 92, 87, 17, 255, 251, 252,
       238, 255, 255, 255, 223, 216, 253, 255, 252, 251, 191, 127, 254,
       93, 251, 245, 127, 59, 253, 127, 219, 125, 119, 255, 123, 55, 255,
       123, 127, 255, 215, 239, 255, 127, 246, 253, 255, 63, 127, 255,
       234, 127, 223, 93, 253, 179, 253, 254, 152, 173, 253, 183, 188,
