%YAML:1.0
descriptors: !!opencv-matrix
   rows: 113
   cols: 64
   dt: u
   data: [ 62, 186, 253, 255, 63, 253, 253, 121, 255, 253, 222, 253, 255,
       127, 252, 253, 255, 254, 227, 123, 244, 126, 218, 255, 253, 255,
       229, 255, 126, 219, 247, 239, 223, 108, 87, 190, 255, 120, 249,
       125, 125, 93, 123, 47, 213, 53, 245, 111, 185, 172, 153, 13, 240,
       29, 156, 77, 52, 242, 55, 189, 218, 95, 36, 254, 111, 38, 109,
       168, 119, 191, 43, 124, 173, 254, 210, 180, 73, 61, 185, 199, 136,
       125, 91, 108, 249, 83, 222, 57, 77, 232, 140, 149, 121, 28, 57,
       203, 113, 37, 215, 187, 82, 122, 133, 52, 156, 126, 26, 14, 83,
       143, 64, 73, 28, 44, 28, 5, 83, 125, 159, 28, 216, 238, 59, 188,
       72, 214, 58, 243, 252, 249, 255, 253, 118, 127, 249, 255, 221,
       253, 247, 251, 127, 250, 255, 254, 251, 221, 123, 111, 247, 191,
       230, 183, 255, 235, 247, 255, 91, 221, 118, 255, 247, 39, 117,
       255, 215, 127, 249, 245, 250, 223, 255, 63, 251, 55, 211, 111,
       157, 172, 26, 197, 248, 29, 157, 77, 80, 246, 123, 255, 123, 87,
       35, 251, 60, 185, 255, 254, 54, 255, 253, 127, 255, 252, 222, 245,
       127, 254, 191, 254, 255, 222, 227, 107, 245, 127, 199, 247, 253,
       235, 246, 255, 127, 221, 247, 235, 223, 44, 119, 190, 215, 122,
       249, 125, 120, 93, 255, 47, 245, 53, 247, 111, 187, 172, 153, 15,
       240, 29, 156, 93, 20, 242, 127, 255, 123, 95, 32, 254, 188, 187,
       255, 253, 62, 119, 249, 254, 253, 252, 254, 253, 127, 249, 187,
       254, 251, 253, 251, 107, 245, 127, 247, 255, 189, 107, 246, 247,
       109, 213, 247, 255, 255, 122, 231, 252, 255, 255, 249, 125, 255,
       93, 251, 190, 255, 227, 211, 111, 191, 255, 175, 203, 242, 61,
       159, 93, 126, 247, 255, 223, 251, 255, 237, 255, 45, 162, 198, 35,
       221, 240, 163, 88, 188, 187, 194, 117, 169, 27, 169, 69, 74, 253,
       129, 50, 225, 71, 218, 125, 101, 152, 24, 167, 94, 67, 35, 215,
       95, 192, 223, 48, 117, 186, 109, 52, 237, 84, 74, 12, 81, 193,
       115, 99, 184, 124, 24, 5, 244, 5, 220, 73, 22, 194, 183, 173, 202,
       95, 36, 126, 61, 188, 253, 255, 63, 253, 249, 125, 253, 252, 214,
       253, 253, 127, 253, 212, 251, 252, 227, 123, 245, 119, 219, 255,
       253, 250, 244, 191, 126, 223, 117, 239, 223, 108, 87, 190, 255,
       122, 249, 125, 252, 93, 251, 47, 213, 53, 247, 111, 187, 172, 153,
       13, 240, 29, 156, 93, 60, 242, 247, 189, 251, 223, 44, 254, 255,
       248, 255, 239, 255, 243, 251, 216, 253, 191, 208, 255, 255, 111,
       235, 93, 250, 255, 191, 123, 237, 95, 207, 124, 239, 218, 122,
       191, 222, 127, 255, 255, 119, 237, 157, 255, 127, 255, 253, 119,
       217, 76, 75, 30, 219, 141, 219, 177, 253, 255, 26, 165, 253, 247,
       156, 239, 220, 252, 191, 143, 255, 31, 50, 183, 60, 172, 253, 153,
       50, 253, 189, 117, 253, 246, 223, 188, 221, 60, 255, 238, 249,
       248, 99, 107, 189, 117, 82, 247, 221, 125, 181, 252, 105, 223,
       127, 235, 207, 92, 71, 174, 222, 122, 249, 124, 124, 93, 117, 47,
       245, 246, 247, 111, 191, 172, 137, 15, 242, 29, 156, 93, 60, 242,
       123, 253, 251, 223, 104, 250, 151, 50, 115, 245, 248, 160, 187,
       200, 0, 253, 193, 119, 195, 67, 144, 80, 226, 197, 13, 99, 203,
       44, 162, 123, 12, 154, 162, 47, 86, 43, 49, 127, 115, 37, 28, 187,
       82, 120, 105, 214, 81, 72, 24, 14, 193, 4, 201, 31, 137, 173, 24,
       5, 240, 28, 156, 73, 16, 242, 51, 157, 88, 23, 32, 186, 82, 17,
       17, 182, 88, 130, 42, 10, 66, 32, 81, 18, 160, 194, 128, 18, 110,
       215, 1, 96, 194, 44, 129, 115, 14, 154, 176, 15, 82, 40, 49, 109,
       83, 36, 20, 186, 67, 120, 33, 86, 64, 64, 24, 11, 193, 20, 229,
       79, 153, 164, 24, 4, 96, 28, 156, 73, 16, 242, 51, 157, 88, 87,
       32, 250, 237, 254, 119, 237, 252, 255, 175, 248, 189, 125, 232,
       251, 207, 249, 255, 237, 227, 253, 191, 108, 124, 201, 190, 56,
       111, 253, 59, 183, 253, 15, 123, 191, 240, 101, 124, 251, 82, 247,
       189, 244, 247, 94, 26, 159, 93, 130, 220, 213, 137, 181, 94, 36,
       233, 191, 143, 77, 152, 252, 35, 156, 92, 70, 34, 177, 239, 237,
       235, 125, 115, 106, 242, 207, 121, 161, 237, 189, 114, 246, 239,
       234, 139, 25, 59, 95, 47, 173, 231, 55, 119, 207, 210, 183, 99,
       239, 46, 190, 191, 231, 101, 219, 51, 247, 253, 190, 187, 61, 253,
       112, 255, 159, 111, 170, 205, 174, 231, 255, 217, 119, 240, 108,
       248, 237, 237, 235, 29, 110, 183, 95, 124, 251, 238, 253, 254,
       255, 251, 247, 125, 255, 254, 189, 255, 254, 253, 238, 243, 221,
       127, 110, 255, 223, 167, 63, 111, 239, 175, 191, 127, 223, 62,
       191, 242, 103, 85, 251, 87, 119, 253, 244, 218, 255, 217, 126,
       221, 143, 203, 182, 205, 173, 94, 181, 249, 253, 151, 239, 208,
       254, 107, 191, 89, 30, 51, 189, 124, 171, 255, 249, 122, 127, 243,
       247, 157, 252, 222, 53, 95, 252, 249, 236, 243, 221, 251, 110,
       247, 125, 140, 243, 127, 106, 6, 133, 109, 199, 62, 255, 247, 99,
       69, 187, 87, 246, 221, 124, 219, 53, 218, 86, 77, 175, 227, 235,
       255, 45, 207, 221, 251, 125, 143, 201, 117, 238, 107, 175, 91, 46,
       179, 252, 247, 250, 126, 249, 252, 254, 222, 192, 123, 255, 175,
       248, 238, 187, 252, 251, 243, 245, 63, 111, 205, 197, 175, 61,
       207, 223, 175, 47, 87, 15, 251, 119, 243, 165, 84, 251, 82, 255,
       237, 246, 242, 94, 104, 63, 223, 158, 220, 179, 205, 237, 22, 37,
       253, 253, 143, 235, 208, 254, 179, 188, 216, 86, 50, 191, 124,
       186, 255, 253, 126, 255, 241, 255, 253, 245, 255, 253, 127, 254,
       251, 254, 251, 244, 123, 107, 191, 125, 254, 191, 255, 235, 166,
       191, 127, 217, 127, 239, 247, 231, 119, 254, 214, 243, 249, 127,
       255, 221, 253, 118, 253, 142, 253, 239, 159, 172, 207, 221, 242,
       61, 151, 93, 120, 254, 123, 255, 219, 159, 47, 254, 223, 185, 219,
       117, 102, 114, 253, 170, 218, 159, 119, 211, 223, 242, 82, 90,
       253, 223, 62, 255, 230, 125, 192, 83, 175, 223, 247, 255, 78, 227,
       246, 251, 151, 184, 197, 228, 255, 124, 248, 121, 120, 29, 187,
       109, 245, 21, 183, 111, 255, 174, 9, 199, 240, 85, 188, 81, 117,
       243, 115, 251, 120, 183, 241, 254, 63, 183, 221, 254, 63, 245,
       221, 58, 115, 254, 85, 241, 188, 127, 173, 95, 239, 214, 33, 251,
       229, 116, 195, 123, 205, 191, 227, 127, 122, 123, 245, 107, 215,
       36, 213, 186, 127, 120, 249, 117, 112, 92, 59, 47, 213, 20, 245,
       111, 153, 172, 24, 5, 240, 29, 156, 73, 16, 242, 51, 189, 88, 87,
       32, 250, 252, 255, 254, 252, 115, 63, 126, 203, 61, 209, 237, 250,
       254, 251, 238, 127, 179, 153, 127, 255, 63, 237, 209, 115, 87, 95,
       243, 191, 115, 182, 246, 177, 202, 55, 119, 251, 195, 121, 249,
       245, 122, 255, 185, 247, 253, 31, 247, 47, 157, 175, 144, 95, 249,
       127, 155, 77, 81, 255, 113, 191, 122, 119, 185, 218, 61, 127, 117,
       124, 168, 109, 125, 251, 253, 124, 234, 55, 93, 125, 251, 244,
       255, 186, 227, 98, 247, 170, 28, 190, 223, 127, 247, 250, 237,
       247, 255, 255, 91, 243, 111, 116, 245, 182, 248, 127, 125, 92,
       251, 247, 236, 227, 255, 111, 169, 231, 94, 123, 238, 31, 158, 77,
       191, 243, 223, 175, 254, 103, 161, 180, 246, 252, 218, 251, 251,
       154, 222, 9, 111, 227, 165, 250, 183, 66, 164, 95, 127, 183, 60,
       95, 143, 53, 91, 77, 229, 215, 251, 111, 23, 43, 197, 103, 135,
       133, 158, 151, 163, 221, 239, 119, 96, 202, 100, 105, 183, 93,
       253, 55, 213, 254, 48, 53, 236, 161, 252, 251, 80, 191, 246, 175,
       153, 121, 185, 95, 252, 255, 255, 253, 54, 255, 249, 255, 221,
       253, 223, 253, 127, 252, 249, 254, 251, 221, 255, 107, 247, 127,
       245, 255, 253, 127, 247, 255, 127, 215, 254, 255, 239, 111, 103,
       190, 223, 126, 249, 125, 248, 125, 247, 254, 255, 167, 247, 111,
       191, 175, 159, 207, 250, 29, 156, 93, 116, 247, 115, 255, 251,
       255, 169, 254, 188, 186, 254, 237, 254, 247, 248, 183, 125, 253,
       126, 253, 94, 118, 251, 252, 253, 219, 249, 187, 245, 13, 239,
