%YAML:1.0
descriptors: !!opencv-matrix
   rows: 92
   cols: 64
   dt: u
   data: [ 62, 254, 255, 255, 62, 253, 253, 125, 255, 253, 223, 253, 255,
       126, 252, 220, 255, 254, 227, 107, 245, 126, 219, 255, 253, 255,
       231, 255, 127, 255, 253, 239, 215, 252, 215, 190, 255, 251, 249,
       127, 248, 93, 255, 111, 245, 183, 247, 111, 187, 238, 153, 79,
       246, 29, 159, 93, 54, 243, 247, 255, 251, 223, 47, 254, 63, 254,
       125, 255, 63, 253, 253, 121, 255, 255, 253, 251, 255, 123, 252,
       93, 255, 255, 111, 251, 245, 118, 211, 255, 253, 255, 247, 255,
       127, 255, 247, 239, 223, 252, 215, 190, 255, 121, 249, 127, 126,
       95, 251, 175, 245, 177, 247, 111, 187, 191, 153, 15, 240, 157,
       222, 93, 60, 247, 247, 191, 251, 223, 44, 254, 255, 61, 255, 246,
       118, 55, 125, 127, 246, 223, 85, 243, 255, 251, 182, 95, 254, 255,
       127, 111, 247, 47, 243, 119, 223, 251, 247, 255, 90, 120, 244,
       233, 215, 45, 52, 191, 219, 124, 241, 125, 120, 220, 185, 111,
       251, 61, 247, 111, 157, 172, 24, 7, 240, 29, 156, 73, 16, 246,
       115, 191, 120, 87, 32, 250, 108, 174, 239, 233, 114, 127, 225,
       247, 253, 254, 222, 157, 91, 188, 251, 238, 139, 125, 251, 111,
       244, 215, 254, 191, 127, 109, 28, 166, 125, 215, 62, 203, 205, 75,
       231, 233, 247, 255, 253, 60, 124, 61, 118, 182, 95, 247, 119, 224,
       255, 168, 239, 157, 211, 125, 156, 92, 246, 236, 111, 237, 203,
       223, 76, 254, 252, 252, 239, 249, 62, 127, 253, 255, 253, 255,
       220, 253, 127, 190, 191, 206, 251, 221, 123, 107, 245, 215, 254,
       63, 127, 255, 189, 183, 127, 223, 118, 239, 199, 108, 119, 251,
       215, 125, 253, 124, 122, 95, 122, 63, 223, 181, 119, 239, 159,
       172, 30, 141, 240, 29, 156, 93, 16, 246, 123, 253, 219, 223, 42,
       254, 44, 174, 239, 249, 58, 253, 241, 247, 189, 252, 206, 221,
       221, 124, 251, 238, 155, 252, 235, 107, 244, 127, 222, 251, 125,
       127, 148, 182, 125, 215, 63, 207, 223, 66, 71, 168, 215, 250, 249,
       60, 124, 61, 250, 55, 245, 167, 119, 107, 191, 172, 189, 13, 242,
       29, 158, 92, 54, 230, 123, 253, 219, 223, 45, 254, 236, 35, 113,
       180, 216, 165, 43, 121, 196, 103, 195, 50, 241, 194, 144, 64, 226,
       213, 7, 100, 75, 160, 128, 52, 78, 136, 174, 13, 210, 12, 48, 41,
       114, 36, 84, 187, 66, 112, 1, 212, 144, 64, 24, 14, 192, 28, 200,
       28, 137, 36, 16, 5, 96, 28, 156, 73, 16, 242, 49, 188, 92, 86, 32,
       176, 12, 46, 247, 249, 56, 255, 225, 247, 189, 252, 206, 149, 81,
       245, 187, 230, 139, 220, 227, 106, 244, 45, 222, 187, 93, 107, 20,
       134, 108, 199, 59, 207, 207, 2, 103, 168, 85, 250, 249, 60, 124,
       53, 122, 166, 117, 167, 119, 235, 185, 172, 173, 29, 240, 29, 156,
       76, 54, 226, 107, 173, 202, 71, 41, 254, 252, 171, 255, 221, 250,
       247, 251, 247, 253, 253, 254, 255, 223, 246, 251, 238, 187, 221,
       251, 47, 255, 253, 254, 255, 255, 111, 191, 183, 237, 223, 126,
       255, 255, 227, 111, 123, 214, 255, 255, 62, 249, 125, 235, 118,
       255, 190, 249, 179, 255, 204, 239, 255, 215, 255, 156, 254, 117,
       252, 249, 111, 255, 125, 153, 254, 60, 254, 125, 253, 62, 253,
       253, 121, 253, 253, 214, 253, 253, 124, 253, 204, 251, 253, 227,
       123, 245, 126, 218, 255, 253, 127, 245, 247, 124, 215, 119, 239,
       207, 248, 199, 60, 255, 249, 249, 127, 124, 221, 255, 39, 245,
       181, 247, 107, 187, 254, 137, 79, 246, 29, 158, 93, 62, 242, 255,
       255, 251, 223, 236, 222, 247, 251, 87, 135, 247, 26, 159, 154,
       254, 85, 31, 127, 175, 127, 224, 93, 251, 215, 61, 119, 69, 133,
       129, 118, 78, 222, 249, 47, 214, 10, 114, 57, 210, 37, 85, 250,
       82, 120, 233, 116, 81, 92, 56, 63, 213, 28, 244, 109, 137, 173,
       16, 5, 248, 31, 156, 73, 16, 242, 51, 189, 88, 87, 32, 250, 61,
       255, 255, 249, 54, 255, 247, 253, 253, 221, 222, 253, 223, 125,
       251, 237, 251, 253, 251, 111, 245, 127, 214, 247, 125, 127, 21,
       182, 125, 215, 126, 187, 223, 107, 247, 190, 215, 123, 253, 124,
       125, 61, 250, 182, 213, 163, 119, 111, 191, 189, 173, 77, 242, 61,
       158, 93, 118, 246, 127, 239, 219, 223, 45, 250, 252, 254, 255,
       219, 254, 223, 215, 253, 223, 245, 126, 190, 255, 190, 251, 238,
       251, 213, 127, 111, 31, 213, 254, 180, 127, 245, 61, 47, 247, 219,
       94, 191, 225, 39, 119, 219, 210, 127, 237, 254, 178, 95, 228, 62,
       29, 142, 92, 181, 143, 173, 215, 173, 251, 191, 135, 95, 80, 252,
       105, 124, 95, 92, 42, 254, 212, 169, 187, 253, 56, 196, 248, 231,
       88, 175, 195, 158, 211, 192, 219, 234, 171, 77, 59, 75, 143, 173,
       238, 155, 47, 219, 183, 175, 65, 15, 51, 126, 103, 23, 125, 251,
       18, 255, 233, 118, 240, 124, 177, 110, 255, 28, 153, 59, 153, 172,
       58, 247, 241, 31, 28, 64, 208, 250, 57, 249, 92, 87, 33, 246, 60,
       255, 253, 253, 63, 253, 249, 121, 191, 253, 255, 255, 223, 125,
       252, 253, 253, 255, 226, 123, 247, 126, 210, 255, 253, 127, 247,
       255, 125, 247, 255, 239, 223, 120, 199, 190, 223, 121, 250, 125,
       124, 221, 251, 111, 245, 247, 247, 111, 187, 174, 153, 79, 240,
       29, 158, 93, 63, 243, 127, 191, 251, 255, 173, 254, 251, 253, 124,
       214, 247, 127, 95, 24, 255, 85, 189, 251, 175, 255, 230, 93, 255,
       247, 60, 117, 127, 207, 177, 116, 246, 255, 249, 127, 254, 58,
       214, 41, 218, 109, 22, 223, 194, 121, 253, 253, 117, 221, 56, 191,
       221, 24, 252, 44, 133, 167, 16, 13, 232, 191, 158, 207, 120, 246,
       49, 61, 92, 215, 52, 250, 249, 236, 254, 219, 107, 127, 247, 191,
       253, 252, 252, 253, 127, 254, 127, 238, 255, 187, 251, 191, 245,
       215, 255, 183, 243, 127, 221, 246, 109, 215, 255, 231, 207, 107,
       67, 116, 255, 217, 253, 120, 120, 29, 247, 183, 221, 113, 183,
       239, 191, 238, 143, 223, 247, 125, 216, 213, 127, 255, 255, 253,
       251, 251, 204, 222, 255, 254, 255, 239, 255, 247, 223, 188, 255,
       223, 125, 250, 191, 59, 246, 253, 251, 247, 62, 127, 125, 215,
       183, 124, 239, 255, 253, 127, 255, 123, 254, 59, 244, 109, 156,
       223, 218, 117, 253, 245, 87, 223, 123, 63, 209, 30, 220, 60, 157,
       189, 30, 5, 248, 191, 159, 111, 216, 246, 49, 156, 92, 223, 50,
       185, 250, 252, 254, 255, 191, 245, 253, 189, 223, 255, 122, 255,
       191, 238, 251, 254, 251, 215, 253, 43, 255, 191, 255, 63, 127,
       223, 243, 59, 223, 251, 247, 255, 231, 167, 125, 119, 247, 255,
       251, 119, 123, 124, 231, 126, 255, 23, 253, 179, 253, 206, 126,
       245, 252, 159, 188, 109, 145, 242, 247, 255, 255, 125, 163, 190,
       239, 255, 239, 255, 255, 191, 223, 122, 253, 255, 254, 251, 239,
       127, 252, 109, 131, 245, 255, 63, 247, 127, 219, 127, 103, 255,
       19, 183, 126, 91, 119, 255, 223, 235, 255, 243, 254, 253, 255, 53,
       125, 253, 235, 127, 223, 147, 253, 243, 255, 191, 153, 205, 249,
       181, 223, 190, 127, 254, 247, 255, 219, 255, 189, 222, 10, 146,
       24, 35, 175, 176, 166, 9, 98, 59, 0, 106, 188, 119, 36, 17, 79,
       187, 33, 208, 192, 117, 83, 113, 192, 214, 241, 238, 90, 34, 161,
       98, 159, 132, 211, 32, 123, 72, 232, 96, 100, 92, 56, 41, 213, 85,
       247, 111, 153, 238, 24, 5, 244, 5, 216, 89, 18, 243, 183, 181, 16,
       83, 96, 74, 187, 222, 92, 235, 239, 189, 151, 1, 63, 127, 60, 202,
       191, 127, 116, 93, 245, 243, 37, 243, 244, 119, 251, 121, 113,
       223, 241, 126, 127, 211, 247, 227, 151, 228, 82, 52, 243, 89, 248,
       248, 118, 95, 120, 45, 213, 21, 247, 111, 153, 236, 24, 13, 246,
       29, 156, 89, 50, 242, 51, 189, 218, 219, 40, 250, 253, 254, 127,
       231, 255, 191, 63, 249, 253, 127, 250, 251, 239, 187, 246, 205,
       242, 245, 127, 109, 121, 215, 186, 124, 111, 252, 61, 63, 255, 91,
       126, 191, 112, 101, 254, 251, 210, 127, 181, 245, 223, 206, 122,
       159, 219, 143, 92, 149, 140, 181, 22, 44, 203, 191, 143, 109, 216,
       252, 49, 156, 223, 222, 62, 185, 230, 172, 238, 217, 219, 159, 71,
       205, 173, 231, 132, 250, 155, 235, 182, 79, 139, 117, 59, 47, 159,
