%YAML:1.0
descriptors: !!opencv-matrix
   rows: 166
   cols: 64
   dt: u
   data: [ 61, 180, 253, 190, 63, 253, 191, 125, 244, 252, 253, 247, 253,
       126, 182, 116, 251, 213, 99, 99, 245, 39, 195, 119, 205, 255, 245,
       191, 90, 95, 119, 235, 215, 36, 85, 190, 82, 120, 233, 116, 120,
       92, 56, 47, 213, 21, 247, 111, 153, 172, 24, 5, 240, 29, 156, 73,
       16, 242, 51, 189, 88, 87, 32, 250, 28, 177, 93, 182, 55, 177, 189,
       122, 118, 156, 213, 241, 125, 126, 180, 80, 250, 222, 65, 99, 229,
       36, 193, 247, 204, 186, 224, 207, 82, 12, 245, 235, 223, 36, 85,
       190, 83, 120, 233, 116, 120, 92, 56, 47, 212, 21, 247, 111, 153,
       172, 24, 5, 240, 29, 156, 73, 16, 242, 51, 189, 88, 87, 32, 250,
       59, 244, 125, 166, 191, 189, 223, 24, 255, 87, 253, 250, 189, 123,
       244, 85, 246, 247, 39, 113, 245, 118, 147, 118, 236, 255, 225, 63,
       126, 123, 245, 235, 215, 108, 214, 190, 210, 121, 233, 117, 112,
       223, 56, 47, 212, 20, 245, 111, 153, 172, 24, 5, 248, 29, 156, 73,
       16, 242, 51, 189, 88, 223, 32, 250, 59, 53, 112, 54, 191, 165, 95,
       56, 214, 77, 245, 115, 173, 74, 164, 85, 246, 246, 6, 208, 243,
       42, 129, 118, 172, 186, 231, 91, 210, 56, 245, 233, 70, 44, 28,
       190, 202, 120, 129, 245, 89, 202, 23, 11, 192, 21, 181, 79, 137,
       166, 24, 5, 96, 28, 156, 65, 16, 179, 51, 155, 56, 23, 32, 249,
       45, 38, 101, 33, 221, 177, 163, 120, 184, 61, 194, 117, 236, 59,
       161, 69, 234, 244, 3, 96, 225, 2, 138, 116, 78, 184, 44, 43, 222,
       14, 49, 111, 213, 36, 85, 186, 82, 114, 41, 116, 212, 84, 24, 14,
       64, 4, 240, 69, 153, 44, 24, 4, 240, 29, 140, 73, 16, 240, 35,
       188, 88, 87, 32, 248, 58, 48, 125, 174, 191, 97, 27, 61, 214, 56,
       220, 53, 125, 62, 187, 244, 255, 150, 67, 208, 241, 178, 167, 180,
       220, 169, 236, 219, 251, 223, 255, 238, 221, 44, 7, 190, 222, 114,
       169, 125, 120, 93, 87, 14, 212, 53, 166, 77, 187, 174, 155, 15,
       240, 29, 156, 89, 20, 242, 63, 184, 58, 86, 34, 220, 63, 182, 125,
       170, 159, 181, 143, 13, 231, 110, 184, 48, 253, 47, 185, 85, 255,
       246, 67, 240, 241, 82, 211, 116, 220, 253, 237, 107, 82, 156, 241,
       235, 213, 44, 87, 190, 90, 120, 169, 124, 116, 92, 56, 175, 212,
       20, 244, 109, 153, 172, 24, 5, 242, 29, 156, 73, 24, 242, 51, 188,
       88, 215, 40, 250, 76, 11, 163, 240, 200, 166, 99, 71, 132, 126,
       66, 5, 67, 193, 145, 10, 130, 77, 185, 102, 238, 173, 140, 51, 78,
       202, 142, 133, 208, 0, 48, 203, 115, 3, 84, 185, 53, 118, 85, 68,
       200, 100, 152, 198, 73, 13, 67, 194, 92, 44, 24, 208, 209, 124,
       140, 136, 65, 236, 99, 159, 72, 38, 145, 240, 204, 43, 247, 245,
       112, 39, 251, 247, 145, 252, 193, 151, 195, 193, 147, 11, 162,
       205, 187, 111, 238, 173, 198, 251, 79, 202, 182, 214, 88, 101, 54,
       255, 247, 51, 116, 185, 181, 254, 246, 245, 216, 110, 187, 118,
       235, 29, 195, 239, 221, 168, 56, 215, 241, 126, 189, 206, 85, 254,
       115, 255, 93, 116, 147, 251, 179, 213, 25, 30, 39, 12, 21, 11,
       231, 0, 61, 194, 61, 123, 4, 28, 247, 178, 36, 148, 18, 242, 177,
       38, 210, 151, 229, 88, 163, 186, 204, 40, 138, 44, 2, 150, 202, 0,
       130, 233, 38, 219, 61, 201, 144, 112, 180, 78, 131, 167, 129, 10,
       40, 8, 82, 83, 57, 115, 112, 24, 56, 212, 174, 73, 63, 242, 125,
       171, 191, 181, 155, 88, 246, 255, 117, 248, 173, 59, 177, 85, 242,
       214, 5, 105, 225, 114, 195, 124, 172, 152, 225, 59, 94, 25, 113,
       123, 245, 36, 148, 190, 82, 121, 169, 117, 112, 94, 56, 15, 208,
       20, 208, 109, 153, 172, 24, 5, 240, 29, 156, 73, 16, 242, 51, 156,
       88, 87, 32, 251, 1, 134, 4, 33, 137, 176, 160, 92, 48, 154, 66,
       69, 128, 73, 9, 5, 0, 44, 129, 2, 224, 34, 94, 121, 96, 40, 0,
       130, 92, 64, 33, 87, 127, 194, 217, 32, 53, 170, 41, 32, 237, 36,
       26, 134, 68, 193, 83, 67, 56, 88, 24, 32, 244, 5, 204, 0, 23, 194,
       135, 165, 194, 211, 32, 114, 179, 213, 113, 134, 151, 76, 145,
       216, 238, 69, 189, 255, 47, 8, 100, 253, 255, 244, 38, 49, 64, 2,
       177, 100, 36, 159, 113, 43, 151, 26, 82, 57, 212, 108, 92, 222,
       66, 112, 137, 245, 83, 220, 56, 43, 208, 16, 252, 108, 129, 181,
       82, 5, 248, 18, 132, 65, 16, 176, 48, 60, 92, 95, 36, 185, 60, 55,
       245, 212, 50, 69, 249, 247, 215, 252, 87, 151, 85, 124, 187, 86,
       255, 214, 194, 35, 212, 169, 198, 178, 221, 171, 244, 90, 72, 220,
       247, 107, 199, 52, 85, 190, 214, 120, 225, 125, 112, 93, 57, 38,
       244, 20, 193, 111, 153, 172, 25, 15, 240, 29, 156, 73, 16, 242,
       51, 189, 90, 87, 32, 250, 9, 135, 68, 97, 61, 177, 167, 120, 48,
       152, 198, 101, 168, 93, 41, 5, 128, 253, 193, 58, 244, 98, 218,
       243, 97, 62, 0, 182, 124, 68, 33, 211, 223, 98, 217, 160, 117,
       120, 249, 33, 125, 52, 58, 38, 85, 225, 215, 107, 56, 188, 24, 5,
       240, 13, 220, 72, 55, 194, 183, 143, 66, 223, 164, 90, 58, 17,
       149, 214, 34, 5, 88, 39, 86, 224, 87, 21, 29, 246, 59, 82, 246,
       210, 64, 163, 198, 168, 195, 130, 153, 138, 226, 88, 66, 232, 213,
       105, 215, 52, 117, 190, 222, 122, 210, 117, 112, 93, 181, 46, 228,
       20, 225, 111, 153, 174, 25, 71, 240, 29, 156, 73, 17, 243, 59,
       249, 89, 6, 32, 250, 58, 245, 124, 158, 55, 157, 221, 9, 247, 84,
       189, 244, 61, 126, 180, 116, 247, 182, 66, 179, 213, 114, 209,
       102, 245, 182, 229, 91, 59, 250, 221, 233, 135, 108, 71, 190, 250,
       120, 251, 125, 114, 223, 101, 173, 180, 116, 245, 111, 177, 174,
       153, 11, 242, 29, 220, 81, 56, 243, 114, 189, 123, 223, 42, 218,
       187, 54, 117, 166, 191, 236, 143, 72, 239, 93, 251, 115, 173, 63,
       240, 117, 251, 247, 37, 112, 113, 2, 145, 116, 92, 253, 249, 59,
       250, 26, 115, 169, 212, 36, 87, 190, 82, 120, 169, 124, 101, 92,
       56, 175, 197, 16, 244, 109, 153, 164, 24, 1, 240, 29, 156, 73, 16,
       242, 51, 188, 88, 87, 32, 250, 160, 11, 39, 131, 2, 77, 129, 247,
       175, 212, 2, 7, 17, 184, 251, 230, 234, 212, 65, 36, 92, 130, 212,
       160, 89, 56, 156, 0, 144, 138, 26, 25, 112, 36, 119, 250, 80, 114,
       129, 84, 208, 85, 24, 22, 64, 166, 64, 236, 137, 44, 92, 5, 146,
       31, 141, 73, 16, 112, 33, 60, 76, 6, 32, 250, 63, 191, 255, 254,
       63, 247, 249, 127, 246, 252, 215, 247, 255, 127, 187, 95, 255,
       215, 99, 115, 245, 47, 195, 119, 205, 255, 245, 255, 90, 94, 247,
       235, 215, 44, 85, 190, 83, 120, 233, 116, 120, 92, 56, 47, 213,
       21, 247, 111, 153, 172, 24, 5, 240, 29, 156, 73, 16, 242, 51, 189,
       88, 87, 32, 250, 69, 39, 17, 148, 88, 130, 2, 74, 2, 64, 3, 20, 0,
       66, 128, 64, 98, 69, 1, 102, 194, 41, 128, 67, 12, 138, 162, 13,
       18, 8, 49, 73, 87, 39, 84, 155, 0, 120, 5, 84, 0, 64, 24, 10, 193,
       12, 193, 79, 25, 36, 24, 4, 112, 24, 156, 73, 16, 114, 51, 157,
       72, 6, 32, 248, 60, 176, 255, 246, 62, 247, 253, 126, 247, 252,
       221, 247, 255, 127, 179, 92, 251, 215, 99, 99, 245, 127, 195, 127,
       205, 255, 246, 191, 122, 221, 247, 239, 215, 36, 85, 190, 87, 120,
       249, 117, 120, 93, 121, 47, 213, 53, 247, 111, 153, 172, 24, 5,
       240, 29, 156, 73, 16, 242, 51, 189, 88, 87, 32, 250, 191, 179,
       255, 246, 63, 247, 255, 122, 246, 253, 223, 243, 255, 126, 178,
       86, 255, 223, 99, 115, 245, 63, 195, 119, 205, 255, 247, 255, 122,
       94, 247, 235, 215, 44, 85, 190, 91, 120, 249, 124, 120, 93, 56,
       47, 213, 53, 247, 111, 153, 172, 24, 5, 240, 29, 156, 73, 16, 242,
       51, 189, 88, 87, 32, 250, 61, 190, 255, 254, 62, 255, 249, 127,
       255, 252, 222, 245, 255, 127, 254, 254, 255, 215, 99, 107, 245,
       37, 211, 255, 221, 239, 244, 255, 126, 95, 247, 239, 223, 36, 85,
       190, 222, 122, 233, 124, 120, 92, 123, 47, 213, 55, 247, 111, 153,
       172, 24, 5, 240, 29, 156, 73, 16, 242, 51, 189, 90, 87, 32, 250,
       77, 10, 230, 209, 251, 127, 163, 252, 60, 254, 138, 21, 25, 253,
       251, 231, 195, 220, 9, 106, 204, 225, 142, 58, 79, 136, 136, 2,
