%YAML:1.0
descriptors: !!opencv-matrix
   rows: 158
   cols: 64
   dt: u
   data: [ 62, 50, 125, 166, 63, 61, 61, 123, 244, 126, 215, 112, 125,
       123, 180, 85, 242, 220, 67, 96, 241, 34, 193, 118, 76, 168, 164,
       155, 82, 28, 113, 233, 215, 36, 86, 190, 83, 120, 169, 116, 120,
       92, 56, 47, 212, 21, 247, 79, 153, 172, 24, 5, 240, 29, 156, 73,
       16, 242, 51, 189, 88, 87, 32, 250, 63, 180, 125, 164, 62, 61, 61,
       122, 244, 126, 252, 113, 125, 123, 180, 85, 242, 244, 71, 97, 241,
       114, 240, 118, 204, 175, 229, 155, 122, 92, 117, 233, 215, 44, 86,
       190, 82, 120, 161, 244, 90, 95, 56, 47, 208, 21, 245, 79, 153,
       172, 24, 5, 240, 29, 156, 73, 16, 242, 51, 189, 88, 87, 32, 248,
       63, 182, 125, 180, 62, 181, 189, 121, 246, 254, 214, 241, 253,
       127, 177, 85, 242, 220, 67, 99, 245, 34, 195, 127, 205, 186, 228,
       251, 90, 93, 245, 235, 215, 44, 85, 190, 82, 120, 233, 116, 120,
       92, 58, 47, 212, 53, 247, 111, 153, 172, 24, 5, 240, 29, 156, 73,
       16, 242, 51, 189, 88, 87, 32, 250, 62, 182, 253, 246, 63, 189,
       249, 125, 247, 252, 214, 245, 253, 126, 180, 86, 254, 214, 67,
       115, 245, 46, 195, 119, 221, 170, 228, 251, 122, 221, 245, 239,
       215, 44, 85, 190, 214, 120, 233, 125, 120, 93, 59, 47, 212, 53,
       247, 111, 153, 172, 24, 5, 240, 29, 156, 73, 16, 242, 51, 189, 90,
       87, 32, 250, 60, 189, 253, 254, 62, 253, 249, 127, 255, 252, 214,
       245, 253, 126, 187, 246, 255, 254, 99, 107, 245, 126, 211, 255,
       253, 170, 230, 219, 126, 221, 245, 239, 223, 44, 87, 190, 223,
       122, 249, 125, 248, 93, 251, 47, 212, 55, 247, 111, 185, 172, 152,
       13, 240, 29, 157, 73, 16, 242, 115, 191, 91, 95, 40, 250, 126, 53,
       253, 182, 255, 183, 63, 125, 246, 126, 213, 51, 253, 122, 182, 85,
       242, 245, 83, 100, 241, 55, 211, 118, 220, 234, 236, 31, 218, 216,
       117, 233, 215, 44, 22, 190, 210, 120, 129, 245, 88, 223, 24, 15,
       209, 20, 193, 79, 153, 172, 24, 5, 240, 29, 156, 73, 16, 242, 51,
       189, 88, 86, 34, 249, 255, 252, 253, 190, 255, 191, 127, 123, 255,
       125, 213, 251, 255, 255, 182, 93, 250, 213, 127, 101, 245, 87,
       147, 119, 254, 250, 252, 191, 251, 93, 124, 233, 215, 45, 20, 255,
       214, 121, 241, 117, 90, 223, 27, 143, 209, 53, 245, 79, 157, 172,
       26, 13, 248, 61, 159, 73, 88, 246, 59, 189, 90, 87, 42, 251, 199,
       38, 3, 33, 216, 162, 162, 192, 64, 43, 130, 38, 194, 129, 131, 1,
       64, 73, 15, 192, 201, 133, 15, 220, 70, 88, 28, 167, 130, 12, 33,
       86, 113, 173, 68, 187, 88, 180, 37, 150, 136, 64, 8, 142, 65, 104,
       138, 145, 24, 108, 16, 0, 81, 124, 12, 11, 16, 232, 129, 180, 76,
       82, 112, 32, 126, 181, 237, 190, 55, 191, 125, 127, 245, 124, 220,
       177, 125, 254, 188, 223, 243, 212, 67, 115, 245, 51, 243, 55, 93,
       234, 164, 159, 91, 93, 125, 233, 199, 44, 84, 186, 210, 122, 193,
       245, 90, 223, 58, 47, 212, 23, 229, 111, 153, 172, 26, 5, 240, 29,
       157, 73, 16, 242, 59, 189, 90, 86, 34, 251, 198, 233, 138, 158,
       32, 74, 92, 131, 11, 131, 13, 202, 146, 134, 238, 154, 137, 3, 52,
       207, 7, 157, 96, 67, 101, 215, 147, 105, 3, 170, 6, 32, 134, 20,
       97, 202, 130, 76, 234, 49, 32, 188, 53, 97, 191, 28, 53, 174, 209,
       170, 32, 215, 153, 69, 112, 166, 17, 219, 48, 109, 61, 113, 209,
       202, 124, 63, 239, 248, 54, 191, 57, 127, 245, 254, 214, 53, 93,
       255, 249, 230, 242, 253, 75, 106, 245, 119, 208, 119, 93, 168,
       164, 157, 126, 216, 124, 235, 247, 36, 87, 186, 214, 122, 193,
       124, 252, 93, 24, 46, 212, 167, 193, 111, 153, 172, 28, 13, 242,
       29, 159, 73, 16, 242, 59, 189, 90, 86, 40, 250, 66, 35, 144, 82,
       200, 130, 66, 3, 66, 40, 2, 55, 224, 194, 128, 16, 98, 131, 1,
       198, 199, 45, 11, 199, 130, 10, 230, 15, 130, 12, 161, 100, 71,
       39, 68, 191, 24, 56, 71, 84, 64, 64, 16, 202, 65, 76, 131, 79,
       153, 36, 24, 64, 112, 24, 28, 65, 16, 114, 19, 181, 72, 39, 161,
       232, 131, 204, 146, 43, 200, 200, 134, 128, 43, 131, 41, 202, 130,
       5, 110, 25, 13, 11, 188, 133, 14, 5, 74, 72, 99, 213, 25, 102,
       133, 35, 131, 23, 151, 209, 89, 65, 33, 205, 238, 34, 33, 60, 40,
       113, 183, 28, 126, 177, 81, 216, 32, 54, 133, 227, 104, 170, 19,
       205, 144, 37, 20, 121, 81, 10, 47, 181, 253, 190, 55, 189, 217,
       95, 246, 220, 135, 229, 253, 123, 189, 87, 254, 246, 67, 243, 245,
       38, 83, 119, 213, 186, 228, 91, 122, 124, 245, 227, 223, 44, 87,
       190, 218, 120, 233, 125, 120, 92, 58, 175, 212, 113, 245, 111,
       153, 174, 24, 13, 240, 29, 156, 73, 16, 242, 51, 189, 122, 87, 32,
       250, 62, 185, 253, 254, 55, 125, 253, 127, 247, 220, 253, 241,
       127, 126, 190, 94, 255, 214, 99, 243, 245, 62, 211, 247, 253, 171,
       230, 217, 90, 252, 244, 233, 223, 44, 87, 190, 223, 120, 233, 125,
       120, 93, 59, 47, 244, 53, 247, 111, 185, 174, 24, 7, 240, 29, 156,
       73, 16, 243, 51, 189, 122, 87, 32, 250, 222, 49, 219, 150, 18, 3,
       93, 110, 198, 132, 85, 48, 119, 194, 144, 82, 234, 212, 37, 103,
       7, 173, 224, 51, 12, 155, 179, 13, 82, 8, 48, 41, 82, 38, 52, 186,
       66, 120, 193, 212, 80, 200, 56, 47, 195, 28, 193, 78, 153, 172,
       16, 5, 112, 28, 148, 73, 16, 242, 51, 189, 88, 22, 32, 250, 124,
       62, 255, 241, 254, 255, 163, 255, 253, 252, 214, 55, 253, 255,
       251, 228, 242, 213, 91, 110, 253, 7, 194, 245, 95, 232, 188, 141,
       126, 220, 123, 235, 247, 36, 85, 190, 86, 122, 205, 124, 216, 92,
       24, 30, 213, 167, 225, 111, 153, 172, 24, 5, 240, 29, 157, 73, 16,
       242, 51, 189, 90, 87, 32, 250, 65, 11, 214, 218, 97, 219, 166,
       114, 40, 248, 42, 3, 128, 55, 201, 162, 139, 209, 169, 110, 196,
       37, 192, 115, 73, 93, 153, 36, 16, 2, 51, 91, 215, 5, 85, 178, 17,
       216, 237, 100, 116, 84, 56, 39, 117, 134, 117, 111, 153, 172, 56,
       5, 241, 29, 156, 200, 0, 234, 51, 189, 72, 71, 33, 250, 60, 57,
       255, 220, 50, 111, 249, 247, 223, 212, 223, 181, 93, 254, 251,
       254, 251, 212, 67, 110, 119, 57, 230, 183, 221, 235, 166, 153,
       107, 222, 126, 169, 246, 38, 101, 190, 214, 114, 217, 124, 248,
       93, 189, 46, 244, 182, 229, 110, 153, 172, 223, 13, 242, 29, 156,
       73, 48, 242, 123, 189, 89, 14, 35, 250, 135, 196, 8, 136, 5, 28,
       28, 1, 35, 67, 33, 202, 130, 3, 100, 31, 128, 121, 36, 225, 8,
       132, 16, 96, 68, 213, 185, 107, 16, 42, 3, 33, 146, 52, 214, 138,
       66, 104, 169, 114, 98, 138, 40, 169, 151, 20, 244, 45, 145, 172,
       16, 5, 96, 17, 188, 105, 16, 146, 48, 61, 88, 81, 32, 171, 253,
       62, 247, 245, 254, 247, 47, 252, 252, 255, 240, 123, 239, 187,
       146, 79, 251, 245, 127, 111, 249, 199, 246, 189, 206, 255, 189,
       191, 254, 94, 114, 187, 211, 101, 84, 191, 86, 124, 253, 253, 124,
       76, 58, 191, 217, 33, 253, 117, 156, 173, 28, 5, 240, 189, 158,
       77, 120, 246, 51, 157, 222, 215, 32, 250, 65, 3, 128, 22, 1, 66,
       32, 22, 0, 128, 2, 5, 32, 134, 3, 3, 42, 0, 1, 212, 193, 9, 71, 3,
       0, 8, 136, 4, 16, 4, 160, 69, 93, 37, 113, 176, 17, 72, 1, 68, 33,
       64, 24, 6, 77, 5, 99, 110, 24, 36, 88, 5, 240, 24, 152, 8, 18, 99,
       51, 181, 8, 6, 32, 74, 9, 14, 198, 11, 137, 81, 166, 133, 41, 208,
       10, 7, 16, 63, 235, 164, 203, 152, 169, 106, 68, 3, 206, 112, 89,
       93, 24, 32, 188, 2, 27, 19, 213, 38, 81, 178, 81, 82, 109, 44,
       117, 21, 56, 54, 69, 132, 116, 224, 153, 44, 92, 5, 210, 15, 140,
       72, 16, 224, 35, 181, 72, 71, 32, 250, 3, 134, 0, 34, 221, 168,
       166, 8, 32, 17, 0, 99, 160, 91, 132, 17, 66, 101, 133, 0, 192, 32,
       136, 96, 68, 144, 9, 7, 190, 40, 1, 65, 150, 192, 216, 128, 33,
       136, 9, 128, 69, 2, 10, 193, 64, 1, 244, 67, 64, 53, 24, 4, 100,
       128, 239, 41, 16, 2, 182, 132, 0, 87, 52, 89, 129, 5, 0, 19, 201,
       0, 130, 132, 32, 33, 2, 7, 160, 107, 3, 37, 98, 32, 1, 194, 73,
       170, 159, 32, 2, 42, 0, 2, 144, 4, 1, 23, 127, 38, 64, 176, 17, 2,
