%YAML:1.0
descriptors: !!opencv-matrix
   rows: 159
   cols: 64
   dt: u
   data: [ 62, 185, 255, 222, 55, 221, 213, 63, 255, 212, 253, 248, 127,
       254, 190, 222, 255, 146, 99, 251, 183, 127, 195, 247, 249, 127,
       245, 249, 99, 222, 214, 169, 223, 46, 103, 190, 219, 88, 251, 124,
       120, 221, 181, 47, 213, 53, 247, 110, 155, 174, 139, 79, 240, 29,
       152, 93, 48, 243, 123, 253, 121, 127, 172, 218, 191, 254, 125,
       235, 255, 253, 183, 89, 255, 119, 172, 250, 189, 127, 254, 253,
       255, 247, 255, 121, 253, 119, 155, 116, 245, 247, 125, 127, 255,
       219, 223, 235, 159, 204, 215, 254, 243, 217, 253, 126, 126, 223,
       126, 181, 213, 243, 244, 101, 191, 189, 153, 44, 254, 157, 222,
       125, 56, 246, 247, 189, 219, 223, 110, 218, 60, 182, 125, 156, 34,
       253, 185, 119, 119, 254, 86, 149, 93, 62, 189, 102, 254, 154, 195,
       235, 245, 112, 209, 247, 217, 58, 228, 218, 104, 214, 245, 235,
       207, 36, 69, 190, 223, 122, 233, 124, 248, 93, 57, 47, 212, 53,
       247, 111, 153, 172, 24, 13, 240, 29, 156, 73, 22, 242, 51, 189,
       90, 87, 40, 250, 63, 246, 124, 172, 191, 189, 191, 88, 188, 127,
       226, 123, 173, 59, 236, 85, 242, 252, 7, 112, 241, 98, 154, 120,
       68, 188, 225, 123, 94, 95, 117, 239, 223, 36, 87, 190, 83, 120,
       169, 117, 124, 92, 122, 47, 212, 21, 246, 111, 153, 172, 24, 5,
       240, 29, 156, 73, 16, 242, 51, 189, 90, 87, 32, 250, 61, 245, 125,
       124, 62, 253, 253, 125, 255, 254, 253, 249, 125, 127, 252, 247,
       251, 254, 199, 123, 247, 122, 245, 254, 253, 191, 231, 251, 127,
       255, 253, 239, 223, 236, 239, 190, 222, 249, 249, 127, 127, 223,
       255, 239, 246, 247, 247, 111, 187, 191, 159, 79, 248, 29, 159, 93,
       60, 242, 255, 255, 251, 223, 175, 254, 62, 244, 125, 174, 63, 189,
       223, 41, 247, 117, 213, 248, 189, 126, 180, 84, 250, 215, 66, 115,
       245, 55, 211, 119, 253, 254, 229, 127, 114, 251, 245, 235, 215,
       44, 87, 190, 218, 120, 233, 125, 120, 93, 125, 47, 213, 20, 245,
       111, 153, 174, 24, 5, 240, 29, 156, 73, 16, 242, 51, 189, 120, 87,
       32, 250, 58, 240, 253, 254, 63, 253, 223, 41, 223, 255, 253, 249,
       189, 126, 180, 94, 255, 215, 98, 243, 245, 127, 195, 127, 253,
       255, 247, 127, 122, 251, 245, 239, 199, 44, 87, 190, 222, 121,
       249, 127, 120, 221, 245, 47, 213, 20, 245, 111, 155, 174, 153, 15,
       240, 29, 156, 89, 16, 243, 115, 189, 251, 95, 40, 254, 58, 53,
       125, 190, 54, 45, 25, 127, 215, 68, 213, 176, 125, 58, 180, 86,
       242, 212, 67, 97, 241, 114, 193, 55, 220, 168, 228, 25, 114, 220,
       125, 233, 208, 44, 20, 190, 218, 120, 129, 252, 218, 223, 61, 15,
       208, 52, 225, 78, 155, 172, 153, 13, 242, 29, 157, 89, 24, 242,
       51, 184, 89, 86, 42, 251, 28, 178, 93, 10, 55, 249, 180, 127, 115,
       152, 214, 245, 124, 55, 173, 80, 239, 214, 1, 97, 193, 32, 193,
       243, 205, 157, 224, 73, 82, 14, 177, 104, 221, 36, 85, 186, 82,
       120, 233, 116, 112, 92, 56, 47, 212, 20, 245, 111, 153, 172, 24,
       5, 240, 29, 156, 73, 16, 242, 51, 189, 88, 87, 32, 250, 60, 242,
       125, 168, 63, 253, 177, 120, 253, 222, 254, 117, 125, 63, 249,
       229, 243, 252, 195, 112, 241, 114, 149, 244, 229, 172, 100, 153,
       127, 222, 125, 251, 252, 108, 215, 190, 95, 114, 137, 124, 254,
       93, 26, 14, 212, 247, 242, 109, 185, 173, 152, 13, 242, 29, 221,
       89, 60, 242, 55, 188, 90, 223, 46, 249, 61, 54, 117, 160, 55, 181,
       37, 121, 244, 92, 214, 49, 109, 59, 176, 85, 242, 252, 67, 112,
       241, 114, 145, 246, 220, 168, 228, 153, 122, 220, 253, 233, 204,
       108, 214, 190, 222, 50, 129, 125, 220, 95, 26, 142, 208, 225, 194,
       78, 184, 44, 153, 9, 242, 29, 159, 81, 56, 178, 55, 156, 122, 214,
       46, 249, 45, 54, 101, 160, 63, 181, 37, 120, 244, 94, 210, 49,
       109, 57, 185, 69, 194, 252, 67, 96, 241, 98, 144, 118, 76, 168,
       132, 145, 126, 92, 57, 201, 220, 108, 214, 186, 82, 114, 1, 116,
       220, 86, 26, 142, 80, 161, 194, 78, 152, 44, 24, 4, 240, 29, 159,
       73, 48, 242, 51, 156, 74, 215, 44, 248, 60, 53, 125, 158, 54, 53,
       25, 127, 214, 70, 213, 52, 125, 58, 185, 86, 242, 214, 66, 96,
       241, 114, 209, 183, 156, 168, 228, 217, 98, 220, 253, 233, 204,
       44, 7, 190, 222, 122, 129, 93, 152, 217, 21, 142, 208, 52, 193,
       78, 155, 172, 153, 11, 114, 29, 156, 81, 40, 242, 123, 184, 123,
       150, 106, 249, 54, 241, 125, 158, 54, 77, 93, 110, 247, 132, 189,
       240, 125, 51, 148, 122, 251, 214, 102, 107, 7, 40, 225, 167, 205,
       135, 229, 89, 67, 184, 212, 105, 210, 44, 52, 190, 74, 120, 195,
       245, 114, 218, 57, 47, 146, 20, 245, 110, 145, 172, 26, 3, 240,
       25, 148, 73, 16, 242, 51, 189, 120, 86, 32, 251, 54, 49, 117, 150,
       55, 5, 29, 123, 198, 68, 149, 112, 125, 110, 144, 86, 250, 214,
       70, 49, 19, 34, 193, 103, 156, 182, 229, 25, 18, 184, 212, 104,
       198, 44, 4, 190, 194, 120, 195, 93, 112, 72, 53, 175, 132, 52,
       181, 110, 145, 164, 153, 1, 112, 24, 156, 65, 0, 114, 50, 185,
       120, 87, 32, 250, 125, 63, 247, 240, 116, 127, 163, 255, 252, 252,
       210, 53, 109, 253, 219, 231, 235, 221, 91, 102, 117, 173, 198,
       183, 79, 232, 188, 141, 122, 30, 122, 235, 215, 39, 85, 187, 86,
       114, 205, 116, 252, 84, 26, 174, 77, 163, 231, 238, 153, 44, 28,
       5, 240, 29, 157, 73, 16, 246, 51, 189, 88, 71, 32, 250, 122, 49,
       89, 150, 255, 135, 31, 9, 230, 103, 25, 58, 189, 110, 180, 87,
       251, 215, 16, 101, 203, 55, 195, 102, 204, 214, 249, 63, 82, 56,
       245, 105, 215, 37, 20, 191, 66, 120, 225, 116, 112, 74, 60, 47,
       213, 28, 245, 79, 157, 172, 24, 5, 224, 25, 156, 75, 16, 242, 51,
       189, 88, 87, 32, 250, 63, 54, 125, 170, 23, 55, 39, 125, 228, 70,
       217, 48, 125, 47, 181, 86, 251, 244, 67, 100, 113, 82, 145, 52,
       92, 168, 172, 137, 114, 156, 120, 169, 208, 44, 215, 190, 66, 112,
       1, 92, 60, 90, 24, 15, 84, 53, 196, 76, 155, 172, 24, 5, 112, 29,
       156, 89, 24, 242, 51, 188, 88, 214, 40, 248, 110, 33, 101, 180,
       86, 39, 59, 125, 228, 70, 209, 48, 89, 42, 177, 70, 226, 93, 67,
       100, 121, 163, 192, 54, 12, 168, 172, 141, 82, 28, 49, 169, 112,
       36, 84, 186, 82, 120, 129, 212, 216, 72, 24, 14, 208, 21, 193, 78,
       153, 172, 24, 5, 240, 29, 156, 73, 16, 242, 51, 188, 88, 86, 32,
       249, 124, 50, 231, 180, 254, 39, 59, 254, 244, 124, 211, 53, 125,
       251, 179, 68, 226, 221, 91, 100, 121, 131, 164, 53, 14, 168, 172,
       141, 210, 12, 48, 185, 240, 37, 84, 187, 82, 114, 129, 244, 216,
       92, 24, 14, 209, 31, 192, 76, 153, 172, 24, 5, 240, 29, 157, 73,
       16, 242, 51, 188, 88, 86, 34, 249, 254, 112, 95, 151, 255, 167,
       31, 248, 254, 127, 117, 123, 191, 202, 182, 95, 242, 215, 93, 101,
       201, 135, 167, 60, 142, 218, 253, 63, 211, 73, 117, 63, 241, 37,
       20, 255, 82, 117, 165, 245, 210, 206, 25, 30, 209, 28, 200, 29,
       141, 172, 26, 5, 248, 190, 157, 203, 80, 254, 51, 156, 92, 86, 50,
       185, 255, 248, 243, 119, 223, 162, 251, 248, 206, 47, 241, 123,
       239, 203, 134, 89, 242, 215, 63, 119, 235, 143, 171, 124, 174,
       218, 251, 47, 210, 43, 99, 191, 115, 175, 60, 223, 66, 245, 101,
       215, 75, 202, 201, 91, 203, 25, 217, 149, 204, 181, 80, 165, 104,
       182, 140, 107, 192, 188, 177, 27, 220, 22, 48, 189, 60, 165, 253,
       168, 18, 111, 37, 127, 245, 196, 220, 180, 93, 175, 191, 238, 251,
       220, 99, 100, 113, 81, 208, 183, 93, 237, 180, 153, 105, 222, 126,
       233, 212, 36, 85, 186, 83, 120, 201, 124, 124, 93, 60, 47, 85, 53,
       247, 110, 153, 172, 24, 5, 242, 29, 156, 77, 24, 242, 59, 189, 89,
       87, 34, 250, 254, 241, 255, 254, 55, 55, 125, 254, 246, 214, 245,
       184, 127, 186, 183, 95, 250, 212, 51, 111, 39, 183, 229, 55, 13,
       155, 181, 29, 83, 12, 116, 185, 242, 36, 20, 250, 82, 120, 129,
       117, 114, 95, 57, 46, 211, 20, 193, 110, 153, 172, 26, 5, 112, 29,
