%YAML:1.0
descriptors: !!opencv-matrix
   rows: 123
   cols: 64
   dt: u
   data: [ 62, 184, 255, 167, 63, 245, 185, 125, 255, 253, 222, 245, 253,
       63, 187, 116, 251, 246, 99, 243, 245, 118, 211, 255, 253, 170,
       228, 187, 126, 223, 247, 239, 223, 108, 87, 190, 223, 120, 233,
       125, 124, 93, 123, 47, 212, 53, 247, 111, 153, 172, 24, 5, 240,
       29, 156, 73, 24, 242, 51, 189, 90, 87, 32, 250, 252, 187, 255,
       245, 126, 127, 249, 254, 253, 253, 215, 255, 127, 254, 251, 254,
       251, 221, 127, 107, 247, 191, 230, 247, 239, 235, 182, 159, 127,
       223, 127, 255, 247, 38, 85, 254, 215, 122, 249, 245, 216, 93, 251,
       62, 217, 55, 243, 111, 157, 172, 30, 5, 240, 29, 157, 73, 16, 242,
       115, 191, 91, 87, 34, 251, 188, 253, 255, 254, 54, 127, 253, 255,
       247, 252, 221, 253, 127, 254, 191, 254, 255, 223, 115, 107, 245,
       63, 247, 247, 253, 239, 246, 255, 123, 223, 247, 235, 223, 44, 87,
       190, 215, 120, 249, 117, 122, 95, 255, 47, 213, 53, 247, 111, 153,
       172, 24, 5, 240, 29, 156, 73, 16, 242, 115, 189, 91, 87, 34, 250,
       252, 251, 255, 253, 62, 119, 249, 255, 253, 252, 245, 249, 127,
       250, 251, 254, 251, 221, 251, 107, 247, 255, 231, 191, 189, 235,
       247, 255, 127, 213, 247, 255, 255, 111, 183, 255, 223, 127, 249,
       117, 254, 223, 251, 62, 251, 167, 211, 111, 191, 191, 223, 207,
       250, 61, 159, 93, 116, 246, 127, 223, 251, 159, 175, 255, 254,
       186, 243, 239, 253, 242, 171, 216, 220, 191, 210, 127, 239, 79,
       219, 93, 250, 207, 187, 122, 237, 71, 207, 124, 239, 220, 127,
       247, 222, 127, 227, 255, 119, 233, 221, 119, 125, 191, 237, 55,
       237, 76, 227, 252, 223, 137, 219, 177, 254, 223, 24, 177, 247,
       231, 188, 243, 70, 220, 151, 239, 254, 223, 48, 54, 126, 186, 245,
       101, 252, 250, 187, 92, 248, 187, 194, 253, 237, 3, 171, 241, 250,
       205, 155, 123, 237, 35, 111, 253, 197, 203, 238, 167, 94, 77, 225,
       238, 127, 173, 221, 191, 127, 187, 237, 119, 248, 92, 122, 46,
       211, 231, 155, 115, 188, 252, 28, 37, 229, 189, 157, 105, 214,
       254, 183, 189, 218, 87, 48, 246, 127, 52, 253, 253, 255, 191, 123,
       76, 253, 255, 245, 185, 253, 187, 180, 223, 242, 253, 27, 121,
       237, 99, 255, 61, 205, 202, 234, 191, 91, 125, 253, 239, 241, 165,
       22, 191, 115, 251, 165, 255, 218, 222, 72, 14, 211, 159, 203, 19,
       157, 236, 30, 37, 229, 253, 159, 109, 208, 254, 187, 156, 216, 86,
       50, 253, 125, 52, 253, 190, 63, 183, 127, 127, 245, 254, 252, 177,
       125, 175, 181, 87, 242, 244, 67, 115, 249, 243, 219, 191, 220,
       168, 230, 159, 91, 93, 253, 239, 251, 44, 20, 190, 223, 122, 161,
       255, 90, 206, 91, 174, 214, 55, 199, 79, 185, 172, 26, 5, 224, 29,
       157, 77, 152, 242, 191, 188, 218, 86, 42, 245, 13, 142, 102, 33,
       157, 241, 161, 248, 188, 250, 194, 103, 232, 29, 203, 133, 138,
       124, 195, 42, 240, 82, 222, 248, 97, 60, 24, 162, 124, 71, 35,
       215, 93, 192, 219, 32, 117, 186, 233, 32, 253, 20, 90, 182, 69,
       225, 114, 97, 58, 125, 153, 9, 215, 133, 200, 88, 38, 192, 151,
       165, 194, 155, 108, 94, 127, 250, 245, 188, 94, 175, 47, 126, 197,
       110, 249, 177, 109, 139, 156, 223, 242, 213, 27, 108, 167, 125,
       200, 63, 77, 232, 170, 157, 123, 73, 125, 237, 215, 231, 253, 187,
       70, 254, 181, 119, 167, 223, 255, 43, 95, 159, 101, 111, 158, 180,
       89, 132, 99, 253, 191, 207, 200, 190, 59, 250, 217, 78, 54, 247,
       60, 175, 253, 200, 50, 125, 181, 119, 253, 212, 223, 180, 93, 61,
       251, 230, 219, 252, 107, 105, 53, 80, 212, 183, 221, 125, 149,
       152, 109, 214, 126, 233, 220, 76, 103, 190, 222, 122, 217, 124,
       188, 29, 57, 183, 85, 167, 119, 108, 155, 173, 175, 15, 242, 29,
       159, 92, 52, 246, 123, 253, 123, 223, 108, 250, 108, 239, 127,
       253, 114, 127, 243, 255, 189, 220, 238, 245, 93, 126, 249, 228,
       243, 221, 223, 110, 245, 51, 180, 182, 125, 239, 173, 141, 93,
       215, 63, 251, 248, 37, 87, 251, 83, 114, 205, 252, 218, 93, 88,
       62, 213, 175, 194, 110, 141, 45, 94, 5, 249, 125, 143, 73, 208,
       254, 43, 188, 91, 30, 50, 185, 62, 125, 249, 188, 50, 93, 93, 111,
       207, 230, 127, 188, 93, 174, 255, 254, 251, 212, 98, 107, 63, 242,
       244, 54, 189, 197, 181, 25, 67, 251, 127, 233, 193, 4, 103, 222,
       194, 123, 233, 94, 50, 217, 245, 41, 182, 150, 101, 46, 159, 172,
       183, 143, 58, 29, 180, 93, 144, 242, 121, 249, 123, 158, 42, 246,
       239, 252, 109, 254, 127, 95, 95, 79, 247, 230, 189, 248, 127, 255,
       244, 255, 243, 245, 63, 111, 183, 235, 180, 63, 125, 207, 175, 31,
       123, 59, 125, 127, 241, 237, 22, 251, 194, 113, 245, 254, 114,
       222, 120, 191, 215, 30, 213, 110, 157, 173, 86, 13, 105, 61, 151,
       79, 152, 246, 121, 188, 88, 86, 58, 185, 92, 35, 211, 181, 112,
       226, 186, 246, 208, 186, 211, 21, 65, 128, 147, 98, 234, 205, 27,
       111, 201, 137, 230, 153, 140, 136, 174, 141, 66, 12, 50, 190, 113,
       37, 125, 187, 86, 126, 193, 84, 208, 68, 145, 14, 235, 4, 201,
       126, 155, 172, 92, 133, 240, 30, 156, 73, 192, 242, 51, 216, 76,
       6, 32, 182, 204, 236, 255, 185, 121, 255, 183, 251, 189, 255, 238,
       251, 211, 186, 254, 239, 235, 221, 167, 103, 237, 167, 230, 115,
       77, 223, 189, 39, 81, 14, 51, 251, 215, 4, 85, 186, 82, 120, 233,
       244, 122, 92, 56, 47, 213, 23, 245, 111, 153, 172, 24, 5, 240, 29,
       156, 73, 16, 242, 51, 189, 88, 87, 32, 250, 47, 6, 96, 161, 217,
       172, 167, 72, 172, 71, 202, 100, 161, 79, 232, 101, 194, 125, 5,
       96, 232, 34, 154, 112, 68, 156, 9, 39, 210, 2, 41, 155, 87, 38,
       87, 154, 65, 114, 45, 150, 76, 84, 24, 143, 68, 67, 254, 19, 24,
       44, 16, 4, 241, 29, 140, 9, 16, 226, 35, 188, 72, 87, 32, 248,
       205, 238, 255, 249, 120, 255, 171, 243, 121, 255, 234, 159, 223,
       181, 251, 235, 227, 221, 251, 107, 253, 197, 78, 249, 79, 127,
       189, 182, 109, 71, 59, 255, 243, 65, 85, 187, 85, 254, 253, 116,
       254, 92, 122, 62, 247, 167, 211, 249, 157, 173, 28, 21, 240, 29,
       159, 77, 20, 254, 51, 189, 90, 86, 34, 250, 253, 252, 255, 250,
       91, 127, 119, 251, 255, 255, 108, 187, 191, 255, 252, 222, 235,
       213, 189, 111, 252, 237, 152, 123, 95, 223, 187, 63, 251, 91, 115,
       127, 211, 39, 85, 251, 82, 125, 253, 116, 112, 222, 120, 63, 223,
       20, 117, 239, 157, 173, 24, 5, 248, 29, 141, 77, 24, 244, 59, 189,
       94, 87, 32, 186, 220, 249, 247, 245, 112, 99, 252, 255, 31, 217,
       229, 251, 87, 242, 214, 218, 191, 223, 252, 111, 47, 173, 230,
       187, 175, 223, 243, 255, 93, 103, 246, 191, 214, 115, 60, 255,
       247, 253, 250, 245, 89, 238, 187, 127, 171, 29, 219, 254, 205,
       179, 126, 247, 249, 254, 183, 239, 215, 223, 117, 207, 125, 125,
       145, 191, 63, 180, 220, 166, 57, 186, 58, 47, 82, 120, 213, 113,
       44, 59, 132, 84, 126, 130, 128, 144, 241, 97, 195, 119, 240, 8,
       224, 223, 110, 253, 197, 229, 159, 212, 197, 182, 181, 152, 168,
       125, 108, 221, 123, 129, 245, 17, 247, 111, 187, 230, 137, 11,
       244, 5, 218, 89, 46, 243, 183, 161, 186, 211, 108, 78, 184, 249,
       155, 255, 46, 109, 248, 179, 91, 153, 127, 223, 246, 84, 95, 248,
       255, 194, 180, 171, 199, 44, 231, 223, 233, 95, 247, 250, 79, 103,
       255, 254, 215, 241, 125, 116, 255, 255, 250, 117, 113, 221, 235,
       127, 191, 22, 255, 127, 235, 211, 111, 215, 252, 7, 56, 77, 71,
       211, 254, 235, 119, 111, 129, 190, 123, 254, 239, 207, 254, 223,
       223, 57, 255, 255, 63, 219, 189, 62, 255, 252, 243, 247, 120, 45,
       156, 87, 218, 125, 121, 245, 61, 63, 63, 251, 95, 111, 151, 237,
       255, 87, 246, 217, 255, 63, 119, 223, 239, 61, 151, 158, 125, 49,
       247, 221, 189, 173, 191, 229, 191, 254, 120, 254, 250, 109, 251,
       205, 60, 246, 188, 186, 255, 207, 254, 127, 211, 183, 255, 252,
       94, 253, 63, 126, 123, 252, 253, 222, 249, 178, 245, 59, 255, 255,
       251, 107, 124, 254, 253, 211, 255, 239, 253, 105, 87, 116, 255,
