%YAML:1.0
descriptors: !!opencv-matrix
   rows: 160
   cols: 64
   dt: u
   data: [ 63, 191, 253, 254, 63, 253, 253, 125, 255, 252, 222, 253, 253,
       127, 189, 93, 255, 246, 99, 251, 245, 126, 211, 247, 253, 190,
       228, 251, 126, 221, 245, 239, 223, 44, 87, 190, 222, 120, 249,
       125, 120, 93, 123, 175, 212, 53, 247, 111, 185, 172, 24, 13, 240,
       29, 156, 73, 16, 242, 115, 189, 90, 87, 40, 250, 60, 253, 255,
       254, 54, 247, 253, 127, 247, 254, 253, 249, 255, 126, 180, 126,
       255, 223, 99, 107, 245, 127, 211, 247, 253, 255, 231, 255, 123,
       219, 247, 235, 215, 44, 87, 190, 223, 120, 249, 125, 122, 93, 251,
       47, 245, 53, 247, 111, 153, 172, 24, 7, 240, 29, 156, 73, 16, 242,
       115, 189, 123, 87, 32, 250, 188, 185, 255, 255, 62, 127, 249, 255,
       253, 252, 254, 253, 127, 126, 251, 252, 251, 212, 251, 107, 245,
       59, 231, 246, 253, 239, 246, 187, 127, 223, 127, 251, 255, 36, 87,
       254, 214, 123, 249, 252, 250, 93, 255, 62, 212, 183, 243, 111,
       157, 172, 159, 13, 240, 29, 157, 73, 48, 242, 123, 189, 91, 31,
       34, 250, 60, 189, 255, 254, 55, 127, 249, 127, 245, 252, 253, 245,
       127, 254, 191, 126, 251, 255, 99, 107, 247, 127, 210, 247, 221,
       239, 246, 255, 123, 219, 118, 235, 223, 44, 87, 190, 215, 120,
       249, 125, 120, 93, 187, 47, 213, 53, 247, 111, 153, 172, 24, 5,
       240, 29, 156, 73, 16, 242, 115, 191, 90, 87, 32, 250, 191, 244,
       255, 255, 62, 53, 253, 251, 247, 255, 253, 251, 255, 123, 182, 95,
       247, 255, 103, 123, 245, 246, 241, 126, 253, 239, 247, 251, 127,
       221, 255, 255, 247, 108, 150, 254, 223, 120, 249, 253, 126, 95,
       123, 191, 212, 53, 215, 111, 187, 172, 24, 13, 240, 29, 157, 93,
       24, 242, 115, 191, 251, 215, 42, 255, 254, 177, 253, 183, 255,
       181, 95, 120, 246, 127, 213, 122, 255, 234, 182, 93, 242, 215,
       115, 102, 121, 247, 195, 117, 206, 250, 252, 63, 210, 88, 116,
       169, 215, 44, 22, 190, 82, 121, 161, 117, 80, 222, 24, 15, 209,
       20, 197, 79, 153, 172, 24, 5, 240, 29, 156, 73, 16, 242, 51, 189,
       88, 87, 34, 251, 53, 51, 208, 38, 48, 178, 44, 66, 98, 130, 193,
       178, 228, 131, 128, 83, 26, 99, 34, 77, 161, 69, 67, 69, 132, 144,
       248, 189, 2, 44, 224, 129, 23, 68, 190, 159, 129, 60, 33, 85, 44,
       66, 57, 161, 167, 73, 87, 47, 82, 190, 40, 51, 98, 48, 122, 60, 8,
       59, 19, 193, 41, 211, 124, 98, 5, 39, 213, 52, 25, 128, 33, 74,
       160, 101, 131, 115, 131, 123, 128, 67, 226, 213, 5, 99, 195, 44,
       192, 115, 76, 154, 160, 15, 82, 8, 49, 109, 87, 39, 116, 186, 80,
       120, 1, 212, 209, 80, 24, 14, 200, 0, 201, 79, 137, 36, 24, 5,
       112, 28, 157, 73, 16, 242, 51, 189, 88, 87, 32, 251, 45, 38, 101,
       164, 217, 173, 39, 88, 172, 117, 170, 55, 201, 127, 184, 101, 226,
       125, 3, 96, 249, 34, 154, 112, 76, 172, 128, 35, 242, 8, 57, 77,
       215, 36, 87, 186, 80, 114, 161, 244, 85, 84, 24, 15, 68, 22, 237,
       71, 153, 36, 24, 4, 240, 28, 157, 73, 16, 242, 51, 188, 88, 70,
       32, 248, 206, 235, 222, 207, 51, 91, 222, 132, 63, 211, 45, 254,
       158, 54, 239, 251, 153, 147, 60, 191, 7, 245, 103, 112, 97, 87,
       249, 123, 237, 235, 150, 51, 151, 84, 119, 195, 82, 89, 251, 117,
       112, 29, 125, 53, 183, 28, 245, 44, 157, 175, 190, 7, 219, 71,
       248, 254, 16, 221, 48, 109, 93, 121, 112, 218, 70, 51, 0, 18, 204,
       130, 2, 0, 98, 32, 130, 37, 96, 67, 0, 17, 100, 139, 3, 214, 199,
       41, 9, 198, 130, 26, 230, 205, 128, 12, 161, 64, 90, 47, 68, 190,
       91, 32, 71, 68, 200, 64, 24, 74, 65, 109, 131, 79, 152, 100, 8,
       66, 112, 28, 8, 73, 22, 115, 19, 181, 8, 50, 224, 72, 130, 201,
       146, 43, 201, 200, 134, 128, 11, 131, 8, 206, 130, 68, 110, 25,
       141, 11, 164, 3, 198, 37, 74, 67, 97, 215, 19, 102, 7, 34, 3, 2,
       151, 210, 89, 0, 49, 200, 238, 34, 97, 60, 40, 97, 181, 20, 117,
       179, 217, 216, 40, 117, 245, 69, 120, 234, 23, 219, 150, 37, 16,
       121, 209, 74, 141, 204, 146, 173, 33, 232, 189, 72, 45, 195, 1,
       202, 146, 47, 230, 15, 139, 61, 165, 107, 166, 117, 82, 113, 69,
       223, 145, 119, 113, 34, 55, 67, 151, 144, 115, 138, 17, 200, 232,
       34, 100, 63, 60, 33, 183, 85, 117, 43, 153, 170, 56, 53, 247, 69,
       188, 12, 24, 218, 51, 173, 89, 87, 33, 250, 187, 181, 243, 118,
       63, 166, 217, 27, 246, 221, 148, 243, 175, 91, 164, 93, 250, 247,
       39, 59, 245, 47, 243, 119, 36, 155, 247, 63, 94, 121, 117, 238,
       199, 47, 62, 190, 242, 56, 251, 245, 89, 206, 58, 239, 201, 117,
       189, 111, 169, 182, 88, 5, 240, 30, 158, 73, 16, 242, 119, 159,
       122, 87, 164, 251, 131, 204, 138, 169, 9, 218, 183, 206, 57, 213,
       14, 207, 154, 61, 111, 172, 137, 29, 185, 43, 196, 69, 238, 113,
       109, 215, 25, 38, 127, 35, 19, 91, 151, 208, 81, 96, 115, 201,
       236, 40, 112, 61, 40, 49, 213, 20, 117, 225, 217, 136, 57, 21,
       213, 69, 188, 236, 17, 220, 50, 173, 80, 87, 16, 250, 252, 62,
       255, 245, 254, 255, 187, 253, 253, 255, 210, 63, 255, 254, 251,
       198, 250, 213, 123, 110, 253, 151, 214, 52, 95, 250, 188, 175,
       222, 222, 127, 187, 247, 37, 85, 191, 82, 123, 237, 116, 248, 92,
       24, 62, 213, 167, 201, 125, 157, 172, 28, 5, 242, 29, 157, 73, 16,
       246, 51, 189, 90, 87, 32, 250, 80, 1, 146, 178, 0, 66, 32, 135, 2,
       160, 8, 5, 18, 134, 147, 50, 127, 2, 129, 4, 72, 129, 238, 3, 154,
       129, 232, 73, 3, 200, 146, 96, 33, 3, 33, 164, 53, 196, 71, 64, 0,
       1, 20, 96, 12, 20, 33, 236, 83, 40, 235, 148, 182, 90, 48, 195,
       199, 56, 15, 112, 9, 32, 17, 66, 193, 0, 146, 179, 201, 2, 162,
       142, 0, 168, 0, 5, 0, 194, 131, 35, 102, 26, 129, 2, 72, 137, 238,
       34, 2, 136, 40, 64, 144, 0, 33, 71, 117, 35, 16, 48, 49, 192, 5,
       196, 64, 64, 24, 2, 72, 20, 65, 196, 25, 44, 88, 21, 212, 10, 156,
       201, 144, 56, 39, 188, 12, 70, 3, 105, 67, 197, 8, 242, 207, 138,
       70, 10, 36, 75, 168, 68, 170, 77, 36, 61, 192, 21, 53, 150, 198,
       45, 136, 99, 102, 214, 3, 7, 146, 42, 1, 65, 151, 167, 216, 25,
       98, 96, 127, 160, 65, 224, 8, 73, 81, 28, 245, 195, 81, 52, 24, 4,
       225, 97, 204, 171, 25, 146, 50, 191, 16, 119, 176, 104, 7, 143,
       136, 8, 131, 152, 6, 1, 43, 3, 7, 234, 144, 54, 44, 3, 137, 43,
       32, 145, 141, 119, 82, 65, 81, 84, 145, 108, 0, 186, 135, 0, 143,
       24, 195, 130, 136, 8, 234, 40, 96, 29, 36, 161, 149, 84, 181, 47,
       145, 142, 136, 14, 178, 77, 88, 16, 50, 211, 18, 181, 56, 211,
       104, 74, 131, 139, 138, 103, 233, 152, 210, 136, 26, 145, 7, 239,
       162, 82, 66, 25, 12, 131, 44, 159, 198, 45, 67, 83, 101, 214, 81,
       39, 22, 42, 3, 34, 151, 176, 81, 128, 115, 89, 234, 32, 97, 60,
       56, 97, 245, 21, 253, 111, 217, 142, 24, 5, 244, 5, 248, 235, 19,
       211, 182, 173, 16, 115, 181, 90, 64, 137, 147, 153, 0, 199, 164,
       103, 67, 192, 9, 132, 80, 164, 187, 10, 143, 1, 160, 38, 134, 5,
       70, 195, 217, 65, 24, 76, 1, 128, 26, 67, 199, 22, 97, 8, 16, 200,
       238, 42, 48, 57, 36, 34, 63, 156, 117, 239, 25, 168, 41, 119, 179,
       73, 24, 202, 5, 202, 26, 225, 81, 69, 67, 226, 2, 138, 138, 195,
       233, 144, 210, 0, 58, 147, 6, 202, 138, 51, 2, 8, 76, 131, 57,
       155, 196, 37, 202, 113, 97, 210, 25, 38, 86, 9, 3, 34, 151, 36,
       81, 160, 115, 89, 237, 48, 112, 28, 40, 45, 213, 20, 245, 103,
       153, 140, 24, 5, 244, 13, 152, 201, 16, 242, 50, 189, 80, 83, 32,
       250, 1, 139, 154, 203, 33, 219, 208, 2, 27, 209, 7, 206, 146, 122,
       239, 136, 15, 211, 184, 47, 134, 117, 194, 115, 43, 215, 17, 46,
       116, 43, 22, 107, 151, 86, 81, 0, 82, 217, 254, 50, 240, 61, 168,
       101, 181, 156, 117, 239, 223, 136, 57, 181, 245, 69, 186, 206, 81,
       218, 58, 237, 81, 93, 21, 250, 68, 32, 17, 16, 8, 130, 42, 68, 2,
       162, 3, 4, 0, 131, 137, 2, 70, 75, 129, 64, 138, 33, 78, 137, 136,
       128, 168, 204, 0, 8, 33, 70, 113, 149, 53, 43, 1, 234, 5, 66, 128,
