%YAML:1.0
descriptors: !!opencv-matrix
   rows: 142
   cols: 64
   dt: u
   data: [ 62, 253, 255, 254, 54, 253, 253, 123, 255, 254, 253, 251, 255,
       122, 252, 127, 247, 215, 99, 123, 247, 126, 211, 247, 253, 255,
       231, 255, 123, 255, 247, 235, 215, 44, 87, 190, 223, 120, 249,
       117, 122, 223, 251, 47, 245, 53, 247, 111, 153, 174, 152, 15, 240,
       29, 156, 93, 16, 242, 115, 191, 123, 87, 40, 251, 63, 178, 125,
       167, 63, 181, 191, 120, 119, 254, 214, 247, 253, 126, 185, 85,
       254, 255, 65, 243, 229, 116, 195, 123, 205, 254, 240, 255, 122,
       95, 245, 235, 215, 36, 87, 186, 95, 120, 233, 117, 116, 93, 122,
       47, 213, 21, 247, 111, 153, 172, 24, 5, 242, 29, 156, 73, 16, 242,
       51, 189, 88, 87, 32, 250, 191, 187, 253, 246, 63, 189, 251, 120,
       253, 253, 255, 247, 255, 123, 178, 117, 246, 255, 103, 123, 245,
       47, 195, 118, 205, 234, 230, 251, 126, 85, 247, 235, 247, 44, 86,
       190, 211, 120, 249, 245, 216, 92, 59, 47, 208, 23, 247, 111, 153,
       172, 24, 5, 240, 29, 156, 73, 16, 242, 51, 189, 88, 87, 32, 250,
       191, 255, 125, 254, 63, 63, 255, 217, 255, 255, 253, 251, 255,
       122, 246, 95, 242, 247, 127, 123, 245, 246, 209, 126, 237, 239,
       243, 251, 127, 125, 253, 251, 247, 44, 214, 254, 218, 120, 241,
       245, 250, 223, 123, 63, 210, 23, 213, 111, 157, 175, 24, 5, 250,
       29, 159, 93, 16, 242, 115, 191, 219, 222, 42, 251, 255, 253, 255,
       247, 55, 181, 89, 123, 247, 255, 245, 250, 255, 202, 244, 95, 246,
       247, 118, 251, 191, 126, 241, 127, 173, 186, 231, 255, 91, 125,
       244, 251, 235, 44, 158, 255, 222, 125, 243, 245, 218, 207, 247,
       109, 242, 55, 211, 127, 191, 191, 26, 71, 232, 189, 255, 85, 16,
       179, 115, 223, 255, 190, 170, 187, 83, 21, 193, 20, 221, 130, 26,
       121, 194, 34, 147, 22, 232, 69, 131, 81, 226, 213, 3, 100, 200,
       39, 195, 118, 76, 136, 164, 13, 82, 12, 49, 104, 87, 36, 84, 186,
       82, 122, 129, 84, 208, 80, 24, 14, 193, 20, 193, 79, 153, 172, 24,
       5, 240, 29, 156, 73, 16, 242, 51, 189, 88, 22, 32, 248, 60, 249,
       255, 254, 54, 61, 253, 123, 247, 220, 253, 241, 127, 122, 252, 94,
       255, 214, 103, 107, 119, 124, 193, 247, 253, 191, 231, 217, 127,
       222, 244, 233, 222, 108, 86, 190, 222, 120, 217, 125, 122, 95,
       189, 47, 244, 53, 245, 110, 155, 172, 153, 15, 240, 29, 157, 93,
       24, 242, 115, 191, 123, 95, 34, 251, 250, 241, 125, 191, 255, 151,
       219, 201, 246, 103, 149, 250, 255, 106, 182, 93, 242, 213, 54, 99,
       206, 165, 194, 126, 12, 218, 179, 63, 211, 57, 117, 107, 215, 36,
       20, 186, 82, 121, 225, 118, 114, 74, 56, 15, 209, 28, 209, 79,
       153, 172, 24, 5, 240, 29, 156, 73, 16, 242, 51, 189, 88, 87, 34,
       251, 45, 182, 109, 175, 63, 249, 189, 124, 253, 254, 214, 245,
       237, 63, 169, 71, 235, 252, 195, 121, 241, 98, 195, 252, 77, 188,
       160, 179, 126, 79, 113, 235, 221, 36, 213, 186, 87, 120, 169, 117,
       120, 92, 58, 47, 212, 49, 246, 111, 153, 172, 24, 5, 240, 29, 156,
       73, 16, 242, 55, 189, 88, 87, 32, 250, 250, 241, 239, 151, 255,
       151, 223, 233, 255, 103, 253, 250, 255, 106, 182, 124, 243, 213,
       119, 99, 254, 55, 242, 126, 94, 255, 183, 63, 210, 219, 119, 235,
       199, 44, 22, 190, 210, 121, 233, 254, 112, 93, 117, 47, 213, 28,
       245, 111, 157, 172, 24, 5, 240, 29, 156, 89, 16, 242, 51, 189, 88,
       87, 40, 250, 255, 252, 127, 207, 255, 253, 223, 249, 255, 93, 253,
       251, 255, 127, 246, 253, 251, 245, 127, 103, 125, 198, 183, 116,
       255, 255, 253, 59, 255, 27, 118, 187, 242, 109, 94, 255, 210, 113,
       233, 244, 83, 222, 56, 63, 217, 22, 252, 61, 137, 173, 30, 5, 248,
       31, 157, 73, 16, 246, 49, 189, 92, 87, 34, 185, 92, 32, 243, 177,
       152, 132, 171, 225, 194, 238, 67, 54, 209, 6, 147, 82, 234, 213,
       3, 98, 201, 37, 198, 88, 12, 220, 182, 47, 66, 142, 51, 122, 71,
       36, 85, 186, 18, 120, 233, 86, 48, 64, 48, 42, 199, 20, 145, 127,
       153, 172, 24, 5, 240, 29, 156, 73, 16, 242, 51, 185, 88, 87, 32,
       242, 158, 120, 91, 245, 62, 113, 248, 227, 158, 186, 211, 182,
       215, 198, 249, 210, 252, 222, 231, 203, 237, 182, 204, 91, 141,
       158, 247, 235, 80, 239, 247, 254, 83, 152, 223, 174, 127, 254,
       233, 119, 248, 92, 247, 108, 247, 5, 131, 127, 187, 237, 24, 71,
       250, 29, 156, 89, 150, 243, 51, 255, 125, 51, 97, 182, 45, 7, 237,
       16, 55, 255, 35, 124, 168, 246, 214, 20, 216, 121, 136, 70, 234,
       213, 3, 99, 244, 39, 194, 115, 77, 186, 180, 45, 80, 14, 49, 105,
       215, 36, 85, 186, 82, 122, 233, 124, 240, 92, 56, 47, 213, 20,
       245, 111, 153, 172, 24, 5, 240, 29, 156, 73, 16, 242, 51, 189, 88,
       87, 32, 250, 255, 255, 239, 253, 255, 255, 219, 248, 252, 255,
       247, 251, 255, 123, 254, 238, 235, 213, 127, 111, 253, 119, 194,
       119, 77, 255, 181, 63, 127, 94, 119, 235, 215, 36, 85, 186, 82,
       122, 233, 116, 240, 93, 56, 47, 213, 22, 245, 111, 153, 172, 24,
       5, 240, 29, 157, 73, 16, 242, 51, 189, 88, 87, 32, 251, 237, 175,
       239, 245, 254, 247, 255, 249, 189, 255, 252, 251, 223, 253, 179,
       79, 235, 253, 111, 111, 252, 247, 246, 119, 95, 255, 183, 183,
       254, 94, 63, 251, 247, 36, 85, 186, 210, 120, 249, 116, 124, 92,
       56, 63, 213, 52, 213, 111, 153, 172, 24, 5, 240, 29, 156, 73, 16,
       246, 51, 157, 90, 87, 32, 250, 13, 33, 237, 177, 122, 247, 179,
       116, 52, 254, 198, 87, 217, 125, 179, 96, 138, 93, 99, 99, 228,
       101, 194, 243, 77, 234, 148, 167, 88, 70, 51, 203, 215, 36, 85,
       186, 83, 120, 233, 116, 120, 92, 56, 47, 213, 21, 247, 111, 153,
       172, 24, 5, 240, 29, 156, 73, 16, 242, 51, 189, 72, 87, 32, 250,
       12, 33, 227, 144, 16, 133, 33, 111, 132, 228, 193, 52, 81, 198,
       145, 66, 226, 84, 3, 98, 195, 44, 194, 19, 12, 138, 166, 9, 82,
       140, 48, 73, 119, 38, 85, 186, 18, 120, 65, 84, 16, 64, 16, 14,
       64, 20, 193, 78, 25, 44, 24, 5, 240, 28, 156, 73, 16, 242, 51,
       189, 72, 70, 32, 250, 237, 239, 239, 249, 118, 247, 191, 215, 189,
       255, 232, 155, 219, 233, 179, 79, 139, 125, 107, 103, 252, 231,
       214, 123, 77, 255, 151, 167, 89, 86, 51, 219, 247, 36, 87, 187,
       82, 120, 233, 116, 122, 126, 58, 47, 215, 21, 215, 107, 153, 172,
       24, 5, 241, 29, 156, 72, 16, 242, 51, 189, 90, 87, 32, 250, 124,
       59, 255, 252, 50, 127, 121, 255, 245, 254, 254, 181, 125, 191,
       251, 238, 251, 220, 203, 107, 125, 248, 196, 183, 221, 169, 166,
       153, 123, 220, 124, 251, 241, 38, 119, 190, 215, 126, 209, 124,
       254, 95, 251, 62, 94, 167, 67, 238, 159, 45, 223, 133, 242, 29,
       159, 93, 152, 246, 107, 252, 91, 70, 34, 243, 77, 38, 229, 176, 0,
       167, 38, 119, 32, 238, 202, 5, 216, 165, 187, 3, 139, 109, 67, 96,
       240, 37, 82, 243, 76, 108, 156, 132, 64, 4, 49, 195, 87, 36, 87,
       186, 81, 120, 97, 84, 124, 84, 56, 46, 69, 5, 231, 107, 25, 172,
       24, 5, 240, 29, 156, 72, 16, 226, 19, 189, 72, 87, 32, 250, 191,
       244, 109, 254, 191, 189, 93, 88, 253, 103, 253, 250, 253, 122,
       180, 93, 242, 244, 71, 99, 255, 114, 146, 126, 124, 190, 165, 59,
       243, 91, 117, 235, 211, 36, 150, 250, 194, 121, 249, 255, 114,
       223, 124, 47, 208, 20, 245, 79, 153, 172, 24, 5, 248, 29, 156, 73,
       24, 242, 51, 189, 88, 215, 42, 249, 60, 54, 125, 245, 54, 181,
       185, 121, 253, 255, 215, 241, 221, 57, 217, 198, 170, 220, 195,
       107, 245, 96, 198, 250, 77, 187, 181, 187, 124, 77, 53, 251, 215,
       36, 117, 186, 214, 120, 233, 117, 248, 92, 59, 46, 247, 133, 209,
       111, 153, 172, 24, 5, 240, 29, 157, 77, 16, 242, 51, 253, 88, 87,
       32, 250, 189, 246, 125, 229, 62, 189, 191, 121, 253, 253, 215,
       251, 205, 57, 252, 71, 242, 221, 71, 105, 253, 96, 210, 112, 77,
       190, 181, 187, 126, 95, 119, 255, 211, 100, 116, 186, 214, 120,
       249, 117, 252, 92, 59, 191, 244, 5, 244, 111, 153, 173, 24, 5,
       240, 29, 159, 77, 24, 242, 51, 189, 90, 87, 32, 250, 61, 182, 231,
