%YAML:1.0
descriptors: !!opencv-matrix
   rows: 151
   cols: 64
   dt: u
   data: [ 63, 180, 125, 182, 63, 181, 189, 125, 246, 252, 213, 241, 253,
       126, 176, 84, 250, 212, 67, 99, 245, 34, 195, 119, 204, 186, 228,
       143, 82, 92, 245, 235, 215, 36, 85, 190, 82, 120, 233, 116, 120,
       92, 56, 47, 213, 21, 247, 111, 153, 172, 24, 5, 240, 29, 156, 73,
       16, 242, 51, 189, 88, 87, 32, 250, 60, 63, 255, 252, 50, 127, 249,
       255, 245, 252, 223, 181, 93, 244, 187, 230, 251, 220, 227, 107,
       245, 121, 196, 179, 221, 235, 166, 153, 104, 214, 126, 235, 247,
       36, 117, 186, 214, 122, 217, 117, 248, 93, 187, 46, 244, 167, 231,
       110, 153, 172, 29, 15, 242, 29, 156, 77, 20, 242, 123, 189, 91,
       87, 33, 250, 124, 57, 251, 156, 50, 71, 121, 111, 214, 198, 213,
       176, 115, 194, 183, 94, 250, 212, 115, 103, 15, 189, 228, 23, 141,
       139, 166, 13, 83, 136, 52, 169, 194, 36, 52, 250, 82, 124, 193,
       116, 50, 202, 181, 47, 211, 28, 193, 110, 155, 172, 26, 133, 112,
       29, 148, 73, 16, 242, 59, 249, 89, 22, 34, 251, 60, 57, 187, 164,
       18, 103, 177, 127, 212, 196, 212, 181, 83, 146, 179, 78, 250, 220,
       99, 69, 113, 5, 196, 151, 157, 136, 164, 137, 66, 204, 52, 168,
       196, 36, 53, 190, 86, 120, 201, 116, 88, 93, 53, 38, 216, 53, 163,
       110, 153, 172, 153, 13, 240, 29, 156, 65, 16, 242, 51, 185, 89,
       87, 32, 251, 60, 45, 255, 188, 50, 127, 117, 127, 213, 212, 223,
       181, 93, 190, 191, 206, 251, 220, 99, 111, 117, 118, 208, 183,
       221, 109, 164, 153, 105, 220, 124, 233, 206, 36, 71, 190, 214,
       120, 193, 124, 120, 221, 53, 39, 244, 53, 231, 110, 155, 172, 137,
       13, 242, 29, 156, 93, 56, 242, 123, 249, 91, 86, 40, 250, 59, 182,
       109, 174, 63, 189, 189, 125, 245, 126, 252, 241, 109, 61, 180,
       101, 243, 252, 195, 121, 244, 98, 219, 126, 101, 175, 228, 147,
       126, 81, 125, 239, 223, 232, 223, 52, 255, 248, 233, 117, 126, 94,
       122, 175, 212, 117, 247, 107, 185, 188, 24, 5, 240, 29, 158, 73,
       22, 242, 183, 189, 218, 87, 44, 254, 61, 54, 117, 170, 95, 111,
       35, 255, 244, 92, 222, 53, 125, 63, 251, 229, 251, 252, 67, 100,
       113, 210, 149, 180, 94, 169, 236, 137, 251, 220, 122, 249, 248,
       44, 87, 190, 83, 114, 129, 124, 254, 85, 30, 14, 68, 231, 194, 76,
       153, 44, 222, 12, 242, 31, 141, 73, 184, 240, 43, 188, 90, 70, 34,
       240, 58, 182, 125, 138, 63, 157, 157, 9, 231, 86, 151, 116, 189,
       62, 189, 85, 254, 246, 66, 240, 241, 114, 211, 117, 245, 180, 228,
       57, 126, 250, 221, 233, 135, 108, 199, 158, 218, 120, 233, 125,
       52, 93, 117, 173, 212, 212, 245, 111, 155, 174, 152, 13, 242, 29,
       222, 89, 56, 242, 59, 189, 122, 223, 44, 218, 63, 182, 117, 35,
       255, 188, 131, 88, 254, 93, 214, 127, 173, 123, 168, 85, 242, 247,
       3, 112, 241, 98, 155, 116, 100, 188, 121, 63, 126, 27, 97, 111,
       215, 108, 221, 190, 82, 120, 169, 117, 125, 92, 26, 143, 213, 65,
       244, 79, 152, 188, 24, 5, 240, 29, 158, 73, 48, 242, 51, 189, 218,
       215, 36, 250, 58, 185, 255, 222, 54, 223, 221, 55, 247, 252, 95,
       213, 125, 126, 189, 222, 255, 215, 96, 171, 213, 117, 195, 247,
       249, 119, 228, 127, 111, 251, 213, 235, 215, 60, 87, 190, 222,
       120, 250, 125, 112, 93, 253, 47, 245, 52, 245, 111, 155, 174, 153,
       15, 242, 29, 156, 93, 48, 243, 115, 253, 123, 223, 40, 250, 77,
       15, 231, 248, 0, 119, 101, 239, 165, 254, 202, 4, 89, 253, 187,
       230, 203, 92, 3, 102, 78, 169, 196, 51, 77, 207, 130, 0, 81, 2,
       50, 73, 114, 38, 85, 186, 82, 114, 217, 84, 48, 116, 56, 46, 84,
       134, 101, 110, 153, 44, 28, 5, 240, 29, 148, 72, 144, 226, 35,
       189, 72, 86, 33, 242, 69, 7, 160, 16, 1, 2, 35, 78, 132, 0, 130,
       4, 0, 205, 131, 7, 2, 60, 3, 68, 66, 163, 208, 34, 4, 136, 132, 0,
       144, 4, 32, 0, 66, 6, 69, 170, 0, 32, 5, 68, 0, 32, 16, 130, 64,
       80, 1, 78, 25, 44, 24, 0, 81, 24, 148, 0, 16, 96, 35, 189, 72, 86,
       32, 248, 92, 249, 191, 124, 32, 175, 124, 115, 145, 133, 237, 217,
       214, 228, 212, 90, 189, 203, 254, 111, 183, 45, 96, 211, 255, 127,
       247, 254, 65, 230, 244, 168, 202, 51, 36, 175, 143, 108, 250, 125,
       122, 191, 181, 103, 255, 61, 183, 110, 253, 162, 41, 215, 248,
       125, 56, 77, 87, 223, 83, 251, 121, 119, 195, 235, 246, 41, 227,
       215, 223, 134, 67, 143, 206, 101, 149, 127, 187, 202, 146, 124,
       114, 85, 56, 54, 79, 143, 171, 47, 62, 202, 58, 47, 146, 153, 18,
       47, 39, 167, 20, 219, 66, 117, 87, 214, 81, 224, 196, 74, 201, 28,
       233, 151, 85, 36, 91, 180, 17, 250, 148, 227, 80, 60, 96, 27, 92,
       4, 179, 253, 199, 205, 195, 216, 217, 142, 71, 74, 174, 69, 40,
       250, 155, 235, 228, 77, 226, 85, 61, 100, 206, 13, 138, 99, 78,
       223, 27, 47, 147, 8, 16, 9, 146, 39, 84, 155, 66, 116, 103, 246,
       99, 250, 56, 75, 89, 28, 253, 135, 197, 164, 16, 4, 97, 125, 143,
       139, 80, 252, 49, 189, 88, 85, 50, 249, 56, 182, 125, 174, 50,
       125, 185, 117, 117, 254, 94, 213, 93, 63, 189, 230, 255, 218, 67,
       227, 245, 112, 193, 246, 217, 42, 164, 218, 104, 212, 245, 235,
       223, 36, 85, 190, 95, 122, 233, 124, 252, 93, 56, 47, 212, 55,
       247, 111, 153, 172, 24, 5, 240, 29, 156, 73, 20, 242, 51, 189, 90,
       87, 32, 250, 7, 6, 0, 2, 65, 2, 3, 72, 166, 4, 2, 4, 0, 43, 160,
       5, 66, 48, 0, 36, 192, 34, 144, 32, 84, 128, 8, 5, 18, 8, 9, 65,
       16, 36, 70, 154, 0, 2, 5, 140, 132, 64, 24, 128, 64, 64, 192, 76,
       16, 36, 16, 4, 34, 24, 133, 11, 8, 34, 2, 180, 8, 70, 32, 96, 253,
       58, 247, 245, 244, 119, 171, 252, 220, 191, 218, 63, 239, 143,
       219, 255, 251, 213, 123, 110, 61, 207, 238, 188, 143, 233, 254,
       189, 223, 31, 122, 191, 113, 45, 253, 255, 86, 55, 221, 213, 158,
       68, 155, 190, 79, 171, 72, 180, 174, 61, 94, 177, 241, 190, 132,
       109, 192, 188, 41, 222, 222, 6, 54, 180, 197, 14, 195, 129, 217,
       202, 135, 72, 172, 101, 10, 126, 131, 255, 232, 205, 235, 85, 61,
       100, 206, 7, 138, 97, 79, 222, 25, 47, 146, 10, 19, 79, 215, 39,
       85, 155, 66, 122, 237, 86, 81, 84, 8, 47, 205, 28, 253, 163, 157,
       44, 24, 4, 241, 125, 141, 203, 80, 252, 51, 189, 72, 87, 48, 250,
       67, 2, 0, 2, 201, 130, 2, 64, 2, 32, 0, 0, 128, 11, 128, 1, 66,
       69, 1, 0, 200, 35, 202, 96, 76, 128, 136, 15, 18, 8, 1, 78, 87,
       37, 84, 186, 0, 56, 37, 86, 0, 64, 8, 138, 65, 24, 129, 67, 17,
       44, 24, 0, 49, 24, 156, 11, 16, 114, 51, 188, 72, 87, 32, 249,
       126, 51, 245, 182, 118, 183, 47, 118, 230, 86, 211, 50, 253, 191,
       179, 87, 242, 213, 3, 100, 73, 39, 195, 119, 76, 200, 188, 13, 82,
       12, 112, 169, 215, 36, 85, 186, 82, 120, 129, 116, 112, 92, 24,
       47, 213, 20, 229, 79, 153, 172, 24, 5, 240, 29, 156, 73, 16, 242,
       51, 189, 88, 87, 32, 250, 57, 246, 125, 171, 63, 253, 181, 121,
       255, 220, 222, 253, 253, 61, 253, 213, 255, 254, 195, 249, 245,
       114, 211, 244, 253, 61, 117, 250, 127, 215, 255, 235, 221, 108,
       223, 188, 255, 122, 233, 125, 125, 93, 123, 63, 212, 165, 246,
       109, 187, 189, 157, 13, 242, 29, 158, 93, 54, 242, 63, 189, 251,
       223, 44, 254, 67, 2, 0, 179, 221, 162, 10, 92, 44, 43, 2, 5, 160,
       77, 129, 1, 226, 213, 1, 98, 200, 33, 202, 121, 76, 200, 170, 15,
       82, 9, 33, 79, 87, 165, 85, 187, 82, 242, 37, 86, 208, 68, 8, 14,
       65, 4, 201, 83, 153, 44, 24, 5, 240, 28, 156, 73, 16, 242, 51,
       189, 72, 22, 32, 240, 67, 4, 0, 2, 73, 130, 6, 3, 2, 34, 0, 0, 32,
       14, 0, 7, 106, 85, 1, 64, 192, 35, 201, 79, 64, 144, 172, 15, 18,
       8, 1, 66, 67, 36, 84, 186, 0, 40, 33, 70, 32, 64, 0, 139, 69, 80,
       164, 79, 17, 44, 24, 4, 48, 24, 156, 65, 16, 50, 51, 189, 72, 87,
       32, 234, 44, 175, 239, 248, 58, 127, 245, 127, 181, 252, 204, 245,
       95, 253, 191, 206, 137, 125, 227, 107, 245, 119, 86, 243, 93, 127,
       148, 182, 109, 215, 63, 203, 223, 90, 199, 168, 215, 248, 249, 60,
