%YAML:1.0
descriptors: !!opencv-matrix
   rows: 107
   cols: 64
   dt: u
   data: [ 63, 253, 253, 254, 63, 189, 253, 123, 255, 255, 245, 249, 255,
       122, 252, 95, 251, 247, 119, 123, 247, 127, 211, 127, 253, 255,
       247, 191, 127, 251, 245, 239, 199, 44, 215, 190, 222, 121, 249,
       125, 120, 223, 255, 47, 213, 53, 245, 111, 157, 174, 24, 15, 250,
       29, 159, 93, 16, 242, 115, 191, 251, 223, 40, 250, 45, 174, 109,
       169, 191, 253, 179, 125, 189, 253, 222, 253, 253, 60, 249, 229,
       137, 252, 195, 248, 245, 82, 222, 253, 121, 44, 12, 182, 124, 215,
       125, 207, 221, 232, 211, 48, 255, 251, 169, 60, 253, 29, 126, 38,
       84, 167, 246, 99, 191, 252, 141, 13, 246, 157, 155, 93, 62, 194,
       191, 188, 219, 223, 46, 222, 109, 174, 239, 169, 250, 253, 163,
       253, 189, 253, 206, 255, 221, 61, 251, 237, 203, 253, 251, 106,
       253, 87, 222, 248, 125, 125, 29, 182, 124, 215, 51, 223, 221, 96,
       87, 186, 87, 251, 237, 60, 124, 85, 122, 55, 85, 165, 127, 241,
       189, 172, 156, 45, 211, 29, 156, 76, 52, 228, 55, 189, 202, 223,
       40, 254, 254, 249, 255, 223, 55, 95, 221, 187, 255, 215, 253, 250,
       255, 250, 254, 254, 255, 215, 126, 127, 31, 255, 229, 119, 255,
       247, 247, 127, 127, 251, 222, 185, 210, 127, 183, 223, 206, 125,
       250, 253, 114, 255, 253, 127, 191, 30, 245, 62, 207, 191, 183,
       223, 248, 191, 183, 95, 113, 247, 120, 127, 127, 253, 191, 187,
       63, 245, 125, 190, 55, 189, 29, 123, 247, 214, 253, 176, 125, 62,
       188, 87, 251, 246, 67, 241, 241, 114, 209, 119, 213, 189, 229,
       157, 122, 254, 245, 233, 206, 44, 135, 190, 218, 120, 233, 125,
       120, 223, 61, 47, 212, 117, 245, 111, 155, 174, 152, 13, 240, 29,
       220, 85, 56, 242, 59, 189, 123, 215, 40, 250, 108, 46, 231, 169,
       18, 127, 163, 255, 189, 254, 202, 53, 89, 188, 187, 231, 203, 124,
       203, 104, 112, 211, 222, 176, 93, 233, 28, 129, 121, 198, 59, 203,
       253, 0, 87, 186, 84, 114, 13, 60, 252, 85, 58, 54, 85, 167, 102,
       224, 153, 44, 28, 12, 211, 29, 140, 72, 144, 224, 43, 188, 75, 71,
       40, 242, 124, 63, 255, 248, 54, 127, 97, 255, 245, 254, 214, 183,
       127, 191, 251, 238, 251, 252, 251, 110, 125, 223, 212, 183, 223,
       169, 190, 153, 255, 222, 126, 249, 120, 111, 119, 255, 214, 118,
       213, 124, 252, 85, 186, 190, 79, 167, 67, 236, 191, 45, 222, 141,
       242, 31, 159, 93, 248, 244, 107, 221, 95, 134, 40, 242, 61, 230,
       109, 169, 50, 253, 177, 253, 253, 254, 254, 253, 93, 61, 249, 230,
       203, 220, 195, 105, 245, 112, 236, 184, 125, 45, 5, 147, 125, 215,
       63, 255, 253, 96, 125, 186, 87, 250, 169, 188, 255, 93, 122, 62,
       86, 167, 82, 104, 187, 45, 127, 5, 248, 29, 143, 76, 148, 226, 47,
       252, 219, 78, 42, 247, 62, 253, 127, 238, 55, 125, 253, 127, 247,
       222, 252, 241, 127, 62, 252, 253, 243, 212, 103, 107, 117, 82,
       245, 119, 237, 175, 101, 153, 127, 94, 124, 249, 244, 100, 252,
       158, 214, 118, 217, 245, 219, 223, 63, 47, 210, 151, 244, 110,
       153, 189, 94, 5, 250, 29, 159, 77, 144, 242, 59, 252, 91, 95, 42,
       185, 3, 200, 8, 11, 137, 216, 134, 0, 15, 5, 47, 206, 144, 28,
       124, 61, 13, 115, 32, 128, 196, 55, 202, 96, 105, 213, 29, 38, 22,
       43, 19, 71, 151, 148, 219, 0, 98, 201, 234, 42, 97, 29, 96, 97,
       149, 84, 180, 35, 145, 216, 152, 36, 180, 1, 184, 163, 49, 66, 50,
       45, 208, 217, 20, 234, 191, 244, 253, 187, 63, 117, 253, 253, 255,
       255, 221, 250, 255, 63, 182, 95, 251, 247, 99, 251, 253, 247, 211,
       246, 213, 255, 245, 187, 123, 223, 247, 235, 207, 108, 199, 254,
       218, 120, 249, 125, 124, 93, 118, 175, 213, 113, 247, 111, 185,
       174, 152, 9, 242, 29, 220, 85, 56, 242, 115, 189, 251, 223, 44,
       250, 188, 48, 247, 165, 186, 229, 185, 253, 220, 253, 210, 53,
       117, 6, 147, 242, 251, 220, 67, 99, 233, 129, 230, 60, 141, 137,
       188, 139, 83, 77, 51, 238, 117, 36, 117, 190, 86, 114, 233, 116,
       88, 76, 16, 46, 199, 21, 203, 124, 153, 172, 94, 5, 240, 30, 156,
       73, 144, 242, 35, 188, 92, 87, 32, 250, 63, 246, 253, 255, 63,
       253, 253, 121, 255, 253, 221, 249, 253, 127, 188, 93, 255, 255,
       227, 251, 245, 126, 219, 255, 253, 127, 247, 255, 126, 247, 247,
       239, 207, 248, 215, 52, 255, 249, 248, 127, 125, 93, 251, 239,
       245, 113, 247, 111, 187, 254, 137, 75, 244, 29, 222, 85, 63, 243,
       247, 255, 251, 255, 173, 222, 252, 185, 255, 253, 50, 127, 253,
       247, 221, 252, 223, 189, 95, 246, 255, 238, 251, 221, 251, 111,
       55, 253, 246, 151, 255, 111, 246, 255, 109, 215, 254, 235, 207,
       59, 103, 255, 223, 127, 251, 125, 122, 253, 247, 126, 255, 183,
       119, 238, 191, 174, 239, 223, 242, 29, 156, 93, 247, 255, 123,
       251, 123, 255, 235, 254, 60, 54, 245, 32, 220, 37, 33, 255, 228,
       124, 194, 53, 109, 239, 147, 101, 242, 236, 67, 96, 113, 130, 20,
       182, 158, 168, 164, 137, 210, 156, 105, 200, 109, 44, 70, 190, 80,
       50, 1, 220, 204, 68, 16, 142, 64, 99, 130, 76, 184, 44, 88, 1,
       242, 30, 156, 65, 128, 240, 3, 156, 74, 6, 32, 112, 45, 190, 239,
       168, 22, 253, 165, 127, 245, 222, 238, 241, 125, 63, 253, 239,
       219, 252, 227, 105, 241, 86, 220, 245, 93, 61, 37, 161, 125, 222,
       115, 235, 221, 4, 215, 186, 82, 120, 233, 124, 124, 93, 58, 47,
       84, 245, 118, 237, 185, 172, 24, 13, 240, 29, 156, 93, 16, 242,
       35, 188, 90, 215, 40, 250, 44, 170, 239, 233, 248, 253, 163, 245,
       249, 255, 202, 125, 89, 53, 251, 232, 203, 204, 235, 106, 245, 81,
       126, 189, 95, 125, 29, 167, 237, 199, 59, 222, 221, 194, 79, 169,
       125, 246, 237, 60, 252, 84, 122, 190, 85, 167, 118, 241, 187, 109,
       142, 33, 211, 29, 140, 92, 134, 236, 135, 173, 202, 223, 104, 246,
       15, 166, 64, 32, 29, 184, 162, 72, 32, 26, 130, 100, 232, 31, 169,
       1, 192, 41, 131, 208, 225, 103, 83, 113, 69, 220, 0, 165, 94, 6,
       33, 192, 159, 0, 215, 170, 113, 56, 233, 52, 108, 84, 58, 173, 85,
       81, 247, 111, 184, 172, 24, 5, 240, 21, 216, 73, 18, 242, 23, 181,
       8, 211, 100, 90, 63, 245, 253, 154, 54, 53, 93, 126, 247, 222,
       245, 248, 127, 187, 180, 94, 242, 244, 99, 105, 49, 86, 240, 55,
       253, 171, 228, 25, 123, 216, 124, 233, 214, 108, 150, 190, 222,
       120, 145, 253, 122, 223, 63, 47, 210, 52, 245, 110, 155, 172, 155,
       13, 248, 29, 158, 93, 56, 242, 59, 221, 91, 222, 42, 251, 60, 161,
       251, 152, 18, 135, 156, 103, 67, 194, 5, 176, 209, 166, 187, 90,
       251, 145, 98, 67, 145, 53, 67, 195, 221, 65, 164, 109, 64, 204,
       148, 96, 199, 4, 71, 190, 26, 120, 233, 124, 48, 93, 53, 47, 183,
       52, 181, 111, 155, 172, 56, 7, 242, 29, 28, 89, 16, 243, 51, 185,
       89, 83, 104, 234, 122, 217, 252, 158, 55, 63, 95, 55, 151, 222,
       85, 208, 31, 120, 52, 94, 253, 215, 101, 103, 84, 55, 224, 119,
       221, 255, 245, 92, 83, 216, 252, 233, 214, 44, 84, 190, 82, 120,
       201, 116, 114, 95, 61, 47, 213, 20, 245, 110, 153, 172, 24, 5,
       242, 29, 157, 73, 16, 242, 51, 189, 89, 87, 34, 251, 67, 6, 1, 0,
       72, 130, 6, 0, 2, 32, 1, 0, 128, 1, 0, 19, 100, 35, 1, 212, 192,
       33, 0, 64, 132, 128, 168, 76, 0, 0, 129, 64, 1, 36, 80, 186, 8, 8,
       5, 64, 4, 0, 16, 139, 193, 88, 132, 79, 16, 44, 24, 0, 112, 24,
       28, 65, 8, 50, 19, 176, 8, 86, 32, 104, 61, 182, 255, 101, 190,
       245, 187, 124, 252, 191, 210, 117, 205, 61, 185, 69, 185, 237,
       203, 251, 245, 115, 94, 253, 237, 120, 252, 246, 124, 85, 245,
       239, 95, 216, 223, 36, 255, 186, 233, 63, 125, 92, 123, 174, 247,
       225, 211, 123, 186, 254, 24, 11, 246, 189, 220, 93, 38, 215, 151,
       165, 250, 219, 108, 126, 39, 54, 228, 34, 29, 162, 161, 30, 244,
       92, 214, 113, 44, 91, 128, 21, 234, 236, 3, 240, 225, 38, 209,
       119, 68, 168, 224, 135, 90, 28, 97, 233, 223, 44, 85, 186, 119,
       56, 169, 116, 120, 84, 26, 143, 192, 1, 247, 79, 185, 172, 24, 1,
