%YAML:1.0
descriptors: !!opencv-matrix
   rows: 136
   cols: 64
   dt: u
   data: [ 63, 178, 125, 247, 63, 189, 191, 120, 254, 253, 254, 251, 253,
       127, 187, 117, 247, 255, 99, 123, 245, 103, 195, 126, 205, 254,
       241, 255, 126, 95, 247, 239, 215, 44, 85, 190, 87, 120, 233, 117,
       120, 92, 122, 47, 213, 21, 247, 111, 153, 172, 24, 5, 240, 29,
       156, 73, 16, 242, 51, 189, 90, 87, 32, 250, 61, 178, 253, 244, 62,
       189, 185, 120, 252, 254, 214, 247, 253, 127, 185, 68, 250, 221,
       99, 99, 245, 36, 195, 247, 221, 62, 245, 255, 88, 223, 245, 235,
       223, 36, 85, 190, 95, 120, 233, 124, 120, 92, 56, 47, 213, 53,
       247, 111, 153, 172, 24, 5, 240, 29, 156, 73, 16, 242, 51, 189, 88,
       87, 32, 250, 62, 253, 255, 253, 62, 189, 253, 123, 253, 255, 253,
       251, 255, 127, 244, 127, 243, 253, 103, 123, 245, 126, 210, 255,
       253, 255, 231, 251, 126, 223, 119, 239, 215, 108, 87, 190, 223,
       120, 249, 125, 122, 93, 255, 47, 212, 53, 247, 111, 185, 172, 24,
       13, 240, 29, 156, 93, 24, 242, 115, 191, 251, 223, 40, 250, 21,
       163, 221, 118, 41, 152, 188, 106, 240, 184, 215, 241, 236, 119,
       128, 0, 234, 136, 35, 115, 197, 102, 195, 247, 205, 30, 225, 187,
       106, 14, 161, 106, 223, 36, 69, 190, 83, 56, 233, 116, 120, 92,
       56, 47, 212, 49, 247, 111, 153, 172, 24, 1, 240, 29, 156, 73, 16,
       242, 51, 189, 88, 87, 32, 250, 31, 181, 221, 118, 54, 177, 252,
       115, 114, 186, 213, 241, 252, 115, 164, 83, 230, 222, 33, 227,
       197, 36, 193, 243, 205, 154, 224, 219, 90, 76, 181, 106, 215, 36,
       85, 186, 91, 120, 233, 116, 112, 92, 56, 47, 212, 21, 247, 111,
       153, 172, 24, 5, 240, 29, 156, 73, 16, 242, 51, 189, 88, 87, 32,
       250, 60, 253, 255, 254, 54, 191, 253, 123, 247, 254, 253, 251,
       255, 250, 180, 95, 242, 247, 119, 123, 247, 127, 209, 247, 253,
       255, 231, 191, 123, 217, 116, 235, 223, 44, 86, 190, 222, 120,
       249, 253, 122, 95, 255, 47, 213, 53, 245, 111, 153, 174, 24, 15,
       240, 29, 157, 93, 16, 242, 115, 191, 123, 223, 42, 251, 63, 255,
       253, 254, 54, 189, 253, 123, 247, 222, 245, 243, 255, 123, 244,
       93, 246, 246, 103, 123, 245, 118, 209, 247, 253, 191, 229, 249,
       126, 254, 244, 233, 214, 108, 215, 190, 222, 120, 249, 125, 124,
       95, 59, 47, 212, 53, 245, 111, 187, 172, 153, 15, 242, 29, 156,
       93, 60, 242, 115, 191, 123, 223, 44, 250, 45, 174, 238, 176, 59,
       127, 181, 118, 61, 254, 78, 247, 29, 63, 187, 199, 203, 253, 225,
       107, 245, 119, 211, 243, 89, 127, 176, 183, 120, 68, 51, 235, 223,
       32, 87, 178, 87, 120, 233, 124, 124, 92, 58, 47, 213, 53, 247,
       111, 185, 172, 24, 5, 240, 29, 156, 73, 22, 242, 55, 189, 90, 87,
       32, 250, 47, 246, 109, 170, 23, 61, 133, 27, 245, 94, 252, 242,
       45, 63, 252, 109, 195, 244, 39, 112, 113, 82, 145, 116, 116, 189,
       41, 33, 255, 90, 122, 249, 208, 108, 215, 186, 114, 112, 41, 124,
       126, 223, 58, 173, 84, 209, 116, 76, 153, 189, 16, 12, 248, 29,
       206, 89, 56, 240, 43, 188, 90, 223, 44, 184, 108, 33, 193, 178,
       16, 35, 32, 103, 64, 130, 82, 52, 112, 130, 147, 66, 98, 64, 67,
       68, 1, 128, 69, 151, 12, 8, 164, 137, 66, 140, 48, 200, 96, 36, 4,
       186, 9, 114, 1, 212, 152, 64, 20, 14, 64, 21, 3, 78, 25, 44, 88,
       4, 112, 28, 20, 73, 128, 226, 3, 184, 72, 6, 34, 225, 39, 54, 68,
       34, 221, 160, 163, 88, 228, 92, 130, 115, 173, 91, 128, 85, 226,
       245, 1, 100, 97, 2, 153, 116, 70, 152, 57, 9, 190, 8, 33, 9, 84,
       102, 92, 154, 80, 112, 13, 84, 101, 64, 26, 143, 64, 1, 240, 197,
       152, 52, 24, 4, 240, 28, 142, 73, 16, 176, 35, 156, 72, 71, 36,
       120, 76, 35, 231, 176, 48, 55, 40, 115, 0, 190, 66, 21, 80, 192,
       145, 66, 130, 73, 67, 99, 237, 165, 192, 147, 13, 10, 166, 133,
       64, 132, 49, 202, 115, 36, 85, 186, 81, 120, 193, 116, 88, 100,
       48, 46, 210, 4, 195, 111, 153, 172, 24, 5, 240, 29, 156, 73, 16,
       242, 51, 189, 72, 86, 32, 250, 179, 20, 80, 135, 253, 128, 159, 8,
       118, 89, 150, 115, 174, 75, 128, 85, 230, 215, 37, 113, 193, 7,
       163, 116, 78, 222, 249, 47, 210, 8, 225, 107, 215, 36, 84, 186,
       82, 120, 169, 244, 81, 92, 24, 15, 193, 16, 244, 77, 153, 172, 24,
       5, 240, 28, 156, 73, 16, 242, 51, 189, 88, 87, 32, 248, 179, 246,
       116, 130, 223, 157, 135, 25, 238, 69, 188, 122, 189, 127, 228,
       117, 246, 247, 5, 244, 81, 70, 145, 100, 214, 244, 105, 43, 182,
       26, 211, 57, 216, 108, 86, 158, 66, 112, 169, 244, 87, 93, 24, 15,
       212, 86, 244, 77, 137, 173, 16, 4, 240, 29, 140, 73, 24, 242, 50,
       188, 88, 87, 32, 248, 109, 207, 253, 248, 32, 191, 125, 115, 181,
       254, 236, 138, 223, 253, 252, 79, 203, 253, 231, 107, 252, 245,
       80, 243, 89, 127, 183, 182, 104, 214, 115, 235, 219, 0, 215, 168,
       211, 120, 249, 120, 124, 94, 56, 175, 245, 113, 247, 111, 153,
       172, 24, 13, 240, 29, 156, 93, 28, 242, 115, 189, 90, 215, 104,
       250, 178, 209, 121, 150, 255, 149, 95, 41, 214, 71, 53, 250, 189,
       106, 52, 84, 244, 215, 68, 177, 210, 119, 147, 102, 184, 178, 231,
       127, 18, 249, 213, 105, 199, 60, 134, 158, 202, 73, 242, 251, 82,
       203, 229, 73, 241, 20, 181, 79, 151, 174, 153, 15, 98, 25, 220,
       83, 56, 179, 114, 187, 58, 223, 234, 251, 186, 209, 125, 223, 62,
       189, 223, 57, 223, 255, 125, 219, 191, 80, 116, 94, 245, 215, 116,
       187, 222, 124, 227, 126, 253, 215, 247, 127, 95, 251, 247, 254,
       199, 188, 158, 254, 254, 121, 250, 247, 114, 223, 231, 111, 243,
       20, 245, 127, 159, 174, 155, 71, 248, 29, 156, 89, 17, 243, 115,
       255, 123, 127, 171, 255, 178, 145, 25, 247, 175, 128, 218, 9, 86,
       171, 117, 203, 189, 64, 0, 16, 118, 147, 4, 147, 198, 45, 195, 78,
       172, 146, 227, 126, 66, 177, 213, 126, 151, 188, 16, 52, 254, 105,
       250, 243, 80, 94, 229, 73, 241, 20, 145, 111, 155, 142, 25, 71,
       244, 29, 156, 73, 17, 243, 115, 187, 112, 119, 161, 255, 38, 237,
       251, 138, 83, 78, 197, 79, 239, 68, 13, 252, 63, 254, 191, 252,
       219, 54, 56, 36, 7, 83, 254, 39, 119, 213, 25, 45, 39, 186, 30,
       41, 149, 199, 71, 218, 34, 80, 255, 62, 39, 251, 108, 97, 29, 156,
       117, 166, 213, 172, 247, 156, 179, 1, 180, 190, 56, 236, 104, 45,
       25, 77, 59, 218, 58, 209, 93, 254, 46, 205, 221, 45, 215, 68, 125,
       220, 189, 126, 52, 124, 255, 214, 96, 243, 198, 120, 195, 119,
       249, 223, 245, 123, 99, 251, 223, 233, 151, 108, 65, 150, 207, 88,
       250, 127, 115, 223, 253, 107, 212, 20, 245, 111, 155, 174, 137,
       15, 244, 5, 156, 73, 56, 243, 115, 185, 121, 95, 34, 255, 51, 212,
       124, 142, 191, 157, 31, 9, 230, 69, 21, 122, 189, 58, 52, 84, 246,
       247, 4, 112, 208, 114, 145, 100, 252, 148, 229, 61, 50, 186, 213,
       41, 134, 44, 22, 158, 194, 120, 169, 94, 48, 219, 12, 15, 213, 20,
       244, 15, 145, 172, 16, 13, 56, 25, 158, 73, 16, 114, 50, 189, 88,
       95, 40, 250, 51, 208, 88, 138, 159, 136, 7, 8, 230, 68, 61, 114,
       189, 63, 164, 85, 242, 215, 4, 112, 192, 34, 129, 100, 76, 212,
       249, 41, 146, 10, 81, 41, 212, 36, 85, 154, 66, 120, 169, 86, 48,
       88, 24, 47, 212, 20, 244, 13, 145, 172, 16, 5, 48, 25, 156, 73,
       16, 114, 48, 188, 88, 87, 32, 248, 35, 22, 64, 2, 149, 128, 7, 8,
       230, 64, 1, 114, 172, 15, 128, 21, 98, 230, 0, 112, 64, 34, 129,
       100, 68, 148, 249, 9, 146, 8, 1, 9, 84, 36, 84, 154, 64, 56, 1,
       84, 36, 64, 24, 139, 196, 16, 244, 12, 144, 172, 16, 0, 48, 24,
       156, 73, 16, 114, 50, 188, 88, 87, 32, 120, 45, 102, 101, 232,
       223, 61, 39, 120, 188, 94, 234, 53, 109, 127, 249, 229, 194, 244,
       75, 96, 113, 226, 156, 52, 78, 172, 4, 1, 254, 30, 57, 153, 112,
       102, 87, 186, 82, 114, 5, 52, 190, 84, 26, 30, 84, 130, 192, 196,
       152, 45, 28, 4, 208, 29, 143, 9, 16, 224, 43, 156, 72, 70, 34,
       176, 39, 35, 65, 130, 221, 130, 3, 74, 198, 66, 2, 48, 161, 75,
