%YAML:1.0
descriptors: !!opencv-matrix
   rows: 170
   cols: 64
   dt: u
   data: [ 62, 180, 253, 182, 63, 255, 191, 121, 246, 252, 255, 247, 253,
       126, 178, 116, 251, 215, 99, 99, 245, 39, 195, 119, 205, 255, 245,
       191, 90, 94, 247, 235, 215, 36, 85, 190, 82, 120, 233, 116, 120,
       92, 56, 47, 213, 21, 245, 111, 153, 172, 24, 5, 240, 29, 156, 73,
       16, 242, 51, 189, 88, 87, 32, 250, 28, 48, 153, 166, 31, 163, 190,
       124, 212, 58, 196, 119, 241, 70, 179, 81, 250, 221, 67, 66, 193,
       33, 195, 214, 204, 154, 240, 143, 82, 12, 49, 234, 223, 36, 85,
       186, 83, 120, 233, 116, 120, 92, 48, 47, 213, 21, 183, 111, 153,
       172, 24, 5, 240, 29, 156, 65, 16, 242, 51, 189, 88, 87, 32, 250,
       190, 246, 117, 231, 255, 181, 255, 249, 246, 127, 249, 123, 239,
       74, 180, 85, 242, 245, 127, 112, 249, 126, 147, 124, 190, 255,
       255, 191, 254, 223, 247, 191, 75, 109, 158, 255, 222, 125, 185,
       253, 125, 205, 247, 191, 207, 161, 252, 93, 172, 181, 152, 137,
       234, 190, 158, 85, 120, 182, 123, 159, 255, 143, 44, 180, 124, 59,
       255, 253, 50, 127, 241, 255, 253, 252, 206, 53, 93, 253, 251, 230,
       251, 220, 203, 110, 117, 249, 198, 179, 95, 235, 180, 153, 253,
       206, 126, 251, 247, 36, 85, 186, 86, 114, 217, 124, 252, 93, 24,
       62, 212, 167, 195, 110, 153, 173, 30, 5, 242, 29, 157, 73, 16,
       242, 59, 189, 90, 70, 34, 248, 126, 113, 251, 156, 54, 7, 93, 106,
       214, 134, 245, 176, 127, 194, 148, 90, 242, 212, 39, 103, 15, 172,
       224, 55, 140, 138, 166, 13, 83, 8, 52, 41, 242, 36, 20, 186, 82,
       120, 193, 244, 82, 202, 181, 46, 210, 20, 193, 110, 153, 172, 26,
       5, 120, 29, 156, 73, 16, 242, 51, 185, 88, 86, 34, 251, 60, 181,
       245, 220, 51, 111, 117, 127, 245, 84, 205, 181, 125, 254, 189,
       110, 251, 244, 99, 102, 117, 46, 209, 247, 93, 255, 229, 157, 122,
       222, 124, 233, 206, 36, 71, 190, 210, 120, 217, 124, 120, 93, 60,
       167, 212, 117, 245, 110, 153, 172, 152, 13, 242, 29, 156, 73, 56,
       242, 115, 189, 90, 71, 40, 250, 60, 185, 255, 252, 54, 119, 249,
       126, 212, 222, 245, 241, 127, 210, 177, 90, 250, 220, 115, 111,
       231, 61, 228, 183, 173, 171, 230, 157, 91, 77, 116, 233, 246, 36,
       180, 190, 94, 124, 209, 245, 250, 207, 183, 46, 210, 21, 211, 110,
       155, 172, 31, 133, 248, 29, 156, 73, 144, 242, 59, 223, 89, 22,
       34, 251, 254, 249, 255, 252, 54, 191, 125, 107, 215, 199, 253,
       250, 255, 234, 180, 94, 251, 215, 118, 127, 183, 127, 241, 119,
       253, 255, 247, 255, 83, 191, 244, 168, 198, 62, 38, 222, 202, 125,
       251, 253, 122, 219, 181, 111, 255, 61, 183, 47, 223, 174, 144,
       207, 120, 29, 188, 93, 16, 243, 115, 251, 121, 127, 171, 251, 60,
       45, 237, 188, 50, 127, 117, 127, 245, 252, 222, 181, 125, 190,
       188, 206, 251, 252, 99, 97, 245, 118, 208, 183, 93, 255, 164, 153,
       123, 220, 124, 233, 207, 36, 71, 186, 215, 122, 249, 124, 120,
       221, 124, 47, 212, 53, 247, 110, 153, 172, 153, 13, 242, 29, 157,
       93, 56, 242, 123, 189, 91, 223, 40, 250, 45, 165, 237, 124, 62,
       181, 253, 126, 245, 254, 252, 177, 125, 127, 189, 79, 155, 124,
       227, 107, 245, 114, 209, 247, 125, 47, 133, 147, 121, 213, 125,
       235, 207, 108, 199, 190, 223, 56, 249, 125, 126, 127, 255, 175,
       244, 113, 247, 107, 187, 174, 153, 11, 240, 29, 156, 84, 60, 226,
       127, 255, 251, 215, 108, 254, 45, 182, 109, 160, 191, 189, 183,
       121, 252, 125, 198, 127, 237, 125, 172, 69, 242, 253, 195, 112,
       241, 102, 27, 252, 100, 60, 96, 178, 124, 85, 105, 231, 223, 232,
       223, 52, 255, 250, 185, 117, 93, 93, 90, 143, 212, 225, 246, 75,
       184, 252, 152, 13, 244, 157, 222, 77, 62, 178, 183, 156, 218, 223,
       44, 220, 191, 180, 108, 100, 63, 177, 255, 88, 244, 255, 212, 243,
       239, 123, 164, 85, 250, 253, 167, 243, 241, 118, 219, 126, 100,
       190, 243, 179, 126, 119, 229, 231, 223, 232, 158, 190, 247, 120,
       249, 125, 124, 76, 123, 175, 209, 113, 247, 111, 185, 254, 24, 5,
       240, 29, 220, 77, 62, 243, 183, 159, 250, 215, 44, 254, 59, 220,
       252, 173, 191, 253, 189, 81, 125, 127, 222, 207, 253, 125, 126,
       221, 255, 253, 35, 98, 252, 101, 219, 120, 95, 223, 177, 187, 250,
       87, 119, 239, 215, 164, 87, 58, 243, 120, 233, 118, 120, 92, 122,
       175, 213, 21, 247, 111, 153, 172, 24, 5, 240, 29, 156, 73, 24,
       242, 51, 189, 218, 87, 40, 254, 61, 180, 125, 188, 62, 253, 253,
       119, 245, 252, 220, 241, 125, 127, 189, 71, 251, 252, 67, 243,
       245, 114, 209, 247, 249, 63, 228, 218, 120, 213, 245, 235, 223,
       108, 87, 190, 223, 120, 249, 125, 124, 93, 123, 47, 212, 117, 247,
       111, 185, 172, 152, 15, 240, 29, 156, 93, 62, 243, 51, 189, 122,
       215, 40, 250, 59, 254, 253, 206, 127, 223, 223, 57, 255, 245, 63,
       251, 189, 127, 252, 125, 255, 247, 120, 179, 213, 119, 211, 119,
       249, 247, 253, 127, 126, 251, 215, 107, 151, 108, 87, 190, 218,
       88, 249, 125, 116, 93, 121, 47, 213, 20, 245, 111, 157, 174, 153,
       13, 240, 29, 156, 93, 56, 246, 51, 189, 122, 223, 44, 250, 109,
       174, 239, 249, 62, 125, 177, 254, 253, 254, 254, 189, 93, 189,
       251, 239, 139, 252, 235, 106, 253, 243, 214, 182, 93, 237, 148,
       179, 125, 215, 127, 251, 253, 100, 87, 186, 215, 114, 249, 124,
       254, 93, 122, 62, 213, 183, 227, 109, 185, 172, 30, 13, 242, 29,
       156, 77, 56, 246, 59, 189, 219, 214, 42, 250, 211, 156, 154, 119,
       237, 240, 222, 4, 27, 251, 85, 203, 142, 193, 6, 26, 45, 207, 188,
       155, 206, 45, 235, 123, 233, 223, 243, 246, 95, 97, 231, 111, 151,
       177, 184, 117, 255, 205, 250, 115, 113, 238, 235, 105, 187, 25,
       255, 59, 255, 218, 58, 247, 237, 229, 188, 238, 87, 159, 247, 251,
       243, 49, 145, 254, 62, 245, 125, 174, 55, 189, 29, 123, 247, 94,
       213, 240, 125, 58, 180, 85, 242, 246, 67, 113, 241, 114, 209, 119,
       252, 186, 228, 153, 122, 220, 253, 233, 214, 44, 22, 190, 202,
       120, 129, 125, 88, 223, 61, 15, 208, 53, 245, 79, 153, 172, 24, 5,
       224, 29, 158, 89, 16, 242, 51, 157, 122, 223, 42, 251, 250, 253,
       239, 218, 255, 159, 95, 27, 247, 71, 61, 250, 191, 250, 244, 93,
       243, 247, 126, 183, 87, 127, 177, 103, 126, 247, 255, 63, 243,
       251, 92, 41, 194, 111, 150, 223, 202, 125, 255, 253, 114, 219,
       244, 109, 213, 28, 245, 79, 215, 173, 144, 13, 235, 57, 158, 211,
       120, 246, 114, 191, 91, 221, 184, 250, 163, 197, 108, 208, 223,
       158, 71, 72, 38, 71, 13, 74, 155, 125, 52, 69, 203, 117, 37, 102,
       70, 46, 144, 98, 78, 214, 19, 45, 146, 26, 18, 9, 214, 38, 87,
       154, 66, 120, 107, 116, 112, 120, 56, 47, 213, 28, 245, 47, 153,
       172, 16, 4, 240, 29, 140, 73, 16, 242, 51, 189, 88, 87, 32, 250,
       64, 9, 131, 212, 73, 130, 74, 78, 0, 161, 3, 20, 130, 192, 130, 2,
       226, 85, 57, 103, 142, 173, 202, 43, 78, 202, 162, 15, 82, 8, 48,
       79, 83, 39, 84, 187, 66, 124, 103, 86, 16, 96, 24, 78, 201, 28,
       193, 143, 153, 172, 24, 5, 113, 28, 156, 75, 16, 114, 51, 189, 72,
       22, 33, 250, 62, 49, 121, 182, 55, 37, 25, 123, 214, 68, 213, 112,
       125, 74, 148, 86, 250, 214, 67, 113, 241, 50, 193, 119, 156, 187,
       229, 217, 82, 248, 244, 233, 198, 44, 20, 190, 206, 120, 201, 117,
       120, 201, 53, 15, 208, 53, 181, 110, 155, 174, 153, 7, 240, 28,
       156, 81, 0, 178, 51, 185, 120, 87, 32, 250, 61, 50, 117, 172, 190,
       61, 57, 120, 246, 92, 222, 53, 125, 63, 249, 244, 242, 212, 67,
       96, 241, 34, 128, 52, 204, 168, 228, 153, 218, 94, 125, 249, 240,
       36, 85, 190, 82, 114, 129, 116, 250, 92, 24, 14, 196, 135, 192,
       76, 153, 173, 28, 5, 240, 29, 159, 73, 16, 242, 59, 188, 88, 70,
       34, 249, 61, 182, 125, 232, 54, 189, 49, 121, 247, 84, 214, 53,
       125, 63, 253, 85, 242, 244, 67, 120, 245, 114, 209, 246, 253, 184,
       228, 153, 126, 220, 253, 233, 223, 108, 199, 190, 222, 122, 153,
