%YAML:1.0
descriptors: !!opencv-matrix
   rows: 152
   cols: 64
   dt: u
   data: [ 23, 50, 77, 54, 61, 176, 157, 28, 114, 190, 214, 245, 236,
       127, 9, 19, 237, 230, 1, 243, 229, 32, 195, 119, 197, 158, 240,
       223, 90, 12, 225, 107, 215, 44, 85, 190, 91, 56, 233, 116, 112,
       92, 56, 47, 213, 17, 247, 111, 153, 172, 24, 1, 240, 29, 156, 73,
       16, 242, 51, 189, 88, 87, 32, 250, 62, 242, 125, 255, 63, 253,
       251, 121, 255, 255, 245, 253, 253, 122, 253, 247, 254, 246, 75,
       123, 245, 122, 211, 126, 253, 191, 231, 255, 127, 223, 255, 239,
       223, 108, 215, 190, 222, 123, 249, 125, 254, 223, 251, 63, 212,
       183, 247, 111, 191, 173, 156, 13, 250, 29, 158, 93, 48, 242, 123,
       159, 251, 223, 46, 255, 60, 50, 243, 33, 152, 229, 161, 253, 200,
       129, 210, 117, 245, 22, 155, 240, 251, 132, 195, 66, 249, 3, 207,
       212, 157, 253, 116, 169, 66, 222, 115, 174, 77, 44, 69, 190, 28,
       50, 233, 92, 121, 85, 52, 166, 69, 37, 63, 101, 185, 172, 137, 41,
       242, 29, 28, 65, 36, 242, 7, 185, 26, 7, 32, 94, 60, 50, 119, 161,
       184, 244, 168, 241, 216, 186, 202, 53, 229, 7, 217, 112, 242, 204,
       195, 98, 225, 32, 143, 220, 172, 136, 38, 131, 222, 79, 57, 254,
       117, 228, 93, 190, 117, 183, 9, 244, 223, 68, 82, 14, 66, 167,
       202, 85, 168, 61, 92, 33, 240, 156, 140, 73, 132, 242, 11, 140,
       78, 6, 34, 181, 50, 249, 217, 190, 48, 72, 92, 15, 67, 64, 29,
       250, 52, 102, 142, 88, 255, 130, 32, 19, 71, 44, 65, 70, 253, 215,
       243, 121, 3, 170, 198, 41, 150, 36, 85, 150, 170, 88, 251, 125,
       97, 220, 189, 105, 181, 20, 245, 110, 209, 166, 9, 71, 160, 5, 60,
       105, 24, 243, 50, 57, 24, 87, 161, 202, 85, 49, 208, 54, 81, 34,
       42, 126, 82, 168, 192, 53, 100, 202, 131, 82, 114, 131, 3, 214,
       97, 167, 193, 135, 132, 40, 232, 205, 82, 12, 224, 97, 218, 36,
       20, 190, 19, 56, 1, 116, 88, 76, 24, 10, 193, 49, 131, 78, 153,
       174, 24, 5, 240, 28, 92, 65, 18, 178, 55, 185, 24, 86, 160, 75,
       193, 206, 142, 233, 8, 222, 166, 197, 57, 255, 14, 204, 128, 53,
       79, 170, 137, 41, 185, 43, 188, 209, 126, 184, 113, 117, 25, 182,
       109, 7, 11, 87, 149, 211, 249, 97, 181, 201, 252, 42, 100, 60,
       106, 181, 55, 152, 126, 177, 223, 217, 111, 123, 149, 231, 96,
       190, 255, 205, 204, 101, 215, 241, 89, 198, 22, 50, 93, 54, 61,
       176, 62, 120, 226, 50, 211, 50, 236, 115, 129, 17, 230, 207, 3,
       112, 193, 34, 193, 118, 204, 152, 244, 207, 82, 12, 161, 106, 223,
       44, 85, 190, 83, 56, 233, 116, 120, 92, 56, 175, 213, 49, 247, 79,
       153, 172, 24, 1, 240, 29, 156, 73, 16, 242, 51, 189, 88, 87, 32,
       250, 62, 241, 125, 174, 55, 125, 185, 126, 247, 222, 253, 245,
       125, 62, 252, 247, 251, 244, 67, 105, 117, 114, 245, 118, 253,
       173, 229, 153, 123, 222, 127, 233, 244, 36, 87, 190, 82, 122, 201,
       252, 250, 223, 56, 47, 212, 23, 244, 110, 153, 172, 26, 5, 248,
       29, 157, 73, 16, 242, 59, 188, 88, 87, 34, 251, 194, 217, 139,
       222, 103, 74, 92, 10, 35, 131, 45, 202, 18, 194, 100, 59, 141, 87,
       52, 7, 14, 188, 32, 3, 103, 215, 179, 111, 19, 42, 22, 48, 146,
       54, 156, 203, 2, 109, 250, 243, 114, 234, 172, 105, 191, 28, 245,
       62, 213, 138, 18, 87, 104, 65, 180, 235, 145, 179, 112, 63, 93,
       117, 145, 186, 12, 42, 243, 41, 16, 97, 160, 231, 9, 170, 194,
       183, 208, 166, 139, 226, 203, 8, 163, 75, 173, 133, 78, 145, 69,
       93, 152, 161, 64, 134, 35, 194, 93, 0, 101, 170, 17, 248, 233,
       116, 104, 84, 48, 38, 119, 21, 55, 233, 153, 172, 56, 53, 210, 29,
       28, 72, 6, 224, 19, 245, 72, 83, 96, 98, 140, 170, 251, 41, 48,
       240, 160, 218, 216, 145, 196, 254, 226, 19, 131, 73, 202, 205,
       163, 75, 229, 5, 67, 215, 69, 223, 17, 163, 70, 14, 35, 210, 223,
       4, 213, 186, 80, 56, 233, 52, 120, 92, 48, 39, 213, 81, 55, 111,
       153, 172, 8, 1, 240, 29, 156, 73, 20, 242, 51, 173, 88, 87, 100,
       218, 45, 50, 229, 166, 23, 37, 161, 122, 244, 220, 212, 119, 237,
       59, 178, 71, 226, 244, 3, 97, 225, 38, 193, 119, 76, 184, 176, 11,
       90, 12, 113, 235, 215, 36, 85, 186, 82, 120, 41, 116, 80, 92, 56,
       47, 208, 21, 241, 111, 153, 172, 24, 5, 240, 28, 156, 73, 16, 242,
       51, 189, 88, 87, 32, 250, 62, 53, 57, 186, 22, 21, 12, 111, 198,
       66, 209, 48, 113, 2, 180, 86, 246, 214, 3, 64, 193, 34, 193, 87,
       220, 136, 228, 73, 82, 156, 177, 104, 198, 44, 84, 190, 90, 120,
       129, 116, 112, 74, 48, 15, 212, 20, 133, 78, 153, 172, 24, 5, 240,
       29, 156, 65, 16, 242, 51, 189, 88, 87, 32, 250, 54, 245, 251, 58,
       16, 132, 5, 75, 227, 192, 133, 186, 245, 163, 141, 94, 251, 163,
       35, 84, 145, 70, 81, 71, 212, 213, 245, 173, 34, 190, 194, 40,
       134, 12, 71, 190, 152, 56, 105, 124, 44, 88, 56, 161, 85, 112,
       181, 111, 153, 172, 137, 9, 176, 29, 92, 89, 56, 242, 19, 185, 56,
       215, 104, 90, 63, 55, 101, 160, 31, 61, 37, 122, 244, 94, 210, 55,
       125, 127, 178, 69, 250, 244, 67, 96, 241, 118, 208, 118, 92, 184,
       180, 25, 122, 220, 113, 233, 215, 36, 87, 186, 82, 120, 137, 124,
       124, 93, 28, 47, 212, 21, 245, 79, 153, 172, 24, 5, 242, 29, 156,
       73, 24, 242, 51, 189, 88, 87, 32, 250, 141, 138, 138, 41, 8, 248,
       160, 196, 56, 187, 198, 205, 66, 49, 11, 171, 9, 8, 161, 201, 225,
       65, 111, 144, 65, 73, 24, 162, 77, 5, 35, 194, 157, 128, 65, 32,
       117, 152, 237, 32, 248, 28, 58, 53, 85, 241, 51, 225, 185, 200,
       44, 37, 213, 29, 216, 8, 22, 192, 135, 165, 64, 83, 96, 91, 118,
       49, 81, 54, 21, 32, 9, 74, 198, 2, 209, 50, 229, 131, 132, 82,
       114, 135, 2, 84, 11, 166, 129, 70, 132, 136, 224, 9, 18, 40, 224,
       40, 18, 44, 4, 190, 10, 56, 1, 213, 8, 202, 21, 9, 192, 81, 128,
       77, 18, 166, 16, 2, 96, 24, 124, 65, 8, 50, 17, 152, 56, 86, 32,
       89, 29, 55, 85, 34, 23, 41, 33, 126, 242, 20, 214, 53, 124, 127,
       128, 80, 234, 212, 3, 96, 225, 32, 193, 247, 204, 168, 224, 137,
       82, 12, 113, 105, 223, 36, 85, 186, 82, 122, 137, 116, 208, 84,
       24, 14, 192, 5, 229, 79, 153, 172, 24, 5, 240, 29, 156, 73, 16,
       242, 51, 189, 88, 87, 32, 250, 23, 55, 80, 6, 17, 8, 0, 42, 66, 0,
       151, 49, 36, 19, 128, 18, 102, 134, 0, 20, 65, 40, 129, 35, 128,
       136, 192, 73, 50, 8, 192, 41, 24, 36, 48, 178, 4, 90, 1, 212, 133,
       145, 25, 3, 8, 1, 192, 78, 128, 38, 65, 4, 48, 26, 139, 9, 32, 50,
       22, 208, 8, 6, 164, 88, 18, 241, 25, 30, 18, 128, 88, 10, 66, 2,
       17, 254, 182, 194, 132, 90, 126, 131, 36, 215, 3, 36, 65, 71, 132,
       214, 243, 109, 2, 42, 198, 40, 210, 36, 5, 158, 10, 124, 203, 84,
       48, 200, 53, 105, 183, 28, 181, 47, 145, 174, 16, 7, 168, 25, 60,
       65, 16, 243, 50, 185, 24, 85, 96, 170, 13, 54, 116, 33, 249, 253,
       163, 252, 184, 124, 202, 103, 204, 61, 235, 229, 194, 236, 195,
       96, 241, 66, 30, 248, 66, 40, 28, 242, 252, 71, 99, 215, 125, 64,
       215, 32, 117, 178, 169, 36, 253, 20, 90, 150, 68, 227, 242, 65,
       184, 125, 28, 45, 242, 157, 154, 73, 54, 192, 151, 164, 202, 215,
       36, 88, 62, 51, 253, 182, 54, 53, 61, 127, 246, 86, 213, 48, 125,
       122, 176, 86, 242, 212, 67, 99, 225, 52, 193, 119, 140, 138, 228,
       25, 82, 28, 117, 233, 215, 36, 84, 190, 82, 120, 193, 116, 112,
       93, 57, 47, 208, 20, 229, 79, 153, 172, 24, 5, 240, 29, 156, 73,
       16, 242, 51, 189, 88, 87, 32, 250, 80, 33, 149, 154, 0, 67, 6,
       102, 66, 130, 9, 148, 84, 166, 139, 34, 239, 131, 32, 102, 2, 33,
       194, 131, 201, 69, 160, 76, 0, 136, 144, 41, 214, 4, 85, 186, 16,
       104, 201, 68, 48, 88, 56, 39, 245, 20, 229, 110, 153, 172, 24, 5,
       176, 29, 28, 73, 0, 242, 19, 185, 88, 87, 32, 234, 63, 55, 117,
       180, 23, 37, 37, 126, 230, 92, 208, 53, 125, 111, 177, 86, 250,
       244, 67, 96, 241, 34, 209, 119, 220, 184, 228, 137, 82, 28, 113,
       233, 215, 44, 85, 190, 82, 120, 193, 124, 120, 92, 24, 47, 212,
