%YAML:1.0
descriptors: !!opencv-matrix
   rows: 161
   cols: 64
   dt: u
   data: [ 62, 249, 255, 254, 62, 127, 249, 251, 253, 254, 253, 255, 253,
       126, 253, 126, 242, 223, 99, 107, 245, 117, 193, 247, 253, 238,
       231, 255, 123, 223, 247, 251, 247, 44, 87, 190, 223, 122, 249,
       125, 122, 95, 123, 47, 212, 23, 247, 111, 153, 172, 24, 5, 240,
       29, 156, 73, 16, 242, 51, 189, 91, 87, 34, 251, 190, 245, 125,
       158, 55, 95, 95, 75, 247, 199, 189, 250, 255, 110, 180, 126, 251,
       215, 102, 103, 215, 54, 241, 119, 221, 223, 247, 63, 83, 158, 255,
       233, 198, 44, 86, 190, 210, 120, 233, 252, 114, 94, 60, 47, 213,
       20, 245, 111, 153, 172, 24, 5, 240, 29, 156, 73, 16, 242, 115,
       189, 88, 87, 40, 250, 253, 185, 253, 190, 246, 191, 127, 126, 247,
       93, 253, 251, 255, 255, 182, 94, 251, 213, 115, 103, 125, 247,
       195, 119, 94, 235, 180, 61, 123, 220, 126, 169, 215, 36, 85, 190,
       82, 120, 249, 124, 118, 223, 56, 47, 213, 20, 245, 111, 153, 172,
       24, 5, 240, 29, 156, 73, 24, 246, 51, 189, 88, 87, 34, 250, 173,
       251, 109, 204, 55, 253, 177, 120, 60, 221, 246, 251, 255, 59, 252,
       239, 235, 245, 101, 107, 245, 100, 192, 115, 77, 255, 177, 63,
       126, 78, 115, 251, 223, 36, 85, 186, 82, 122, 233, 116, 244, 92,
       56, 47, 213, 22, 245, 111, 153, 172, 24, 5, 240, 29, 157, 73, 16,
       242, 51, 189, 88, 87, 32, 250, 188, 255, 239, 237, 55, 119, 253,
       251, 253, 223, 254, 251, 255, 62, 251, 239, 243, 245, 127, 107,
       245, 119, 246, 119, 125, 255, 181, 187, 127, 95, 127, 251, 255,
       108, 87, 250, 210, 123, 249, 245, 122, 95, 122, 62, 213, 167, 213,
       111, 157, 173, 28, 5, 250, 29, 159, 77, 16, 242, 51, 157, 91, 95,
       40, 250, 44, 232, 239, 169, 54, 247, 177, 255, 60, 254, 228, 253,
       219, 59, 251, 239, 139, 221, 99, 107, 245, 85, 198, 115, 77, 221,
       153, 183, 123, 78, 51, 251, 247, 36, 85, 186, 82, 120, 233, 116,
       114, 92, 56, 47, 213, 21, 243, 111, 153, 172, 24, 5, 240, 29, 156,
       73, 16, 242, 51, 189, 88, 87, 32, 251, 189, 253, 125, 254, 54, 63,
       125, 123, 247, 68, 253, 178, 127, 251, 246, 222, 243, 244, 119,
       125, 55, 254, 177, 182, 255, 191, 247, 153, 251, 220, 126, 233,
       202, 110, 166, 222, 202, 124, 145, 253, 190, 219, 253, 191, 218,
       243, 229, 204, 175, 165, 215, 206, 106, 30, 135, 85, 184, 180,
       121, 219, 255, 206, 174, 185, 45, 46, 239, 169, 52, 247, 165, 254,
       189, 254, 234, 149, 203, 189, 251, 239, 131, 125, 235, 107, 240,
       69, 222, 241, 93, 237, 141, 182, 124, 86, 59, 219, 245, 36, 87,
       186, 86, 122, 233, 60, 124, 116, 58, 174, 87, 163, 84, 233, 25,
       172, 28, 5, 209, 29, 156, 12, 16, 226, 51, 188, 74, 215, 40, 250,
       182, 241, 125, 150, 54, 15, 29, 107, 230, 68, 189, 114, 255, 255,
       180, 92, 243, 213, 102, 100, 81, 166, 129, 103, 94, 223, 181, 57,
       242, 152, 80, 105, 210, 36, 84, 186, 66, 120, 225, 116, 112, 90,
       56, 47, 212, 20, 245, 79, 153, 172, 24, 5, 240, 29, 156, 73, 16,
       242, 51, 189, 88, 87, 32, 250, 76, 42, 231, 160, 16, 119, 33, 119,
       0, 254, 66, 21, 81, 181, 155, 226, 138, 92, 195, 104, 224, 129,
       204, 177, 13, 136, 12, 132, 64, 4, 48, 203, 113, 0, 85, 186, 80,
       122, 5, 52, 240, 84, 24, 14, 68, 134, 66, 224, 25, 44, 24, 4, 209,
       29, 140, 8, 16, 224, 35, 188, 72, 86, 32, 242, 58, 245, 125, 142,
       55, 29, 29, 123, 247, 214, 189, 176, 125, 58, 188, 87, 246, 246,
       66, 113, 209, 114, 209, 118, 221, 168, 225, 89, 115, 220, 253,
       105, 212, 36, 86, 190, 210, 120, 129, 116, 114, 223, 60, 47, 212,
       22, 244, 110, 153, 172, 24, 5, 240, 29, 157, 73, 16, 242, 51, 188,
       89, 86, 34, 251, 239, 206, 239, 249, 47, 127, 255, 251, 189, 255,
       252, 202, 203, 189, 126, 175, 137, 125, 127, 123, 244, 247, 248,
       122, 117, 255, 159, 182, 125, 119, 63, 219, 219, 248, 219, 105,
       247, 125, 248, 171, 126, 191, 123, 189, 215, 243, 247, 121, 62,
       155, 156, 13, 219, 253, 223, 28, 57, 198, 247, 191, 231, 223, 12,
       190, 102, 33, 97, 144, 16, 134, 3, 79, 198, 70, 147, 48, 65, 138,
       145, 70, 234, 212, 3, 100, 11, 160, 192, 35, 76, 136, 164, 13, 82,
       8, 48, 41, 64, 36, 84, 154, 66, 112, 1, 84, 176, 64, 16, 14, 64,
       28, 193, 14, 153, 44, 16, 5, 112, 28, 148, 73, 16, 242, 49, 188,
       88, 86, 32, 240, 69, 35, 229, 176, 16, 34, 33, 110, 160, 196, 194,
       52, 65, 167, 155, 66, 194, 76, 3, 100, 65, 161, 196, 51, 76, 136,
       128, 9, 80, 12, 48, 9, 112, 36, 85, 186, 16, 122, 1, 84, 80, 84,
       24, 14, 68, 20, 193, 78, 153, 44, 24, 5, 240, 29, 156, 73, 16,
       242, 51, 188, 72, 86, 32, 250, 187, 220, 108, 255, 191, 253, 253,
       184, 189, 255, 85, 251, 191, 122, 126, 221, 251, 255, 101, 251,
       252, 126, 211, 124, 109, 255, 247, 187, 255, 83, 127, 255, 215,
       108, 223, 254, 211, 121, 249, 127, 122, 223, 126, 63, 213, 21,
       255, 127, 153, 188, 24, 5, 248, 157, 156, 77, 56, 242, 115, 191,
       219, 223, 42, 251, 188, 186, 247, 173, 254, 253, 187, 245, 255,
       253, 86, 95, 221, 61, 251, 212, 255, 222, 235, 104, 252, 209, 206,
       252, 253, 253, 188, 251, 253, 223, 255, 255, 213, 100, 87, 254,
       214, 243, 169, 125, 253, 93, 123, 62, 245, 164, 248, 125, 157,
       173, 157, 5, 242, 159, 159, 77, 20, 246, 59, 189, 222, 79, 32,
       254, 191, 254, 125, 175, 254, 253, 191, 249, 253, 255, 254, 255,
       253, 127, 254, 253, 251, 253, 103, 115, 245, 101, 211, 126, 205,
       255, 245, 191, 126, 95, 115, 239, 215, 44, 85, 190, 91, 120, 233,
       116, 120, 92, 58, 47, 213, 23, 247, 111, 153, 172, 24, 5, 240, 29,
       156, 73, 16, 242, 51, 189, 88, 87, 32, 250, 191, 255, 125, 254,
       63, 189, 223, 120, 255, 255, 253, 251, 255, 122, 244, 95, 246,
       247, 103, 123, 245, 126, 211, 126, 253, 255, 247, 127, 127, 127,
       247, 235, 215, 108, 214, 190, 210, 121, 249, 253, 126, 223, 127,
       47, 209, 23, 245, 111, 157, 175, 24, 5, 250, 29, 159, 77, 24, 242,
       115, 191, 251, 223, 40, 251, 127, 183, 253, 247, 255, 247, 191,
       120, 244, 125, 252, 119, 253, 127, 179, 117, 251, 213, 99, 102,
       245, 39, 195, 119, 206, 255, 245, 175, 210, 30, 115, 235, 215, 36,
       85, 190, 82, 120, 233, 116, 120, 92, 56, 47, 213, 21, 245, 111,
       153, 172, 24, 5, 240, 29, 156, 73, 16, 242, 51, 189, 88, 87, 32,
       250, 126, 245, 125, 190, 119, 63, 63, 121, 246, 118, 253, 186,
       253, 126, 182, 86, 251, 213, 99, 117, 245, 167, 209, 118, 220,
       255, 245, 173, 82, 156, 245, 233, 215, 44, 84, 190, 90, 120, 225,
       124, 120, 94, 56, 47, 213, 21, 247, 111, 153, 172, 24, 5, 240, 29,
       156, 73, 16, 242, 51, 189, 88, 87, 32, 250, 126, 49, 127, 189,
       118, 55, 187, 255, 214, 254, 213, 182, 125, 194, 179, 119, 242,
       213, 67, 102, 121, 161, 197, 182, 204, 170, 228, 141, 82, 28, 241,
       251, 242, 36, 85, 190, 90, 120, 193, 116, 120, 92, 56, 14, 209,
       21, 193, 110, 153, 172, 24, 5, 240, 29, 156, 73, 16, 242, 51, 189,
       88, 86, 34, 251, 1, 6, 0, 34, 201, 128, 34, 76, 32, 40, 130, 37,
       32, 15, 137, 5, 66, 36, 129, 0, 192, 2, 24, 96, 68, 136, 8, 1,
       146, 8, 33, 69, 93, 36, 85, 178, 33, 34, 5, 4, 133, 64, 24, 130,
       64, 193, 64, 193, 16, 36, 24, 4, 1, 24, 140, 9, 16, 32, 7, 148, 8,
       6, 32, 112, 171, 214, 108, 171, 223, 189, 7, 25, 188, 127, 188,
       42, 173, 57, 124, 101, 209, 245, 71, 240, 249, 210, 155, 124, 68,
       245, 249, 43, 219, 87, 115, 227, 217, 44, 215, 186, 91, 113, 33,
       112, 122, 94, 58, 173, 84, 117, 246, 69, 153, 172, 24, 4, 240, 29,
       204, 89, 16, 240, 55, 188, 90, 210, 40, 248, 236, 43, 231, 240,
       52, 119, 41, 255, 244, 222, 194, 55, 79, 253, 187, 231, 226, 252,
       227, 110, 124, 196, 212, 179, 79, 170, 182, 129, 216, 76, 50, 153,
       114, 38, 87, 186, 86, 126, 193, 116, 252, 68, 26, 158, 198, 163,
       193, 238, 152, 172, 28, 1, 240, 29, 156, 73, 144, 242, 51, 157,
