%YAML:1.0
descriptors: !!opencv-matrix
   rows: 132
   cols: 64
   dt: u
   data: [ 63, 244, 109, 232, 63, 253, 213, 120, 253, 255, 252, 249, 109,
       59, 252, 245, 251, 244, 103, 121, 245, 114, 248, 126, 109, 191,
       37, 51, 127, 95, 117, 255, 213, 108, 221, 186, 246, 121, 249, 253,
       123, 223, 122, 47, 212, 19, 244, 111, 185, 189, 30, 13, 248, 29,
       159, 77, 48, 242, 51, 189, 218, 223, 44, 254, 254, 113, 251, 252,
       54, 23, 93, 231, 199, 198, 253, 176, 127, 200, 182, 94, 255, 214,
       114, 255, 55, 191, 245, 23, 220, 203, 247, 217, 67, 188, 244, 169,
       194, 60, 38, 254, 202, 124, 210, 253, 58, 203, 181, 105, 178, 28,
       133, 110, 223, 174, 18, 199, 104, 24, 180, 81, 144, 243, 121, 219,
       125, 246, 170, 251, 61, 182, 125, 172, 191, 189, 187, 120, 181,
       126, 214, 117, 237, 59, 189, 85, 242, 252, 195, 112, 241, 114,
       154, 124, 124, 168, 228, 211, 126, 93, 125, 239, 221, 232, 223,
       190, 246, 250, 169, 127, 253, 95, 91, 142, 240, 227, 208, 73, 186,
       191, 152, 13, 242, 157, 159, 93, 60, 178, 191, 156, 250, 223, 46,
       253, 190, 245, 125, 255, 63, 189, 223, 121, 255, 255, 253, 251,
       255, 122, 244, 95, 246, 247, 119, 123, 245, 126, 211, 127, 253,
       255, 247, 255, 127, 255, 247, 235, 215, 44, 214, 190, 222, 121,
       249, 125, 122, 223, 255, 47, 213, 21, 245, 111, 153, 172, 24, 5,
       248, 29, 156, 93, 16, 242, 115, 191, 123, 223, 40, 251, 63, 182,
       125, 254, 191, 189, 255, 120, 244, 126, 254, 119, 253, 127, 185,
       117, 246, 254, 67, 114, 245, 98, 211, 118, 220, 174, 228, 219,
       126, 87, 245, 235, 223, 44, 85, 190, 223, 120, 233, 125, 120, 92,
       26, 47, 212, 53, 247, 111, 153, 172, 24, 5, 240, 29, 156, 73, 16,
       242, 51, 189, 90, 87, 32, 248, 62, 241, 125, 254, 54, 125, 89,
       127, 215, 212, 253, 176, 125, 58, 252, 246, 255, 214, 66, 255, 55,
       122, 245, 182, 189, 43, 228, 217, 107, 252, 252, 168, 234, 44, 38,
       254, 222, 122, 209, 253, 218, 223, 181, 47, 242, 183, 163, 110,
       187, 175, 143, 79, 250, 29, 151, 93, 60, 243, 123, 249, 123, 158,
       106, 251, 60, 245, 125, 168, 55, 127, 57, 127, 247, 94, 221, 180,
       125, 46, 253, 254, 251, 244, 67, 112, 113, 114, 209, 183, 221,
       189, 245, 137, 83, 222, 246, 233, 220, 44, 87, 190, 82, 112, 201,
       124, 122, 95, 60, 47, 212, 53, 246, 110, 153, 172, 24, 5, 240, 29,
       156, 73, 16, 242, 51, 189, 88, 87, 34, 251, 60, 48, 253, 164, 54,
       55, 57, 126, 244, 252, 215, 53, 125, 59, 179, 86, 250, 220, 67,
       97, 241, 34, 197, 183, 205, 168, 228, 137, 82, 28, 113, 233, 213,
       36, 84, 190, 82, 122, 129, 116, 216, 92, 24, 14, 208, 53, 195,
       110, 153, 172, 24, 5, 240, 29, 156, 73, 16, 242, 51, 188, 88, 86,
       34, 251, 60, 187, 253, 244, 62, 253, 249, 126, 245, 254, 214, 245,
       253, 127, 185, 103, 251, 252, 227, 107, 245, 119, 194, 247, 205,
       250, 164, 191, 124, 214, 119, 235, 223, 36, 87, 190, 215, 120,
       249, 117, 124, 93, 59, 47, 213, 165, 247, 111, 185, 172, 24, 5,
       240, 29, 156, 73, 20, 242, 51, 189, 90, 87, 32, 250, 60, 50, 253,
       252, 62, 181, 185, 117, 244, 254, 214, 181, 93, 59, 153, 70, 250,
       220, 195, 107, 245, 97, 194, 255, 205, 42, 228, 223, 120, 213,
       245, 235, 223, 40, 87, 190, 223, 120, 233, 117, 120, 92, 59, 46,
       245, 181, 243, 111, 185, 172, 24, 3, 240, 29, 156, 89, 20, 242,
       51, 189, 122, 87, 32, 250, 61, 190, 253, 253, 62, 189, 251, 125,
       253, 254, 214, 255, 205, 123, 191, 69, 242, 253, 195, 107, 245,
       103, 210, 255, 253, 42, 244, 255, 124, 85, 117, 239, 223, 104,
       215, 190, 223, 122, 249, 117, 248, 92, 59, 175, 213, 177, 243,
       111, 185, 172, 24, 5, 240, 29, 156, 77, 20, 242, 51, 189, 218,
       215, 40, 251, 60, 182, 253, 188, 62, 181, 191, 117, 245, 254, 218,
       245, 253, 127, 185, 69, 251, 221, 195, 98, 245, 115, 211, 255,
       221, 126, 244, 247, 88, 213, 245, 234, 223, 40, 215, 190, 255,
       120, 233, 117, 120, 92, 122, 175, 213, 117, 247, 111, 185, 172,
       24, 5, 240, 29, 156, 89, 22, 242, 55, 189, 90, 87, 40, 250, 50,
       245, 121, 158, 55, 4, 31, 9, 198, 70, 177, 114, 189, 74, 180, 84,
       246, 247, 6, 212, 3, 50, 145, 102, 220, 150, 229, 121, 18, 184,
       212, 40, 130, 44, 6, 158, 202, 120, 129, 221, 34, 203, 53, 137,
       208, 84, 180, 78, 147, 174, 16, 15, 98, 24, 156, 81, 16, 178, 51,
       184, 56, 214, 40, 249, 54, 52, 113, 166, 23, 36, 1, 111, 198, 68,
       209, 52, 101, 142, 145, 116, 242, 214, 67, 80, 113, 130, 149, 36,
       158, 136, 228, 9, 210, 152, 240, 232, 96, 44, 5, 190, 66, 48, 1,
       212, 24, 64, 16, 138, 64, 48, 128, 76, 153, 36, 80, 0, 112, 24,
       148, 65, 16, 178, 43, 152, 88, 6, 34, 240, 50, 245, 121, 222, 54,
       157, 93, 9, 231, 199, 29, 248, 189, 110, 52, 94, 255, 214, 96,
       187, 151, 126, 211, 103, 253, 215, 247, 125, 35, 250, 213, 41,
       134, 60, 135, 158, 202, 121, 250, 127, 48, 219, 229, 105, 183, 20,
       245, 47, 147, 174, 144, 79, 34, 17, 188, 93, 25, 243, 122, 251,
       121, 255, 232, 250, 61, 102, 109, 173, 62, 189, 185, 249, 253,
       255, 250, 185, 125, 59, 249, 230, 226, 220, 71, 105, 253, 240,
       164, 180, 77, 169, 165, 187, 91, 94, 61, 251, 240, 36, 84, 186,
       83, 122, 161, 244, 250, 94, 56, 14, 208, 183, 194, 77, 153, 173,
       28, 5, 240, 29, 157, 73, 16, 242, 51, 188, 88, 86, 34, 249, 44,
       38, 101, 168, 50, 189, 33, 121, 228, 94, 194, 53, 89, 63, 249,
       229, 130, 252, 195, 96, 241, 112, 144, 240, 93, 168, 128, 129,
       120, 76, 57, 201, 112, 4, 87, 186, 81, 122, 129, 116, 252, 84, 24,
       14, 84, 135, 194, 79, 153, 45, 24, 5, 242, 29, 159, 9, 16, 226,
       51, 188, 72, 86, 34, 240, 13, 39, 117, 176, 16, 61, 32, 118, 97,
       198, 194, 52, 80, 55, 153, 226, 194, 76, 131, 104, 167, 32, 64,
       147, 77, 136, 4, 129, 64, 12, 56, 73, 118, 6, 117, 186, 0, 122, 1,
       84, 180, 116, 56, 38, 102, 134, 67, 110, 25, 44, 40, 84, 114, 29,
       13, 8, 0, 226, 3, 172, 72, 70, 97, 242, 187, 244, 124, 94, 191,
       189, 221, 24, 255, 127, 189, 251, 175, 123, 36, 93, 246, 247, 102,
       179, 245, 118, 211, 126, 240, 247, 243, 123, 127, 121, 213, 227,
       223, 236, 150, 182, 255, 89, 250, 125, 126, 223, 107, 237, 245,
       113, 245, 111, 185, 190, 152, 15, 244, 141, 222, 93, 58, 179, 247,
       191, 250, 223, 174, 219, 76, 11, 142, 212, 98, 63, 122, 114, 32,
       94, 3, 70, 210, 192, 54, 9, 164, 217, 57, 231, 198, 45, 66, 243,
       74, 90, 182, 204, 80, 4, 50, 97, 215, 51, 81, 169, 83, 108, 250,
       96, 112, 60, 184, 111, 213, 28, 247, 111, 153, 172, 24, 69, 241,
       93, 156, 73, 17, 243, 51, 191, 88, 119, 1, 250, 179, 246, 92, 78,
       191, 152, 223, 24, 255, 57, 61, 251, 173, 123, 100, 85, 246, 183,
       4, 177, 197, 118, 147, 108, 224, 182, 225, 123, 62, 123, 197, 111,
       159, 252, 222, 182, 254, 25, 250, 253, 119, 223, 107, 237, 176,
       112, 244, 79, 178, 255, 137, 15, 188, 129, 219, 127, 62, 247, 246,
       31, 186, 219, 172, 93, 57, 150, 108, 109, 63, 189, 191, 57, 253,
       255, 214, 233, 253, 61, 124, 69, 253, 252, 195, 251, 245, 114, 91,
       253, 241, 127, 229, 246, 124, 87, 245, 231, 223, 248, 207, 36,
       255, 248, 248, 121, 124, 93, 127, 175, 213, 113, 247, 107, 186,
       254, 152, 15, 246, 157, 218, 93, 62, 243, 247, 189, 243, 219, 108,
       94, 54, 37, 101, 150, 22, 6, 7, 11, 230, 68, 17, 48, 61, 107, 148,
       86, 114, 215, 0, 244, 67, 34, 209, 102, 28, 144, 164, 29, 50, 152,
       81, 105, 146, 44, 4, 190, 74, 120, 1, 92, 36, 72, 28, 139, 212,
       16, 229, 78, 145, 164, 24, 9, 48, 24, 156, 73, 8, 114, 51, 153,
       88, 87, 32, 250, 100, 45, 231, 212, 34, 143, 81, 99, 239, 196,
       151, 150, 219, 248, 249, 206, 178, 209, 98, 103, 22, 47, 208, 103,
       95, 254, 135, 29, 34, 158, 28, 41, 198, 39, 103, 154, 194, 122,
       219, 92, 176, 125, 181, 231, 237, 62, 245, 46, 153, 172, 145, 77,
       114, 29, 157, 73, 17, 242, 115, 191, 88, 117, 161, 250, 59, 246,
