%YAML:1.0
descriptors: !!opencv-matrix
   rows: 164
   cols: 64
   dt: u
   data: [ 60, 62, 255, 255, 62, 127, 187, 255, 253, 252, 222, 55, 253,
       126, 251, 246, 242, 213, 67, 106, 245, 119, 215, 119, 221, 168,
       164, 159, 126, 223, 127, 251, 247, 44, 87, 190, 214, 122, 233,
       124, 248, 93, 88, 46, 212, 167, 195, 111, 153, 172, 24, 5, 240,
       29, 157, 73, 16, 242, 51, 189, 90, 86, 32, 248, 191, 245, 117,
       254, 190, 173, 255, 121, 255, 93, 253, 251, 253, 123, 244, 93,
       251, 247, 103, 114, 247, 46, 145, 246, 252, 255, 247, 251, 255,
       255, 247, 253, 222, 110, 94, 190, 222, 121, 249, 125, 125, 223,
       255, 239, 245, 117, 255, 79, 169, 183, 153, 79, 248, 28, 158, 73,
       60, 242, 119, 191, 250, 127, 165, 250, 114, 49, 57, 215, 98, 6,
       95, 193, 198, 166, 49, 18, 213, 224, 177, 82, 118, 211, 18, 102,
       143, 191, 193, 14, 156, 130, 230, 93, 2, 188, 245, 122, 98, 190,
       6, 191, 138, 108, 210, 223, 2, 74, 133, 72, 178, 92, 129, 31, 151,
       172, 16, 71, 34, 24, 52, 83, 209, 115, 121, 27, 124, 52, 243, 161,
       235, 6, 224, 50, 221, 178, 37, 10, 224, 63, 224, 99, 170, 233, 0,
       5, 66, 41, 167, 208, 225, 70, 25, 127, 86, 186, 47, 167, 218, 21,
       33, 199, 91, 174, 206, 49, 121, 172, 37, 234, 76, 102, 26, 137,
       208, 97, 146, 211, 120, 108, 24, 0, 101, 28, 205, 1, 14, 176, 151,
       148, 138, 210, 72, 45, 234, 206, 234, 171, 255, 127, 167, 131, 45,
       117, 46, 106, 191, 254, 127, 253, 249, 187, 57, 246, 125, 213, 27,
       112, 87, 221, 57, 175, 247, 211, 246, 243, 135, 165, 87, 219, 91,
       85, 237, 126, 44, 93, 124, 61, 93, 221, 246, 165, 221, 172, 152,
       13, 211, 127, 156, 249, 48, 244, 49, 189, 94, 95, 56, 250, 82, 65,
       152, 254, 35, 2, 92, 11, 7, 98, 41, 136, 19, 226, 36, 26, 53, 147,
       52, 71, 14, 188, 192, 3, 214, 215, 227, 109, 3, 160, 148, 41, 2,
       182, 48, 163, 163, 76, 210, 194, 34, 234, 181, 105, 191, 28, 229,
       62, 197, 130, 50, 215, 44, 64, 52, 235, 145, 115, 121, 123, 29,
       116, 145, 163, 197, 175, 215, 245, 232, 202, 164, 235, 105, 241,
       66, 223, 194, 245, 206, 138, 171, 13, 173, 107, 206, 45, 74, 219,
       223, 223, 19, 167, 44, 2, 34, 79, 151, 131, 113, 58, 17, 190, 255,
       38, 101, 60, 184, 247, 237, 24, 125, 227, 200, 164, 105, 243, 213,
       95, 28, 72, 5, 252, 19, 165, 88, 69, 1, 126, 255, 254, 125, 239,
       255, 255, 187, 253, 255, 125, 255, 255, 253, 127, 254, 253, 251,
       245, 95, 108, 253, 115, 183, 116, 253, 253, 253, 191, 255, 95,
       127, 251, 213, 44, 87, 254, 210, 115, 233, 245, 250, 221, 91, 63,
       213, 183, 244, 109, 157, 173, 30, 5, 248, 29, 159, 73, 16, 246,
       59, 188, 90, 87, 34, 249, 211, 210, 70, 103, 253, 160, 223, 184,
       122, 61, 112, 251, 174, 75, 70, 25, 100, 231, 61, 255, 104, 172,
       171, 120, 46, 255, 123, 59, 222, 11, 99, 63, 114, 231, 188, 91,
       127, 61, 125, 247, 87, 74, 171, 95, 203, 8, 216, 149, 8, 149, 80,
       161, 205, 162, 142, 239, 80, 180, 176, 31, 220, 87, 52, 189, 4,
       43, 128, 32, 216, 138, 160, 66, 0, 0, 130, 117, 192, 83, 200, 0,
       106, 9, 131, 68, 197, 45, 8, 83, 6, 26, 16, 133, 0, 14, 0, 64, 22,
       38, 69, 154, 1, 26, 77, 4, 233, 52, 16, 7, 65, 65, 179, 207, 152,
       36, 8, 0, 240, 29, 136, 1, 0, 66, 19, 165, 72, 71, 32, 74, 155,
       216, 138, 107, 63, 240, 222, 156, 27, 187, 157, 232, 162, 22, 39,
       219, 13, 151, 48, 155, 197, 55, 239, 91, 97, 215, 241, 39, 87,
       107, 135, 102, 159, 184, 221, 96, 127, 89, 234, 51, 112, 95, 99,
       105, 151, 21, 181, 107, 155, 250, 26, 5, 244, 165, 252, 224, 18,
       147, 182, 255, 17, 91, 180, 222, 133, 238, 239, 77, 40, 253, 244,
       176, 121, 157, 174, 203, 206, 53, 108, 169, 173, 171, 255, 187,
       245, 109, 119, 247, 241, 127, 85, 246, 109, 87, 195, 119, 223,
       120, 107, 36, 219, 153, 248, 57, 125, 60, 58, 183, 245, 113, 247,
       107, 185, 219, 44, 79, 244, 13, 216, 76, 63, 215, 214, 165, 242,
       251, 237, 218, 13, 6, 100, 32, 221, 32, 34, 84, 32, 58, 224, 33,
       64, 73, 163, 33, 64, 108, 131, 208, 225, 162, 60, 56, 70, 40, 0,
       131, 216, 4, 33, 198, 125, 130, 214, 32, 49, 176, 5, 164, 206, 6,
       26, 142, 64, 99, 2, 193, 56, 108, 92, 0, 192, 28, 204, 9, 158,
       160, 135, 148, 138, 66, 38, 97, 70, 128, 136, 154, 11, 216, 14, 5,
       47, 107, 1, 200, 146, 166, 54, 79, 137, 49, 32, 209, 137, 119, 91,
       73, 85, 215, 179, 47, 3, 188, 55, 64, 199, 140, 199, 171, 2, 104,
       233, 122, 96, 200, 100, 41, 151, 84, 181, 59, 145, 236, 24, 4,
       230, 25, 124, 56, 24, 179, 51, 181, 25, 211, 104, 234, 71, 165,
       64, 58, 81, 138, 6, 9, 99, 66, 129, 160, 160, 71, 164, 83, 203,
       35, 32, 212, 131, 101, 81, 67, 68, 213, 249, 45, 18, 44, 129, 65,
       150, 4, 215, 170, 32, 40, 35, 116, 36, 202, 60, 233, 21, 88, 245,
       79, 16, 164, 24, 4, 34, 24, 124, 11, 24, 162, 19, 181, 24, 83,
       120, 98, 70, 3, 130, 208, 64, 130, 14, 6, 2, 162, 9, 4, 130, 229,
       1, 18, 13, 75, 56, 166, 14, 173, 66, 3, 78, 214, 138, 76, 0, 36,
       128, 1, 18, 147, 81, 9, 0, 76, 70, 66, 32, 32, 40, 105, 149, 28,
       229, 174, 81, 136, 16, 21, 49, 120, 176, 235, 81, 79, 16, 21, 64,
       112, 17, 234, 69, 142, 128, 40, 9, 202, 34, 70, 0, 160, 0, 136, 0,
       2, 141, 139, 9, 9, 161, 64, 196, 1, 74, 67, 65, 81, 153, 36, 1, 0,
       1, 66, 149, 16, 81, 160, 17, 200, 237, 32, 32, 28, 56, 33, 117,
       20, 55, 107, 153, 172, 56, 5, 241, 93, 152, 8, 16, 234, 51, 181,
       88, 83, 32, 107, 218, 216, 154, 219, 39, 219, 94, 0, 31, 171, 17,
       202, 150, 134, 38, 90, 253, 147, 56, 223, 143, 181, 195, 105, 13,
       215, 251, 111, 83, 107, 183, 34, 215, 180, 213, 235, 82, 125, 234,
       114, 112, 204, 101, 105, 151, 28, 245, 63, 159, 238, 24, 5, 228,
       29, 252, 251, 16, 243, 51, 189, 93, 113, 48, 250, 187, 221, 186,
       79, 175, 217, 223, 141, 191, 219, 189, 234, 191, 94, 102, 253,
       189, 183, 52, 147, 246, 127, 243, 109, 117, 247, 243, 127, 127,
       251, 199, 39, 143, 248, 203, 68, 242, 73, 250, 123, 115, 221, 103,
       233, 181, 85, 189, 63, 253, 218, 154, 15, 252, 165, 248, 247, 59,
       147, 246, 63, 179, 249, 156, 202, 66, 1, 130, 210, 1, 130, 70, 7,
       2, 194, 41, 0, 0, 198, 3, 18, 109, 2, 0, 198, 14, 169, 199, 3, 72,
       3, 162, 76, 16, 0, 128, 0, 246, 38, 80, 176, 1, 64, 66, 64, 32,
       98, 144, 106, 148, 28, 193, 78, 17, 168, 24, 5, 52, 8, 148, 203,
       17, 114, 51, 177, 88, 116, 129, 232, 65, 14, 134, 129, 200, 198,
       162, 199, 41, 228, 2, 5, 144, 117, 27, 32, 137, 9, 129, 38, 212,
       37, 94, 195, 90, 92, 28, 4, 32, 134, 27, 71, 215, 35, 65, 32, 16,
       74, 237, 8, 37, 52, 24, 166, 69, 4, 247, 235, 153, 44, 8, 13, 177,
       93, 24, 73, 10, 74, 19, 181, 64, 71, 32, 234, 212, 235, 215, 221,
       104, 250, 228, 242, 88, 153, 86, 223, 198, 245, 219, 136, 139,
       205, 253, 47, 196, 77, 78, 219, 235, 127, 23, 246, 108, 7, 34, 94,
       223, 83, 121, 33, 93, 188, 254, 37, 117, 60, 187, 183, 255, 160,
       127, 235, 186, 217, 45, 243, 241, 253, 152, 206, 71, 222, 23, 231,
       80, 117, 197, 254, 151, 19, 192, 102, 221, 162, 2, 90, 0, 25, 210,
       113, 174, 91, 128, 17, 98, 197, 13, 84, 195, 47, 170, 115, 14,
       138, 98, 15, 150, 8, 33, 77, 23, 167, 28, 155, 102, 48, 5, 212,
       197, 194, 154, 79, 201, 9, 201, 199, 0, 52, 89, 4, 96, 50, 143, 9,
       64, 50, 51, 159, 72, 7, 180, 121, 44, 42, 103, 225, 56, 117, 161,
       255, 220, 252, 194, 53, 97, 90, 219, 229, 226, 220, 195, 106, 245,
       32, 204, 254, 77, 168, 164, 131, 86, 14, 51, 255, 247, 36, 85,
       186, 87, 114, 233, 116, 216, 84, 26, 30, 192, 135, 195, 111, 153,
       45, 28, 5, 240, 29, 157, 73, 16, 242, 51, 188, 88, 86, 32, 248,
       63, 50, 125, 171, 255, 253, 191, 120, 252, 126, 222, 53, 253, 62,
       249, 245, 251, 213, 67, 96, 241, 83, 195, 117, 77, 252, 172, 63,
       90, 94, 119, 235, 213, 36, 85, 186, 82, 122, 169, 116, 112, 93,
