%YAML:1.0
descriptors: !!opencv-matrix
   rows: 153
   cols: 64
   dt: u
   data: [ 237, 232, 239, 169, 219, 253, 183, 252, 61, 255, 238, 255,
       219, 190, 255, 238, 139, 125, 253, 109, 253, 213, 254, 249, 127,
       253, 25, 167, 253, 207, 63, 159, 221, 193, 255, 235, 119, 255,
       237, 62, 115, 189, 126, 55, 95, 159, 126, 177, 223, 221, 191, 188,
       223, 255, 239, 190, 126, 204, 175, 236, 223, 223, 126, 254, 191,
       254, 255, 207, 254, 253, 223, 185, 255, 255, 125, 251, 255, 127,
       254, 253, 255, 247, 254, 187, 253, 127, 255, 253, 251, 255, 255,
       255, 255, 251, 255, 255, 207, 253, 223, 247, 255, 253, 251, 127,
       127, 223, 235, 191, 255, 242, 253, 127, 191, 255, 158, 239, 254,
       175, 159, 255, 126, 247, 246, 191, 255, 223, 108, 254, 223, 219,
       254, 253, 119, 255, 223, 246, 63, 215, 253, 218, 223, 253, 126,
       255, 253, 255, 126, 255, 167, 127, 227, 115, 239, 247, 255, 127,
       127, 255, 222, 235, 151, 255, 251, 207, 254, 125, 254, 123, 119,
       191, 251, 125, 191, 158, 247, 239, 223, 251, 191, 223, 251, 245,
       251, 255, 123, 223, 122, 255, 241, 249, 223, 254, 63, 250, 255,
       254, 63, 255, 253, 122, 255, 252, 254, 251, 255, 126, 253, 222,
       251, 245, 99, 107, 245, 127, 193, 119, 253, 255, 245, 191, 127,
       223, 255, 239, 215, 44, 85, 190, 214, 122, 249, 125, 120, 93, 123,
       47, 213, 55, 245, 111, 153, 172, 24, 5, 240, 29, 157, 73, 16, 242,
       51, 189, 91, 87, 32, 250, 191, 244, 125, 143, 255, 189, 223, 24,
       255, 119, 189, 250, 191, 123, 244, 93, 242, 247, 62, 113, 249,
       118, 179, 124, 236, 255, 253, 63, 255, 123, 247, 111, 215, 108,
       150, 222, 194, 121, 249, 255, 114, 223, 125, 47, 209, 20, 244, 29,
       157, 173, 24, 5, 248, 29, 158, 73, 24, 246, 51, 189, 216, 223, 34,
       251, 109, 43, 231, 177, 81, 243, 163, 254, 180, 252, 198, 53, 105,
       191, 187, 71, 234, 221, 219, 102, 229, 5, 206, 51, 79, 232, 168,
       133, 90, 12, 48, 235, 247, 39, 85, 186, 82, 122, 197, 116, 240,
       84, 24, 46, 85, 5, 65, 239, 153, 44, 24, 5, 240, 29, 156, 73, 16,
       242, 51, 189, 88, 87, 32, 250, 126, 37, 237, 186, 82, 151, 27, 79,
       230, 230, 145, 176, 125, 170, 183, 86, 250, 213, 99, 100, 209, 55,
       211, 119, 92, 200, 172, 13, 66, 156, 113, 232, 199, 44, 71, 190,
       82, 120, 161, 124, 112, 88, 48, 47, 213, 84, 229, 111, 153, 172,
       24, 5, 240, 29, 156, 73, 16, 242, 51, 189, 88, 87, 32, 251, 125,
       52, 239, 185, 95, 231, 55, 126, 245, 252, 220, 185, 253, 254, 183,
       78, 251, 245, 115, 103, 249, 183, 210, 55, 92, 235, 188, 47, 122,
       220, 115, 235, 215, 45, 87, 186, 82, 120, 237, 124, 120, 93, 60,
       47, 213, 53, 245, 111, 157, 172, 24, 5, 240, 29, 156, 73, 56, 242,
       51, 189, 88, 87, 32, 250, 92, 49, 221, 150, 126, 179, 51, 124,
       212, 48, 214, 53, 253, 86, 178, 66, 250, 213, 67, 103, 201, 37,
       195, 247, 12, 202, 168, 15, 82, 12, 49, 235, 215, 36, 85, 186, 82,
       122, 193, 116, 208, 92, 24, 14, 209, 20, 225, 111, 153, 172, 24,
       5, 240, 29, 156, 73, 16, 242, 51, 189, 88, 87, 32, 250, 120, 222,
       190, 252, 47, 127, 252, 55, 61, 248, 126, 205, 30, 252, 127, 174,
       189, 155, 249, 251, 244, 127, 221, 251, 251, 111, 226, 214, 109,
       215, 255, 231, 239, 251, 99, 37, 255, 206, 248, 105, 251, 61, 251,
       239, 255, 183, 247, 235, 255, 202, 173, 223, 244, 109, 217, 220,
       119, 215, 247, 247, 243, 251, 143, 222, 205, 111, 239, 253, 118,
       127, 127, 254, 189, 255, 250, 187, 219, 232, 255, 239, 137, 253,
       251, 111, 127, 221, 246, 187, 79, 111, 191, 183, 217, 87, 62, 187,
       251, 19, 247, 235, 215, 127, 245, 245, 250, 254, 251, 63, 255,
       191, 207, 250, 191, 173, 62, 247, 203, 255, 159, 28, 212, 238,
       123, 255, 127, 214, 187, 179, 252, 57, 255, 247, 254, 247, 251,
       253, 220, 255, 215, 255, 255, 218, 179, 94, 251, 213, 123, 111,
       253, 183, 231, 53, 141, 235, 188, 175, 82, 93, 119, 171, 215, 37,
       85, 191, 82, 121, 233, 116, 120, 93, 57, 47, 209, 29, 241, 111,
       157, 172, 24, 5, 240, 29, 156, 73, 80, 242, 51, 189, 88, 87, 32,
       250, 126, 55, 241, 190, 91, 134, 47, 73, 230, 110, 129, 48, 253,
       106, 177, 87, 246, 247, 3, 100, 249, 39, 83, 119, 212, 200, 236,
       77, 82, 156, 241, 233, 199, 36, 87, 190, 82, 120, 129, 124, 112,
       92, 24, 143, 213, 84, 229, 79, 153, 172, 24, 5, 240, 29, 156, 73,
       16, 242, 51, 189, 88, 87, 32, 250, 251, 182, 255, 103, 255, 177,
       223, 184, 255, 189, 214, 251, 239, 123, 34, 85, 252, 247, 254,
       187, 253, 111, 219, 253, 161, 126, 255, 255, 126, 123, 231, 255,
       223, 249, 253, 53, 255, 185, 250, 119, 125, 93, 235, 111, 247,
       113, 255, 51, 188, 222, 137, 111, 244, 229, 252, 239, 127, 159,
       246, 239, 243, 255, 180, 94, 255, 188, 255, 253, 255, 231, 255,
       253, 255, 255, 213, 251, 255, 234, 183, 95, 251, 245, 123, 103,
       253, 191, 215, 125, 223, 255, 255, 63, 211, 95, 119, 175, 199, 45,
       87, 255, 210, 125, 237, 117, 120, 92, 124, 175, 221, 60, 253, 63,
       157, 172, 24, 5, 240, 191, 156, 73, 80, 246, 115, 189, 94, 87, 40,
       250, 95, 49, 221, 182, 255, 179, 27, 124, 214, 20, 215, 55, 237,
       90, 147, 81, 242, 213, 3, 102, 193, 39, 195, 119, 76, 136, 172,
       13, 82, 12, 113, 41, 215, 36, 85, 186, 82, 120, 129, 116, 208, 92,
       24, 14, 209, 20, 193, 79, 153, 172, 24, 5, 240, 29, 156, 73, 16,
       242, 51, 189, 88, 87, 32, 249, 254, 190, 255, 247, 255, 183, 251,
       249, 222, 255, 213, 255, 255, 218, 179, 93, 250, 215, 123, 119,
       253, 167, 195, 125, 143, 250, 251, 191, 214, 91, 119, 187, 199,
       37, 85, 255, 210, 121, 237, 117, 248, 92, 57, 30, 209, 29, 217,
       63, 157, 172, 24, 5, 240, 189, 156, 73, 80, 246, 51, 189, 88, 87,
       32, 251, 63, 240, 121, 170, 23, 168, 57, 72, 231, 66, 253, 244,
       125, 43, 236, 245, 242, 148, 7, 80, 33, 80, 129, 116, 228, 140,
       97, 25, 119, 46, 237, 169, 176, 228, 28, 158, 34, 114, 129, 214,
       135, 203, 28, 9, 80, 23, 228, 12, 193, 55, 82, 4, 106, 21, 231,
       109, 152, 178, 41, 168, 25, 78, 34, 17, 127, 53, 253, 154, 223,
       183, 15, 88, 230, 102, 129, 50, 189, 107, 183, 87, 250, 247, 67,
       116, 249, 231, 211, 116, 212, 248, 252, 45, 82, 24, 113, 169, 215,
       44, 87, 190, 82, 120, 161, 124, 112, 92, 56, 175, 213, 88, 245,
       79, 153, 172, 24, 5, 240, 29, 156, 73, 16, 242, 51, 189, 88, 215,
       32, 250, 123, 245, 253, 174, 255, 247, 155, 29, 246, 93, 221, 125,
       189, 126, 182, 125, 255, 247, 91, 116, 112, 55, 147, 117, 254,
       252, 252, 61, 251, 90, 254, 169, 198, 45, 23, 191, 218, 113, 205,
       125, 120, 221, 28, 15, 213, 28, 245, 78, 157, 172, 24, 13, 240,
       61, 156, 67, 112, 246, 51, 189, 90, 95, 58, 248, 250, 48, 251,
       151, 254, 151, 219, 249, 206, 167, 213, 62, 255, 206, 179, 94,
       242, 215, 126, 118, 79, 183, 131, 124, 142, 222, 255, 47, 210,
       155, 247, 186, 211, 45, 21, 255, 90, 121, 233, 86, 112, 88, 53,
       47, 213, 28, 253, 61, 157, 172, 24, 5, 240, 29, 156, 73, 80, 242,
       49, 189, 92, 87, 32, 250, 255, 255, 127, 255, 247, 255, 255, 249,
       253, 221, 255, 251, 255, 255, 252, 255, 251, 245, 127, 103, 127,
       239, 147, 118, 77, 255, 183, 63, 251, 94, 118, 187, 210, 36, 85,
       254, 210, 121, 249, 117, 122, 92, 57, 63, 213, 22, 245, 111, 153,
       173, 24, 5, 248, 29, 156, 73, 16, 242, 51, 189, 88, 87, 32, 250,
       224, 47, 163, 113, 216, 166, 39, 199, 192, 229, 130, 22, 195, 197,
       147, 11, 234, 69, 59, 103, 206, 173, 91, 87, 78, 218, 190, 47,
       210, 12, 34, 74, 71, 39, 85, 187, 80, 60, 109, 86, 96, 116, 48,
       175, 77, 24, 37, 231, 153, 172, 24, 17, 241, 61, 156, 75, 80, 252,
       51, 189, 88, 87, 49, 250, 0, 67, 4, 138, 3, 69, 5, 33, 38, 196,
       29, 132, 29, 188, 61, 38, 239, 214, 65, 96, 72, 128, 192, 48, 88,
       221, 177, 8, 82, 130, 50, 57, 208, 36, 81, 184, 82, 104, 200, 104,
       112, 92, 56, 47, 212, 20, 228, 108, 153, 172, 24, 5, 240, 29, 156,
