%YAML:1.0
descriptors: !!opencv-matrix
   rows: 155
   cols: 64
   dt: u
   data: [ 62, 49, 125, 190, 54, 23, 25, 111, 198, 198, 213, 176, 125,
       34, 145, 82, 242, 212, 3, 99, 193, 48, 192, 55, 140, 136, 164, 9,
       82, 136, 116, 105, 214, 36, 21, 190, 90, 120, 129, 116, 112, 90,
       57, 46, 208, 20, 193, 110, 155, 172, 24, 5, 240, 29, 156, 73, 16,
       242, 51, 185, 88, 86, 32, 251, 60, 55, 117, 158, 51, 13, 53, 127,
       230, 68, 213, 52, 125, 62, 189, 86, 250, 244, 67, 96, 241, 50,
       209, 119, 92, 168, 164, 9, 82, 156, 125, 233, 198, 44, 71, 190,
       210, 120, 129, 124, 120, 93, 20, 175, 212, 52, 229, 78, 153, 172,
       24, 13, 242, 29, 156, 73, 16, 242, 51, 189, 90, 87, 40, 250, 62,
       49, 125, 182, 54, 53, 57, 127, 214, 218, 213, 48, 109, 18, 145,
       83, 242, 212, 67, 113, 193, 32, 193, 55, 204, 136, 224, 137, 82,
       28, 49, 232, 214, 36, 20, 190, 90, 120, 129, 117, 208, 94, 24, 14,
       208, 21, 193, 78, 153, 172, 24, 5, 240, 29, 156, 73, 16, 242, 51,
       156, 88, 86, 32, 251, 62, 49, 125, 182, 54, 55, 57, 127, 214, 222,
       213, 49, 125, 10, 177, 87, 242, 212, 67, 112, 241, 48, 193, 119,
       140, 168, 224, 153, 82, 88, 117, 233, 215, 36, 149, 190, 94, 120,
       129, 117, 248, 93, 55, 14, 208, 21, 193, 110, 153, 172, 24, 5,
       240, 29, 156, 73, 16, 178, 59, 189, 88, 22, 32, 251, 60, 53, 117,
       172, 55, 45, 61, 127, 246, 94, 209, 53, 125, 46, 189, 86, 242,
       244, 67, 96, 241, 50, 209, 118, 220, 168, 228, 153, 82, 220, 253,
       233, 199, 44, 71, 190, 210, 120, 129, 124, 120, 92, 28, 143, 212,
       117, 229, 78, 153, 172, 24, 13, 242, 29, 156, 73, 16, 242, 51,
       189, 90, 87, 40, 242, 63, 49, 125, 166, 55, 181, 57, 124, 214, 94,
       213, 49, 125, 26, 176, 87, 242, 214, 67, 97, 225, 34, 193, 118,
       140, 168, 224, 25, 82, 24, 117, 233, 215, 36, 20, 190, 82, 120,
       129, 245, 208, 94, 25, 14, 208, 21, 193, 79, 153, 172, 24, 5, 240,
       29, 157, 73, 16, 242, 51, 156, 88, 86, 34, 249, 61, 54, 117, 164,
       62, 181, 39, 120, 244, 92, 214, 117, 109, 63, 144, 85, 250, 252,
       195, 96, 241, 96, 128, 246, 204, 184, 224, 153, 122, 76, 113, 233,
       221, 36, 85, 190, 86, 120, 169, 116, 124, 84, 26, 15, 196, 33,
       244, 79, 152, 172, 25, 5, 240, 28, 158, 73, 48, 242, 51, 156, 90,
       87, 36, 250, 62, 49, 125, 182, 54, 181, 57, 127, 214, 78, 213, 52,
       125, 10, 176, 86, 242, 214, 67, 112, 241, 50, 193, 119, 140, 136,
       228, 157, 82, 216, 117, 233, 215, 44, 20, 190, 94, 120, 129, 117,
       88, 93, 21, 15, 208, 21, 225, 79, 155, 172, 24, 5, 240, 29, 156,
       73, 16, 242, 51, 185, 88, 87, 32, 251, 62, 54, 109, 170, 31, 61,
       37, 121, 244, 94, 218, 52, 125, 62, 189, 85, 242, 244, 67, 112,
       241, 114, 145, 118, 92, 172, 164, 9, 90, 220, 121, 233, 213, 44,
       87, 190, 82, 120, 129, 124, 120, 92, 24, 15, 212, 117, 228, 79,
       153, 172, 24, 5, 242, 29, 156, 73, 16, 242, 51, 188, 88, 87, 40,
       248, 45, 50, 101, 160, 31, 181, 33, 120, 244, 124, 198, 117, 109,
       59, 176, 69, 226, 244, 67, 96, 241, 98, 136, 116, 76, 184, 32, 11,
       122, 76, 113, 235, 213, 36, 84, 186, 82, 120, 41, 116, 92, 84, 26,
       15, 192, 1, 240, 79, 153, 44, 24, 4, 240, 29, 156, 73, 16, 242,
       51, 156, 88, 87, 36, 248, 62, 245, 253, 190, 55, 125, 253, 127,
       247, 222, 221, 181, 125, 62, 191, 94, 255, 254, 99, 251, 245, 114,
       209, 247, 253, 189, 245, 249, 123, 254, 255, 233, 207, 60, 71,
       190, 223, 120, 249, 125, 120, 93, 53, 175, 244, 53, 247, 110, 187,
       174, 153, 15, 242, 29, 156, 93, 56, 243, 123, 189, 123, 223, 40,
       250, 45, 246, 125, 42, 191, 253, 167, 120, 253, 124, 238, 125,
       109, 63, 237, 229, 251, 252, 199, 112, 241, 66, 153, 124, 100,
       189, 109, 179, 255, 95, 107, 255, 221, 236, 223, 190, 119, 176,
       169, 125, 127, 85, 90, 183, 84, 227, 246, 97, 184, 189, 156, 8,
       240, 157, 142, 77, 62, 246, 167, 140, 218, 223, 44, 220, 61, 54,
       237, 162, 63, 181, 177, 124, 245, 252, 214, 119, 253, 59, 179, 69,
       250, 244, 99, 97, 241, 118, 211, 117, 77, 184, 176, 187, 122, 88,
       117, 235, 215, 36, 87, 186, 83, 120, 233, 124, 124, 93, 58, 47,
       209, 21, 241, 111, 153, 172, 24, 5, 242, 29, 156, 73, 24, 242, 51,
       189, 90, 87, 32, 250, 44, 170, 111, 169, 186, 253, 161, 253, 253,
       254, 218, 253, 93, 61, 251, 228, 203, 220, 195, 104, 245, 80, 206,
       252, 125, 168, 60, 147, 253, 207, 63, 255, 253, 96, 93, 186, 118,
       243, 169, 52, 255, 93, 90, 62, 84, 167, 114, 113, 185, 45, 30, 5,
       242, 29, 157, 77, 148, 224, 47, 172, 223, 79, 34, 247, 60, 250,
       127, 237, 63, 125, 185, 253, 253, 254, 254, 189, 125, 62, 249,
       228, 243, 220, 195, 104, 245, 82, 221, 188, 125, 173, 164, 147,
       127, 223, 127, 255, 253, 108, 215, 254, 215, 115, 233, 117, 250,
       93, 95, 62, 84, 167, 242, 109, 187, 189, 223, 13, 250, 29, 159,
       93, 180, 242, 63, 252, 219, 142, 46, 244, 191, 253, 125, 254, 55,
       125, 93, 59, 247, 215, 253, 250, 127, 251, 244, 255, 255, 246,
       102, 123, 55, 254, 241, 55, 253, 191, 247, 121, 127, 122, 254,
       169, 210, 108, 150, 254, 202, 121, 249, 253, 122, 223, 191, 255,
       210, 54, 245, 110, 155, 191, 151, 15, 232, 29, 159, 93, 56, 242,
       115, 255, 123, 222, 46, 251, 62, 253, 253, 254, 63, 253, 253, 127,
       255, 253, 223, 253, 255, 126, 252, 252, 251, 246, 99, 123, 247,
       126, 211, 119, 253, 191, 247, 251, 127, 251, 255, 239, 215, 108,
       119, 190, 214, 121, 249, 125, 121, 221, 255, 47, 212, 181, 245,
       111, 153, 172, 155, 13, 250, 29, 158, 77, 48, 242, 123, 191, 251,
       95, 36, 254, 124, 191, 255, 252, 114, 255, 249, 119, 253, 252,
       214, 253, 127, 247, 191, 254, 251, 217, 251, 111, 247, 125, 195,
       247, 255, 127, 246, 255, 109, 199, 246, 234, 223, 67, 69, 190,
       215, 126, 249, 124, 124, 125, 251, 103, 253, 53, 247, 111, 191,
       172, 137, 223, 240, 29, 156, 93, 127, 254, 119, 191, 123, 127,
       233, 250, 45, 175, 239, 252, 50, 253, 253, 119, 181, 254, 214,
       145, 93, 125, 185, 70, 137, 252, 227, 107, 244, 116, 210, 243, 89,
       63, 132, 150, 104, 212, 53, 235, 223, 32, 87, 184, 215, 120, 249,
       124, 120, 125, 59, 175, 213, 53, 247, 111, 185, 172, 152, 13, 240,
       29, 156, 93, 54, 242, 51, 189, 90, 215, 40, 250, 252, 57, 247,
       245, 240, 103, 123, 254, 221, 253, 241, 191, 231, 235, 147, 238,
       251, 221, 251, 111, 63, 173, 230, 191, 159, 251, 191, 191, 219,
       207, 118, 191, 99, 39, 53, 255, 148, 245, 247, 125, 124, 104, 243,
       246, 235, 169, 75, 182, 207, 165, 255, 243, 249, 254, 148, 215,
       200, 188, 105, 219, 223, 36, 177, 182, 255, 252, 255, 175, 255,
       182, 223, 217, 254, 127, 241, 251, 239, 107, 166, 93, 242, 215,
       63, 117, 233, 197, 187, 124, 238, 222, 251, 191, 223, 57, 255,
       191, 215, 237, 28, 223, 218, 253, 173, 247, 91, 202, 73, 31, 219,
       29, 216, 21, 205, 189, 16, 37, 104, 182, 159, 235, 216, 254, 177,
       157, 220, 95, 50, 189, 252, 58, 247, 181, 252, 166, 47, 252, 206,
       63, 249, 59, 239, 203, 147, 91, 242, 197, 123, 102, 233, 133, 203,
       189, 206, 235, 252, 175, 210, 12, 115, 239, 115, 37, 84, 191, 90,
       52, 229, 246, 124, 76, 24, 143, 221, 57, 201, 29, 156, 172, 24, 1,
       240, 60, 156, 73, 64, 254, 51, 189, 92, 86, 48, 248, 126, 48, 125,
       183, 254, 167, 59, 121, 198, 103, 211, 50, 253, 138, 146, 86, 242,
       215, 91, 116, 249, 183, 195, 60, 156, 248, 252, 175, 210, 152,
       245, 235, 67, 45, 20, 191, 218, 120, 165, 87, 120, 72, 21, 15,
       193, 61, 161, 29, 159, 172, 24, 5, 242, 60, 156, 81, 64, 178, 51,
       185, 120, 22, 32, 254, 126, 52, 125, 190, 118, 183, 31, 121, 230,
       102, 213, 176, 253, 42, 180, 86, 242, 215, 83, 116, 249, 115, 209,
       54, 220, 168, 236, 29, 82, 188, 253, 233, 211, 44, 20, 190, 202,
       120, 129, 125, 24, 202, 29, 15, 209, 60, 193, 79, 153, 172, 24, 5,
