%YAML:1.0
descriptors: !!opencv-matrix
   rows: 132
   cols: 64
   dt: u
   data: [ 61, 180, 253, 166, 63, 247, 191, 127, 244, 252, 254, 113, 125,
       126, 178, 84, 251, 220, 99, 99, 245, 35, 195, 119, 205, 255, 245,
       175, 90, 93, 115, 235, 215, 36, 85, 190, 83, 120, 233, 116, 120,
       92, 56, 47, 213, 21, 247, 111, 153, 172, 24, 5, 240, 29, 156, 73,
       16, 242, 51, 189, 88, 87, 32, 250, 63, 190, 253, 183, 63, 253,
       185, 125, 252, 255, 214, 253, 253, 127, 185, 244, 251, 220, 67,
       115, 245, 99, 203, 127, 221, 255, 244, 191, 122, 95, 243, 239,
       215, 44, 85, 190, 95, 122, 233, 124, 120, 92, 58, 47, 213, 21,
       247, 111, 153, 172, 24, 5, 240, 29, 156, 73, 16, 242, 51, 189, 90,
       87, 32, 250, 63, 182, 253, 253, 63, 253, 253, 125, 255, 255, 254,
       253, 253, 127, 185, 117, 251, 252, 99, 99, 245, 118, 211, 127,
       237, 255, 245, 255, 126, 95, 247, 239, 215, 44, 85, 190, 86, 120,
       233, 117, 120, 93, 122, 47, 213, 53, 247, 111, 153, 172, 24, 5,
       240, 29, 156, 73, 16, 242, 51, 189, 90, 87, 32, 250, 60, 181, 253,
       254, 62, 189, 249, 123, 246, 252, 213, 241, 253, 122, 188, 94,
       250, 223, 99, 99, 245, 46, 211, 247, 221, 186, 230, 223, 90, 220,
       245, 235, 223, 44, 85, 190, 219, 120, 233, 116, 120, 92, 56, 47,
       213, 53, 247, 111, 153, 172, 24, 5, 240, 29, 156, 73, 16, 242, 51,
       189, 88, 87, 32, 250, 44, 35, 253, 184, 50, 255, 37, 127, 180,
       254, 236, 181, 93, 62, 180, 102, 235, 220, 99, 99, 245, 52, 192,
       243, 93, 255, 181, 175, 88, 206, 51, 235, 215, 36, 85, 186, 82,
       120, 233, 124, 120, 92, 56, 47, 213, 21, 245, 111, 153, 172, 24,
       5, 240, 29, 156, 73, 16, 242, 51, 189, 88, 87, 32, 250, 28, 33,
       245, 176, 16, 103, 33, 127, 196, 132, 192, 53, 81, 166, 147, 66,
       234, 220, 67, 96, 193, 32, 196, 179, 12, 136, 164, 137, 64, 140,
       48, 232, 85, 36, 21, 186, 16, 112, 1, 84, 56, 64, 24, 6, 68, 36,
       193, 78, 153, 44, 24, 5, 240, 28, 156, 73, 16, 242, 51, 156, 88,
       6, 32, 250, 45, 46, 255, 249, 48, 255, 173, 254, 189, 254, 202,
       181, 93, 189, 251, 231, 203, 252, 227, 107, 245, 101, 214, 179,
       77, 253, 180, 149, 88, 70, 51, 251, 247, 4, 87, 186, 80, 122, 233,
       116, 252, 92, 58, 46, 213, 167, 247, 111, 153, 172, 24, 5, 240,
       29, 157, 73, 16, 242, 51, 189, 88, 87, 32, 250, 114, 16, 209, 131,
       223, 134, 139, 13, 206, 111, 18, 127, 189, 10, 179, 85, 126, 215,
       24, 48, 200, 7, 203, 108, 14, 192, 120, 47, 146, 57, 81, 111, 69,
       165, 29, 59, 114, 249, 45, 86, 65, 64, 68, 8, 65, 12, 233, 17,
       149, 76, 24, 37, 167, 176, 156, 227, 80, 126, 178, 60, 220, 23,
       48, 246, 115, 20, 73, 131, 223, 134, 31, 9, 238, 103, 53, 88, 173,
       107, 52, 85, 230, 215, 28, 48, 200, 35, 171, 109, 78, 192, 168,
       47, 146, 25, 81, 111, 209, 165, 20, 59, 66, 241, 37, 214, 82, 202,
       72, 11, 209, 28, 236, 19, 149, 164, 16, 4, 36, 56, 156, 235, 24,
       118, 178, 188, 216, 86, 48, 253, 229, 43, 231, 209, 216, 150, 103,
       254, 236, 231, 131, 58, 195, 235, 147, 79, 130, 69, 123, 103, 15,
       173, 202, 123, 78, 234, 158, 39, 146, 8, 50, 15, 87, 39, 84, 187,
       80, 253, 119, 86, 52, 96, 184, 254, 75, 8, 73, 179, 92, 44, 24,
       241, 81, 254, 156, 138, 64, 236, 113, 159, 76, 84, 49, 250, 190,
       241, 253, 222, 54, 13, 93, 107, 199, 199, 189, 250, 127, 170, 182,
       94, 255, 214, 102, 111, 7, 190, 225, 102, 253, 151, 247, 121, 83,
       184, 212, 41, 210, 44, 52, 222, 202, 121, 211, 253, 50, 219, 181,
       107, 178, 20, 245, 46, 147, 174, 19, 7, 104, 25, 180, 93, 24, 242,
       49, 249, 121, 87, 32, 251, 76, 35, 231, 176, 20, 247, 40, 118, 64,
       190, 210, 53, 65, 198, 153, 194, 202, 76, 67, 98, 229, 33, 197,
       147, 13, 8, 166, 133, 64, 4, 48, 202, 119, 36, 85, 186, 95, 114,
       193, 84, 248, 68, 16, 14, 70, 165, 195, 110, 154, 44, 24, 5, 240,
       29, 156, 73, 128, 226, 19, 185, 72, 6, 32, 242, 45, 254, 109, 168,
       55, 125, 165, 125, 253, 222, 254, 253, 125, 62, 253, 229, 219,
       252, 99, 120, 241, 82, 213, 244, 125, 253, 61, 177, 127, 222, 127,
       251, 221, 108, 215, 190, 86, 122, 169, 124, 124, 93, 126, 63, 84,
       247, 246, 108, 187, 173, 156, 13, 242, 29, 159, 93, 48, 242, 63,
       188, 91, 223, 44, 250, 78, 35, 227, 180, 16, 102, 40, 103, 196,
       142, 211, 52, 65, 198, 155, 66, 235, 92, 3, 102, 35, 161, 198, 23,
       76, 136, 182, 141, 82, 140, 48, 200, 71, 36, 85, 186, 82, 124,
       193, 84, 56, 64, 16, 46, 199, 5, 131, 110, 153, 172, 24, 1, 240,
       29, 148, 73, 128, 242, 51, 189, 72, 70, 32, 242, 69, 3, 129, 144,
       64, 2, 2, 70, 0, 70, 1, 16, 0, 193, 129, 2, 138, 69, 1, 102, 130,
       45, 192, 35, 76, 130, 130, 5, 16, 8, 48, 73, 82, 39, 84, 187, 0,
       120, 71, 84, 32, 96, 24, 10, 65, 28, 65, 206, 17, 44, 24, 4, 33,
       24, 148, 10, 16, 98, 35, 157, 72, 86, 33, 242, 70, 3, 1, 16, 64,
       2, 2, 71, 0, 2, 2, 4, 0, 195, 129, 2, 66, 64, 1, 100, 2, 33, 64,
       3, 76, 128, 12, 13, 2, 8, 0, 64, 80, 6, 20, 154, 0, 48, 5, 68, 0,
       96, 24, 136, 64, 8, 1, 206, 17, 44, 16, 0, 33, 24, 132, 10, 16,
       96, 35, 156, 72, 6, 32, 240, 45, 238, 101, 40, 29, 125, 161, 252,
       189, 220, 238, 253, 109, 63, 253, 229, 203, 252, 195, 104, 241,
       66, 156, 124, 101, 189, 29, 129, 253, 95, 123, 223, 253, 64, 223,
       186, 117, 242, 41, 60, 255, 86, 58, 183, 84, 227, 118, 225, 56,
       61, 28, 12, 208, 157, 143, 12, 60, 224, 47, 140, 202, 207, 46,
       243, 46, 39, 100, 168, 18, 47, 37, 67, 229, 70, 203, 48, 125, 174,
       189, 71, 210, 112, 67, 228, 49, 210, 81, 183, 84, 40, 172, 137,
       66, 156, 120, 129, 192, 12, 71, 190, 8, 120, 1, 92, 44, 83, 20, 9,
       84, 117, 102, 204, 153, 44, 144, 12, 98, 29, 5, 89, 24, 226, 3,
       180, 88, 210, 104, 224, 238, 33, 235, 176, 18, 54, 40, 199, 196,
       166, 209, 176, 115, 162, 146, 94, 194, 84, 35, 103, 11, 135, 229,
       55, 28, 138, 166, 9, 82, 156, 48, 168, 98, 44, 6, 186, 66, 60, 1,
       212, 24, 74, 48, 136, 210, 92, 1, 174, 25, 172, 16, 1, 112, 28,
       148, 89, 144, 242, 49, 156, 92, 86, 34, 251, 66, 0, 1, 130, 0, 2,
       6, 1, 66, 2, 1, 0, 16, 2, 144, 18, 66, 0, 0, 4, 0, 128, 0, 0, 28,
       128, 140, 9, 130, 136, 24, 0, 32, 36, 6, 154, 0, 0, 1, 196, 2, 66,
       20, 8, 0, 92, 128, 12, 17, 36, 16, 0, 34, 24, 4, 3, 8, 32, 0, 48,
       8, 68, 34, 33, 69, 7, 229, 208, 64, 134, 103, 67, 32, 70, 3, 2,
       193, 225, 144, 2, 130, 93, 1, 102, 206, 45, 128, 115, 78, 154,
       130, 5, 80, 8, 48, 9, 82, 38, 84, 186, 64, 120, 71, 84, 48, 96,
       24, 15, 193, 12, 197, 79, 25, 172, 24, 4, 113, 29, 156, 9, 16,
       226, 51, 189, 72, 86, 33, 250, 13, 38, 101, 168, 157, 116, 161,
       252, 176, 92, 202, 53, 65, 31, 201, 229, 203, 108, 131, 96, 241,
       0, 156, 120, 76, 168, 8, 129, 252, 76, 41, 223, 125, 66, 221, 186,
       52, 242, 13, 52, 221, 84, 26, 150, 68, 131, 74, 192, 8, 53, 124,
       36, 209, 158, 143, 8, 132, 160, 39, 140, 202, 71, 38, 176, 4, 3,
       0, 16, 0, 0, 32, 71, 0, 2, 0, 4, 16, 68, 163, 3, 0, 8, 1, 68, 66,
       32, 64, 2, 68, 136, 128, 0, 0, 4, 32, 0, 70, 6, 65, 170, 0, 40, 1,
       64, 0, 32, 16, 2, 68, 84, 1, 78, 25, 44, 24, 4, 112, 24, 156, 0,
       16, 98, 51, 181, 72, 86, 32, 248, 50, 192, 8, 138, 3, 28, 4, 1,
       38, 64, 61, 4, 29, 54, 125, 52, 84, 18, 0, 176, 0, 82, 145, 96,
       56, 132, 4, 8, 34, 186, 153, 0, 160, 76, 3, 128, 74, 66, 2, 8,
       166, 147, 4, 1, 20, 150, 228, 12, 19, 1, 129, 8, 62, 1, 67, 25,
       40, 98, 40, 48, 16, 200, 106, 201, 76, 47, 231, 184, 16, 111, 37,
       127, 45, 196, 202, 53, 65, 191, 219, 230, 139, 92, 225, 108, 53,
       128, 196, 179, 95, 253, 24, 129, 112, 142, 58, 137, 208, 6, 117,
       186, 0, 114, 205, 28, 180, 52, 56, 167, 77, 131, 100, 224, 153,
       36, 253, 56, 209, 29, 135, 8, 0, 232, 43, 173, 72, 71, 33, 242,
       186, 212, 121, 174, 255, 13, 31, 9, 246, 101, 61, 250, 191, 106,
