%YAML:1.0
descriptors: !!opencv-matrix
   rows: 154
   cols: 64
   dt: u
   data: [ 63, 255, 125, 249, 190, 253, 255, 89, 253, 223, 220, 250, 253,
       127, 252, 93, 219, 253, 235, 251, 247, 119, 83, 255, 245, 247,
       119, 247, 127, 255, 247, 235, 223, 218, 223, 142, 255, 121, 251,
       57, 124, 125, 251, 237, 245, 241, 247, 111, 187, 190, 152, 79,
       242, 133, 222, 93, 63, 215, 246, 175, 243, 251, 237, 250, 191,
       254, 124, 239, 255, 253, 255, 88, 255, 95, 253, 251, 255, 123,
       252, 253, 191, 255, 254, 187, 253, 118, 147, 125, 245, 255, 117,
       247, 127, 127, 247, 183, 223, 248, 223, 212, 255, 121, 248, 61,
       127, 223, 123, 189, 245, 243, 255, 55, 189, 223, 152, 47, 248,
       165, 222, 125, 62, 215, 246, 175, 243, 219, 44, 222, 216, 137,
       154, 223, 99, 67, 254, 254, 95, 187, 221, 255, 51, 198, 183, 234,
       255, 147, 120, 95, 79, 189, 231, 147, 203, 95, 251, 110, 65, 207,
       182, 234, 207, 37, 53, 251, 86, 125, 239, 116, 112, 93, 181, 47,
       255, 29, 183, 111, 157, 174, 26, 149, 241, 125, 156, 195, 80, 251,
       51, 253, 89, 119, 177, 250, 63, 244, 125, 142, 55, 55, 27, 121,
       246, 78, 149, 182, 125, 42, 181, 85, 250, 244, 67, 96, 241, 50,
       209, 118, 204, 184, 240, 9, 82, 28, 117, 105, 214, 36, 85, 190,
       82, 120, 137, 116, 112, 94, 24, 15, 209, 20, 224, 79, 153, 172,
       24, 5, 240, 29, 156, 73, 16, 242, 51, 189, 88, 87, 34, 251, 62,
       48, 125, 166, 54, 55, 191, 121, 247, 220, 213, 113, 125, 58, 176,
       84, 251, 213, 71, 101, 241, 115, 245, 118, 220, 253, 253, 157,
       122, 218, 117, 249, 212, 44, 22, 190, 210, 120, 169, 124, 120, 93,
       60, 47, 213, 21, 212, 108, 153, 172, 24, 5, 240, 29, 156, 73, 16,
       242, 51, 188, 88, 87, 32, 250, 252, 62, 247, 181, 126, 127, 187,
       255, 253, 252, 214, 55, 127, 251, 187, 198, 251, 221, 99, 99, 253,
       165, 199, 183, 93, 251, 188, 191, 90, 220, 115, 235, 215, 36, 85,
       186, 86, 122, 233, 124, 248, 92, 56, 47, 213, 21, 247, 111, 153,
       172, 24, 5, 240, 29, 156, 73, 16, 242, 51, 189, 88, 87, 32, 250,
       254, 185, 255, 254, 54, 63, 253, 127, 247, 254, 213, 243, 127,
       250, 182, 94, 254, 223, 115, 127, 247, 127, 193, 247, 253, 251,
       247, 223, 90, 253, 244, 235, 215, 60, 118, 190, 223, 120, 249,
       117, 120, 223, 183, 47, 247, 53, 247, 111, 157, 174, 24, 71, 240,
       29, 156, 93, 16, 243, 115, 191, 123, 87, 32, 250, 253, 255, 255,
       245, 118, 119, 251, 255, 253, 255, 214, 255, 127, 255, 251, 255,
       251, 245, 127, 111, 117, 247, 246, 118, 205, 255, 253, 191, 255,
       94, 119, 251, 247, 37, 85, 255, 86, 120, 249, 117, 124, 93, 58,
       62, 213, 53, 209, 111, 157, 172, 28, 5, 240, 29, 156, 77, 16, 246,
       51, 189, 90, 87, 32, 250, 255, 253, 255, 247, 255, 119, 251, 251,
       255, 255, 253, 255, 255, 126, 246, 253, 251, 245, 127, 103, 245,
       247, 247, 118, 255, 255, 255, 63, 219, 95, 119, 251, 215, 37, 85,
       255, 210, 121, 233, 116, 120, 93, 124, 47, 213, 20, 245, 111, 157,
       172, 24, 5, 248, 29, 156, 73, 16, 246, 51, 189, 88, 95, 32, 250,
       63, 221, 238, 254, 55, 255, 221, 59, 183, 252, 213, 241, 191, 127,
       60, 94, 253, 255, 99, 251, 245, 127, 209, 119, 125, 255, 231, 127,
       126, 223, 245, 235, 223, 44, 85, 190, 215, 120, 249, 125, 120,
       221, 251, 47, 213, 53, 247, 111, 187, 172, 153, 13, 240, 29, 156,
       93, 48, 242, 115, 191, 123, 215, 40, 250, 252, 187, 247, 245, 118,
       175, 251, 123, 253, 221, 215, 243, 255, 251, 240, 94, 242, 213,
       127, 111, 247, 47, 195, 247, 223, 250, 246, 191, 126, 220, 124,
       239, 215, 103, 116, 191, 214, 126, 249, 253, 221, 93, 187, 111,
       233, 45, 217, 111, 157, 164, 153, 207, 242, 61, 157, 77, 88, 246,
       115, 255, 123, 95, 161, 251, 186, 16, 211, 167, 191, 160, 191,
       157, 84, 251, 240, 113, 35, 2, 131, 81, 98, 214, 33, 83, 192, 1,
       239, 121, 12, 137, 232, 47, 82, 9, 33, 127, 117, 36, 28, 187, 119,
       116, 33, 245, 80, 76, 50, 14, 194, 21, 209, 93, 152, 172, 24, 5,
       240, 28, 156, 73, 144, 178, 51, 156, 92, 22, 32, 240, 135, 55, 81,
       86, 57, 128, 137, 72, 34, 1, 129, 115, 162, 75, 128, 81, 98, 213,
       4, 99, 199, 44, 128, 99, 12, 154, 162, 15, 18, 40, 33, 109, 86,
       37, 124, 154, 0, 120, 131, 215, 193, 74, 24, 74, 232, 0, 201, 79,
       128, 164, 16, 5, 96, 18, 157, 73, 16, 114, 50, 143, 88, 87, 33,
       185, 253, 254, 119, 247, 255, 231, 255, 249, 254, 253, 253, 251,
       255, 250, 242, 252, 251, 213, 127, 103, 253, 175, 167, 60, 206,
       255, 255, 47, 211, 31, 119, 255, 243, 37, 84, 191, 82, 113, 237,
       246, 114, 92, 56, 47, 213, 28, 253, 127, 157, 172, 24, 5, 240, 31,
       156, 73, 16, 242, 51, 189, 88, 87, 32, 250, 69, 38, 117, 164, 216,
       110, 163, 252, 32, 92, 202, 21, 68, 53, 201, 161, 227, 204, 139,
       100, 112, 128, 132, 176, 78, 172, 40, 136, 212, 6, 58, 29, 112,
       37, 117, 187, 80, 114, 5, 212, 149, 84, 24, 150, 76, 130, 200,
       196, 136, 37, 84, 4, 240, 30, 135, 73, 144, 248, 33, 140, 76, 70,
       32, 176, 63, 150, 124, 255, 62, 189, 253, 112, 63, 255, 87, 217,
       140, 127, 189, 85, 239, 255, 33, 235, 245, 116, 211, 123, 77, 254,
       179, 127, 126, 95, 245, 111, 215, 100, 213, 186, 211, 120, 249,
       117, 116, 92, 122, 47, 213, 20, 247, 111, 153, 172, 24, 5, 240,
       29, 156, 73, 16, 242, 51, 189, 218, 215, 32, 250, 122, 112, 125,
       174, 55, 127, 127, 109, 215, 254, 120, 189, 61, 46, 191, 246, 243,
       214, 89, 109, 120, 179, 228, 60, 189, 137, 238, 25, 91, 249, 125,
       233, 96, 37, 62, 255, 247, 115, 129, 252, 210, 206, 117, 62, 210,
       150, 192, 124, 159, 164, 94, 5, 234, 30, 191, 93, 208, 242, 59,
       216, 95, 14, 34, 177, 63, 190, 253, 237, 191, 253, 255, 125, 255,
       255, 214, 249, 253, 127, 189, 93, 255, 255, 227, 123, 245, 119,
       211, 255, 253, 255, 229, 255, 126, 95, 245, 239, 223, 108, 215,
       190, 255, 121, 249, 125, 120, 93, 123, 47, 213, 53, 247, 111, 185,
       174, 24, 15, 240, 29, 156, 89, 52, 242, 55, 189, 250, 223, 44,
       254, 191, 254, 125, 237, 255, 189, 255, 121, 255, 255, 253, 251,
       255, 121, 244, 93, 247, 245, 127, 123, 245, 119, 219, 127, 253,
       255, 247, 255, 127, 127, 245, 255, 215, 236, 222, 190, 254, 121,
       249, 255, 126, 95, 123, 47, 213, 117, 245, 127, 191, 191, 24, 15,
       242, 157, 159, 93, 56, 246, 247, 191, 251, 223, 44, 255, 60, 189,
       255, 255, 63, 255, 249, 255, 253, 253, 222, 253, 255, 254, 187,
       254, 251, 253, 243, 107, 245, 127, 247, 247, 253, 235, 230, 191,
       127, 223, 119, 239, 255, 110, 119, 190, 215, 122, 249, 125, 248,
       93, 255, 46, 245, 55, 247, 111, 185, 172, 153, 77, 240, 29, 156,
       93, 60, 242, 119, 191, 251, 95, 169, 254, 252, 253, 255, 253, 54,
       127, 253, 255, 255, 252, 255, 255, 127, 254, 255, 254, 255, 223,
       123, 111, 247, 125, 247, 247, 255, 239, 246, 255, 127, 223, 254,
       235, 239, 47, 117, 255, 223, 127, 249, 253, 250, 221, 249, 62,
       255, 55, 247, 111, 157, 172, 31, 207, 240, 29, 157, 77, 80, 246,
       123, 255, 123, 95, 43, 250, 124, 189, 255, 254, 54, 127, 249, 255,
       247, 252, 253, 255, 127, 254, 191, 254, 255, 223, 115, 111, 247,
       63, 215, 247, 253, 239, 246, 223, 91, 223, 246, 235, 207, 44, 119,
       190, 223, 120, 249, 125, 122, 93, 255, 47, 221, 53, 247, 111, 157,
       172, 24, 13, 240, 29, 156, 73, 16, 242, 115, 191, 91, 87, 34, 250,
       255, 254, 126, 233, 251, 253, 186, 129, 63, 255, 206, 255, 190,
       127, 251, 253, 253, 187, 189, 255, 253, 87, 155, 120, 247, 127,
       121, 255, 254, 247, 247, 183, 151, 209, 223, 69, 247, 219, 253,
       127, 125, 29, 106, 189, 245, 157, 254, 49, 255, 223, 152, 45, 253,
       231, 216, 255, 118, 221, 180, 45, 214, 219, 56, 222, 233, 255,
       125, 250, 51, 191, 127, 90, 253, 255, 236, 187, 255, 255, 252, 95,
       251, 253, 255, 111, 255, 255, 81, 119, 213, 255, 247, 191, 123,
       211, 118, 169, 218, 70, 215, 255, 243, 125, 249, 125, 126, 255,
