%YAML:1.0
descriptors: !!opencv-matrix
   rows: 71
   cols: 64
   dt: u
   data: [ 63, 255, 237, 251, 63, 253, 221, 61, 255, 254, 221, 252, 253,
       127, 125, 221, 157, 255, 226, 187, 247, 119, 219, 255, 253, 247,
       247, 247, 127, 255, 255, 235, 223, 218, 223, 36, 255, 249, 250,
       59, 124, 253, 235, 237, 247, 245, 247, 107, 187, 254, 137, 79,
       246, 5, 254, 93, 63, 215, 254, 255, 243, 251, 237, 222, 60, 189,
       255, 252, 62, 255, 245, 127, 245, 252, 220, 245, 95, 124, 189, 78,
       251, 252, 227, 107, 245, 127, 210, 247, 253, 127, 149, 246, 108,
       215, 119, 235, 207, 120, 199, 188, 255, 120, 249, 125, 120, 29,
       247, 167, 245, 53, 247, 111, 187, 172, 137, 75, 242, 29, 156, 85,
       54, 242, 119, 255, 251, 223, 108, 254, 252, 249, 255, 221, 50,
       127, 249, 255, 253, 252, 255, 253, 95, 252, 255, 238, 187, 221,
       251, 111, 247, 253, 246, 183, 255, 111, 183, 246, 109, 223, 126,
       235, 239, 123, 103, 255, 222, 127, 249, 125, 250, 253, 247, 55,
       255, 183, 247, 110, 191, 175, 239, 223, 250, 61, 159, 92, 116,
       254, 123, 255, 251, 191, 235, 254, 252, 253, 255, 255, 246, 103,
       251, 255, 255, 253, 253, 255, 255, 254, 255, 254, 251, 213, 127,
       111, 62, 159, 230, 63, 191, 255, 255, 63, 223, 123, 118, 191, 243,
       103, 61, 223, 214, 119, 255, 247, 91, 221, 253, 126, 239, 30, 253,
       180, 205, 165, 86, 245, 249, 190, 148, 111, 208, 252, 121, 127,
       221, 12, 51, 190, 252, 235, 239, 253, 246, 127, 251, 255, 221,
       253, 254, 191, 223, 254, 251, 238, 251, 221, 251, 111, 125, 159,
       238, 191, 127, 239, 191, 183, 253, 219, 62, 191, 243, 39, 119,
       251, 86, 127, 253, 244, 250, 125, 247, 62, 223, 175, 73, 244, 157,
       173, 223, 149, 219, 63, 157, 76, 208, 252, 105, 255, 95, 30, 35,
       254, 37, 182, 199, 231, 253, 242, 227, 88, 252, 253, 194, 119,
       171, 91, 128, 69, 234, 213, 137, 35, 229, 45, 202, 127, 109, 218,
       50, 39, 94, 75, 35, 111, 215, 231, 93, 178, 119, 250, 233, 52,
       209, 116, 58, 142, 193, 1, 249, 107, 152, 188, 24, 5, 240, 21,
       156, 73, 16, 242, 55, 175, 90, 87, 32, 254, 255, 220, 251, 231,
       255, 246, 219, 137, 158, 255, 209, 127, 191, 74, 115, 253, 253,
       247, 62, 55, 236, 159, 190, 124, 190, 223, 255, 127, 223, 123,
       247, 191, 103, 237, 29, 95, 254, 245, 255, 247, 81, 76, 227, 124,
       219, 28, 216, 49, 205, 223, 22, 165, 253, 247, 156, 227, 208, 252,
       240, 31, 254, 29, 48, 190, 151, 182, 81, 245, 253, 146, 223, 72,
       190, 255, 129, 251, 143, 107, 128, 85, 226, 213, 44, 99, 199, 45,
       226, 123, 76, 222, 179, 127, 86, 41, 117, 127, 215, 165, 92, 187,
       82, 248, 251, 247, 81, 78, 41, 111, 241, 20, 221, 127, 153, 172,
       24, 5, 240, 29, 156, 73, 16, 242, 51, 191, 88, 87, 32, 254, 126,
       252, 255, 221, 254, 255, 221, 119, 255, 255, 255, 253, 255, 252,
       127, 252, 253, 255, 123, 251, 255, 127, 247, 255, 255, 127, 247,
       255, 109, 223, 255, 239, 207, 108, 71, 190, 222, 125, 249, 127,
       120, 93, 245, 47, 213, 119, 247, 111, 189, 172, 152, 79, 242, 29,
       156, 85, 48, 247, 115, 189, 251, 223, 40, 254, 254, 41, 211, 247,
       82, 71, 241, 238, 212, 228, 86, 183, 55, 254, 251, 254, 235, 213,
       57, 111, 15, 173, 229, 55, 79, 223, 182, 15, 210, 138, 50, 255,
       243, 39, 117, 251, 82, 126, 253, 116, 208, 92, 184, 126, 207, 28,
       97, 239, 221, 172, 24, 149, 240, 31, 156, 73, 16, 240, 49, 189,
       92, 86, 33, 250, 254, 249, 251, 255, 31, 103, 253, 207, 245, 255,
       124, 185, 63, 202, 183, 255, 235, 213, 49, 99, 239, 173, 238, 63,
       111, 207, 179, 47, 83, 73, 54, 239, 247, 39, 52, 251, 115, 125,
       245, 244, 114, 110, 252, 111, 223, 20, 85, 255, 221, 172, 90, 5,
       240, 29, 156, 73, 144, 242, 123, 191, 93, 86, 35, 251, 59, 215,
       108, 110, 255, 189, 223, 25, 255, 95, 252, 123, 173, 94, 100, 85,
       246, 247, 95, 178, 245, 127, 147, 127, 240, 126, 99, 191, 126,
       113, 253, 227, 207, 108, 222, 180, 255, 89, 249, 125, 125, 223,
       127, 175, 213, 113, 247, 79, 188, 191, 152, 13, 254, 165, 223,
       209, 62, 183, 247, 159, 178, 255, 172, 88, 63, 255, 125, 254, 62,
       253, 253, 113, 255, 255, 93, 249, 221, 127, 252, 95, 251, 255,
       227, 235, 247, 126, 219, 255, 253, 255, 183, 255, 126, 255, 255,
       239, 215, 254, 255, 190, 255, 248, 251, 127, 124, 253, 251, 239,
       247, 244, 247, 111, 187, 252, 184, 79, 246, 29, 190, 93, 63, 243,
       115, 255, 251, 255, 237, 254, 124, 175, 255, 252, 50, 255, 125,
       119, 253, 252, 239, 189, 95, 244, 255, 238, 187, 220, 251, 107,
       191, 121, 246, 187, 221, 239, 166, 151, 105, 221, 125, 239, 231,
       19, 119, 187, 214, 254, 249, 253, 122, 127, 255, 102, 255, 182,
       229, 107, 191, 172, 255, 223, 242, 29, 157, 92, 212, 254, 123,
       255, 251, 94, 43, 254, 92, 41, 251, 213, 50, 215, 250, 231, 219,
       191, 87, 190, 211, 198, 155, 90, 186, 213, 122, 111, 143, 61, 198,
       219, 173, 218, 182, 255, 64, 239, 55, 254, 71, 149, 45, 191, 222,
       253, 250, 119, 112, 108, 229, 110, 191, 28, 145, 127, 159, 174,
       56, 215, 240, 93, 60, 90, 85, 251, 123, 251, 121, 53, 241, 246,
       226, 217, 138, 154, 207, 75, 86, 130, 54, 35, 61, 138, 186, 206,
       38, 95, 239, 215, 60, 246, 78, 159, 163, 39, 78, 215, 187, 47,
       211, 11, 146, 33, 210, 47, 21, 251, 66, 117, 103, 116, 114, 219,
       60, 105, 221, 28, 229, 143, 213, 172, 26, 4, 248, 25, 156, 203,
       16, 240, 57, 61, 92, 84, 50, 249, 254, 252, 255, 239, 255, 255,
       223, 249, 255, 127, 213, 254, 255, 238, 255, 221, 251, 247, 127,
       118, 255, 223, 159, 124, 255, 255, 255, 63, 255, 251, 127, 191,
       215, 237, 159, 223, 214, 247, 253, 127, 251, 223, 207, 30, 221,
       156, 221, 149, 207, 189, 22, 165, 235, 255, 157, 255, 216, 252,
       249, 63, 223, 159, 58, 183, 237, 238, 109, 201, 254, 189, 175,
       216, 44, 127, 131, 122, 221, 125, 255, 69, 194, 245, 91, 96, 253,
       245, 154, 120, 78, 252, 57, 63, 254, 15, 63, 31, 215, 229, 95,
       219, 82, 243, 189, 62, 180, 94, 72, 31, 85, 142, 220, 17, 157,
       173, 16, 37, 211, 253, 159, 107, 88, 252, 49, 189, 220, 95, 50,
       181, 60, 188, 255, 252, 62, 253, 245, 127, 253, 252, 222, 253,
       253, 124, 253, 206, 251, 189, 227, 123, 245, 127, 219, 255, 253,
       127, 245, 246, 109, 215, 255, 239, 207, 234, 71, 52, 255, 250,
       249, 127, 120, 221, 247, 39, 245, 245, 247, 107, 191, 238, 137,
       79, 246, 29, 220, 85, 54, 242, 255, 255, 251, 223, 237, 222, 69,
       38, 229, 81, 220, 132, 139, 84, 168, 111, 2, 53, 193, 67, 145, 65,
       194, 69, 11, 98, 207, 41, 202, 121, 76, 138, 38, 7, 18, 13, 49,
       79, 119, 167, 92, 187, 80, 250, 101, 214, 144, 96, 72, 14, 65,
       142, 201, 19, 24, 44, 24, 5, 113, 28, 157, 73, 16, 98, 51, 157,
       200, 70, 32, 245, 7, 7, 0, 170, 137, 0, 36, 1, 36, 64, 10, 36, 32,
       79, 169, 37, 66, 24, 1, 192, 65, 32, 137, 32, 64, 136, 0, 1, 146,
       0, 41, 1, 48, 38, 85, 178, 33, 66, 5, 4, 36, 96, 24, 0, 68, 135,
       66, 192, 8, 36, 80, 4, 18, 4, 128, 8, 16, 96, 35, 180, 8, 70, 32,
       64, 45, 46, 239, 168, 25, 255, 161, 95, 189, 254, 134, 52, 25, 63,
       187, 197, 203, 124, 227, 96, 241, 83, 222, 113, 93, 241, 28, 5,
       120, 219, 59, 203, 213, 66, 215, 170, 112, 250, 45, 60, 116, 21,
       122, 165, 85, 192, 116, 225, 27, 44, 152, 12, 211, 29, 204, 24,
       56, 224, 43, 188, 202, 215, 44, 250, 255, 254, 255, 239, 255, 255,
       223, 216, 255, 255, 254, 255, 255, 127, 254, 253, 251, 247, 63,
       123, 237, 215, 175, 124, 239, 255, 123, 127, 255, 95, 247, 255,
       215, 237, 221, 127, 118, 255, 253, 119, 119, 93, 106, 63, 221,
       159, 252, 49, 157, 253, 28, 37, 255, 255, 158, 239, 80, 252, 179,
       189, 222, 95, 48, 190, 163, 222, 104, 235, 255, 220, 215, 136,
       255, 119, 44, 250, 191, 127, 236, 125, 243, 183, 60, 51, 207, 111,
       155, 124, 119, 215, 115, 63, 190, 59, 67, 127, 151, 231, 95, 19,
