%YAML:1.0
descriptors: !!opencv-matrix
   rows: 116
   cols: 64
   dt: u
   data: [ 60, 184, 255, 254, 63, 253, 249, 127, 255, 252, 222, 253, 125,
       126, 189, 252, 255, 254, 227, 123, 245, 126, 211, 255, 253, 255,
       231, 255, 127, 223, 245, 239, 223, 108, 199, 190, 255, 120, 249,
       125, 120, 93, 255, 47, 245, 181, 247, 111, 187, 174, 153, 15, 240,
       29, 156, 93, 54, 242, 127, 191, 251, 223, 44, 254, 124, 169, 255,
       221, 50, 127, 249, 247, 221, 212, 223, 181, 95, 244, 187, 238,
       187, 220, 251, 111, 55, 253, 230, 179, 255, 107, 150, 220, 105,
       213, 126, 234, 239, 51, 101, 254, 222, 126, 219, 125, 250, 61,
       245, 54, 255, 183, 119, 238, 191, 172, 239, 223, 240, 93, 144, 92,
       117, 255, 123, 251, 123, 63, 207, 250, 44, 174, 239, 201, 18, 125,
       229, 247, 189, 220, 206, 149, 93, 60, 251, 238, 219, 252, 227,
       106, 245, 115, 222, 247, 125, 125, 20, 128, 125, 215, 63, 239,
       205, 66, 103, 184, 214, 250, 249, 60, 125, 125, 126, 166, 85, 183,
       119, 234, 185, 172, 255, 13, 242, 29, 157, 92, 62, 224, 111, 173,
       219, 207, 41, 250, 250, 253, 255, 255, 119, 79, 93, 239, 255, 231,
       253, 184, 63, 170, 246, 254, 247, 215, 62, 111, 30, 223, 231, 63,
       255, 207, 239, 63, 243, 251, 126, 61, 240, 45, 52, 255, 194, 119,
       209, 255, 210, 223, 253, 63, 155, 30, 205, 60, 205, 165, 86, 133,
       104, 31, 183, 79, 216, 246, 121, 124, 93, 92, 50, 185, 253, 254,
       127, 245, 250, 253, 255, 248, 253, 255, 238, 255, 223, 127, 251,
       237, 235, 245, 127, 107, 255, 111, 238, 124, 109, 255, 55, 63,
       255, 75, 119, 191, 215, 231, 125, 251, 82, 249, 253, 118, 121, 92,
       120, 63, 215, 28, 253, 51, 157, 173, 24, 37, 248, 159, 156, 109,
       16, 254, 51, 191, 220, 95, 33, 190, 127, 246, 253, 175, 255, 191,
       31, 125, 255, 127, 249, 249, 253, 63, 188, 95, 243, 247, 91, 113,
       253, 99, 219, 125, 221, 235, 236, 63, 91, 29, 241, 239, 215, 44,
       87, 191, 210, 120, 233, 118, 126, 94, 120, 175, 213, 20, 245, 127,
       153, 172, 24, 5, 240, 29, 157, 73, 16, 246, 51, 189, 218, 87, 34,
       251, 252, 254, 239, 255, 255, 127, 241, 191, 253, 253, 222, 255,
       255, 255, 255, 236, 249, 189, 251, 187, 245, 95, 255, 255, 251,
       127, 94, 182, 253, 215, 126, 255, 223, 235, 111, 117, 255, 215,
       253, 60, 255, 61, 234, 190, 221, 247, 127, 227, 253, 252, 207,
       221, 215, 239, 152, 221, 126, 220, 239, 191, 251, 253, 159, 222,
       213, 107, 243, 213, 248, 134, 251, 232, 10, 255, 195, 251, 195,
       227, 210, 74, 226, 213, 61, 111, 143, 173, 226, 123, 79, 222, 179,
       47, 82, 15, 50, 63, 83, 39, 124, 187, 82, 253, 255, 246, 209, 108,
       184, 126, 235, 28, 217, 63, 137, 172, 24, 53, 224, 30, 157, 73,
       16, 250, 51, 191, 92, 87, 33, 187, 197, 173, 198, 119, 221, 98,
       240, 222, 56, 185, 228, 123, 162, 219, 130, 73, 42, 69, 185, 99,
       239, 173, 239, 123, 102, 203, 146, 39, 219, 13, 34, 71, 247, 167,
       52, 123, 119, 245, 255, 182, 81, 124, 234, 94, 201, 25, 219, 243,
       93, 228, 88, 213, 213, 126, 156, 202, 83, 252, 183, 191, 204, 101,
       145, 255, 239, 238, 239, 235, 254, 255, 231, 208, 253, 255, 108,
       218, 219, 187, 255, 237, 139, 245, 61, 111, 63, 213, 191, 125,
       111, 255, 31, 55, 255, 27, 50, 159, 243, 231, 255, 219, 82, 253,
       253, 190, 119, 126, 104, 63, 223, 158, 124, 177, 205, 157, 22,
       181, 217, 255, 135, 238, 208, 236, 33, 61, 221, 221, 24, 190, 255,
       255, 239, 223, 247, 127, 87, 250, 255, 85, 253, 250, 255, 251,
       246, 253, 251, 245, 127, 127, 63, 223, 179, 116, 127, 255, 191,
       63, 255, 90, 118, 185, 210, 111, 118, 219, 194, 117, 253, 253,
       119, 223, 56, 63, 221, 30, 252, 180, 141, 181, 86, 140, 249, 191,
       135, 79, 120, 244, 113, 63, 93, 221, 52, 186, 254, 248, 255, 255,
       255, 127, 251, 254, 255, 255, 253, 255, 255, 250, 255, 255, 251,
       213, 127, 111, 127, 223, 175, 60, 111, 239, 191, 63, 255, 95, 126,
       191, 241, 101, 60, 255, 82, 119, 245, 247, 210, 223, 255, 62, 219,
       158, 201, 180, 141, 173, 86, 133, 232, 191, 151, 77, 208, 252, 41,
       190, 93, 30, 50, 181, 254, 250, 255, 255, 255, 255, 223, 248, 255,
       253, 215, 251, 255, 251, 252, 221, 251, 245, 127, 111, 253, 95,
       163, 125, 239, 255, 251, 63, 255, 95, 119, 191, 215, 101, 86, 255,
       82, 127, 253, 118, 241, 95, 120, 63, 221, 30, 253, 63, 157, 173,
       28, 5, 248, 61, 159, 73, 16, 246, 51, 189, 88, 95, 32, 250, 254,
       48, 247, 179, 223, 103, 47, 205, 238, 111, 219, 62, 255, 238, 179,
       118, 251, 213, 35, 102, 105, 135, 167, 52, 78, 223, 189, 47, 210,
       30, 115, 187, 211, 36, 85, 191, 82, 112, 237, 116, 112, 92, 56,
       47, 213, 28, 229, 109, 153, 172, 24, 5, 240, 29, 156, 73, 16, 242,
       51, 189, 92, 87, 32, 250, 187, 252, 219, 231, 255, 240, 223, 156,
       95, 251, 124, 251, 175, 91, 66, 221, 255, 215, 188, 187, 237, 45,
       239, 125, 239, 223, 123, 127, 95, 123, 231, 255, 215, 237, 253,
       117, 255, 253, 248, 119, 113, 92, 235, 125, 223, 21, 253, 51, 253,
       223, 30, 167, 252, 167, 188, 239, 86, 247, 246, 239, 246, 95, 180,
       254, 186, 249, 255, 255, 38, 245, 216, 181, 95, 191, 85, 222, 255,
       240, 54, 218, 253, 211, 126, 251, 191, 125, 231, 223, 185, 127,
       247, 254, 79, 247, 247, 254, 223, 254, 173, 117, 255, 125, 250,
       123, 120, 93, 231, 109, 183, 53, 183, 127, 191, 202, 139, 199,
       252, 157, 120, 93, 87, 247, 247, 251, 251, 251, 201, 239, 252,
       251, 255, 253, 254, 119, 251, 253, 221, 255, 250, 191, 255, 238,
       251, 254, 251, 213, 127, 110, 127, 155, 175, 60, 111, 239, 191,
       175, 223, 223, 126, 191, 112, 39, 93, 251, 86, 119, 245, 244, 250,
       95, 221, 62, 95, 142, 201, 180, 141, 173, 94, 133, 250, 63, 133,
       73, 208, 244, 41, 188, 93, 78, 34, 181, 252, 56, 247, 183, 223,
       231, 191, 254, 238, 239, 211, 251, 255, 239, 179, 94, 251, 213,
       99, 103, 253, 135, 199, 117, 79, 255, 189, 47, 210, 158, 114, 171,
       215, 36, 85, 186, 82, 120, 233, 116, 112, 92, 56, 47, 213, 20,
       245, 111, 153, 172, 24, 5, 240, 29, 156, 73, 16, 242, 51, 189, 88,
       87, 32, 250, 247, 50, 210, 87, 255, 130, 154, 160, 74, 33, 19,
       123, 174, 195, 130, 80, 114, 215, 60, 247, 207, 45, 203, 109, 142,
       202, 250, 111, 146, 41, 225, 110, 87, 173, 84, 191, 90, 253, 231,
       214, 209, 72, 73, 14, 201, 12, 217, 23, 157, 228, 24, 37, 116,
       254, 156, 235, 80, 126, 179, 189, 216, 87, 48, 255, 254, 248, 255,
       239, 254, 253, 223, 173, 223, 255, 127, 255, 255, 62, 255, 252,
       255, 215, 122, 59, 253, 127, 239, 124, 253, 223, 255, 255, 95,
       251, 255, 255, 231, 237, 255, 119, 254, 255, 255, 119, 123, 93,
       231, 124, 191, 158, 253, 51, 255, 223, 223, 239, 254, 231, 188,
       255, 212, 254, 254, 127, 255, 223, 58, 182, 60, 190, 255, 253, 62,
       253, 241, 247, 253, 252, 222, 253, 95, 125, 251, 236, 153, 252,
       235, 107, 245, 127, 126, 255, 249, 111, 20, 246, 109, 215, 127,
       238, 207, 90, 231, 36, 223, 186, 249, 61, 253, 61, 251, 182, 245,
       231, 247, 107, 191, 252, 175, 203, 242, 93, 153, 92, 46, 215, 223,
       239, 251, 251, 109, 254, 2, 0, 8, 138, 11, 128, 14, 5, 2, 98, 1,
       0, 16, 2, 33, 0, 66, 16, 0, 192, 192, 48, 65, 66, 64, 128, 160,
       13, 2, 136, 57, 64, 69, 4, 20, 170, 2, 104, 1, 80, 16, 66, 20, 8,
       80, 20, 129, 79, 25, 44, 24, 5, 48, 24, 92, 65, 16, 34, 51, 184,
       24, 82, 98, 225, 119, 52, 120, 22, 223, 130, 27, 8, 230, 39, 149,
       48, 189, 202, 164, 87, 114, 183, 22, 209, 139, 55, 211, 111, 148,
       162, 232, 63, 18, 185, 197, 111, 139, 172, 6, 191, 202, 56, 35,
       223, 80, 202, 69, 137, 209, 120, 129, 15, 145, 174, 24, 5, 96, 24,
       220, 83, 56, 178, 179, 153, 184, 214, 56, 219, 124, 188, 255, 255,
       255, 255, 127, 125, 255, 245, 223, 190, 255, 190, 190, 254, 251,
       247, 123, 111, 189, 215, 219, 61, 223, 255, 253, 63, 123, 219,
