%YAML:1.0
descriptors: !!opencv-matrix
   rows: 160
   cols: 64
   dt: u
   data: [ 62, 253, 255, 254, 63, 191, 253, 123, 255, 254, 253, 249, 253,
       122, 253, 223, 255, 255, 99, 123, 245, 127, 211, 255, 253, 255,
       231, 255, 127, 255, 245, 235, 223, 108, 215, 190, 223, 120, 249,
       125, 122, 95, 251, 47, 213, 55, 247, 111, 185, 174, 152, 15, 240,
       29, 157, 93, 48, 242, 123, 191, 251, 223, 44, 251, 60, 177, 255,
       254, 62, 183, 253, 123, 247, 252, 245, 243, 255, 123, 180, 94,
       255, 223, 99, 107, 245, 127, 195, 247, 253, 255, 247, 255, 122,
       221, 245, 235, 215, 44, 85, 190, 215, 120, 249, 125, 120, 93, 123,
       47, 213, 53, 247, 111, 153, 172, 24, 5, 240, 29, 156, 77, 24, 242,
       51, 189, 122, 87, 32, 250, 60, 188, 255, 255, 62, 127, 249, 255,
       253, 252, 222, 253, 127, 126, 251, 252, 251, 220, 195, 107, 245,
       121, 231, 255, 253, 235, 244, 155, 127, 223, 127, 239, 247, 100,
       85, 190, 215, 122, 249, 124, 218, 93, 123, 46, 213, 55, 243, 111,
       153, 172, 25, 5, 240, 29, 157, 73, 16, 242, 51, 189, 90, 95, 34,
       255, 60, 185, 255, 255, 62, 127, 249, 255, 253, 252, 254, 245,
       125, 126, 251, 252, 251, 220, 251, 107, 245, 123, 247, 246, 253,
       235, 244, 155, 127, 223, 127, 255, 255, 44, 87, 254, 215, 123,
       249, 125, 250, 93, 255, 62, 213, 183, 243, 111, 189, 172, 159, 13,
       240, 29, 157, 89, 48, 242, 123, 189, 91, 31, 34, 254, 61, 189,
       255, 254, 55, 255, 249, 123, 245, 254, 253, 247, 255, 251, 189,
       126, 242, 253, 99, 99, 245, 127, 211, 247, 253, 238, 231, 191,
       122, 223, 119, 235, 223, 44, 87, 190, 215, 120, 249, 125, 122, 93,
       187, 47, 213, 55, 247, 111, 153, 172, 24, 5, 240, 29, 156, 73, 16,
       242, 115, 191, 90, 87, 32, 250, 190, 253, 247, 253, 191, 173, 125,
       121, 255, 249, 253, 251, 255, 231, 228, 95, 255, 191, 119, 251,
       255, 236, 19, 255, 247, 255, 243, 251, 111, 255, 231, 255, 203,
       239, 63, 254, 255, 125, 249, 125, 127, 223, 255, 255, 255, 117,
       255, 127, 173, 183, 200, 207, 234, 158, 30, 109, 60, 183, 255,
       255, 191, 111, 175, 30, 79, 1, 138, 112, 79, 34, 110, 2, 0, 42,
       115, 0, 2, 194, 0, 3, 4, 11, 63, 214, 239, 175, 9, 27, 2, 90, 231,
       198, 192, 53, 161, 198, 75, 187, 0, 37, 107, 4, 116, 194, 72, 32,
       144, 201, 195, 121, 167, 219, 121, 202, 24, 66, 69, 108, 88, 128,
       215, 131, 215, 183, 164, 50, 209, 4, 253, 205, 254, 220, 99, 95,
       247, 231, 63, 212, 15, 207, 31, 255, 255, 206, 253, 187, 248, 111,
       118, 253, 214, 243, 251, 127, 209, 124, 233, 218, 222, 107, 159,
       83, 65, 226, 211, 88, 254, 124, 116, 61, 189, 247, 245, 60, 245,
       110, 157, 172, 169, 93, 240, 93, 152, 207, 121, 254, 115, 191, 91,
       247, 173, 218, 236, 174, 246, 229, 217, 111, 165, 199, 61, 253,
       206, 255, 83, 253, 250, 237, 235, 253, 255, 107, 245, 141, 254,
       121, 119, 223, 25, 167, 255, 199, 58, 199, 149, 227, 119, 250, 49,
       246, 253, 52, 125, 53, 122, 55, 109, 7, 127, 225, 205, 228, 252,
       60, 211, 127, 140, 76, 50, 252, 103, 173, 219, 79, 53, 250, 198,
       205, 139, 219, 235, 222, 222, 143, 27, 243, 45, 206, 146, 214,
       111, 255, 201, 215, 56, 111, 142, 189, 238, 59, 111, 215, 187,
       111, 87, 43, 50, 59, 199, 167, 93, 203, 82, 125, 239, 114, 114,
       124, 104, 125, 159, 158, 125, 179, 221, 140, 30, 5, 253, 125, 180,
       234, 209, 254, 57, 61, 93, 85, 19, 250, 118, 48, 217, 178, 16,
       130, 30, 69, 66, 170, 129, 178, 224, 6, 130, 82, 122, 131, 32, 67,
       139, 53, 67, 79, 132, 210, 242, 111, 2, 44, 225, 98, 71, 132, 180,
       191, 32, 184, 99, 87, 32, 72, 37, 233, 183, 20, 53, 127, 27, 174,
       56, 3, 96, 24, 124, 113, 16, 51, 19, 209, 57, 83, 120, 98, 213,
       254, 87, 101, 253, 32, 239, 248, 120, 253, 248, 251, 238, 91, 198,
       89, 99, 205, 189, 111, 109, 140, 172, 120, 110, 255, 123, 187,
       223, 15, 99, 63, 114, 231, 124, 219, 119, 181, 61, 247, 95, 78,
       186, 191, 203, 11, 218, 149, 200, 181, 84, 181, 72, 182, 143, 109,
       208, 188, 33, 143, 220, 87, 53, 189, 63, 246, 125, 239, 63, 253,
       189, 120, 255, 255, 246, 249, 237, 59, 253, 213, 255, 254, 67,
       123, 245, 114, 203, 124, 237, 189, 245, 251, 126, 95, 245, 239,
       223, 108, 213, 190, 255, 120, 233, 117, 248, 93, 123, 47, 212,
       181, 247, 111, 185, 172, 24, 5, 240, 29, 157, 77, 16, 242, 55,
       189, 218, 87, 36, 254, 70, 33, 146, 146, 80, 130, 10, 6, 2, 162,
       1, 18, 128, 194, 131, 19, 72, 67, 0, 70, 139, 165, 66, 11, 136,
       144, 186, 77, 2, 40, 161, 66, 83, 6, 148, 171, 1, 108, 7, 70, 160,
       64, 52, 72, 3, 28, 1, 15, 24, 172, 56, 5, 52, 88, 60, 195, 0, 58,
       17, 177, 8, 114, 113, 99, 63, 255, 253, 254, 63, 253, 217, 121,
       255, 221, 253, 253, 253, 127, 252, 253, 255, 246, 99, 251, 245,
       118, 211, 247, 253, 191, 245, 251, 127, 127, 247, 235, 223, 108,
       87, 190, 222, 120, 249, 125, 126, 93, 59, 175, 212, 53, 247, 111,
       185, 174, 24, 15, 240, 29, 156, 73, 52, 243, 119, 189, 122, 223,
       42, 250, 151, 248, 218, 103, 61, 248, 218, 136, 27, 155, 255, 255,
       166, 91, 202, 249, 235, 151, 60, 155, 197, 45, 231, 122, 229, 215,
       115, 127, 87, 43, 231, 127, 151, 244, 253, 211, 119, 121, 235,
       117, 113, 92, 171, 125, 183, 17, 245, 127, 219, 255, 24, 5, 252,
       165, 252, 225, 18, 211, 182, 239, 92, 95, 180, 222, 181, 251, 119,
       85, 160, 153, 134, 160, 235, 145, 254, 239, 254, 117, 72, 56, 245,
       171, 239, 191, 245, 110, 19, 215, 209, 126, 245, 254, 44, 150,
       195, 178, 158, 120, 67, 164, 221, 24, 248, 104, 124, 29, 185, 167,
       213, 113, 183, 111, 187, 239, 137, 75, 242, 29, 88, 93, 47, 215,
       215, 181, 242, 243, 232, 74, 39, 38, 65, 162, 29, 162, 37, 74,
       228, 68, 130, 115, 169, 75, 128, 85, 226, 229, 1, 96, 193, 38,
       136, 119, 70, 154, 32, 15, 18, 8, 33, 73, 87, 38, 84, 186, 80, 56,
       1, 84, 69, 64, 24, 143, 192, 0, 213, 79, 152, 36, 24, 0, 240, 28,
       156, 73, 16, 242, 51, 157, 72, 87, 32, 248, 238, 232, 234, 171,
       254, 223, 222, 133, 63, 239, 13, 254, 155, 110, 255, 253, 217,
       243, 112, 243, 221, 119, 119, 93, 119, 215, 191, 111, 67, 255,
       183, 226, 199, 188, 207, 239, 218, 125, 233, 126, 112, 93, 100,
       41, 215, 92, 181, 127, 157, 172, 26, 5, 240, 29, 220, 81, 16, 243,
       59, 189, 127, 219, 104, 250, 68, 34, 0, 160, 200, 130, 34, 64, 0,
       32, 130, 36, 192, 7, 129, 0, 0, 9, 153, 148, 201, 1, 11, 193, 130,
       64, 8, 196, 128, 4, 129, 0, 29, 145, 81, 1, 41, 128, 4, 2, 0, 32,
       8, 0, 97, 13, 194, 1, 16, 70, 40, 114, 21, 96, 72, 170, 70, 79,
       134, 132, 0, 35, 80, 64, 71, 34, 194, 32, 221, 226, 162, 70, 32,
       32, 196, 100, 128, 83, 129, 17, 72, 41, 33, 208, 225, 5, 75, 83,
       70, 89, 24, 231, 80, 4, 161, 66, 151, 32, 85, 170, 115, 56, 109,
       116, 104, 16, 56, 9, 85, 81, 247, 239, 25, 172, 24, 5, 240, 28,
       152, 73, 18, 242, 51, 181, 88, 83, 32, 74, 124, 62, 255, 181, 255,
       253, 187, 249, 252, 253, 246, 63, 255, 250, 251, 231, 242, 213,
       99, 98, 253, 167, 215, 117, 95, 255, 181, 175, 218, 94, 115, 251,
       231, 36, 85, 186, 82, 122, 233, 116, 248, 92, 56, 46, 213, 23,
       241, 111, 153, 172, 24, 5, 240, 29, 157, 73, 16, 242, 51, 189, 90,
       87, 32, 250, 236, 222, 254, 255, 251, 255, 119, 255, 189, 245,
       110, 223, 159, 190, 254, 239, 251, 253, 249, 111, 252, 223, 250,
       49, 123, 255, 157, 183, 127, 211, 118, 239, 151, 101, 115, 250,
       215, 219, 253, 124, 125, 157, 126, 55, 253, 151, 127, 225, 157,
       164, 255, 61, 211, 191, 159, 92, 120, 252, 123, 189, 219, 207, 44,
       250, 7, 135, 192, 54, 89, 138, 14, 2, 35, 64, 9, 96, 130, 79, 164,
       21, 233, 35, 37, 196, 195, 45, 17, 99, 70, 223, 51, 45, 18, 40,
       32, 65, 22, 39, 94, 155, 0, 40, 111, 4, 101, 96, 56, 233, 197, 88,
       245, 79, 16, 164, 24, 0, 96, 0, 158, 139, 24, 50, 50, 181, 8, 87,
       48, 106, 76, 12, 130, 181, 202, 195, 160, 199, 24, 232, 66, 7,
