%YAML:1.0
descriptors: !!opencv-matrix
   rows: 151
   cols: 64
   dt: u
   data: [ 63, 254, 125, 239, 191, 253, 255, 89, 255, 223, 220, 251, 253,
       127, 252, 93, 255, 255, 227, 251, 245, 118, 91, 253, 245, 255,
       117, 255, 127, 255, 247, 231, 223, 236, 223, 150, 255, 249, 249,
       61, 125, 221, 123, 173, 245, 241, 247, 127, 185, 254, 152, 15,
       246, 133, 222, 93, 62, 215, 246, 175, 243, 223, 108, 254, 134, 34,
       67, 161, 216, 244, 162, 193, 40, 187, 10, 94, 192, 5, 219, 97,
       203, 77, 35, 98, 201, 5, 142, 120, 78, 220, 29, 35, 150, 15, 51,
       94, 85, 132, 93, 187, 112, 252, 109, 22, 96, 68, 8, 44, 85, 4,
       252, 177, 24, 172, 24, 37, 209, 157, 140, 105, 16, 224, 51, 189,
       76, 87, 32, 178, 61, 54, 125, 168, 62, 189, 61, 125, 253, 126,
       214, 55, 253, 63, 187, 87, 242, 244, 67, 104, 241, 82, 210, 116,
       205, 168, 228, 153, 126, 92, 125, 235, 213, 36, 87, 190, 86, 122,
       129, 116, 252, 95, 26, 14, 212, 167, 192, 77, 153, 172, 24, 5,
       240, 29, 159, 73, 16, 242, 51, 156, 90, 86, 34, 249, 63, 181, 125,
       190, 63, 61, 61, 123, 247, 84, 213, 50, 253, 126, 188, 85, 242,
       244, 67, 112, 245, 118, 209, 119, 204, 168, 228, 153, 122, 88,
       125, 233, 215, 44, 84, 190, 210, 122, 129, 117, 218, 223, 29, 15,
       208, 23, 229, 79, 153, 172, 24, 5, 240, 29, 159, 73, 16, 242, 51,
       189, 88, 86, 34, 249, 60, 190, 247, 245, 62, 189, 185, 255, 253,
       253, 214, 119, 255, 251, 251, 204, 250, 253, 235, 107, 245, 127,
       222, 255, 223, 170, 180, 191, 126, 221, 127, 239, 255, 100, 87,
       190, 215, 122, 249, 124, 220, 93, 122, 30, 209, 167, 211, 111,
       185, 173, 156, 13, 242, 29, 159, 77, 60, 246, 51, 189, 218, 87,
       32, 251, 191, 253, 253, 254, 247, 189, 89, 127, 255, 93, 213, 255,
       255, 254, 182, 92, 250, 247, 83, 119, 127, 127, 211, 119, 255,
       186, 246, 31, 251, 89, 124, 169, 215, 108, 20, 254, 210, 123, 209,
       125, 218, 223, 93, 14, 209, 21, 225, 79, 157, 172, 26, 5, 250, 29,
       157, 77, 24, 246, 123, 189, 91, 95, 34, 251, 187, 18, 210, 163,
       159, 160, 173, 152, 86, 251, 208, 115, 175, 74, 162, 85, 98, 214,
       1, 83, 192, 38, 203, 125, 6, 138, 96, 43, 210, 8, 33, 111, 127,
       36, 28, 186, 115, 120, 33, 244, 81, 68, 26, 14, 192, 21, 209, 95,
       152, 172, 24, 5, 240, 28, 156, 73, 16, 178, 55, 156, 88, 87, 32,
       120, 151, 53, 81, 20, 145, 128, 15, 72, 130, 1, 161, 114, 128, 75,
       128, 81, 98, 213, 4, 97, 195, 44, 128, 98, 12, 138, 162, 75, 18,
       40, 33, 41, 114, 36, 28, 154, 0, 120, 1, 212, 65, 66, 24, 10, 224,
       16, 200, 31, 1, 164, 16, 5, 96, 24, 156, 73, 16, 50, 51, 152, 88,
       86, 32, 185, 62, 221, 238, 254, 63, 189, 221, 59, 183, 255, 253,
       249, 191, 126, 52, 95, 245, 247, 99, 243, 245, 126, 211, 119, 93,
       254, 231, 127, 122, 223, 245, 235, 223, 44, 87, 190, 218, 120,
       249, 125, 120, 93, 59, 47, 213, 53, 247, 111, 153, 172, 24, 13,
       240, 29, 156, 73, 16, 242, 115, 189, 122, 87, 40, 250, 173, 186,
       87, 231, 253, 248, 163, 252, 252, 221, 198, 127, 165, 31, 203,
       225, 235, 245, 137, 42, 229, 1, 174, 120, 111, 252, 56, 167, 254,
       75, 35, 255, 253, 101, 93, 178, 117, 243, 237, 52, 209, 84, 26,
       22, 197, 131, 248, 97, 152, 61, 92, 37, 240, 191, 156, 73, 20,
       240, 55, 173, 90, 87, 36, 250, 62, 253, 255, 246, 54, 191, 253,
       123, 255, 255, 255, 251, 255, 250, 252, 126, 246, 247, 127, 123,
       247, 127, 211, 247, 253, 238, 231, 255, 126, 223, 253, 235, 239,
       108, 86, 190, 223, 122, 249, 253, 218, 223, 255, 175, 211, 55,
       247, 111, 191, 174, 153, 79, 240, 29, 157, 93, 56, 246, 115, 255,
       251, 223, 42, 251, 13, 43, 119, 161, 144, 101, 32, 246, 104, 220,
       202, 21, 64, 181, 219, 226, 235, 204, 129, 96, 105, 128, 44, 144,
       79, 41, 32, 129, 193, 6, 58, 153, 112, 38, 117, 186, 16, 114, 5,
       84, 180, 84, 24, 22, 76, 134, 74, 196, 137, 45, 124, 52, 208, 31,
       133, 73, 128, 224, 1, 188, 76, 70, 32, 176, 63, 190, 253, 255, 63,
       189, 253, 125, 255, 255, 252, 249, 253, 123, 191, 93, 255, 255,
       99, 123, 245, 119, 211, 127, 253, 235, 229, 255, 126, 93, 245,
       239, 215, 44, 215, 190, 223, 120, 249, 125, 120, 95, 123, 47, 213,
       53, 247, 111, 185, 172, 24, 13, 240, 29, 156, 89, 16, 242, 51,
       189, 250, 215, 40, 254, 254, 249, 255, 244, 55, 183, 249, 122,
       247, 255, 245, 251, 255, 250, 180, 94, 246, 223, 127, 251, 247,
       127, 225, 255, 189, 250, 231, 255, 126, 253, 244, 255, 223, 111,
       182, 255, 223, 125, 249, 253, 218, 223, 255, 111, 251, 53, 211,
       111, 191, 191, 153, 207, 248, 61, 159, 93, 124, 247, 119, 223,
       251, 191, 173, 255, 187, 244, 124, 190, 63, 41, 93, 122, 119, 123,
       245, 251, 63, 202, 228, 93, 246, 214, 117, 241, 241, 190, 161,
       127, 230, 191, 243, 59, 219, 127, 253, 237, 219, 36, 28, 254, 214,
       117, 241, 245, 82, 207, 127, 15, 218, 21, 244, 79, 137, 167, 26,
       5, 232, 30, 158, 73, 152, 178, 191, 191, 29, 94, 162, 185, 13,
       182, 221, 125, 62, 177, 188, 112, 120, 186, 71, 217, 204, 119,
       169, 65, 234, 221, 33, 227, 197, 100, 67, 251, 205, 94, 181, 255,
       120, 15, 177, 98, 215, 36, 213, 186, 91, 120, 233, 117, 112, 92,
       58, 47, 213, 20, 247, 111, 153, 172, 24, 5, 240, 29, 156, 73, 16,
       242, 51, 189, 88, 87, 32, 250, 191, 244, 125, 253, 191, 189, 255,
       121, 255, 255, 253, 251, 255, 123, 244, 95, 243, 245, 127, 123,
       253, 127, 211, 127, 253, 255, 247, 255, 127, 127, 245, 255, 223,
       236, 158, 254, 254, 121, 249, 253, 126, 223, 251, 175, 215, 49,
       247, 127, 187, 191, 24, 15, 248, 157, 158, 93, 56, 246, 247, 159,
       251, 223, 46, 255, 61, 178, 253, 207, 190, 253, 191, 112, 252,
       255, 123, 219, 205, 127, 185, 69, 255, 255, 99, 107, 245, 39, 195,
       255, 201, 127, 181, 254, 92, 87, 247, 239, 223, 44, 85, 190, 91,
       120, 233, 117, 120, 92, 58, 47, 213, 53, 247, 111, 153, 172, 24,
       5, 240, 29, 156, 73, 16, 242, 51, 189, 88, 87, 32, 250, 191, 254,
       127, 237, 255, 253, 255, 249, 253, 255, 254, 251, 255, 125, 254,
       253, 243, 253, 127, 123, 253, 119, 251, 124, 237, 255, 253, 191,
       127, 87, 119, 255, 215, 108, 87, 190, 223, 121, 249, 245, 126, 92,
       122, 63, 213, 55, 247, 127, 153, 173, 24, 5, 240, 29, 159, 73, 16,
       246, 51, 189, 218, 87, 32, 254, 60, 189, 255, 255, 62, 255, 249,
       255, 253, 252, 222, 245, 255, 126, 187, 254, 251, 221, 227, 107,
       245, 127, 199, 247, 253, 234, 246, 191, 126, 221, 255, 239, 255,
       108, 85, 190, 223, 122, 249, 125, 248, 93, 255, 46, 213, 55, 243,
       111, 185, 172, 153, 13, 242, 29, 157, 77, 52, 242, 115, 191, 219,
       95, 32, 254, 124, 189, 255, 255, 54, 127, 249, 255, 255, 252, 255,
       255, 127, 254, 251, 254, 255, 223, 123, 107, 247, 127, 215, 247,
       253, 239, 246, 255, 127, 223, 246, 235, 255, 44, 85, 190, 215,
       122, 249, 125, 250, 93, 251, 46, 213, 55, 247, 111, 153, 172, 24,
       13, 240, 29, 156, 73, 16, 242, 115, 191, 91, 87, 34, 250, 59, 222,
       110, 239, 255, 245, 255, 200, 61, 255, 222, 255, 189, 127, 251,
       252, 251, 189, 185, 187, 253, 117, 223, 120, 125, 255, 121, 183,
       126, 247, 247, 255, 215, 225, 95, 17, 247, 251, 253, 62, 125, 93,
       107, 62, 213, 157, 255, 51, 189, 223, 24, 37, 245, 229, 156, 239,
       94, 222, 182, 173, 211, 95, 48, 254, 201, 205, 158, 220, 34, 91,
       252, 119, 51, 219, 37, 200, 22, 240, 38, 139, 141, 155, 252, 175,
       150, 125, 118, 243, 243, 119, 179, 246, 109, 103, 182, 99, 223,
       19, 176, 97, 211, 77, 254, 113, 112, 191, 255, 103, 191, 28, 119,
       238, 223, 170, 42, 215, 241, 125, 248, 206, 87, 223, 119, 255, 83,
       121, 217, 250, 124, 43, 247, 253, 50, 127, 243, 247, 189, 252,
       206, 149, 93, 245, 251, 238, 251, 221, 235, 110, 252, 237, 214,
       179, 221, 107, 180, 244, 105, 198, 126, 251, 255, 33, 119, 186,
       87, 122, 249, 124, 252, 93, 56, 54, 253, 167, 227, 110, 153, 172,
