%YAML:1.0
descriptors: !!opencv-matrix
   rows: 160
   cols: 64
   dt: u
   data: [ 191, 253, 255, 255, 183, 253, 253, 255, 255, 223, 253, 254,
       255, 254, 255, 255, 255, 255, 254, 255, 63, 255, 247, 255, 255,
       247, 247, 251, 255, 255, 254, 187, 239, 222, 255, 207, 255, 253,
       250, 251, 127, 253, 247, 253, 191, 191, 255, 191, 255, 219, 191,
       255, 254, 231, 254, 247, 127, 223, 252, 111, 247, 249, 221, 254,
       60, 176, 125, 190, 62, 117, 189, 124, 245, 252, 221, 245, 125,
       127, 180, 84, 251, 220, 67, 99, 245, 114, 193, 118, 205, 170, 228,
       155, 122, 221, 117, 235, 215, 36, 87, 190, 215, 120, 233, 125,
       120, 93, 123, 47, 212, 53, 247, 111, 153, 172, 24, 5, 240, 29,
       156, 73, 16, 242, 51, 189, 90, 87, 32, 250, 62, 53, 125, 252, 62,
       63, 125, 123, 245, 252, 245, 179, 125, 122, 180, 87, 242, 252, 99,
       99, 245, 126, 208, 119, 221, 187, 247, 155, 122, 221, 117, 235,
       215, 44, 86, 190, 214, 120, 241, 125, 120, 95, 59, 47, 212, 53,
       245, 111, 153, 172, 24, 13, 240, 29, 157, 73, 16, 242, 115, 189,
       90, 87, 40, 250, 54, 49, 121, 150, 22, 5, 29, 111, 198, 70, 145,
       48, 125, 74, 148, 86, 242, 212, 3, 97, 195, 34, 193, 39, 140, 138,
       164, 9, 82, 8, 112, 105, 210, 36, 20, 190, 66, 120, 129, 84, 112,
       74, 56, 15, 208, 20, 197, 78, 153, 172, 24, 5, 112, 29, 156, 73,
       16, 242, 51, 189, 88, 86, 32, 250, 61, 55, 117, 142, 50, 45, 53,
       127, 231, 84, 223, 53, 125, 126, 188, 68, 243, 244, 67, 96, 241,
       34, 209, 247, 92, 168, 164, 25, 114, 156, 125, 233, 198, 44, 71,
       190, 210, 122, 201, 124, 120, 93, 24, 175, 212, 52, 229, 110, 153,
       172, 24, 13, 240, 29, 156, 73, 16, 242, 51, 189, 90, 87, 40, 250,
       60, 243, 125, 174, 55, 49, 185, 126, 118, 220, 245, 177, 109, 26,
       181, 83, 242, 212, 65, 99, 225, 32, 193, 115, 204, 168, 224, 137,
       83, 12, 113, 233, 246, 36, 84, 186, 82, 120, 129, 245, 242, 94,
       56, 15, 208, 21, 209, 78, 153, 172, 24, 5, 240, 29, 156, 73, 16,
       242, 51, 156, 88, 86, 34, 251, 61, 36, 116, 172, 19, 101, 45, 77,
       180, 92, 200, 53, 125, 47, 189, 84, 251, 252, 67, 96, 241, 34,
       209, 118, 92, 188, 164, 9, 82, 156, 113, 233, 197, 36, 71, 190,
       82, 120, 137, 124, 120, 92, 24, 175, 212, 85, 246, 111, 153, 172,
       24, 5, 240, 29, 156, 73, 16, 242, 51, 188, 90, 87, 32, 250, 61,
       51, 125, 180, 55, 53, 57, 126, 214, 92, 215, 53, 125, 26, 177, 87,
       242, 212, 67, 96, 241, 114, 192, 247, 140, 168, 228, 153, 122, 92,
       117, 233, 223, 44, 213, 190, 214, 120, 129, 117, 248, 93, 31, 14,
       208, 37, 193, 78, 154, 172, 25, 5, 242, 29, 156, 73, 16, 178, 51,
       188, 88, 22, 36, 251, 28, 50, 93, 166, 54, 57, 185, 120, 214, 156,
       214, 117, 125, 50, 144, 82, 242, 212, 67, 97, 193, 32, 193, 118,
       141, 136, 160, 139, 82, 12, 113, 233, 245, 36, 84, 186, 86, 122,
       129, 244, 208, 92, 24, 14, 208, 22, 192, 111, 153, 172, 24, 5,
       240, 29, 157, 73, 16, 242, 51, 188, 88, 86, 34, 251, 63, 36, 109,
       168, 31, 189, 37, 104, 181, 86, 222, 52, 125, 62, 189, 116, 243,
       252, 67, 96, 241, 114, 208, 116, 92, 188, 164, 9, 82, 222, 121,
       233, 213, 44, 71, 190, 82, 120, 137, 124, 120, 93, 28, 47, 212,
       53, 244, 111, 153, 172, 24, 5, 240, 29, 156, 73, 16, 242, 51, 188,
       88, 87, 32, 250, 62, 48, 125, 164, 63, 53, 57, 125, 212, 94, 215,
       53, 109, 30, 177, 85, 242, 212, 67, 96, 241, 50, 193, 118, 140,
       168, 228, 153, 90, 92, 117, 233, 213, 44, 213, 190, 86, 120, 129,
       117, 88, 93, 23, 14, 208, 53, 224, 79, 154, 172, 25, 5, 242, 29,
       156, 73, 16, 178, 51, 184, 88, 87, 36, 248, 13, 50, 101, 160, 28,
       177, 161, 120, 116, 124, 194, 53, 109, 59, 177, 65, 226, 244, 1,
       96, 225, 96, 137, 112, 76, 168, 32, 9, 126, 12, 49, 235, 117, 36,
       85, 186, 82, 112, 9, 116, 84, 84, 26, 14, 64, 132, 192, 77, 153,
       44, 24, 5, 240, 29, 156, 73, 16, 242, 51, 156, 88, 87, 32, 248,
       45, 54, 117, 162, 159, 189, 37, 120, 244, 124, 198, 115, 237, 63,
       176, 69, 226, 244, 67, 96, 241, 66, 152, 116, 76, 184, 40, 139,
       126, 88, 113, 235, 221, 100, 84, 186, 82, 120, 41, 116, 92, 84,
       26, 15, 80, 1, 244, 77, 152, 44, 24, 4, 240, 29, 159, 73, 24, 242,
       51, 156, 90, 87, 36, 248, 62, 182, 125, 170, 55, 253, 149, 121,
       247, 214, 223, 244, 125, 63, 253, 214, 255, 246, 67, 249, 245,
       114, 209, 118, 253, 189, 229, 89, 126, 222, 245, 233, 221, 108,
       199, 190, 222, 120, 233, 124, 124, 93, 57, 175, 212, 245, 244,
       111, 187, 172, 153, 13, 242, 29, 158, 93, 56, 242, 59, 189, 123,
       223, 44, 250, 62, 49, 125, 190, 54, 189, 125, 127, 215, 70, 213,
       180, 125, 118, 189, 86, 246, 214, 67, 240, 241, 114, 209, 215,
       156, 168, 228, 217, 98, 252, 253, 232, 207, 44, 7, 190, 206, 120,
       193, 125, 56, 219, 21, 47, 244, 117, 167, 78, 187, 174, 137, 15,
       242, 29, 28, 81, 56, 243, 123, 185, 123, 215, 106, 251, 62, 245,
       125, 252, 62, 61, 253, 123, 247, 254, 253, 241, 127, 126, 244, 95,
       243, 214, 103, 123, 247, 124, 209, 119, 253, 190, 231, 219, 123,
       255, 245, 235, 215, 44, 86, 190, 218, 120, 249, 245, 122, 223,
       251, 47, 212, 21, 247, 111, 153, 172, 24, 5, 240, 29, 156, 73, 16,
       242, 115, 191, 90, 87, 42, 251, 60, 254, 125, 174, 55, 125, 177,
       249, 253, 220, 254, 245, 125, 62, 253, 229, 243, 212, 71, 105,
       245, 82, 165, 116, 109, 189, 165, 153, 127, 95, 127, 251, 244,
       100, 85, 186, 86, 122, 169, 244, 254, 95, 126, 62, 212, 183, 210,
       108, 153, 173, 30, 5, 250, 29, 159, 77, 16, 242, 59, 188, 91, 95,
       34, 249, 191, 245, 125, 254, 55, 61, 93, 27, 247, 214, 253, 248,
       127, 59, 244, 127, 247, 246, 102, 123, 55, 114, 241, 119, 253,
       191, 229, 89, 115, 58, 244, 169, 194, 44, 22, 254, 218, 120, 209,
       253, 114, 223, 57, 175, 214, 22, 245, 110, 153, 172, 26, 13, 248,
       29, 159, 77, 16, 242, 115, 189, 91, 86, 42, 251, 124, 187, 255,
       253, 114, 255, 249, 119, 253, 252, 214, 189, 95, 255, 187, 254,
       251, 221, 251, 111, 245, 125, 199, 247, 223, 123, 246, 255, 125,
       214, 246, 235, 223, 38, 85, 190, 87, 122, 249, 124, 120, 93, 187,
       47, 213, 181, 247, 111, 189, 172, 153, 69, 240, 29, 156, 77, 22,
       246, 115, 191, 90, 87, 33, 250, 76, 33, 97, 128, 16, 7, 33, 231,
       128, 70, 193, 52, 81, 134, 147, 66, 202, 84, 3, 100, 9, 128, 196,
       128, 12, 136, 172, 9, 192, 140, 48, 8, 112, 36, 21, 186, 0, 112,
       1, 84, 16, 64, 20, 14, 64, 20, 64, 76, 25, 44, 16, 4, 112, 28,
       132, 73, 144, 224, 33, 184, 76, 70, 32, 240, 252, 59, 247, 245,
       118, 255, 251, 255, 253, 255, 210, 191, 255, 254, 251, 238, 251,
       221, 251, 111, 127, 255, 238, 191, 159, 251, 190, 191, 127, 223,
       118, 191, 115, 39, 119, 255, 214, 127, 253, 124, 252, 125, 243,
       62, 207, 175, 75, 246, 159, 173, 255, 245, 243, 191, 157, 93, 192,
       252, 99, 255, 95, 70, 49, 246, 45, 14, 239, 168, 54, 253, 165,
       118, 181, 254, 198, 149, 89, 61, 185, 199, 137, 124, 227, 107,
       244, 114, 222, 243, 89, 57, 132, 146, 124, 212, 49, 203, 221, 0,
       215, 168, 87, 120, 233, 60, 124, 61, 58, 175, 212, 161, 119, 107,
       187, 172, 152, 13, 240, 29, 156, 92, 54, 226, 51, 189, 202, 215,
       40, 250, 253, 58, 247, 53, 220, 162, 43, 252, 200, 63, 210, 63,
       239, 199, 147, 90, 242, 197, 59, 102, 233, 133, 203, 189, 206,
       202, 252, 175, 210, 13, 99, 239, 83, 37, 84, 191, 82, 52, 229,
       118, 88, 68, 24, 142, 201, 25, 201, 213, 156, 172, 24, 1, 241, 62,
       156, 73, 64, 254, 51, 189, 92, 86, 48, 252, 126, 48, 121, 183,
       254, 167, 27, 105, 198, 103, 209, 60, 253, 138, 144, 86, 242, 215,
       26, 117, 171, 179, 195, 60, 140, 202, 238, 255, 82, 185, 245, 239,
       67, 173, 20, 191, 202, 121, 161, 87, 24, 72, 117, 9, 211, 28, 225,
       63, 159, 174, 24, 7, 96, 60, 156, 113, 80, 178, 51, 185, 120, 22,
       48, 246, 12, 2, 1, 176, 0, 98, 32, 70, 0, 170, 194, 5, 65, 4, 155,
