%YAML:1.0
descriptors: !!opencv-matrix
   rows: 145
   cols: 64
   dt: u
   data: [ 61, 182, 117, 166, 63, 125, 49, 127, 244, 124, 214, 117, 125,
       63, 190, 84, 250, 220, 67, 96, 241, 34, 209, 118, 92, 168, 164,
       139, 90, 220, 113, 235, 215, 36, 85, 190, 83, 120, 233, 124, 120,
       92, 56, 47, 212, 53, 247, 111, 153, 172, 24, 5, 240, 29, 156, 73,
       16, 242, 51, 189, 90, 87, 32, 250, 63, 54, 253, 182, 62, 127, 187,
       127, 245, 254, 222, 53, 125, 63, 187, 246, 251, 244, 67, 98, 245,
       115, 213, 54, 221, 169, 228, 155, 122, 223, 127, 235, 247, 44, 85,
       190, 214, 122, 233, 124, 248, 93, 121, 46, 212, 55, 225, 111, 153,
       172, 24, 13, 240, 29, 156, 73, 16, 242, 51, 189, 90, 87, 40, 250,
       63, 247, 253, 255, 255, 253, 255, 121, 255, 127, 221, 249, 253,
       127, 188, 93, 251, 247, 123, 98, 247, 127, 219, 127, 253, 255,
       247, 255, 127, 255, 255, 239, 215, 238, 95, 190, 214, 249, 249,
       127, 125, 95, 255, 239, 245, 53, 255, 127, 189, 190, 152, 79, 242,
       29, 156, 93, 56, 246, 243, 191, 250, 223, 169, 254, 26, 48, 17,
       182, 63, 224, 24, 47, 66, 160, 83, 53, 32, 198, 129, 82, 63, 134,
       0, 211, 139, 40, 237, 11, 136, 138, 226, 143, 18, 41, 165, 110,
       49, 165, 117, 50, 45, 210, 194, 87, 1, 64, 197, 74, 234, 5, 201,
       107, 202, 102, 81, 199, 102, 2, 52, 233, 192, 51, 147, 243, 9, 6,
       176, 38, 212, 50, 87, 5, 248, 49, 170, 241, 66, 184, 194, 51, 228,
       83, 131, 80, 118, 139, 203, 66, 217, 160, 15, 220, 138, 40, 236,
       203, 192, 12, 225, 254, 121, 37, 68, 190, 92, 178, 1, 212, 216,
       70, 16, 30, 192, 167, 138, 77, 169, 109, 24, 1, 112, 30, 157, 73,
       6, 240, 19, 148, 92, 6, 32, 117, 69, 37, 131, 16, 216, 226, 38,
       118, 192, 40, 194, 37, 64, 198, 131, 3, 105, 41, 91, 214, 249,
       175, 95, 135, 146, 106, 220, 196, 192, 4, 160, 64, 75, 43, 69,
       175, 25, 32, 69, 76, 120, 32, 16, 142, 69, 121, 39, 198, 56, 44,
       8, 64, 241, 124, 88, 195, 70, 184, 7, 177, 40, 114, 240, 74, 210,
       201, 130, 95, 71, 66, 94, 143, 134, 161, 189, 170, 58, 198, 6, 30,
       109, 19, 60, 215, 14, 175, 231, 7, 82, 215, 251, 111, 3, 186, 134,
       40, 138, 63, 36, 223, 74, 13, 246, 254, 50, 234, 181, 107, 159,
       92, 173, 190, 197, 162, 82, 197, 121, 122, 52, 227, 209, 255, 113,
       123, 60, 116, 147, 203, 199, 237, 138, 121, 1, 74, 214, 133, 41,
       227, 15, 238, 18, 134, 238, 219, 137, 57, 180, 143, 15, 185, 126,
       10, 101, 215, 147, 35, 3, 43, 7, 3, 151, 147, 113, 67, 48, 205,
       238, 50, 96, 61, 108, 113, 183, 92, 125, 176, 221, 202, 106, 119,
       213, 71, 112, 238, 147, 217, 160, 103, 29, 121, 209, 202, 141,
       238, 214, 73, 185, 249, 166, 244, 57, 145, 142, 255, 144, 55, 235,
       233, 203, 169, 169, 11, 229, 1, 110, 208, 97, 125, 25, 163, 237,
       79, 3, 87, 157, 66, 85, 162, 85, 217, 237, 52, 117, 61, 58, 55,
       85, 149, 127, 225, 153, 253, 45, 53, 213, 77, 200, 72, 54, 200,
       134, 165, 88, 91, 37, 90, 199, 237, 138, 56, 1, 90, 92, 2, 3, 131,
       5, 234, 146, 130, 6, 26, 13, 11, 52, 215, 7, 213, 67, 67, 227, 87,
       243, 239, 65, 38, 134, 32, 142, 24, 129, 207, 11, 12, 234, 99, 96,
       186, 181, 105, 183, 93, 183, 47, 211, 234, 32, 215, 229, 69, 120,
       242, 19, 155, 17, 113, 53, 241, 217, 74, 135, 205, 88, 220, 35,
       88, 92, 2, 43, 199, 45, 202, 158, 127, 100, 223, 141, 255, 52,
       111, 6, 116, 112, 99, 101, 215, 179, 123, 53, 43, 22, 33, 146, 16,
       84, 202, 66, 121, 250, 114, 112, 158, 40, 105, 183, 28, 245, 47,
       209, 173, 16, 5, 248, 85, 190, 79, 16, 210, 48, 61, 89, 85, 32,
       250, 131, 141, 147, 171, 1, 72, 165, 142, 59, 208, 14, 237, 48,
       30, 235, 185, 239, 182, 161, 3, 68, 33, 230, 98, 101, 213, 81,
       105, 51, 42, 3, 123, 149, 4, 81, 176, 49, 88, 233, 124, 97, 29,
       56, 33, 213, 20, 245, 108, 153, 172, 25, 5, 240, 5, 252, 65, 48,
       242, 54, 173, 24, 87, 36, 90, 122, 201, 154, 222, 98, 79, 92, 39,
       31, 198, 29, 220, 23, 238, 124, 222, 191, 211, 124, 47, 6, 61,
       225, 35, 123, 215, 179, 61, 83, 235, 158, 41, 214, 55, 61, 219,
       130, 109, 250, 125, 50, 255, 245, 107, 191, 28, 245, 110, 213,
       160, 114, 213, 170, 29, 180, 207, 217, 255, 122, 251, 89, 125,
       147, 250, 23, 144, 145, 166, 1, 192, 160, 78, 2, 128, 6, 69, 0, 6,
       139, 16, 111, 198, 129, 2, 192, 41, 198, 67, 172, 200, 112, 77,
       18, 40, 131, 111, 149, 160, 121, 146, 48, 194, 73, 68, 33, 20, 24,
       96, 37, 20, 117, 110, 216, 52, 121, 5, 176, 0, 188, 105, 0, 18,
       34, 169, 16, 71, 52, 250, 68, 11, 150, 154, 65, 155, 166, 114, 45,
       208, 42, 131, 128, 187, 201, 38, 227, 145, 169, 70, 197, 39, 195,
       115, 65, 93, 153, 44, 16, 14, 130, 67, 223, 5, 85, 187, 16, 88,
       237, 116, 112, 92, 56, 39, 117, 156, 119, 111, 153, 172, 56, 5,
       241, 29, 152, 203, 18, 250, 51, 181, 88, 71, 33, 250, 197, 39, 17,
       16, 0, 0, 12, 66, 66, 2, 1, 2, 192, 193, 0, 3, 4, 9, 36, 197, 11,
       164, 1, 194, 196, 22, 179, 232, 0, 44, 128, 0, 82, 20, 68, 138, 8,
       40, 2, 66, 36, 0, 56, 169, 179, 88, 182, 15, 16, 232, 32, 71, 32,
       24, 88, 9, 7, 51, 17, 49, 8, 113, 97, 42, 3, 210, 0, 162, 221,
       168, 38, 72, 32, 89, 128, 99, 160, 83, 132, 17, 66, 5, 133, 16,
       192, 36, 8, 64, 36, 144, 65, 1, 150, 40, 1, 1, 22, 192, 216, 144,
       32, 72, 9, 165, 197, 130, 26, 65, 64, 1, 244, 67, 64, 55, 16, 36,
       96, 128, 235, 41, 6, 2, 150, 132, 0, 87, 180, 25, 80, 16, 17, 22,
       136, 128, 10, 64, 66, 42, 3, 4, 0, 130, 129, 19, 102, 70, 4, 64,
       138, 168, 44, 8, 140, 136, 226, 75, 18, 8, 161, 126, 112, 164, 60,
       59, 0, 230, 1, 198, 128, 64, 4, 10, 34, 12, 136, 20, 0, 36, 80,
       36, 36, 26, 4, 65, 128, 50, 1, 48, 12, 6, 32, 161, 129, 136, 138,
       3, 33, 144, 148, 140, 24, 145, 132, 206, 162, 20, 34, 9, 12, 9,
       160, 155, 196, 5, 74, 65, 33, 82, 16, 38, 4, 33, 3, 66, 159, 144,
       81, 32, 51, 137, 234, 32, 112, 60, 40, 33, 181, 85, 53, 99, 25,
       202, 40, 53, 245, 69, 248, 226, 19, 211, 182, 165, 0, 113, 128,
       74, 12, 143, 143, 137, 0, 213, 164, 103, 41, 214, 10, 142, 208,
       180, 187, 10, 139, 25, 225, 110, 148, 85, 82, 209, 89, 117, 20,
       164, 0, 198, 50, 131, 199, 16, 67, 160, 17, 200, 232, 40, 48, 61,
       52, 37, 117, 148, 119, 227, 155, 136, 168, 61, 179, 77, 24, 88,
       23, 202, 27, 165, 65, 219, 73, 226, 4, 137, 130, 33, 1, 128, 160,
       64, 8, 129, 7, 70, 130, 18, 129, 1, 8, 9, 33, 199, 129, 5, 67, 81,
       65, 26, 24, 167, 64, 6, 0, 2, 151, 16, 81, 138, 17, 8, 233, 0,
       225, 52, 48, 0, 225, 85, 51, 43, 25, 172, 40, 5, 241, 5, 88, 72,
       18, 211, 19, 165, 0, 115, 96, 74, 70, 34, 131, 129, 200, 146, 2,
       133, 10, 35, 3, 6, 208, 132, 11, 2, 8, 9, 24, 132, 137, 133, 74,
       137, 138, 80, 152, 230, 128, 140, 145, 2, 81, 145, 85, 43, 8, 238,
       39, 66, 160, 0, 0, 8, 5, 140, 136, 145, 87, 76, 8, 246, 23, 121,
       16, 170, 70, 77, 16, 48, 76, 48, 80, 102, 2, 140, 136, 10, 3, 152,
       6, 1, 41, 66, 15, 200, 144, 52, 44, 15, 137, 49, 32, 145, 132, 85,
       90, 65, 81, 84, 25, 36, 32, 178, 1, 0, 135, 144, 67, 0, 33, 72,
       234, 42, 32, 189, 36, 33, 21, 84, 53, 35, 17, 200, 168, 12, 183,
       65, 120, 178, 59, 67, 146, 181, 1, 249, 72, 74, 133, 203, 206,
       201, 32, 219, 240, 246, 57, 209, 7, 206, 138, 55, 207, 169, 137,
       221, 57, 111, 132, 69, 194, 113, 107, 87, 25, 54, 125, 11, 18, 35,
       151, 80, 209, 138, 83, 91, 249, 48, 240, 61, 56, 55, 213, 132,
       117, 235, 155, 173, 61, 21, 241, 13, 154, 76, 16, 214, 50, 173,
       80, 81, 36, 250, 195, 5, 0, 54, 205, 2, 12, 142, 2, 33, 41, 3, 2,
       193, 2, 17, 100, 2, 36, 212, 74, 168, 160, 2, 66, 139, 227, 72,
       146, 32, 128, 5, 50, 167, 16, 17, 1, 4, 6, 198, 1, 98, 24, 203,
       200, 24, 201, 148, 64, 4, 80, 4, 4, 2, 4, 171, 129, 48, 1, 16, 4,
       100, 144, 40, 7, 231, 64, 40, 17, 136, 6, 0, 33, 2, 137, 234, 128,
