%YAML:1.0
descriptors: !!opencv-matrix
   rows: 136
   cols: 64
   dt: u
   data: [ 60, 190, 253, 255, 63, 253, 249, 125, 253, 252, 222, 253, 253,
       127, 191, 252, 255, 254, 227, 123, 245, 126, 211, 255, 253, 171,
       230, 251, 126, 213, 247, 239, 223, 108, 87, 190, 255, 122, 249,
       125, 248, 93, 251, 47, 212, 55, 247, 111, 185, 172, 152, 13, 240,
       29, 156, 93, 54, 242, 119, 189, 251, 95, 40, 254, 191, 244, 125,
       255, 255, 189, 255, 120, 255, 255, 252, 249, 255, 123, 180, 125,
       242, 247, 127, 123, 253, 115, 251, 126, 237, 235, 231, 255, 127,
       125, 253, 239, 247, 236, 150, 254, 246, 121, 249, 253, 250, 223,
       123, 47, 209, 23, 247, 127, 153, 172, 26, 5, 248, 29, 159, 77, 24,
       246, 51, 189, 218, 223, 42, 255, 255, 252, 125, 238, 127, 255,
       127, 125, 255, 125, 253, 249, 111, 63, 244, 253, 243, 245, 127,
       121, 245, 123, 189, 63, 253, 239, 237, 191, 127, 91, 125, 255,
       241, 109, 190, 255, 210, 115, 249, 247, 95, 223, 123, 191, 213,
       159, 244, 111, 141, 181, 94, 13, 232, 61, 159, 77, 216, 246, 123,
       158, 219, 94, 46, 189, 252, 190, 247, 165, 251, 127, 161, 251,
       253, 253, 238, 119, 255, 191, 251, 236, 243, 221, 255, 102, 117,
       135, 158, 117, 127, 236, 60, 143, 254, 207, 122, 255, 245, 101,
       87, 251, 86, 118, 237, 252, 223, 85, 90, 22, 77, 167, 248, 229,
       141, 45, 92, 21, 240, 31, 141, 73, 16, 252, 35, 188, 90, 79, 34,
       248, 62, 255, 125, 255, 191, 189, 221, 105, 255, 255, 255, 250,
       253, 126, 253, 220, 243, 215, 102, 123, 247, 126, 147, 126, 253,
       223, 243, 59, 126, 251, 127, 255, 215, 236, 221, 158, 246, 123,
       251, 127, 115, 223, 233, 125, 247, 151, 253, 63, 155, 191, 17, 13,
       250, 149, 191, 125, 16, 242, 251, 255, 251, 223, 168, 190, 212,
       41, 155, 213, 98, 67, 218, 230, 74, 163, 85, 158, 211, 196, 147,
       122, 255, 145, 122, 71, 14, 173, 230, 131, 143, 219, 182, 110, 65,
       142, 54, 58, 243, 55, 37, 251, 18, 109, 230, 94, 80, 104, 181,
       110, 187, 28, 137, 190, 221, 172, 58, 215, 241, 95, 20, 67, 209,
       250, 49, 121, 93, 116, 145, 250, 252, 249, 255, 253, 247, 255,
       251, 254, 253, 253, 254, 191, 255, 254, 255, 254, 251, 213, 123,
       111, 127, 159, 238, 63, 111, 239, 190, 63, 255, 223, 126, 191,
       243, 39, 117, 251, 82, 127, 253, 244, 250, 223, 120, 62, 223, 158,
       73, 182, 157, 173, 94, 133, 248, 63, 157, 77, 208, 244, 43, 189,
       93, 78, 34, 251, 127, 63, 247, 179, 223, 167, 167, 120, 236, 239,
       210, 55, 255, 239, 187, 86, 250, 245, 99, 102, 253, 39, 195, 119,
       94, 254, 188, 47, 82, 158, 115, 171, 215, 36, 85, 187, 82, 120,
       237, 124, 112, 92, 56, 47, 213, 20, 245, 111, 153, 172, 24, 5,
       240, 29, 156, 73, 16, 242, 51, 189, 88, 87, 32, 250, 255, 249,
       255, 183, 255, 247, 159, 248, 238, 231, 253, 250, 239, 206, 178,
       127, 251, 213, 63, 119, 79, 167, 131, 117, 206, 223, 249, 47, 210,
       26, 114, 59, 211, 37, 85, 191, 82, 121, 233, 116, 112, 92, 56, 47,
       213, 28, 245, 63, 153, 172, 24, 5, 240, 29, 156, 73, 16, 242, 51,
       189, 88, 87, 32, 250, 252, 249, 255, 253, 114, 127, 253, 247, 31,
       255, 125, 159, 95, 252, 255, 254, 255, 221, 123, 111, 62, 189,
       230, 187, 255, 255, 183, 255, 85, 207, 126, 187, 243, 55, 117,
       251, 214, 127, 255, 117, 114, 253, 245, 127, 255, 158, 253, 190,
       223, 173, 126, 213, 248, 127, 148, 79, 209, 254, 121, 255, 93, 92,
       19, 246, 254, 254, 127, 247, 255, 191, 223, 249, 255, 255, 253,
       250, 255, 250, 244, 253, 242, 213, 127, 127, 127, 223, 179, 125,
       255, 254, 255, 63, 255, 91, 126, 191, 242, 109, 158, 223, 210,
       127, 253, 247, 219, 223, 251, 63, 219, 142, 220, 21, 143, 189, 22,
       133, 232, 191, 159, 127, 80, 246, 121, 159, 223, 31, 58, 189, 254,
       48, 251, 179, 222, 103, 31, 207, 230, 239, 209, 62, 255, 238, 179,
       94, 251, 213, 35, 102, 73, 135, 195, 53, 206, 223, 253, 47, 210,
       158, 114, 171, 215, 44, 85, 191, 82, 120, 233, 116, 112, 92, 56,
       47, 213, 28, 245, 109, 153, 172, 24, 5, 240, 29, 156, 73, 16, 242,
       51, 189, 88, 87, 32, 250, 250, 248, 255, 239, 254, 253, 223, 169,
       223, 255, 254, 255, 255, 62, 127, 252, 255, 215, 122, 187, 253,
       117, 207, 124, 189, 223, 251, 255, 95, 251, 255, 255, 247, 237,
       253, 117, 254, 255, 252, 119, 115, 93, 231, 124, 151, 158, 253,
       51, 255, 223, 159, 231, 255, 229, 188, 255, 214, 255, 254, 251,
       247, 223, 122, 182, 220, 249, 255, 253, 114, 119, 253, 255, 157,
       255, 253, 155, 87, 240, 251, 202, 187, 221, 251, 111, 62, 189,
       230, 187, 175, 255, 183, 246, 93, 231, 54, 191, 247, 19, 61, 251,
       215, 253, 254, 117, 122, 111, 247, 126, 191, 189, 91, 254, 255,
       171, 126, 247, 217, 255, 180, 206, 213, 255, 121, 207, 127, 125,
       145, 183, 255, 249, 255, 247, 255, 243, 253, 254, 254, 255, 249,
       251, 255, 206, 179, 255, 251, 213, 63, 103, 237, 133, 231, 61, 79,
       223, 187, 47, 211, 15, 114, 187, 247, 37, 85, 251, 82, 125, 237,
       116, 112, 92, 56, 63, 221, 28, 245, 255, 153, 172, 24, 5, 240, 29,
       156, 73, 16, 242, 51, 189, 92, 87, 32, 250, 243, 48, 221, 151,
       255, 130, 91, 56, 94, 37, 151, 122, 175, 251, 2, 80, 118, 215, 28,
       247, 203, 173, 203, 124, 142, 202, 248, 127, 210, 57, 245, 111,
       215, 173, 20, 255, 74, 121, 165, 215, 208, 216, 73, 15, 193, 28,
       201, 23, 157, 230, 24, 5, 116, 188, 156, 235, 80, 254, 179, 189,
       216, 23, 48, 255, 250, 216, 218, 255, 255, 241, 223, 172, 95, 255,
       125, 249, 191, 78, 55, 222, 253, 215, 56, 187, 204, 125, 239, 125,
       173, 215, 251, 127, 95, 123, 247, 239, 215, 237, 189, 119, 254,
       253, 250, 119, 113, 206, 231, 109, 151, 28, 253, 59, 159, 222, 30,
       135, 252, 181, 188, 255, 208, 247, 190, 255, 253, 95, 176, 246,
       252, 123, 255, 249, 50, 127, 241, 255, 253, 252, 254, 189, 127,
       254, 251, 238, 251, 220, 251, 111, 127, 255, 254, 191, 223, 239,
       182, 177, 253, 223, 126, 191, 251, 71, 119, 255, 214, 247, 245,
       124, 254, 117, 243, 54, 127, 167, 75, 246, 175, 45, 255, 253, 250,
       191, 143, 93, 228, 252, 107, 223, 223, 142, 43, 182, 126, 48, 255,
       179, 223, 167, 23, 127, 230, 100, 213, 54, 253, 238, 179, 86, 251,
       213, 99, 102, 249, 167, 195, 119, 222, 248, 252, 47, 82, 156, 115,
       235, 215, 36, 85, 190, 82, 120, 233, 116, 112, 92, 56, 47, 213,
       20, 245, 111, 153, 172, 24, 5, 240, 29, 156, 73, 16, 242, 51, 189,
       88, 87, 32, 250, 205, 219, 247, 245, 120, 255, 255, 250, 189, 253,
       238, 223, 207, 253, 218, 235, 171, 221, 255, 111, 246, 45, 234,
       251, 111, 127, 183, 182, 124, 71, 54, 255, 223, 115, 125, 57, 85,
       255, 254, 53, 125, 124, 251, 119, 239, 175, 255, 235, 172, 185,
       60, 247, 241, 255, 159, 76, 87, 222, 119, 239, 219, 127, 133, 254,
       62, 245, 125, 254, 55, 189, 93, 121, 247, 71, 253, 250, 255, 123,
       244, 95, 243, 246, 102, 123, 55, 126, 145, 119, 253, 183, 231, 57,
       123, 190, 244, 185, 210, 108, 150, 158, 202, 120, 243, 253, 126,
       219, 189, 237, 212, 116, 245, 111, 155, 175, 144, 15, 104, 29,
       222, 93, 56, 242, 115, 191, 121, 215, 168, 187, 254, 184, 255,
       151, 255, 149, 159, 248, 206, 231, 209, 250, 255, 234, 178, 94,
       251, 213, 39, 99, 207, 167, 195, 124, 206, 223, 253, 47, 210, 15,
       115, 107, 215, 36, 85, 191, 82, 120, 233, 118, 112, 92, 56, 47,
       213, 28, 245, 63, 153, 172, 24, 5, 240, 29, 156, 73, 16, 242, 51,
       189, 88, 87, 32, 250, 60, 58, 255, 253, 50, 125, 249, 255, 253,
       254, 222, 181, 93, 190, 251, 230, 251, 220, 195, 107, 253, 242,
       214, 182, 221, 168, 164, 153, 124, 223, 127, 251, 121, 12, 71,
       254, 215, 122, 217, 125, 252, 93, 247, 62, 246, 167, 195, 111,
       191, 173, 191, 143, 242, 29, 157, 93, 36, 242, 123, 252, 251, 158,
       42, 246, 60, 58, 255, 253, 58, 125, 185, 255, 253, 254, 198, 181,
