%YAML:1.0
descriptors: !!opencv-matrix
   rows: 137
   cols: 64
   dt: u
   data: [ 63, 179, 253, 246, 63, 181, 255, 120, 246, 254, 222, 247, 253,
       126, 177, 87, 251, 215, 67, 99, 245, 119, 195, 119, 205, 254, 244,
       223, 90, 92, 245, 235, 215, 44, 85, 190, 82, 120, 233, 116, 120,
       93, 56, 47, 213, 21, 247, 111, 153, 172, 24, 5, 240, 29, 156, 73,
       16, 242, 51, 189, 88, 87, 32, 250, 63, 50, 253, 182, 63, 55, 61,
       122, 246, 254, 222, 51, 253, 126, 179, 87, 243, 213, 67, 99, 241,
       54, 193, 119, 204, 254, 244, 27, 90, 92, 117, 235, 215, 36, 85,
       190, 82, 120, 233, 116, 112, 92, 56, 47, 213, 20, 245, 111, 153,
       172, 24, 5, 240, 29, 156, 73, 16, 242, 51, 189, 88, 87, 32, 250,
       221, 234, 223, 95, 234, 219, 244, 226, 123, 177, 125, 223, 222,
       247, 238, 234, 239, 155, 185, 235, 207, 221, 203, 251, 235, 95,
       153, 254, 237, 79, 151, 110, 223, 247, 113, 122, 95, 221, 255,
       118, 119, 189, 233, 55, 253, 156, 255, 235, 223, 237, 41, 247,
       245, 95, 154, 207, 95, 255, 187, 253, 89, 125, 65, 254, 255, 217,
       255, 255, 255, 253, 255, 252, 191, 255, 125, 223, 159, 254, 255,
       254, 255, 255, 255, 111, 254, 255, 254, 127, 127, 255, 183, 127,
       255, 251, 127, 191, 215, 255, 255, 255, 247, 253, 255, 127, 123,
       253, 255, 127, 255, 190, 253, 183, 255, 157, 255, 253, 253, 255,
       190, 255, 241, 254, 123, 255, 255, 255, 191, 254, 51, 181, 216,
       222, 63, 221, 221, 9, 119, 242, 21, 244, 189, 126, 44, 85, 253,
       178, 32, 179, 197, 118, 211, 103, 245, 214, 241, 127, 58, 251,
       213, 99, 151, 44, 215, 182, 250, 88, 234, 125, 112, 93, 109, 45,
       149, 84, 245, 111, 153, 174, 24, 15, 242, 29, 220, 89, 16, 243,
       50, 189, 121, 219, 40, 218, 60, 53, 255, 168, 18, 39, 37, 127,
       213, 206, 252, 177, 125, 170, 179, 78, 243, 220, 99, 101, 113,
       148, 212, 183, 220, 169, 164, 137, 67, 220, 112, 233, 236, 36, 4,
       190, 94, 120, 1, 252, 122, 70, 52, 174, 86, 53, 67, 236, 153, 44,
       24, 5, 240, 28, 156, 73, 16, 242, 43, 184, 91, 86, 40, 242, 12,
       34, 101, 164, 62, 181, 185, 117, 148, 188, 210, 53, 81, 30, 153,
       68, 136, 92, 195, 98, 245, 50, 206, 223, 29, 56, 132, 131, 92,
       213, 53, 206, 79, 56, 69, 176, 247, 250, 233, 53, 248, 117, 83,
       46, 228, 165, 131, 107, 187, 172, 153, 5, 242, 29, 156, 64, 6,
       226, 55, 189, 234, 23, 32, 254, 60, 45, 253, 188, 50, 111, 61,
       103, 245, 94, 84, 181, 93, 174, 188, 206, 251, 220, 99, 97, 245,
       52, 208, 183, 221, 187, 180, 153, 75, 220, 116, 233, 199, 36, 71,
       186, 211, 120, 201, 124, 120, 93, 60, 175, 213, 52, 247, 110, 153,
       172, 24, 13, 242, 29, 156, 73, 24, 242, 115, 189, 90, 87, 40, 250,
       2, 2, 0, 138, 139, 156, 130, 1, 38, 100, 10, 4, 24, 61, 121, 53,
       68, 114, 0, 160, 192, 66, 153, 104, 88, 128, 12, 8, 182, 139, 25,
       87, 53, 164, 83, 16, 96, 194, 8, 10, 132, 21, 72, 0, 4, 198, 192,
       65, 145, 72, 144, 12, 54, 1, 137, 105, 16, 96, 170, 52, 192, 2,
       34, 244, 60, 51, 255, 244, 54, 51, 249, 126, 212, 252, 214, 245,
       111, 243, 144, 66, 250, 220, 99, 107, 245, 45, 192, 243, 141, 170,
       162, 159, 90, 72, 116, 235, 223, 36, 116, 186, 87, 120, 209, 117,
       216, 92, 187, 46, 208, 5, 195, 111, 155, 172, 25, 5, 240, 29, 156,
       73, 16, 242, 51, 255, 88, 87, 32, 251, 0, 5, 172, 152, 2, 7, 92,
       103, 5, 198, 37, 128, 17, 232, 52, 14, 128, 24, 64, 103, 22, 186,
       240, 35, 92, 3, 134, 0, 1, 132, 28, 1, 226, 54, 34, 168, 2, 104,
       2, 136, 146, 171, 52, 11, 146, 22, 65, 78, 17, 168, 18, 4, 64, 24,
       149, 8, 25, 226, 115, 185, 73, 86, 3, 233, 60, 51, 253, 158, 54,
       191, 53, 127, 245, 84, 221, 48, 125, 127, 188, 71, 251, 244, 99,
       98, 245, 118, 209, 247, 92, 190, 164, 157, 122, 220, 117, 233,
       215, 44, 87, 190, 82, 120, 249, 124, 124, 93, 56, 47, 212, 116,
       245, 111, 153, 172, 152, 13, 242, 29, 156, 73, 24, 242, 51, 189,
       88, 87, 32, 250, 9, 5, 44, 156, 35, 5, 93, 55, 53, 196, 117, 128,
       25, 185, 52, 6, 132, 120, 64, 237, 50, 114, 240, 51, 88, 42, 132,
       16, 113, 144, 28, 137, 242, 48, 50, 168, 194, 104, 144, 169, 146,
       171, 61, 15, 176, 52, 193, 78, 25, 160, 155, 13, 80, 24, 149, 28,
       57, 227, 59, 216, 65, 150, 10, 249, 34, 2, 8, 138, 142, 221, 130,
       1, 46, 116, 30, 4, 24, 60, 121, 164, 68, 82, 0, 160, 192, 82, 157,
       96, 120, 128, 12, 0, 182, 219, 25, 87, 181, 236, 83, 0, 90, 66, 8,
       10, 166, 21, 72, 12, 4, 134, 224, 65, 147, 73, 145, 12, 182, 1,
       137, 89, 16, 98, 42, 52, 64, 10, 42, 244, 66, 0, 1, 131, 202, 134,
       14, 13, 198, 99, 1, 4, 145, 6, 49, 18, 102, 215, 0, 96, 200, 33,
       202, 41, 76, 192, 172, 47, 18, 9, 17, 110, 245, 164, 85, 58, 82,
       112, 33, 86, 80, 72, 72, 10, 213, 28, 192, 79, 153, 172, 24, 5,
       244, 25, 156, 73, 16, 242, 51, 188, 88, 86, 32, 248, 62, 49, 253,
       182, 58, 131, 93, 110, 214, 230, 215, 52, 125, 110, 144, 82, 242,
       212, 3, 99, 199, 36, 193, 119, 12, 138, 160, 15, 82, 140, 117,
       107, 87, 36, 20, 186, 82, 120, 225, 84, 80, 88, 61, 47, 192, 20,
       229, 111, 153, 172, 24, 5, 240, 29, 156, 73, 16, 242, 51, 185, 88,
       23, 32, 250, 66, 6, 0, 3, 200, 134, 2, 5, 2, 35, 1, 4, 128, 39, 1,
       22, 98, 3, 0, 0, 200, 35, 203, 13, 92, 192, 172, 15, 2, 136, 1,
       78, 69, 165, 69, 59, 0, 40, 37, 70, 0, 64, 8, 136, 1, 24, 128, 3,
       17, 44, 24, 0, 52, 24, 156, 203, 16, 114, 50, 188, 72, 86, 48,
       248, 66, 0, 0, 130, 201, 130, 6, 9, 6, 96, 3, 4, 17, 38, 32, 0,
       66, 17, 0, 68, 128, 1, 24, 0, 84, 128, 8, 13, 2, 136, 9, 64, 0,
       36, 2, 154, 0, 66, 5, 206, 128, 66, 4, 8, 0, 76, 128, 12, 17, 36,
       16, 0, 35, 24, 5, 3, 8, 98, 0, 48, 8, 6, 34, 97, 198, 9, 131, 147,
       216, 130, 6, 202, 2, 35, 1, 26, 147, 194, 178, 73, 66, 85, 57, 70,
       202, 141, 138, 67, 78, 210, 154, 47, 146, 8, 18, 10, 83, 39, 84,
       187, 0, 124, 103, 86, 0, 96, 0, 75, 73, 28, 141, 147, 85, 44, 16,
       52, 17, 120, 156, 171, 80, 120, 49, 61, 72, 84, 49, 248, 69, 11,
       131, 80, 64, 2, 102, 66, 32, 4, 3, 4, 66, 229, 129, 3, 130, 77,
       33, 102, 70, 45, 192, 115, 78, 202, 130, 4, 16, 8, 48, 73, 86, 39,
       85, 187, 16, 124, 215, 84, 112, 112, 24, 78, 205, 28, 229, 206,
       25, 172, 24, 5, 241, 29, 156, 73, 17, 226, 51, 189, 72, 86, 33,
       250, 4, 3, 128, 80, 0, 2, 36, 82, 32, 0, 0, 0, 0, 193, 161, 1,
       192, 92, 1, 102, 198, 44, 128, 115, 78, 138, 130, 4, 16, 4, 48,
       64, 214, 38, 85, 186, 16, 104, 65, 68, 112, 96, 24, 15, 84, 20,
       229, 78, 25, 172, 24, 4, 240, 28, 156, 9, 17, 226, 51, 189, 72,
       86, 33, 248, 70, 137, 235, 216, 118, 23, 93, 75, 132, 194, 1, 146,
       147, 192, 180, 79, 130, 85, 56, 103, 134, 45, 192, 99, 78, 210,
       179, 13, 82, 8, 48, 105, 215, 38, 20, 187, 66, 124, 247, 116, 112,
       106, 176, 111, 217, 28, 245, 239, 153, 172, 24, 69, 113, 29, 156,
       75, 17, 242, 115, 191, 88, 85, 161, 251, 69, 15, 183, 212, 96, 15,
       109, 115, 161, 196, 139, 130, 83, 245, 188, 10, 139, 93, 227, 103,
       150, 45, 80, 243, 95, 255, 151, 76, 64, 132, 48, 73, 214, 23, 113,
       170, 16, 108, 250, 108, 112, 60, 184, 103, 253, 60, 245, 239, 153,
       172, 56, 85, 241, 93, 156, 72, 17, 250, 115, 191, 88, 117, 129,
       250, 0, 3, 129, 208, 0, 134, 0, 67, 132, 2, 3, 4, 17, 196, 17, 2,
       2, 84, 1, 102, 198, 44, 192, 67, 12, 130, 134, 12, 16, 8, 16, 72,
       82, 38, 84, 186, 64, 104, 67, 68, 0, 96, 16, 14, 192, 20, 129, 78,
       25, 44, 24, 5, 112, 25, 156, 73, 17, 114, 51, 189, 72, 86, 32,
       248, 196, 41, 131, 213, 208, 67, 234, 254, 136, 161, 195, 191,
       195, 192, 147, 202, 170, 85, 59, 79, 14, 141, 230, 11, 15, 203,
       186, 47, 144, 8, 50, 30, 115, 39, 116, 251, 16, 255, 215, 86, 144,
       96, 177, 126, 171, 12, 73, 178, 77, 44, 118, 245, 81, 254, 180,
       234, 193, 108, 97, 123, 77, 36, 145, 182, 243, 218, 74, 39, 255,
