%YAML:1.0
descriptors: !!opencv-matrix
   rows: 108
   cols: 64
   dt: u
   data: [ 59, 189, 253, 254, 62, 253, 253, 127, 119, 254, 87, 241, 253,
       127, 188, 94, 255, 246, 97, 107, 245, 124, 211, 247, 221, 191,
       227, 191, 122, 219, 245, 235, 215, 36, 85, 186, 223, 120, 249,
       125, 116, 93, 187, 47, 212, 21, 247, 111, 153, 172, 24, 5, 240,
       29, 156, 77, 24, 242, 115, 189, 90, 215, 40, 250, 255, 248, 117,
       111, 255, 171, 223, 56, 255, 57, 253, 251, 255, 123, 198, 220,
       246, 151, 126, 81, 253, 111, 171, 124, 231, 255, 249, 255, 255,
       123, 231, 238, 159, 237, 76, 223, 254, 185, 249, 255, 255, 223,
       239, 95, 217, 59, 252, 29, 239, 247, 153, 143, 254, 183, 223, 111,
       108, 182, 247, 187, 186, 95, 182, 93, 126, 183, 125, 254, 118,
       127, 251, 125, 255, 222, 255, 181, 125, 126, 249, 244, 251, 213,
       91, 102, 245, 123, 213, 118, 221, 239, 167, 29, 91, 218, 127, 251,
       246, 44, 85, 190, 210, 114, 217, 116, 250, 93, 56, 46, 213, 150,
       245, 110, 153, 172, 24, 5, 240, 29, 157, 73, 16, 242, 51, 189, 88,
       87, 32, 250, 63, 250, 111, 239, 63, 189, 255, 248, 253, 255, 254,
       251, 253, 123, 253, 93, 243, 245, 111, 123, 245, 119, 203, 127,
       109, 255, 245, 191, 126, 95, 119, 255, 215, 108, 213, 190, 86,
       120, 249, 117, 120, 92, 122, 63, 213, 181, 247, 111, 153, 173, 24,
       5, 240, 29, 158, 73, 16, 242, 51, 189, 90, 87, 32, 250, 63, 247,
       125, 254, 63, 189, 157, 121, 255, 255, 247, 251, 253, 123, 252,
       87, 246, 247, 99, 251, 245, 102, 211, 119, 221, 254, 245, 255,
       126, 94, 245, 235, 223, 44, 87, 190, 222, 120, 249, 125, 124, 92,
       59, 175, 213, 53, 245, 111, 153, 172, 24, 13, 240, 29, 156, 77,
       16, 242, 51, 189, 90, 87, 40, 250, 189, 254, 127, 237, 190, 253,
       253, 248, 253, 255, 254, 253, 109, 63, 253, 253, 251, 252, 255,
       107, 245, 122, 188, 252, 237, 191, 231, 179, 255, 95, 127, 255,
       249, 236, 255, 254, 255, 247, 249, 247, 255, 223, 251, 190, 222,
       163, 222, 121, 174, 189, 223, 137, 234, 191, 159, 93, 252, 182,
       255, 222, 255, 143, 46, 181, 254, 252, 127, 239, 255, 255, 251,
       253, 255, 253, 255, 255, 255, 126, 254, 253, 251, 213, 95, 111,
       125, 147, 167, 52, 111, 239, 189, 63, 255, 91, 127, 191, 240, 37,
       20, 255, 82, 115, 201, 245, 211, 223, 88, 30, 217, 142, 200, 60,
       141, 173, 94, 5, 248, 31, 159, 73, 144, 246, 59, 156, 93, 30, 34,
       185, 197, 43, 210, 113, 216, 130, 38, 192, 40, 35, 10, 58, 194,
       199, 131, 9, 66, 73, 57, 70, 207, 141, 10, 73, 70, 222, 58, 47,
       130, 12, 34, 6, 83, 135, 85, 139, 0, 180, 103, 86, 32, 96, 8, 65,
       77, 24, 239, 147, 92, 108, 16, 116, 65, 250, 4, 171, 80, 108, 1,
       165, 76, 116, 49, 32, 61, 246, 124, 138, 62, 253, 177, 112, 127,
       92, 254, 117, 125, 63, 253, 245, 243, 246, 67, 96, 241, 112, 145,
       244, 253, 44, 225, 219, 127, 223, 253, 251, 245, 100, 87, 190, 82,
       114, 169, 124, 246, 93, 90, 15, 212, 150, 246, 109, 153, 172, 24,
       5, 242, 29, 157, 73, 24, 242, 51, 188, 90, 95, 34, 249, 39, 52,
       113, 130, 31, 4, 9, 73, 230, 102, 129, 48, 125, 42, 177, 87, 242,
       244, 3, 112, 193, 34, 81, 102, 212, 136, 228, 9, 82, 156, 113,
       105, 197, 44, 87, 190, 74, 120, 129, 92, 48, 72, 24, 139, 212, 84,
       228, 79, 153, 172, 24, 5, 240, 29, 156, 73, 16, 242, 51, 188, 88,
       86, 32, 248, 250, 221, 186, 254, 35, 127, 125, 131, 31, 199, 125,
       202, 159, 232, 118, 254, 189, 155, 60, 111, 46, 189, 240, 115,
       255, 223, 243, 127, 83, 243, 246, 169, 130, 55, 55, 203, 195, 109,
       250, 123, 114, 251, 245, 121, 191, 29, 247, 62, 223, 138, 50, 215,
       232, 93, 180, 253, 81, 255, 121, 251, 125, 125, 153, 186, 7, 49,
       81, 130, 17, 128, 5, 74, 198, 64, 0, 48, 33, 74, 128, 81, 98, 212,
       1, 96, 65, 32, 128, 99, 12, 136, 160, 9, 18, 8, 48, 41, 86, 36,
       20, 186, 2, 120, 1, 84, 64, 64, 24, 11, 64, 20, 229, 78, 153, 36,
       24, 4, 96, 24, 156, 73, 16, 114, 51, 188, 88, 86, 32, 248, 77, 7,
       130, 116, 73, 98, 108, 86, 48, 58, 192, 1, 2, 197, 131, 11, 9, 9,
       161, 194, 231, 173, 108, 27, 70, 75, 146, 198, 208, 4, 32, 198,
       95, 19, 85, 33, 49, 228, 119, 100, 120, 36, 154, 79, 237, 21, 231,
       203, 24, 228, 88, 85, 225, 92, 152, 9, 151, 235, 247, 183, 8, 98,
       129, 98, 58, 48, 89, 162, 31, 0, 8, 13, 198, 42, 16, 48, 61, 2,
       177, 83, 242, 214, 1, 96, 192, 32, 193, 54, 140, 136, 224, 9, 82,
       8, 49, 106, 85, 36, 21, 190, 82, 120, 1, 116, 112, 72, 24, 14,
       208, 20, 192, 77, 153, 172, 24, 5, 240, 29, 156, 73, 16, 242, 51,
       188, 88, 86, 32, 241, 94, 9, 146, 116, 32, 130, 120, 7, 1, 128,
       85, 132, 18, 196, 2, 26, 60, 11, 48, 207, 6, 45, 66, 3, 153, 90,
       242, 220, 64, 164, 180, 160, 6, 51, 33, 143, 139, 76, 210, 65, 8,
       169, 181, 96, 171, 29, 163, 46, 223, 130, 41, 215, 112, 92, 48,
       200, 65, 219, 83, 243, 49, 49, 209, 202, 63, 54, 101, 163, 159,
       181, 135, 120, 188, 254, 210, 117, 173, 31, 185, 85, 226, 212, 3,
       96, 225, 2, 142, 124, 76, 156, 44, 43, 94, 25, 113, 127, 117, 36,
       93, 186, 82, 120, 169, 116, 116, 84, 26, 14, 196, 4, 208, 77, 152,
       172, 24, 5, 240, 29, 156, 73, 16, 242, 51, 188, 88, 87, 32, 248,
       50, 49, 81, 54, 63, 162, 25, 58, 198, 1, 209, 115, 175, 74, 148,
       84, 118, 151, 70, 211, 225, 38, 129, 103, 140, 186, 228, 95, 82,
       184, 229, 232, 223, 44, 4, 190, 218, 56, 161, 245, 88, 74, 17, 11,
       208, 113, 145, 79, 153, 174, 24, 3, 112, 24, 156, 65, 16, 179, 51,
       185, 56, 87, 32, 251, 179, 247, 213, 118, 62, 34, 217, 50, 114,
       93, 85, 243, 238, 123, 132, 88, 246, 199, 37, 243, 231, 45, 225,
       119, 206, 154, 227, 223, 94, 60, 224, 109, 215, 37, 116, 190, 95,
       120, 249, 245, 209, 94, 185, 15, 201, 16, 211, 79, 137, 164, 24,
       5, 240, 28, 156, 73, 16, 242, 51, 189, 88, 87, 32, 251, 187, 241,
       255, 199, 55, 245, 221, 120, 214, 199, 213, 250, 255, 26, 180, 92,
       251, 215, 102, 123, 183, 62, 227, 119, 173, 255, 247, 59, 87, 59,
       119, 235, 215, 108, 61, 222, 218, 121, 233, 117, 113, 217, 61, 47,
       215, 20, 245, 111, 153, 188, 24, 5, 248, 29, 156, 73, 16, 242, 50,
       253, 89, 95, 32, 250, 47, 53, 97, 162, 23, 36, 1, 89, 164, 68,
       128, 48, 41, 10, 176, 85, 226, 244, 7, 96, 97, 34, 144, 118, 76,
       152, 160, 9, 82, 24, 48, 41, 194, 36, 84, 186, 66, 120, 1, 84,
       208, 64, 24, 143, 192, 20, 192, 78, 153, 36, 24, 4, 112, 28, 156,
       73, 16, 242, 51, 188, 88, 86, 32, 249, 45, 166, 229, 160, 17, 189,
       163, 88, 180, 221, 194, 117, 249, 63, 176, 69, 202, 125, 195, 97,
       241, 7, 90, 113, 85, 248, 8, 167, 122, 12, 49, 193, 223, 36, 87,
       186, 80, 120, 105, 124, 124, 84, 56, 175, 213, 81, 119, 111, 153,
       172, 24, 4, 240, 29, 156, 73, 16, 242, 51, 189, 88, 87, 32, 250,
       56, 135, 237, 186, 38, 253, 53, 117, 245, 252, 92, 149, 29, 61,
       63, 230, 255, 212, 97, 96, 244, 115, 215, 55, 93, 237, 180, 56,
       123, 208, 127, 233, 213, 36, 87, 186, 83, 120, 233, 124, 116, 93,
       56, 47, 213, 20, 245, 110, 153, 172, 24, 5, 240, 29, 156, 77, 24,
       242, 51, 189, 88, 87, 32, 250, 125, 191, 247, 254, 122, 239, 255,
       126, 247, 252, 236, 249, 127, 255, 180, 95, 251, 247, 251, 111,
       247, 47, 211, 247, 223, 255, 247, 191, 123, 79, 244, 239, 223, 39,
       117, 191, 86, 124, 255, 124, 120, 125, 186, 103, 253, 61, 247,
       239, 221, 172, 24, 213, 240, 61, 156, 75, 80, 254, 115, 191, 90,
       119, 177, 250, 60, 52, 125, 158, 62, 63, 125, 123, 231, 100, 245,
       176, 125, 122, 180, 86, 242, 244, 99, 99, 247, 118, 208, 119, 220,
       190, 165, 27, 114, 153, 117, 235, 195, 36, 87, 190, 194, 120, 225,
       127, 112, 219, 125, 175, 244, 52, 245, 111, 153, 172, 153, 13,
       240, 29, 156, 89, 56, 242, 115, 189, 88, 215, 40, 250, 13, 42,
       207, 161, 16, 243, 161, 126, 48, 190, 198, 245, 195, 183, 155, 67,
