%YAML:1.0
descriptors: !!opencv-matrix
   rows: 105
   cols: 64
   dt: u
   data: [ 60, 182, 125, 172, 62, 253, 187, 117, 253, 254, 214, 117, 125,
       61, 185, 244, 253, 254, 195, 240, 241, 114, 215, 252, 249, 56,
       228, 218, 108, 215, 253, 235, 221, 120, 199, 164, 255, 122, 169,
       125, 124, 93, 123, 174, 244, 229, 246, 109, 187, 254, 137, 15,
       242, 29, 216, 89, 54, 243, 191, 188, 250, 219, 108, 254, 60, 181,
       125, 252, 50, 253, 121, 125, 213, 252, 213, 181, 93, 62, 189, 70,
       251, 220, 195, 107, 245, 114, 208, 247, 253, 42, 164, 217, 121,
       221, 125, 235, 207, 44, 69, 190, 215, 122, 249, 125, 120, 221,
       247, 39, 244, 181, 247, 111, 187, 172, 137, 15, 242, 29, 156, 93,
       52, 242, 123, 249, 123, 223, 46, 250, 61, 54, 117, 162, 23, 63,
       35, 121, 228, 94, 194, 52, 125, 63, 185, 69, 242, 252, 67, 96,
       241, 34, 209, 246, 92, 168, 164, 137, 82, 28, 113, 233, 220, 36,
       87, 186, 83, 122, 129, 124, 124, 84, 24, 15, 212, 53, 230, 78,
       153, 172, 24, 5, 240, 29, 156, 73, 16, 242, 51, 188, 88, 87, 32,
       248, 189, 191, 255, 244, 54, 119, 253, 255, 246, 221, 212, 243,
       255, 123, 182, 92, 251, 213, 99, 103, 117, 47, 211, 247, 223, 251,
       245, 187, 122, 92, 118, 233, 223, 36, 85, 190, 214, 120, 249, 117,
       120, 93, 59, 47, 213, 53, 245, 111, 153, 172, 24, 13, 240, 29,
       156, 73, 16, 242, 51, 189, 90, 87, 32, 250, 60, 51, 253, 214, 55,
       63, 93, 122, 246, 84, 215, 114, 253, 126, 178, 84, 254, 215, 99,
       102, 117, 55, 193, 119, 220, 186, 244, 93, 114, 156, 244, 169,
       214, 36, 85, 190, 82, 120, 201, 124, 112, 93, 56, 47, 213, 20,
       245, 110, 153, 172, 24, 5, 240, 29, 156, 73, 16, 242, 51, 189, 88,
       87, 32, 250, 125, 62, 247, 165, 254, 255, 179, 124, 252, 252, 214,
       55, 253, 127, 187, 85, 250, 245, 67, 102, 253, 7, 210, 245, 207,
       232, 188, 191, 122, 92, 115, 235, 215, 36, 85, 190, 82, 122, 233,
       124, 248, 92, 24, 46, 213, 53, 229, 111, 153, 172, 24, 5, 240, 29,
       156, 73, 16, 242, 51, 189, 88, 87, 32, 250, 60, 180, 253, 188, 63,
       109, 185, 127, 245, 252, 246, 245, 125, 122, 191, 102, 251, 220,
       99, 99, 245, 34, 210, 119, 93, 171, 164, 155, 90, 223, 119, 235,
       199, 36, 87, 186, 211, 120, 233, 116, 120, 92, 56, 47, 212, 21,
       247, 111, 153, 172, 24, 5, 240, 29, 156, 73, 16, 242, 51, 189, 90,
       87, 32, 250, 62, 191, 255, 255, 62, 253, 253, 255, 253, 254, 255,
       245, 125, 126, 251, 254, 251, 212, 99, 107, 245, 118, 215, 119,
       221, 175, 228, 155, 123, 223, 127, 235, 247, 44, 85, 190, 223,
       122, 249, 125, 250, 93, 57, 46, 212, 55, 247, 111, 153, 172, 24,
       5, 240, 29, 157, 73, 16, 242, 51, 189, 90, 87, 34, 250, 63, 183,
       253, 254, 63, 253, 253, 121, 254, 253, 255, 251, 253, 123, 188,
       85, 251, 213, 99, 99, 245, 47, 195, 119, 205, 255, 245, 191, 90,
       95, 247, 235, 215, 44, 85, 190, 82, 120, 233, 116, 120, 92, 56,
       47, 213, 53, 247, 111, 153, 172, 24, 5, 240, 29, 156, 73, 16, 242,
       51, 189, 88, 87, 32, 250, 61, 190, 255, 237, 62, 125, 249, 254,
       253, 254, 222, 181, 125, 191, 251, 238, 251, 220, 203, 106, 245,
       211, 207, 190, 253, 169, 180, 147, 127, 223, 127, 255, 253, 108,
       213, 254, 215, 250, 249, 125, 254, 93, 123, 62, 212, 167, 195,
       109, 187, 173, 159, 13, 242, 29, 159, 93, 52, 246, 63, 252, 219,
       223, 46, 254, 55, 53, 113, 146, 17, 6, 1, 78, 230, 68, 129, 48,
       101, 75, 144, 87, 226, 212, 3, 100, 65, 34, 129, 39, 76, 136, 164,
       9, 82, 8, 48, 105, 210, 36, 20, 186, 66, 112, 1, 84, 16, 64, 24,
       15, 192, 20, 225, 78, 153, 36, 24, 4, 112, 28, 156, 73, 16, 242,
       51, 188, 88, 86, 32, 248, 63, 187, 253, 246, 55, 189, 221, 122,
       255, 255, 255, 243, 255, 123, 180, 95, 242, 247, 99, 123, 245,
       111, 195, 119, 205, 255, 247, 63, 126, 92, 245, 235, 215, 44, 86,
       190, 210, 120, 249, 117, 120, 92, 57, 47, 213, 20, 245, 111, 153,
       172, 24, 5, 240, 29, 157, 73, 16, 242, 51, 189, 88, 87, 32, 250,
       44, 34, 113, 160, 24, 164, 35, 72, 196, 254, 194, 53, 225, 15,
       145, 70, 234, 212, 3, 96, 193, 32, 194, 118, 76, 152, 164, 13, 82,
       12, 49, 107, 215, 36, 85, 186, 82, 120, 169, 116, 112, 84, 56, 46,
       212, 20, 229, 111, 153, 172, 24, 5, 240, 29, 156, 73, 16, 242, 51,
       189, 88, 87, 32, 250, 62, 244, 125, 166, 191, 189, 31, 57, 246,
       84, 245, 112, 253, 58, 180, 85, 242, 246, 71, 112, 241, 114, 145,
       116, 252, 168, 229, 27, 122, 249, 125, 233, 197, 44, 22, 190, 218,
       112, 169, 253, 90, 223, 85, 15, 208, 20, 244, 77, 153, 172, 152,
       13, 248, 29, 158, 89, 48, 242, 51, 188, 90, 95, 42, 249, 191, 252,
       125, 255, 191, 189, 255, 57, 255, 253, 253, 251, 253, 127, 252,
       93, 255, 247, 118, 251, 245, 127, 211, 126, 253, 255, 247, 255,
       126, 127, 247, 239, 223, 252, 223, 190, 255, 121, 249, 127, 121,
       93, 251, 111, 245, 53, 247, 111, 185, 190, 152, 15, 240, 29, 156,
       93, 48, 243, 247, 191, 251, 223, 172, 254, 61, 49, 245, 52, 16,
       39, 57, 126, 192, 174, 195, 53, 117, 142, 145, 66, 250, 220, 67,
       98, 241, 34, 192, 151, 140, 168, 164, 137, 82, 12, 113, 232, 87,
       36, 85, 190, 82, 122, 193, 84, 88, 84, 16, 14, 196, 37, 129, 111,
       153, 172, 24, 5, 240, 29, 156, 65, 16, 242, 51, 189, 88, 22, 32,
       250, 60, 49, 113, 48, 16, 32, 44, 111, 192, 2, 193, 48, 101, 2,
       132, 82, 242, 204, 3, 64, 97, 32, 65, 151, 140, 136, 228, 201, 66,
       12, 224, 232, 64, 4, 20, 190, 1, 56, 1, 84, 8, 194, 20, 11, 64,
       21, 135, 78, 154, 36, 24, 4, 96, 28, 30, 65, 0, 178, 19, 152, 24,
       6, 96, 240, 45, 38, 100, 160, 191, 189, 165, 113, 52, 124, 194,
       117, 220, 63, 233, 69, 224, 252, 195, 224, 241, 98, 24, 248, 84,
       40, 0, 131, 124, 84, 57, 199, 93, 96, 87, 176, 117, 242, 169, 60,
       221, 84, 90, 142, 68, 227, 210, 73, 184, 109, 24, 12, 242, 29,
       159, 73, 54, 242, 23, 180, 202, 23, 40, 120, 61, 186, 247, 229,
       190, 245, 187, 252, 252, 253, 214, 125, 237, 31, 155, 213, 250,
       253, 203, 106, 253, 127, 207, 253, 173, 184, 244, 191, 126, 85,
       119, 255, 127, 236, 255, 190, 223, 251, 249, 119, 253, 93, 243,
       62, 197, 161, 219, 127, 186, 188, 157, 9, 242, 189, 156, 85, 100,
       246, 255, 223, 251, 143, 44, 254, 45, 54, 100, 32, 29, 180, 39,
       88, 176, 124, 192, 113, 236, 59, 128, 69, 226, 236, 131, 112, 241,
       98, 24, 113, 68, 40, 32, 151, 120, 84, 97, 195, 223, 96, 214, 186,
       119, 56, 33, 124, 124, 84, 26, 143, 64, 97, 214, 79, 184, 172, 24,
       8, 240, 28, 156, 73, 62, 178, 55, 156, 218, 215, 36, 248, 15, 48,
       96, 32, 21, 162, 47, 90, 0, 10, 192, 49, 96, 14, 128, 81, 234,
       124, 3, 80, 225, 32, 192, 83, 4, 152, 224, 141, 82, 4, 97, 225,
       95, 36, 149, 186, 19, 120, 1, 85, 120, 64, 26, 43, 196, 17, 167,
       79, 152, 172, 24, 5, 224, 28, 156, 65, 16, 178, 51, 189, 24, 87,
       32, 250, 62, 248, 117, 143, 254, 77, 155, 233, 222, 28, 255, 127,
       253, 118, 249, 240, 247, 214, 71, 98, 197, 32, 133, 244, 237, 156,
       229, 217, 207, 222, 255, 250, 244, 44, 77, 190, 94, 114, 233, 116,
       243, 92, 25, 14, 212, 54, 240, 77, 137, 173, 24, 5, 248, 29, 157,
       73, 16, 242, 59, 188, 88, 71, 34, 248, 125, 59, 247, 246, 93, 34,
       107, 122, 212, 60, 208, 115, 239, 203, 128, 89, 242, 213, 187,
       102, 231, 47, 129, 119, 142, 202, 226, 143, 218, 12, 112, 237,
       119, 39, 20, 191, 87, 124, 85, 245, 217, 110, 154, 78, 201, 25,
       195, 207, 220, 164, 24, 213, 241, 60, 156, 73, 80, 190, 115, 159,
       88, 102, 181, 249, 47, 246, 109, 170, 159, 189, 167, 89, 252, 126,
       250, 52, 189, 62, 253, 117, 210, 244, 3, 112, 241, 82, 153, 124,
       84, 188, 105, 11, 254, 91, 121, 251, 213, 108, 215, 186, 82, 114,
       41, 124, 254, 87, 94, 13, 84, 215, 244, 69, 152, 61, 24, 12, 242,
       29, 207, 89, 56, 242, 35, 188, 218, 223, 46, 248, 122, 209, 185,
       254, 38, 31, 92, 15, 215, 226, 125, 152, 63, 226, 52, 94, 180,
