%YAML:1.0
descriptors: !!opencv-matrix
   rows: 108
   cols: 64
   dt: u
   data: [ 60, 247, 125, 170, 55, 125, 165, 123, 245, 84, 254, 53, 125,
       62, 253, 245, 243, 212, 67, 96, 113, 82, 129, 116, 77, 188, 165,
       9, 122, 94, 120, 185, 240, 36, 85, 186, 82, 114, 137, 116, 250,
       93, 24, 15, 212, 23, 244, 76, 153, 172, 24, 5, 240, 29, 157, 73,
       16, 242, 51, 188, 88, 87, 32, 248, 255, 253, 255, 255, 127, 191,
       255, 251, 255, 255, 253, 251, 255, 250, 254, 221, 243, 247, 127,
       127, 247, 127, 211, 119, 255, 255, 247, 191, 127, 255, 255, 235,
       223, 108, 215, 254, 222, 121, 249, 125, 122, 223, 255, 63, 213,
       55, 245, 111, 157, 175, 152, 15, 250, 29, 159, 93, 56, 246, 115,
       191, 251, 223, 44, 251, 61, 36, 117, 160, 16, 39, 33, 127, 212,
       204, 194, 53, 113, 47, 145, 70, 234, 220, 195, 96, 241, 32, 192,
       55, 28, 168, 164, 137, 82, 140, 49, 233, 85, 36, 85, 186, 16, 120,
       1, 124, 120, 68, 24, 14, 68, 21, 193, 78, 153, 44, 24, 5, 240, 28,
       156, 73, 16, 242, 51, 184, 88, 71, 32, 250, 60, 49, 241, 180, 18,
       103, 41, 127, 196, 206, 208, 53, 113, 134, 145, 66, 234, 212, 67,
       96, 241, 32, 197, 151, 12, 136, 164, 137, 82, 12, 48, 233, 100,
       36, 21, 186, 82, 112, 1, 84, 120, 64, 16, 14, 68, 20, 193, 110,
       153, 44, 24, 5, 240, 28, 156, 65, 16, 242, 51, 184, 88, 6, 32,
       242, 45, 166, 125, 160, 19, 61, 165, 123, 244, 220, 198, 117, 125,
       62, 185, 69, 234, 220, 195, 96, 241, 34, 192, 119, 77, 184, 164,
       129, 90, 76, 49, 235, 215, 36, 85, 186, 82, 120, 233, 116, 120,
       92, 58, 47, 212, 53, 245, 111, 153, 172, 24, 5, 240, 29, 156, 73,
       16, 242, 51, 189, 88, 87, 32, 250, 253, 248, 255, 253, 62, 253,
       249, 254, 253, 253, 254, 189, 255, 254, 251, 254, 251, 220, 251,
       107, 253, 255, 239, 191, 237, 239, 246, 255, 127, 215, 255, 255,
       255, 109, 117, 255, 255, 255, 249, 125, 251, 93, 255, 62, 255,
       183, 219, 127, 189, 174, 94, 199, 248, 31, 157, 77, 214, 246, 255,
       255, 251, 79, 34, 254, 61, 182, 125, 168, 62, 253, 177, 117, 245,
       252, 222, 213, 93, 61, 125, 228, 253, 252, 195, 248, 244, 114,
       208, 247, 249, 60, 196, 210, 108, 215, 253, 235, 223, 88, 195, 36,
       255, 122, 248, 121, 124, 29, 123, 167, 212, 227, 247, 111, 187,
       254, 137, 15, 242, 29, 218, 93, 62, 211, 127, 253, 251, 219, 108,
       222, 185, 252, 255, 254, 63, 127, 253, 254, 245, 252, 252, 253,
       127, 254, 191, 255, 251, 220, 99, 123, 245, 63, 231, 63, 237, 239,
       247, 187, 91, 87, 247, 239, 223, 44, 117, 254, 215, 120, 249, 117,
       122, 93, 251, 47, 215, 53, 247, 111, 185, 174, 26, 5, 240, 29,
       156, 73, 16, 242, 183, 191, 251, 87, 34, 254, 77, 186, 231, 97,
       253, 243, 227, 124, 252, 191, 210, 125, 239, 93, 139, 97, 234,
       253, 219, 122, 237, 111, 207, 253, 38, 106, 42, 183, 124, 69, 97,
       239, 127, 227, 221, 59, 119, 255, 125, 55, 221, 116, 90, 14, 73,
       161, 219, 243, 188, 124, 28, 37, 245, 253, 156, 77, 86, 254, 183,
       159, 218, 87, 52, 254, 35, 150, 68, 35, 189, 176, 161, 24, 52, 58,
       194, 101, 168, 31, 9, 5, 66, 244, 129, 48, 224, 98, 139, 124, 68,
       184, 0, 3, 126, 65, 33, 95, 125, 228, 221, 48, 119, 178, 169, 55,
       253, 84, 74, 142, 84, 129, 210, 75, 184, 124, 24, 5, 244, 29, 156,
       73, 18, 226, 183, 156, 202, 87, 36, 124, 124, 253, 255, 253, 55,
       255, 255, 123, 255, 253, 253, 251, 255, 250, 255, 95, 251, 213,
       99, 103, 245, 55, 211, 119, 221, 255, 245, 63, 91, 94, 118, 235,
       215, 36, 85, 190, 210, 120, 233, 116, 120, 95, 56, 47, 213, 21,
       245, 111, 153, 172, 24, 5, 240, 29, 156, 73, 16, 242, 51, 189, 90,
       87, 32, 250, 187, 221, 252, 223, 38, 221, 223, 49, 255, 197, 253,
       218, 255, 125, 116, 92, 253, 243, 126, 255, 55, 127, 211, 247,
       249, 119, 247, 124, 125, 254, 222, 169, 206, 127, 235, 222, 206,
       89, 250, 121, 125, 159, 189, 239, 181, 120, 255, 46, 183, 155,
       129, 207, 250, 165, 218, 223, 121, 215, 114, 251, 115, 249, 205,
       218, 60, 40, 239, 190, 62, 127, 249, 127, 213, 252, 222, 181, 125,
       190, 187, 230, 187, 212, 99, 107, 245, 51, 205, 191, 93, 233, 164,
       147, 91, 219, 63, 239, 245, 36, 85, 186, 87, 122, 233, 124, 120,
       93, 123, 46, 212, 183, 245, 107, 153, 172, 31, 5, 240, 29, 156,
       73, 16, 242, 59, 189, 91, 87, 32, 254, 108, 170, 239, 169, 22,
       255, 167, 247, 253, 254, 222, 189, 89, 188, 251, 238, 203, 252,
       251, 105, 241, 83, 255, 189, 125, 109, 28, 166, 125, 215, 63, 235,
       221, 104, 231, 251, 95, 123, 173, 60, 120, 93, 118, 62, 87, 183,
       118, 224, 191, 172, 191, 141, 211, 61, 156, 92, 246, 228, 47, 252,
       219, 223, 106, 254, 47, 36, 237, 190, 62, 103, 61, 126, 244, 252,
       212, 181, 121, 62, 182, 70, 139, 84, 35, 97, 225, 35, 225, 55, 76,
       171, 148, 131, 91, 89, 53, 235, 213, 36, 21, 186, 83, 120, 233,
       124, 120, 92, 56, 47, 212, 21, 245, 111, 153, 172, 24, 5, 240, 29,
       156, 73, 16, 242, 51, 189, 88, 87, 32, 250, 125, 254, 255, 249,
       62, 127, 249, 254, 253, 254, 218, 189, 111, 255, 255, 239, 251,
       252, 251, 107, 245, 255, 223, 191, 237, 127, 247, 179, 125, 87,
       127, 255, 255, 66, 255, 255, 247, 255, 249, 117, 254, 94, 251,
       190, 127, 163, 115, 251, 190, 253, 62, 221, 250, 189, 159, 93,
       182, 246, 255, 223, 223, 223, 47, 183, 12, 2, 109, 168, 1, 117,
       33, 254, 165, 222, 202, 4, 81, 188, 187, 231, 137, 92, 67, 104,
       112, 210, 196, 48, 77, 168, 12, 0, 80, 134, 58, 217, 112, 0, 87,
       170, 80, 122, 1, 48, 176, 116, 56, 46, 86, 134, 96, 232, 25, 44,
       24, 4, 209, 29, 140, 8, 16, 224, 43, 188, 72, 86, 32, 242, 63,
       254, 255, 255, 62, 253, 253, 127, 255, 253, 255, 253, 255, 127,
       253, 253, 255, 246, 99, 123, 245, 126, 210, 255, 253, 255, 247,
       255, 127, 219, 255, 239, 223, 108, 215, 190, 222, 123, 249, 125,
       126, 95, 251, 47, 213, 55, 245, 111, 187, 190, 153, 15, 242, 29,
       157, 93, 60, 246, 115, 191, 251, 223, 46, 254, 39, 54, 65, 2, 221,
       130, 7, 74, 230, 68, 2, 50, 169, 75, 128, 85, 226, 213, 1, 96,
       193, 38, 129, 119, 78, 152, 160, 13, 18, 8, 49, 105, 86, 36, 84,
       186, 66, 120, 1, 84, 64, 64, 24, 15, 192, 16, 228, 79, 152, 36,
       24, 4, 112, 28, 156, 73, 16, 242, 51, 188, 88, 87, 32, 248, 63,
       182, 124, 254, 63, 189, 253, 56, 125, 255, 212, 249, 189, 126,
       188, 84, 255, 223, 161, 251, 245, 116, 195, 123, 205, 254, 241,
       255, 126, 119, 245, 239, 215, 36, 85, 178, 255, 120, 249, 117,
       120, 93, 123, 47, 213, 21, 247, 111, 153, 172, 24, 5, 240, 29,
       156, 73, 22, 242, 55, 189, 218, 87, 32, 254, 63, 255, 255, 255,
       63, 253, 253, 121, 253, 255, 254, 249, 255, 122, 252, 223, 255,
       255, 227, 123, 245, 126, 211, 127, 253, 255, 231, 255, 126, 247,
       245, 239, 223, 108, 215, 190, 247, 120, 249, 125, 124, 93, 255,
       47, 245, 53, 247, 111, 185, 174, 152, 13, 242, 29, 156, 93, 62,
       242, 119, 191, 251, 223, 168, 254, 124, 166, 255, 185, 24, 245,
       167, 253, 252, 254, 196, 189, 93, 63, 155, 198, 219, 220, 227,
       107, 253, 243, 222, 180, 29, 233, 180, 167, 121, 221, 115, 235,
       213, 4, 85, 186, 87, 120, 233, 124, 124, 92, 58, 166, 85, 181,
       119, 111, 187, 172, 157, 9, 240, 29, 156, 93, 20, 242, 35, 189,
       90, 215, 40, 250, 191, 181, 255, 167, 183, 181, 219, 249, 246,
       199, 213, 114, 255, 107, 178, 85, 250, 247, 103, 119, 113, 119,
       243, 118, 188, 254, 245, 59, 254, 26, 119, 171, 215, 108, 28, 158,
       210, 121, 233, 125, 80, 73, 61, 47, 209, 20, 245, 111, 153, 172,
       24, 5, 240, 28, 156, 73, 24, 242, 51, 157, 88, 31, 32, 250, 188,
       252, 127, 173, 55, 255, 255, 253, 255, 223, 253, 255, 255, 46,
       255, 254, 251, 245, 127, 111, 117, 115, 246, 124, 253, 255, 253,
       191, 95, 223, 119, 187, 205, 108, 127, 255, 214, 121, 233, 125,
       123, 93, 117, 63, 215, 55, 244, 125, 157, 172, 26, 5, 250, 29,
