%YAML:1.0
descriptors: !!opencv-matrix
   rows: 162
   cols: 64
   dt: u
   data: [ 255, 49, 255, 183, 63, 103, 223, 248, 246, 253, 255, 243, 255,
       126, 179, 119, 255, 247, 103, 115, 245, 167, 231, 118, 205, 255,
       245, 127, 82, 94, 247, 251, 215, 44, 85, 190, 82, 120, 233, 116,
       120, 92, 56, 47, 213, 20, 245, 111, 153, 172, 24, 5, 240, 29, 156,
       73, 16, 242, 51, 189, 88, 87, 32, 250, 124, 56, 255, 189, 62, 119,
       249, 255, 253, 252, 222, 181, 127, 254, 251, 254, 251, 220, 115,
       99, 253, 179, 230, 55, 221, 239, 180, 159, 91, 223, 127, 251, 247,
       36, 85, 254, 86, 114, 233, 116, 120, 93, 58, 46, 213, 55, 231,
       111, 153, 172, 26, 5, 240, 29, 156, 73, 16, 242, 59, 189, 90, 87,
       34, 250, 124, 62, 255, 249, 62, 127, 165, 255, 253, 254, 218, 181,
       125, 255, 251, 239, 251, 252, 235, 106, 253, 243, 254, 191, 221,
       253, 180, 191, 123, 223, 127, 239, 205, 110, 215, 190, 215, 242,
       249, 125, 124, 93, 251, 190, 85, 225, 103, 239, 190, 172, 159,
       137, 242, 61, 156, 93, 172, 246, 107, 255, 251, 215, 44, 246, 191,
       253, 127, 255, 255, 189, 255, 125, 255, 127, 253, 249, 255, 127,
       244, 253, 243, 246, 127, 123, 253, 123, 183, 127, 255, 239, 231,
       191, 255, 89, 125, 255, 247, 108, 28, 255, 214, 113, 249, 245, 90,
       222, 123, 191, 208, 23, 213, 95, 153, 173, 30, 13, 248, 29, 159,
       77, 152, 246, 123, 157, 90, 94, 42, 249, 63, 178, 125, 181, 254,
       253, 187, 240, 252, 255, 254, 119, 205, 127, 251, 117, 251, 221,
       99, 98, 229, 33, 195, 118, 205, 255, 181, 175, 210, 14, 115, 235,
       215, 36, 85, 186, 83, 120, 233, 116, 120, 92, 56, 47, 213, 21,
       247, 111, 153, 172, 24, 5, 240, 29, 156, 73, 16, 242, 51, 189, 88,
       87, 32, 250, 125, 191, 255, 249, 54, 255, 253, 255, 253, 254, 218,
       181, 109, 191, 251, 239, 251, 252, 235, 107, 245, 119, 214, 191,
       221, 253, 183, 181, 127, 94, 126, 251, 223, 108, 247, 190, 215,
       126, 249, 125, 124, 93, 251, 191, 215, 227, 119, 111, 190, 189,
       188, 141, 242, 189, 159, 93, 44, 246, 127, 255, 251, 223, 44, 242,
       62, 191, 255, 248, 54, 255, 253, 111, 205, 198, 223, 180, 127,
       190, 187, 254, 251, 180, 107, 127, 55, 87, 119, 151, 255, 253,
       244, 189, 103, 254, 254, 168, 141, 108, 231, 158, 202, 62, 217,
       95, 44, 89, 245, 237, 95, 253, 55, 174, 255, 174, 239, 219, 242,
       21, 116, 85, 232, 246, 73, 251, 187, 223, 252, 86, 62, 245, 117,
       254, 254, 237, 223, 49, 219, 69, 221, 121, 253, 118, 252, 208,
       255, 146, 98, 242, 247, 56, 19, 214, 252, 127, 247, 255, 235, 255,
       223, 237, 143, 125, 71, 190, 223, 81, 251, 125, 121, 221, 245,
       111, 245, 53, 191, 111, 173, 166, 201, 79, 250, 30, 24, 65, 60,
       243, 91, 187, 123, 111, 165, 206, 61, 254, 253, 169, 154, 253,
       167, 121, 191, 222, 78, 251, 221, 62, 253, 221, 251, 255, 235,
       104, 245, 87, 218, 241, 249, 253, 125, 239, 124, 219, 255, 235,
       207, 64, 223, 166, 85, 251, 237, 124, 125, 149, 126, 39, 85, 245,
       118, 231, 191, 188, 185, 44, 242, 29, 143, 93, 60, 214, 63, 173,
       219, 223, 108, 250, 62, 113, 121, 182, 54, 3, 89, 110, 214, 198,
       245, 240, 127, 194, 180, 82, 242, 212, 7, 99, 135, 40, 229, 55,
       172, 139, 162, 9, 83, 40, 116, 105, 242, 36, 20, 186, 82, 120,
       193, 244, 82, 202, 61, 14, 208, 20, 193, 78, 153, 172, 26, 5, 120,
       29, 148, 73, 16, 242, 59, 189, 88, 22, 34, 249, 29, 49, 207, 176,
       30, 49, 177, 250, 212, 156, 214, 119, 111, 91, 147, 64, 226, 220,
       67, 99, 229, 36, 193, 247, 76, 170, 164, 139, 82, 12, 49, 235,
       255, 44, 84, 186, 90, 120, 233, 116, 216, 92, 56, 14, 208, 53,
       211, 111, 153, 172, 24, 5, 240, 29, 156, 73, 16, 242, 51, 189, 88,
       87, 32, 251, 61, 189, 117, 244, 54, 237, 117, 127, 253, 84, 222,
       117, 125, 127, 252, 228, 251, 252, 71, 99, 245, 106, 240, 247, 93,
       175, 164, 153, 123, 222, 125, 233, 206, 108, 71, 190, 214, 114,
       217, 252, 220, 93, 28, 175, 212, 55, 245, 110, 153, 164, 153, 13,
       242, 29, 157, 73, 56, 242, 115, 189, 90, 87, 40, 248, 60, 253,
       247, 252, 50, 109, 253, 123, 245, 252, 254, 181, 95, 238, 253,
       238, 251, 220, 99, 99, 245, 46, 212, 55, 95, 255, 183, 153, 91,
       222, 126, 251, 194, 36, 119, 186, 215, 120, 249, 124, 120, 92, 57,
       175, 220, 21, 247, 111, 137, 172, 24, 5, 240, 29, 156, 73, 16,
       242, 115, 189, 90, 71, 32, 250, 140, 41, 207, 176, 55, 51, 248,
       254, 212, 186, 212, 242, 115, 210, 178, 75, 194, 221, 103, 99,
       197, 165, 228, 247, 13, 138, 176, 131, 82, 12, 48, 234, 255, 36,
       84, 186, 82, 120, 193, 244, 216, 94, 56, 46, 208, 21, 193, 111,
       153, 172, 24, 5, 240, 29, 156, 73, 16, 242, 51, 189, 88, 87, 32,
       251, 126, 57, 255, 254, 55, 111, 125, 127, 215, 78, 253, 177, 127,
       206, 180, 127, 251, 214, 115, 119, 119, 191, 241, 55, 158, 235,
       230, 157, 83, 248, 252, 233, 66, 46, 182, 190, 206, 116, 209, 245,
       122, 203, 247, 111, 206, 53, 165, 78, 158, 166, 219, 137, 98, 60,
       148, 81, 152, 178, 123, 251, 123, 14, 172, 240, 61, 255, 255, 252,
       62, 191, 253, 91, 255, 255, 205, 250, 255, 254, 188, 95, 243, 245,
       99, 107, 247, 127, 83, 247, 221, 254, 247, 255, 94, 127, 245, 235,
       199, 46, 215, 190, 218, 120, 249, 117, 120, 95, 249, 111, 245,
       117, 247, 111, 153, 174, 24, 79, 242, 29, 156, 89, 16, 242, 115,
       191, 123, 215, 169, 250, 188, 249, 239, 244, 54, 127, 249, 250,
       220, 255, 214, 247, 127, 250, 254, 238, 242, 212, 119, 107, 245,
       188, 228, 247, 45, 170, 166, 147, 95, 95, 54, 251, 247, 36, 116,
       250, 86, 127, 249, 245, 218, 223, 187, 62, 218, 55, 193, 111, 155,
       173, 31, 133, 248, 29, 159, 77, 16, 242, 59, 255, 89, 22, 34, 251,
       60, 187, 127, 244, 54, 253, 249, 127, 245, 252, 222, 245, 111,
       117, 217, 230, 187, 220, 199, 107, 245, 120, 228, 191, 173, 191,
       166, 147, 125, 215, 117, 255, 255, 108, 245, 190, 222, 122, 249,
       245, 221, 93, 251, 62, 242, 167, 243, 111, 187, 189, 223, 203,
       248, 29, 158, 93, 12, 242, 123, 223, 123, 31, 36, 254, 60, 51,
       253, 184, 54, 181, 177, 127, 245, 252, 214, 181, 125, 126, 185,
       102, 242, 220, 67, 99, 245, 36, 192, 247, 221, 170, 164, 137, 90,
       220, 113, 235, 215, 36, 85, 190, 82, 120, 233, 124, 120, 93, 56,
       47, 212, 53, 247, 111, 153, 172, 24, 5, 240, 29, 156, 73, 16, 242,
       51, 189, 88, 87, 32, 250, 61, 54, 125, 170, 63, 189, 163, 120,
       244, 92, 214, 53, 125, 63, 185, 85, 250, 244, 67, 112, 241, 114,
       145, 246, 204, 184, 228, 137, 122, 94, 113, 233, 220, 44, 87, 190,
       90, 120, 137, 116, 124, 93, 26, 15, 212, 181, 246, 79, 153, 172,
       24, 5, 242, 29, 156, 73, 16, 242, 51, 188, 90, 87, 36, 250, 45,
       173, 239, 248, 58, 125, 245, 127, 189, 252, 238, 147, 91, 252,
       255, 206, 137, 124, 227, 107, 244, 116, 208, 243, 93, 127, 149,
       178, 121, 213, 63, 203, 223, 34, 87, 186, 215, 122, 249, 124, 120,
       127, 126, 47, 212, 55, 247, 107, 153, 172, 24, 13, 242, 29, 157,
       76, 56, 242, 115, 189, 91, 223, 40, 250, 12, 11, 171, 240, 0, 117,
       160, 103, 16, 184, 70, 5, 80, 180, 155, 130, 137, 72, 195, 107,
       212, 32, 206, 147, 29, 8, 148, 128, 64, 196, 49, 202, 199, 18, 65,
       168, 21, 250, 233, 32, 248, 52, 48, 38, 84, 165, 35, 107, 27, 44,
       41, 5, 208, 29, 156, 8, 22, 226, 35, 189, 72, 87, 33, 250, 61,
       183, 255, 252, 62, 181, 253, 126, 245, 254, 212, 245, 253, 127,
       189, 95, 251, 252, 227, 107, 245, 118, 210, 255, 205, 254, 246,
       223, 122, 85, 117, 235, 223, 36, 215, 190, 215, 120, 249, 117,
       120, 92, 59, 47, 215, 53, 247, 111, 185, 172, 24, 5, 240, 29, 156,
       77, 20, 242, 55, 191, 90, 87, 32, 250, 41, 134, 54, 137, 40, 245,
       163, 245, 61, 253, 74, 205, 156, 61, 123, 164, 205, 248, 193, 43,
       244, 98, 222, 248, 89, 61, 148, 226, 108, 215, 243, 215, 239, 144,
       67, 32, 245, 234, 232, 104, 124, 28, 106, 166, 212, 225, 211, 107,
