%YAML:1.0
descriptors: !!opencv-matrix
   rows: 90
   cols: 64
   dt: u
   data: [ 187, 253, 125, 254, 55, 63, 93, 58, 247, 223, 253, 250, 63,
       250, 116, 127, 247, 247, 118, 255, 119, 126, 241, 119, 253, 255,
       243, 123, 127, 251, 254, 233, 210, 108, 150, 254, 218, 121, 249,
       253, 122, 223, 255, 127, 210, 23, 245, 111, 159, 175, 154, 13,
       248, 29, 159, 93, 56, 246, 115, 191, 123, 223, 46, 251, 60, 190,
       125, 225, 190, 253, 163, 249, 253, 253, 222, 125, 221, 63, 249,
       228, 243, 252, 203, 106, 245, 114, 158, 252, 125, 172, 44, 179,
       124, 223, 127, 255, 253, 100, 87, 190, 215, 243, 233, 124, 253,
       85, 90, 182, 84, 167, 242, 97, 185, 173, 157, 9, 242, 29, 159, 93,
       52, 242, 59, 188, 218, 159, 44, 252, 141, 232, 215, 189, 56, 97,
       253, 254, 156, 189, 236, 255, 83, 110, 187, 234, 235, 220, 163,
       99, 229, 40, 230, 122, 77, 223, 181, 43, 81, 15, 51, 255, 247, 36,
       85, 186, 82, 120, 233, 116, 114, 92, 56, 46, 212, 20, 245, 111,
       153, 172, 24, 5, 240, 29, 156, 73, 16, 242, 51, 189, 88, 87, 32,
       250, 60, 254, 127, 253, 62, 253, 249, 253, 253, 254, 254, 253, 93,
       126, 251, 238, 251, 220, 203, 107, 245, 120, 254, 190, 125, 175,
       167, 187, 125, 223, 127, 255, 247, 100, 125, 250, 214, 251, 249,
       125, 251, 93, 251, 62, 246, 167, 209, 127, 153, 173, 94, 5, 250,
       29, 157, 77, 144, 242, 123, 253, 223, 15, 42, 246, 156, 41, 251,
       245, 50, 101, 248, 255, 220, 248, 255, 181, 83, 198, 155, 234,
       235, 220, 99, 99, 205, 168, 230, 146, 77, 143, 183, 171, 65, 207,
       55, 250, 247, 36, 117, 186, 86, 120, 233, 116, 120, 92, 177, 46,
       244, 22, 209, 111, 153, 172, 24, 5, 240, 29, 156, 73, 16, 242, 51,
       189, 88, 86, 32, 250, 41, 150, 108, 44, 63, 125, 181, 124, 244,
       188, 222, 229, 108, 61, 46, 133, 253, 236, 195, 241, 241, 98, 91,
       244, 241, 61, 213, 178, 124, 87, 227, 231, 221, 104, 195, 180,
       255, 56, 233, 125, 124, 29, 58, 175, 212, 113, 246, 109, 184, 254,
       136, 9, 240, 29, 216, 73, 54, 243, 183, 189, 250, 215, 44, 218,
       57, 150, 124, 172, 63, 125, 177, 252, 253, 252, 254, 181, 125, 61,
       123, 229, 245, 252, 195, 248, 245, 114, 221, 246, 249, 45, 228,
       218, 125, 87, 255, 255, 253, 104, 215, 188, 223, 122, 233, 125,
       250, 93, 122, 46, 212, 231, 242, 109, 185, 172, 159, 13, 240, 29,
       157, 73, 54, 242, 63, 188, 218, 215, 44, 254, 252, 254, 255, 255,
       254, 255, 251, 249, 253, 253, 254, 255, 255, 127, 255, 252, 251,
       255, 255, 123, 253, 255, 191, 254, 255, 255, 247, 255, 255, 223,
       255, 255, 255, 239, 127, 255, 255, 255, 249, 255, 251, 93, 251,
       63, 223, 167, 255, 123, 175, 255, 159, 207, 252, 191, 159, 93,
       118, 246, 247, 255, 255, 223, 171, 190, 184, 221, 255, 223, 38,
       223, 223, 49, 255, 213, 93, 206, 223, 125, 126, 190, 189, 179,
       122, 191, 54, 127, 83, 247, 249, 119, 247, 252, 109, 246, 222,
       161, 158, 123, 227, 196, 222, 73, 250, 105, 125, 189, 191, 247,
       189, 252, 255, 46, 183, 154, 169, 203, 250, 237, 122, 223, 127,
       223, 126, 111, 115, 249, 207, 202, 43, 6, 0, 34, 31, 176, 165, 28,
       48, 58, 128, 101, 40, 15, 35, 5, 10, 116, 1, 208, 224, 34, 219,
       124, 64, 152, 16, 3, 90, 17, 33, 71, 93, 172, 221, 48, 115, 48,
       41, 52, 120, 68, 26, 142, 212, 65, 210, 73, 56, 252, 24, 5, 244,
       29, 220, 65, 18, 178, 183, 156, 202, 87, 36, 122, 45, 174, 239,
       169, 62, 253, 165, 127, 253, 253, 222, 253, 219, 61, 255, 207,
       137, 125, 235, 121, 245, 87, 90, 253, 125, 125, 29, 182, 125, 215,
       59, 207, 221, 200, 199, 32, 255, 249, 253, 60, 124, 61, 122, 183,
       85, 241, 119, 225, 59, 252, 173, 8, 215, 29, 218, 28, 62, 198,
       239, 253, 203, 223, 108, 222, 233, 222, 206, 207, 239, 255, 223,
       184, 191, 255, 60, 203, 191, 253, 127, 173, 239, 247, 252, 47,
       220, 223, 191, 124, 107, 247, 59, 54, 255, 83, 127, 63, 245, 231,
       249, 113, 119, 247, 254, 179, 243, 255, 106, 62, 159, 142, 88,
       177, 205, 217, 94, 181, 221, 239, 143, 239, 209, 252, 232, 31,
       215, 93, 18, 191, 43, 6, 68, 170, 63, 121, 168, 12, 116, 122, 90,
       37, 56, 46, 105, 229, 194, 212, 1, 112, 224, 32, 141, 120, 69,
       136, 160, 3, 90, 65, 49, 79, 245, 36, 85, 176, 119, 114, 169, 116,
       240, 92, 26, 14, 212, 23, 242, 73, 153, 172, 24, 5, 240, 29, 157,
       73, 16, 242, 55, 188, 88, 87, 32, 248, 254, 253, 255, 255, 119,
       255, 223, 127, 255, 255, 253, 251, 255, 254, 254, 222, 251, 247,
       122, 127, 191, 127, 243, 127, 253, 255, 247, 255, 127, 255, 254,
       235, 207, 111, 231, 255, 222, 125, 251, 125, 120, 223, 255, 111,
       255, 125, 245, 111, 191, 174, 155, 207, 242, 61, 223, 93, 120,
       246, 255, 255, 251, 255, 169, 254, 63, 53, 117, 188, 55, 165, 57,
       125, 182, 84, 213, 49, 125, 123, 180, 87, 242, 244, 67, 96, 240,
       34, 208, 55, 92, 168, 228, 89, 122, 24, 125, 233, 215, 36, 22,
       190, 210, 114, 129, 252, 210, 95, 24, 14, 208, 20, 193, 78, 153,
       164, 24, 13, 240, 28, 157, 73, 56, 242, 51, 188, 88, 86, 34, 249,
       125, 188, 255, 255, 126, 255, 255, 255, 253, 253, 222, 253, 255,
       254, 191, 254, 251, 253, 251, 107, 253, 127, 255, 255, 255, 239,
       254, 191, 127, 223, 127, 239, 223, 239, 231, 255, 215, 255, 253,
       127, 120, 221, 255, 47, 255, 191, 247, 107, 191, 252, 159, 223,
       244, 189, 156, 93, 116, 254, 255, 255, 251, 223, 175, 254, 251,
       221, 254, 127, 255, 255, 255, 187, 255, 191, 253, 251, 191, 218,
       230, 255, 255, 215, 190, 255, 191, 175, 231, 127, 239, 255, 247,
       255, 95, 115, 247, 254, 215, 255, 61, 119, 247, 253, 254, 119,
       123, 222, 235, 127, 255, 61, 255, 63, 253, 223, 62, 247, 252, 255,
       188, 239, 211, 255, 255, 255, 255, 125, 145, 190, 124, 191, 127,
       254, 126, 191, 251, 123, 244, 92, 222, 53, 125, 127, 249, 116,
       242, 213, 91, 102, 247, 47, 129, 119, 78, 234, 166, 157, 126, 94,
       124, 249, 246, 38, 85, 190, 82, 114, 217, 116, 250, 92, 24, 14,
       213, 135, 209, 79, 153, 172, 24, 5, 240, 29, 157, 73, 16, 242, 51,
       189, 88, 87, 34, 248, 126, 49, 125, 190, 118, 63, 123, 127, 247,
       92, 223, 53, 125, 126, 188, 246, 242, 213, 91, 100, 245, 51, 193,
       55, 76, 234, 172, 29, 83, 88, 125, 233, 242, 36, 20, 190, 82, 114,
       129, 244, 210, 223, 25, 14, 209, 22, 193, 78, 153, 172, 26, 5,
       248, 29, 157, 73, 16, 242, 59, 188, 88, 22, 34, 249, 118, 177,
       219, 247, 126, 134, 218, 35, 82, 175, 115, 242, 255, 66, 144, 82,
       118, 199, 52, 227, 199, 45, 195, 95, 173, 154, 231, 127, 66, 41,
       245, 126, 119, 172, 92, 191, 222, 124, 251, 247, 208, 78, 225, 78,
       243, 20, 209, 111, 155, 172, 24, 71, 240, 29, 157, 73, 80, 243,
       51, 251, 120, 119, 33, 255, 60, 246, 124, 253, 63, 189, 253, 113,
       125, 255, 212, 251, 253, 120, 188, 77, 250, 253, 227, 251, 245,
       116, 211, 251, 253, 126, 241, 247, 124, 87, 245, 239, 223, 32,
       215, 184, 255, 120, 249, 117, 120, 93, 123, 47, 213, 21, 247, 111,
       185, 172, 24, 5, 240, 29, 156, 73, 22, 242, 55, 189, 218, 87, 40,
       254, 50, 49, 81, 215, 122, 135, 218, 33, 194, 170, 83, 53, 245,
       66, 145, 80, 118, 211, 2, 2, 199, 45, 193, 207, 156, 138, 230, 79,
       2, 185, 245, 126, 103, 44, 12, 191, 222, 122, 195, 214, 208, 72,
       197, 74, 226, 4, 129, 79, 155, 172, 24, 71, 240, 24, 28, 73, 0,
       115, 51, 185, 120, 22, 32, 245, 63, 254, 125, 255, 191, 189, 255,
       121, 253, 255, 252, 251, 237, 123, 252, 93, 255, 255, 111, 123,
       244, 119, 218, 127, 253, 255, 247, 255, 127, 115, 119, 255, 223,
       236, 215, 190, 255, 121, 249, 127, 126, 95, 123, 175, 213, 49,
       247, 111, 185, 191, 24, 13, 240, 29, 158, 93, 56, 246, 247, 191,
       250, 223, 44, 254, 191, 252, 127, 255, 63, 189, 253, 121, 253,
       255, 253, 251, 255, 122, 244, 93, 255, 255, 127, 251, 245, 126,
       211, 127, 253, 255, 247, 255, 127, 247, 247, 255, 223, 236, 222,
