%YAML:1.0
descriptors: !!opencv-matrix
   rows: 174
   cols: 64
   dt: u
   data: [ 255, 186, 127, 247, 63, 247, 191, 248, 254, 255, 254, 251,
       255, 127, 242, 119, 255, 247, 103, 115, 245, 119, 195, 118, 205,
       255, 245, 127, 90, 94, 247, 251, 215, 44, 85, 190, 82, 120, 233,
       116, 120, 92, 56, 47, 213, 21, 245, 111, 153, 172, 24, 5, 240, 29,
       156, 73, 16, 242, 51, 189, 88, 87, 32, 250, 61, 254, 109, 232,
       191, 189, 183, 121, 253, 93, 222, 251, 253, 126, 252, 205, 249,
       253, 227, 240, 245, 118, 155, 245, 249, 125, 85, 246, 124, 215,
       247, 239, 223, 104, 223, 180, 255, 120, 233, 60, 125, 29, 122, 47,
       213, 245, 246, 111, 187, 253, 137, 13, 242, 29, 219, 89, 54, 210,
       183, 189, 218, 223, 108, 222, 243, 223, 255, 221, 230, 31, 223,
       178, 191, 223, 189, 202, 207, 249, 118, 191, 149, 247, 126, 191,
       126, 253, 50, 251, 255, 119, 255, 126, 189, 127, 214, 51, 250, 91,
       218, 109, 222, 125, 254, 233, 118, 191, 235, 253, 191, 250, 253,
       63, 247, 155, 148, 255, 217, 251, 223, 255, 127, 223, 112, 31,
       247, 249, 221, 187, 239, 206, 239, 233, 255, 255, 191, 217, 189,
       255, 168, 202, 139, 57, 255, 109, 129, 125, 127, 111, 252, 87,
       218, 120, 101, 253, 29, 55, 253, 83, 55, 159, 215, 241, 223, 107,
       210, 249, 237, 55, 118, 126, 122, 189, 215, 218, 252, 49, 157,
       157, 24, 37, 209, 253, 158, 62, 80, 206, 51, 189, 222, 223, 56,
       250, 253, 59, 247, 245, 118, 119, 233, 254, 252, 255, 210, 179,
       239, 219, 155, 207, 250, 253, 251, 111, 125, 223, 246, 191, 143,
       235, 190, 189, 254, 92, 118, 187, 115, 103, 254, 255, 214, 127,
       213, 117, 220, 68, 187, 158, 203, 163, 75, 246, 190, 189, 126,
       145, 242, 191, 157, 93, 204, 188, 99, 223, 223, 150, 45, 183, 47,
       182, 108, 32, 63, 253, 165, 17, 245, 126, 222, 101, 236, 61, 124,
       69, 217, 184, 67, 240, 241, 82, 89, 252, 213, 61, 93, 242, 124,
       215, 225, 227, 205, 104, 199, 36, 255, 56, 169, 120, 124, 29, 122,
       175, 212, 97, 246, 105, 184, 252, 136, 9, 242, 29, 218, 81, 62,
       243, 183, 180, 250, 219, 108, 90, 7, 2, 64, 35, 221, 160, 162, 72,
       32, 58, 2, 37, 160, 11, 129, 1, 66, 108, 129, 64, 193, 0, 10, 120,
       68, 136, 8, 7, 150, 9, 33, 71, 85, 160, 221, 50, 49, 176, 45, 6,
       69, 68, 10, 136, 64, 129, 64, 81, 24, 124, 24, 0, 245, 4, 140, 41,
       16, 32, 167, 132, 200, 71, 32, 112, 15, 134, 68, 35, 221, 184,
       163, 24, 60, 121, 130, 111, 168, 31, 232, 5, 74, 125, 129, 16,
       225, 2, 138, 120, 68, 156, 24, 39, 222, 67, 35, 71, 93, 224, 221,
       48, 117, 242, 45, 54, 101, 84, 74, 15, 69, 1, 126, 81, 152, 124,
       24, 4, 244, 133, 140, 41, 18, 224, 167, 172, 200, 87, 36, 126, 18,
       134, 77, 134, 38, 157, 157, 1, 182, 212, 21, 196, 157, 62, 52, 84,
       252, 246, 0, 33, 192, 112, 208, 98, 89, 148, 164, 89, 50, 184, 85,
       105, 151, 36, 87, 186, 90, 88, 233, 124, 112, 93, 56, 47, 212, 20,
       245, 111, 153, 172, 24, 5, 240, 29, 156, 73, 16, 242, 51, 189, 88,
       87, 32, 250, 61, 54, 247, 117, 254, 245, 251, 252, 252, 252, 210,
       55, 237, 127, 155, 85, 250, 253, 203, 122, 253, 107, 215, 254,
       156, 170, 246, 159, 254, 221, 247, 239, 127, 109, 199, 190, 223,
       50, 249, 125, 253, 93, 219, 158, 197, 225, 203, 79, 184, 188, 221,
       11, 242, 190, 156, 85, 44, 246, 119, 159, 250, 199, 44, 252, 58,
       151, 77, 222, 38, 157, 221, 49, 247, 214, 53, 208, 29, 123, 60,
       86, 246, 246, 64, 35, 212, 114, 209, 118, 89, 178, 165, 24, 122,
       216, 85, 105, 214, 44, 87, 178, 210, 88, 232, 125, 112, 95, 57,
       47, 212, 20, 245, 111, 155, 172, 152, 13, 240, 29, 156, 89, 16,
       242, 51, 189, 88, 215, 40, 250, 60, 49, 253, 180, 62, 245, 181,
       127, 244, 124, 214, 53, 253, 126, 185, 84, 251, 244, 67, 98, 245,
       118, 211, 247, 220, 186, 244, 153, 122, 220, 117, 235, 223, 44,
       87, 190, 222, 120, 233, 124, 120, 93, 60, 47, 212, 53, 247, 111,
       153, 172, 152, 13, 242, 29, 156, 89, 48, 242, 51, 189, 90, 215,
       40, 250, 62, 191, 253, 255, 63, 253, 255, 253, 255, 254, 255, 253,
       125, 126, 255, 245, 255, 246, 99, 99, 245, 123, 215, 118, 221,
       239, 247, 251, 123, 95, 247, 235, 215, 44, 87, 190, 214, 122, 249,
       117, 122, 93, 127, 47, 213, 55, 245, 111, 153, 172, 24, 5, 242,
       29, 157, 73, 16, 242, 51, 189, 90, 87, 32, 250, 61, 190, 125, 237,
       63, 253, 253, 124, 253, 252, 222, 245, 125, 62, 249, 229, 251,
       220, 195, 107, 245, 114, 199, 255, 237, 191, 229, 187, 127, 95,
       127, 255, 223, 100, 85, 190, 215, 122, 249, 117, 253, 93, 123, 47,
       244, 167, 247, 111, 185, 189, 159, 13, 242, 29, 159, 77, 52, 242,
       63, 189, 219, 95, 36, 254, 252, 58, 239, 249, 254, 127, 179, 253,
       253, 252, 254, 191, 125, 190, 251, 238, 251, 212, 123, 110, 125,
       147, 230, 52, 95, 237, 188, 169, 223, 223, 59, 187, 241, 36, 85,
       250, 82, 115, 237, 116, 250, 93, 24, 62, 213, 166, 192, 108, 153,
       173, 30, 5, 240, 29, 159, 73, 16, 240, 43, 188, 88, 86, 34, 248,
       62, 253, 253, 254, 54, 125, 125, 127, 247, 220, 221, 249, 127,
       127, 182, 95, 251, 246, 99, 123, 247, 126, 241, 247, 253, 191,
       247, 219, 127, 221, 252, 233, 199, 108, 151, 190, 222, 120, 249,
       117, 122, 223, 255, 175, 212, 53, 245, 111, 153, 172, 154, 13,
       240, 29, 158, 93, 56, 242, 123, 191, 123, 95, 46, 251, 118, 177,
       249, 150, 119, 134, 95, 78, 198, 70, 181, 240, 127, 234, 148, 94,
       242, 215, 38, 103, 195, 39, 225, 119, 204, 203, 225, 15, 83, 40,
       112, 105, 215, 36, 20, 190, 66, 120, 225, 244, 114, 202, 57, 47,
       209, 20, 245, 79, 153, 172, 24, 5, 112, 29, 156, 73, 16, 242, 51,
       189, 88, 87, 32, 251, 60, 191, 247, 172, 126, 111, 161, 127, 245,
       84, 222, 117, 127, 127, 188, 237, 251, 245, 99, 102, 245, 119,
       209, 247, 95, 238, 164, 157, 122, 222, 126, 233, 215, 36, 87, 190,
       82, 122, 233, 124, 124, 93, 60, 47, 213, 54, 245, 111, 153, 172,
       152, 13, 242, 29, 156, 73, 56, 242, 51, 189, 90, 87, 32, 250, 63,
       53, 245, 182, 127, 167, 89, 122, 230, 68, 215, 117, 239, 235, 144,
       84, 242, 213, 3, 99, 199, 45, 193, 119, 78, 138, 226, 15, 82, 8,
       112, 105, 215, 36, 84, 186, 82, 120, 193, 212, 208, 88, 24, 14,
       192, 20, 193, 79, 153, 164, 24, 5, 240, 28, 156, 73, 16, 242, 51,
       189, 88, 23, 32, 248, 214, 57, 187, 213, 38, 87, 220, 163, 78,
       134, 31, 150, 215, 196, 123, 90, 125, 211, 114, 199, 15, 189, 199,
       199, 191, 87, 247, 105, 130, 190, 214, 56, 66, 62, 141, 207, 202,
       125, 218, 81, 48, 105, 181, 105, 183, 60, 181, 62, 159, 174, 16,
       199, 58, 25, 20, 83, 81, 115, 120, 123, 125, 57, 233, 162, 253,
       59, 247, 245, 118, 55, 245, 254, 212, 253, 244, 243, 111, 251,
       147, 74, 251, 213, 127, 111, 245, 141, 229, 183, 142, 235, 185,
       143, 90, 76, 114, 251, 255, 39, 84, 186, 86, 124, 229, 244, 88,
       92, 58, 62, 217, 5, 211, 239, 153, 172, 29, 133, 240, 29, 156, 73,
       16, 242, 51, 157, 88, 87, 32, 250, 190, 49, 251, 246, 55, 103, 93,
       111, 214, 192, 213, 245, 127, 206, 146, 94, 251, 214, 98, 87, 119,
       46, 229, 55, 156, 155, 246, 89, 82, 248, 244, 232, 198, 44, 36,
       190, 222, 120, 211, 117, 88, 73, 181, 107, 216, 53, 165, 110, 155,
       174, 153, 207, 240, 28, 156, 65, 0, 178, 115, 251, 57, 23, 160,
       250, 126, 49, 249, 150, 246, 183, 31, 121, 198, 103, 209, 50, 237,
       10, 144, 87, 242, 215, 67, 101, 201, 39, 195, 117, 140, 138, 236,
       109, 82, 28, 241, 41, 87, 36, 20, 190, 82, 120, 129, 85, 112, 74,
       48, 15, 209, 28, 193, 79, 153, 172, 24, 5, 112, 29, 156, 73, 16,
       242, 51, 157, 88, 86, 32, 250, 253, 63, 247, 182, 222, 111, 33,
       255, 252, 124, 198, 55, 255, 255, 186, 77, 250, 245, 99, 100, 117,
       143, 147, 119, 94, 250, 188, 141, 250, 222, 122, 233, 199, 37, 87,
       186, 82, 114, 237, 124, 252, 85, 24, 143, 205, 53, 247, 237, 153,
