%YAML:1.0
descriptors: !!opencv-matrix
   rows: 107
   cols: 64
   dt: u
   data: [ 62, 252, 253, 255, 62, 253, 253, 125, 255, 255, 220, 253, 253,
       127, 252, 252, 255, 255, 227, 251, 245, 127, 219, 255, 253, 255,
       247, 255, 127, 255, 255, 239, 223, 236, 223, 190, 255, 123, 249,
       125, 124, 221, 251, 47, 213, 181, 247, 111, 187, 254, 153, 15,
       240, 29, 158, 93, 62, 247, 255, 191, 251, 223, 46, 254, 254, 173,
       187, 254, 35, 95, 120, 239, 87, 250, 213, 251, 115, 194, 182, 222,
       255, 155, 113, 87, 215, 189, 243, 19, 223, 219, 243, 239, 67, 252,
       182, 235, 199, 38, 87, 186, 219, 124, 233, 124, 112, 93, 181, 111,
       255, 21, 183, 111, 153, 174, 24, 71, 240, 29, 156, 65, 16, 242,
       115, 189, 91, 87, 161, 250, 127, 253, 255, 255, 55, 255, 253, 255,
       255, 255, 221, 249, 255, 255, 255, 223, 255, 255, 123, 251, 183,
       127, 247, 127, 253, 255, 247, 255, 127, 255, 254, 235, 207, 126,
       247, 254, 223, 125, 251, 125, 124, 255, 255, 239, 255, 245, 247,
       111, 191, 190, 158, 207, 240, 61, 252, 93, 57, 247, 127, 255, 251,
       255, 175, 250, 61, 243, 125, 190, 55, 119, 191, 122, 244, 222,
       253, 243, 125, 126, 180, 77, 251, 253, 99, 99, 245, 39, 193, 119,
       77, 255, 181, 175, 82, 30, 115, 235, 215, 36, 87, 186, 83, 120,
       233, 116, 120, 92, 56, 47, 213, 53, 247, 111, 153, 172, 24, 5,
       240, 29, 156, 73, 16, 242, 51, 189, 88, 87, 32, 250, 255, 245,
       253, 254, 55, 63, 127, 122, 247, 223, 253, 250, 127, 251, 180,
       127, 243, 245, 119, 103, 117, 247, 241, 119, 205, 255, 241, 63,
       123, 94, 118, 233, 210, 36, 22, 190, 210, 120, 249, 245, 122, 223,
       57, 47, 213, 21, 245, 111, 153, 172, 24, 5, 248, 29, 156, 73, 24,
       242, 51, 189, 88, 87, 34, 251, 189, 254, 255, 252, 126, 127, 247,
       250, 253, 252, 254, 255, 127, 127, 255, 237, 251, 253, 103, 99,
       245, 103, 228, 247, 109, 255, 181, 191, 127, 95, 115, 251, 215,
       36, 85, 186, 87, 122, 233, 116, 250, 93, 58, 47, 213, 55, 247,
       111, 153, 172, 24, 5, 240, 29, 157, 73, 16, 242, 51, 189, 90, 87,
       32, 250, 253, 254, 255, 253, 254, 127, 251, 255, 253, 255, 254,
       255, 255, 255, 251, 237, 251, 253, 255, 107, 253, 223, 255, 253,
       255, 255, 127, 183, 255, 95, 127, 255, 255, 111, 255, 255, 255,
       255, 253, 117, 253, 93, 251, 62, 223, 167, 251, 245, 189, 189, 30,
       141, 250, 191, 157, 93, 212, 252, 247, 255, 223, 223, 44, 254,
       190, 255, 127, 223, 255, 253, 223, 121, 255, 213, 253, 251, 255,
       126, 252, 253, 251, 247, 126, 123, 247, 127, 147, 119, 253, 255,
       247, 63, 127, 251, 247, 191, 215, 109, 223, 222, 218, 121, 251,
       127, 123, 221, 251, 63, 213, 62, 253, 63, 157, 191, 153, 13, 248,
       189, 158, 93, 112, 246, 115, 191, 251, 223, 44, 254, 252, 252,
       254, 253, 63, 119, 253, 247, 189, 255, 252, 185, 95, 238, 191,
       238, 185, 220, 251, 251, 253, 255, 255, 191, 253, 111, 246, 247,
       89, 213, 255, 239, 255, 187, 183, 103, 255, 253, 249, 127, 122,
       255, 255, 127, 255, 183, 119, 123, 191, 238, 126, 215, 252, 255,
       220, 92, 214, 255, 255, 255, 255, 250, 235, 246, 243, 245, 121,
       246, 255, 140, 95, 8, 246, 103, 53, 250, 191, 106, 180, 85, 246,
       247, 52, 115, 207, 126, 145, 110, 236, 214, 243, 127, 210, 59,
       245, 41, 210, 44, 22, 158, 194, 121, 243, 247, 82, 202, 61, 73,
       209, 28, 245, 31, 145, 172, 16, 5, 104, 25, 156, 73, 24, 242, 51,
       189, 88, 87, 32, 185, 199, 239, 210, 87, 217, 8, 199, 200, 42, 57,
       34, 123, 162, 75, 194, 89, 98, 213, 173, 35, 79, 175, 170, 106,
       78, 222, 51, 43, 150, 10, 35, 95, 87, 167, 124, 187, 112, 252,
       111, 246, 65, 116, 40, 95, 201, 28, 253, 151, 201, 165, 88, 36,
       208, 22, 141, 107, 16, 120, 48, 63, 92, 85, 49, 186, 255, 252,
       238, 255, 255, 190, 223, 25, 255, 127, 253, 250, 175, 127, 236,
       125, 243, 247, 63, 247, 255, 119, 155, 125, 119, 255, 251, 63,
       254, 123, 231, 255, 151, 237, 215, 127, 251, 249, 253, 127, 126,
       222, 107, 237, 213, 89, 253, 51, 191, 223, 24, 45, 253, 245, 222,
       255, 120, 254, 247, 191, 250, 215, 188, 222, 251, 221, 108, 95,
       255, 191, 223, 145, 191, 117, 189, 234, 190, 121, 118, 253, 245,
       179, 126, 255, 255, 247, 51, 116, 243, 119, 253, 126, 255, 247,
       223, 179, 203, 125, 194, 125, 219, 89, 250, 251, 126, 223, 107,
       191, 213, 123, 255, 63, 189, 223, 144, 15, 252, 253, 219, 255,
       123, 247, 245, 191, 243, 251, 188, 219, 238, 205, 238, 189, 255,
       127, 246, 135, 61, 253, 236, 239, 158, 254, 127, 239, 249, 185,
       123, 247, 125, 215, 119, 48, 83, 127, 189, 247, 249, 215, 246,
       163, 205, 57, 71, 247, 251, 117, 237, 124, 122, 29, 116, 191, 221,
       125, 247, 236, 253, 236, 158, 157, 209, 127, 152, 211, 114, 253,
       117, 181, 127, 243, 26, 234, 59, 178, 125, 167, 255, 253, 155, 60,
       255, 125, 86, 125, 189, 63, 249, 244, 254, 247, 65, 96, 252, 115,
       211, 117, 221, 232, 236, 127, 126, 217, 253, 239, 213, 36, 87,
       190, 87, 122, 169, 124, 244, 93, 90, 46, 213, 134, 244, 111, 153,
       172, 24, 5, 242, 29, 157, 73, 16, 242, 51, 188, 90, 87, 32, 250,
       59, 254, 255, 239, 63, 253, 253, 13, 253, 255, 254, 253, 189, 127,
       125, 253, 255, 190, 227, 59, 244, 118, 219, 127, 245, 255, 245,
       243, 127, 243, 255, 239, 223, 232, 207, 52, 255, 248, 249, 127,
       125, 93, 107, 173, 213, 245, 247, 107, 187, 254, 152, 13, 244, 5,
       222, 93, 54, 242, 247, 189, 251, 223, 40, 254, 191, 254, 125, 237,
       255, 253, 243, 120, 255, 253, 222, 255, 253, 63, 252, 253, 251,
       245, 255, 57, 253, 115, 154, 124, 237, 255, 125, 119, 127, 95,
       255, 255, 223, 233, 223, 55, 246, 251, 253, 63, 253, 221, 106, 63,
       213, 163, 252, 115, 189, 253, 157, 45, 253, 229, 159, 111, 118,
       222, 182, 173, 218, 223, 52, 254, 123, 252, 253, 171, 255, 191,
       223, 25, 255, 247, 189, 250, 191, 63, 244, 93, 251, 247, 127, 121,
       185, 87, 219, 125, 117, 255, 253, 63, 127, 91, 119, 239, 199, 236,
       159, 223, 194, 121, 237, 126, 114, 223, 108, 173, 215, 92, 244,
       55, 157, 173, 24, 13, 248, 189, 158, 125, 24, 246, 123, 189, 219,
       223, 56, 250, 55, 182, 116, 37, 189, 176, 155, 24, 242, 29, 213,
       105, 236, 89, 0, 17, 244, 239, 3, 243, 241, 98, 83, 244, 196, 58,
       224, 255, 124, 20, 225, 227, 223, 108, 214, 190, 91, 56, 233, 117,
       124, 92, 58, 143, 209, 113, 243, 79, 152, 190, 24, 1, 240, 29,
       156, 73, 48, 242, 51, 157, 120, 87, 36, 251, 60, 54, 125, 132,
       190, 189, 59, 113, 236, 86, 215, 52, 221, 127, 185, 68, 242, 252,
       67, 96, 241, 112, 18, 244, 220, 56, 228, 221, 108, 156, 253, 233,
       223, 92, 215, 174, 202, 122, 137, 93, 60, 29, 25, 135, 244, 165,
       231, 79, 155, 174, 137, 15, 242, 29, 158, 89, 40, 243, 27, 189,
       122, 151, 108, 250, 196, 41, 211, 215, 81, 66, 93, 206, 198, 225,
       1, 251, 35, 194, 134, 90, 107, 85, 48, 103, 15, 173, 230, 35, 79,
       223, 179, 47, 19, 40, 18, 45, 215, 39, 52, 187, 16, 124, 247, 116,
       112, 106, 184, 107, 175, 28, 125, 238, 217, 164, 120, 149, 241,
       26, 180, 75, 16, 250, 49, 63, 88, 85, 177, 250, 215, 33, 146, 55,
       81, 2, 58, 198, 18, 170, 64, 55, 146, 130, 131, 90, 106, 11, 185,
       71, 73, 141, 199, 2, 134, 202, 250, 205, 194, 40, 162, 34, 23, 49,
       52, 243, 49, 124, 5, 116, 64, 72, 60, 72, 235, 29, 195, 236, 93,
       174, 56, 21, 241, 122, 60, 235, 82, 189, 53, 49, 28, 86, 48, 235,
       46, 172, 239, 170, 55, 255, 181, 127, 253, 254, 222, 181, 123,
       190, 191, 238, 155, 124, 99, 249, 177, 87, 219, 253, 125, 253,
       156, 183, 127, 223, 63, 239, 205, 108, 231, 186, 223, 126, 233,
       62, 120, 221, 119, 47, 215, 245, 119, 233, 191, 172, 185, 141,
       242, 29, 252, 92, 56, 226, 191, 253, 251, 223, 40, 254, 239, 223,
       239, 125, 255, 253, 255, 24, 189, 253, 252, 203, 143, 125, 124,
       205, 137, 253, 190, 63, 254, 127, 90, 123, 101, 255, 23, 182, 125,
