%YAML:1.0
descriptors: !!opencv-matrix
   rows: 153
   cols: 64
   dt: u
   data: [ 63, 180, 253, 182, 63, 181, 191, 125, 246, 252, 215, 117, 253,
       126, 178, 84, 250, 214, 67, 99, 245, 35, 195, 119, 204, 186, 244,
       143, 82, 28, 245, 235, 215, 36, 85, 190, 83, 120, 233, 116, 120,
       92, 56, 47, 213, 21, 247, 111, 153, 172, 24, 5, 240, 29, 156, 73,
       16, 242, 51, 189, 88, 87, 32, 250, 61, 54, 253, 182, 63, 183, 63,
       123, 246, 252, 222, 55, 253, 126, 179, 87, 251, 245, 67, 98, 241,
       39, 211, 119, 220, 254, 244, 31, 90, 92, 117, 235, 215, 36, 85,
       190, 82, 120, 233, 124, 120, 93, 56, 47, 213, 21, 245, 111, 153,
       172, 24, 5, 240, 29, 156, 73, 16, 242, 51, 189, 88, 87, 32, 250,
       186, 240, 125, 246, 191, 189, 223, 57, 222, 127, 245, 251, 253,
       90, 180, 84, 246, 183, 71, 211, 245, 126, 147, 126, 180, 190, 231,
       251, 126, 251, 245, 238, 207, 236, 142, 190, 255, 121, 249, 253,
       90, 223, 247, 15, 208, 117, 183, 79, 187, 190, 153, 15, 250, 29,
       222, 81, 52, 242, 247, 191, 187, 159, 172, 223, 39, 182, 101, 35,
       253, 184, 131, 88, 236, 95, 130, 119, 237, 27, 201, 85, 226, 229,
       3, 112, 225, 70, 19, 116, 68, 252, 121, 45, 222, 26, 97, 59, 213,
       44, 215, 186, 90, 56, 169, 116, 116, 84, 26, 143, 213, 193, 244,
       69, 152, 189, 24, 1, 240, 29, 156, 73, 16, 242, 51, 188, 88, 87,
       36, 250, 62, 242, 125, 138, 247, 157, 31, 88, 238, 70, 187, 58,
       253, 62, 253, 85, 242, 247, 67, 116, 73, 112, 129, 116, 204, 212,
       249, 41, 210, 30, 245, 41, 208, 36, 215, 190, 74, 120, 137, 116,
       48, 92, 24, 45, 212, 148, 244, 76, 155, 172, 16, 5, 240, 29, 156,
       89, 16, 242, 51, 188, 88, 215, 32, 248, 58, 249, 253, 222, 54,
       221, 221, 33, 255, 254, 63, 248, 189, 126, 125, 254, 255, 146, 98,
       187, 215, 118, 211, 231, 249, 247, 247, 123, 110, 251, 215, 234,
       199, 60, 199, 182, 254, 88, 250, 121, 112, 221, 229, 109, 180,
       116, 245, 111, 187, 174, 137, 79, 242, 29, 220, 93, 54, 243, 122,
       253, 123, 251, 232, 250, 108, 45, 239, 184, 18, 103, 37, 127, 213,
       206, 236, 176, 83, 174, 183, 238, 203, 92, 99, 101, 49, 148, 244,
       183, 93, 169, 164, 137, 67, 220, 56, 233, 224, 6, 38, 186, 18,
       124, 1, 252, 122, 206, 52, 47, 86, 55, 69, 238, 155, 44, 58, 4,
       224, 29, 148, 88, 152, 242, 43, 248, 89, 86, 42, 243, 10, 4, 44,
       188, 39, 63, 60, 39, 53, 102, 85, 128, 25, 44, 60, 6, 132, 88, 65,
       240, 176, 114, 208, 51, 88, 40, 132, 208, 112, 244, 61, 193, 193,
       56, 130, 168, 203, 104, 128, 105, 58, 139, 21, 9, 244, 53, 231,
       78, 27, 170, 153, 15, 98, 29, 155, 28, 24, 227, 59, 184, 123, 210,
       42, 227, 45, 182, 109, 105, 190, 253, 191, 112, 184, 255, 202,
       253, 204, 125, 249, 69, 233, 237, 227, 106, 245, 103, 90, 253, 69,
       127, 181, 246, 124, 87, 115, 231, 223, 104, 223, 188, 127, 184,
       233, 117, 124, 92, 122, 175, 213, 225, 247, 107, 184, 236, 24, 5,
       240, 29, 156, 73, 22, 242, 183, 189, 218, 87, 32, 250, 60, 53,
       237, 152, 54, 127, 117, 127, 245, 196, 213, 176, 93, 254, 188, 78,
       251, 244, 99, 99, 245, 119, 208, 247, 221, 255, 164, 157, 114,
       220, 116, 233, 199, 44, 71, 190, 218, 120, 233, 124, 120, 93, 52,
       47, 213, 52, 245, 110, 153, 172, 152, 13, 240, 29, 156, 89, 48,
       242, 115, 189, 91, 215, 40, 250, 126, 49, 251, 214, 50, 131, 89,
       111, 70, 226, 213, 48, 119, 226, 176, 82, 242, 215, 96, 99, 135,
       61, 193, 119, 140, 138, 226, 15, 82, 140, 244, 105, 215, 36, 20,
       186, 82, 120, 193, 84, 80, 72, 53, 47, 209, 20, 193, 111, 153,
       172, 24, 5, 240, 29, 156, 73, 16, 242, 51, 189, 88, 22, 32, 250,
       8, 69, 44, 152, 2, 93, 116, 119, 37, 196, 45, 128, 16, 184, 52,
       166, 137, 120, 65, 237, 22, 114, 240, 163, 89, 35, 132, 0, 113,
       148, 28, 129, 136, 16, 50, 168, 131, 72, 192, 168, 50, 187, 52,
       39, 180, 54, 103, 110, 19, 168, 171, 12, 80, 29, 147, 28, 49, 227,
       51, 252, 65, 210, 14, 203, 125, 190, 247, 163, 254, 245, 171, 252,
       254, 255, 210, 127, 237, 63, 155, 245, 251, 245, 219, 42, 252, 67,
       222, 124, 109, 232, 60, 55, 94, 89, 115, 255, 117, 229, 221, 63,
       116, 251, 237, 119, 253, 84, 74, 190, 71, 138, 217, 49, 188, 252,
       28, 37, 247, 181, 157, 239, 196, 254, 178, 172, 222, 207, 48, 246,
       115, 86, 125, 150, 46, 21, 29, 45, 230, 118, 57, 144, 61, 185, 52,
       86, 246, 214, 4, 97, 216, 160, 248, 60, 92, 137, 161, 10, 83, 25,
       113, 111, 241, 164, 84, 58, 82, 120, 161, 246, 82, 94, 104, 15,
       208, 20, 196, 77, 153, 172, 24, 5, 240, 29, 156, 73, 16, 242, 51,
       188, 88, 86, 32, 253, 35, 22, 4, 130, 143, 157, 129, 17, 54, 94,
       18, 5, 13, 61, 121, 5, 68, 246, 65, 176, 208, 114, 152, 96, 104,
       32, 4, 0, 60, 80, 25, 67, 117, 104, 219, 32, 126, 66, 8, 32, 229,
       85, 10, 142, 68, 230, 192, 77, 176, 29, 24, 12, 182, 1, 143, 89,
       50, 66, 58, 148, 66, 143, 44, 240, 122, 158, 249, 171, 255, 221,
       139, 141, 255, 255, 90, 93, 189, 46, 187, 244, 255, 215, 25, 42,
       204, 33, 206, 124, 125, 200, 56, 47, 94, 91, 123, 111, 85, 229,
       93, 51, 118, 251, 237, 118, 241, 92, 106, 46, 87, 142, 253, 49,
       157, 204, 24, 37, 244, 181, 156, 235, 208, 254, 186, 189, 218, 95,
       48, 246, 66, 4, 128, 3, 201, 130, 10, 13, 162, 35, 1, 10, 160, 3,
       3, 17, 102, 7, 16, 0, 200, 7, 203, 108, 68, 192, 184, 47, 18, 41,
       1, 110, 85, 165, 20, 59, 18, 169, 39, 70, 64, 64, 8, 8, 129, 92,
       201, 17, 17, 140, 24, 5, 53, 24, 156, 235, 16, 114, 50, 60, 88,
       85, 48, 250, 69, 5, 1, 18, 192, 134, 7, 65, 166, 100, 3, 0, 145,
       171, 144, 6, 66, 33, 0, 100, 138, 131, 16, 33, 94, 128, 140, 13,
       2, 136, 8, 0, 0, 5, 70, 155, 0, 32, 7, 206, 132, 66, 8, 130, 0,
       72, 64, 134, 17, 36, 16, 0, 33, 88, 5, 139, 24, 106, 1, 176, 8, 4,
       48, 225, 198, 234, 195, 215, 216, 198, 207, 201, 175, 239, 43,
       255, 147, 239, 251, 237, 235, 213, 60, 47, 14, 141, 174, 105, 111,
       215, 59, 47, 151, 11, 50, 63, 115, 231, 125, 219, 82, 245, 255,
       54, 113, 124, 232, 126, 143, 28, 93, 177, 205, 173, 86, 181, 221,
       247, 164, 234, 208, 124, 32, 47, 220, 93, 49, 182, 197, 45, 131,
       17, 216, 130, 6, 207, 130, 33, 1, 18, 130, 194, 130, 10, 66, 69,
       57, 70, 10, 141, 202, 11, 78, 194, 154, 47, 146, 8, 18, 14, 67,
       39, 84, 187, 0, 124, 71, 86, 0, 96, 0, 74, 73, 28, 9, 147, 85, 36,
       16, 52, 17, 122, 148, 163, 80, 104, 49, 57, 76, 68, 49, 250, 69,
       11, 131, 84, 96, 2, 108, 70, 0, 160, 1, 6, 194, 229, 131, 10, 170,
       93, 57, 103, 14, 173, 194, 115, 78, 218, 146, 12, 80, 12, 48, 73,
       87, 55, 117, 187, 16, 124, 215, 84, 112, 104, 184, 110, 237, 28,
       229, 239, 25, 172, 24, 85, 241, 92, 156, 75, 17, 250, 51, 191, 72,
       117, 1, 250, 64, 3, 129, 146, 200, 2, 2, 66, 0, 0, 1, 0, 0, 193,
       128, 0, 98, 69, 1, 102, 194, 45, 128, 99, 78, 138, 130, 13, 146,
       8, 16, 73, 82, 39, 20, 186, 0, 112, 71, 84, 0, 96, 24, 74, 72, 28,
       193, 206, 25, 36, 16, 4, 112, 24, 140, 73, 16, 114, 51, 157, 72,
       70, 33, 248, 66, 1, 129, 146, 64, 134, 2, 7, 2, 2, 17, 0, 17, 130,
       17, 2, 10, 81, 0, 68, 138, 5, 194, 3, 12, 192, 140, 13, 2, 136,
       16, 8, 5, 36, 85, 187, 2, 104, 7, 64, 32, 64, 20, 9, 21, 28, 129,
       78, 17, 44, 24, 4, 49, 25, 20, 10, 16, 98, 51, 185, 72, 84, 48,
       250, 197, 42, 195, 65, 217, 162, 175, 216, 40, 43, 130, 127, 194,
       205, 203, 73, 234, 85, 63, 102, 207, 141, 138, 121, 78, 222, 59,
       39, 150, 15, 51, 31, 87, 167, 93, 219, 80, 253, 109, 22, 113, 100,
       72, 30, 77, 12, 221, 145, 220, 44, 24, 53, 209, 255, 140, 235, 80,
       252, 177, 61, 76, 85, 48, 182, 62, 255, 255, 254, 54, 253, 253,
       127, 255, 214, 221, 252, 127, 63, 255, 255, 255, 254, 99, 251,
       181, 119, 211, 247, 253, 255, 245, 255, 127, 255, 246, 235, 223,
       124, 215, 190, 223, 120, 249, 125, 124, 221, 127, 47, 245, 181,
