%YAML:1.0
descriptors: !!opencv-matrix
   rows: 134
   cols: 64
   dt: u
   data: [ 63, 254, 253, 255, 63, 189, 255, 121, 255, 255, 253, 251, 253,
       123, 252, 93, 255, 247, 99, 251, 245, 119, 211, 255, 253, 255,
       247, 255, 126, 223, 247, 235, 223, 108, 215, 190, 222, 120, 249,
       125, 124, 95, 123, 47, 213, 53, 247, 111, 185, 172, 24, 13, 240,
       29, 156, 93, 56, 242, 115, 189, 250, 215, 40, 250, 253, 190, 255,
       183, 255, 255, 187, 248, 252, 255, 222, 119, 255, 127, 250, 244,
       251, 213, 99, 99, 245, 39, 195, 127, 207, 255, 253, 191, 218, 31,
       115, 239, 215, 36, 85, 190, 82, 120, 233, 116, 120, 92, 56, 47,
       213, 53, 245, 111, 153, 172, 24, 5, 240, 29, 156, 73, 16, 242, 51,
       189, 88, 87, 32, 250, 63, 254, 255, 253, 62, 189, 253, 121, 255,
       255, 253, 251, 255, 127, 252, 93, 247, 255, 103, 123, 245, 118,
       211, 127, 253, 255, 247, 255, 126, 127, 247, 239, 215, 108, 215,
       190, 223, 121, 249, 125, 120, 93, 123, 47, 213, 53, 247, 111, 185,
       174, 24, 15, 240, 29, 156, 93, 16, 242, 115, 191, 250, 223, 40,
       250, 29, 167, 221, 118, 32, 153, 252, 98, 114, 190, 85, 209, 220,
       115, 132, 82, 230, 219, 33, 99, 197, 100, 193, 243, 205, 154, 165,
       255, 74, 12, 177, 107, 215, 36, 85, 186, 83, 120, 233, 124, 112,
       92, 57, 47, 212, 20, 247, 111, 153, 172, 24, 5, 240, 29, 156, 73,
       16, 242, 51, 189, 88, 87, 32, 250, 255, 246, 125, 191, 255, 189,
       191, 249, 254, 255, 252, 251, 253, 123, 246, 125, 243, 215, 103,
       99, 253, 39, 211, 124, 205, 255, 253, 127, 90, 95, 247, 255, 215,
       44, 85, 190, 82, 120, 233, 116, 120, 92, 120, 47, 213, 21, 245,
       111, 153, 172, 24, 5, 240, 29, 156, 73, 16, 242, 51, 189, 88, 87,
       32, 250, 125, 62, 245, 166, 254, 255, 55, 124, 252, 125, 254, 117,
       253, 127, 186, 244, 251, 221, 99, 97, 245, 35, 195, 119, 77, 239,
       188, 175, 82, 14, 115, 235, 215, 36, 85, 186, 83, 120, 233, 116,
       120, 92, 56, 47, 213, 21, 247, 111, 153, 172, 24, 5, 240, 29, 156,
       73, 16, 242, 51, 189, 88, 87, 32, 250, 63, 242, 125, 239, 191,
       189, 255, 248, 255, 255, 254, 251, 253, 123, 253, 117, 242, 255,
       79, 123, 245, 115, 195, 126, 237, 255, 245, 255, 126, 95, 247,
       255, 215, 44, 85, 190, 95, 121, 233, 117, 248, 92, 123, 47, 213,
       23, 247, 111, 153, 172, 24, 5, 240, 29, 157, 73, 16, 242, 51, 189,
       218, 87, 32, 254, 253, 50, 245, 183, 255, 247, 63, 124, 244, 255,
       248, 113, 255, 126, 178, 102, 251, 213, 99, 99, 249, 35, 227, 119,
       76, 239, 189, 47, 82, 30, 115, 235, 215, 36, 85, 186, 82, 120,
       233, 244, 120, 92, 56, 47, 213, 20, 245, 111, 153, 172, 24, 5,
       240, 29, 156, 73, 16, 242, 51, 189, 88, 87, 32, 250, 254, 48, 125,
       183, 255, 231, 63, 124, 244, 255, 253, 117, 255, 239, 176, 118,
       251, 213, 103, 99, 233, 163, 227, 55, 76, 223, 189, 175, 82, 14,
       115, 235, 211, 36, 85, 186, 82, 120, 233, 244, 120, 92, 56, 47,
       213, 21, 245, 111, 153, 172, 24, 5, 240, 29, 156, 73, 16, 242, 51,
       189, 88, 87, 32, 250, 191, 252, 253, 247, 62, 189, 253, 121, 255,
       255, 253, 251, 255, 123, 244, 93, 242, 244, 103, 123, 245, 126,
       211, 127, 253, 190, 231, 187, 126, 255, 117, 239, 215, 108, 86,
       190, 222, 120, 249, 253, 90, 95, 123, 47, 208, 53, 245, 111, 185,
       172, 24, 15, 240, 29, 156, 93, 24, 242, 115, 191, 251, 223, 40,
       251, 20, 178, 93, 214, 61, 185, 188, 120, 118, 186, 215, 241, 237,
       119, 136, 80, 246, 214, 65, 115, 197, 100, 195, 243, 205, 158,
       225, 123, 122, 12, 161, 107, 223, 36, 85, 186, 82, 120, 233, 116,
       112, 92, 56, 47, 212, 21, 245, 111, 153, 172, 24, 5, 240, 29, 156,
       73, 16, 242, 51, 189, 88, 87, 32, 250, 63, 151, 252, 246, 55, 181,
       221, 59, 55, 254, 85, 241, 189, 123, 176, 87, 246, 214, 33, 243,
       229, 36, 193, 115, 77, 154, 224, 91, 90, 88, 245, 107, 215, 36,
       85, 186, 83, 120, 233, 117, 112, 92, 58, 47, 212, 20, 245, 111,
       153, 172, 24, 5, 240, 29, 156, 73, 16, 242, 51, 189, 88, 87, 32,
       250, 115, 212, 92, 159, 239, 223, 95, 60, 191, 101, 61, 140, 189,
       63, 108, 255, 245, 247, 28, 189, 156, 115, 251, 45, 209, 225, 232,
       126, 123, 121, 221, 111, 185, 173, 16, 53, 202, 195, 182, 251,
       214, 223, 109, 47, 145, 30, 236, 55, 149, 194, 223, 45, 61, 249,
       151, 239, 120, 255, 187, 188, 251, 214, 62, 221, 186, 241, 125,
       150, 55, 57, 93, 26, 246, 3, 181, 250, 63, 10, 36, 95, 246, 182,
       102, 213, 49, 246, 177, 102, 164, 178, 225, 91, 115, 184, 212,
       168, 202, 44, 134, 254, 202, 120, 129, 253, 90, 203, 53, 9, 208,
       117, 180, 76, 147, 174, 144, 13, 104, 25, 222, 81, 56, 178, 51,
       152, 56, 214, 46, 219, 77, 102, 100, 169, 248, 127, 163, 244, 56,
       254, 234, 59, 76, 59, 251, 231, 203, 252, 137, 104, 249, 193, 142,
       184, 77, 105, 153, 163, 253, 78, 51, 223, 241, 32, 85, 186, 85,
       242, 161, 116, 246, 94, 58, 30, 84, 131, 210, 73, 153, 173, 28, 5,
       240, 29, 157, 73, 22, 242, 51, 188, 90, 86, 32, 249, 52, 49, 81,
       54, 16, 0, 40, 110, 66, 168, 210, 53, 112, 130, 129, 82, 98, 198,
       1, 64, 65, 160, 197, 150, 140, 136, 224, 137, 66, 8, 177, 104,
       112, 36, 52, 186, 90, 114, 1, 212, 144, 64, 24, 14, 66, 4, 193,
       78, 153, 36, 88, 5, 112, 28, 28, 73, 128, 242, 19, 152, 88, 6, 34,
       241, 59, 245, 108, 170, 23, 125, 21, 11, 247, 68, 189, 186, 61,
       62, 253, 93, 251, 246, 99, 240, 113, 82, 145, 116, 116, 245, 241,
       57, 251, 218, 94, 169, 132, 108, 151, 190, 194, 120, 169, 124, 50,
       223, 60, 169, 84, 212, 244, 108, 153, 172, 152, 12, 248, 29, 156,
       89, 56, 242, 123, 188, 90, 223, 46, 250, 12, 34, 101, 177, 248,
       189, 42, 113, 72, 126, 66, 53, 193, 70, 217, 96, 226, 205, 67, 98,
       205, 36, 128, 219, 12, 8, 164, 133, 80, 14, 49, 219, 115, 36, 85,
       186, 80, 122, 193, 84, 208, 84, 24, 14, 68, 134, 194, 79, 153, 44,
       24, 5, 240, 29, 157, 73, 0, 242, 51, 188, 72, 22, 32, 240, 159,
       177, 245, 244, 255, 234, 255, 94, 164, 5, 213, 121, 111, 95, 182,
       89, 235, 221, 51, 99, 231, 45, 226, 115, 46, 223, 179, 191, 215,
       45, 115, 239, 215, 39, 92, 154, 82, 112, 249, 119, 121, 92, 56,
       111, 213, 29, 245, 111, 153, 180, 24, 5, 240, 29, 156, 73, 16,
       242, 51, 191, 88, 87, 36, 250, 126, 185, 255, 253, 255, 123, 255,
       238, 253, 244, 223, 253, 127, 126, 191, 252, 251, 212, 59, 110,
       231, 57, 230, 51, 111, 223, 242, 191, 255, 107, 127, 239, 151,
       231, 21, 250, 118, 115, 249, 119, 113, 221, 253, 127, 253, 157,
       253, 110, 157, 172, 95, 133, 240, 55, 148, 73, 208, 246, 59, 191,
       89, 15, 183, 254, 157, 255, 119, 101, 189, 48, 225, 254, 248, 221,
       246, 121, 111, 91, 192, 201, 226, 212, 141, 107, 101, 40, 172,
       114, 110, 139, 33, 27, 255, 9, 48, 63, 244, 102, 124, 250, 86,
       115, 153, 245, 215, 86, 26, 30, 200, 2, 216, 198, 136, 53, 94, 5,
       248, 158, 143, 73, 16, 240, 35, 158, 88, 87, 38, 249, 182, 177,
       217, 158, 83, 198, 31, 14, 198, 71, 61, 254, 191, 110, 182, 124,
       251, 215, 32, 103, 65, 39, 227, 103, 78, 223, 181, 47, 83, 138,
       114, 41, 215, 36, 85, 186, 82, 120, 233, 116, 112, 92, 56, 43,
       213, 20, 245, 110, 153, 172, 24, 5, 240, 29, 156, 73, 16, 242, 51,
       189, 88, 87, 32, 250, 141, 250, 198, 101, 253, 248, 174, 216, 56,
       57, 234, 127, 238, 87, 226, 105, 169, 169, 175, 155, 229, 69, 59,
       248, 231, 127, 89, 243, 252, 79, 227, 215, 223, 249, 223, 32, 125,
       184, 249, 55, 125, 28, 106, 63, 221, 97, 255, 121, 184, 255, 8, 7,
       244, 247, 218, 73, 54, 215, 151, 135, 218, 115, 164, 94, 250, 217,
       92, 222, 247, 203, 95, 60, 127, 65, 189, 249, 191, 254, 228, 255,
       247, 151, 60, 213, 15, 59, 163, 55, 229, 207, 233, 61, 115, 123,
       220, 41, 218, 45, 52, 223, 66, 115, 211, 245, 211, 223, 125, 47,
       217, 31, 253, 46, 133, 166, 82, 5, 106, 63, 151, 75, 24, 246, 59,
