%YAML:1.0
descriptors: !!opencv-matrix
   rows: 161
   cols: 64
   dt: u
   data: [ 255, 254, 254, 235, 255, 255, 255, 187, 255, 255, 252, 251,
       191, 255, 254, 253, 255, 255, 255, 251, 253, 87, 255, 253, 243,
       127, 127, 255, 255, 223, 255, 247, 223, 239, 223, 119, 255, 253,
       253, 127, 127, 223, 106, 191, 221, 255, 255, 243, 255, 255, 158,
       189, 253, 237, 223, 255, 126, 255, 255, 191, 251, 251, 254, 254,
       255, 253, 255, 255, 255, 255, 255, 255, 255, 247, 255, 252, 255,
       255, 255, 254, 255, 255, 123, 255, 191, 127, 255, 255, 255, 255,
       255, 255, 127, 255, 255, 255, 223, 255, 255, 223, 223, 255, 255,
       127, 123, 221, 253, 127, 255, 191, 255, 191, 223, 255, 255, 255,
       252, 253, 246, 255, 249, 255, 251, 255, 251, 255, 255, 254, 61,
       55, 125, 182, 54, 189, 59, 121, 246, 252, 215, 119, 253, 123, 184,
       86, 254, 223, 67, 99, 245, 37, 211, 246, 221, 186, 244, 223, 82,
       28, 241, 233, 215, 36, 85, 190, 83, 120, 233, 124, 120, 92, 56,
       47, 213, 53, 247, 111, 153, 172, 24, 5, 240, 29, 156, 73, 16, 242,
       51, 189, 88, 87, 32, 250, 186, 241, 121, 190, 255, 141, 95, 9,
       246, 71, 181, 250, 191, 106, 180, 93, 246, 247, 4, 113, 227, 50,
       177, 118, 252, 158, 241, 63, 211, 184, 245, 233, 210, 44, 22, 190,
       202, 120, 161, 253, 82, 219, 61, 15, 209, 20, 244, 79, 153, 164,
       16, 5, 104, 29, 156, 73, 16, 242, 51, 189, 88, 87, 34, 251, 13,
       22, 68, 34, 157, 32, 33, 92, 160, 60, 194, 53, 44, 27, 137, 65,
       226, 212, 3, 96, 225, 2, 137, 60, 76, 136, 168, 11, 210, 12, 49,
       111, 113, 36, 84, 186, 82, 114, 33, 116, 208, 84, 24, 14, 64, 5,
       192, 77, 153, 44, 24, 4, 240, 29, 141, 73, 16, 242, 35, 188, 88,
       86, 32, 248, 46, 54, 237, 136, 30, 181, 7, 117, 244, 254, 176, 16,
       93, 24, 185, 71, 251, 244, 67, 96, 241, 19, 223, 53, 92, 169, 172,
       47, 82, 92, 49, 235, 197, 44, 87, 186, 90, 120, 161, 116, 112, 92,
       48, 47, 84, 116, 208, 79, 153, 172, 24, 5, 240, 29, 156, 73, 16,
       242, 51, 188, 88, 87, 32, 250, 63, 180, 249, 171, 159, 224, 167,
       77, 253, 251, 216, 249, 253, 47, 173, 93, 251, 180, 163, 80, 233,
       83, 219, 125, 229, 221, 121, 175, 91, 91, 97, 239, 213, 236, 95,
       190, 119, 249, 109, 118, 109, 76, 126, 41, 87, 85, 125, 243, 185,
       188, 24, 4, 242, 149, 252, 105, 24, 178, 167, 189, 154, 95, 32,
       118, 30, 176, 205, 131, 62, 249, 147, 116, 126, 190, 86, 117, 221,
       62, 187, 224, 251, 212, 65, 96, 193, 17, 203, 121, 45, 232, 168,
       47, 90, 79, 51, 107, 213, 36, 85, 186, 94, 122, 233, 116, 240, 92,
       56, 46, 213, 20, 245, 111, 153, 172, 24, 5, 240, 29, 156, 73, 16,
       242, 59, 189, 88, 23, 32, 250, 205, 254, 238, 233, 253, 254, 191,
       216, 61, 255, 232, 251, 206, 59, 238, 77, 137, 253, 191, 107, 253,
       117, 90, 120, 101, 255, 27, 183, 252, 119, 35, 215, 223, 209, 223,
       11, 243, 249, 253, 55, 125, 124, 106, 189, 247, 217, 255, 49, 188,
       223, 24, 37, 213, 245, 222, 190, 94, 222, 183, 175, 222, 219, 124,
       254, 63, 182, 253, 143, 190, 245, 159, 124, 255, 255, 222, 253,
       253, 63, 187, 244, 251, 213, 99, 97, 249, 115, 206, 125, 237, 237,
       188, 63, 126, 89, 127, 239, 213, 108, 85, 190, 86, 121, 233, 124,
       124, 93, 123, 47, 213, 52, 245, 111, 153, 172, 24, 5, 240, 29,
       156, 73, 16, 242, 51, 189, 218, 87, 32, 254, 6, 48, 221, 135, 63,
       128, 158, 12, 230, 170, 9, 96, 189, 39, 179, 81, 251, 215, 0, 97,
       193, 39, 66, 101, 196, 196, 228, 111, 18, 8, 49, 98, 215, 36, 87,
       190, 82, 120, 169, 116, 112, 92, 56, 47, 213, 84, 213, 111, 153,
       172, 24, 5, 240, 29, 156, 73, 16, 242, 51, 189, 88, 87, 32, 250,
       16, 13, 145, 220, 32, 142, 92, 67, 7, 196, 7, 132, 17, 228, 60,
       30, 189, 18, 32, 39, 134, 44, 192, 67, 221, 150, 166, 92, 0, 170,
       28, 41, 134, 54, 97, 138, 128, 72, 218, 73, 33, 185, 181, 99, 175,
       20, 245, 110, 209, 162, 161, 223, 34, 24, 52, 67, 1, 83, 122, 235,
       113, 37, 129, 234, 190, 253, 255, 220, 54, 221, 221, 43, 255, 197,
       61, 218, 223, 252, 124, 94, 253, 247, 118, 191, 182, 127, 210,
       231, 253, 247, 247, 127, 102, 251, 214, 169, 134, 126, 103, 158,
       202, 121, 250, 125, 112, 253, 245, 111, 191, 116, 245, 111, 151,
       170, 137, 207, 250, 29, 190, 85, 57, 243, 114, 255, 251, 253, 173,
       250, 69, 207, 239, 249, 200, 158, 231, 67, 57, 127, 42, 75, 138,
       253, 255, 13, 137, 125, 185, 34, 222, 109, 26, 123, 95, 223, 23,
       38, 252, 67, 51, 71, 215, 195, 93, 33, 112, 252, 255, 34, 116, 60,
       234, 231, 85, 16, 245, 243, 153, 204, 24, 117, 213, 93, 156, 10,
       23, 206, 115, 175, 202, 119, 145, 254, 254, 253, 255, 189, 118,
       255, 255, 121, 253, 223, 253, 255, 255, 252, 254, 255, 251, 213,
       119, 103, 252, 39, 194, 119, 77, 255, 189, 191, 83, 94, 118, 171,
       215, 36, 85, 186, 82, 120, 233, 116, 120, 92, 56, 47, 213, 20,
       245, 111, 153, 172, 24, 5, 240, 29, 156, 73, 16, 242, 51, 189, 88,
       87, 32, 250, 252, 59, 255, 245, 50, 117, 121, 255, 220, 255, 215,
       183, 223, 248, 147, 254, 250, 221, 251, 111, 127, 189, 230, 190,
       157, 234, 182, 251, 90, 205, 118, 187, 115, 38, 116, 255, 214,
       127, 241, 245, 216, 92, 187, 126, 251, 37, 195, 127, 159, 172, 28,
       197, 240, 31, 156, 77, 80, 242, 115, 255, 95, 22, 33, 254, 51,
       148, 92, 134, 47, 221, 157, 9, 63, 101, 31, 206, 189, 126, 36, 85,
       253, 183, 32, 179, 196, 118, 211, 103, 209, 214, 241, 127, 50,
       186, 215, 99, 151, 44, 87, 190, 218, 88, 234, 124, 112, 93, 40,
       47, 149, 20, 245, 111, 145, 174, 24, 5, 240, 29, 156, 73, 16, 242,
       50, 189, 88, 87, 32, 250, 250, 221, 255, 254, 38, 127, 125, 55,
       117, 221, 125, 219, 127, 252, 54, 254, 189, 223, 125, 255, 118,
       253, 225, 243, 255, 239, 243, 254, 123, 246, 254, 233, 214, 54,
       48, 252, 223, 124, 250, 253, 122, 255, 253, 111, 253, 23, 247,
       110, 157, 174, 27, 199, 250, 29, 156, 77, 25, 247, 115, 255, 121,
       127, 131, 250, 187, 222, 255, 237, 255, 189, 159, 248, 190, 127,
       213, 218, 223, 125, 54, 93, 246, 247, 111, 99, 252, 119, 210, 121,
       238, 254, 245, 126, 254, 85, 247, 235, 215, 36, 84, 190, 82, 121,
       233, 118, 112, 95, 120, 47, 213, 20, 245, 111, 153, 172, 24, 5,
       240, 29, 156, 73, 16, 242, 51, 189, 88, 87, 34, 251, 222, 9, 174,
       220, 103, 71, 88, 103, 52, 226, 245, 136, 95, 232, 54, 78, 172,
       221, 48, 247, 78, 189, 226, 51, 94, 203, 178, 92, 81, 148, 52, 41,
       215, 54, 20, 186, 82, 120, 210, 244, 114, 126, 189, 111, 209, 28,
       229, 110, 153, 172, 24, 5, 240, 29, 156, 73, 17, 242, 115, 191,
       88, 118, 163, 251, 154, 217, 158, 222, 39, 91, 220, 34, 23, 152,
       85, 207, 190, 252, 38, 30, 189, 147, 36, 187, 198, 63, 193, 115,
       233, 222, 243, 126, 91, 115, 246, 106, 215, 60, 81, 180, 223, 72,
       250, 113, 112, 255, 185, 111, 245, 20, 245, 111, 153, 170, 25, 71,
       240, 29, 156, 73, 17, 243, 115, 191, 113, 119, 131, 251, 183, 53,
       208, 182, 253, 162, 93, 10, 246, 121, 149, 115, 175, 75, 134, 85,
       234, 215, 37, 115, 197, 47, 163, 119, 78, 223, 243, 47, 210, 41,
       97, 111, 215, 36, 84, 186, 82, 120, 233, 117, 80, 92, 56, 175,
       209, 16, 245, 79, 153, 164, 24, 5, 240, 28, 156, 73, 16, 242, 51,
       189, 88, 87, 32, 250, 60, 185, 255, 222, 54, 127, 253, 126, 215,
       244, 213, 255, 127, 254, 182, 94, 251, 215, 99, 99, 247, 63, 195,
       247, 205, 251, 246, 127, 83, 221, 246, 235, 223, 36, 85, 190, 86,
       120, 233, 116, 112, 93, 185, 47, 213, 52, 245, 111, 153, 172, 25,
       5, 240, 29, 156, 73, 16, 242, 51, 189, 88, 87, 32, 250, 254, 253,
       255, 223, 54, 95, 217, 239, 255, 253, 127, 255, 255, 255, 254,
       254, 251, 215, 50, 99, 207, 173, 231, 119, 223, 223, 247, 63, 83,
       155, 118, 107, 215, 36, 85, 190, 82, 122, 251, 124, 240, 92, 185,
       47, 213, 22, 245, 111, 153, 172, 24, 5, 240, 29, 156, 73, 16, 242,
