%YAML:1.0
descriptors: !!opencv-matrix
   rows: 119
   cols: 64
   dt: u
   data: [ 60, 190, 255, 237, 190, 253, 249, 125, 255, 253, 222, 253,
       255, 127, 255, 252, 255, 223, 227, 107, 245, 127, 223, 255, 253,
       255, 244, 255, 127, 223, 255, 239, 215, 108, 87, 190, 255, 251,
       249, 125, 125, 93, 251, 47, 213, 53, 247, 111, 185, 172, 153, 13,
       242, 29, 156, 93, 62, 246, 119, 189, 219, 95, 46, 254, 254, 185,
       251, 255, 54, 119, 253, 255, 215, 253, 253, 251, 119, 210, 182,
       94, 255, 223, 115, 103, 247, 63, 231, 215, 221, 223, 247, 239, 83,
       222, 246, 234, 199, 44, 71, 190, 91, 120, 233, 116, 120, 93, 53,
       47, 213, 53, 183, 111, 153, 172, 24, 5, 240, 29, 156, 73, 16, 242,
       51, 189, 88, 87, 32, 250, 239, 252, 255, 239, 255, 255, 247, 216,
       255, 253, 172, 235, 255, 127, 254, 253, 255, 255, 255, 255, 253,
       119, 59, 252, 247, 255, 253, 255, 255, 223, 247, 247, 223, 237,
       87, 255, 251, 249, 253, 254, 123, 223, 122, 63, 213, 127, 255,
       119, 189, 237, 154, 45, 253, 253, 156, 235, 54, 254, 183, 189,
       218, 95, 54, 250, 254, 253, 255, 255, 119, 127, 255, 255, 255,
       255, 253, 250, 255, 254, 255, 255, 255, 255, 123, 255, 255, 255,
       247, 183, 255, 255, 255, 255, 127, 255, 246, 235, 207, 63, 215,
       255, 223, 125, 255, 125, 122, 125, 247, 255, 255, 253, 247, 239,
       255, 174, 158, 223, 241, 125, 220, 215, 113, 255, 123, 255, 251,
       255, 249, 250, 252, 249, 255, 253, 54, 127, 249, 255, 221, 252,
       255, 191, 127, 254, 251, 254, 251, 223, 123, 111, 255, 255, 231,
       183, 255, 239, 247, 255, 127, 223, 254, 251, 239, 45, 117, 254,
       215, 127, 249, 125, 250, 93, 247, 62, 255, 183, 243, 111, 191,
       173, 159, 207, 250, 29, 157, 93, 112, 246, 123, 255, 123, 30, 43,
       254, 61, 186, 255, 237, 62, 253, 187, 248, 253, 253, 222, 255,
       253, 127, 251, 236, 251, 221, 107, 107, 245, 101, 198, 119, 77,
       255, 181, 191, 126, 79, 119, 255, 215, 36, 85, 186, 86, 122, 233,
       116, 120, 93, 122, 46, 213, 23, 245, 111, 153, 172, 24, 5, 240,
       29, 156, 73, 16, 242, 51, 189, 88, 87, 32, 250, 191, 254, 125,
       255, 63, 189, 255, 120, 255, 255, 253, 251, 255, 123, 244, 93,
       243, 245, 127, 107, 245, 119, 211, 127, 237, 255, 247, 63, 127,
       91, 119, 235, 215, 108, 220, 254, 214, 121, 249, 253, 122, 223,
       123, 63, 213, 21, 245, 111, 153, 173, 24, 5, 248, 29, 158, 77, 16,
       246, 51, 189, 90, 223, 32, 251, 62, 245, 125, 214, 255, 157, 95,
       41, 214, 68, 253, 114, 253, 122, 180, 84, 246, 215, 70, 114, 247,
       122, 129, 118, 252, 190, 231, 89, 246, 248, 221, 169, 134, 108,
       20, 158, 206, 113, 211, 253, 82, 219, 149, 79, 208, 20, 245, 79,
       147, 166, 145, 13, 120, 29, 158, 89, 56, 242, 123, 155, 120, 159,
       42, 249, 61, 190, 247, 237, 62, 253, 177, 253, 253, 252, 222, 253,
       125, 63, 251, 237, 251, 252, 235, 106, 245, 115, 222, 252, 253,
       109, 52, 179, 125, 223, 127, 255, 253, 104, 87, 190, 215, 242,
       249, 125, 255, 93, 122, 190, 213, 167, 247, 107, 185, 189, 223,
       13, 242, 29, 157, 77, 60, 246, 127, 189, 219, 207, 46, 254, 189,
       255, 255, 253, 54, 125, 253, 255, 255, 221, 253, 251, 255, 127,
       254, 255, 251, 213, 127, 107, 117, 127, 231, 119, 237, 255, 247,
       187, 127, 95, 118, 251, 215, 108, 117, 254, 214, 121, 249, 245,
       122, 95, 251, 63, 213, 55, 245, 111, 157, 173, 30, 5, 248, 29,
       158, 77, 16, 246, 115, 191, 123, 95, 38, 251, 190, 253, 127, 223,
       55, 125, 221, 251, 255, 213, 255, 251, 255, 122, 252, 221, 251,
       215, 103, 127, 119, 62, 209, 119, 253, 255, 245, 59, 127, 94, 246,
       185, 198, 44, 87, 254, 210, 121, 249, 117, 112, 93, 57, 47, 213,
       22, 245, 111, 153, 173, 24, 13, 248, 29, 157, 73, 16, 242, 115,
       189, 90, 95, 32, 250, 109, 110, 101, 184, 56, 125, 39, 120, 253,
       126, 234, 177, 105, 191, 252, 231, 139, 252, 227, 104, 253, 226,
       152, 190, 77, 253, 149, 179, 121, 14, 51, 203, 217, 4, 215, 186,
       81, 248, 233, 124, 124, 92, 58, 175, 85, 225, 246, 107, 152, 173,
       28, 4, 224, 29, 142, 12, 16, 226, 51, 189, 202, 215, 32, 178, 183,
       245, 125, 222, 55, 15, 93, 11, 247, 71, 61, 250, 191, 106, 180,
       95, 242, 247, 52, 119, 7, 62, 145, 102, 252, 215, 247, 59, 83, 59,
       212, 105, 210, 44, 22, 222, 194, 121, 243, 245, 114, 219, 61, 111,
       213, 20, 245, 79, 145, 172, 16, 5, 120, 29, 156, 73, 16, 242, 49,
       189, 88, 87, 32, 251, 37, 35, 117, 130, 17, 6, 33, 78, 228, 68,
       130, 52, 97, 47, 145, 69, 226, 212, 3, 100, 65, 2, 129, 54, 76,
       136, 164, 9, 210, 12, 48, 41, 80, 36, 85, 186, 66, 112, 1, 84, 16,
       64, 24, 14, 64, 0, 192, 76, 153, 44, 24, 4, 112, 28, 140, 73, 16,
       242, 35, 188, 88, 70, 32, 248, 126, 48, 121, 164, 127, 162, 251,
       122, 212, 186, 210, 117, 101, 2, 128, 82, 242, 221, 151, 81, 225,
       48, 129, 95, 172, 154, 234, 143, 82, 109, 101, 254, 115, 172, 156,
       191, 127, 126, 129, 245, 200, 204, 215, 72, 194, 5, 130, 95, 250,
       190, 26, 135, 232, 180, 252, 105, 196, 178, 191, 218, 28, 22, 176,
       52, 250, 249, 219, 255, 118, 143, 93, 171, 223, 197, 125, 250,
       191, 226, 116, 126, 247, 151, 124, 255, 14, 191, 225, 103, 191,
       223, 247, 127, 67, 251, 214, 188, 130, 191, 36, 223, 239, 93, 250,
       255, 83, 223, 229, 121, 187, 30, 253, 63, 199, 163, 147, 207, 108,
       39, 191, 255, 89, 247, 120, 123, 125, 60, 147, 191, 116, 52, 113,
       162, 88, 134, 39, 75, 194, 66, 128, 48, 117, 134, 176, 80, 242,
       197, 3, 100, 193, 1, 9, 7, 206, 136, 104, 13, 2, 12, 248, 105, 64,
       7, 84, 191, 0, 112, 5, 212, 0, 66, 16, 3, 64, 28, 68, 198, 153,
       36, 16, 4, 96, 24, 4, 73, 16, 248, 35, 188, 88, 70, 32, 240, 199,
       38, 193, 7, 217, 130, 131, 200, 170, 61, 2, 115, 162, 75, 130, 81,
       226, 213, 13, 35, 193, 47, 170, 124, 78, 218, 56, 47, 146, 8, 33,
       79, 87, 39, 92, 187, 114, 120, 109, 244, 65, 84, 24, 15, 201, 16,
       217, 87, 137, 36, 24, 4, 240, 30, 156, 73, 16, 240, 51, 189, 88,
       87, 32, 248, 124, 190, 253, 173, 255, 255, 187, 121, 254, 127,
       222, 255, 253, 126, 252, 252, 251, 213, 123, 99, 245, 119, 211,
       119, 221, 255, 253, 191, 94, 223, 119, 235, 215, 36, 87, 190, 82,
       120, 233, 124, 120, 93, 56, 47, 213, 21, 245, 111, 153, 172, 24,
       5, 240, 29, 156, 73, 16, 242, 51, 189, 88, 87, 32, 250, 63, 182,
       125, 40, 246, 189, 167, 113, 254, 94, 222, 55, 253, 61, 121, 117,
       244, 255, 67, 244, 113, 82, 17, 244, 212, 44, 108, 220, 252, 214,
       253, 161, 252, 104, 199, 172, 255, 114, 137, 120, 252, 21, 30,
       142, 84, 231, 246, 76, 186, 61, 137, 13, 242, 29, 219, 89, 62,
       242, 31, 180, 122, 219, 110, 208, 251, 220, 254, 255, 255, 111,
       221, 191, 255, 125, 253, 251, 191, 250, 118, 253, 255, 247, 126,
       251, 245, 223, 191, 127, 247, 255, 243, 127, 255, 123, 255, 255,
       223, 237, 62, 255, 246, 117, 249, 255, 83, 223, 239, 127, 217, 23,
       253, 127, 205, 183, 222, 141, 252, 191, 159, 77, 120, 246, 255,
       191, 255, 159, 190, 221, 252, 184, 255, 253, 58, 127, 250, 247,
       89, 254, 222, 191, 95, 244, 251, 250, 255, 219, 251, 235, 253,
       189, 239, 159, 221, 127, 247, 246, 73, 231, 247, 254, 223, 178,
       101, 52, 255, 250, 248, 127, 120, 93, 247, 111, 247, 55, 247, 107,
       191, 238, 24, 71, 244, 29, 156, 73, 23, 243, 247, 255, 251, 119,
       161, 254, 125, 254, 255, 239, 255, 255, 243, 120, 255, 253, 222,
       253, 255, 127, 253, 253, 251, 247, 251, 59, 253, 127, 223, 253,
       255, 127, 125, 183, 127, 223, 255, 255, 223, 239, 255, 55, 255,
       251, 253, 127, 253, 93, 235, 183, 221, 171, 255, 179, 191, 253,
       143, 237, 255, 245, 159, 255, 126, 254, 255, 239, 251, 223, 191,
       222, 254, 244, 125, 255, 255, 191, 95, 121, 255, 255, 253, 250,
       255, 122, 180, 95, 242, 247, 127, 115, 253, 119, 211, 127, 253,
       255, 255, 127, 91, 121, 245, 239, 215, 44, 22, 255, 218, 121, 249,
