%YAML:1.0
descriptors: !!opencv-matrix
   rows: 131
   cols: 64
   dt: u
   data: [ 63, 254, 237, 255, 62, 189, 253, 57, 253, 255, 221, 249, 255,
       127, 252, 93, 187, 255, 99, 251, 245, 118, 211, 255, 253, 255,
       247, 191, 126, 255, 245, 239, 223, 124, 215, 190, 255, 121, 249,
       125, 124, 93, 251, 47, 245, 53, 247, 111, 187, 174, 153, 15, 242,
       29, 156, 93, 62, 243, 119, 191, 251, 223, 44, 254, 255, 246, 127,
       239, 255, 245, 251, 248, 255, 255, 244, 251, 239, 123, 246, 125,
       250, 247, 127, 123, 253, 119, 255, 124, 237, 255, 251, 255, 127,
       91, 247, 255, 247, 236, 222, 191, 246, 121, 249, 247, 94, 94, 122,
       63, 209, 21, 217, 127, 157, 189, 24, 5, 240, 189, 156, 77, 16,
       246, 51, 157, 218, 95, 34, 255, 63, 254, 253, 255, 63, 253, 253,
       121, 255, 255, 221, 255, 255, 127, 252, 125, 255, 247, 99, 123,
       245, 126, 211, 255, 253, 255, 247, 255, 126, 255, 255, 239, 223,
       108, 215, 190, 222, 121, 249, 125, 120, 221, 251, 47, 213, 53,
       247, 111, 187, 190, 152, 15, 240, 29, 158, 93, 48, 242, 119, 191,
       251, 223, 44, 254, 31, 181, 221, 126, 55, 185, 220, 26, 243, 154,
       213, 241, 236, 115, 164, 83, 238, 214, 35, 243, 199, 46, 193, 119,
       197, 154, 226, 223, 82, 44, 181, 106, 223, 46, 85, 190, 91, 120,
       249, 117, 120, 92, 56, 111, 213, 85, 247, 111, 153, 174, 24, 5,
       240, 29, 156, 73, 16, 242, 51, 191, 88, 87, 160, 250, 186, 248,
       127, 247, 191, 241, 251, 184, 223, 185, 213, 255, 255, 122, 210,
       252, 246, 151, 94, 219, 253, 127, 231, 254, 173, 250, 247, 255,
       127, 255, 247, 254, 255, 237, 172, 246, 255, 187, 249, 255, 219,
       223, 231, 126, 243, 39, 155, 127, 191, 255, 143, 203, 252, 181,
       255, 117, 102, 247, 255, 219, 251, 191, 238, 223, 252, 253, 255,
       253, 114, 47, 255, 251, 223, 221, 255, 255, 255, 254, 254, 254,
       242, 221, 255, 111, 63, 175, 211, 247, 255, 238, 247, 255, 126,
       223, 254, 191, 239, 39, 116, 255, 214, 127, 255, 253, 219, 255,
       253, 126, 239, 175, 223, 239, 205, 167, 57, 223, 248, 63, 159, 77,
       80, 254, 123, 255, 127, 46, 179, 250, 125, 248, 126, 207, 254,
       255, 95, 112, 127, 127, 60, 249, 255, 251, 252, 253, 243, 215,
       125, 109, 205, 81, 175, 61, 239, 239, 237, 127, 127, 79, 253, 63,
       241, 101, 20, 191, 82, 119, 181, 244, 210, 222, 88, 15, 217, 158,
       200, 23, 141, 173, 94, 5, 249, 125, 143, 207, 208, 254, 59, 188,
       88, 86, 50, 185, 127, 252, 252, 175, 255, 191, 95, 124, 255, 119,
       253, 184, 191, 191, 236, 255, 243, 247, 57, 124, 253, 87, 235, 61,
       239, 233, 232, 127, 127, 121, 253, 111, 213, 229, 148, 191, 194,
       247, 181, 247, 246, 223, 79, 47, 221, 158, 236, 23, 151, 245, 30,
       164, 111, 253, 159, 239, 120, 190, 187, 190, 217, 222, 54, 253,
       109, 46, 246, 185, 56, 127, 167, 243, 60, 254, 234, 55, 208, 191,
       249, 231, 195, 249, 227, 106, 253, 167, 220, 179, 89, 125, 157,
       166, 88, 198, 51, 211, 251, 0, 87, 186, 85, 122, 233, 124, 124,
       92, 58, 166, 213, 163, 199, 111, 153, 172, 24, 5, 240, 29, 157,
       73, 18, 242, 51, 189, 90, 86, 32, 250, 43, 254, 108, 170, 31, 125,
       133, 27, 253, 94, 188, 248, 61, 63, 236, 221, 219, 244, 39, 176,
       241, 82, 153, 116, 117, 245, 121, 49, 127, 90, 123, 225, 140, 108,
       215, 190, 242, 120, 233, 124, 126, 223, 62, 173, 85, 81, 244, 109,
       185, 189, 152, 12, 242, 21, 206, 93, 56, 242, 55, 189, 90, 223,
       44, 218, 124, 251, 126, 255, 255, 255, 251, 115, 127, 93, 127,
       253, 63, 254, 253, 253, 242, 213, 93, 110, 247, 63, 165, 63, 111,
       238, 175, 15, 87, 95, 252, 255, 242, 39, 92, 187, 82, 119, 221,
       244, 211, 223, 216, 30, 217, 142, 201, 222, 141, 45, 86, 5, 249,
       125, 143, 203, 208, 254, 59, 158, 88, 30, 50, 185, 88, 49, 145,
       180, 16, 34, 56, 102, 66, 32, 209, 16, 116, 128, 130, 82, 246,
       198, 3, 69, 11, 168, 225, 18, 140, 136, 224, 201, 66, 12, 240,
       105, 112, 37, 52, 190, 66, 120, 1, 214, 16, 64, 16, 14, 202, 12,
       193, 76, 137, 36, 80, 5, 96, 30, 148, 73, 144, 242, 49, 152, 92,
       6, 32, 241, 13, 238, 101, 233, 184, 253, 165, 248, 57, 125, 234,
       251, 205, 61, 237, 233, 203, 252, 175, 104, 244, 64, 24, 248, 109,
       253, 25, 179, 253, 71, 59, 223, 213, 66, 253, 154, 80, 250, 253,
       54, 245, 53, 122, 55, 85, 135, 124, 225, 136, 181, 60, 52, 211,
       159, 143, 12, 20, 196, 35, 173, 218, 79, 36, 190, 76, 43, 247,
       177, 48, 191, 170, 119, 88, 222, 66, 53, 195, 135, 217, 194, 202,
       205, 203, 111, 253, 5, 66, 211, 77, 24, 188, 133, 64, 4, 48, 137,
       87, 4, 85, 187, 81, 126, 193, 116, 216, 84, 24, 14, 195, 5, 195,
       110, 153, 44, 24, 5, 240, 29, 157, 73, 20, 242, 51, 189, 72, 87,
       32, 242, 157, 51, 87, 229, 189, 176, 225, 250, 144, 221, 230, 113,
       231, 91, 128, 65, 226, 204, 157, 107, 225, 44, 172, 123, 46, 154,
       35, 131, 222, 9, 32, 63, 118, 103, 60, 250, 118, 245, 13, 181,
       209, 68, 154, 22, 200, 129, 88, 215, 136, 53, 126, 53, 248, 190,
       142, 73, 144, 240, 35, 142, 72, 23, 37, 185, 250, 221, 218, 223,
       255, 223, 223, 141, 95, 241, 61, 251, 191, 254, 126, 252, 255,
       151, 60, 119, 76, 189, 167, 119, 255, 207, 249, 47, 211, 251, 222,
       59, 183, 37, 84, 254, 82, 115, 233, 244, 210, 223, 124, 47, 213,
       30, 253, 111, 157, 172, 26, 5, 248, 29, 157, 73, 16, 242, 51, 189,
       88, 95, 34, 249, 108, 175, 254, 249, 114, 255, 173, 247, 61, 254,
       202, 189, 87, 190, 251, 239, 251, 221, 251, 110, 253, 21, 223,
       187, 95, 125, 190, 165, 93, 214, 62, 171, 197, 3, 127, 187, 213,
       126, 237, 116, 120, 93, 118, 63, 95, 181, 119, 246, 189, 172, 126,
       157, 242, 29, 156, 89, 150, 250, 107, 189, 91, 79, 40, 242, 120,
       53, 245, 58, 218, 167, 101, 83, 230, 36, 204, 52, 125, 238, 181,
       85, 242, 244, 67, 100, 179, 46, 25, 183, 214, 40, 100, 141, 114,
       156, 248, 224, 234, 46, 6, 158, 66, 50, 21, 222, 26, 195, 20, 142,
       76, 251, 7, 134, 169, 36, 208, 8, 106, 28, 135, 81, 56, 242, 107,
       156, 88, 134, 42, 241, 159, 218, 206, 237, 255, 253, 222, 176, 61,
       253, 126, 219, 158, 127, 126, 237, 253, 255, 253, 187, 245, 127,
       239, 121, 107, 127, 113, 118, 125, 87, 255, 247, 223, 249, 217,
       100, 247, 219, 248, 55, 255, 159, 235, 63, 213, 167, 255, 115,
       189, 223, 159, 13, 254, 229, 155, 237, 119, 215, 246, 175, 211,
       251, 164, 222, 243, 244, 216, 30, 255, 2, 95, 142, 242, 37, 181,
       250, 190, 234, 38, 93, 244, 179, 54, 213, 203, 143, 51, 108, 230,
       203, 248, 127, 211, 57, 205, 103, 151, 173, 6, 255, 202, 53, 163,
       255, 82, 202, 12, 11, 217, 88, 157, 13, 213, 166, 26, 7, 104, 58,
       156, 227, 24, 183, 177, 61, 188, 84, 50, 233, 252, 57, 243, 147,
       209, 199, 98, 239, 206, 225, 214, 191, 247, 198, 155, 222, 123,
       147, 251, 71, 31, 143, 239, 5, 159, 219, 254, 111, 195, 143, 242,
       174, 195, 39, 101, 255, 20, 247, 79, 94, 216, 85, 181, 226, 15,
       60, 41, 180, 223, 44, 251, 184, 241, 127, 180, 243, 192, 252, 97,
       121, 31, 5, 51, 254, 252, 253, 218, 219, 215, 215, 94, 209, 79,
       239, 41, 186, 182, 142, 182, 95, 255, 215, 61, 111, 11, 157, 239,
       45, 206, 215, 251, 111, 211, 75, 246, 59, 210, 7, 189, 255, 66,
       125, 127, 118, 48, 202, 236, 125, 159, 28, 125, 180, 197, 141,
       118, 180, 235, 250, 164, 239, 208, 188, 97, 95, 93, 117, 49, 178,
       248, 153, 158, 219, 226, 223, 210, 165, 95, 249, 126, 143, 190,
       246, 123, 254, 255, 147, 249, 183, 93, 157, 247, 149, 219, 127,
       255, 110, 203, 211, 254, 178, 239, 47, 67, 245, 223, 71, 238, 120,
       112, 93, 244, 62, 221, 62, 191, 182, 191, 200, 159, 237, 247, 125,
       152, 251, 87, 255, 127, 189, 91, 113, 24, 234, 220, 104, 155, 125,
       232, 211, 250, 229, 8, 163, 67, 142, 210, 224, 75, 170, 109, 139,
       121, 207, 143, 141, 110, 153, 219, 95, 251, 238, 65, 135, 183,
       182, 219, 149, 101, 111, 91, 237, 236, 98, 120, 92, 97, 47, 255,
