%YAML:1.0
descriptors: !!opencv-matrix
   rows: 126
   cols: 64
   dt: u
   data: [ 62, 185, 255, 254, 62, 255, 253, 63, 255, 252, 93, 253, 127,
       254, 191, 254, 255, 254, 243, 251, 247, 127, 247, 247, 253, 255,
       246, 255, 127, 251, 255, 239, 135, 190, 231, 182, 255, 88, 251,
       125, 120, 253, 247, 111, 245, 117, 247, 111, 191, 174, 139, 79,
       244, 29, 188, 93, 55, 243, 127, 255, 251, 255, 237, 254, 188, 254,
       127, 237, 255, 253, 255, 249, 253, 255, 254, 251, 255, 127, 255,
       253, 251, 245, 127, 107, 253, 250, 191, 124, 127, 255, 255, 187,
       255, 95, 127, 255, 235, 101, 223, 255, 214, 243, 249, 247, 127,
       95, 122, 191, 213, 183, 252, 53, 141, 189, 94, 45, 248, 191, 143,
       77, 144, 244, 123, 191, 223, 95, 42, 188, 250, 253, 254, 126, 55,
       103, 125, 191, 215, 216, 253, 241, 63, 250, 166, 254, 255, 178,
       115, 223, 119, 159, 245, 183, 243, 107, 247, 217, 123, 245, 254,
       224, 207, 44, 39, 246, 223, 92, 249, 253, 122, 223, 183, 111, 223,
       117, 183, 238, 255, 174, 207, 223, 240, 31, 216, 85, 190, 243,
       127, 251, 59, 251, 174, 203, 187, 158, 229, 166, 255, 255, 183,
       123, 253, 85, 222, 127, 191, 63, 254, 205, 251, 245, 127, 116,
       244, 87, 155, 117, 127, 253, 125, 63, 254, 91, 127, 239, 223, 109,
       87, 190, 87, 122, 237, 124, 125, 221, 122, 63, 213, 39, 244, 109,
       157, 165, 153, 12, 242, 29, 159, 73, 56, 246, 51, 189, 218, 95,
       36, 250, 62, 253, 253, 255, 182, 253, 223, 189, 255, 213, 223,
       254, 253, 62, 255, 254, 253, 247, 122, 255, 63, 115, 215, 116,
       253, 255, 245, 125, 127, 255, 255, 171, 199, 124, 199, 222, 218,
       123, 249, 125, 120, 221, 117, 63, 245, 246, 245, 46, 159, 174,
       159, 15, 242, 29, 156, 93, 48, 243, 123, 253, 123, 223, 44, 250,
       44, 170, 239, 233, 250, 253, 163, 245, 189, 252, 206, 157, 217,
       61, 251, 228, 139, 93, 235, 106, 244, 81, 222, 249, 125, 125, 28,
       166, 109, 199, 59, 207, 221, 64, 87, 184, 85, 251, 237, 60, 253,
       53, 122, 54, 85, 167, 119, 225, 189, 172, 157, 45, 211, 29, 156,
       28, 54, 228, 43, 173, 203, 79, 40, 254, 45, 54, 245, 176, 29, 161,
       161, 126, 244, 126, 192, 49, 109, 107, 129, 69, 226, 220, 131, 98,
       225, 34, 202, 127, 12, 170, 160, 139, 90, 12, 49, 235, 95, 36, 84,
       186, 83, 120, 33, 116, 216, 70, 26, 14, 208, 21, 195, 79, 153,
       172, 24, 5, 240, 28, 156, 73, 16, 242, 51, 157, 88, 87, 32, 249,
       62, 182, 125, 168, 62, 189, 177, 127, 245, 254, 214, 53, 125, 62,
       185, 84, 250, 252, 67, 114, 245, 114, 209, 247, 221, 184, 228,
       153, 122, 220, 253, 235, 215, 108, 215, 190, 222, 122, 233, 124,
       124, 93, 126, 47, 212, 181, 247, 111, 187, 172, 153, 13, 242, 29,
       156, 89, 56, 242, 59, 189, 91, 223, 40, 250, 63, 254, 109, 239,
       191, 253, 255, 57, 253, 253, 223, 249, 253, 126, 124, 205, 189,
       255, 227, 251, 245, 118, 91, 255, 241, 127, 213, 246, 124, 247,
       253, 239, 207, 248, 203, 52, 255, 217, 248, 63, 125, 157, 239,
       175, 245, 245, 247, 107, 191, 255, 137, 79, 246, 141, 219, 93, 62,
       215, 255, 191, 243, 223, 236, 222, 45, 198, 109, 201, 59, 253,
       183, 121, 189, 254, 172, 202, 217, 61, 189, 103, 139, 125, 227,
       107, 244, 115, 210, 242, 93, 255, 149, 54, 124, 211, 51, 203, 223,
       68, 215, 170, 210, 120, 249, 56, 116, 125, 56, 175, 213, 180, 245,
       107, 25, 172, 24, 13, 241, 29, 156, 28, 56, 226, 51, 189, 90, 215,
       40, 250, 62, 177, 253, 246, 55, 63, 93, 107, 214, 222, 221, 240,
       127, 110, 148, 94, 251, 215, 34, 127, 167, 63, 193, 119, 205, 223,
       247, 127, 82, 184, 244, 233, 215, 44, 84, 190, 222, 120, 249, 117,
       120, 222, 185, 47, 247, 20, 245, 111, 155, 174, 25, 7, 240, 29,
       156, 73, 16, 242, 51, 249, 120, 87, 32, 250, 126, 253, 253, 254,
       54, 127, 95, 127, 247, 222, 221, 248, 127, 254, 190, 222, 251,
       215, 122, 127, 247, 125, 209, 247, 253, 255, 247, 253, 123, 254,
       254, 233, 199, 44, 215, 190, 222, 120, 249, 125, 120, 223, 189,
       47, 245, 53, 245, 110, 159, 174, 155, 15, 240, 29, 158, 93, 16,
       246, 123, 255, 123, 223, 42, 250, 252, 235, 255, 255, 250, 127,
       251, 255, 221, 253, 254, 255, 255, 254, 255, 238, 251, 221, 255,
       111, 127, 157, 239, 189, 127, 255, 191, 183, 255, 223, 62, 191,
       243, 103, 125, 251, 87, 247, 253, 254, 251, 125, 249, 126, 223,
       159, 127, 177, 205, 173, 127, 245, 217, 255, 133, 239, 208, 252,
       105, 255, 223, 77, 19, 191, 254, 185, 251, 255, 119, 103, 95, 175,
       215, 193, 213, 248, 127, 206, 182, 94, 255, 151, 122, 95, 63, 191,
       231, 55, 189, 223, 242, 125, 83, 248, 246, 169, 198, 45, 38, 255,
       218, 125, 211, 125, 120, 203, 181, 107, 255, 29, 181, 110, 159,
       174, 155, 199, 240, 60, 180, 83, 80, 247, 113, 251, 121, 119, 177,
       250, 124, 169, 255, 220, 50, 71, 241, 255, 213, 212, 253, 189,
       127, 254, 191, 238, 235, 212, 115, 111, 151, 47, 231, 183, 127,
       235, 166, 13, 83, 205, 54, 107, 247, 38, 117, 186, 82, 124, 251,
       124, 114, 125, 189, 47, 221, 52, 245, 238, 153, 172, 91, 149, 240,
       29, 156, 73, 16, 242, 123, 255, 89, 87, 35, 250, 60, 173, 253,
       237, 50, 253, 249, 117, 253, 220, 222, 221, 221, 52, 253, 238,
       185, 216, 195, 107, 245, 116, 210, 247, 253, 46, 132, 246, 108,
       215, 253, 235, 207, 88, 71, 172, 223, 122, 248, 125, 248, 29, 247,
       167, 244, 183, 247, 111, 187, 174, 169, 79, 242, 29, 153, 93, 62,
       243, 127, 249, 251, 223, 106, 254, 124, 169, 255, 222, 50, 95,
       209, 111, 223, 212, 95, 253, 63, 254, 254, 254, 251, 213, 120,
       111, 199, 47, 231, 119, 111, 223, 182, 13, 83, 202, 22, 105, 215,
       39, 117, 186, 86, 122, 251, 116, 112, 221, 185, 111, 221, 20, 245,
       110, 153, 172, 27, 133, 240, 29, 156, 73, 16, 242, 51, 253, 89,
       87, 35, 250, 50, 128, 76, 138, 39, 157, 149, 1, 247, 212, 20, 212,
       61, 62, 60, 84, 254, 246, 64, 177, 208, 114, 209, 103, 121, 180,
       164, 11, 58, 218, 85, 107, 135, 44, 83, 178, 210, 88, 233, 124,
       112, 93, 52, 47, 148, 20, 245, 111, 153, 172, 153, 13, 240, 29,
       156, 89, 48, 242, 50, 189, 90, 215, 40, 250, 60, 169, 255, 221,
       50, 255, 249, 255, 221, 220, 215, 245, 93, 126, 187, 238, 187,
       221, 227, 107, 183, 125, 214, 247, 253, 250, 182, 157, 108, 223,
       126, 235, 207, 102, 103, 190, 222, 122, 249, 125, 252, 125, 245,
       46, 247, 180, 241, 111, 191, 172, 169, 207, 242, 29, 156, 93, 108,
       246, 123, 251, 123, 223, 41, 254, 253, 249, 255, 254, 118, 107,
       127, 126, 211, 197, 253, 249, 127, 246, 166, 218, 251, 215, 63,
       111, 39, 173, 231, 183, 175, 223, 243, 253, 83, 42, 246, 169, 214,
       39, 53, 255, 82, 125, 217, 117, 122, 223, 189, 111, 255, 29, 245,
       110, 157, 166, 91, 215, 248, 63, 148, 73, 80, 254, 123, 255, 89,
       87, 179, 251, 124, 249, 255, 222, 50, 95, 127, 123, 223, 212, 87,
       251, 127, 254, 254, 222, 251, 213, 122, 111, 55, 61, 193, 247,
       253, 255, 183, 61, 127, 219, 126, 233, 214, 39, 117, 254, 214,
       122, 251, 124, 240, 253, 253, 111, 253, 28, 245, 111, 159, 172,
       153, 205, 250, 29, 159, 77, 112, 246, 123, 255, 91, 95, 33, 250,
       187, 214, 124, 103, 255, 185, 243, 56, 252, 61, 214, 251, 175,
       123, 100, 85, 254, 255, 239, 251, 245, 110, 155, 252, 225, 127,
       117, 182, 254, 87, 247, 247, 223, 232, 222, 52, 255, 121, 249,
       117, 125, 93, 122, 63, 209, 97, 255, 103, 184, 255, 152, 13, 244,
       173, 158, 77, 62, 246, 183, 191, 250, 223, 36, 222, 243, 85, 218,
       214, 119, 130, 94, 11, 102, 99, 17, 250, 190, 202, 36, 95, 246,
       215, 52, 215, 143, 175, 209, 103, 198, 218, 227, 111, 82, 56, 244,
       33, 210, 47, 20, 191, 66, 124, 227, 247, 82, 202, 56, 75, 219, 28,
       229, 15, 209, 164, 16, 5, 104, 24, 156, 203, 16, 242, 49, 191, 88,
       84, 178, 187, 255, 253, 255, 246, 115, 39, 125, 111, 231, 69, 245,
       250, 127, 234, 182, 94, 250, 215, 63, 103, 63, 175, 225, 55, 222,
