%YAML:1.0
descriptors: !!opencv-matrix
   rows: 166
   cols: 64
   dt: u
   data: [ 254, 185, 255, 191, 55, 119, 189, 254, 254, 255, 255, 255,
       127, 255, 251, 254, 251, 212, 99, 99, 125, 167, 231, 54, 205, 255,
       245, 43, 83, 30, 115, 251, 215, 36, 85, 190, 82, 120, 233, 116,
       120, 92, 56, 47, 213, 20, 245, 111, 153, 172, 24, 5, 240, 29, 156,
       73, 16, 242, 51, 189, 88, 87, 32, 250, 124, 58, 255, 253, 62, 127,
       185, 255, 253, 252, 254, 181, 125, 190, 251, 238, 251, 212, 91,
       106, 253, 147, 231, 180, 221, 237, 172, 155, 255, 223, 127, 255,
       241, 36, 87, 254, 214, 115, 233, 252, 250, 93, 125, 62, 212, 167,
       224, 109, 157, 173, 223, 13, 242, 29, 157, 73, 16, 242, 59, 188,
       91, 30, 34, 248, 7, 54, 93, 54, 61, 176, 191, 88, 242, 190, 131,
       176, 236, 127, 137, 19, 226, 229, 3, 115, 229, 96, 67, 119, 197,
       154, 224, 191, 90, 12, 97, 107, 215, 36, 213, 186, 90, 56, 233,
       117, 112, 92, 56, 175, 213, 81, 245, 111, 153, 172, 24, 1, 240,
       29, 156, 73, 16, 242, 51, 189, 88, 87, 32, 250, 187, 245, 125,
       254, 63, 189, 253, 57, 255, 255, 253, 251, 255, 122, 244, 95, 246,
       247, 103, 251, 247, 126, 211, 127, 253, 254, 231, 191, 126, 123,
       245, 235, 215, 108, 150, 190, 223, 121, 249, 253, 122, 223, 255,
       47, 210, 53, 247, 111, 187, 174, 24, 15, 248, 29, 158, 93, 56,
       242, 115, 191, 251, 223, 42, 251, 60, 185, 255, 252, 62, 181, 253,
       123, 247, 254, 245, 249, 255, 122, 180, 94, 246, 223, 99, 107,
       247, 127, 210, 247, 253, 187, 231, 255, 126, 253, 245, 235, 215,
       108, 86, 190, 223, 120, 249, 125, 120, 95, 255, 47, 245, 53, 247,
       111, 155, 172, 152, 7, 242, 29, 156, 93, 16, 242, 115, 191, 123,
       223, 40, 251, 191, 186, 253, 247, 63, 253, 249, 248, 255, 253,
       222, 255, 255, 127, 250, 245, 246, 255, 67, 123, 245, 127, 211,
       126, 237, 234, 244, 251, 126, 95, 247, 239, 223, 108, 87, 190,
       215, 122, 249, 253, 220, 93, 123, 47, 213, 55, 247, 111, 185, 172,
       24, 5, 242, 29, 156, 77, 16, 242, 51, 189, 218, 95, 32, 250, 253,
       127, 247, 181, 254, 103, 47, 253, 252, 255, 248, 251, 255, 235,
       178, 223, 251, 213, 111, 103, 125, 143, 230, 60, 78, 255, 191,
       171, 219, 30, 114, 191, 211, 37, 84, 191, 82, 116, 233, 244, 120,
       76, 56, 63, 219, 53, 253, 125, 153, 172, 24, 5, 240, 31, 156, 73,
       144, 240, 51, 189, 92, 87, 32, 250, 191, 246, 125, 255, 63, 53,
       223, 248, 255, 255, 253, 251, 239, 123, 246, 127, 247, 247, 111,
       123, 245, 118, 243, 126, 237, 239, 247, 123, 127, 125, 247, 251,
       247, 108, 150, 254, 222, 121, 249, 245, 126, 222, 123, 63, 210,
       23, 213, 111, 153, 173, 24, 5, 248, 29, 159, 93, 16, 242, 51, 157,
       218, 215, 42, 251, 191, 252, 255, 247, 63, 53, 249, 250, 247, 255,
       245, 255, 255, 90, 182, 127, 246, 247, 95, 251, 245, 254, 241,
       126, 173, 170, 230, 219, 127, 125, 255, 255, 255, 108, 158, 254,
       255, 123, 241, 245, 218, 223, 255, 30, 242, 55, 195, 111, 191,
       191, 158, 15, 248, 189, 159, 85, 48, 183, 255, 223, 255, 158, 174,
       255, 12, 42, 67, 161, 216, 224, 171, 233, 204, 250, 66, 55, 193,
       70, 217, 64, 234, 213, 1, 98, 205, 37, 206, 88, 13, 216, 58, 47,
       82, 10, 51, 126, 87, 36, 93, 187, 82, 122, 233, 86, 240, 84, 16,
       14, 71, 4, 201, 119, 153, 44, 24, 5, 240, 29, 156, 73, 16, 242,
       51, 189, 76, 7, 32, 178, 255, 244, 255, 191, 255, 183, 31, 248,
       246, 111, 213, 250, 255, 235, 182, 93, 250, 245, 103, 99, 249,
       167, 147, 116, 78, 250, 253, 63, 210, 25, 115, 235, 215, 44, 20,
       190, 82, 120, 225, 116, 112, 94, 56, 15, 209, 20, 213, 79, 153,
       172, 24, 5, 240, 29, 156, 73, 16, 242, 51, 189, 88, 87, 32, 251,
       254, 252, 255, 183, 255, 229, 219, 249, 254, 239, 213, 127, 255,
       234, 243, 125, 251, 213, 119, 115, 253, 151, 183, 124, 190, 255,
       253, 59, 210, 219, 119, 255, 231, 45, 23, 255, 210, 125, 233, 119,
       112, 92, 117, 46, 217, 20, 249, 61, 157, 172, 24, 5, 248, 31, 156,
       73, 16, 242, 51, 189, 92, 87, 32, 250, 60, 190, 255, 229, 248,
       245, 187, 249, 216, 255, 210, 127, 209, 20, 219, 196, 170, 221,
       251, 107, 253, 37, 206, 252, 45, 254, 190, 183, 94, 79, 55, 254,
       119, 37, 125, 187, 86, 255, 233, 119, 249, 92, 123, 62, 231, 164,
       217, 123, 155, 173, 24, 37, 240, 157, 156, 73, 84, 242, 51, 237,
       94, 23, 32, 182, 124, 54, 253, 185, 62, 247, 43, 117, 253, 254,
       210, 181, 221, 173, 187, 70, 249, 253, 195, 234, 253, 115, 90,
       191, 221, 104, 230, 221, 104, 212, 253, 234, 79, 8, 199, 174, 221,
       186, 241, 124, 124, 84, 118, 174, 87, 225, 39, 111, 186, 236, 152,
       11, 242, 29, 156, 85, 46, 246, 91, 181, 251, 211, 104, 246, 186,
       177, 238, 151, 223, 129, 217, 169, 222, 33, 245, 122, 191, 234,
       50, 92, 126, 151, 103, 211, 255, 191, 163, 102, 154, 187, 247, 43,
       210, 219, 247, 186, 207, 46, 6, 254, 95, 121, 233, 126, 120, 93,
       245, 15, 209, 117, 177, 47, 187, 174, 153, 5, 242, 29, 156, 81,
       24, 242, 51, 185, 56, 87, 160, 255, 254, 56, 255, 183, 254, 247,
       155, 249, 206, 231, 211, 62, 255, 234, 187, 86, 250, 213, 51, 103,
       207, 181, 194, 125, 143, 218, 251, 47, 210, 27, 119, 171, 215, 36,
       85, 187, 82, 121, 233, 118, 112, 92, 57, 47, 213, 28, 245, 63,
       153, 172, 24, 5, 240, 29, 156, 73, 16, 242, 51, 189, 88, 87, 32,
       250, 5, 35, 193, 144, 217, 128, 33, 74, 128, 32, 130, 55, 193, 67,
       131, 65, 226, 85, 1, 98, 195, 45, 202, 115, 78, 138, 50, 13, 18,
       8, 49, 73, 87, 38, 85, 186, 16, 120, 69, 84, 128, 96, 24, 14, 65,
       4, 193, 199, 25, 44, 24, 4, 112, 28, 156, 73, 16, 98, 51, 189, 72,
       71, 33, 242, 125, 52, 245, 180, 218, 167, 39, 125, 164, 100, 197,
       50, 221, 127, 178, 70, 251, 245, 99, 100, 249, 103, 210, 117, 92,
       248, 188, 61, 122, 156, 113, 233, 215, 36, 87, 190, 82, 120, 233,
       124, 124, 92, 56, 175, 213, 52, 245, 111, 153, 172, 24, 5, 240,
       29, 156, 73, 24, 242, 51, 189, 88, 87, 32, 250, 235, 159, 210,
       119, 125, 98, 247, 142, 248, 189, 68, 203, 174, 251, 6, 31, 111,
       239, 189, 47, 228, 143, 239, 127, 99, 219, 219, 183, 255, 97, 98,
       239, 151, 227, 112, 113, 119, 156, 252, 117, 77, 126, 250, 243,
       249, 89, 255, 235, 253, 230, 89, 213, 213, 102, 188, 239, 119,
       252, 247, 159, 222, 117, 149, 223, 252, 233, 243, 247, 120, 71,
       249, 239, 222, 253, 86, 255, 179, 202, 219, 254, 235, 213, 61,
       111, 15, 173, 238, 63, 111, 223, 179, 47, 215, 11, 50, 127, 247,
       39, 125, 251, 82, 127, 255, 246, 209, 124, 184, 126, 203, 30, 89,
       183, 205, 172, 94, 149, 249, 63, 148, 75, 208, 248, 33, 191, 92,
       85, 49, 254, 92, 49, 253, 180, 126, 183, 59, 124, 148, 20, 215,
       52, 221, 120, 177, 64, 242, 221, 67, 102, 225, 37, 194, 115, 12,
       168, 164, 205, 80, 12, 117, 233, 215, 36, 84, 186, 82, 120, 129,
       84, 80, 92, 24, 14, 193, 4, 193, 79, 153, 172, 24, 5, 240, 29,
       156, 73, 16, 242, 51, 189, 88, 23, 32, 250, 252, 51, 255, 245,
       254, 183, 187, 248, 246, 255, 211, 50, 255, 216, 179, 87, 250,
       213, 107, 102, 237, 181, 194, 119, 142, 250, 248, 127, 210, 76,
       119, 235, 215, 36, 213, 191, 82, 120, 225, 117, 112, 92, 57, 14,
       209, 4, 193, 79, 153, 172, 24, 5, 242, 29, 156, 73, 16, 242, 51,
       189, 88, 87, 32, 250, 252, 251, 127, 253, 54, 125, 251, 245, 253,
       255, 255, 159, 221, 117, 251, 238, 189, 249, 251, 235, 127, 249,
       118, 190, 253, 127, 183, 250, 109, 215, 255, 251, 255, 88, 199,
       237, 222, 123, 248, 125, 254, 61, 251, 62, 247, 231, 211, 127,
       191, 239, 175, 75, 250, 93, 159, 93, 247, 247, 91, 255, 255, 251,
       107, 254, 124, 55, 245, 180, 50, 167, 63, 117, 100, 102, 193, 48,
       93, 36, 180, 86, 250, 253, 67, 100, 241, 33, 82, 243, 220, 104,
       164, 221, 64, 156, 245, 233, 215, 36, 87, 190, 90, 120, 129, 124,
       120, 88, 56, 47, 213, 20, 231, 79, 153, 172, 24, 5, 240, 29, 156,
