%YAML:1.0
descriptors: !!opencv-matrix
   rows: 167
   cols: 64
   dt: u
   data: [ 60, 176, 253, 166, 62, 253, 185, 127, 244, 254, 254, 245, 253,
       62, 190, 117, 251, 213, 99, 99, 245, 39, 195, 119, 205, 255, 245,
       175, 90, 94, 115, 235, 215, 36, 85, 190, 82, 120, 233, 116, 120,
       92, 56, 47, 213, 21, 245, 111, 153, 172, 24, 5, 240, 29, 156, 73,
       16, 242, 51, 189, 88, 87, 32, 250, 191, 244, 125, 174, 191, 189,
       223, 24, 255, 119, 245, 250, 189, 122, 180, 85, 242, 247, 102,
       113, 241, 118, 147, 124, 252, 255, 241, 63, 126, 251, 245, 239,
       215, 236, 150, 190, 218, 121, 233, 255, 114, 223, 127, 45, 209,
       20, 245, 111, 153, 190, 152, 13, 248, 29, 156, 89, 56, 242, 51,
       189, 250, 223, 44, 251, 58, 241, 88, 246, 63, 185, 221, 41, 214,
       123, 213, 251, 191, 90, 36, 84, 118, 151, 68, 211, 231, 62, 195,
       119, 188, 158, 227, 251, 90, 249, 245, 234, 143, 172, 4, 182, 255,
       89, 250, 245, 88, 223, 247, 105, 208, 21, 183, 111, 187, 174, 153,
       79, 252, 5, 220, 89, 16, 243, 247, 187, 59, 127, 168, 223, 69, 54,
       231, 33, 221, 178, 163, 124, 188, 189, 198, 117, 233, 27, 139, 5,
       234, 197, 11, 96, 233, 7, 206, 125, 78, 232, 40, 39, 82, 13, 33,
       111, 253, 36, 85, 186, 82, 50, 173, 116, 216, 84, 26, 142, 65, 1,
       192, 69, 153, 44, 24, 1, 240, 29, 156, 73, 16, 242, 51, 188, 88,
       87, 32, 248, 253, 190, 247, 169, 216, 252, 163, 220, 252, 253,
       202, 127, 239, 63, 219, 253, 251, 245, 187, 104, 233, 67, 191,
       124, 239, 253, 124, 167, 255, 79, 115, 255, 117, 199, 95, 191,
       116, 183, 45, 54, 237, 84, 90, 182, 77, 195, 120, 177, 236, 61,
       124, 48, 241, 183, 143, 109, 196, 252, 167, 172, 222, 79, 52, 244,
       62, 48, 253, 170, 31, 181, 47, 77, 230, 110, 208, 48, 253, 46,
       189, 87, 251, 245, 3, 112, 225, 115, 211, 117, 204, 201, 236, 173,
       82, 156, 113, 233, 213, 44, 215, 190, 90, 120, 169, 116, 120, 76,
       56, 45, 213, 21, 245, 111, 155, 172, 24, 5, 224, 29, 156, 89, 16,
       242, 51, 189, 88, 215, 40, 242, 60, 246, 125, 253, 190, 253, 255,
       113, 255, 126, 255, 125, 253, 127, 253, 245, 245, 254, 195, 250,
       245, 120, 145, 254, 252, 63, 231, 251, 253, 247, 253, 255, 255,
       120, 223, 182, 255, 115, 248, 125, 255, 93, 223, 159, 244, 163,
       247, 95, 186, 255, 141, 75, 250, 157, 159, 93, 46, 243, 223, 159,
       251, 251, 236, 180, 184, 249, 255, 245, 54, 245, 249, 254, 223,
       191, 221, 253, 127, 212, 211, 250, 255, 222, 230, 123, 183, 126,
       231, 159, 173, 63, 247, 251, 79, 247, 246, 254, 239, 62, 165, 254,
       222, 61, 250, 125, 120, 93, 247, 110, 254, 53, 179, 111, 187, 174,
       175, 195, 248, 29, 28, 85, 39, 243, 127, 251, 251, 191, 237, 254,
       191, 178, 125, 165, 255, 185, 187, 248, 254, 221, 214, 127, 239,
       31, 208, 81, 250, 213, 95, 125, 237, 101, 131, 116, 173, 254, 249,
       191, 254, 78, 247, 187, 223, 100, 221, 190, 86, 121, 233, 117, 81,
       92, 59, 63, 209, 5, 252, 125, 153, 189, 24, 5, 240, 157, 158, 73,
       16, 242, 51, 189, 88, 87, 36, 250, 54, 48, 192, 162, 31, 128, 0,
       13, 86, 106, 18, 53, 57, 14, 179, 87, 98, 214, 1, 240, 201, 130,
       203, 44, 12, 136, 168, 11, 82, 9, 49, 111, 117, 164, 85, 178, 115,
       242, 33, 118, 64, 68, 64, 8, 64, 20, 192, 73, 153, 108, 24, 5,
       244, 28, 156, 73, 16, 242, 179, 188, 216, 22, 32, 244, 63, 247,
       125, 143, 183, 157, 159, 121, 239, 71, 189, 250, 253, 63, 188, 85,
       247, 247, 66, 117, 177, 118, 211, 116, 253, 244, 245, 125, 126,
       186, 253, 169, 214, 108, 215, 158, 202, 120, 249, 125, 52, 95, 57,
       175, 213, 16, 244, 47, 153, 172, 152, 13, 242, 29, 156, 93, 56,
       242, 51, 189, 122, 223, 40, 250, 59, 157, 254, 252, 239, 119, 221,
       122, 182, 92, 223, 71, 223, 253, 57, 93, 255, 245, 99, 102, 118,
       47, 144, 115, 110, 254, 183, 28, 254, 86, 118, 233, 214, 38, 87,
       186, 82, 116, 250, 124, 112, 124, 152, 111, 221, 20, 245, 111,
       153, 172, 24, 5, 240, 29, 156, 73, 17, 242, 115, 191, 88, 87, 33,
       250, 217, 221, 191, 252, 34, 127, 125, 119, 59, 255, 125, 203,
       223, 249, 86, 190, 253, 223, 124, 111, 190, 237, 226, 179, 251,
       255, 247, 254, 121, 115, 246, 233, 215, 55, 113, 253, 215, 109,
       250, 241, 114, 254, 185, 111, 255, 20, 245, 111, 217, 170, 26,
       215, 248, 29, 156, 77, 17, 247, 115, 255, 121, 117, 131, 251, 60,
       118, 125, 136, 20, 125, 45, 125, 231, 70, 235, 52, 101, 13, 253,
       247, 251, 212, 67, 96, 49, 0, 132, 52, 77, 173, 165, 9, 83, 14,
       120, 185, 112, 36, 221, 154, 66, 114, 129, 84, 178, 192, 24, 14,
       86, 134, 228, 76, 136, 45, 86, 4, 104, 29, 135, 73, 144, 242, 41,
       188, 92, 70, 34, 176, 59, 213, 60, 140, 39, 93, 29, 115, 39, 68,
       21, 194, 29, 61, 52, 20, 255, 212, 69, 97, 80, 96, 144, 114, 92,
       189, 177, 88, 115, 22, 119, 105, 214, 36, 81, 186, 66, 104, 200,
       96, 112, 222, 56, 47, 212, 20, 244, 110, 153, 172, 24, 5, 240, 29,
       156, 73, 24, 242, 51, 189, 88, 87, 34, 251, 33, 7, 117, 128, 48,
       21, 33, 253, 230, 220, 2, 17, 77, 185, 147, 70, 234, 212, 67, 108,
       88, 128, 196, 180, 76, 185, 181, 8, 56, 8, 48, 25, 240, 36, 85,
       186, 80, 120, 1, 116, 244, 84, 56, 158, 64, 164, 192, 76, 153,
       173, 28, 5, 240, 28, 156, 73, 0, 242, 51, 156, 88, 86, 32, 251,
       96, 13, 175, 154, 2, 71, 17, 191, 7, 228, 31, 132, 17, 188, 59,
       230, 239, 212, 64, 34, 84, 144, 212, 34, 89, 161, 176, 8, 17, 216,
       30, 107, 225, 36, 81, 186, 82, 106, 193, 124, 176, 93, 52, 46,
       148, 22, 193, 108, 153, 172, 24, 5, 178, 29, 157, 73, 16, 114, 59,
       60, 89, 86, 32, 250, 120, 10, 255, 223, 42, 95, 209, 255, 223,
       244, 31, 148, 29, 188, 251, 238, 251, 212, 104, 107, 148, 145,
       198, 183, 89, 225, 180, 30, 97, 219, 31, 111, 245, 36, 117, 186,
       82, 122, 233, 126, 176, 93, 97, 46, 149, 166, 229, 111, 155, 172,
       159, 13, 178, 29, 148, 93, 16, 242, 59, 253, 89, 85, 32, 254, 9,
       6, 166, 32, 13, 179, 160, 54, 52, 190, 194, 69, 136, 89, 3, 5, 76,
       233, 227, 210, 240, 39, 90, 219, 64, 56, 52, 198, 92, 85, 225,
       198, 79, 56, 67, 36, 127, 168, 232, 104, 124, 20, 50, 174, 213,
       97, 179, 107, 184, 236, 24, 1, 244, 29, 152, 65, 22, 210, 151,
       181, 194, 211, 32, 110, 108, 171, 239, 252, 50, 255, 247, 119,
       181, 252, 222, 181, 89, 125, 191, 78, 139, 221, 227, 107, 245,
       117, 194, 243, 93, 127, 148, 183, 104, 214, 55, 235, 223, 32, 87,
       186, 215, 120, 249, 124, 120, 125, 59, 39, 245, 53, 247, 111, 187,
       172, 153, 13, 240, 29, 156, 89, 52, 242, 51, 189, 90, 87, 32, 250,
       199, 10, 147, 23, 217, 130, 138, 200, 138, 33, 3, 127, 162, 194,
       130, 25, 98, 215, 56, 6, 202, 141, 138, 73, 78, 210, 58, 47, 146,
       9, 3, 46, 87, 167, 92, 155, 0, 245, 111, 86, 1, 64, 8, 74, 201,
       28, 217, 145, 213, 36, 24, 53, 37, 242, 156, 235, 80, 124, 48, 61,
       92, 69, 48, 252, 69, 39, 177, 16, 192, 134, 35, 70, 128, 68, 3, 4,
       64, 225, 129, 2, 226, 101, 1, 100, 10, 173, 16, 3, 94, 136, 140,
       13, 130, 8, 8, 9, 66, 7, 84, 155, 0, 34, 7, 76, 132, 96, 24, 130,
       73, 8, 193, 134, 16, 36, 16, 16, 33, 88, 4, 3, 8, 40, 1, 176, 72,
       4, 49, 96, 205, 205, 237, 216, 118, 223, 93, 123, 52, 127, 189,
       218, 219, 236, 180, 79, 203, 213, 37, 103, 198, 45, 226, 115, 79,
       223, 179, 47, 83, 14, 50, 105, 215, 38, 85, 186, 82, 120, 233,
       116, 114, 126, 56, 47, 213, 20, 245, 111, 153, 172, 24, 5, 240,
       29, 156, 73, 16, 242, 51, 189, 88, 87, 34, 251, 67, 2, 1, 146,
       201, 130, 3, 72, 34, 99, 2, 4, 161, 73, 128, 17, 98, 85, 1, 96,
       202, 37, 138, 105, 78, 130, 40, 15, 146, 8, 1, 79, 87, 167, 84,
       187, 64, 242, 37, 70, 192, 64, 8, 10, 65, 8, 193, 131, 144, 36,
       24, 4, 96, 24, 140, 75, 16, 114, 51, 189, 72, 86, 32, 248, 99, 16,
       209, 178, 221, 130, 15, 8, 166, 107, 0, 75, 175, 203, 4, 21, 102,
