%YAML:1.0
descriptors: !!opencv-matrix
   rows: 145
   cols: 64
   dt: u
   data: [ 191, 254, 125, 255, 63, 189, 253, 248, 253, 255, 252, 251,
       255, 123, 252, 93, 243, 245, 111, 123, 245, 118, 211, 126, 253,
       255, 245, 187, 127, 95, 119, 255, 215, 108, 215, 190, 214, 120,
       249, 125, 126, 95, 123, 191, 213, 177, 245, 111, 153, 173, 24, 13,
       240, 29, 159, 77, 56, 246, 51, 189, 218, 215, 44, 254, 255, 244,
       125, 143, 255, 189, 223, 25, 255, 127, 189, 250, 175, 123, 244,
       93, 242, 247, 62, 113, 249, 119, 179, 124, 238, 254, 253, 63, 255,
       59, 255, 127, 215, 108, 158, 223, 202, 121, 185, 247, 82, 222,
       122, 63, 209, 28, 252, 29, 157, 189, 16, 5, 232, 189, 159, 73, 24,
       246, 51, 157, 216, 95, 46, 185, 252, 185, 247, 244, 114, 239, 249,
       119, 213, 253, 223, 247, 223, 254, 182, 126, 187, 221, 254, 111,
       183, 45, 226, 243, 255, 106, 182, 255, 120, 255, 246, 239, 215,
       55, 119, 191, 214, 124, 250, 253, 89, 125, 245, 103, 251, 61, 247,
       111, 221, 174, 185, 223, 243, 125, 188, 206, 81, 255, 115, 255,
       123, 125, 145, 250, 108, 41, 231, 181, 86, 231, 227, 254, 244,
       252, 212, 181, 127, 239, 179, 78, 235, 213, 123, 103, 125, 141,
       230, 55, 78, 235, 188, 173, 82, 12, 50, 187, 247, 39, 85, 187, 82,
       120, 197, 116, 120, 92, 56, 46, 221, 29, 193, 238, 157, 172, 24,
       5, 240, 29, 156, 73, 16, 246, 51, 189, 88, 86, 32, 250, 126, 49,
       237, 186, 86, 167, 31, 111, 230, 102, 213, 178, 253, 238, 183, 86,
       250, 213, 99, 102, 233, 167, 195, 119, 92, 218, 188, 45, 82, 156,
       112, 233, 215, 44, 85, 190, 82, 120, 225, 124, 112, 88, 60, 47,
       213, 28, 229, 111, 153, 172, 24, 5, 240, 29, 156, 73, 16, 242, 51,
       189, 88, 87, 32, 250, 253, 191, 255, 253, 119, 255, 247, 255, 253,
       253, 254, 191, 255, 255, 255, 238, 251, 253, 123, 111, 125, 239,
       246, 183, 95, 255, 189, 191, 123, 94, 118, 171, 223, 39, 117, 187,
       86, 120, 253, 124, 124, 93, 56, 63, 221, 61, 245, 239, 157, 172,
       24, 5, 240, 29, 156, 77, 80, 246, 51, 189, 90, 87, 32, 250, 254,
       49, 223, 183, 254, 163, 95, 254, 214, 165, 213, 50, 255, 206, 178,
       90, 250, 213, 59, 103, 205, 165, 195, 119, 14, 202, 184, 47, 82,
       8, 118, 171, 215, 37, 20, 187, 82, 120, 225, 116, 80, 92, 56, 47,
       209, 28, 229, 111, 153, 172, 24, 5, 240, 29, 156, 73, 16, 242, 51,
       189, 88, 87, 32, 250, 44, 46, 229, 170, 26, 125, 163, 45, 237, 84,
       94, 52, 25, 62, 251, 228, 251, 252, 65, 96, 241, 3, 222, 116, 89,
       236, 28, 137, 246, 154, 59, 203, 133, 36, 71, 186, 83, 82, 137,
       124, 248, 85, 16, 166, 84, 135, 118, 101, 153, 44, 157, 8, 242,
       29, 156, 89, 48, 240, 35, 188, 90, 87, 40, 250, 60, 158, 254, 253,
       62, 247, 249, 247, 189, 252, 222, 197, 95, 253, 59, 237, 189, 249,
       235, 251, 245, 127, 95, 255, 251, 107, 246, 246, 125, 213, 255,
       231, 239, 122, 227, 36, 255, 254, 248, 105, 125, 61, 243, 166,
       253, 225, 247, 107, 186, 250, 141, 219, 246, 29, 216, 93, 55, 215,
       247, 231, 243, 251, 205, 222, 126, 53, 253, 182, 218, 135, 59,
       111, 230, 102, 209, 50, 253, 234, 182, 86, 242, 215, 99, 100, 249,
       167, 211, 119, 222, 202, 252, 45, 82, 152, 113, 233, 199, 36, 69,
       190, 82, 120, 225, 124, 120, 92, 24, 15, 213, 20, 229, 79, 153,
       172, 24, 5, 240, 29, 156, 73, 16, 242, 51, 189, 88, 87, 32, 250,
       243, 242, 93, 135, 255, 154, 159, 152, 250, 53, 151, 127, 173,
       127, 200, 81, 246, 215, 60, 182, 205, 37, 139, 108, 238, 214, 249,
       127, 150, 59, 215, 127, 215, 237, 93, 31, 218, 249, 239, 119, 113,
       92, 105, 47, 245, 12, 252, 49, 157, 223, 24, 39, 245, 245, 156,
       235, 80, 127, 178, 61, 248, 95, 48, 254, 251, 254, 127, 239, 254,
       253, 155, 184, 255, 255, 214, 127, 239, 127, 91, 93, 255, 247,
       254, 186, 253, 119, 155, 252, 239, 254, 125, 255, 254, 123, 255,
       255, 151, 233, 223, 85, 255, 251, 252, 127, 125, 93, 235, 189,
       245, 169, 253, 49, 190, 223, 137, 43, 247, 231, 156, 255, 110,
       223, 246, 175, 246, 223, 124, 254, 222, 59, 223, 179, 254, 179,
       59, 126, 222, 63, 210, 119, 255, 218, 178, 80, 242, 213, 123, 102,
       205, 133, 195, 119, 142, 202, 184, 47, 210, 12, 112, 235, 215, 36,
       84, 187, 82, 120, 229, 116, 208, 92, 24, 14, 209, 20, 225, 79,
       153, 172, 24, 5, 240, 29, 156, 73, 16, 242, 51, 189, 88, 87, 32,
       250, 255, 190, 231, 115, 223, 167, 195, 250, 254, 61, 210, 123,
       239, 251, 130, 93, 250, 245, 123, 118, 255, 143, 139, 125, 78,
       250, 126, 47, 254, 89, 114, 175, 223, 239, 93, 255, 86, 125, 125,
       118, 125, 84, 202, 31, 201, 41, 253, 147, 252, 188, 24, 181, 241,
       254, 156, 235, 112, 252, 245, 159, 222, 85, 180, 254, 126, 52,
       253, 154, 94, 135, 27, 77, 230, 102, 149, 186, 253, 170, 191, 86,
       250, 247, 99, 100, 217, 39, 211, 119, 220, 216, 252, 109, 82, 156,
       241, 105, 199, 44, 87, 190, 82, 120, 225, 124, 48, 88, 60, 175,
       213, 28, 245, 111, 153, 172, 24, 5, 240, 29, 156, 73, 16, 242, 51,
       189, 88, 87, 32, 250, 189, 254, 125, 239, 255, 253, 243, 248, 255,
       253, 222, 255, 237, 127, 253, 245, 251, 247, 223, 123, 245, 114,
       155, 252, 237, 255, 125, 191, 127, 91, 255, 255, 159, 237, 221,
       246, 247, 251, 249, 119, 253, 221, 107, 55, 213, 163, 254, 115,
       175, 255, 143, 45, 252, 165, 159, 109, 126, 246, 255, 175, 251,
       223, 44, 222, 124, 251, 255, 253, 54, 127, 253, 247, 255, 252,
       127, 189, 95, 247, 255, 254, 255, 219, 123, 239, 247, 253, 247,
       183, 249, 127, 247, 255, 109, 223, 254, 251, 255, 126, 103, 254,
       223, 122, 251, 125, 126, 95, 253, 127, 255, 183, 247, 110, 191,
       172, 143, 207, 242, 29, 157, 93, 125, 247, 123, 255, 123, 255,
       235, 254, 107, 158, 237, 163, 223, 191, 7, 88, 252, 93, 222, 127,
       191, 125, 252, 69, 242, 245, 123, 116, 252, 87, 154, 117, 94, 252,
       40, 61, 254, 88, 120, 169, 215, 111, 87, 187, 82, 115, 253, 124,
       244, 213, 94, 15, 85, 143, 245, 199, 157, 44, 24, 12, 243, 61,
       159, 75, 120, 254, 51, 189, 90, 223, 60, 248, 254, 56, 255, 151,
       254, 183, 219, 249, 222, 231, 215, 126, 255, 202, 179, 92, 250,
       213, 61, 103, 207, 149, 195, 125, 207, 218, 251, 47, 210, 27, 119,
       59, 215, 37, 85, 251, 90, 125, 233, 118, 240, 92, 56, 46, 209, 28,
       241, 63, 157, 172, 24, 5, 240, 29, 156, 73, 16, 242, 51, 189, 88,
       87, 32, 250, 43, 70, 109, 128, 119, 159, 27, 24, 164, 70, 183, 66,
       189, 57, 116, 69, 128, 245, 6, 116, 208, 114, 144, 116, 84, 176,
       173, 29, 114, 24, 53, 41, 208, 44, 214, 186, 66, 120, 129, 252,
       212, 95, 28, 13, 208, 84, 208, 77, 153, 172, 24, 5, 114, 29, 157,
       89, 24, 242, 51, 188, 88, 214, 40, 249, 124, 33, 253, 156, 50,
       111, 119, 119, 165, 68, 221, 144, 93, 188, 182, 78, 251, 253, 99,
       101, 50, 247, 208, 179, 93, 127, 148, 220, 113, 148, 124, 233,
       218, 52, 55, 186, 194, 120, 193, 124, 56, 155, 53, 39, 245, 60,
       231, 110, 157, 164, 153, 13, 242, 29, 148, 93, 56, 242, 51, 185,
       89, 86, 46, 250, 61, 190, 125, 173, 191, 253, 179, 121, 252, 93,
       214, 127, 253, 63, 249, 229, 250, 253, 227, 96, 245, 102, 146,
       244, 221, 252, 253, 187, 254, 94, 115, 235, 223, 100, 85, 190,
       215, 122, 233, 116, 252, 93, 58, 175, 213, 167, 246, 109, 185,
       173, 24, 13, 240, 29, 159, 73, 20, 242, 55, 189, 90, 87, 40, 250,
       62, 253, 253, 222, 55, 189, 93, 123, 247, 198, 245, 248, 127, 122,
       252, 95, 251, 246, 98, 123, 183, 126, 209, 119, 253, 183, 247,
       121, 127, 253, 252, 233, 198, 108, 159, 158, 202, 120, 251, 125,
       112, 223, 245, 109, 182, 20, 245, 111, 151, 190, 152, 79, 234, 29,
       191, 85, 56, 243, 123, 255, 123, 223, 172, 250, 109, 254, 239,
       233, 252, 253, 167, 248, 189, 253, 238, 255, 205, 61, 255, 237,
       139, 253, 251, 42, 253, 87, 218, 248, 109, 125, 29, 182, 125, 87,
