%YAML:1.0
descriptors: !!opencv-matrix
   rows: 149
   cols: 64
   dt: u
   data: [ 51, 22, 80, 34, 61, 176, 171, 24, 118, 58, 130, 101, 172, 11,
       0, 21, 118, 230, 1, 208, 225, 34, 217, 124, 196, 184, 224, 75, 90,
       20, 225, 99, 93, 44, 215, 180, 115, 56, 41, 117, 104, 68, 26, 143,
       196, 65, 246, 79, 152, 190, 24, 1, 240, 29, 220, 65, 18, 178, 183,
       148, 88, 215, 36, 122, 60, 178, 125, 169, 62, 253, 185, 249, 253,
       254, 222, 53, 125, 63, 249, 229, 242, 252, 195, 104, 241, 82, 156,
       252, 109, 188, 36, 147, 126, 223, 127, 255, 125, 100, 223, 186,
       214, 122, 169, 117, 252, 85, 91, 30, 84, 167, 194, 109, 187, 61,
       158, 5, 250, 29, 143, 93, 20, 242, 59, 156, 219, 159, 46, 180,
       191, 253, 125, 238, 55, 125, 253, 123, 247, 223, 253, 249, 111,
       63, 244, 253, 251, 244, 103, 121, 117, 114, 241, 118, 237, 191,
       245, 187, 127, 95, 126, 249, 212, 108, 150, 254, 210, 121, 249,
       245, 122, 223, 58, 63, 212, 55, 244, 110, 153, 189, 30, 13, 248,
       29, 159, 77, 24, 242, 51, 189, 90, 215, 46, 251, 60, 53, 117, 170,
       23, 37, 37, 127, 230, 68, 205, 52, 125, 47, 180, 87, 242, 244, 67,
       96, 241, 34, 209, 119, 92, 168, 164, 9, 114, 156, 113, 233, 212,
       36, 87, 186, 82, 120, 129, 124, 116, 93, 28, 47, 212, 20, 228, 78,
       153, 172, 24, 5, 240, 29, 156, 73, 24, 242, 51, 188, 88, 87, 32,
       250, 62, 49, 121, 150, 54, 5, 25, 111, 198, 70, 213, 48, 125, 34,
       144, 86, 242, 212, 3, 96, 65, 32, 193, 55, 204, 136, 228, 9, 82,
       12, 112, 105, 210, 36, 20, 190, 66, 120, 129, 84, 80, 88, 25, 15,
       208, 20, 225, 78, 153, 172, 24, 5, 240, 29, 156, 73, 16, 242, 51,
       185, 88, 22, 32, 250, 254, 249, 255, 255, 255, 255, 95, 201, 255,
       231, 189, 250, 255, 234, 246, 95, 251, 215, 62, 127, 143, 255,
       163, 127, 239, 223, 251, 127, 211, 187, 246, 191, 211, 175, 62,
       223, 194, 125, 255, 247, 114, 219, 237, 127, 223, 28, 253, 63,
       205, 165, 18, 133, 233, 255, 158, 239, 88, 254, 113, 191, 221, 93,
       179, 191, 253, 59, 247, 247, 248, 35, 43, 254, 192, 101, 211, 55,
       231, 195, 146, 122, 226, 213, 59, 102, 79, 173, 194, 55, 78, 202,
       170, 143, 210, 8, 50, 41, 247, 39, 84, 187, 82, 112, 197, 244,
       208, 92, 24, 14, 201, 28, 225, 79, 153, 172, 24, 5, 240, 29, 156,
       73, 80, 242, 51, 189, 88, 86, 32, 249, 191, 245, 125, 254, 55, 61,
       93, 123, 247, 223, 253, 250, 255, 123, 180, 95, 242, 246, 103,
       115, 117, 118, 241, 118, 253, 191, 229, 123, 123, 254, 244, 169,
       210, 44, 22, 254, 218, 120, 209, 253, 90, 223, 57, 47, 208, 20,
       245, 110, 153, 172, 24, 5, 248, 29, 156, 89, 24, 242, 51, 189, 88,
       215, 42, 251, 61, 49, 125, 166, 55, 49, 57, 126, 212, 20, 213, 48,
       125, 58, 177, 82, 242, 212, 67, 96, 225, 34, 193, 118, 12, 168,
       160, 9, 82, 12, 117, 233, 212, 36, 20, 186, 82, 120, 129, 116,
       208, 94, 24, 14, 208, 21, 193, 78, 153, 172, 24, 5, 240, 29, 156,
       73, 16, 242, 51, 156, 88, 87, 34, 251, 237, 238, 247, 253, 248,
       255, 231, 255, 253, 253, 234, 255, 239, 255, 251, 239, 235, 253,
       251, 111, 255, 143, 254, 191, 127, 255, 31, 183, 253, 79, 114,
       223, 255, 227, 127, 251, 85, 253, 253, 62, 125, 124, 250, 247,
       127, 251, 127, 243, 252, 253, 126, 249, 209, 255, 156, 76, 244,
       236, 231, 239, 223, 71, 181, 254, 61, 54, 117, 166, 27, 45, 33,
       121, 228, 92, 202, 53, 125, 63, 184, 101, 242, 252, 67, 96, 241,
       34, 145, 118, 92, 168, 164, 137, 82, 156, 113, 233, 213, 36, 87,
       186, 83, 122, 137, 124, 120, 84, 24, 143, 196, 53, 230, 79, 153,
       172, 24, 5, 240, 29, 156, 73, 16, 242, 51, 188, 88, 87, 32, 248,
       29, 50, 125, 160, 54, 49, 49, 122, 244, 30, 214, 53, 125, 59, 145,
       80, 242, 212, 67, 96, 225, 32, 192, 246, 140, 168, 160, 137, 90,
       76, 113, 233, 212, 36, 84, 186, 86, 120, 129, 116, 208, 92, 24,
       14, 208, 5, 192, 79, 153, 172, 24, 5, 240, 29, 156, 73, 16, 242,
       51, 156, 88, 86, 32, 249, 124, 47, 247, 253, 114, 127, 243, 255,
       253, 252, 206, 191, 215, 254, 187, 238, 251, 221, 251, 111, 127,
       173, 198, 183, 95, 255, 182, 173, 121, 206, 118, 239, 215, 39,
       117, 251, 86, 126, 253, 124, 120, 125, 184, 55, 125, 189, 119,
       239, 157, 172, 61, 213, 243, 63, 156, 77, 80, 254, 123, 255, 91,
       71, 33, 250, 127, 54, 117, 183, 255, 166, 63, 120, 198, 111, 211,
       51, 237, 203, 144, 86, 242, 215, 31, 100, 233, 167, 131, 124, 140,
       232, 236, 175, 82, 28, 241, 239, 83, 37, 20, 191, 82, 120, 161,
       215, 88, 64, 25, 142, 193, 9, 200, 31, 153, 172, 24, 5, 112, 28,
       156, 73, 80, 242, 51, 156, 88, 22, 32, 248, 254, 252, 255, 239,
       254, 253, 223, 137, 255, 255, 223, 254, 253, 127, 255, 92, 251,
       247, 58, 123, 253, 117, 219, 124, 253, 222, 255, 127, 126, 251,
       255, 255, 151, 237, 95, 223, 254, 249, 253, 127, 117, 93, 109,
       109, 213, 28, 253, 55, 159, 254, 152, 47, 246, 181, 188, 255, 88,
       254, 242, 189, 251, 223, 56, 254, 63, 49, 125, 166, 55, 37, 29,
       122, 230, 68, 213, 48, 125, 43, 176, 87, 242, 212, 67, 97, 225,
       34, 193, 119, 204, 184, 229, 25, 82, 24, 117, 233, 214, 36, 84,
       190, 66, 120, 129, 84, 112, 88, 56, 47, 208, 20, 245, 78, 153,
       172, 24, 5, 240, 29, 156, 73, 16, 242, 51, 189, 88, 87, 32, 250,
       62, 49, 125, 190, 55, 247, 31, 127, 247, 198, 221, 180, 125, 62,
       181, 86, 251, 214, 67, 113, 177, 114, 209, 55, 221, 173, 228, 29,
       115, 216, 117, 233, 215, 44, 23, 190, 218, 120, 201, 125, 120,
       217, 61, 47, 212, 20, 245, 110, 153, 172, 24, 5, 240, 29, 156, 73,
       24, 242, 59, 189, 89, 87, 32, 250, 125, 62, 247, 33, 255, 183,
       163, 120, 252, 125, 210, 119, 239, 251, 131, 85, 242, 253, 123,
       118, 249, 71, 219, 245, 206, 234, 252, 175, 254, 28, 113, 239,
       223, 45, 213, 191, 86, 120, 237, 116, 252, 84, 26, 142, 209, 41,
       211, 71, 156, 172, 24, 5, 240, 61, 156, 73, 80, 246, 51, 189, 90,
       87, 36, 250, 60, 48, 125, 172, 54, 127, 185, 127, 245, 220, 215,
       53, 125, 62, 185, 230, 251, 212, 67, 96, 241, 50, 196, 54, 93,
       168, 164, 153, 82, 220, 117, 233, 213, 44, 87, 190, 82, 122, 137,
       116, 248, 93, 56, 46, 212, 181, 224, 110, 153, 172, 24, 5, 240,
       29, 156, 73, 16, 242, 59, 188, 88, 87, 32, 250, 45, 38, 101, 168,
       24, 125, 33, 119, 180, 252, 194, 21, 89, 61, 185, 231, 203, 252,
       195, 96, 240, 64, 220, 177, 93, 40, 132, 128, 120, 212, 57, 203,
       253, 32, 87, 186, 85, 114, 137, 124, 252, 84, 26, 142, 84, 167,
       226, 108, 153, 44, 28, 13, 240, 29, 157, 73, 16, 226, 35, 188, 74,
       70, 40, 242, 111, 49, 113, 160, 213, 34, 39, 90, 192, 2, 193, 50,
       97, 10, 128, 81, 226, 84, 3, 68, 97, 128, 128, 52, 6, 136, 168,
       137, 210, 12, 32, 137, 112, 36, 20, 186, 0, 112, 1, 212, 8, 66,
       24, 10, 64, 21, 192, 76, 24, 36, 16, 4, 96, 28, 140, 73, 16, 176,
       49, 156, 88, 86, 32, 241, 197, 35, 247, 244, 81, 34, 101, 122,
       224, 4, 196, 115, 227, 219, 130, 75, 234, 213, 39, 103, 71, 45,
       192, 119, 78, 218, 179, 15, 82, 12, 48, 105, 214, 39, 116, 186,
       82, 120, 117, 116, 113, 112, 56, 47, 201, 24, 245, 207, 137, 164,
       24, 4, 240, 30, 156, 73, 16, 242, 51, 159, 88, 87, 33, 250, 61,
       191, 253, 203, 254, 221, 135, 125, 239, 212, 222, 124, 253, 127,
       187, 244, 251, 213, 67, 98, 245, 99, 211, 117, 93, 252, 52, 45,
       126, 154, 83, 43, 215, 100, 85, 154, 82, 122, 233, 124, 116, 93,
       56, 47, 213, 148, 245, 111, 153, 172, 25, 13, 240, 29, 156, 73,
       48, 242, 51, 189, 88, 87, 32, 250, 125, 59, 247, 245, 252, 183,
       227, 252, 252, 253, 194, 119, 231, 91, 155, 69, 234, 213, 235,
       106, 245, 45, 206, 255, 79, 234, 54, 167, 94, 12, 51, 255, 127,
       39, 85, 186, 86, 122, 253, 116, 217, 84, 154, 14, 193, 161, 217,
       111, 152, 172, 24, 1, 240, 29, 156, 73, 16, 242, 51, 191, 88, 23,
       33, 250, 34, 2, 65, 130, 29, 128, 1, 76, 198, 0, 0, 48, 33, 10,
