%YAML:1.0
descriptors: !!opencv-matrix
   rows: 180
   cols: 64
   dt: u
   data: [ 61, 190, 255, 254, 63, 127, 249, 255, 254, 252, 254, 245, 125,
       127, 251, 245, 255, 214, 99, 99, 245, 103, 197, 119, 205, 239,
       240, 219, 126, 95, 247, 239, 247, 36, 85, 190, 86, 122, 233, 116,
       248, 93, 122, 47, 213, 23, 245, 111, 153, 172, 24, 5, 240, 29,
       157, 73, 16, 242, 51, 189, 90, 87, 32, 250, 61, 178, 125, 182, 63,
       127, 189, 122, 244, 252, 254, 247, 253, 127, 186, 117, 251, 245,
       99, 99, 245, 38, 208, 118, 221, 255, 245, 187, 90, 219, 119, 235,
       215, 36, 87, 190, 82, 120, 233, 124, 120, 92, 56, 47, 213, 21,
       245, 111, 153, 172, 24, 5, 240, 29, 156, 73, 16, 242, 51, 189, 88,
       87, 32, 250, 253, 58, 231, 161, 223, 227, 163, 252, 252, 253, 222,
       127, 239, 159, 131, 237, 235, 213, 59, 102, 105, 135, 238, 116,
       78, 221, 184, 47, 210, 10, 51, 191, 245, 37, 85, 187, 82, 113,
       237, 116, 112, 92, 56, 62, 213, 29, 217, 245, 153, 172, 24, 5,
       240, 63, 156, 73, 16, 244, 51, 189, 88, 87, 32, 250, 126, 36, 253,
       170, 211, 151, 31, 77, 230, 70, 209, 186, 253, 170, 183, 86, 250,
       181, 99, 100, 121, 215, 211, 117, 92, 217, 188, 45, 66, 156, 114,
       169, 199, 44, 71, 190, 82, 120, 169, 124, 120, 88, 60, 47, 213,
       84, 245, 109, 153, 172, 24, 5, 240, 29, 156, 73, 24, 242, 51, 189,
       88, 87, 40, 250, 253, 255, 255, 249, 247, 127, 243, 252, 253, 253,
       254, 255, 255, 255, 251, 239, 251, 253, 255, 111, 125, 223, 190,
       52, 111, 255, 61, 191, 255, 95, 122, 191, 248, 103, 117, 251, 86,
       119, 253, 252, 223, 93, 122, 62, 221, 175, 88, 180, 141, 173, 94,
       165, 217, 191, 141, 77, 240, 252, 41, 189, 223, 94, 34, 187, 252,
       57, 255, 183, 246, 35, 187, 248, 222, 219, 213, 123, 255, 194,
       179, 89, 250, 213, 125, 103, 73, 133, 198, 116, 142, 218, 249, 47,
       210, 8, 50, 187, 215, 37, 84, 251, 82, 121, 237, 116, 80, 92, 56,
       14, 209, 28, 209, 109, 157, 172, 24, 5, 240, 29, 156, 73, 16, 242,
       51, 189, 88, 87, 32, 250, 239, 237, 227, 247, 247, 71, 95, 238,
       221, 229, 253, 251, 179, 202, 182, 206, 171, 85, 63, 111, 14, 175,
       230, 55, 111, 223, 187, 47, 211, 11, 54, 63, 210, 39, 52, 251, 82,
       125, 255, 244, 81, 252, 185, 127, 203, 28, 125, 182, 205, 164, 90,
       245, 217, 254, 180, 234, 209, 252, 113, 127, 93, 53, 145, 250,
       235, 220, 238, 207, 255, 223, 223, 153, 255, 255, 60, 251, 191,
       254, 246, 253, 251, 245, 60, 63, 159, 223, 191, 124, 111, 215, 59,
       63, 223, 123, 87, 63, 247, 239, 254, 91, 242, 245, 255, 183, 115,
       255, 234, 125, 159, 30, 125, 177, 205, 221, 86, 181, 221, 231,
       166, 239, 208, 252, 224, 63, 223, 93, 154, 191, 126, 37, 253, 186,
       66, 7, 63, 67, 230, 102, 81, 50, 253, 238, 182, 86, 250, 179, 35,
       100, 121, 135, 211, 55, 222, 216, 188, 13, 194, 156, 240, 169,
       194, 36, 71, 190, 82, 120, 129, 124, 112, 88, 28, 171, 213, 20,
       229, 79, 153, 172, 24, 5, 240, 29, 156, 73, 24, 242, 51, 189, 88,
       87, 40, 250, 231, 237, 239, 219, 223, 222, 215, 206, 253, 239,
       172, 250, 187, 239, 246, 239, 139, 117, 61, 111, 14, 141, 238, 57,
       111, 223, 27, 39, 215, 11, 50, 63, 215, 167, 125, 219, 82, 253,
       255, 182, 115, 126, 232, 127, 159, 30, 125, 177, 221, 140, 94,
       245, 217, 255, 148, 238, 208, 252, 97, 63, 220, 85, 145, 254, 254,
       49, 235, 183, 118, 55, 91, 255, 86, 254, 213, 50, 127, 194, 179,
       91, 250, 213, 121, 119, 105, 149, 231, 51, 142, 202, 184, 141,
       210, 88, 118, 171, 211, 36, 20, 251, 90, 124, 193, 116, 80, 72,
       48, 14, 209, 28, 193, 108, 157, 172, 24, 5, 240, 29, 156, 73, 16,
       242, 51, 157, 92, 22, 32, 251, 196, 11, 227, 209, 216, 206, 231,
       199, 172, 229, 10, 79, 195, 229, 219, 175, 203, 69, 59, 103, 78,
       141, 238, 123, 79, 223, 31, 39, 144, 10, 50, 14, 215, 39, 87, 251,
       80, 253, 255, 54, 112, 116, 184, 255, 93, 28, 125, 179, 221, 172,
       24, 240, 209, 255, 156, 234, 81, 252, 97, 63, 76, 85, 17, 250,
       197, 239, 231, 81, 216, 94, 231, 210, 169, 189, 42, 219, 195, 245,
       219, 235, 203, 213, 63, 111, 14, 141, 174, 57, 79, 223, 31, 39,
       213, 11, 50, 31, 243, 167, 125, 251, 80, 247, 255, 182, 115, 124,
       232, 127, 223, 30, 125, 177, 205, 141, 84, 245, 209, 255, 133,
       234, 209, 252, 97, 63, 92, 85, 17, 190, 197, 46, 195, 1, 216, 198,
       163, 200, 136, 47, 2, 127, 131, 207, 219, 201, 203, 69, 63, 102,
       205, 143, 142, 120, 78, 223, 63, 39, 150, 11, 51, 94, 119, 167,
       93, 27, 80, 183, 109, 22, 97, 100, 72, 158, 77, 8, 216, 145, 204,
       76, 24, 49, 213, 255, 140, 235, 208, 124, 161, 61, 204, 85, 48,
       180, 199, 254, 67, 99, 253, 250, 135, 216, 248, 57, 42, 123, 174,
       95, 235, 249, 227, 245, 189, 34, 204, 5, 138, 124, 103, 223, 57,
       39, 158, 75, 35, 95, 55, 231, 221, 83, 118, 247, 237, 182, 231,
       84, 74, 61, 205, 142, 252, 145, 204, 221, 28, 53, 221, 231, 143,
       235, 80, 220, 180, 46, 212, 93, 52, 188, 126, 37, 253, 154, 18,
       159, 31, 111, 230, 102, 149, 48, 125, 238, 189, 86, 251, 177, 99,
       100, 241, 55, 211, 119, 220, 248, 180, 13, 66, 156, 116, 233, 199,
       44, 71, 190, 90, 120, 225, 124, 48, 93, 52, 47, 213, 52, 229, 111,
       153, 172, 24, 5, 240, 29, 156, 89, 16, 242, 51, 189, 88, 87, 40,
       250, 98, 2, 1, 163, 221, 132, 139, 137, 206, 43, 2, 63, 161, 78,
       179, 85, 66, 85, 25, 0, 200, 39, 138, 76, 12, 192, 62, 39, 146, 9,
       49, 78, 71, 165, 95, 59, 112, 251, 45, 22, 192, 64, 64, 8, 65, 12,
       136, 17, 28, 76, 24, 33, 167, 176, 156, 227, 64, 42, 178, 188,
       204, 87, 48, 180, 235, 222, 64, 231, 255, 184, 171, 152, 124, 123,
       82, 127, 175, 95, 236, 85, 234, 247, 189, 50, 236, 45, 139, 124,
       103, 222, 59, 39, 222, 75, 35, 127, 215, 229, 221, 49, 119, 249,
       237, 55, 101, 92, 106, 63, 213, 5, 252, 49, 172, 221, 24, 37, 237,
       167, 142, 235, 86, 252, 182, 175, 214, 95, 52, 190, 63, 181, 253,
       126, 55, 189, 221, 91, 247, 222, 149, 240, 253, 123, 188, 95, 186,
       246, 98, 187, 247, 126, 83, 247, 245, 183, 247, 255, 126, 253,
       213, 227, 143, 124, 199, 190, 250, 120, 251, 125, 124, 221, 251,
       237, 245, 117, 245, 111, 185, 174, 136, 79, 240, 29, 254, 93, 60,
       243, 119, 191, 123, 255, 236, 218, 94, 49, 219, 150, 118, 131, 89,
       106, 70, 166, 213, 182, 255, 194, 179, 90, 242, 213, 49, 103, 207,
       165, 195, 115, 142, 202, 176, 15, 82, 12, 116, 107, 215, 36, 20,
       186, 82, 120, 225, 116, 80, 88, 49, 46, 209, 28, 193, 111, 153,
       172, 24, 5, 240, 29, 156, 73, 16, 242, 51, 189, 88, 87, 32, 250,
       171, 222, 206, 231, 255, 241, 247, 152, 124, 253, 94, 255, 175,
       95, 226, 125, 235, 247, 189, 59, 236, 111, 203, 124, 101, 223,
       123, 183, 126, 83, 115, 255, 215, 227, 221, 49, 119, 249, 253, 55,
       125, 92, 106, 127, 213, 133, 255, 115, 188, 221, 24, 37, 244, 165,
       158, 233, 22, 246, 183, 143, 210, 95, 52, 254, 38, 100, 41, 138,
       0, 12, 5, 1, 229, 70, 8, 4, 17, 38, 188, 70, 195, 32, 1, 32, 16,
       210, 24, 4, 84, 148, 12, 1, 130, 154, 25, 0, 0, 12, 199, 138, 0,
       0, 5, 10, 36, 194, 4, 129, 20, 84, 36, 128, 19, 36, 144, 8, 3, 25,
       102, 18, 152, 32, 8, 48, 8, 192, 106, 32, 99, 6, 96, 146, 217,
       132, 7, 72, 164, 100, 2, 0, 129, 111, 176, 5, 194, 117, 1, 96,
       200, 35, 26, 105, 84, 128, 8, 15, 18, 8, 9, 71, 19, 166, 86, 186,
       0, 184, 37, 78, 4, 64, 8, 138, 64, 72, 193, 3, 16, 36, 24, 0, 38,
       24, 143, 9, 24, 98, 51, 148, 200, 70, 32, 120, 62, 249, 255, 222,
       54, 127, 221, 63, 215, 254, 253, 249, 127, 254, 191, 254, 189,
       215, 122, 251, 247, 127, 247, 247, 249, 127, 247, 255, 127, 255,
       255, 234, 207, 60, 231, 254, 222, 120, 250, 125, 122, 223, 247,
       111, 247, 181, 247, 111, 191, 174, 159, 207, 242, 29, 156, 93, 52,
       243, 123, 255, 251, 255, 237, 254, 5, 6, 64, 2, 9, 8, 3, 72, 160,
