%YAML:1.0
descriptors: !!opencv-matrix
   rows: 152
   cols: 64
   dt: u
   data: [ 190, 245, 125, 254, 63, 189, 255, 121, 255, 255, 253, 251,
       255, 122, 244, 95, 251, 247, 119, 123, 247, 126, 211, 127, 253,
       255, 247, 191, 127, 255, 247, 239, 199, 108, 158, 254, 222, 121,
       249, 125, 122, 223, 247, 111, 215, 53, 245, 111, 191, 174, 152,
       15, 248, 29, 158, 93, 48, 242, 115, 191, 251, 223, 168, 254, 252,
       251, 255, 253, 126, 127, 249, 255, 253, 252, 254, 189, 95, 254,
       251, 238, 243, 221, 251, 107, 245, 253, 230, 191, 255, 235, 166,
       159, 127, 223, 127, 255, 247, 103, 117, 254, 215, 123, 249, 252,
       250, 93, 251, 62, 220, 167, 195, 111, 159, 173, 95, 133, 250, 31,
       157, 77, 80, 246, 123, 255, 91, 30, 35, 253, 252, 253, 255, 255,
       254, 127, 255, 255, 255, 253, 255, 255, 255, 254, 255, 254, 251,
       213, 127, 111, 125, 221, 167, 55, 239, 239, 255, 191, 255, 95,
       126, 187, 243, 101, 85, 255, 214, 119, 249, 245, 218, 223, 127,
       62, 221, 151, 217, 110, 157, 173, 94, 5, 248, 31, 159, 77, 80,
       246, 59, 189, 95, 94, 34, 249, 61, 254, 127, 237, 254, 253, 187,
       248, 253, 253, 214, 255, 237, 63, 249, 253, 251, 253, 255, 123,
       253, 119, 219, 252, 237, 255, 253, 191, 126, 95, 255, 255, 223,
       108, 223, 190, 255, 123, 249, 117, 253, 93, 123, 191, 213, 163,
       254, 127, 188, 189, 28, 13, 240, 189, 159, 77, 52, 246, 55, 191,
       250, 223, 44, 254, 255, 253, 255, 247, 255, 103, 223, 251, 222,
       101, 253, 123, 255, 202, 246, 253, 251, 247, 127, 119, 127, 159,
       183, 60, 190, 255, 255, 63, 251, 251, 246, 191, 226, 109, 22, 223,
       198, 117, 249, 255, 91, 219, 247, 223, 201, 59, 253, 29, 205, 183,
       211, 141, 250, 190, 148, 113, 248, 182, 121, 187, 255, 158, 60,
       188, 61, 254, 125, 239, 191, 189, 191, 120, 253, 255, 254, 249,
       253, 127, 253, 85, 251, 253, 99, 107, 245, 118, 219, 125, 237,
       255, 245, 191, 126, 95, 117, 239, 223, 108, 221, 190, 215, 121,
       249, 117, 124, 92, 123, 47, 213, 181, 247, 111, 185, 173, 24, 5,
       240, 29, 158, 73, 16, 242, 51, 189, 218, 95, 32, 254, 125, 250,
       125, 239, 255, 191, 251, 120, 255, 92, 252, 185, 125, 123, 253,
       253, 242, 213, 95, 108, 245, 114, 133, 117, 111, 168, 233, 29,
       255, 95, 125, 251, 240, 100, 20, 250, 82, 115, 145, 244, 214, 223,
       90, 30, 208, 135, 192, 78, 141, 173, 30, 5, 248, 29, 159, 77, 16,
       246, 59, 156, 89, 30, 34, 185, 126, 250, 219, 255, 254, 181, 218,
       129, 222, 187, 83, 191, 191, 210, 249, 90, 124, 215, 122, 251,
       237, 119, 203, 93, 141, 218, 254, 255, 94, 251, 247, 254, 199,
       188, 215, 55, 255, 255, 233, 119, 248, 93, 227, 124, 247, 149,
       187, 59, 191, 239, 24, 103, 246, 189, 188, 249, 86, 243, 183, 255,
       251, 95, 122, 247, 252, 189, 255, 253, 54, 119, 253, 255, 223,
       252, 223, 189, 127, 254, 251, 254, 251, 213, 123, 111, 63, 189,
       246, 55, 255, 239, 246, 189, 83, 223, 126, 187, 231, 37, 117, 255,
       214, 127, 233, 117, 120, 93, 245, 46, 223, 22, 245, 110, 157, 172,
       26, 141, 242, 29, 156, 73, 80, 242, 123, 253, 91, 95, 40, 250,
       252, 249, 219, 255, 125, 227, 248, 255, 219, 185, 124, 255, 167,
       214, 207, 250, 123, 215, 185, 79, 143, 141, 239, 31, 175, 223,
       115, 255, 95, 107, 246, 254, 247, 231, 61, 247, 119, 253, 255,
       119, 123, 206, 235, 126, 191, 157, 91, 183, 205, 255, 127, 247,
       252, 166, 180, 239, 212, 252, 237, 75, 221, 109, 179, 183, 124,
       61, 255, 189, 50, 119, 249, 255, 223, 212, 215, 181, 127, 254,
       187, 254, 251, 212, 115, 103, 117, 183, 198, 183, 221, 235, 180,
       157, 83, 220, 126, 235, 231, 36, 85, 190, 214, 122, 201, 124, 248,
       93, 53, 46, 213, 54, 225, 110, 153, 172, 27, 5, 240, 29, 156, 73,
       16, 242, 59, 189, 89, 87, 32, 250, 190, 244, 253, 190, 63, 53, 29,
       123, 247, 126, 253, 178, 127, 251, 180, 95, 243, 244, 103, 97,
       241, 246, 209, 55, 220, 191, 245, 27, 123, 88, 125, 233, 211, 44,
       22, 190, 210, 120, 161, 245, 122, 222, 56, 47, 212, 20, 245, 79,
       153, 172, 24, 5, 240, 29, 156, 73, 16, 242, 51, 189, 88, 86, 42,
       251, 237, 253, 255, 253, 252, 247, 247, 255, 253, 253, 236, 255,
       207, 253, 223, 239, 235, 237, 255, 111, 255, 143, 126, 191, 111,
       255, 63, 167, 223, 95, 114, 191, 247, 39, 127, 251, 86, 189, 255,
       116, 123, 124, 186, 255, 223, 121, 127, 243, 253, 173, 94, 241,
       249, 255, 156, 203, 213, 252, 99, 191, 222, 117, 145, 250, 253,
       252, 127, 237, 255, 255, 251, 249, 255, 223, 253, 249, 127, 59,
       253, 252, 243, 212, 95, 111, 245, 114, 165, 53, 109, 239, 173, 63,
       127, 95, 125, 251, 240, 100, 20, 250, 82, 115, 169, 244, 210, 222,
       25, 30, 208, 134, 208, 78, 153, 173, 30, 5, 248, 29, 159, 73, 144,
       246, 59, 156, 88, 22, 34, 185, 124, 62, 255, 253, 42, 255, 249,
       231, 253, 252, 222, 149, 93, 244, 123, 254, 253, 184, 235, 234,
       245, 123, 94, 159, 223, 127, 246, 246, 109, 247, 255, 230, 199,
       248, 99, 36, 255, 242, 248, 105, 124, 29, 247, 246, 253, 231, 183,
       107, 191, 234, 239, 219, 246, 93, 24, 85, 39, 215, 223, 245, 251,
       235, 201, 246, 45, 190, 239, 249, 62, 247, 161, 255, 245, 252,
       214, 181, 109, 191, 187, 207, 139, 252, 235, 107, 245, 119, 222,
       255, 77, 104, 148, 151, 124, 85, 121, 207, 255, 72, 215, 186, 247,
       250, 249, 117, 124, 93, 122, 166, 85, 225, 83, 107, 186, 188, 173,
       9, 242, 29, 156, 92, 54, 226, 255, 223, 219, 215, 108, 254, 233,
       158, 239, 225, 254, 191, 163, 245, 189, 253, 86, 79, 223, 125,
       123, 197, 252, 253, 219, 107, 252, 119, 222, 120, 127, 250, 60,
       182, 252, 81, 123, 255, 215, 225, 94, 49, 119, 251, 253, 126, 221,
       93, 74, 30, 209, 143, 219, 51, 189, 221, 28, 45, 247, 253, 159,
       239, 118, 254, 183, 189, 210, 95, 50, 254, 253, 251, 255, 253,
       255, 255, 251, 250, 255, 223, 254, 251, 255, 250, 253, 253, 243,
       213, 255, 111, 127, 223, 173, 63, 239, 239, 107, 191, 255, 79,
       254, 191, 242, 231, 188, 223, 86, 247, 253, 247, 219, 223, 251,
       94, 219, 143, 90, 182, 205, 61, 118, 181, 232, 183, 135, 109, 208,
       252, 105, 206, 221, 14, 179, 181, 45, 38, 101, 168, 158, 189, 163,
       121, 228, 126, 194, 52, 253, 63, 185, 69, 194, 244, 67, 96, 241,
       66, 154, 116, 92, 184, 44, 9, 82, 28, 57, 203, 85, 36, 87, 186,
       82, 114, 9, 92, 180, 84, 24, 14, 84, 132, 224, 69, 153, 44, 24, 4,
       240, 29, 140, 73, 16, 226, 35, 188, 88, 87, 32, 240, 58, 214, 109,
       138, 46, 157, 133, 49, 255, 84, 30, 197, 29, 61, 125, 197, 246,
       246, 65, 32, 240, 114, 145, 245, 249, 168, 36, 24, 127, 208, 93,
       233, 212, 108, 83, 180, 223, 82, 152, 104, 247, 95, 26, 143, 84,
       182, 244, 79, 153, 173, 153, 13, 242, 29, 159, 93, 56, 242, 51,
       188, 82, 223, 46, 249, 134, 197, 138, 220, 39, 23, 92, 7, 55, 198,
       53, 136, 26, 234, 52, 79, 136, 112, 36, 255, 6, 190, 240, 35, 85,
       131, 135, 25, 83, 184, 20, 33, 194, 60, 54, 170, 194, 120, 194,
       253, 114, 234, 60, 105, 146, 84, 193, 110, 17, 170, 26, 5, 120,
       25, 180, 72, 17, 243, 51, 189, 121, 84, 34, 251, 37, 54, 101, 160,
       157, 164, 35, 92, 228, 124, 194, 53, 109, 11, 144, 69, 226, 244,
       3, 96, 225, 2, 152, 116, 76, 136, 40, 11, 210, 8, 49, 75, 85, 36,
       84, 186, 82, 112, 1, 84, 212, 64, 24, 142, 64, 0, 192, 77, 152,
       44, 24, 4, 240, 28, 140, 73, 16, 242, 35, 156, 88, 87, 32, 249,
       61, 253, 244, 92, 35, 237, 125, 119, 247, 84, 205, 173, 125, 125,
       60, 254, 253, 170, 226, 246, 119, 110, 81, 247, 209, 127, 247,
       252, 105, 246, 206, 161, 142, 122, 99, 188, 141, 8, 250, 109, 125,
       157, 181, 231, 253, 113, 183, 110, 185, 162, 169, 75, 242, 29, 26,
       85, 63, 211, 95, 183, 59, 235, 173, 74, 252, 126, 247, 225, 254,
       255, 173, 251, 252, 255, 218, 127, 255, 255, 217, 236, 251, 253,
       255, 110, 253, 215, 158, 253, 159, 255, 63, 191, 254, 223, 114,
