%YAML:1.0
descriptors: !!opencv-matrix
   rows: 127
   cols: 64
   dt: u
   data: [ 237, 252, 127, 237, 255, 253, 255, 248, 253, 253, 236, 235,
       255, 121, 254, 237, 255, 253, 255, 123, 252, 119, 58, 252, 247,
       255, 253, 246, 253, 215, 127, 255, 223, 249, 223, 125, 255, 249,
       253, 255, 123, 223, 122, 63, 245, 115, 255, 115, 189, 223, 158,
       47, 253, 253, 158, 125, 62, 254, 255, 189, 250, 223, 44, 255, 60,
       186, 255, 247, 63, 245, 249, 255, 255, 253, 214, 245, 255, 126,
       187, 244, 255, 222, 99, 99, 245, 119, 199, 255, 253, 171, 244,
       251, 126, 223, 247, 239, 255, 36, 85, 190, 87, 122, 249, 124, 120,
       93, 123, 46, 212, 53, 243, 111, 153, 172, 24, 5, 240, 29, 156, 73,
       16, 242, 51, 189, 90, 87, 32, 250, 60, 185, 255, 255, 62, 127,
       249, 255, 253, 252, 222, 253, 127, 126, 251, 252, 251, 220, 115,
       107, 245, 127, 231, 247, 253, 239, 244, 159, 127, 223, 255, 239,
       255, 36, 87, 254, 215, 123, 249, 125, 248, 93, 255, 46, 213, 55,
       247, 111, 153, 172, 155, 13, 240, 29, 157, 73, 16, 242, 123, 189,
       91, 95, 34, 254, 254, 244, 117, 190, 127, 47, 93, 43, 199, 96,
       253, 250, 127, 234, 212, 92, 243, 151, 103, 209, 179, 174, 177,
       126, 222, 255, 245, 219, 227, 185, 253, 238, 139, 173, 4, 222,
       203, 48, 177, 255, 27, 219, 213, 203, 216, 61, 180, 13, 137, 166,
       193, 139, 104, 30, 23, 73, 104, 178, 241, 184, 184, 86, 170, 221,
       191, 246, 125, 175, 191, 189, 159, 88, 254, 95, 189, 250, 253,
       122, 244, 85, 246, 247, 7, 112, 241, 114, 147, 116, 204, 191, 241,
       123, 222, 90, 247, 107, 215, 44, 87, 190, 82, 120, 233, 117, 112,
       94, 56, 47, 212, 20, 244, 77, 153, 172, 24, 5, 240, 29, 156, 73,
       16, 242, 51, 189, 88, 87, 32, 250, 60, 254, 255, 237, 62, 125,
       249, 255, 253, 252, 254, 253, 125, 63, 251, 238, 251, 252, 227,
       107, 245, 114, 252, 190, 125, 173, 180, 147, 125, 223, 127, 255,
       253, 96, 87, 254, 215, 250, 249, 124, 254, 93, 123, 62, 212, 167,
       243, 109, 187, 173, 159, 13, 242, 29, 157, 93, 52, 242, 63, 253,
       219, 223, 42, 254, 191, 253, 255, 254, 55, 127, 125, 255, 247,
       223, 253, 251, 127, 234, 182, 223, 251, 214, 119, 127, 119, 190,
       229, 55, 239, 171, 247, 155, 91, 93, 254, 233, 242, 44, 52, 254,
       222, 125, 209, 245, 218, 223, 191, 63, 218, 55, 193, 110, 153,
       172, 94, 5, 248, 31, 157, 77, 144, 242, 115, 191, 127, 86, 34,
       251, 186, 241, 125, 214, 55, 157, 93, 57, 215, 69, 245, 250, 191,
       122, 52, 86, 246, 214, 70, 179, 151, 126, 209, 103, 253, 182, 231,
       91, 122, 248, 221, 169, 134, 44, 150, 190, 206, 120, 218, 253, 82,
       223, 181, 109, 176, 52, 245, 111, 147, 174, 153, 79, 248, 29, 222,
       93, 56, 243, 115, 251, 123, 223, 174, 219, 186, 241, 125, 214, 55,
       29, 221, 59, 215, 197, 245, 250, 255, 122, 180, 94, 246, 214, 102,
       243, 183, 126, 225, 247, 189, 186, 231, 123, 123, 249, 213, 233,
       206, 44, 4, 254, 222, 121, 251, 253, 90, 223, 181, 111, 240, 52,
       181, 111, 187, 174, 155, 79, 248, 29, 156, 85, 56, 243, 115, 251,
       123, 255, 174, 219, 62, 53, 253, 150, 55, 7, 93, 111, 198, 70,
       181, 176, 127, 234, 180, 94, 242, 214, 34, 103, 19, 62, 225, 39,
       220, 138, 230, 9, 82, 152, 116, 105, 210, 36, 20, 190, 66, 120,
       193, 244, 82, 202, 60, 15, 208, 20, 229, 78, 153, 172, 24, 5, 112,
       28, 156, 73, 16, 242, 51, 189, 88, 86, 34, 251, 37, 33, 101, 146,
       17, 6, 33, 94, 228, 68, 129, 52, 97, 43, 145, 71, 226, 212, 3, 96,
       193, 34, 192, 55, 76, 136, 164, 13, 82, 8, 48, 105, 84, 36, 20,
       186, 66, 112, 1, 84, 16, 64, 24, 14, 64, 20, 193, 78, 153, 44, 24,
       5, 112, 28, 156, 73, 16, 242, 51, 188, 88, 6, 32, 248, 126, 49,
       249, 150, 22, 135, 89, 111, 198, 230, 211, 52, 125, 234, 177, 86,
       242, 212, 67, 102, 131, 41, 192, 55, 156, 138, 166, 13, 82, 152,
       116, 105, 67, 36, 20, 190, 66, 122, 193, 84, 144, 72, 21, 14, 192,
       20, 193, 78, 153, 172, 24, 5, 112, 28, 148, 73, 16, 242, 51, 185,
       88, 22, 34, 243, 127, 54, 109, 168, 223, 183, 35, 121, 228, 126,
       210, 52, 125, 63, 185, 69, 226, 213, 3, 96, 241, 65, 136, 116, 76,
       168, 168, 141, 90, 28, 113, 235, 241, 36, 85, 186, 82, 114, 161,
       116, 244, 84, 24, 14, 84, 151, 192, 77, 153, 44, 24, 5, 240, 29,
       157, 73, 16, 242, 51, 188, 88, 86, 32, 248, 63, 255, 109, 252, 63,
       253, 221, 57, 255, 254, 253, 249, 253, 123, 252, 125, 185, 254,
       98, 251, 245, 118, 211, 119, 245, 191, 229, 251, 127, 255, 245,
       235, 223, 124, 215, 190, 254, 120, 249, 125, 122, 223, 123, 47,
       244, 117, 247, 111, 187, 174, 152, 15, 240, 29, 222, 93, 48, 243,
       119, 191, 251, 223, 44, 250, 55, 54, 117, 162, 223, 182, 7, 88,
       230, 110, 130, 50, 237, 43, 176, 85, 226, 245, 3, 96, 193, 35,
       129, 116, 76, 136, 168, 13, 82, 12, 113, 105, 85, 36, 84, 186, 82,
       120, 1, 84, 84, 64, 24, 15, 208, 20, 192, 77, 153, 172, 24, 4,
       240, 29, 156, 73, 16, 242, 51, 188, 88, 87, 32, 248, 61, 190, 247,
       160, 127, 127, 167, 126, 252, 124, 214, 119, 125, 127, 251, 197,
       251, 245, 99, 98, 245, 7, 194, 119, 79, 252, 188, 143, 254, 94,
       115, 235, 215, 36, 85, 186, 82, 122, 233, 116, 252, 92, 26, 47,
       213, 55, 245, 111, 153, 172, 24, 5, 240, 29, 157, 73, 16, 242, 51,
       189, 88, 87, 32, 250, 110, 33, 105, 186, 87, 166, 39, 11, 228, 70,
       213, 48, 57, 46, 180, 86, 194, 29, 3, 116, 225, 115, 209, 119, 92,
       136, 136, 141, 114, 152, 57, 233, 150, 44, 22, 186, 75, 120, 1,
       92, 40, 219, 28, 9, 84, 21, 231, 78, 153, 172, 24, 4, 112, 29,
       156, 73, 24, 242, 51, 188, 88, 86, 34, 249, 255, 58, 255, 183,
       254, 55, 187, 254, 252, 255, 214, 55, 255, 255, 187, 95, 250, 213,
       107, 102, 253, 135, 195, 119, 78, 250, 188, 175, 218, 92, 115,
       235, 215, 36, 85, 190, 82, 122, 225, 116, 248, 92, 24, 14, 213,
       21, 193, 77, 153, 172, 24, 5, 240, 29, 156, 73, 16, 242, 51, 189,
       88, 87, 32, 250, 118, 49, 121, 222, 58, 13, 95, 77, 198, 102, 45,
       48, 117, 238, 180, 118, 246, 214, 0, 98, 143, 168, 160, 46, 204,
       130, 226, 91, 83, 169, 253, 111, 211, 164, 20, 190, 66, 112, 227,
       214, 18, 202, 197, 75, 240, 20, 229, 79, 145, 164, 18, 5, 96, 24,
       148, 73, 16, 242, 57, 189, 88, 22, 35, 249, 126, 50, 211, 178, 95,
       162, 166, 74, 80, 56, 210, 51, 237, 199, 129, 80, 226, 221, 33,
       98, 229, 37, 201, 119, 78, 202, 168, 143, 82, 8, 49, 235, 215, 38,
       85, 186, 115, 120, 109, 116, 104, 84, 24, 15, 213, 21, 247, 79,
       153, 172, 24, 5, 240, 29, 156, 73, 16, 242, 51, 189, 88, 87, 32,
       250, 191, 244, 125, 167, 255, 189, 159, 88, 254, 127, 253, 123,
       189, 126, 244, 85, 243, 247, 63, 113, 249, 119, 155, 124, 236,
       254, 249, 63, 254, 91, 119, 255, 215, 236, 87, 190, 82, 121, 233,
       126, 112, 93, 120, 47, 213, 20, 252, 63, 153, 172, 24, 5, 240, 29,
       156, 73, 16, 242, 51, 189, 216, 95, 32, 250, 187, 246, 125, 167,
       255, 188, 159, 152, 254, 127, 255, 123, 173, 95, 244, 117, 247,
       215, 31, 241, 237, 102, 139, 124, 236, 222, 249, 127, 222, 123,
       247, 255, 215, 236, 220, 223, 254, 121, 233, 247, 83, 222, 107,
       63, 213, 23, 252, 29, 137, 191, 24, 5, 252, 181, 159, 105, 16,
       242, 179, 189, 216, 95, 32, 188, 253, 62, 255, 117, 254, 247, 187,
       248, 248, 191, 210, 63, 207, 253, 187, 79, 250, 237, 251, 110,
       253, 247, 86, 245, 207, 126, 188, 247, 252, 86, 119, 187, 223,
       105, 199, 191, 223, 59, 253, 125, 124, 92, 59, 190, 245, 233, 219,
       119, 190, 173, 136, 107, 243, 253, 156, 93, 116, 254, 83, 159,
       250, 215, 108, 250, 197, 38, 211, 21, 217, 130, 131, 200, 162, 37,
       131, 118, 227, 235, 130, 65, 234, 213, 33, 102, 203, 165, 202,
       121, 78, 218, 184, 47, 146, 8, 51, 111, 87, 37, 84, 187, 82, 120,
       101, 86, 80, 64, 24, 14, 193, 28, 201, 23, 153, 172, 24, 5, 240,
       28, 156, 73, 16, 242, 51, 189, 88, 87, 32, 250, 254, 248, 251,
