%YAML:1.0
descriptors: !!opencv-matrix
   rows: 171
   cols: 64
   dt: u
   data: [ 187, 254, 124, 239, 191, 189, 223, 24, 255, 255, 255, 251,
       173, 123, 108, 93, 247, 247, 126, 187, 245, 118, 147, 124, 229,
       255, 243, 127, 126, 123, 247, 255, 223, 252, 223, 180, 255, 121,
       248, 125, 125, 223, 107, 253, 245, 241, 255, 127, 190, 255, 152,
       15, 252, 165, 223, 125, 62, 247, 246, 191, 251, 223, 172, 222,
       191, 254, 127, 231, 255, 253, 223, 152, 255, 127, 188, 251, 175,
       123, 246, 253, 247, 247, 63, 123, 253, 238, 187, 124, 230, 255,
       123, 123, 255, 123, 255, 255, 215, 237, 222, 223, 242, 245, 249,
       255, 127, 222, 106, 191, 221, 83, 252, 21, 172, 191, 20, 13, 252,
       183, 143, 109, 56, 244, 244, 31, 222, 223, 60, 188, 191, 250, 255,
       239, 255, 253, 221, 152, 255, 255, 253, 251, 191, 255, 254, 253,
       251, 247, 63, 123, 239, 222, 175, 124, 239, 255, 115, 59, 255,
       123, 127, 191, 215, 237, 222, 223, 122, 125, 249, 247, 119, 223,
       106, 127, 223, 22, 253, 181, 205, 189, 30, 133, 248, 183, 159,
       109, 144, 244, 177, 191, 221, 95, 34, 191, 252, 248, 255, 253,
       114, 127, 251, 247, 221, 253, 254, 159, 95, 188, 251, 238, 187,
       221, 251, 111, 253, 213, 246, 185, 255, 127, 189, 246, 109, 215,
       126, 255, 237, 17, 103, 253, 215, 255, 237, 125, 250, 29, 247, 54,
       255, 183, 119, 237, 191, 172, 239, 159, 243, 127, 156, 92, 118,
       254, 123, 253, 251, 223, 42, 254, 44, 174, 238, 170, 43, 255, 180,
       55, 121, 248, 198, 237, 250, 54, 175, 206, 137, 57, 235, 185, 245,
       85, 91, 253, 113, 125, 24, 182, 109, 215, 55, 199, 157, 200, 227,
       32, 255, 216, 233, 56, 120, 29, 122, 39, 213, 245, 119, 235, 187,
       232, 169, 13, 247, 13, 248, 28, 54, 195, 183, 245, 219, 219, 108,
       206, 44, 134, 237, 252, 63, 253, 249, 125, 189, 252, 254, 221, 89,
       124, 63, 229, 169, 220, 99, 99, 244, 50, 210, 242, 77, 239, 149,
       178, 121, 87, 55, 235, 223, 32, 87, 186, 214, 120, 233, 117, 120,
       93, 122, 47, 212, 53, 245, 111, 153, 172, 24, 5, 240, 29, 156, 73,
       16, 242, 51, 189, 90, 87, 32, 250, 63, 181, 125, 254, 55, 189,
       253, 91, 247, 222, 213, 241, 125, 126, 180, 87, 242, 254, 66, 123,
       245, 114, 209, 119, 245, 186, 224, 219, 122, 252, 245, 233, 223,
       60, 215, 190, 255, 120, 249, 125, 120, 221, 63, 45, 244, 117, 247,
       111, 187, 174, 152, 15, 240, 29, 220, 93, 60, 243, 119, 189, 123,
       215, 44, 250, 124, 57, 255, 150, 18, 7, 89, 126, 214, 198, 213,
       50, 119, 202, 146, 94, 242, 213, 99, 103, 7, 175, 195, 119, 14,
       202, 166, 13, 82, 12, 112, 41, 214, 36, 20, 186, 82, 120, 193, 84,
       80, 88, 57, 46, 209, 20, 193, 110, 153, 172, 24, 5, 240, 29, 156,
       73, 16, 242, 51, 185, 88, 22, 32, 250, 124, 185, 255, 188, 54,
       127, 117, 127, 245, 212, 220, 177, 127, 190, 190, 78, 251, 253,
       99, 103, 117, 87, 209, 183, 95, 255, 181, 157, 123, 222, 118, 233,
       215, 36, 87, 186, 210, 120, 249, 124, 120, 93, 60, 47, 213, 53,
       247, 110, 153, 172, 152, 13, 242, 29, 156, 77, 56, 242, 51, 189,
       91, 87, 32, 250, 190, 241, 253, 254, 55, 53, 221, 126, 247, 222,
       245, 241, 127, 122, 180, 94, 250, 214, 103, 99, 117, 118, 225,
       119, 236, 187, 229, 25, 123, 120, 244, 233, 214, 44, 20, 190, 210,
       120, 249, 245, 114, 223, 61, 47, 208, 20, 213, 110, 153, 172, 26,
       5, 240, 29, 156, 73, 16, 242, 51, 157, 89, 95, 34, 251, 109, 46,
       247, 32, 217, 111, 163, 254, 172, 84, 202, 55, 101, 63, 203, 229,
       235, 253, 195, 100, 113, 131, 156, 180, 78, 252, 60, 141, 240, 14,
       34, 217, 252, 37, 85, 186, 81, 50, 141, 116, 252, 84, 24, 134, 69,
       163, 230, 228, 152, 44, 88, 4, 240, 31, 140, 73, 16, 240, 35, 188,
       88, 71, 32, 248, 28, 43, 255, 248, 16, 119, 225, 255, 212, 252,
       212, 181, 87, 179, 155, 234, 235, 220, 227, 107, 245, 13, 228,
       179, 13, 171, 180, 129, 89, 204, 50, 235, 253, 38, 117, 186, 87,
       126, 73, 116, 248, 84, 187, 46, 91, 181, 67, 238, 155, 44, 127,
       149, 240, 29, 156, 76, 4, 242, 43, 217, 89, 87, 34, 251, 63, 244,
       125, 175, 191, 181, 191, 125, 247, 126, 244, 57, 253, 58, 183, 85,
       246, 246, 67, 112, 249, 114, 147, 124, 252, 168, 236, 251, 251,
       221, 253, 239, 237, 44, 150, 190, 255, 113, 161, 253, 122, 223,
       87, 142, 208, 177, 210, 77, 187, 174, 152, 13, 242, 29, 157, 81,
       60, 242, 191, 156, 250, 222, 42, 253, 236, 46, 247, 170, 210, 111,
       39, 255, 253, 84, 238, 53, 127, 191, 255, 239, 251, 244, 123, 100,
       121, 131, 181, 52, 95, 237, 189, 141, 251, 222, 122, 169, 192, 37,
       87, 250, 82, 114, 141, 124, 126, 85, 24, 183, 77, 247, 230, 228,
       157, 36, 222, 12, 242, 31, 132, 73, 56, 244, 35, 188, 90, 70, 32,
       248, 31, 51, 85, 182, 62, 177, 191, 124, 114, 60, 211, 53, 125,
       126, 177, 81, 250, 222, 1, 242, 225, 32, 195, 114, 204, 186, 224,
       201, 82, 12, 241, 235, 215, 36, 85, 186, 91, 120, 233, 116, 112,
       92, 24, 46, 212, 21, 231, 111, 153, 172, 24, 5, 240, 29, 156, 73,
       16, 242, 51, 189, 88, 87, 32, 250, 188, 251, 125, 247, 191, 189,
       251, 249, 254, 253, 255, 119, 253, 126, 249, 245, 242, 214, 71,
       98, 245, 114, 145, 118, 205, 190, 229, 123, 254, 94, 255, 251,
       247, 36, 87, 190, 210, 122, 249, 245, 250, 93, 25, 14, 212, 23,
       241, 111, 153, 172, 24, 5, 240, 29, 157, 73, 16, 242, 51, 189, 88,
       87, 32, 248, 183, 244, 88, 6, 191, 176, 159, 24, 226, 3, 145, 250,
       172, 75, 132, 85, 226, 247, 4, 113, 195, 34, 131, 124, 228, 150,
       241, 59, 86, 43, 229, 105, 215, 236, 156, 158, 66, 121, 169, 247,
       81, 202, 43, 45, 209, 16, 244, 31, 144, 190, 16, 5, 104, 144, 158,
       105, 16, 178, 50, 159, 88, 87, 36, 187, 41, 214, 108, 109, 175,
       253, 187, 121, 189, 255, 198, 205, 253, 61, 105, 5, 157, 185, 195,
       251, 244, 114, 90, 252, 113, 125, 245, 246, 124, 215, 229, 247,
       223, 248, 203, 36, 255, 185, 248, 107, 124, 28, 122, 175, 213,
       241, 247, 123, 185, 222, 152, 9, 244, 29, 220, 93, 62, 211, 183,
       189, 242, 219, 40, 222, 61, 191, 253, 252, 62, 189, 253, 122, 253,
       254, 222, 249, 253, 125, 188, 77, 251, 253, 227, 107, 245, 127,
       210, 247, 237, 255, 247, 183, 126, 87, 117, 235, 223, 102, 215,
       190, 247, 120, 249, 117, 124, 93, 251, 47, 213, 53, 247, 111, 187,
       188, 24, 13, 240, 29, 156, 93, 52, 242, 119, 191, 218, 223, 45,
       250, 63, 246, 125, 171, 190, 189, 155, 9, 239, 95, 19, 126, 253,
       63, 253, 85, 242, 247, 67, 240, 241, 114, 147, 116, 221, 252, 253,
       63, 126, 218, 255, 235, 215, 108, 87, 190, 218, 120, 233, 124,
       116, 93, 120, 45, 213, 84, 244, 111, 153, 172, 24, 13, 242, 29,
       156, 89, 24, 242, 51, 189, 90, 223, 40, 250, 61, 243, 125, 174,
       55, 61, 189, 122, 246, 92, 252, 113, 125, 123, 252, 117, 242, 212,
       71, 96, 117, 34, 129, 118, 108, 191, 229, 25, 223, 74, 116, 185,
       210, 36, 84, 190, 82, 112, 137, 244, 250, 94, 24, 15, 208, 22,
       244, 78, 153, 173, 24, 5, 248, 29, 159, 73, 16, 242, 51, 188, 88,
       87, 32, 249, 61, 182, 117, 35, 253, 177, 167, 120, 248, 127, 210,
       123, 236, 91, 129, 69, 226, 245, 3, 98, 233, 39, 139, 124, 76,
       248, 56, 47, 222, 12, 113, 111, 223, 36, 85, 186, 82, 120, 169,
       116, 116, 84, 26, 14, 213, 1, 209, 87, 152, 172, 24, 5, 240, 29,
       156, 73, 16, 242, 51, 157, 88, 87, 32, 248, 51, 221, 220, 94, 39,
       157, 92, 15, 247, 216, 21, 225, 62, 122, 36, 94, 253, 178, 32,
       155, 215, 126, 241, 103, 241, 55, 231, 127, 107, 249, 213, 96,
       143, 62, 98, 180, 255, 88, 250, 125, 112, 223, 189, 239, 149, 116,
       181, 111, 177, 170, 153, 79, 240, 13, 248, 77, 59, 243, 119, 255,
       59, 243, 168, 219, 208, 9, 155, 84, 32, 67, 120, 118, 2, 128, 213,
       132, 66, 196, 6, 10, 45, 9, 114, 71, 14, 173, 230, 131, 138, 107,
       150, 220, 65, 164, 132, 40, 206, 19, 32, 233, 130, 44, 82, 193,
