%YAML:1.0
descriptors: !!opencv-matrix
   rows: 120
   cols: 64
   dt: u
   data: [ 47, 254, 125, 175, 255, 253, 183, 89, 255, 253, 174, 235, 237,
       127, 253, 93, 255, 255, 239, 243, 253, 103, 27, 252, 245, 255,
       253, 255, 126, 95, 243, 247, 223, 236, 215, 190, 251, 249, 233,
       127, 125, 93, 122, 175, 213, 113, 254, 111, 185, 253, 152, 9, 244,
       157, 156, 89, 54, 242, 183, 189, 218, 215, 44, 250, 254, 169, 255,
       254, 35, 95, 249, 239, 223, 252, 253, 189, 127, 254, 191, 254,
       255, 155, 243, 255, 119, 191, 231, 183, 253, 239, 247, 253, 107,
       255, 246, 234, 207, 62, 103, 254, 255, 124, 251, 124, 122, 253,
       245, 111, 255, 53, 247, 110, 191, 174, 155, 207, 240, 29, 156, 93,
       23, 243, 127, 249, 123, 127, 169, 250, 61, 253, 125, 136, 54, 127,
       53, 115, 245, 84, 253, 176, 125, 61, 124, 238, 253, 248, 99, 253,
       49, 82, 81, 246, 249, 125, 221, 248, 105, 214, 222, 169, 200, 108,
       195, 174, 202, 120, 137, 124, 124, 157, 60, 167, 213, 241, 118,
       108, 187, 172, 139, 8, 250, 29, 218, 93, 56, 242, 59, 188, 123,
       219, 108, 218, 191, 246, 125, 237, 191, 189, 255, 121, 253, 255,
       255, 251, 253, 127, 254, 85, 243, 253, 103, 123, 245, 119, 211,
       126, 253, 254, 245, 255, 126, 95, 247, 239, 215, 108, 86, 190,
       223, 120, 249, 125, 124, 94, 123, 47, 213, 21, 247, 111, 153, 172,
       24, 5, 240, 29, 157, 73, 16, 242, 51, 189, 218, 87, 32, 250, 59,
       19, 221, 150, 63, 151, 159, 56, 246, 252, 23, 87, 189, 126, 51,
       85, 255, 215, 33, 99, 196, 39, 195, 119, 200, 222, 244, 111, 82,
       24, 247, 107, 215, 44, 85, 190, 82, 120, 233, 116, 112, 92, 56,
       47, 213, 20, 245, 111, 153, 172, 24, 5, 240, 29, 156, 73, 16, 242,
       51, 189, 88, 87, 32, 250, 41, 230, 108, 170, 23, 127, 37, 58, 245,
       84, 254, 241, 125, 63, 252, 229, 211, 252, 71, 248, 241, 82, 145,
       247, 113, 61, 5, 144, 127, 214, 120, 233, 216, 108, 195, 190, 223,
       90, 153, 60, 126, 215, 58, 167, 84, 227, 118, 108, 187, 61, 141,
       12, 250, 29, 203, 29, 62, 230, 111, 188, 219, 219, 110, 218, 92,
       33, 147, 180, 18, 35, 56, 102, 64, 170, 211, 20, 81, 128, 145, 82,
       242, 204, 3, 102, 11, 129, 196, 147, 140, 136, 166, 205, 66, 140,
       48, 168, 112, 36, 52, 187, 10, 126, 1, 84, 144, 64, 21, 14, 194,
       12, 129, 78, 155, 44, 24, 7, 96, 28, 20, 73, 128, 114, 51, 248,
       72, 6, 32, 242, 29, 162, 221, 118, 40, 153, 184, 96, 122, 186, 86,
       213, 220, 115, 137, 80, 238, 154, 1, 99, 197, 100, 195, 243, 205,
       154, 180, 251, 106, 15, 177, 106, 215, 36, 69, 186, 83, 120, 233,
       124, 112, 92, 56, 47, 213, 20, 247, 111, 153, 172, 24, 5, 240, 29,
       156, 73, 16, 242, 51, 189, 88, 87, 32, 250, 254, 249, 255, 245,
       54, 183, 249, 251, 211, 253, 245, 251, 255, 243, 144, 90, 246,
       207, 255, 251, 247, 109, 227, 255, 189, 42, 231, 255, 110, 245,
       244, 255, 255, 127, 36, 255, 255, 61, 251, 253, 223, 223, 251,
       254, 251, 33, 219, 111, 175, 255, 137, 203, 248, 188, 61, 93, 111,
       247, 247, 219, 251, 63, 237, 255, 191, 253, 255, 246, 63, 189,
       253, 122, 255, 255, 253, 251, 255, 127, 244, 127, 243, 255, 119,
       123, 247, 126, 211, 255, 189, 254, 247, 251, 126, 255, 247, 239,
       223, 108, 134, 254, 223, 121, 249, 253, 92, 221, 255, 239, 247,
       113, 247, 111, 187, 190, 153, 207, 248, 29, 158, 85, 60, 247, 247,
       255, 251, 159, 172, 254, 92, 35, 227, 181, 50, 7, 42, 231, 64,
       166, 211, 20, 81, 128, 147, 66, 226, 201, 67, 103, 11, 133, 69,
       147, 140, 136, 174, 141, 66, 140, 48, 184, 114, 36, 84, 187, 90,
       124, 1, 84, 144, 64, 17, 14, 195, 12, 131, 78, 155, 172, 24, 7,
       112, 28, 20, 73, 0, 242, 19, 152, 88, 22, 96, 242, 77, 46, 231,
       253, 120, 119, 174, 246, 120, 252, 106, 151, 80, 245, 219, 234,
       235, 205, 235, 106, 253, 173, 70, 187, 75, 127, 181, 166, 72, 70,
       51, 223, 243, 37, 85, 186, 87, 122, 233, 116, 248, 92, 58, 46,
       213, 167, 211, 111, 153, 172, 24, 5, 240, 29, 157, 73, 20, 242,
       51, 189, 88, 86, 32, 250, 30, 181, 221, 126, 63, 185, 252, 123,
       115, 186, 213, 245, 252, 118, 173, 82, 238, 222, 33, 243, 197, 52,
       195, 115, 205, 158, 224, 255, 90, 79, 181, 106, 215, 36, 85, 186,
       91, 120, 233, 116, 112, 93, 57, 47, 212, 21, 247, 111, 153, 172,
       24, 5, 240, 29, 156, 73, 16, 242, 51, 189, 88, 87, 32, 250, 122,
       249, 255, 254, 55, 191, 121, 123, 247, 254, 213, 253, 255, 254,
       252, 94, 246, 247, 115, 123, 247, 127, 209, 119, 253, 254, 231,
       191, 122, 255, 252, 235, 223, 44, 183, 190, 222, 121, 249, 125,
       120, 223, 255, 111, 215, 53, 247, 111, 191, 174, 153, 79, 250, 29,
       158, 93, 48, 242, 123, 255, 123, 223, 170, 251, 124, 189, 247,
       252, 122, 239, 255, 123, 223, 252, 255, 245, 127, 254, 249, 254,
       243, 223, 251, 111, 247, 47, 193, 247, 255, 238, 230, 223, 78,
       223, 252, 255, 239, 39, 101, 191, 215, 126, 249, 253, 219, 93,
       255, 110, 237, 175, 247, 111, 173, 167, 89, 223, 248, 61, 157, 73,
       84, 254, 127, 255, 123, 47, 163, 254, 253, 249, 247, 116, 118,
       175, 249, 122, 223, 189, 255, 247, 239, 218, 212, 126, 242, 215,
       127, 127, 247, 47, 193, 247, 239, 238, 231, 223, 90, 127, 246,
       239, 255, 47, 116, 191, 222, 126, 251, 245, 219, 92, 187, 111,
       235, 59, 183, 111, 173, 166, 25, 199, 240, 61, 157, 65, 84, 246,
       115, 251, 123, 119, 161, 255, 163, 20, 80, 6, 221, 130, 2, 72, 34,
       1, 128, 115, 166, 75, 128, 21, 98, 183, 5, 84, 193, 7, 137, 100,
       70, 152, 120, 15, 146, 8, 193, 101, 84, 37, 20, 154, 66, 48, 5,
       84, 65, 64, 24, 139, 73, 24, 232, 197, 129, 36, 24, 4, 96, 26,
       140, 73, 16, 112, 51, 156, 24, 7, 32, 248, 254, 33, 239, 184, 22,
       87, 13, 103, 229, 230, 249, 184, 95, 166, 182, 218, 251, 208, 99,
       229, 27, 209, 231, 183, 220, 205, 191, 173, 67, 156, 50, 168, 209,
       44, 71, 187, 74, 116, 97, 94, 56, 74, 52, 47, 215, 28, 101, 188,
       155, 172, 16, 5, 98, 29, 148, 89, 144, 242, 33, 189, 92, 86, 96,
       242, 124, 63, 247, 240, 216, 191, 99, 123, 228, 94, 210, 53, 223,
       243, 220, 76, 242, 205, 251, 102, 247, 125, 152, 247, 222, 234,
       46, 133, 110, 216, 120, 201, 86, 71, 223, 187, 76, 118, 87, 92,
       204, 244, 154, 207, 73, 174, 229, 199, 222, 37, 153, 216, 227,
       125, 143, 155, 68, 254, 67, 143, 74, 230, 249, 176, 215, 251, 210,
       125, 249, 122, 230, 194, 106, 177, 170, 251, 230, 211, 206, 249,
       121, 139, 61, 223, 15, 141, 47, 88, 199, 95, 123, 239, 135, 46,
       226, 54, 146, 179, 125, 223, 120, 189, 255, 246, 103, 28, 40, 253,
       223, 91, 62, 181, 204, 247, 100, 242, 221, 231, 226, 235, 214,
       221, 132, 39, 92, 113, 241, 10, 127, 244, 124, 238, 127, 191, 95,
       81, 127, 117, 189, 249, 61, 59, 252, 255, 247, 247, 29, 109, 245,
       115, 185, 60, 237, 207, 233, 95, 127, 93, 253, 127, 241, 229, 118,
       255, 194, 115, 181, 247, 214, 223, 120, 15, 209, 30, 212, 79, 141,
       165, 86, 5, 104, 125, 151, 207, 88, 254, 59, 188, 89, 94, 50, 185,
       108, 45, 239, 185, 86, 119, 123, 247, 229, 230, 211, 52, 121, 238,
       187, 230, 155, 125, 91, 102, 63, 243, 215, 182, 93, 233, 190, 141,
       211, 220, 62, 139, 97, 47, 71, 251, 195, 118, 197, 94, 184, 97,
       84, 62, 87, 189, 67, 44, 31, 44, 158, 13, 83, 29, 148, 80, 216,
       228, 105, 185, 77, 150, 42, 242, 254, 249, 251, 61, 119, 98, 253,
       206, 221, 163, 253, 250, 255, 142, 166, 254, 251, 149, 63, 95, 47,
       159, 231, 63, 183, 223, 251, 191, 83, 191, 102, 190, 135, 173,
       167, 223, 234, 125, 253, 255, 122, 219, 245, 121, 223, 93, 61,
       188, 223, 174, 243, 223, 248, 183, 116, 117, 248, 188, 253, 251,
       189, 223, 190, 222, 124, 107, 127, 249, 122, 127, 227, 255, 189,
       254, 110, 53, 93, 126, 249, 228, 243, 221, 219, 110, 247, 123,
       188, 186, 121, 238, 46, 135, 125, 219, 63, 255, 123, 103, 87, 251,
       87, 242, 221, 244, 218, 117, 222, 30, 69, 175, 67, 230, 141, 45,
