%YAML:1.0
descriptors: !!opencv-matrix
   rows: 158
   cols: 64
   dt: u
   data: [ 60, 185, 255, 254, 62, 119, 253, 126, 247, 254, 221, 247, 127,
       126, 183, 126, 251, 215, 99, 99, 245, 63, 195, 247, 205, 239, 246,
       191, 91, 221, 247, 235, 215, 36, 85, 190, 87, 120, 233, 116, 120,
       92, 57, 47, 213, 53, 247, 111, 153, 172, 24, 5, 240, 29, 156, 73,
       16, 242, 51, 189, 88, 87, 32, 250, 191, 246, 125, 254, 63, 61,
       125, 123, 247, 127, 253, 251, 127, 251, 244, 127, 242, 244, 103,
       115, 245, 246, 177, 126, 221, 175, 229, 187, 251, 95, 125, 235,
       243, 44, 214, 190, 210, 120, 241, 245, 94, 94, 123, 47, 208, 23,
       245, 79, 153, 172, 24, 5, 240, 29, 159, 77, 24, 242, 51, 189, 90,
       86, 42, 249, 63, 189, 255, 218, 55, 255, 221, 31, 247, 222, 149,
       248, 127, 254, 188, 95, 251, 183, 226, 187, 183, 127, 83, 247,
       245, 247, 247, 127, 127, 255, 212, 227, 143, 206, 199, 182, 254,
       88, 251, 125, 120, 253, 231, 237, 183, 117, 245, 111, 251, 190,
       168, 79, 242, 21, 248, 85, 63, 243, 246, 255, 251, 249, 237, 218,
       252, 249, 255, 221, 54, 127, 253, 183, 223, 254, 253, 189, 127,
       246, 255, 254, 189, 219, 250, 255, 183, 255, 247, 183, 249, 127,
       247, 254, 109, 247, 254, 234, 207, 58, 231, 247, 223, 125, 250,
       125, 122, 255, 247, 127, 191, 181, 247, 110, 191, 170, 175, 223,
       250, 61, 252, 92, 119, 247, 127, 251, 251, 249, 203, 254, 252,
       249, 255, 245, 118, 119, 248, 247, 218, 255, 119, 223, 215, 194,
       219, 250, 255, 223, 127, 111, 63, 141, 231, 159, 175, 127, 255,
       239, 195, 199, 246, 186, 226, 37, 125, 255, 95, 127, 237, 245,
       216, 92, 177, 62, 219, 63, 219, 190, 159, 173, 30, 215, 248, 63,
       157, 73, 208, 250, 49, 253, 93, 23, 32, 186, 253, 250, 247, 167,
       255, 247, 175, 248, 252, 255, 250, 123, 239, 255, 242, 125, 251,
       213, 63, 103, 109, 135, 167, 124, 78, 255, 185, 47, 214, 10, 115,
       191, 247, 37, 84, 251, 82, 117, 237, 244, 112, 92, 56, 63, 213,
       29, 252, 53, 153, 172, 24, 5, 240, 191, 156, 73, 16, 244, 51, 189,
       92, 87, 32, 250, 126, 49, 249, 187, 214, 135, 27, 105, 198, 102,
       209, 62, 253, 170, 183, 86, 250, 213, 115, 100, 89, 183, 195, 116,
       220, 216, 188, 45, 210, 156, 114, 169, 199, 44, 71, 191, 82, 120,
       233, 124, 112, 88, 52, 47, 213, 28, 245, 109, 153, 172, 24, 5,
       240, 29, 156, 73, 16, 242, 51, 189, 88, 87, 32, 250, 60, 186, 255,
       237, 58, 253, 179, 245, 221, 189, 222, 253, 253, 54, 251, 236,
       187, 154, 251, 187, 245, 83, 127, 221, 249, 125, 220, 247, 109,
       247, 255, 238, 141, 248, 99, 52, 255, 219, 232, 127, 253, 29, 231,
       54, 245, 231, 183, 107, 191, 254, 175, 207, 246, 13, 218, 93, 102,
       215, 223, 237, 251, 155, 108, 222, 222, 49, 223, 183, 246, 35, 31,
       250, 214, 135, 253, 122, 255, 206, 178, 91, 243, 213, 61, 103, 73,
       133, 195, 116, 142, 223, 249, 47, 210, 8, 114, 41, 210, 37, 20,
       251, 82, 121, 229, 244, 112, 72, 56, 47, 213, 28, 245, 109, 157,
       172, 24, 5, 240, 29, 156, 73, 16, 242, 49, 189, 88, 87, 32, 250,
       254, 252, 127, 231, 255, 255, 223, 249, 255, 95, 253, 250, 255,
       202, 246, 253, 243, 215, 127, 127, 127, 215, 167, 124, 239, 223,
       251, 63, 215, 123, 126, 187, 242, 109, 156, 223, 194, 119, 237,
       247, 210, 222, 125, 63, 219, 30, 252, 21, 143, 189, 22, 133, 232,
       191, 151, 107, 208, 244, 49, 190, 93, 95, 50, 189, 253, 253, 255,
       244, 119, 103, 125, 255, 245, 221, 229, 251, 127, 251, 182, 79,
       187, 245, 127, 111, 55, 175, 242, 119, 127, 255, 183, 63, 123,
       121, 118, 237, 215, 39, 52, 251, 210, 125, 255, 253, 89, 255, 191,
       127, 251, 28, 253, 239, 221, 164, 122, 213, 249, 126, 188, 78, 89,
       254, 115, 255, 91, 117, 177, 251, 236, 233, 239, 221, 242, 71,
       251, 255, 157, 239, 253, 251, 211, 232, 247, 238, 187, 85, 127,
       111, 63, 159, 246, 63, 127, 255, 191, 63, 211, 223, 54, 191, 226,
       39, 119, 251, 210, 125, 255, 254, 114, 127, 245, 127, 191, 30,
       125, 178, 205, 173, 118, 245, 217, 255, 180, 238, 209, 252, 113,
       127, 93, 116, 145, 191, 238, 41, 227, 245, 246, 103, 123, 222,
       252, 253, 215, 255, 219, 202, 178, 207, 171, 213, 59, 111, 15,
       173, 230, 51, 15, 219, 190, 47, 211, 8, 54, 47, 215, 39, 116, 251,
       82, 125, 255, 116, 80, 124, 184, 127, 203, 28, 125, 182, 221, 172,
       94, 213, 209, 126, 148, 202, 209, 252, 113, 63, 93, 53, 145, 250,
       223, 57, 223, 181, 86, 35, 125, 254, 208, 191, 212, 51, 239, 202,
       178, 91, 235, 213, 51, 103, 105, 133, 226, 55, 142, 203, 184, 175,
       82, 12, 114, 235, 215, 36, 20, 187, 82, 124, 225, 116, 112, 76,
       56, 47, 213, 21, 197, 111, 153, 172, 24, 5, 240, 29, 156, 73, 16,
       242, 51, 189, 88, 86, 32, 250, 143, 248, 207, 207, 127, 91, 221,
       138, 127, 255, 189, 250, 191, 107, 246, 121, 235, 245, 52, 243,
       199, 117, 225, 123, 111, 215, 179, 59, 223, 43, 55, 123, 215, 100,
       94, 218, 90, 124, 249, 246, 114, 94, 104, 47, 209, 20, 245, 111,
       153, 172, 24, 5, 240, 29, 156, 73, 24, 242, 51, 189, 92, 87, 34,
       251, 252, 59, 255, 253, 50, 127, 121, 255, 253, 252, 254, 181,
       127, 254, 251, 238, 251, 220, 251, 111, 127, 255, 246, 183, 95,
       235, 182, 149, 123, 223, 126, 255, 243, 39, 119, 255, 214, 127,
       213, 124, 250, 125, 247, 54, 255, 167, 67, 238, 191, 173, 255,
       221, 242, 31, 157, 93, 244, 252, 107, 255, 95, 14, 43, 254, 126,
       33, 253, 154, 2, 135, 23, 111, 198, 70, 213, 48, 253, 110, 180,
       86, 250, 145, 67, 100, 209, 39, 195, 119, 220, 232, 164, 13, 66,
       156, 112, 233, 199, 44, 69, 190, 82, 120, 193, 124, 112, 88, 52,
       47, 213, 52, 229, 111, 153, 172, 24, 5, 240, 29, 156, 73, 16, 242,
       51, 189, 88, 87, 32, 250, 68, 43, 195, 208, 88, 2, 66, 67, 128, 0,
       130, 23, 195, 197, 147, 65, 194, 69, 59, 102, 198, 45, 64, 83, 78,
       202, 134, 5, 82, 12, 48, 72, 87, 39, 84, 187, 82, 126, 71, 84,
       208, 96, 24, 78, 73, 12, 193, 207, 25, 44, 24, 5, 241, 28, 156,
       75, 16, 106, 51, 189, 72, 22, 49, 248, 70, 41, 227, 145, 208, 134,
       2, 75, 196, 35, 0, 50, 195, 194, 179, 75, 194, 85, 59, 102, 75,
       141, 66, 67, 78, 194, 190, 45, 146, 8, 48, 8, 71, 39, 86, 187, 66,
       124, 71, 84, 32, 98, 16, 11, 89, 28, 129, 151, 93, 172, 24, 0,
       113, 120, 156, 203, 80, 252, 51, 189, 72, 84, 48, 251, 94, 49,
       219, 151, 126, 131, 27, 110, 70, 167, 213, 54, 255, 194, 178, 82,
       250, 213, 33, 99, 205, 37, 195, 115, 140, 202, 176, 47, 82, 12,
       49, 107, 215, 36, 85, 186, 82, 120, 225, 116, 80, 92, 56, 46, 209,
       20, 225, 111, 153, 172, 24, 5, 240, 29, 156, 73, 16, 242, 51, 189,
       88, 87, 32, 250, 68, 3, 161, 16, 72, 130, 34, 70, 128, 6, 130, 4,
       65, 196, 145, 0, 194, 69, 3, 70, 194, 37, 128, 67, 14, 136, 6, 5,
       0, 140, 48, 72, 70, 38, 69, 186, 16, 50, 69, 68, 128, 96, 16, 14,
       65, 12, 129, 206, 25, 44, 24, 0, 113, 28, 156, 1, 0, 98, 19, 189,
       72, 22, 32, 240, 71, 34, 193, 3, 217, 130, 139, 204, 234, 43, 3,
       62, 161, 3, 131, 65, 226, 85, 24, 32, 201, 133, 202, 108, 78, 192,
       184, 47, 146, 9, 49, 78, 85, 165, 93, 155, 82, 253, 37, 86, 32,
       64, 72, 14, 65, 28, 200, 17, 157, 44, 24, 37, 37, 249, 156, 235,
       80, 124, 176, 60, 204, 87, 48, 244, 69, 34, 225, 1, 217, 130, 3,
       76, 134, 38, 131, 52, 193, 139, 147, 71, 66, 101, 27, 68, 201,
       131, 202, 13, 14, 192, 140, 15, 146, 136, 1, 78, 65, 37, 70, 187,
       0, 48, 37, 94, 128, 64, 0, 138, 65, 88, 128, 17, 16, 44, 24, 0,
       49, 56, 148, 3, 80, 42, 49, 188, 72, 86, 48, 241, 63, 164, 108,
       236, 59, 221, 245, 101, 61, 244, 223, 253, 252, 63, 189, 244, 153,
       184, 194, 187, 245, 114, 219, 255, 245, 53, 69, 243, 108, 255,
       221, 231, 143, 216, 195, 4, 255, 216, 248, 63, 125, 157, 111, 165,
       180, 241, 247, 107, 187, 254, 169, 15, 246, 5, 250, 84, 62, 211,
