%YAML:1.0
descriptors: !!opencv-matrix
   rows: 104
   cols: 64
   dt: u
   data: [ 190, 254, 127, 239, 255, 253, 247, 249, 255, 125, 254, 255,
       255, 127, 254, 252, 255, 255, 255, 251, 253, 119, 187, 252, 255,
       255, 125, 255, 255, 223, 255, 191, 207, 237, 79, 255, 255, 251,
       253, 126, 127, 221, 123, 191, 213, 119, 254, 53, 189, 221, 157,
       45, 254, 191, 159, 125, 118, 246, 247, 189, 250, 223, 44, 254,
       191, 253, 125, 254, 55, 63, 221, 123, 255, 255, 253, 250, 255,
       122, 244, 95, 246, 247, 127, 123, 247, 118, 241, 127, 253, 255,
       247, 123, 127, 123, 255, 251, 223, 108, 214, 254, 222, 121, 249,
       253, 126, 223, 255, 63, 211, 55, 245, 111, 159, 175, 24, 13, 250,
       29, 159, 93, 24, 246, 115, 191, 251, 223, 42, 251, 56, 177, 253,
       254, 58, 253, 253, 55, 215, 252, 214, 245, 125, 118, 189, 86, 255,
       154, 227, 243, 245, 54, 195, 215, 217, 63, 244, 250, 106, 215,
       247, 234, 207, 44, 71, 182, 223, 120, 233, 124, 120, 93, 49, 47,
       213, 53, 183, 111, 185, 172, 137, 15, 240, 29, 156, 73, 54, 243,
       55, 189, 122, 87, 32, 250, 62, 48, 253, 166, 62, 181, 189, 125,
       212, 254, 214, 53, 253, 14, 187, 86, 251, 212, 67, 114, 241, 51,
       195, 255, 140, 168, 228, 139, 90, 221, 117, 238, 199, 44, 85, 190,
       254, 120, 233, 117, 120, 92, 119, 47, 212, 53, 245, 111, 187, 172,
       24, 5, 240, 29, 156, 89, 20, 242, 51, 189, 90, 87, 32, 254, 124,
       59, 239, 254, 54, 127, 49, 255, 245, 252, 254, 181, 127, 190, 187,
       238, 251, 220, 99, 107, 245, 133, 229, 183, 95, 239, 180, 137,
       123, 222, 114, 235, 245, 36, 85, 186, 83, 122, 233, 116, 120, 93,
       56, 46, 213, 23, 231, 110, 153, 172, 28, 5, 240, 29, 156, 73, 16,
       242, 51, 189, 88, 86, 32, 250, 62, 182, 109, 165, 190, 245, 191,
       253, 252, 255, 222, 125, 253, 127, 187, 245, 251, 220, 67, 114,
       245, 115, 223, 252, 253, 237, 244, 191, 126, 95, 119, 239, 215,
       108, 87, 190, 126, 122, 233, 116, 120, 93, 122, 46, 213, 53, 247,
       111, 185, 172, 24, 5, 240, 29, 156, 73, 20, 242, 51, 189, 218, 95,
       32, 254, 191, 245, 125, 254, 55, 189, 95, 25, 247, 71, 253, 250,
       255, 122, 244, 95, 242, 247, 102, 113, 183, 118, 241, 118, 253,
       191, 231, 123, 123, 249, 245, 233, 194, 108, 150, 190, 202, 120,
       241, 253, 122, 223, 125, 45, 208, 85, 245, 111, 157, 174, 24, 13,
       106, 29, 159, 93, 56, 242, 115, 189, 123, 223, 42, 251, 61, 190,
       247, 169, 248, 253, 163, 252, 253, 252, 206, 63, 237, 63, 219,
       228, 251, 252, 203, 104, 253, 195, 223, 188, 221, 253, 60, 163,
       255, 79, 123, 255, 253, 68, 85, 190, 85, 242, 237, 124, 253, 84,
       122, 182, 85, 163, 126, 229, 184, 45, 93, 41, 240, 31, 140, 73,
       36, 244, 35, 172, 218, 71, 36, 254, 188, 254, 127, 233, 190, 253,
       187, 253, 253, 223, 254, 255, 253, 63, 251, 252, 251, 244, 107,
       106, 125, 210, 183, 252, 253, 253, 253, 187, 255, 223, 127, 187,
       245, 108, 223, 254, 214, 115, 233, 124, 254, 93, 123, 62, 212,
       183, 252, 116, 155, 173, 30, 5, 250, 157, 157, 93, 144, 244, 59,
       188, 95, 223, 42, 242, 187, 245, 125, 94, 55, 29, 93, 59, 247, 85,
       189, 251, 63, 122, 244, 93, 255, 246, 118, 187, 119, 122, 177,
       102, 253, 247, 247, 123, 127, 123, 222, 105, 138, 108, 150, 222,
       206, 89, 251, 253, 83, 223, 255, 239, 144, 112, 245, 110, 163,
       183, 147, 15, 248, 17, 223, 85, 56, 179, 118, 127, 251, 223, 174,
       219, 179, 245, 125, 222, 55, 29, 93, 11, 247, 85, 189, 250, 191,
       123, 244, 93, 246, 246, 38, 179, 87, 126, 177, 102, 244, 183, 243,
       123, 255, 123, 212, 57, 146, 108, 158, 222, 234, 121, 251, 253,
       83, 219, 175, 253, 144, 84, 245, 79, 129, 183, 147, 15, 104, 19,
       223, 93, 56, 242, 112, 31, 122, 221, 174, 153, 45, 46, 255, 248,
       58, 127, 177, 254, 245, 252, 206, 181, 93, 61, 251, 231, 139, 252,
       195, 107, 245, 112, 220, 191, 93, 41, 132, 147, 125, 213, 125,
       207, 253, 64, 247, 186, 213, 250, 249, 125, 252, 93, 123, 54, 118,
       167, 67, 107, 187, 172, 175, 13, 242, 29, 159, 92, 54, 226, 63,
       252, 219, 214, 110, 254, 61, 55, 247, 180, 126, 183, 171, 127,
       244, 252, 210, 117, 253, 123, 177, 68, 250, 221, 195, 98, 245, 39,
       194, 119, 92, 170, 164, 143, 90, 92, 113, 235, 87, 36, 85, 186,
       86, 122, 233, 116, 216, 92, 26, 14, 193, 37, 211, 111, 153, 172,
       24, 5, 240, 29, 156, 73, 16, 242, 51, 189, 90, 87, 32, 250, 126,
       249, 253, 254, 54, 255, 127, 121, 255, 247, 221, 188, 253, 126,
       252, 94, 251, 213, 115, 103, 253, 119, 211, 119, 221, 255, 245,
       191, 122, 222, 119, 235, 215, 44, 87, 190, 210, 120, 233, 124,
       120, 93, 57, 47, 213, 20, 245, 111, 153, 172, 24, 5, 240, 29, 156,
       73, 16, 242, 51, 189, 88, 87, 32, 250, 127, 53, 125, 182, 255,
       167, 27, 121, 230, 101, 213, 50, 253, 74, 176, 85, 242, 213, 67,
       102, 249, 35, 195, 118, 204, 170, 228, 15, 82, 24, 117, 233, 215,
       36, 20, 190, 82, 120, 225, 116, 80, 90, 24, 15, 209, 20, 193, 79,
       153, 172, 24, 5, 240, 28, 156, 73, 16, 242, 51, 189, 88, 87, 32,
       251, 110, 34, 97, 162, 90, 163, 35, 72, 228, 110, 194, 48, 113,
       42, 176, 65, 226, 213, 3, 96, 193, 32, 129, 119, 12, 136, 168, 13,
       82, 12, 49, 105, 80, 36, 84, 186, 82, 112, 1, 84, 80, 64, 24, 14,
       64, 4, 192, 79, 153, 44, 24, 4, 96, 28, 156, 73, 16, 242, 51, 188,
       88, 22, 32, 248, 45, 174, 103, 225, 254, 253, 163, 249, 252, 255,
       218, 119, 253, 127, 249, 229, 227, 253, 203, 106, 245, 98, 158,
       124, 95, 252, 37, 183, 254, 95, 123, 255, 119, 102, 95, 186, 86,
       114, 253, 124, 253, 84, 90, 158, 69, 167, 210, 83, 153, 45, 28,
       13, 242, 29, 143, 73, 16, 244, 51, 189, 218, 95, 40, 240, 61, 62,
       239, 121, 62, 183, 185, 126, 245, 254, 210, 181, 109, 57, 187, 71,
       154, 253, 227, 107, 245, 119, 94, 255, 221, 42, 164, 151, 124, 85,
       117, 239, 255, 72, 215, 190, 255, 184, 249, 125, 252, 93, 123,
       174, 213, 225, 211, 107, 186, 188, 152, 11, 242, 29, 156, 85, 54,
       242, 247, 159, 251, 215, 108, 254, 63, 182, 101, 226, 255, 191,
       167, 120, 252, 93, 214, 115, 237, 123, 252, 85, 242, 245, 79, 112,
       245, 119, 153, 127, 246, 254, 109, 191, 126, 95, 121, 239, 207,
       110, 222, 190, 222, 58, 253, 125, 253, 213, 90, 143, 213, 225,
       246, 71, 184, 181, 152, 8, 242, 189, 143, 85, 56, 182, 247, 159,
       250, 223, 44, 220, 126, 49, 209, 246, 54, 131, 90, 47, 82, 161,
       213, 177, 127, 194, 128, 82, 118, 147, 0, 211, 143, 45, 227, 151,
       140, 138, 226, 223, 66, 185, 245, 110, 215, 45, 52, 190, 223, 120,
       243, 245, 80, 202, 181, 110, 234, 21, 129, 111, 153, 166, 89, 199,
       112, 28, 28, 73, 64, 243, 115, 251, 121, 54, 161, 255, 124, 185,
       239, 252, 54, 119, 125, 127, 245, 254, 212, 181, 95, 252, 191, 78,
       251, 221, 251, 111, 245, 127, 214, 183, 93, 255, 182, 149, 121,
       212, 118, 235, 223, 38, 87, 186, 214, 120, 249, 124, 120, 93, 187,
       47, 215, 53, 247, 111, 159, 172, 152, 5, 240, 29, 156, 93, 16,
       242, 123, 191, 91, 87, 40, 250, 45, 182, 231, 224, 221, 167, 167,
       122, 244, 127, 192, 115, 239, 75, 144, 69, 226, 245, 175, 98, 245,
       47, 154, 127, 78, 186, 43, 167, 94, 25, 113, 239, 87, 103, 220,
       187, 82, 124, 61, 117, 221, 70, 26, 143, 73, 1, 217, 215, 136, 52,
       24, 4, 224, 188, 141, 73, 24, 182, 51, 159, 218, 87, 36, 185, 13,
       22, 228, 96, 29, 177, 165, 124, 52, 126, 194, 97, 232, 93, 161, 5,
       200, 252, 195, 242, 241, 98, 91, 251, 68, 40, 34, 134, 92, 69, 33,
       199, 95, 226, 223, 48, 117, 184, 105, 36, 124, 100, 90, 174, 84,
       225, 215, 75, 56, 124, 24, 5, 244, 29, 220, 73, 22, 162, 183, 151,
       202, 215, 36, 118, 125, 49, 213, 247, 254, 163, 122, 116, 82, 185,
       85, 53, 236, 215, 131, 82, 246, 199, 16, 103, 205, 45, 195, 215,
       204, 202, 224, 255, 66, 45, 245, 111, 215, 37, 53, 190, 223, 120,
