%YAML:1.0
descriptors: !!opencv-matrix
   rows: 159
   cols: 64
   dt: u
   data: [ 61, 245, 125, 254, 62, 189, 253, 121, 247, 252, 213, 255, 253,
       127, 188, 86, 251, 254, 67, 107, 245, 118, 211, 247, 253, 190,
       245, 251, 126, 95, 247, 235, 223, 44, 85, 190, 223, 120, 249, 125,
       120, 93, 123, 47, 212, 53, 247, 111, 153, 172, 24, 5, 240, 29,
       156, 73, 16, 242, 51, 189, 122, 87, 32, 250, 29, 177, 221, 182,
       63, 177, 189, 122, 118, 188, 213, 241, 125, 127, 176, 80, 254,
       222, 65, 99, 229, 100, 193, 243, 201, 58, 224, 219, 122, 76, 245,
       235, 223, 36, 85, 186, 83, 120, 233, 116, 112, 92, 57, 47, 212,
       21, 247, 111, 153, 172, 24, 5, 240, 29, 156, 73, 24, 242, 51, 189,
       88, 87, 32, 250, 61, 189, 255, 254, 55, 189, 253, 123, 247, 254,
       221, 243, 255, 127, 188, 95, 255, 254, 99, 107, 244, 126, 208,
       119, 253, 190, 247, 251, 122, 219, 117, 235, 223, 44, 87, 190,
       215, 120, 249, 125, 120, 93, 187, 47, 212, 53, 245, 111, 153, 172,
       152, 13, 240, 29, 156, 93, 48, 242, 115, 191, 123, 215, 40, 250,
       255, 248, 251, 191, 254, 170, 127, 72, 251, 97, 245, 250, 255,
       242, 166, 89, 250, 135, 63, 117, 239, 157, 43, 93, 230, 223, 249,
       255, 227, 61, 247, 239, 151, 165, 20, 223, 106, 249, 237, 247, 90,
       219, 125, 105, 217, 29, 253, 31, 221, 166, 11, 71, 120, 182, 30,
       105, 92, 254, 177, 189, 216, 95, 118, 223, 62, 177, 125, 254, 62,
       253, 249, 125, 223, 116, 223, 181, 125, 126, 253, 244, 251, 214,
       67, 114, 247, 122, 199, 54, 253, 255, 246, 153, 123, 223, 255,
       234, 199, 46, 71, 190, 222, 114, 249, 124, 120, 221, 213, 111,
       212, 183, 245, 110, 159, 172, 155, 13, 242, 29, 156, 89, 16, 242,
       123, 187, 123, 95, 42, 250, 62, 177, 125, 190, 63, 53, 253, 122,
       247, 254, 245, 241, 125, 122, 180, 87, 246, 246, 67, 115, 245,
       118, 209, 119, 221, 170, 228, 91, 90, 221, 245, 235, 215, 44, 87,
       190, 210, 120, 233, 125, 120, 93, 57, 47, 212, 53, 245, 111, 153,
       172, 24, 5, 240, 29, 156, 73, 16, 242, 51, 189, 88, 87, 32, 250,
       61, 190, 255, 252, 62, 125, 249, 255, 253, 252, 214, 245, 125,
       127, 251, 245, 251, 252, 195, 107, 245, 122, 213, 254, 253, 187,
       246, 155, 126, 223, 127, 255, 223, 108, 87, 190, 214, 122, 249,
       125, 252, 93, 251, 62, 212, 167, 243, 111, 185, 173, 156, 13, 240,
       29, 159, 77, 52, 242, 115, 191, 218, 215, 44, 254, 37, 54, 101,
       130, 28, 52, 3, 89, 102, 94, 0, 49, 109, 59, 176, 69, 226, 244, 1,
       96, 193, 32, 145, 112, 76, 136, 160, 9, 210, 8, 49, 105, 212, 36,
       84, 186, 82, 112, 1, 116, 84, 68, 24, 143, 80, 0, 192, 77, 152,
       44, 24, 4, 240, 28, 156, 73, 16, 242, 51, 156, 88, 86, 32, 249,
       254, 248, 255, 255, 254, 117, 249, 255, 127, 253, 127, 255, 191,
       250, 251, 254, 255, 223, 125, 107, 253, 253, 231, 127, 255, 255,
       243, 251, 255, 219, 247, 255, 247, 101, 119, 255, 215, 127, 249,
       117, 249, 93, 255, 62, 221, 23, 251, 127, 157, 172, 30, 5, 248,
       31, 156, 77, 24, 246, 59, 189, 223, 95, 32, 254, 191, 253, 127,
       253, 247, 189, 255, 249, 255, 223, 253, 251, 255, 127, 244, 125,
       243, 255, 127, 255, 255, 127, 147, 119, 253, 255, 243, 255, 127,
       127, 246, 187, 214, 124, 158, 255, 219, 125, 249, 245, 122, 223,
       251, 255, 247, 23, 247, 127, 157, 191, 24, 79, 248, 189, 159, 77,
       16, 247, 115, 191, 123, 255, 175, 187, 46, 18, 69, 138, 31, 21, 5,
       29, 38, 110, 10, 48, 61, 46, 185, 69, 227, 246, 1, 96, 192, 32,
       144, 114, 72, 136, 160, 9, 18, 8, 49, 107, 245, 36, 87, 186, 82,
       112, 129, 116, 112, 84, 24, 14, 84, 20, 196, 77, 153, 172, 24, 5,
       242, 29, 156, 73, 16, 242, 51, 188, 88, 86, 32, 240, 178, 241, 81,
       70, 254, 136, 222, 41, 90, 17, 61, 123, 174, 86, 196, 112, 118,
       131, 36, 146, 199, 44, 3, 198, 162, 94, 243, 255, 174, 251, 199,
       102, 143, 237, 108, 150, 255, 16, 251, 247, 97, 221, 199, 75, 205,
       117, 189, 79, 160, 246, 201, 75, 246, 2, 24, 227, 102, 51, 214,
       51, 186, 109, 180, 76, 71, 5, 130, 48, 201, 34, 38, 66, 32, 32,
       168, 0, 2, 193, 128, 33, 64, 9, 61, 70, 74, 141, 136, 35, 70, 202,
       10, 5, 210, 4, 32, 1, 50, 39, 84, 171, 32, 36, 5, 196, 0, 32, 24,
       73, 73, 25, 67, 198, 76, 36, 16, 4, 65, 124, 132, 139, 80, 172,
       33, 180, 8, 70, 48, 104, 218, 217, 138, 223, 103, 91, 222, 135,
       31, 211, 61, 202, 190, 222, 54, 222, 253, 147, 60, 159, 6, 191,
       231, 99, 107, 215, 251, 126, 83, 251, 214, 99, 151, 63, 49, 113,
       255, 77, 254, 113, 114, 255, 229, 121, 159, 28, 245, 239, 223,
       138, 155, 213, 253, 111, 248, 223, 83, 255, 120, 123, 85, 121,
       145, 234, 44, 190, 231, 233, 62, 245, 161, 255, 253, 254, 202,
       117, 125, 63, 187, 229, 251, 252, 235, 106, 245, 67, 223, 253, 93,
       233, 52, 179, 127, 221, 123, 239, 253, 224, 95, 186, 119, 242,
       233, 124, 125, 84, 122, 190, 85, 163, 115, 227, 185, 236, 28, 1,
       242, 29, 156, 93, 22, 242, 167, 189, 218, 87, 40, 246, 109, 254,
       238, 233, 255, 255, 247, 248, 189, 253, 206, 255, 239, 127, 235,
       205, 137, 253, 251, 123, 245, 119, 222, 253, 101, 127, 25, 183,
       124, 87, 127, 215, 223, 219, 223, 33, 247, 251, 253, 55, 125, 61,
       122, 183, 213, 225, 127, 243, 190, 255, 141, 45, 215, 245, 218,
       252, 118, 206, 247, 175, 251, 219, 252, 222, 253, 252, 255, 253,
       255, 255, 255, 253, 253, 255, 223, 253, 255, 254, 255, 255, 251,
       245, 123, 111, 253, 55, 246, 117, 127, 255, 189, 63, 91, 95, 127,
       251, 215, 36, 85, 254, 82, 123, 233, 116, 120, 93, 56, 47, 213,
       21, 245, 111, 153, 172, 26, 5, 240, 29, 156, 73, 16, 242, 51, 189,
       88, 87, 34, 250, 209, 215, 181, 92, 232, 143, 124, 114, 51, 61,
       45, 203, 214, 241, 20, 24, 244, 235, 230, 35, 222, 173, 18, 219,
       218, 127, 247, 254, 232, 167, 215, 102, 219, 50, 64, 44, 152, 168,
       250, 235, 118, 62, 233, 231, 253, 112, 247, 79, 185, 194, 8, 83,
       244, 92, 24, 73, 63, 211, 83, 183, 240, 119, 129, 239, 66, 205,
       154, 222, 35, 207, 92, 3, 15, 192, 5, 200, 147, 238, 60, 94, 175,
       19, 48, 15, 134, 61, 210, 99, 93, 215, 179, 125, 3, 170, 22, 105,
       135, 22, 113, 154, 130, 76, 250, 123, 32, 185, 229, 97, 191, 28,
       245, 47, 213, 170, 56, 215, 178, 1, 188, 202, 17, 243, 114, 251,
       89, 125, 145, 250, 67, 6, 16, 1, 200, 128, 6, 0, 10, 35, 1, 10,
       128, 1, 2, 17, 100, 67, 0, 128, 138, 133, 10, 72, 138, 64, 56,
       110, 128, 4, 129, 7, 85, 149, 88, 9, 0, 173, 38, 66, 0, 0, 8, 8,
       3, 24, 72, 145, 16, 64, 16, 36, 37, 224, 4, 235, 129, 24, 128, 4,
       68, 65, 80, 36, 60, 186, 255, 171, 62, 119, 177, 254, 254, 190,
       214, 245, 109, 63, 187, 213, 251, 212, 227, 123, 245, 83, 207,
       255, 205, 249, 244, 139, 94, 93, 243, 239, 221, 44, 213, 190, 126,
       122, 233, 116, 248, 92, 122, 46, 213, 165, 211, 111, 185, 172, 28,
       5, 240, 29, 157, 73, 22, 242, 183, 189, 218, 87, 32, 254, 50, 22,
       92, 130, 63, 213, 157, 29, 118, 250, 26, 5, 61, 62, 49, 117, 255,
       214, 0, 176, 192, 50, 197, 118, 200, 132, 224, 75, 18, 88, 213,
       107, 245, 36, 85, 190, 82, 120, 169, 116, 112, 92, 56, 46, 212,
       20, 212, 111, 153, 172, 24, 5, 242, 29, 156, 73, 16, 242, 51, 188,
       88, 87, 32, 250, 186, 250, 255, 239, 255, 253, 217, 249, 255, 221,
       222, 255, 255, 126, 251, 252, 251, 215, 127, 123, 245, 31, 175,
       124, 255, 255, 125, 59, 223, 219, 127, 255, 215, 109, 95, 254,
       246, 115, 233, 124, 241, 93, 115, 63, 221, 150, 253, 125, 141,
       173, 156, 5, 250, 31, 157, 73, 16, 242, 51, 189, 95, 95, 32, 254,
       250, 248, 255, 255, 255, 181, 223, 249, 254, 253, 213, 251, 255,
       250, 179, 92, 250, 215, 127, 99, 252, 159, 183, 124, 190, 251,
       255, 63, 223, 217, 119, 255, 247, 45, 22, 255, 214, 125, 249, 119,
       217, 95, 127, 30, 217, 20, 217, 93, 157, 172, 26, 5, 248, 31, 157,
       73, 16, 246, 51, 157, 95, 95, 34, 255, 56, 190, 247, 206, 62, 127,
