%YAML:1.0
descriptors: !!opencv-matrix
   rows: 148
   cols: 64
   dt: u
   data: [ 63, 182, 125, 168, 55, 189, 165, 121, 253, 222, 222, 245, 253,
       63, 253, 117, 243, 252, 195, 120, 241, 82, 208, 244, 253, 188,
       101, 241, 126, 222, 113, 233, 220, 104, 223, 190, 127, 122, 169,
       124, 124, 93, 58, 175, 84, 241, 246, 109, 187, 188, 152, 13, 240,
       29, 222, 93, 62, 242, 55, 188, 90, 223, 108, 250, 60, 182, 125,
       136, 54, 221, 149, 125, 247, 84, 223, 180, 125, 62, 189, 212, 251,
       244, 67, 248, 241, 114, 209, 244, 253, 117, 245, 249, 111, 222,
       223, 233, 204, 44, 71, 190, 218, 120, 233, 124, 56, 221, 53, 175,
       213, 244, 244, 110, 187, 172, 137, 13, 242, 29, 154, 89, 48, 242,
       59, 189, 123, 223, 108, 218, 61, 54, 117, 160, 190, 189, 161, 121,
       252, 126, 210, 55, 253, 63, 249, 100, 242, 252, 67, 96, 241, 66,
       154, 244, 221, 168, 44, 155, 126, 220, 121, 235, 117, 100, 87,
       190, 86, 122, 137, 124, 220, 84, 26, 142, 84, 167, 224, 77, 153,
       44, 24, 5, 240, 29, 159, 73, 16, 242, 51, 188, 90, 87, 32, 248,
       61, 182, 125, 168, 63, 189, 61, 120, 245, 126, 222, 53, 253, 63,
       253, 85, 242, 244, 67, 96, 241, 114, 145, 116, 205, 168, 228, 153,
       126, 92, 125, 233, 245, 108, 215, 190, 86, 122, 129, 116, 254, 95,
       26, 14, 212, 183, 192, 77, 153, 172, 24, 5, 242, 29, 159, 89, 24,
       242, 51, 188, 90, 214, 42, 249, 60, 63, 253, 252, 62, 189, 185,
       127, 245, 254, 214, 181, 125, 127, 185, 214, 242, 252, 195, 106,
       245, 114, 214, 183, 221, 168, 228, 153, 126, 220, 125, 235, 255,
       108, 215, 190, 214, 122, 209, 125, 254, 95, 91, 14, 212, 167, 195,
       79, 187, 173, 156, 13, 242, 29, 159, 93, 28, 242, 123, 157, 91,
       214, 42, 251, 63, 245, 253, 254, 55, 63, 125, 127, 247, 84, 213,
       241, 125, 126, 180, 94, 242, 212, 67, 99, 247, 126, 209, 119, 253,
       170, 228, 153, 123, 220, 124, 233, 214, 44, 20, 190, 210, 122,
       209, 253, 218, 223, 29, 15, 208, 55, 229, 78, 153, 172, 26, 13,
       248, 29, 159, 73, 24, 242, 123, 189, 91, 30, 34, 249, 62, 48, 88,
       166, 31, 160, 29, 88, 86, 106, 145, 49, 45, 10, 164, 85, 242, 150,
       1, 80, 193, 34, 129, 127, 132, 152, 224, 11, 82, 12, 225, 105, 95,
       36, 20, 190, 82, 120, 33, 116, 112, 72, 24, 11, 212, 21, 228, 79,
       153, 174, 24, 5, 224, 28, 156, 73, 16, 178, 51, 189, 24, 87, 32,
       242, 45, 54, 117, 161, 253, 176, 163, 248, 252, 89, 198, 117, 237,
       27, 201, 229, 226, 253, 139, 112, 225, 3, 143, 116, 70, 168, 104,
       135, 254, 12, 97, 255, 253, 101, 85, 186, 86, 114, 45, 244, 221,
       84, 26, 158, 64, 131, 218, 69, 152, 61, 28, 5, 240, 157, 141, 73,
       16, 240, 39, 156, 88, 7, 36, 248, 151, 49, 81, 134, 149, 128, 27,
       72, 66, 1, 49, 114, 165, 3, 128, 80, 98, 198, 4, 69, 11, 160, 160,
       96, 140, 138, 232, 9, 146, 40, 33, 41, 112, 36, 20, 154, 2, 120,
       1, 212, 1, 194, 25, 10, 192, 28, 200, 28, 129, 164, 16, 5, 104,
       26, 148, 105, 16, 50, 49, 152, 88, 22, 32, 185, 62, 253, 255, 254,
       55, 191, 253, 123, 247, 254, 253, 255, 255, 254, 180, 127, 247,
       215, 99, 123, 247, 127, 209, 119, 253, 254, 231, 255, 126, 255,
       253, 235, 207, 44, 87, 190, 222, 120, 249, 117, 122, 93, 255, 47,
       213, 53, 247, 111, 153, 174, 24, 13, 240, 29, 156, 77, 16, 242,
       115, 191, 123, 95, 42, 250, 62, 182, 253, 253, 62, 189, 253, 125,
       253, 255, 254, 249, 253, 127, 189, 85, 243, 252, 67, 107, 245,
       114, 211, 127, 253, 170, 228, 251, 126, 221, 253, 239, 215, 44,
       87, 190, 223, 120, 249, 125, 120, 93, 123, 47, 212, 53, 247, 111,
       185, 172, 24, 13, 240, 29, 157, 89, 16, 242, 115, 189, 218, 215,
       40, 254, 15, 51, 213, 118, 62, 177, 189, 88, 242, 188, 135, 117,
       252, 119, 160, 83, 234, 254, 3, 243, 229, 38, 67, 247, 197, 186,
       228, 255, 90, 76, 245, 98, 223, 44, 85, 190, 91, 120, 233, 116,
       120, 92, 56, 47, 212, 117, 247, 111, 153, 172, 24, 5, 240, 29,
       156, 73, 16, 242, 51, 189, 88, 87, 32, 250, 63, 240, 252, 190, 63,
       169, 93, 124, 247, 124, 244, 249, 253, 106, 180, 92, 242, 214, 99,
       113, 225, 54, 195, 127, 236, 171, 224, 59, 123, 221, 253, 239,
       215, 36, 20, 190, 86, 120, 233, 124, 114, 223, 125, 47, 208, 21,
       245, 111, 153, 164, 24, 5, 224, 28, 156, 73, 24, 242, 51, 189, 88,
       87, 34, 251, 189, 255, 255, 119, 62, 189, 253, 122, 255, 253, 247,
       251, 239, 123, 212, 94, 242, 255, 239, 123, 247, 126, 195, 255,
       189, 186, 231, 255, 126, 125, 245, 255, 255, 108, 180, 190, 255,
       57, 249, 253, 223, 223, 251, 255, 250, 35, 219, 111, 187, 191,
       153, 203, 248, 157, 159, 85, 102, 247, 247, 223, 251, 191, 173,
       255, 61, 182, 253, 247, 62, 189, 191, 120, 127, 255, 223, 251,
       253, 127, 184, 85, 242, 255, 97, 99, 245, 101, 195, 251, 205, 254,
       241, 255, 126, 95, 247, 239, 223, 36, 85, 186, 83, 120, 249, 117,
       116, 92, 58, 47, 213, 21, 247, 111, 153, 172, 24, 5, 240, 29, 156,
       73, 16, 242, 51, 189, 88, 87, 32, 250, 62, 189, 247, 222, 63, 73,
       221, 63, 215, 216, 222, 245, 127, 126, 143, 252, 255, 150, 98,
       147, 213, 46, 193, 119, 221, 255, 241, 123, 91, 94, 247, 111, 223,
       44, 85, 190, 126, 120, 233, 116, 113, 93, 187, 47, 213, 53, 245,
       111, 185, 174, 25, 5, 240, 29, 156, 73, 16, 242, 55, 185, 90, 87,
       32, 250, 92, 43, 255, 253, 50, 127, 253, 247, 189, 254, 206, 149,
       85, 244, 251, 238, 251, 220, 235, 111, 252, 245, 198, 179, 93,
       239, 182, 212, 73, 198, 62, 235, 215, 16, 85, 186, 86, 122, 233,
       116, 248, 93, 57, 62, 245, 166, 231, 110, 153, 172, 28, 5, 242,
       29, 157, 73, 16, 242, 59, 189, 91, 87, 33, 250, 187, 213, 88, 142,
       239, 157, 31, 8, 255, 69, 61, 234, 191, 122, 100, 93, 253, 183,
       52, 245, 196, 118, 179, 100, 241, 215, 249, 127, 243, 250, 215,
       41, 150, 44, 86, 158, 203, 89, 232, 253, 114, 223, 61, 41, 213,
       84, 244, 111, 145, 174, 24, 5, 248, 29, 156, 73, 24, 242, 51, 189,
       120, 95, 32, 251, 244, 117, 243, 252, 16, 100, 125, 111, 198, 197,
       233, 184, 103, 195, 150, 94, 187, 84, 38, 111, 15, 172, 230, 47,
       14, 159, 183, 57, 83, 40, 48, 45, 66, 39, 60, 219, 128, 117, 83,
       87, 35, 234, 189, 235, 174, 28, 109, 182, 65, 164, 118, 240, 72,
       154, 182, 44, 200, 184, 105, 75, 93, 100, 163, 179, 179, 22, 80,
       2, 221, 136, 7, 8, 166, 65, 1, 114, 172, 75, 132, 85, 98, 247, 4,
       112, 192, 6, 129, 100, 70, 212, 249, 47, 146, 10, 65, 41, 82, 36,
       84, 154, 66, 120, 41, 86, 96, 64, 24, 139, 193, 24, 244, 13, 144,
       164, 16, 4, 96, 24, 140, 73, 16, 114, 48, 188, 88, 87, 32, 248,
       68, 33, 195, 144, 80, 67, 33, 110, 128, 128, 194, 52, 81, 194,
       147, 66, 234, 84, 1, 102, 75, 173, 198, 19, 14, 136, 160, 13, 66,
       136, 48, 9, 114, 38, 85, 186, 16, 112, 69, 84, 16, 64, 16, 14, 65,
       20, 65, 206, 25, 44, 24, 5, 112, 28, 148, 73, 16, 226, 35, 185,
       72, 70, 32, 242, 102, 47, 227, 213, 80, 70, 77, 199, 196, 230, 41,
       52, 83, 230, 147, 110, 227, 212, 35, 102, 15, 173, 132, 51, 94,
       138, 166, 13, 210, 136, 48, 57, 114, 39, 117, 155, 66, 118, 71,
       214, 18, 96, 152, 78, 78, 30, 65, 158, 137, 44, 80, 5, 96, 30,
       132, 73, 144, 240, 33, 189, 92, 70, 35, 176, 205, 46, 231, 165,
       248, 247, 171, 220, 168, 255, 235, 62, 193, 129, 187, 227, 137,
       253, 59, 110, 233, 129, 110, 184, 77, 201, 188, 167, 208, 5, 51,
       159, 113, 21, 93, 235, 80, 247, 165, 214, 248, 76, 120, 62, 247,
       143, 202, 49, 157, 172, 28, 37, 209, 255, 149, 104, 208, 236, 49,
       188, 76, 86, 48, 176, 103, 38, 96, 130, 217, 4, 7, 72, 164, 100,
       170, 48, 33, 79, 160, 69, 226, 116, 5, 96, 201, 130, 184, 36, 70,
       140, 40, 11, 146, 8, 33, 77, 112, 38, 86, 186, 64, 112, 5, 214, 4,
       64, 24, 143, 64, 24, 196, 133, 8, 36, 80, 4, 96, 26, 133, 9, 16,
       112, 33, 188, 72, 70, 32, 248, 233, 207, 239, 253, 34, 127, 253,
