%YAML:1.0
descriptors: !!opencv-matrix
   rows: 122
   cols: 64
   dt: u
   data: [ 255, 253, 255, 255, 255, 255, 255, 255, 255, 255, 255, 251,
       255, 254, 255, 254, 255, 191, 251, 255, 255, 255, 223, 255, 255,
       255, 251, 255, 255, 255, 255, 239, 207, 255, 255, 255, 255, 255,
       255, 127, 127, 253, 255, 127, 255, 191, 255, 255, 255, 255, 191,
       255, 255, 255, 255, 255, 127, 255, 255, 255, 255, 255, 253, 222,
       62, 178, 125, 183, 63, 181, 191, 120, 246, 255, 213, 113, 253,
       126, 177, 84, 254, 215, 67, 115, 245, 119, 195, 247, 204, 254,
       244, 255, 90, 220, 245, 235, 223, 44, 87, 190, 91, 120, 233, 116,
       120, 92, 56, 47, 213, 53, 247, 111, 153, 172, 24, 5, 240, 29, 156,
       73, 16, 242, 51, 189, 88, 87, 32, 250, 61, 50, 125, 174, 63, 253,
       191, 124, 244, 126, 222, 53, 253, 127, 185, 117, 251, 252, 67,
       114, 245, 98, 195, 246, 204, 188, 244, 187, 122, 94, 115, 235,
       223, 44, 85, 190, 91, 120, 233, 116, 120, 92, 58, 47, 212, 53,
       247, 111, 153, 172, 24, 5, 240, 29, 156, 73, 16, 242, 51, 189, 88,
       87, 32, 250, 63, 245, 125, 254, 191, 189, 255, 121, 255, 127, 253,
       251, 253, 122, 252, 93, 242, 247, 103, 115, 245, 126, 211, 126,
       237, 254, 243, 127, 91, 127, 245, 235, 215, 44, 87, 190, 210, 120,
       249, 117, 122, 95, 123, 47, 213, 21, 245, 111, 153, 172, 24, 5,
       240, 29, 157, 73, 16, 242, 51, 191, 90, 87, 34, 251, 61, 54, 125,
       229, 255, 189, 187, 248, 252, 125, 222, 119, 253, 127, 249, 117,
       242, 253, 71, 114, 245, 98, 147, 126, 204, 174, 228, 155, 254, 87,
       119, 255, 255, 108, 87, 190, 87, 114, 249, 252, 220, 93, 90, 14,
       212, 39, 243, 79, 153, 172, 24, 5, 240, 29, 157, 73, 24, 242, 51,
       189, 90, 87, 32, 248, 190, 245, 253, 254, 63, 189, 221, 57, 247,
       255, 245, 251, 255, 122, 180, 95, 246, 247, 118, 123, 247, 126,
       211, 127, 189, 190, 231, 255, 122, 251, 245, 235, 215, 108, 150,
       254, 222, 121, 249, 253, 122, 223, 255, 111, 211, 21, 245, 111,
       155, 174, 152, 15, 248, 29, 156, 93, 24, 242, 123, 191, 251, 223,
       170, 251, 62, 249, 251, 246, 63, 169, 221, 42, 214, 185, 213, 251,
       255, 90, 132, 92, 246, 151, 118, 211, 231, 47, 195, 119, 175, 222,
       227, 255, 82, 255, 245, 238, 223, 46, 36, 190, 255, 121, 251, 117,
       89, 223, 247, 111, 249, 53, 183, 111, 187, 174, 153, 199, 240, 29,
       156, 73, 16, 243, 119, 251, 121, 127, 161, 223, 63, 189, 247, 246,
       126, 167, 125, 123, 242, 124, 221, 243, 255, 246, 180, 92, 246,
       151, 102, 243, 247, 45, 209, 247, 222, 254, 227, 255, 106, 253,
       244, 239, 223, 47, 20, 190, 254, 120, 251, 125, 121, 223, 191,
       111, 253, 53, 247, 111, 185, 166, 137, 79, 240, 28, 156, 73, 60,
       243, 119, 191, 122, 119, 161, 250, 124, 57, 251, 118, 114, 163,
       126, 106, 210, 32, 213, 241, 118, 226, 164, 90, 246, 147, 122, 71,
       247, 47, 193, 215, 222, 122, 230, 223, 66, 172, 244, 232, 207, 39,
       4, 191, 211, 120, 243, 125, 120, 94, 181, 111, 241, 61, 183, 111,
       157, 174, 24, 71, 240, 29, 156, 65, 80, 251, 115, 187, 120, 119,
       161, 250, 63, 246, 125, 170, 191, 253, 177, 120, 253, 126, 222,
       117, 125, 63, 249, 245, 251, 244, 67, 120, 241, 82, 157, 124, 253,
       189, 109, 155, 255, 95, 127, 255, 253, 108, 223, 190, 255, 114,
       169, 125, 253, 93, 90, 158, 84, 227, 246, 109, 186, 189, 157, 13,
       250, 29, 223, 93, 52, 242, 191, 188, 218, 223, 46, 252, 62, 241,
       125, 254, 54, 125, 93, 127, 215, 212, 253, 240, 125, 62, 252, 254,
       255, 214, 102, 251, 55, 122, 245, 183, 253, 47, 231, 217, 107,
       254, 252, 169, 234, 60, 39, 254, 222, 120, 217, 253, 122, 223,
       181, 47, 246, 55, 247, 110, 187, 174, 143, 79, 248, 29, 159, 93,
       48, 243, 123, 249, 123, 222, 106, 251, 45, 58, 245, 160, 60, 189,
       161, 122, 252, 124, 194, 119, 237, 59, 187, 101, 226, 253, 195,
       96, 241, 5, 202, 245, 79, 168, 44, 131, 126, 76, 57, 207, 93, 36,
       87, 186, 85, 122, 169, 116, 221, 84, 26, 14, 192, 167, 226, 109,
       152, 44, 24, 5, 242, 29, 157, 73, 20, 242, 51, 188, 90, 87, 32,
       250, 189, 62, 245, 164, 63, 189, 33, 123, 253, 125, 194, 115, 239,
       59, 178, 69, 242, 253, 227, 105, 241, 71, 218, 245, 95, 184, 252,
       155, 126, 92, 121, 239, 93, 108, 86, 190, 87, 122, 161, 124, 221,
       84, 26, 143, 201, 97, 210, 77, 184, 164, 24, 13, 242, 29, 159, 77,
       56, 242, 51, 188, 90, 23, 36, 250, 5, 38, 68, 2, 29, 176, 162, 84,
       48, 62, 2, 117, 12, 59, 128, 65, 226, 236, 1, 96, 193, 32, 73,
       115, 64, 40, 160, 15, 88, 8, 33, 99, 215, 36, 85, 186, 83, 56,
       169, 116, 112, 92, 24, 15, 212, 80, 247, 79, 153, 172, 24, 5, 240,
       29, 156, 73, 16, 242, 51, 189, 88, 87, 32, 250, 60, 250, 125, 173,
       186, 189, 187, 249, 253, 126, 251, 63, 253, 62, 249, 244, 242,
       220, 67, 96, 253, 240, 133, 252, 253, 168, 172, 153, 254, 223,
       125, 191, 112, 100, 93, 254, 82, 115, 129, 254, 158, 95, 92, 30,
       80, 135, 202, 29, 141, 45, 20, 5, 122, 29, 143, 73, 16, 242, 59,
       188, 93, 78, 34, 177, 255, 253, 255, 255, 255, 239, 95, 251, 255,
       117, 253, 251, 255, 254, 246, 254, 251, 247, 127, 119, 127, 159,
       243, 125, 255, 255, 255, 63, 251, 219, 254, 175, 211, 47, 86, 255,
       210, 125, 253, 254, 122, 223, 252, 63, 221, 63, 253, 183, 157,
       172, 26, 141, 248, 191, 156, 75, 88, 244, 113, 189, 95, 95, 50,
       250, 252, 57, 247, 247, 214, 39, 243, 254, 214, 93, 214, 55, 255,
       254, 147, 92, 250, 213, 123, 102, 127, 143, 167, 55, 142, 234,
       254, 141, 210, 12, 114, 169, 246, 39, 84, 191, 82, 118, 197, 244,
       216, 84, 152, 14, 201, 61, 201, 206, 157, 44, 88, 133, 240, 62,
       156, 73, 80, 254, 51, 189, 88, 22, 32, 248, 44, 38, 120, 146, 10,
       149, 4, 37, 22, 254, 2, 52, 145, 46, 185, 70, 249, 178, 65, 128,
       209, 50, 83, 211, 208, 48, 228, 79, 64, 216, 241, 99, 207, 44, 71,
       190, 90, 120, 233, 124, 112, 92, 52, 47, 212, 116, 181, 111, 153,
       172, 24, 5, 242, 29, 156, 65, 16, 242, 51, 189, 90, 87, 40, 250,
       62, 177, 253, 252, 54, 245, 253, 109, 247, 254, 213, 176, 125,
       126, 181, 86, 251, 222, 67, 107, 245, 112, 195, 119, 221, 155,
       224, 219, 66, 252, 245, 235, 215, 36, 87, 190, 219, 120, 233, 125,
       120, 93, 125, 47, 244, 21, 247, 111, 155, 172, 24, 7, 242, 29,
       156, 89, 16, 242, 51, 189, 89, 87, 32, 250, 191, 249, 223, 94, 55,
       91, 93, 142, 243, 17, 189, 251, 127, 251, 230, 251, 255, 150, 62,
       255, 71, 204, 165, 54, 231, 159, 243, 123, 255, 107, 222, 57, 186,
       108, 52, 254, 74, 117, 243, 245, 243, 223, 185, 127, 216, 23, 245,
       76, 193, 167, 87, 199, 120, 30, 151, 77, 152, 247, 61, 31, 125,
       84, 166, 153, 124, 57, 255, 240, 87, 103, 243, 255, 244, 196, 215,
       244, 127, 234, 187, 222, 250, 213, 123, 103, 119, 63, 231, 55,
       143, 234, 254, 141, 82, 204, 118, 169, 215, 39, 85, 191, 82, 126,
       221, 116, 216, 93, 60, 46, 217, 61, 225, 238, 157, 172, 24, 5,
       240, 29, 156, 73, 80, 246, 51, 189, 88, 87, 32, 250, 125, 53, 253,
       180, 87, 167, 127, 123, 244, 78, 213, 112, 127, 235, 176, 84, 250,
       245, 115, 103, 241, 39, 209, 247, 222, 250, 254, 141, 82, 156,
       112, 233, 206, 45, 22, 191, 82, 120, 69, 124, 120, 72, 48, 143,
       209, 57, 245, 78, 153, 172, 24, 1, 240, 28, 156, 65, 16, 242, 51,
       189, 88, 87, 32, 250, 125, 63, 247, 244, 116, 231, 231, 127, 212,
       220, 254, 51, 231, 222, 147, 126, 243, 221, 123, 103, 247, 45,
       195, 119, 223, 239, 183, 173, 82, 30, 114, 169, 199, 39, 85, 191,
       82, 124, 253, 116, 120, 92, 176, 175, 221, 25, 247, 239, 157, 172,
       24, 5, 240, 61, 156, 65, 80, 254, 115, 191, 88, 87, 33, 250, 124,
       61, 255, 180, 86, 239, 243, 127, 244, 68, 214, 117, 127, 254, 248,
       244, 251, 213, 115, 103, 117, 55, 209, 119, 223, 254, 252, 141,
       114, 222, 118, 169, 214, 37, 87, 190, 82, 122, 205, 124, 216, 93,
