%YAML:1.0
descriptors: !!opencv-matrix
   rows: 136
   cols: 64
   dt: u
   data: [ 63, 181, 253, 246, 63, 191, 253, 123, 246, 252, 213, 243, 253,
       126, 182, 84, 246, 215, 99, 99, 245, 47, 195, 119, 205, 254, 244,
       255, 82, 92, 247, 235, 215, 44, 85, 190, 83, 120, 233, 116, 120,
       92, 56, 47, 213, 53, 247, 111, 153, 172, 24, 5, 240, 29, 156, 73,
       16, 242, 51, 189, 88, 87, 32, 250, 60, 177, 255, 246, 62, 119,
       253, 126, 246, 254, 221, 243, 255, 127, 178, 94, 255, 215, 99, 99,
       245, 127, 195, 247, 205, 255, 247, 255, 122, 221, 247, 235, 215,
       44, 85, 190, 87, 120, 249, 117, 120, 93, 121, 47, 213, 53, 247,
       111, 153, 172, 24, 5, 240, 29, 156, 73, 16, 242, 51, 189, 88, 87,
       32, 250, 253, 255, 255, 253, 126, 127, 249, 254, 253, 253, 255,
       189, 127, 255, 223, 254, 243, 253, 255, 123, 255, 239, 229, 191,
       191, 239, 231, 255, 127, 223, 247, 255, 251, 111, 117, 255, 223,
       119, 249, 253, 255, 223, 251, 190, 255, 163, 203, 111, 175, 175,
       223, 203, 248, 191, 159, 93, 252, 246, 127, 255, 255, 206, 175,
       189, 61, 186, 255, 255, 63, 253, 249, 254, 255, 254, 222, 245,
       125, 127, 251, 247, 255, 254, 99, 107, 245, 119, 215, 127, 205,
       235, 244, 251, 126, 95, 247, 239, 215, 36, 87, 190, 87, 122, 233,
       116, 248, 93, 122, 46, 213, 23, 247, 111, 153, 172, 24, 5, 240,
       29, 157, 73, 16, 242, 51, 189, 90, 87, 32, 250, 255, 245, 245, 52,
       223, 167, 127, 126, 214, 13, 245, 251, 239, 203, 150, 93, 251,
       245, 127, 117, 187, 15, 243, 255, 174, 255, 255, 191, 91, 29, 244,
       172, 207, 109, 172, 223, 206, 61, 125, 247, 121, 202, 183, 175,
       219, 121, 191, 31, 172, 182, 219, 137, 104, 190, 156, 69, 248,
       182, 115, 219, 190, 215, 44, 255, 61, 190, 255, 172, 62, 117, 185,
       127, 244, 252, 214, 245, 125, 127, 187, 213, 250, 220, 67, 98,
       245, 114, 204, 255, 205, 168, 228, 155, 126, 93, 117, 239, 247,
       36, 85, 190, 86, 122, 233, 117, 252, 93, 123, 46, 212, 183, 211,
       111, 153, 172, 24, 5, 240, 29, 157, 73, 16, 242, 51, 189, 90, 87,
       32, 254, 111, 61, 230, 240, 223, 166, 99, 91, 228, 79, 208, 113,
       239, 203, 180, 93, 242, 253, 127, 118, 247, 111, 145, 119, 6, 250,
       110, 159, 122, 28, 96, 233, 79, 111, 158, 191, 195, 60, 87, 213,
       76, 226, 158, 203, 201, 121, 247, 207, 92, 52, 24, 216, 99, 252,
       158, 131, 121, 190, 115, 159, 154, 247, 189, 121, 55, 54, 117, 34,
       157, 180, 135, 88, 226, 78, 146, 114, 173, 15, 128, 85, 226, 245,
       3, 96, 193, 34, 131, 116, 76, 152, 160, 47, 82, 8, 97, 105, 215,
       36, 85, 186, 82, 120, 169, 116, 116, 92, 24, 143, 212, 16, 244,
       79, 152, 172, 24, 5, 240, 29, 156, 73, 16, 242, 51, 189, 88, 87,
       32, 250, 190, 244, 125, 174, 54, 125, 29, 111, 247, 206, 253, 184,
       125, 174, 182, 254, 251, 214, 99, 105, 49, 210, 244, 54, 253, 205,
       245, 57, 83, 250, 126, 233, 208, 44, 23, 254, 194, 124, 169, 117,
       50, 203, 125, 47, 214, 20, 244, 108, 153, 172, 18, 5, 234, 29,
       148, 77, 152, 242, 57, 188, 93, 94, 42, 179, 125, 254, 253, 250,
       89, 255, 39, 75, 253, 126, 74, 189, 189, 191, 252, 254, 251, 213,
       169, 104, 237, 85, 218, 121, 95, 221, 57, 47, 123, 203, 123, 239,
       211, 198, 85, 187, 116, 254, 253, 126, 116, 220, 120, 47, 87, 148,
       117, 231, 153, 173, 24, 4, 224, 29, 142, 77, 24, 254, 35, 189, 90,
       87, 32, 246, 5, 50, 80, 34, 25, 162, 39, 88, 66, 40, 130, 51, 160,
       11, 128, 81, 98, 197, 129, 64, 193, 36, 137, 110, 4, 136, 104, 15,
       18, 8, 33, 77, 83, 38, 20, 186, 0, 184, 5, 86, 64, 64, 26, 3, 64,
       0, 64, 199, 24, 36, 24, 4, 96, 24, 140, 65, 16, 48, 35, 156, 72,
       6, 32, 112, 61, 54, 244, 38, 53, 39, 33, 126, 128, 244, 208, 55,
       44, 155, 131, 71, 226, 212, 3, 97, 241, 6, 193, 119, 76, 168, 160,
       9, 82, 12, 49, 107, 255, 36, 84, 186, 82, 122, 129, 244, 208, 92,
       24, 14, 192, 21, 193, 77, 153, 172, 24, 5, 240, 28, 156, 73, 16,
       242, 51, 188, 88, 86, 34, 249, 46, 38, 108, 169, 223, 189, 167,
       73, 172, 126, 194, 56, 249, 46, 249, 69, 202, 61, 67, 112, 249,
       115, 27, 124, 84, 252, 45, 165, 82, 221, 57, 195, 77, 140, 207,
       187, 83, 122, 45, 62, 188, 84, 84, 141, 85, 245, 246, 19, 153, 44,
       24, 12, 226, 29, 205, 25, 16, 226, 187, 188, 202, 219, 40, 242,
       249, 118, 118, 247, 255, 35, 251, 248, 212, 255, 242, 115, 175,
       203, 192, 119, 114, 213, 223, 91, 249, 175, 173, 62, 14, 170, 235,
       151, 222, 93, 97, 255, 123, 175, 188, 247, 119, 247, 53, 245, 219,
       70, 219, 158, 202, 35, 202, 209, 172, 119, 94, 133, 236, 190, 143,
       65, 198, 180, 183, 218, 222, 22, 166, 181, 61, 54, 117, 172, 54,
       189, 63, 120, 225, 94, 219, 182, 237, 15, 156, 87, 243, 253, 67,
       105, 185, 96, 211, 252, 205, 252, 236, 189, 122, 28, 125, 169, 93,
       100, 221, 190, 202, 120, 137, 85, 60, 204, 59, 175, 214, 161, 230,
       125, 152, 180, 24, 4, 226, 189, 158, 77, 40, 182, 51, 188, 218,
       215, 44, 242, 60, 49, 253, 154, 18, 253, 53, 119, 244, 126, 124,
       49, 93, 254, 191, 102, 251, 244, 99, 96, 249, 35, 211, 183, 92,
       253, 181, 45, 82, 158, 115, 233, 215, 36, 87, 186, 82, 120, 233,
       124, 120, 92, 56, 47, 213, 52, 245, 110, 153, 172, 24, 5, 240, 29,
       156, 73, 16, 242, 51, 189, 88, 87, 32, 250, 252, 250, 119, 231,
       254, 231, 251, 248, 222, 221, 255, 127, 255, 154, 211, 252, 242,
       213, 95, 109, 121, 159, 167, 124, 174, 232, 239, 191, 223, 95,
       118, 191, 112, 109, 188, 223, 214, 119, 141, 247, 219, 207, 215,
       30, 203, 175, 200, 20, 142, 181, 215, 133, 234, 190, 135, 69, 224,
       180, 57, 218, 223, 14, 38, 181, 191, 244, 105, 33, 255, 240, 179,
       200, 248, 183, 214, 254, 237, 59, 201, 112, 194, 237, 31, 241,
       233, 81, 139, 124, 173, 152, 120, 175, 126, 63, 99, 187, 181, 236,
       213, 158, 126, 123, 237, 254, 216, 92, 24, 12, 209, 19, 242, 53,
       155, 172, 25, 5, 240, 149, 220, 105, 112, 246, 179, 188, 216, 215,
       114, 255, 56, 184, 255, 175, 54, 251, 186, 255, 223, 184, 215,
       189, 125, 54, 187, 250, 255, 154, 226, 155, 245, 115, 71, 215,
       249, 125, 244, 254, 107, 247, 247, 234, 159, 24, 195, 180, 255,
       88, 232, 125, 120, 29, 119, 39, 245, 117, 183, 111, 187, 174, 137,
       15, 242, 29, 88, 93, 54, 243, 191, 249, 123, 219, 108, 222, 92,
       27, 183, 244, 32, 39, 253, 115, 144, 252, 227, 131, 215, 241, 145,
       26, 54, 207, 235, 111, 246, 45, 192, 211, 155, 42, 230, 220, 104,
       228, 244, 254, 127, 19, 112, 180, 181, 252, 210, 229, 253, 60,
       187, 230, 235, 165, 195, 111, 184, 170, 169, 211, 242, 92, 157,
       77, 71, 251, 87, 207, 123, 102, 129, 250, 62, 50, 121, 37, 255,
       176, 187, 249, 204, 171, 211, 114, 229, 2, 129, 81, 242, 197, 71,
       80, 233, 38, 131, 92, 140, 152, 253, 175, 214, 63, 101, 186, 79,
       172, 220, 159, 222, 57, 169, 87, 152, 64, 19, 140, 227, 45, 152,
       29, 186, 190, 16, 3, 96, 189, 220, 113, 64, 178, 179, 216, 60, 23,
       32, 54, 92, 49, 209, 183, 18, 227, 59, 252, 68, 225, 211, 55, 241,
       134, 147, 98, 235, 213, 1, 103, 201, 161, 199, 50, 76, 202, 176,
       15, 82, 12, 51, 235, 215, 36, 85, 186, 82, 120, 201, 116, 80, 92,
       48, 46, 213, 20, 229, 111, 153, 172, 24, 5, 240, 29, 156, 73, 16,
       242, 51, 189, 88, 87, 32, 250, 76, 11, 247, 252, 120, 127, 225,
       246, 189, 156, 206, 5, 93, 253, 251, 225, 227, 253, 195, 102, 246,
       125, 198, 243, 75, 106, 134, 212, 120, 198, 62, 203, 255, 18, 83,
       184, 85, 122, 217, 100, 252, 61, 154, 102, 117, 167, 227, 111,
       184, 172, 137, 85, 242, 29, 153, 73, 39, 242, 119, 191, 90, 103,
       167, 248, 4, 32, 193, 128, 16, 64, 33, 102, 128, 6, 128, 52, 65,
       6, 147, 66, 202, 68, 3, 96, 65, 128, 198, 0, 76, 136, 132, 9, 18,
       12, 48, 72, 85, 36, 21, 186, 16, 112, 1, 84, 48, 64, 16, 14, 68,
       20, 0, 76, 25, 44, 24, 4, 112, 24, 148, 65, 16, 226, 35, 188, 72,
