%YAML:1.0
descriptors: !!opencv-matrix
   rows: 141
   cols: 64
   dt: u
   data: [ 60, 50, 113, 7, 190, 33, 184, 249, 210, 184, 210, 55, 117, 66,
       145, 112, 118, 134, 199, 210, 209, 34, 133, 222, 140, 40, 228,
       203, 194, 220, 245, 254, 105, 44, 68, 190, 94, 50, 129, 245, 217,
       68, 19, 14, 192, 39, 130, 77, 169, 46, 25, 3, 242, 30, 157, 65, 6,
       243, 23, 152, 122, 6, 34, 189, 5, 170, 215, 41, 152, 248, 160,
       236, 120, 152, 194, 117, 100, 55, 203, 224, 235, 136, 131, 72,
       229, 0, 79, 212, 197, 29, 88, 161, 238, 14, 163, 214, 61, 192, 77,
       182, 117, 178, 237, 60, 237, 84, 26, 182, 68, 227, 122, 225, 184,
       125, 77, 33, 240, 7, 137, 73, 6, 192, 135, 164, 72, 71, 32, 86,
       210, 217, 154, 222, 103, 67, 92, 34, 23, 139, 61, 202, 18, 196,
       54, 90, 173, 211, 60, 175, 6, 175, 224, 35, 43, 215, 179, 124, 83,
       42, 182, 40, 210, 55, 60, 219, 66, 109, 222, 245, 115, 234, 181,
       107, 191, 28, 253, 190, 197, 162, 114, 215, 105, 122, 180, 206,
       209, 191, 112, 123, 125, 125, 147, 170, 45, 54, 245, 160, 61, 189,
       161, 122, 244, 92, 198, 113, 109, 59, 144, 69, 226, 220, 131, 96,
       225, 6, 192, 119, 78, 168, 36, 133, 126, 12, 49, 233, 215, 36, 84,
       186, 82, 122, 137, 116, 220, 84, 26, 15, 192, 1, 243, 79, 153,
       172, 24, 4, 240, 29, 159, 73, 16, 242, 51, 188, 88, 87, 36, 248,
       63, 53, 109, 170, 23, 191, 37, 122, 244, 94, 222, 52, 125, 126,
       188, 69, 242, 244, 67, 112, 241, 118, 209, 119, 92, 168, 164, 13,
       122, 220, 125, 233, 223, 44, 87, 186, 82, 122, 129, 124, 124, 93,
       28, 15, 212, 53, 229, 79, 153, 172, 24, 4, 242, 29, 157, 73, 24,
       242, 51, 188, 88, 214, 32, 248, 195, 201, 146, 94, 97, 2, 92, 2,
       3, 129, 45, 202, 178, 206, 38, 26, 45, 19, 52, 215, 15, 175, 225,
       67, 67, 87, 243, 108, 17, 46, 134, 32, 218, 55, 48, 187, 2, 76,
       210, 117, 112, 170, 181, 107, 191, 28, 183, 174, 213, 162, 48,
       213, 113, 88, 184, 195, 83, 187, 113, 51, 57, 113, 145, 202, 190,
       253, 255, 254, 55, 125, 221, 255, 255, 221, 253, 255, 127, 126,
       254, 253, 251, 214, 103, 123, 119, 126, 245, 118, 255, 191, 247,
       59, 255, 251, 126, 185, 214, 108, 63, 254, 214, 123, 249, 245,
       243, 223, 255, 63, 220, 22, 245, 110, 137, 189, 223, 13, 248, 31,
       159, 77, 16, 242, 123, 191, 91, 31, 38, 251, 211, 25, 154, 86, 33,
       2, 88, 2, 2, 129, 37, 194, 54, 202, 2, 26, 100, 147, 52, 151, 15,
       175, 225, 35, 130, 2, 226, 92, 18, 40, 196, 33, 178, 55, 32, 254,
       2, 8, 210, 221, 210, 186, 185, 74, 168, 24, 129, 78, 209, 162, 24,
       71, 112, 26, 153, 195, 17, 115, 113, 59, 56, 52, 131, 203, 29, 51,
       93, 164, 62, 177, 49, 126, 244, 28, 214, 53, 109, 123, 145, 80,
       242, 212, 67, 96, 225, 32, 193, 247, 140, 168, 164, 141, 122, 12,
       113, 233, 215, 36, 20, 190, 86, 120, 129, 116, 216, 92, 24, 14,
       192, 4, 193, 79, 153, 172, 25, 5, 240, 29, 156, 73, 16, 242, 51,
       156, 88, 23, 32, 248, 188, 252, 255, 221, 62, 125, 253, 255, 223,
       253, 255, 255, 127, 126, 251, 254, 251, 212, 99, 107, 245, 52,
       247, 247, 253, 255, 245, 187, 95, 223, 127, 251, 231, 36, 85, 254,
       214, 123, 233, 116, 250, 93, 117, 62, 212, 182, 245, 111, 153,
       172, 30, 13, 250, 29, 157, 73, 16, 242, 59, 189, 91, 95, 42, 250,
       48, 191, 17, 222, 32, 76, 180, 231, 67, 192, 15, 149, 21, 118,
       219, 242, 255, 130, 160, 38, 70, 168, 228, 2, 217, 215, 241, 105,
       35, 170, 210, 41, 134, 4, 65, 182, 16, 80, 235, 124, 112, 29, 49,
       39, 245, 20, 245, 110, 153, 172, 233, 13, 176, 29, 152, 73, 0,
       242, 51, 189, 88, 71, 33, 250, 20, 50, 81, 167, 144, 0, 40, 225,
       66, 10, 83, 54, 212, 6, 217, 112, 118, 194, 5, 96, 11, 128, 133,
       156, 140, 136, 230, 201, 130, 170, 176, 56, 112, 36, 124, 158, 8,
       118, 1, 214, 129, 64, 17, 10, 106, 134, 136, 28, 137, 37, 80, 167,
       42, 30, 5, 105, 128, 114, 17, 248, 92, 6, 32, 176, 13, 38, 97, 32,
       156, 160, 35, 88, 192, 10, 194, 55, 224, 5, 129, 65, 128, 109,
       131, 80, 225, 38, 18, 213, 68, 56, 20, 133, 80, 6, 33, 128, 78, 8,
       207, 170, 57, 56, 9, 21, 76, 32, 18, 138, 69, 97, 162, 115, 56,
       60, 8, 34, 225, 156, 76, 0, 6, 130, 23, 133, 40, 211, 100, 2, 253,
       254, 247, 237, 255, 255, 227, 252, 253, 253, 254, 255, 255, 255,
       251, 237, 251, 253, 255, 110, 253, 207, 190, 125, 111, 255, 63,
       183, 255, 91, 123, 255, 247, 231, 127, 123, 87, 247, 253, 126,
       255, 93, 234, 62, 93, 175, 125, 177, 205, 253, 94, 181, 223, 255,
       143, 239, 240, 252, 233, 175, 223, 79, 53, 254, 141, 174, 70, 33,
       200, 248, 162, 208, 40, 185, 74, 79, 192, 53, 203, 161, 128, 105,
       141, 106, 229, 64, 14, 248, 67, 92, 24, 162, 236, 6, 43, 215, 117,
       209, 89, 0, 113, 178, 173, 38, 205, 52, 90, 22, 68, 195, 90, 145,
       136, 93, 12, 37, 215, 199, 137, 104, 6, 204, 131, 164, 196, 75,
       96, 52, 85, 52, 112, 48, 89, 162, 35, 126, 128, 40, 194, 53, 96,
       73, 129, 19, 98, 45, 131, 84, 225, 35, 192, 83, 4, 40, 232, 205,
       80, 12, 225, 97, 127, 37, 68, 190, 16, 56, 5, 92, 216, 68, 24,
       130, 64, 113, 131, 79, 153, 36, 24, 4, 240, 28, 156, 65, 16, 178,
       55, 184, 24, 70, 32, 73, 13, 34, 197, 162, 25, 33, 161, 126, 116,
       60, 198, 53, 125, 63, 155, 64, 226, 220, 65, 96, 225, 33, 195,
       243, 76, 168, 160, 137, 90, 12, 49, 235, 223, 36, 85, 186, 83,
       120, 169, 124, 112, 84, 24, 14, 212, 21, 231, 111, 153, 172, 24,
       5, 240, 29, 156, 73, 16, 242, 51, 188, 88, 87, 32, 250, 12, 42,
       202, 169, 0, 209, 160, 197, 41, 250, 74, 188, 80, 182, 171, 234,
       137, 24, 161, 224, 201, 209, 78, 145, 85, 73, 152, 161, 65, 196,
       59, 195, 245, 0, 71, 170, 17, 250, 233, 60, 32, 21, 56, 36, 85,
       151, 103, 225, 153, 108, 56, 5, 211, 29, 216, 72, 18, 226, 11,
       180, 72, 67, 98, 226, 141, 174, 202, 97, 49, 248, 176, 192, 56,
       147, 198, 254, 194, 51, 171, 73, 136, 137, 161, 203, 197, 5, 66,
       81, 101, 95, 17, 167, 68, 15, 35, 67, 151, 0, 85, 138, 83, 121,
       233, 52, 112, 28, 56, 37, 213, 21, 119, 107, 153, 172, 24, 5, 240,
       29, 152, 72, 18, 210, 51, 173, 88, 83, 32, 250, 39, 165, 249, 40,
       17, 152, 132, 75, 227, 192, 132, 250, 244, 55, 173, 90, 219, 161,
       35, 65, 129, 85, 83, 69, 213, 213, 81, 45, 34, 142, 192, 32, 151,
       68, 71, 142, 16, 88, 233, 124, 36, 29, 60, 161, 21, 84, 117, 111,
       153, 172, 168, 12, 178, 21, 120, 93, 56, 242, 18, 165, 25, 211,
       104, 74, 5, 38, 0, 33, 200, 176, 162, 128, 8, 187, 2, 7, 192, 5,
       11, 1, 8, 105, 137, 128, 233, 1, 79, 216, 64, 88, 28, 230, 4, 5,
       161, 86, 69, 153, 205, 33, 61, 168, 45, 2, 109, 4, 66, 136, 71,
       225, 26, 49, 56, 88, 8, 35, 149, 224, 88, 162, 6, 9, 150, 132,
       130, 227, 112, 102, 61, 51, 117, 166, 55, 49, 49, 126, 244, 92,
       214, 53, 109, 123, 145, 85, 250, 212, 67, 96, 241, 32, 193, 247,
       140, 168, 224, 153, 122, 12, 113, 233, 222, 36, 85, 186, 82, 120,
       129, 116, 112, 92, 24, 14, 196, 5, 225, 78, 153, 172, 24, 5, 240,
       29, 156, 73, 16, 242, 51, 157, 88, 23, 32, 250, 61, 53, 117, 142,
       19, 37, 37, 126, 228, 68, 213, 48, 125, 63, 189, 70, 242, 244, 67,
       96, 241, 34, 209, 119, 92, 168, 164, 9, 114, 156, 113, 233, 222,
       36, 87, 190, 82, 120, 129, 124, 56, 93, 24, 15, 212, 52, 229, 78,
       153, 172, 24, 5, 240, 29, 156, 73, 48, 242, 51, 188, 88, 86, 32,
       250, 210, 209, 24, 210, 7, 17, 92, 130, 7, 195, 61, 202, 30, 234,
       38, 94, 247, 210, 36, 231, 15, 188, 225, 34, 77, 215, 243, 107,
       83, 44, 150, 33, 210, 38, 20, 250, 66, 120, 227, 244, 114, 202,
       60, 105, 146, 28, 213, 46, 145, 172, 18, 5, 104, 25, 180, 73, 17,
       242, 49, 61, 93, 112, 32, 187, 23, 49, 16, 18, 17, 128, 0, 8, 66,
       1, 133, 118, 160, 2, 128, 18, 98, 3, 4, 149, 131, 36, 65, 71, 132,
       146, 224, 77, 2, 40, 192, 32, 150, 4, 4, 158, 40, 24, 75, 84, 192,
