%YAML:1.0
descriptors: !!opencv-matrix
   rows: 107
   cols: 64
   dt: u
   data: [ 63, 183, 253, 190, 63, 119, 189, 127, 246, 252, 212, 241, 125,
       127, 179, 87, 255, 214, 99, 115, 245, 39, 195, 119, 205, 251, 244,
       223, 90, 92, 241, 235, 215, 44, 85, 190, 91, 120, 233, 116, 120,
       92, 56, 47, 213, 53, 247, 111, 153, 172, 24, 5, 240, 29, 156, 73,
       16, 242, 51, 189, 88, 87, 32, 250, 60, 184, 255, 255, 62, 245,
       249, 127, 253, 252, 222, 245, 125, 127, 187, 252, 251, 212, 99,
       99, 245, 127, 199, 255, 253, 235, 228, 159, 127, 223, 127, 239,
       215, 100, 87, 190, 215, 122, 249, 124, 120, 93, 123, 46, 213, 53,
       247, 111, 153, 172, 24, 5, 240, 29, 156, 77, 24, 242, 59, 189, 90,
       95, 34, 254, 61, 52, 255, 254, 62, 55, 125, 127, 245, 254, 252,
       177, 127, 251, 180, 126, 243, 220, 67, 107, 245, 114, 245, 191,
       221, 171, 228, 155, 123, 93, 125, 239, 247, 44, 20, 190, 215, 120,
       241, 253, 90, 95, 123, 174, 208, 55, 195, 111, 153, 172, 26, 13,
       240, 29, 156, 73, 16, 242, 115, 189, 90, 86, 42, 255, 60, 191,
       255, 174, 54, 119, 177, 127, 245, 220, 214, 181, 125, 62, 187,
       198, 251, 212, 99, 98, 245, 49, 197, 247, 221, 185, 180, 137, 90,
       222, 118, 233, 215, 36, 85, 186, 86, 120, 233, 116, 120, 93, 58,
       47, 213, 53, 245, 110, 153, 172, 24, 5, 240, 29, 156, 73, 16, 242,
       51, 189, 90, 87, 32, 250, 61, 190, 255, 232, 58, 125, 161, 255,
       253, 220, 206, 245, 125, 63, 251, 228, 251, 252, 195, 106, 245,
       114, 220, 247, 253, 169, 36, 147, 125, 223, 127, 251, 253, 96, 87,
       190, 215, 122, 249, 124, 253, 93, 122, 166, 84, 167, 115, 111,
       185, 172, 157, 13, 242, 29, 157, 93, 60, 242, 63, 173, 219, 223,
       46, 250, 125, 50, 255, 125, 60, 241, 191, 124, 248, 187, 194, 185,
       237, 135, 139, 83, 251, 205, 227, 123, 253, 101, 79, 223, 197,
       235, 242, 191, 74, 77, 225, 238, 95, 140, 213, 190, 127, 184, 233,
       119, 120, 76, 122, 47, 247, 117, 215, 123, 185, 238, 24, 7, 240,
       29, 220, 73, 22, 242, 183, 189, 250, 87, 96, 246, 127, 182, 253,
       173, 126, 255, 183, 125, 252, 252, 214, 191, 253, 63, 187, 86,
       251, 245, 99, 100, 249, 39, 211, 116, 221, 253, 188, 191, 122,
       222, 115, 235, 215, 44, 87, 190, 82, 120, 233, 124, 120, 92, 56,
       47, 213, 53, 245, 111, 153, 172, 24, 5, 240, 29, 156, 73, 16, 242,
       51, 189, 88, 87, 32, 250, 191, 244, 125, 175, 255, 189, 223, 120,
       254, 127, 253, 250, 255, 122, 180, 93, 242, 247, 119, 113, 241,
       118, 179, 124, 236, 191, 245, 59, 223, 91, 117, 235, 215, 44, 30,
       254, 82, 121, 169, 245, 114, 223, 124, 15, 208, 20, 244, 79, 153,
       172, 24, 5, 248, 29, 156, 73, 16, 242, 51, 189, 88, 95, 34, 249,
       125, 62, 247, 165, 254, 255, 179, 125, 252, 125, 214, 55, 253,
       127, 155, 228, 250, 213, 67, 100, 253, 7, 195, 245, 79, 248, 188,
       175, 122, 30, 115, 235, 215, 44, 85, 190, 86, 122, 233, 116, 248,
       92, 24, 46, 213, 53, 245, 111, 153, 172, 24, 5, 240, 29, 156, 73,
       16, 242, 51, 189, 88, 87, 32, 250, 126, 50, 249, 185, 59, 241, 63,
       77, 221, 250, 202, 189, 245, 6, 169, 87, 251, 157, 195, 82, 237,
       49, 95, 31, 213, 221, 224, 175, 74, 237, 245, 238, 207, 132, 215,
       190, 247, 248, 233, 119, 120, 92, 119, 45, 247, 21, 167, 107, 187,
       238, 24, 7, 242, 29, 220, 81, 20, 242, 183, 189, 219, 87, 104,
       246, 124, 49, 245, 148, 18, 135, 57, 127, 198, 228, 209, 53, 117,
       238, 147, 86, 250, 212, 3, 99, 203, 173, 194, 55, 76, 138, 166,
       13, 82, 8, 112, 105, 87, 36, 53, 186, 82, 120, 193, 84, 80, 72,
       56, 46, 192, 20, 193, 110, 153, 172, 24, 5, 240, 28, 156, 73, 16,
       242, 51, 189, 88, 70, 32, 250, 63, 246, 125, 237, 191, 253, 255,
       121, 255, 127, 252, 251, 237, 127, 252, 245, 247, 254, 79, 120,
       245, 114, 147, 252, 253, 191, 245, 251, 255, 95, 255, 255, 223,
       108, 223, 254, 223, 123, 249, 125, 127, 223, 123, 191, 212, 227,
       254, 127, 186, 191, 157, 15, 248, 157, 159, 93, 60, 246, 255, 159,
       250, 223, 46, 254, 58, 241, 125, 222, 54, 13, 93, 51, 247, 68,
       253, 248, 125, 122, 116, 94, 246, 214, 70, 243, 23, 122, 161, 246,
       253, 63, 231, 89, 99, 253, 220, 169, 218, 124, 38, 222, 202, 121,
       210, 253, 211, 219, 189, 111, 240, 54, 245, 78, 131, 167, 131, 79,
       120, 29, 155, 93, 57, 243, 123, 251, 121, 126, 167, 217, 191, 253,
       125, 254, 55, 253, 253, 123, 255, 255, 253, 249, 255, 127, 244,
       223, 251, 246, 103, 123, 247, 126, 241, 127, 253, 191, 247, 251,
       127, 123, 255, 235, 215, 108, 215, 190, 222, 121, 249, 125, 126,
       223, 255, 47, 246, 53, 245, 111, 187, 191, 152, 15, 248, 29, 158,
       93, 56, 242, 115, 255, 251, 223, 46, 250, 79, 50, 96, 33, 221,
       178, 34, 68, 0, 186, 194, 53, 224, 19, 129, 83, 232, 205, 11, 208,
       233, 35, 75, 93, 68, 200, 232, 239, 82, 5, 161, 230, 87, 172, 85,
       191, 91, 184, 165, 118, 104, 84, 24, 142, 209, 65, 163, 107, 152,
       236, 24, 1, 240, 29, 156, 65, 16, 242, 179, 181, 216, 87, 32, 254,
       255, 185, 211, 119, 219, 194, 127, 206, 202, 33, 197, 255, 247,
       198, 166, 90, 251, 215, 61, 71, 207, 173, 235, 127, 142, 219, 250,
       111, 211, 41, 242, 46, 215, 167, 20, 255, 2, 253, 255, 118, 80,
       250, 236, 123, 217, 28, 253, 183, 221, 164, 24, 245, 245, 254,
       156, 235, 80, 252, 241, 63, 220, 117, 179, 255, 60, 251, 255, 253,
       62, 189, 253, 113, 255, 255, 221, 251, 223, 126, 188, 94, 255,
       223, 98, 107, 255, 127, 211, 255, 221, 255, 247, 255, 126, 255,
       247, 239, 199, 62, 87, 190, 223, 120, 251, 125, 120, 93, 247, 111,
       245, 53, 247, 111, 187, 174, 152, 79, 242, 29, 156, 89, 21, 243,
       115, 191, 251, 127, 169, 254, 125, 59, 243, 116, 216, 166, 99,
       122, 192, 13, 194, 113, 231, 203, 144, 81, 242, 205, 191, 102,
       239, 45, 128, 119, 142, 234, 238, 205, 210, 12, 112, 169, 82, 39,
       20, 191, 0, 52, 87, 212, 217, 96, 152, 206, 201, 9, 203, 207, 204,
       36, 24, 208, 97, 124, 158, 195, 64, 254, 115, 159, 88, 54, 177,
       248, 247, 53, 251, 145, 216, 134, 139, 207, 134, 231, 129, 114,
       199, 202, 147, 86, 254, 215, 7, 99, 203, 165, 230, 123, 206, 154,
       246, 79, 210, 12, 241, 123, 247, 36, 84, 190, 82, 120, 161, 214,
       208, 74, 24, 14, 209, 28, 193, 79, 153, 172, 24, 5, 112, 29, 156,
       73, 16, 242, 51, 189, 88, 87, 34, 251, 84, 50, 241, 144, 216, 134,
       35, 119, 2, 102, 195, 52, 69, 199, 155, 82, 250, 213, 3, 100, 201,
       161, 198, 51, 206, 136, 172, 77, 210, 12, 241, 105, 117, 36, 85,
       190, 16, 114, 5, 84, 144, 80, 24, 14, 69, 28, 193, 78, 153, 44,
       24, 5, 112, 29, 156, 73, 16, 242, 51, 188, 88, 86, 32, 240, 61,
       182, 125, 160, 190, 189, 163, 121, 252, 126, 214, 117, 253, 127,
       185, 117, 242, 252, 195, 98, 245, 114, 219, 254, 221, 168, 228,
       219, 126, 221, 249, 235, 215, 44, 215, 190, 215, 122, 233, 124,
       252, 93, 90, 142, 212, 161, 247, 111, 185, 172, 24, 13, 242, 29,
       156, 89, 48, 242, 51, 189, 218, 215, 40, 250, 62, 241, 125, 254,
       54, 175, 93, 107, 247, 68, 213, 240, 125, 122, 180, 86, 242, 214,
       66, 103, 183, 122, 193, 119, 252, 186, 230, 93, 114, 252, 252,
       233, 214, 44, 22, 190, 202, 120, 209, 125, 88, 219, 189, 47, 240,
       20, 229, 110, 153, 172, 153, 7, 120, 29, 156, 73, 24, 242, 123,
       189, 121, 95, 34, 251, 22, 33, 201, 18, 51, 147, 28, 111, 2, 130,
       21, 176, 16, 2, 164, 66, 234, 144, 0, 67, 193, 52, 192, 83, 12,
       146, 160, 13, 66, 136, 52, 104, 198, 36, 4, 186, 82, 120, 193,
       116, 112, 74, 48, 47, 208, 20, 165, 110, 153, 172, 24, 5, 240, 29,
       156, 73, 16, 242, 51, 189, 88, 87, 32, 251, 61, 51, 117, 182, 20,
       37, 41, 120, 194, 92, 210, 53, 101, 67, 144, 113, 242, 212, 3, 96,
       97, 32, 129, 54, 140, 136, 224, 137, 82, 12, 241, 233, 112, 36,
       84, 190, 82, 114, 129, 212, 216, 84, 24, 14, 192, 7, 192, 78, 153,
