%YAML:1.0
descriptors: !!opencv-matrix
   rows: 158
   cols: 64
   dt: u
   data: [ 237, 255, 255, 205, 254, 255, 255, 241, 255, 223, 174, 203,
       223, 125, 254, 237, 255, 253, 255, 175, 253, 127, 127, 253, 255,
       127, 63, 246, 253, 223, 255, 183, 207, 123, 255, 253, 254, 253,
       255, 189, 127, 253, 122, 191, 255, 250, 255, 247, 189, 221, 190,
       127, 251, 255, 159, 255, 127, 223, 118, 175, 247, 255, 125, 250,
       60, 58, 127, 255, 62, 253, 249, 253, 253, 254, 222, 53, 125, 126,
       249, 246, 243, 212, 75, 106, 245, 122, 205, 191, 221, 174, 230,
       159, 126, 223, 127, 255, 243, 44, 87, 190, 222, 114, 249, 125,
       250, 93, 219, 62, 212, 167, 195, 111, 187, 173, 158, 5, 242, 29,
       157, 89, 16, 242, 123, 189, 219, 30, 42, 244, 60, 245, 125, 254,
       63, 55, 253, 123, 245, 254, 253, 251, 255, 122, 180, 94, 243, 221,
       103, 99, 245, 126, 209, 119, 221, 255, 247, 187, 123, 223, 245,
       235, 215, 44, 87, 190, 215, 120, 249, 125, 122, 95, 57, 47, 212,
       53, 247, 111, 153, 172, 24, 5, 240, 29, 156, 73, 16, 242, 51, 189,
       90, 87, 34, 251, 63, 182, 125, 172, 55, 61, 57, 120, 245, 94, 214,
       53, 125, 63, 253, 245, 242, 244, 67, 120, 241, 114, 144, 118, 77,
       168, 228, 153, 126, 92, 125, 233, 220, 108, 87, 190, 82, 122, 137,
       124, 254, 95, 26, 15, 212, 167, 228, 76, 153, 173, 28, 5, 242, 29,
       159, 73, 16, 242, 59, 188, 90, 87, 34, 249, 252, 249, 255, 253,
       118, 127, 255, 251, 253, 221, 214, 255, 255, 254, 254, 222, 251,
       221, 127, 111, 247, 125, 243, 247, 255, 255, 247, 255, 127, 223,
       246, 251, 223, 39, 87, 255, 223, 120, 249, 125, 120, 93, 187, 47,
       221, 53, 247, 111, 157, 172, 24, 69, 240, 29, 156, 73, 16, 246,
       115, 191, 91, 87, 33, 250, 255, 253, 255, 255, 247, 183, 127, 251,
       255, 239, 253, 250, 255, 234, 182, 94, 243, 215, 127, 103, 63,
       191, 227, 127, 223, 255, 247, 127, 211, 31, 246, 169, 210, 47, 20,
       255, 210, 125, 245, 253, 122, 202, 189, 111, 219, 28, 245, 63,
       157, 172, 24, 5, 232, 61, 156, 73, 80, 246, 113, 191, 92, 87, 48,
       187, 188, 190, 255, 253, 62, 253, 249, 253, 253, 253, 222, 255,
       255, 127, 255, 252, 251, 255, 251, 123, 245, 127, 255, 255, 253,
       127, 247, 255, 127, 247, 247, 239, 223, 234, 255, 254, 255, 251,
       249, 127, 121, 93, 251, 127, 247, 183, 247, 111, 187, 254, 159,
       79, 240, 29, 156, 93, 54, 247, 255, 255, 251, 255, 173, 254, 60,
       49, 253, 182, 54, 101, 57, 126, 214, 196, 215, 52, 125, 46, 179,
       86, 251, 212, 67, 99, 225, 32, 193, 119, 12, 136, 180, 9, 82, 12,
       118, 233, 215, 36, 21, 186, 82, 120, 201, 116, 112, 92, 57, 46,
       212, 20, 229, 110, 153, 172, 24, 5, 240, 29, 156, 73, 16, 242, 51,
       189, 88, 23, 32, 250, 60, 49, 109, 166, 55, 53, 53, 127, 212, 84,
       213, 49, 125, 58, 177, 68, 242, 212, 67, 96, 241, 34, 193, 246,
       12, 168, 164, 137, 82, 28, 49, 233, 223, 36, 84, 186, 82, 120,
       129, 116, 120, 92, 24, 15, 212, 53, 197, 79, 153, 172, 24, 5, 240,
       29, 156, 73, 16, 242, 51, 188, 88, 86, 32, 248, 124, 63, 247, 253,
       114, 111, 243, 255, 253, 252, 222, 183, 255, 254, 187, 238, 251,
       221, 251, 110, 127, 173, 198, 183, 223, 239, 190, 189, 122, 222,
       118, 171, 247, 39, 117, 191, 86, 126, 253, 124, 124, 93, 184, 46,
       205, 175, 255, 238, 157, 172, 25, 141, 242, 63, 156, 73, 80, 254,
       115, 191, 91, 71, 33, 250, 60, 50, 117, 162, 23, 45, 45, 121, 244,
       94, 210, 53, 125, 46, 184, 85, 242, 244, 67, 96, 241, 34, 209,
       118, 76, 168, 164, 9, 82, 156, 113, 233, 215, 36, 87, 190, 82,
       120, 137, 116, 120, 92, 24, 15, 212, 52, 229, 79, 153, 172, 24, 5,
       240, 29, 156, 73, 16, 242, 51, 189, 88, 87, 32, 250, 61, 54, 117,
       164, 62, 125, 49, 126, 244, 124, 222, 53, 125, 63, 187, 100, 251,
       244, 67, 96, 241, 34, 193, 246, 92, 168, 164, 153, 122, 94, 115,
       233, 213, 36, 85, 190, 86, 114, 201, 124, 88, 93, 26, 46, 212, 53,
       228, 109, 153, 172, 25, 5, 240, 29, 156, 73, 48, 242, 51, 188, 90,
       87, 32, 248, 253, 190, 247, 121, 253, 247, 231, 254, 253, 253,
       202, 127, 239, 255, 251, 237, 251, 253, 251, 110, 253, 207, 222,
       253, 111, 255, 63, 167, 255, 95, 115, 255, 223, 231, 95, 255, 117,
       247, 253, 118, 125, 116, 250, 190, 77, 233, 127, 179, 252, 253,
       92, 181, 245, 255, 156, 239, 84, 252, 231, 175, 222, 79, 181, 246,
       30, 50, 93, 162, 55, 177, 61, 122, 244, 30, 212, 48, 125, 59, 177,
       82, 242, 212, 3, 96, 225, 32, 193, 119, 12, 136, 160, 9, 82, 12,
       113, 233, 215, 36, 84, 186, 82, 120, 129, 116, 112, 94, 24, 15,
       208, 20, 192, 79, 153, 172, 24, 5, 240, 29, 157, 73, 16, 242, 51,
       188, 88, 87, 32, 251, 47, 38, 101, 162, 27, 141, 33, 73, 228, 84,
       130, 53, 125, 59, 184, 69, 226, 244, 67, 96, 241, 2, 209, 116, 92,
       184, 172, 9, 82, 156, 49, 233, 213, 36, 71, 186, 82, 120, 137,
       124, 120, 84, 24, 143, 212, 80, 244, 109, 153, 172, 24, 5, 240,
       29, 156, 73, 16, 242, 51, 188, 88, 87, 32, 250, 63, 50, 125, 166,
       54, 181, 185, 120, 244, 94, 212, 117, 125, 63, 177, 116, 242, 212,
       67, 96, 241, 98, 192, 117, 140, 168, 228, 153, 90, 88, 117, 233,
       212, 36, 85, 190, 86, 120, 137, 116, 88, 92, 26, 14, 212, 21, 244,
       111, 153, 172, 24, 5, 240, 29, 156, 73, 16, 242, 51, 188, 88, 87,
       32, 250, 255, 54, 119, 39, 255, 178, 191, 248, 250, 59, 241, 123,
       239, 75, 130, 81, 242, 215, 31, 115, 233, 135, 139, 124, 142, 202,
       250, 191, 218, 41, 225, 255, 119, 173, 156, 191, 127, 253, 165,
       247, 88, 78, 75, 30, 211, 25, 202, 21, 156, 238, 24, 37, 228, 190,
       156, 105, 80, 190, 179, 156, 220, 86, 48, 181, 126, 52, 121, 190,
       126, 191, 31, 109, 207, 230, 213, 184, 253, 46, 188, 86, 250, 215,
       82, 113, 187, 115, 211, 125, 221, 216, 236, 255, 82, 185, 245,
       235, 199, 172, 215, 191, 202, 121, 225, 95, 56, 217, 117, 41, 215,
       29, 229, 47, 159, 174, 152, 15, 226, 29, 156, 81, 80, 242, 59,
       185, 249, 215, 40, 254, 253, 253, 255, 253, 119, 127, 255, 255,
       255, 255, 253, 251, 255, 254, 254, 255, 251, 213, 127, 111, 125,
       247, 247, 55, 255, 255, 247, 63, 223, 95, 126, 187, 210, 36, 21,
       254, 210, 121, 233, 245, 122, 223, 57, 63, 213, 55, 245, 110, 157,
       173, 30, 5, 248, 29, 159, 73, 16, 242, 59, 189, 91, 87, 34, 251,
       126, 53, 125, 182, 54, 39, 63, 121, 198, 230, 209, 176, 125, 42,
       148, 86, 242, 214, 67, 97, 177, 34, 193, 54, 156, 186, 228, 157,
       82, 184, 245, 233, 195, 44, 20, 190, 194, 120, 161, 117, 120, 74,
       57, 47, 210, 21, 197, 79, 153, 172, 24, 5, 112, 28, 156, 73, 16,
       242, 51, 185, 88, 86, 32, 251, 127, 54, 245, 161, 255, 179, 163,
       120, 244, 125, 214, 119, 237, 95, 161, 85, 242, 253, 91, 116, 241,
       7, 203, 117, 78, 232, 232, 175, 122, 29, 113, 239, 223, 45, 85,
       191, 82, 120, 173, 116, 92, 92, 26, 14, 213, 41, 243, 79, 156,
       172, 24, 5, 240, 61, 156, 73, 80, 246, 51, 189, 88, 87, 36, 248,
       55, 52, 113, 130, 95, 134, 15, 72, 230, 70, 145, 112, 45, 107,
       176, 85, 226, 213, 1, 96, 193, 34, 129, 119, 76, 152, 168, 13, 82,
       8, 49, 105, 214, 36, 84, 186, 82, 120, 129, 116, 80, 88, 24, 15,
       208, 20, 244, 79, 153, 172, 24, 5, 240, 29, 156, 73, 16, 242, 51,
       188, 88, 87, 32, 248, 62, 53, 125, 174, 54, 125, 61, 127, 213,
       214, 215, 180, 125, 62, 189, 214, 251, 212, 67, 96, 241, 114, 209,
       54, 221, 184, 228, 153, 114, 220, 125, 233, 196, 44, 85, 190, 218,
       122, 129, 116, 248, 93, 61, 47, 212, 53, 228, 110, 155, 172, 153,
       13, 242, 29, 157, 89, 16, 242, 59, 189, 91, 87, 40, 250, 125, 190,
       255, 169, 254, 255, 191, 253, 253, 254, 250, 191, 253, 63, 251,
       231, 243, 245, 107, 104, 253, 83, 214, 244, 93, 237, 172, 191,
       126, 94, 115, 235, 253, 44, 87, 190, 86, 122, 233, 124, 254, 92,
       58, 47, 213, 183, 245, 109, 153, 172, 24, 5, 240, 29, 157, 73, 16,
