%YAML:1.0
descriptors: !!opencv-matrix
   rows: 148
   cols: 64
   dt: u
   data: [ 60, 177, 253, 246, 62, 247, 255, 126, 245, 252, 221, 247, 253,
       127, 179, 116, 251, 213, 99, 99, 245, 127, 195, 119, 237, 254,
       246, 191, 122, 95, 247, 235, 215, 36, 85, 190, 87, 120, 249, 117,
       120, 93, 123, 47, 213, 53, 247, 111, 153, 172, 24, 5, 240, 29,
       156, 73, 16, 242, 51, 189, 88, 87, 32, 250, 126, 58, 255, 247, 62,
       119, 249, 255, 214, 254, 211, 53, 125, 238, 187, 246, 250, 212,
       67, 122, 253, 187, 215, 63, 157, 168, 230, 155, 90, 221, 117, 255,
       103, 44, 87, 190, 222, 118, 193, 117, 216, 93, 215, 14, 194, 167,
       193, 79, 157, 172, 222, 5, 242, 29, 157, 89, 144, 242, 123, 189,
       123, 14, 40, 244, 126, 253, 253, 222, 54, 95, 93, 111, 247, 214,
       221, 180, 127, 190, 254, 222, 255, 247, 114, 255, 55, 117, 209,
       183, 221, 247, 245, 93, 99, 254, 246, 233, 198, 60, 87, 190, 218,
       120, 249, 125, 112, 221, 61, 175, 247, 20, 245, 110, 155, 174,
       153, 15, 240, 29, 156, 93, 48, 243, 123, 253, 123, 215, 40, 250,
       191, 223, 110, 223, 55, 189, 221, 24, 191, 223, 189, 250, 191,
       123, 124, 93, 185, 247, 126, 187, 247, 126, 211, 119, 117, 247,
       243, 123, 127, 127, 255, 187, 215, 124, 223, 222, 250, 121, 250,
       125, 117, 223, 251, 125, 247, 20, 245, 111, 155, 191, 152, 15,
       248, 149, 223, 93, 56, 247, 114, 191, 251, 255, 172, 250, 55, 246,
       81, 131, 255, 176, 143, 24, 230, 71, 145, 114, 173, 11, 160, 85,
       242, 247, 4, 112, 193, 98, 145, 116, 196, 148, 249, 43, 150, 58,
       225, 57, 86, 44, 220, 158, 66, 120, 41, 87, 36, 72, 24, 141, 208,
       0, 244, 29, 152, 189, 16, 5, 96, 153, 156, 73, 16, 178, 51, 156,
       88, 87, 36, 56, 254, 97, 121, 170, 66, 71, 31, 239, 199, 70, 249,
       186, 125, 174, 191, 126, 251, 145, 99, 100, 73, 147, 129, 52, 220,
       221, 189, 41, 195, 158, 114, 169, 192, 44, 71, 191, 74, 112, 129,
       124, 50, 74, 52, 47, 213, 28, 244, 108, 153, 172, 24, 5, 224, 29,
       148, 73, 16, 242, 49, 188, 92, 86, 32, 242, 51, 245, 124, 222, 55,
       157, 221, 27, 247, 214, 21, 240, 189, 123, 36, 95, 253, 182, 96,
       187, 213, 118, 209, 103, 241, 183, 225, 123, 58, 249, 213, 105,
       143, 108, 215, 182, 218, 88, 250, 125, 112, 223, 47, 173, 148,
       116, 245, 111, 179, 174, 153, 15, 240, 13, 220, 93, 56, 243, 118,
       189, 59, 219, 172, 218, 222, 49, 219, 182, 22, 99, 25, 254, 86,
       130, 245, 178, 127, 130, 179, 122, 250, 212, 49, 101, 9, 149, 229,
       51, 142, 137, 184, 9, 211, 12, 54, 169, 240, 36, 20, 250, 90, 116,
       1, 244, 82, 74, 60, 14, 210, 28, 192, 108, 153, 172, 26, 5, 112,
       28, 148, 73, 144, 242, 57, 184, 92, 22, 34, 249, 60, 41, 245, 180,
       3, 79, 53, 111, 247, 68, 196, 177, 127, 190, 182, 94, 251, 144,
       99, 101, 117, 39, 208, 119, 93, 251, 180, 13, 66, 140, 112, 233,
       214, 36, 71, 190, 82, 120, 201, 124, 120, 93, 60, 47, 213, 52,
       245, 110, 153, 172, 24, 5, 240, 29, 156, 73, 16, 242, 51, 189, 88,
       87, 32, 250, 17, 17, 144, 116, 32, 2, 124, 102, 2, 128, 69, 192,
       6, 192, 4, 18, 52, 202, 32, 67, 134, 45, 192, 195, 136, 10, 230,
       220, 64, 36, 228, 104, 215, 54, 48, 172, 147, 40, 210, 97, 80, 40,
       181, 107, 240, 16, 167, 110, 153, 170, 24, 71, 240, 28, 28, 65,
       17, 179, 115, 187, 56, 119, 129, 234, 45, 175, 237, 252, 50, 125,
       245, 126, 245, 252, 222, 181, 93, 125, 253, 238, 139, 252, 227,
       107, 245, 116, 208, 243, 93, 127, 148, 147, 125, 215, 127, 235,
       223, 64, 213, 186, 215, 122, 249, 125, 124, 125, 251, 39, 244,
       181, 247, 107, 187, 172, 173, 79, 240, 29, 158, 92, 52, 242, 123,
       255, 219, 215, 109, 250, 43, 238, 239, 235, 255, 253, 167, 153,
       253, 253, 254, 251, 255, 63, 125, 237, 155, 189, 255, 187, 245,
       87, 219, 125, 117, 253, 29, 183, 127, 215, 123, 223, 143, 234,
       207, 48, 255, 217, 253, 62, 125, 125, 106, 189, 85, 241, 126, 243,
       191, 253, 137, 8, 223, 165, 202, 60, 126, 228, 255, 173, 211, 219,
       124, 222, 254, 57, 255, 244, 54, 35, 125, 126, 212, 252, 245, 177,
       111, 194, 146, 90, 251, 212, 35, 111, 103, 173, 228, 55, 141, 139,
       242, 143, 82, 72, 116, 233, 215, 38, 52, 186, 86, 124, 193, 245,
       80, 92, 187, 47, 219, 21, 193, 110, 153, 172, 24, 5, 240, 29, 156,
       73, 16, 242, 51, 191, 88, 86, 32, 250, 248, 249, 255, 223, 98, 95,
       252, 183, 95, 253, 126, 223, 31, 246, 255, 238, 191, 211, 248, 47,
       158, 253, 239, 187, 251, 119, 183, 118, 109, 251, 222, 255, 239,
       211, 113, 117, 247, 223, 254, 121, 243, 189, 231, 118, 191, 190,
       125, 251, 255, 203, 239, 255, 159, 239, 185, 222, 247, 255, 254,
       111, 247, 57, 223, 254, 60, 37, 253, 190, 18, 167, 53, 127, 228,
       68, 213, 48, 125, 127, 180, 70, 250, 244, 99, 98, 245, 38, 209,
       247, 92, 186, 164, 141, 114, 156, 112, 233, 215, 36, 71, 190, 82,
       120, 201, 124, 120, 93, 56, 175, 212, 52, 245, 111, 153, 172, 24,
       13, 240, 29, 156, 73, 16, 242, 51, 189, 88, 87, 32, 250, 11, 6, 0,
       162, 143, 180, 38, 4, 52, 126, 2, 5, 156, 44, 41, 21, 68, 58, 129,
       176, 224, 114, 90, 120, 80, 0, 168, 194, 24, 81, 249, 199, 69,
       152, 211, 32, 125, 194, 32, 106, 108, 4, 78, 136, 84, 65, 194, 73,
       184, 72, 24, 4, 230, 13, 92, 81, 30, 34, 151, 180, 130, 210, 104,
       100, 118, 249, 255, 221, 54, 223, 221, 175, 223, 230, 157, 252,
       95, 246, 191, 250, 189, 147, 122, 191, 151, 125, 102, 207, 253,
       215, 247, 127, 47, 255, 222, 106, 151, 219, 167, 207, 254, 93,
       250, 127, 48, 189, 229, 105, 191, 156, 245, 47, 247, 250, 175,
       223, 182, 97, 112, 255, 127, 223, 254, 123, 187, 249, 223, 206,
       62, 49, 249, 148, 22, 7, 89, 110, 86, 230, 213, 48, 125, 194, 178,
       82, 250, 212, 65, 99, 199, 37, 192, 115, 140, 138, 162, 13, 82,
       140, 116, 233, 215, 36, 20, 186, 90, 120, 193, 116, 112, 88, 52,
       15, 209, 20, 225, 111, 153, 172, 24, 5, 240, 29, 156, 73, 16, 242,
       51, 185, 88, 87, 32, 251, 1, 3, 12, 138, 38, 157, 0, 48, 54, 94,
       22, 4, 24, 125, 61, 5, 4, 222, 192, 160, 208, 114, 128, 114, 72,
       32, 132, 64, 56, 64, 25, 65, 214, 16, 209, 32, 87, 74, 128, 96,
       240, 151, 26, 14, 84, 166, 192, 78, 147, 40, 24, 4, 176, 29, 159,
       9, 19, 98, 59, 156, 64, 146, 38, 241, 3, 22, 0, 34, 141, 160, 3,
       0, 34, 46, 2, 4, 12, 41, 0, 17, 100, 238, 1, 240, 224, 96, 24,
       120, 64, 136, 232, 74, 18, 0, 225, 71, 21, 164, 208, 32, 113, 0,
       32, 66, 68, 64, 24, 136, 64, 64, 194, 77, 152, 44, 24, 0, 244, 24,
       156, 73, 24, 50, 19, 148, 64, 86, 32, 120, 251, 220, 206, 239,
       239, 250, 223, 128, 63, 127, 189, 203, 174, 125, 102, 189, 253,
       255, 60, 191, 110, 223, 187, 120, 231, 215, 123, 126, 255, 119,
       255, 55, 151, 249, 218, 69, 251, 101, 254, 227, 87, 223, 235, 121,
       219, 95, 254, 181, 205, 219, 22, 167, 205, 231, 239, 255, 251,
       221, 244, 63, 247, 249, 158, 191, 9, 5, 12, 136, 39, 29, 20, 55,
       53, 84, 21, 0, 24, 61, 60, 7, 132, 124, 64, 224, 208, 114, 208,
       242, 88, 32, 132, 16, 120, 80, 29, 65, 220, 48, 18, 160, 195, 74,
       128, 32, 80, 159, 24, 143, 212, 180, 229, 78, 17, 32, 153, 12,
       112, 29, 155, 8, 49, 226, 59, 156, 66, 86, 46, 249, 215, 249, 211,
       214, 121, 2, 221, 78, 18, 225, 37, 251, 163, 203, 134, 89, 98,
       215, 60, 7, 135, 45, 226, 107, 46, 195, 243, 47, 23, 41, 0, 111,
       151, 167, 60, 219, 34, 253, 255, 247, 67, 234, 169, 75, 171, 28,
       217, 159, 193, 180, 114, 213, 44, 34, 180, 235, 80, 58, 48, 15,
       92, 85, 179, 255, 187, 254, 108, 238, 191, 253, 223, 24, 255, 95,
       252, 251, 175, 123, 252, 253, 243, 247, 126, 187, 245, 118, 177,
       126, 229, 255, 113, 59, 127, 123, 247, 255, 159, 236, 222, 214,
       255, 121, 249, 245, 127, 223, 123, 61, 213, 83, 244, 111, 174,
       191, 158, 13, 252, 165, 223, 93, 58, 246, 246, 191, 251, 223, 172,
