%YAML:1.0
descriptors: !!opencv-matrix
   rows: 129
   cols: 64
   dt: u
   data: [ 255, 255, 255, 255, 255, 255, 255, 255, 255, 255, 255, 255,
       255, 255, 255, 255, 255, 255, 255, 255, 255, 255, 255, 255, 255,
       255, 255, 255, 255, 255, 255, 255, 239, 255, 255, 255, 255, 253,
       255, 127, 127, 253, 255, 255, 255, 187, 255, 255, 255, 255, 191,
       251, 255, 255, 254, 255, 127, 255, 255, 255, 255, 255, 253, 254,
       60, 188, 255, 237, 62, 253, 253, 125, 253, 253, 254, 253, 255, 62,
       255, 252, 253, 254, 227, 251, 245, 118, 219, 255, 249, 127, 245,
       242, 109, 247, 255, 239, 207, 248, 227, 36, 255, 217, 248, 127,
       121, 157, 247, 167, 245, 241, 183, 107, 187, 254, 169, 75, 246,
       13, 218, 85, 62, 211, 255, 239, 243, 251, 236, 222, 35, 150, 68,
       34, 157, 176, 134, 24, 112, 56, 146, 97, 172, 27, 0, 21, 102, 166,
       1, 208, 225, 2, 155, 125, 64, 56, 104, 15, 94, 21, 225, 103, 93,
       236, 220, 52, 123, 56, 41, 117, 77, 84, 26, 143, 192, 65, 210, 77,
       184, 254, 24, 5, 244, 29, 216, 73, 18, 178, 183, 148, 154, 87, 36,
       88, 97, 137, 215, 222, 115, 203, 87, 126, 223, 181, 140, 251, 179,
       222, 174, 78, 235, 245, 249, 15, 214, 47, 194, 119, 75, 255, 147,
       38, 83, 74, 18, 109, 223, 39, 117, 187, 86, 124, 255, 124, 112,
       125, 184, 103, 157, 60, 117, 239, 221, 164, 57, 213, 241, 125,
       156, 194, 113, 254, 115, 191, 89, 117, 149, 250, 252, 187, 247,
       245, 54, 247, 253, 255, 220, 253, 210, 255, 255, 255, 155, 206,
       251, 221, 235, 107, 253, 143, 230, 255, 79, 255, 183, 175, 90, 78,
       114, 255, 215, 39, 117, 186, 86, 124, 233, 116, 120, 92, 58, 63,
       223, 53, 255, 239, 153, 172, 24, 5, 240, 31, 156, 73, 16, 242, 51,
       189, 88, 87, 32, 250, 187, 253, 124, 255, 191, 253, 221, 49, 255,
       93, 253, 251, 255, 123, 116, 253, 255, 247, 126, 187, 247, 126,
       179, 247, 243, 127, 247, 255, 127, 255, 255, 247, 223, 126, 142,
       244, 255, 121, 250, 253, 127, 223, 251, 255, 245, 115, 255, 111,
       173, 255, 143, 79, 248, 141, 155, 93, 63, 247, 255, 191, 251, 251,
       175, 223, 195, 202, 239, 233, 238, 254, 223, 208, 61, 255, 190,
       207, 207, 125, 127, 169, 137, 237, 191, 171, 236, 69, 10, 121,
       111, 255, 31, 182, 253, 71, 59, 223, 215, 241, 219, 65, 126, 253,
       252, 42, 117, 124, 106, 63, 221, 154, 253, 177, 253, 217, 28, 33,
       221, 229, 158, 174, 87, 204, 182, 173, 214, 223, 16, 190, 189,
       253, 255, 255, 55, 125, 253, 254, 253, 255, 253, 251, 255, 191,
       254, 255, 251, 244, 127, 123, 63, 222, 247, 63, 239, 255, 247,
       187, 255, 95, 126, 191, 218, 108, 255, 254, 210, 125, 249, 245,
       126, 223, 255, 63, 223, 55, 253, 252, 141, 189, 94, 141, 250, 191,
       159, 77, 184, 244, 121, 255, 223, 223, 46, 187, 188, 58, 247, 245,
       254, 191, 165, 250, 252, 253, 242, 115, 255, 251, 249, 69, 242,
       221, 239, 107, 245, 39, 194, 247, 79, 254, 181, 175, 126, 94, 115,
       255, 215, 36, 85, 186, 86, 120, 233, 116, 252, 84, 58, 63, 197,
       165, 247, 111, 153, 173, 24, 5, 240, 29, 157, 73, 16, 242, 51,
       189, 90, 87, 32, 250, 127, 184, 255, 191, 255, 239, 223, 252, 255,
       229, 221, 191, 255, 254, 191, 254, 251, 213, 115, 99, 253, 55,
       195, 117, 237, 255, 252, 63, 115, 91, 119, 239, 215, 37, 85, 254,
       82, 121, 233, 119, 112, 221, 125, 47, 213, 28, 245, 111, 157, 172,
       24, 5, 240, 29, 156, 73, 24, 242, 59, 189, 89, 87, 34, 250, 127,
       255, 253, 254, 255, 191, 63, 122, 255, 127, 252, 251, 239, 251,
       180, 93, 242, 245, 111, 112, 245, 119, 147, 119, 78, 254, 245, 63,
       254, 88, 117, 233, 215, 108, 214, 190, 210, 120, 249, 125, 126,
       223, 58, 175, 213, 17, 245, 79, 153, 172, 24, 13, 240, 29, 159,
       73, 56, 246, 51, 189, 90, 215, 44, 251, 62, 16, 252, 190, 55, 231,
       62, 125, 23, 224, 221, 180, 61, 62, 191, 118, 251, 212, 65, 97,
       193, 49, 195, 51, 77, 201, 160, 13, 82, 156, 53, 233, 213, 36, 85,
       186, 82, 120, 233, 116, 112, 93, 60, 47, 213, 20, 245, 111, 153,
       172, 24, 5, 240, 29, 156, 73, 16, 242, 51, 189, 88, 87, 32, 250,
       61, 54, 109, 160, 62, 119, 163, 119, 52, 252, 86, 21, 93, 63, 185,
       229, 226, 220, 65, 96, 241, 97, 196, 243, 77, 168, 172, 141, 120,
       92, 49, 235, 245, 36, 85, 186, 83, 122, 137, 116, 240, 92, 24, 14,
       212, 22, 227, 111, 153, 172, 24, 5, 240, 29, 156, 73, 16, 242, 51,
       188, 88, 87, 32, 248, 47, 53, 109, 168, 23, 191, 37, 123, 244, 94,
       214, 52, 125, 127, 188, 69, 242, 252, 67, 96, 241, 118, 208, 119,
       92, 168, 164, 141, 122, 156, 121, 233, 215, 44, 87, 186, 82, 120,
       129, 124, 124, 92, 24, 15, 212, 53, 229, 79, 153, 172, 24, 4, 240,
       29, 156, 73, 24, 242, 51, 188, 88, 87, 32, 248, 61, 51, 117, 162,
       62, 183, 33, 126, 244, 92, 214, 53, 125, 127, 153, 68, 242, 212,
       67, 96, 225, 34, 193, 119, 12, 168, 164, 141, 122, 12, 113, 233,
       215, 36, 84, 186, 86, 122, 129, 116, 216, 84, 24, 14, 192, 5, 193,
       79, 153, 44, 25, 5, 240, 29, 157, 73, 16, 242, 51, 188, 88, 23,
       32, 248, 60, 49, 125, 178, 55, 53, 49, 126, 212, 94, 212, 48, 125,
       122, 144, 86, 242, 212, 3, 96, 225, 34, 193, 119, 12, 136, 164,
       137, 82, 12, 113, 233, 214, 36, 20, 186, 82, 120, 129, 116, 216,
       94, 24, 14, 208, 21, 193, 78, 153, 172, 24, 5, 240, 29, 156, 73,
       16, 242, 51, 188, 88, 86, 34, 249, 13, 50, 197, 160, 61, 51, 33,
       122, 244, 28, 198, 115, 237, 59, 144, 65, 226, 221, 67, 96, 225,
       6, 193, 119, 76, 184, 164, 135, 122, 12, 49, 233, 215, 36, 84,
       186, 83, 120, 161, 116, 220, 84, 26, 15, 192, 1, 210, 79, 153,
       172, 24, 5, 240, 29, 157, 73, 16, 242, 51, 189, 88, 87, 36, 250,
       60, 51, 125, 186, 18, 63, 37, 123, 230, 70, 209, 48, 125, 46, 189,
       86, 242, 212, 67, 96, 241, 50, 209, 119, 92, 168, 164, 9, 82, 220,
       124, 233, 214, 36, 87, 190, 82, 120, 129, 124, 120, 93, 20, 15,
       212, 52, 229, 78, 153, 172, 24, 5, 242, 29, 156, 73, 16, 242, 51,
       189, 88, 87, 32, 250, 60, 49, 125, 150, 22, 35, 25, 126, 198, 4,
       213, 52, 117, 2, 144, 82, 242, 212, 67, 96, 193, 32, 193, 119,
       140, 136, 164, 9, 82, 12, 49, 105, 214, 36, 20, 186, 66, 120, 1,
       84, 80, 72, 24, 14, 208, 20, 225, 78, 153, 172, 24, 5, 240, 28,
       156, 73, 16, 242, 51, 189, 88, 87, 32, 251, 63, 54, 125, 170, 23,
       61, 37, 125, 230, 70, 208, 48, 125, 63, 188, 85, 242, 244, 67,
       112, 241, 114, 209, 118, 220, 168, 228, 137, 82, 156, 113, 233,
       212, 44, 87, 190, 90, 120, 129, 124, 124, 94, 24, 15, 212, 21,
       228, 78, 153, 172, 24, 4, 240, 29, 156, 73, 16, 242, 51, 188, 88,
       87, 32, 250, 62, 50, 125, 166, 55, 53, 49, 122, 246, 84, 215, 53,
       125, 26, 177, 87, 242, 212, 3, 96, 225, 34, 193, 118, 140, 136,
       228, 137, 82, 12, 113, 233, 212, 36, 84, 190, 82, 122, 129, 116,
       216, 92, 24, 14, 208, 5, 192, 78, 153, 172, 24, 5, 240, 29, 157,
       73, 16, 242, 51, 188, 88, 86, 32, 251, 62, 53, 125, 170, 23, 37,
       37, 127, 230, 70, 209, 48, 125, 46, 181, 86, 242, 244, 67, 96,
       241, 34, 209, 118, 92, 168, 164, 9, 82, 156, 113, 233, 212, 36,
       87, 190, 82, 120, 129, 124, 120, 92, 24, 15, 212, 20, 229, 78,
       153, 172, 24, 5, 240, 29, 156, 73, 16, 242, 51, 188, 88, 87, 32,
       250, 61, 50, 125, 162, 55, 53, 33, 122, 244, 84, 214, 53, 125, 59,
       177, 85, 242, 212, 67, 96, 225, 34, 193, 118, 12, 168, 164, 137,
       82, 12, 113, 233, 212, 36, 84, 186, 82, 122, 129, 116, 216, 84,
       24, 14, 192, 5, 192, 78, 153, 172, 24, 5, 240, 29, 157, 73, 16,
       242, 51, 188, 88, 22, 32, 248, 61, 55, 117, 162, 22, 37, 37, 127,
       228, 68, 214, 48, 125, 63, 176, 68, 242, 244, 67, 96, 241, 34,
       209, 246, 92, 168, 164, 137, 114, 156, 113, 233, 212, 36, 87, 186,
       82, 120, 129, 124, 120, 84, 24, 15, 212, 53, 228, 78, 153, 172,
       24, 5, 240, 29, 156, 73, 16, 242, 51, 188, 88, 87, 32, 250, 45,
