%YAML:1.0
descriptors: !!opencv-matrix
   rows: 128
   cols: 64
   dt: u
   data: [ 31, 50, 125, 176, 62, 177, 57, 124, 118, 254, 210, 53, 125,
       62, 177, 83, 242, 212, 3, 99, 225, 32, 193, 115, 204, 168, 224,
       203, 90, 76, 241, 235, 215, 36, 85, 186, 82, 120, 233, 116, 112,
       92, 56, 47, 212, 20, 245, 111, 153, 172, 24, 5, 240, 29, 156, 73,
       16, 242, 51, 189, 88, 87, 32, 250, 81, 49, 147, 86, 49, 130, 124,
       106, 82, 128, 133, 115, 178, 194, 128, 90, 126, 151, 180, 71, 135,
       45, 193, 71, 134, 154, 242, 79, 82, 40, 196, 104, 31, 55, 52, 190,
       2, 108, 210, 85, 80, 232, 181, 99, 169, 28, 129, 111, 217, 166,
       57, 215, 112, 24, 28, 65, 17, 59, 115, 187, 56, 53, 161, 202, 5,
       174, 198, 33, 153, 248, 164, 197, 57, 216, 10, 117, 0, 55, 203,
       225, 203, 40, 129, 106, 213, 0, 94, 240, 83, 93, 24, 163, 236, 14,
       43, 87, 253, 66, 93, 162, 49, 146, 237, 52, 229, 20, 26, 182, 69,
       195, 126, 225, 153, 109, 108, 61, 213, 15, 137, 72, 22, 192, 135,
       165, 74, 67, 32, 90, 70, 34, 129, 50, 220, 130, 10, 71, 194, 34,
       161, 50, 224, 195, 130, 19, 98, 1, 3, 208, 203, 165, 67, 79, 134,
       128, 236, 15, 130, 44, 161, 64, 71, 44, 68, 190, 74, 56, 33, 214,
       0, 66, 16, 137, 208, 88, 129, 79, 24, 172, 24, 1, 96, 24, 28, 65,
       16, 50, 19, 180, 24, 86, 32, 105, 20, 58, 209, 128, 16, 72, 164,
       206, 11, 192, 14, 20, 85, 55, 139, 208, 255, 198, 161, 32, 64, 0,
       70, 64, 205, 213, 113, 105, 34, 10, 211, 105, 149, 4, 81, 158, 16,
       208, 233, 84, 36, 21, 56, 33, 37, 20, 117, 108, 153, 172, 169, 53,
       176, 21, 28, 73, 0, 112, 2, 169, 88, 71, 36, 218, 130, 65, 136,
       146, 2, 0, 12, 3, 66, 194, 25, 130, 146, 134, 6, 26, 77, 3, 36,
       213, 11, 164, 65, 67, 200, 86, 179, 105, 2, 174, 130, 32, 194, 36,
       85, 138, 74, 76, 66, 66, 32, 72, 52, 105, 151, 28, 53, 47, 211,
       168, 16, 5, 32, 25, 56, 65, 17, 115, 17, 49, 28, 113, 96, 234, 18,
       33, 130, 182, 17, 66, 8, 7, 66, 192, 17, 53, 32, 134, 131, 50,
       106, 2, 0, 199, 1, 168, 229, 3, 8, 136, 160, 9, 18, 40, 160, 104,
       116, 36, 53, 186, 19, 88, 65, 84, 1, 64, 16, 10, 202, 20, 193,
       110, 25, 36, 88, 1, 240, 26, 180, 73, 16, 114, 51, 184, 72, 6, 32,
       234, 137, 22, 6, 33, 221, 32, 160, 222, 48, 56, 226, 97, 34, 73,
       3, 33, 64, 44, 133, 208, 225, 130, 45, 184, 2, 40, 72, 130, 220,
       69, 161, 215, 125, 162, 216, 48, 117, 166, 37, 164, 207, 70, 90,
       158, 72, 99, 202, 193, 40, 95, 92, 4, 212, 190, 201, 1, 150, 128,
       135, 150, 134, 66, 132, 5, 4, 34, 192, 33, 144, 176, 162, 65, 40,
       129, 194, 116, 192, 55, 137, 65, 0, 9, 1, 193, 193, 37, 66, 81,
       69, 88, 8, 165, 68, 12, 33, 2, 151, 16, 85, 138, 17, 56, 233, 20,
       104, 52, 56, 32, 197, 5, 119, 99, 25, 172, 8, 5, 241, 21, 152, 8,
       18, 195, 19, 165, 72, 83, 96, 74, 44, 54, 117, 162, 31, 181, 161,
       123, 244, 92, 194, 49, 109, 91, 177, 69, 226, 212, 3, 96, 225, 34,
       129, 119, 76, 136, 160, 9, 82, 8, 49, 233, 245, 36, 84, 186, 82,
       112, 1, 116, 240, 84, 26, 14, 208, 5, 192, 79, 153, 172, 24, 5,
       240, 29, 156, 73, 16, 242, 51, 188, 88, 87, 32, 249, 133, 142,
       134, 65, 233, 208, 162, 212, 56, 185, 6, 77, 130, 53, 3, 169, 8,
       73, 173, 43, 196, 5, 110, 249, 99, 90, 24, 38, 60, 7, 3, 87, 255,
       209, 121, 32, 116, 155, 237, 160, 213, 52, 42, 166, 201, 0, 123,
       243, 24, 216, 60, 53, 213, 205, 152, 202, 22, 222, 182, 165, 64,
       87, 4, 90, 7, 167, 120, 32, 17, 152, 36, 73, 105, 2, 131, 112,
       224, 39, 172, 81, 203, 33, 35, 80, 131, 100, 83, 65, 85, 212, 65,
       173, 2, 46, 129, 0, 135, 4, 71, 138, 0, 56, 233, 28, 32, 16, 56,
       161, 85, 81, 183, 47, 145, 174, 8, 12, 240, 21, 120, 41, 16, 226,
       19, 165, 8, 211, 104, 74, 63, 54, 125, 170, 55, 61, 37, 123, 245,
       94, 216, 49, 125, 63, 188, 85, 243, 244, 67, 96, 241, 114, 145,
       119, 92, 172, 164, 25, 122, 220, 125, 233, 196, 44, 71, 190, 210,
       120, 129, 124, 124, 95, 28, 175, 212, 117, 228, 78, 153, 172, 24,
       13, 242, 29, 156, 73, 24, 242, 51, 188, 90, 215, 40, 248, 31, 48,
       93, 38, 55, 49, 185, 120, 242, 156, 213, 117, 108, 59, 129, 82,
       226, 212, 3, 97, 225, 32, 193, 118, 204, 136, 224, 137, 82, 12,
       113, 121, 244, 36, 84, 186, 82, 122, 129, 244, 208, 92, 24, 14,
       208, 21, 192, 79, 153, 172, 24, 5, 240, 29, 156, 73, 16, 242, 51,
       188, 88, 86, 34, 249, 65, 204, 138, 77, 64, 194, 214, 135, 25,
       185, 4, 201, 130, 148, 5, 139, 13, 9, 184, 143, 142, 13, 110, 201,
       35, 87, 27, 102, 5, 33, 0, 22, 151, 147, 121, 1, 53, 141, 238, 34,
       113, 62, 234, 97, 191, 92, 29, 179, 125, 216, 106, 247, 181, 225,
       56, 238, 87, 207, 134, 231, 17, 121, 211, 207, 12, 162, 134, 169,
       232, 240, 174, 68, 56, 190, 74, 13, 192, 53, 25, 129, 137, 201,
       137, 234, 205, 33, 78, 217, 77, 92, 56, 230, 76, 71, 49, 199, 85,
       144, 93, 33, 125, 250, 233, 34, 100, 84, 106, 46, 87, 132, 247,
       115, 153, 204, 24, 5, 244, 93, 156, 73, 22, 195, 147, 181, 200,
       83, 96, 246, 62, 53, 117, 174, 55, 45, 61, 127, 247, 92, 221, 53,
       125, 46, 188, 87, 243, 244, 67, 96, 241, 34, 209, 118, 220, 172,
       228, 153, 90, 216, 125, 233, 196, 44, 87, 190, 210, 120, 129, 124,
       120, 92, 28, 175, 212, 21, 228, 78, 153, 172, 24, 13, 240, 29,
       156, 73, 24, 242, 51, 188, 90, 87, 40, 250, 61, 53, 125, 38, 55,
       33, 177, 122, 240, 92, 212, 113, 108, 27, 128, 69, 226, 212, 3,
       97, 225, 34, 193, 118, 76, 168, 160, 137, 82, 12, 113, 105, 252,
       36, 84, 186, 82, 120, 129, 244, 216, 94, 24, 14, 208, 17, 194, 78,
       153, 172, 24, 5, 240, 29, 156, 73, 16, 242, 51, 188, 88, 86, 34,
       249, 66, 1, 130, 215, 69, 130, 216, 2, 2, 131, 17, 66, 130, 192,
       0, 26, 36, 67, 36, 151, 14, 45, 194, 67, 10, 146, 178, 76, 18, 40,
       128, 17, 22, 55, 56, 139, 2, 76, 66, 67, 0, 106, 169, 72, 139, 28,
       193, 31, 81, 138, 16, 5, 49, 64, 188, 234, 17, 51, 48, 19, 0, 113,
       145, 171, 64, 9, 138, 152, 64, 74, 68, 135, 11, 162, 40, 140, 16,
       228, 15, 170, 13, 0, 176, 134, 14, 137, 110, 131, 91, 69, 154, 36,
       1, 136, 2, 0, 149, 19, 65, 33, 0, 196, 102, 74, 32, 48, 44, 97,
       31, 28, 101, 162, 81, 72, 106, 116, 149, 89, 48, 138, 147, 104, 9,
       49, 12, 96, 81, 226, 78, 34, 9, 176, 28, 52, 44, 67, 0, 170, 97,
       2, 192, 128, 145, 3, 0, 77, 1, 64, 232, 132, 72, 27, 12, 136, 166,
       195, 64, 36, 49, 202, 99, 144, 212, 170, 25, 60, 33, 66, 40, 66,
       48, 8, 214, 21, 130, 73, 26, 172, 24, 3, 96, 29, 28, 89, 0, 162,
       19, 180, 76, 82, 96, 176, 61, 51, 125, 166, 55, 53, 57, 126, 244,
       92, 213, 49, 109, 59, 145, 86, 242, 212, 67, 96, 241, 98, 192,
       119, 140, 168, 224, 153, 122, 24, 117, 233, 212, 36, 20, 190, 86,
       120, 129, 117, 88, 94, 27, 14, 208, 5, 193, 78, 153, 172, 25, 5,
       240, 28, 156, 73, 16, 242, 51, 156, 88, 86, 36, 251, 5, 6, 4, 0,
       25, 160, 32, 80, 32, 0, 130, 99, 128, 27, 128, 1, 8, 40, 129, 208,
       225, 4, 25, 192, 64, 56, 24, 128, 48, 4, 1, 65, 157, 0, 209, 160,
       1, 8, 41, 0, 100, 16, 26, 131, 64, 81, 118, 193, 24, 100, 8, 0,
       208, 28, 72, 0, 42, 128, 23, 180, 8, 83, 36, 74, 61, 55, 117, 174,
       55, 45, 37, 127, 245, 84, 222, 53, 125, 63, 188, 71, 251, 244, 67,
       96, 241, 34, 209, 118, 92, 168, 164, 9, 122, 156, 121, 233, 196,
       44, 87, 190, 210, 120, 129, 124, 124, 93, 24, 175, 212, 52, 228,
       78, 153, 172, 152, 13, 240, 29, 156, 73, 48, 242, 51, 188, 90, 87,
       32, 250, 7, 2, 64, 128, 153, 128, 14, 64, 2, 74, 1, 80, 128, 6,
       160, 81, 96, 84, 0, 96, 192, 32, 194, 97, 12, 128, 160, 77, 16, 8,
       49, 73, 87, 52, 92, 138, 64, 120, 1, 84, 64, 64, 24, 10, 192, 20,
       196, 79, 17, 44, 24, 4, 96, 24, 156, 73, 16, 114, 51, 156, 88, 87,
       32, 240, 62, 49, 125, 150, 54, 21, 25, 111, 198, 70, 213, 48, 125,
       42, 176, 86, 242, 212, 67, 96, 65, 48, 193, 55, 140, 136, 164, 9,
