%YAML:1.0
descriptors: !!opencv-matrix
   rows: 163
   cols: 64
   dt: u
   data: [ 61, 188, 255, 255, 62, 253, 249, 255, 255, 253, 214, 253, 255,
       127, 251, 252, 255, 222, 227, 107, 245, 125, 231, 247, 253, 235,
       244, 255, 127, 223, 247, 239, 223, 100, 85, 190, 215, 122, 249,
       125, 248, 93, 123, 46, 213, 55, 247, 111, 153, 172, 25, 13, 240,
       29, 156, 73, 16, 242, 51, 189, 90, 95, 34, 254, 63, 182, 236, 239,
       63, 253, 153, 61, 254, 255, 246, 249, 189, 123, 190, 117, 251,
       247, 99, 243, 245, 39, 211, 127, 93, 235, 228, 63, 94, 93, 245,
       239, 207, 44, 85, 190, 223, 120, 233, 125, 120, 92, 58, 175, 213,
       53, 247, 111, 153, 172, 24, 5, 240, 29, 156, 73, 16, 242, 51, 189,
       90, 87, 32, 250, 188, 185, 255, 255, 62, 253, 249, 255, 253, 253,
       222, 253, 255, 126, 251, 252, 251, 220, 243, 107, 245, 127, 231,
       247, 253, 239, 246, 191, 127, 223, 127, 239, 255, 44, 87, 254,
       215, 123, 249, 125, 248, 93, 255, 46, 213, 55, 247, 111, 189, 172,
       155, 13, 240, 29, 156, 73, 48, 242, 123, 189, 219, 31, 32, 254,
       60, 186, 247, 229, 254, 245, 243, 253, 252, 253, 214, 125, 253,
       127, 251, 244, 250, 221, 219, 106, 245, 123, 207, 253, 173, 106,
       124, 191, 126, 87, 247, 255, 255, 237, 253, 190, 255, 243, 249,
       119, 221, 93, 219, 30, 201, 167, 219, 115, 190, 253, 223, 173,
       242, 189, 157, 93, 102, 246, 255, 239, 251, 15, 38, 255, 63, 253,
       255, 253, 55, 253, 253, 122, 255, 221, 221, 249, 255, 127, 252,
       93, 251, 252, 227, 251, 245, 126, 211, 247, 253, 255, 247, 255,
       127, 255, 247, 235, 223, 124, 215, 190, 254, 121, 249, 125, 120,
       221, 251, 47, 245, 53, 247, 111, 185, 174, 152, 15, 240, 29, 156,
       93, 54, 243, 119, 191, 251, 223, 44, 250, 39, 39, 193, 150, 25,
       132, 5, 75, 164, 68, 2, 115, 161, 75, 128, 5, 98, 69, 1, 96, 193,
       46, 194, 103, 78, 138, 32, 15, 18, 8, 33, 73, 87, 38, 84, 186, 64,
       56, 1, 84, 69, 64, 24, 139, 192, 0, 193, 79, 24, 36, 24, 0, 112,
       24, 156, 73, 16, 114, 51, 157, 72, 87, 32, 250, 59, 53, 241, 54,
       223, 162, 28, 63, 66, 96, 209, 51, 238, 195, 2, 80, 126, 135, 35,
       210, 227, 45, 195, 215, 142, 26, 240, 207, 66, 28, 225, 233, 207,
       44, 20, 190, 91, 56, 97, 84, 120, 72, 17, 139, 193, 17, 135, 79,
       153, 172, 24, 1, 240, 28, 28, 65, 16, 178, 51, 185, 24, 87, 32,
       234, 61, 190, 253, 207, 63, 253, 249, 125, 255, 253, 214, 253,
       253, 127, 189, 100, 254, 254, 99, 243, 245, 119, 211, 255, 249,
       58, 228, 254, 124, 223, 245, 239, 223, 108, 87, 190, 223, 122,
       233, 125, 120, 93, 123, 175, 213, 53, 247, 111, 185, 172, 24, 13,
       240, 29, 156, 73, 20, 242, 55, 189, 218, 87, 40, 254, 62, 184,
       255, 255, 62, 253, 249, 127, 253, 252, 222, 253, 255, 126, 185,
       252, 255, 254, 227, 123, 245, 127, 215, 255, 253, 255, 247, 255,
       126, 215, 247, 239, 223, 108, 87, 190, 255, 120, 249, 125, 120,
       93, 251, 47, 213, 53, 247, 111, 187, 172, 153, 15, 240, 29, 156,
       93, 52, 242, 119, 189, 251, 223, 40, 254, 156, 250, 87, 245, 252,
       248, 251, 248, 248, 191, 194, 255, 207, 87, 217, 249, 187, 205,
       189, 43, 237, 109, 174, 123, 175, 223, 115, 247, 126, 99, 119,
       255, 87, 243, 253, 113, 247, 255, 253, 55, 253, 124, 235, 127,
       255, 135, 255, 115, 236, 223, 60, 247, 253, 231, 190, 237, 87,
       223, 247, 239, 247, 127, 181, 190, 6, 33, 65, 146, 25, 2, 1, 74,
       198, 2, 128, 48, 33, 66, 128, 81, 226, 84, 1, 98, 195, 40, 128,
       99, 12, 138, 34, 9, 18, 8, 49, 105, 86, 38, 84, 186, 66, 112, 1,
       84, 0, 64, 24, 10, 64, 20, 193, 78, 153, 36, 24, 4, 96, 24, 156,
       73, 16, 242, 51, 189, 88, 86, 32, 249, 7, 35, 65, 240, 157, 128,
       71, 72, 164, 102, 128, 112, 65, 75, 144, 65, 226, 212, 5, 98, 199,
       40, 136, 114, 76, 154, 34, 11, 82, 8, 49, 105, 87, 38, 84, 186,
       66, 112, 65, 212, 80, 98, 24, 15, 64, 20, 193, 79, 153, 36, 24, 4,
       96, 28, 140, 73, 16, 242, 51, 189, 88, 87, 32, 248, 190, 248, 254,
       255, 191, 253, 221, 205, 255, 253, 253, 253, 191, 254, 254, 253,
       255, 214, 62, 107, 239, 127, 239, 127, 239, 223, 243, 123, 255,
       123, 255, 255, 247, 229, 61, 255, 246, 247, 249, 247, 115, 223,
       239, 127, 223, 22, 253, 127, 221, 236, 94, 5, 252, 151, 156, 109,
       152, 246, 251, 191, 223, 95, 34, 255, 247, 54, 247, 17, 220, 134,
       139, 208, 234, 47, 129, 122, 207, 105, 146, 85, 246, 231, 47, 99,
       203, 39, 27, 124, 206, 218, 254, 111, 210, 13, 241, 111, 87, 173,
       94, 191, 82, 56, 101, 246, 80, 74, 8, 143, 209, 88, 217, 23, 153,
       172, 24, 1, 240, 29, 156, 73, 16, 242, 51, 189, 220, 87, 32, 251,
       86, 32, 17, 148, 16, 130, 10, 69, 2, 162, 1, 20, 81, 130, 147, 82,
       98, 196, 0, 97, 138, 161, 198, 10, 140, 128, 164, 77, 2, 40, 49,
       106, 113, 36, 52, 186, 0, 120, 1, 86, 128, 66, 4, 10, 162, 28,
       193, 15, 145, 44, 24, 5, 32, 24, 52, 73, 128, 114, 51, 184, 88, 6,
       34, 243, 124, 253, 255, 254, 54, 127, 253, 127, 253, 252, 253,
       253, 127, 254, 191, 254, 255, 223, 115, 107, 247, 125, 215, 247,
       253, 239, 247, 255, 123, 215, 246, 235, 223, 38, 119, 190, 223,
       120, 249, 125, 122, 93, 255, 47, 245, 53, 247, 111, 157, 172, 153,
       79, 240, 29, 156, 77, 16, 242, 115, 191, 91, 95, 41, 250, 253, 62,
       247, 241, 254, 255, 235, 255, 253, 255, 218, 63, 223, 253, 251,
       239, 243, 253, 251, 110, 253, 223, 222, 189, 95, 110, 190, 183,
       252, 215, 127, 255, 107, 107, 255, 255, 213, 255, 253, 125, 220,
       117, 218, 190, 79, 227, 75, 241, 172, 61, 254, 185, 211, 255, 143,
       93, 236, 252, 107, 223, 239, 142, 45, 182, 172, 170, 247, 233, 27,
       253, 225, 253, 189, 253, 238, 189, 81, 188, 251, 239, 235, 252,
       235, 107, 253, 155, 254, 184, 117, 125, 21, 163, 125, 199, 63,
       255, 221, 2, 119, 250, 21, 243, 237, 124, 121, 93, 126, 55, 127,
       247, 127, 224, 189, 172, 254, 53, 210, 31, 156, 76, 150, 232, 175,
       173, 219, 79, 33, 250, 186, 221, 218, 254, 162, 156, 220, 3, 107,
       67, 13, 202, 190, 103, 100, 28, 255, 147, 52, 239, 6, 124, 211,
       99, 251, 215, 243, 127, 103, 178, 246, 33, 150, 246, 121, 222,
       195, 77, 250, 115, 37, 251, 189, 105, 191, 28, 253, 63, 209, 147,
       16, 215, 236, 5, 190, 237, 25, 215, 112, 175, 113, 125, 153, 186,
       85, 34, 81, 52, 80, 162, 34, 108, 64, 160, 194, 53, 224, 7, 129,
       82, 98, 9, 155, 68, 169, 41, 203, 151, 140, 72, 232, 141, 66, 12,
       161, 206, 95, 7, 117, 187, 1, 184, 5, 86, 44, 64, 24, 162, 103, 9,
       3, 111, 24, 36, 41, 32, 113, 124, 60, 195, 64, 238, 19, 225, 8,
       70, 49, 102, 124, 234, 239, 249, 250, 255, 235, 245, 253, 255,
       250, 191, 221, 253, 251, 238, 243, 221, 219, 110, 253, 245, 206,
       184, 95, 238, 190, 183, 253, 215, 63, 251, 243, 103, 87, 187, 86,
       119, 253, 124, 254, 92, 88, 62, 85, 167, 195, 119, 157, 173, 28,
       5, 242, 29, 157, 77, 144, 244, 59, 189, 94, 86, 34, 240, 125, 58,
       255, 253, 62, 253, 249, 254, 253, 252, 214, 181, 125, 191, 251,
       230, 251, 220, 235, 107, 253, 115, 198, 183, 93, 249, 180, 191,
       127, 223, 127, 255, 247, 36, 117, 186, 86, 122, 249, 124, 252, 93,
       123, 46, 213, 167, 209, 111, 153, 172, 29, 5, 240, 29, 157, 77,
       16, 242, 59, 189, 91, 87, 32, 254, 207, 204, 154, 233, 233, 250,
       246, 192, 57, 241, 46, 206, 150, 181, 110, 185, 205, 221, 189, 47,
       142, 221, 238, 121, 103, 215, 25, 119, 255, 99, 19, 119, 151, 211,
       241, 65, 115, 221, 254, 178, 115, 61, 106, 117, 189, 30, 125, 177,
       221, 217, 62, 53, 221, 231, 184, 238, 81, 220, 176, 47, 209, 93,
       21, 254, 204, 200, 206, 217, 234, 215, 254, 165, 57, 227, 45, 206,
       154, 247, 255, 232, 137, 155, 56, 239, 143, 221, 110, 249, 123,
       87, 31, 126, 197, 143, 182, 54, 247, 211, 77, 75, 83, 221, 254,
       58, 50, 60, 232, 125, 191, 30, 127, 179, 223, 200, 62, 247, 213,
       111, 144, 254, 209, 221, 56, 45, 85, 121, 83, 238, 124, 35, 227,
