%YAML:1.0
descriptors: !!opencv-matrix
   rows: 96
   cols: 64
   dt: u
   data: [ 59, 254, 237, 255, 63, 253, 221, 57, 255, 255, 221, 249, 255,
       125, 124, 93, 189, 247, 98, 251, 245, 119, 211, 255, 253, 255,
       247, 255, 126, 255, 247, 239, 223, 124, 215, 190, 222, 121, 248,
       127, 124, 93, 123, 47, 245, 53, 247, 111, 185, 174, 152, 15, 242,
       29, 156, 93, 56, 243, 115, 191, 251, 223, 40, 254, 255, 254, 255,
       239, 255, 253, 223, 216, 255, 255, 252, 251, 255, 123, 254, 253,
       251, 215, 63, 123, 237, 87, 175, 124, 239, 223, 127, 63, 223, 95,
       247, 255, 215, 237, 93, 255, 118, 125, 237, 119, 115, 94, 106, 63,
       213, 28, 253, 53, 157, 189, 24, 5, 248, 191, 156, 105, 80, 246,
       51, 189, 222, 95, 48, 190, 60, 183, 253, 252, 62, 253, 253, 113,
       125, 222, 220, 221, 221, 125, 189, 77, 255, 254, 225, 235, 245,
       124, 211, 243, 249, 127, 227, 246, 124, 215, 245, 235, 223, 112,
       215, 176, 255, 120, 248, 125, 124, 93, 251, 47, 245, 53, 247, 111,
       187, 174, 152, 79, 242, 29, 156, 93, 63, 243, 119, 191, 219, 255,
       45, 250, 60, 253, 255, 252, 54, 253, 253, 127, 253, 254, 221, 253,
       127, 124, 189, 206, 255, 252, 227, 123, 247, 127, 210, 247, 253,
       127, 247, 254, 125, 215, 255, 235, 207, 122, 199, 190, 223, 120,
       249, 125, 124, 253, 255, 175, 245, 245, 247, 111, 187, 174, 137,
       79, 242, 29, 220, 93, 63, 243, 127, 255, 251, 255, 237, 222, 250,
       249, 255, 255, 247, 103, 223, 255, 255, 253, 253, 251, 255, 254,
       247, 254, 255, 215, 126, 127, 63, 223, 247, 63, 191, 255, 255, 63,
       255, 251, 246, 191, 247, 111, 63, 223, 210, 125, 255, 255, 123,
       223, 253, 127, 255, 31, 253, 183, 205, 191, 86, 245, 251, 255,
       180, 239, 216, 252, 121, 127, 253, 125, 147, 190, 118, 97, 89,
       158, 18, 14, 85, 10, 198, 68, 61, 48, 61, 238, 244, 118, 242, 214,
       4, 36, 7, 188, 129, 39, 78, 150, 167, 13, 18, 170, 28, 41, 146,
       38, 20, 154, 66, 112, 67, 220, 34, 219, 28, 73, 148, 30, 228, 14,
       193, 165, 18, 4, 40, 24, 166, 75, 16, 114, 56, 57, 88, 20, 32,
       184, 59, 254, 125, 255, 63, 253, 221, 56, 255, 255, 253, 249, 253,
       127, 252, 221, 255, 247, 106, 251, 245, 126, 219, 127, 245, 255,
       247, 255, 127, 255, 255, 239, 223, 236, 223, 182, 255, 249, 249,
       127, 124, 223, 235, 237, 245, 241, 247, 111, 187, 255, 152, 79,
       254, 149, 222, 93, 62, 247, 255, 191, 251, 251, 236, 222, 59, 191,
       255, 254, 63, 253, 253, 127, 255, 254, 213, 249, 127, 127, 188,
       223, 255, 246, 226, 123, 246, 127, 211, 255, 253, 255, 247, 255,
       127, 251, 247, 235, 207, 126, 199, 190, 255, 120, 250, 125, 124,
       253, 255, 237, 247, 241, 245, 111, 187, 190, 153, 79, 242, 29,
       222, 93, 61, 243, 247, 255, 251, 255, 237, 254, 86, 177, 251, 220,
       50, 214, 94, 103, 67, 135, 85, 216, 215, 162, 150, 90, 191, 199,
       50, 111, 143, 61, 226, 67, 141, 215, 183, 127, 67, 172, 214, 40,
       215, 20, 53, 175, 202, 120, 250, 117, 112, 200, 177, 105, 183, 28,
       245, 110, 155, 174, 57, 71, 240, 25, 60, 79, 80, 243, 51, 251,
       121, 119, 97, 250, 122, 255, 254, 218, 118, 127, 221, 55, 255,
       214, 221, 248, 127, 254, 127, 223, 253, 243, 123, 255, 245, 87,
       83, 247, 251, 127, 253, 254, 127, 214, 254, 226, 207, 44, 199,
       190, 219, 120, 249, 124, 120, 93, 116, 47, 213, 117, 247, 111,
       191, 172, 152, 13, 242, 29, 216, 89, 48, 247, 115, 189, 123, 219,
       104, 250, 212, 185, 211, 247, 93, 98, 229, 254, 214, 184, 80, 241,
       35, 194, 131, 90, 107, 213, 177, 103, 198, 45, 238, 59, 14, 203,
       178, 15, 83, 9, 48, 127, 247, 39, 52, 187, 118, 116, 103, 244, 81,
       78, 186, 78, 201, 20, 209, 207, 217, 172, 90, 149, 240, 30, 156,
       73, 144, 242, 35, 191, 88, 87, 35, 251, 237, 127, 127, 253, 248,
       253, 255, 249, 189, 255, 234, 63, 205, 125, 251, 229, 147, 253,
       219, 110, 124, 249, 150, 184, 95, 238, 183, 177, 253, 86, 127,
       187, 123, 66, 223, 251, 213, 247, 249, 253, 254, 124, 219, 182,
       246, 163, 207, 87, 156, 189, 60, 61, 211, 191, 159, 93, 156, 252,
       123, 143, 222, 222, 43, 176, 249, 254, 254, 239, 255, 249, 243,
       188, 253, 253, 254, 255, 255, 127, 235, 252, 255, 255, 255, 251,
       253, 123, 175, 252, 235, 127, 121, 183, 255, 87, 255, 255, 253,
       237, 93, 117, 127, 243, 253, 253, 255, 93, 251, 62, 221, 167, 255,
       113, 173, 255, 95, 173, 252, 175, 157, 237, 118, 244, 175, 191,
       222, 223, 164, 222, 115, 221, 158, 218, 71, 223, 215, 14, 255, 68,
       63, 204, 63, 126, 124, 252, 255, 215, 56, 39, 198, 47, 225, 103,
       107, 199, 105, 12, 87, 26, 90, 105, 215, 39, 85, 155, 82, 90, 239,
       116, 242, 221, 56, 47, 213, 30, 245, 110, 149, 172, 26, 5, 240,
       61, 157, 203, 80, 246, 50, 189, 88, 85, 50, 250, 255, 180, 250,
       163, 223, 178, 219, 140, 254, 123, 144, 123, 175, 74, 162, 93,
       250, 183, 187, 19, 233, 7, 251, 125, 54, 218, 122, 47, 222, 121,
       99, 239, 199, 237, 158, 183, 118, 253, 109, 126, 81, 76, 106, 201,
       209, 81, 249, 83, 253, 252, 24, 5, 244, 180, 220, 99, 16, 246,
       183, 157, 154, 223, 56, 255, 124, 62, 247, 253, 250, 239, 167,
       245, 253, 253, 218, 61, 221, 253, 251, 238, 251, 221, 251, 106,
       253, 205, 223, 189, 223, 109, 62, 191, 237, 223, 255, 239, 93,
       103, 101, 255, 212, 247, 253, 94, 61, 85, 253, 182, 111, 175, 127,
       177, 157, 100, 255, 189, 243, 255, 148, 77, 232, 252, 105, 237,
       223, 15, 41, 246, 74, 4, 168, 152, 139, 197, 14, 109, 132, 98, 19,
       4, 145, 204, 59, 6, 137, 28, 3, 64, 216, 179, 210, 0, 92, 217,
       148, 36, 80, 144, 51, 74, 197, 44, 65, 168, 82, 96, 232, 96, 48,
       92, 52, 47, 85, 20, 165, 107, 25, 172, 24, 5, 242, 29, 156, 1, 16,
       226, 51, 189, 72, 87, 32, 242, 255, 252, 255, 239, 255, 191, 223,
       137, 255, 255, 245, 251, 255, 106, 255, 221, 242, 247, 126, 51,
       253, 87, 155, 124, 255, 255, 255, 127, 255, 251, 255, 255, 231,
       237, 159, 223, 254, 253, 253, 127, 251, 223, 111, 121, 223, 95,
       216, 53, 237, 255, 154, 173, 254, 183, 189, 247, 120, 254, 254,
       191, 255, 223, 58, 191, 109, 182, 245, 161, 223, 191, 35, 88, 172,
       103, 128, 126, 223, 127, 180, 69, 226, 245, 27, 96, 233, 71, 154,
       121, 70, 232, 40, 63, 254, 9, 121, 111, 215, 229, 94, 155, 66,
       251, 53, 214, 214, 66, 72, 14, 81, 14, 233, 147, 156, 36, 24, 36,
       99, 189, 159, 77, 24, 254, 51, 156, 216, 86, 34, 249, 251, 213,
       120, 118, 63, 162, 127, 8, 247, 171, 245, 251, 175, 74, 164, 95,
       126, 183, 247, 211, 247, 127, 211, 127, 181, 255, 243, 255, 122,
       243, 229, 238, 143, 174, 166, 180, 183, 137, 250, 125, 104, 207,
       247, 233, 243, 113, 183, 111, 254, 254, 153, 75, 254, 180, 248,
       245, 59, 183, 247, 251, 187, 251, 189, 79, 203, 4, 137, 48, 143,
       208, 31, 12, 128, 43, 145, 72, 154, 200, 38, 3, 137, 84, 33, 113,
       200, 179, 226, 57, 12, 223, 177, 47, 82, 32, 51, 73, 215, 44, 21,
       186, 74, 104, 233, 114, 112, 72, 60, 41, 213, 20, 245, 111, 25,
       172, 24, 5, 224, 29, 156, 9, 16, 242, 51, 189, 88, 87, 32, 250,
       223, 254, 255, 233, 252, 254, 255, 208, 59, 255, 235, 222, 207,
       93, 251, 249, 253, 255, 191, 107, 238, 85, 174, 121, 239, 223,
       127, 127, 223, 111, 247, 127, 247, 211, 221, 79, 114, 253, 253,
       119, 113, 92, 106, 125, 255, 158, 252, 177, 207, 221, 20, 181,
       253, 231, 140, 235, 208, 220, 176, 175, 212, 221, 17, 182, 14, 65,
       41, 168, 3, 73, 41, 79, 149, 202, 248, 148, 81, 12, 252, 230, 137,
       28, 7, 65, 0, 178, 228, 34, 77, 149, 131, 1, 83, 202, 60, 217, 96,
       4, 61, 234, 34, 106, 1, 144, 50, 226, 52, 41, 22, 22, 100, 104,
       27, 40, 114, 4, 74, 29, 164, 24, 144, 160, 41, 248, 13, 22, 34,
       179, 41, 142, 237, 172, 34, 253, 53, 117, 189, 252, 78, 143, 221,
       61, 127, 230, 157, 252, 235, 105, 252, 211, 210, 240, 89, 125,
       157, 178, 125, 211, 127, 235, 221, 96, 83, 56, 215, 123, 248, 104,
