%YAML:1.0
descriptors: !!opencv-matrix
   rows: 167
   cols: 64
   dt: u
   data: [ 239, 238, 239, 175, 255, 255, 191, 255, 253, 255, 254, 255,
       255, 191, 255, 239, 139, 253, 255, 109, 253, 215, 255, 125, 127,
       253, 157, 183, 255, 255, 127, 255, 213, 229, 255, 251, 247, 253,
       253, 61, 127, 221, 123, 191, 255, 151, 254, 249, 255, 189, 191,
       189, 219, 191, 190, 60, 126, 238, 63, 252, 223, 223, 60, 254, 61,
       246, 125, 169, 62, 125, 181, 249, 253, 254, 254, 245, 125, 63,
       249, 228, 251, 220, 195, 104, 241, 114, 140, 124, 125, 189, 165,
       155, 127, 95, 123, 255, 245, 100, 85, 186, 86, 114, 169, 124, 254,
       92, 90, 62, 212, 167, 246, 109, 153, 173, 28, 5, 248, 29, 159, 77,
       16, 242, 59, 188, 90, 87, 34, 248, 125, 53, 255, 246, 87, 167,
       127, 127, 246, 68, 197, 177, 239, 235, 180, 95, 251, 247, 115,
       103, 247, 47, 211, 119, 222, 255, 247, 237, 82, 28, 240, 233, 199,
       38, 87, 190, 82, 120, 249, 124, 120, 92, 56, 175, 213, 17, 245,
       111, 153, 172, 24, 5, 240, 29, 156, 73, 16, 242, 115, 191, 88, 87,
       33, 250, 125, 253, 255, 253, 115, 255, 255, 255, 255, 253, 253,
       187, 255, 255, 255, 222, 251, 255, 251, 111, 255, 111, 211, 247,
       223, 255, 247, 255, 123, 223, 246, 235, 223, 39, 117, 191, 214,
       121, 253, 124, 120, 93, 185, 111, 253, 61, 247, 111, 157, 172,
       153, 205, 240, 61, 156, 77, 112, 254, 115, 191, 91, 87, 161, 250,
       248, 139, 239, 253, 34, 255, 249, 247, 157, 253, 222, 157, 95,
       244, 123, 238, 157, 221, 251, 111, 254, 253, 238, 187, 127, 111,
       150, 182, 109, 215, 62, 239, 255, 83, 99, 105, 215, 255, 254, 57,
       248, 61, 247, 118, 255, 167, 119, 235, 191, 136, 239, 255, 211,
       125, 157, 92, 119, 206, 127, 239, 243, 191, 203, 254, 191, 245,
       125, 188, 55, 61, 89, 123, 247, 84, 253, 241, 125, 123, 244, 117,
       242, 244, 71, 97, 117, 34, 176, 118, 221, 175, 229, 25, 123, 222,
       124, 169, 214, 44, 86, 190, 210, 120, 201, 253, 218, 223, 56, 15,
       208, 54, 245, 110, 153, 172, 24, 13, 240, 29, 157, 73, 16, 242,
       51, 189, 88, 86, 34, 249, 254, 254, 255, 239, 255, 253, 251, 253,
       223, 255, 222, 255, 253, 126, 251, 252, 255, 215, 251, 123, 253,
       123, 223, 124, 253, 255, 251, 255, 255, 255, 255, 255, 239, 237,
       95, 255, 255, 251, 253, 127, 251, 93, 231, 62, 247, 143, 251, 55,
       191, 255, 159, 175, 254, 183, 157, 125, 84, 254, 255, 255, 255,
       159, 58, 254, 123, 180, 245, 182, 127, 166, 127, 92, 246, 253,
       213, 249, 237, 75, 180, 87, 251, 247, 51, 115, 233, 47, 211, 127,
       204, 251, 246, 191, 82, 57, 245, 239, 215, 173, 52, 191, 211, 120,
       225, 119, 120, 78, 123, 175, 215, 17, 253, 111, 153, 166, 24, 5,
       240, 28, 156, 73, 16, 242, 51, 157, 248, 87, 32, 254, 60, 54, 253,
       255, 62, 245, 57, 125, 245, 254, 210, 53, 125, 191, 185, 246, 251,
       220, 195, 106, 253, 114, 207, 191, 221, 168, 228, 155, 122, 221,
       253, 239, 125, 44, 85, 190, 223, 250, 225, 119, 252, 93, 123, 46,
       214, 167, 195, 111, 187, 172, 28, 5, 242, 29, 157, 77, 20, 242,
       187, 189, 251, 86, 32, 246, 126, 177, 253, 190, 55, 255, 91, 127,
       215, 238, 221, 180, 125, 46, 191, 254, 251, 214, 67, 115, 229,
       115, 199, 55, 205, 203, 228, 29, 83, 121, 117, 235, 215, 44, 85,
       190, 218, 120, 233, 117, 122, 221, 61, 47, 213, 21, 229, 111, 155,
       172, 26, 5, 240, 29, 156, 73, 16, 242, 59, 189, 89, 87, 34, 250,
       60, 48, 125, 172, 54, 127, 187, 127, 213, 220, 222, 181, 125, 62,
       185, 246, 251, 212, 67, 96, 245, 115, 196, 247, 221, 168, 164,
       157, 122, 222, 125, 235, 213, 44, 85, 190, 86, 122, 201, 124, 248,
       93, 61, 46, 212, 183, 229, 110, 155, 172, 153, 5, 242, 29, 156,
       73, 16, 242, 59, 188, 91, 87, 32, 250, 60, 255, 255, 253, 62, 127,
       253, 255, 253, 252, 254, 249, 127, 127, 255, 222, 251, 252, 107,
       107, 245, 127, 214, 255, 253, 255, 247, 255, 127, 223, 255, 239,
       223, 108, 87, 190, 222, 122, 249, 125, 254, 95, 251, 63, 213, 183,
       247, 111, 185, 172, 157, 13, 242, 29, 157, 93, 60, 246, 115, 191,
       251, 223, 46, 254, 60, 54, 117, 164, 18, 37, 37, 127, 228, 68,
       198, 53, 125, 63, 176, 69, 250, 244, 67, 96, 241, 34, 209, 246,
       92, 168, 164, 137, 114, 156, 113, 233, 221, 36, 87, 186, 82, 120,
       137, 124, 124, 92, 24, 47, 212, 53, 245, 79, 153, 172, 24, 5, 240,
       29, 156, 73, 16, 242, 51, 188, 88, 87, 32, 250, 62, 49, 125, 164,
       54, 45, 57, 127, 198, 70, 215, 52, 125, 46, 144, 86, 250, 212, 3,
       97, 193, 32, 192, 118, 204, 152, 164, 9, 82, 12, 113, 105, 214,
       36, 85, 186, 82, 120, 201, 116, 112, 92, 56, 47, 212, 20, 229,
       110, 153, 172, 24, 5, 240, 29, 156, 73, 16, 242, 51, 189, 88, 87,
       32, 250, 63, 49, 125, 160, 55, 53, 57, 126, 212, 222, 211, 48,
       125, 10, 144, 86, 250, 212, 3, 97, 225, 32, 193, 118, 76, 152,
       160, 137, 82, 12, 113, 233, 212, 36, 85, 186, 82, 120, 137, 116,
       112, 92, 56, 47, 208, 21, 240, 110, 153, 172, 24, 5, 240, 29, 156,
       73, 16, 242, 51, 188, 88, 87, 32, 250, 61, 55, 117, 166, 18, 37,
       41, 127, 228, 68, 211, 53, 125, 47, 176, 86, 250, 244, 67, 96,
       241, 34, 209, 118, 92, 184, 164, 137, 82, 156, 113, 233, 212, 36,
       85, 186, 82, 120, 137, 124, 120, 92, 56, 47, 212, 20, 244, 110,
       153, 172, 24, 5, 240, 29, 156, 73, 16, 242, 51, 188, 88, 87, 32,
       250, 62, 55, 101, 162, 22, 53, 5, 105, 230, 70, 209, 48, 125, 47,
       177, 86, 242, 244, 67, 96, 241, 34, 209, 118, 92, 168, 164, 9, 82,
       156, 113, 233, 215, 44, 87, 186, 90, 120, 129, 124, 112, 92, 56,
       47, 212, 20, 245, 79, 153, 172, 24, 5, 240, 29, 156, 73, 16, 242,
       51, 188, 88, 87, 32, 250, 61, 50, 117, 166, 54, 49, 177, 124, 244,
       28, 214, 49, 125, 58, 177, 80, 242, 212, 67, 96, 225, 32, 193,
       118, 12, 168, 164, 9, 82, 12, 113, 233, 212, 36, 85, 186, 82, 120,
       129, 116, 112, 92, 24, 15, 208, 4, 208, 78, 153, 172, 24, 5, 240,
       29, 156, 73, 16, 242, 51, 188, 88, 87, 32, 250, 60, 51, 253, 188,
       54, 245, 57, 127, 245, 254, 214, 181, 93, 63, 185, 70, 251, 220,
       67, 107, 245, 32, 192, 183, 77, 168, 164, 157, 88, 204, 53, 235,
       215, 36, 85, 186, 86, 122, 233, 116, 120, 92, 56, 46, 212, 181,
       231, 111, 153, 172, 24, 5, 240, 29, 156, 73, 16, 242, 51, 189, 88,
       87, 32, 250, 61, 50, 117, 166, 55, 49, 165, 120, 244, 28, 196,
       113, 125, 63, 177, 65, 226, 244, 3, 96, 225, 34, 193, 118, 76,
       168, 160, 9, 82, 12, 113, 233, 213, 36, 85, 186, 82, 120, 137,
       116, 112, 92, 24, 15, 212, 21, 212, 77, 153, 172, 24, 5, 240, 29,
       156, 73, 16, 242, 51, 188, 88, 87, 32, 250, 109, 39, 229, 176, 80,
       38, 33, 126, 192, 100, 192, 49, 97, 201, 144, 67, 234, 93, 3, 102,
       227, 45, 192, 51, 78, 138, 162, 141, 82, 12, 48, 201, 87, 38, 84,
       186, 16, 120, 65, 84, 88, 96, 24, 14, 65, 21, 195, 207, 25, 36,
       24, 4, 112, 28, 156, 73, 16, 242, 51, 157, 88, 86, 32, 250, 255,
       191, 255, 245, 255, 183, 251, 248, 252, 255, 208, 123, 239, 219,
       179, 93, 250, 253, 123, 118, 253, 127, 215, 127, 142, 250, 247,
       191, 222, 95, 119, 191, 223, 47, 223, 191, 255, 125, 253, 117,
       120, 76, 250, 30, 213, 113, 219, 119, 188, 188, 24, 5, 240, 189,
       156, 73, 20, 246, 119, 159, 222, 215, 32, 250, 39, 38, 113, 130,
       25, 132, 3, 73, 230, 70, 1, 52, 33, 11, 144, 85, 226, 212, 1, 96,
       193, 2, 129, 100, 76, 136, 172, 9, 18, 8, 49, 73, 80, 36, 84, 186,
       64, 112, 1, 84, 0, 64, 24, 138, 64, 16, 192, 76, 25, 44, 24, 0,
       112, 24, 156, 73, 16, 114, 51, 156, 88, 86, 32, 248, 55, 50, 81,
       130, 95, 2, 7, 74, 230, 0, 146, 48, 45, 11, 128, 81, 226, 213, 1,
       100, 193, 0, 128, 117, 78, 136, 168, 13, 82, 8, 49, 105, 84, 36,
       84, 186, 66, 112, 1, 84, 80, 80, 24, 15, 64, 20, 228, 76, 153, 36,
       24, 4, 112, 28, 156, 73, 16, 242, 51, 188, 88, 86, 32, 248, 51,
