%YAML:1.0
descriptors: !!opencv-matrix
   rows: 125
   cols: 64
   dt: u
   data: [ 63, 178, 125, 182, 63, 181, 191, 120, 246, 252, 214, 119, 253,
       127, 185, 85, 251, 215, 67, 99, 245, 35, 195, 126, 205, 254, 240,
       255, 90, 93, 241, 239, 215, 36, 85, 190, 82, 120, 233, 116, 120,
       92, 56, 47, 213, 21, 247, 111, 153, 172, 24, 5, 240, 29, 156, 73,
       16, 242, 51, 189, 88, 87, 32, 250, 60, 178, 125, 182, 62, 189,
       189, 112, 246, 254, 214, 117, 253, 127, 185, 80, 250, 212, 67, 99,
       245, 36, 195, 247, 205, 186, 164, 187, 90, 204, 241, 235, 215, 36,
       85, 190, 90, 120, 233, 124, 120, 92, 56, 47, 212, 52, 247, 111,
       153, 172, 24, 5, 240, 29, 156, 73, 16, 242, 51, 189, 88, 87, 32,
       250, 29, 49, 221, 182, 63, 177, 189, 122, 246, 186, 213, 113, 253,
       127, 160, 81, 246, 214, 65, 115, 229, 100, 193, 247, 204, 186,
       224, 219, 122, 72, 245, 235, 223, 36, 85, 190, 83, 120, 233, 116,
       112, 92, 56, 47, 212, 21, 245, 111, 153, 172, 24, 5, 240, 29, 156,
       73, 16, 242, 51, 189, 88, 87, 32, 250, 31, 53, 221, 54, 55, 177,
       28, 58, 242, 186, 209, 241, 124, 99, 160, 83, 230, 150, 3, 243,
       197, 38, 193, 247, 196, 154, 228, 203, 82, 12, 177, 104, 223, 44,
       69, 190, 91, 120, 233, 116, 120, 92, 56, 47, 212, 117, 247, 111,
       153, 172, 24, 5, 240, 29, 156, 73, 16, 242, 51, 189, 88, 87, 32,
       250, 63, 188, 253, 247, 63, 253, 255, 121, 254, 255, 222, 255,
       253, 126, 190, 117, 255, 223, 99, 99, 245, 55, 195, 127, 205, 255,
       245, 255, 90, 95, 247, 239, 215, 44, 85, 190, 83, 120, 233, 116,
       120, 92, 120, 47, 213, 53, 247, 111, 153, 172, 24, 5, 240, 29,
       156, 73, 16, 242, 51, 189, 88, 87, 32, 250, 188, 186, 255, 247,
       254, 247, 191, 252, 252, 255, 220, 255, 255, 127, 179, 125, 251,
       221, 99, 99, 245, 119, 207, 127, 205, 255, 245, 191, 122, 95, 119,
       239, 215, 36, 85, 190, 87, 120, 233, 116, 120, 92, 122, 47, 213,
       53, 247, 111, 153, 172, 24, 5, 240, 29, 156, 73, 16, 242, 51, 189,
       88, 87, 32, 250, 191, 186, 255, 247, 63, 253, 255, 248, 255, 255,
       255, 251, 255, 127, 251, 93, 251, 255, 99, 107, 245, 111, 195,
       127, 237, 255, 247, 255, 126, 95, 247, 255, 215, 44, 87, 190, 215,
       120, 249, 117, 120, 92, 123, 47, 213, 21, 247, 111, 153, 172, 24,
       5, 240, 29, 156, 73, 16, 242, 51, 189, 90, 87, 32, 250, 191, 255,
       253, 255, 63, 189, 253, 121, 255, 255, 253, 251, 255, 123, 252,
       95, 247, 255, 103, 123, 245, 127, 211, 119, 253, 255, 247, 255,
       126, 87, 247, 235, 215, 44, 87, 190, 223, 120, 249, 117, 122, 95,
       59, 47, 213, 53, 247, 111, 153, 172, 24, 5, 240, 29, 156, 73, 16,
       242, 115, 189, 90, 87, 40, 250, 60, 33, 241, 182, 16, 39, 33, 111,
       196, 100, 211, 49, 113, 34, 145, 70, 242, 212, 67, 96, 241, 33,
       193, 119, 28, 136, 164, 141, 82, 140, 49, 233, 199, 36, 85, 186,
       82, 120, 1, 84, 120, 80, 16, 15, 192, 21, 193, 79, 153, 172, 24,
       5, 240, 28, 156, 73, 16, 242, 51, 185, 88, 86, 32, 250, 60, 49,
       253, 190, 22, 39, 61, 127, 198, 68, 213, 48, 125, 170, 180, 86,
       242, 212, 67, 96, 241, 34, 193, 55, 220, 168, 228, 137, 82, 156,
       116, 233, 214, 36, 20, 190, 66, 120, 129, 124, 120, 219, 20, 15,
       208, 52, 229, 78, 153, 172, 24, 5, 112, 28, 156, 73, 16, 242, 51,
       185, 88, 86, 34, 251, 68, 34, 81, 130, 216, 154, 6, 0, 98, 98, 3,
       36, 128, 23, 128, 17, 98, 195, 0, 32, 201, 33, 10, 72, 64, 192,
       168, 47, 2, 9, 1, 71, 213, 164, 85, 186, 64, 216, 165, 86, 32, 80,
       8, 15, 213, 12, 228, 11, 144, 236, 24, 5, 180, 25, 156, 75, 16,
       114, 146, 180, 88, 87, 32, 248, 205, 41, 179, 116, 96, 38, 125,
       230, 129, 133, 65, 147, 211, 224, 146, 10, 170, 77, 187, 111, 46,
       173, 226, 147, 15, 202, 150, 149, 64, 32, 54, 137, 82, 55, 52,
       251, 1, 124, 214, 213, 89, 106, 185, 98, 235, 28, 75, 238, 77,
       160, 120, 247, 81, 126, 60, 142, 81, 254, 113, 251, 77, 100, 145,
       251, 71, 39, 64, 32, 217, 130, 6, 66, 32, 2, 168, 32, 192, 193,
       128, 1, 194, 97, 29, 68, 75, 5, 8, 1, 70, 200, 8, 13, 146, 12, 32,
       1, 80, 39, 84, 155, 0, 48, 5, 214, 0, 66, 24, 9, 65, 24, 196, 134,
       0, 36, 16, 4, 97, 120, 132, 11, 80, 44, 33, 180, 72, 70, 48, 32,
       141, 142, 103, 105, 184, 125, 161, 252, 185, 220, 202, 77, 73, 61,
       203, 165, 139, 108, 235, 104, 244, 64, 62, 248, 103, 125, 25, 162,
       253, 71, 43, 215, 93, 194, 251, 96, 117, 178, 237, 36, 253, 52,
       122, 182, 77, 227, 126, 241, 168, 93, 110, 56, 215, 231, 143, 12,
       166, 204, 143, 164, 198, 207, 36, 86, 178, 221, 136, 222, 38, 15,
       92, 3, 39, 68, 61, 202, 30, 248, 116, 62, 181, 178, 100, 247, 22,
       188, 241, 35, 249, 87, 247, 120, 99, 178, 214, 33, 130, 60, 34,
       222, 202, 72, 242, 233, 114, 187, 181, 105, 180, 28, 245, 110,
       145, 162, 131, 79, 104, 25, 178, 81, 57, 243, 112, 63, 113, 112,
       136, 235, 13, 7, 132, 96, 1, 241, 160, 118, 48, 152, 194, 69, 64,
       85, 9, 1, 9, 104, 193, 194, 245, 32, 94, 211, 64, 40, 0, 128, 124,
       4, 33, 194, 223, 2, 209, 160, 85, 24, 73, 32, 124, 52, 26, 166,
       84, 225, 19, 106, 56, 44, 8, 1, 240, 29, 216, 8, 23, 194, 7, 165,
       66, 115, 37, 90, 53, 54, 117, 130, 189, 176, 131, 88, 102, 124,
       130, 117, 173, 59, 128, 85, 226, 244, 1, 96, 225, 96, 153, 112,
       68, 168, 232, 11, 254, 8, 97, 107, 213, 36, 84, 186, 82, 112, 169,
       116, 84, 84, 26, 142, 192, 0, 208, 77, 152, 172, 24, 5, 240, 29,
       156, 73, 16, 242, 51, 156, 88, 87, 32, 248, 239, 238, 104, 169,
       223, 254, 166, 197, 109, 69, 238, 190, 252, 62, 239, 253, 203,
       185, 59, 244, 41, 211, 31, 116, 117, 221, 25, 173, 247, 158, 187,
       147, 133, 237, 71, 219, 75, 113, 173, 62, 45, 85, 124, 177, 85,
       223, 126, 180, 157, 237, 135, 44, 211, 247, 226, 121, 120, 236,
       41, 180, 89, 203, 60, 74, 230, 233, 105, 218, 210, 95, 87, 75,
       239, 71, 61, 250, 187, 254, 252, 238, 203, 85, 60, 39, 15, 253,
       144, 98, 127, 215, 27, 45, 179, 154, 30, 57, 146, 71, 215, 203,
       66, 125, 255, 30, 50, 251, 172, 121, 21, 28, 117, 182, 215, 173,
       146, 196, 11, 113, 230, 190, 88, 108, 104, 63, 93, 253, 249, 186,
       56, 138, 255, 143, 34, 221, 145, 253, 255, 220, 86, 157, 125, 60,
       251, 230, 255, 212, 67, 41, 212, 82, 198, 52, 93, 169, 180, 24,
       127, 218, 95, 235, 245, 100, 87, 186, 86, 122, 201, 124, 244, 93,
       60, 46, 212, 150, 241, 108, 153, 172, 159, 13, 242, 29, 157, 77,
       16, 242, 59, 188, 91, 95, 34, 250, 59, 178, 125, 167, 191, 181,
       153, 56, 246, 254, 214, 117, 237, 59, 153, 117, 246, 214, 67, 112,
       240, 114, 133, 124, 172, 168, 228, 219, 126, 91, 245, 255, 253,
       108, 213, 190, 222, 114, 169, 117, 248, 92, 91, 14, 208, 165, 208,
       77, 155, 172, 24, 5, 240, 29, 156, 73, 16, 242, 51, 156, 90, 87,
       36, 253, 51, 20, 125, 138, 31, 156, 7, 9, 230, 102, 19, 52, 61,
       47, 61, 85, 246, 246, 1, 240, 192, 98, 209, 116, 220, 144, 228,
       73, 82, 152, 249, 105, 213, 44, 87, 190, 90, 120, 169, 124, 112,
       92, 24, 141, 212, 20, 244, 77, 153, 172, 24, 5, 240, 29, 156, 73,
       16, 242, 51, 188, 88, 87, 40, 250, 108, 41, 255, 152, 16, 95, 33,
       103, 133, 196, 15, 180, 81, 182, 187, 230, 139, 84, 65, 108, 23,
       145, 196, 35, 93, 193, 132, 13, 0, 136, 26, 9, 196, 4, 103, 186,
       0, 122, 201, 92, 48, 17, 52, 38, 52, 148, 101, 110, 155, 172, 185,
       13, 178, 29, 148, 88, 16, 98, 43, 249, 73, 70, 32, 250, 224, 1,
       145, 150, 1, 5, 1, 175, 198, 68, 15, 6, 49, 174, 178, 102, 230,
       214, 0, 100, 8, 130, 161, 36, 74, 128, 184, 8, 146, 136, 26, 41,
       240, 36, 116, 186, 2, 82, 129, 212, 144, 80, 20, 14, 136, 30, 192,
       12, 129, 36, 80, 5, 48, 26, 149, 73, 16, 112, 49, 60, 88, 4, 32,
       248, 58, 178, 125, 206, 62, 221, 157, 53, 255, 92, 23, 117, 189,
       127, 249, 212, 255, 246, 66, 168, 245, 114, 211, 118, 221, 189,
