%YAML:1.0
descriptors: !!opencv-matrix
   rows: 132
   cols: 64
   dt: u
   data: [ 61, 254, 125, 239, 190, 253, 255, 121, 255, 253, 222, 255,
       253, 127, 252, 221, 255, 255, 251, 123, 245, 119, 219, 255, 253,
       255, 245, 255, 126, 223, 255, 239, 223, 236, 223, 190, 255, 249,
       249, 127, 125, 93, 251, 175, 213, 241, 247, 111, 191, 255, 153,
       15, 244, 157, 158, 93, 62, 246, 247, 191, 251, 223, 44, 254, 254,
       169, 187, 254, 35, 95, 120, 239, 215, 249, 213, 251, 115, 210,
       182, 94, 251, 147, 121, 95, 215, 173, 227, 87, 223, 219, 243, 175,
       67, 216, 54, 234, 207, 38, 101, 186, 211, 120, 233, 124, 112, 93,
       177, 47, 221, 21, 181, 111, 153, 172, 24, 5, 240, 29, 156, 65, 16,
       242, 115, 189, 89, 87, 32, 250, 252, 253, 255, 255, 118, 127, 253,
       255, 223, 253, 127, 255, 95, 254, 255, 254, 251, 223, 123, 111,
       63, 189, 230, 183, 255, 239, 247, 255, 127, 219, 254, 255, 231,
       47, 117, 255, 223, 127, 251, 253, 122, 221, 249, 126, 255, 190,
       245, 110, 159, 172, 223, 207, 248, 31, 157, 77, 208, 246, 123,
       255, 127, 95, 43, 254, 167, 55, 208, 22, 153, 128, 129, 74, 162,
       1, 0, 115, 162, 75, 128, 85, 106, 213, 37, 99, 195, 47, 203, 103,
       70, 154, 51, 47, 18, 8, 33, 77, 215, 38, 52, 154, 0, 120, 99, 84,
       65, 64, 56, 75, 201, 16, 217, 207, 24, 164, 24, 4, 112, 24, 156,
       73, 16, 178, 51, 157, 88, 87, 33, 251, 61, 253, 255, 253, 62, 253,
       249, 127, 253, 253, 215, 253, 255, 125, 252, 220, 255, 252, 227,
       123, 247, 127, 211, 255, 253, 255, 247, 255, 127, 247, 255, 239,
       223, 126, 215, 190, 255, 249, 249, 125, 124, 253, 251, 111, 245,
       181, 247, 111, 187, 174, 153, 79, 240, 29, 158, 93, 63, 243, 255,
       191, 251, 255, 173, 254, 109, 118, 117, 168, 221, 173, 39, 88,
       172, 100, 168, 63, 237, 127, 252, 101, 226, 245, 3, 96, 233, 130,
       152, 124, 70, 168, 40, 15, 250, 8, 121, 207, 241, 101, 86, 186,
       64, 242, 37, 214, 151, 82, 88, 15, 64, 222, 236, 129, 136, 37, 80,
       4, 98, 190, 143, 9, 24, 180, 35, 188, 216, 70, 38, 177, 7, 35, 65,
       146, 221, 130, 3, 72, 226, 64, 0, 112, 33, 75, 128, 81, 98, 213,
       5, 98, 194, 40, 136, 98, 76, 138, 34, 13, 146, 8, 33, 105, 86, 38,
       84, 154, 66, 112, 5, 212, 64, 66, 24, 15, 64, 16, 193, 71, 153,
       36, 16, 4, 112, 24, 140, 73, 16, 114, 35, 189, 88, 87, 32, 249,
       187, 221, 194, 127, 255, 66, 213, 142, 255, 165, 189, 251, 191,
       254, 166, 253, 251, 183, 53, 211, 231, 175, 255, 119, 103, 223,
       243, 43, 211, 27, 243, 111, 151, 175, 117, 254, 82, 121, 251, 126,
       115, 94, 56, 111, 221, 81, 253, 239, 217, 172, 88, 5, 240, 31,
       156, 65, 16, 242, 51, 191, 88, 87, 160, 250, 178, 48, 208, 166,
       223, 160, 14, 9, 66, 43, 209, 114, 174, 66, 0, 81, 116, 199, 37,
       209, 193, 37, 131, 77, 134, 154, 241, 239, 210, 60, 225, 230, 71,
       172, 156, 190, 107, 56, 33, 87, 72, 64, 23, 137, 193, 21, 183, 79,
       154, 238, 24, 3, 228, 24, 92, 73, 8, 179, 147, 145, 24, 83, 96,
       110, 255, 223, 126, 127, 255, 63, 127, 153, 63, 255, 253, 251,
       174, 255, 102, 127, 181, 255, 126, 255, 255, 255, 179, 126, 247,
       127, 243, 255, 255, 119, 247, 243, 219, 125, 214, 247, 243, 121,
       250, 253, 126, 255, 251, 255, 245, 121, 247, 111, 189, 239, 24,
       79, 249, 253, 222, 223, 123, 255, 247, 191, 254, 243, 189, 250,
       250, 217, 222, 254, 119, 107, 85, 174, 223, 220, 124, 253, 63,
       254, 126, 254, 255, 214, 61, 127, 102, 191, 165, 55, 111, 223,
       243, 29, 255, 91, 254, 253, 210, 39, 53, 255, 119, 119, 255, 244,
       115, 255, 255, 127, 223, 159, 125, 238, 205, 165, 87, 212, 232,
       63, 134, 205, 209, 244, 105, 251, 93, 44, 147, 191, 63, 157, 252,
       254, 55, 189, 253, 59, 63, 252, 215, 249, 189, 122, 188, 95, 255,
       255, 97, 251, 247, 127, 211, 115, 125, 255, 243, 127, 126, 255,
       245, 235, 223, 118, 215, 186, 247, 120, 251, 125, 112, 125, 255,
       111, 245, 21, 247, 111, 153, 174, 152, 13, 242, 29, 156, 93, 51,
       243, 119, 191, 91, 255, 173, 250, 147, 213, 210, 118, 29, 0, 85,
       10, 18, 41, 52, 251, 166, 203, 134, 25, 107, 215, 37, 19, 198,
       174, 233, 111, 110, 223, 115, 43, 211, 9, 34, 111, 215, 167, 52,
       250, 114, 125, 115, 246, 115, 234, 168, 107, 217, 16, 125, 207,
       193, 164, 88, 4, 236, 26, 156, 73, 17, 240, 51, 159, 88, 117, 161,
       251, 191, 254, 125, 239, 191, 189, 255, 120, 255, 255, 253, 251,
       239, 123, 252, 93, 255, 247, 127, 251, 245, 118, 155, 124, 245,
       255, 247, 255, 127, 127, 247, 255, 223, 236, 223, 190, 255, 249,
       249, 127, 127, 223, 123, 191, 245, 241, 255, 127, 185, 255, 152,
       15, 252, 181, 223, 93, 62, 247, 247, 191, 251, 223, 44, 254, 252,
       235, 239, 249, 250, 127, 251, 247, 253, 255, 254, 157, 95, 244,
       251, 238, 251, 221, 251, 110, 253, 249, 254, 190, 95, 111, 190,
       182, 237, 215, 63, 255, 255, 35, 71, 251, 87, 119, 253, 124, 250,
       93, 250, 62, 213, 167, 211, 255, 191, 173, 222, 133, 243, 125,
       157, 93, 212, 252, 107, 189, 95, 95, 42, 246, 238, 250, 235, 159,
       254, 247, 159, 249, 204, 255, 249, 250, 235, 202, 243, 109, 235,
       213, 63, 103, 205, 165, 207, 125, 79, 223, 191, 47, 210, 15, 51,
       63, 247, 37, 85, 187, 82, 125, 237, 118, 112, 92, 56, 47, 213, 28,
       253, 55, 153, 172, 24, 5, 240, 29, 156, 73, 16, 242, 51, 189, 88,
       87, 32, 250, 13, 7, 44, 136, 0, 253, 38, 112, 41, 198, 42, 128,
       192, 61, 253, 163, 193, 104, 193, 100, 48, 64, 80, 240, 77, 125,
       13, 160, 80, 6, 48, 1, 212, 0, 83, 170, 16, 120, 13, 40, 52, 20,
       56, 39, 84, 146, 118, 100, 25, 44, 56, 4, 240, 29, 141, 8, 16,
       192, 35, 188, 72, 83, 32, 250, 76, 33, 231, 149, 16, 197, 41, 254,
       192, 238, 193, 52, 81, 130, 147, 66, 234, 84, 67, 99, 201, 161,
       198, 179, 12, 138, 180, 13, 80, 12, 51, 107, 87, 36, 21, 186, 18,
       120, 65, 84, 80, 64, 56, 46, 195, 20, 193, 111, 25, 172, 24, 5,
       240, 28, 156, 73, 16, 242, 51, 153, 88, 87, 32, 250, 199, 53, 209,
       16, 81, 130, 6, 74, 98, 3, 137, 114, 226, 199, 134, 83, 235, 197,
       53, 69, 11, 165, 67, 99, 70, 223, 249, 45, 18, 12, 32, 41, 214,
       37, 84, 155, 2, 120, 69, 84, 32, 72, 56, 43, 213, 28, 245, 46,
       153, 172, 16, 5, 112, 24, 148, 75, 16, 242, 49, 189, 88, 87, 48,
       250, 60, 174, 239, 233, 58, 253, 179, 245, 253, 252, 222, 221,
       221, 125, 251, 228, 251, 221, 235, 107, 244, 117, 222, 255, 93,
       127, 148, 182, 108, 215, 55, 255, 255, 96, 87, 184, 215, 250, 249,
       124, 124, 93, 122, 46, 213, 167, 247, 107, 185, 172, 153, 13, 240,
       29, 156, 93, 54, 242, 51, 189, 218, 87, 40, 254, 119, 53, 241, 18,
       80, 130, 6, 77, 194, 2, 129, 48, 224, 3, 128, 83, 106, 5, 2, 68,
       11, 37, 67, 199, 132, 144, 252, 13, 2, 12, 192, 40, 70, 4, 4, 158,
       8, 56, 5, 84, 0, 64, 16, 137, 1, 88, 133, 14, 16, 44, 8, 0, 32,
       24, 20, 67, 0, 50, 19, 185, 24, 87, 96, 106, 62, 113, 125, 158,
       55, 79, 29, 126, 231, 68, 189, 176, 125, 186, 252, 246, 243, 212,
       70, 100, 3, 146, 165, 38, 77, 161, 161, 25, 83, 156, 92, 57, 240,
       36, 20, 218, 66, 114, 129, 212, 146, 219, 29, 15, 144, 30, 192,
       12, 129, 173, 86, 5, 58, 25, 149, 73, 144, 114, 57, 60, 89, 22,
       34, 249, 118, 49, 241, 150, 27, 6, 93, 47, 198, 32, 149, 52, 117,
       198, 147, 86, 126, 146, 66, 16, 131, 170, 193, 7, 156, 128, 230,
       73, 2, 184, 213, 104, 67, 44, 7, 190, 138, 48, 195, 94, 48, 200,
       133, 75, 132, 20, 165, 78, 147, 166, 153, 3, 32, 24, 20, 83, 0,
       114, 58, 57, 56, 4, 32, 240, 118, 49, 211, 23, 16, 194, 130, 239,
       194, 160, 147, 52, 117, 230, 139, 82, 250, 130, 2, 70, 207, 33,
       71, 135, 204, 128, 228, 77, 2, 140, 145, 122, 119, 36, 69, 190,
       24, 114, 195, 84, 160, 80, 16, 10, 69, 20, 129, 110, 153, 172, 24,
       5, 176, 29, 20, 73, 0, 114, 19, 185, 88, 70, 32, 250, 156, 51, 85,
       132, 178, 57, 160, 120, 70, 16, 163, 114, 213, 82, 248, 65, 242,
