%YAML:1.0
descriptors: !!opencv-matrix
   rows: 123
   cols: 64
   dt: u
   data: [ 61, 55, 125, 162, 55, 183, 51, 125, 246, 84, 214, 53, 125, 63,
       176, 85, 242, 244, 67, 96, 241, 114, 209, 119, 220, 168, 224, 29,
       122, 220, 125, 233, 212, 36, 87, 190, 82, 120, 129, 124, 92, 93,
       24, 15, 208, 21, 228, 78, 153, 172, 24, 5, 242, 29, 156, 73, 16,
       242, 51, 188, 88, 86, 32, 248, 124, 253, 255, 254, 119, 63, 127,
       127, 255, 246, 245, 186, 255, 250, 190, 94, 251, 245, 123, 103,
       127, 255, 211, 55, 223, 251, 247, 189, 123, 220, 116, 169, 207,
       45, 87, 191, 210, 120, 241, 125, 122, 95, 61, 47, 213, 61, 245,
       111, 157, 172, 24, 13, 242, 29, 157, 73, 16, 246, 115, 189, 91,
       87, 40, 251, 12, 34, 101, 160, 24, 165, 35, 124, 164, 62, 194, 53,
       65, 47, 153, 64, 226, 92, 3, 96, 225, 32, 202, 48, 76, 136, 172,
       129, 82, 12, 49, 203, 85, 36, 85, 186, 80, 114, 1, 84, 120, 84,
       24, 14, 68, 5, 192, 77, 153, 44, 24, 4, 240, 29, 156, 73, 16, 242,
       51, 188, 72, 86, 32, 240, 61, 190, 117, 229, 255, 253, 187, 248,
       253, 253, 214, 127, 237, 127, 249, 245, 242, 253, 219, 122, 253,
       115, 223, 252, 253, 232, 108, 247, 126, 87, 255, 255, 255, 233,
       223, 55, 255, 251, 253, 127, 221, 93, 91, 158, 213, 227, 251, 115,
       188, 253, 156, 41, 246, 189, 159, 125, 118, 246, 247, 189, 250,
       223, 44, 252, 191, 252, 125, 171, 255, 253, 191, 249, 253, 255,
       254, 251, 253, 63, 255, 253, 251, 245, 103, 113, 253, 87, 147,
       124, 125, 253, 253, 187, 255, 223, 119, 251, 221, 108, 215, 254,
       214, 121, 233, 125, 122, 93, 122, 63, 213, 55, 244, 109, 185, 172,
       24, 13, 240, 29, 156, 89, 24, 242, 51, 189, 218, 215, 40, 250,
       127, 182, 125, 247, 191, 181, 255, 120, 244, 255, 209, 249, 237,
       43, 144, 87, 242, 221, 7, 123, 249, 99, 203, 124, 140, 170, 226,
       191, 90, 125, 245, 239, 215, 172, 156, 191, 247, 249, 161, 247,
       88, 78, 123, 175, 211, 17, 211, 95, 153, 236, 24, 5, 240, 29, 157,
       73, 16, 242, 179, 157, 218, 87, 32, 255, 127, 190, 247, 39, 255,
       179, 187, 248, 252, 61, 214, 127, 239, 91, 163, 85, 242, 245, 59,
       116, 233, 71, 139, 125, 198, 248, 248, 191, 254, 93, 115, 239,
       223, 173, 213, 191, 82, 249, 173, 119, 124, 92, 74, 14, 209, 9,
       219, 17, 156, 252, 24, 5, 245, 253, 156, 235, 80, 254, 183, 189,
       216, 87, 52, 252, 173, 254, 103, 225, 253, 253, 163, 248, 252,
       127, 234, 127, 237, 127, 249, 229, 235, 253, 207, 106, 253, 106,
       142, 124, 79, 255, 63, 167, 254, 79, 123, 223, 115, 103, 93, 187,
       118, 247, 253, 116, 253, 84, 90, 30, 69, 131, 122, 209, 136, 61,
       92, 36, 240, 191, 143, 73, 144, 244, 35, 159, 222, 71, 32, 180,
       62, 52, 109, 190, 62, 255, 63, 125, 213, 254, 215, 180, 125, 46,
       189, 214, 251, 212, 67, 105, 245, 115, 209, 63, 221, 184, 164,
       159, 82, 249, 125, 239, 199, 172, 87, 190, 223, 122, 225, 127,
       120, 93, 117, 175, 215, 181, 231, 111, 155, 172, 24, 13, 242, 29,
       156, 89, 16, 242, 59, 189, 251, 215, 42, 246, 109, 54, 101, 161,
       223, 179, 163, 120, 244, 126, 210, 53, 237, 27, 161, 69, 226, 253,
       91, 112, 241, 99, 203, 125, 68, 232, 232, 135, 90, 21, 97, 239,
       93, 37, 213, 187, 83, 120, 37, 119, 252, 84, 26, 14, 81, 129, 194,
       75, 152, 44, 24, 5, 240, 61, 156, 73, 16, 182, 183, 156, 216, 87,
       36, 248, 61, 190, 125, 229, 63, 253, 255, 121, 255, 253, 254, 251,
       253, 127, 252, 245, 243, 245, 99, 123, 245, 102, 211, 254, 253,
       255, 229, 255, 126, 95, 247, 239, 223, 108, 85, 190, 222, 122,
       249, 125, 124, 93, 123, 175, 213, 55, 245, 111, 185, 172, 24, 13,
       240, 29, 159, 77, 16, 242, 51, 189, 218, 87, 40, 254, 62, 255,
       255, 222, 62, 189, 221, 123, 255, 255, 253, 251, 255, 123, 252,
       255, 243, 246, 98, 59, 245, 118, 210, 255, 253, 191, 231, 123,
       127, 219, 117, 235, 215, 108, 215, 190, 222, 120, 249, 125, 242,
       95, 251, 47, 212, 54, 245, 111, 155, 172, 152, 15, 240, 29, 157,
       93, 16, 242, 115, 191, 251, 223, 42, 251, 55, 50, 117, 162, 29,
       164, 5, 90, 230, 68, 2, 114, 173, 111, 176, 85, 226, 213, 1, 96,
       193, 38, 193, 119, 76, 152, 160, 15, 82, 8, 113, 105, 215, 36, 84,
       186, 82, 120, 169, 116, 112, 84, 24, 15, 212, 20, 245, 79, 153,
       172, 24, 5, 240, 29, 156, 73, 16, 242, 51, 189, 88, 87, 32, 250,
       46, 5, 237, 184, 23, 125, 53, 127, 149, 198, 215, 148, 89, 44, 59,
       198, 137, 92, 67, 97, 176, 114, 212, 51, 93, 169, 132, 128, 81,
       212, 53, 201, 197, 36, 85, 186, 82, 122, 193, 116, 56, 93, 60, 47,
       212, 21, 229, 110, 155, 172, 24, 13, 240, 29, 156, 88, 16, 226,
       59, 189, 89, 86, 40, 250, 59, 157, 255, 214, 55, 55, 217, 59, 247,
       252, 127, 215, 63, 248, 48, 126, 246, 247, 100, 123, 246, 127,
       209, 119, 217, 238, 231, 94, 122, 211, 245, 235, 215, 44, 87, 190,
       214, 120, 250, 253, 112, 93, 255, 47, 209, 52, 245, 111, 153, 172,
       24, 5, 240, 29, 156, 77, 17, 242, 115, 191, 91, 87, 32, 250, 92,
       1, 187, 244, 32, 39, 121, 111, 132, 230, 81, 148, 83, 192, 144,
       78, 170, 93, 33, 103, 166, 45, 192, 19, 29, 154, 178, 141, 80,
       128, 48, 233, 199, 52, 85, 186, 19, 120, 225, 84, 120, 120, 177,
       47, 243, 21, 231, 111, 155, 172, 24, 5, 240, 29, 156, 73, 16, 242,
       51, 185, 88, 87, 33, 250, 44, 170, 239, 237, 62, 253, 185, 125,
       253, 253, 254, 253, 221, 127, 187, 236, 235, 220, 99, 99, 245,
       119, 206, 255, 125, 239, 180, 179, 124, 223, 55, 239, 223, 100,
       87, 186, 87, 120, 233, 124, 124, 93, 122, 47, 212, 55, 247, 111,
       153, 172, 24, 5, 240, 29, 156, 73, 16, 242, 51, 189, 90, 87, 32,
       250, 60, 248, 255, 253, 62, 253, 249, 127, 253, 253, 255, 253,
       255, 126, 255, 238, 251, 220, 99, 107, 245, 119, 198, 119, 109,
       239, 181, 191, 127, 95, 119, 239, 215, 36, 85, 186, 215, 122, 233,
       117, 250, 93, 123, 47, 213, 55, 247, 111, 153, 172, 24, 5, 240,
       29, 156, 73, 16, 242, 51, 189, 90, 87, 32, 250, 124, 121, 255,
       255, 246, 255, 123, 255, 223, 222, 251, 189, 253, 238, 251, 254,
       251, 213, 123, 110, 127, 255, 215, 63, 191, 255, 247, 189, 255,
       223, 126, 185, 98, 111, 223, 255, 214, 119, 217, 125, 254, 205,
       247, 190, 223, 175, 237, 126, 159, 173, 223, 137, 234, 189, 159,
       93, 200, 246, 123, 251, 223, 142, 42, 182, 204, 41, 174, 217, 1,
       115, 240, 247, 149, 186, 206, 181, 83, 132, 155, 234, 11, 24, 251,
       15, 61, 159, 238, 155, 25, 107, 150, 128, 73, 197, 54, 202, 237,
       19, 37, 225, 21, 252, 239, 52, 120, 61, 247, 54, 63, 181, 3, 234,
       127, 168, 127, 213, 209, 95, 188, 20, 215, 232, 111, 251, 79, 53,
       129, 246, 120, 255, 255, 255, 118, 255, 251, 255, 255, 252, 255,
       157, 127, 252, 251, 254, 255, 213, 123, 111, 126, 251, 247, 55,
       253, 255, 183, 189, 127, 215, 126, 187, 242, 36, 87, 254, 214,
       123, 249, 117, 250, 93, 185, 62, 213, 150, 245, 110, 157, 173, 30,
       5, 248, 29, 157, 73, 16, 246, 123, 189, 91, 86, 34, 250, 204, 47,
       231, 217, 32, 95, 229, 247, 121, 252, 70, 135, 91, 181, 187, 138,
       139, 73, 249, 47, 84, 205, 118, 179, 91, 127, 148, 182, 105, 192,
       18, 203, 215, 35, 115, 176, 84, 92, 253, 60, 116, 61, 58, 183,
       157, 52, 117, 235, 185, 168, 169, 221, 209, 29, 156, 76, 63, 238,
       115, 253, 75, 85, 1, 250, 19, 21, 144, 18, 1, 2, 4, 6, 2, 0, 5, 0,
       32, 78, 4, 20, 102, 146, 0, 4, 64, 34, 193, 103, 74, 128, 224, 12,
       18, 8, 128, 105, 214, 36, 16, 186, 2, 64, 3, 68, 80, 64, 24, 11,
       212, 20, 229, 78, 145, 164, 24, 4, 176, 24, 156, 73, 16, 50, 50,
       185, 24, 86, 32, 232, 50, 145, 152, 154, 7, 79, 85, 15, 214, 68,
       28, 213, 61, 110, 62, 124, 255, 214, 32, 33, 196, 39, 193, 103,
       77, 215, 177, 45, 19, 138, 19, 105, 215, 38, 85, 186, 82, 120,
       235, 116, 112, 220, 40, 47, 149, 20, 245, 111, 145, 172, 24, 4,
       176, 25, 156, 73, 16, 114, 50, 189, 88, 85, 32, 250, 17, 179, 220,
