%YAML:1.0
descriptors: !!opencv-matrix
   rows: 111
   cols: 64
   dt: u
   data: [ 59, 182, 124, 168, 63, 253, 179, 49, 253, 126, 214, 117, 253,
       61, 125, 245, 252, 254, 195, 240, 241, 114, 25, 244, 241, 60, 100,
       218, 124, 215, 253, 227, 221, 104, 199, 164, 255, 122, 169, 121,
       252, 93, 90, 175, 212, 225, 246, 109, 186, 254, 137, 9, 242, 29,
       218, 93, 62, 243, 191, 188, 250, 219, 108, 222, 35, 22, 68, 34,
       221, 176, 163, 24, 116, 58, 130, 101, 172, 27, 1, 21, 226, 246, 1,
       208, 225, 34, 153, 124, 68, 168, 104, 7, 94, 16, 97, 103, 93, 172,
       221, 178, 115, 48, 41, 116, 108, 68, 26, 142, 68, 193, 210, 77,
       152, 188, 24, 5, 240, 29, 156, 73, 18, 178, 183, 156, 216, 87, 36,
       120, 45, 182, 109, 170, 55, 61, 181, 124, 244, 94, 204, 53, 125,
       62, 189, 101, 242, 252, 67, 96, 241, 34, 209, 246, 92, 168, 164,
       137, 82, 92, 113, 233, 220, 36, 87, 186, 83, 122, 137, 124, 122,
       92, 24, 47, 212, 117, 246, 110, 153, 172, 24, 5, 240, 29, 156, 73,
       16, 242, 51, 188, 88, 87, 34, 248, 125, 190, 255, 173, 254, 255,
       179, 253, 253, 253, 222, 191, 253, 127, 251, 253, 251, 245, 123,
       98, 253, 87, 222, 125, 223, 237, 252, 191, 251, 223, 127, 239,
       215, 108, 87, 190, 214, 122, 233, 124, 252, 93, 122, 46, 213, 183,
       245, 109, 157, 172, 152, 13, 240, 29, 156, 73, 56, 246, 51, 189,
       218, 87, 42, 250, 55, 55, 113, 134, 21, 2, 5, 90, 226, 68, 129,
       48, 101, 75, 132, 85, 226, 212, 3, 96, 193, 32, 129, 102, 76, 136,
       160, 9, 18, 8, 49, 105, 208, 36, 84, 186, 66, 112, 1, 84, 16, 74,
       24, 15, 192, 20, 192, 78, 153, 164, 24, 5, 112, 24, 156, 73, 16,
       242, 51, 188, 88, 86, 32, 249, 190, 178, 125, 167, 255, 181, 159,
       120, 246, 127, 213, 122, 255, 126, 182, 85, 251, 213, 103, 97,
       249, 119, 195, 116, 204, 254, 245, 63, 218, 90, 119, 171, 215, 36,
       84, 190, 82, 120, 233, 116, 112, 92, 56, 47, 213, 20, 245, 111,
       153, 172, 24, 5, 240, 29, 156, 73, 16, 242, 51, 189, 88, 87, 32,
       250, 13, 162, 205, 168, 24, 249, 161, 126, 49, 254, 198, 245, 217,
       63, 185, 66, 203, 220, 225, 107, 229, 100, 202, 243, 77, 255, 16,
       167, 120, 79, 51, 203, 215, 2, 85, 186, 87, 120, 233, 116, 112,
       92, 58, 39, 213, 21, 119, 107, 153, 172, 24, 5, 240, 29, 156, 72,
       16, 242, 51, 189, 88, 87, 32, 250, 61, 253, 239, 249, 55, 253,
       253, 127, 253, 254, 252, 249, 127, 190, 253, 239, 251, 252, 99,
       123, 245, 118, 215, 255, 125, 255, 183, 183, 127, 223, 127, 235,
       223, 108, 215, 186, 215, 120, 249, 125, 122, 95, 251, 47, 215, 55,
       247, 111, 187, 172, 152, 13, 240, 29, 156, 93, 48, 242, 123, 255,
       219, 223, 40, 250, 190, 248, 125, 239, 255, 253, 223, 249, 255,
       85, 253, 251, 255, 122, 244, 252, 243, 246, 127, 121, 117, 122,
       177, 116, 255, 255, 245, 251, 255, 251, 255, 189, 210, 109, 30,
       222, 222, 113, 249, 253, 123, 223, 247, 63, 212, 55, 252, 61, 143,
       181, 215, 141, 248, 159, 159, 93, 120, 246, 121, 189, 255, 159,
       46, 189, 126, 57, 251, 247, 62, 167, 249, 127, 214, 254, 211, 117,
       119, 198, 177, 86, 250, 215, 67, 99, 231, 45, 199, 95, 142, 138,
       230, 223, 82, 253, 245, 238, 103, 38, 61, 191, 214, 126, 219, 117,
       216, 76, 213, 78, 235, 21, 131, 111, 153, 172, 24, 199, 240, 28,
       156, 73, 16, 242, 115, 187, 120, 55, 163, 247, 127, 245, 253, 254,
       118, 175, 91, 111, 215, 84, 245, 241, 127, 250, 180, 94, 242, 151,
       127, 119, 247, 61, 225, 247, 254, 234, 238, 221, 107, 248, 252,
       233, 134, 45, 4, 191, 222, 120, 213, 252, 90, 223, 189, 79, 209,
       29, 229, 78, 159, 166, 139, 79, 240, 61, 156, 75, 120, 254, 115,
       185, 122, 86, 50, 251, 63, 51, 113, 166, 221, 162, 171, 88, 242,
       26, 208, 113, 109, 67, 128, 81, 242, 197, 31, 116, 225, 33, 161,
       126, 172, 136, 106, 141, 94, 12, 225, 233, 84, 101, 156, 159, 126,
       48, 5, 213, 73, 194, 26, 14, 193, 1, 208, 78, 152, 52, 24, 0, 96,
       52, 158, 73, 144, 178, 55, 158, 88, 23, 48, 177, 173, 110, 103,
       225, 252, 125, 161, 252, 253, 254, 234, 119, 73, 125, 251, 229,
       203, 252, 207, 106, 245, 224, 60, 188, 79, 125, 21, 163, 253, 71,
       59, 223, 121, 66, 223, 250, 85, 242, 237, 180, 255, 116, 90, 54,
       68, 231, 114, 241, 168, 61, 94, 37, 218, 159, 141, 73, 150, 224,
       167, 172, 206, 86, 36, 180, 186, 245, 121, 254, 55, 77, 93, 11,
       215, 69, 61, 248, 63, 106, 244, 220, 255, 182, 38, 247, 23, 122,
       177, 103, 253, 215, 247, 123, 115, 250, 214, 41, 130, 44, 6, 222,
       234, 89, 251, 253, 114, 219, 181, 233, 148, 84, 181, 110, 211,
       166, 147, 15, 232, 17, 246, 113, 56, 179, 112, 59, 59, 221, 168,
       218, 189, 251, 255, 233, 54, 245, 169, 250, 220, 223, 208, 251,
       239, 27, 211, 95, 251, 245, 103, 107, 117, 38, 231, 247, 205, 255,
       245, 171, 87, 30, 114, 187, 199, 44, 247, 190, 86, 56, 233, 117,
       120, 92, 50, 191, 215, 49, 117, 111, 152, 188, 24, 1, 240, 29,
       156, 65, 16, 242, 51, 189, 88, 87, 36, 250, 76, 46, 239, 249, 58,
       127, 162, 255, 185, 250, 206, 181, 89, 180, 251, 226, 137, 24,
       203, 122, 245, 241, 94, 154, 85, 109, 156, 131, 109, 215, 63, 222,
       237, 152, 199, 170, 127, 242, 233, 62, 248, 53, 114, 62, 86, 231,
       67, 105, 191, 108, 174, 15, 211, 93, 221, 92, 150, 224, 143, 252,
       203, 210, 106, 214, 60, 58, 119, 189, 50, 101, 169, 253, 204, 190,
       250, 53, 117, 134, 219, 226, 243, 220, 195, 106, 125, 144, 197,
       156, 141, 173, 166, 137, 194, 206, 55, 190, 96, 36, 109, 190, 84,
       118, 201, 84, 184, 68, 213, 62, 102, 167, 10, 124, 139, 45, 127,
       133, 242, 31, 132, 73, 196, 224, 11, 248, 77, 6, 32, 180, 173,
       238, 255, 41, 48, 125, 169, 252, 249, 191, 234, 253, 95, 55, 255,
       235, 203, 236, 227, 107, 245, 81, 126, 188, 237, 253, 53, 179,
       109, 79, 59, 251, 253, 64, 77, 186, 85, 242, 233, 124, 126, 92,
       58, 62, 247, 119, 119, 108, 185, 172, 62, 5, 240, 29, 156, 76,
       148, 242, 35, 173, 90, 215, 98, 250, 191, 255, 117, 182, 55, 45,
       45, 122, 239, 85, 251, 251, 255, 127, 252, 254, 243, 245, 103,
       117, 117, 174, 177, 118, 221, 255, 245, 187, 122, 154, 118, 185,
       210, 44, 118, 190, 210, 120, 233, 252, 126, 93, 56, 175, 212, 51,
       244, 111, 137, 165, 144, 13, 242, 29, 157, 73, 56, 242, 51, 189,
       88, 87, 32, 250, 190, 49, 243, 183, 23, 36, 169, 255, 198, 207,
       209, 117, 111, 202, 146, 86, 250, 212, 71, 87, 113, 170, 231, 54,
       142, 170, 246, 9, 210, 24, 112, 169, 100, 44, 20, 190, 82, 52, 1,
       212, 88, 64, 16, 138, 192, 17, 129, 76, 153, 172, 88, 1, 112, 30,
       156, 65, 144, 178, 51, 153, 92, 22, 32, 249, 183, 255, 125, 223,
       63, 157, 223, 8, 255, 213, 61, 250, 191, 123, 244, 93, 242, 247,
       36, 59, 199, 110, 211, 119, 237, 215, 245, 63, 55, 59, 87, 107,
       151, 108, 84, 158, 218, 120, 251, 247, 114, 95, 41, 47, 149, 20,
       245, 111, 153, 172, 24, 5, 240, 29, 156, 73, 16, 242, 50, 189, 88,
       87, 32, 251, 210, 81, 154, 86, 44, 66, 88, 167, 82, 161, 53, 212,
       6, 194, 6, 58, 116, 194, 52, 195, 142, 172, 229, 11, 170, 131,
       226, 91, 67, 41, 197, 110, 243, 183, 52, 94, 202, 101, 242, 215,
       83, 202, 161, 74, 170, 28, 137, 47, 193, 226, 83, 199, 108, 26,
       52, 75, 209, 115, 112, 91, 124, 52, 131, 173, 12, 10, 166, 41,
       139, 249, 162, 253, 25, 186, 202, 37, 80, 20, 171, 225, 201, 24,
       195, 210, 253, 19, 94, 153, 65, 104, 8, 134, 72, 199, 43, 198,
       109, 128, 67, 32, 53, 242, 237, 32, 248, 21, 86, 38, 68, 231, 39,
       225, 184, 108, 28, 37, 215, 29, 216, 72, 22, 192, 143, 180, 138,
       67, 96, 70, 186, 241, 121, 222, 55, 31, 93, 11, 215, 71, 189, 250,
       191, 234, 180, 92, 246, 215, 52, 247, 7, 254, 129, 103, 254, 214,
       243, 123, 211, 248, 212, 41, 210, 44, 156, 222, 202, 125, 243,
       245, 114, 203, 189, 105, 146, 28, 245, 15, 215, 166, 16, 135, 104,
