%YAML:1.0
descriptors: !!opencv-matrix
   rows: 155
   cols: 64
   dt: u
   data: [ 190, 244, 125, 254, 62, 189, 255, 121, 255, 255, 253, 251,
       253, 123, 244, 126, 246, 255, 71, 123, 245, 114, 243, 126, 253,
       254, 245, 251, 127, 223, 255, 235, 215, 44, 86, 190, 223, 120,
       249, 253, 90, 95, 123, 47, 209, 55, 247, 111, 153, 172, 152, 13,
       240, 29, 157, 89, 16, 242, 115, 189, 90, 87, 42, 251, 61, 191,
       255, 253, 62, 127, 251, 255, 253, 254, 254, 183, 125, 127, 251,
       246, 243, 212, 99, 99, 245, 243, 213, 118, 221, 239, 244, 155,
       123, 223, 127, 251, 247, 36, 85, 190, 214, 122, 233, 124, 250, 93,
       59, 46, 212, 55, 245, 111, 153, 172, 24, 5, 240, 29, 157, 73, 16,
       242, 51, 189, 90, 86, 32, 250, 61, 54, 253, 166, 63, 183, 51, 123,
       244, 92, 214, 51, 253, 123, 187, 85, 242, 245, 67, 96, 241, 39,
       211, 119, 76, 168, 164, 141, 90, 92, 113, 233, 215, 36, 87, 190,
       82, 120, 129, 116, 248, 92, 24, 15, 209, 21, 193, 79, 153, 172,
       24, 5, 240, 29, 156, 73, 16, 242, 51, 189, 88, 87, 32, 250, 255,
       181, 253, 190, 255, 183, 63, 126, 246, 127, 253, 251, 255, 251,
       182, 93, 242, 245, 99, 103, 249, 231, 211, 119, 78, 235, 241, 63,
       250, 28, 117, 233, 215, 36, 84, 190, 82, 120, 225, 117, 112, 94,
       56, 47, 213, 20, 245, 79, 153, 172, 24, 5, 240, 29, 156, 73, 16,
       242, 51, 189, 88, 87, 32, 250, 118, 49, 121, 182, 22, 134, 31,
       100, 198, 166, 209, 48, 125, 2, 144, 82, 242, 213, 3, 97, 193, 33,
       195, 119, 140, 138, 164, 13, 82, 12, 49, 105, 215, 36, 20, 186,
       82, 120, 129, 244, 80, 72, 56, 15, 208, 20, 193, 79, 153, 172, 24,
       5, 240, 29, 156, 73, 16, 242, 51, 189, 88, 86, 32, 250, 254, 57,
       255, 183, 255, 231, 251, 250, 254, 255, 215, 119, 255, 238, 179,
       92, 250, 213, 115, 102, 253, 143, 199, 127, 174, 254, 254, 63,
       210, 223, 118, 255, 87, 45, 21, 255, 210, 125, 233, 125, 120, 92,
       93, 46, 205, 53, 249, 127, 157, 172, 24, 5, 248, 31, 156, 73, 16,
       242, 59, 189, 92, 23, 32, 250, 62, 53, 253, 158, 51, 143, 31, 111,
       231, 68, 223, 52, 61, 110, 185, 86, 251, 212, 67, 96, 245, 51,
       209, 119, 92, 252, 164, 13, 82, 152, 117, 233, 215, 36, 87, 190,
       82, 120, 201, 124, 112, 93, 60, 47, 213, 20, 245, 111, 153, 172,
       24, 5, 242, 29, 156, 73, 16, 242, 51, 189, 88, 87, 32, 250, 60,
       179, 125, 164, 54, 183, 179, 124, 116, 212, 213, 117, 109, 59,
       176, 85, 242, 220, 67, 99, 241, 33, 192, 243, 204, 170, 224, 157,
       122, 12, 113, 233, 215, 36, 85, 186, 82, 120, 201, 116, 208, 92,
       24, 14, 208, 21, 241, 111, 153, 172, 24, 5, 240, 29, 156, 73, 16,
       242, 51, 157, 88, 87, 32, 251, 191, 252, 255, 239, 255, 239, 241,
       255, 255, 125, 252, 253, 127, 123, 246, 253, 251, 246, 127, 123,
       245, 95, 191, 125, 255, 239, 109, 191, 255, 223, 255, 255, 245,
       239, 62, 223, 254, 119, 253, 255, 219, 223, 223, 159, 217, 243,
       248, 213, 237, 53, 223, 140, 248, 182, 135, 93, 248, 244, 235,
       222, 255, 143, 46, 253, 60, 55, 117, 188, 54, 167, 63, 125, 197,
       76, 219, 49, 125, 110, 185, 84, 243, 213, 67, 98, 245, 49, 208,
       246, 220, 236, 228, 141, 82, 220, 117, 233, 199, 36, 85, 190, 210,
       120, 233, 116, 120, 93, 60, 47, 212, 21, 245, 111, 153, 172, 24,
       5, 242, 29, 156, 73, 16, 242, 51, 189, 88, 87, 32, 250, 62, 51,
       125, 180, 54, 183, 59, 113, 214, 254, 213, 177, 125, 58, 180, 86,
       242, 212, 67, 97, 241, 48, 193, 246, 140, 170, 228, 223, 82, 220,
       245, 233, 215, 36, 84, 190, 94, 120, 129, 244, 216, 94, 57, 14,
       208, 20, 193, 79, 155, 172, 24, 5, 240, 29, 156, 73, 16, 242, 51,
       189, 88, 86, 34, 251, 63, 54, 125, 162, 23, 183, 39, 125, 245,
       126, 216, 48, 125, 47, 177, 87, 243, 252, 67, 240, 241, 114, 209,
       246, 220, 236, 228, 141, 82, 156, 241, 233, 207, 44, 87, 190, 219,
       120, 169, 124, 120, 92, 48, 175, 212, 113, 247, 111, 153, 172, 24,
       9, 240, 29, 156, 81, 48, 242, 51, 188, 90, 215, 40, 250, 37, 54,
       101, 34, 29, 176, 163, 92, 228, 126, 194, 53, 33, 27, 129, 69,
       226, 228, 3, 96, 225, 34, 201, 116, 68, 136, 168, 13, 82, 8, 33,
       203, 85, 36, 85, 186, 83, 48, 1, 84, 216, 84, 26, 142, 64, 1, 192,
       77, 152, 44, 24, 1, 240, 29, 156, 73, 16, 242, 51, 156, 88, 87,
       32, 248, 61, 54, 229, 162, 255, 179, 35, 120, 244, 126, 210, 55,
       237, 95, 161, 69, 226, 213, 3, 96, 225, 7, 131, 117, 78, 184, 168,
       15, 210, 12, 49, 235, 215, 36, 85, 186, 82, 120, 161, 116, 112,
       84, 26, 15, 213, 5, 228, 77, 153, 172, 24, 5, 240, 29, 156, 73,
       16, 242, 51, 188, 88, 87, 32, 248, 60, 176, 253, 182, 62, 181,
       189, 121, 246, 254, 214, 245, 253, 127, 177, 84, 254, 222, 67, 99,
       245, 118, 195, 255, 221, 190, 228, 251, 122, 221, 245, 235, 223,
       44, 87, 190, 95, 120, 233, 124, 120, 93, 122, 47, 212, 53, 247,
       111, 153, 172, 24, 5, 240, 29, 156, 73, 16, 242, 51, 189, 90, 87,
       32, 250, 63, 183, 253, 254, 63, 181, 253, 123, 247, 252, 213, 241,
       253, 127, 189, 87, 255, 254, 99, 123, 245, 118, 211, 119, 205,
       190, 229, 251, 122, 93, 245, 235, 215, 44, 85, 190, 211, 120, 249,
       117, 120, 93, 59, 47, 212, 53, 247, 111, 153, 172, 24, 5, 240, 29,
       156, 73, 16, 242, 51, 189, 88, 87, 32, 250, 76, 33, 161, 144, 0,
       7, 33, 111, 128, 196, 192, 20, 81, 132, 147, 66, 138, 92, 3, 100,
       0, 129, 196, 131, 12, 136, 140, 129, 64, 140, 48, 8, 64, 36, 21,
       186, 0, 112, 1, 84, 16, 64, 20, 10, 68, 20, 0, 204, 25, 44, 24, 4,
       112, 28, 20, 8, 16, 226, 35, 184, 72, 70, 32, 250, 60, 250, 109,
       171, 62, 253, 177, 249, 253, 220, 254, 253, 125, 63, 253, 228,
       243, 252, 199, 104, 245, 80, 157, 244, 125, 173, 37, 147, 127,
       223, 127, 255, 245, 100, 87, 186, 87, 114, 169, 252, 255, 93, 122,
       62, 212, 167, 242, 109, 153, 173, 158, 13, 250, 29, 159, 77, 56,
       242, 59, 188, 91, 95, 34, 249, 191, 241, 125, 222, 55, 29, 93, 58,
       247, 214, 189, 248, 63, 122, 244, 95, 246, 246, 102, 123, 23, 118,
       241, 119, 253, 183, 231, 89, 127, 250, 252, 41, 210, 108, 150,
       254, 202, 120, 211, 253, 114, 223, 61, 47, 146, 20, 245, 110, 155,
       175, 26, 5, 248, 29, 159, 93, 24, 242, 123, 159, 121, 223, 42,
       251, 12, 43, 239, 184, 0, 127, 33, 119, 181, 254, 198, 149, 89,
       181, 187, 202, 137, 88, 227, 107, 244, 85, 198, 179, 89, 121, 148,
       132, 104, 196, 50, 200, 223, 0, 69, 170, 87, 122, 233, 60, 124,
       61, 56, 39, 85, 181, 103, 106, 153, 172, 24, 5, 240, 29, 156, 12,
       16, 226, 51, 189, 72, 87, 32, 250, 13, 143, 239, 248, 46, 255,
       245, 119, 189, 254, 206, 133, 89, 125, 59, 239, 137, 124, 227,
       107, 244, 119, 210, 243, 89, 127, 148, 182, 124, 215, 55, 203,
       223, 80, 211, 168, 215, 120, 248, 56, 124, 61, 122, 47, 213, 245,
       247, 107, 185, 172, 152, 13, 240, 29, 156, 92, 54, 226, 119, 189,
       75, 215, 40, 250, 118, 33, 81, 146, 18, 4, 5, 75, 198, 70, 17, 48,
       49, 198, 176, 86, 226, 212, 1, 100, 11, 160, 128, 39, 78, 144,
       164, 9, 18, 8, 48, 41, 82, 36, 20, 154, 66, 112, 1, 84, 48, 64,
       28, 11, 212, 28, 228, 14, 145, 172, 16, 4, 96, 24, 148, 73, 16,
       114, 49, 184, 88, 86, 32, 248, 116, 39, 241, 144, 16, 6, 1, 111,
       198, 70, 177, 48, 97, 130, 147, 70, 226, 212, 1, 100, 11, 161,
       228, 51, 76, 136, 160, 9, 82, 8, 48, 41, 112, 36, 84, 154, 66,
       112, 1, 212, 144, 64, 24, 14, 80, 28, 193, 14, 153, 44, 16, 5,
       112, 29, 148, 73, 144, 242, 33, 188, 88, 86, 32, 249, 5, 39, 193,
       16, 16, 0, 33, 110, 128, 4, 194, 52, 64, 134, 131, 66, 226, 84, 3,
       100, 73, 160, 192, 51, 76, 136, 128, 9, 80, 12, 48, 9, 80, 36, 85,
       186, 0, 120, 1, 84, 48, 64, 24, 14, 68, 20, 97, 78, 25, 44, 24, 4,
       112, 28, 156, 73, 16, 242, 35, 188, 72, 70, 32, 248, 12, 34, 247,
       161, 152, 225, 163, 120, 140, 188, 194, 55, 209, 55, 153, 64, 234,
       221, 3, 98, 201, 37, 202, 113, 76, 220, 180, 47, 82, 14, 51, 235,
