%YAML:1.0
descriptors: !!opencv-matrix
   rows: 111
   cols: 64
   dt: u
   data: [ 239, 220, 254, 239, 255, 255, 255, 217, 191, 253, 172, 235,
       191, 127, 254, 253, 255, 255, 255, 251, 253, 119, 91, 125, 117,
       255, 249, 127, 127, 223, 247, 247, 207, 109, 95, 255, 243, 121,
       249, 125, 123, 223, 122, 191, 213, 115, 255, 127, 189, 191, 24,
       13, 248, 189, 156, 77, 50, 246, 255, 189, 250, 223, 42, 250, 251,
       253, 255, 255, 119, 127, 221, 191, 255, 255, 253, 250, 255, 254,
       255, 255, 255, 247, 126, 255, 63, 223, 247, 127, 247, 255, 255,
       191, 255, 255, 246, 187, 223, 111, 223, 255, 223, 125, 255, 125,
       126, 127, 255, 125, 255, 253, 247, 191, 255, 191, 158, 223, 251,
       189, 252, 223, 249, 255, 125, 255, 255, 253, 219, 250, 123, 63,
       245, 247, 127, 191, 255, 121, 255, 255, 243, 115, 255, 123, 176,
       85, 246, 247, 111, 251, 247, 127, 211, 247, 221, 250, 247, 255,
       126, 252, 245, 235, 223, 108, 214, 190, 219, 120, 249, 125, 124,
       93, 59, 175, 241, 97, 247, 111, 184, 174, 152, 15, 242, 29, 159,
       93, 48, 247, 115, 191, 250, 215, 44, 250, 251, 255, 255, 127, 255,
       253, 223, 184, 255, 253, 252, 251, 175, 127, 254, 253, 255, 247,
       254, 191, 255, 127, 251, 253, 243, 255, 127, 255, 127, 123, 247,
       191, 223, 235, 255, 85, 255, 221, 254, 127, 125, 125, 235, 255,
       191, 121, 253, 183, 255, 223, 157, 255, 253, 231, 254, 255, 119,
       223, 246, 239, 243, 253, 157, 222, 58, 149, 188, 124, 38, 189, 93,
       51, 231, 198, 213, 200, 255, 121, 52, 31, 188, 250, 98, 251, 182,
       126, 83, 247, 213, 55, 231, 252, 112, 180, 244, 160, 206, 60, 195,
       142, 203, 40, 250, 121, 120, 219, 181, 237, 247, 113, 183, 111,
       155, 170, 152, 75, 240, 29, 248, 85, 57, 243, 115, 255, 121, 243,
       237, 234, 59, 215, 124, 254, 55, 189, 223, 24, 255, 223, 213, 250,
       189, 127, 124, 93, 254, 247, 102, 251, 244, 118, 211, 119, 245,
       254, 245, 127, 126, 243, 247, 233, 223, 108, 215, 190, 251, 121,
       248, 121, 124, 221, 123, 45, 213, 117, 247, 111, 187, 191, 152,
       15, 250, 29, 222, 93, 56, 243, 119, 191, 251, 223, 44, 218, 187,
       255, 125, 239, 191, 253, 223, 56, 255, 223, 253, 251, 175, 127,
       124, 93, 255, 247, 127, 251, 245, 119, 211, 118, 245, 255, 245,
       255, 126, 251, 247, 235, 223, 108, 215, 190, 255, 121, 249, 125,
       124, 221, 123, 191, 213, 113, 245, 111, 191, 191, 152, 11, 248,
       189, 222, 93, 56, 246, 119, 191, 251, 223, 44, 218, 58, 253, 255,
       255, 55, 253, 221, 57, 255, 213, 223, 250, 255, 126, 124, 220,
       255, 247, 126, 251, 183, 126, 211, 247, 253, 127, 247, 255, 127,
       255, 255, 187, 207, 124, 199, 222, 223, 121, 250, 125, 120, 221,
       245, 127, 245, 245, 247, 47, 191, 191, 137, 79, 250, 157, 219, 93,
       48, 247, 123, 255, 251, 251, 236, 218, 13, 46, 247, 160, 8, 253,
       161, 119, 53, 252, 198, 21, 85, 61, 153, 132, 235, 236, 227, 96,
       240, 65, 94, 249, 89, 57, 4, 134, 108, 199, 57, 207, 221, 66, 83,
       56, 21, 242, 105, 124, 125, 21, 122, 166, 69, 161, 119, 227, 185,
       108, 169, 24, 240, 29, 152, 73, 54, 242, 39, 173, 202, 71, 36,
       254, 44, 165, 233, 184, 18, 71, 49, 111, 149, 220, 196, 181, 81,
       54, 191, 78, 235, 92, 227, 101, 209, 51, 210, 19, 93, 201, 148, 5,
       65, 200, 50, 232, 197, 36, 69, 186, 22, 120, 233, 124, 112, 93,
       52, 39, 213, 20, 181, 110, 153, 172, 24, 5, 240, 29, 156, 73, 16,
       242, 51, 189, 90, 87, 32, 250, 250, 221, 254, 223, 103, 127, 223,
       183, 63, 245, 125, 219, 159, 254, 126, 254, 253, 215, 124, 239,
       62, 191, 247, 55, 251, 127, 255, 126, 251, 243, 254, 187, 215, 63,
       117, 255, 215, 127, 254, 253, 114, 255, 253, 127, 191, 30, 253,
       190, 221, 138, 223, 221, 249, 255, 181, 207, 209, 255, 121, 127,
       127, 125, 147, 251, 124, 184, 239, 249, 54, 127, 241, 255, 253,
       254, 222, 189, 95, 190, 191, 238, 251, 220, 251, 107, 245, 87,
       222, 183, 253, 233, 188, 165, 125, 221, 126, 235, 205, 44, 199,
       254, 94, 122, 233, 124, 120, 93, 118, 63, 85, 181, 119, 238, 191,
       172, 159, 141, 242, 29, 156, 93, 52, 242, 43, 253, 91, 223, 40,
       250, 252, 253, 255, 223, 54, 119, 221, 255, 255, 245, 213, 255,
       127, 190, 182, 222, 251, 213, 122, 111, 63, 159, 231, 55, 253,
       255, 181, 63, 123, 223, 118, 235, 215, 37, 53, 254, 210, 125, 249,
       125, 112, 223, 189, 63, 223, 60, 245, 110, 157, 172, 27, 133, 240,
       31, 156, 77, 16, 246, 51, 253, 89, 87, 34, 251, 255, 252, 237,
       255, 255, 191, 223, 88, 255, 127, 253, 250, 191, 123, 252, 253,
       242, 245, 63, 127, 239, 119, 171, 125, 111, 239, 171, 63, 127,
       121, 125, 175, 215, 229, 156, 219, 82, 127, 253, 247, 242, 223,
       122, 63, 209, 158, 253, 23, 157, 189, 30, 5, 232, 189, 159, 109,
       80, 246, 59, 191, 217, 95, 50, 249, 124, 185, 255, 213, 54, 183,
       217, 119, 211, 191, 245, 249, 223, 240, 146, 90, 180, 207, 250,
       187, 247, 125, 99, 223, 185, 34, 230, 254, 108, 253, 245, 238,
       255, 58, 164, 37, 222, 253, 242, 253, 216, 127, 235, 111, 187, 52,
       211, 111, 191, 234, 41, 215, 244, 29, 29, 93, 71, 247, 215, 219,
       251, 177, 233, 255, 187, 222, 110, 239, 255, 253, 255, 176, 61,
       255, 126, 203, 159, 125, 127, 253, 253, 255, 253, 43, 252, 127,
       190, 120, 107, 255, 63, 118, 253, 83, 127, 255, 215, 225, 223,
       113, 247, 253, 252, 55, 127, 93, 106, 63, 213, 151, 255, 49, 173,
       221, 28, 37, 253, 231, 159, 237, 87, 214, 247, 191, 214, 223, 60,
       190, 229, 33, 243, 149, 89, 134, 123, 74, 196, 229, 161, 241, 243,
       202, 144, 78, 226, 85, 55, 103, 143, 47, 226, 63, 14, 202, 167,
       47, 82, 12, 48, 127, 115, 37, 116, 187, 18, 124, 225, 214, 80, 72,
       56, 46, 235, 28, 193, 111, 153, 172, 24, 5, 240, 28, 156, 73, 16,
       242, 51, 189, 88, 86, 33, 250, 254, 249, 211, 183, 126, 134, 221,
       139, 222, 237, 117, 251, 191, 202, 178, 94, 242, 215, 60, 103,
       207, 15, 195, 127, 143, 223, 255, 47, 82, 59, 118, 127, 215, 165,
       116, 191, 115, 125, 233, 245, 113, 92, 181, 107, 203, 28, 253,
       127, 205, 172, 24, 133, 240, 30, 156, 73, 80, 242, 51, 185, 88,
       87, 48, 250, 120, 139, 247, 223, 104, 223, 241, 247, 255, 252, 70,
       157, 151, 255, 187, 238, 246, 223, 249, 43, 246, 45, 206, 251,
       219, 106, 166, 214, 108, 193, 127, 239, 255, 35, 101, 48, 85, 254,
       251, 124, 245, 125, 235, 102, 237, 166, 217, 235, 189, 172, 57,
       213, 244, 29, 157, 77, 85, 254, 115, 191, 218, 103, 131, 254, 60,
       185, 255, 252, 54, 255, 253, 127, 253, 252, 223, 253, 127, 252,
       191, 222, 255, 252, 243, 251, 247, 127, 215, 247, 253, 127, 247,
       255, 127, 247, 255, 239, 207, 126, 231, 190, 255, 120, 249, 125,
       120, 253, 247, 111, 247, 181, 247, 111, 191, 174, 139, 207, 242,
       29, 156, 93, 55, 243, 127, 255, 251, 255, 173, 254, 124, 233, 255,
       249, 50, 255, 127, 255, 221, 230, 223, 188, 93, 182, 255, 238,
       251, 212, 123, 110, 191, 249, 198, 183, 221, 237, 182, 189, 107,
       223, 126, 235, 241, 71, 117, 251, 214, 127, 253, 126, 54, 93, 245,
       62, 127, 158, 101, 174, 159, 172, 255, 221, 242, 29, 148, 93, 200,
       238, 105, 249, 89, 78, 43, 246, 221, 185, 254, 125, 119, 227, 248,
       254, 27, 153, 220, 253, 110, 222, 131, 251, 253, 155, 251, 159,
       255, 15, 231, 159, 167, 107, 250, 255, 125, 93, 230, 166, 255,
       123, 189, 245, 255, 253, 255, 117, 123, 29, 247, 126, 255, 61, 59,
       254, 253, 254, 239, 255, 241, 254, 248, 199, 247, 159, 239, 203,
       187, 121, 151, 207, 251, 220, 246, 247, 255, 175, 123, 126, 255,
       125, 245, 251, 191, 251, 166, 127, 246, 247, 127, 127, 253, 207,
       251, 125, 231, 234, 234, 63, 255, 113, 253, 239, 255, 237, 54,
       255, 247, 255, 245, 255, 223, 223, 223, 95, 201, 31, 235, 223,
       205, 182, 94, 157, 236, 190, 159, 237, 120, 190, 247, 159, 251,
       30, 182, 221, 135, 218, 66, 229, 252, 248, 250, 208, 56, 253, 66,
