%YAML:1.0
descriptors: !!opencv-matrix
   rows: 107
   cols: 64
   dt: u
   data: [ 63, 254, 125, 239, 191, 253, 255, 121, 255, 255, 222, 255,
       253, 127, 252, 253, 255, 255, 255, 107, 245, 126, 219, 126, 253,
       255, 247, 255, 127, 255, 255, 255, 215, 236, 223, 190, 247, 251,
       249, 127, 125, 221, 251, 63, 245, 183, 255, 127, 187, 253, 153,
       13, 252, 157, 159, 93, 62, 246, 255, 191, 251, 223, 44, 254, 63,
       254, 125, 237, 191, 253, 255, 121, 255, 255, 255, 251, 253, 127,
       252, 253, 243, 253, 99, 251, 245, 119, 211, 126, 253, 255, 245,
       255, 127, 95, 247, 239, 215, 108, 85, 190, 222, 120, 249, 125,
       126, 92, 123, 47, 213, 55, 247, 111, 153, 172, 24, 5, 240, 29,
       156, 77, 16, 242, 51, 189, 218, 215, 40, 250, 63, 253, 255, 255,
       63, 189, 253, 122, 255, 255, 255, 251, 255, 123, 252, 95, 251,
       255, 103, 123, 245, 126, 210, 119, 237, 255, 247, 255, 122, 123,
       119, 235, 215, 124, 215, 190, 219, 120, 249, 125, 120, 93, 127,
       47, 245, 21, 245, 111, 153, 174, 24, 7, 240, 29, 157, 93, 24, 242,
       115, 191, 123, 215, 40, 250, 191, 254, 255, 107, 255, 253, 191,
       248, 248, 255, 254, 255, 238, 127, 239, 253, 239, 255, 47, 243,
       245, 103, 219, 252, 237, 255, 253, 255, 222, 87, 243, 255, 223,
       108, 221, 190, 91, 120, 233, 116, 120, 92, 58, 47, 213, 115, 247,
       111, 153, 172, 24, 5, 240, 29, 156, 73, 16, 242, 51, 189, 216, 87,
       32, 250, 255, 249, 255, 254, 55, 55, 93, 126, 215, 223, 213, 250,
       127, 202, 182, 94, 255, 247, 126, 255, 183, 127, 227, 127, 175,
       255, 247, 255, 127, 125, 244, 233, 215, 127, 188, 255, 222, 125,
       251, 125, 122, 207, 255, 109, 251, 61, 247, 111, 255, 190, 155,
       207, 232, 61, 190, 85, 248, 183, 123, 219, 255, 255, 191, 255, 60,
       186, 255, 253, 54, 119, 177, 255, 245, 252, 254, 181, 127, 190,
       187, 238, 251, 220, 99, 107, 245, 5, 231, 183, 93, 235, 180, 159,
       123, 221, 119, 235, 247, 36, 117, 186, 86, 122, 233, 116, 120, 93,
       56, 46, 213, 183, 247, 111, 153, 172, 28, 5, 240, 29, 156, 73, 16,
       242, 51, 189, 88, 87, 32, 250, 61, 188, 253, 253, 63, 253, 245,
       121, 189, 253, 222, 249, 253, 126, 252, 207, 251, 253, 227, 123,
       245, 126, 218, 127, 125, 255, 245, 183, 126, 223, 119, 239, 223,
       236, 215, 190, 247, 249, 249, 127, 124, 93, 255, 47, 213, 53, 247,
       107, 187, 174, 153, 13, 242, 29, 156, 93, 56, 242, 247, 191, 251,
       223, 44, 222, 255, 249, 255, 255, 63, 255, 249, 254, 255, 253,
       223, 253, 255, 254, 255, 255, 251, 213, 123, 107, 245, 127, 231,
       119, 237, 255, 247, 63, 127, 95, 127, 235, 215, 100, 85, 254, 86,
       123, 249, 117, 248, 93, 127, 47, 213, 22, 245, 111, 157, 172, 26,
       5, 240, 29, 156, 77, 16, 246, 51, 189, 89, 95, 34, 250, 190, 245,
       125, 222, 255, 207, 223, 41, 223, 85, 253, 251, 255, 122, 212, 92,
       255, 215, 118, 115, 215, 47, 131, 119, 254, 255, 247, 127, 115,
       251, 215, 107, 135, 44, 69, 190, 222, 121, 251, 125, 113, 221,
       181, 111, 213, 52, 245, 111, 155, 174, 153, 15, 240, 29, 156, 73,
       48, 242, 115, 187, 120, 87, 164, 250, 45, 174, 239, 233, 56, 255,
       161, 255, 253, 254, 206, 181, 89, 61, 251, 229, 139, 252, 203,
       106, 245, 113, 94, 255, 93, 104, 4, 151, 124, 85, 59, 207, 253,
       64, 215, 186, 85, 250, 249, 60, 252, 117, 122, 166, 84, 227, 83,
       107, 184, 44, 28, 13, 242, 29, 157, 92, 54, 226, 47, 189, 202,
       215, 108, 246, 188, 254, 111, 237, 254, 253, 255, 249, 189, 255,
       255, 255, 221, 124, 249, 236, 179, 221, 95, 107, 253, 242, 174,
       124, 109, 255, 175, 179, 255, 95, 127, 191, 243, 228, 221, 251,
       214, 251, 249, 247, 255, 95, 255, 62, 246, 135, 216, 49, 143, 189,
       22, 37, 250, 191, 143, 125, 208, 246, 59, 252, 223, 94, 42, 181,
       108, 174, 239, 249, 122, 255, 163, 255, 189, 252, 222, 189, 221,
       255, 251, 238, 219, 253, 235, 106, 253, 119, 222, 191, 93, 253,
       149, 183, 125, 223, 63, 255, 255, 102, 87, 186, 87, 250, 253, 124,
       252, 93, 122, 62, 85, 167, 119, 107, 189, 173, 157, 13, 242, 29,
       156, 93, 48, 246, 59, 189, 219, 87, 40, 254, 186, 253, 255, 223,
       254, 223, 223, 57, 255, 245, 189, 255, 255, 126, 252, 252, 247,
       215, 126, 187, 215, 127, 211, 247, 255, 247, 247, 127, 127, 251,
       223, 239, 207, 109, 71, 254, 222, 123, 251, 125, 115, 223, 237,
       255, 245, 54, 253, 111, 159, 175, 155, 79, 248, 29, 159, 95, 120,
       247, 122, 191, 251, 125, 171, 254, 212, 57, 211, 212, 112, 3, 122,
       246, 66, 133, 209, 23, 70, 192, 146, 90, 226, 205, 58, 103, 15,
       173, 230, 147, 142, 202, 166, 205, 64, 44, 180, 41, 114, 55, 52,
       187, 12, 124, 195, 213, 80, 72, 153, 78, 235, 28, 201, 46, 153,
       164, 121, 215, 112, 94, 20, 75, 192, 250, 17, 251, 92, 20, 35,
       251, 76, 35, 97, 176, 80, 39, 35, 123, 196, 110, 194, 52, 81, 130,
       145, 66, 226, 84, 3, 100, 73, 128, 128, 50, 76, 136, 172, 13, 210,
       12, 48, 73, 112, 36, 84, 186, 82, 112, 1, 84, 144, 64, 24, 14, 64,
       20, 192, 76, 153, 44, 24, 4, 96, 28, 140, 73, 16, 242, 51, 188,
       88, 86, 32, 240, 254, 250, 255, 239, 254, 247, 251, 252, 223, 189,
       255, 255, 255, 94, 219, 252, 251, 215, 255, 123, 253, 63, 231,
       253, 175, 255, 255, 191, 127, 127, 247, 255, 255, 109, 189, 255,
       254, 127, 249, 117, 249, 93, 243, 62, 239, 167, 219, 127, 175,
       191, 207, 207, 250, 191, 159, 93, 228, 246, 255, 219, 255, 15,
       164, 190, 250, 217, 187, 255, 103, 191, 223, 43, 223, 255, 125,
       202, 191, 248, 116, 126, 245, 215, 124, 255, 190, 127, 242, 127,
       255, 223, 227, 126, 87, 243, 254, 235, 199, 191, 54, 125, 222,
       125, 250, 251, 114, 255, 245, 109, 187, 28, 245, 127, 223, 138,
       154, 223, 250, 125, 188, 223, 81, 255, 115, 255, 123, 253, 155,
       255, 124, 189, 255, 253, 62, 255, 255, 127, 253, 253, 255, 253,
       255, 126, 254, 254, 251, 213, 123, 107, 245, 119, 195, 119, 253,
       255, 245, 191, 123, 223, 119, 235, 215, 36, 85, 190, 210, 120,
       233, 124, 120, 93, 57, 47, 213, 53, 245, 111, 153, 172, 24, 5,
       240, 29, 156, 73, 16, 242, 51, 189, 88, 87, 32, 250, 252, 186,
       255, 255, 254, 183, 254, 245, 125, 255, 82, 251, 255, 163, 187,
       91, 254, 223, 251, 171, 253, 93, 207, 253, 235, 123, 255, 247, 94,
       117, 247, 255, 95, 219, 254, 117, 255, 253, 252, 119, 253, 78,
       235, 126, 255, 173, 91, 243, 255, 218, 56, 247, 229, 231, 253,
       255, 215, 255, 247, 207, 255, 251, 217, 183, 191, 246, 125, 33,
       255, 181, 191, 88, 188, 127, 241, 106, 237, 73, 116, 85, 244, 237,
       79, 240, 248, 98, 26, 252, 196, 252, 255, 255, 220, 23, 225, 183,
       91, 252, 222, 47, 218, 57, 161, 247, 92, 78, 90, 159, 211, 225,
       222, 21, 168, 223, 16, 33, 232, 189, 207, 113, 16, 246, 179, 156,
       254, 215, 40, 180, 125, 190, 255, 253, 126, 255, 243, 255, 253,
       252, 214, 253, 255, 127, 251, 237, 251, 253, 251, 107, 245, 111,
       222, 255, 255, 107, 182, 183, 124, 95, 127, 255, 255, 103, 87,
       190, 215, 250, 249, 124, 253, 93, 250, 62, 213, 167, 243, 111,
       189, 172, 156, 13, 240, 29, 157, 77, 52, 246, 115, 191, 218, 95,
       36, 254, 220, 9, 183, 253, 96, 103, 253, 247, 149, 252, 204, 151,
       83, 196, 147, 74, 171, 221, 251, 111, 126, 173, 230, 147, 15, 107,
       182, 134, 65, 196, 54, 234, 239, 51, 53, 251, 23, 124, 245, 116,
       120, 124, 181, 110, 255, 61, 3, 238, 157, 172, 122, 213, 241, 126,
       156, 72, 81, 250, 115, 251, 93, 118, 129, 250, 63, 214, 120, 173,
       191, 184, 159, 72, 63, 123, 189, 234, 252, 125, 36, 117, 245, 255,
       3, 243, 229, 114, 90, 120, 229, 223, 241, 251, 126, 119, 247, 231,
       151, 252, 223, 14, 250, 249, 232, 119, 104, 92, 106, 45, 213, 85,
       247, 123, 153, 254, 24, 5, 244, 149, 220, 105, 16, 211, 183, 189,
       248, 219, 40, 254, 236, 173, 239, 253, 122, 127, 243, 255, 189,
       252, 220, 223, 95, 253, 191, 238, 235, 253, 251, 103, 244, 253,
