%YAML:1.0
descriptors: !!opencv-matrix
   rows: 162
   cols: 64
   dt: u
   data: [ 60, 182, 252, 166, 63, 253, 187, 125, 246, 124, 222, 117, 125,
       126, 187, 116, 255, 214, 67, 98, 245, 35, 195, 118, 221, 238, 228,
       79, 90, 222, 243, 235, 215, 36, 85, 190, 86, 120, 233, 124, 120,
       92, 56, 47, 213, 53, 247, 111, 153, 172, 24, 5, 240, 29, 156, 73,
       16, 242, 51, 189, 90, 87, 32, 250, 62, 254, 127, 255, 62, 255,
       255, 253, 255, 254, 255, 189, 125, 126, 253, 254, 251, 214, 67,
       106, 245, 115, 215, 127, 221, 239, 228, 223, 127, 223, 255, 251,
       231, 44, 87, 190, 214, 122, 249, 125, 250, 93, 127, 46, 212, 183,
       245, 111, 157, 172, 24, 13, 242, 29, 157, 89, 16, 242, 123, 189,
       91, 95, 42, 250, 124, 58, 243, 183, 216, 225, 163, 236, 218, 177,
       198, 55, 245, 150, 155, 242, 251, 135, 195, 70, 109, 129, 207,
       148, 159, 248, 252, 237, 194, 206, 243, 190, 141, 37, 101, 190,
       20, 115, 205, 92, 184, 85, 16, 6, 77, 165, 171, 165, 153, 44, 201,
       45, 240, 31, 152, 65, 36, 248, 11, 189, 88, 7, 36, 218, 220, 234,
       119, 249, 240, 249, 166, 240, 121, 177, 238, 255, 206, 183, 205,
       234, 235, 137, 255, 111, 109, 196, 44, 176, 205, 127, 153, 227,
       237, 142, 162, 186, 152, 1, 85, 250, 85, 187, 237, 116, 124, 29,
       56, 55, 213, 167, 126, 228, 137, 173, 173, 49, 248, 31, 139, 77,
       54, 252, 7, 189, 88, 87, 100, 218, 84, 51, 147, 85, 64, 2, 74,
       247, 194, 138, 1, 4, 64, 192, 147, 2, 126, 195, 90, 198, 95, 173,
       71, 135, 138, 106, 254, 204, 0, 140, 160, 48, 106, 47, 71, 191,
       24, 40, 71, 68, 56, 64, 144, 142, 193, 104, 131, 110, 185, 172, 8,
       67, 177, 120, 24, 195, 71, 123, 19, 149, 120, 98, 97, 226, 183,
       253, 121, 170, 144, 204, 15, 65, 107, 79, 41, 250, 207, 39, 254,
       221, 255, 231, 36, 97, 7, 100, 83, 108, 253, 215, 119, 123, 151,
       42, 243, 41, 150, 196, 223, 159, 34, 125, 251, 118, 101, 222, 40,
       233, 151, 28, 245, 53, 209, 180, 16, 4, 224, 21, 190, 109, 24,
       182, 48, 45, 92, 87, 56, 186, 116, 33, 211, 19, 216, 2, 42, 231,
       194, 170, 195, 54, 113, 198, 147, 114, 114, 3, 67, 70, 73, 133,
       71, 133, 158, 8, 236, 141, 130, 140, 162, 42, 109, 36, 69, 191,
       24, 54, 5, 92, 136, 64, 20, 10, 65, 60, 129, 92, 153, 44, 24, 1,
       242, 24, 28, 65, 128, 114, 19, 176, 28, 22, 96, 96, 193, 235, 147,
       88, 0, 74, 230, 202, 203, 129, 43, 202, 210, 196, 206, 170, 143,
       1, 164, 15, 6, 45, 98, 195, 205, 215, 151, 110, 1, 42, 18, 8, 150,
       23, 97, 139, 0, 136, 254, 34, 96, 60, 168, 97, 191, 28, 53, 175,
       209, 136, 32, 119, 209, 85, 60, 202, 17, 218, 16, 47, 80, 117,
       209, 250, 208, 43, 147, 213, 96, 70, 250, 231, 202, 185, 91, 21,
       67, 212, 219, 170, 47, 197, 248, 47, 14, 141, 230, 155, 143, 203,
       190, 134, 7, 162, 50, 30, 117, 55, 109, 121, 28, 183, 206, 196,
       209, 116, 129, 118, 171, 142, 9, 186, 205, 8, 111, 243, 209, 126,
       52, 202, 197, 124, 1, 107, 76, 4, 19, 246, 80, 43, 144, 154, 64,
       90, 34, 102, 75, 192, 11, 20, 80, 183, 139, 162, 203, 3, 161, 102,
       15, 165, 67, 131, 217, 85, 152, 12, 0, 142, 130, 1, 214, 6, 81,
       170, 16, 90, 205, 72, 48, 20, 56, 39, 53, 156, 103, 110, 155, 172,
       41, 53, 176, 29, 24, 75, 2, 107, 19, 177, 88, 99, 97, 226, 140,
       171, 247, 249, 32, 223, 160, 231, 25, 217, 66, 223, 211, 182, 251,
       202, 139, 153, 233, 107, 181, 21, 78, 211, 93, 95, 17, 167, 68,
       198, 54, 218, 199, 2, 101, 170, 85, 248, 233, 60, 120, 61, 112,
       55, 247, 149, 119, 235, 157, 172, 169, 53, 211, 29, 156, 76, 6,
       218, 19, 229, 91, 95, 97, 250, 133, 171, 198, 97, 248, 250, 164,
       82, 40, 145, 198, 254, 194, 215, 202, 73, 203, 201, 175, 111, 197,
       5, 66, 211, 71, 94, 25, 167, 100, 14, 34, 2, 151, 4, 85, 186, 80,
       58, 233, 52, 120, 28, 56, 55, 213, 5, 247, 239, 153, 172, 8, 21,
       240, 29, 154, 73, 16, 242, 51, 181, 88, 87, 36, 218, 103, 39, 241,
       58, 208, 138, 36, 75, 227, 64, 131, 50, 244, 231, 140, 80, 234,
       33, 35, 100, 201, 69, 19, 103, 214, 212, 217, 173, 34, 142, 128,
       0, 150, 4, 71, 190, 0, 56, 233, 92, 36, 80, 56, 161, 85, 80, 245,
       111, 144, 164, 8, 8, 226, 29, 90, 9, 40, 242, 19, 181, 24, 83,
       104, 74, 254, 252, 127, 239, 255, 255, 255, 253, 255, 255, 253,
       249, 255, 62, 252, 253, 251, 245, 127, 109, 245, 83, 183, 116,
       255, 253, 253, 191, 255, 223, 127, 251, 245, 109, 23, 255, 214,
       113, 249, 253, 122, 223, 123, 63, 213, 183, 244, 109, 157, 173,
       30, 13, 248, 29, 159, 93, 16, 246, 59, 156, 91, 159, 42, 249, 66,
       132, 136, 136, 9, 140, 6, 5, 37, 107, 0, 200, 144, 4, 36, 7, 137,
       57, 33, 129, 136, 53, 90, 73, 84, 213, 25, 38, 0, 144, 17, 65, 71,
       146, 219, 9, 32, 232, 108, 34, 32, 32, 100, 169, 23, 92, 53, 51,
       16, 200, 24, 4, 167, 65, 124, 178, 17, 2, 146, 181, 0, 211, 88,
       98, 12, 34, 228, 165, 153, 161, 160, 252, 0, 56, 210, 53, 96, 68,
       139, 96, 226, 76, 195, 64, 233, 168, 142, 152, 14, 40, 0, 129,
       216, 68, 41, 206, 125, 35, 117, 186, 53, 242, 1, 20, 141, 68, 18,
       14, 72, 167, 11, 193, 40, 36, 88, 4, 210, 30, 140, 73, 134, 160,
       135, 144, 72, 6, 32, 116, 90, 217, 88, 219, 51, 219, 222, 1, 95,
       203, 17, 250, 180, 34, 252, 90, 255, 147, 60, 143, 143, 117, 195,
       105, 173, 215, 251, 109, 83, 235, 246, 49, 214, 4, 221, 155, 82,
       125, 235, 112, 112, 222, 117, 105, 183, 28, 245, 63, 151, 172, 16,
       5, 170, 21, 252, 251, 16, 243, 58, 253, 93, 91, 48, 178, 45, 50,
       117, 228, 60, 61, 161, 122, 244, 124, 198, 119, 205, 123, 248, 69,
       226, 220, 195, 104, 241, 36, 136, 115, 78, 184, 164, 147, 126, 76,
       49, 239, 215, 36, 84, 186, 86, 122, 169, 116, 221, 84, 26, 30,
       192, 135, 240, 79, 153, 173, 24, 5, 240, 29, 159, 73, 16, 242, 51,
       156, 88, 87, 32, 248, 70, 3, 146, 144, 64, 66, 14, 71, 2, 130, 3,
       2, 146, 192, 3, 18, 77, 65, 32, 199, 11, 165, 66, 3, 76, 83, 184,
       109, 0, 44, 146, 0, 86, 20, 85, 139, 0, 104, 199, 64, 32, 0, 48,
       41, 149, 28, 165, 46, 145, 172, 16, 5, 49, 89, 148, 75, 16, 123,
       49, 181, 88, 81, 48, 234, 61, 182, 109, 170, 63, 53, 37, 122, 245,
       126, 248, 49, 125, 127, 189, 68, 243, 244, 67, 96, 241, 98, 145,
       119, 92, 172, 165, 25, 122, 220, 121, 235, 215, 44, 87, 190, 82,
       120, 161, 124, 124, 94, 24, 175, 212, 49, 245, 79, 153, 172, 24,
       5, 240, 29, 156, 73, 16, 242, 51, 189, 90, 215, 40, 248, 84, 1,
       145, 18, 1, 2, 32, 78, 2, 34, 1, 4, 0, 195, 131, 18, 102, 2, 128,
       4, 10, 161, 228, 3, 140, 128, 226, 73, 2, 40, 0, 104, 48, 150, 16,
       138, 32, 132, 6, 194, 128, 0, 128, 64, 34, 24, 1, 142, 83, 32,
       114, 176, 36, 64, 100, 235, 129, 40, 8, 72, 12, 4, 211, 97, 68,
       138, 130, 25, 64, 218, 162, 64, 8, 177, 6, 140, 128, 17, 73, 131,
       9, 9, 185, 15, 140, 37, 74, 65, 65, 85, 25, 38, 0, 2, 3, 66, 151,
       19, 113, 32, 17, 200, 238, 34, 32, 52, 40, 39, 53, 156, 117, 163,
       153, 200, 40, 53, 181, 77, 184, 138, 19, 202, 19, 165, 64, 83, 17,
       250, 163, 221, 152, 91, 7, 200, 92, 13, 63, 195, 165, 234, 190,
       202, 38, 31, 253, 179, 52, 151, 158, 127, 115, 103, 241, 87, 243,
       126, 51, 57, 198, 32, 143, 62, 130, 132, 170, 9, 250, 121, 112,
       155, 36, 233, 149, 93, 181, 47, 241, 154, 152, 77, 244, 129, 120,
       247, 59, 147, 246, 191, 51, 249, 157, 74, 23, 51, 208, 52, 221,
       32, 32, 78, 0, 0, 208, 117, 98, 67, 130, 81, 106, 68, 1, 80, 195,
       45, 235, 67, 14, 138, 114, 9, 146, 12, 32, 76, 23, 39, 116, 154,
       32, 48, 1, 84, 193, 64, 24, 74, 73, 17, 235, 206, 88, 36, 88, 4,
       96, 18, 156, 73, 0, 176, 3, 145, 8, 71, 32, 105, 31, 49, 93, 166,
       55, 49, 57, 122, 214, 158, 213, 117, 125, 26, 176, 114, 242, 214,
       67, 241, 225, 34, 193, 118, 140, 170, 228, 137, 82, 12, 241, 233,
       214, 44, 85, 190, 91, 120, 201, 116, 216, 92, 56, 15, 208, 21,
