%YAML:1.0
descriptors: !!opencv-matrix
   rows: 146
   cols: 64
   dt: u
   data: [ 191, 253, 255, 254, 55, 125, 253, 254, 255, 223, 253, 251,
       127, 250, 254, 253, 251, 246, 119, 123, 119, 254, 245, 118, 239,
       191, 247, 251, 255, 127, 254, 185, 214, 108, 22, 254, 218, 123,
       249, 245, 250, 223, 57, 63, 208, 55, 245, 110, 153, 173, 30, 5,
       248, 29, 159, 77, 16, 242, 59, 191, 121, 95, 34, 251, 60, 51, 125,
       254, 62, 61, 249, 121, 245, 124, 223, 53, 125, 126, 249, 244, 242,
       244, 67, 98, 245, 114, 145, 118, 221, 170, 228, 153, 126, 220,
       125, 251, 247, 36, 87, 190, 214, 114, 217, 125, 250, 93, 25, 14,
       212, 167, 193, 79, 153, 173, 24, 5, 240, 29, 157, 73, 16, 242, 51,
       189, 90, 86, 34, 248, 23, 176, 200, 42, 31, 104, 16, 46, 82, 42,
       220, 247, 44, 47, 134, 114, 235, 150, 33, 209, 193, 7, 195, 117,
       77, 205, 240, 43, 82, 14, 227, 107, 213, 36, 85, 186, 83, 120,
       233, 116, 112, 92, 56, 47, 213, 21, 247, 109, 153, 172, 24, 5,
       240, 29, 156, 73, 16, 242, 51, 189, 88, 87, 32, 250, 190, 250,
       255, 239, 63, 125, 249, 255, 223, 253, 254, 253, 127, 190, 251,
       254, 251, 214, 99, 107, 253, 146, 231, 52, 253, 173, 245, 187, 95,
       223, 255, 251, 229, 44, 85, 254, 215, 123, 233, 252, 250, 93, 113,
       62, 212, 135, 210, 109, 153, 173, 30, 5, 248, 29, 157, 73, 16,
       242, 59, 188, 91, 95, 34, 250, 127, 254, 255, 237, 255, 255, 247,
       249, 253, 253, 222, 255, 255, 127, 253, 253, 251, 253, 127, 123,
       253, 95, 218, 125, 255, 255, 125, 191, 127, 223, 127, 255, 199,
       239, 95, 255, 223, 255, 253, 126, 125, 221, 122, 191, 221, 191,
       255, 179, 189, 253, 152, 13, 255, 253, 158, 109, 120, 254, 251,
       189, 219, 223, 56, 254, 253, 253, 255, 253, 118, 127, 253, 254,
       253, 255, 253, 251, 127, 251, 246, 255, 251, 253, 255, 127, 247,
       253, 247, 255, 239, 255, 247, 255, 127, 127, 254, 255, 223, 239,
       190, 255, 255, 253, 249, 245, 255, 223, 251, 127, 251, 55, 247,
       255, 253, 191, 126, 215, 232, 191, 191, 77, 252, 254, 255, 223,
       255, 255, 191, 191, 191, 245, 253, 254, 63, 189, 253, 121, 255,
       255, 245, 251, 255, 122, 180, 95, 246, 247, 103, 123, 247, 126,
       243, 127, 253, 191, 247, 251, 127, 251, 245, 239, 215, 108, 150,
       190, 223, 121, 249, 253, 122, 223, 255, 47, 242, 53, 245, 111,
       187, 174, 152, 15, 248, 29, 158, 93, 56, 242, 115, 191, 251, 223,
       42, 255, 189, 255, 247, 253, 254, 191, 255, 122, 253, 127, 250,
       251, 239, 127, 252, 253, 243, 253, 255, 107, 245, 109, 152, 255,
       239, 255, 119, 191, 126, 95, 115, 255, 215, 103, 93, 191, 86, 124,
       249, 117, 125, 92, 186, 191, 221, 131, 247, 111, 153, 189, 24, 5,
       240, 61, 159, 77, 16, 246, 115, 191, 218, 87, 32, 250, 31, 180,
       93, 190, 62, 177, 190, 113, 114, 250, 84, 243, 220, 114, 164, 81,
       238, 223, 1, 99, 197, 36, 195, 115, 205, 222, 241, 255, 90, 77,
       181, 107, 215, 36, 85, 186, 83, 120, 233, 116, 112, 92, 56, 47,
       213, 20, 247, 111, 153, 172, 24, 5, 240, 29, 156, 73, 16, 242, 51,
       189, 88, 87, 32, 250, 191, 246, 125, 253, 63, 253, 255, 121, 255,
       255, 255, 251, 253, 127, 252, 117, 251, 245, 103, 123, 245, 119,
       211, 126, 253, 255, 245, 255, 126, 223, 247, 239, 215, 108, 87,
       190, 214, 121, 249, 125, 120, 93, 123, 47, 213, 53, 245, 111, 153,
       172, 24, 5, 240, 29, 156, 73, 16, 242, 51, 189, 218, 215, 40, 250,
       60, 50, 117, 164, 62, 181, 171, 121, 212, 254, 210, 53, 253, 78,
       153, 84, 250, 213, 67, 98, 241, 38, 195, 127, 220, 184, 180, 141,
       82, 156, 113, 235, 71, 44, 85, 190, 82, 120, 233, 116, 120, 76,
       16, 46, 213, 37, 209, 111, 153, 172, 24, 1, 240, 29, 156, 73, 16,
       242, 51, 189, 88, 87, 32, 242, 127, 245, 125, 254, 119, 191, 95,
       90, 247, 87, 253, 250, 255, 123, 164, 95, 243, 247, 127, 247, 247,
       119, 209, 119, 245, 255, 225, 63, 123, 127, 244, 233, 222, 108,
       150, 190, 218, 121, 249, 125, 122, 223, 63, 173, 213, 113, 245,
       111, 157, 174, 152, 13, 248, 29, 222, 93, 56, 246, 119, 191, 123,
       215, 172, 219, 63, 182, 125, 167, 62, 253, 187, 112, 124, 254, 86,
       247, 221, 127, 187, 85, 250, 223, 1, 99, 245, 97, 195, 122, 205,
       250, 180, 255, 126, 95, 247, 239, 215, 36, 85, 186, 83, 120, 233,
       116, 120, 92, 56, 47, 213, 21, 247, 111, 153, 172, 24, 5, 240, 29,
       156, 73, 16, 242, 51, 189, 88, 87, 32, 250, 61, 254, 117, 41, 153,
       248, 167, 220, 249, 153, 202, 253, 229, 55, 201, 241, 251, 140,
       163, 64, 229, 0, 79, 212, 229, 221, 121, 171, 111, 14, 99, 254,
       221, 68, 77, 158, 116, 186, 233, 116, 125, 92, 58, 39, 85, 245,
       118, 101, 184, 188, 8, 37, 240, 21, 204, 73, 20, 242, 135, 173,
       88, 95, 100, 90, 189, 242, 231, 164, 54, 101, 53, 126, 244, 253,
       244, 241, 127, 187, 180, 78, 235, 212, 39, 97, 225, 2, 229, 55,
       77, 191, 181, 43, 83, 12, 48, 233, 213, 36, 84, 186, 82, 120, 233,
       244, 112, 94, 56, 47, 208, 20, 245, 110, 153, 172, 24, 5, 240, 29,
       156, 73, 16, 242, 51, 189, 88, 87, 32, 250, 62, 53, 245, 166, 23,
       165, 33, 123, 230, 196, 213, 48, 253, 42, 177, 87, 250, 244, 99,
       97, 241, 38, 209, 119, 92, 184, 244, 9, 82, 156, 112, 233, 214,
       36, 87, 190, 82, 120, 201, 124, 112, 92, 60, 47, 212, 20, 245,
       111, 153, 172, 24, 5, 240, 29, 156, 73, 16, 242, 51, 189, 88, 87,
       32, 250, 190, 49, 113, 55, 179, 4, 25, 233, 198, 32, 251, 54, 245,
       194, 209, 118, 242, 150, 70, 80, 73, 162, 129, 4, 156, 136, 228,
       201, 194, 188, 244, 184, 96, 44, 68, 190, 202, 50, 129, 220, 138,
       64, 21, 10, 192, 103, 136, 28, 139, 38, 145, 3, 114, 30, 21, 65,
       0, 114, 17, 184, 60, 6, 34, 49, 30, 49, 221, 182, 22, 33, 157,
       254, 214, 142, 213, 55, 125, 14, 179, 82, 250, 212, 67, 99, 97,
       162, 195, 118, 76, 154, 180, 9, 82, 12, 114, 233, 215, 36, 21,
       186, 82, 120, 201, 116, 112, 92, 56, 46, 212, 20, 229, 110, 153,
       172, 24, 5, 240, 29, 156, 73, 16, 242, 51, 189, 88, 87, 32, 250,
       61, 53, 117, 178, 23, 37, 37, 127, 230, 76, 208, 55, 125, 110,
       179, 87, 251, 244, 67, 98, 113, 34, 209, 118, 92, 190, 180, 9, 82,
       152, 115, 233, 215, 36, 87, 186, 82, 120, 201, 124, 112, 92, 60,
       47, 212, 20, 245, 111, 153, 172, 24, 5, 240, 29, 156, 73, 16, 242,
       51, 189, 88, 87, 32, 250, 126, 53, 249, 190, 82, 15, 63, 71, 199,
       230, 95, 176, 117, 230, 188, 86, 243, 147, 83, 103, 183, 55, 209,
       23, 221, 206, 236, 205, 66, 184, 245, 232, 195, 45, 71, 191, 219,
       120, 193, 124, 120, 93, 53, 171, 213, 28, 165, 111, 157, 172, 24,
       13, 240, 29, 156, 89, 80, 242, 51, 185, 88, 86, 56, 250, 13, 238,
       103, 233, 248, 253, 163, 208, 57, 221, 202, 127, 204, 63, 233,
       225, 195, 252, 143, 106, 229, 96, 30, 248, 101, 60, 9, 179, 252,
       71, 59, 151, 245, 192, 223, 186, 117, 243, 189, 52, 255, 84, 90,
       22, 84, 131, 90, 113, 136, 125, 28, 37, 218, 151, 143, 109, 54,
       196, 39, 172, 202, 79, 38, 176, 60, 49, 253, 182, 22, 37, 61, 122,
       246, 132, 213, 52, 125, 111, 177, 83, 250, 212, 67, 99, 225, 38,
       193, 119, 76, 190, 180, 9, 82, 8, 112, 233, 215, 36, 85, 186, 82,
       120, 201, 116, 112, 92, 56, 47, 212, 20, 245, 111, 153, 172, 24,
       5, 240, 29, 156, 73, 16, 242, 51, 189, 88, 87, 32, 250, 87, 48,
       80, 38, 93, 34, 39, 126, 82, 8, 208, 53, 36, 79, 128, 81, 114,
       199, 129, 84, 225, 33, 193, 103, 132, 136, 232, 205, 90, 8, 225,
       105, 95, 37, 20, 190, 55, 56, 1, 244, 80, 64, 26, 10, 193, 17,
       195, 79, 152, 36, 24, 4, 224, 24, 28, 65, 8, 178, 55, 152, 24, 22,
       36, 104, 13, 46, 225, 32, 24, 248, 32, 76, 41, 186, 194, 53, 208,
       22, 171, 195, 139, 40, 163, 64, 233, 1, 90, 208, 69, 73, 24, 161,
       72, 68, 43, 194, 205, 0, 71, 170, 49, 186, 233, 44, 108, 20, 50,
       39, 85, 225, 55, 225, 56, 108, 40, 52, 211, 29, 88, 0, 6, 192,
       135, 165, 10, 83, 96, 74, 140, 168, 219, 41, 48, 113, 188, 206,
