%YAML:1.0
descriptors: !!opencv-matrix
   rows: 133
   cols: 64
   dt: u
   data: [ 239, 254, 239, 239, 255, 255, 255, 248, 253, 125, 254, 251,
       255, 126, 254, 237, 251, 253, 255, 253, 253, 87, 187, 252, 119,
       255, 121, 183, 255, 223, 127, 255, 223, 237, 95, 251, 255, 251,
       253, 191, 127, 223, 126, 63, 221, 127, 254, 113, 189, 255, 156,
       45, 255, 255, 159, 239, 126, 254, 183, 189, 223, 223, 60, 254, 63,
       189, 255, 254, 63, 119, 249, 126, 246, 252, 212, 245, 125, 127,
       187, 94, 255, 222, 99, 99, 245, 39, 195, 119, 205, 235, 244, 223,
       122, 93, 247, 235, 215, 44, 85, 190, 83, 120, 233, 116, 120, 93,
       56, 47, 213, 53, 247, 111, 153, 172, 24, 5, 240, 29, 156, 73, 16,
       242, 51, 189, 88, 87, 32, 250, 60, 189, 255, 254, 63, 127, 253,
       127, 247, 252, 253, 245, 127, 126, 191, 255, 255, 215, 99, 99,
       245, 63, 211, 119, 221, 239, 246, 255, 91, 223, 247, 235, 223, 36,
       87, 190, 210, 120, 233, 117, 120, 93, 57, 47, 213, 53, 247, 111,
       153, 172, 24, 5, 240, 29, 156, 73, 16, 242, 51, 189, 88, 87, 32,
       250, 60, 188, 255, 254, 62, 117, 253, 127, 245, 252, 254, 241,
       125, 126, 187, 214, 251, 220, 99, 99, 245, 114, 245, 255, 221,
       171, 228, 155, 123, 221, 245, 239, 247, 44, 85, 190, 215, 120,
       233, 124, 120, 93, 123, 46, 212, 53, 215, 111, 153, 172, 24, 5,
       240, 29, 157, 73, 16, 242, 51, 189, 90, 87, 32, 250, 61, 52, 253,
       117, 62, 181, 249, 124, 244, 190, 208, 177, 109, 75, 179, 87, 250,
       252, 195, 123, 245, 99, 223, 191, 141, 170, 230, 159, 90, 93, 245,
       239, 127, 172, 220, 190, 255, 188, 225, 119, 216, 76, 123, 174,
       210, 113, 195, 123, 185, 236, 24, 5, 224, 29, 156, 73, 148, 178,
       183, 191, 250, 214, 32, 247, 124, 52, 253, 188, 63, 245, 61, 125,
       213, 250, 208, 181, 125, 174, 185, 86, 251, 156, 195, 83, 249, 49,
       223, 191, 221, 168, 226, 159, 90, 221, 253, 239, 79, 164, 87, 190,
       255, 248, 225, 119, 120, 76, 119, 46, 214, 53, 199, 107, 187, 238,
       24, 7, 242, 29, 156, 89, 20, 242, 191, 189, 219, 86, 40, 246, 191,
       253, 125, 254, 55, 253, 253, 123, 255, 93, 253, 251, 255, 122,
       252, 253, 251, 246, 103, 115, 245, 118, 241, 119, 237, 255, 241,
       123, 127, 94, 246, 233, 214, 108, 86, 190, 210, 120, 249, 245,
       122, 223, 56, 47, 212, 23, 245, 111, 153, 172, 24, 5, 248, 29,
       159, 73, 16, 242, 51, 189, 88, 95, 34, 251, 190, 245, 253, 254,
       55, 63, 93, 123, 247, 71, 253, 248, 127, 122, 180, 92, 247, 246,
       118, 119, 119, 126, 241, 119, 252, 255, 231, 123, 123, 249, 252,
       169, 198, 44, 22, 254, 202, 121, 217, 253, 90, 219, 189, 47, 208,
       21, 245, 110, 159, 174, 155, 13, 248, 29, 158, 89, 56, 242, 115,
       191, 123, 223, 42, 251, 60, 54, 117, 166, 54, 117, 161, 255, 244,
       220, 222, 53, 125, 62, 185, 228, 243, 212, 195, 96, 113, 34, 149,
       182, 220, 168, 164, 137, 250, 92, 121, 249, 252, 36, 85, 190, 86,
       114, 137, 116, 248, 85, 26, 14, 68, 167, 192, 76, 153, 172, 92, 5,
       242, 29, 157, 73, 16, 242, 51, 188, 90, 70, 32, 248, 63, 53, 125,
       150, 55, 45, 21, 126, 230, 68, 253, 48, 125, 58, 180, 87, 246,
       246, 67, 97, 113, 34, 193, 55, 204, 168, 228, 89, 114, 28, 244,
       105, 210, 44, 84, 190, 66, 120, 129, 252, 112, 93, 60, 47, 212,
       52, 229, 78, 153, 172, 24, 5, 240, 29, 156, 73, 16, 242, 51, 188,
       88, 86, 32, 248, 191, 246, 125, 167, 191, 181, 159, 88, 254, 127,
       245, 251, 237, 59, 244, 85, 242, 213, 7, 97, 225, 34, 131, 116,
       76, 158, 249, 59, 214, 26, 113, 123, 215, 36, 84, 190, 82, 120,
       169, 244, 82, 94, 56, 15, 208, 20, 212, 77, 153, 172, 24, 5, 240,
       29, 156, 73, 16, 242, 51, 188, 88, 87, 32, 251, 191, 246, 125,
       175, 191, 189, 159, 120, 254, 127, 253, 251, 253, 127, 244, 125,
       243, 245, 39, 99, 245, 102, 147, 124, 236, 255, 245, 63, 95, 27,
       119, 251, 215, 36, 85, 190, 82, 120, 233, 116, 114, 94, 56, 47,
       213, 20, 245, 111, 153, 172, 24, 5, 240, 29, 156, 73, 16, 242, 51,
       189, 88, 87, 34, 251, 47, 34, 109, 162, 62, 189, 33, 120, 244, 94,
       210, 52, 125, 59, 184, 69, 226, 244, 67, 96, 241, 114, 145, 116,
       76, 168, 164, 137, 122, 92, 57, 233, 208, 36, 86, 186, 82, 122,
       129, 116, 220, 84, 24, 14, 80, 135, 192, 79, 153, 44, 24, 4, 242,
       29, 159, 73, 16, 242, 51, 188, 88, 86, 34, 249, 58, 241, 121, 134,
       191, 141, 93, 41, 214, 81, 245, 115, 189, 90, 180, 84, 246, 150,
       70, 144, 113, 58, 145, 102, 180, 182, 229, 89, 250, 248, 213, 168,
       142, 108, 6, 190, 254, 49, 203, 253, 91, 223, 151, 201, 208, 117,
       181, 78, 179, 182, 153, 11, 248, 16, 222, 81, 56, 179, 126, 185,
       58, 159, 174, 217, 60, 55, 253, 152, 54, 127, 49, 127, 245, 212,
       222, 180, 125, 62, 185, 230, 251, 212, 67, 104, 117, 114, 212,
       183, 221, 168, 164, 153, 122, 220, 124, 233, 220, 36, 87, 190,
       214, 122, 217, 124, 252, 93, 61, 46, 84, 167, 229, 110, 155, 172,
       157, 13, 242, 29, 157, 93, 40, 242, 59, 253, 91, 214, 40, 250, 61,
       54, 253, 168, 63, 119, 55, 126, 244, 94, 214, 55, 253, 63, 187,
       69, 251, 245, 99, 96, 241, 39, 211, 118, 92, 252, 180, 173, 82,
       158, 115, 233, 215, 44, 87, 190, 82, 120, 233, 124, 120, 92, 56,
       47, 213, 53, 245, 111, 153, 172, 24, 5, 240, 29, 156, 73, 16, 242,
       51, 189, 88, 87, 32, 250, 45, 54, 101, 32, 61, 55, 161, 126, 244,
       220, 194, 53, 109, 29, 185, 69, 202, 252, 195, 96, 241, 98, 88,
       247, 68, 56, 4, 129, 124, 84, 97, 203, 221, 72, 215, 190, 85, 58,
       169, 125, 252, 84, 26, 134, 68, 225, 211, 79, 184, 188, 24, 9,
       240, 29, 156, 65, 54, 242, 55, 157, 202, 215, 44, 122, 124, 49,
       245, 148, 16, 135, 57, 111, 198, 228, 211, 53, 117, 170, 147, 86,
       250, 212, 3, 103, 201, 161, 194, 55, 76, 138, 164, 13, 82, 8, 48,
       105, 87, 36, 85, 186, 82, 120, 193, 84, 112, 72, 56, 46, 196, 20,
       193, 110, 153, 172, 24, 5, 240, 28, 156, 73, 16, 242, 51, 189, 88,
       22, 32, 250, 46, 166, 108, 169, 159, 252, 164, 77, 61, 250, 218,
       53, 252, 63, 169, 244, 219, 184, 131, 208, 241, 82, 223, 124, 85,
       28, 120, 163, 126, 215, 171, 199, 205, 232, 79, 186, 119, 242,
       169, 60, 108, 84, 90, 172, 84, 213, 246, 97, 185, 108, 24, 13,
       242, 21, 216, 89, 22, 226, 175, 180, 218, 219, 40, 86, 63, 180,
       125, 166, 191, 189, 159, 88, 254, 127, 223, 123, 253, 127, 180,
       85, 251, 245, 67, 113, 241, 118, 211, 124, 236, 254, 245, 63, 122,
       91, 117, 239, 215, 44, 87, 190, 82, 120, 233, 117, 112, 93, 120,
       47, 213, 20, 245, 111, 153, 172, 24, 5, 240, 29, 156, 73, 16, 242,
       51, 189, 88, 87, 32, 250, 61, 49, 241, 52, 17, 34, 57, 78, 192, 8,
       193, 53, 101, 195, 131, 82, 234, 156, 3, 70, 97, 40, 193, 55, 76,
       136, 226, 137, 82, 12, 32, 233, 86, 36, 20, 186, 18, 120, 1, 84,
       88, 72, 24, 10, 224, 21, 195, 78, 153, 172, 24, 5, 240, 28, 156,
       73, 16, 242, 51, 189, 88, 70, 32, 242, 63, 182, 124, 175, 191,
       245, 155, 61, 255, 253, 212, 253, 189, 63, 187, 117, 255, 246, 67,
       243, 245, 115, 211, 124, 253, 186, 240, 123, 126, 95, 247, 239,
       223, 44, 87, 190, 214, 120, 233, 125, 120, 93, 122, 47, 213, 53,
       247, 111, 153, 172, 24, 13, 240, 29, 156, 73, 48, 242, 51, 189,
       218, 87, 40, 250, 60, 253, 127, 255, 54, 253, 253, 121, 255, 253,
       253, 249, 255, 127, 252, 254, 255, 246, 103, 123, 247, 126, 241,
       247, 253, 191, 231, 251, 127, 251, 255, 251, 223, 108, 87, 254,
       222, 123, 249, 253, 254, 223, 251, 63, 244, 183, 245, 111, 187,
       175, 159, 79, 248, 29, 159, 93, 56, 242, 123, 255, 251, 223, 174,
       255, 55, 55, 113, 182, 61, 160, 9, 25, 198, 88, 130, 113, 165, 91,
       128, 85, 114, 230, 3, 82, 225, 34, 209, 87, 132, 154, 224, 9, 18,
       56, 97, 233, 15, 44, 215, 182, 241, 56, 233, 85, 104, 84, 50, 137,
       192, 65, 181, 79, 184, 174, 24, 9, 240, 29, 220, 65, 0, 50, 23,
