%YAML:1.0
descriptors: !!opencv-matrix
   rows: 145
   cols: 64
   dt: u
   data: [ 63, 178, 125, 254, 63, 189, 191, 120, 255, 252, 214, 245, 253,
       126, 189, 85, 254, 246, 67, 98, 245, 114, 195, 119, 205, 190, 228,
       255, 122, 93, 245, 239, 215, 44, 87, 190, 214, 122, 233, 125, 120,
       93, 123, 47, 212, 53, 245, 111, 153, 172, 24, 5, 240, 29, 156, 73,
       16, 242, 51, 189, 90, 87, 32, 250, 31, 50, 85, 162, 63, 176, 161,
       124, 114, 190, 210, 53, 108, 63, 137, 81, 234, 222, 1, 240, 225,
       32, 193, 114, 204, 136, 224, 203, 90, 12, 241, 107, 215, 36, 85,
       186, 91, 120, 233, 116, 112, 92, 56, 46, 212, 21, 247, 111, 153,
       172, 24, 5, 240, 29, 156, 73, 16, 242, 51, 189, 88, 87, 32, 250,
       59, 244, 125, 190, 63, 191, 63, 125, 246, 126, 253, 185, 125, 122,
       180, 95, 242, 247, 67, 112, 245, 115, 209, 126, 220, 170, 228, 31,
       123, 89, 125, 235, 215, 44, 84, 190, 210, 122, 161, 245, 218, 223,
       95, 15, 208, 23, 229, 79, 153, 172, 24, 5, 240, 29, 157, 73, 24,
       242, 51, 188, 90, 86, 34, 249, 28, 179, 85, 244, 52, 176, 124,
       114, 82, 26, 241, 113, 236, 67, 132, 81, 118, 198, 6, 235, 195,
       44, 1, 215, 172, 30, 227, 217, 94, 44, 228, 232, 94, 52, 156, 190,
       94, 60, 209, 245, 89, 202, 187, 79, 226, 5, 215, 79, 136, 183, 24,
       67, 104, 24, 158, 73, 22, 179, 51, 159, 120, 55, 165, 178, 53, 53,
       117, 52, 21, 34, 37, 90, 166, 4, 133, 112, 109, 91, 132, 21, 118,
       175, 71, 85, 115, 110, 16, 119, 196, 190, 225, 93, 112, 28, 224,
       161, 202, 46, 134, 190, 128, 56, 17, 93, 124, 138, 58, 135, 208,
       113, 181, 78, 176, 182, 144, 8, 96, 24, 222, 65, 56, 178, 119,
       159, 56, 215, 172, 90, 5, 174, 86, 11, 184, 248, 160, 244, 105,
       144, 142, 117, 228, 55, 203, 225, 235, 168, 137, 106, 245, 0, 15,
       240, 225, 125, 89, 163, 172, 14, 139, 86, 253, 96, 93, 146, 81,
       146, 237, 52, 253, 20, 26, 182, 69, 227, 126, 225, 168, 125, 77,
       45, 244, 7, 137, 73, 38, 192, 134, 164, 72, 71, 36, 90, 69, 39,
       208, 52, 81, 162, 42, 70, 0, 170, 195, 53, 192, 195, 131, 2, 106,
       137, 3, 70, 203, 173, 195, 19, 76, 90, 186, 141, 64, 12, 160, 96,
       87, 37, 69, 187, 80, 56, 69, 84, 88, 64, 24, 14, 193, 25, 131, 79,
       153, 172, 24, 5, 240, 28, 156, 73, 16, 242, 51, 189, 88, 71, 32,
       242, 216, 201, 154, 222, 99, 79, 92, 39, 31, 193, 29, 223, 22,
       238, 54, 254, 191, 147, 124, 175, 6, 189, 227, 35, 123, 87, 243,
       124, 83, 234, 158, 41, 214, 55, 49, 243, 131, 77, 218, 117, 112,
       253, 181, 107, 191, 28, 245, 238, 213, 162, 59, 213, 248, 93, 184,
       207, 81, 255, 123, 123, 89, 125, 147, 234, 210, 193, 136, 22, 7,
       2, 94, 3, 67, 131, 61, 202, 58, 194, 38, 26, 117, 19, 52, 151, 10,
       191, 97, 6, 224, 71, 243, 110, 3, 185, 132, 32, 130, 190, 32, 69,
       43, 77, 98, 226, 98, 234, 165, 105, 147, 92, 53, 46, 87, 202, 18,
       71, 108, 64, 112, 242, 219, 179, 112, 115, 53, 112, 208, 139, 16,
       155, 215, 223, 32, 92, 164, 133, 47, 212, 46, 149, 21, 119, 219,
       240, 255, 146, 160, 42, 68, 40, 198, 50, 217, 221, 241, 105, 47,
       138, 210, 57, 150, 4, 65, 182, 113, 82, 233, 124, 100, 29, 56, 39,
       245, 150, 245, 110, 153, 172, 237, 13, 176, 13, 152, 73, 48, 242,
       51, 173, 88, 71, 33, 218, 147, 17, 144, 86, 1, 2, 80, 14, 18, 1,
       5, 117, 38, 219, 130, 16, 102, 146, 0, 23, 70, 45, 227, 35, 130,
       138, 226, 73, 178, 40, 192, 41, 190, 54, 48, 182, 51, 64, 210,
       245, 195, 154, 153, 66, 232, 17, 193, 78, 145, 166, 89, 69, 112,
       10, 152, 65, 49, 51, 55, 187, 24, 54, 167, 73, 134, 193, 8, 156,
       7, 74, 92, 2, 3, 67, 61, 202, 18, 192, 100, 27, 237, 82, 36, 199,
       6, 188, 160, 35, 108, 215, 179, 105, 19, 42, 150, 33, 210, 52, 20,
       202, 66, 108, 226, 240, 114, 202, 60, 105, 151, 28, 245, 46, 209,
       172, 18, 5, 104, 25, 180, 75, 145, 242, 48, 61, 92, 85, 32, 171,
       80, 33, 147, 23, 0, 66, 216, 198, 194, 128, 1, 132, 82, 128, 131,
       18, 46, 2, 144, 15, 10, 169, 102, 131, 140, 131, 166, 12, 3, 168,
       0, 8, 52, 23, 32, 219, 0, 132, 66, 192, 128, 96, 129, 64, 170, 28,
       1, 46, 81, 8, 111, 243, 17, 90, 52, 202, 197, 106, 8, 73, 68, 4,
       83, 227, 5, 142, 129, 40, 0, 152, 164, 1, 41, 192, 6, 196, 208,
       53, 13, 0, 137, 41, 161, 224, 128, 69, 90, 209, 81, 84, 24, 164,
       32, 132, 1, 66, 151, 208, 65, 0, 57, 136, 108, 40, 44, 53, 56,
       161, 85, 81, 119, 227, 91, 200, 169, 58, 245, 69, 120, 188, 46,
       194, 19, 165, 0, 211, 76, 74, 141, 118, 100, 32, 221, 48, 45, 210,
       176, 63, 232, 99, 66, 201, 128, 1, 0, 108, 167, 208, 113, 134, 56,
       218, 70, 63, 183, 226, 216, 4, 33, 215, 106, 56, 222, 168, 121,
       52, 33, 165, 76, 38, 26, 159, 192, 97, 150, 201, 40, 253, 24, 0,
       192, 190, 206, 1, 22, 144, 151, 150, 174, 210, 36, 40, 68, 43,
       221, 138, 0, 223, 166, 118, 104, 214, 78, 20, 81, 55, 155, 162,
       203, 69, 225, 102, 212, 97, 66, 211, 73, 117, 152, 164, 32, 138,
       19, 73, 215, 4, 85, 186, 17, 90, 233, 116, 116, 92, 56, 39, 85,
       20, 245, 111, 155, 172, 9, 5, 240, 29, 156, 73, 4, 242, 19, 189,
       88, 87, 96, 250, 135, 167, 130, 33, 145, 176, 160, 64, 40, 129,
       134, 102, 194, 23, 128, 1, 8, 9, 165, 199, 193, 5, 66, 81, 102,
       94, 17, 167, 68, 6, 34, 18, 151, 16, 85, 138, 49, 24, 105, 20, 73,
       52, 56, 160, 213, 65, 183, 99, 25, 172, 8, 1, 241, 21, 216, 104,
       18, 211, 19, 165, 8, 83, 96, 74, 0, 138, 130, 1, 1, 208, 160, 199,
       0, 179, 0, 200, 130, 145, 3, 11, 8, 9, 161, 139, 128, 5, 78, 193,
       65, 1, 24, 38, 0, 4, 1, 66, 157, 0, 65, 32, 17, 136, 44, 32, 96,
       52, 40, 36, 21, 85, 19, 225, 24, 72, 40, 53, 213, 77, 120, 136,
       23, 200, 135, 165, 0, 83, 64, 74, 140, 170, 206, 233, 52, 249,
       244, 214, 57, 147, 70, 254, 130, 23, 239, 201, 137, 221, 57, 235,
       133, 85, 198, 113, 109, 95, 25, 39, 117, 15, 50, 35, 215, 80, 221,
       202, 83, 121, 233, 52, 112, 60, 58, 53, 215, 20, 119, 235, 153,
       188, 56, 5, 241, 29, 152, 76, 18, 210, 51, 173, 88, 91, 36, 250,
       64, 1, 220, 154, 1, 223, 6, 102, 39, 230, 41, 134, 144, 174, 191,
       102, 203, 209, 97, 103, 141, 55, 195, 99, 73, 119, 177, 44, 80,
       138, 51, 97, 215, 4, 85, 186, 82, 120, 233, 124, 112, 92, 56, 47,
       213, 20, 245, 111, 153, 172, 24, 5, 240, 29, 156, 73, 16, 242, 51,
       189, 88, 87, 32, 250, 7, 6, 1, 34, 25, 160, 162, 72, 32, 80, 130,
       97, 160, 19, 128, 17, 66, 68, 133, 0, 192, 32, 0, 112, 68, 152, 0,
       1, 22, 40, 1, 73, 20, 64, 216, 146, 33, 88, 1, 132, 197, 0, 26, 1,
       64, 1, 208, 77, 0, 53, 24, 4, 112, 0, 207, 9, 0, 2, 22, 132, 0,
       71, 36, 88, 38, 165, 216, 10, 16, 200, 4, 71, 99, 0, 13, 176, 180,
       54, 172, 90, 219, 35, 32, 4, 131, 85, 83, 71, 213, 213, 81, 45,
       34, 172, 128, 32, 135, 4, 71, 158, 0, 24, 107, 92, 32, 153, 44,
       33, 53, 92, 53, 47, 209, 172, 168, 12, 178, 1, 120, 91, 56, 114,
       18, 165, 24, 209, 104, 74, 60, 42, 255, 248, 50, 127, 177, 255,
       253, 254, 222, 181, 93, 180, 251, 230, 155, 220, 227, 106, 245,
       81, 214, 183, 221, 109, 148, 145, 109, 214, 127, 235, 205, 8, 199,
       174, 223, 114, 233, 124, 252, 93, 119, 166, 117, 167, 103, 110,
       187, 172, 239, 139, 242, 29, 156, 92, 164, 226, 75, 253, 251, 207,
       108, 246, 45, 50, 101, 160, 63, 189, 161, 122, 244, 92, 214, 53,
       109, 123, 185, 69, 226, 220, 3, 96, 225, 38, 128, 119, 78, 168,
       160, 141, 126, 12, 49, 235, 247, 36, 84, 186, 82, 122, 129, 116,
       220, 84, 26, 14, 192, 135, 193, 79, 153, 44, 24, 5, 240, 29, 159,
       73, 16, 242, 51, 188, 88, 87, 36, 248, 63, 117, 109, 186, 23, 61,
       29, 91, 247, 94, 220, 176, 125, 47, 189, 87, 243, 244, 67, 112,
       241, 114, 209, 119, 92, 188, 228, 25, 122, 220, 125, 233, 194, 44,
       87, 190, 210, 120, 129, 124, 126, 95, 28, 175, 212, 85, 229, 78,
       153, 172, 24, 13, 240, 29, 156, 73, 24, 242, 51, 189, 90, 86, 42,
