%YAML:1.0
descriptors: !!opencv-matrix
   rows: 121
   cols: 64
   dt: u
   data: [ 60, 49, 253, 182, 63, 177, 189, 122, 244, 190, 212, 113, 253,
       127, 176, 64, 250, 220, 67, 99, 245, 102, 193, 247, 204, 58, 228,
       159, 90, 76, 245, 235, 223, 36, 85, 190, 83, 120, 233, 116, 120,
       92, 56, 47, 212, 53, 247, 111, 153, 172, 24, 5, 240, 29, 156, 73,
       16, 242, 51, 189, 88, 87, 32, 250, 60, 180, 253, 255, 63, 253,
       253, 125, 254, 255, 222, 255, 253, 126, 190, 117, 251, 223, 99,
       99, 245, 55, 195, 127, 205, 255, 245, 255, 90, 95, 247, 239, 215,
       44, 85, 190, 87, 120, 233, 116, 120, 92, 122, 47, 213, 53, 247,
       111, 153, 172, 24, 5, 240, 29, 156, 73, 16, 242, 51, 189, 88, 87,
       32, 250, 63, 186, 253, 247, 63, 189, 253, 120, 255, 253, 254, 243,
       253, 127, 184, 85, 251, 255, 99, 107, 245, 118, 195, 127, 237,
       255, 245, 255, 126, 95, 245, 239, 215, 44, 87, 190, 215, 120, 249,
       117, 120, 93, 123, 47, 213, 53, 247, 111, 153, 172, 24, 5, 240,
       29, 156, 73, 16, 242, 51, 189, 90, 87, 32, 250, 31, 53, 93, 54,
       55, 177, 188, 123, 242, 184, 213, 241, 124, 118, 160, 83, 226,
       222, 3, 243, 197, 38, 193, 119, 204, 154, 228, 207, 82, 12, 177,
       106, 215, 44, 85, 190, 91, 120, 233, 116, 120, 92, 56, 47, 212,
       21, 247, 111, 153, 172, 24, 5, 240, 29, 156, 73, 16, 242, 51, 189,
       88, 87, 32, 250, 62, 181, 253, 190, 62, 189, 249, 123, 214, 254,
       213, 241, 253, 122, 189, 86, 246, 214, 99, 115, 245, 38, 211, 247,
       221, 186, 228, 207, 82, 156, 245, 235, 207, 44, 85, 190, 219, 120,
       233, 116, 120, 92, 57, 47, 212, 53, 247, 111, 153, 172, 24, 5,
       240, 29, 156, 73, 16, 242, 51, 189, 88, 87, 32, 250, 28, 49, 221,
       182, 55, 163, 125, 122, 246, 186, 213, 113, 125, 111, 176, 82,
       242, 214, 67, 115, 229, 38, 193, 247, 204, 186, 224, 223, 82, 12,
       245, 235, 223, 36, 85, 190, 82, 120, 233, 116, 120, 92, 56, 47,
       212, 53, 245, 111, 153, 172, 24, 5, 240, 29, 156, 73, 16, 242, 51,
       189, 88, 87, 32, 250, 61, 182, 253, 184, 62, 255, 189, 126, 245,
       254, 254, 245, 125, 63, 187, 103, 251, 252, 227, 107, 245, 119,
       210, 247, 221, 255, 181, 191, 120, 86, 119, 235, 223, 36, 87, 190,
       87, 120, 233, 124, 120, 92, 58, 47, 213, 53, 247, 111, 185, 172,
       24, 5, 240, 29, 156, 73, 20, 242, 51, 189, 90, 87, 32, 250, 115,
       22, 208, 131, 223, 130, 139, 141, 238, 107, 2, 127, 165, 14, 163,
       85, 122, 247, 24, 16, 200, 7, 219, 108, 70, 192, 248, 47, 146, 9,
       67, 111, 85, 165, 93, 51, 114, 249, 173, 86, 64, 68, 72, 8, 193,
       12, 249, 17, 157, 204, 24, 37, 181, 185, 156, 235, 80, 126, 178,
       189, 216, 87, 48, 254, 204, 233, 247, 253, 112, 103, 127, 254,
       137, 229, 197, 219, 211, 192, 150, 74, 171, 93, 63, 111, 46, 173,
       230, 147, 15, 219, 150, 191, 209, 36, 54, 173, 211, 55, 52, 251,
       18, 125, 247, 245, 82, 106, 185, 119, 251, 28, 73, 190, 93, 164,
       122, 247, 81, 126, 180, 206, 209, 252, 113, 251, 93, 116, 147,
       251, 69, 38, 97, 128, 216, 134, 3, 72, 224, 102, 129, 48, 65, 195,
       144, 65, 194, 101, 27, 100, 203, 129, 8, 1, 78, 192, 12, 13, 146,
       8, 49, 73, 112, 39, 84, 155, 0, 48, 5, 214, 4, 66, 24, 138, 65,
       24, 192, 129, 20, 36, 16, 0, 33, 120, 132, 11, 80, 44, 1, 156, 72,
       70, 48, 177, 51, 212, 61, 142, 39, 29, 29, 9, 183, 68, 61, 128,
       61, 56, 52, 84, 246, 246, 0, 48, 144, 114, 144, 102, 252, 128,
       224, 88, 51, 248, 93, 105, 144, 44, 18, 158, 194, 72, 130, 248,
       178, 219, 77, 9, 144, 22, 228, 78, 145, 164, 18, 13, 42, 25, 159,
       73, 56, 114, 58, 188, 89, 94, 42, 249, 76, 35, 225, 176, 16, 35,
       32, 119, 192, 170, 194, 53, 81, 134, 153, 66, 202, 76, 67, 98,
       233, 160, 196, 147, 12, 136, 164, 129, 64, 140, 49, 200, 113, 36,
       85, 186, 81, 122, 1, 84, 152, 68, 16, 14, 64, 133, 131, 78, 25,
       44, 24, 5, 240, 29, 156, 73, 0, 226, 19, 188, 72, 6, 32, 242, 68,
       35, 231, 152, 64, 87, 2, 103, 32, 198, 3, 20, 81, 229, 185, 98,
       138, 81, 67, 102, 19, 161, 68, 163, 92, 0, 140, 5, 0, 140, 16, 8,
       112, 6, 69, 170, 16, 114, 5, 92, 180, 112, 24, 6, 85, 156, 65, 78,
       25, 44, 24, 5, 51, 29, 148, 72, 16, 98, 3, 188, 72, 86, 32, 240,
       48, 214, 108, 138, 175, 157, 129, 121, 126, 84, 62, 69, 61, 61,
       121, 228, 246, 212, 68, 32, 208, 64, 129, 116, 105, 164, 33, 8,
       62, 26, 89, 121, 244, 100, 81, 154, 82, 114, 137, 244, 211, 85,
       24, 14, 84, 134, 208, 76, 145, 45, 28, 5, 184, 29, 143, 73, 16,
       114, 50, 188, 88, 87, 34, 249, 45, 118, 117, 170, 23, 45, 37, 89,
       228, 84, 202, 53, 125, 63, 253, 245, 242, 244, 67, 96, 113, 2,
       144, 116, 92, 188, 37, 9, 250, 90, 120, 169, 208, 36, 87, 186, 66,
       114, 1, 116, 188, 85, 28, 15, 68, 135, 228, 76, 136, 37, 24, 12,
       242, 29, 143, 73, 24, 240, 35, 188, 88, 70, 32, 248, 76, 43, 247,
       240, 48, 54, 45, 82, 96, 238, 235, 48, 67, 195, 153, 99, 227, 204,
       35, 103, 47, 164, 196, 51, 77, 143, 167, 137, 82, 12, 48, 217,
       114, 4, 85, 186, 80, 124, 193, 84, 120, 76, 56, 47, 214, 5, 199,
       110, 153, 172, 24, 5, 240, 29, 156, 73, 16, 242, 51, 189, 88, 86,
       32, 242, 118, 117, 121, 154, 18, 6, 5, 11, 198, 70, 33, 48, 53,
       162, 180, 86, 242, 150, 0, 100, 3, 160, 145, 39, 220, 129, 229,
       13, 2, 184, 208, 40, 128, 36, 6, 158, 2, 120, 1, 220, 34, 202, 52,
       9, 16, 28, 228, 14, 145, 164, 16, 4, 32, 24, 20, 73, 24, 114, 49,
       184, 24, 86, 32, 249, 66, 1, 129, 18, 0, 2, 0, 7, 130, 2, 1, 20,
       17, 130, 147, 18, 74, 16, 0, 4, 10, 130, 228, 2, 28, 128, 172, 9,
       2, 136, 16, 8, 0, 36, 4, 186, 0, 32, 3, 92, 0, 64, 20, 8, 0, 28,
       0, 140, 17, 36, 80, 4, 32, 24, 52, 3, 128, 96, 33, 56, 72, 4, 32,
       225, 63, 54, 101, 162, 191, 176, 133, 88, 230, 84, 240, 115, 237,
       27, 128, 85, 226, 244, 7, 112, 97, 2, 129, 116, 76, 136, 96, 9,
       246, 24, 113, 41, 212, 36, 84, 186, 82, 112, 1, 212, 213, 66, 24,
       15, 192, 1, 208, 76, 152, 37, 24, 4, 112, 28, 143, 73, 16, 242,
       51, 156, 88, 87, 36, 249, 118, 33, 227, 180, 18, 6, 9, 203, 198,
       198, 19, 54, 211, 230, 179, 114, 242, 85, 3, 103, 15, 173, 192, 7,
       28, 138, 166, 13, 2, 168, 48, 40, 98, 38, 68, 186, 66, 126, 67,
       212, 128, 64, 20, 72, 194, 12, 129, 46, 153, 44, 16, 5, 114, 24,
       148, 73, 0, 114, 49, 185, 72, 22, 32, 242, 70, 1, 129, 16, 0, 130,
       12, 71, 0, 130, 1, 0, 80, 128, 129, 2, 138, 64, 0, 71, 130, 32,
       64, 3, 76, 128, 128, 13, 2, 8, 48, 72, 82, 36, 85, 186, 0, 120,
       65, 84, 32, 64, 56, 43, 212, 20, 193, 110, 25, 172, 24, 5, 112,
       25, 156, 72, 16, 98, 51, 189, 72, 86, 32, 250, 50, 241, 125, 134,
       55, 3, 31, 43, 214, 64, 189, 113, 61, 110, 180, 84, 246, 214, 70,
       116, 65, 34, 161, 102, 236, 140, 224, 25, 210, 152, 220, 41, 212,
       44, 20, 190, 74, 112, 129, 244, 82, 203, 21, 15, 208, 20, 228, 78,
       145, 164, 25, 5, 104, 24, 156, 73, 16, 242, 51, 184, 88, 86, 34,
       249, 68, 3, 1, 144, 0, 130, 10, 66, 0, 34, 3, 6, 208, 224, 161, 2,
       128, 81, 1, 102, 202, 164, 192, 67, 76, 138, 160, 12, 0, 12, 49,
       72, 82, 36, 84, 186, 80, 120, 65, 84, 80, 64, 24, 14, 192, 4, 193,
       79, 25, 172, 24, 5, 112, 28, 156, 73, 16, 114, 51, 189, 72, 86,
       32, 250, 55, 54, 117, 162, 191, 156, 7, 73, 230, 68, 147, 114,
       189, 127, 176, 85, 242, 245, 3, 96, 193, 38, 145, 116, 92, 156,
       181, 9, 210, 26, 113, 105, 215, 44, 87, 190, 82, 120, 169, 124,
       112, 92, 24, 143, 212, 20, 244, 79, 153, 172, 24, 5, 240, 29, 156,
       73, 16, 242, 51, 189, 88, 87, 32, 248, 35, 52, 64, 2, 157, 128, 7,
       8, 226, 66, 3, 98, 172, 11, 128, 21, 98, 231, 0, 112, 193, 34, 17,
       100, 68, 144, 248, 9, 146, 8, 1, 97, 84, 36, 86, 154, 66, 56, 1,
       84, 0, 64, 24, 139, 192, 80, 244, 77, 145, 172, 16, 0, 112, 24,
       156, 73, 16, 114, 50, 188, 88, 87, 32, 248, 118, 233, 255, 220,
