%YAML:1.0
descriptors: !!opencv-matrix
   rows: 157
   cols: 64
   dt: u
   data: [ 191, 255, 255, 247, 63, 189, 249, 122, 255, 255, 253, 251,
       255, 123, 246, 127, 246, 255, 103, 251, 245, 127, 211, 127, 237,
       234, 231, 255, 126, 127, 247, 235, 247, 108, 86, 190, 255, 120,
       249, 253, 250, 95, 123, 47, 208, 23, 247, 111, 153, 174, 24, 5,
       240, 29, 156, 77, 16, 242, 115, 191, 122, 87, 32, 251, 175, 190,
       254, 39, 255, 253, 191, 216, 254, 255, 174, 239, 238, 127, 234,
       253, 255, 255, 47, 243, 245, 39, 123, 125, 197, 255, 253, 239, 94,
       31, 243, 247, 223, 44, 87, 190, 83, 120, 233, 124, 120, 92, 56,
       175, 213, 115, 247, 111, 153, 172, 24, 5, 240, 29, 156, 73, 16,
       242, 51, 189, 88, 87, 32, 250, 191, 254, 125, 255, 191, 189, 255,
       249, 255, 255, 253, 251, 239, 123, 246, 125, 247, 247, 127, 123,
       253, 119, 243, 126, 253, 239, 247, 255, 127, 125, 255, 255, 255,
       108, 150, 254, 222, 121, 249, 253, 126, 223, 123, 191, 213, 51,
       213, 127, 185, 191, 24, 13, 248, 157, 159, 93, 56, 246, 247, 159,
       250, 223, 46, 255, 255, 249, 255, 247, 55, 191, 249, 122, 255,
       255, 245, 251, 255, 250, 244, 95, 246, 255, 127, 251, 191, 127,
       241, 255, 173, 186, 231, 255, 127, 125, 244, 251, 251, 108, 182,
       255, 223, 125, 241, 245, 218, 223, 255, 127, 251, 55, 211, 111,
       191, 191, 154, 207, 248, 189, 159, 93, 112, 247, 127, 223, 251,
       190, 174, 191, 255, 253, 255, 118, 55, 183, 125, 122, 215, 191,
       245, 251, 239, 203, 148, 94, 246, 223, 127, 127, 183, 127, 225,
       255, 175, 251, 231, 255, 127, 125, 244, 233, 218, 127, 188, 255,
       223, 61, 243, 245, 218, 206, 255, 111, 251, 49, 211, 127, 255,
       191, 27, 199, 104, 189, 255, 85, 125, 183, 119, 219, 251, 191,
       175, 191, 63, 254, 253, 239, 63, 253, 253, 121, 189, 255, 223,
       249, 189, 63, 252, 221, 251, 255, 227, 123, 245, 118, 210, 127,
       125, 255, 245, 255, 126, 251, 117, 239, 223, 124, 215, 190, 247,
       121, 249, 125, 124, 93, 123, 47, 245, 181, 247, 111, 187, 174,
       152, 13, 242, 29, 159, 93, 48, 242, 183, 189, 251, 223, 44, 254,
       63, 178, 125, 254, 63, 189, 221, 88, 119, 254, 147, 241, 253, 127,
       185, 87, 255, 247, 97, 251, 229, 116, 83, 123, 197, 254, 243, 255,
       126, 127, 245, 235, 215, 36, 87, 186, 122, 120, 249, 117, 116, 93,
       122, 47, 213, 21, 245, 111, 153, 172, 24, 5, 242, 29, 156, 77, 16,
       242, 51, 189, 88, 87, 32, 250, 191, 254, 125, 255, 191, 189, 255,
       121, 255, 255, 253, 251, 255, 123, 252, 93, 246, 247, 103, 123,
       245, 119, 211, 126, 253, 255, 247, 255, 126, 251, 247, 239, 215,
       108, 215, 190, 255, 121, 249, 125, 126, 95, 123, 47, 213, 53, 245,
       111, 187, 174, 152, 13, 242, 29, 158, 93, 48, 242, 115, 191, 251,
       223, 44, 255, 4, 32, 131, 129, 216, 132, 170, 193, 128, 174, 3,
       54, 209, 6, 147, 64, 234, 85, 3, 66, 201, 37, 202, 72, 12, 152,
       188, 15, 18, 8, 51, 78, 71, 36, 93, 187, 16, 120, 73, 86, 16, 64,
       16, 10, 69, 20, 129, 55, 153, 44, 24, 5, 240, 28, 156, 65, 16,
       114, 51, 185, 72, 23, 32, 242, 191, 254, 125, 237, 255, 189, 255,
       248, 255, 255, 252, 251, 239, 123, 244, 125, 247, 247, 127, 123,
       253, 119, 155, 124, 245, 255, 245, 255, 255, 127, 247, 255, 223,
       236, 222, 254, 246, 121, 249, 255, 126, 223, 123, 191, 213, 115,
       245, 127, 189, 191, 24, 13, 248, 189, 159, 93, 56, 246, 247, 159,
       250, 223, 46, 255, 191, 252, 125, 234, 255, 191, 223, 88, 255, 95,
       252, 251, 175, 123, 244, 93, 243, 247, 255, 57, 245, 118, 145,
       119, 117, 255, 113, 63, 127, 123, 127, 235, 159, 236, 158, 254,
       246, 121, 249, 253, 127, 223, 251, 253, 213, 81, 244, 111, 190,
       191, 153, 13, 248, 181, 223, 117, 56, 182, 247, 159, 251, 223,
       188, 223, 191, 252, 127, 239, 191, 253, 221, 250, 255, 95, 253,
       249, 127, 123, 252, 253, 243, 212, 127, 107, 245, 86, 165, 125,
       111, 175, 231, 59, 255, 91, 126, 251, 240, 100, 28, 254, 82, 119,
       185, 245, 211, 222, 121, 31, 208, 150, 212, 92, 137, 173, 30, 5,
       248, 29, 159, 77, 144, 242, 59, 156, 92, 30, 34, 185, 221, 54,
       247, 113, 252, 177, 163, 240, 232, 189, 194, 119, 206, 249, 131,
       65, 250, 237, 227, 99, 253, 173, 75, 255, 130, 122, 244, 238, 248,
       4, 227, 231, 95, 34, 85, 190, 85, 184, 249, 116, 92, 84, 26, 134,
       193, 97, 243, 111, 184, 172, 24, 1, 242, 29, 156, 73, 38, 242, 23,
       183, 218, 87, 37, 122, 47, 63, 229, 118, 63, 175, 117, 90, 181,
       124, 238, 49, 47, 255, 164, 77, 162, 125, 161, 114, 245, 46, 216,
       119, 86, 170, 130, 23, 122, 89, 125, 205, 143, 166, 86, 178, 247,
       250, 241, 253, 223, 255, 94, 199, 200, 83, 229, 75, 184, 166, 24,
       12, 226, 28, 159, 1, 56, 178, 247, 191, 202, 198, 175, 216, 251,
       221, 210, 119, 253, 98, 255, 138, 252, 189, 84, 251, 174, 219, 6,
       29, 127, 239, 189, 243, 239, 175, 235, 127, 226, 223, 243, 183,
       219, 115, 227, 231, 151, 175, 52, 117, 119, 157, 255, 119, 73,
       126, 250, 251, 201, 81, 255, 251, 237, 246, 88, 209, 245, 166,
       188, 233, 87, 191, 247, 191, 254, 119, 149, 254, 5, 34, 83, 244,
       56, 162, 233, 74, 0, 184, 64, 117, 67, 67, 129, 65, 34, 76, 133,
       98, 194, 44, 140, 123, 14, 154, 2, 7, 86, 11, 33, 95, 119, 167,
       60, 186, 48, 252, 105, 150, 193, 96, 24, 70, 232, 4, 193, 75, 8,
       36, 120, 21, 240, 20, 156, 73, 16, 226, 51, 143, 72, 7, 33, 189,
       252, 41, 243, 119, 57, 229, 249, 239, 212, 185, 214, 183, 243,
       230, 147, 110, 59, 9, 227, 67, 255, 175, 231, 159, 155, 251, 246,
       163, 74, 227, 38, 254, 207, 38, 101, 182, 183, 188, 249, 124, 120,
       124, 181, 238, 239, 53, 171, 111, 185, 174, 57, 211, 240, 30, 28,
       65, 22, 242, 247, 251, 58, 55, 161, 254, 252, 250, 255, 253, 250,
       127, 251, 245, 255, 253, 254, 255, 255, 245, 255, 250, 255, 155,
       250, 43, 253, 253, 239, 190, 255, 111, 253, 247, 237, 247, 255,
       255, 255, 241, 71, 117, 255, 251, 248, 127, 254, 29, 235, 54, 253,
       183, 255, 107, 191, 238, 143, 207, 246, 127, 152, 93, 126, 255,
       255, 253, 251, 127, 255, 222, 76, 34, 113, 144, 24, 199, 35, 109,
       196, 228, 67, 52, 81, 2, 153, 66, 234, 84, 3, 98, 139, 33, 204,
       19, 12, 136, 164, 13, 82, 8, 49, 75, 113, 36, 85, 186, 16, 122, 1,
       86, 144, 64, 16, 14, 64, 132, 193, 111, 153, 44, 24, 5, 112, 28,
       148, 73, 16, 226, 51, 189, 72, 6, 32, 242, 62, 249, 255, 255, 63,
       253, 223, 121, 255, 255, 221, 253, 255, 126, 252, 221, 251, 213,
       127, 107, 245, 127, 243, 119, 253, 255, 247, 63, 127, 219, 127,
       235, 215, 108, 87, 254, 214, 121, 249, 117, 120, 221, 127, 47,
       213, 20, 245, 111, 157, 172, 26, 5, 248, 29, 158, 73, 16, 242, 59,
       189, 91, 95, 32, 250, 191, 245, 125, 246, 63, 189, 223, 24, 247,
       95, 245, 250, 191, 123, 180, 93, 246, 247, 38, 115, 231, 126, 243,
       119, 237, 255, 243, 127, 126, 121, 245, 235, 215, 108, 150, 190,
       210, 121, 249, 245, 82, 223, 59, 47, 209, 20, 245, 111, 153, 174,
       24, 5, 240, 29, 156, 73, 16, 242, 51, 191, 88, 95, 32, 251, 220,
       249, 255, 253, 118, 127, 253, 254, 157, 253, 253, 219, 95, 248,
       182, 206, 189, 221, 250, 111, 62, 221, 230, 187, 255, 127, 255,
       246, 105, 247, 118, 175, 223, 59, 53, 237, 223, 253, 254, 125,
       122, 191, 255, 127, 191, 61, 127, 254, 255, 138, 255, 255, 217,
       255, 180, 222, 247, 255, 125, 123, 255, 125, 147, 255, 251, 221,
       124, 255, 255, 191, 223, 9, 255, 87, 189, 250, 191, 123, 118, 93,
       245, 247, 60, 247, 126, 119, 179, 116, 246, 247, 251, 127, 255,
       123, 255, 41, 198, 109, 158, 223, 202, 121, 249, 255, 114, 223,
       125, 189, 213, 92, 253, 31, 157, 175, 18, 13, 232, 189, 158, 111,
       56, 246, 113, 189, 122, 223, 58, 251, 197, 32, 210, 147, 200, 130,
       34, 196, 42, 227, 2, 38, 146, 166, 163, 66, 234, 147, 57, 100, 73,
       133, 67, 16, 66, 72, 184, 45, 192, 12, 178, 35, 87, 37, 85, 187,
