%YAML:1.0
descriptors: !!opencv-matrix
   rows: 131
   cols: 64
   dt: u
   data: [ 255, 255, 255, 253, 119, 255, 255, 250, 255, 255, 253, 251,
       255, 255, 254, 255, 187, 253, 254, 255, 191, 255, 243, 255, 255,
       255, 255, 255, 127, 255, 254, 255, 223, 255, 239, 255, 254, 253,
       255, 127, 127, 255, 251, 255, 191, 251, 255, 255, 255, 255, 191,
       255, 251, 255, 255, 254, 127, 255, 255, 255, 255, 253, 255, 254,
       56, 49, 255, 246, 50, 37, 121, 127, 212, 204, 87, 181, 117, 226,
       145, 86, 250, 214, 67, 99, 246, 60, 193, 247, 157, 170, 166, 137,
       66, 200, 116, 233, 199, 38, 53, 190, 87, 120, 209, 116, 120, 93,
       181, 46, 230, 21, 225, 110, 155, 172, 25, 69, 240, 28, 156, 73,
       16, 242, 115, 249, 89, 23, 33, 250, 63, 181, 253, 254, 55, 189,
       93, 31, 247, 222, 213, 176, 61, 122, 180, 95, 255, 246, 98, 243,
       245, 118, 209, 119, 213, 187, 229, 89, 122, 248, 245, 233, 207,
       44, 215, 190, 219, 120, 249, 125, 120, 95, 63, 173, 212, 117, 245,
       111, 187, 174, 152, 15, 240, 29, 220, 93, 56, 243, 115, 189, 123,
       215, 44, 250, 58, 49, 255, 254, 55, 181, 89, 63, 215, 222, 213,
       176, 127, 234, 53, 94, 254, 214, 98, 251, 183, 62, 193, 247, 189,
       170, 230, 221, 82, 245, 244, 232, 207, 60, 39, 190, 223, 120, 208,
       125, 120, 223, 181, 47, 246, 53, 247, 111, 155, 174, 153, 7, 240,
       29, 156, 89, 16, 243, 123, 251, 121, 23, 40, 251, 51, 150, 84, 35,
       253, 176, 167, 24, 118, 59, 192, 107, 172, 27, 0, 21, 102, 247, 5,
       208, 225, 34, 139, 124, 100, 152, 104, 47, 222, 1, 225, 103, 93,
       236, 220, 182, 115, 56, 41, 117, 77, 68, 26, 143, 208, 65, 210,
       85, 152, 188, 24, 5, 244, 149, 220, 73, 18, 242, 183, 156, 216,
       87, 36, 120, 237, 174, 255, 253, 58, 127, 249, 247, 185, 254, 206,
       191, 95, 189, 251, 238, 153, 237, 251, 107, 253, 213, 126, 187,
       253, 127, 151, 246, 109, 215, 127, 255, 255, 80, 247, 97, 255,
       255, 249, 61, 124, 61, 251, 182, 255, 179, 119, 235, 191, 254,
       175, 255, 211, 253, 152, 92, 246, 207, 223, 239, 255, 251, 109,
       254, 60, 253, 255, 220, 34, 255, 253, 119, 123, 253, 255, 217,
       223, 244, 252, 218, 189, 251, 250, 171, 247, 125, 82, 251, 255,
       127, 247, 254, 109, 247, 254, 239, 223, 122, 99, 44, 222, 252,
       250, 125, 125, 61, 255, 103, 255, 52, 247, 111, 191, 234, 169,
       223, 242, 93, 24, 93, 127, 215, 83, 255, 251, 249, 201, 254, 253,
       249, 255, 253, 55, 125, 253, 254, 253, 255, 252, 255, 127, 254,
       255, 239, 251, 252, 255, 107, 125, 222, 231, 183, 239, 255, 247,
       187, 127, 79, 126, 187, 250, 102, 245, 254, 87, 127, 249, 125,
       122, 223, 251, 63, 223, 183, 127, 254, 189, 173, 126, 149, 248,
       159, 159, 77, 176, 244, 111, 255, 223, 223, 167, 250, 126, 184,
       253, 175, 254, 255, 63, 121, 223, 119, 223, 62, 253, 126, 255, 84,
       251, 213, 123, 100, 253, 119, 211, 245, 223, 252, 252, 191, 242,
       223, 127, 235, 199, 44, 87, 190, 218, 123, 233, 127, 120, 93, 85,
       47, 213, 61, 245, 111, 159, 172, 153, 13, 242, 29, 156, 89, 16,
       242, 59, 189, 120, 95, 40, 250, 125, 191, 253, 250, 127, 191, 119,
       122, 245, 126, 214, 55, 253, 255, 190, 93, 250, 245, 67, 116, 245,
       119, 211, 119, 223, 250, 244, 157, 122, 92, 124, 233, 223, 44,
       215, 190, 214, 122, 217, 124, 124, 221, 26, 47, 213, 181, 229,
       111, 153, 172, 152, 13, 240, 29, 159, 89, 56, 246, 51, 189, 90,
       215, 46, 250, 61, 182, 125, 170, 54, 247, 183, 117, 116, 220, 86,
       21, 93, 63, 185, 85, 251, 220, 65, 96, 241, 113, 193, 113, 77,
       248, 168, 157, 122, 92, 113, 233, 213, 36, 85, 186, 83, 120, 169,
       116, 112, 93, 56, 47, 213, 20, 246, 111, 153, 172, 24, 5, 240, 29,
       156, 73, 16, 242, 51, 188, 88, 87, 32, 250, 253, 62, 247, 161,
       223, 183, 163, 252, 252, 127, 210, 127, 239, 223, 179, 69, 242,
       245, 123, 118, 249, 71, 219, 125, 78, 232, 124, 175, 254, 93, 115,
       239, 95, 45, 215, 191, 86, 114, 109, 116, 220, 84, 26, 142, 81,
       33, 201, 213, 184, 44, 24, 5, 240, 189, 156, 73, 16, 244, 51, 157,
       218, 87, 36, 248, 127, 53, 253, 150, 55, 151, 31, 59, 231, 230,
       181, 176, 253, 170, 180, 87, 246, 247, 66, 245, 155, 119, 209, 55,
       220, 170, 228, 93, 82, 184, 244, 41, 210, 44, 86, 190, 202, 120,
       193, 253, 112, 91, 61, 47, 208, 20, 229, 111, 153, 172, 24, 5,
       112, 29, 156, 73, 16, 242, 51, 189, 88, 86, 40, 251, 62, 49, 125,
       182, 55, 51, 57, 126, 246, 158, 213, 241, 125, 59, 180, 86, 242,
       212, 3, 97, 193, 34, 225, 55, 140, 138, 228, 25, 82, 12, 117, 233,
       246, 36, 20, 190, 82, 120, 129, 245, 210, 78, 25, 14, 208, 20,
       193, 78, 153, 172, 24, 5, 240, 28, 157, 73, 16, 242, 51, 156, 88,
       86, 34, 249, 60, 247, 117, 174, 55, 125, 37, 123, 245, 92, 252,
       181, 125, 63, 188, 118, 243, 244, 67, 96, 241, 98, 145, 118, 92,
       173, 165, 25, 123, 222, 121, 233, 208, 36, 87, 190, 82, 120, 201,
       124, 126, 92, 56, 47, 212, 20, 244, 110, 153, 172, 24, 5, 240, 29,
       156, 73, 24, 242, 51, 188, 88, 86, 34, 248, 63, 49, 125, 166, 55,
       53, 57, 126, 244, 30, 212, 241, 109, 59, 148, 87, 242, 212, 3, 97,
       225, 34, 225, 118, 140, 136, 228, 137, 90, 12, 113, 233, 244, 36,
       20, 190, 82, 120, 129, 244, 218, 94, 24, 14, 208, 21, 192, 78,
       153, 172, 24, 5, 240, 29, 157, 73, 16, 242, 51, 156, 88, 86, 34,
       249, 60, 53, 125, 174, 22, 45, 53, 127, 245, 68, 223, 52, 125, 62,
       189, 102, 243, 244, 67, 96, 241, 50, 209, 183, 93, 168, 164, 137,
       114, 220, 125, 233, 212, 36, 87, 190, 82, 120, 129, 124, 120, 93,
       60, 47, 212, 53, 228, 110, 153, 172, 152, 13, 242, 29, 156, 73,
       16, 242, 51, 188, 88, 86, 32, 250, 63, 182, 125, 170, 55, 189, 5,
       121, 246, 94, 252, 176, 125, 63, 188, 85, 242, 244, 67, 112, 241,
       114, 209, 118, 220, 172, 228, 25, 122, 156, 113, 233, 212, 44, 87,
       190, 90, 120, 137, 124, 126, 94, 24, 47, 212, 21, 244, 78, 153,
       172, 24, 5, 240, 29, 156, 73, 24, 242, 51, 188, 88, 215, 42, 248,
       62, 49, 125, 166, 55, 53, 57, 122, 214, 94, 215, 49, 125, 26, 177,
       86, 242, 212, 3, 96, 225, 34, 193, 118, 140, 136, 228, 137, 82,
       12, 117, 233, 240, 36, 84, 190, 82, 122, 129, 244, 216, 94, 24,
       14, 208, 5, 192, 78, 153, 172, 24, 5, 240, 29, 157, 73, 16, 242,
       51, 188, 88, 22, 34, 249, 60, 49, 125, 166, 54, 53, 57, 124, 246,
       94, 212, 113, 125, 59, 144, 84, 242, 212, 67, 96, 225, 34, 193,
       118, 140, 168, 228, 137, 82, 12, 113, 233, 212, 36, 20, 190, 82,
       120, 129, 244, 216, 94, 24, 14, 208, 21, 192, 78, 153, 172, 24, 5,
       240, 29, 156, 73, 16, 242, 51, 188, 88, 86, 34, 249, 54, 49, 121,
       158, 23, 5, 29, 79, 198, 70, 181, 176, 117, 10, 180, 86, 242, 214,
       2, 65, 3, 34, 193, 7, 220, 139, 228, 73, 82, 152, 244, 105, 194,
       36, 20, 190, 66, 120, 129, 84, 48, 74, 52, 43, 212, 20, 165, 78,
       153, 172, 24, 5, 112, 29, 156, 65, 16, 242, 51, 185, 88, 86, 32,
       250, 13, 34, 101, 160, 153, 185, 161, 120, 240, 28, 194, 117, 109,
       127, 201, 97, 226, 220, 195, 96, 229, 32, 136, 243, 78, 168, 0,
       131, 126, 14, 49, 219, 255, 36, 85, 186, 87, 114, 169, 116, 221,
       84, 26, 14, 68, 135, 210, 79, 153, 45, 24, 5, 240, 29, 141, 73,
       16, 242, 51, 188, 88, 87, 32, 248, 63, 247, 109, 168, 22, 63, 37,
       123, 245, 94, 252, 49, 125, 127, 188, 84, 242, 244, 67, 112, 241,
       114, 145, 119, 92, 172, 164, 157, 122, 220, 121, 233, 214, 108,
       87, 190, 218, 122, 145, 124, 126, 223, 24, 143, 212, 55, 228, 79,
       153, 172, 24, 12, 240, 29, 159, 89, 56, 242, 51, 188, 90, 214, 42,
       249, 30, 49, 89, 150, 23, 1, 25, 110, 214, 6, 213, 48, 125, 10,
       148, 82, 242, 214, 3, 97, 65, 34, 193, 55, 140, 136, 228, 9, 82,
       12, 240, 105, 210, 36, 20, 190, 66, 120, 1, 244, 80, 202, 16, 15,
       208, 20, 225, 78, 153, 172, 24, 5, 112, 28, 156, 73, 16, 242, 51,
