%YAML:1.0
descriptors: !!opencv-matrix
   rows: 105
   cols: 64
   dt: u
   data: [ 45, 174, 109, 168, 22, 125, 165, 123, 245, 220, 214, 245, 125,
       63, 253, 198, 219, 252, 99, 249, 241, 86, 209, 247, 93, 61, 21,
       145, 124, 222, 122, 233, 220, 108, 199, 190, 223, 120, 169, 124,
       124, 93, 58, 175, 84, 241, 118, 108, 187, 172, 137, 8, 242, 29,
       158, 93, 60, 242, 55, 189, 91, 223, 108, 218, 60, 179, 237, 176,
       62, 247, 189, 127, 244, 254, 220, 247, 253, 126, 178, 102, 251,
       221, 99, 99, 245, 119, 194, 119, 77, 254, 180, 191, 122, 222, 119,
       235, 215, 36, 85, 186, 82, 120, 233, 116, 120, 93, 56, 47, 213,
       21, 245, 111, 153, 172, 24, 5, 240, 29, 156, 73, 16, 242, 51, 189,
       88, 87, 32, 250, 55, 179, 125, 134, 55, 157, 159, 56, 246, 220,
       31, 119, 189, 127, 185, 85, 251, 215, 65, 99, 197, 38, 195, 119,
       205, 254, 244, 79, 82, 24, 241, 107, 215, 44, 85, 190, 82, 120,
       233, 116, 112, 92, 56, 47, 213, 20, 245, 111, 153, 172, 24, 5,
       240, 29, 156, 73, 16, 242, 51, 189, 88, 87, 32, 250, 94, 49, 243,
       180, 50, 7, 57, 111, 194, 130, 209, 176, 83, 130, 179, 82, 250,
       212, 3, 103, 11, 133, 228, 19, 140, 138, 166, 9, 66, 40, 52, 40,
       114, 36, 52, 186, 82, 124, 129, 212, 144, 74, 53, 14, 234, 20,
       193, 78, 153, 172, 24, 5, 112, 28, 148, 73, 144, 242, 51, 185, 88,
       22, 34, 251, 126, 113, 255, 188, 54, 119, 29, 103, 199, 198, 253,
       176, 93, 174, 183, 254, 243, 212, 99, 109, 51, 210, 245, 183, 221,
       169, 164, 153, 67, 188, 252, 169, 224, 44, 39, 190, 202, 120, 129,
       252, 58, 219, 53, 47, 214, 54, 196, 108, 155, 172, 147, 15, 114,
       29, 148, 85, 152, 242, 57, 248, 121, 214, 106, 251, 45, 174, 109,
       168, 63, 125, 161, 126, 189, 252, 238, 245, 73, 29, 233, 229, 139,
       124, 195, 104, 244, 114, 220, 114, 101, 173, 0, 131, 125, 71, 57,
       219, 253, 64, 215, 184, 119, 250, 169, 52, 254, 53, 122, 38, 84,
       163, 114, 105, 56, 61, 28, 12, 208, 29, 143, 12, 52, 226, 39, 172,
       202, 223, 46, 250, 109, 38, 229, 48, 63, 179, 41, 126, 240, 250,
       210, 183, 233, 191, 139, 71, 130, 221, 195, 123, 253, 39, 194,
       255, 77, 42, 160, 135, 88, 68, 49, 203, 223, 32, 85, 186, 87, 120,
       225, 116, 120, 92, 58, 46, 212, 53, 231, 107, 185, 172, 24, 5,
       240, 29, 156, 73, 20, 242, 55, 189, 90, 86, 32, 250, 21, 162, 221,
       54, 41, 144, 184, 104, 240, 186, 214, 245, 252, 115, 137, 0, 226,
       136, 3, 115, 197, 38, 195, 247, 77, 154, 224, 187, 74, 13, 33,
       106, 223, 36, 69, 186, 83, 56, 233, 116, 120, 92, 56, 47, 212, 53,
       247, 111, 153, 172, 24, 5, 240, 29, 156, 73, 16, 242, 51, 189, 88,
       87, 32, 250, 19, 144, 80, 6, 223, 128, 146, 8, 6, 1, 21, 113, 180,
       74, 164, 81, 118, 150, 0, 144, 193, 34, 131, 101, 128, 152, 232,
       111, 18, 8, 193, 108, 213, 36, 20, 190, 82, 112, 169, 116, 81, 88,
       8, 11, 192, 20, 244, 79, 145, 164, 24, 5, 240, 24, 156, 73, 16,
       114, 50, 188, 88, 87, 32, 248, 44, 35, 225, 48, 17, 99, 33, 127,
       132, 138, 194, 52, 113, 138, 171, 70, 138, 28, 67, 86, 113, 162,
       196, 55, 4, 136, 128, 129, 82, 12, 32, 200, 72, 6, 85, 186, 17,
       120, 65, 84, 184, 100, 16, 14, 82, 53, 35, 110, 25, 44, 24, 4,
       240, 29, 220, 0, 16, 226, 35, 189, 8, 86, 32, 114, 191, 244, 253,
       244, 63, 189, 253, 120, 255, 255, 253, 251, 255, 122, 180, 93,
       243, 254, 103, 123, 245, 126, 243, 255, 189, 255, 231, 251, 126,
       253, 245, 239, 207, 108, 150, 254, 255, 121, 249, 253, 122, 223,
       247, 47, 212, 53, 247, 111, 187, 190, 155, 15, 248, 29, 158, 85,
       52, 242, 247, 223, 251, 159, 172, 254, 30, 181, 221, 126, 63, 185,
       252, 123, 115, 186, 215, 245, 252, 118, 173, 82, 234, 222, 33,
       243, 197, 36, 195, 115, 205, 154, 224, 219, 82, 77, 181, 106, 215,
       36, 85, 186, 91, 120, 233, 116, 112, 92, 56, 47, 212, 21, 247,
       111, 153, 172, 24, 5, 240, 29, 156, 73, 16, 242, 51, 189, 88, 87,
       32, 250, 77, 46, 229, 188, 48, 255, 45, 126, 177, 254, 202, 53,
       65, 189, 155, 230, 139, 220, 195, 106, 252, 33, 198, 179, 77, 252,
       148, 133, 88, 6, 51, 203, 87, 32, 85, 186, 85, 122, 233, 116, 124,
       92, 58, 174, 247, 129, 231, 111, 153, 172, 24, 5, 240, 29, 156,
       72, 0, 226, 51, 189, 72, 71, 32, 242, 189, 187, 255, 245, 62, 119,
       249, 254, 245, 189, 223, 245, 127, 254, 179, 255, 243, 222, 231,
       123, 247, 63, 231, 255, 175, 106, 230, 223, 126, 127, 247, 255,
       255, 110, 117, 190, 223, 122, 249, 245, 219, 93, 251, 110, 248,
       39, 243, 111, 185, 190, 157, 207, 240, 29, 156, 77, 52, 243, 119,
       255, 251, 63, 167, 254, 63, 189, 255, 254, 63, 189, 253, 123, 255,
       252, 255, 245, 255, 126, 253, 127, 242, 246, 99, 123, 245, 126,
       211, 119, 253, 174, 230, 155, 126, 217, 125, 235, 223, 108, 87,
       190, 214, 122, 249, 125, 250, 93, 255, 47, 212, 55, 245, 111, 185,
       172, 152, 13, 240, 29, 157, 93, 56, 242, 115, 191, 251, 223, 42,
       250, 51, 212, 88, 14, 223, 140, 23, 9, 126, 65, 53, 251, 188, 106,
       100, 93, 254, 183, 36, 144, 192, 38, 147, 101, 244, 213, 249, 111,
       19, 59, 209, 109, 135, 44, 85, 190, 66, 88, 233, 116, 115, 222,
       44, 43, 213, 20, 244, 111, 145, 164, 24, 5, 240, 29, 156, 73, 16,
       242, 50, 189, 88, 87, 34, 251, 15, 51, 221, 118, 62, 177, 189, 94,
       242, 190, 135, 229, 252, 126, 160, 83, 238, 254, 35, 243, 229, 52,
       67, 247, 197, 186, 228, 219, 90, 76, 245, 99, 215, 44, 85, 190,
       91, 120, 233, 116, 120, 92, 56, 47, 212, 85, 247, 111, 153, 172,
       24, 5, 240, 29, 156, 73, 16, 242, 51, 189, 88, 87, 32, 250, 91,
       30, 146, 115, 29, 242, 239, 222, 16, 186, 234, 37, 36, 207, 139,
       179, 127, 238, 169, 90, 238, 171, 239, 27, 133, 223, 243, 239, 90,
       67, 227, 247, 111, 130, 253, 37, 117, 180, 125, 98, 104, 68, 242,
       237, 71, 193, 55, 255, 250, 232, 126, 81, 244, 125, 252, 193, 135,
       250, 207, 215, 222, 163, 209, 118, 62, 253, 255, 254, 63, 245,
       253, 127, 247, 254, 253, 249, 255, 122, 189, 94, 251, 222, 99,
       123, 245, 126, 210, 119, 253, 239, 231, 255, 123, 217, 117, 235,
       223, 44, 85, 190, 215, 120, 249, 117, 122, 95, 255, 47, 212, 53,
       245, 111, 153, 172, 24, 5, 240, 29, 156, 73, 16, 242, 115, 189,
       91, 87, 34, 251, 60, 249, 255, 255, 62, 119, 249, 255, 213, 252,
       244, 253, 127, 123, 149, 126, 242, 222, 123, 123, 245, 127, 197,
       255, 189, 171, 230, 223, 127, 221, 245, 255, 255, 108, 181, 254,
       223, 121, 249, 253, 250, 95, 251, 46, 210, 181, 211, 111, 187,
       175, 159, 207, 248, 29, 156, 93, 52, 242, 127, 223, 251, 223, 174,
       255, 109, 103, 229, 184, 16, 79, 37, 74, 161, 70, 137, 178, 81,
       175, 189, 79, 203, 116, 33, 100, 11, 132, 208, 35, 92, 221, 25,
       41, 19, 10, 58, 9, 208, 6, 85, 154, 0, 124, 5, 28, 36, 98, 60, 35,
       87, 28, 100, 164, 25, 36, 48, 20, 3, 29, 132, 8, 152, 232, 33,
       189, 76, 71, 32, 178, 61, 191, 255, 254, 63, 253, 253, 127, 253,
       254, 255, 249, 255, 127, 189, 254, 251, 244, 99, 107, 245, 126,
       211, 255, 253, 255, 247, 187, 126, 223, 119, 239, 223, 44, 87,
       190, 214, 120, 249, 125, 120, 93, 123, 47, 212, 53, 245, 111, 153,
       172, 24, 5, 240, 29, 156, 73, 16, 242, 115, 189, 218, 87, 32, 250,
       191, 176, 253, 247, 63, 181, 253, 120, 214, 191, 252, 251, 255,
       74, 178, 86, 242, 191, 247, 219, 245, 126, 251, 255, 189, 190,
       247, 251, 94, 253, 245, 239, 79, 172, 142, 254, 255, 249, 249,
       255, 88, 205, 247, 111, 242, 117, 151, 127, 187, 254, 26, 71, 248,
       29, 220, 81, 22, 243, 255, 219, 251, 159, 168, 254, 13, 47, 247,
       248, 48, 127, 161, 254, 189, 254, 194, 21, 77, 189, 251, 231, 235,
       252, 195, 106, 244, 97, 220, 179, 93, 41, 164, 192, 120, 68, 59,
       219, 125, 2, 87, 186, 84, 114, 217, 124, 252, 84, 26, 166, 68,
       163, 67, 110, 184, 44, 60, 5, 240, 29, 157, 77, 148, 226, 35, 189,
