%YAML:1.0
descriptors: !!opencv-matrix
   rows: 138
   cols: 64
   dt: u
   data: [ 187, 255, 254, 222, 55, 29, 221, 26, 247, 223, 61, 250, 63,
       250, 116, 223, 247, 246, 36, 187, 55, 126, 241, 119, 245, 247,
       243, 123, 127, 122, 214, 41, 214, 126, 222, 150, 250, 124, 250,
       253, 118, 255, 191, 109, 182, 86, 245, 110, 209, 190, 24, 79, 242,
       5, 255, 93, 57, 243, 114, 191, 123, 253, 173, 250, 252, 250, 127,
       171, 254, 253, 179, 253, 253, 255, 254, 127, 253, 62, 251, 228,
       251, 221, 219, 104, 249, 211, 159, 252, 125, 237, 60, 179, 255,
       223, 127, 255, 253, 100, 87, 250, 87, 115, 173, 124, 254, 93, 94,
       62, 85, 167, 250, 117, 157, 173, 158, 13, 250, 31, 157, 89, 16,
       244, 59, 188, 95, 95, 42, 252, 63, 214, 108, 165, 191, 189, 159,
       25, 191, 127, 250, 123, 253, 61, 116, 85, 244, 255, 71, 240, 241,
       114, 154, 124, 244, 252, 249, 251, 94, 87, 247, 239, 215, 236,
       223, 190, 251, 121, 169, 127, 124, 92, 122, 175, 213, 85, 246,
       125, 153, 188, 24, 5, 240, 29, 156, 89, 16, 242, 183, 188, 218,
       223, 40, 254, 62, 255, 255, 253, 63, 253, 253, 125, 255, 255, 255,
       253, 255, 124, 255, 254, 255, 253, 251, 251, 247, 127, 223, 255,
       253, 255, 247, 255, 127, 255, 255, 239, 207, 254, 255, 190, 254,
       251, 251, 127, 125, 253, 255, 111, 247, 183, 247, 111, 191, 254,
       191, 79, 242, 29, 255, 93, 63, 247, 255, 255, 251, 255, 237, 254,
       62, 245, 125, 254, 63, 189, 253, 121, 255, 255, 253, 249, 253,
       126, 252, 84, 242, 244, 71, 107, 247, 122, 217, 127, 253, 190,
       231, 187, 127, 251, 125, 255, 199, 238, 191, 190, 246, 249, 249,
       127, 123, 223, 247, 111, 246, 181, 245, 111, 187, 189, 155, 13,
       250, 29, 159, 93, 48, 242, 123, 223, 251, 223, 175, 255, 59, 176,
       113, 119, 255, 160, 219, 24, 246, 57, 209, 115, 173, 75, 128, 85,
       246, 215, 7, 243, 229, 47, 195, 127, 164, 154, 226, 255, 94, 57,
       229, 239, 215, 172, 28, 190, 251, 56, 233, 247, 217, 78, 91, 15,
       209, 17, 211, 79, 153, 174, 24, 3, 244, 28, 156, 73, 16, 243, 183,
       159, 248, 87, 32, 255, 28, 57, 255, 244, 62, 255, 249, 126, 208,
       254, 214, 245, 95, 84, 153, 194, 250, 221, 227, 107, 247, 61, 194,
       219, 141, 106, 230, 215, 88, 69, 245, 239, 223, 50, 85, 190, 255,
       122, 249, 117, 248, 124, 251, 110, 247, 53, 247, 111, 187, 172,
       25, 71, 240, 29, 156, 73, 22, 242, 119, 255, 122, 119, 161, 254,
       62, 245, 253, 190, 63, 183, 223, 57, 247, 239, 213, 248, 189, 110,
       180, 94, 251, 215, 98, 115, 247, 119, 211, 127, 252, 255, 231,
       127, 122, 249, 245, 235, 199, 44, 23, 190, 218, 120, 249, 127,
       120, 223, 117, 47, 213, 20, 245, 111, 153, 174, 152, 13, 240, 29,
       156, 89, 24, 242, 115, 189, 123, 95, 40, 250, 125, 191, 255, 252,
       126, 255, 255, 123, 253, 252, 222, 241, 255, 255, 189, 79, 251,
       253, 251, 107, 247, 127, 210, 247, 221, 255, 247, 191, 126, 215,
       119, 235, 223, 46, 87, 190, 215, 120, 249, 125, 124, 125, 251,
       175, 213, 117, 247, 111, 185, 172, 152, 77, 240, 29, 156, 93, 48,
       246, 115, 191, 250, 215, 173, 250, 60, 185, 255, 254, 54, 127,
       253, 126, 247, 252, 221, 245, 127, 126, 182, 94, 251, 215, 99, 99,
       245, 63, 195, 247, 205, 239, 246, 255, 91, 221, 247, 235, 223, 44,
       85, 190, 87, 120, 249, 117, 120, 93, 57, 47, 213, 53, 247, 111,
       153, 172, 24, 5, 240, 29, 156, 73, 16, 242, 51, 189, 88, 87, 32,
       250, 61, 54, 125, 168, 22, 117, 161, 125, 245, 220, 214, 53, 125,
       63, 185, 102, 242, 252, 195, 96, 241, 112, 212, 182, 221, 168,
       164, 153, 122, 220, 125, 233, 253, 36, 87, 190, 222, 122, 137,
       124, 252, 93, 30, 14, 84, 181, 195, 110, 187, 172, 153, 13, 242,
       29, 156, 93, 44, 242, 51, 188, 90, 214, 44, 250, 47, 38, 109, 168,
       55, 61, 37, 120, 244, 94, 214, 49, 109, 57, 189, 69, 130, 244, 67,
       112, 240, 114, 144, 118, 76, 168, 132, 17, 126, 92, 57, 201, 212,
       44, 214, 186, 82, 122, 129, 116, 220, 94, 26, 14, 208, 161, 192,
       78, 25, 172, 24, 5, 240, 29, 159, 9, 48, 226, 51, 156, 74, 214,
       46, 249, 60, 245, 125, 158, 54, 69, 217, 127, 247, 196, 213, 180,
       125, 42, 181, 126, 251, 212, 66, 99, 81, 50, 197, 55, 220, 169,
       228, 25, 83, 88, 116, 105, 214, 36, 21, 190, 210, 120, 201, 117,
       114, 91, 61, 46, 212, 20, 225, 110, 153, 172, 26, 5, 240, 29, 156,
       73, 24, 242, 59, 189, 89, 87, 34, 251, 60, 179, 125, 168, 54, 125,
       177, 121, 247, 222, 254, 180, 125, 63, 217, 244, 243, 212, 67,
       104, 241, 112, 192, 246, 221, 172, 164, 153, 126, 222, 125, 233,
       244, 36, 213, 190, 222, 122, 137, 124, 254, 93, 59, 46, 212, 166,
       244, 110, 155, 173, 157, 13, 240, 29, 159, 89, 48, 242, 59, 188,
       90, 214, 46, 248, 205, 43, 199, 249, 16, 115, 161, 254, 252, 188,
       206, 181, 83, 190, 187, 234, 235, 220, 251, 111, 101, 141, 238,
       179, 15, 237, 28, 133, 95, 78, 50, 255, 245, 39, 117, 250, 87,
       118, 109, 116, 120, 85, 58, 54, 77, 133, 83, 228, 153, 44, 126,
       149, 209, 31, 140, 72, 16, 248, 35, 189, 88, 71, 32, 250, 254,
       253, 255, 170, 86, 127, 189, 255, 255, 207, 255, 254, 127, 174,
       254, 254, 251, 245, 115, 101, 53, 151, 247, 53, 95, 255, 189, 45,
       83, 222, 126, 169, 196, 44, 87, 255, 210, 124, 237, 124, 120, 93,
       52, 47, 223, 60, 245, 236, 157, 172, 24, 5, 242, 29, 156, 89, 16,
       242, 51, 189, 91, 87, 40, 250, 254, 249, 255, 247, 119, 51, 249,
       250, 246, 195, 245, 250, 239, 155, 182, 91, 242, 213, 63, 127, 11,
       133, 225, 119, 174, 219, 251, 63, 83, 12, 118, 185, 242, 37, 148,
       255, 82, 125, 193, 245, 82, 74, 57, 47, 219, 29, 209, 110, 153,
       172, 24, 5, 248, 60, 156, 73, 16, 242, 49, 157, 88, 87, 34, 251,
       61, 175, 245, 190, 18, 111, 37, 127, 245, 84, 204, 181, 127, 255,
       190, 206, 251, 244, 99, 102, 117, 175, 209, 55, 95, 255, 181, 153,
       123, 222, 114, 233, 214, 36, 87, 186, 82, 120, 217, 124, 124, 93,
       56, 39, 221, 53, 245, 110, 153, 164, 24, 13, 240, 29, 156, 73, 56,
       242, 51, 189, 88, 71, 32, 250, 221, 49, 223, 246, 54, 51, 249,
       254, 212, 156, 212, 177, 127, 250, 147, 90, 250, 212, 35, 103,
       101, 173, 231, 55, 142, 139, 182, 141, 83, 12, 112, 233, 247, 36,
       20, 186, 86, 120, 193, 116, 216, 94, 56, 14, 209, 21, 193, 78,
       153, 172, 26, 5, 240, 29, 156, 73, 16, 242, 51, 189, 88, 87, 34,
       251, 60, 45, 245, 190, 19, 47, 37, 127, 229, 68, 214, 181, 125,
       254, 189, 70, 251, 245, 99, 100, 245, 39, 209, 247, 93, 248, 180,
       141, 114, 220, 112, 233, 223, 36, 87, 186, 82, 120, 233, 124, 120,
       93, 60, 47, 213, 53, 245, 111, 153, 172, 153, 13, 242, 29, 156,
       73, 48, 242, 51, 189, 88, 87, 32, 250, 55, 241, 125, 158, 54, 77,
       29, 122, 231, 68, 189, 240, 125, 26, 188, 119, 251, 212, 2, 33, 7,
       34, 193, 102, 205, 183, 229, 9, 19, 26, 85, 105, 214, 36, 85, 158,
       66, 120, 203, 116, 50, 219, 56, 47, 148, 20, 245, 110, 145, 172,
       24, 5, 176, 25, 156, 73, 16, 242, 50, 189, 88, 87, 34, 251, 58,
       221, 252, 222, 39, 221, 221, 59, 247, 222, 29, 232, 189, 126, 60,
       94, 253, 178, 98, 187, 247, 118, 211, 247, 241, 119, 247, 126,
       123, 251, 213, 224, 207, 124, 195, 180, 255, 88, 250, 121, 124,
       223, 247, 237, 181, 117, 247, 111, 187, 170, 153, 79, 242, 13,
       216, 93, 63, 243, 127, 255, 59, 251, 236, 202, 94, 49, 223, 150,
       54, 147, 93, 110, 214, 166, 213, 176, 255, 226, 178, 90, 250, 213,
       115, 103, 143, 181, 195, 55, 141, 202, 242, 15, 82, 140, 116, 235,
       215, 36, 20, 186, 82, 120, 225, 116, 112, 88, 53, 47, 213, 28,
       229, 111, 153, 172, 24, 5, 240, 29, 156, 73, 16, 242, 51, 189, 88,
       87, 32, 250, 212, 9, 155, 84, 32, 67, 124, 102, 19, 162, 213, 208,
       82, 192, 150, 10, 173, 73, 50, 71, 134, 45, 224, 131, 205, 219,
       182, 94, 65, 36, 52, 104, 215, 54, 52, 186, 18, 108, 242, 117,
       112, 120, 181, 111, 187, 28, 181, 110, 155, 170, 56, 215, 240, 29,
