%YAML:1.0
descriptors: !!opencv-matrix
   rows: 138
   cols: 64
   dt: u
   data: [ 62, 253, 255, 254, 55, 127, 253, 127, 255, 254, 213, 249, 127,
       250, 191, 223, 255, 255, 115, 251, 247, 127, 211, 247, 253, 255,
       247, 255, 123, 255, 246, 235, 207, 46, 247, 190, 223, 124, 249,
       125, 120, 95, 255, 239, 247, 53, 247, 111, 191, 174, 152, 79, 240,
       29, 156, 93, 48, 243, 123, 255, 123, 255, 169, 250, 255, 189, 255,
       246, 54, 183, 125, 119, 247, 223, 85, 211, 223, 251, 182, 94, 255,
       223, 123, 111, 247, 127, 227, 247, 255, 251, 183, 255, 122, 120,
       244, 233, 215, 44, 52, 190, 219, 124, 249, 125, 120, 223, 185,
       111, 251, 52, 247, 111, 157, 172, 24, 71, 240, 29, 156, 77, 16,
       246, 115, 191, 121, 87, 33, 250, 191, 254, 109, 239, 255, 189,
       223, 25, 255, 255, 253, 251, 255, 123, 124, 221, 245, 247, 126,
       251, 245, 119, 179, 125, 245, 255, 247, 255, 127, 127, 255, 255,
       223, 252, 222, 254, 254, 121, 249, 255, 126, 223, 107, 189, 213,
       115, 247, 127, 190, 255, 152, 15, 254, 189, 223, 93, 62, 247, 247,
       191, 251, 223, 110, 255, 63, 254, 252, 254, 63, 253, 253, 121,
       127, 254, 214, 249, 253, 126, 253, 93, 255, 255, 225, 251, 245,
       116, 219, 123, 253, 255, 241, 255, 126, 127, 245, 239, 223, 228,
       215, 186, 255, 120, 249, 125, 112, 93, 123, 47, 213, 21, 247, 111,
       153, 238, 152, 13, 242, 29, 156, 89, 54, 243, 247, 191, 219, 223,
       44, 254, 62, 253, 255, 252, 63, 253, 253, 127, 255, 254, 223, 249,
       255, 126, 253, 222, 255, 254, 227, 251, 247, 127, 211, 255, 253,
       255, 247, 255, 127, 255, 247, 239, 223, 126, 231, 190, 255, 120,
       249, 125, 120, 221, 255, 111, 247, 245, 247, 111, 187, 174, 153,
       79, 242, 29, 158, 93, 54, 243, 127, 255, 251, 255, 173, 254, 134,
       170, 195, 225, 248, 208, 171, 232, 24, 191, 82, 255, 195, 99, 219,
       232, 235, 197, 61, 107, 205, 13, 206, 121, 111, 223, 59, 39, 214,
       11, 51, 127, 87, 167, 93, 155, 82, 255, 237, 54, 241, 92, 104, 62,
       223, 4, 249, 179, 153, 173, 24, 37, 240, 21, 156, 105, 16, 242,
       51, 173, 92, 87, 32, 182, 220, 187, 222, 125, 124, 243, 254, 244,
       121, 185, 238, 251, 238, 209, 139, 139, 255, 203, 251, 255, 253,
       237, 111, 154, 193, 127, 243, 246, 109, 71, 231, 246, 223, 51,
       241, 117, 127, 185, 252, 117, 120, 60, 251, 55, 247, 53, 255, 107,
       188, 234, 45, 103, 245, 255, 216, 205, 87, 255, 215, 247, 250,
       115, 229, 222, 255, 253, 255, 251, 255, 253, 255, 217, 253, 247,
       239, 250, 191, 126, 252, 223, 155, 245, 126, 127, 191, 127, 219,
       127, 117, 247, 215, 191, 127, 251, 127, 191, 135, 223, 247, 207,
       211, 249, 255, 127, 124, 253, 239, 117, 183, 125, 127, 51, 255,
       223, 185, 127, 255, 245, 254, 246, 121, 255, 243, 239, 251, 251,
       253, 222, 252, 250, 127, 253, 254, 255, 255, 245, 189, 255, 255,
       156, 221, 117, 255, 238, 255, 221, 127, 111, 252, 241, 174, 184,
       237, 127, 191, 254, 253, 199, 127, 255, 241, 101, 93, 123, 83,
       247, 253, 247, 254, 94, 121, 62, 247, 175, 218, 49, 143, 173, 86,
       37, 249, 255, 151, 77, 208, 254, 57, 189, 221, 86, 34, 183, 76,
       32, 179, 177, 8, 196, 168, 229, 8, 170, 67, 22, 209, 196, 155, 66,
       234, 93, 3, 98, 142, 173, 206, 26, 13, 154, 182, 139, 66, 133, 51,
       126, 103, 166, 93, 59, 18, 254, 233, 86, 176, 64, 100, 42, 71, 28,
       129, 59, 153, 172, 24, 5, 240, 29, 148, 73, 144, 242, 49, 185, 92,
       23, 32, 246, 243, 221, 124, 95, 255, 158, 223, 9, 239, 71, 61,
       234, 191, 123, 100, 93, 245, 183, 60, 247, 30, 119, 147, 100, 245,
       247, 251, 127, 183, 59, 215, 49, 134, 125, 222, 223, 202, 121,
       250, 251, 118, 223, 41, 237, 213, 88, 245, 63, 149, 175, 16, 15,
       248, 181, 223, 251, 56, 247, 112, 63, 250, 219, 186, 251, 63, 254,
       253, 255, 63, 253, 253, 121, 255, 255, 215, 253, 253, 127, 253,
       221, 255, 255, 227, 123, 245, 118, 219, 255, 253, 255, 245, 255,
       126, 255, 255, 239, 223, 252, 215, 62, 255, 249, 249, 127, 124,
       93, 235, 175, 245, 113, 247, 107, 187, 254, 153, 15, 244, 29, 156,
       93, 62, 243, 247, 191, 251, 223, 44, 254, 31, 146, 220, 126, 63,
       241, 252, 126, 51, 186, 213, 245, 188, 118, 173, 83, 239, 222,
       161, 251, 197, 126, 203, 123, 109, 223, 227, 127, 94, 111, 181,
       110, 223, 180, 213, 58, 119, 248, 249, 119, 112, 93, 235, 47, 245,
       21, 247, 107, 155, 238, 24, 5, 244, 29, 156, 73, 18, 243, 183,
       191, 88, 87, 32, 254, 179, 215, 208, 130, 223, 18, 135, 10, 230,
       71, 49, 114, 175, 107, 132, 93, 246, 247, 37, 245, 65, 7, 145,
       119, 198, 222, 249, 47, 146, 26, 226, 105, 214, 44, 84, 190, 82,
       120, 105, 116, 100, 72, 56, 175, 209, 16, 244, 77, 153, 172, 24,
       5, 240, 29, 156, 73, 16, 242, 51, 189, 88, 87, 32, 250, 163, 54,
       96, 166, 223, 10, 5, 10, 230, 65, 170, 115, 175, 107, 160, 117,
       226, 183, 5, 112, 193, 14, 153, 119, 70, 158, 97, 11, 146, 26, 96,
       109, 82, 47, 86, 186, 66, 112, 5, 212, 69, 80, 24, 143, 200, 80,
       244, 207, 137, 36, 24, 4, 224, 30, 140, 73, 16, 240, 51, 188, 88,
       86, 32, 120, 114, 21, 211, 131, 223, 134, 135, 11, 230, 71, 17,
       114, 191, 74, 179, 85, 254, 247, 33, 118, 192, 7, 211, 101, 206,
       210, 248, 111, 18, 24, 240, 43, 215, 44, 87, 191, 82, 120, 109,
       84, 96, 72, 56, 9, 213, 28, 245, 79, 153, 172, 24, 5, 240, 25,
       156, 75, 16, 242, 51, 189, 88, 87, 32, 250, 252, 185, 255, 253,
       50, 127, 249, 255, 221, 252, 254, 253, 95, 252, 251, 254, 251,
       221, 251, 111, 247, 253, 230, 183, 255, 235, 246, 255, 109, 215,
       254, 235, 239, 47, 101, 255, 223, 127, 249, 125, 250, 125, 247,
       126, 255, 183, 247, 110, 191, 172, 223, 223, 242, 29, 157, 93,
       117, 246, 123, 251, 123, 63, 171, 254, 252, 189, 255, 253, 54,
       127, 249, 255, 221, 252, 222, 253, 127, 252, 255, 254, 255, 221,
       251, 111, 247, 255, 246, 183, 255, 235, 246, 255, 105, 215, 254,
       235, 207, 46, 101, 254, 223, 127, 249, 125, 248, 253, 247, 111,
       255, 55, 247, 110, 191, 172, 159, 207, 242, 29, 157, 93, 117, 246,
       123, 251, 123, 127, 171, 254, 186, 220, 253, 255, 63, 253, 223,
       121, 255, 255, 221, 253, 255, 124, 124, 253, 255, 247, 118, 123,
       244, 119, 243, 119, 253, 255, 245, 127, 127, 251, 255, 235, 215,
       108, 215, 254, 222, 121, 249, 117, 112, 221, 127, 47, 213, 20,
       245, 111, 159, 188, 154, 13, 248, 29, 156, 93, 48, 242, 115, 191,
       251, 223, 44, 250, 173, 254, 109, 235, 255, 253, 183, 249, 253,
       255, 254, 255, 253, 63, 255, 237, 235, 213, 31, 104, 253, 80, 159,
       124, 109, 221, 57, 163, 255, 95, 59, 255, 245, 100, 221, 250, 82,
       115, 173, 52, 243, 95, 122, 62, 85, 135, 124, 113, 157, 189, 30,
       5, 248, 157, 143, 77, 16, 244, 43, 188, 90, 95, 46, 248, 191, 254,
       125, 175, 191, 253, 159, 24, 255, 127, 173, 250, 239, 59, 244,
       253, 251, 247, 125, 249, 253, 112, 115, 116, 229, 255, 249, 251,
       127, 27, 247, 227, 213, 108, 214, 254, 90, 121, 249, 245, 118,
       222, 58, 63, 213, 87, 244, 109, 153, 173, 24, 5, 248, 29, 158, 77,
       24, 246, 51, 188, 88, 215, 38, 251, 59, 52, 237, 170, 23, 37, 5,
       30, 247, 102, 148, 48, 61, 42, 182, 87, 242, 246, 67, 240, 241,
       82, 211, 36, 84, 160, 228, 9, 114, 216, 121, 233, 133, 44, 150,
       190, 202, 112, 1, 92, 24, 195, 20, 137, 80, 81, 192, 76, 27, 44,
       152, 12, 98, 24, 220, 81, 56, 178, 59, 152, 26, 150, 46, 249, 62,
       48, 233, 162, 23, 181, 17, 61, 214, 110, 214, 52, 253, 10, 179,
       86, 114, 212, 67, 208, 241, 19, 195, 117, 156, 168, 236, 9, 82,
       216, 117, 233, 69, 44, 149, 190, 94, 122, 1, 84, 152, 193, 87, 8,
       64, 5, 0, 77, 155, 44, 153, 12, 114, 28, 220, 81, 32, 178, 59,
       216, 27, 159, 46, 243, 191, 244, 93, 46, 190, 188, 31, 16, 115,
       103, 45, 250, 238, 59, 164, 91, 246, 247, 36, 241, 233, 116, 115,
       116, 196, 255, 241, 123, 123, 63, 245, 97, 215, 44, 150, 190, 202,
