%YAML:1.0
descriptors: !!opencv-matrix
   rows: 130
   cols: 64
   dt: u
   data: [ 61, 54, 117, 164, 63, 189, 177, 121, 244, 124, 214, 113, 253,
       59, 185, 85, 242, 220, 67, 96, 241, 38, 193, 247, 204, 184, 228,
       159, 122, 28, 113, 235, 223, 36, 85, 190, 83, 120, 169, 116, 124,
       92, 56, 15, 212, 53, 247, 111, 153, 172, 24, 5, 240, 29, 156, 73,
       16, 242, 51, 189, 88, 87, 32, 250, 62, 51, 125, 182, 55, 181, 185,
       123, 246, 222, 215, 245, 125, 126, 177, 86, 250, 212, 67, 99, 245,
       50, 193, 119, 205, 186, 228, 159, 82, 92, 245, 235, 215, 36, 85,
       190, 82, 120, 233, 116, 120, 92, 56, 47, 212, 21, 247, 111, 153,
       172, 24, 5, 240, 29, 156, 73, 16, 242, 51, 189, 88, 87, 32, 250,
       62, 181, 125, 190, 55, 55, 63, 123, 246, 94, 245, 178, 253, 106,
       180, 86, 242, 213, 99, 101, 241, 55, 193, 119, 220, 186, 229, 13,
       82, 156, 117, 233, 215, 44, 84, 190, 82, 120, 225, 116, 120, 94,
       56, 47, 213, 20, 245, 111, 153, 172, 24, 5, 240, 29, 156, 73, 16,
       242, 51, 189, 88, 87, 32, 250, 60, 191, 255, 252, 54, 255, 249,
       127, 253, 252, 214, 181, 127, 255, 251, 238, 251, 221, 99, 107,
       245, 111, 194, 247, 221, 251, 182, 191, 122, 222, 118, 235, 215,
       36, 85, 190, 86, 122, 249, 124, 248, 92, 56, 47, 213, 55, 247,
       111, 153, 172, 24, 5, 240, 29, 157, 73, 16, 242, 51, 189, 90, 87,
       32, 250, 60, 53, 253, 182, 54, 55, 59, 127, 214, 94, 213, 53, 125,
       90, 179, 86, 250, 213, 67, 102, 241, 39, 193, 119, 204, 184, 244,
       141, 82, 28, 113, 233, 215, 36, 85, 190, 82, 120, 193, 116, 120,
       92, 24, 14, 213, 21, 225, 111, 153, 172, 24, 5, 240, 29, 156, 73,
       16, 242, 51, 189, 88, 87, 32, 250, 254, 53, 255, 191, 118, 119,
       251, 255, 246, 222, 213, 182, 127, 254, 179, 126, 250, 213, 115,
       103, 125, 183, 247, 55, 156, 234, 244, 29, 83, 222, 118, 185, 246,
       44, 87, 190, 210, 120, 201, 117, 88, 93, 61, 46, 209, 20, 225,
       110, 153, 172, 24, 5, 240, 29, 156, 73, 16, 242, 51, 189, 88, 86,
       34, 251, 62, 181, 253, 246, 63, 189, 121, 127, 247, 124, 213, 241,
       127, 250, 180, 94, 242, 246, 67, 115, 247, 126, 241, 119, 189,
       170, 230, 159, 123, 253, 253, 233, 207, 44, 22, 190, 222, 122,
       209, 253, 218, 223, 223, 15, 208, 53, 229, 79, 153, 166, 155, 15,
       248, 29, 159, 89, 56, 242, 123, 191, 123, 30, 46, 251, 63, 49,
       125, 174, 55, 189, 57, 124, 246, 86, 213, 48, 125, 58, 180, 86,
       242, 212, 67, 96, 241, 50, 193, 54, 204, 168, 224, 25, 82, 28,
       125, 169, 212, 36, 84, 190, 82, 112, 129, 244, 210, 223, 24, 15,
       208, 20, 228, 78, 153, 172, 24, 5, 240, 29, 156, 73, 16, 242, 51,
       188, 88, 86, 34, 249, 60, 62, 255, 252, 62, 125, 249, 127, 245,
       252, 222, 181, 125, 127, 249, 230, 251, 220, 195, 107, 245, 122,
       244, 191, 221, 171, 228, 219, 125, 215, 127, 255, 239, 108, 103,
       190, 223, 250, 249, 125, 252, 93, 251, 174, 244, 167, 227, 111,
       187, 172, 207, 75, 242, 29, 156, 93, 36, 242, 127, 255, 251, 199,
       46, 254, 60, 62, 109, 232, 62, 253, 161, 127, 253, 252, 222, 53,
       125, 63, 249, 228, 251, 220, 75, 104, 245, 66, 220, 189, 93, 168,
       172, 155, 126, 223, 121, 255, 245, 44, 87, 186, 86, 114, 169, 116,
       252, 85, 90, 30, 68, 167, 192, 109, 153, 45, 28, 13, 240, 29, 159,
       73, 16, 242, 43, 156, 218, 6, 34, 244, 37, 34, 97, 160, 152, 164,
       35, 72, 228, 68, 194, 52, 225, 11, 145, 65, 226, 212, 3, 96, 193,
       32, 128, 116, 76, 136, 172, 13, 82, 12, 49, 73, 84, 36, 85, 186,
       82, 112, 1, 84, 80, 64, 24, 14, 64, 4, 192, 77, 153, 44, 24, 5,
       240, 28, 156, 73, 16, 242, 51, 188, 88, 87, 32, 248, 60, 33, 125,
       188, 50, 61, 53, 119, 213, 244, 215, 181, 125, 62, 189, 70, 250,
       216, 67, 105, 245, 114, 209, 183, 221, 40, 132, 153, 106, 220,
       253, 232, 207, 44, 71, 190, 222, 122, 193, 124, 120, 221, 53, 167,
       212, 245, 167, 110, 187, 172, 137, 11, 242, 29, 153, 85, 60, 242,
       123, 249, 123, 214, 110, 250, 63, 180, 117, 162, 223, 164, 167,
       88, 228, 68, 210, 115, 237, 75, 176, 85, 226, 245, 3, 96, 225, 39,
       130, 117, 78, 152, 184, 47, 210, 8, 113, 107, 215, 36, 85, 186,
       82, 120, 169, 116, 112, 92, 24, 15, 213, 20, 244, 79, 153, 172,
       24, 5, 240, 29, 156, 73, 16, 242, 51, 189, 88, 87, 32, 250, 63,
       244, 125, 166, 223, 173, 31, 89, 230, 70, 245, 114, 253, 107, 180,
       85, 242, 245, 71, 112, 241, 114, 145, 116, 124, 188, 237, 31, 242,
       26, 117, 233, 192, 44, 22, 158, 194, 112, 161, 124, 120, 219, 28,
       143, 208, 81, 244, 77, 153, 164, 16, 12, 104, 29, 158, 73, 56,
       242, 51, 188, 88, 215, 40, 249, 60, 190, 254, 238, 63, 125, 249,
       255, 253, 252, 254, 245, 125, 126, 187, 229, 251, 252, 227, 107,
       245, 114, 223, 254, 125, 47, 244, 187, 127, 215, 247, 239, 255,
       44, 87, 190, 215, 120, 233, 124, 120, 93, 122, 47, 212, 55, 247,
       111, 185, 172, 24, 13, 240, 29, 156, 73, 16, 242, 55, 189, 218,
       87, 32, 250, 61, 182, 125, 252, 63, 125, 249, 253, 245, 254, 222,
       181, 125, 63, 251, 230, 251, 252, 195, 107, 245, 114, 221, 190,
       253, 171, 228, 155, 127, 213, 127, 239, 255, 108, 87, 190, 215,
       250, 249, 125, 254, 93, 123, 190, 212, 167, 211, 111, 187, 173,
       158, 13, 242, 29, 159, 93, 52, 242, 255, 189, 219, 223, 42, 254,
       124, 59, 255, 252, 54, 127, 249, 255, 253, 252, 222, 181, 127,
       190, 251, 238, 251, 212, 99, 107, 245, 245, 198, 183, 93, 235,
       180, 157, 123, 222, 126, 235, 247, 36, 117, 186, 86, 122, 249,
       124, 248, 93, 57, 46, 213, 167, 229, 110, 153, 172, 28, 5, 240,
       29, 157, 77, 16, 242, 59, 189, 91, 87, 32, 250, 61, 190, 125, 255,
       63, 253, 255, 120, 253, 254, 222, 255, 253, 127, 249, 213, 251,
       253, 99, 99, 245, 103, 211, 126, 205, 255, 245, 191, 122, 95, 247,
       255, 215, 36, 87, 190, 211, 120, 233, 117, 120, 92, 58, 47, 213,
       53, 247, 111, 153, 172, 24, 5, 240, 29, 156, 73, 16, 242, 51, 189,
       90, 87, 32, 250, 109, 46, 231, 169, 216, 108, 163, 221, 248, 248,
       202, 53, 97, 119, 203, 225, 203, 44, 131, 98, 253, 129, 94, 184,
       87, 232, 24, 129, 202, 14, 43, 223, 125, 7, 85, 186, 17, 242, 237,
       52, 252, 116, 26, 182, 69, 131, 107, 225, 153, 44, 92, 53, 209,
       31, 141, 72, 148, 232, 7, 172, 74, 71, 32, 112, 253, 63, 247, 52,
       20, 103, 41, 254, 244, 158, 194, 53, 111, 139, 147, 231, 242, 252,
       195, 109, 121, 130, 244, 183, 79, 168, 166, 129, 218, 92, 112,
       184, 120, 44, 118, 190, 84, 54, 1, 244, 220, 68, 26, 158, 74, 99,
       2, 204, 168, 36, 92, 0, 224, 30, 141, 73, 148, 240, 35, 188, 94,
       70, 32, 176, 63, 245, 125, 253, 62, 189, 255, 121, 253, 255, 255,
       255, 253, 127, 253, 117, 242, 252, 67, 99, 245, 106, 211, 118,
       221, 190, 231, 251, 90, 95, 247, 251, 215, 44, 87, 190, 211, 122,
       249, 117, 250, 92, 57, 175, 212, 55, 247, 111, 153, 172, 24, 5,
       240, 29, 157, 73, 16, 242, 115, 189, 90, 87, 32, 250, 179, 245,
       89, 142, 247, 13, 93, 9, 247, 69, 61, 250, 63, 122, 244, 92, 247,
       246, 52, 181, 67, 114, 177, 102, 250, 215, 241, 123, 179, 187,
       222, 57, 130, 108, 22, 222, 202, 81, 139, 253, 83, 219, 45, 105,
       144, 28, 244, 12, 129, 167, 147, 15, 56, 3, 150, 75, 56, 115, 48,
       56, 120, 93, 46, 153, 62, 49, 249, 182, 63, 35, 121, 78, 214, 32,
       215, 53, 125, 206, 176, 86, 250, 222, 3, 115, 231, 47, 193, 119,
       140, 138, 226, 207, 82, 45, 245, 239, 215, 44, 21, 190, 83, 120,
       225, 87, 88, 92, 29, 43, 192, 21, 231, 111, 153, 172, 24, 5, 240,
       29, 156, 73, 16, 242, 51, 189, 88, 23, 32, 250, 127, 54, 241, 179,
       254, 182, 43, 93, 252, 255, 194, 53, 237, 143, 187, 87, 250, 253,
       155, 100, 233, 129, 223, 61, 140, 200, 248, 175, 90, 77, 241, 239,
       85, 165, 215, 191, 119, 244, 37, 119, 108, 68, 90, 14, 71, 141,
       203, 81, 156, 108, 24, 5, 231, 252, 156, 203, 208, 190, 179, 156,
