%YAML:1.0
descriptors: !!opencv-matrix
   rows: 139
   cols: 64
   dt: u
   data: [ 59, 244, 125, 207, 63, 157, 219, 57, 255, 253, 189, 255, 189,
       123, 124, 116, 246, 246, 70, 187, 245, 114, 209, 118, 253, 182,
       229, 123, 126, 251, 221, 251, 255, 108, 71, 190, 222, 121, 249,
       253, 250, 95, 123, 47, 208, 118, 245, 111, 187, 174, 153, 15, 248,
       29, 156, 89, 48, 243, 119, 189, 250, 223, 46, 251, 167, 54, 117,
       35, 221, 184, 163, 88, 232, 93, 130, 119, 173, 27, 192, 21, 226,
       229, 7, 96, 225, 2, 139, 116, 76, 220, 57, 47, 214, 10, 99, 59,
       85, 36, 85, 186, 82, 48, 173, 116, 240, 84, 24, 143, 193, 0, 244,
       69, 153, 173, 24, 0, 240, 29, 140, 73, 16, 242, 51, 188, 88, 87,
       32, 248, 124, 50, 245, 160, 94, 183, 39, 121, 244, 94, 208, 51,
       253, 58, 176, 84, 242, 213, 67, 100, 241, 39, 195, 117, 76, 248,
       188, 141, 82, 28, 113, 233, 215, 36, 85, 186, 82, 120, 161, 116,
       120, 92, 56, 15, 213, 21, 245, 79, 153, 172, 24, 5, 240, 29, 156,
       73, 16, 242, 51, 189, 88, 87, 32, 250, 58, 177, 216, 222, 55, 217,
       220, 39, 87, 226, 29, 176, 61, 86, 61, 90, 253, 146, 96, 155, 135,
       124, 193, 71, 185, 151, 227, 89, 67, 251, 213, 106, 135, 60, 165,
       182, 222, 88, 250, 117, 112, 221, 229, 105, 182, 20, 181, 111,
       147, 174, 153, 71, 178, 29, 248, 93, 17, 243, 122, 251, 121, 123,
       232, 250, 59, 246, 125, 162, 255, 189, 15, 9, 238, 71, 185, 122,
       189, 47, 116, 85, 246, 247, 71, 240, 121, 114, 145, 116, 212, 244,
       233, 121, 210, 154, 241, 169, 192, 44, 214, 190, 202, 120, 169,
       124, 100, 92, 48, 173, 212, 80, 244, 77, 152, 172, 16, 9, 226, 29,
       222, 81, 16, 242, 51, 188, 90, 215, 40, 184, 63, 54, 116, 170,
       223, 188, 15, 8, 102, 78, 154, 50, 173, 47, 172, 85, 243, 247, 1,
       244, 105, 64, 145, 112, 196, 220, 249, 105, 210, 26, 241, 41, 80,
       36, 215, 186, 66, 120, 137, 116, 100, 84, 24, 45, 85, 20, 244, 77,
       152, 172, 24, 4, 224, 29, 156, 73, 16, 242, 51, 188, 88, 87, 32,
       240, 126, 50, 253, 160, 254, 183, 47, 121, 244, 127, 208, 51, 253,
       58, 182, 84, 250, 213, 67, 100, 249, 37, 195, 117, 76, 248, 188,
       175, 82, 28, 113, 233, 215, 36, 84, 186, 82, 120, 161, 116, 112,
       92, 56, 15, 213, 20, 245, 79, 153, 172, 24, 5, 240, 29, 156, 73,
       16, 242, 51, 189, 88, 87, 32, 250, 2, 0, 1, 146, 0, 4, 8, 7, 6,
       102, 1, 4, 17, 128, 17, 18, 102, 86, 0, 96, 2, 128, 164, 34, 72,
       128, 164, 8, 18, 136, 16, 105, 112, 36, 20, 154, 2, 96, 3, 194,
       18, 66, 4, 10, 16, 20, 192, 76, 145, 44, 16, 4, 32, 24, 148, 73,
       144, 114, 33, 56, 88, 84, 34, 241, 68, 34, 239, 153, 66, 215, 7,
       101, 175, 230, 11, 20, 25, 182, 187, 230, 203, 213, 24, 102, 136,
       81, 198, 33, 93, 197, 140, 13, 2, 136, 25, 75, 213, 37, 85, 187,
       82, 122, 205, 92, 48, 85, 56, 46, 21, 140, 229, 110, 157, 172, 24,
       5, 179, 29, 148, 75, 80, 110, 51, 189, 88, 86, 32, 250, 66, 1,
       129, 154, 0, 66, 6, 7, 2, 162, 9, 4, 17, 134, 147, 2, 75, 85, 0,
       68, 130, 129, 192, 3, 76, 192, 140, 13, 2, 136, 16, 72, 149, 36,
       85, 186, 2, 104, 7, 86, 32, 64, 52, 41, 21, 28, 37, 110, 17, 172,
       24, 4, 48, 24, 148, 75, 16, 98, 51, 184, 72, 84, 32, 250, 71, 5,
       131, 18, 80, 130, 10, 79, 2, 2, 3, 20, 0, 194, 129, 2, 98, 85, 16,
       70, 130, 37, 192, 67, 78, 194, 170, 13, 18, 8, 16, 8, 86, 37, 84,
       187, 2, 120, 71, 84, 16, 64, 24, 10, 193, 28, 193, 78, 25, 172,
       24, 5, 113, 24, 156, 75, 16, 114, 51, 189, 72, 86, 48, 248, 62,
       117, 125, 190, 54, 63, 63, 123, 247, 214, 213, 176, 125, 62, 188,
       86, 251, 246, 67, 117, 113, 114, 209, 182, 221, 253, 245, 221,
       122, 222, 244, 169, 202, 44, 199, 190, 219, 120, 193, 125, 120,
       221, 53, 47, 213, 53, 246, 110, 155, 174, 153, 15, 242, 29, 156,
       89, 48, 242, 51, 189, 123, 215, 40, 250, 18, 130, 12, 138, 14,
       157, 128, 1, 54, 94, 30, 4, 28, 61, 121, 52, 84, 210, 0, 176, 192,
       80, 137, 96, 120, 0, 0, 64, 60, 208, 153, 113, 52, 104, 219, 0,
       126, 66, 8, 136, 134, 21, 10, 12, 80, 134, 192, 77, 147, 25, 153,
       12, 54, 1, 203, 89, 2, 66, 58, 180, 66, 138, 106, 241, 69, 7, 1,
       80, 64, 130, 34, 70, 0, 32, 3, 4, 64, 193, 129, 2, 234, 68, 1,
       102, 206, 168, 128, 19, 76, 154, 130, 13, 16, 8, 49, 72, 210, 38,
       85, 186, 0, 112, 65, 84, 160, 112, 24, 14, 65, 20, 225, 78, 153,
       44, 24, 4, 240, 29, 156, 73, 16, 242, 51, 189, 72, 86, 33, 250,
       69, 11, 197, 208, 24, 222, 39, 118, 40, 246, 42, 22, 193, 253,
       219, 162, 235, 213, 33, 98, 206, 173, 202, 115, 77, 223, 179, 45,
       80, 10, 51, 75, 215, 38, 85, 186, 82, 122, 233, 116, 240, 116, 56,
       47, 85, 22, 245, 111, 153, 172, 24, 5, 240, 29, 157, 73, 16, 242,
       51, 189, 88, 87, 32, 250, 5, 3, 132, 144, 1, 154, 38, 70, 36, 4,
       10, 6, 128, 125, 139, 3, 203, 93, 1, 102, 196, 39, 194, 115, 77,
       220, 144, 4, 80, 0, 49, 73, 215, 38, 85, 186, 80, 122, 201, 84,
       112, 84, 24, 46, 85, 20, 229, 111, 153, 44, 24, 5, 240, 29, 157,
       73, 16, 242, 51, 189, 72, 87, 32, 250, 61, 37, 245, 184, 16, 111,
       37, 119, 241, 220, 206, 181, 93, 125, 189, 70, 251, 252, 195, 98,
       245, 96, 208, 183, 221, 41, 132, 149, 104, 212, 120, 233, 223, 38,
       69, 186, 149, 120, 217, 124, 124, 93, 60, 167, 84, 177, 103, 110,
       185, 172, 137, 13, 240, 29, 156, 77, 60, 242, 123, 189, 90, 71,
       40, 250, 124, 49, 251, 156, 50, 103, 121, 127, 214, 230, 85, 176,
       83, 194, 183, 94, 251, 212, 99, 103, 135, 181, 196, 23, 12, 139,
       182, 13, 83, 136, 52, 232, 199, 36, 21, 186, 82, 120, 193, 116,
       112, 74, 52, 47, 215, 20, 129, 110, 153, 172, 24, 5, 240, 29, 156,
       73, 16, 242, 59, 189, 88, 87, 32, 251, 63, 183, 253, 254, 63, 181,
       253, 122, 246, 254, 212, 245, 253, 127, 177, 87, 254, 214, 99,
       115, 245, 38, 195, 119, 205, 186, 244, 255, 90, 93, 245, 235, 215,
       44, 85, 190, 83, 120, 233, 116, 120, 92, 56, 47, 213, 21, 247,
       111, 153, 172, 24, 5, 240, 29, 156, 73, 16, 242, 51, 189, 88, 87,
       32, 250, 61, 190, 253, 246, 62, 253, 253, 125, 255, 253, 223, 247,
       253, 127, 190, 116, 255, 215, 99, 99, 245, 119, 195, 255, 205,
       254, 244, 255, 126, 95, 247, 239, 215, 36, 85, 190, 215, 120, 249,
       117, 120, 93, 123, 47, 213, 53, 247, 111, 153, 172, 24, 5, 240,
       29, 156, 73, 16, 242, 51, 189, 90, 87, 32, 250, 80, 27, 147, 212,
       120, 134, 91, 110, 194, 100, 3, 20, 83, 196, 146, 90, 226, 213,
       56, 103, 142, 173, 194, 51, 14, 202, 166, 15, 82, 8, 48, 111, 87,
       39, 116, 187, 66, 124, 243, 86, 16, 120, 153, 78, 233, 28, 225,
       79, 153, 164, 24, 69, 112, 28, 156, 75, 17, 242, 51, 191, 88, 84,
       33, 250, 195, 1, 16, 146, 217, 130, 66, 2, 66, 33, 1, 82, 162,
       195, 128, 18, 98, 215, 5, 71, 203, 172, 161, 99, 78, 138, 162, 15,
       146, 8, 33, 105, 82, 38, 20, 186, 66, 120, 67, 212, 80, 64, 24,
       14, 192, 20, 193, 79, 153, 44, 24, 4, 112, 24, 156, 73, 16, 242,
       51, 189, 88, 86, 32, 249, 66, 1, 131, 214, 72, 2, 95, 75, 2, 96,
       17, 18, 19, 192, 16, 26, 34, 85, 48, 102, 142, 173, 128, 3, 14,
       194, 162, 15, 18, 40, 16, 105, 83, 39, 20, 187, 66, 124, 71, 214,
       16, 106, 152, 75, 201, 28, 193, 79, 17, 164, 16, 5, 97, 24, 156,
       75, 17, 114, 51, 187, 88, 84, 49, 249, 5, 2, 0, 129, 201, 0, 131,
       192, 36, 68, 2, 6, 0, 61, 129, 33, 66, 84, 1, 32, 64, 0, 140, 96,
       76, 128, 8, 1, 148, 8, 17, 25, 116, 36, 85, 154, 16, 114, 13, 4,
       133, 0, 24, 6, 64, 132, 64, 132, 17, 44, 16, 4, 16, 24, 132, 9,
       16, 96, 32, 12, 72, 70, 32, 240, 13, 70, 101, 136, 128, 61, 39,
       113, 40, 84, 234, 5, 72, 61, 249, 165, 129, 108, 199, 104, 112,
       64, 24, 240, 81, 44, 13, 128, 252, 6, 57, 145, 248, 64, 211, 168,
       81, 50, 9, 136, 190, 52, 26, 150, 68, 227, 102, 64, 8, 61, 132, 8,
       211, 29, 139, 12, 62, 192, 3, 132, 66, 198, 46, 176, 64, 11, 175,
