%YAML:1.0
descriptors: !!opencv-matrix
   rows: 151
   cols: 64
   dt: u
   data: [ 62, 173, 251, 254, 3, 207, 117, 111, 215, 244, 212, 249, 127,
       250, 182, 94, 255, 155, 227, 243, 247, 63, 211, 119, 221, 219,
       212, 239, 107, 253, 214, 234, 135, 46, 97, 190, 255, 88, 251, 124,
       120, 61, 181, 99, 221, 53, 183, 111, 185, 172, 137, 77, 240, 29,
       152, 73, 63, 242, 119, 249, 123, 119, 165, 218, 175, 222, 124,
       107, 255, 253, 191, 89, 191, 127, 175, 234, 175, 127, 252, 253,
       159, 255, 126, 251, 253, 119, 19, 124, 117, 247, 253, 127, 254,
       127, 247, 179, 223, 220, 223, 174, 243, 121, 248, 123, 124, 93,
       122, 189, 245, 241, 254, 55, 185, 159, 152, 45, 240, 189, 222,
       125, 48, 247, 183, 189, 250, 219, 108, 250, 252, 249, 255, 223,
       118, 127, 255, 246, 223, 191, 125, 159, 95, 254, 191, 250, 255,
       215, 123, 111, 127, 221, 231, 183, 235, 255, 191, 255, 91, 219,
       246, 235, 215, 47, 117, 255, 223, 125, 255, 117, 122, 125, 253,
       127, 255, 60, 245, 238, 223, 172, 31, 215, 241, 125, 156, 207, 81,
       254, 123, 255, 121, 117, 17, 250, 59, 223, 252, 254, 63, 253, 253,
       91, 127, 254, 213, 249, 189, 126, 253, 95, 255, 246, 225, 251,
       247, 124, 211, 123, 117, 255, 243, 63, 126, 127, 245, 239, 223,
       230, 215, 186, 247, 120, 251, 125, 112, 125, 255, 111, 245, 21,
       247, 111, 153, 174, 152, 77, 242, 29, 156, 93, 51, 243, 247, 191,
       219, 255, 173, 250, 70, 32, 195, 179, 221, 162, 170, 205, 212,
       234, 64, 53, 33, 66, 147, 81, 106, 85, 1, 66, 193, 41, 206, 11,
       14, 138, 34, 15, 210, 9, 49, 110, 103, 166, 28, 187, 51, 244, 37,
       118, 64, 64, 0, 72, 67, 20, 1, 211, 25, 44, 24, 5, 244, 28, 156,
       73, 144, 176, 35, 185, 92, 71, 48, 245, 163, 23, 208, 86, 153,
       128, 77, 72, 230, 65, 1, 115, 162, 75, 132, 21, 98, 101, 36, 99,
       207, 46, 227, 103, 70, 154, 179, 47, 18, 40, 1, 13, 87, 39, 52,
       154, 0, 56, 115, 214, 65, 106, 56, 203, 201, 16, 221, 15, 0, 164,
       24, 0, 96, 26, 156, 73, 16, 50, 50, 159, 88, 87, 161, 251, 77, 15,
       255, 185, 216, 191, 35, 121, 188, 254, 194, 23, 221, 249, 187, 71,
       194, 221, 219, 102, 252, 247, 218, 113, 95, 232, 140, 132, 120,
       68, 56, 139, 247, 3, 85, 171, 80, 122, 5, 116, 252, 87, 24, 6, 85,
       175, 65, 199, 157, 44, 24, 36, 243, 93, 157, 73, 24, 236, 51, 189,
       72, 86, 34, 243, 255, 221, 254, 221, 255, 127, 95, 147, 63, 119,
       61, 234, 159, 251, 118, 255, 245, 255, 124, 255, 127, 255, 176,
       122, 243, 119, 255, 127, 253, 123, 222, 179, 218, 121, 150, 239,
       202, 125, 254, 251, 114, 159, 239, 253, 249, 126, 245, 63, 215,
       191, 150, 207, 237, 255, 223, 223, 121, 255, 113, 63, 255, 249,
       158, 187, 61, 252, 253, 253, 63, 253, 253, 121, 253, 253, 214,
       253, 255, 127, 252, 221, 251, 253, 227, 123, 245, 127, 218, 255,
       253, 255, 247, 247, 127, 255, 119, 239, 223, 248, 215, 190, 255,
       249, 249, 127, 124, 221, 255, 175, 245, 117, 247, 107, 187, 254,
       153, 79, 244, 29, 156, 93, 62, 242, 255, 191, 251, 223, 172, 254,
       252, 189, 255, 253, 54, 127, 253, 255, 221, 252, 223, 253, 127,
       254, 255, 254, 255, 223, 123, 111, 119, 255, 246, 183, 255, 239,
       246, 255, 125, 215, 254, 235, 207, 47, 117, 255, 223, 127, 249,
       125, 250, 221, 247, 63, 255, 55, 247, 110, 191, 172, 159, 207,
       242, 29, 157, 93, 84, 246, 123, 255, 123, 95, 171, 254, 90, 156,
       186, 185, 202, 254, 108, 71, 47, 98, 131, 136, 215, 196, 63, 159,
       253, 187, 59, 66, 174, 21, 90, 91, 215, 221, 251, 239, 67, 181,
       247, 231, 71, 151, 79, 15, 128, 236, 236, 74, 40, 88, 100, 105,
       95, 93, 183, 179, 221, 200, 24, 212, 231, 117, 116, 243, 209, 222,
       249, 189, 145, 121, 89, 230, 105, 142, 174, 255, 106, 127, 243,
       183, 61, 252, 78, 141, 31, 252, 123, 172, 253, 185, 249, 174, 244,
       31, 95, 243, 123, 111, 156, 166, 237, 211, 126, 231, 207, 43, 67,
       112, 255, 210, 252, 104, 249, 61, 122, 182, 93, 231, 247, 235,
       189, 236, 143, 221, 245, 125, 152, 193, 119, 254, 127, 189, 210,
       239, 13, 222, 251, 220, 222, 95, 239, 95, 94, 146, 127, 117, 61,
       202, 190, 250, 110, 253, 245, 243, 60, 245, 127, 223, 51, 116,
       243, 119, 253, 126, 255, 119, 222, 53, 146, 109, 82, 127, 203, 87,
       254, 251, 210, 223, 108, 63, 217, 126, 254, 29, 197, 199, 22, 15,
       254, 255, 155, 239, 123, 255, 113, 61, 253, 248, 30, 185, 196, 42,
       131, 145, 216, 241, 174, 244, 8, 175, 203, 158, 194, 132, 155,
       226, 139, 77, 35, 99, 142, 165, 238, 153, 77, 223, 191, 167, 64,
       14, 51, 95, 87, 4, 85, 187, 16, 252, 237, 86, 112, 124, 56, 47,
       247, 28, 253, 51, 153, 172, 56, 37, 209, 29, 156, 72, 144, 250,
       51, 189, 76, 87, 32, 242, 84, 9, 146, 213, 32, 200, 120, 101, 11,
       161, 71, 140, 208, 196, 9, 18, 189, 139, 48, 75, 142, 45, 194,
       203, 221, 90, 242, 126, 0, 167, 133, 46, 7, 147, 33, 14, 128, 205,
       250, 67, 49, 168, 229, 99, 175, 28, 45, 63, 209, 194, 105, 247,
       164, 216, 48, 230, 65, 91, 218, 227, 49, 37, 145, 230, 135, 245,
       211, 119, 221, 160, 193, 90, 182, 5, 132, 251, 175, 203, 132, 93,
       106, 245, 61, 103, 71, 46, 168, 127, 102, 159, 115, 47, 214, 11,
       96, 61, 214, 231, 188, 219, 66, 125, 127, 247, 81, 234, 186, 95,
       201, 24, 121, 151, 72, 181, 16, 148, 104, 178, 142, 105, 16, 176,
       49, 159, 92, 85, 181, 187, 70, 32, 195, 177, 24, 198, 9, 207, 0,
       238, 1, 20, 81, 130, 147, 98, 202, 68, 1, 98, 138, 133, 206, 9,
       14, 136, 186, 15, 2, 8, 51, 79, 117, 166, 53, 187, 16, 244, 101,
       86, 0, 64, 8, 10, 75, 28, 65, 179, 25, 44, 88, 5, 113, 24, 148,
       72, 144, 96, 33, 185, 76, 70, 32, 243, 13, 206, 247, 237, 40, 127,
       161, 247, 61, 220, 238, 205, 95, 61, 251, 236, 235, 252, 235, 107,
       244, 73, 124, 243, 127, 109, 5, 210, 109, 199, 63, 255, 245, 64,
       119, 184, 85, 242, 249, 60, 255, 29, 122, 54, 124, 183, 115, 238,
       153, 173, 126, 29, 242, 31, 157, 77, 62, 222, 43, 172, 91, 79, 35,
       251, 5, 39, 199, 25, 88, 67, 162, 231, 32, 152, 66, 23, 80, 117,
       139, 224, 203, 92, 129, 102, 69, 161, 206, 114, 78, 220, 16, 1,
       208, 14, 50, 74, 87, 34, 85, 186, 16, 114, 77, 116, 52, 52, 24,
       38, 69, 132, 101, 238, 153, 44, 24, 5, 208, 29, 156, 73, 16, 224,
       35, 189, 72, 71, 32, 242, 30, 146, 203, 244, 62, 180, 253, 10,
       148, 191, 81, 209, 143, 107, 20, 24, 60, 207, 160, 35, 230, 111,
       202, 123, 140, 155, 183, 247, 92, 225, 117, 238, 215, 186, 157,
       36, 255, 184, 250, 119, 108, 44, 235, 105, 245, 17, 247, 107, 187,
       238, 24, 67, 244, 21, 156, 89, 7, 211, 247, 159, 250, 119, 161,
       254, 251, 253, 239, 218, 119, 95, 87, 186, 255, 87, 189, 250, 63,
       251, 246, 239, 251, 245, 127, 127, 63, 247, 241, 54, 111, 247,
       177, 59, 243, 27, 118, 41, 210, 46, 150, 250, 74, 121, 249, 252,
       114, 223, 56, 63, 209, 30, 245, 110, 157, 173, 22, 5, 248, 29,
       151, 73, 48, 246, 57, 189, 88, 214, 42, 251, 186, 220, 255, 255,
       175, 253, 221, 189, 255, 255, 253, 207, 255, 124, 127, 254, 253,
       215, 114, 187, 254, 127, 255, 255, 253, 255, 247, 250, 127, 247,
       255, 239, 223, 252, 95, 124, 254, 251, 250, 123, 250, 95, 239,
       111, 247, 55, 245, 127, 191, 202, 26, 79, 246, 29, 157, 93, 31,
       247, 255, 255, 243, 255, 170, 255, 253, 253, 255, 253, 118, 255,
       255, 251, 253, 215, 253, 250, 255, 251, 246, 207, 187, 221, 127,
       111, 63, 221, 242, 247, 255, 255, 191, 191, 127, 126, 118, 185,
       214, 101, 213, 251, 218, 125, 253, 117, 126, 255, 185, 63, 255,
       29, 247, 62, 223, 173, 24, 215, 249, 125, 156, 93, 88, 254, 113,
       255, 125, 215, 59, 251, 126, 53, 243, 150, 87, 135, 89, 111, 198,
       68, 213, 52, 63, 202, 179, 86, 250, 213, 19, 102, 3, 15, 231, 55,
       14, 138, 236, 13, 82, 24, 112, 41, 102, 37, 52, 190, 66, 112, 1,
       212, 16, 72, 20, 14, 201, 28, 193, 78, 153, 164, 88, 5, 112, 24,
