%YAML:1.0
descriptors: !!opencv-matrix
   rows: 163
   cols: 64
   dt: u
   data: [ 63, 253, 255, 255, 55, 189, 253, 123, 255, 255, 245, 251, 255,
       122, 252, 95, 255, 255, 99, 251, 247, 127, 211, 127, 253, 255,
       247, 255, 126, 255, 245, 235, 223, 108, 215, 190, 255, 121, 249,
       125, 120, 95, 255, 111, 247, 117, 247, 111, 187, 174, 152, 79,
       240, 29, 156, 93, 48, 243, 119, 255, 251, 223, 172, 254, 191, 254,
       111, 239, 255, 189, 223, 153, 255, 255, 253, 251, 239, 123, 252,
       125, 241, 247, 127, 251, 245, 119, 219, 124, 245, 255, 243, 255,
       127, 127, 247, 255, 223, 236, 223, 255, 254, 121, 249, 255, 126,
       223, 123, 189, 213, 243, 247, 127, 191, 255, 24, 15, 248, 189,
       223, 93, 56, 246, 247, 191, 251, 223, 46, 255, 62, 185, 255, 254,
       55, 191, 253, 122, 215, 252, 213, 241, 255, 254, 180, 94, 255,
       223, 99, 243, 245, 63, 193, 247, 205, 254, 231, 223, 90, 252, 245,
       235, 223, 60, 85, 190, 223, 120, 249, 125, 120, 93, 187, 47, 245,
       53, 247, 111, 153, 174, 24, 7, 240, 29, 156, 73, 16, 243, 51, 189,
       122, 87, 32, 250, 124, 185, 255, 246, 54, 183, 249, 123, 247, 252,
       245, 241, 127, 250, 180, 94, 246, 223, 115, 107, 247, 125, 193,
       247, 253, 234, 230, 223, 122, 253, 244, 235, 223, 44, 118, 190,
       223, 120, 249, 125, 120, 95, 253, 47, 241, 53, 247, 111, 157, 174,
       24, 7, 240, 29, 156, 77, 24, 242, 115, 191, 123, 87, 32, 251, 15,
       150, 92, 255, 63, 185, 190, 89, 59, 250, 134, 233, 188, 122, 173,
       85, 238, 255, 161, 243, 197, 116, 91, 123, 69, 222, 241, 127, 94,
       79, 181, 103, 215, 36, 215, 186, 115, 120, 233, 117, 112, 93, 122,
       47, 213, 21, 247, 111, 153, 172, 24, 5, 240, 29, 156, 73, 18, 242,
       55, 189, 88, 87, 32, 250, 59, 253, 255, 255, 63, 189, 253, 122,
       255, 255, 245, 251, 255, 122, 180, 95, 246, 247, 99, 251, 245,
       126, 211, 255, 253, 255, 231, 191, 126, 253, 245, 239, 223, 108,
       151, 190, 255, 121, 249, 125, 122, 223, 251, 47, 247, 53, 247,
       111, 187, 190, 153, 15, 240, 29, 158, 93, 52, 243, 119, 255, 251,
       223, 172, 255, 124, 59, 247, 245, 118, 191, 249, 251, 253, 252,
       214, 247, 255, 255, 249, 254, 242, 221, 255, 111, 247, 127, 192,
       247, 255, 234, 230, 159, 126, 223, 124, 255, 255, 103, 119, 191,
       214, 126, 249, 253, 221, 93, 251, 62, 233, 167, 195, 111, 173,
       173, 153, 221, 242, 61, 159, 77, 112, 246, 115, 255, 123, 14, 163,
       255, 63, 254, 125, 255, 191, 189, 255, 121, 255, 255, 253, 251,
       255, 122, 252, 93, 246, 247, 127, 123, 245, 119, 219, 127, 245,
       255, 247, 255, 127, 127, 245, 239, 223, 236, 222, 190, 255, 121,
       249, 127, 126, 223, 127, 47, 213, 119, 247, 111, 191, 191, 152,
       15, 242, 157, 223, 93, 60, 246, 247, 191, 251, 223, 174, 255, 63,
       246, 125, 231, 254, 189, 191, 112, 255, 255, 126, 219, 205, 127,
       252, 117, 247, 255, 111, 235, 245, 103, 219, 124, 237, 255, 189,
       255, 126, 95, 247, 255, 215, 236, 221, 190, 91, 120, 249, 119,
       124, 92, 122, 47, 213, 20, 247, 111, 153, 172, 24, 5, 240, 29,
       156, 73, 16, 246, 51, 189, 218, 87, 32, 254, 68, 42, 67, 161, 216,
       208, 170, 193, 8, 187, 2, 23, 193, 71, 219, 97, 202, 85, 137, 98,
       201, 5, 142, 120, 78, 220, 60, 39, 150, 11, 51, 94, 119, 133, 93,
       155, 16, 250, 237, 22, 161, 84, 8, 14, 69, 140, 216, 49, 153, 44,
       24, 37, 209, 29, 140, 73, 16, 232, 51, 173, 76, 71, 32, 178, 251,
       209, 217, 190, 255, 7, 91, 10, 246, 103, 21, 154, 191, 234, 54,
       94, 254, 215, 48, 101, 72, 183, 195, 102, 206, 154, 244, 59, 211,
       185, 119, 105, 211, 44, 20, 254, 66, 121, 225, 124, 80, 203, 61,
       9, 209, 20, 229, 77, 153, 172, 24, 5, 240, 28, 156, 73, 16, 242,
       57, 189, 88, 87, 34, 251, 253, 249, 127, 239, 247, 127, 251, 248,
       255, 221, 253, 253, 127, 123, 252, 253, 243, 244, 95, 127, 55,
       250, 165, 60, 237, 255, 111, 63, 255, 95, 127, 191, 248, 109, 188,
       223, 214, 119, 253, 247, 219, 223, 251, 30, 218, 191, 216, 60,
       141, 181, 87, 133, 232, 191, 135, 77, 240, 244, 105, 254, 221,
       142, 38, 189, 180, 186, 251, 231, 189, 248, 251, 252, 220, 249,
       198, 255, 227, 23, 219, 209, 235, 213, 191, 107, 197, 45, 238,
       125, 109, 223, 51, 39, 94, 11, 51, 127, 87, 229, 125, 187, 118,
       251, 233, 55, 241, 84, 106, 62, 239, 4, 121, 115, 153, 189, 60,
       37, 240, 181, 156, 105, 16, 250, 179, 239, 216, 23, 33, 254, 187,
       190, 255, 111, 54, 255, 241, 191, 255, 221, 222, 253, 127, 63,
       127, 252, 255, 254, 123, 251, 245, 91, 247, 181, 255, 111, 124,
       255, 127, 215, 254, 239, 237, 109, 103, 254, 223, 51, 249, 125,
       255, 221, 255, 190, 221, 243, 255, 110, 191, 188, 207, 139, 242,
       29, 154, 85, 254, 246, 111, 253, 251, 223, 46, 222, 205, 158, 146,
       101, 253, 250, 243, 222, 56, 185, 70, 207, 130, 159, 194, 153,
       107, 205, 189, 43, 236, 13, 238, 121, 103, 223, 25, 231, 255, 99,
       35, 239, 151, 243, 121, 113, 119, 157, 237, 53, 89, 60, 106, 247,
       237, 1, 127, 241, 252, 213, 126, 181, 213, 231, 190, 234, 86, 220,
       183, 175, 214, 23, 21, 254, 4, 33, 227, 128, 16, 69, 32, 103, 128,
       198, 195, 20, 81, 132, 147, 66, 202, 68, 3, 100, 1, 128, 196, 131,
       12, 136, 164, 9, 64, 140, 48, 8, 112, 36, 85, 186, 0, 120, 1, 84,
       16, 64, 16, 14, 70, 20, 64, 236, 25, 44, 24, 4, 112, 28, 148, 73,
       128, 226, 35, 184, 72, 6, 32, 242, 252, 58, 247, 181, 126, 55, 59,
       255, 252, 253, 214, 115, 255, 186, 178, 70, 250, 213, 99, 99, 253,
       135, 195, 246, 93, 250, 188, 143, 218, 220, 119, 239, 215, 36, 86,
       186, 86, 122, 161, 124, 216, 93, 56, 46, 193, 37, 193, 109, 153,
       172, 24, 5, 240, 29, 157, 73, 16, 242, 51, 189, 90, 87, 32, 250,
       231, 221, 202, 247, 255, 122, 218, 155, 63, 123, 176, 235, 174,
       203, 102, 253, 237, 183, 60, 151, 79, 143, 187, 121, 103, 223,
       123, 111, 223, 127, 226, 55, 223, 235, 221, 113, 114, 253, 255,
       119, 97, 252, 234, 249, 223, 29, 255, 177, 204, 223, 24, 245, 205,
       231, 206, 235, 211, 189, 244, 63, 158, 113, 145, 14, 253, 244,
       255, 189, 118, 103, 191, 254, 244, 253, 252, 251, 111, 187, 150,
       239, 251, 245, 127, 111, 121, 131, 247, 54, 77, 255, 189, 191,
       219, 95, 115, 255, 209, 45, 53, 255, 86, 120, 233, 245, 122, 94,
       58, 191, 215, 49, 245, 108, 153, 172, 94, 5, 240, 62, 156, 73,
       144, 246, 51, 157, 94, 87, 32, 250, 252, 62, 247, 245, 126, 119,
       179, 255, 253, 253, 214, 119, 255, 186, 251, 198, 251, 213, 123,
       111, 245, 183, 247, 246, 221, 251, 189, 175, 222, 94, 119, 251,
       215, 37, 85, 190, 86, 122, 233, 116, 248, 93, 122, 62, 209, 37,
       241, 109, 157, 172, 24, 5, 242, 29, 156, 73, 16, 242, 51, 189, 90,
       87, 32, 250, 253, 191, 255, 245, 118, 119, 251, 254, 253, 221,
       214, 247, 127, 123, 251, 220, 251, 213, 127, 111, 117, 247, 230,
       118, 253, 255, 189, 191, 255, 223, 119, 251, 215, 101, 85, 254,
       86, 122, 249, 124, 252, 93, 126, 62, 209, 53, 241, 109, 157, 172,
       28, 5, 242, 29, 156, 77, 24, 246, 51, 189, 91, 95, 32, 250, 255,
       245, 255, 254, 127, 119, 219, 251, 247, 255, 213, 255, 255, 123,
       182, 92, 250, 245, 127, 103, 245, 247, 241, 118, 254, 251, 255,
       63, 219, 219, 127, 251, 215, 44, 21, 255, 210, 120, 249, 124, 90,
       94, 57, 47, 209, 52, 241, 111, 157, 172, 24, 5, 240, 29, 156, 73,
       16, 246, 51, 189, 88, 87, 34, 251, 252, 255, 255, 253, 250, 125,
       251, 241, 189, 255, 234, 159, 223, 253, 251, 238, 251, 221, 251,
       110, 124, 205, 150, 184, 95, 125, 191, 248, 253, 215, 126, 191,
       243, 101, 95, 251, 214, 127, 249, 124, 254, 92, 56, 62, 223, 166,
       219, 117, 157, 173, 28, 37, 248, 31, 159, 77, 144, 244, 59, 157,
       94, 70, 32, 178, 68, 35, 163, 145, 128, 196, 170, 229, 0, 174,
       195, 20, 209, 196, 155, 66, 202, 77, 3, 102, 206, 165, 198, 147,
       12, 200, 182, 141, 64, 12, 50, 10, 119, 36, 85, 186, 16, 122, 201,
