%YAML:1.0
descriptors: !!opencv-matrix
   rows: 115
   cols: 64
   dt: u
   data: [ 61, 255, 255, 253, 62, 253, 253, 125, 255, 253, 222, 253, 255,
       127, 253, 254, 255, 255, 251, 187, 245, 127, 223, 255, 249, 127,
       247, 247, 109, 255, 255, 239, 207, 250, 231, 180, 255, 249, 251,
       125, 125, 61, 255, 231, 247, 241, 247, 111, 191, 254, 169, 203,
       246, 29, 216, 93, 63, 247, 255, 255, 251, 251, 237, 222, 125, 185,
       223, 222, 119, 207, 223, 62, 223, 221, 61, 251, 183, 222, 182, 94,
       255, 247, 248, 31, 183, 63, 195, 119, 251, 255, 247, 127, 122,
       251, 214, 107, 207, 63, 117, 183, 246, 92, 250, 125, 112, 253,
       183, 103, 191, 60, 181, 111, 253, 174, 185, 223, 240, 125, 188,
       199, 113, 255, 119, 255, 123, 117, 181, 218, 45, 238, 238, 233,
       255, 253, 227, 252, 189, 253, 222, 253, 221, 61, 255, 237, 137,
       253, 251, 251, 245, 87, 222, 249, 125, 125, 28, 183, 125, 215, 63,
       223, 253, 203, 255, 32, 247, 251, 253, 62, 127, 61, 122, 182, 85,
       243, 127, 243, 191, 252, 175, 45, 215, 245, 216, 92, 126, 206,
       239, 237, 211, 219, 110, 222, 250, 249, 255, 253, 246, 255, 255,
       255, 223, 255, 253, 222, 255, 252, 255, 254, 255, 215, 122, 111,
       62, 255, 247, 63, 255, 255, 247, 255, 255, 255, 254, 191, 199,
       255, 183, 127, 222, 253, 254, 127, 122, 255, 231, 127, 191, 190,
       253, 183, 255, 202, 255, 255, 255, 255, 180, 255, 249, 255, 249,
       123, 255, 253, 155, 255, 250, 188, 255, 255, 255, 255, 251, 253,
       223, 253, 254, 191, 191, 254, 255, 254, 255, 215, 121, 107, 252,
       151, 231, 61, 255, 239, 248, 191, 251, 211, 255, 239, 247, 37, 85,
       255, 215, 123, 233, 125, 122, 93, 127, 62, 221, 23, 255, 111, 159,
       172, 27, 141, 242, 29, 156, 73, 80, 246, 59, 189, 91, 95, 34, 254,
       255, 245, 253, 254, 247, 189, 95, 57, 247, 95, 245, 250, 255, 122,
       182, 93, 242, 247, 127, 119, 127, 119, 211, 118, 252, 234, 247,
       63, 123, 121, 124, 169, 214, 108, 150, 254, 218, 121, 241, 245,
       90, 223, 63, 15, 209, 21, 245, 79, 159, 174, 24, 13, 248, 29, 159,
       93, 56, 246, 115, 159, 123, 223, 46, 251, 45, 4, 108, 128, 31, 87,
       131, 119, 54, 244, 22, 21, 29, 63, 185, 228, 226, 212, 65, 96,
       209, 65, 196, 115, 77, 168, 168, 13, 120, 12, 49, 107, 245, 36,
       85, 186, 82, 122, 137, 116, 240, 92, 24, 14, 212, 22, 192, 109,
       153, 172, 24, 5, 240, 29, 156, 73, 16, 242, 51, 188, 88, 87, 32,
       250, 126, 53, 125, 158, 119, 63, 91, 121, 246, 70, 213, 48, 125,
       122, 180, 85, 246, 247, 67, 116, 117, 115, 145, 118, 220, 170,
       228, 93, 82, 88, 252, 169, 210, 44, 22, 190, 218, 122, 129, 245,
       210, 223, 28, 15, 208, 20, 193, 78, 153, 172, 24, 5, 242, 29, 157,
       73, 16, 242, 51, 189, 88, 86, 34, 249, 173, 254, 125, 175, 190,
       253, 191, 253, 253, 255, 239, 255, 253, 63, 251, 231, 251, 252,
       195, 105, 249, 210, 127, 252, 253, 253, 189, 187, 255, 223, 127,
       255, 237, 108, 255, 254, 219, 251, 169, 127, 255, 93, 122, 190,
       246, 227, 254, 125, 185, 189, 254, 47, 250, 159, 159, 93, 188,
       242, 59, 188, 255, 223, 106, 242, 61, 253, 255, 252, 63, 191, 255,
       122, 253, 253, 245, 251, 255, 123, 180, 95, 246, 255, 103, 115,
       247, 127, 210, 127, 237, 255, 247, 255, 122, 83, 245, 239, 223,
       44, 215, 190, 215, 120, 249, 125, 120, 95, 251, 47, 245, 53, 247,
       111, 185, 174, 24, 13, 240, 29, 156, 73, 48, 242, 115, 191, 250,
       215, 44, 254, 60, 55, 125, 252, 62, 189, 251, 121, 244, 124, 215,
       53, 125, 127, 249, 244, 242, 212, 67, 98, 245, 106, 133, 246, 221,
       170, 230, 153, 122, 220, 125, 251, 247, 36, 85, 190, 214, 114,
       209, 124, 254, 93, 25, 14, 212, 167, 193, 79, 153, 172, 24, 5,
       240, 29, 157, 73, 16, 242, 51, 189, 90, 86, 34, 249, 60, 53, 253,
       162, 23, 39, 37, 127, 230, 70, 209, 114, 125, 42, 178, 86, 250,
       212, 67, 97, 113, 6, 193, 118, 204, 184, 244, 9, 82, 28, 240, 233,
       213, 36, 85, 190, 82, 120, 137, 116, 120, 92, 60, 47, 212, 52,
       245, 108, 153, 172, 24, 5, 240, 29, 156, 73, 16, 242, 51, 189, 88,
       87, 32, 250, 189, 178, 117, 174, 55, 117, 191, 252, 244, 220, 254,
       177, 109, 59, 187, 247, 235, 212, 35, 96, 97, 162, 229, 52, 77,
       221, 181, 41, 211, 14, 51, 249, 244, 36, 85, 186, 82, 112, 233,
       116, 112, 92, 56, 47, 212, 20, 244, 108, 153, 172, 28, 5, 240, 29,
       156, 73, 16, 242, 51, 188, 88, 87, 32, 250, 60, 48, 247, 164, 23,
       231, 177, 126, 244, 196, 215, 117, 127, 191, 176, 70, 250, 220,
       99, 97, 225, 6, 192, 119, 77, 152, 164, 141, 82, 12, 48, 233, 213,
       36, 85, 186, 82, 120, 169, 116, 120, 92, 56, 47, 212, 21, 245,
       111, 153, 172, 24, 5, 240, 29, 156, 73, 16, 242, 51, 189, 88, 87,
       32, 250, 61, 52, 245, 164, 19, 165, 37, 127, 228, 68, 210, 113,
       125, 46, 176, 70, 250, 220, 99, 97, 241, 38, 192, 119, 92, 184,
       180, 137, 82, 156, 113, 233, 215, 36, 85, 186, 82, 120, 233, 124,
       120, 92, 56, 47, 212, 21, 245, 111, 153, 172, 24, 5, 240, 29, 156,
       73, 16, 242, 51, 189, 88, 87, 32, 250, 255, 177, 255, 244, 127,
       183, 255, 122, 244, 255, 213, 251, 255, 107, 180, 92, 242, 221,
       127, 115, 247, 47, 195, 127, 237, 250, 247, 191, 94, 117, 245,
       239, 215, 44, 92, 191, 255, 120, 249, 117, 88, 92, 251, 111, 209,
       53, 247, 111, 185, 174, 24, 71, 240, 29, 156, 73, 16, 242, 119,
       191, 122, 87, 160, 254, 188, 177, 125, 166, 22, 101, 189, 125,
       212, 222, 252, 243, 125, 42, 178, 118, 251, 212, 35, 99, 97, 34,
       195, 118, 76, 159, 181, 169, 82, 14, 115, 169, 214, 36, 85, 186,
       82, 120, 233, 116, 120, 92, 56, 47, 212, 20, 245, 110, 153, 172,
       24, 5, 240, 29, 156, 73, 16, 242, 51, 189, 88, 87, 32, 250, 62,
       49, 117, 182, 22, 101, 37, 123, 228, 68, 253, 50, 125, 46, 182,
       86, 251, 212, 99, 97, 113, 34, 193, 118, 92, 189, 181, 137, 82,
       158, 115, 233, 215, 36, 85, 186, 82, 120, 233, 116, 120, 92, 60,
       47, 212, 20, 245, 111, 153, 172, 24, 5, 240, 29, 156, 73, 16, 242,
       51, 189, 88, 87, 32, 250, 31, 179, 93, 118, 62, 176, 189, 120,
       114, 190, 215, 117, 236, 127, 137, 81, 230, 238, 1, 242, 229, 100,
       195, 243, 205, 186, 224, 251, 90, 12, 241, 107, 215, 36, 85, 190,
       91, 120, 233, 117, 112, 92, 58, 47, 212, 17, 247, 111, 153, 172,
       24, 5, 240, 29, 156, 73, 16, 242, 51, 189, 88, 87, 32, 250, 63,
       253, 253, 254, 55, 189, 253, 123, 247, 255, 245, 251, 255, 123,
       180, 95, 246, 247, 103, 123, 247, 126, 209, 127, 253, 190, 231,
       255, 126, 255, 245, 235, 223, 108, 150, 190, 223, 121, 249, 253,
       122, 223, 255, 239, 210, 53, 247, 111, 187, 174, 152, 15, 248, 29,
       156, 93, 56, 242, 115, 255, 251, 223, 174, 251, 47, 52, 101, 162,
       23, 37, 37, 125, 228, 70, 210, 52, 125, 47, 176, 69, 234, 244, 67,
       96, 241, 34, 209, 118, 76, 184, 164, 9, 82, 28, 113, 233, 213, 44,
       87, 186, 82, 120, 137, 84, 120, 84, 24, 15, 212, 116, 229, 79,
       153, 172, 24, 5, 240, 29, 156, 73, 16, 242, 51, 189, 88, 87, 32,
       250, 63, 55, 117, 162, 23, 37, 37, 127, 228, 68, 211, 52, 125, 47,
       176, 85, 250, 212, 3, 96, 225, 34, 193, 118, 76, 152, 164, 9, 82,
       12, 113, 233, 213, 36, 85, 186, 82, 120, 137, 116, 120, 92, 56,
       47, 212, 21, 245, 110, 153, 172, 24, 5, 240, 29, 156, 73, 16, 242,
       51, 189, 88, 87, 32, 250, 61, 54, 117, 166, 21, 37, 33, 127, 228,
       68, 194, 53, 109, 63, 177, 85, 250, 212, 3, 96, 241, 34, 193, 118,
       76, 168, 164, 137, 82, 12, 113, 233, 212, 36, 85, 186, 82, 120,
       137, 116, 124, 92, 56, 47, 212, 21, 244, 110, 153, 172, 24, 5,
       240, 29, 156, 73, 16, 242, 51, 188, 88, 87, 32, 250, 39, 39, 65,
       130, 209, 2, 7, 72, 230, 64, 35, 50, 161, 11, 128, 85, 98, 85, 5,
       100, 65, 6, 129, 100, 70, 156, 169, 9, 146, 8, 0, 9, 80, 36, 84,
       186, 64, 120, 1, 84, 36, 64, 24, 11, 64, 16, 196, 76, 16, 164, 16,
       4, 96, 24, 140, 73, 16, 114, 51, 188, 72, 86, 32, 248, 61, 54,
