%YAML:1.0
descriptors: !!opencv-matrix
   rows: 137
   cols: 64
   dt: u
   data: [ 255, 254, 255, 239, 255, 253, 223, 152, 255, 255, 253, 251,
       175, 123, 246, 253, 255, 247, 62, 123, 253, 255, 187, 124, 239,
       255, 251, 127, 255, 123, 247, 191, 215, 237, 222, 255, 242, 125,
       253, 247, 127, 94, 107, 125, 215, 27, 253, 53, 157, 191, 28, 37,
       252, 183, 158, 239, 88, 246, 241, 159, 255, 223, 58, 191, 56, 170,
       255, 221, 42, 253, 240, 247, 93, 252, 78, 157, 87, 180, 251, 238,
       255, 218, 225, 107, 253, 221, 223, 155, 249, 125, 148, 242, 109,
       199, 255, 255, 237, 18, 99, 96, 213, 219, 248, 120, 248, 29, 247,
       54, 127, 167, 127, 227, 191, 200, 239, 255, 246, 31, 152, 92, 55,
       225, 107, 237, 219, 43, 73, 254, 59, 214, 109, 174, 191, 189, 159,
       57, 255, 127, 253, 251, 189, 59, 116, 85, 246, 246, 71, 241, 240,
       114, 211, 116, 253, 190, 229, 187, 126, 83, 245, 235, 223, 108,
       214, 190, 223, 120, 169, 125, 126, 223, 123, 175, 212, 113, 244,
       111, 185, 174, 152, 13, 240, 29, 158, 93, 56, 242, 51, 189, 250,
       215, 44, 251, 63, 252, 253, 174, 63, 253, 189, 127, 253, 252, 220,
       249, 253, 63, 252, 223, 251, 252, 99, 243, 245, 102, 211, 247,
       213, 127, 245, 187, 123, 95, 247, 235, 207, 44, 87, 190, 219, 120,
       233, 125, 120, 92, 58, 175, 213, 113, 247, 111, 185, 172, 24, 13,
       240, 29, 156, 73, 48, 242, 55, 189, 90, 87, 40, 250, 190, 249,
       255, 252, 54, 125, 253, 127, 247, 222, 253, 248, 127, 126, 182,
       255, 251, 246, 99, 123, 245, 118, 243, 247, 253, 255, 247, 251,
       127, 255, 247, 235, 215, 108, 151, 190, 218, 120, 249, 117, 122,
       223, 59, 47, 212, 53, 247, 111, 155, 172, 26, 7, 240, 29, 158, 93,
       16, 242, 51, 189, 123, 223, 40, 250, 62, 189, 255, 254, 54, 125,
       249, 127, 223, 254, 223, 181, 125, 126, 255, 254, 251, 214, 99,
       123, 245, 114, 245, 183, 253, 191, 244, 217, 127, 223, 255, 235,
       207, 108, 71, 254, 222, 122, 249, 125, 120, 221, 247, 47, 212,
       183, 247, 110, 187, 172, 159, 143, 250, 29, 156, 85, 56, 242, 123,
       249, 251, 159, 42, 254, 60, 185, 253, 252, 54, 125, 125, 127, 215,
       220, 221, 181, 125, 246, 191, 250, 251, 222, 195, 107, 117, 120,
       197, 183, 253, 171, 228, 217, 107, 252, 252, 233, 254, 108, 53,
       190, 222, 122, 217, 125, 250, 223, 183, 46, 244, 183, 231, 110,
       187, 174, 143, 207, 242, 29, 159, 93, 44, 242, 127, 251, 123, 222,
       110, 251, 59, 244, 125, 254, 63, 189, 253, 121, 255, 252, 254,
       249, 253, 126, 253, 117, 246, 246, 67, 123, 245, 114, 211, 255,
       253, 174, 228, 255, 126, 253, 253, 239, 207, 236, 215, 190, 255,
       122, 249, 125, 250, 223, 127, 47, 212, 247, 247, 111, 187, 190,
       153, 15, 242, 29, 159, 93, 52, 242, 255, 191, 251, 223, 46, 254,
       190, 245, 247, 222, 55, 7, 93, 127, 215, 196, 253, 241, 127, 234,
       182, 94, 251, 214, 98, 119, 55, 174, 245, 55, 222, 171, 247, 89,
       83, 188, 244, 169, 206, 46, 36, 190, 210, 120, 211, 253, 114, 219,
       189, 111, 248, 52, 213, 110, 153, 166, 90, 71, 112, 28, 156, 73,
       24, 242, 115, 187, 120, 86, 161, 251, 191, 246, 125, 239, 255,
       253, 255, 121, 255, 127, 255, 249, 253, 126, 252, 245, 255, 254,
       79, 248, 253, 114, 183, 252, 245, 253, 241, 251, 255, 255, 255,
       255, 221, 236, 223, 254, 255, 115, 249, 125, 254, 223, 127, 63,
       212, 247, 246, 125, 191, 255, 158, 15, 250, 157, 223, 93, 54, 247,
       255, 188, 251, 223, 46, 252, 60, 51, 253, 252, 50, 125, 125, 118,
       211, 148, 255, 180, 93, 54, 189, 242, 251, 222, 67, 107, 55, 112,
       192, 183, 205, 171, 228, 217, 99, 204, 252, 233, 214, 36, 85, 190,
       94, 120, 193, 117, 120, 221, 185, 39, 244, 181, 231, 110, 155,
       172, 137, 7, 240, 29, 158, 93, 16, 242, 59, 253, 89, 86, 96, 250,
       60, 49, 253, 214, 48, 109, 117, 127, 198, 132, 223, 180, 117, 246,
       156, 210, 251, 214, 99, 99, 7, 40, 193, 151, 141, 159, 228, 201,
       66, 142, 240, 232, 214, 36, 117, 190, 6, 120, 201, 84, 112, 220,
       177, 39, 244, 52, 245, 110, 155, 164, 57, 1, 240, 29, 156, 73, 0,
       242, 51, 249, 88, 87, 33, 250, 61, 191, 255, 252, 63, 191, 255,
       123, 245, 254, 220, 241, 255, 126, 188, 95, 251, 253, 227, 123,
       245, 127, 210, 119, 221, 255, 231, 191, 126, 93, 117, 235, 223,
       110, 215, 190, 215, 120, 249, 125, 124, 93, 254, 47, 213, 53, 247,
       111, 189, 172, 24, 13, 242, 29, 156, 93, 56, 242, 119, 191, 219,
       223, 44, 250, 52, 49, 121, 156, 50, 69, 29, 107, 198, 198, 213,
       180, 117, 102, 145, 86, 251, 212, 66, 99, 19, 32, 192, 70, 156,
       151, 245, 73, 66, 142, 84, 104, 198, 36, 85, 158, 2, 120, 201, 84,
       48, 88, 53, 47, 244, 20, 245, 110, 155, 172, 17, 5, 112, 29, 148,
       73, 0, 242, 51, 185, 88, 87, 32, 250, 60, 243, 125, 220, 54, 29,
       93, 120, 231, 70, 189, 176, 125, 118, 252, 240, 243, 212, 66, 98,
       135, 112, 128, 246, 237, 183, 165, 25, 119, 142, 93, 105, 214, 36,
       85, 158, 74, 120, 201, 117, 50, 223, 57, 47, 212, 150, 245, 110,
       153, 172, 16, 5, 240, 29, 159, 73, 16, 242, 59, 189, 88, 87, 32,
       248, 93, 49, 215, 182, 87, 35, 35, 254, 212, 172, 214, 51, 111,
       139, 147, 83, 234, 213, 35, 102, 97, 135, 195, 55, 14, 200, 184,
       141, 82, 12, 48, 235, 87, 37, 84, 186, 82, 120, 133, 84, 88, 84,
       24, 14, 193, 5, 193, 79, 153, 172, 24, 5, 240, 29, 156, 73, 16,
       242, 51, 189, 88, 23, 32, 250, 109, 191, 247, 182, 90, 239, 161,
       127, 244, 84, 206, 117, 127, 255, 186, 109, 251, 253, 99, 102,
       245, 7, 211, 247, 95, 238, 180, 157, 122, 222, 114, 233, 215, 36,
       87, 186, 83, 122, 233, 124, 124, 93, 56, 39, 213, 53, 247, 111,
       153, 172, 24, 13, 240, 29, 156, 73, 56, 242, 51, 189, 88, 87, 32,
       250, 254, 49, 251, 182, 86, 135, 95, 106, 198, 231, 213, 242, 255,
       234, 150, 94, 250, 213, 35, 103, 203, 37, 195, 119, 206, 218, 244,
       47, 82, 12, 112, 41, 215, 36, 20, 190, 82, 120, 225, 116, 80, 72,
       56, 47, 209, 28, 245, 111, 153, 172, 24, 5, 240, 29, 156, 73, 16,
       242, 51, 189, 88, 87, 32, 250, 125, 50, 117, 129, 223, 179, 171,
       248, 230, 31, 210, 54, 237, 75, 147, 85, 242, 213, 3, 100, 73, 39,
       131, 116, 142, 248, 252, 13, 210, 12, 113, 43, 87, 36, 84, 190,
       82, 120, 129, 84, 80, 84, 24, 14, 193, 4, 193, 77, 153, 172, 24,
       5, 240, 29, 156, 73, 16, 242, 51, 189, 88, 23, 32, 248, 62, 180,
       237, 254, 63, 255, 223, 9, 255, 247, 221, 252, 253, 126, 180, 85,
       251, 247, 98, 115, 245, 119, 211, 127, 253, 255, 245, 63, 126,
       251, 117, 239, 199, 172, 87, 190, 218, 120, 233, 127, 120, 93,
       117, 45, 213, 20, 245, 111, 153, 174, 152, 13, 240, 29, 156, 89,
       48, 242, 115, 189, 250, 223, 40, 250, 127, 50, 247, 179, 223, 179,
       163, 120, 228, 63, 210, 119, 239, 75, 131, 81, 234, 213, 35, 98,
       233, 37, 203, 117, 78, 218, 184, 175, 210, 12, 51, 235, 87, 36,
       85, 186, 82, 120, 105, 116, 112, 84, 24, 15, 197, 5, 241, 79, 153,
       172, 24, 5, 240, 29, 156, 73, 16, 242, 51, 189, 88, 87, 32, 250,
       254, 182, 255, 163, 254, 181, 155, 201, 255, 255, 211, 126, 255,
       111, 179, 85, 250, 247, 123, 119, 253, 119, 211, 124, 222, 254,
       253, 63, 210, 158, 247, 187, 215, 44, 87, 191, 90, 121, 233, 124,
       112, 92, 56, 47, 213, 20, 245, 63, 153, 172, 24, 5, 240, 29, 156,
       73, 16, 242, 51, 189, 88, 87, 40, 250, 253, 190, 247, 247, 255,
       247, 163, 248, 252, 125, 214, 127, 239, 251, 178, 77, 235, 245,
       127, 103, 253, 47, 171, 117, 78, 255, 189, 47, 254, 31, 115, 191,
       215, 37, 85, 186, 82, 113, 237, 116, 125, 92, 58, 63, 221, 17,
       253, 103, 153, 172, 24, 5, 240, 29, 156, 73, 16, 246, 51, 189, 88,
       87, 32, 250, 126, 241, 255, 186, 55, 183, 253, 127, 246, 254, 245,
       248, 127, 234, 180, 94, 246, 215, 103, 99, 228, 39, 224, 119, 204,
       139, 229, 111, 83, 8, 113, 235, 215, 36, 84, 190, 82, 120, 225,
