%YAML:1.0
descriptors: !!opencv-matrix
   rows: 138
   cols: 64
   dt: u
   data: [ 252, 249, 255, 254, 62, 127, 253, 254, 221, 253, 253, 255,
       127, 254, 190, 254, 251, 221, 115, 107, 245, 63, 227, 247, 237,
       255, 247, 191, 91, 95, 247, 235, 223, 44, 85, 190, 87, 120, 249,
       117, 122, 95, 249, 47, 213, 53, 247, 111, 153, 172, 24, 5, 240,
       29, 156, 73, 16, 242, 51, 189, 88, 87, 34, 251, 188, 190, 255,
       253, 62, 127, 249, 255, 253, 252, 222, 245, 127, 126, 251, 254,
       251, 221, 123, 107, 245, 127, 247, 255, 253, 239, 246, 223, 127,
       223, 255, 255, 239, 108, 85, 254, 215, 123, 249, 125, 248, 93,
       255, 62, 213, 167, 243, 111, 191, 172, 159, 13, 242, 29, 157, 93,
       16, 246, 123, 253, 219, 31, 42, 254, 60, 188, 255, 253, 62, 255,
       249, 255, 253, 252, 214, 253, 127, 126, 251, 252, 251, 220, 251,
       107, 245, 127, 247, 255, 253, 235, 244, 223, 127, 221, 255, 239,
       255, 108, 85, 254, 215, 123, 249, 125, 248, 93, 251, 46, 213, 183,
       243, 111, 187, 172, 159, 13, 240, 29, 157, 89, 20, 242, 123, 189,
       219, 95, 42, 255, 253, 251, 247, 255, 254, 119, 253, 250, 253,
       253, 253, 251, 255, 251, 214, 222, 251, 245, 255, 107, 255, 255,
       247, 191, 191, 255, 247, 191, 255, 223, 119, 255, 251, 111, 62,
       255, 214, 125, 241, 253, 127, 207, 251, 191, 251, 161, 223, 127,
       175, 181, 223, 203, 234, 190, 158, 85, 236, 246, 123, 219, 255,
       207, 169, 191, 252, 249, 255, 255, 118, 127, 251, 255, 255, 255,
       255, 253, 127, 254, 255, 254, 251, 213, 123, 111, 253, 191, 231,
       55, 255, 255, 247, 191, 91, 223, 118, 251, 247, 36, 85, 254, 86,
       123, 233, 116, 122, 93, 57, 47, 213, 23, 245, 111, 153, 172, 30,
       5, 240, 29, 156, 73, 16, 242, 59, 189, 88, 87, 34, 250, 61, 190,
       255, 237, 190, 245, 251, 252, 253, 253, 214, 253, 253, 127, 187,
       205, 251, 253, 251, 107, 245, 119, 223, 253, 253, 107, 116, 183,
       125, 213, 117, 255, 255, 232, 207, 190, 255, 251, 249, 127, 253,
       93, 251, 190, 213, 225, 219, 115, 191, 253, 157, 9, 242, 189, 157,
       93, 118, 246, 255, 223, 251, 223, 44, 254, 125, 190, 255, 237,
       255, 241, 255, 252, 253, 251, 248, 249, 239, 95, 171, 253, 251,
       253, 251, 251, 253, 115, 255, 253, 229, 107, 106, 247, 127, 85,
       237, 239, 255, 233, 223, 55, 255, 189, 253, 119, 127, 94, 235,
       190, 215, 227, 219, 115, 190, 254, 158, 107, 244, 181, 220, 125,
       254, 191, 247, 207, 187, 219, 252, 86, 255, 253, 255, 255, 247,
       103, 255, 255, 255, 253, 253, 251, 239, 206, 182, 255, 251, 247,
       127, 119, 127, 175, 247, 63, 191, 255, 255, 191, 251, 127, 246,
       175, 199, 109, 190, 255, 214, 117, 249, 245, 123, 207, 247, 191,
       223, 57, 253, 62, 141, 180, 218, 141, 248, 190, 156, 69, 248, 182,
       113, 251, 255, 223, 44, 254, 167, 54, 245, 162, 221, 162, 39, 90,
       228, 77, 128, 115, 175, 107, 130, 85, 234, 245, 33, 96, 193, 7,
       195, 119, 70, 218, 184, 47, 210, 8, 33, 105, 87, 36, 84, 186, 82,
       120, 41, 84, 68, 64, 24, 143, 193, 16, 245, 79, 152, 172, 24, 0,
       240, 28, 156, 73, 16, 242, 51, 189, 88, 87, 32, 250, 169, 203,
       111, 249, 38, 127, 251, 240, 189, 222, 254, 217, 93, 57, 125, 238,
       131, 220, 255, 111, 244, 112, 164, 250, 125, 255, 135, 182, 125,
       215, 63, 219, 242, 80, 253, 233, 215, 123, 248, 185, 254, 255,
       251, 63, 246, 183, 82, 106, 143, 169, 191, 5, 217, 29, 143, 28,
       245, 230, 59, 252, 211, 222, 42, 191, 62, 55, 253, 182, 54, 189,
       61, 123, 247, 94, 215, 51, 253, 127, 185, 87, 250, 212, 99, 96,
       241, 118, 211, 119, 220, 188, 245, 185, 122, 220, 116, 233, 215,
       44, 87, 190, 210, 120, 225, 116, 124, 92, 56, 47, 212, 21, 245,
       111, 153, 172, 24, 5, 240, 29, 156, 73, 16, 242, 51, 189, 90, 87,
       40, 250, 45, 62, 231, 97, 60, 245, 163, 252, 248, 188, 198, 117,
       77, 29, 187, 229, 203, 252, 203, 106, 245, 99, 94, 253, 109, 104,
       12, 135, 124, 69, 51, 223, 125, 104, 255, 186, 117, 186, 233, 53,
       253, 85, 122, 166, 69, 227, 83, 107, 184, 60, 173, 13, 242, 29,
       156, 76, 54, 226, 143, 173, 202, 143, 36, 246, 60, 254, 255, 221,
       54, 125, 253, 255, 255, 244, 223, 188, 127, 191, 255, 254, 251,
       212, 99, 107, 181, 243, 246, 183, 253, 255, 181, 187, 127, 219,
       127, 235, 215, 100, 119, 254, 210, 123, 249, 124, 126, 93, 125,
       63, 213, 182, 245, 111, 159, 172, 159, 13, 242, 29, 157, 93, 56,
       246, 123, 253, 91, 95, 42, 250, 87, 48, 209, 182, 25, 34, 60, 78,
       64, 42, 65, 48, 32, 195, 130, 83, 98, 78, 129, 67, 195, 173, 201,
       11, 4, 138, 226, 139, 82, 41, 33, 111, 19, 132, 148, 186, 49, 248,
       33, 87, 96, 74, 59, 73, 226, 21, 199, 75, 88, 174, 24, 5, 100, 24,
       124, 73, 16, 178, 179, 155, 24, 86, 161, 102, 253, 238, 255, 220,
       42, 95, 125, 103, 255, 244, 125, 152, 95, 253, 254, 238, 251, 248,
       99, 107, 255, 255, 253, 191, 221, 111, 167, 255, 105, 223, 255,
       239, 211, 172, 71, 190, 222, 248, 249, 254, 126, 95, 237, 175,
       244, 54, 247, 107, 155, 236, 153, 15, 242, 29, 156, 93, 56, 243,
       115, 189, 251, 214, 40, 254, 190, 248, 255, 255, 54, 127, 221,
       255, 223, 254, 253, 248, 127, 190, 255, 254, 251, 214, 123, 107,
       183, 251, 247, 63, 189, 255, 247, 59, 127, 251, 127, 255, 229,
       108, 39, 254, 222, 125, 249, 127, 122, 223, 245, 63, 223, 182,
       245, 111, 159, 173, 223, 141, 250, 31, 182, 93, 240, 246, 121,
       253, 255, 223, 42, 255, 187, 48, 211, 183, 255, 160, 57, 72, 198,
       111, 211, 115, 167, 202, 128, 81, 226, 213, 5, 99, 201, 44, 163,
       125, 14, 154, 162, 47, 82, 9, 49, 111, 87, 36, 20, 186, 82, 120,
       161, 214, 208, 64, 24, 14, 192, 4, 201, 95, 153, 172, 24, 5, 240,
       28, 156, 73, 16, 242, 51, 189, 88, 23, 32, 248, 4, 32, 225, 132,
       16, 4, 9, 111, 132, 230, 17, 52, 81, 134, 147, 66, 234, 84, 1, 96,
       129, 128, 198, 33, 12, 136, 164, 9, 82, 8, 48, 105, 85, 36, 21,
       186, 18, 120, 1, 84, 16, 64, 24, 14, 192, 20, 193, 108, 25, 44,
       24, 5, 112, 28, 148, 73, 16, 242, 51, 184, 88, 86, 32, 250, 253,
       254, 255, 97, 252, 255, 171, 241, 249, 255, 210, 127, 207, 117,
       219, 121, 251, 237, 255, 110, 253, 69, 26, 252, 255, 254, 63, 255,
       236, 87, 123, 191, 87, 201, 207, 95, 252, 191, 253, 63, 125, 92,
       107, 190, 245, 233, 254, 49, 190, 221, 24, 99, 245, 247, 156, 255,
       68, 220, 147, 173, 246, 223, 120, 190, 237, 54, 245, 165, 221,
       165, 163, 216, 188, 125, 224, 123, 205, 107, 179, 69, 226, 253,
       139, 96, 249, 175, 154, 124, 78, 232, 60, 47, 218, 8, 115, 239,
       87, 37, 92, 187, 80, 240, 37, 116, 253, 70, 26, 159, 73, 16, 217,
       85, 136, 164, 88, 5, 240, 30, 157, 73, 16, 244, 51, 156, 92, 71,
       32, 249, 220, 57, 255, 245, 242, 127, 122, 243, 218, 191, 215, 22,
       223, 228, 251, 250, 246, 219, 126, 102, 127, 189, 134, 146, 143,
       122, 246, 216, 192, 166, 246, 184, 114, 55, 69, 255, 218, 127,
       210, 245, 216, 92, 145, 94, 249, 46, 227, 126, 159, 174, 24, 199,
       248, 31, 156, 73, 81, 243, 121, 191, 124, 54, 163, 248, 124, 254,
       119, 237, 254, 255, 171, 249, 220, 223, 210, 127, 237, 31, 217,
       245, 251, 245, 95, 110, 245, 87, 158, 253, 191, 252, 127, 189,
       254, 223, 127, 191, 100, 109, 255, 255, 214, 119, 253, 125, 253,
       85, 211, 158, 79, 171, 248, 245, 174, 61, 223, 137, 234, 191, 143,
       85, 232, 188, 107, 250, 223, 143, 46, 180, 45, 46, 231, 169, 24,
       253, 163, 245, 189, 254, 194, 53, 73, 61, 251, 229, 203, 124, 195,
       106, 245, 67, 222, 248, 93, 105, 28, 132, 124, 70, 59, 203, 221,
       66, 87, 170, 85, 242, 237, 60, 252, 116, 26, 166, 85, 227, 119,
       225, 185, 44, 28, 0, 209, 29, 140, 12, 22, 224, 35, 189, 74, 215,
       40, 242, 220, 63, 247, 245, 112, 103, 124, 247, 2, 236, 235, 19,
       87, 196, 155, 250, 255, 207, 99, 102, 127, 173, 230, 147, 207,
       107, 246, 232, 193, 4, 246, 187, 242, 55, 85, 191, 16, 116, 193,
