%YAML:1.0
descriptors: !!opencv-matrix
   rows: 143
   cols: 64
   dt: u
   data: [ 62, 178, 109, 170, 63, 253, 165, 125, 244, 126, 222, 52, 125,
       63, 249, 228, 251, 220, 67, 112, 241, 114, 193, 244, 93, 189, 164,
       139, 122, 158, 113, 235, 221, 44, 87, 186, 91, 114, 169, 124, 252,
       92, 56, 47, 212, 55, 246, 109, 153, 172, 24, 5, 240, 29, 157, 73,
       16, 242, 51, 188, 88, 87, 32, 250, 39, 54, 97, 162, 29, 160, 1,
       88, 228, 74, 130, 48, 109, 11, 128, 85, 226, 212, 3, 96, 193, 34,
       129, 116, 76, 136, 160, 9, 82, 12, 33, 105, 84, 36, 84, 186, 82,
       112, 1, 84, 64, 64, 24, 15, 64, 0, 192, 79, 152, 44, 24, 4, 96,
       28, 156, 73, 16, 242, 51, 188, 88, 86, 32, 248, 63, 186, 125, 165,
       190, 189, 191, 120, 254, 255, 255, 251, 253, 127, 249, 85, 247,
       255, 99, 115, 245, 103, 210, 254, 205, 255, 245, 255, 126, 31,
       243, 235, 223, 44, 87, 190, 91, 120, 233, 116, 124, 92, 56, 47,
       213, 53, 247, 111, 153, 172, 24, 5, 240, 29, 156, 73, 16, 242, 51,
       189, 88, 87, 32, 250, 63, 243, 125, 254, 63, 189, 253, 120, 254,
       254, 245, 251, 237, 123, 252, 87, 242, 255, 103, 115, 245, 102,
       193, 118, 205, 190, 231, 251, 90, 31, 245, 235, 215, 44, 213, 190,
       91, 120, 249, 117, 120, 94, 59, 47, 212, 21, 247, 111, 153, 172,
       24, 5, 240, 29, 157, 73, 16, 242, 51, 189, 88, 87, 32, 250, 61,
       54, 125, 160, 63, 255, 163, 120, 252, 124, 214, 119, 253, 127,
       249, 69, 250, 245, 67, 98, 245, 35, 208, 118, 77, 252, 180, 15,
       122, 94, 115, 235, 223, 36, 85, 186, 82, 122, 233, 116, 248, 92,
       26, 47, 213, 53, 245, 111, 153, 172, 24, 5, 240, 29, 156, 73, 16,
       242, 51, 189, 88, 87, 32, 250, 62, 177, 125, 158, 54, 191, 31,
       121, 246, 70, 221, 178, 253, 126, 180, 86, 251, 213, 67, 97, 245,
       50, 193, 118, 221, 255, 245, 61, 82, 156, 117, 233, 215, 44, 87,
       190, 82, 120, 233, 124, 112, 95, 56, 47, 213, 20, 245, 111, 153,
       172, 24, 5, 240, 29, 156, 73, 16, 242, 51, 189, 88, 87, 32, 250,
       191, 245, 125, 254, 55, 61, 93, 24, 247, 71, 253, 250, 191, 122,
       244, 95, 246, 246, 102, 123, 55, 114, 241, 118, 253, 191, 227,
       123, 123, 122, 245, 169, 210, 108, 150, 254, 202, 121, 241, 253,
       90, 223, 61, 47, 208, 23, 245, 111, 153, 175, 16, 13, 250, 29,
       159, 93, 56, 242, 115, 191, 121, 222, 46, 251, 191, 253, 125, 254,
       63, 189, 223, 120, 255, 255, 253, 251, 255, 122, 244, 95, 246,
       247, 103, 123, 245, 126, 209, 126, 253, 255, 247, 127, 127, 127,
       245, 235, 215, 108, 214, 190, 222, 121, 249, 253, 122, 223, 255,
       47, 215, 21, 245, 111, 155, 175, 24, 5, 250, 29, 159, 93, 24, 242,
       115, 191, 251, 223, 42, 251, 61, 55, 245, 245, 255, 183, 187, 124,
       244, 124, 210, 55, 237, 127, 187, 85, 250, 213, 67, 98, 245, 39,
       194, 119, 78, 250, 180, 143, 90, 92, 113, 235, 215, 36, 85, 186,
       82, 120, 233, 116, 120, 92, 26, 14, 213, 21, 209, 79, 153, 172,
       24, 5, 240, 29, 156, 73, 16, 242, 51, 189, 88, 87, 32, 250, 62,
       49, 245, 182, 54, 7, 31, 111, 198, 68, 85, 48, 125, 110, 178, 86,
       250, 215, 3, 100, 193, 33, 193, 119, 204, 138, 164, 13, 82, 152,
       113, 105, 215, 36, 84, 190, 82, 120, 129, 116, 80, 92, 24, 15,
       209, 20, 229, 79, 153, 172, 24, 5, 240, 29, 156, 73, 16, 242, 51,
       189, 88, 87, 32, 250, 63, 181, 125, 254, 62, 189, 249, 121, 244,
       254, 215, 247, 253, 127, 189, 119, 242, 254, 67, 99, 245, 34, 211,
       118, 221, 170, 230, 219, 90, 30, 245, 235, 215, 44, 87, 190, 219,
       120, 233, 125, 120, 92, 56, 175, 212, 53, 247, 111, 153, 172, 24,
       5, 240, 29, 156, 73, 16, 242, 51, 189, 88, 87, 32, 250, 4, 32, 97,
       160, 24, 164, 35, 109, 132, 102, 194, 52, 65, 6, 145, 66, 226, 84,
       3, 96, 193, 32, 192, 50, 12, 136, 160, 9, 82, 12, 49, 105, 113,
       36, 85, 186, 18, 114, 1, 84, 144, 64, 24, 14, 64, 20, 192, 78,
       153, 44, 24, 5, 112, 28, 156, 73, 16, 242, 51, 188, 72, 6, 32,
       240, 60, 59, 125, 188, 54, 127, 49, 127, 245, 252, 254, 181, 125,
       62, 249, 230, 243, 220, 67, 106, 245, 112, 196, 183, 93, 168, 164,
       157, 122, 222, 117, 235, 241, 36, 87, 186, 82, 122, 201, 124, 248,
       93, 56, 46, 212, 167, 227, 110, 153, 172, 24, 5, 240, 29, 157, 73,
       16, 242, 51, 188, 88, 86, 32, 250, 60, 191, 255, 252, 50, 127,
       241, 127, 245, 252, 214, 181, 125, 127, 187, 230, 251, 220, 227,
       107, 245, 127, 198, 247, 221, 107, 164, 157, 124, 204, 119, 235,
       223, 102, 117, 190, 87, 122, 249, 124, 252, 93, 187, 46, 213, 167,
       247, 111, 185, 172, 29, 5, 240, 29, 156, 77, 20, 242, 59, 253, 91,
       87, 32, 250, 45, 166, 109, 169, 255, 245, 167, 120, 188, 127, 202,
       61, 221, 63, 249, 101, 227, 252, 67, 96, 249, 98, 158, 124, 76,
       252, 45, 167, 222, 79, 49, 251, 245, 36, 93, 186, 82, 114, 169,
       116, 124, 92, 26, 14, 84, 135, 244, 85, 153, 172, 24, 5, 240, 29,
       156, 73, 16, 242, 51, 188, 88, 87, 32, 240, 252, 123, 255, 252,
       54, 127, 121, 255, 245, 220, 254, 181, 127, 254, 255, 254, 251,
       220, 227, 111, 119, 186, 229, 183, 223, 175, 246, 153, 251, 222,
       126, 249, 250, 46, 117, 254, 215, 118, 209, 253, 250, 221, 187,
       62, 252, 167, 227, 110, 169, 173, 223, 197, 250, 31, 159, 77, 148,
       242, 123, 255, 123, 6, 35, 249, 124, 121, 255, 252, 54, 119, 125,
       255, 245, 254, 252, 181, 127, 238, 191, 254, 251, 220, 99, 111,
       127, 250, 228, 183, 157, 171, 230, 153, 91, 220, 124, 233, 250,
       38, 55, 254, 214, 118, 209, 252, 218, 207, 189, 46, 222, 183, 195,
       110, 159, 172, 94, 133, 226, 29, 157, 93, 152, 242, 107, 255, 95,
       70, 35, 241, 125, 55, 125, 248, 54, 55, 35, 123, 244, 254, 214,
       53, 125, 63, 185, 70, 242, 252, 75, 106, 241, 114, 212, 183, 220,
       168, 164, 157, 122, 220, 125, 249, 250, 44, 215, 190, 214, 122,
       145, 124, 252, 93, 26, 142, 84, 167, 194, 78, 187, 45, 156, 13,
       242, 29, 159, 93, 48, 242, 59, 156, 90, 214, 42, 241, 189, 254,
       255, 253, 63, 253, 249, 122, 253, 253, 222, 255, 255, 126, 252,
       253, 243, 252, 231, 123, 245, 126, 210, 127, 253, 254, 245, 251,
       126, 223, 127, 239, 223, 108, 87, 190, 215, 123, 249, 125, 248,
       93, 123, 47, 212, 55, 247, 111, 185, 173, 152, 13, 240, 29, 158,
       93, 48, 242, 119, 191, 251, 223, 46, 254, 62, 177, 125, 214, 54,
       157, 89, 47, 215, 128, 213, 244, 125, 114, 180, 118, 246, 150, 70,
       219, 151, 58, 225, 215, 189, 170, 230, 93, 98, 253, 213, 232, 142,
       44, 38, 190, 206, 122, 219, 253, 216, 221, 245, 111, 176, 52, 181,
       110, 187, 174, 139, 79, 250, 29, 156, 81, 48, 243, 123, 251, 121,
       31, 174, 219, 45, 182, 101, 160, 221, 181, 167, 88, 244, 127, 194,
       115, 237, 123, 176, 69, 226, 245, 135, 96, 241, 6, 154, 125, 78,
       184, 44, 39, 94, 12, 113, 239, 87, 100, 92, 186, 82, 120, 41, 116,
       93, 84, 26, 15, 193, 1, 244, 71, 153, 44, 24, 4, 240, 29, 156, 73,
       16, 242, 51, 188, 88, 87, 32, 248, 29, 54, 245, 32, 61, 177, 169,
       124, 176, 190, 194, 53, 236, 31, 137, 69, 248, 236, 195, 210, 241,
       99, 90, 255, 132, 40, 228, 215, 88, 85, 225, 231, 95, 24, 199,
       164, 253, 184, 233, 125, 124, 84, 90, 174, 196, 225, 147, 107,
       184, 238, 24, 3, 242, 29, 220, 65, 38, 242, 151, 181, 250, 211,
       108, 86, 253, 55, 247, 48, 126, 55, 45, 122, 244, 62, 210, 51,
       239, 203, 146, 71, 242, 253, 231, 101, 121, 199, 144, 183, 206,
       186, 253, 155, 218, 92, 112, 233, 90, 44, 214, 190, 223, 60, 161,
       117, 92, 68, 58, 143, 193, 97, 167, 77, 184, 172, 24, 1, 240, 29,
       156, 65, 20, 242, 51, 157, 122, 214, 40, 250, 54, 53, 241, 222,
       50, 133, 93, 103, 67, 100, 21, 176, 125, 102, 148, 82, 254, 130,
       0, 99, 151, 41, 67, 199, 220, 138, 230, 93, 98, 184, 213, 105,
       135, 52, 37, 190, 202, 120, 243, 127, 48, 219, 189, 235, 244, 20,
       229, 111, 145, 166, 137, 79, 112, 24, 28, 73, 24, 243, 115, 185,
