%YAML:1.0
descriptors: !!opencv-matrix
   rows: 111
   cols: 64
   dt: u
   data: [ 237, 255, 255, 255, 254, 255, 255, 255, 253, 255, 237, 251,
       255, 255, 254, 239, 155, 253, 251, 255, 255, 255, 91, 255, 247,
       127, 255, 183, 255, 255, 255, 231, 223, 223, 207, 255, 255, 253,
       255, 127, 126, 255, 255, 255, 255, 253, 247, 251, 255, 255, 174,
       255, 255, 253, 222, 223, 127, 255, 255, 191, 255, 251, 255, 254,
       252, 249, 255, 223, 250, 223, 255, 255, 255, 253, 255, 255, 255,
       254, 255, 254, 255, 247, 250, 47, 255, 255, 247, 183, 255, 255,
       255, 255, 239, 255, 222, 191, 207, 127, 103, 255, 254, 255, 255,
       125, 122, 253, 247, 119, 253, 190, 253, 255, 255, 175, 239, 255,
       251, 255, 156, 255, 119, 255, 127, 255, 251, 253, 255, 254, 124,
       185, 255, 221, 50, 127, 249, 247, 253, 212, 223, 221, 95, 252,
       255, 238, 185, 217, 250, 111, 183, 125, 246, 183, 253, 127, 151,
       254, 109, 223, 222, 235, 207, 90, 103, 238, 222, 126, 250, 125,
       120, 61, 245, 119, 191, 182, 247, 110, 191, 172, 175, 223, 242,
       93, 152, 92, 125, 247, 123, 251, 123, 253, 237, 254, 254, 253,
       255, 223, 114, 95, 223, 239, 223, 245, 125, 191, 63, 254, 255,
       254, 251, 215, 126, 111, 62, 223, 230, 63, 255, 255, 191, 63, 251,
       251, 126, 191, 227, 103, 37, 255, 214, 127, 255, 254, 114, 255,
       229, 127, 191, 158, 125, 190, 207, 173, 247, 253, 219, 127, 180,
       254, 249, 252, 105, 123, 223, 188, 155, 254, 191, 254, 255, 255,
       255, 191, 221, 218, 255, 127, 185, 251, 175, 251, 244, 125, 243,
       247, 62, 123, 231, 95, 187, 127, 231, 255, 115, 63, 255, 123, 119,
       255, 215, 239, 222, 223, 242, 125, 251, 247, 119, 222, 234, 125,
       223, 87, 253, 255, 220, 191, 24, 133, 232, 181, 191, 125, 24, 182,
       246, 191, 223, 221, 188, 191, 45, 174, 231, 232, 26, 253, 165,
       127, 189, 252, 206, 245, 93, 125, 249, 229, 203, 252, 227, 106,
       245, 122, 220, 251, 125, 127, 5, 150, 124, 215, 59, 207, 223, 98,
       87, 184, 117, 250, 249, 60, 125, 53, 126, 167, 84, 231, 119, 235,
       185, 172, 156, 13, 242, 29, 156, 76, 62, 226, 103, 173, 219, 79,
       45, 250, 251, 221, 154, 119, 255, 98, 218, 142, 94, 187, 125, 235,
       174, 202, 102, 255, 127, 151, 61, 223, 78, 143, 239, 63, 227, 223,
       251, 111, 211, 51, 230, 63, 243, 175, 60, 119, 115, 117, 254, 247,
       211, 78, 233, 126, 219, 31, 217, 183, 205, 142, 94, 149, 253, 255,
       156, 235, 209, 252, 177, 63, 92, 116, 146, 191, 122, 250, 255,
       233, 126, 255, 243, 191, 253, 254, 222, 255, 255, 61, 127, 252,
       253, 191, 251, 250, 245, 87, 223, 255, 255, 125, 253, 246, 109,
       215, 255, 239, 223, 232, 195, 100, 255, 251, 249, 121, 126, 93,
       255, 63, 213, 247, 247, 107, 191, 254, 143, 143, 246, 61, 216, 93,
       126, 246, 255, 253, 251, 219, 110, 222, 43, 158, 236, 235, 255,
       253, 135, 1, 253, 255, 86, 206, 189, 126, 125, 221, 217, 253, 107,
       251, 245, 119, 219, 125, 117, 255, 61, 183, 126, 215, 247, 231,
       199, 236, 207, 52, 255, 249, 253, 58, 124, 93, 110, 173, 213, 245,
       247, 115, 191, 252, 152, 13, 246, 133, 222, 125, 54, 246, 247,
       189, 211, 219, 104, 254, 58, 253, 251, 223, 55, 213, 221, 9, 255,
       255, 53, 248, 191, 234, 52, 95, 191, 215, 52, 187, 158, 127, 243,
       111, 253, 215, 247, 127, 83, 251, 213, 107, 199, 188, 158, 191,
       250, 125, 250, 119, 114, 255, 229, 109, 183, 20, 245, 127, 151,
       174, 24, 71, 254, 25, 252, 95, 17, 243, 114, 255, 251, 253, 169,
       255, 251, 220, 82, 191, 223, 106, 127, 139, 125, 123, 248, 251,
       175, 203, 230, 255, 243, 151, 61, 85, 105, 143, 169, 60, 102, 223,
       251, 63, 219, 123, 106, 191, 80, 165, 60, 251, 99, 117, 181, 247,
       67, 206, 94, 89, 219, 31, 236, 149, 205, 167, 86, 148, 205, 246,
       175, 235, 216, 188, 165, 62, 156, 86, 178, 53, 69, 6, 147, 117,
       217, 226, 226, 220, 0, 185, 64, 85, 130, 193, 131, 3, 106, 77,
       129, 99, 206, 45, 238, 59, 14, 138, 34, 7, 80, 9, 33, 79, 119,
       167, 116, 59, 16, 252, 101, 246, 81, 96, 8, 70, 235, 20, 73, 243,
       25, 44, 120, 53, 241, 28, 156, 72, 144, 250, 35, 143, 72, 87, 33,
       254, 60, 190, 253, 254, 63, 253, 253, 123, 255, 252, 223, 253,
       253, 126, 252, 222, 255, 255, 227, 251, 245, 126, 219, 255, 253,
       127, 247, 255, 126, 255, 255, 239, 207, 252, 239, 190, 255, 248,
       249, 127, 125, 221, 255, 47, 247, 245, 247, 111, 187, 254, 153,
       79, 246, 29, 222, 93, 62, 243, 247, 255, 251, 223, 172, 222, 63,
       244, 125, 174, 63, 189, 29, 57, 247, 94, 253, 240, 125, 63, 252,
       85, 247, 246, 71, 248, 241, 114, 145, 118, 253, 188, 229, 217,
       127, 249, 253, 233, 212, 108, 150, 190, 202, 122, 137, 253, 126,
       223, 95, 175, 212, 183, 244, 79, 155, 191, 152, 13, 234, 29, 159,
       93, 56, 242, 59, 188, 123, 223, 46, 249, 124, 58, 247, 251, 254,
       191, 161, 127, 252, 124, 214, 55, 255, 255, 187, 92, 242, 245,
       235, 98, 245, 103, 219, 247, 223, 234, 228, 175, 126, 221, 121,
       239, 223, 46, 87, 190, 119, 122, 253, 124, 252, 85, 90, 14, 85,
       165, 247, 239, 185, 172, 153, 13, 242, 29, 157, 73, 52, 242, 55,
       189, 218, 87, 32, 254, 77, 2, 132, 33, 64, 179, 162, 116, 48, 190,
       194, 5, 192, 53, 11, 3, 8, 41, 195, 198, 224, 97, 66, 211, 0, 40,
       140, 132, 72, 68, 33, 194, 95, 16, 193, 32, 61, 170, 8, 40, 108,
       52, 26, 6, 101, 225, 131, 107, 58, 72, 40, 71, 211, 93, 88, 0, 39,
       203, 23, 165, 0, 243, 65, 66, 124, 169, 255, 252, 50, 127, 245,
       127, 245, 252, 214, 181, 127, 254, 191, 206, 251, 221, 123, 111,
       247, 63, 230, 183, 127, 235, 182, 143, 91, 221, 126, 235, 215, 38,
       117, 186, 86, 124, 249, 124, 120, 93, 184, 47, 221, 53, 119, 239,
       157, 172, 26, 5, 240, 29, 156, 73, 16, 242, 123, 189, 89, 87, 33,
       250, 127, 249, 255, 255, 119, 183, 251, 122, 214, 253, 213, 249,
       255, 218, 181, 94, 242, 213, 115, 103, 247, 47, 195, 119, 77, 250,
       230, 15, 82, 28, 112, 235, 215, 36, 20, 190, 82, 120, 233, 116,
       80, 94, 56, 46, 209, 20, 209, 111, 153, 172, 24, 5, 240, 29, 156,
       73, 16, 242, 51, 189, 88, 87, 34, 251, 127, 63, 247, 246, 127,
       175, 63, 122, 230, 124, 251, 55, 255, 254, 249, 119, 243, 245, 99,
       102, 245, 47, 209, 119, 207, 254, 231, 47, 82, 30, 113, 235, 211,
       36, 85, 190, 82, 120, 233, 124, 120, 92, 56, 47, 213, 20, 245,
       111, 153, 172, 24, 5, 240, 29, 156, 73, 16, 242, 51, 189, 88, 87,
       32, 250, 254, 254, 239, 233, 126, 255, 255, 183, 253, 255, 254,
       255, 255, 188, 127, 239, 157, 253, 255, 251, 253, 87, 127, 253,
       253, 125, 125, 246, 109, 215, 247, 254, 205, 217, 235, 101, 255,
       253, 252, 59, 124, 29, 115, 189, 215, 247, 118, 241, 255, 219,
       175, 187, 255, 229, 250, 252, 246, 223, 255, 237, 247, 219, 92,
       222, 190, 251, 255, 239, 255, 125, 251, 248, 255, 223, 222, 255,
       255, 127, 251, 252, 255, 215, 255, 111, 117, 95, 199, 124, 239,
       255, 127, 251, 255, 251, 254, 191, 215, 109, 93, 255, 246, 127,
       249, 117, 125, 93, 251, 63, 253, 149, 253, 125, 191, 189, 157,
       133, 248, 183, 156, 93, 92, 246, 63, 175, 127, 95, 32, 254, 254,
       242, 127, 183, 255, 183, 191, 248, 254, 255, 249, 122, 239, 123,
       241, 117, 242, 213, 39, 99, 237, 39, 135, 118, 206, 206, 229, 47,
       210, 30, 113, 251, 247, 36, 84, 190, 82, 120, 233, 244, 82, 92,
       56, 46, 209, 22, 209, 79, 153, 172, 24, 5, 240, 29, 156, 73, 16,
       242, 51, 189, 88, 86, 32, 248, 126, 250, 125, 175, 255, 255, 159,
       253, 254, 255, 251, 253, 253, 127, 255, 245, 251, 213, 123, 114,
       253, 35, 135, 124, 205, 255, 253, 47, 211, 31, 115, 251, 215, 44,
       85, 191, 82, 112, 233, 116, 112, 92, 56, 47, 213, 22, 245, 111,
       153, 172, 24, 5, 240, 29, 156, 73, 16, 242, 51, 189, 88, 87, 32,
       250, 248, 221, 191, 223, 98, 95, 223, 183, 255, 253, 63, 207, 159,
       252, 127, 254, 255, 215, 252, 47, 214, 253, 246, 247, 249, 247,
