%YAML:1.0
descriptors: !!opencv-matrix
   rows: 164
   cols: 64
   dt: u
   data: [ 60, 186, 255, 254, 63, 127, 185, 126, 245, 254, 222, 245, 125,
       126, 187, 245, 251, 252, 99, 99, 245, 115, 197, 119, 205, 255,
       244, 159, 122, 223, 119, 235, 215, 36, 87, 190, 87, 120, 233, 116,
       120, 93, 122, 47, 213, 53, 247, 111, 153, 172, 24, 5, 240, 29,
       156, 73, 16, 242, 51, 189, 90, 87, 32, 250, 124, 60, 255, 252, 62,
       127, 125, 127, 245, 254, 222, 181, 125, 254, 191, 255, 251, 252,
       99, 122, 245, 243, 213, 191, 223, 255, 247, 191, 123, 223, 255,
       239, 223, 44, 215, 190, 222, 112, 249, 125, 124, 93, 127, 47, 213,
       181, 247, 111, 191, 172, 158, 13, 242, 29, 156, 93, 56, 242, 123,
       191, 251, 215, 44, 254, 127, 245, 125, 252, 55, 127, 125, 123,
       245, 126, 253, 187, 127, 186, 244, 95, 251, 244, 103, 121, 253,
       246, 209, 55, 221, 255, 245, 187, 123, 223, 127, 233, 194, 44, 23,
       190, 214, 120, 241, 125, 122, 223, 119, 175, 213, 53, 245, 111,
       157, 173, 152, 13, 250, 29, 158, 85, 56, 242, 123, 189, 219, 223,
       40, 250, 191, 241, 89, 150, 55, 129, 89, 108, 214, 199, 245, 240,
       125, 74, 148, 82, 242, 212, 4, 99, 134, 40, 224, 54, 44, 139, 162,
       11, 83, 41, 117, 105, 210, 36, 20, 186, 66, 120, 193, 244, 82,
       202, 57, 47, 210, 20, 193, 110, 153, 172, 26, 5, 120, 28, 156, 73,
       16, 242, 51, 189, 88, 86, 34, 251, 46, 37, 109, 144, 23, 93, 21,
       105, 165, 70, 191, 116, 125, 126, 252, 230, 227, 244, 67, 99, 245,
       114, 208, 118, 93, 191, 165, 9, 82, 222, 63, 233, 214, 44, 87,
       186, 82, 122, 201, 124, 112, 93, 60, 47, 212, 22, 245, 110, 153,
       172, 24, 5, 242, 29, 156, 73, 16, 242, 51, 189, 89, 87, 32, 250,
       13, 231, 109, 252, 50, 253, 177, 124, 52, 220, 228, 217, 89, 121,
       253, 199, 170, 220, 5, 99, 228, 32, 228, 114, 77, 187, 129, 163,
       121, 6, 49, 251, 215, 36, 85, 186, 83, 120, 233, 116, 242, 94, 56,
       47, 208, 21, 211, 111, 153, 172, 24, 5, 240, 29, 157, 73, 16, 242,
       51, 189, 88, 87, 32, 251, 63, 183, 117, 116, 63, 185, 125, 88,
       226, 123, 193, 242, 253, 111, 164, 81, 242, 247, 35, 115, 231,
       108, 83, 119, 196, 158, 227, 255, 82, 44, 245, 235, 215, 38, 84,
       190, 218, 120, 249, 117, 124, 92, 185, 111, 245, 85, 247, 111,
       153, 174, 24, 71, 242, 29, 156, 73, 16, 242, 115, 191, 120, 87,
       161, 250, 60, 247, 109, 244, 54, 245, 253, 125, 181, 222, 253,
       241, 93, 92, 180, 103, 179, 220, 71, 107, 244, 56, 244, 115, 77,
       175, 167, 155, 95, 94, 61, 249, 230, 36, 150, 186, 214, 120, 217,
       245, 90, 95, 187, 47, 214, 23, 245, 110, 153, 173, 28, 5, 240, 29,
       158, 73, 16, 242, 115, 159, 91, 86, 32, 248, 62, 253, 254, 254,
       55, 191, 221, 123, 247, 255, 245, 249, 191, 250, 180, 95, 251,
       247, 118, 123, 247, 127, 211, 127, 255, 255, 247, 127, 127, 251,
       244, 235, 199, 110, 183, 190, 210, 124, 251, 125, 120, 223, 255,
       239, 255, 21, 245, 111, 157, 174, 152, 79, 240, 29, 156, 93, 16,
       243, 115, 191, 251, 255, 169, 251, 63, 245, 125, 254, 63, 189,
       255, 121, 255, 255, 221, 251, 253, 126, 244, 85, 242, 247, 103,
       123, 245, 126, 211, 126, 237, 254, 247, 255, 126, 127, 245, 235,
       215, 44, 215, 190, 214, 121, 249, 117, 120, 221, 123, 47, 213, 21,
       245, 111, 153, 172, 24, 5, 240, 29, 156, 73, 16, 242, 115, 191,
       91, 95, 40, 250, 63, 245, 125, 246, 63, 189, 93, 121, 247, 255,
       245, 251, 253, 106, 180, 87, 242, 247, 103, 115, 247, 126, 211,
       127, 253, 190, 247, 63, 90, 121, 245, 235, 215, 44, 22, 190, 210,
       120, 249, 125, 120, 223, 127, 47, 213, 21, 245, 111, 153, 174, 24,
       5, 240, 29, 156, 73, 16, 242, 115, 191, 123, 87, 32, 250, 12, 225,
       111, 252, 32, 117, 120, 99, 16, 254, 225, 209, 82, 224, 180, 74,
       136, 92, 39, 107, 230, 44, 228, 147, 77, 159, 135, 163, 65, 6, 52,
       218, 210, 48, 84, 170, 82, 120, 225, 116, 122, 126, 56, 47, 242,
       20, 211, 111, 153, 172, 24, 5, 240, 29, 156, 72, 16, 242, 51, 189,
       88, 87, 32, 251, 63, 245, 125, 255, 191, 189, 255, 121, 255, 255,
       253, 251, 253, 122, 252, 93, 243, 247, 119, 115, 247, 126, 211,
       127, 253, 255, 247, 191, 126, 255, 245, 239, 207, 108, 215, 190,
       222, 121, 249, 125, 122, 223, 255, 47, 245, 53, 245, 111, 191,
       174, 153, 15, 250, 29, 156, 93, 56, 242, 115, 191, 251, 223, 44,
       254, 44, 199, 109, 252, 54, 245, 253, 115, 53, 254, 253, 144, 89,
       125, 125, 231, 129, 252, 99, 235, 244, 112, 212, 179, 93, 47, 135,
       144, 89, 214, 61, 219, 227, 48, 215, 170, 223, 120, 248, 121, 122,
       126, 187, 175, 214, 183, 215, 111, 155, 172, 24, 7, 240, 29, 156,
       92, 16, 227, 123, 191, 91, 214, 104, 250, 44, 142, 239, 248, 42,
       253, 241, 119, 189, 252, 78, 213, 93, 124, 251, 238, 219, 252,
       227, 107, 244, 117, 222, 251, 121, 127, 148, 182, 109, 211, 63,
       239, 207, 224, 83, 48, 247, 250, 249, 124, 120, 29, 126, 39, 213,
       183, 247, 107, 185, 236, 153, 13, 246, 29, 156, 93, 54, 242, 255,
       189, 219, 95, 40, 254, 59, 180, 109, 231, 63, 189, 251, 24, 253,
       255, 215, 255, 253, 121, 52, 85, 246, 247, 3, 115, 244, 119, 211,
       119, 245, 250, 241, 191, 126, 115, 119, 235, 215, 44, 215, 190,
       251, 121, 233, 125, 120, 93, 123, 45, 213, 85, 247, 111, 153, 174,
       24, 15, 240, 29, 156, 89, 48, 242, 55, 189, 250, 215, 40, 250,
       115, 222, 125, 219, 238, 223, 95, 25, 239, 255, 41, 200, 173, 61,
       124, 31, 255, 247, 124, 47, 190, 119, 90, 125, 253, 247, 255, 62,
       63, 187, 95, 127, 195, 205, 223, 31, 194, 253, 254, 107, 54, 222,
       104, 237, 151, 216, 253, 55, 148, 153, 144, 41, 173, 245, 190,
       247, 113, 254, 250, 191, 211, 221, 56, 182, 63, 181, 253, 118, 63,
       169, 93, 58, 214, 101, 245, 241, 255, 123, 132, 92, 246, 151, 102,
       243, 247, 46, 193, 119, 254, 190, 227, 255, 122, 125, 245, 239,
       159, 46, 20, 190, 222, 120, 251, 255, 89, 223, 253, 111, 240, 53,
       245, 111, 153, 166, 153, 79, 240, 28, 156, 73, 56, 243, 243, 187,
       248, 119, 165, 222, 251, 252, 125, 207, 255, 191, 223, 121, 255,
       93, 253, 251, 255, 127, 252, 93, 251, 247, 127, 125, 253, 119,
       147, 125, 253, 255, 253, 63, 127, 219, 253, 191, 214, 109, 158,
       255, 222, 121, 249, 125, 119, 223, 127, 191, 213, 188, 252, 31,
       141, 181, 158, 13, 234, 189, 159, 93, 120, 246, 123, 159, 219,
       223, 46, 191, 250, 240, 92, 135, 255, 157, 159, 8, 127, 231, 61,
       250, 191, 58, 244, 92, 255, 215, 53, 103, 205, 37, 131, 117, 205,
       223, 249, 63, 82, 26, 247, 59, 215, 36, 84, 186, 82, 121, 233,
       116, 112, 94, 56, 47, 213, 20, 244, 111, 153, 172, 24, 5, 240, 29,
       156, 73, 16, 242, 51, 189, 88, 87, 32, 250, 59, 150, 255, 231,
       255, 183, 191, 120, 254, 255, 214, 79, 255, 125, 51, 85, 254, 247,
       107, 115, 244, 103, 219, 125, 238, 250, 248, 254, 126, 85, 247,
       239, 215, 100, 87, 190, 82, 120, 233, 117, 124, 92, 122, 47, 213,
       21, 245, 111, 153, 172, 24, 5, 240, 29, 156, 73, 16, 246, 51, 189,
       218, 87, 32, 250, 252, 255, 255, 245, 246, 127, 251, 255, 253,
       253, 255, 255, 255, 252, 251, 254, 251, 221, 127, 111, 126, 255,
       246, 191, 191, 255, 247, 191, 255, 215, 118, 191, 243, 45, 119,
       255, 215, 127, 249, 253, 250, 93, 251, 62, 223, 63, 219, 127, 157,
       173, 222, 141, 248, 63, 157, 93, 80, 246, 115, 255, 127, 87, 40,
       250, 59, 146, 61, 45, 175, 185, 159, 88, 250, 190, 211, 67, 237,
       61, 41, 17, 246, 215, 3, 240, 224, 103, 195, 125, 205, 216, 228,
       254, 90, 21, 241, 235, 215, 44, 85, 60, 90, 120, 232, 97, 120, 92,
       58, 47, 213, 21, 245, 111, 153, 172, 24, 5, 240, 29, 156, 73, 16,
       242, 51, 189, 88, 87, 32, 250, 126, 49, 209, 246, 126, 134, 94,
       43, 210, 56, 85, 113, 55, 194, 148, 80, 118, 147, 48, 211, 231,
       45, 193, 87, 158, 202, 230, 223, 66, 249, 245, 238, 199, 47, 4,
