%YAML:1.0
descriptors: !!opencv-matrix
   rows: 13
   cols: 64
   dt: u
   data: [ 63, 176, 253, 190, 63, 183, 191, 124, 246, 255, 209, 249, 253,
       110, 180, 87, 254, 247, 67, 243, 245, 39, 195, 127, 204, 234, 228,
       255, 82, 157, 245, 239, 215, 44, 87, 190, 91, 120, 233, 124, 120,
       92, 56, 47, 213, 53, 247, 111, 153, 172, 24, 5, 240, 29, 156, 73,
       16, 242, 51, 189, 88, 87, 32, 250, 62, 244, 253, 253, 63, 245,
       253, 121, 247, 254, 221, 249, 253, 126, 189, 93, 255, 255, 99,
       243, 245, 118, 211, 255, 253, 255, 247, 255, 122, 255, 245, 235,
       207, 60, 87, 190, 254, 120, 249, 125, 120, 93, 123, 47, 245, 53,
       247, 111, 185, 174, 24, 15, 240, 29, 156, 73, 20, 243, 119, 189,
       122, 87, 40, 250, 79, 170, 205, 164, 127, 187, 155, 62, 180, 188,
       214, 119, 205, 127, 59, 65, 160, 221, 43, 243, 229, 39, 194, 115,
       77, 234, 172, 151, 90, 13, 49, 235, 215, 44, 85, 186, 91, 120,
       233, 116, 120, 92, 56, 47, 213, 21, 247, 111, 153, 172, 24, 5,
       240, 29, 156, 73, 16, 242, 51, 189, 88, 87, 32, 250, 68, 43, 243,
       209, 216, 134, 227, 232, 136, 199, 66, 54, 211, 198, 147, 64, 234,
       213, 57, 102, 79, 173, 202, 83, 14, 218, 58, 45, 210, 8, 50, 11,
       87, 39, 85, 187, 16, 124, 77, 84, 112, 96, 24, 14, 77, 12, 201,
       151, 153, 44, 24, 53, 241, 28, 156, 73, 16, 248, 51, 189, 72, 23,
       33, 250, 99, 5, 0, 50, 221, 162, 38, 10, 32, 0, 0, 97, 160, 75,
       128, 21, 98, 39, 5, 84, 227, 47, 153, 119, 70, 154, 8, 7, 210, 0,
       33, 69, 22, 39, 20, 179, 33, 0, 5, 212, 73, 96, 24, 203, 65, 89,
       167, 79, 8, 36, 24, 0, 97, 16, 140, 129, 16, 178, 55, 149, 8, 23,
       176, 72, 68, 34, 193, 145, 216, 198, 35, 76, 128, 230, 2, 52, 193,
       70, 155, 66, 202, 85, 9, 102, 206, 37, 202, 123, 76, 202, 186, 47,
       82, 8, 49, 79, 87, 39, 85, 187, 80, 120, 109, 86, 48, 80, 24, 14,
       69, 28, 225, 35, 153, 44, 24, 5, 241, 29, 156, 73, 16, 242, 51,
       189, 72, 87, 32, 242, 61, 190, 253, 238, 63, 253, 185, 127, 255,
       254, 214, 245, 253, 127, 188, 244, 251, 222, 99, 99, 245, 102,
       195, 127, 205, 171, 228, 255, 94, 93, 245, 239, 223, 44, 85, 190,
       87, 122, 233, 116, 248, 92, 56, 47, 212, 53, 247, 111, 153, 172,
       24, 5, 240, 29, 156, 73, 16, 242, 51, 189, 88, 87, 32, 250, 255,
       189, 255, 191, 221, 46, 59, 255, 254, 109, 212, 255, 239, 235,
       158, 95, 254, 239, 59, 119, 253, 167, 211, 119, 207, 250, 252,
       239, 210, 28, 226, 235, 215, 45, 85, 191, 91, 56, 237, 116, 120,
       92, 56, 175, 213, 25, 247, 111, 153, 172, 24, 1, 240, 29, 156, 73,
       16, 242, 51, 189, 88, 87, 32, 250, 231, 46, 227, 243, 217, 198,
       199, 201, 236, 255, 130, 127, 235, 239, 179, 77, 235, 213, 59,
       102, 207, 143, 202, 125, 78, 222, 59, 39, 210, 11, 51, 95, 87,
       167, 93, 251, 82, 253, 111, 118, 112, 100, 104, 126, 221, 28, 253,
       179, 221, 172, 24, 37, 209, 191, 156, 107, 80, 252, 49, 189, 92,
       85, 48, 250, 70, 34, 65, 18, 217, 130, 6, 73, 162, 32, 2, 50, 129,
       71, 128, 65, 226, 69, 1, 102, 203, 39, 138, 107, 78, 210, 40, 15,
       146, 8, 1, 78, 87, 39, 84, 187, 64, 56, 37, 86, 0, 80, 8, 11, 65,
       28, 197, 7, 153, 44, 24, 4, 113, 29, 156, 75, 16, 114, 51, 189,
       72, 87, 32, 248, 205, 201, 210, 117, 248, 226, 254, 194, 56, 185,
       65, 219, 130, 227, 194, 202, 235, 213, 61, 111, 79, 175, 238, 123,
       79, 223, 191, 47, 211, 15, 50, 62, 211, 39, 116, 251, 82, 125,
       253, 246, 81, 124, 184, 127, 219, 28, 253, 183, 205, 172, 24, 181,
       241, 127, 156, 75, 80, 252, 49, 191, 92, 87, 49, 250, 198, 253,
       147, 85, 248, 194, 222, 199, 202, 169, 1, 223, 194, 198, 130, 91,
       235, 213, 63, 71, 143, 175, 239, 95, 79, 223, 191, 47, 211, 15,
       50, 62, 199, 39, 117, 251, 82, 125, 239, 118, 113, 72, 48, 111,
       223, 28, 189, 183, 221, 172, 88, 21, 241, 62, 156, 99, 80, 250,
       49, 189, 92, 85, 49, 250, 251, 62, 255, 247, 254, 247, 191, 248,
       254, 255, 218, 255, 255, 252, 187, 95, 255, 255, 123, 103, 253,
       215, 211, 124, 207, 255, 253, 255, 218, 87, 247, 255, 215, 45, 87,
       191, 91, 121, 237, 116, 120, 92, 120, 63, 213, 61, 247, 125, 157,
       172, 24, 5, 240, 61, 156, 73, 16, 246, 51, 189, 92, 87, 32, 250 ]
