%YAML:1.0
descriptors: !!opencv-matrix
   rows: 12
   cols: 64
   dt: u
   data: [ 62, 156, 255, 254, 63, 255, 253, 127, 191, 252, 220, 253, 191,
       126, 189, 220, 255, 255, 227, 123, 244, 127, 218, 127, 125, 255,
       245, 127, 127, 219, 119, 239, 223, 108, 71, 190, 247, 120, 249,
       125, 120, 93, 255, 47, 213, 117, 245, 111, 187, 172, 153, 13, 242,
       29, 156, 93, 56, 242, 127, 253, 251, 223, 44, 254, 127, 186, 255,
       247, 127, 255, 191, 252, 254, 255, 218, 119, 239, 127, 187, 85,
       255, 255, 99, 115, 229, 39, 203, 127, 205, 255, 245, 239, 90, 31,
       243, 239, 215, 44, 85, 190, 83, 120, 233, 116, 120, 92, 58, 47,
       213, 21, 247, 111, 153, 172, 24, 5, 240, 29, 156, 73, 16, 242, 51,
       189, 88, 87, 32, 250, 63, 190, 255, 255, 63, 189, 253, 122, 255,
       255, 254, 251, 255, 123, 252, 92, 246, 247, 99, 123, 245, 119,
       211, 127, 253, 254, 245, 255, 126, 95, 247, 239, 223, 108, 85,
       190, 222, 120, 249, 125, 120, 93, 123, 47, 213, 53, 245, 111, 153,
       172, 24, 5, 240, 29, 157, 77, 16, 242, 51, 189, 218, 87, 32, 250,
       221, 154, 215, 117, 253, 163, 251, 252, 24, 185, 194, 255, 230,
       193, 131, 89, 110, 223, 185, 107, 238, 45, 206, 123, 175, 202,
       242, 247, 94, 97, 231, 239, 127, 243, 124, 49, 117, 255, 254, 119,
       217, 108, 235, 126, 235, 13, 219, 243, 252, 222, 56, 247, 245,
       246, 157, 239, 87, 222, 247, 239, 214, 63, 145, 254, 59, 187, 255,
       254, 54, 191, 253, 122, 255, 255, 245, 251, 255, 250, 182, 95,
       246, 247, 99, 123, 247, 127, 211, 247, 221, 250, 247, 255, 122,
       221, 245, 235, 223, 44, 87, 190, 223, 120, 249, 125, 120, 93, 251,
       47, 213, 53, 247, 111, 153, 172, 24, 5, 242, 29, 156, 77, 16, 242,
       115, 191, 123, 87, 32, 250, 68, 35, 177, 144, 88, 134, 35, 79,
       130, 100, 129, 20, 65, 196, 147, 66, 226, 69, 3, 102, 142, 173,
       194, 3, 78, 202, 166, 13, 18, 12, 49, 75, 83, 39, 85, 187, 0, 120,
       71, 86, 48, 96, 24, 14, 197, 28, 193, 79, 153, 172, 24, 5, 113,
       28, 148, 75, 16, 250, 51, 189, 88, 86, 33, 250, 7, 6, 65, 2, 217,
       128, 3, 72, 34, 32, 0, 50, 160, 75, 128, 1, 98, 84, 5, 96, 194,
       32, 136, 104, 6, 136, 0, 11, 146, 8, 1, 77, 18, 166, 20, 154, 0,
       112, 5, 214, 129, 66, 8, 10, 64, 20, 200, 129, 0, 36, 16, 4, 32,
       26, 141, 9, 16, 96, 32, 156, 72, 70, 34, 185, 125, 50, 117, 180,
       127, 183, 47, 124, 244, 124, 210, 53, 125, 127, 177, 87, 242, 253,
       67, 98, 241, 35, 194, 119, 204, 232, 236, 207, 90, 92, 113, 235,
       215, 36, 85, 190, 83, 120, 233, 116, 120, 92, 24, 47, 213, 21,
       231, 111, 153, 172, 24, 5, 240, 29, 156, 73, 16, 242, 51, 189, 88,
       87, 32, 250, 68, 33, 129, 144, 24, 2, 10, 71, 2, 162, 3, 20, 81,
       196, 145, 66, 74, 68, 0, 98, 138, 161, 204, 11, 12, 128, 166, 13,
       0, 8, 49, 74, 115, 6, 85, 171, 0, 252, 3, 86, 0, 96, 0, 10, 6, 28,
       65, 75, 25, 44, 48, 5, 32, 24, 148, 72, 128, 98, 33, 185, 72, 6,
       33, 242, 60, 186, 253, 255, 191, 253, 251, 125, 253, 255, 220,
       253, 253, 127, 189, 124, 251, 253, 99, 123, 245, 119, 219, 255,
       253, 255, 245, 191, 126, 223, 119, 239, 223, 108, 87, 190, 223,
       121, 249, 125, 124, 93, 123, 47, 213, 53, 247, 111, 185, 172, 24,
       5, 242, 29, 156, 93, 16, 242, 51, 189, 218, 223, 40, 254, 60, 191,
       255, 254, 54, 191, 253, 123, 255, 252, 213, 251, 255, 250, 190,
       94, 254, 255, 99, 107, 245, 127, 211, 247, 221, 255, 247, 255,
       122, 221, 245, 235, 223, 44, 87, 190, 223, 120, 249, 125, 120, 95,
       187, 47, 213, 53, 247, 111, 153, 172, 24, 13, 240, 29, 156, 73,
       16, 242, 115, 189, 90, 87, 32, 250, 124, 185, 255, 254, 55, 55,
       253, 123, 215, 254, 213, 243, 255, 238, 180, 94, 246, 223, 99,
       103, 247, 47, 193, 247, 221, 250, 246, 223, 82, 220, 244, 235,
       223, 36, 85, 190, 211, 120, 233, 125, 120, 92, 49, 47, 213, 53,
       247, 111, 153, 172, 24, 5, 240, 29, 156, 73, 16, 242, 51, 189, 88,
       87, 32, 250 ]
