%YAML:1.0
descriptors: !!opencv-matrix
   rows: 14
   cols: 64
   dt: u
   data: [ 62, 180, 125, 182, 62, 181, 191, 121, 246, 254, 220, 245, 253,
       127, 176, 84, 247, 215, 67, 115, 245, 98, 195, 254, 221, 254, 229,
       255, 90, 223, 245, 239, 223, 44, 85, 190, 90, 120, 233, 124, 120,
       92, 56, 47, 212, 53, 245, 111, 153, 172, 24, 5, 240, 29, 156, 73,
       16, 242, 51, 189, 88, 87, 32, 250, 31, 187, 207, 254, 63, 185,
       253, 58, 125, 253, 222, 249, 255, 127, 60, 91, 253, 255, 97, 251,
       229, 109, 195, 243, 237, 255, 243, 255, 126, 71, 245, 239, 223,
       36, 87, 186, 95, 120, 249, 117, 112, 92, 59, 47, 213, 21, 247,
       111, 153, 172, 24, 5, 240, 29, 156, 73, 16, 242, 51, 189, 88, 87,
       32, 250, 255, 244, 127, 239, 255, 181, 255, 249, 254, 255, 252,
       251, 239, 95, 246, 93, 243, 247, 127, 123, 253, 127, 219, 124,
       173, 255, 255, 255, 255, 123, 247, 255, 223, 237, 158, 255, 255,
       253, 249, 247, 123, 207, 255, 191, 215, 53, 255, 127, 191, 255,
       152, 13, 252, 189, 156, 125, 124, 182, 247, 159, 255, 223, 188,
       190, 61, 162, 221, 135, 171, 217, 187, 108, 254, 191, 214, 125,
       253, 127, 187, 96, 250, 179, 67, 115, 245, 39, 195, 255, 217, 250,
       244, 175, 74, 139, 115, 239, 223, 44, 69, 190, 91, 120, 233, 124,
       120, 92, 56, 47, 213, 53, 245, 111, 153, 172, 24, 5, 240, 29, 156,
       73, 16, 242, 51, 189, 88, 87, 32, 250, 243, 20, 80, 34, 221, 162,
       7, 8, 102, 41, 32, 115, 166, 74, 160, 85, 98, 247, 5, 80, 201, 7,
       169, 124, 6, 152, 105, 47, 210, 9, 225, 111, 17, 167, 28, 179,
       115, 112, 37, 214, 65, 66, 26, 11, 73, 21, 92, 213, 200, 36, 88,
       4, 100, 34, 140, 225, 16, 176, 163, 156, 24, 23, 48, 184, 179,
       148, 16, 38, 221, 162, 14, 8, 34, 33, 1, 99, 172, 75, 4, 21, 102,
       183, 5, 208, 192, 7, 131, 100, 66, 216, 233, 47, 210, 40, 225,
       101, 151, 173, 20, 150, 99, 0, 33, 214, 65, 202, 24, 9, 193, 89,
       244, 77, 153, 166, 24, 4, 100, 0, 156, 225, 16, 178, 51, 156, 24,
       87, 48, 104, 28, 147, 92, 214, 63, 147, 159, 112, 54, 150, 21,
       210, 157, 123, 176, 64, 246, 215, 64, 99, 197, 117, 195, 243, 72,
       114, 161, 126, 120, 204, 213, 107, 223, 36, 85, 186, 82, 120, 233,
       116, 112, 93, 56, 47, 213, 20, 245, 111, 153, 172, 24, 5, 240, 29,
       156, 73, 16, 242, 51, 189, 88, 87, 32, 250, 199, 41, 195, 87, 216,
       130, 79, 74, 138, 33, 1, 122, 130, 194, 130, 74, 98, 85, 56, 103,
       142, 173, 202, 107, 78, 218, 186, 47, 146, 9, 17, 111, 215, 167,
       20, 187, 2, 125, 103, 86, 80, 104, 136, 75, 201, 28, 237, 147,
       217, 164, 24, 5, 113, 56, 156, 75, 80, 250, 49, 191, 88, 85, 49,
       250, 60, 182, 245, 158, 62, 191, 187, 117, 214, 126, 82, 85, 221,
       114, 189, 84, 254, 223, 67, 98, 245, 33, 195, 247, 217, 58, 244,
       206, 80, 156, 241, 235, 207, 36, 85, 190, 91, 120, 233, 116, 248,
       92, 56, 47, 213, 52, 247, 111, 153, 172, 24, 5, 240, 29, 156, 73,
       16, 242, 51, 189, 88, 87, 32, 250, 91, 147, 204, 247, 62, 179,
       222, 48, 115, 191, 85, 219, 220, 120, 50, 83, 244, 223, 33, 243,
       229, 53, 195, 115, 205, 218, 243, 255, 90, 68, 245, 107, 215, 44,
       85, 186, 91, 120, 233, 116, 112, 93, 56, 47, 213, 20, 247, 111,
       153, 172, 24, 5, 240, 29, 156, 73, 16, 242, 51, 189, 88, 87, 32,
       250, 63, 254, 125, 255, 63, 253, 255, 121, 253, 255, 220, 253,
       253, 127, 252, 93, 255, 255, 227, 251, 245, 127, 219, 255, 253,
       255, 247, 247, 126, 247, 255, 239, 223, 248, 223, 180, 255, 249,
       249, 125, 124, 93, 251, 111, 245, 117, 247, 111, 187, 254, 152,
       79, 244, 29, 222, 93, 54, 243, 247, 191, 251, 255, 172, 254, 26,
       145, 204, 54, 111, 155, 158, 9, 242, 186, 23, 227, 188, 118, 38,
       81, 228, 147, 33, 243, 197, 39, 195, 119, 193, 218, 244, 111, 82,
       8, 177, 98, 223, 44, 69, 190, 91, 120, 233, 116, 120, 92, 56, 47,
       213, 117, 247, 111, 153, 172, 24, 5, 240, 29, 156, 73, 16, 242,
       51, 189, 88, 87, 32, 250, 68, 43, 147, 213, 216, 134, 234, 196,
       10, 239, 3, 22, 194, 196, 147, 18, 226, 205, 57, 102, 206, 173,
       202, 75, 78, 202, 190, 111, 144, 9, 51, 79, 87, 167, 85, 187, 16,
       252, 231, 86, 32, 96, 136, 78, 237, 12, 201, 179, 153, 172, 24,
       53, 241, 124, 156, 107, 64, 122, 51, 191, 76, 87, 49, 246, 92,
       144, 220, 151, 127, 179, 158, 56, 54, 187, 86, 119, 188, 119, 163,
       81, 246, 215, 97, 243, 197, 101, 195, 251, 200, 94, 240, 126, 88,
       73, 183, 107, 223, 36, 85, 186, 83, 120, 233, 116, 112, 92, 56,
       47, 213, 20, 245, 111, 153, 172, 24, 5, 240, 29, 156, 73, 16, 242,
       51, 189, 88, 87, 32, 250 ]
