%YAML:1.0
descriptors: !!opencv-matrix
   rows: 28
   cols: 64
   dt: u
   data: [ 125, 52, 253, 181, 254, 167, 63, 121, 244, 127, 208, 51, 253,
       111, 179, 84, 242, 221, 123, 102, 249, 39, 194, 245, 222, 234,
       252, 175, 210, 28, 115, 235, 215, 45, 85, 191, 82, 120, 233, 116,
       120, 92, 56, 47, 213, 53, 245, 111, 153, 172, 24, 5, 240, 29, 156,
       73, 16, 242, 51, 189, 88, 87, 32, 250, 65, 13, 130, 19, 217, 130,
       6, 78, 128, 35, 129, 58, 178, 202, 162, 79, 234, 85, 59, 70, 207,
       175, 203, 119, 78, 202, 190, 47, 210, 8, 48, 106, 215, 39, 85,
       187, 82, 124, 101, 86, 112, 88, 24, 15, 213, 28, 165, 135, 153,
       172, 24, 5, 241, 29, 156, 75, 16, 242, 51, 189, 88, 87, 32, 250,
       195, 15, 194, 83, 217, 130, 70, 206, 10, 35, 3, 58, 162, 235, 130,
       74, 234, 213, 57, 103, 207, 175, 203, 127, 78, 218, 186, 47, 210,
       8, 50, 110, 215, 39, 84, 187, 82, 124, 231, 86, 112, 92, 56, 47,
       217, 28, 237, 183, 153, 172, 24, 5, 241, 29, 156, 75, 16, 250, 49,
       189, 88, 87, 48, 250, 199, 11, 194, 19, 217, 130, 6, 206, 138, 35,
       3, 62, 162, 198, 131, 91, 234, 213, 57, 102, 207, 167, 203, 103,
       78, 218, 190, 47, 146, 8, 50, 106, 215, 39, 85, 187, 82, 124, 229,
       86, 112, 88, 56, 47, 213, 28, 229, 167, 153, 172, 24, 5, 240, 29,
       156, 75, 16, 242, 51, 189, 88, 87, 32, 250, 197, 13, 194, 19, 217,
       130, 6, 206, 10, 33, 129, 58, 178, 230, 130, 74, 234, 213, 57,
       102, 207, 143, 195, 99, 78, 218, 184, 47, 210, 12, 50, 106, 215,
       39, 85, 187, 82, 120, 229, 118, 112, 88, 56, 47, 221, 28, 245,
       175, 153, 172, 24, 5, 240, 29, 156, 75, 16, 242, 51, 189, 88, 87,
       32, 250, 61, 181, 125, 182, 63, 167, 191, 121, 246, 124, 213, 113,
       125, 127, 176, 84, 246, 223, 67, 99, 241, 35, 193, 246, 220, 170,
       228, 223, 90, 28, 245, 235, 223, 36, 85, 190, 83, 120, 233, 124,
       120, 92, 56, 47, 212, 53, 247, 111, 153, 172, 24, 5, 240, 29, 156,
       73, 16, 242, 51, 189, 88, 87, 32, 250, 62, 249, 255, 252, 54, 255,
       253, 127, 253, 254, 221, 253, 127, 254, 191, 222, 251, 252, 243,
       251, 247, 127, 215, 255, 253, 127, 247, 255, 127, 255, 247, 239,
       207, 126, 247, 190, 255, 120, 249, 125, 120, 253, 247, 111, 247,
       53, 247, 111, 191, 174, 155, 79, 240, 29, 156, 93, 54, 243, 127,
       255, 251, 255, 169, 254, 69, 11, 194, 209, 89, 150, 135, 78, 172,
       231, 3, 86, 131, 255, 146, 71, 203, 85, 41, 103, 206, 47, 202,
       123, 79, 222, 154, 47, 18, 8, 49, 79, 215, 39, 85, 187, 80, 120,
       239, 86, 112, 116, 40, 47, 213, 28, 245, 107, 153, 172, 24, 5,
       241, 29, 156, 75, 16, 242, 51, 189, 88, 87, 32, 250, 67, 6, 33,
       145, 201, 134, 3, 77, 164, 102, 130, 4, 129, 77, 49, 5, 192, 85,
       1, 100, 200, 35, 138, 56, 76, 200, 136, 14, 146, 0, 49, 79, 81,
       39, 85, 187, 64, 112, 37, 70, 0, 80, 24, 14, 69, 28, 192, 3, 25,
       44, 24, 4, 113, 29, 140, 9, 16, 226, 35, 188, 72, 86, 32, 248,
       194, 1, 139, 147, 203, 66, 66, 206, 6, 163, 3, 22, 179, 194, 179,
       82, 107, 213, 57, 103, 142, 173, 238, 43, 14, 203, 186, 47, 210,
       9, 51, 111, 115, 39, 20, 155, 66, 124, 103, 214, 16, 64, 40, 42,
       203, 28, 65, 183, 153, 172, 16, 5, 113, 24, 148, 75, 144, 112, 33,
       189, 92, 20, 48, 250, 62, 53, 125, 166, 55, 63, 159, 121, 246, 94,
       255, 113, 125, 58, 176, 85, 242, 213, 3, 100, 65, 35, 193, 118,
       204, 200, 228, 13, 82, 28, 113, 41, 214, 36, 85, 190, 82, 120,
       201, 116, 112, 92, 56, 47, 213, 20, 245, 110, 153, 172, 24, 5,
       240, 29, 156, 73, 16, 242, 51, 189, 88, 87, 32, 250, 68, 47, 195,
       51, 220, 162, 34, 87, 104, 35, 2, 22, 194, 199, 139, 3, 194, 69,
       41, 102, 205, 165, 203, 115, 78, 202, 188, 45, 210, 12, 34, 10,
       215, 39, 85, 187, 82, 56, 229, 84, 112, 84, 24, 143, 85, 24, 229,
       199, 153, 172, 24, 1, 241, 29, 156, 73, 16, 242, 51, 189, 88, 87,
       32, 250, 228, 45, 227, 211, 216, 206, 67, 239, 206, 101, 147, 62,
       243, 238, 146, 78, 234, 213, 59, 103, 207, 173, 202, 47, 78, 202,
       190, 47, 146, 9, 50, 111, 215, 39, 85, 187, 66, 125, 231, 86, 112,
       88, 40, 47, 221, 28, 237, 183, 157, 172, 24, 5, 241, 29, 156, 75,
       80, 254, 49, 189, 88, 84, 48, 250, 68, 39, 157, 23, 104, 146, 58,
       1, 98, 187, 1, 142, 192, 99, 3, 3, 228, 139, 33, 215, 205, 37, 67,
       211, 193, 90, 252, 238, 64, 4, 163, 98, 223, 44, 69, 190, 91, 56,
       233, 116, 120, 92, 56, 47, 213, 117, 183, 111, 153, 172, 24, 5,
       240, 29, 156, 73, 16, 242, 51, 189, 88, 87, 32, 250, 100, 33, 113,
       146, 16, 6, 7, 111, 198, 68, 3, 48, 81, 226, 145, 66, 226, 212, 3,
       100, 3, 33, 192, 39, 76, 136, 164, 13, 18, 136, 48, 41, 82, 36,
       84, 186, 66, 120, 1, 84, 48, 64, 16, 15, 196, 20, 197, 78, 153,
       172, 24, 5, 112, 28, 148, 73, 16, 114, 51, 189, 88, 86, 32, 248,
       221, 143, 220, 23, 234, 155, 63, 112, 58, 127, 87, 219, 158, 251,
       142, 72, 230, 219, 57, 231, 237, 101, 195, 243, 75, 122, 185, 126,
       88, 4, 243, 107, 215, 37, 85, 187, 83, 120, 233, 124, 112, 92, 56,
       47, 213, 20, 247, 111, 153, 172, 24, 5, 240, 29, 156, 73, 16, 246,
       51, 189, 88, 87, 32, 250, 228, 45, 227, 211, 216, 134, 71, 109,
       206, 101, 129, 58, 243, 206, 150, 78, 234, 85, 59, 102, 207, 175,
       202, 111, 78, 202, 190, 47, 146, 9, 51, 111, 215, 39, 85, 187, 66,
       125, 103, 86, 112, 120, 40, 47, 221, 28, 237, 179, 157, 172, 24,
       5, 241, 28, 156, 75, 80, 250, 49, 189, 88, 85, 48, 250, 90, 144,
       28, 151, 111, 147, 158, 49, 50, 187, 85, 203, 156, 112, 36, 16,
       230, 215, 1, 99, 196, 33, 195, 114, 77, 222, 161, 110, 82, 2, 177,
       106, 215, 36, 85, 186, 82, 120, 233, 116, 112, 92, 56, 47, 213,
       20, 245, 111, 153, 172, 24, 5, 240, 29, 156, 73, 16, 242, 51, 189,
       88, 87, 32, 250, 69, 35, 97, 144, 16, 7, 35, 126, 128, 68, 128,
       52, 81, 70, 145, 66, 226, 212, 3, 100, 65, 33, 192, 51, 76, 136,
       164, 13, 82, 8, 48, 105, 210, 38, 85, 186, 66, 120, 65, 84, 48,
       80, 24, 15, 84, 20, 229, 78, 153, 44, 24, 4, 240, 29, 156, 73, 16,
       242, 51, 189, 88, 86, 32, 248, 89, 18, 220, 19, 239, 147, 158, 56,
       114, 59, 146, 99, 188, 119, 34, 65, 230, 147, 41, 246, 193, 103,
       195, 247, 192, 90, 248, 126, 88, 12, 179, 98, 223, 44, 85, 190,
       91, 120, 233, 116, 112, 92, 56, 47, 213, 117, 247, 111, 153, 172,
       24, 5, 240, 29, 156, 73, 16, 242, 51, 189, 88, 87, 32, 250, 229,
       47, 227, 209, 216, 134, 3, 205, 204, 101, 129, 58, 195, 203, 146,
       78, 226, 85, 59, 102, 207, 173, 202, 123, 78, 202, 190, 47, 146,
       12, 51, 79, 215, 39, 84, 187, 80, 124, 103, 86, 80, 112, 8, 15,
       217, 28, 233, 147, 153, 172, 24, 5, 241, 28, 156, 75, 80, 248, 49,
       189, 88, 85, 48, 250, 31, 167, 137, 126, 43, 153, 252, 106, 209,
       184, 213, 243, 242, 82, 164, 74, 235, 153, 35, 211, 197, 47, 195,
       215, 77, 223, 245, 175, 66, 78, 53, 106, 223, 44, 69, 190, 91,
       120, 233, 116, 120, 92, 56, 47, 213, 117, 183, 111, 153, 172, 24,
       5, 240, 29, 156, 65, 16, 242, 51, 189, 88, 87, 32, 250, 16, 34,
       85, 6, 41, 154, 154, 104, 242, 58, 147, 119, 236, 119, 128, 0,
       230, 131, 3, 112, 196, 35, 195, 246, 200, 90, 228, 14, 64, 136,
       33, 106, 223, 44, 69, 190, 90, 56, 233, 124, 112, 92, 56, 175,
       213, 48, 245, 111, 153, 172, 24, 1, 240, 29, 156, 73, 16, 242, 51,
       189, 88, 87, 32, 250, 29, 48, 93, 22, 127, 179, 158, 120, 242,
       186, 147, 115, 252, 103, 161, 65, 226, 213, 3, 98, 193, 35, 195,
       246, 72, 122, 164, 62, 80, 12, 49, 106, 223, 36, 85, 186, 82, 120,
       233, 116, 112, 92, 56, 47, 213, 52, 245, 111, 153, 172, 24, 5,
       240, 29, 156, 73, 16, 242, 51, 189, 88, 87, 32, 250, 24, 176, 221,
       255, 62, 249, 252, 121, 95, 185, 213, 221, 253, 84, 188, 88, 255,
       223, 97, 99, 196, 37, 195, 243, 205, 223, 241, 238, 82, 71, 183,
       238, 223, 36, 85, 186, 95, 120, 233, 116, 112, 93, 57, 47, 213,
