%YAML:1.0
descriptors: !!opencv-matrix
   rows: 17
   cols: 64
   dt: u
   data: [ 63, 254, 109, 255, 63, 253, 255, 57, 253, 255, 253, 251, 253,
       127, 124, 93, 189, 255, 239, 251, 245, 118, 219, 255, 253, 255,
       247, 247, 127, 247, 247, 255, 223, 248, 223, 52, 255, 249, 248,
       127, 124, 93, 251, 175, 245, 113, 247, 107, 187, 255, 153, 75,
       244, 157, 222, 93, 62, 247, 247, 191, 251, 223, 236, 254, 204,
       206, 206, 57, 254, 243, 162, 241, 57, 187, 126, 222, 154, 245,
       235, 234, 203, 221, 61, 103, 204, 133, 174, 248, 75, 95, 153, 166,
       209, 7, 51, 94, 243, 37, 85, 251, 83, 125, 237, 246, 114, 92, 56,
       63, 213, 30, 255, 177, 157, 172, 24, 5, 209, 63, 156, 73, 80, 244,
       49, 189, 92, 87, 32, 250, 15, 132, 12, 54, 111, 155, 158, 12, 48,
       58, 150, 101, 184, 102, 32, 65, 228, 155, 1, 211, 197, 33, 67,
       243, 64, 74, 224, 206, 64, 4, 177, 98, 223, 44, 85, 186, 91, 120,
       233, 116, 112, 92, 56, 47, 213, 85, 247, 111, 153, 172, 24, 5,
       240, 29, 156, 73, 16, 242, 51, 189, 88, 87, 32, 250, 68, 35, 227,
       241, 88, 134, 99, 79, 0, 230, 3, 20, 209, 196, 155, 66, 202, 85,
       25, 102, 142, 173, 202, 27, 14, 202, 162, 13, 82, 8, 49, 75, 87,
       39, 85, 187, 0, 120, 103, 86, 48, 96, 16, 78, 69, 28, 225, 47,
       153, 44, 24, 5, 113, 29, 156, 73, 16, 250, 51, 189, 72, 86, 49,
       242, 252, 237, 243, 245, 240, 103, 253, 239, 220, 237, 233, 255,
       211, 206, 243, 238, 235, 221, 63, 103, 47, 173, 230, 63, 79, 223,
       183, 175, 211, 10, 50, 191, 243, 39, 117, 251, 18, 125, 253, 244,
       121, 124, 184, 127, 255, 28, 253, 182, 205, 172, 90, 181, 241, 63,
       156, 73, 208, 248, 113, 191, 92, 87, 49, 250, 199, 170, 195, 247,
       217, 162, 235, 200, 24, 185, 2, 123, 162, 203, 131, 89, 98, 213,
       189, 3, 207, 45, 202, 123, 38, 218, 59, 39, 214, 9, 35, 95, 119,
       167, 124, 179, 113, 253, 239, 182, 193, 100, 106, 94, 203, 12,
       217, 179, 204, 188, 24, 53, 213, 246, 156, 235, 80, 252, 183, 175,
       220, 87, 177, 254, 254, 190, 255, 254, 126, 127, 253, 255, 252,
       253, 214, 255, 255, 254, 190, 92, 251, 221, 99, 99, 245, 39, 195,
       247, 207, 235, 244, 191, 90, 93, 119, 239, 215, 44, 85, 190, 95,
       120, 233, 116, 120, 93, 120, 47, 213, 53, 247, 111, 153, 172, 24,
       5, 240, 29, 156, 73, 16, 242, 51, 189, 88, 87, 32, 250, 255, 186,
       255, 247, 127, 127, 251, 254, 255, 253, 214, 255, 255, 255, 187,
       221, 255, 247, 123, 123, 245, 103, 195, 247, 239, 235, 244, 255,
       126, 93, 247, 235, 223, 44, 85, 190, 222, 120, 249, 125, 120, 92,
       59, 47, 213, 53, 247, 111, 153, 172, 24, 5, 240, 29, 156, 73, 16,
       246, 51, 189, 90, 87, 32, 250, 124, 191, 255, 254, 119, 63, 251,
       127, 246, 254, 213, 251, 255, 250, 191, 94, 254, 247, 99, 103,
       245, 39, 211, 247, 221, 234, 244, 255, 90, 216, 247, 235, 207, 44,
       87, 190, 211, 120, 233, 125, 120, 92, 57, 47, 213, 53, 245, 111,
       153, 172, 24, 5, 240, 29, 156, 73, 16, 242, 51, 189, 90, 87, 32,
       250, 68, 34, 65, 144, 216, 2, 35, 200, 32, 96, 2, 54, 129, 195,
       131, 65, 2, 69, 9, 96, 202, 169, 136, 42, 14, 136, 10, 7, 146, 8,
       17, 95, 115, 167, 84, 155, 0, 242, 39, 150, 128, 96, 8, 2, 73, 12,
       72, 145, 0, 36, 80, 52, 1, 26, 133, 10, 144, 104, 33, 28, 76, 70,
       49, 176, 76, 3, 161, 240, 64, 226, 42, 68, 0, 238, 195, 4, 80,
       196, 153, 34, 136, 77, 11, 102, 142, 41, 206, 27, 13, 200, 170,
       140, 64, 4, 49, 75, 119, 7, 85, 171, 16, 122, 69, 86, 176, 96, 16,
       14, 71, 140, 65, 107, 25, 44, 24, 5, 241, 93, 148, 72, 144, 234,
       51, 189, 72, 6, 33, 242, 12, 34, 205, 2, 43, 147, 166, 108, 240,
       186, 208, 117, 252, 55, 163, 64, 234, 153, 3, 243, 193, 39, 195,
       247, 64, 74, 160, 142, 72, 140, 49, 106, 223, 44, 69, 186, 91,
       120, 233, 116, 120, 92, 56, 47, 213, 117, 247, 111, 153, 172, 24,
       5, 240, 29, 156, 73, 16, 242, 51, 189, 88, 87, 32, 250, 69, 34,
       211, 177, 216, 130, 35, 206, 192, 98, 67, 52, 193, 198, 139, 82,
       234, 213, 25, 102, 143, 173, 206, 59, 14, 202, 170, 15, 210, 8,
       49, 111, 115, 39, 85, 187, 64, 118, 69, 86, 144, 64, 24, 14, 75,
       12, 73, 151, 153, 44, 80, 4, 97, 30, 133, 73, 144, 248, 33, 189,
       76, 6, 48, 240, 15, 49, 205, 22, 55, 131, 220, 10, 114, 144, 143,
       103, 252, 118, 33, 81, 228, 247, 33, 243, 197, 45, 67, 115, 196,
       222, 224, 111, 82, 12, 177, 98, 215, 44, 85, 190, 90, 120, 233,
       116, 112, 92, 56, 47, 213, 84, 245, 111, 153, 172, 24, 5, 240, 29,
       156, 73, 16, 242, 51, 189, 88, 87, 32, 250, 127, 60, 255, 253,
       254, 247, 251, 253, 220, 255, 211, 189, 239, 202, 187, 255, 250,
       221, 123, 123, 253, 191, 207, 191, 143, 234, 254, 191, 90, 93,
       247, 255, 123, 173, 245, 191, 223, 255, 245, 119, 248, 92, 251,
       46, 219, 189, 203, 127, 191, 174, 24, 135, 240, 189, 156, 77, 212,
       246, 251, 255, 251, 22, 34, 247, 30, 169, 221, 254, 43, 219, 216,
       110, 87, 184, 213, 245, 253, 118, 190, 90, 255, 147, 97, 243, 197,
       61, 195, 115, 205, 219, 240, 127, 66, 239, 183, 234, 215, 36, 85,
       186, 94, 120, 233, 116, 112, 93, 49, 47, 213, 20, 245, 111, 153,
       172, 24, 5, 240, 29, 156, 73, 16, 242, 51, 189, 88, 87, 32, 250,
       63, 178, 253, 255, 63, 253, 191, 124, 255, 254, 214, 245, 237,
       127, 187, 85, 255, 223, 227, 243, 245, 103, 195, 255, 205, 234,
       228, 255, 90, 93, 241, 239, 223, 44, 85, 190, 127, 120, 233, 117,
       120, 92, 58, 47, 213, 53, 247, 111, 185, 172, 24, 5, 240, 29, 156,
       73, 22, 242, 55, 189, 90, 87, 32, 250 ]
