%YAML:1.0
descriptors: !!opencv-matrix
   rows: 18
   cols: 64
   dt: u
   data: [ 45, 38, 101, 162, 153, 237, 161, 89, 252, 124, 194, 101, 249,
       63, 249, 229, 226, 252, 195, 96, 241, 2, 91, 244, 85, 168, 12,
       131, 126, 214, 59, 199, 221, 100, 71, 186, 81, 250, 169, 60, 253,
       85, 26, 134, 68, 227, 246, 105, 185, 44, 152, 8, 242, 29, 156, 73,
       48, 242, 51, 188, 74, 71, 32, 248, 60, 185, 253, 190, 54, 125,
       121, 127, 223, 246, 223, 180, 125, 190, 191, 254, 251, 222, 67,
       99, 245, 242, 199, 55, 253, 173, 228, 217, 83, 223, 255, 235, 247,
       36, 85, 254, 211, 122, 233, 116, 122, 221, 53, 46, 212, 23, 231,
       110, 155, 172, 27, 5, 240, 29, 156, 89, 16, 242, 59, 189, 89, 86,
       34, 250, 189, 54, 116, 38, 29, 37, 165, 124, 244, 125, 240, 113,
       109, 59, 130, 69, 235, 252, 135, 97, 241, 2, 237, 124, 76, 169,
       177, 131, 250, 77, 113, 239, 221, 36, 84, 186, 87, 112, 33, 244,
       92, 78, 58, 143, 208, 49, 214, 77, 152, 172, 24, 5, 240, 28, 156,
       73, 16, 242, 51, 156, 218, 87, 36, 250, 63, 251, 125, 170, 55,
       125, 189, 248, 254, 222, 222, 119, 237, 127, 249, 245, 255, 255,
       99, 242, 117, 102, 129, 118, 205, 255, 245, 249, 254, 94, 243,
       249, 214, 44, 87, 190, 91, 120, 233, 116, 120, 92, 58, 47, 213,
       53, 247, 111, 153, 172, 24, 5, 240, 29, 156, 73, 16, 242, 51, 189,
       88, 87, 32, 250, 182, 241, 121, 158, 55, 13, 93, 11, 231, 71, 61,
       250, 191, 234, 180, 94, 246, 214, 36, 117, 7, 254, 193, 103, 220,
       151, 247, 121, 19, 186, 212, 41, 146, 44, 22, 158, 194, 120, 211,
       221, 50, 219, 61, 105, 176, 28, 245, 46, 145, 166, 16, 7, 104, 25,
       148, 73, 24, 242, 48, 57, 121, 84, 32, 251, 15, 129, 137, 124, 43,
       145, 252, 74, 16, 184, 133, 193, 208, 80, 37, 75, 232, 184, 33,
       211, 196, 44, 66, 211, 69, 154, 162, 174, 64, 69, 53, 98, 223, 36,
       85, 186, 91, 120, 233, 116, 112, 92, 56, 47, 212, 85, 183, 111,
       153, 172, 24, 5, 240, 29, 156, 65, 16, 242, 51, 189, 88, 87, 32,
       250, 63, 50, 125, 164, 63, 183, 191, 120, 244, 254, 210, 117, 253,
       63, 185, 85, 242, 253, 67, 243, 245, 35, 195, 126, 205, 248, 228,
       223, 90, 28, 241, 235, 215, 44, 85, 190, 91, 120, 233, 116, 120,
       92, 56, 47, 213, 21, 247, 111, 153, 172, 24, 5, 240, 29, 156, 73,
       16, 242, 51, 189, 88, 87, 32, 250, 60, 152, 254, 221, 62, 245,
       249, 116, 61, 254, 85, 221, 221, 125, 185, 78, 251, 220, 97, 99,
       245, 116, 195, 251, 121, 58, 160, 190, 120, 213, 117, 239, 223,
       36, 87, 186, 215, 120, 249, 125, 112, 93, 123, 47, 212, 20, 247,
       111, 153, 172, 24, 5, 240, 29, 156, 77, 24, 242, 51, 189, 90, 87,
       32, 250, 62, 181, 125, 222, 55, 189, 221, 121, 255, 223, 245, 249,
       253, 122, 188, 85, 246, 214, 98, 115, 213, 126, 195, 119, 237,
       190, 231, 123, 94, 94, 245, 107, 215, 44, 85, 190, 218, 120, 249,
       117, 112, 93, 57, 47, 212, 20, 245, 111, 153, 172, 24, 5, 240, 29,
       156, 73, 16, 242, 51, 189, 88, 87, 32, 250, 243, 20, 81, 134, 221,
       2, 15, 8, 66, 97, 49, 50, 32, 202, 128, 81, 98, 215, 4, 68, 74,
       128, 161, 36, 14, 128, 233, 11, 146, 40, 1, 105, 112, 37, 20, 155,
       66, 112, 3, 214, 0, 66, 8, 11, 192, 28, 192, 12, 129, 36, 80, 4,
       32, 26, 132, 75, 16, 50, 48, 28, 92, 20, 32, 184, 77, 38, 229,
       177, 248, 183, 163, 116, 56, 255, 194, 29, 192, 53, 155, 67, 136,
       109, 139, 98, 237, 101, 74, 249, 77, 104, 140, 166, 88, 5, 49,
       207, 215, 0, 85, 171, 80, 250, 237, 52, 124, 124, 58, 46, 213,
       129, 243, 107, 153, 172, 24, 5, 241, 93, 156, 72, 16, 234, 51,
       189, 72, 87, 32, 250, 23, 133, 220, 94, 35, 217, 216, 110, 51,
       128, 151, 244, 60, 119, 140, 82, 239, 146, 0, 179, 199, 38, 195,
       99, 77, 130, 224, 93, 2, 12, 145, 104, 223, 36, 69, 186, 82, 120,
       235, 116, 112, 92, 56, 47, 212, 20, 245, 111, 153, 172, 24, 5,
       240, 29, 156, 73, 16, 242, 51, 189, 88, 87, 32, 250, 77, 166, 239,
       169, 249, 247, 163, 252, 188, 255, 198, 253, 209, 61, 187, 69,
       138, 125, 203, 98, 253, 99, 222, 121, 77, 232, 152, 167, 92, 77,
       49, 207, 247, 0, 87, 186, 82, 250, 237, 52, 248, 92, 122, 46, 213,
       21, 211, 107, 153, 172, 24, 5, 241, 29, 156, 73, 16, 226, 51, 189,
       88, 87, 32, 250, 20, 161, 152, 30, 35, 145, 156, 109, 82, 130,
       133, 244, 176, 86, 164, 80, 238, 146, 0, 83, 197, 38, 195, 87,
       197, 138, 224, 77, 66, 140, 181, 104, 207, 36, 69, 190, 82, 120,
       233, 116, 112, 92, 48, 47, 212, 20, 181, 111, 153, 172, 24, 5,
       240, 29, 156, 65, 16, 242, 51, 189, 88, 87, 32, 250, 63, 190, 237,
       175, 63, 253, 191, 125, 253, 255, 222, 253, 253, 63, 252, 205,
       251, 245, 99, 123, 245, 119, 219, 125, 125, 255, 181, 191, 126,
       219, 119, 239, 223, 108, 215, 186, 223, 122, 233, 127, 124, 93,
       122, 47, 213, 53, 247, 107, 153, 172, 24, 5, 240, 29, 156, 93, 16,
       242, 51, 189, 218, 215, 40, 254, 61, 183, 117, 140, 58, 157, 187,
       125, 210, 94, 210, 117, 213, 114, 185, 84, 250, 222, 195, 98, 245,
       32, 210, 247, 221, 170, 228, 207, 64, 220, 241, 235, 207, 36, 69,
       190, 86, 120, 233, 124, 248, 92, 56, 175, 212, 52, 245, 111, 153,
       172, 24, 5, 240, 29, 156, 73, 16, 242, 51, 189, 90, 87, 32, 250,
       252, 191, 247, 245, 54, 119, 253, 255, 253, 253, 215, 255, 255,
       247, 155, 222, 251, 205, 251, 111, 127, 237, 231, 191, 189, 107,
       246, 251, 109, 245, 246, 174, 223, 127, 101, 255, 223, 191, 249,
       125, 253, 93, 251, 246, 239, 161, 219, 127, 191, 190, 239, 251,
       240, 191, 159, 93, 238, 255, 87, 203, 255, 255, 237, 254, 56, 187,
       255, 254, 54, 191, 253, 123, 245, 254, 215, 213, 255, 252, 185,
       78, 250, 253, 99, 107, 244, 127, 209, 247, 221, 250, 166, 158,
       122, 212, 117, 235, 223, 44, 87, 190, 223, 120, 249, 125, 120, 93,
       185, 47, 245, 53, 247, 111, 153, 172, 152, 15, 240, 29, 156, 89,
       16, 242, 115, 189, 122, 87, 40, 250 ]
