%YAML:1.0
descriptors: !!opencv-matrix
   rows: 23
   cols: 64
   dt: u
   data: [ 63, 255, 255, 253, 62, 253, 253, 127, 253, 254, 223, 253, 255,
       124, 253, 222, 255, 252, 227, 251, 247, 127, 211, 255, 253, 255,
       247, 255, 127, 247, 255, 239, 207, 126, 255, 190, 255, 120, 249,
       125, 124, 125, 255, 239, 247, 181, 247, 111, 191, 190, 153, 79,
       242, 29, 158, 93, 55, 243, 255, 255, 251, 255, 173, 254, 101, 33,
       231, 145, 217, 134, 39, 78, 164, 228, 130, 52, 209, 239, 177, 71,
       234, 85, 27, 102, 203, 39, 194, 51, 78, 202, 172, 13, 82, 8, 49,
       75, 83, 39, 85, 187, 82, 120, 69, 84, 112, 64, 24, 46, 69, 28,
       193, 111, 153, 172, 24, 5, 241, 28, 156, 73, 16, 242, 51, 189, 88,
       86, 32, 250, 244, 169, 243, 223, 218, 199, 207, 238, 206, 239,
       153, 190, 243, 206, 151, 110, 235, 213, 59, 103, 143, 173, 206,
       63, 79, 223, 190, 47, 211, 11, 51, 111, 215, 39, 117, 251, 82,
       253, 239, 118, 112, 124, 232, 63, 223, 28, 125, 183, 157, 172, 24,
       149, 241, 63, 156, 75, 80, 252, 49, 189, 92, 85, 49, 254, 229, 47,
       227, 209, 216, 134, 99, 237, 204, 229, 131, 62, 195, 203, 147, 78,
       234, 213, 59, 103, 207, 175, 202, 127, 79, 202, 190, 47, 210, 13,
       51, 79, 215, 39, 85, 187, 82, 253, 239, 118, 112, 124, 56, 47,
       217, 28, 233, 179, 153, 172, 24, 5, 241, 61, 156, 75, 80, 250, 51,
       189, 88, 87, 49, 250, 196, 234, 195, 113, 216, 226, 166, 193, 40,
       185, 10, 95, 194, 199, 203, 9, 203, 69, 61, 102, 207, 141, 138,
       121, 79, 223, 31, 39, 214, 15, 35, 30, 215, 39, 93, 187, 80, 189,
       237, 54, 113, 116, 56, 63, 221, 28, 253, 179, 137, 172, 24, 37,
       209, 255, 140, 107, 80, 252, 49, 189, 92, 87, 48, 250, 198, 170,
       195, 243, 221, 162, 202, 201, 252, 59, 2, 127, 163, 199, 203, 73,
       226, 213, 61, 102, 207, 173, 139, 125, 110, 222, 59, 39, 214, 11,
       51, 94, 87, 167, 93, 251, 114, 253, 237, 54, 97, 116, 8, 94, 221,
       28, 249, 179, 217, 172, 24, 37, 209, 183, 156, 235, 80, 252, 51,
       191, 92, 87, 48, 182, 230, 46, 195, 243, 222, 150, 143, 201, 238,
       127, 2, 123, 179, 198, 178, 93, 226, 213, 61, 102, 205, 143, 139,
       125, 78, 222, 63, 47, 150, 11, 51, 126, 87, 167, 92, 187, 114,
       253, 109, 118, 96, 68, 72, 31, 205, 12, 221, 147, 221, 172, 24, 5,
       245, 63, 156, 235, 80, 252, 51, 189, 92, 87, 48, 250, 121, 158,
       245, 159, 254, 191, 187, 113, 254, 126, 82, 95, 221, 121, 63, 68,
       254, 223, 107, 230, 244, 39, 211, 247, 219, 122, 188, 238, 80, 20,
       243, 235, 207, 44, 85, 191, 91, 120, 233, 124, 248, 92, 56, 175,
       213, 52, 247, 111, 153, 172, 24, 5, 240, 29, 156, 73, 16, 242, 51,
       189, 88, 87, 32, 250, 69, 6, 193, 144, 217, 134, 7, 78, 134, 100,
       2, 20, 1, 207, 131, 5, 234, 69, 1, 100, 192, 39, 202, 99, 78, 200,
       40, 13, 18, 8, 33, 75, 87, 39, 85, 186, 16, 48, 37, 84, 96, 80,
       24, 142, 69, 24, 101, 199, 152, 44, 24, 0, 240, 28, 156, 73, 0,
       112, 35, 189, 72, 87, 32, 250, 69, 6, 225, 177, 216, 166, 35, 109,
       128, 102, 194, 20, 193, 197, 153, 6, 202, 85, 11, 102, 206, 33,
       206, 51, 76, 200, 12, 5, 82, 8, 49, 75, 115, 39, 85, 187, 16, 114,
       69, 86, 144, 116, 24, 14, 69, 12, 65, 195, 25, 44, 24, 4, 241, 29,
       140, 9, 16, 234, 35, 189, 72, 86, 32, 240, 210, 80, 16, 135, 223,
       130, 14, 8, 70, 35, 49, 26, 177, 2, 134, 80, 230, 215, 20, 100,
       200, 129, 131, 104, 78, 200, 168, 47, 146, 8, 49, 111, 209, 37,
       20, 187, 66, 112, 37, 214, 82, 74, 8, 11, 209, 28, 196, 13, 153,
       172, 16, 5, 112, 24, 156, 75, 16, 242, 49, 188, 88, 86, 34, 249,
       68, 34, 227, 144, 216, 134, 38, 71, 128, 32, 2, 20, 65, 197, 147,
       2, 202, 69, 3, 102, 203, 165, 206, 51, 78, 200, 156, 15, 146, 12,
       49, 74, 83, 39, 85, 187, 16, 48, 37, 86, 0, 80, 24, 142, 69, 12,
       65, 195, 25, 44, 24, 0, 113, 29, 132, 73, 16, 224, 35, 189, 72,
       86, 32, 250, 69, 43, 195, 241, 216, 162, 35, 204, 8, 171, 194, 54,
       194, 199, 139, 67, 226, 93, 57, 102, 207, 173, 206, 59, 78, 202,
       58, 47, 210, 12, 49, 79, 115, 39, 85, 187, 80, 126, 101, 86, 176,
       100, 24, 14, 77, 12, 73, 147, 153, 44, 24, 4, 241, 61, 141, 73,
       80, 248, 35, 189, 72, 86, 49, 242, 16, 1, 93, 22, 35, 131, 158,
       104, 226, 0, 5, 64, 188, 101, 32, 64, 230, 147, 0, 99, 192, 35,
       195, 230, 72, 210, 228, 12, 2, 8, 17, 104, 223, 36, 69, 190, 82,
       120, 233, 116, 112, 92, 56, 47, 213, 52, 245, 111, 153, 172, 24,
       5, 240, 29, 156, 73, 16, 242, 51, 189, 88, 87, 32, 250, 125, 49,
       125, 182, 127, 167, 255, 120, 246, 76, 215, 115, 253, 110, 176,
       84, 246, 215, 67, 103, 229, 47, 193, 119, 204, 250, 228, 207, 82,
       8, 245, 233, 215, 36, 85, 190, 83, 120, 233, 116, 120, 92, 56, 47,
       213, 21, 245, 111, 153, 172, 24, 5, 240, 29, 156, 73, 16, 242, 51,
       189, 88, 87, 32, 250, 127, 177, 253, 254, 127, 191, 127, 122, 246,
       254, 221, 243, 255, 126, 180, 94, 246, 215, 99, 103, 247, 47, 195,
       119, 205, 254, 247, 255, 82, 28, 245, 235, 215, 44, 85, 190, 82,
       120, 233, 116, 120, 92, 57, 47, 213, 21, 245, 111, 153, 172, 24,
       5, 240, 29, 156, 73, 16, 242, 51, 189, 88, 87, 32, 250, 126, 189,
       254, 254, 63, 191, 223, 59, 247, 252, 213, 243, 191, 122, 188, 95,
       246, 215, 99, 243, 245, 47, 211, 119, 221, 250, 227, 127, 82, 93,
       245, 235, 207, 44, 85, 190, 219, 120, 233, 117, 120, 92, 56, 175,
       213, 21, 247, 111, 153, 172, 24, 5, 240, 29, 156, 73, 16, 242, 51,
       189, 90, 87, 32, 250, 15, 185, 155, 126, 62, 179, 221, 90, 243,
       188, 141, 235, 242, 86, 164, 91, 239, 247, 35, 211, 197, 61, 67,
       215, 197, 222, 247, 239, 82, 77, 245, 99, 215, 44, 85, 190, 90,
       120, 233, 116, 112, 93, 56, 47, 213, 84, 181, 111, 153, 172, 24,
       5, 240, 29, 156, 65, 16, 242, 51, 189, 88, 87, 32, 250, 29, 159,
       222, 127, 63, 249, 252, 127, 59, 248, 223, 253, 190, 119, 173,
       123, 239, 223, 33, 107, 199, 109, 195, 115, 77, 223, 243, 127,
       126, 79, 183, 106, 215, 36, 85, 186, 83, 120, 249, 117, 112, 92,
       57, 47, 213, 21, 247, 111, 153, 172, 24, 5, 240, 29, 156, 73, 16,
       242, 51, 189, 88, 87, 32, 250, 254, 250, 255, 127, 255, 247, 255,
       253, 222, 191, 240, 251, 255, 202, 187, 223, 251, 215, 123, 123,
       253, 159, 239, 125, 175, 251, 255, 191, 223, 125, 247, 254, 127,
       173, 252, 255, 255, 253, 253, 119, 250, 78, 251, 62, 219, 253,
       155, 183, 255, 254, 30, 165, 226, 191, 157, 109, 208, 254, 255,
       223, 255, 95, 50, 183, 28, 161, 223, 254, 43, 209, 252, 110, 119,
       186, 213, 245, 253, 119, 165, 90, 255, 154, 97, 115, 197, 125,
       195, 251, 237, 223, 242, 255, 106, 205, 181, 238, 223, 36, 69,
       186, 83, 120, 249, 116, 112, 93, 121, 47, 245, 21, 247, 111, 153,
       174, 24, 5, 240, 29, 156, 73, 16, 242, 51, 189, 88, 87, 32, 250,
       57, 190, 253, 223, 62, 253, 251, 125, 255, 255, 214, 221, 253,
       125, 191, 204, 254, 255, 99, 107, 244, 119, 211, 255, 217, 122,
       244, 254, 124, 213, 247, 239, 223, 44, 87, 190, 223, 122, 233,
       124, 248, 93, 123, 47, 213, 53, 247, 111, 153, 172, 24, 13, 240,
       29, 156, 73, 16, 242, 51, 189, 90, 87, 40, 250, 61, 178, 245, 167,
       191, 253, 187, 124, 254, 253, 214, 117, 253, 127, 187, 85, 255,
       255, 195, 51, 245, 35, 203, 255, 205, 234, 244, 247, 126, 93, 241,
       239, 223, 40, 87, 180, 119, 120, 233, 116, 120, 92, 58, 47, 213,
       53, 247, 111, 185, 172, 24, 5, 240, 29, 156, 73, 22, 242, 55, 189,
       90, 87, 32, 250 ]
