%YAML:1.0
descriptors: !!opencv-matrix
   rows: 6
   cols: 64
   dt: u
   data: [ 39, 182, 125, 47, 189, 188, 191, 88, 250, 255, 130, 109, 236,
       127, 169, 21, 238, 239, 3, 242, 245, 39, 91, 127, 197, 250, 228,
       239, 94, 29, 225, 103, 223, 44, 87, 190, 91, 56, 233, 116, 120,
       92, 58, 175, 213, 113, 247, 111, 153, 172, 24, 5, 240, 29, 156,
       73, 16, 242, 51, 189, 90, 87, 32, 250, 63, 185, 255, 254, 63, 253,
       253, 126, 255, 252, 222, 253, 255, 126, 188, 254, 255, 254, 99,
       123, 245, 127, 195, 247, 253, 255, 246, 255, 127, 223, 247, 235,
       223, 44, 87, 190, 223, 120, 249, 125, 120, 93, 255, 47, 213, 53,
       247, 111, 185, 172, 153, 5, 240, 29, 156, 93, 48, 242, 115, 191,
       91, 223, 32, 250, 69, 6, 129, 16, 200, 130, 34, 68, 32, 38, 2, 4,
       192, 197, 137, 3, 130, 77, 9, 102, 202, 161, 74, 27, 78, 200, 140,
       6, 16, 4, 33, 79, 83, 7, 85, 59, 0, 160, 101, 6, 32, 112, 24, 134,
       69, 8, 65, 131, 25, 44, 24, 0, 81, 93, 140, 10, 16, 106, 35, 189,
       72, 86, 32, 248, 68, 2, 1, 144, 217, 130, 2, 73, 0, 34, 2, 20, 0,
       71, 129, 1, 66, 69, 1, 66, 202, 33, 136, 42, 78, 192, 10, 7, 146,
       8, 33, 78, 83, 167, 85, 187, 0, 240, 39, 22, 32, 96, 8, 10, 69,
       28, 65, 195, 16, 44, 16, 4, 33, 24, 132, 11, 16, 104, 35, 189, 72,
       70, 48, 240, 220, 233, 154, 127, 99, 75, 126, 238, 91, 185, 253,
       251, 178, 214, 166, 250, 239, 147, 57, 79, 15, 173, 231, 19, 207,
       223, 243, 111, 67, 143, 182, 106, 207, 39, 101, 251, 83, 125, 237,
       116, 112, 92, 177, 47, 255, 29, 183, 111, 157, 172, 26, 133, 240,
       29, 156, 65, 80, 250, 51, 189, 88, 87, 33, 250, 60, 188, 255, 252,
       62, 255, 245, 127, 253, 252, 222, 253, 127, 126, 253, 238, 251,
       252, 227, 251, 245, 127, 219, 255, 253, 127, 213, 247, 125, 223,
       255, 239, 207, 250, 247, 190, 255, 248, 249, 127, 120, 61, 247,
       39, 245, 53, 247, 107, 187, 254, 137, 79, 246, 29, 152, 85, 54,
       243, 247, 255, 251, 255, 237, 222 ]
