%YAML:1.0
descriptors: !!opencv-matrix
   rows: 11
   cols: 64
   dt: u
   data: [ 63, 187, 255, 247, 63, 245, 249, 126, 255, 255, 214, 245, 255,
       126, 185, 87, 251, 245, 99, 123, 245, 127, 211, 127, 205, 254,
       230, 191, 122, 223, 117, 239, 223, 44, 87, 190, 222, 120, 249,
       125, 120, 93, 123, 47, 213, 53, 245, 111, 153, 172, 24, 5, 242,
       29, 156, 73, 16, 242, 51, 189, 90, 87, 32, 250, 63, 189, 255, 254,
       63, 255, 253, 127, 247, 254, 221, 253, 255, 126, 189, 95, 255,
       247, 99, 243, 245, 63, 211, 119, 221, 255, 231, 255, 90, 95, 245,
       235, 215, 44, 87, 190, 223, 120, 249, 125, 120, 93, 59, 47, 213,
       53, 247, 111, 153, 172, 24, 5, 240, 29, 156, 73, 16, 242, 51, 189,
       90, 87, 32, 250, 124, 249, 255, 254, 55, 183, 255, 122, 247, 220,
       253, 249, 127, 250, 180, 94, 246, 215, 115, 119, 247, 63, 193,
       119, 237, 255, 231, 127, 83, 220, 244, 233, 223, 44, 85, 190, 210,
       120, 249, 125, 122, 95, 185, 47, 213, 53, 245, 111, 153, 172, 24,
       5, 240, 29, 156, 73, 16, 242, 51, 191, 120, 87, 34, 251, 68, 2,
       135, 32, 72, 242, 162, 87, 32, 186, 66, 4, 64, 53, 137, 3, 137,
       77, 129, 98, 192, 33, 78, 147, 77, 72, 12, 134, 64, 4, 33, 66, 85,
       0, 85, 168, 17, 186, 45, 32, 116, 52, 56, 38, 85, 132, 67, 107,
       24, 44, 56, 5, 241, 93, 156, 8, 16, 234, 3, 181, 72, 87, 32, 250,
       116, 57, 243, 151, 216, 134, 229, 235, 194, 68, 2, 55, 243, 198,
       147, 80, 234, 213, 33, 102, 79, 173, 194, 119, 14, 222, 182, 45,
       210, 8, 50, 41, 87, 39, 85, 187, 18, 124, 109, 84, 112, 64, 24,
       47, 205, 28, 245, 207, 153, 172, 24, 5, 240, 28, 156, 73, 16, 242,
       51, 189, 88, 87, 32, 250, 7, 96, 81, 118, 217, 160, 99, 72, 48,
       57, 0, 115, 160, 75, 132, 81, 98, 85, 133, 34, 207, 44, 136, 123,
       6, 138, 34, 7, 210, 41, 33, 79, 19, 167, 60, 187, 48, 248, 55,
       246, 195, 226, 10, 67, 72, 16, 201, 83, 9, 36, 88, 36, 108, 18,
       141, 41, 16, 186, 179, 143, 72, 70, 51, 189, 69, 2, 161, 144, 72,
       134, 39, 68, 0, 230, 3, 20, 209, 196, 147, 2, 202, 85, 1, 102,
       138, 33, 202, 3, 76, 200, 136, 15, 0, 12, 49, 75, 87, 39, 85, 187,
       0, 120, 101, 86, 48, 96, 24, 14, 69, 28, 193, 75, 25, 44, 24, 5,
       113, 28, 156, 73, 16, 98, 51, 189, 72, 86, 32, 250, 71, 34, 193,
       146, 217, 130, 3, 74, 162, 32, 0, 50, 131, 195, 128, 65, 98, 85,
       9, 102, 202, 173, 138, 107, 78, 194, 40, 15, 146, 8, 17, 79, 83,
       39, 20, 187, 66, 112, 103, 86, 0, 64, 8, 14, 65, 28, 193, 135, 25,
       44, 24, 4, 113, 24, 140, 75, 16, 112, 51, 157, 72, 86, 48, 248,
       199, 42, 195, 243, 217, 134, 203, 202, 172, 255, 2, 127, 131, 239,
       179, 77, 234, 213, 57, 102, 207, 175, 202, 123, 78, 218, 186, 39,
       146, 9, 51, 79, 87, 167, 93, 187, 114, 253, 127, 118, 96, 100, 72,
       126, 205, 12, 217, 179, 221, 172, 24, 53, 241, 127, 156, 235, 80,
       252, 51, 191, 92, 85, 49, 254, 222, 137, 154, 95, 99, 67, 94, 174,
       27, 163, 213, 250, 178, 198, 166, 90, 239, 147, 57, 215, 15, 175,
       231, 19, 79, 219, 242, 111, 67, 136, 182, 42, 223, 39, 69, 251,
       82, 124, 235, 116, 112, 92, 181, 111, 223, 28, 181, 111, 157, 172,
       24, 5, 240, 29, 156, 65, 80, 242, 51, 189, 88, 87, 160, 250, 61,
       254, 255, 255, 62, 253, 253, 121, 253, 255, 212, 253, 255, 127,
       252, 77, 251, 253, 227, 107, 245, 127, 219, 255, 253, 255, 183,
       183, 127, 223, 119, 239, 223, 108, 215, 190, 255, 248, 249, 125,
       124, 93, 251, 47, 245, 53, 247, 111, 187, 188, 153, 15, 240, 29,
       156, 93, 62, 242, 119, 191, 251, 223, 44, 254 ]
