%YAML:1.0
descriptors: !!opencv-matrix
   rows: 13
   cols: 64
   dt: u
   data: [ 62, 177, 237, 254, 63, 181, 253, 126, 245, 254, 221, 241, 255,
       127, 180, 94, 187, 220, 99, 243, 245, 127, 195, 255, 237, 255,
       230, 191, 122, 253, 117, 239, 223, 60, 87, 190, 223, 120, 249,
       125, 120, 93, 125, 47, 245, 53, 247, 111, 153, 174, 24, 7, 240,
       29, 156, 73, 24, 243, 51, 189, 120, 87, 32, 250, 63, 182, 253,
       174, 63, 189, 185, 121, 253, 253, 215, 249, 253, 59, 188, 85, 186,
       253, 227, 123, 245, 103, 211, 119, 93, 251, 229, 191, 126, 127,
       117, 239, 223, 60, 87, 190, 247, 120, 233, 125, 120, 92, 59, 175,
       245, 117, 247, 111, 185, 174, 24, 7, 240, 29, 156, 73, 16, 243,
       55, 189, 122, 87, 32, 250, 126, 49, 253, 222, 118, 143, 91, 127,
       214, 68, 213, 180, 255, 250, 182, 94, 242, 213, 114, 103, 215, 47,
       195, 119, 205, 234, 230, 29, 82, 156, 244, 41, 215, 36, 85, 190,
       82, 120, 203, 116, 112, 93, 185, 47, 213, 28, 245, 111, 153, 172,
       24, 5, 240, 29, 156, 73, 16, 242, 51, 189, 88, 87, 32, 251, 118,
       53, 241, 150, 82, 6, 95, 111, 198, 70, 17, 50, 245, 206, 146, 84,
       242, 213, 3, 102, 71, 175, 195, 103, 78, 202, 182, 13, 210, 8, 48,
       105, 215, 36, 84, 186, 82, 120, 193, 116, 112, 72, 24, 15, 213,
       28, 197, 79, 153, 172, 24, 5, 240, 28, 156, 73, 16, 242, 51, 189,
       88, 87, 32, 250, 77, 38, 229, 169, 88, 246, 163, 84, 40, 254, 66,
       21, 64, 61, 185, 199, 203, 125, 137, 96, 232, 97, 94, 57, 77, 200,
       136, 135, 88, 4, 49, 79, 245, 0, 85, 186, 80, 250, 37, 116, 244,
       84, 56, 38, 85, 128, 67, 99, 152, 44, 24, 5, 241, 29, 156, 72, 16,
       226, 35, 188, 72, 87, 32, 242, 245, 53, 243, 144, 216, 6, 193,
       235, 198, 68, 147, 54, 195, 203, 147, 84, 234, 213, 35, 102, 71,
       175, 194, 119, 78, 154, 182, 13, 210, 12, 50, 105, 215, 38, 85,
       186, 82, 120, 201, 116, 208, 92, 24, 14, 209, 20, 225, 79, 153,
       172, 24, 5, 240, 29, 156, 73, 16, 242, 51, 189, 88, 87, 32, 250,
       199, 33, 81, 246, 217, 160, 105, 74, 128, 33, 193, 51, 163, 203,
       128, 81, 98, 85, 5, 98, 207, 172, 136, 123, 14, 138, 162, 11, 210,
       9, 49, 111, 115, 167, 52, 186, 0, 240, 33, 214, 193, 98, 24, 74,
       200, 20, 201, 75, 9, 36, 80, 4, 96, 30, 141, 73, 16, 242, 51, 159,
       72, 6, 35, 185, 63, 183, 253, 246, 63, 189, 221, 122, 246, 254,
       215, 241, 237, 127, 185, 87, 246, 246, 99, 243, 245, 102, 209,
       119, 205, 190, 228, 219, 90, 28, 241, 235, 215, 44, 87, 190, 90,
       120, 233, 117, 120, 92, 58, 47, 212, 53, 245, 111, 153, 172, 24,
       5, 240, 29, 156, 73, 16, 242, 51, 189, 88, 87, 32, 250, 68, 3,
       129, 144, 72, 134, 34, 103, 0, 230, 3, 20, 64, 196, 145, 2, 194,
       77, 1, 102, 138, 161, 202, 27, 12, 200, 174, 12, 0, 12, 49, 75,
       83, 38, 85, 187, 0, 120, 101, 86, 48, 96, 24, 14, 69, 28, 193,
       111, 25, 172, 24, 5, 113, 29, 148, 73, 16, 226, 51, 189, 72, 86,
       32, 242, 71, 38, 193, 18, 217, 130, 6, 73, 130, 97, 0, 50, 128,
       195, 128, 64, 98, 69, 1, 102, 202, 45, 138, 107, 78, 210, 138, 15,
       146, 8, 1, 78, 83, 39, 84, 187, 64, 120, 39, 86, 0, 96, 8, 11, 65,
       28, 193, 131, 17, 36, 24, 4, 97, 24, 156, 11, 16, 114, 51, 157,
       72, 86, 32, 248, 223, 49, 207, 55, 126, 179, 222, 144, 114, 185,
       23, 247, 254, 118, 35, 83, 228, 215, 49, 247, 197, 37, 195, 114,
       205, 218, 240, 127, 90, 77, 183, 107, 215, 44, 85, 186, 90, 120,
       233, 116, 112, 93, 56, 47, 213, 20, 245, 111, 153, 172, 24, 5,
       240, 29, 156, 73, 16, 242, 51, 189, 88, 87, 32, 250, 70, 162, 221,
       54, 104, 146, 190, 69, 114, 186, 131, 231, 236, 119, 139, 19, 238,
       139, 35, 243, 197, 37, 67, 247, 197, 90, 244, 239, 66, 12, 163,
       98, 223, 44, 69, 190, 91, 56, 233, 116, 120, 92, 56, 47, 213, 117,
       247, 111, 153, 172, 24, 5, 240, 29, 156, 73, 16, 242, 51, 189, 88,
       87, 32, 250, 61, 190, 253, 253, 62, 253, 253, 120, 253, 253, 222,
       249, 253, 127, 253, 204, 251, 253, 227, 107, 245, 126, 219, 255,
       253, 127, 245, 183, 124, 223, 119, 239, 223, 232, 87, 190, 255,
       248, 249, 127, 125, 93, 251, 175, 245, 177, 247, 107, 185, 252,
       153, 15, 244, 29, 156, 93, 54, 242, 247, 191, 251, 223, 44, 254 ]
