%YAML:1.0
descriptors: !!opencv-matrix
   rows: 89
   cols: 64
   dt: u
   data: [ 47, 255, 253, 250, 55, 253, 253, 89, 255, 254, 141, 232, 253,
       63, 189, 95, 223, 255, 227, 251, 183, 119, 91, 255, 245, 247, 247,
       255, 127, 255, 245, 227, 223, 222, 231, 174, 251, 248, 251, 123,
       124, 125, 122, 237, 183, 245, 119, 111, 185, 234, 184, 79, 244,
       29, 252, 92, 63, 243, 247, 191, 251, 251, 237, 250, 47, 222, 124,
       235, 191, 253, 255, 89, 191, 255, 173, 234, 191, 127, 252, 125,
       223, 255, 239, 251, 245, 118, 91, 127, 117, 247, 247, 127, 126,
       127, 247, 243, 207, 220, 223, 174, 243, 249, 249, 123, 124, 93,
       122, 173, 245, 113, 247, 127, 184, 255, 152, 13, 246, 157, 222,
       93, 58, 247, 247, 191, 251, 219, 108, 250, 252, 249, 255, 255,
       118, 119, 253, 255, 223, 255, 253, 255, 127, 254, 255, 254, 255,
       223, 123, 111, 63, 159, 231, 183, 255, 255, 255, 255, 83, 255,
       246, 187, 215, 39, 117, 255, 215, 125, 255, 117, 122, 127, 189,
       127, 255, 61, 247, 238, 223, 172, 30, 215, 241, 127, 156, 207,
       209, 254, 113, 255, 125, 117, 147, 250, 223, 250, 207, 101, 254,
       251, 190, 208, 56, 185, 126, 219, 206, 119, 238, 249, 233, 221,
       61, 239, 205, 5, 174, 120, 111, 223, 57, 239, 223, 79, 51, 127,
       215, 229, 93, 251, 127, 121, 237, 246, 115, 92, 122, 63, 213, 30,
       254, 53, 157, 189, 28, 5, 241, 255, 156, 105, 80, 244, 51, 189,
       92, 95, 48, 254, 252, 249, 255, 255, 246, 127, 253, 255, 223, 253,
       253, 255, 255, 254, 255, 254, 251, 213, 127, 111, 63, 159, 231,
       191, 239, 255, 247, 191, 211, 223, 246, 191, 251, 39, 53, 255,
       214, 125, 255, 247, 122, 255, 253, 127, 255, 63, 253, 190, 223,
       172, 95, 245, 249, 191, 148, 79, 209, 254, 121, 255, 125, 117,
       147, 255, 223, 222, 222, 119, 255, 251, 255, 240, 56, 191, 126,
       223, 158, 255, 202, 248, 235, 221, 61, 103, 237, 141, 175, 120,
       111, 223, 187, 63, 223, 7, 115, 63, 247, 37, 93, 251, 83, 117,
       237, 246, 114, 92, 56, 63, 221, 30, 255, 181, 157, 173, 24, 133,
       241, 127, 156, 201, 80, 252, 49, 189, 92, 87, 48, 254, 254, 249,
       255, 223, 254, 111, 223, 254, 255, 253, 253, 255, 255, 238, 255,
       254, 251, 213, 127, 111, 15, 143, 239, 61, 111, 223, 191, 63, 215,
       207, 118, 191, 243, 103, 125, 219, 82, 117, 255, 247, 115, 124,
       233, 127, 223, 30, 253, 181, 205, 173, 86, 181, 217, 255, 148,
       239, 208, 252, 121, 63, 93, 93, 49, 190, 252, 249, 251, 223, 250,
       199, 255, 238, 223, 253, 253, 255, 247, 206, 246, 254, 251, 213,
       63, 111, 15, 143, 239, 63, 111, 223, 191, 47, 215, 143, 118, 63,
       243, 167, 125, 251, 82, 245, 255, 246, 115, 94, 224, 127, 223, 30,
       253, 183, 205, 173, 86, 181, 249, 255, 148, 235, 208, 252, 49, 63,
       92, 85, 51, 190, 255, 222, 254, 119, 255, 255, 255, 240, 57, 255,
       123, 223, 158, 255, 234, 252, 235, 221, 61, 111, 109, 141, 175,
       120, 111, 223, 187, 191, 223, 7, 119, 63, 243, 37, 93, 251, 83,
       119, 237, 246, 242, 92, 120, 63, 221, 31, 255, 181, 157, 173, 30,
       165, 249, 255, 157, 233, 208, 252, 49, 189, 92, 87, 48, 190, 254,
       249, 251, 247, 250, 199, 223, 206, 223, 237, 173, 251, 247, 206,
       246, 253, 235, 213, 63, 103, 207, 143, 239, 61, 111, 223, 191, 47,
       215, 11, 50, 63, 247, 167, 125, 219, 82, 245, 239, 246, 115, 92,
       232, 127, 223, 28, 253, 183, 205, 172, 94, 181, 249, 255, 148,
       235, 208, 252, 49, 191, 92, 85, 49, 186, 220, 216, 222, 55, 251,
       227, 254, 252, 56, 171, 253, 250, 190, 231, 163, 104, 235, 221,
       61, 103, 77, 135, 239, 248, 74, 95, 187, 174, 209, 7, 51, 62, 223,
       37, 85, 251, 83, 125, 237, 118, 120, 92, 56, 63, 221, 61, 255, 53,
       157, 172, 24, 5, 241, 63, 156, 73, 80, 252, 49, 189, 92, 87, 32,
       250, 216, 216, 223, 191, 255, 243, 250, 252, 124, 187, 253, 222,
       255, 228, 243, 248, 235, 221, 61, 103, 204, 133, 231, 120, 79,
       223, 187, 175, 211, 7, 51, 190, 247, 37, 85, 251, 83, 125, 237,
       118, 122, 92, 56, 62, 221, 29, 255, 53, 157, 172, 24, 5, 241, 63,
       156, 73, 80, 254, 49, 189, 92, 87, 48, 250, 255, 59, 247, 183,
       255, 183, 63, 254, 246, 125, 210, 51, 255, 250, 179, 87, 250, 247,
       123, 102, 233, 135, 195, 117, 206, 250, 252, 111, 210, 12, 242,
       171, 215, 37, 85, 191, 82, 120, 237, 124, 112, 92, 56, 47, 213,
       28, 245, 111, 157, 172, 24, 5, 240, 29, 156, 73, 16, 242, 51, 189,
       88, 87, 32, 250, 126, 58, 247, 183, 255, 183, 191, 255, 238, 255,
       211, 119, 255, 255, 179, 85, 250, 215, 123, 102, 237, 7, 195, 119,
       206, 218, 252, 111, 210, 28, 242, 235, 215, 37, 85, 191, 82, 120,
       237, 116, 112, 92, 56, 47, 213, 28, 245, 111, 153, 172, 24, 5,
       240, 29, 156, 73, 16, 246, 51, 189, 88, 87, 32, 250, 216, 14, 131,
       23, 201, 227, 174, 253, 72, 163, 209, 94, 242, 196, 3, 8, 239,
       221, 57, 70, 204, 133, 195, 208, 74, 95, 185, 174, 208, 6, 51, 42,
       207, 37, 85, 187, 83, 120, 237, 118, 112, 92, 48, 47, 213, 61,
       183, 61, 153, 172, 24, 5, 241, 29, 156, 65, 80, 242, 51, 189, 88,
       87, 32, 250, 127, 50, 255, 179, 255, 183, 7, 122, 246, 126, 214,
       51, 239, 219, 179, 87, 242, 215, 59, 118, 233, 135, 195, 119, 206,
       200, 252, 47, 82, 28, 242, 235, 215, 45, 85, 191, 82, 120, 229,
       116, 112, 92, 56, 47, 213, 28, 245, 111, 153, 172, 24, 5, 240, 29,
       156, 73, 16, 242, 51, 189, 88, 87, 32, 250, 254, 50, 231, 147,
       223, 151, 7, 223, 230, 103, 145, 62, 255, 255, 179, 93, 242, 213,
       59, 102, 203, 135, 203, 117, 78, 202, 184, 47, 210, 28, 51, 107,
       215, 37, 85, 187, 82, 120, 101, 86, 80, 88, 24, 14, 213, 28, 229,
       15, 157, 172, 24, 5, 240, 29, 156, 73, 16, 246, 51, 189, 88, 87,
       32, 248, 118, 50, 247, 147, 223, 135, 7, 79, 230, 101, 147, 54,
       255, 239, 179, 85, 226, 213, 43, 102, 201, 39, 195, 119, 78, 202,
       188, 47, 82, 12, 49, 107, 215, 37, 85, 187, 82, 120, 229, 84, 112,
       84, 24, 15, 213, 28, 229, 79, 153, 172, 24, 5, 240, 29, 156, 73,
       16, 242, 51, 189, 88, 87, 32, 250, 197, 14, 131, 113, 201, 194,
       226, 200, 40, 59, 130, 79, 130, 197, 203, 9, 232, 77, 61, 102,
       206, 173, 138, 121, 78, 222, 59, 39, 208, 11, 35, 94, 87, 167, 93,
       59, 80, 191, 239, 22, 97, 116, 8, 254, 205, 8, 253, 179, 153, 140,
       24, 49, 209, 255, 156, 107, 80, 252, 49, 189, 76, 87, 49, 250,
       253, 188, 255, 183, 126, 103, 253, 255, 244, 255, 220, 251, 255,
       238, 179, 93, 251, 221, 99, 99, 245, 135, 231, 255, 206, 255, 244,
       175, 219, 93, 115, 239, 215, 36, 85, 190, 83, 124, 233, 116, 120,
       92, 56, 47, 221, 53, 247, 111, 153, 172, 24, 5, 240, 29, 156, 73,
       16, 242, 51, 189, 88, 87, 32, 250, 197, 206, 211, 117, 217, 130,
       235, 200, 56, 187, 2, 95, 130, 197, 195, 9, 226, 213, 189, 103,
       206, 173, 138, 121, 110, 222, 59, 39, 214, 11, 51, 95, 87, 167,
       93, 123, 48, 253, 255, 54, 113, 108, 232, 126, 255, 28, 217, 179,
       205, 172, 24, 53, 213, 247, 156, 235, 80, 252, 49, 175, 92, 85,
       49, 190, 253, 190, 255, 182, 127, 63, 189, 255, 246, 252, 214,
       115, 255, 255, 178, 92, 251, 223, 99, 99, 245, 135, 195, 255, 223,
       251, 244, 255, 218, 29, 243, 239, 223, 44, 85, 190, 83, 120, 233,
       116, 120, 92, 56, 47, 213, 53, 247, 111, 153, 172, 24, 5, 240, 29,
       156, 73, 16, 242, 51, 189, 88, 87, 32, 250, 250, 25, 231, 151,
       222, 199, 71, 255, 238, 101, 213, 30, 255, 236, 179, 94, 235, 213,
       59, 102, 206, 143, 202, 125, 78, 218, 190, 47, 210, 9, 50, 47,
       215, 39, 85, 187, 82, 125, 237, 118, 112, 92, 56, 47, 221, 28,
       237, 183, 157, 172, 24, 5, 241, 63, 156, 75, 80, 254, 49, 189, 88,
       87, 48, 250, 225, 11, 247, 147, 201, 135, 7, 238, 238, 101, 130,
       10, 247, 233, 146, 14, 238, 213, 59, 102, 206, 143, 202, 119, 78,
       218, 188, 46, 210, 8, 50, 111, 215, 39, 85, 187, 82, 120, 229, 94,
       112, 84, 56, 47, 221, 28, 229, 167, 153, 172, 24, 5, 240, 29, 156,
