%YAML:1.0
descriptors: !!opencv-matrix
   rows: 17
   cols: 64
   dt: u
   data: [ 43, 150, 108, 38, 63, 191, 191, 88, 244, 254, 131, 230, 172,
       63, 169, 71, 234, 245, 3, 241, 229, 39, 211, 118, 69, 252, 180,
       47, 82, 30, 49, 99, 215, 44, 87, 186, 83, 120, 233, 116, 120, 92,
       56, 47, 213, 85, 247, 111, 153, 172, 24, 5, 240, 29, 156, 73, 16,
       242, 51, 189, 88, 87, 32, 250, 63, 254, 125, 255, 191, 253, 255,
       121, 255, 255, 252, 251, 255, 127, 252, 93, 255, 255, 231, 123,
       245, 126, 219, 127, 253, 255, 247, 255, 127, 251, 247, 255, 223,
       236, 223, 182, 255, 249, 249, 127, 125, 93, 251, 175, 245, 49,
       247, 111, 187, 255, 153, 15, 244, 157, 158, 93, 62, 246, 247, 191,
       251, 223, 44, 254, 70, 50, 65, 162, 221, 130, 7, 72, 198, 99, 131,
       114, 161, 74, 128, 81, 226, 213, 5, 68, 193, 1, 138, 120, 78, 216,
       168, 15, 146, 8, 33, 107, 85, 37, 84, 187, 66, 112, 37, 86, 64,
       64, 24, 11, 193, 12, 192, 77, 153, 44, 24, 4, 96, 28, 156, 73, 16,
       242, 51, 188, 88, 87, 32, 248, 246, 184, 251, 151, 222, 198, 155,
       205, 222, 231, 149, 126, 239, 202, 147, 93, 250, 213, 59, 102,
       205, 133, 207, 125, 206, 202, 188, 47, 210, 29, 115, 111, 215, 37,
       85, 255, 82, 125, 237, 118, 112, 92, 8, 14, 217, 28, 217, 53, 157,
       172, 24, 5, 240, 61, 156, 75, 80, 246, 49, 189, 92, 87, 48, 251,
       68, 35, 241, 240, 80, 226, 34, 126, 0, 234, 194, 21, 65, 69, 153,
       66, 202, 77, 129, 102, 198, 41, 204, 19, 76, 218, 162, 133, 80,
       12, 49, 75, 87, 6, 85, 186, 16, 120, 77, 84, 48, 96, 24, 14, 69,
       132, 97, 111, 25, 44, 24, 5, 240, 28, 156, 73, 0, 226, 35, 189,
       72, 71, 33, 242, 236, 33, 115, 179, 217, 166, 35, 201, 196, 111,
       194, 55, 243, 202, 177, 84, 226, 213, 7, 102, 201, 165, 131, 119,
       14, 202, 168, 15, 210, 8, 49, 123, 115, 37, 84, 187, 82, 112, 5,
       212, 80, 64, 24, 14, 193, 12, 193, 79, 153, 44, 24, 5, 240, 28,
       156, 73, 16, 242, 51, 189, 88, 22, 32, 248, 198, 186, 211, 247,
       253, 242, 202, 200, 126, 59, 2, 123, 163, 194, 162, 89, 235, 213,
       61, 103, 207, 141, 175, 121, 78, 223, 59, 47, 214, 11, 51, 127,
       87, 167, 92, 251, 114, 245, 237, 118, 97, 92, 104, 127, 217, 28,
       253, 177, 221, 172, 24, 37, 245, 183, 156, 235, 80, 252, 177, 189,
       92, 87, 48, 254, 253, 191, 247, 245, 125, 111, 249, 255, 252, 253,
       214, 255, 111, 255, 146, 239, 235, 221, 255, 111, 117, 143, 230,
       55, 79, 255, 182, 175, 219, 79, 50, 239, 215, 39, 117, 251, 87,
       126, 253, 116, 89, 92, 186, 62, 205, 21, 255, 239, 153, 172, 88,
       149, 240, 63, 156, 73, 80, 254, 51, 191, 88, 87, 33, 250, 62, 153,
       254, 255, 63, 253, 252, 127, 63, 249, 222, 253, 191, 126, 190,
       255, 255, 215, 97, 107, 213, 63, 195, 115, 109, 223, 243, 127,
       127, 95, 183, 239, 215, 38, 85, 186, 87, 120, 249, 117, 112, 93,
       251, 47, 213, 21, 247, 111, 153, 172, 24, 5, 240, 29, 156, 73, 16,
       242, 51, 191, 91, 95, 32, 250, 191, 250, 255, 103, 255, 240, 251,
       152, 254, 185, 244, 255, 239, 91, 195, 253, 254, 247, 191, 219,
       237, 111, 175, 124, 167, 255, 251, 255, 255, 127, 231, 255, 191,
       237, 253, 119, 255, 189, 249, 247, 237, 92, 235, 124, 251, 193,
       219, 51, 238, 255, 29, 227, 252, 167, 252, 237, 110, 191, 247,
       207, 190, 255, 180, 31, 108, 35, 69, 178, 221, 34, 35, 126, 228,
       90, 194, 53, 33, 79, 147, 69, 226, 213, 9, 102, 65, 163, 141, 54,
       78, 200, 40, 13, 210, 8, 49, 73, 118, 39, 85, 187, 82, 112, 5,
       116, 80, 68, 24, 14, 65, 4, 193, 198, 153, 44, 24, 4, 240, 29,
       140, 73, 16, 240, 35, 188, 88, 86, 32, 240, 125, 191, 255, 242,
       126, 127, 163, 127, 252, 124, 214, 119, 255, 251, 186, 76, 251,
       253, 107, 102, 245, 103, 211, 247, 223, 251, 188, 175, 250, 220,
       114, 235, 223, 44, 85, 190, 95, 120, 237, 124, 120, 92, 58, 175,
       213, 53, 247, 111, 153, 172, 24, 5, 240, 29, 156, 73, 16, 242, 51,
       189, 90, 87, 32, 250, 60, 184, 255, 223, 63, 245, 249, 124, 127,
       255, 213, 253, 253, 126, 191, 126, 255, 215, 97, 123, 245, 61,
       195, 251, 249, 235, 242, 255, 95, 217, 247, 239, 223, 36, 87, 186,
       223, 120, 249, 125, 112, 93, 127, 47, 245, 21, 245, 111, 153, 174,
       24, 7, 240, 29, 156, 73, 16, 242, 51, 189, 91, 95, 32, 254, 61,
       178, 253, 172, 62, 189, 189, 112, 245, 254, 214, 241, 237, 63,
       189, 87, 250, 252, 227, 235, 245, 102, 211, 247, 205, 58, 228,
       251, 126, 85, 245, 235, 223, 44, 87, 190, 223, 120, 233, 117, 120,
       92, 59, 47, 212, 53, 247, 111, 185, 172, 24, 7, 240, 29, 156, 73,
       22, 242, 51, 189, 122, 87, 32, 250, 47, 182, 109, 170, 63, 63,
       167, 127, 244, 222, 214, 176, 125, 59, 189, 69, 250, 253, 67, 240,
       241, 83, 209, 247, 77, 184, 172, 141, 122, 84, 113, 235, 221, 44,
       215, 186, 91, 120, 169, 116, 120, 92, 58, 47, 213, 53, 246, 111,
       153, 172, 24, 5, 240, 29, 156, 73, 16, 242, 51, 188, 88, 87, 32,
       250, 222, 251, 223, 251, 255, 251, 247, 254, 255, 191, 254, 255,
       255, 254, 254, 249, 255, 255, 255, 255, 239, 255, 239, 255, 239,
       255, 127, 255, 255, 207, 255, 255, 223, 239, 223, 255, 127, 255,
       255, 126, 123, 253, 246, 127, 221, 255, 255, 247, 255, 253, 159,
       245, 255, 255, 223, 255, 119, 252, 191, 191, 221, 255, 247, 254,
       254, 253, 255, 255, 55, 255, 253, 255, 255, 253, 255, 255, 255,
       254, 254, 254, 255, 223, 254, 255, 191, 253, 247, 255, 255, 255,
       243, 255, 127, 255, 254, 255, 255, 255, 191, 255, 255, 255, 250,
       255, 255, 255, 255, 127, 191, 191, 255, 255, 239, 251, 239, 255,
       254, 255, 255, 255, 255, 255, 255, 255, 255, 189, 223, 223 ]
