%YAML:1.0
descriptors: !!opencv-matrix
   rows: 11
   cols: 64
   dt: u
   data: [ 62, 185, 255, 254, 55, 183, 125, 123, 215, 254, 213, 241, 127,
       250, 180, 94, 186, 215, 98, 243, 247, 63, 193, 247, 205, 254, 231,
       159, 82, 252, 244, 235, 223, 60, 85, 190, 219, 120, 249, 117, 120,
       93, 185, 47, 245, 53, 247, 111, 153, 174, 24, 7, 240, 29, 156, 73,
       16, 243, 51, 189, 120, 87, 32, 250, 7, 190, 221, 117, 60, 184,
       189, 88, 121, 191, 142, 225, 236, 127, 201, 19, 235, 237, 163,
       251, 229, 100, 67, 251, 197, 254, 225, 255, 126, 15, 225, 103,
       223, 36, 85, 186, 123, 56, 249, 117, 124, 92, 58, 175, 213, 81,
       247, 111, 153, 172, 24, 1, 240, 29, 156, 73, 22, 242, 55, 189, 88,
       87, 32, 250, 191, 254, 127, 253, 255, 189, 255, 120, 255, 255,
       254, 251, 255, 125, 252, 93, 243, 245, 127, 123, 253, 127, 219,
       127, 189, 255, 247, 255, 126, 127, 247, 255, 223, 236, 223, 190,
       254, 249, 249, 127, 125, 221, 251, 191, 213, 49, 253, 127, 191,
       191, 152, 13, 248, 189, 159, 85, 60, 246, 247, 191, 251, 223, 44,
       254, 22, 162, 221, 119, 41, 152, 190, 40, 250, 187, 219, 253, 188,
       119, 137, 16, 239, 139, 1, 243, 197, 103, 195, 255, 193, 222, 224,
       255, 78, 137, 161, 110, 223, 44, 69, 190, 91, 56, 233, 126, 120,
       92, 56, 47, 213, 117, 247, 111, 153, 172, 24, 1, 240, 29, 156, 73,
       16, 242, 51, 189, 88, 87, 32, 250, 211, 16, 211, 130, 221, 2, 7,
       10, 6, 107, 0, 51, 167, 203, 130, 89, 98, 215, 37, 64, 200, 133,
       136, 41, 14, 136, 120, 15, 146, 9, 33, 111, 81, 167, 20, 187, 66,
       244, 37, 214, 64, 66, 8, 11, 73, 28, 200, 213, 193, 36, 16, 4,
       100, 26, 140, 75, 16, 112, 33, 28, 92, 84, 48, 185, 28, 179, 221,
       214, 63, 187, 190, 120, 126, 154, 215, 243, 253, 119, 185, 80,
       246, 215, 65, 99, 197, 101, 195, 243, 201, 122, 224, 126, 120,
       140, 241, 235, 223, 36, 85, 186, 82, 122, 233, 116, 112, 92, 56,
       47, 213, 20, 245, 111, 153, 172, 24, 5, 240, 29, 157, 73, 16, 242,
       51, 189, 88, 87, 32, 250, 79, 19, 196, 22, 47, 147, 158, 0, 50,
       184, 3, 71, 156, 118, 35, 83, 228, 243, 1, 243, 197, 37, 67, 115,
       196, 218, 240, 127, 82, 12, 181, 98, 215, 44, 85, 186, 90, 120,
       233, 116, 112, 92, 56, 47, 213, 84, 245, 111, 153, 172, 24, 5,
       240, 29, 156, 73, 16, 242, 51, 189, 88, 87, 32, 250, 95, 150, 220,
       95, 63, 179, 158, 49, 58, 186, 87, 219, 156, 119, 43, 83, 228,
       215, 33, 243, 197, 37, 195, 115, 201, 218, 240, 127, 90, 8, 179,
       106, 215, 36, 85, 186, 91, 120, 233, 116, 112, 92, 56, 47, 213,
       20, 245, 111, 153, 172, 24, 5, 240, 29, 156, 73, 16, 242, 51, 189,
       88, 87, 32, 250, 84, 43, 147, 245, 248, 130, 234, 198, 10, 239,
       67, 31, 211, 194, 147, 90, 234, 221, 185, 102, 206, 173, 206, 91,
       14, 202, 186, 111, 66, 41, 51, 111, 87, 167, 93, 187, 16, 253,
       239, 86, 96, 100, 200, 74, 239, 12, 201, 179, 221, 172, 24, 245,
       241, 124, 156, 235, 80, 122, 51, 191, 92, 5, 49, 246, 60, 188,
       255, 255, 62, 253, 253, 123, 253, 255, 222, 253, 255, 126, 253,
       94, 251, 255, 227, 123, 245, 127, 219, 255, 253, 255, 247, 247,
       126, 223, 247, 239, 207, 234, 215, 182, 255, 248, 249, 125, 120,
       93, 243, 175, 245, 53, 247, 111, 187, 254, 153, 79, 244, 29, 156,
       85, 54, 242, 247, 255, 251, 223, 237, 254, 126, 55, 247, 178, 95,
       167, 47, 127, 230, 254, 210, 55, 255, 239, 179, 87, 242, 215, 35,
       102, 237, 39, 195, 119, 206, 202, 252, 143, 82, 28, 241, 235, 215,
       36, 85, 190, 83, 120, 225, 116, 120, 92, 56, 47, 213, 21, 231,
       111, 153, 172, 24, 5, 240, 29, 156, 73, 16, 242, 51, 189, 88, 87,
       32, 250 ]
