%YAML:1.0
descriptors: !!opencv-matrix
   rows: 16
   cols: 64
   dt: u
   data: [ 45, 166, 100, 169, 153, 253, 161, 125, 189, 124, 206, 117,
       253, 63, 249, 229, 235, 252, 195, 96, 241, 2, 155, 116, 84, 188,
       12, 131, 126, 223, 59, 207, 221, 100, 71, 186, 117, 242, 169, 60,
       125, 85, 90, 166, 68, 225, 246, 97, 185, 44, 152, 8, 240, 29, 156,
       73, 50, 226, 39, 188, 218, 71, 36, 248, 173, 182, 101, 33, 157,
       180, 161, 124, 244, 125, 198, 115, 237, 59, 130, 69, 226, 252,
       131, 104, 241, 66, 250, 124, 76, 168, 40, 131, 254, 13, 97, 239,
       253, 100, 212, 186, 119, 176, 41, 244, 221, 84, 26, 158, 64, 161,
       82, 65, 184, 61, 28, 0, 240, 28, 143, 73, 48, 240, 39, 156, 218,
       87, 36, 249, 63, 179, 125, 174, 55, 61, 189, 248, 254, 222, 222,
       119, 237, 127, 251, 85, 255, 254, 99, 242, 117, 102, 193, 246,
       205, 190, 245, 249, 94, 94, 243, 251, 222, 44, 87, 190, 91, 120,
       233, 116, 120, 92, 58, 47, 212, 49, 247, 111, 153, 172, 24, 5,
       240, 29, 156, 73, 16, 242, 51, 189, 88, 87, 32, 250, 185, 182,
       117, 34, 157, 49, 165, 124, 244, 61, 244, 113, 109, 27, 134, 69,
       235, 252, 135, 113, 241, 66, 255, 124, 68, 185, 125, 163, 255, 85,
       97, 239, 221, 108, 148, 190, 119, 48, 41, 245, 93, 94, 58, 143,
       208, 113, 214, 77, 184, 188, 92, 4, 240, 156, 156, 73, 60, 176,
       167, 156, 218, 87, 36, 251, 189, 182, 117, 41, 63, 117, 165, 252,
       244, 188, 220, 241, 109, 63, 147, 197, 251, 252, 195, 112, 241,
       66, 255, 252, 204, 41, 252, 179, 255, 85, 115, 255, 253, 108, 196,
       190, 87, 48, 169, 125, 124, 94, 58, 190, 212, 241, 210, 77, 184,
       188, 28, 9, 240, 29, 156, 77, 62, 242, 55, 156, 250, 215, 36, 254,
       182, 117, 89, 214, 54, 12, 93, 11, 231, 70, 61, 178, 191, 234,
       180, 94, 246, 214, 36, 119, 7, 254, 193, 103, 220, 150, 231, 89,
       18, 184, 212, 41, 146, 44, 20, 158, 202, 120, 211, 221, 18, 202,
       189, 105, 146, 28, 229, 46, 145, 164, 16, 5, 104, 25, 180, 73, 24,
       242, 113, 57, 121, 84, 34, 251, 15, 177, 155, 124, 62, 177, 252,
       86, 209, 186, 133, 225, 208, 86, 165, 91, 234, 252, 35, 195, 197,
       47, 67, 215, 197, 138, 166, 239, 82, 77, 181, 98, 199, 44, 85,
       190, 91, 120, 233, 116, 120, 92, 48, 47, 212, 117, 183, 111, 153,
       172, 24, 5, 240, 29, 156, 65, 16, 242, 51, 189, 88, 87, 32, 250,
       28, 159, 222, 124, 63, 249, 248, 119, 49, 186, 215, 213, 220, 117,
       173, 90, 239, 220, 33, 107, 197, 36, 194, 115, 77, 138, 160, 255,
       88, 69, 181, 106, 215, 36, 85, 186, 83, 120, 233, 116, 112, 92,
       57, 47, 212, 21, 247, 111, 153, 172, 24, 5, 240, 29, 156, 73, 16,
       242, 51, 189, 88, 87, 32, 250, 28, 160, 220, 188, 43, 145, 252,
       100, 53, 184, 213, 245, 221, 119, 181, 64, 251, 152, 65, 99, 197,
       116, 195, 243, 73, 10, 160, 254, 104, 197, 181, 234, 223, 36, 69,
       186, 83, 120, 233, 116, 120, 93, 57, 47, 212, 53, 247, 111, 153,
       172, 24, 5, 240, 29, 156, 73, 24, 242, 51, 189, 88, 87, 32, 250,
       55, 245, 125, 223, 55, 157, 221, 57, 255, 197, 21, 248, 189, 123,
       180, 84, 242, 214, 68, 51, 215, 42, 195, 103, 237, 182, 229, 59,
       54, 26, 213, 41, 215, 44, 85, 158, 90, 120, 235, 116, 112, 95, 56,
       47, 212, 20, 245, 111, 153, 172, 24, 5, 240, 29, 156, 73, 16, 242,
       50, 189, 88, 87, 32, 251, 211, 48, 81, 134, 221, 2, 31, 72, 198,
       32, 1, 50, 165, 74, 132, 81, 98, 215, 4, 64, 202, 128, 137, 44,
       14, 128, 232, 11, 146, 41, 81, 111, 81, 165, 20, 154, 66, 112, 33,
       214, 0, 202, 8, 11, 192, 28, 200, 13, 129, 164, 16, 4, 32, 26,
       148, 75, 16, 114, 48, 28, 88, 6, 34, 185, 62, 178, 253, 255, 191,
       245, 255, 121, 255, 255, 221, 249, 253, 127, 189, 93, 255, 247,
       99, 251, 245, 119, 211, 127, 253, 255, 247, 255, 126, 255, 245,
       239, 223, 108, 215, 190, 223, 120, 249, 127, 124, 93, 123, 47,
       213, 53, 247, 111, 153, 174, 24, 7, 242, 29, 156, 93, 16, 242, 51,
       189, 250, 223, 40, 254, 63, 252, 255, 127, 63, 189, 249, 56, 255,
       191, 212, 251, 255, 123, 244, 93, 246, 255, 255, 251, 245, 127,
       219, 255, 189, 126, 247, 255, 126, 247, 245, 255, 207, 248, 174,
       52, 255, 191, 248, 125, 223, 223, 247, 239, 243, 113, 155, 127,
       191, 255, 137, 203, 254, 189, 219, 85, 126, 183, 255, 255, 251,
       251, 239, 223, 30, 177, 221, 222, 55, 217, 217, 124, 87, 148, 149,
       244, 189, 126, 188, 82, 254, 214, 64, 115, 197, 48, 195, 115, 205,
       138, 224, 77, 82, 8, 213, 105, 215, 36, 85, 186, 82, 120, 233,
       116, 112, 93, 57, 47, 212, 20, 245, 111, 153, 172, 24, 5, 240, 29,
       156, 73, 16, 242, 51, 189, 88, 87, 32, 250, 60, 191, 255, 252, 54,
       191, 253, 123, 247, 252, 213, 243, 223, 254, 188, 94, 254, 255,
       99, 99, 245, 127, 210, 247, 221, 250, 246, 255, 120, 220, 245,
       235, 207, 44, 87, 190, 223, 120, 249, 125, 120, 93, 187, 175, 245,
       53, 247, 111, 185, 172, 24, 15, 240, 29, 156, 73, 16, 242, 115,
       191, 122, 87, 40, 250, 255, 255, 255, 255, 254, 255, 255, 255,
       255, 255, 255, 251, 255, 255, 255, 255, 255, 255, 255, 255, 255,
       255, 255, 255, 255, 255, 255, 255, 255, 255, 255, 255, 255, 255,
       255, 255, 255, 253, 255, 255, 127, 253, 255, 255, 255, 255, 255,
       255, 255, 255, 239, 255, 255, 255, 254, 255, 255, 255, 255, 255,
       255, 255, 253, 254 ]
