%YAML:1.0
descriptors: !!opencv-matrix
   rows: 15
   cols: 64
   dt: u
   data: [ 31, 187, 207, 246, 63, 249, 221, 26, 127, 253, 158, 249, 255,
       126, 124, 91, 253, 247, 33, 251, 229, 125, 195, 115, 205, 255,
       243, 127, 126, 95, 245, 111, 215, 36, 87, 186, 122, 120, 249, 125,
       116, 93, 122, 47, 213, 20, 245, 111, 153, 172, 24, 5, 242, 29,
       156, 77, 16, 242, 51, 189, 89, 95, 32, 250, 61, 191, 255, 117, 62,
       245, 249, 127, 221, 189, 212, 253, 239, 123, 147, 94, 255, 239,
       251, 251, 247, 127, 247, 255, 189, 123, 246, 255, 126, 247, 247,
       238, 207, 250, 175, 182, 255, 189, 249, 125, 125, 93, 243, 239,
       255, 97, 183, 111, 191, 254, 143, 203, 240, 189, 220, 85, 110,
       247, 247, 219, 251, 191, 237, 222, 126, 48, 113, 148, 122, 135,
       27, 109, 198, 100, 213, 52, 117, 10, 177, 86, 242, 213, 3, 100,
       193, 33, 194, 55, 76, 200, 172, 13, 82, 8, 113, 105, 215, 36, 85,
       186, 82, 120, 161, 84, 112, 88, 24, 15, 213, 28, 229, 111, 153,
       172, 24, 5, 240, 29, 156, 73, 16, 242, 51, 189, 88, 86, 32, 250,
       61, 162, 237, 207, 170, 221, 187, 100, 253, 255, 86, 221, 221,
       127, 187, 68, 251, 185, 67, 227, 245, 119, 195, 255, 217, 122,
       180, 190, 76, 223, 119, 239, 223, 44, 71, 190, 95, 122, 233, 124,
       120, 92, 120, 47, 213, 52, 247, 111, 153, 172, 24, 5, 240, 29,
       156, 73, 16, 242, 51, 189, 88, 87, 32, 250, 247, 244, 121, 39,
       255, 148, 159, 8, 254, 111, 181, 122, 173, 75, 164, 85, 242, 247,
       28, 112, 201, 39, 155, 124, 236, 218, 233, 63, 210, 57, 241, 111,
       215, 173, 28, 191, 82, 121, 165, 247, 82, 202, 72, 143, 209, 24,
       220, 21, 153, 172, 24, 5, 232, 189, 156, 107, 16, 246, 179, 188,
       216, 87, 48, 253, 123, 212, 120, 175, 255, 157, 223, 9, 254, 127,
       189, 251, 189, 78, 164, 85, 246, 247, 20, 179, 205, 119, 155, 108,
       228, 214, 251, 127, 90, 123, 245, 111, 215, 172, 156, 191, 242,
       121, 233, 119, 112, 223, 111, 41, 213, 20, 253, 95, 157, 174, 24,
       5, 252, 149, 156, 105, 16, 242, 179, 189, 218, 95, 48, 254, 119,
       52, 80, 134, 255, 130, 31, 8, 166, 99, 17, 50, 173, 11, 132, 85,
       246, 215, 0, 112, 201, 35, 195, 108, 204, 212, 233, 111, 18, 40,
       225, 107, 215, 36, 84, 190, 66, 120, 161, 86, 32, 72, 56, 41, 213,
       28, 245, 15, 153, 172, 24, 5, 96, 25, 156, 73, 16, 242, 51, 189,
       88, 87, 32, 250, 51, 183, 125, 207, 55, 157, 223, 57, 254, 223,
       191, 250, 253, 127, 252, 84, 247, 215, 66, 179, 213, 98, 211, 246,
       253, 247, 245, 127, 126, 158, 213, 41, 223, 44, 85, 190, 218, 120,
       233, 124, 112, 92, 57, 47, 213, 52, 245, 111, 153, 172, 24, 5,
       240, 29, 156, 73, 16, 242, 51, 189, 88, 87, 32, 250, 85, 56, 211,
       178, 88, 2, 33, 78, 194, 42, 0, 48, 39, 194, 128, 91, 98, 215,
       129, 98, 139, 141, 200, 11, 142, 138, 226, 15, 82, 9, 49, 111, 51,
       135, 52, 187, 32, 246, 37, 214, 128, 66, 72, 64, 106, 28, 65, 199,
       217, 36, 112, 180, 100, 24, 165, 105, 144, 56, 161, 153, 92, 4,
       51, 181, 50, 245, 125, 222, 54, 157, 221, 121, 255, 197, 181, 250,
       253, 122, 188, 85, 246, 215, 98, 51, 215, 118, 195, 231, 237, 182,
       229, 127, 118, 26, 213, 41, 215, 44, 85, 158, 218, 120, 251, 117,
       112, 95, 57, 47, 212, 52, 245, 111, 153, 172, 24, 5, 240, 29, 156,
       73, 16, 242, 50, 189, 120, 87, 32, 250, 51, 151, 89, 214, 38, 157,
       221, 8, 231, 196, 53, 192, 189, 122, 52, 87, 246, 246, 32, 99,
       134, 126, 193, 103, 201, 150, 229, 121, 50, 56, 213, 41, 150, 44,
       85, 158, 202, 88, 250, 93, 112, 89, 57, 109, 148, 20, 245, 111,
       145, 172, 24, 5, 240, 29, 156, 73, 16, 242, 50, 189, 88, 87, 32,
       250, 50, 217, 220, 222, 55, 157, 221, 35, 31, 197, 21, 216, 191,
       126, 52, 94, 255, 215, 96, 179, 135, 60, 195, 99, 253, 215, 243,
       127, 82, 186, 212, 41, 215, 36, 85, 154, 210, 120, 251, 117, 112,
       221, 189, 47, 149, 20, 245, 111, 147, 172, 25, 5, 240, 29, 156,
       73, 16, 242, 50, 189, 89, 95, 32, 250, 59, 254, 125, 255, 191,
       253, 255, 120, 255, 255, 223, 251, 253, 127, 252, 221, 255, 255,
       235, 251, 245, 127, 219, 255, 253, 127, 247, 255, 126, 247, 247,
       239, 223, 236, 207, 62, 255, 249, 249, 127, 125, 221, 251, 175,
       245, 241, 247, 111, 187, 255, 152, 79, 244, 157, 222, 93, 62, 247,
       247, 191, 251, 223, 172, 254, 76, 42, 227, 225, 248, 244, 170,
       229, 8, 191, 66, 95, 192, 69, 155, 224, 136, 205, 155, 106, 205,
       45, 78, 216, 13, 200, 62, 167, 68, 13, 51, 222, 119, 147, 93, 43,
       116, 255, 237, 22, 225, 100, 72, 14, 103, 140, 219, 51, 157, 204,
       24, 37, 245, 253, 156, 106, 196, 206, 147, 173, 204, 7, 49, 246,
       68, 34, 195, 161, 216, 244, 170, 229, 8, 187, 66, 29, 192, 68,
       155, 64, 138, 77, 155, 98, 205, 33, 206, 216, 13, 200, 62, 167,
       68, 13, 49, 94, 119, 147, 93, 43, 52, 255, 237, 22, 161, 100, 72,
       14, 103, 140, 217, 51, 29, 108, 56, 37, 245, 253, 156, 106, 196,
       74, 19, 173, 76, 7, 49, 246 ]
