%YAML:1.0
descriptors: !!opencv-matrix
   rows: 11
   cols: 64
   dt: u
   data: [ 63, 190, 237, 255, 63, 253, 253, 121, 125, 252, 222, 249, 253,
       127, 253, 204, 251, 253, 225, 251, 245, 125, 219, 251, 125, 255,
       243, 183, 126, 223, 117, 239, 223, 228, 87, 186, 255, 248, 249,
       127, 117, 93, 251, 175, 213, 21, 247, 107, 155, 238, 153, 13, 246,
       29, 156, 93, 62, 242, 247, 191, 219, 223, 44, 254, 253, 190, 255,
       247, 127, 63, 255, 251, 255, 253, 215, 251, 255, 123, 190, 92,
       246, 223, 123, 115, 245, 103, 195, 246, 205, 254, 245, 255, 122,
       93, 247, 235, 223, 44, 85, 190, 87, 120, 249, 117, 120, 92, 59,
       47, 213, 53, 247, 111, 153, 172, 24, 5, 240, 29, 156, 73, 16, 242,
       51, 189, 88, 87, 32, 250, 198, 42, 211, 245, 248, 226, 235, 204,
       24, 187, 2, 127, 131, 199, 131, 91, 106, 221, 185, 103, 206, 173,
       206, 123, 79, 218, 186, 39, 210, 41, 51, 111, 87, 167, 125, 187,
       48, 253, 255, 118, 97, 108, 232, 122, 239, 28, 249, 179, 221, 172,
       56, 245, 229, 246, 188, 235, 208, 254, 179, 191, 92, 85, 177, 246,
       71, 32, 65, 2, 217, 130, 7, 72, 130, 34, 0, 48, 128, 3, 128, 64,
       98, 85, 1, 96, 192, 1, 136, 96, 78, 128, 40, 15, 146, 8, 1, 73,
       81, 36, 84, 154, 0, 112, 5, 86, 0, 64, 8, 11, 65, 28, 192, 5, 17,
       44, 16, 4, 32, 24, 140, 75, 16, 112, 35, 188, 72, 86, 32, 248, 68,
       33, 1, 144, 80, 2, 7, 79, 128, 98, 1, 20, 65, 198, 145, 66, 2, 85,
       1, 100, 130, 161, 192, 3, 12, 128, 136, 13, 18, 8, 17, 73, 83, 38,
       85, 186, 0, 120, 7, 86, 0, 96, 24, 10, 5, 28, 65, 78, 17, 44, 16,
       4, 33, 24, 148, 10, 16, 98, 33, 184, 72, 70, 32, 240, 12, 32, 93,
       22, 43, 147, 190, 104, 114, 186, 131, 115, 252, 103, 161, 64, 226,
       155, 1, 243, 193, 37, 67, 243, 192, 90, 224, 238, 64, 12, 177, 98,
       223, 36, 69, 186, 91, 120, 233, 116, 112, 92, 56, 47, 213, 117,
       247, 111, 153, 172, 24, 5, 240, 29, 156, 73, 16, 242, 51, 189, 88,
       87, 32, 250, 103, 54, 241, 147, 217, 134, 7, 76, 230, 102, 129,
       54, 237, 239, 179, 87, 226, 213, 3, 100, 201, 135, 195, 53, 78,
       200, 172, 15, 210, 12, 49, 107, 87, 37, 85, 187, 82, 120, 37, 86,
       112, 64, 24, 14, 197, 28, 229, 79, 153, 172, 24, 5, 240, 28, 156,
       73, 16, 242, 51, 189, 88, 86, 32, 248, 63, 190, 253, 255, 63, 253,
       251, 124, 254, 252, 222, 253, 253, 127, 187, 245, 251, 245, 99,
       115, 245, 103, 219, 255, 205, 235, 244, 191, 122, 95, 119, 239,
       223, 44, 87, 190, 90, 120, 233, 117, 120, 92, 122, 47, 213, 53,
       245, 111, 153, 172, 24, 5, 240, 29, 156, 73, 16, 242, 51, 189, 90,
       87, 32, 250, 59, 186, 255, 255, 62, 253, 249, 126, 255, 255, 254,
       253, 255, 127, 251, 255, 255, 246, 99, 251, 245, 127, 199, 255,
       237, 255, 247, 255, 127, 95, 247, 239, 215, 108, 87, 190, 255,
       122, 249, 125, 248, 92, 123, 47, 213, 55, 247, 111, 185, 172, 24,
       5, 240, 29, 157, 77, 20, 242, 55, 191, 218, 87, 32, 250, 60, 191,
       255, 254, 62, 191, 253, 123, 247, 252, 212, 251, 255, 122, 190,
       94, 254, 223, 99, 107, 245, 47, 211, 247, 221, 255, 247, 255, 94,
       221, 245, 235, 223, 44, 87, 190, 223, 120, 249, 125, 120, 93, 59,
       47, 213, 53, 247, 111, 153, 172, 24, 5, 240, 29, 156, 73, 16, 242,
       115, 189, 90, 87, 32, 250, 60, 185, 255, 254, 54, 63, 253, 122,
       247, 252, 245, 243, 255, 250, 182, 94, 255, 223, 99, 107, 247, 63,
       195, 247, 205, 255, 247, 255, 122, 221, 247, 235, 223, 44, 85,
       190, 223, 120, 249, 117, 120, 93, 185, 47, 213, 53, 247, 111, 153,
       172, 24, 5, 240, 29, 156, 73, 16, 242, 51, 189, 88, 87, 32, 250 ]
