%YAML:1.0
descriptors: !!opencv-matrix
   rows: 13
   cols: 64
   dt: u
   data: [ 63, 254, 125, 253, 63, 253, 253, 121, 253, 255, 221, 249, 253,
       127, 252, 93, 251, 253, 227, 251, 245, 118, 219, 255, 245, 255,
       245, 255, 127, 255, 247, 239, 207, 252, 199, 190, 255, 249, 249,
       127, 124, 221, 123, 175, 245, 241, 247, 111, 187, 254, 152, 15,
       240, 29, 222, 93, 62, 247, 247, 191, 251, 223, 44, 254, 71, 5,
       192, 18, 89, 130, 7, 78, 134, 100, 1, 22, 129, 207, 130, 7, 106,
       85, 33, 102, 202, 175, 202, 99, 78, 194, 184, 15, 18, 8, 1, 75,
       215, 39, 85, 187, 0, 56, 103, 86, 96, 64, 8, 171, 197, 24, 229,
       79, 25, 172, 24, 0, 241, 24, 156, 75, 16, 114, 51, 189, 88, 87,
       32, 250, 67, 13, 130, 19, 89, 194, 67, 206, 134, 167, 1, 22, 130,
       203, 131, 15, 234, 69, 49, 103, 142, 175, 206, 35, 78, 210, 186,
       47, 18, 8, 3, 107, 215, 39, 85, 187, 18, 56, 231, 86, 112, 120,
       40, 170, 209, 24, 225, 239, 153, 172, 24, 1, 241, 29, 156, 75, 16,
       242, 51, 189, 88, 87, 32, 250, 195, 1, 130, 27, 201, 194, 2, 206,
       134, 163, 9, 142, 146, 206, 167, 122, 235, 85, 49, 71, 142, 175,
       238, 3, 78, 195, 190, 47, 147, 8, 19, 106, 243, 39, 85, 187, 66,
       120, 103, 86, 50, 88, 32, 42, 213, 28, 161, 175, 153, 172, 24, 5,
       240, 25, 148, 67, 16, 242, 49, 189, 88, 86, 50, 251, 67, 10, 167,
       177, 205, 190, 35, 92, 172, 103, 130, 12, 201, 205, 25, 7, 194,
       85, 59, 102, 204, 39, 202, 57, 78, 200, 140, 38, 82, 4, 49, 75,
       211, 37, 85, 187, 82, 122, 229, 118, 240, 84, 24, 15, 85, 28, 229,
       67, 153, 172, 24, 5, 241, 29, 156, 73, 16, 226, 51, 189, 72, 86,
       32, 248, 67, 6, 144, 18, 201, 194, 10, 7, 130, 35, 3, 6, 130, 192,
       2, 19, 238, 215, 32, 70, 202, 167, 195, 7, 78, 211, 188, 47, 146,
       8, 19, 106, 215, 37, 85, 187, 66, 120, 231, 86, 32, 88, 40, 11,
       213, 28, 165, 47, 153, 172, 24, 5, 240, 25, 156, 75, 16, 114, 51,
       189, 88, 87, 32, 250, 68, 42, 131, 145, 216, 130, 3, 72, 142, 39,
       130, 62, 195, 194, 147, 66, 226, 213, 59, 70, 205, 135, 202, 89,
       78, 202, 188, 47, 210, 12, 49, 110, 215, 39, 85, 187, 82, 120,
       229, 86, 240, 84, 16, 14, 209, 28, 161, 135, 153, 172, 24, 5, 241,
       29, 156, 67, 16, 242, 51, 189, 88, 86, 32, 250, 70, 39, 197, 50,
       88, 130, 38, 71, 224, 34, 0, 54, 248, 231, 163, 66, 226, 213, 3,
       102, 201, 39, 195, 119, 78, 200, 188, 13, 82, 12, 49, 106, 215,
       36, 85, 186, 82, 120, 101, 116, 112, 84, 24, 47, 213, 20, 229,
       111, 153, 172, 24, 5, 240, 29, 156, 73, 16, 242, 51, 189, 88, 87,
       32, 250, 196, 42, 227, 209, 216, 134, 7, 207, 172, 101, 2, 62,
       131, 239, 147, 79, 226, 85, 57, 102, 207, 173, 202, 107, 78, 202,
       190, 47, 146, 8, 51, 79, 87, 39, 85, 187, 80, 124, 103, 86, 112,
       112, 8, 14, 205, 28, 237, 147, 153, 172, 24, 5, 241, 29, 156, 75,
       16, 252, 51, 189, 88, 85, 48, 250, 199, 46, 227, 145, 217, 134,
       131, 200, 172, 103, 130, 126, 195, 235, 146, 68, 194, 85, 59, 102,
       207, 175, 138, 121, 78, 218, 190, 47, 146, 13, 51, 79, 87, 39, 85,
       187, 82, 125, 109, 86, 112, 116, 8, 15, 213, 28, 253, 147, 153,
       172, 24, 5, 241, 29, 156, 75, 16, 240, 51, 189, 72, 87, 48, 250,
       252, 57, 255, 183, 255, 55, 191, 254, 246, 255, 212, 119, 255,
       255, 179, 94, 255, 223, 123, 103, 253, 167, 195, 247, 206, 234,
       252, 255, 218, 220, 246, 235, 223, 37, 85, 191, 83, 120, 237, 116,
       120, 92, 56, 47, 213, 53, 247, 111, 157, 172, 24, 5, 240, 29, 156,
       73, 16, 246, 51, 189, 88, 87, 32, 250, 56, 219, 254, 223, 62, 253,
       253, 114, 125, 255, 127, 217, 223, 125, 252, 206, 255, 253, 97,
       235, 245, 125, 195, 243, 121, 127, 179, 190, 124, 215, 247, 235,
       223, 100, 87, 186, 215, 122, 249, 125, 244, 93, 123, 47, 213, 22,
       247, 111, 153, 172, 24, 5, 240, 29, 157, 77, 16, 242, 51, 189, 90,
       87, 32, 250, 56, 186, 255, 223, 191, 253, 255, 125, 255, 255, 254,
       249, 253, 124, 185, 69, 255, 255, 227, 251, 245, 119, 219, 255,
       233, 127, 245, 254, 92, 87, 247, 239, 223, 44, 87, 190, 95, 120,
       233, 116, 120, 93, 122, 47, 213, 53, 247, 111, 185, 172, 24, 5,
       240, 29, 156, 73, 22, 242, 55, 189, 90, 87, 32, 250 ]
