%YAML:1.0
descriptors: !!opencv-matrix
   rows: 17
   cols: 64
   dt: u
   data: [ 63, 182, 125, 231, 63, 189, 187, 121, 254, 255, 214, 253, 253,
       126, 185, 85, 254, 223, 67, 115, 245, 51, 203, 127, 237, 250, 228,
       255, 94, 95, 245, 239, 215, 172, 85, 190, 127, 120, 233, 118, 120,
       92, 122, 47, 213, 21, 247, 111, 153, 172, 24, 5, 240, 29, 156, 73,
       16, 242, 51, 189, 218, 87, 32, 254, 62, 185, 255, 254, 63, 255,
       253, 127, 247, 254, 221, 253, 127, 254, 191, 254, 255, 223, 99,
       251, 245, 127, 195, 247, 253, 255, 247, 255, 91, 255, 247, 235,
       223, 44, 87, 190, 223, 120, 249, 125, 120, 93, 251, 47, 245, 53,
       247, 111, 185, 174, 24, 7, 240, 29, 156, 73, 16, 243, 115, 191,
       123, 87, 32, 250, 73, 7, 140, 20, 103, 179, 58, 53, 48, 186, 3, 6,
       152, 101, 43, 3, 132, 89, 33, 247, 204, 37, 66, 243, 65, 74, 184,
       164, 80, 4, 49, 66, 223, 36, 81, 184, 91, 104, 232, 96, 112, 92,
       56, 47, 213, 117, 247, 111, 153, 172, 24, 5, 240, 29, 156, 73, 16,
       242, 51, 189, 88, 87, 32, 250, 69, 46, 227, 177, 217, 134, 35,
       204, 172, 103, 130, 62, 195, 207, 147, 69, 234, 85, 59, 102, 207,
       175, 202, 121, 78, 218, 190, 47, 210, 8, 51, 79, 87, 39, 85, 187,
       80, 124, 109, 86, 96, 112, 24, 14, 77, 28, 237, 179, 153, 172, 24,
       5, 241, 29, 156, 75, 16, 250, 51, 189, 72, 87, 48, 250, 197, 47,
       231, 209, 216, 134, 167, 203, 172, 101, 130, 126, 195, 239, 147,
       77, 202, 85, 59, 102, 207, 175, 202, 123, 78, 218, 158, 47, 210,
       8, 50, 79, 87, 39, 85, 187, 82, 124, 237, 86, 112, 116, 24, 15,
       205, 28, 253, 147, 153, 172, 24, 5, 241, 29, 156, 73, 16, 252, 51,
       189, 72, 87, 32, 250, 102, 34, 97, 146, 89, 134, 3, 79, 228, 102,
       128, 52, 113, 47, 177, 70, 226, 85, 3, 100, 193, 35, 192, 55, 76,
       200, 172, 13, 82, 8, 49, 75, 85, 36, 85, 186, 82, 120, 5, 84, 48,
       64, 24, 14, 85, 28, 225, 79, 153, 44, 24, 5, 240, 28, 156, 73, 16,
       242, 51, 188, 88, 86, 32, 250, 70, 2, 1, 176, 217, 130, 2, 72, 0,
       42, 2, 49, 128, 67, 128, 1, 66, 69, 1, 64, 192, 33, 136, 74, 78,
       136, 8, 7, 146, 8, 33, 79, 83, 167, 84, 187, 32, 240, 37, 22, 192,
       96, 8, 10, 65, 28, 65, 195, 24, 36, 24, 4, 65, 24, 140, 11, 16,
       104, 35, 188, 72, 86, 48, 249, 127, 51, 255, 246, 62, 119, 251,
       126, 247, 254, 215, 241, 125, 122, 179, 87, 254, 247, 99, 123,
       245, 119, 193, 119, 205, 235, 244, 223, 90, 92, 245, 235, 215, 44,
       85, 190, 90, 120, 233, 117, 120, 93, 58, 47, 213, 21, 245, 111,
       153, 172, 24, 5, 240, 29, 156, 73, 16, 242, 51, 189, 88, 87, 32,
       250, 230, 42, 195, 147, 217, 134, 7, 204, 238, 103, 3, 58, 163,
       239, 146, 95, 234, 213, 57, 102, 207, 175, 203, 111, 78, 202, 190,
       47, 146, 8, 51, 79, 87, 167, 85, 187, 82, 124, 103, 86, 96, 80, 8,
       47, 221, 28, 237, 147, 153, 172, 24, 5, 241, 29, 156, 75, 16, 250,
       51, 189, 88, 85, 48, 250, 214, 24, 222, 151, 251, 195, 94, 204,
       46, 163, 135, 58, 191, 238, 179, 90, 235, 213, 57, 103, 207, 135,
       195, 57, 78, 223, 185, 47, 210, 13, 50, 46, 215, 37, 85, 187, 82,
       125, 237, 86, 112, 88, 56, 47, 221, 28, 253, 55, 157, 172, 24, 5,
       240, 29, 156, 75, 16, 246, 49, 189, 88, 87, 32, 250, 79, 35, 196,
       18, 223, 147, 6, 94, 32, 42, 146, 54, 188, 230, 163, 67, 226, 213,
       9, 100, 201, 39, 195, 115, 78, 200, 168, 13, 82, 12, 49, 104, 215,
       36, 85, 187, 82, 120, 229, 116, 112, 92, 24, 15, 213, 28, 229, 79,
       153, 172, 24, 5, 240, 29, 156, 73, 16, 242, 51, 189, 88, 86, 32,
       250, 206, 47, 199, 19, 222, 227, 130, 191, 232, 163, 218, 254,
       250, 231, 35, 235, 233, 221, 63, 247, 79, 133, 103, 181, 75, 95,
       191, 174, 209, 14, 50, 58, 223, 47, 85, 187, 91, 124, 237, 116,
       120, 92, 56, 47, 221, 125, 255, 181, 153, 172, 24, 5, 241, 31,
       156, 73, 16, 240, 49, 189, 92, 87, 32, 250, 214, 58, 198, 151,
       253, 154, 14, 240, 46, 51, 59, 58, 143, 243, 219, 88, 235, 213,
       57, 102, 205, 133, 195, 113, 79, 223, 185, 47, 210, 14, 50, 42,
       215, 37, 85, 187, 82, 120, 237, 116, 112, 92, 56, 47, 213, 28,
       245, 109, 153, 172, 24, 5, 240, 29, 157, 73, 16, 246, 51, 189, 88,
       87, 32, 250, 205, 207, 198, 117, 248, 227, 242, 243, 56, 185, 110,
       223, 154, 247, 227, 234, 235, 213, 61, 111, 79, 141, 175, 57, 79,
       223, 187, 47, 211, 15, 50, 62, 243, 39, 116, 251, 82, 125, 253,
       246, 80, 124, 56, 62, 217, 28, 217, 183, 141, 173, 24, 181, 217,
       63, 156, 75, 80, 252, 49, 189, 92, 87, 49, 250, 222, 50, 223, 19,
       255, 147, 30, 248, 106, 59, 145, 122, 254, 247, 162, 80, 230, 215,
       57, 102, 201, 165, 195, 113, 206, 222, 249, 111, 210, 12, 179, 42,
       215, 37, 85, 187, 82, 120, 237, 116, 112, 92, 56, 47, 213, 28,
       245, 111, 153, 172, 24, 5, 240, 29, 156, 73, 16, 242, 51, 189, 88,
       87, 32, 250, 70, 32, 1, 18, 216, 130, 2, 72, 194, 34, 131, 52,
       224, 66, 129, 0, 226, 69, 3, 68, 201, 39, 195, 69, 76, 200, 172,
       13, 82, 12, 33, 104, 199, 36, 85, 186, 82, 56, 5, 84, 112, 80, 16,
       15, 209, 24, 161, 79, 153, 172, 24, 1, 240, 29, 156, 65, 16, 242,
       51, 189, 88, 87, 32, 248, 60, 175, 255, 254, 34, 223, 253, 103,
       255, 252, 94, 221, 95, 126, 255, 254, 255, 186, 227, 107, 245,
       127, 211, 247, 253, 255, 183, 255, 111, 223, 255, 239, 199, 110,
       103, 190, 255, 122, 249, 124, 120, 93, 245, 175, 245, 180, 247,
       111, 187, 172, 137, 79, 242, 29, 156, 93, 54, 242, 115, 253, 251,
       223, 41, 254 ]
