%YAML:1.0
descriptors: !!opencv-matrix
   rows: 17
   cols: 64
   dt: u
   data: [ 47, 222, 252, 249, 63, 253, 253, 89, 189, 255, 205, 232, 255,
       125, 252, 221, 223, 253, 227, 251, 245, 118, 219, 127, 117, 255,
       247, 255, 127, 247, 255, 227, 223, 220, 223, 174, 243, 249, 249,
       123, 124, 93, 126, 173, 247, 117, 247, 111, 187, 254, 152, 13,
       242, 29, 220, 93, 58, 247, 247, 191, 251, 219, 108, 250, 197, 154,
       215, 245, 249, 162, 251, 216, 56, 249, 194, 127, 134, 203, 130,
       25, 34, 205, 185, 43, 236, 45, 202, 123, 38, 202, 122, 247, 94,
       97, 33, 79, 87, 243, 124, 49, 53, 253, 255, 183, 197, 108, 235,
       70, 235, 1, 217, 243, 204, 246, 56, 245, 245, 230, 156, 235, 87,
       222, 183, 143, 216, 103, 177, 126, 68, 33, 147, 209, 88, 134, 106,
       102, 0, 166, 3, 20, 81, 196, 145, 66, 234, 93, 1, 102, 142, 173,
       206, 11, 12, 202, 166, 13, 0, 140, 49, 74, 115, 7, 85, 187, 0,
       248, 103, 86, 48, 96, 144, 14, 69, 12, 193, 47, 153, 44, 24, 5,
       113, 92, 148, 75, 16, 122, 51, 189, 72, 22, 33, 242, 63, 190, 255,
       255, 255, 253, 255, 121, 255, 253, 254, 251, 255, 123, 254, 220,
       255, 223, 99, 115, 245, 103, 219, 255, 253, 255, 245, 255, 126,
       223, 247, 239, 223, 108, 85, 190, 223, 120, 249, 124, 120, 92,
       123, 47, 213, 53, 247, 111, 153, 172, 24, 5, 240, 29, 157, 73, 16,
       242, 51, 189, 218, 87, 32, 254, 31, 150, 92, 124, 62, 187, 190,
       113, 50, 250, 87, 213, 220, 117, 41, 83, 228, 223, 1, 227, 197,
       37, 195, 115, 205, 218, 160, 255, 82, 5, 181, 106, 215, 36, 85,
       186, 91, 120, 233, 116, 112, 92, 56, 47, 213, 20, 247, 111, 153,
       172, 24, 5, 240, 29, 156, 73, 16, 242, 51, 189, 88, 87, 32, 250,
       63, 191, 255, 255, 63, 255, 253, 126, 255, 255, 247, 251, 255,
       123, 191, 95, 255, 247, 99, 123, 245, 111, 211, 247, 237, 251,
       247, 255, 126, 93, 247, 235, 223, 44, 87, 190, 223, 120, 249, 125,
       120, 92, 59, 47, 213, 53, 247, 111, 185, 174, 24, 7, 240, 29, 156,
       73, 16, 242, 51, 189, 122, 87, 32, 250, 124, 189, 255, 254, 54,
       191, 253, 127, 255, 254, 213, 251, 255, 250, 191, 94, 254, 247,
       99, 107, 247, 127, 211, 247, 221, 235, 246, 255, 90, 221, 247,
       235, 223, 44, 87, 190, 219, 120, 249, 125, 120, 94, 57, 47, 213,
       53, 247, 111, 153, 172, 24, 5, 240, 29, 156, 73, 16, 242, 115,
       189, 122, 87, 40, 251, 133, 2, 65, 162, 217, 128, 35, 72, 32, 97,
       0, 119, 160, 11, 128, 1, 66, 85, 5, 96, 200, 0, 136, 104, 6, 136,
       8, 3, 146, 8, 33, 79, 49, 167, 84, 154, 0, 240, 5, 150, 133, 64,
       8, 2, 64, 8, 72, 129, 0, 36, 80, 36, 65, 26, 140, 41, 16, 32, 33,
       140, 72, 70, 32, 57, 60, 177, 253, 190, 54, 55, 253, 127, 246,
       252, 213, 241, 125, 122, 183, 86, 250, 212, 99, 99, 245, 39, 193,
       247, 205, 171, 228, 139, 82, 156, 117, 235, 215, 36, 85, 190, 82,
       120, 233, 116, 120, 92, 56, 47, 212, 53, 245, 111, 153, 172, 24,
       5, 240, 29, 156, 73, 16, 242, 51, 189, 88, 87, 32, 250, 68, 2,
       145, 144, 72, 134, 42, 101, 0, 162, 67, 4, 80, 132, 155, 2, 200,
       73, 1, 98, 138, 161, 78, 155, 12, 136, 174, 204, 0, 4, 49, 74,
       115, 22, 85, 43, 0, 234, 69, 66, 48, 64, 16, 14, 71, 12, 65, 43,
       25, 44, 56, 5, 112, 93, 20, 73, 128, 106, 19, 185, 72, 70, 32,
       242, 28, 32, 221, 22, 43, 147, 190, 108, 242, 186, 213, 117, 252,
       103, 161, 66, 230, 155, 67, 243, 197, 39, 195, 247, 200, 74, 224,
       222, 72, 140, 181, 106, 223, 44, 69, 190, 91, 120, 233, 116, 120,
       92, 56, 47, 213, 53, 247, 111, 153, 172, 24, 5, 240, 29, 156, 73,
       16, 242, 51, 189, 88, 87, 32, 250, 214, 16, 88, 150, 223, 130, 31,
       72, 134, 35, 17, 50, 181, 202, 178, 87, 226, 215, 20, 102, 139,
       163, 163, 46, 14, 202, 184, 15, 210, 9, 49, 107, 83, 37, 20, 155,
       66, 112, 37, 214, 16, 72, 24, 11, 193, 28, 193, 15, 153, 172, 16,
       5, 112, 24, 148, 75, 16, 114, 49, 189, 88, 22, 32, 248, 63, 182,
       109, 174, 63, 191, 191, 127, 244, 254, 214, 245, 125, 127, 189,
       68, 250, 221, 67, 99, 245, 99, 193, 127, 93, 234, 164, 159, 122,
       93, 113, 235, 215, 44, 85, 186, 83, 122, 233, 124, 248, 92, 56,
       47, 213, 53, 247, 111, 153, 172, 24, 5, 240, 29, 157, 73, 16, 242,
       51, 189, 88, 87, 32, 250, 125, 52, 253, 246, 127, 247, 255, 127,
       246, 254, 215, 117, 125, 126, 179, 87, 251, 247, 123, 99, 245,
       127, 211, 127, 157, 250, 246, 223, 122, 93, 245, 239, 223, 44,
       215, 190, 214, 120, 249, 117, 120, 93, 255, 47, 213, 53, 247, 111,
       189, 172, 24, 13, 242, 29, 156, 73, 16, 246, 115, 191, 251, 151,
       44, 254, 28, 177, 155, 94, 51, 147, 220, 122, 210, 138, 149, 242,
       178, 66, 164, 74, 230, 151, 99, 71, 199, 47, 195, 215, 201, 90,
       230, 78, 80, 8, 180, 104, 223, 36, 69, 190, 82, 120, 233, 116,
       112, 92, 48, 47, 213, 52, 181, 111, 153, 172, 24, 5, 240, 29, 156,
       65, 16, 242, 51, 189, 88, 87, 32, 250, 60, 169, 185, 254, 35, 159,
       249, 111, 214, 254, 215, 245, 241, 122, 189, 94, 254, 155, 99, 67,
       245, 47, 195, 215, 221, 250, 246, 207, 66, 156, 245, 234, 207, 44,
       71, 190, 83, 120, 233, 124, 120, 92, 49, 47, 213, 53, 183, 111,
       153, 172, 24, 5, 240, 29, 156, 65, 16, 242, 51, 189, 88, 87, 32,
       250, 63, 182, 255, 254, 63, 245, 249, 127, 247, 254, 215, 245,
       253, 127, 187, 87, 255, 222, 99, 243, 245, 39, 195, 127, 205, 170,
       228, 255, 90, 93, 245, 239, 215, 44, 85, 190, 91, 120, 233, 116,
       120, 92, 56, 47, 213, 21, 247, 111, 153, 172, 24, 5, 240, 29, 156,
       73, 16, 242, 51, 189, 88, 87, 32, 250 ]
