%YAML:1.0
descriptors: !!opencv-matrix
   rows: 40
   cols: 64
   dt: u
   data: [ 124, 48, 253, 182, 127, 167, 191, 126, 244, 124, 213, 119,
       253, 111, 178, 84, 250, 221, 99, 102, 225, 39, 195, 119, 76, 250,
       252, 143, 82, 140, 113, 235, 215, 36, 87, 190, 83, 120, 233, 116,
       120, 92, 56, 47, 213, 21, 247, 111, 153, 172, 24, 5, 240, 29, 156,
       73, 16, 242, 51, 189, 88, 87, 32, 250, 124, 49, 253, 164, 82, 39,
       55, 126, 244, 68, 213, 119, 125, 109, 178, 84, 250, 221, 99, 100,
       241, 39, 193, 247, 204, 232, 188, 141, 82, 132, 112, 233, 215, 36,
       87, 190, 83, 120, 233, 124, 120, 92, 56, 47, 213, 53, 247, 111,
       153, 172, 24, 5, 240, 29, 156, 73, 16, 242, 51, 189, 88, 87, 32,
       250, 63, 49, 125, 190, 23, 167, 31, 126, 246, 68, 213, 49, 125,
       106, 180, 87, 242, 245, 3, 96, 225, 35, 193, 119, 204, 170, 228,
       13, 82, 28, 113, 233, 215, 36, 85, 190, 82, 120, 193, 124, 112,
       92, 56, 47, 213, 20, 229, 111, 153, 172, 24, 5, 240, 29, 156, 73,
       16, 242, 51, 189, 88, 87, 32, 250, 127, 50, 247, 183, 255, 183,
       47, 122, 230, 125, 210, 51, 255, 254, 179, 85, 250, 245, 35, 100,
       233, 7, 195, 117, 206, 248, 252, 47, 210, 12, 115, 235, 215, 36,
       85, 190, 82, 120, 233, 116, 112, 92, 24, 15, 213, 20, 245, 79,
       153, 172, 24, 5, 240, 29, 156, 73, 16, 242, 51, 189, 88, 87, 32,
       250, 62, 51, 117, 182, 55, 167, 63, 125, 230, 68, 209, 52, 125,
       127, 176, 84, 242, 213, 67, 100, 241, 35, 193, 119, 204, 168, 228,
       13, 82, 28, 113, 233, 215, 36, 85, 190, 82, 120, 193, 116, 112,
       92, 24, 15, 213, 20, 229, 79, 153, 172, 24, 5, 240, 29, 156, 73,
       16, 242, 51, 189, 88, 87, 32, 250, 126, 50, 247, 163, 223, 183,
       175, 121, 246, 126, 210, 119, 253, 111, 179, 85, 242, 213, 35, 98,
       225, 39, 195, 119, 206, 222, 252, 47, 90, 28, 115, 235, 215, 36,
       85, 190, 82, 120, 233, 116, 112, 92, 56, 47, 213, 20, 245, 111,
       153, 172, 24, 5, 240, 29, 156, 73, 16, 242, 51, 189, 88, 87, 32,
       250, 127, 55, 117, 166, 127, 167, 43, 120, 230, 68, 211, 48, 125,
       122, 176, 85, 242, 245, 3, 100, 225, 35, 193, 118, 204, 168, 236,
       13, 82, 12, 113, 105, 215, 36, 85, 190, 82, 120, 129, 124, 112,
       92, 24, 15, 213, 20, 229, 79, 153, 172, 24, 5, 240, 29, 156, 73,
       16, 242, 51, 189, 88, 87, 32, 250, 127, 50, 253, 162, 255, 183,
       143, 122, 246, 126, 210, 51, 237, 95, 187, 85, 242, 245, 35, 112,
       225, 39, 195, 119, 206, 248, 252, 47, 82, 28, 113, 235, 215, 44,
       85, 190, 90, 120, 233, 116, 120, 92, 56, 47, 213, 21, 245, 111,
       153, 172, 24, 5, 240, 29, 156, 73, 16, 242, 51, 189, 88, 87, 32,
       250, 126, 50, 117, 134, 95, 167, 7, 121, 230, 68, 209, 52, 125,
       63, 177, 85, 242, 213, 67, 100, 209, 35, 193, 118, 76, 232, 236,
       13, 82, 24, 113, 233, 215, 36, 85, 190, 82, 120, 129, 116, 112,
       92, 24, 15, 213, 20, 229, 79, 153, 172, 24, 5, 240, 29, 156, 73,
       16, 242, 51, 189, 88, 87, 32, 250, 127, 50, 117, 162, 127, 183, 3,
       88, 230, 102, 147, 48, 253, 58, 177, 85, 242, 245, 3, 100, 225,
       35, 193, 116, 76, 232, 172, 13, 82, 12, 113, 105, 213, 36, 85,
       190, 82, 120, 129, 124, 112, 92, 24, 15, 213, 20, 228, 79, 153,
       172, 24, 5, 240, 29, 156, 73, 16, 242, 51, 188, 88, 87, 32, 250,
       126, 48, 109, 166, 95, 167, 31, 121, 230, 102, 211, 52, 253, 47,
       177, 85, 242, 213, 3, 100, 193, 35, 195, 116, 76, 200, 172, 13,
       82, 28, 113, 105, 213, 36, 85, 186, 82, 120, 129, 116, 112, 92,
       24, 14, 213, 20, 228, 79, 153, 172, 24, 5, 240, 29, 156, 73, 16,
       242, 51, 188, 88, 87, 32, 250, 248, 185, 255, 246, 118, 191, 127,
       122, 215, 253, 213, 243, 255, 250, 182, 94, 254, 215, 127, 111,
       247, 47, 195, 247, 207, 254, 247, 255, 90, 223, 246, 235, 223, 37,
       84, 190, 87, 120, 249, 117, 120, 93, 185, 47, 213, 53, 247, 111,
       153, 172, 25, 5, 240, 29, 156, 73, 16, 242, 51, 191, 88, 87, 32,
       250, 247, 62, 231, 179, 223, 166, 135, 232, 236, 111, 242, 122,
       239, 235, 146, 92, 226, 213, 63, 103, 207, 141, 171, 125, 78, 222,
       187, 47, 210, 11, 51, 47, 215, 39, 84, 187, 82, 125, 237, 246, 80,
       84, 24, 15, 217, 28, 253, 151, 153, 172, 24, 5, 241, 61, 156, 73,
       80, 246, 51, 189, 88, 87, 48, 248, 31, 187, 207, 254, 63, 185,
       221, 58, 127, 188, 222, 241, 255, 126, 60, 91, 253, 247, 33, 251,
       229, 125, 195, 115, 205, 255, 243, 127, 126, 79, 245, 111, 215,
       36, 85, 186, 90, 120, 249, 117, 112, 93, 122, 47, 213, 20, 245,
       111, 153, 172, 24, 5, 242, 29, 156, 77, 16, 242, 51, 189, 89, 87,
       32, 250, 237, 34, 231, 147, 218, 151, 167, 248, 236, 111, 170,
       114, 251, 110, 178, 69, 227, 213, 63, 102, 201, 39, 138, 125, 78,
       222, 189, 47, 210, 10, 51, 123, 87, 37, 84, 187, 82, 112, 109,
       214, 112, 84, 24, 15, 213, 28, 213, 87, 153, 172, 24, 5, 240, 29,
       156, 73, 16, 242, 51, 189, 88, 87, 32, 248, 62, 241, 125, 222, 55,
       31, 223, 122, 247, 228, 189, 242, 125, 122, 180, 86, 246, 247, 70,
       115, 215, 55, 193, 118, 205, 246, 229, 95, 82, 159, 213, 107, 223,
       44, 87, 190, 218, 120, 233, 125, 114, 95, 57, 47, 213, 52, 245,
       111, 153, 172, 24, 5, 240, 29, 156, 73, 16, 242, 51, 189, 88, 87,
       32, 251, 188, 187, 255, 117, 62, 247, 249, 255, 217, 189, 214,
       253, 239, 215, 147, 219, 255, 239, 251, 251, 247, 127, 119, 223,
       191, 127, 246, 255, 108, 247, 247, 254, 207, 251, 231, 182, 255,
       189, 249, 125, 93, 125, 243, 254, 255, 225, 191, 111, 190, 254,
       175, 219, 240, 189, 88, 85, 103, 183, 215, 223, 251, 191, 237,
       222, 119, 53, 89, 158, 62, 14, 95, 11, 230, 100, 61, 178, 61, 106,
       180, 86, 246, 215, 0, 99, 135, 35, 193, 102, 220, 214, 229, 95,
       18, 184, 213, 105, 211, 44, 84, 190, 66, 120, 227, 94, 48, 218,
       56, 43, 213, 28, 229, 111, 145, 172, 16, 5, 112, 29, 156, 73, 16,
       242, 51, 189, 88, 86, 32, 250, 28, 186, 223, 223, 63, 249, 248,
       124, 127, 187, 215, 253, 253, 119, 253, 200, 255, 223, 97, 107,
       197, 117, 195, 251, 233, 127, 243, 254, 124, 207, 183, 239, 223,
       100, 85, 186, 87, 122, 249, 116, 240, 93, 121, 47, 213, 21, 247,
       111, 153, 172, 24, 5, 240, 29, 156, 73, 16, 242, 51, 189, 88, 87,
       32, 254, 119, 180, 85, 135, 255, 130, 31, 88, 230, 101, 21, 123,
       173, 107, 164, 85, 226, 215, 20, 96, 200, 35, 138, 124, 76, 222,
       233, 47, 210, 9, 113, 111, 215, 37, 84, 187, 82, 120, 169, 246,
       80, 94, 8, 15, 209, 28, 244, 79, 153, 172, 24, 5, 240, 29, 156,
       73, 16, 242, 51, 189, 88, 87, 32, 248, 87, 48, 211, 151, 252, 130,
       27, 76, 66, 37, 17, 52, 167, 203, 130, 82, 226, 215, 24, 102, 139,
       173, 138, 43, 142, 202, 234, 15, 146, 9, 113, 111, 115, 165, 20,
       187, 66, 116, 167, 214, 144, 74, 8, 14, 201, 28, 201, 31, 137,
       164, 80, 5, 96, 58, 148, 75, 80, 242, 49, 189, 88, 70, 50, 253,
       30, 162, 153, 191, 43, 217, 190, 109, 223, 186, 215, 253, 241, 86,
       187, 80, 255, 155, 99, 211, 197, 37, 195, 223, 205, 203, 240, 239,
       66, 205, 181, 234, 207, 44, 69, 190, 95, 120, 233, 116, 120, 92,
       49, 47, 213, 53, 183, 111, 153, 172, 24, 5, 240, 29, 156, 65, 16,
       242, 51, 189, 88, 87, 32, 250, 87, 20, 80, 6, 95, 134, 15, 8, 166,
       102, 17, 18, 140, 79, 128, 85, 230, 215, 0, 96, 192, 35, 194, 98,
       76, 128, 172, 79, 18, 8, 113, 105, 215, 36, 84, 186, 66, 120, 33,
       86, 64, 72, 24, 11, 209, 20, 229, 79, 153, 172, 24, 5, 112, 24,
       156, 73, 16, 242, 51, 189, 88, 87, 32, 250, 238, 184, 255, 179,
       223, 231, 239, 217, 252, 255, 202, 127, 255, 239, 179, 125, 251,
       253, 127, 103, 237, 143, 255, 124, 78, 223, 191, 175, 218, 31,
       115, 255, 215, 39, 95, 251, 83, 125, 237, 118, 120, 92, 120, 63,
       221, 93, 255, 181, 157, 172, 24, 5, 241, 63, 156, 73, 80, 252, 51,
       189, 92, 87, 48, 250, 255, 254, 127, 239, 255, 255, 255, 248, 255,
       253, 254, 251, 239, 123, 254, 253, 243, 247, 191, 123, 253, 207,
