%YAML:1.0
descriptors: !!opencv-matrix
   rows: 9
   cols: 64
   dt: u
   data: [ 62, 178, 255, 247, 63, 183, 255, 121, 246, 255, 213, 251, 255,
       123, 182, 93, 246, 247, 99, 115, 245, 119, 211, 255, 221, 254,
       245, 255, 126, 221, 247, 235, 223, 44, 87, 190, 222, 120, 249,
       125, 124, 93, 123, 47, 213, 53, 245, 111, 153, 172, 24, 5, 240,
       29, 156, 73, 16, 242, 51, 189, 90, 87, 32, 250, 63, 254, 125, 239,
       191, 253, 255, 120, 255, 253, 220, 251, 237, 127, 252, 93, 255,
       255, 231, 123, 244, 118, 218, 127, 245, 255, 245, 255, 126, 251,
       119, 239, 223, 236, 223, 190, 255, 249, 249, 127, 125, 221, 123,
       175, 213, 113, 245, 111, 185, 190, 153, 9, 244, 157, 222, 93, 60,
       246, 247, 191, 250, 223, 44, 222, 219, 153, 210, 247, 253, 162,
       254, 206, 24, 187, 64, 251, 162, 202, 130, 91, 42, 223, 185, 67,
       238, 173, 234, 123, 46, 202, 178, 167, 90, 97, 33, 111, 87, 167,
       60, 115, 55, 253, 119, 247, 81, 110, 235, 107, 235, 29, 219, 179,
       93, 196, 88, 245, 229, 254, 188, 235, 209, 190, 183, 155, 220,
       119, 145, 183, 71, 35, 65, 18, 217, 130, 3, 72, 2, 32, 3, 50, 160,
       67, 128, 81, 98, 85, 4, 4, 194, 41, 136, 106, 14, 130, 42, 15,
       146, 8, 1, 77, 83, 167, 84, 155, 0, 112, 7, 214, 1, 64, 8, 74, 0,
       12, 193, 7, 1, 36, 16, 4, 32, 24, 132, 11, 16, 112, 48, 28, 72, 4,
       48, 184, 68, 33, 195, 208, 88, 134, 71, 79, 130, 102, 3, 16, 83,
       194, 179, 66, 234, 85, 57, 102, 142, 173, 194, 35, 14, 202, 166,
       13, 18, 8, 48, 107, 83, 39, 21, 187, 2, 124, 103, 86, 48, 96, 152,
       78, 205, 28, 193, 143, 25, 172, 24, 5, 113, 24, 148, 75, 16, 122,
       49, 189, 72, 20, 33, 250, 127, 52, 125, 180, 126, 167, 63, 121,
       244, 124, 213, 49, 253, 46, 176, 86, 242, 221, 67, 96, 241, 35,
       194, 119, 204, 232, 236, 207, 82, 28, 113, 235, 215, 44, 85, 190,
       91, 120, 225, 116, 120, 92, 56, 47, 213, 21, 231, 111, 153, 172,
       24, 5, 240, 29, 156, 73, 16, 242, 51, 189, 88, 87, 32, 250, 62,
       190, 253, 255, 63, 253, 253, 125, 255, 255, 255, 253, 253, 127,
       189, 254, 255, 222, 99, 251, 245, 119, 211, 255, 253, 255, 247,
       255, 127, 223, 247, 239, 223, 44, 85, 190, 223, 120, 249, 125,
       120, 92, 123, 47, 213, 53, 247, 111, 185, 174, 24, 5, 240, 29,
       156, 73, 16, 242, 51, 189, 250, 87, 40, 254, 60, 189, 255, 254,
       54, 191, 253, 123, 247, 252, 213, 243, 255, 250, 188, 94, 246,
       255, 99, 99, 247, 47, 209, 247, 221, 250, 247, 255, 90, 220, 244,
       235, 207, 44, 87, 190, 211, 120, 249, 125, 120, 95, 57, 47, 213,
       53, 247, 111, 153, 172, 24, 5, 240, 29, 156, 73, 16, 242, 115,
       189, 90, 87, 32, 250, 68, 33, 193, 144, 24, 2, 10, 79, 128, 162,
       3, 20, 65, 198, 153, 66, 202, 85, 1, 98, 138, 161, 204, 11, 12,
       128, 162, 13, 18, 8, 49, 74, 115, 6, 85, 187, 0, 122, 71, 86, 32,
       96, 8, 10, 71, 28, 65, 75, 25, 44, 16, 5, 49, 25, 148, 72, 144,
       98, 49, 189, 72, 70, 33, 242 ]
