%YAML:1.0
descriptors: !!opencv-matrix
   rows: 20
   cols: 64
   dt: u
   data: [ 45, 214, 108, 170, 31, 255, 167, 89, 189, 94, 140, 236, 189,
       63, 253, 101, 219, 253, 195, 96, 245, 115, 89, 119, 117, 253, 61,
       55, 127, 222, 123, 227, 223, 76, 215, 186, 83, 120, 233, 124, 124,
       93, 122, 175, 85, 117, 247, 111, 185, 188, 152, 12, 242, 29, 220,
       89, 56, 242, 51, 189, 218, 223, 44, 250, 254, 249, 251, 253, 58,
       199, 95, 109, 223, 229, 253, 248, 255, 234, 150, 222, 255, 215,
       62, 107, 143, 47, 230, 63, 205, 203, 247, 127, 83, 45, 245, 111,
       215, 37, 52, 191, 82, 121, 233, 247, 114, 94, 249, 47, 243, 28,
       253, 63, 153, 172, 26, 5, 240, 29, 156, 73, 80, 242, 51, 253, 89,
       87, 32, 255, 205, 186, 199, 245, 125, 178, 235, 250, 48, 185, 192,
       243, 171, 219, 131, 73, 226, 221, 185, 107, 229, 13, 202, 123, 46,
       202, 58, 135, 94, 73, 33, 127, 247, 35, 124, 187, 119, 252, 125,
       117, 209, 110, 58, 30, 201, 1, 217, 203, 152, 188, 24, 21, 241,
       60, 157, 73, 16, 254, 55, 159, 88, 87, 33, 251, 13, 160, 205, 168,
       30, 241, 165, 126, 113, 190, 214, 245, 89, 62, 185, 67, 201, 252,
       99, 243, 225, 113, 202, 243, 77, 41, 128, 135, 120, 69, 49, 235,
       223, 36, 85, 186, 91, 120, 233, 116, 120, 93, 56, 47, 212, 53,
       247, 111, 153, 172, 24, 5, 240, 29, 156, 73, 16, 242, 51, 189, 88,
       87, 32, 250, 12, 134, 236, 168, 27, 253, 161, 119, 53, 254, 198,
       213, 81, 60, 187, 197, 203, 92, 129, 97, 245, 113, 206, 115, 77,
       137, 0, 135, 88, 69, 49, 203, 213, 4, 85, 186, 83, 122, 233, 52,
       112, 92, 56, 47, 84, 21, 119, 107, 153, 172, 24, 5, 240, 29, 156,
       72, 16, 242, 51, 189, 88, 87, 32, 250, 13, 6, 197, 168, 24, 253,
       161, 116, 48, 252, 66, 5, 64, 61, 185, 161, 139, 124, 129, 96,
       224, 96, 78, 249, 77, 41, 4, 134, 124, 4, 49, 71, 213, 0, 85, 170,
       81, 242, 169, 52, 244, 20, 26, 38, 84, 132, 115, 107, 152, 44, 28,
       5, 240, 29, 156, 72, 16, 226, 35, 188, 72, 71, 32, 250, 191, 254,
       127, 239, 255, 253, 191, 248, 253, 255, 223, 255, 237, 127, 249,
       117, 251, 253, 111, 123, 245, 119, 219, 124, 237, 254, 253, 191,
       126, 95, 119, 255, 223, 236, 223, 190, 223, 249, 233, 119, 124,
       92, 123, 63, 213, 117, 247, 127, 185, 189, 24, 5, 240, 157, 156,
       73, 16, 242, 179, 189, 250, 223, 44, 254, 13, 38, 101, 160, 24,
       100, 161, 246, 32, 252, 194, 21, 64, 53, 155, 162, 138, 76, 129,
       96, 224, 32, 76, 186, 76, 168, 0, 130, 72, 4, 49, 207, 117, 0, 85,
       186, 17, 242, 33, 36, 252, 52, 24, 134, 68, 131, 66, 73, 24, 44,
       88, 4, 208, 29, 157, 8, 4, 224, 3, 188, 72, 70, 32, 240, 62, 249,
       255, 254, 54, 255, 253, 127, 247, 252, 245, 249, 127, 251, 188,
       222, 255, 247, 99, 251, 247, 127, 211, 247, 253, 255, 247, 255,
       127, 255, 247, 235, 223, 46, 87, 190, 223, 120, 251, 125, 120, 93,
       187, 111, 245, 53, 247, 111, 187, 174, 153, 79, 240, 29, 156, 93,
       52, 243, 115, 191, 123, 247, 169, 250, 7, 36, 65, 36, 157, 160,
       37, 74, 128, 1, 193, 114, 162, 11, 128, 81, 98, 85, 5, 97, 193, 4,
       128, 113, 14, 136, 168, 15, 82, 8, 33, 73, 82, 36, 20, 154, 0,
       120, 1, 214, 65, 66, 24, 11, 192, 17, 192, 79, 8, 36, 16, 4, 96,
       28, 140, 9, 16, 178, 51, 156, 72, 86, 32, 185, 63, 183, 101, 254,
       63, 189, 157, 25, 246, 124, 209, 241, 237, 123, 172, 85, 240, 255,
       3, 243, 245, 38, 209, 119, 213, 186, 225, 239, 82, 28, 241, 235,
       223, 44, 87, 190, 91, 120, 233, 116, 120, 94, 56, 175, 212, 81,
       247, 111, 153, 172, 24, 5, 240, 29, 156, 73, 16, 242, 51, 189, 88,
       87, 32, 250, 45, 174, 237, 168, 63, 253, 189, 126, 245, 254, 214,
       245, 109, 63, 185, 71, 139, 252, 99, 251, 245, 102, 209, 247, 77,
       41, 164, 147, 124, 85, 49, 235, 223, 44, 215, 186, 95, 120, 233,
       116, 120, 92, 58, 175, 212, 177, 247, 111, 153, 172, 24, 5, 240,
       29, 156, 73, 16, 242, 51, 189, 90, 215, 32, 250, 28, 160, 221,
       150, 43, 129, 188, 110, 118, 186, 213, 241, 189, 102, 161, 82,
       254, 146, 97, 115, 197, 52, 195, 243, 201, 138, 224, 95, 74, 201,
       181, 106, 223, 36, 69, 186, 83, 120, 233, 116, 112, 93, 61, 47,
       212, 21, 245, 111, 153, 172, 24, 5, 240, 29, 156, 73, 24, 242, 51,
       189, 88, 87, 32, 250, 12, 34, 97, 160, 217, 32, 35, 220, 128, 74,
       194, 53, 65, 3, 139, 65, 194, 92, 1, 96, 65, 128, 140, 48, 12,
       136, 8, 1, 210, 8, 49, 9, 112, 36, 84, 186, 80, 114, 5, 212, 208,
       68, 24, 14, 64, 6, 64, 196, 24, 44, 88, 4, 80, 30, 141, 9, 144,
       224, 35, 188, 76, 70, 32, 241, 29, 178, 221, 158, 62, 185, 184,
       116, 114, 190, 214, 245, 252, 118, 185, 81, 254, 214, 195, 227,
       197, 37, 195, 247, 205, 42, 228, 207, 90, 76, 241, 107, 223, 36,
       85, 190, 94, 120, 233, 116, 112, 92, 58, 47, 212, 52, 247, 111,
       153, 172, 24, 5, 240, 29, 156, 73, 22, 242, 51, 189, 88, 87, 32,
       250, 13, 46, 229, 160, 24, 127, 37, 126, 176, 124, 202, 53, 65,
       61, 185, 193, 139, 124, 131, 96, 224, 0, 200, 59, 77, 168, 8, 131,
       88, 4, 49, 207, 85, 2, 85, 186, 16, 242, 45, 52, 244, 116, 26, 38,
       68, 131, 100, 233, 24, 44, 24, 4, 209, 29, 141, 8, 16, 224, 35,
       188, 72, 71, 32, 242, 63, 52, 237, 162, 63, 55, 61, 127, 244, 254,
       214, 181, 127, 190, 178, 71, 251, 244, 99, 121, 241, 87, 219, 63,
       29, 168, 188, 151, 90, 89, 117, 239, 205, 44, 215, 190, 223, 120,
       161, 125, 88, 93, 126, 47, 215, 53, 231, 111, 187, 172, 24, 13,
       242, 29, 156, 89, 16, 242, 55, 189, 219, 151, 40, 254, 45, 166,
       109, 168, 62, 189, 161, 120, 245, 254, 246, 241, 237, 57, 185, 69,
       194, 252, 195, 105, 241, 102, 201, 245, 77, 40, 132, 131, 126, 85,
       49, 235, 223, 44, 85, 186, 95, 120, 169, 116, 252, 92, 58, 47,
       212, 177, 246, 107, 185, 172, 24, 5, 240, 29, 157, 73, 20, 242,
       51, 188, 90, 87, 32, 250, 61, 182, 253, 172, 62, 189, 189, 127,
       245, 252, 220, 241, 93, 63, 188, 68, 251, 252, 195, 97, 245, 98,
       208, 247, 221, 168, 164, 155, 124, 220, 117, 235, 223, 36, 87,
       190, 215, 120, 233, 124, 120, 94, 58, 175, 212, 53, 247, 111, 153,
       172, 24, 13, 240, 29, 156, 73, 16, 242, 51, 189, 90, 87, 40, 250,
       56, 177, 253, 158, 54, 55, 125, 119, 247, 254, 85, 145, 93, 60,
       181, 78, 246, 212, 99, 107, 244, 52, 193, 247, 221, 170, 164, 154,
       90, 221, 117, 235, 215, 36, 85, 190, 218, 120, 233, 125, 122, 95,
       61, 47, 244, 52, 245, 111, 153, 172, 24, 7, 240, 29, 156, 73, 16,
       242, 51, 189, 89, 87, 34, 251 ]
