%YAML:1.0
descriptors: !!opencv-matrix
   rows: 15
   cols: 64
   dt: u
   data: [ 47, 222, 108, 239, 191, 189, 183, 120, 61, 253, 222, 251, 189,
       63, 236, 205, 187, 253, 225, 249, 245, 116, 219, 121, 117, 253,
       209, 55, 126, 95, 119, 239, 223, 228, 215, 186, 247, 249, 249, 63,
       117, 221, 122, 47, 213, 149, 247, 107, 153, 255, 153, 13, 246, 29,
       223, 77, 58, 242, 183, 189, 219, 223, 44, 222, 252, 249, 255, 255,
       54, 125, 249, 255, 223, 245, 253, 190, 127, 254, 255, 254, 255,
       222, 123, 111, 63, 189, 231, 183, 255, 239, 247, 251, 83, 255,
       246, 187, 231, 38, 53, 254, 215, 127, 251, 125, 122, 253, 245,
       127, 255, 55, 247, 46, 223, 174, 223, 215, 248, 31, 148, 93, 209,
       242, 121, 251, 125, 127, 163, 254, 221, 186, 215, 117, 253, 162,
       251, 254, 56, 185, 198, 251, 230, 217, 131, 25, 238, 207, 185,
       107, 238, 45, 206, 251, 239, 234, 242, 246, 124, 101, 229, 255,
       255, 243, 124, 49, 117, 255, 254, 119, 221, 124, 235, 118, 235,
       129, 219, 243, 252, 222, 121, 247, 245, 230, 157, 237, 87, 223,
       247, 207, 210, 111, 149, 255, 63, 191, 255, 255, 63, 253, 253,
       127, 255, 255, 255, 249, 255, 122, 188, 93, 255, 247, 99, 123,
       245, 127, 211, 255, 253, 255, 247, 255, 126, 95, 247, 235, 223,
       44, 87, 190, 222, 120, 249, 125, 120, 93, 123, 47, 213, 53, 245,
       111, 153, 172, 24, 5, 240, 29, 156, 73, 16, 242, 51, 189, 122, 87,
       32, 250, 63, 187, 255, 254, 55, 255, 253, 126, 255, 255, 245, 249,
       255, 123, 188, 95, 255, 247, 99, 123, 245, 127, 195, 247, 237,
       255, 247, 255, 126, 221, 245, 235, 223, 44, 87, 190, 223, 120,
       249, 125, 120, 93, 187, 47, 213, 53, 247, 111, 153, 174, 24, 7,
       240, 29, 156, 77, 16, 242, 115, 191, 123, 87, 32, 250, 122, 189,
       255, 254, 55, 191, 253, 123, 247, 254, 213, 185, 255, 250, 189,
       95, 254, 215, 115, 123, 246, 63, 211, 247, 221, 250, 231, 255, 90,
       217, 244, 235, 207, 44, 87, 190, 218, 120, 249, 117, 120, 95, 185,
       47, 213, 53, 245, 111, 153, 172, 24, 5, 240, 29, 156, 73, 16, 242,
       115, 191, 122, 87, 32, 251, 68, 33, 145, 144, 88, 134, 42, 71, 2,
       102, 3, 20, 81, 192, 145, 66, 226, 69, 1, 102, 142, 169, 192, 11,
       12, 138, 166, 77, 0, 8, 49, 74, 83, 7, 85, 187, 0, 120, 71, 86,
       144, 96, 24, 10, 65, 28, 193, 79, 153, 44, 16, 5, 112, 24, 148,
       75, 16, 122, 51, 185, 72, 70, 33, 240, 7, 6, 64, 34, 217, 160, 35,
       72, 32, 33, 0, 115, 160, 75, 128, 1, 98, 68, 5, 64, 192, 32, 136,
       120, 70, 136, 8, 3, 146, 8, 33, 77, 16, 166, 20, 154, 1, 144, 5,
       150, 1, 66, 24, 2, 64, 16, 72, 129, 8, 36, 80, 4, 68, 26, 140, 9,
       16, 160, 35, 156, 72, 70, 32, 185, 3, 20, 0, 34, 205, 128, 6, 8,
       34, 0, 0, 66, 160, 75, 4, 17, 102, 6, 5, 80, 192, 34, 137, 100,
       64, 152, 96, 11, 146, 0, 33, 65, 22, 38, 20, 154, 1, 0, 5, 198,
       65, 66, 24, 11, 64, 16, 196, 71, 0, 36, 16, 4, 96, 0, 140, 9, 16,
       176, 35, 156, 24, 87, 32, 121, 68, 32, 129, 144, 8, 6, 8, 71, 2,
       162, 3, 20, 81, 132, 147, 66, 64, 68, 0, 98, 138, 161, 204, 11,
       12, 128, 166, 77, 0, 8, 49, 78, 115, 150, 117, 170, 0, 252, 3, 86,
       0, 96, 0, 8, 2, 28, 65, 75, 17, 44, 48, 5, 32, 24, 52, 72, 128,
       98, 33, 185, 72, 6, 33, 242, 28, 176, 92, 150, 63, 177, 186, 120,
       118, 186, 214, 117, 253, 119, 177, 64, 246, 223, 65, 243, 197, 97,
       195, 243, 200, 58, 224, 254, 88, 77, 181, 235, 223, 36, 85, 186,
       83, 120, 233, 116, 112, 92, 56, 47, 213, 53, 247, 111, 153, 172,
       24, 5, 240, 29, 156, 73, 16, 242, 51, 189, 88, 87, 32, 250, 61,
       190, 253, 245, 63, 253, 187, 125, 252, 253, 222, 253, 253, 125,
       154, 244, 251, 221, 99, 115, 245, 103, 203, 255, 205, 234, 244,
       191, 126, 87, 115, 239, 223, 44, 85, 190, 87, 122, 233, 116, 120,
       92, 58, 47, 213, 53, 247, 111, 153, 172, 24, 5, 240, 29, 156, 73,
       16, 242, 51, 189, 90, 87, 32, 250, 119, 54, 241, 146, 217, 134, 7,
       76, 230, 102, 129, 52, 253, 239, 177, 87, 226, 213, 3, 100, 201,
       7, 195, 53, 78, 200, 172, 13, 82, 8, 49, 105, 87, 36, 85, 186, 82,
       120, 5, 84, 80, 64, 24, 14, 197, 28, 229, 79, 153, 172, 24, 5,
       240, 28, 156, 73, 16, 242, 51, 188, 88, 86, 32, 248, 62, 190, 255,
       253, 63, 253, 251, 125, 253, 255, 222, 253, 253, 126, 187, 245,
       251, 221, 99, 115, 245, 119, 195, 255, 237, 255, 246, 191, 94, 95,
       119, 239, 223, 44, 85, 190, 222, 120, 249, 117, 120, 92, 123, 47,
       213, 53, 247, 111, 153, 172, 24, 5, 240, 29, 156, 73, 16, 242, 51,
       189, 90, 87, 32, 254, 61, 191, 255, 254, 62, 255, 249, 127, 255,
       252, 215, 241, 255, 123, 190, 94, 254, 255, 99, 107, 245, 127,
       211, 247, 221, 251, 247, 255, 126, 223, 247, 235, 223, 44, 87,
       190, 223, 120, 249, 125, 120, 93, 251, 175, 245, 53, 247, 111,
       185, 172, 24, 15, 240, 29, 156, 77, 16, 242, 115, 189, 122, 87,
       40, 250 ]
