%YAML:1.0
descriptors: !!opencv-matrix
   rows: 53
   cols: 64
   dt: u
   data: [ 62, 178, 253, 247, 191, 181, 191, 121, 254, 255, 212, 253,
       253, 127, 177, 85, 254, 255, 99, 115, 245, 119, 211, 255, 221,
       254, 228, 255, 126, 221, 245, 239, 223, 44, 87, 190, 95, 120, 233,
       124, 124, 93, 122, 47, 213, 53, 247, 111, 153, 172, 24, 5, 240,
       29, 156, 73, 16, 242, 51, 189, 90, 87, 32, 250, 62, 189, 253, 254,
       63, 253, 253, 123, 255, 252, 213, 253, 253, 126, 188, 95, 251,
       254, 99, 123, 245, 62, 211, 247, 237, 255, 231, 255, 126, 95, 245,
       239, 223, 44, 87, 190, 219, 120, 249, 117, 120, 93, 123, 47, 213,
       53, 247, 111, 153, 172, 24, 5, 240, 29, 156, 73, 16, 242, 51, 189,
       90, 87, 32, 250, 124, 189, 255, 252, 54, 183, 253, 123, 246, 254,
       253, 241, 255, 254, 180, 94, 255, 223, 99, 103, 245, 47, 193, 247,
       205, 255, 231, 255, 82, 92, 244, 235, 223, 36, 85, 190, 211, 120,
       233, 117, 120, 94, 57, 47, 213, 53, 247, 111, 153, 172, 24, 5,
       240, 29, 156, 73, 16, 242, 51, 189, 88, 87, 32, 250, 94, 50, 77,
       191, 127, 186, 158, 57, 122, 186, 214, 181, 236, 87, 9, 83, 224,
       213, 1, 243, 197, 37, 195, 123, 77, 218, 160, 47, 82, 13, 49, 110,
       215, 44, 85, 186, 90, 120, 233, 116, 112, 92, 56, 47, 213, 20,
       245, 111, 153, 172, 24, 5, 240, 29, 156, 73, 16, 242, 51, 189, 88,
       87, 32, 250, 124, 185, 255, 244, 119, 191, 255, 123, 247, 221,
       247, 241, 127, 251, 180, 94, 242, 221, 127, 103, 247, 111, 225,
       247, 207, 255, 231, 255, 122, 156, 244, 235, 223, 36, 84, 190, 82,
       120, 249, 245, 120, 92, 185, 47, 209, 53, 247, 111, 153, 172, 24,
       5, 240, 29, 157, 73, 16, 242, 51, 189, 88, 87, 32, 250, 79, 50,
       69, 54, 127, 179, 158, 24, 240, 184, 131, 101, 252, 119, 33, 83,
       224, 253, 3, 243, 197, 39, 67, 119, 68, 218, 164, 191, 90, 12, 53,
       98, 215, 44, 85, 186, 91, 120, 233, 116, 120, 92, 56, 47, 213, 85,
       247, 111, 153, 172, 24, 5, 240, 29, 156, 73, 16, 242, 51, 189, 88,
       87, 32, 250, 69, 2, 204, 0, 104, 154, 186, 118, 48, 186, 82, 85,
       200, 113, 137, 0, 194, 201, 35, 98, 197, 39, 194, 243, 73, 72,
       172, 134, 64, 4, 33, 106, 223, 36, 69, 186, 83, 56, 233, 116, 120,
       92, 56, 175, 213, 48, 247, 111, 153, 172, 24, 1, 240, 29, 156, 73,
       16, 242, 51, 189, 88, 87, 32, 250, 77, 2, 206, 176, 127, 179, 175,
       114, 52, 190, 80, 3, 154, 253, 51, 65, 128, 221, 105, 102, 224,
       39, 194, 243, 74, 106, 188, 134, 88, 4, 49, 203, 223, 36, 85, 186,
       83, 120, 233, 116, 120, 92, 56, 47, 213, 53, 247, 111, 153, 172,
       24, 5, 240, 29, 156, 73, 16, 242, 51, 189, 88, 87, 32, 250, 118,
       48, 211, 151, 219, 134, 11, 77, 206, 103, 19, 62, 177, 206, 179,
       86, 234, 213, 25, 102, 203, 167, 203, 109, 78, 202, 188, 47, 18,
       9, 49, 111, 87, 165, 85, 187, 82, 120, 229, 86, 112, 72, 8, 10,
       197, 28, 233, 23, 153, 172, 24, 5, 240, 28, 156, 75, 16, 242, 51,
       189, 88, 87, 48, 250, 228, 42, 243, 147, 216, 135, 131, 200, 206,
       111, 2, 62, 211, 238, 179, 64, 234, 213, 59, 102, 207, 173, 202,
       125, 78, 218, 190, 47, 210, 9, 51, 111, 87, 39, 85, 187, 82, 125,
       109, 86, 112, 64, 8, 14, 205, 12, 237, 151, 157, 172, 24, 5, 241,
       28, 156, 75, 80, 252, 51, 189, 92, 87, 48, 250, 61, 180, 253, 182,
       63, 55, 191, 127, 246, 252, 221, 243, 125, 127, 178, 84, 255, 223,
       99, 99, 245, 39, 193, 247, 204, 239, 244, 223, 90, 93, 245, 235,
       223, 36, 85, 190, 83, 120, 233, 116, 120, 92, 56, 47, 213, 53,
       247, 111, 153, 172, 24, 5, 240, 29, 156, 73, 16, 242, 51, 189, 88,
       87, 32, 250, 95, 51, 77, 182, 63, 179, 159, 56, 118, 190, 214,
       113, 253, 122, 177, 83, 240, 215, 1, 243, 197, 33, 193, 114, 204,
       202, 224, 79, 90, 76, 245, 107, 215, 44, 85, 186, 90, 120, 233,
       116, 112, 92, 56, 47, 213, 20, 245, 111, 153, 172, 24, 5, 240, 29,
       156, 73, 16, 242, 51, 189, 88, 87, 32, 250, 67, 0, 0, 178, 217,
       162, 99, 10, 0, 32, 0, 35, 160, 75, 128, 1, 66, 85, 1, 66, 194,
       45, 136, 123, 6, 138, 2, 7, 210, 1, 33, 79, 19, 167, 20, 187, 33,
       224, 37, 150, 193, 98, 24, 74, 65, 25, 193, 195, 8, 36, 24, 4,
       101, 24, 140, 137, 16, 168, 179, 159, 8, 6, 49, 249, 62, 177, 253,
       182, 62, 127, 251, 127, 246, 254, 214, 247, 125, 126, 187, 118,
       254, 215, 99, 99, 245, 39, 195, 119, 205, 234, 244, 207, 82, 92,
       247, 235, 215, 44, 85, 190, 90, 120, 233, 116, 120, 92, 56, 47,
       213, 21, 245, 111, 153, 172, 24, 5, 240, 29, 156, 73, 16, 242, 51,
       189, 88, 87, 32, 250, 95, 146, 92, 182, 127, 179, 191, 112, 52,
       124, 87, 81, 156, 122, 176, 81, 226, 221, 1, 99, 229, 33, 195,
       114, 76, 218, 168, 15, 82, 12, 49, 107, 215, 36, 85, 186, 83, 120,
       233, 116, 112, 92, 56, 47, 213, 20, 247, 111, 153, 172, 24, 5,
       240, 29, 156, 73, 16, 242, 51, 189, 88, 87, 32, 250, 63, 187, 253,
       246, 63, 255, 255, 126, 246, 254, 222, 245, 109, 127, 187, 247,
       255, 215, 99, 115, 245, 39, 195, 119, 205, 234, 228, 223, 90, 28,
       241, 235, 215, 44, 85, 190, 90, 122, 233, 116, 248, 92, 58, 47,
       213, 23, 245, 111, 153, 172, 24, 5, 240, 29, 157, 73, 16, 242, 51,
       189, 88, 87, 32, 250, 69, 36, 225, 144, 89, 134, 3, 127, 132, 230,
       131, 52, 65, 206, 153, 71, 202, 85, 3, 102, 201, 35, 194, 51, 76,
       200, 172, 13, 82, 8, 49, 75, 87, 37, 85, 187, 82, 120, 197, 84,
       48, 80, 24, 14, 85, 28, 225, 111, 153, 172, 24, 5, 241, 29, 156,
       73, 16, 242, 51, 189, 88, 86, 32, 250, 76, 33, 237, 145, 218, 135,
       35, 124, 164, 230, 130, 52, 209, 238, 177, 70, 226, 85, 27, 102,
       201, 165, 194, 51, 76, 202, 172, 15, 82, 8, 49, 107, 83, 39, 85,
       187, 82, 120, 101, 84, 112, 84, 24, 46, 213, 28, 229, 111, 153,
       172, 24, 5, 241, 29, 156, 73, 16, 242, 51, 189, 88, 86, 32, 250,
       92, 50, 92, 180, 125, 187, 62, 116, 52, 186, 211, 48, 205, 119,
       153, 66, 226, 221, 67, 99, 229, 35, 195, 243, 73, 106, 172, 158,
       80, 4, 49, 234, 223, 36, 85, 186, 83, 120, 233, 116, 120, 92, 56,
       47, 213, 53, 247, 111, 153, 172, 24, 1, 240, 29, 156, 73, 16, 242,
       51, 189, 88, 87, 32, 250, 93, 144, 92, 180, 127, 179, 191, 116,
       52, 252, 213, 213, 221, 124, 177, 66, 242, 221, 65, 103, 225, 33,
       195, 115, 76, 234, 168, 143, 82, 4, 117, 235, 215, 36, 85, 186,
       83, 120, 233, 116, 120, 92, 56, 47, 213, 21, 247, 111, 153, 172,
       24, 5, 240, 29, 156, 73, 16, 242, 51, 189, 88, 87, 32, 250, 126,
       53, 253, 182, 127, 183, 27, 95, 246, 126, 212, 51, 253, 234, 179,
       87, 246, 215, 59, 246, 233, 39, 195, 119, 206, 202, 252, 111, 82,
       28, 241, 235, 215, 44, 85, 191, 90, 120, 233, 116, 112, 92, 56,
       47, 213, 20, 245, 111, 153, 172, 24, 5, 240, 29, 156, 73, 16, 242,
       51, 189, 88, 87, 32, 250, 121, 48, 125, 166, 127, 183, 191, 122,
       244, 124, 213, 113, 253, 123, 177, 85, 242, 213, 67, 100, 241, 39,
       193, 119, 76, 232, 172, 159, 90, 28, 113, 235, 215, 36, 85, 190,
       82, 120, 169, 116, 120, 92, 24, 15, 213, 21, 245, 79, 153, 172,
       24, 5, 240, 29, 156, 73, 16, 242, 51, 189, 88, 87, 32, 250, 125,
       54, 125, 166, 127, 183, 63, 123, 246, 126, 208, 113, 125, 123,
       176, 84, 242, 213, 67, 100, 241, 35, 193, 119, 204, 232, 236, 143,
       90, 92, 113, 235, 223, 36, 85, 190, 82, 120, 169, 116, 120, 92,
       24, 15, 213, 53, 245, 79, 153, 172, 24, 5, 240, 29, 156, 73, 16,
       242, 51, 189, 88, 87, 32, 250, 69, 39, 193, 16, 217, 130, 6, 79,
       160, 34, 130, 36, 192, 103, 137, 1, 194, 69, 3, 100, 193, 39, 82,
       115, 70, 200, 140, 13, 18, 12, 33, 64, 87, 36, 85, 186, 82, 56, 5,
       84, 48, 84, 24, 143, 69, 72, 229, 79, 153, 172, 24, 1, 240, 29,
       156, 73, 16, 242, 51, 189, 72, 86, 32, 248, 68, 35, 193, 16, 217,
       130, 2, 95, 160, 32, 130, 36, 192, 199, 137, 1, 226, 69, 3, 102,
       201, 39, 66, 115, 70, 200, 140, 13, 82, 12, 33, 66, 215, 37, 85,
