%YAML:1.0
descriptors: !!opencv-matrix
   rows: 126
   cols: 64
   dt: u
   data: [ 127, 53, 253, 178, 223, 183, 51, 124, 246, 126, 212, 55, 253,
       110, 179, 87, 250, 245, 3, 102, 233, 39, 195, 119, 204, 234, 252,
       45, 82, 28, 113, 235, 215, 36, 85, 190, 82, 120, 225, 124, 120,
       92, 56, 47, 213, 20, 229, 111, 153, 172, 24, 5, 240, 29, 156, 73,
       16, 242, 51, 189, 88, 87, 32, 250, 126, 51, 245, 183, 255, 183,
       47, 125, 230, 254, 209, 54, 253, 239, 179, 87, 246, 215, 99, 102,
       233, 39, 195, 119, 204, 202, 252, 111, 82, 28, 241, 235, 215, 36,
       85, 191, 82, 120, 233, 116, 112, 92, 56, 47, 213, 20, 229, 111,
       153, 172, 24, 5, 240, 29, 156, 73, 16, 242, 51, 189, 88, 87, 32,
       250, 125, 50, 245, 182, 251, 183, 63, 124, 230, 100, 211, 50, 253,
       251, 179, 86, 250, 213, 107, 100, 233, 39, 195, 119, 204, 248,
       252, 45, 82, 12, 113, 235, 215, 37, 85, 190, 82, 120, 225, 124,
       120, 92, 56, 47, 213, 28, 245, 79, 153, 172, 24, 5, 240, 29, 156,
       73, 16, 242, 51, 189, 88, 87, 32, 250, 127, 50, 255, 179, 255,
       183, 15, 124, 230, 126, 211, 50, 237, 203, 179, 87, 242, 213, 123,
       102, 233, 7, 195, 117, 206, 232, 252, 45, 82, 28, 112, 171, 215,
       37, 85, 191, 82, 120, 229, 116, 112, 92, 56, 15, 213, 28, 229, 79,
       153, 172, 24, 5, 240, 29, 156, 73, 16, 242, 51, 189, 88, 87, 32,
       250, 63, 254, 125, 237, 63, 253, 255, 121, 253, 255, 223, 251,
       253, 125, 252, 85, 255, 253, 227, 251, 245, 118, 219, 255, 253,
       255, 247, 255, 126, 119, 247, 239, 223, 252, 223, 190, 255, 249,
       249, 119, 124, 93, 251, 47, 245, 53, 247, 111, 187, 254, 153, 15,
       240, 29, 220, 93, 54, 243, 247, 191, 251, 223, 108, 254, 62, 251,
       255, 255, 63, 253, 253, 127, 253, 254, 223, 253, 255, 126, 253,
       222, 251, 255, 251, 251, 247, 127, 211, 255, 253, 255, 247, 255,
       127, 255, 255, 239, 207, 254, 239, 190, 255, 249, 249, 125, 120,
       125, 247, 111, 247, 245, 247, 111, 191, 254, 157, 79, 242, 29,
       158, 93, 54, 243, 255, 255, 251, 255, 173, 254, 252, 249, 255,
       255, 119, 127, 253, 255, 223, 255, 253, 191, 127, 254, 255, 254,
       251, 223, 123, 111, 63, 255, 231, 183, 255, 255, 247, 255, 123,
       255, 246, 235, 223, 39, 117, 255, 215, 125, 251, 125, 122, 125,
       253, 127, 255, 63, 247, 238, 223, 174, 31, 215, 240, 61, 156, 93,
       80, 254, 123, 255, 125, 119, 161, 250, 126, 55, 231, 147, 223,
       183, 7, 127, 230, 103, 145, 54, 255, 255, 179, 85, 226, 213, 59,
       102, 201, 135, 195, 119, 78, 202, 184, 47, 210, 28, 48, 107, 215,
       37, 85, 187, 82, 120, 229, 116, 80, 88, 24, 14, 213, 28, 229, 79,
       153, 172, 24, 5, 240, 29, 156, 73, 16, 246, 51, 189, 88, 87, 32,
       248, 103, 36, 97, 130, 95, 135, 7, 72, 230, 102, 145, 48, 249, 46,
       176, 85, 226, 213, 3, 100, 193, 35, 193, 103, 76, 192, 172, 13,
       18, 12, 17, 105, 215, 36, 84, 186, 66, 120, 5, 84, 48, 88, 24, 15,
       213, 28, 229, 79, 153, 172, 24, 5, 112, 29, 156, 73, 16, 242, 51,
       188, 88, 86, 32, 248, 102, 35, 231, 146, 223, 135, 7, 91, 228,
       102, 146, 54, 253, 239, 179, 69, 226, 213, 43, 102, 201, 39, 195,
       119, 78, 202, 172, 13, 82, 12, 49, 107, 215, 37, 85, 187, 82, 120,
       229, 84, 112, 84, 24, 15, 213, 28, 229, 79, 153, 172, 24, 5, 240,
       29, 156, 73, 16, 242, 51, 189, 88, 87, 32, 250, 102, 41, 231, 147,
       223, 135, 3, 127, 236, 103, 146, 54, 251, 239, 147, 78, 226, 213,
       59, 102, 207, 167, 195, 119, 78, 202, 188, 47, 210, 12, 48, 107,
       215, 39, 85, 187, 82, 120, 229, 116, 112, 84, 24, 15, 213, 28,
       229, 207, 153, 172, 24, 5, 240, 29, 156, 73, 16, 242, 51, 189, 88,
       87, 32, 250, 253, 52, 245, 183, 255, 167, 63, 121, 206, 101, 209,
       123, 255, 238, 182, 92, 242, 213, 123, 100, 249, 7, 195, 117, 206,
       234, 252, 175, 210, 8, 115, 171, 215, 37, 85, 191, 82, 120, 237,
       116, 120, 92, 24, 47, 213, 61, 245, 79, 153, 172, 24, 5, 240, 29,
       156, 73, 16, 242, 51, 189, 88, 87, 32, 250, 255, 184, 255, 191,
       255, 167, 191, 248, 254, 253, 213, 251, 255, 234, 182, 92, 242,
       213, 123, 103, 253, 135, 195, 117, 78, 250, 252, 47, 210, 29, 115,
       171, 215, 37, 85, 191, 82, 121, 237, 116, 112, 92, 56, 47, 213,
       28, 253, 125, 157, 172, 24, 5, 240, 61, 156, 73, 80, 246, 51, 189,
       88, 87, 32, 250, 252, 56, 255, 183, 255, 167, 63, 248, 254, 101,
       213, 122, 255, 239, 178, 92, 242, 213, 123, 102, 233, 135, 195,
       117, 78, 250, 188, 47, 210, 13, 115, 171, 215, 37, 85, 191, 82,
       121, 237, 118, 112, 92, 56, 47, 213, 28, 253, 61, 157, 172, 24, 5,
       240, 29, 156, 73, 80, 246, 51, 189, 88, 87, 32, 250, 91, 22, 220,
       6, 127, 179, 150, 49, 114, 56, 86, 87, 188, 119, 35, 81, 230, 215,
       1, 246, 193, 37, 195, 243, 200, 72, 232, 110, 82, 12, 177, 106,
       223, 36, 85, 186, 91, 120, 233, 116, 112, 92, 56, 47, 213, 20,
       247, 111, 153, 172, 24, 5, 240, 29, 156, 73, 16, 242, 51, 189, 88,
       87, 32, 250, 109, 47, 231, 145, 218, 151, 35, 79, 236, 103, 130,
       60, 243, 238, 185, 79, 226, 213, 59, 102, 207, 167, 194, 55, 78,
       202, 174, 47, 82, 8, 48, 43, 211, 39, 85, 187, 82, 120, 229, 116,
       112, 92, 24, 47, 213, 28, 229, 111, 153, 172, 24, 5, 241, 29, 156,
       73, 16, 242, 51, 189, 88, 86, 32, 250, 222, 254, 207, 51, 223,
       115, 162, 191, 120, 185, 254, 255, 254, 247, 99, 234, 237, 223,
       61, 247, 77, 133, 239, 177, 203, 95, 249, 238, 209, 7, 178, 62,
       255, 47, 85, 251, 91, 125, 237, 116, 120, 92, 56, 63, 221, 61,
       255, 181, 157, 172, 24, 5, 240, 63, 156, 73, 80, 244, 49, 189, 92,
       87, 32, 250, 213, 59, 219, 147, 223, 147, 3, 254, 78, 35, 147, 62,
       243, 202, 162, 74, 234, 213, 57, 102, 207, 165, 195, 115, 78, 202,
       184, 47, 210, 12, 50, 43, 215, 39, 85, 187, 82, 120, 237, 116,
       112, 92, 56, 47, 213, 28, 245, 239, 153, 172, 24, 5, 240, 29, 156,
       73, 16, 242, 51, 189, 88, 87, 32, 250, 252, 56, 255, 151, 254,
       167, 59, 248, 238, 101, 215, 126, 255, 254, 178, 92, 242, 213,
       123, 102, 205, 135, 195, 117, 78, 218, 188, 47, 210, 13, 115, 175,
       215, 37, 85, 187, 82, 121, 237, 118, 112, 92, 24, 47, 221, 28,
       253, 53, 157, 172, 24, 5, 240, 61, 156, 73, 80, 246, 51, 189, 88,
       87, 32, 250, 238, 235, 227, 247, 254, 230, 239, 205, 236, 253,
       194, 255, 235, 207, 243, 205, 235, 213, 63, 103, 79, 143, 239,
       125, 79, 223, 191, 47, 215, 15, 50, 63, 215, 39, 125, 251, 82,
       117, 237, 118, 113, 124, 56, 127, 221, 28, 253, 183, 205, 172, 88,
       53, 209, 255, 156, 235, 80, 252, 49, 191, 92, 87, 48, 250, 109,
       39, 229, 176, 80, 166, 35, 126, 228, 100, 194, 52, 227, 239, 144,
       70, 226, 213, 59, 102, 197, 39, 194, 119, 78, 202, 172, 13, 82,
       12, 48, 73, 215, 39, 85, 187, 82, 120, 197, 116, 112, 84, 24, 15,
       213, 28, 229, 79, 153, 172, 24, 5, 241, 29, 156, 73, 16, 242, 51,
       189, 88, 87, 32, 250, 221, 25, 206, 147, 223, 139, 19, 254, 14,
       37, 213, 62, 179, 218, 182, 74, 234, 213, 57, 102, 205, 133, 195,
       113, 78, 202, 184, 47, 210, 12, 50, 43, 215, 37, 85, 187, 82, 121,
       237, 116, 112, 92, 56, 47, 221, 28, 245, 175, 157, 172, 24, 5,
       240, 29, 156, 73, 80, 242, 51, 189, 88, 87, 32, 250, 253, 184,
       255, 159, 255, 135, 159, 248, 238, 101, 213, 250, 255, 254, 182,
       92, 250, 213, 59, 102, 207, 135, 195, 125, 78, 218, 188, 47, 210,
       13, 114, 47, 215, 37, 85, 187, 82, 125, 237, 118, 112, 94, 56, 47,
       221, 28, 253, 53, 157, 172, 24, 5, 240, 61, 156, 75, 80, 254, 49,
       189, 88, 87, 32, 250, 108, 41, 239, 177, 219, 183, 39, 126, 244,
       126, 198, 53, 251, 238, 179, 71, 226, 213, 123, 102, 237, 39, 194,
       119, 78, 202, 172, 45, 82, 12, 48, 169, 215, 39, 85, 187, 82, 120,
       197, 116, 112, 84, 24, 15, 213, 28, 229, 79, 153, 172, 24, 5, 241,
       29, 156, 73, 16, 242, 51, 189, 88, 86, 32, 250, 237, 239, 231,
