%YAML:1.0
descriptors: !!opencv-matrix
   rows: 15
   cols: 64
   dt: u
   data: [ 31, 187, 207, 254, 63, 249, 221, 58, 127, 253, 254, 249, 255,
       127, 252, 89, 249, 255, 97, 251, 229, 109, 195, 251, 237, 255,
       227, 255, 126, 95, 245, 239, 223, 44, 87, 186, 127, 120, 249, 125,
       112, 92, 58, 47, 213, 21, 247, 111, 153, 172, 24, 5, 240, 29, 156,
       73, 22, 242, 55, 189, 88, 87, 32, 250, 100, 35, 227, 178, 89, 166,
       35, 111, 196, 108, 194, 53, 97, 203, 145, 68, 226, 213, 3, 102,
       197, 47, 193, 119, 78, 202, 164, 13, 82, 12, 48, 75, 87, 38, 85,
       186, 82, 120, 65, 84, 80, 84, 24, 14, 193, 4, 193, 79, 153, 172,
       24, 5, 240, 29, 156, 73, 16, 242, 51, 189, 88, 87, 32, 250, 60,
       189, 255, 247, 62, 253, 249, 127, 253, 253, 214, 253, 255, 127,
       180, 222, 251, 255, 251, 251, 245, 127, 243, 255, 189, 127, 247,
       255, 127, 255, 247, 239, 207, 110, 167, 182, 255, 185, 249, 125,
       125, 221, 255, 239, 247, 113, 247, 111, 191, 254, 139, 203, 240,
       157, 156, 93, 126, 247, 247, 255, 251, 191, 173, 254, 28, 160,
       137, 223, 63, 241, 254, 124, 93, 187, 221, 253, 241, 86, 185, 96,
       251, 153, 99, 211, 197, 53, 195, 223, 233, 94, 224, 174, 68, 207,
       181, 238, 207, 44, 87, 186, 91, 120, 233, 116, 120, 92, 113, 47,
       213, 53, 183, 111, 153, 172, 24, 5, 240, 29, 156, 65, 16, 242, 51,
       189, 88, 87, 32, 250, 54, 113, 121, 158, 55, 15, 93, 79, 198, 68,
       189, 176, 125, 238, 180, 118, 247, 214, 6, 99, 7, 162, 225, 39,
       220, 135, 229, 73, 83, 184, 212, 105, 210, 36, 84, 190, 66, 120,
       195, 252, 82, 218, 56, 47, 208, 20, 229, 110, 145, 172, 24, 5,
       112, 29, 156, 73, 16, 242, 51, 189, 88, 86, 34, 251, 118, 48, 241,
       148, 26, 134, 11, 111, 198, 100, 147, 52, 81, 130, 145, 82, 226,
       213, 3, 96, 139, 33, 194, 35, 12, 136, 172, 13, 82, 8, 49, 107,
       85, 36, 20, 186, 66, 120, 1, 86, 144, 64, 16, 14, 192, 28, 193,
       79, 153, 172, 24, 5, 112, 28, 148, 73, 16, 242, 51, 188, 88, 6,
       32, 251, 119, 50, 85, 134, 223, 130, 15, 72, 102, 103, 147, 48,
       237, 47, 144, 81, 242, 215, 1, 100, 201, 33, 195, 116, 204, 216,
       232, 111, 82, 12, 241, 107, 215, 36, 84, 190, 82, 120, 161, 84,
       112, 88, 24, 15, 213, 20, 229, 79, 153, 172, 24, 5, 240, 29, 156,
       73, 16, 242, 51, 189, 88, 87, 32, 250, 199, 96, 211, 118, 57, 34,
       121, 74, 16, 40, 97, 179, 130, 203, 132, 26, 34, 69, 164, 99, 142,
       172, 200, 59, 14, 138, 163, 31, 82, 41, 37, 111, 19, 183, 52, 58,
       33, 252, 242, 247, 194, 234, 233, 75, 234, 16, 193, 75, 73, 230,
       48, 87, 108, 30, 189, 8, 17, 242, 179, 155, 216, 22, 179, 191,
       195, 209, 130, 54, 69, 34, 124, 10, 0, 1, 101, 194, 162, 139, 4,
       27, 102, 23, 61, 213, 2, 15, 225, 99, 2, 218, 251, 15, 82, 32, 32,
       37, 150, 167, 52, 155, 3, 76, 4, 214, 65, 202, 56, 105, 203, 29,
       127, 142, 73, 160, 80, 148, 101, 34, 180, 171, 81, 186, 49, 155,
       24, 85, 144, 235, 51, 147, 221, 214, 38, 157, 221, 56, 247, 212,
       23, 192, 189, 123, 60, 85, 246, 246, 96, 43, 214, 110, 195, 119,
       233, 182, 231, 122, 118, 56, 213, 107, 215, 44, 87, 190, 218, 88,
       250, 125, 112, 92, 57, 47, 212, 20, 245, 111, 153, 172, 24, 7,
       240, 29, 156, 73, 16, 242, 50, 189, 120, 87, 32, 250, 18, 145,
       152, 214, 39, 136, 220, 2, 87, 129, 21, 200, 190, 114, 20, 26,
       116, 211, 36, 179, 198, 45, 195, 99, 201, 214, 225, 126, 18, 168,
       213, 107, 151, 44, 80, 180, 90, 72, 234, 112, 112, 95, 169, 107,
       149, 20, 245, 111, 145, 168, 25, 5, 240, 25, 156, 73, 17, 243, 50,
       189, 88, 85, 32, 250, 3, 209, 152, 94, 39, 153, 220, 10, 211, 128,
       5, 200, 176, 82, 36, 91, 236, 247, 32, 147, 134, 63, 83, 71, 225,
       214, 231, 111, 18, 40, 213, 98, 199, 60, 87, 190, 90, 88, 234,
       117, 112, 95, 32, 111, 149, 84, 181, 111, 145, 174, 24, 7, 240,
       29, 156, 65, 17, 243, 50, 189, 120, 87, 32, 250, 19, 159, 220, 95,
       55, 153, 220, 57, 123, 145, 21, 252, 188, 119, 45, 91, 239, 215,
       32, 187, 199, 119, 195, 119, 233, 214, 225, 127, 118, 42, 149,
       106, 223, 44, 85, 190, 90, 120, 251, 117, 112, 93, 57, 47, 149,
       20, 245, 111, 153, 174, 24, 5, 240, 29, 156, 73, 16, 243, 50, 189,
       88, 87, 32, 250, 94, 50, 147, 245, 250, 244, 250, 229, 88, 187,
       83, 93, 209, 68, 155, 112, 58, 201, 153, 98, 205, 41, 78, 216,
       173, 202, 174, 231, 70, 229, 183, 254, 119, 177, 93, 49, 127, 255,
       236, 119, 233, 108, 195, 78, 231, 140, 155, 51, 157, 220, 24, 103,
       247, 245, 156, 233, 199, 223, 147, 175, 236, 47, 49, 246, 61, 190,
       253, 252, 62, 253, 253, 127, 253, 254, 212, 253, 221, 125, 188,
       207, 249, 253, 227, 123, 245, 127, 218, 255, 253, 127, 247, 246,
       125, 215, 127, 239, 223, 250, 215, 36, 255, 248, 249, 127, 124,
       189, 251, 175, 245, 245, 247, 107, 187, 254, 137, 79, 244, 29,
       222, 93, 54, 242, 255, 191, 251, 223, 237, 254 ]
