%YAML:1.0
descriptors: !!opencv-matrix
   rows: 12
   cols: 64
   dt: u
   data: [ 195, 13, 146, 119, 201, 130, 110, 143, 24, 171, 0, 139, 162,
       194, 130, 26, 106, 23, 57, 71, 206, 173, 202, 11, 78, 202, 186,
       47, 82, 41, 35, 110, 87, 167, 60, 59, 51, 253, 103, 118, 96, 104,
       168, 105, 203, 28, 201, 179, 89, 172, 24, 53, 229, 62, 188, 235,
       209, 250, 179, 191, 92, 85, 177, 246, 62, 248, 255, 255, 63, 253,
       253, 125, 255, 255, 221, 253, 253, 126, 189, 94, 255, 247, 99,
       251, 245, 63, 211, 127, 253, 255, 231, 255, 95, 255, 245, 239,
       223, 44, 87, 190, 223, 120, 233, 125, 120, 93, 123, 47, 245, 53,
       247, 111, 185, 174, 24, 7, 240, 29, 156, 73, 16, 243, 55, 189,
       251, 95, 32, 250, 127, 51, 253, 247, 54, 183, 255, 120, 255, 255,
       215, 251, 253, 122, 179, 87, 246, 255, 99, 99, 253, 127, 195, 119,
       205, 234, 230, 255, 90, 92, 245, 235, 215, 44, 87, 190, 91, 120,
       249, 117, 120, 93, 57, 47, 213, 21, 247, 111, 153, 172, 24, 5,
       240, 29, 156, 73, 16, 242, 51, 189, 88, 87, 32, 250, 71, 5, 64,
       18, 89, 130, 6, 75, 2, 96, 3, 48, 32, 206, 128, 86, 98, 85, 1, 68,
       131, 35, 128, 35, 12, 130, 168, 13, 18, 8, 17, 73, 82, 38, 20,
       154, 2, 120, 7, 86, 0, 64, 24, 10, 65, 28, 197, 15, 17, 44, 16, 4,
       48, 24, 148, 75, 16, 114, 49, 189, 72, 22, 32, 248, 61, 191, 255,
       244, 55, 255, 253, 126, 247, 252, 223, 245, 255, 127, 184, 94,
       255, 255, 99, 123, 245, 47, 195, 247, 221, 254, 230, 255, 122, 94,
       245, 235, 223, 44, 85, 190, 223, 120, 249, 125, 120, 92, 187, 47,
       213, 53, 247, 111, 153, 172, 24, 5, 240, 29, 156, 73, 16, 242,
       115, 191, 90, 87, 32, 250, 60, 189, 255, 254, 54, 55, 249, 123,
       245, 254, 245, 241, 127, 234, 181, 79, 250, 221, 99, 99, 247, 45,
       209, 247, 221, 251, 231, 159, 82, 220, 116, 235, 207, 36, 87, 190,
       219, 120, 233, 117, 120, 92, 57, 47, 245, 53, 247, 111, 153, 172,
       24, 7, 240, 29, 156, 73, 16, 242, 115, 189, 88, 87, 32, 250, 68,
       33, 193, 144, 88, 6, 3, 79, 130, 102, 1, 52, 1, 198, 145, 66, 226,
       85, 1, 102, 138, 169, 200, 35, 12, 194, 162, 13, 18, 8, 49, 73,
       83, 39, 85, 187, 0, 120, 71, 86, 16, 64, 24, 10, 69, 28, 193, 79,
       25, 44, 16, 4, 48, 24, 148, 75, 16, 114, 51, 189, 88, 86, 32, 240,
       65, 2, 65, 177, 216, 162, 34, 72, 32, 34, 2, 6, 128, 65, 129, 1,
       194, 85, 9, 100, 200, 33, 138, 120, 78, 200, 40, 47, 210, 8, 49,
       79, 87, 39, 85, 187, 82, 112, 37, 86, 48, 64, 24, 14, 85, 28, 193,
       67, 153, 44, 24, 4, 241, 29, 140, 73, 16, 242, 51, 189, 72, 86,
       32, 248, 70, 2, 65, 128, 217, 134, 6, 73, 132, 98, 2, 18, 145, 68,
       176, 69, 194, 85, 1, 96, 200, 37, 138, 105, 78, 200, 136, 15, 146,
       8, 49, 78, 87, 37, 84, 187, 66, 112, 37, 86, 16, 64, 24, 15, 65,
       28, 229, 75, 25, 44, 24, 4, 113, 28, 156, 73, 16, 242, 51, 189,
       72, 87, 32, 248, 102, 33, 195, 211, 216, 134, 71, 79, 198, 103,
       17, 48, 147, 194, 146, 90, 226, 85, 56, 102, 143, 173, 202, 43,
       78, 194, 174, 47, 18, 8, 16, 107, 83, 39, 20, 187, 66, 124, 103,
       86, 48, 96, 0, 75, 217, 28, 229, 151, 17, 172, 24, 4, 33, 24, 148,
       75, 16, 114, 51, 189, 88, 84, 48, 248, 24, 17, 93, 150, 63, 179,
       186, 120, 118, 186, 213, 117, 189, 119, 177, 66, 246, 215, 65,
       115, 196, 97, 195, 243, 200, 106, 224, 94, 88, 72, 181, 235, 223,
       36, 85, 186, 83, 120, 233, 116, 112, 92, 56, 47, 213, 53, 245,
       111, 153, 172, 24, 5, 240, 29, 156, 73, 16, 242, 51, 189, 88, 87,
       32, 250, 69, 37, 227, 208, 216, 134, 71, 79, 128, 100, 1, 52, 211,
       198, 147, 66, 234, 85, 51, 102, 206, 173, 194, 3, 78, 202, 166,
       13, 18, 8, 48, 75, 87, 39, 85, 187, 0, 120, 71, 86, 48, 96, 24,
       14, 205, 28, 197, 143, 25, 172, 24, 5, 113, 24, 156, 75, 16, 250,
       51, 189, 88, 86, 33, 250 ]
