%YAML:1.0
descriptors: !!opencv-matrix
   rows: 13
   cols: 64
   dt: u
   data: [ 61, 191, 255, 254, 63, 189, 253, 127, 247, 252, 213, 241, 255,
       127, 180, 95, 255, 223, 99, 99, 247, 127, 195, 247, 205, 254, 230,
       255, 122, 93, 245, 235, 223, 38, 85, 190, 215, 120, 249, 117, 120,
       93, 187, 47, 213, 53, 247, 111, 153, 172, 24, 5, 240, 29, 156, 73,
       16, 242, 115, 191, 88, 87, 32, 250, 47, 244, 125, 237, 63, 189,
       255, 89, 255, 254, 165, 233, 253, 123, 189, 85, 190, 255, 226,
       243, 245, 103, 83, 255, 245, 255, 225, 255, 94, 127, 245, 227,
       207, 60, 87, 190, 251, 120, 232, 117, 120, 92, 58, 175, 245, 117,
       247, 111, 185, 174, 24, 7, 240, 29, 156, 73, 22, 243, 55, 189,
       122, 87, 40, 250, 7, 178, 69, 103, 189, 184, 159, 24, 122, 189,
       138, 111, 236, 127, 73, 49, 228, 239, 1, 243, 229, 101, 75, 126,
       197, 222, 224, 255, 126, 15, 225, 103, 215, 44, 85, 190, 123, 58,
       233, 116, 124, 92, 58, 175, 213, 83, 247, 111, 153, 172, 24, 1,
       240, 29, 157, 73, 22, 242, 55, 189, 88, 87, 32, 250, 92, 176, 205,
       158, 127, 179, 187, 124, 116, 190, 213, 245, 253, 126, 181, 66,
       234, 221, 65, 99, 229, 33, 195, 243, 73, 106, 160, 142, 80, 77,
       53, 235, 223, 36, 85, 186, 83, 120, 233, 116, 112, 92, 56, 47,
       213, 53, 247, 111, 153, 172, 24, 5, 240, 29, 156, 73, 16, 242, 51,
       189, 88, 87, 32, 250, 67, 1, 128, 118, 217, 162, 98, 10, 0, 41,
       64, 67, 162, 203, 128, 1, 98, 93, 29, 66, 198, 45, 136, 123, 6,
       138, 2, 7, 210, 1, 33, 79, 19, 167, 52, 59, 33, 228, 101, 150,
       193, 98, 152, 74, 73, 29, 203, 195, 73, 36, 88, 4, 101, 54, 140,
       169, 17, 184, 163, 159, 8, 70, 177, 249, 69, 5, 225, 144, 80, 6,
       7, 79, 132, 102, 1, 20, 81, 140, 177, 70, 202, 85, 3, 100, 128,
       33, 192, 35, 76, 200, 140, 13, 18, 8, 49, 73, 83, 36, 85, 186, 0,
       120, 5, 84, 48, 64, 24, 10, 85, 28, 197, 78, 25, 44, 24, 4, 112,
       24, 156, 73, 16, 242, 51, 189, 72, 86, 32, 250, 69, 7, 194, 17,
       216, 130, 6, 64, 40, 33, 2, 26, 130, 227, 162, 67, 226, 213, 57,
       102, 207, 165, 138, 115, 78, 202, 184, 47, 210, 8, 49, 106, 211,
       39, 84, 187, 82, 120, 101, 118, 112, 84, 24, 15, 213, 28, 229,
       199, 153, 172, 24, 5, 241, 29, 156, 73, 16, 242, 51, 189, 88, 86,
       32, 248, 70, 34, 194, 19, 218, 130, 6, 64, 34, 35, 1, 18, 152,
       231, 179, 83, 226, 213, 33, 102, 203, 39, 203, 99, 78, 210, 188,
       47, 18, 8, 49, 106, 215, 37, 85, 187, 82, 120, 101, 86, 112, 64,
       24, 15, 213, 28, 229, 79, 153, 172, 24, 5, 240, 29, 156, 75, 16,
       242, 51, 189, 88, 87, 32, 250, 197, 45, 195, 209, 217, 134, 75,
       207, 140, 239, 1, 62, 131, 202, 147, 79, 234, 85, 57, 102, 207,
       173, 206, 43, 78, 202, 186, 47, 146, 9, 51, 79, 87, 167, 85, 187,
       18, 253, 103, 86, 112, 96, 40, 110, 207, 28, 201, 179, 93, 172,
       24, 53, 241, 126, 156, 107, 80, 248, 49, 191, 92, 85, 49, 242,
       255, 190, 254, 247, 254, 183, 255, 240, 62, 255, 87, 219, 159,
       251, 178, 93, 246, 223, 57, 103, 237, 165, 195, 115, 207, 250,
       184, 127, 218, 77, 247, 235, 215, 37, 85, 187, 83, 120, 233, 116,
       112, 92, 56, 47, 213, 20, 247, 111, 153, 172, 24, 5, 240, 29, 156,
       73, 16, 242, 51, 189, 88, 87, 32, 250, 197, 47, 227, 209, 216,
       134, 227, 207, 136, 231, 3, 62, 195, 199, 147, 75, 234, 85, 59,
       102, 206, 173, 202, 123, 78, 202, 190, 47, 146, 9, 51, 79, 87,
       167, 85, 187, 80, 252, 239, 86, 112, 116, 40, 110, 205, 28, 233,
       179, 153, 172, 24, 53, 241, 125, 156, 75, 16, 248, 49, 189, 72,
       85, 49, 250, 212, 170, 223, 149, 121, 154, 190, 250, 122, 187,
       215, 115, 238, 119, 138, 8, 226, 137, 107, 103, 197, 37, 195, 243,
       207, 90, 248, 255, 72, 140, 163, 106, 223, 36, 85, 186, 82, 56,
       233, 116, 112, 92, 56, 47, 213, 49, 247, 111, 153, 172, 24, 1,
       240, 29, 156, 73, 16, 242, 51, 189, 88, 87, 32, 250, 60, 191, 255,
       255, 62, 253, 253, 127, 255, 254, 223, 253, 255, 126, 253, 254,
       255, 254, 227, 107, 245, 127, 215, 255, 253, 255, 247, 255, 127,
       223, 255, 239, 207, 108, 199, 190, 223, 120, 249, 125, 120, 93,
       255, 47, 245, 181, 247, 111, 187, 172, 153, 79, 242, 29, 156, 93,
       52, 242, 115, 255, 251, 223, 44, 254 ]
