%YAML:1.0
descriptors: !!opencv-matrix
   rows: 16
   cols: 64
   dt: u
   data: [ 62, 188, 237, 174, 63, 253, 221, 61, 255, 254, 222, 253, 189,
       62, 252, 222, 251, 246, 99, 249, 245, 118, 219, 127, 125, 255,
       245, 63, 127, 219, 127, 239, 207, 236, 199, 190, 255, 120, 249,
       127, 124, 221, 127, 47, 213, 117, 245, 111, 187, 174, 153, 13,
       246, 29, 222, 93, 56, 242, 255, 253, 251, 223, 44, 222, 63, 191,
       125, 175, 55, 189, 189, 248, 254, 223, 222, 251, 237, 127, 251,
       85, 247, 255, 99, 115, 245, 102, 195, 118, 237, 254, 245, 251,
       126, 94, 243, 171, 215, 44, 85, 190, 95, 120, 233, 116, 120, 92,
       58, 47, 213, 21, 247, 111, 153, 172, 24, 5, 240, 29, 156, 73, 16,
       242, 51, 189, 90, 87, 32, 250, 182, 245, 89, 158, 55, 12, 93, 11,
       231, 70, 61, 250, 191, 234, 180, 94, 246, 215, 36, 119, 7, 126,
       193, 103, 220, 150, 247, 121, 18, 186, 212, 41, 146, 44, 20, 158,
       202, 120, 211, 92, 50, 218, 61, 105, 148, 28, 245, 46, 145, 172,
       16, 5, 40, 25, 188, 73, 24, 242, 48, 61, 88, 85, 32, 250, 187,
       150, 84, 103, 253, 176, 183, 24, 116, 121, 228, 123, 172, 91, 130,
       85, 246, 255, 129, 210, 225, 42, 139, 124, 226, 42, 96, 179, 254,
       69, 225, 231, 255, 228, 156, 180, 119, 177, 41, 245, 93, 78, 90,
       142, 192, 1, 219, 71, 184, 254, 24, 5, 244, 156, 156, 73, 54, 178,
       183, 159, 218, 87, 164, 92, 61, 177, 125, 215, 191, 149, 223, 120,
       246, 221, 149, 113, 253, 123, 176, 84, 242, 213, 66, 99, 213, 34,
       195, 247, 236, 186, 229, 63, 122, 92, 117, 107, 223, 36, 85, 190,
       82, 120, 233, 116, 112, 93, 56, 47, 212, 52, 245, 111, 153, 172,
       24, 5, 240, 29, 156, 73, 16, 242, 51, 189, 88, 87, 32, 250, 20,
       179, 221, 92, 51, 217, 220, 127, 179, 144, 135, 244, 220, 119,
       173, 82, 239, 214, 34, 99, 199, 38, 194, 243, 205, 138, 228, 127,
       80, 12, 177, 106, 223, 36, 85, 190, 82, 120, 233, 116, 112, 92,
       56, 47, 212, 52, 245, 111, 153, 172, 24, 5, 240, 29, 156, 73, 16,
       242, 51, 189, 88, 87, 32, 250, 60, 177, 253, 220, 62, 245, 249,
       116, 119, 220, 213, 245, 221, 127, 185, 68, 254, 222, 65, 99, 245,
       117, 195, 243, 233, 42, 224, 254, 120, 205, 245, 235, 223, 36, 85,
       186, 87, 120, 249, 125, 112, 93, 57, 47, 212, 21, 247, 111, 153,
       172, 24, 5, 240, 29, 156, 73, 16, 242, 51, 189, 88, 87, 32, 250,
       61, 182, 125, 199, 62, 189, 187, 117, 255, 252, 86, 245, 253, 123,
       185, 68, 254, 254, 67, 99, 245, 99, 211, 247, 217, 42, 228, 254,
       124, 220, 245, 235, 223, 44, 85, 190, 95, 120, 233, 124, 120, 92,
       56, 47, 212, 53, 247, 111, 153, 172, 24, 5, 240, 29, 156, 73, 16,
       242, 51, 189, 90, 87, 32, 250, 211, 16, 80, 134, 221, 2, 7, 8, 70,
       32, 49, 50, 37, 74, 132, 81, 98, 215, 4, 64, 192, 128, 137, 104,
       14, 136, 232, 11, 146, 9, 81, 111, 17, 165, 20, 154, 66, 112, 37,
       214, 3, 194, 8, 11, 192, 28, 200, 13, 129, 36, 80, 4, 32, 26, 132,
       75, 16, 48, 48, 28, 88, 70, 34, 185, 18, 209, 24, 150, 39, 136,
       94, 9, 6, 65, 21, 218, 181, 66, 36, 84, 246, 151, 4, 19, 198, 46,
       195, 99, 108, 150, 227, 111, 18, 42, 149, 104, 151, 36, 20, 154,
       66, 88, 234, 116, 112, 218, 45, 105, 149, 20, 245, 111, 145, 172,
       24, 5, 240, 25, 156, 73, 16, 242, 50, 185, 88, 87, 32, 250, 62,
       252, 255, 255, 63, 253, 253, 125, 255, 255, 221, 253, 253, 127,
       189, 124, 255, 247, 99, 251, 245, 119, 211, 255, 253, 255, 247,
       255, 127, 255, 247, 239, 223, 108, 87, 190, 223, 121, 249, 125,
       124, 93, 127, 47, 245, 53, 247, 111, 185, 174, 24, 7, 240, 29,
       156, 93, 24, 243, 51, 189, 251, 95, 40, 254, 191, 248, 255, 119,
       191, 189, 251, 56, 255, 191, 245, 251, 255, 90, 244, 93, 246, 255,
       255, 219, 245, 127, 219, 255, 181, 126, 247, 255, 126, 255, 245,
       254, 207, 252, 142, 118, 255, 249, 249, 255, 217, 223, 231, 111,
       243, 117, 191, 127, 191, 255, 153, 207, 252, 181, 222, 85, 118,
       183, 247, 255, 187, 191, 236, 223, 19, 145, 216, 30, 55, 136, 216,
       14, 98, 128, 7, 228, 188, 119, 172, 83, 238, 214, 32, 35, 199, 36,
       195, 99, 197, 146, 224, 109, 18, 40, 145, 96, 151, 36, 85, 186,
       82, 88, 235, 116, 112, 92, 56, 47, 148, 20, 245, 111, 145, 172,
       24, 5, 240, 29, 156, 73, 16, 242, 50, 189, 88, 87, 32, 250, 60,
       191, 255, 254, 54, 63, 253, 123, 247, 252, 213, 243, 255, 250,
       190, 94, 254, 255, 99, 107, 245, 47, 209, 247, 221, 250, 247, 223,
       122, 220, 244, 235, 207, 44, 87, 190, 223, 120, 249, 125, 120, 93,
       185, 47, 213, 53, 247, 111, 153, 172, 24, 13, 240, 29, 156, 73,
       16, 242, 115, 189, 122, 87, 32, 250, 221, 221, 222, 127, 255, 251,
       255, 254, 187, 191, 253, 251, 190, 255, 239, 255, 239, 255, 191,
       255, 255, 255, 239, 255, 235, 127, 255, 254, 253, 103, 255, 127,
       255, 219, 253, 101, 247, 253, 254, 251, 123, 255, 255, 127, 255,
       255, 255, 255, 255, 219, 63, 247, 253, 239, 254, 239, 255, 223,
       255, 239, 247, 251, 223, 254, 122, 253, 254, 255, 55, 255, 221,
       191, 255, 254, 223, 252, 127, 254, 127, 254, 253, 187, 122, 251,
       183, 127, 247, 255, 251, 119, 247, 254, 127, 247, 254, 235, 207,
       254, 239, 101, 255, 125, 250, 123, 120, 253, 247, 125, 191, 181,
       247, 111, 255, 250, 191, 223, 254, 61, 250, 221, 255, 247, 255,
       255, 251, 249, 205, 222 ]
