%YAML:1.0
descriptors: !!opencv-matrix
   rows: 10
   cols: 64
   dt: u
   data: [ 197, 14, 146, 209, 217, 134, 167, 204, 44, 109, 2, 79, 130,
       205, 131, 13, 226, 93, 185, 102, 206, 175, 202, 123, 78, 202, 58,
       47, 144, 9, 35, 79, 87, 167, 85, 187, 16, 252, 111, 86, 96, 100,
       8, 206, 205, 24, 253, 147, 153, 172, 24, 53, 241, 126, 156, 75,
       16, 252, 51, 189, 76, 85, 49, 250, 199, 14, 131, 119, 217, 130,
       238, 204, 136, 171, 2, 123, 130, 194, 130, 89, 106, 85, 57, 71,
       206, 173, 202, 123, 14, 218, 186, 47, 146, 9, 51, 78, 87, 167, 92,
       187, 16, 253, 111, 86, 64, 96, 40, 106, 203, 12, 217, 147, 89,
       172, 24, 53, 245, 122, 156, 235, 80, 122, 51, 157, 76, 85, 49,
       250, 195, 9, 131, 119, 201, 130, 78, 142, 10, 169, 0, 11, 130,
       194, 131, 26, 106, 87, 57, 71, 206, 173, 202, 11, 78, 219, 186,
       47, 146, 41, 51, 110, 135, 167, 21, 59, 51, 253, 103, 118, 96,
       104, 32, 107, 221, 28, 157, 179, 217, 172, 24, 21, 245, 26, 156,
       227, 81, 248, 49, 189, 92, 85, 49, 250, 63, 254, 125, 255, 63,
       253, 255, 121, 253, 255, 212, 249, 253, 127, 252, 93, 251, 253,
       227, 123, 245, 127, 219, 255, 253, 255, 247, 183, 127, 255, 119,
       239, 223, 236, 215, 190, 255, 249, 249, 125, 124, 221, 251, 175,
       245, 177, 247, 111, 187, 190, 153, 11, 240, 29, 158, 93, 62, 246,
       247, 191, 250, 223, 44, 254, 71, 38, 65, 18, 217, 130, 6, 73, 130,
       34, 3, 48, 0, 67, 128, 0, 98, 69, 1, 100, 195, 35, 128, 34, 78,
       128, 172, 13, 146, 8, 1, 72, 80, 36, 84, 154, 64, 48, 5, 86, 0,
       64, 24, 139, 65, 24, 196, 78, 17, 44, 16, 0, 48, 24, 148, 75, 16,
       114, 51, 188, 72, 86, 32, 248, 62, 189, 255, 255, 62, 253, 253,
       127, 255, 255, 255, 253, 255, 126, 191, 254, 255, 222, 99, 251,
       245, 63, 211, 255, 253, 255, 247, 255, 90, 223, 247, 239, 223, 44,
       85, 190, 223, 120, 249, 125, 120, 93, 123, 47, 213, 53, 247, 111,
       153, 172, 24, 7, 240, 29, 156, 73, 16, 242, 51, 189, 122, 87, 32,
       250, 60, 191, 255, 254, 54, 63, 253, 123, 247, 254, 213, 243, 255,
       250, 190, 94, 246, 255, 99, 99, 247, 47, 211, 247, 221, 250, 246,
       223, 90, 220, 244, 235, 223, 44, 87, 190, 211, 120, 249, 125, 120,
       92, 57, 47, 213, 53, 247, 111, 153, 172, 24, 5, 240, 29, 156, 73,
       16, 242, 115, 189, 90, 87, 32, 250, 98, 1, 1, 154, 64, 6, 7, 15,
       198, 98, 1, 0, 49, 198, 177, 82, 98, 87, 0, 100, 130, 161, 128,
       39, 76, 192, 168, 13, 18, 8, 16, 105, 242, 37, 85, 155, 66, 112,
       7, 86, 48, 66, 8, 10, 21, 28, 193, 78, 145, 44, 16, 4, 48, 24,
       148, 75, 16, 114, 49, 188, 88, 84, 32, 248, 70, 1, 1, 146, 80, 2,
       3, 79, 130, 98, 3, 20, 1, 194, 128, 66, 98, 85, 0, 100, 130, 161,
       192, 35, 76, 194, 170, 13, 18, 8, 17, 72, 82, 39, 85, 155, 2, 112,
       71, 86, 16, 64, 24, 11, 1, 28, 229, 78, 17, 36, 16, 4, 32, 24,
       148, 75, 16, 114, 49, 189, 72, 86, 32, 248, 68, 33, 65, 144, 88,
       2, 7, 78, 130, 102, 1, 20, 1, 198, 145, 66, 194, 85, 1, 102, 130,
       169, 200, 35, 76, 194, 138, 13, 18, 8, 17, 73, 83, 39, 85, 187, 0,
       120, 71, 86, 48, 96, 24, 14, 85, 28, 193, 79, 25, 44, 16, 4, 49,
       24, 148, 75, 16, 98, 51, 189, 72, 86, 32, 248 ]
