%YAML:1.0
descriptors: !!opencv-matrix
   rows: 19
   cols: 64
   dt: u
   data: [ 255, 58, 247, 179, 255, 183, 47, 248, 238, 255, 210, 59, 255,
       254, 179, 95, 250, 245, 59, 103, 237, 135, 195, 117, 206, 254,
       252, 47, 210, 12, 115, 171, 215, 37, 85, 191, 82, 120, 237, 116,
       112, 92, 56, 47, 213, 28, 245, 111, 157, 172, 24, 5, 240, 29, 156,
       73, 16, 246, 51, 189, 88, 87, 32, 250, 63, 246, 125, 172, 63, 255,
       191, 121, 253, 254, 252, 249, 237, 61, 253, 221, 255, 253, 231,
       249, 245, 114, 209, 245, 253, 253, 253, 255, 127, 87, 245, 251,
       223, 108, 215, 190, 255, 120, 249, 125, 124, 95, 123, 175, 213,
       177, 246, 111, 187, 191, 153, 9, 240, 29, 158, 93, 62, 246, 55,
       189, 250, 223, 44, 254, 4, 34, 69, 32, 152, 176, 34, 84, 32, 58,
       130, 37, 64, 55, 137, 33, 194, 76, 131, 96, 193, 0, 8, 112, 68,
       136, 12, 129, 210, 12, 33, 66, 85, 36, 85, 186, 80, 50, 41, 116,
       116, 84, 24, 14, 68, 192, 228, 65, 153, 44, 24, 0, 240, 29, 140,
       73, 16, 226, 35, 188, 72, 71, 32, 240, 7, 50, 65, 162, 157, 160,
       39, 88, 100, 2, 192, 48, 169, 75, 128, 81, 226, 212, 1, 96, 193,
       32, 128, 114, 76, 136, 160, 9, 82, 8, 49, 105, 87, 36, 84, 186,
       66, 112, 1, 84, 64, 66, 24, 15, 192, 20, 192, 79, 152, 44, 24, 4,
       96, 28, 156, 73, 16, 242, 51, 156, 88, 87, 32, 249, 28, 35, 144,
       176, 0, 5, 40, 103, 66, 162, 67, 4, 80, 164, 153, 18, 126, 138,
       193, 66, 129, 32, 69, 147, 153, 8, 164, 200, 64, 132, 177, 224,
       103, 4, 69, 190, 17, 106, 129, 68, 184, 80, 16, 6, 102, 36, 131,
       110, 153, 44, 56, 5, 240, 29, 28, 73, 0, 242, 19, 181, 88, 66, 96,
       226, 204, 170, 199, 247, 253, 162, 234, 218, 56, 187, 194, 127,
       163, 195, 131, 73, 226, 221, 185, 99, 205, 45, 202, 123, 79, 218,
       50, 39, 94, 9, 51, 95, 119, 167, 125, 187, 119, 254, 253, 118,
       209, 116, 186, 78, 203, 5, 217, 243, 153, 172, 24, 21, 241, 63,
       156, 73, 16, 254, 51, 191, 92, 87, 49, 254, 252, 185, 255, 245,
       62, 245, 253, 252, 223, 255, 213, 253, 223, 198, 146, 218, 251,
       223, 187, 107, 239, 45, 230, 127, 237, 203, 246, 255, 95, 105,
       119, 239, 215, 167, 124, 191, 119, 253, 249, 247, 89, 94, 251,
       110, 251, 21, 217, 127, 153, 172, 62, 199, 240, 29, 156, 77, 208,
       242, 115, 255, 89, 87, 35, 255, 45, 182, 229, 233, 255, 253, 167,
       120, 252, 255, 210, 127, 237, 127, 187, 69, 235, 253, 235, 98,
       245, 103, 218, 125, 77, 254, 52, 167, 94, 95, 51, 239, 223, 36,
       95, 186, 87, 248, 233, 118, 124, 92, 122, 47, 213, 165, 247, 99,
       152, 172, 24, 5, 240, 29, 156, 73, 16, 242, 51, 189, 218, 87, 32,
       254, 63, 188, 253, 254, 62, 253, 253, 124, 255, 254, 215, 245,
       253, 127, 253, 215, 255, 247, 227, 123, 245, 119, 211, 255, 253,
       255, 245, 255, 126, 127, 245, 239, 223, 108, 215, 190, 254, 120,
       249, 125, 124, 93, 123, 47, 245, 53, 245, 111, 185, 174, 152, 15,
       240, 29, 156, 93, 60, 242, 55, 189, 251, 223, 44, 254, 252, 48,
       210, 151, 223, 167, 26, 245, 70, 99, 81, 58, 183, 194, 179, 95,
       254, 215, 121, 102, 201, 133, 195, 113, 206, 218, 248, 111, 210,
       12, 178, 42, 215, 37, 85, 191, 82, 120, 229, 116, 112, 88, 16, 15,
       213, 28, 229, 15, 153, 172, 24, 5, 240, 29, 156, 73, 16, 242, 51,
       189, 88, 87, 32, 250, 127, 54, 212, 146, 223, 131, 6, 33, 98, 97,
       81, 50, 188, 242, 162, 82, 246, 147, 41, 244, 201, 165, 195, 245,
       218, 74, 248, 111, 194, 156, 241, 41, 223, 45, 85, 191, 90, 120,
       229, 124, 112, 92, 24, 15, 213, 28, 229, 79, 153, 172, 24, 5, 240,
       29, 156, 73, 16, 242, 51, 189, 88, 87, 32, 250, 43, 190, 237, 239,
       63, 189, 189, 121, 253, 254, 212, 249, 253, 59, 189, 79, 162, 252,
       99, 123, 245, 118, 211, 127, 109, 170, 164, 179, 126, 85, 53, 239,
       215, 108, 215, 186, 223, 120, 233, 117, 252, 95, 122, 47, 212, 21,
       247, 111, 153, 172, 24, 5, 240, 29, 157, 77, 16, 242, 51, 189, 91,
       87, 38, 251, 205, 39, 101, 240, 217, 50, 35, 122, 160, 92, 194,
       119, 97, 123, 130, 69, 226, 221, 13, 102, 101, 169, 136, 114, 78,
       138, 34, 5, 210, 8, 32, 9, 114, 39, 84, 187, 80, 114, 69, 244,
       208, 100, 24, 14, 65, 1, 65, 198, 153, 44, 24, 4, 240, 28, 141,
       73, 16, 240, 35, 157, 72, 86, 32, 249, 61, 189, 253, 252, 54, 189,
       253, 119, 245, 254, 213, 241, 93, 123, 189, 79, 242, 252, 99, 99,
       245, 118, 208, 247, 217, 42, 164, 222, 120, 213, 245, 235, 223,
       44, 87, 190, 223, 120, 249, 125, 120, 95, 59, 175, 212, 53, 247,
       111, 153, 172, 24, 13, 240, 29, 156, 73, 16, 242, 51, 189, 90, 87,
       40, 251, 29, 63, 222, 118, 62, 179, 252, 119, 210, 186, 83, 215,
       134, 214, 131, 91, 239, 223, 35, 99, 199, 47, 195, 247, 201, 90,
       182, 239, 82, 12, 177, 106, 215, 36, 85, 190, 83, 120, 233, 116,
       120, 92, 56, 47, 213, 52, 247, 111, 153, 172, 24, 5, 240, 29, 156,
       73, 16, 242, 51, 189, 88, 87, 32, 250, 124, 58, 255, 252, 126,
       119, 123, 255, 212, 254, 211, 181, 127, 138, 187, 254, 250, 223,
       251, 123, 253, 159, 205, 191, 143, 235, 238, 223, 91, 221, 247,
       255, 107, 173, 117, 191, 223, 252, 225, 119, 248, 76, 243, 46,
       255, 181, 131, 111, 191, 174, 30, 135, 240, 61, 156, 81, 212, 246,
       191, 253, 251, 86, 32, 247, 41, 166, 109, 170, 31, 53, 161, 94,
       244, 254, 194, 48, 105, 57, 185, 69, 202, 252, 67, 96, 241, 66,
       217, 117, 68, 169, 132, 131, 90, 4, 49, 203, 213, 36, 215, 186,
       83, 120, 169, 116, 124, 92, 58, 47, 84, 213, 246, 105, 153, 172,
       24, 5, 240, 29, 156, 73, 16, 226, 51, 188, 88, 87, 32, 250, 62,
       171, 253, 254, 43, 223, 217, 47, 247, 244, 215, 245, 125, 126,
       188, 86, 255, 178, 99, 243, 245, 118, 209, 119, 221, 187, 228, 95,
       106, 218, 245, 235, 215, 44, 71, 190, 218, 120, 233, 124, 120, 93,
       57, 47, 213, 52, 245, 111, 153, 172, 152, 13, 240, 29, 156, 89,
       48, 242, 51, 189, 122, 87, 32, 250, 63, 182, 253, 206, 63, 253,
       221, 120, 254, 252, 214, 245, 237, 127, 188, 85, 255, 246, 227,
       187, 245, 102, 195, 247, 237, 255, 229, 127, 126, 95, 241, 239,
       223, 108, 85, 190, 126, 120, 233, 125, 120, 92, 58, 47, 213, 49,
       245, 111, 185, 172, 24, 5, 240, 29, 158, 73, 22, 242, 55, 189, 90,
       87, 32, 250 ]
