%YAML:1.0
descriptors: !!opencv-matrix
   rows: 12
   cols: 64
   dt: u
   data: [ 62, 177, 255, 254, 54, 183, 253, 127, 247, 252, 213, 241, 255,
       122, 180, 94, 254, 223, 99, 243, 247, 47, 195, 247, 221, 251, 230,
       255, 82, 252, 245, 235, 223, 60, 87, 190, 219, 120, 233, 125, 120,
       92, 57, 47, 245, 53, 247, 111, 153, 174, 24, 7, 240, 29, 156, 73,
       16, 243, 51, 189, 120, 87, 32, 250, 63, 178, 108, 255, 63, 189,
       223, 16, 127, 255, 254, 251, 253, 127, 125, 85, 253, 255, 97, 251,
       229, 116, 211, 123, 205, 255, 241, 255, 126, 95, 245, 231, 215,
       100, 87, 186, 123, 120, 249, 117, 116, 93, 122, 47, 213, 21, 247,
       111, 153, 172, 24, 5, 242, 29, 156, 77, 18, 242, 51, 189, 217, 95,
       32, 250, 125, 190, 253, 190, 126, 191, 59, 113, 252, 254, 83, 223,
       221, 123, 190, 86, 250, 221, 35, 99, 245, 37, 211, 127, 221, 250,
       189, 175, 82, 30, 115, 235, 215, 36, 85, 186, 83, 120, 233, 116,
       120, 92, 56, 175, 213, 20, 247, 111, 153, 172, 24, 5, 240, 29,
       156, 73, 16, 242, 51, 189, 88, 87, 32, 250, 69, 6, 128, 145, 201,
       130, 7, 76, 36, 102, 2, 4, 128, 205, 129, 7, 192, 93, 9, 102, 202,
       39, 138, 43, 78, 202, 136, 46, 16, 8, 49, 79, 83, 39, 85, 59, 64,
       240, 101, 70, 32, 96, 8, 15, 69, 24, 229, 3, 25, 44, 24, 4, 113,
       93, 156, 11, 16, 234, 51, 189, 72, 86, 32, 248, 69, 6, 129, 16,
       200, 130, 2, 73, 32, 98, 3, 4, 128, 193, 128, 3, 66, 69, 1, 98,
       202, 37, 74, 43, 68, 194, 136, 15, 16, 8, 1, 71, 83, 39, 84, 187,
       0, 184, 103, 70, 0, 96, 8, 139, 65, 24, 229, 3, 25, 44, 24, 0,
       113, 24, 156, 11, 16, 106, 51, 189, 72, 86, 32, 248, 68, 3, 129,
       16, 200, 130, 2, 79, 0, 32, 3, 4, 0, 199, 131, 2, 74, 69, 1, 70,
       202, 169, 202, 11, 78, 194, 138, 15, 130, 8, 1, 78, 67, 39, 85,
       187, 0, 176, 103, 86, 32, 96, 0, 130, 69, 8, 165, 203, 25, 44, 24,
       0, 49, 24, 148, 3, 16, 106, 35, 189, 72, 70, 33, 248, 66, 5, 129,
       18, 201, 130, 2, 79, 2, 32, 1, 0, 0, 194, 129, 0, 98, 69, 1, 70,
       202, 173, 136, 3, 78, 194, 138, 13, 146, 8, 1, 78, 67, 39, 20,
       187, 0, 96, 71, 86, 0, 96, 0, 74, 65, 28, 129, 135, 17, 44, 16, 4,
       49, 24, 132, 67, 16, 122, 35, 157, 72, 70, 48, 248, 37, 39, 97,
       128, 17, 6, 7, 79, 132, 68, 131, 52, 81, 46, 177, 70, 194, 84, 3,
       100, 65, 34, 192, 98, 76, 136, 132, 13, 18, 8, 48, 73, 212, 36,
       85, 186, 66, 120, 1, 84, 48, 80, 24, 15, 84, 20, 228, 78, 153,
       172, 24, 4, 112, 29, 156, 73, 16, 242, 51, 188, 88, 86, 32, 248,
       230, 40, 195, 211, 217, 198, 75, 205, 142, 231, 1, 62, 147, 206,
       179, 95, 234, 85, 57, 102, 207, 175, 206, 43, 78, 202, 190, 47,
       146, 9, 51, 111, 87, 167, 85, 187, 82, 253, 103, 86, 48, 96, 40,
       106, 221, 28, 201, 179, 221, 172, 24, 5, 241, 58, 156, 235, 80,
       248, 49, 61, 92, 84, 49, 250, 197, 45, 227, 209, 216, 134, 67,
       207, 140, 231, 3, 62, 147, 206, 147, 78, 234, 85, 57, 102, 207,
       173, 202, 43, 78, 202, 190, 47, 146, 9, 51, 79, 87, 167, 85, 187,
       82, 253, 103, 86, 112, 96, 40, 111, 205, 28, 237, 179, 153, 172,
       24, 21, 241, 31, 156, 75, 80, 248, 49, 189, 92, 85, 49, 250, 196,
       47, 227, 209, 216, 134, 99, 207, 140, 101, 3, 62, 195, 239, 146,
       78, 234, 85, 57, 103, 207, 173, 202, 123, 78, 202, 190, 47, 146,
       9, 51, 79, 87, 167, 85, 187, 80, 253, 239, 86, 112, 116, 40, 111,
       205, 28, 237, 179, 153, 172, 24, 53, 241, 127, 156, 75, 80, 252,
       49, 189, 76, 85, 49, 250, 63, 254, 125, 239, 63, 253, 255, 120,
       255, 253, 222, 251, 253, 127, 253, 93, 255, 255, 227, 251, 245,
       118, 219, 255, 253, 255, 245, 255, 126, 95, 247, 239, 223, 236,
       223, 190, 255, 249, 249, 127, 125, 93, 251, 175, 213, 177, 247,
       111, 187, 254, 153, 15, 244, 157, 158, 93, 62, 246, 247, 191, 251,
       223, 44, 222 ]
