%YAML:1.0
descriptors: !!opencv-matrix
   rows: 13
   cols: 64
   dt: u
   data: [ 197, 47, 195, 87, 217, 130, 78, 207, 10, 161, 3, 58, 130, 194,
       130, 75, 234, 85, 56, 71, 143, 173, 202, 43, 78, 218, 186, 47, 18,
       9, 18, 78, 87, 39, 85, 187, 66, 124, 103, 86, 48, 96, 40, 111,
       205, 28, 237, 179, 217, 172, 24, 21, 113, 24, 156, 75, 16, 122,
       49, 189, 88, 85, 49, 250, 211, 16, 146, 50, 221, 2, 2, 142, 2, 41,
       0, 3, 34, 202, 130, 17, 102, 215, 5, 64, 200, 141, 171, 41, 6,
       136, 120, 15, 210, 8, 33, 111, 113, 167, 20, 187, 67, 116, 37,
       214, 65, 64, 24, 10, 73, 12, 72, 149, 201, 36, 80, 4, 100, 26,
       132, 73, 144, 112, 33, 156, 92, 6, 48, 185, 198, 41, 131, 95, 217,
       194, 70, 206, 74, 161, 1, 186, 162, 194, 131, 90, 235, 213, 56,
       71, 143, 173, 238, 11, 78, 195, 186, 47, 147, 9, 18, 110, 211,
       167, 85, 187, 82, 125, 103, 86, 48, 72, 32, 107, 157, 28, 173,
       183, 221, 172, 24, 5, 241, 58, 148, 203, 80, 248, 49, 61, 92, 84,
       48, 250, 63, 155, 238, 252, 63, 191, 221, 58, 61, 253, 245, 251,
       191, 123, 60, 95, 249, 253, 97, 251, 245, 125, 194, 115, 109, 255,
       243, 127, 126, 221, 117, 235, 223, 36, 87, 186, 95, 120, 249, 125,
       112, 93, 123, 47, 213, 21, 247, 111, 153, 172, 24, 5, 240, 29,
       156, 77, 16, 242, 51, 189, 88, 87, 32, 250, 4, 33, 241, 144, 16,
       6, 1, 111, 194, 230, 3, 52, 81, 134, 153, 66, 234, 84, 3, 96, 131,
       32, 192, 3, 12, 136, 164, 9, 82, 8, 48, 104, 80, 36, 85, 186, 2,
       120, 1, 84, 48, 64, 16, 10, 84, 20, 193, 110, 153, 44, 24, 5, 112,
       29, 148, 73, 16, 242, 51, 185, 88, 86, 32, 242, 59, 254, 109, 239,
       191, 253, 255, 57, 253, 255, 215, 251, 253, 127, 124, 221, 255,
       255, 103, 251, 245, 118, 219, 255, 253, 255, 247, 191, 126, 247,
       255, 239, 207, 236, 223, 62, 255, 249, 249, 127, 125, 221, 123,
       175, 213, 113, 247, 107, 185, 255, 152, 15, 244, 157, 159, 93, 62,
       247, 247, 191, 251, 223, 44, 254, 254, 248, 255, 255, 255, 179,
       251, 248, 222, 191, 244, 251, 239, 74, 246, 125, 246, 215, 127,
       251, 253, 127, 175, 124, 175, 255, 255, 255, 223, 127, 247, 255,
       255, 237, 158, 255, 255, 253, 249, 247, 251, 206, 231, 127, 219,
       53, 219, 127, 190, 255, 26, 135, 236, 183, 156, 113, 214, 182,
       255, 255, 255, 223, 182, 191, 252, 249, 255, 255, 118, 127, 125,
       255, 221, 255, 253, 251, 127, 254, 190, 254, 251, 221, 123, 111,
       63, 191, 231, 183, 223, 239, 247, 191, 91, 223, 118, 235, 223, 47,
       117, 255, 223, 125, 249, 125, 122, 253, 185, 127, 255, 61, 247,
       110, 159, 172, 31, 199, 240, 61, 156, 77, 80, 246, 115, 255, 123,
       87, 161, 250, 19, 147, 12, 22, 39, 144, 158, 0, 114, 146, 21, 192,
       188, 115, 32, 19, 228, 211, 0, 179, 196, 35, 195, 103, 201, 146,
       228, 110, 18, 8, 145, 98, 215, 44, 85, 190, 90, 120, 234, 116,
       112, 92, 56, 47, 213, 84, 245, 111, 153, 172, 24, 5, 240, 29, 156,
       73, 16, 242, 51, 189, 88, 87, 32, 250, 57, 182, 253, 199, 62, 253,
       187, 117, 255, 255, 86, 221, 253, 127, 187, 84, 255, 247, 67, 235,
       245, 99, 211, 255, 217, 122, 244, 254, 94, 221, 247, 239, 223, 44,
       85, 190, 223, 122, 233, 124, 120, 92, 56, 175, 213, 52, 247, 111,
       153, 172, 24, 5, 240, 29, 156, 73, 16, 242, 51, 189, 90, 87, 32,
       250, 122, 151, 236, 223, 127, 183, 222, 49, 63, 251, 85, 219, 157,
       115, 63, 87, 244, 215, 97, 247, 212, 37, 195, 115, 73, 218, 176,
       126, 90, 88, 183, 107, 215, 36, 85, 186, 91, 120, 233, 116, 112,
       92, 56, 47, 213, 20, 245, 111, 153, 172, 24, 5, 240, 29, 156, 73,
       16, 242, 51, 189, 88, 87, 32, 250, 68, 33, 195, 213, 216, 134, 75,
       204, 138, 239, 1, 62, 147, 198, 147, 74, 106, 85, 57, 102, 207,
       173, 202, 75, 14, 202, 186, 47, 18, 9, 49, 79, 87, 167, 85, 187,
       16, 252, 103, 86, 64, 96, 136, 74, 201, 28, 201, 147, 93, 172, 24,
       53, 241, 56, 156, 107, 80, 122, 51, 185, 72, 85, 49, 246, 83, 138,
       220, 150, 105, 154, 158, 40, 58, 186, 87, 211, 172, 127, 10, 16,
       230, 131, 33, 243, 196, 101, 195, 115, 73, 218, 248, 126, 122, 8,
       163, 107, 223, 36, 85, 186, 83, 56, 233, 124, 116, 92, 56, 47,
       213, 16, 245, 111, 153, 172, 24, 1, 240, 29, 156, 73, 16, 242, 51,
       189, 88, 87, 32, 250 ]
