%YAML:1.0
descriptors: !!opencv-matrix
   rows: 15
   cols: 64
   dt: u
   data: [ 63, 190, 253, 254, 63, 253, 249, 125, 255, 255, 215, 253, 253,
       127, 188, 213, 255, 246, 99, 251, 245, 119, 211, 127, 221, 255,
       241, 255, 126, 255, 247, 239, 223, 44, 87, 190, 255, 120, 233,
       125, 120, 93, 123, 175, 245, 53, 247, 111, 185, 174, 24, 15, 240,
       29, 156, 73, 16, 243, 55, 189, 122, 87, 40, 250, 62, 249, 255,
       255, 63, 253, 253, 127, 255, 254, 213, 249, 255, 126, 189, 94,
       255, 222, 99, 251, 247, 127, 195, 255, 253, 255, 247, 255, 127,
       255, 245, 239, 223, 124, 87, 190, 223, 120, 249, 125, 120, 95,
       255, 47, 245, 53, 247, 111, 153, 174, 152, 7, 240, 29, 156, 93,
       24, 243, 115, 191, 251, 95, 32, 254, 125, 182, 245, 172, 126, 191,
       163, 127, 244, 124, 208, 115, 237, 123, 190, 69, 226, 253, 99, 96,
       245, 37, 211, 247, 94, 234, 172, 143, 82, 28, 113, 235, 223, 36,
       85, 186, 83, 120, 233, 116, 120, 92, 56, 143, 213, 49, 247, 111,
       153, 172, 24, 5, 240, 29, 156, 73, 16, 242, 51, 189, 88, 87, 32,
       250, 127, 187, 255, 244, 54, 191, 253, 122, 245, 252, 215, 241,
       255, 251, 184, 95, 242, 221, 99, 107, 247, 47, 195, 247, 205, 250,
       230, 255, 122, 92, 244, 235, 215, 46, 85, 190, 95, 120, 249, 117,
       120, 92, 187, 47, 213, 53, 247, 111, 153, 172, 24, 5, 240, 29,
       156, 73, 16, 242, 115, 191, 88, 87, 32, 250, 70, 35, 195, 179,
       217, 130, 3, 77, 142, 99, 2, 52, 131, 207, 147, 85, 234, 85, 57,
       102, 207, 45, 202, 107, 78, 202, 42, 47, 18, 8, 48, 11, 87, 39,
       85, 187, 66, 116, 101, 86, 32, 64, 24, 10, 69, 28, 201, 151, 153,
       44, 24, 4, 113, 29, 156, 75, 16, 250, 35, 189, 88, 87, 48, 242,
       197, 47, 227, 241, 208, 230, 231, 202, 136, 71, 234, 62, 195, 199,
       155, 105, 203, 85, 59, 102, 78, 173, 130, 115, 78, 223, 155, 37,
       210, 10, 50, 25, 214, 39, 85, 187, 80, 124, 237, 116, 112, 116,
       56, 47, 93, 28, 253, 183, 153, 172, 24, 21, 209, 61, 156, 75, 80,
       252, 51, 189, 72, 87, 49, 250, 71, 34, 65, 178, 221, 130, 3, 72,
       32, 42, 0, 49, 161, 75, 128, 65, 66, 85, 1, 96, 192, 33, 136, 106,
       6, 136, 8, 7, 146, 8, 33, 79, 87, 167, 84, 187, 112, 240, 37, 86,
       64, 98, 8, 10, 65, 28, 193, 67, 24, 36, 24, 4, 97, 24, 140, 9, 16,
       98, 51, 156, 72, 86, 48, 249, 199, 42, 227, 209, 217, 134, 67,
       200, 172, 103, 128, 58, 131, 235, 178, 77, 226, 85, 57, 102, 207,
       175, 202, 121, 78, 202, 186, 47, 210, 9, 51, 79, 215, 39, 85, 187,
       82, 125, 109, 118, 112, 112, 8, 15, 221, 28, 253, 147, 153, 172,
       24, 5, 241, 29, 156, 75, 16, 248, 49, 189, 88, 87, 48, 250, 199,
       46, 195, 145, 217, 134, 7, 205, 172, 103, 2, 58, 131, 207, 131,
       77, 226, 85, 57, 102, 207, 175, 202, 107, 78, 202, 186, 47, 146,
       9, 51, 79, 87, 167, 85, 187, 82, 124, 111, 86, 96, 96, 40, 43,
       221, 28, 253, 147, 153, 172, 24, 5, 241, 61, 156, 75, 16, 248, 51,
       189, 88, 87, 48, 250, 197, 11, 194, 83, 217, 130, 67, 204, 142,
       165, 1, 62, 130, 203, 130, 14, 234, 85, 57, 103, 207, 175, 202,
       107, 78, 202, 190, 47, 146, 9, 35, 79, 215, 167, 85, 187, 80, 188,
       231, 118, 112, 124, 40, 207, 217, 24, 233, 179, 153, 172, 24, 1,
       241, 29, 156, 75, 80, 250, 51, 189, 88, 85, 49, 250, 199, 9, 130,
       91, 217, 194, 70, 206, 142, 163, 9, 190, 146, 206, 167, 90, 235,
       213, 57, 71, 207, 175, 238, 43, 78, 203, 186, 47, 211, 9, 51, 110,
       211, 167, 85, 187, 82, 253, 103, 118, 112, 104, 32, 111, 221, 28,
       173, 179, 157, 172, 24, 5, 241, 29, 156, 67, 16, 250, 49, 189, 88,
       84, 49, 250, 195, 12, 146, 19, 217, 194, 2, 207, 138, 35, 1, 30,
       162, 194, 130, 90, 235, 213, 56, 70, 206, 143, 203, 13, 78, 195,
       190, 47, 146, 8, 19, 110, 215, 167, 85, 187, 66, 116, 231, 86, 32,
       88, 40, 11, 221, 28, 173, 183, 153, 172, 24, 5, 240, 29, 156, 75,
       16, 250, 49, 189, 88, 85, 48, 250, 71, 5, 192, 49, 216, 162, 38,
       64, 32, 33, 64, 23, 128, 231, 131, 65, 226, 85, 57, 102, 201, 165,
       130, 115, 78, 202, 188, 47, 210, 12, 49, 106, 215, 37, 85, 187,
       82, 120, 101, 116, 112, 84, 24, 15, 213, 28, 229, 79, 153, 172,
       24, 5, 241, 29, 156, 73, 16, 242, 51, 189, 88, 86, 32, 248, 70,
       38, 193, 16, 216, 134, 6, 65, 224, 34, 2, 22, 192, 229, 145, 1,
       226, 197, 3, 100, 201, 39, 138, 117, 78, 216, 172, 15, 146, 12,
       33, 74, 87, 37, 85, 187, 82, 56, 37, 86, 96, 84, 24, 142, 213, 24,
       197, 79, 153, 172, 24, 1, 240, 29, 156, 73, 16, 242, 51, 189, 88,
       87, 32, 248, 63, 254, 253, 255, 62, 253, 253, 120, 255, 255, 222,
       253, 253, 127, 252, 223, 255, 255, 227, 107, 245, 126, 219, 255,
       253, 255, 247, 255, 126, 255, 247, 239, 215, 238, 215, 190, 255,
       249, 249, 127, 124, 93, 251, 111, 245, 117, 247, 111, 187, 252,
       153, 79, 244, 29, 158, 93, 62, 242, 247, 191, 251, 223, 45, 254 ]
