%YAML:1.0
descriptors: !!opencv-matrix
   rows: 19
   cols: 64
   dt: u
   data: [ 124, 176, 253, 164, 126, 247, 191, 116, 244, 254, 213, 247,
       221, 62, 179, 69, 251, 221, 67, 97, 241, 35, 195, 246, 204, 104,
       188, 239, 80, 29, 247, 235, 223, 36, 87, 190, 83, 120, 233, 116,
       120, 92, 56, 47, 213, 53, 247, 111, 153, 172, 24, 5, 240, 29, 156,
       73, 16, 242, 51, 189, 88, 87, 32, 250, 63, 186, 253, 255, 63, 253,
       253, 120, 255, 255, 223, 249, 253, 126, 189, 85, 255, 255, 99,
       243, 245, 118, 211, 127, 237, 255, 247, 255, 94, 127, 247, 235,
       215, 60, 215, 190, 255, 120, 233, 117, 120, 92, 123, 47, 245, 117,
       247, 111, 185, 174, 24, 7, 240, 29, 156, 89, 16, 243, 51, 189,
       250, 215, 40, 250, 61, 187, 255, 214, 55, 191, 253, 122, 247, 212,
       215, 241, 255, 123, 180, 95, 246, 247, 99, 255, 247, 111, 195,
       247, 237, 122, 231, 253, 126, 156, 244, 233, 223, 46, 87, 190,
       218, 120, 249, 125, 120, 92, 185, 47, 213, 53, 247, 111, 153, 172,
       24, 5, 240, 29, 156, 73, 16, 242, 115, 191, 120, 87, 32, 250, 255,
       187, 247, 166, 127, 63, 191, 122, 246, 220, 214, 115, 255, 127,
       186, 93, 246, 255, 107, 103, 245, 39, 195, 119, 207, 254, 253,
       255, 90, 28, 243, 235, 215, 36, 85, 190, 83, 120, 233, 116, 120,
       92, 56, 47, 213, 21, 247, 111, 153, 172, 24, 5, 240, 29, 156, 73,
       16, 242, 51, 189, 88, 87, 32, 250, 71, 34, 65, 178, 217, 162, 35,
       74, 0, 106, 2, 50, 161, 67, 128, 65, 226, 85, 1, 102, 193, 37,
       136, 123, 78, 218, 40, 15, 210, 8, 49, 75, 87, 39, 84, 187, 82,
       112, 37, 86, 80, 64, 24, 15, 65, 12, 193, 79, 25, 44, 24, 4, 240,
       28, 156, 73, 16, 242, 51, 189, 72, 87, 32, 248, 12, 34, 77, 40,
       18, 179, 162, 101, 112, 186, 194, 180, 88, 52, 169, 66, 194, 93,
       3, 97, 193, 33, 192, 114, 77, 136, 140, 133, 82, 4, 49, 74, 213,
       36, 85, 186, 83, 120, 169, 116, 120, 92, 56, 47, 212, 21, 118,
       111, 153, 172, 24, 5, 240, 29, 156, 72, 16, 242, 51, 188, 88, 87,
       32, 250, 68, 35, 225, 176, 80, 226, 35, 79, 128, 226, 194, 52, 65,
       198, 147, 66, 202, 85, 1, 102, 10, 161, 198, 19, 12, 200, 136, 13,
       82, 8, 48, 9, 114, 39, 85, 187, 16, 112, 69, 84, 32, 96, 24, 14,
       69, 12, 65, 206, 25, 44, 24, 4, 113, 28, 148, 73, 16, 226, 35,
       157, 72, 70, 32, 240, 28, 35, 243, 240, 24, 102, 161, 126, 208,
       252, 194, 53, 65, 197, 155, 98, 234, 204, 131, 98, 229, 41, 206,
       59, 78, 138, 166, 143, 82, 12, 49, 239, 119, 38, 85, 186, 20, 242,
       233, 116, 240, 84, 24, 6, 69, 132, 193, 111, 153, 44, 24, 5, 240,
       29, 156, 73, 16, 242, 51, 189, 88, 71, 33, 242, 118, 49, 249, 158,
       119, 143, 95, 110, 198, 101, 149, 186, 255, 234, 182, 94, 246,
       215, 58, 103, 143, 167, 195, 103, 204, 202, 252, 127, 82, 184,
       245, 105, 215, 37, 85, 191, 66, 120, 225, 118, 112, 218, 57, 47,
       213, 28, 229, 111, 153, 172, 24, 5, 240, 29, 156, 75, 16, 242, 51,
       189, 88, 86, 34, 251, 13, 6, 69, 168, 88, 182, 163, 84, 32, 126,
       66, 5, 64, 61, 185, 1, 138, 109, 129, 96, 224, 1, 76, 112, 76,
       136, 12, 133, 80, 4, 49, 203, 213, 0, 85, 170, 81, 114, 45, 52,
       252, 84, 24, 6, 85, 129, 66, 73, 24, 44, 24, 4, 241, 29, 141, 8,
       16, 226, 35, 188, 72, 87, 32, 248, 13, 166, 117, 161, 153, 253,
       165, 124, 188, 254, 194, 117, 193, 127, 185, 69, 235, 252, 195,
       98, 244, 34, 218, 123, 77, 188, 36, 39, 92, 10, 49, 207, 215, 6,
       87, 186, 80, 248, 233, 116, 124, 84, 58, 47, 84, 5, 245, 107, 153,
       172, 24, 5, 240, 29, 156, 73, 16, 242, 51, 189, 88, 87, 32, 250,
       118, 56, 243, 151, 216, 134, 27, 111, 198, 101, 145, 52, 231, 202,
       147, 94, 242, 213, 59, 102, 203, 143, 194, 63, 78, 202, 174, 15,
       82, 9, 48, 111, 215, 37, 84, 187, 82, 124, 229, 86, 208, 72, 16,
       14, 201, 28, 193, 79, 153, 172, 24, 5, 112, 28, 156, 75, 80, 242,
       51, 189, 88, 86, 48, 251, 211, 20, 210, 23, 221, 130, 30, 8, 2,
       43, 17, 58, 162, 206, 130, 80, 98, 215, 56, 68, 201, 135, 139,
       105, 14, 202, 184, 47, 146, 41, 49, 110, 83, 165, 20, 187, 82,
       117, 37, 246, 64, 72, 8, 11, 209, 28, 205, 31, 153, 172, 24, 5,
       240, 24, 156, 107, 16, 242, 51, 189, 88, 86, 48, 248, 69, 35, 65,
       176, 217, 130, 35, 72, 128, 32, 130, 51, 161, 67, 128, 65, 98, 85,
       1, 96, 195, 45, 136, 115, 14, 138, 34, 15, 146, 8, 33, 77, 83, 39,
       84, 186, 0, 112, 5, 214, 192, 96, 24, 14, 64, 12, 193, 199, 24,
       36, 24, 4, 96, 28, 141, 9, 16, 240, 35, 189, 72, 86, 32, 249, 63,
       182, 109, 170, 63, 189, 189, 122, 245, 254, 214, 241, 237, 63,
       188, 85, 251, 252, 67, 241, 245, 102, 209, 247, 205, 188, 229,
       159, 122, 92, 113, 235, 223, 44, 87, 190, 95, 120, 233, 116, 120,
       92, 58, 47, 212, 49, 247, 111, 153, 172, 24, 5, 240, 29, 156, 73,
       16, 242, 51, 189, 90, 87, 32, 250, 61, 222, 252, 255, 63, 253,
       253, 113, 63, 253, 92, 217, 157, 127, 253, 93, 255, 255, 225, 107,
       245, 125, 219, 123, 125, 255, 179, 127, 127, 95, 247, 239, 215,
       230, 213, 186, 247, 249, 249, 127, 117, 93, 251, 47, 245, 20, 247,
       111, 155, 252, 153, 13, 244, 29, 156, 93, 58, 242, 115, 255, 219,
       223, 45, 254, 211, 20, 88, 23, 235, 138, 30, 0, 10, 35, 17, 218,
       156, 98, 166, 82, 230, 211, 48, 99, 143, 165, 195, 106, 77, 214,
       187, 111, 18, 43, 183, 106, 215, 164, 85, 187, 66, 120, 235, 118,
       112, 88, 40, 41, 213, 28, 245, 63, 153, 172, 24, 5, 240, 29, 156,
       75, 16, 242, 51, 189, 88, 87, 32, 250, 114, 145, 220, 159, 127,
       151, 223, 120, 127, 231, 21, 254, 189, 126, 182, 86, 246, 215, 80,
       103, 143, 53, 195, 115, 77, 242, 240, 63, 82, 137, 213, 107, 215,
       36, 85, 186, 82, 120, 233, 118, 112, 93, 56, 47, 213, 28, 245,
       111, 153, 172, 24, 5, 240, 29, 156, 73, 16, 242, 51, 189, 88, 87,
       32, 250, 61, 182, 125, 172, 62, 181, 189, 121, 244, 254, 244, 241,
       125, 24, 189, 69, 242, 252, 67, 98, 245, 34, 208, 247, 205, 188,
       165, 155, 90, 93, 117, 235, 215, 44, 87, 190, 90, 120, 233, 117,
       120, 92, 58, 47, 212, 53, 247, 111, 153, 172, 24, 5, 240, 29, 156,
       73, 16, 242, 51, 189, 88, 87, 32, 250 ]
