%YAML:1.0
descriptors: !!opencv-matrix
   rows: 16
   cols: 64
   dt: u
   data: [ 126, 53, 253, 158, 119, 135, 31, 107, 230, 68, 149, 50, 253,
       122, 182, 86, 242, 215, 35, 118, 199, 39, 195, 119, 204, 218, 244,
       13, 82, 24, 112, 105, 215, 44, 85, 190, 82, 120, 201, 116, 112,
       92, 56, 47, 213, 20, 245, 111, 153, 172, 24, 5, 240, 29, 156, 73,
       16, 242, 51, 189, 88, 87, 32, 250, 15, 186, 205, 254, 62, 185,
       249, 82, 121, 189, 6, 205, 222, 127, 236, 73, 234, 253, 33, 235,
       229, 124, 67, 251, 69, 254, 163, 191, 126, 79, 117, 103, 215, 100,
       87, 186, 91, 120, 249, 125, 116, 93, 122, 47, 213, 84, 247, 111,
       153, 172, 24, 5, 242, 29, 156, 77, 16, 242, 51, 189, 89, 95, 32,
       250, 126, 49, 241, 182, 94, 38, 11, 75, 198, 108, 208, 113, 111,
       202, 144, 84, 226, 213, 3, 102, 193, 37, 129, 119, 78, 218, 172,
       15, 82, 12, 48, 105, 215, 36, 84, 186, 82, 120, 193, 116, 80, 92,
       24, 15, 209, 20, 225, 79, 153, 172, 24, 5, 240, 28, 156, 73, 16,
       242, 51, 189, 88, 87, 32, 248, 28, 162, 205, 141, 43, 145, 190,
       109, 189, 187, 215, 253, 221, 117, 185, 64, 235, 153, 99, 99, 197,
       103, 194, 251, 89, 90, 164, 190, 72, 197, 53, 238, 223, 36, 69,
       186, 83, 120, 233, 116, 120, 92, 120, 47, 213, 53, 247, 111, 153,
       172, 24, 5, 240, 29, 156, 73, 16, 242, 51, 189, 88, 87, 32, 250,
       13, 130, 253, 165, 169, 157, 187, 108, 188, 255, 198, 109, 221,
       61, 185, 68, 250, 185, 67, 99, 244, 35, 210, 249, 81, 120, 164,
       238, 72, 133, 113, 239, 223, 36, 71, 186, 83, 120, 233, 124, 120,
       92, 56, 175, 213, 113, 247, 111, 153, 172, 24, 1, 240, 29, 156,
       73, 16, 242, 51, 189, 88, 87, 32, 250, 50, 113, 121, 150, 22, 14,
       93, 79, 198, 102, 61, 176, 61, 238, 180, 86, 247, 214, 4, 97, 3,
       162, 225, 39, 220, 135, 229, 9, 19, 184, 208, 105, 210, 36, 20,
       190, 66, 120, 195, 212, 18, 218, 56, 43, 208, 20, 229, 78, 145,
       164, 16, 5, 96, 25, 148, 73, 16, 242, 51, 189, 88, 86, 34, 249,
       87, 48, 88, 54, 220, 162, 27, 64, 66, 39, 17, 50, 196, 203, 128,
       19, 226, 197, 3, 96, 201, 167, 195, 124, 76, 136, 172, 15, 82, 12,
       225, 107, 83, 36, 84, 187, 82, 56, 161, 86, 208, 72, 24, 142, 209,
       24, 193, 79, 153, 172, 24, 1, 112, 29, 156, 73, 16, 242, 51, 189,
       88, 86, 32, 249, 84, 34, 241, 144, 88, 134, 35, 108, 198, 230,
       195, 52, 209, 167, 155, 82, 234, 213, 3, 102, 201, 161, 194, 51,
       76, 200, 188, 13, 82, 12, 49, 107, 87, 36, 85, 187, 80, 120, 5,
       86, 48, 80, 24, 14, 69, 12, 193, 111, 153, 172, 24, 5, 240, 29,
       156, 73, 16, 242, 51, 189, 88, 87, 32, 250, 63, 179, 125, 222, 55,
       189, 221, 122, 247, 214, 151, 240, 253, 123, 189, 85, 246, 246,
       98, 123, 247, 118, 193, 119, 205, 190, 231, 123, 126, 24, 245,
       107, 223, 44, 87, 190, 218, 120, 249, 117, 112, 92, 57, 47, 212,
       52, 245, 111, 153, 172, 24, 5, 240, 29, 156, 73, 16, 242, 51, 189,
       88, 87, 32, 250, 19, 149, 220, 94, 55, 152, 220, 8, 99, 128, 21,
       232, 188, 119, 45, 91, 236, 215, 32, 179, 199, 38, 195, 103, 197,
       214, 225, 127, 18, 42, 149, 98, 215, 44, 85, 190, 90, 120, 235,
       117, 112, 92, 56, 47, 149, 84, 245, 111, 153, 174, 24, 5, 240, 29,
       156, 73, 16, 242, 50, 189, 88, 87, 32, 250, 94, 50, 147, 247, 248,
       242, 250, 197, 88, 251, 82, 93, 208, 70, 155, 112, 58, 203, 153,
       10, 205, 41, 79, 217, 173, 202, 170, 231, 78, 229, 183, 254, 119,
       179, 93, 49, 127, 255, 236, 119, 233, 108, 195, 110, 231, 141,
       219, 51, 189, 222, 24, 103, 245, 229, 156, 235, 199, 255, 151,
       175, 218, 47, 177, 246, 59, 145, 220, 207, 63, 153, 219, 56, 127,
       221, 21, 253, 189, 126, 188, 85, 254, 215, 96, 179, 197, 53, 195,
       115, 237, 254, 241, 127, 86, 106, 245, 107, 215, 36, 85, 190, 82,
       120, 233, 117, 112, 93, 57, 47, 213, 20, 245, 111, 153, 172, 24,
       5, 240, 29, 156, 73, 16, 242, 51, 189, 88, 87, 32, 250, 63, 182,
       245, 7, 63, 157, 155, 77, 250, 255, 146, 117, 252, 59, 169, 84,
       254, 247, 3, 243, 213, 39, 211, 119, 221, 218, 228, 127, 90, 28,
       241, 107, 215, 44, 85, 190, 90, 120, 233, 124, 240, 92, 56, 47,
       213, 20, 245, 111, 153, 172, 24, 5, 240, 29, 156, 73, 16, 242, 51,
       189, 88, 87, 32, 250, 193, 143, 130, 209, 201, 195, 202, 132, 40,
       235, 2, 207, 146, 228, 99, 137, 13, 27, 61, 231, 78, 141, 110, 57,
       67, 95, 155, 102, 129, 3, 50, 23, 215, 51, 81, 97, 83, 69, 238,
       98, 112, 60, 40, 63, 221, 28, 255, 177, 157, 200, 24, 53, 213,
       127, 156, 203, 83, 253, 49, 53, 84, 113, 16, 234, 45, 238, 237,
       169, 31, 253, 167, 125, 253, 254, 222, 253, 253, 61, 253, 205,
       203, 253, 227, 57, 245, 87, 219, 253, 117, 125, 29, 182, 125, 215,
       123, 239, 221, 232, 223, 48, 127, 250, 233, 62, 124, 93, 106, 175,
       85, 241, 118, 99, 187, 252, 152, 12, 244, 29, 222, 92, 62, 246,
       183, 189, 219, 223, 108, 254, 254, 251, 124, 255, 254, 255, 219,
       176, 255, 253, 127, 255, 191, 122, 126, 252, 245, 215, 126, 255,
       255, 255, 163, 254, 233, 127, 247, 255, 255, 255, 255, 255, 215,
       253, 255, 247, 255, 91, 250, 255, 251, 221, 255, 127, 249, 190,
       255, 127, 175, 247, 159, 207, 254, 175, 155, 255, 119, 247, 123,
       255, 255, 255, 182, 255 ]
