%YAML:1.0
descriptors: !!opencv-matrix
   rows: 13
   cols: 64
   dt: u
   data: [ 63, 222, 108, 239, 63, 253, 189, 120, 189, 255, 252, 251, 189,
       63, 252, 77, 251, 253, 231, 251, 245, 118, 219, 125, 125, 255,
       245, 55, 126, 223, 119, 239, 223, 236, 223, 190, 247, 249, 249,
       127, 125, 93, 123, 175, 213, 113, 247, 107, 187, 254, 153, 9, 244,
       29, 220, 93, 58, 242, 183, 189, 250, 223, 44, 254, 221, 186, 215,
       245, 253, 162, 251, 254, 24, 185, 192, 251, 166, 219, 130, 25, 34,
       205, 185, 107, 238, 45, 238, 123, 46, 234, 226, 247, 92, 97, 97,
       239, 127, 243, 60, 49, 53, 253, 254, 247, 89, 108, 235, 102, 235,
       1, 219, 251, 252, 254, 120, 247, 245, 254, 156, 237, 87, 159, 247,
       207, 218, 55, 149, 255, 63, 190, 253, 239, 63, 189, 255, 120, 255,
       255, 223, 251, 253, 127, 253, 93, 251, 255, 99, 251, 245, 119,
       211, 255, 237, 255, 245, 255, 126, 95, 247, 239, 223, 108, 87,
       190, 223, 120, 249, 117, 124, 92, 123, 47, 213, 53, 247, 111, 153,
       172, 24, 5, 240, 29, 157, 73, 16, 242, 51, 189, 218, 87, 32, 254,
       62, 252, 255, 255, 63, 189, 253, 123, 255, 255, 245, 251, 255,
       122, 188, 94, 255, 215, 99, 123, 245, 127, 211, 127, 253, 255,
       247, 255, 126, 223, 247, 239, 215, 44, 87, 190, 223, 120, 249,
       125, 120, 93, 251, 47, 213, 53, 247, 111, 153, 172, 24, 5, 240,
       29, 156, 73, 16, 242, 115, 189, 122, 87, 40, 254, 68, 35, 177,
       208, 88, 134, 106, 103, 2, 162, 3, 20, 81, 196, 155, 66, 234, 205,
       3, 102, 142, 169, 198, 11, 12, 202, 166, 77, 0, 12, 49, 74, 115,
       7, 85, 187, 0, 122, 71, 86, 48, 96, 144, 78, 69, 28, 193, 15, 153,
       44, 24, 5, 112, 93, 148, 75, 16, 250, 51, 189, 88, 70, 33, 242,
       31, 149, 92, 252, 63, 187, 254, 113, 48, 250, 85, 211, 156, 118,
       164, 82, 234, 221, 1, 227, 197, 37, 195, 115, 77, 218, 176, 127,
       82, 13, 181, 107, 215, 36, 85, 186, 83, 120, 233, 116, 112, 92,
       56, 47, 213, 20, 247, 111, 153, 172, 24, 5, 240, 29, 156, 73, 16,
       242, 51, 189, 88, 87, 32, 250, 3, 4, 0, 34, 221, 160, 39, 8, 32,
       1, 0, 97, 168, 75, 4, 21, 98, 119, 5, 80, 224, 34, 137, 116, 70,
       152, 32, 15, 210, 0, 33, 69, 22, 166, 20, 154, 67, 16, 5, 214, 65,
       194, 24, 11, 64, 17, 200, 71, 8, 36, 16, 4, 100, 4, 140, 9, 16,
       176, 35, 156, 8, 71, 32, 121, 31, 179, 77, 246, 63, 185, 223, 56,
       254, 188, 215, 243, 253, 123, 56, 83, 244, 223, 3, 243, 229, 34,
       195, 118, 205, 190, 229, 255, 90, 12, 241, 235, 215, 44, 85, 190,
       91, 120, 233, 116, 120, 92, 56, 47, 213, 21, 247, 111, 153, 172,
       24, 5, 240, 29, 156, 73, 16, 242, 51, 189, 88, 87, 32, 250, 68, 2,
       145, 144, 8, 130, 42, 103, 0, 162, 67, 4, 80, 128, 25, 2, 68, 73,
       1, 98, 138, 161, 206, 155, 12, 8, 174, 204, 0, 132, 49, 74, 115,
       20, 85, 43, 0, 234, 0, 66, 176, 64, 16, 14, 71, 12, 193, 43, 153,
       40, 24, 5, 112, 93, 20, 73, 128, 98, 19, 185, 72, 6, 32, 242, 60,
       176, 253, 190, 63, 119, 255, 127, 214, 254, 221, 245, 125, 126,
       183, 118, 255, 223, 67, 99, 245, 51, 195, 127, 221, 235, 228, 207,
       83, 221, 245, 235, 223, 44, 85, 190, 83, 120, 233, 124, 120, 92,
       49, 47, 213, 53, 247, 111, 153, 172, 24, 5, 240, 29, 156, 73, 16,
       242, 51, 189, 88, 87, 34, 250, 87, 16, 80, 22, 221, 130, 27, 72,
       130, 38, 17, 50, 160, 203, 130, 18, 226, 197, 17, 100, 201, 167,
       131, 36, 78, 200, 172, 15, 210, 8, 33, 107, 83, 37, 84, 187, 66,
       56, 161, 86, 144, 72, 24, 14, 209, 24, 193, 79, 153, 172, 24, 1,
       112, 28, 156, 73, 16, 242, 51, 188, 88, 86, 32, 249, 253, 255,
       247, 245, 255, 247, 255, 251, 254, 253, 253, 251, 255, 251, 242,
       124, 251, 245, 127, 111, 255, 239, 183, 255, 191, 255, 247, 255,
       255, 223, 246, 255, 255, 111, 52, 255, 214, 125, 253, 253, 95, 93,
       251, 191, 217, 173, 217, 127, 173, 173, 223, 205, 248, 190, 158,
       77, 112, 254, 115, 159, 251, 95, 165, 254, 60, 178, 253, 254, 63,
       189, 253, 127, 247, 254, 215, 245, 253, 126, 185, 87, 254, 255,
       99, 99, 244, 119, 210, 247, 205, 186, 228, 255, 90, 89, 117, 235,
       223, 44, 87, 190, 215, 120, 233, 117, 120, 92, 59, 47, 213, 53,
       245, 111, 153, 172, 24, 5, 240, 29, 156, 73, 16, 242, 51, 189, 90,
       87, 32, 250 ]
