%YAML:1.0
descriptors: !!opencv-matrix
   rows: 17
   cols: 64
   dt: u
   data: [ 44, 160, 109, 163, 62, 181, 189, 124, 244, 254, 220, 243, 253,
       63, 179, 71, 235, 220, 67, 97, 241, 114, 203, 252, 77, 188, 180,
       187, 122, 93, 49, 239, 215, 36, 87, 186, 83, 120, 169, 116, 120,
       92, 120, 47, 212, 53, 247, 111, 153, 172, 24, 5, 240, 29, 156, 73,
       16, 242, 51, 189, 88, 87, 32, 250, 63, 253, 125, 252, 55, 189,
       221, 123, 255, 212, 255, 242, 253, 126, 252, 223, 247, 246, 99,
       115, 247, 118, 208, 119, 253, 190, 245, 121, 122, 222, 246, 233,
       206, 44, 87, 190, 218, 122, 249, 125, 120, 93, 61, 175, 212, 55,
       245, 111, 153, 172, 152, 13, 240, 29, 157, 89, 48, 242, 115, 189,
       122, 215, 40, 250, 71, 35, 193, 178, 93, 162, 35, 74, 0, 42, 194,
       113, 163, 195, 128, 65, 226, 213, 5, 70, 195, 45, 136, 123, 14,
       154, 170, 15, 82, 8, 33, 105, 87, 39, 84, 187, 82, 120, 5, 212,
       80, 64, 24, 14, 193, 12, 193, 79, 153, 44, 24, 4, 96, 28, 156, 73,
       16, 242, 51, 189, 72, 23, 32, 248, 126, 49, 241, 182, 24, 38, 41,
       111, 194, 108, 209, 49, 101, 194, 145, 82, 226, 212, 3, 98, 203,
       168, 192, 63, 140, 138, 166, 13, 82, 8, 49, 111, 115, 36, 84, 186,
       82, 112, 65, 86, 16, 72, 24, 14, 192, 20, 193, 79, 153, 164, 24,
       5, 112, 28, 156, 73, 16, 242, 51, 189, 88, 70, 32, 241, 68, 2,
       147, 145, 72, 194, 34, 229, 0, 162, 67, 4, 208, 164, 155, 34, 76,
       73, 9, 102, 136, 129, 78, 153, 12, 72, 172, 204, 0, 132, 49, 66,
       117, 17, 85, 43, 16, 234, 5, 66, 160, 0, 16, 14, 71, 140, 67, 183,
       153, 8, 56, 33, 113, 93, 148, 73, 128, 106, 3, 180, 72, 70, 32,
       242, 12, 0, 204, 148, 42, 83, 184, 118, 52, 186, 212, 149, 88,
       101, 177, 66, 136, 24, 65, 99, 197, 32, 192, 243, 73, 10, 128,
       150, 72, 196, 53, 202, 223, 36, 85, 186, 83, 120, 233, 116, 112,
       124, 56, 47, 212, 53, 247, 107, 153, 172, 24, 5, 240, 29, 156, 73,
       16, 242, 51, 189, 88, 87, 32, 250, 63, 190, 253, 255, 63, 189,
       189, 121, 255, 255, 223, 249, 253, 127, 252, 84, 255, 215, 99,
       123, 245, 102, 195, 255, 221, 255, 229, 255, 126, 95, 245, 239,
       223, 44, 85, 190, 222, 120, 233, 117, 120, 92, 123, 47, 213, 53,
       245, 111, 153, 172, 24, 5, 240, 29, 156, 73, 16, 242, 51, 189, 90,
       87, 32, 254, 63, 191, 253, 254, 63, 189, 253, 122, 247, 254, 215,
       241, 237, 123, 188, 95, 246, 246, 99, 251, 245, 110, 211, 247,
       205, 186, 231, 255, 126, 93, 245, 235, 223, 44, 87, 190, 223, 120,
       249, 117, 120, 92, 59, 47, 212, 49, 247, 111, 153, 172, 24, 5,
       240, 29, 156, 73, 16, 242, 51, 191, 122, 87, 32, 250, 62, 191,
       253, 254, 55, 191, 253, 123, 247, 254, 213, 241, 127, 122, 188,
       94, 246, 247, 99, 243, 245, 63, 209, 247, 221, 170, 230, 223, 90,
       220, 245, 235, 207, 44, 87, 190, 219, 120, 249, 125, 120, 95, 57,
       47, 213, 53, 247, 111, 153, 172, 24, 5, 240, 29, 156, 73, 16, 242,
       115, 189, 122, 87, 40, 251, 221, 187, 147, 127, 120, 35, 254, 242,
       216, 185, 70, 223, 210, 214, 139, 74, 226, 221, 187, 103, 199,
       173, 195, 215, 79, 222, 183, 175, 210, 14, 50, 110, 215, 39, 117,
       187, 83, 120, 237, 116, 121, 92, 184, 47, 221, 52, 183, 111, 153,
       172, 24, 5, 240, 31, 156, 73, 16, 242, 51, 189, 88, 87, 33, 250,
       195, 149, 0, 50, 205, 162, 6, 10, 34, 1, 0, 67, 170, 75, 4, 21,
       102, 39, 5, 212, 194, 47, 137, 103, 66, 218, 99, 15, 210, 0, 161,
       101, 150, 39, 20, 155, 67, 8, 101, 228, 65, 194, 24, 203, 193, 89,
       245, 199, 1, 36, 24, 4, 96, 8, 140, 201, 17, 178, 51, 189, 24, 87,
       176, 105, 205, 46, 231, 245, 221, 162, 235, 254, 188, 255, 194,
       63, 195, 207, 139, 77, 226, 221, 187, 102, 238, 175, 206, 123, 79,
       202, 186, 167, 218, 9, 51, 207, 119, 39, 85, 187, 80, 252, 253,
       118, 120, 116, 186, 62, 205, 13, 217, 243, 156, 172, 24, 181, 209,
       255, 156, 73, 80, 252, 51, 191, 76, 87, 49, 254, 252, 185, 255,
       255, 118, 119, 250, 247, 221, 249, 85, 223, 223, 210, 147, 90,
       251, 213, 123, 111, 15, 173, 231, 247, 143, 219, 183, 191, 83,
       239, 54, 250, 215, 39, 53, 255, 86, 125, 251, 117, 120, 124, 177,
       126, 255, 28, 209, 111, 159, 172, 25, 199, 240, 61, 156, 73, 80,
       254, 115, 251, 89, 87, 33, 254, 44, 166, 109, 188, 62, 189, 189,
       121, 244, 254, 214, 241, 249, 126, 185, 70, 130, 220, 67, 99, 245,
       34, 192, 247, 93, 170, 132, 131, 90, 220, 49, 203, 215, 44, 85,
       186, 82, 120, 233, 116, 120, 92, 56, 47, 212, 53, 245, 107, 153,
       172, 24, 5, 240, 29, 156, 73, 16, 242, 51, 189, 88, 87, 32, 250,
       109, 174, 239, 233, 255, 255, 167, 124, 253, 255, 254, 251, 253,
       125, 191, 77, 203, 253, 123, 114, 253, 119, 219, 253, 79, 253, 29,
       167, 126, 87, 51, 235, 223, 44, 215, 187, 95, 121, 237, 124, 124,
       92, 122, 47, 213, 241, 247, 99, 189, 172, 24, 5, 241, 29, 156, 89,
       48, 246, 51, 189, 218, 215, 40, 250, 60, 189, 253, 222, 54, 255,
       125, 119, 119, 252, 92, 209, 95, 255, 188, 78, 255, 255, 225, 171,
       245, 125, 211, 243, 217, 127, 183, 246, 121, 221, 253, 235, 223,
       112, 87, 176, 255, 120, 249, 125, 116, 221, 255, 47, 245, 52, 247,
       111, 187, 172, 137, 79, 242, 29, 158, 93, 62, 243, 119, 191, 91,
       255, 44, 250, 57, 179, 109, 246, 62, 189, 189, 126, 245, 252, 214,
       241, 125, 121, 185, 69, 242, 252, 67, 107, 244, 98, 193, 247, 77,
       170, 164, 155, 126, 84, 117, 235, 215, 36, 85, 186, 87, 120, 233,
       117, 120, 92, 59, 47, 212, 53, 247, 111, 153, 172, 24, 5, 240, 29,
       156, 73, 16, 242, 51, 189, 88, 87, 32, 250 ]
