%YAML:1.0
descriptors: !!opencv-matrix
   rows: 13
   cols: 64
   dt: u
   data: [ 63, 254, 109, 239, 191, 253, 255, 120, 125, 253, 214, 251,
       253, 127, 253, 69, 251, 253, 225, 251, 245, 117, 219, 251, 125,
       255, 177, 183, 126, 95, 119, 239, 223, 100, 213, 186, 255, 121,
       249, 125, 116, 93, 123, 47, 213, 145, 247, 111, 155, 188, 153, 13,
       240, 29, 158, 77, 54, 242, 119, 189, 218, 223, 44, 254, 199, 46,
       195, 119, 217, 194, 202, 205, 136, 171, 2, 127, 130, 199, 131, 89,
       235, 85, 57, 103, 207, 173, 206, 123, 79, 219, 186, 47, 210, 9,
       51, 78, 87, 167, 93, 187, 82, 253, 239, 118, 96, 124, 40, 106,
       205, 28, 249, 179, 217, 172, 24, 53, 245, 63, 156, 235, 16, 248,
       49, 191, 92, 85, 49, 250, 70, 34, 64, 2, 217, 130, 2, 64, 34, 32,
       3, 52, 0, 7, 161, 65, 226, 85, 1, 100, 201, 1, 128, 32, 76, 200,
       168, 13, 146, 8, 49, 72, 241, 36, 85, 186, 66, 112, 5, 84, 48, 80,
       24, 14, 85, 28, 192, 77, 153, 44, 24, 5, 112, 29, 156, 73, 16,
       242, 51, 188, 88, 86, 32, 248, 98, 5, 1, 146, 73, 6, 7, 11, 134,
       96, 1, 0, 49, 78, 160, 5, 98, 85, 0, 4, 194, 35, 128, 38, 76, 192,
       168, 13, 18, 8, 17, 73, 194, 38, 20, 154, 66, 112, 7, 86, 0, 64,
       8, 11, 5, 28, 229, 78, 17, 44, 16, 4, 48, 24, 132, 75, 16, 114,
       50, 60, 88, 84, 32, 248, 69, 37, 65, 16, 88, 6, 7, 79, 130, 100,
       1, 16, 1, 70, 144, 66, 194, 85, 1, 100, 130, 161, 136, 34, 76,
       128, 140, 13, 18, 8, 17, 73, 83, 38, 84, 186, 0, 112, 7, 86, 0,
       96, 24, 11, 69, 28, 229, 78, 17, 36, 16, 4, 49, 24, 148, 11, 16,
       98, 35, 184, 72, 86, 32, 248, 92, 32, 93, 22, 107, 147, 190, 120,
       114, 58, 213, 115, 252, 103, 160, 64, 230, 155, 67, 243, 193, 37,
       195, 246, 200, 94, 240, 238, 64, 12, 177, 106, 223, 36, 69, 190,
       91, 120, 233, 116, 120, 92, 56, 47, 213, 53, 247, 111, 153, 172,
       24, 5, 240, 29, 156, 73, 16, 242, 51, 189, 88, 87, 32, 250, 103,
       38, 243, 147, 217, 134, 7, 76, 238, 101, 131, 54, 167, 239, 147,
       87, 234, 213, 43, 102, 201, 135, 203, 61, 78, 202, 188, 47, 146,
       8, 49, 111, 87, 37, 85, 187, 82, 120, 229, 86, 112, 80, 24, 142,
       197, 24, 229, 7, 153, 172, 24, 1, 240, 29, 156, 75, 16, 242, 51,
       189, 88, 87, 32, 250, 63, 190, 253, 231, 191, 253, 187, 125, 254,
       253, 214, 253, 253, 127, 249, 245, 251, 255, 67, 115, 245, 103,
       219, 255, 237, 234, 228, 255, 126, 95, 243, 239, 223, 108, 85,
       190, 95, 122, 233, 118, 248, 92, 122, 47, 213, 55, 247, 111, 153,
       172, 24, 5, 240, 29, 157, 73, 16, 242, 51, 189, 218, 87, 32, 254,
       63, 190, 253, 255, 63, 253, 251, 125, 255, 255, 222, 253, 253,
       126, 255, 245, 255, 215, 99, 123, 245, 119, 219, 127, 237, 255,
       244, 255, 126, 95, 247, 239, 215, 44, 85, 190, 254, 122, 249, 117,
       248, 93, 123, 47, 213, 55, 245, 111, 185, 172, 24, 5, 240, 29,
       156, 73, 16, 242, 51, 189, 218, 95, 32, 254, 61, 190, 255, 255,
       62, 253, 249, 124, 255, 255, 222, 253, 253, 127, 187, 255, 255,
       254, 227, 123, 245, 111, 211, 255, 253, 255, 246, 255, 126, 223,
       247, 239, 223, 44, 87, 190, 255, 120, 249, 125, 120, 92, 59, 47,
       213, 53, 247, 111, 185, 172, 24, 7, 240, 29, 156, 73, 22, 242, 55,
       189, 122, 87, 32, 250, 127, 55, 245, 180, 127, 183, 191, 125, 246,
       254, 211, 55, 253, 127, 179, 87, 250, 221, 67, 119, 245, 39, 195,
       119, 205, 250, 252, 207, 82, 28, 241, 235, 215, 44, 85, 190, 90,
       120, 233, 116, 120, 92, 56, 47, 213, 21, 247, 111, 153, 172, 24,
       5, 240, 29, 156, 73, 16, 242, 51, 189, 88, 87, 32, 250, 60, 191,
       255, 254, 62, 253, 253, 127, 255, 254, 213, 253, 255, 126, 191,
       94, 255, 223, 99, 107, 245, 63, 211, 247, 221, 251, 246, 255, 90,
       221, 247, 235, 207, 44, 87, 190, 223, 120, 249, 125, 120, 92, 59,
       47, 245, 53, 247, 111, 153, 172, 24, 7, 240, 29, 156, 73, 16, 242,
       115, 189, 122, 87, 32, 250, 60, 249, 255, 254, 55, 247, 253, 126,
       245, 252, 253, 249, 127, 254, 182, 94, 251, 221, 99, 107, 247, 63,
       195, 247, 237, 255, 247, 191, 91, 221, 119, 235, 223, 36, 85, 190,
       215, 120, 249, 125, 122, 95, 189, 47, 245, 53, 247, 111, 153, 172,
       24, 5, 240, 29, 156, 73, 16, 242, 115, 191, 121, 87, 34, 251 ]
