%YAML:1.0
descriptors: !!opencv-matrix
   rows: 11
   cols: 64
   dt: u
   data: [ 254, 253, 255, 255, 118, 127, 253, 255, 223, 253, 253, 253,
       127, 254, 191, 254, 255, 215, 123, 127, 63, 159, 231, 183, 223,
       255, 247, 255, 91, 255, 246, 235, 215, 47, 117, 255, 222, 125,
       255, 125, 122, 125, 185, 111, 223, 61, 245, 238, 223, 172, 31,
       215, 240, 61, 156, 77, 81, 254, 115, 255, 121, 117, 145, 250, 95,
       51, 221, 182, 127, 186, 159, 120, 118, 190, 214, 115, 237, 123,
       153, 83, 246, 215, 1, 247, 197, 37, 195, 115, 205, 202, 232, 111,
       82, 12, 241, 107, 215, 36, 85, 186, 90, 120, 233, 116, 112, 92,
       56, 47, 213, 20, 245, 111, 153, 172, 24, 5, 240, 29, 156, 73, 16,
       242, 51, 189, 88, 87, 32, 250, 70, 36, 195, 147, 216, 134, 7, 77,
       134, 103, 0, 62, 147, 206, 179, 68, 226, 85, 49, 102, 203, 173,
       202, 75, 78, 202, 190, 47, 146, 8, 49, 79, 71, 167, 84, 187, 18,
       124, 103, 86, 64, 96, 0, 10, 69, 28, 205, 147, 25, 44, 24, 4, 241,
       24, 156, 67, 16, 250, 51, 189, 88, 87, 48, 248, 71, 2, 193, 146,
       217, 130, 7, 74, 166, 98, 3, 48, 129, 203, 129, 71, 194, 85, 1,
       102, 206, 173, 136, 43, 78, 194, 138, 15, 146, 8, 17, 79, 83, 167,
       85, 187, 64, 112, 103, 86, 32, 96, 8, 11, 69, 28, 229, 139, 17,
       44, 16, 4, 49, 24, 132, 11, 16, 98, 51, 189, 72, 86, 48, 248, 69,
       6, 65, 144, 217, 130, 7, 72, 128, 102, 1, 16, 129, 201, 128, 3,
       194, 85, 1, 100, 138, 33, 138, 43, 76, 194, 136, 15, 18, 8, 17,
       79, 83, 39, 84, 187, 0, 112, 37, 86, 0, 96, 8, 15, 65, 28, 229, 3,
       17, 44, 16, 4, 113, 24, 132, 11, 16, 98, 51, 189, 72, 86, 32, 248,
       69, 6, 33, 144, 201, 130, 35, 76, 164, 102, 130, 4, 193, 201, 128,
       7, 194, 85, 9, 102, 202, 33, 138, 51, 78, 202, 136, 7, 16, 8, 49,
       75, 83, 39, 84, 187, 0, 112, 101, 86, 16, 112, 24, 15, 65, 28,
       229, 67, 25, 44, 24, 4, 113, 29, 140, 9, 16, 234, 35, 189, 72, 86,
       32, 248, 101, 36, 227, 19, 217, 130, 6, 77, 192, 35, 131, 50, 242,
       198, 163, 71, 234, 85, 51, 102, 203, 135, 203, 45, 78, 218, 188,
       47, 210, 12, 49, 74, 87, 39, 85, 187, 18, 120, 101, 86, 48, 64,
       24, 47, 197, 28, 229, 151, 153, 172, 24, 5, 241, 28, 156, 75, 16,
       250, 51, 189, 88, 87, 32, 250, 87, 52, 17, 23, 223, 130, 15, 8,
       194, 39, 17, 50, 176, 202, 163, 83, 230, 215, 0, 212, 201, 163,
       195, 12, 204, 192, 236, 111, 18, 8, 209, 106, 195, 44, 85, 191,
       74, 120, 161, 86, 48, 72, 0, 11, 213, 92, 165, 15, 153, 172, 24,
       5, 112, 25, 156, 67, 16, 242, 51, 189, 88, 86, 32, 250, 63, 190,
       255, 239, 191, 253, 187, 120, 254, 255, 222, 255, 237, 127, 249,
       117, 255, 247, 99, 115, 245, 103, 219, 255, 237, 254, 245, 255,
       94, 91, 247, 239, 223, 44, 223, 190, 95, 122, 233, 117, 120, 92,
       122, 47, 213, 53, 245, 111, 153, 172, 24, 5, 240, 29, 156, 73, 16,
       242, 51, 189, 218, 87, 32, 254, 60, 187, 255, 254, 54, 255, 253,
       127, 253, 254, 255, 245, 127, 126, 191, 238, 255, 223, 227, 107,
       245, 127, 195, 247, 249, 127, 247, 254, 124, 215, 247, 235, 223,
       44, 87, 190, 223, 120, 249, 125, 120, 93, 187, 47, 245, 53, 247,
       111, 185, 172, 24, 7, 240, 29, 156, 73, 20, 242, 115, 189, 123,
       87, 32, 250, 56, 186, 253, 239, 63, 253, 255, 120, 255, 253, 222,
       253, 253, 127, 253, 253, 255, 247, 99, 123, 245, 119, 203, 255,
       237, 255, 245, 255, 126, 223, 247, 239, 223, 108, 87, 190, 223,
       122, 249, 125, 124, 93, 123, 47, 213, 55, 247, 111, 185, 172, 24,
       5, 240, 29, 156, 77, 16, 242, 51, 189, 218, 87, 32, 254 ]
