%YAML:1.0
descriptors: !!opencv-matrix
   rows: 79
   cols: 64
   dt: u
   data: [ 62, 177, 255, 254, 63, 183, 253, 126, 215, 254, 213, 241, 255,
       122, 180, 94, 254, 223, 99, 243, 247, 63, 195, 247, 205, 251, 231,
       255, 82, 253, 245, 235, 223, 60, 85, 190, 219, 120, 233, 125, 120,
       93, 177, 47, 245, 53, 247, 111, 153, 174, 24, 7, 240, 29, 156, 73,
       16, 243, 51, 189, 120, 87, 32, 250, 127, 181, 253, 254, 55, 183,
       127, 122, 246, 252, 213, 241, 125, 122, 180, 87, 246, 247, 35,
       119, 229, 47, 193, 119, 204, 250, 230, 95, 82, 92, 245, 233, 215,
       44, 85, 190, 82, 120, 233, 124, 120, 92, 56, 47, 213, 21, 245,
       111, 153, 172, 24, 5, 240, 29, 156, 73, 16, 242, 51, 189, 88, 87,
       32, 250, 63, 186, 253, 253, 63, 253, 253, 120, 191, 255, 252, 249,
       253, 123, 189, 95, 253, 255, 99, 251, 245, 118, 194, 127, 237,
       255, 229, 255, 126, 95, 245, 239, 223, 108, 213, 190, 127, 120,
       249, 117, 120, 93, 123, 47, 213, 53, 247, 111, 185, 172, 24, 5,
       240, 29, 156, 77, 16, 242, 55, 189, 218, 87, 32, 250, 30, 180, 76,
       111, 191, 249, 222, 49, 123, 187, 222, 255, 252, 118, 44, 113,
       237, 223, 33, 243, 197, 37, 203, 123, 237, 223, 241, 239, 94, 79,
       183, 110, 215, 36, 85, 186, 91, 120, 233, 116, 112, 92, 122, 47,
       213, 21, 247, 111, 153, 172, 24, 5, 240, 29, 156, 73, 16, 242, 51,
       189, 88, 87, 32, 250, 63, 52, 253, 182, 63, 183, 63, 94, 246, 254,
       215, 53, 253, 126, 177, 87, 254, 247, 3, 114, 225, 39, 211, 119,
       204, 250, 228, 207, 82, 92, 245, 235, 215, 44, 87, 190, 90, 120,
       233, 124, 120, 92, 56, 47, 213, 21, 245, 111, 153, 172, 24, 5,
       240, 29, 156, 73, 16, 242, 51, 189, 88, 87, 32, 250, 6, 178, 93,
       43, 189, 248, 186, 88, 250, 187, 134, 237, 236, 119, 137, 49, 239,
       207, 3, 242, 197, 99, 75, 254, 197, 222, 245, 255, 90, 15, 163,
       102, 223, 44, 85, 190, 91, 56, 233, 116, 120, 92, 58, 47, 213,
       117, 247, 111, 153, 172, 24, 5, 240, 29, 156, 73, 16, 242, 51,
       189, 88, 87, 32, 250, 63, 54, 253, 182, 63, 183, 63, 120, 246,
       124, 215, 51, 237, 127, 176, 87, 246, 247, 3, 115, 229, 39, 195,
       119, 204, 250, 228, 207, 82, 28, 241, 235, 215, 44, 85, 190, 90,
       120, 233, 116, 120, 92, 56, 47, 213, 21, 245, 111, 153, 172, 24,
       5, 240, 29, 156, 73, 16, 242, 51, 189, 88, 87, 32, 250, 29, 150,
       92, 135, 255, 177, 187, 120, 62, 255, 214, 127, 188, 123, 163, 69,
       230, 223, 65, 243, 245, 103, 203, 248, 72, 122, 240, 126, 88, 79,
       247, 111, 223, 36, 85, 186, 83, 120, 233, 116, 112, 92, 120, 47,
       213, 53, 247, 111, 153, 172, 24, 5, 240, 29, 156, 73, 16, 242, 51,
       189, 88, 87, 32, 250, 118, 50, 247, 145, 219, 135, 7, 77, 238,
       101, 131, 54, 255, 239, 179, 85, 234, 213, 59, 100, 201, 5, 202,
       125, 78, 200, 184, 47, 210, 12, 49, 111, 215, 37, 85, 187, 82,
       120, 237, 86, 112, 84, 24, 14, 213, 28, 229, 7, 153, 172, 24, 5,
       240, 29, 156, 73, 16, 242, 51, 189, 88, 87, 32, 250, 63, 180, 125,
       190, 63, 183, 191, 121, 246, 254, 221, 241, 125, 110, 177, 87,
       246, 223, 67, 99, 245, 35, 193, 118, 204, 170, 228, 207, 82, 92,
       245, 235, 215, 44, 85, 190, 83, 120, 233, 116, 120, 92, 56, 47,
       212, 53, 247, 111, 153, 172, 24, 5, 240, 29, 156, 73, 16, 242, 51,
       189, 88, 87, 32, 250, 60, 178, 125, 246, 63, 183, 187, 121, 246,
       254, 244, 245, 253, 123, 176, 116, 242, 213, 67, 99, 245, 115,
       195, 126, 204, 170, 228, 159, 122, 93, 245, 235, 223, 44, 85, 190,
       86, 120, 233, 116, 120, 92, 56, 47, 212, 53, 247, 111, 153, 172,
       24, 5, 240, 29, 156, 73, 16, 242, 51, 189, 88, 87, 32, 250, 127,
       50, 253, 176, 127, 183, 63, 126, 244, 254, 214, 51, 237, 61, 187,
       87, 242, 253, 35, 114, 225, 39, 195, 119, 77, 232, 236, 143, 90,
       28, 113, 235, 215, 44, 85, 190, 82, 120, 233, 116, 120, 92, 56,
       47, 213, 21, 247, 111, 153, 172, 24, 5, 240, 29, 156, 73, 16, 242,
       51, 189, 88, 87, 32, 250, 68, 2, 17, 145, 200, 130, 34, 64, 0, 32,
       2, 4, 192, 193, 137, 3, 102, 73, 137, 98, 202, 41, 10, 137, 78,
       72, 170, 206, 0, 4, 33, 71, 83, 147, 85, 43, 0, 162, 37, 70, 164,
       0, 8, 2, 97, 8, 201, 19, 24, 100, 56, 48, 37, 92, 12, 75, 0, 106,
       19, 165, 72, 70, 49, 228, 61, 180, 125, 190, 63, 247, 187, 124,
       246, 252, 254, 117, 109, 127, 185, 117, 242, 245, 67, 114, 245,
       35, 195, 246, 205, 170, 228, 159, 90, 29, 113, 235, 223, 44, 85,
       190, 82, 120, 233, 116, 120, 92, 56, 47, 212, 53, 245, 111, 153,
       172, 24, 5, 240, 29, 156, 73, 16, 242, 51, 189, 88, 87, 32, 250,
       111, 38, 229, 178, 127, 183, 43, 94, 228, 126, 194, 53, 253, 250,
       179, 71, 234, 245, 35, 102, 225, 39, 195, 119, 78, 232, 188, 143,
       82, 12, 49, 235, 215, 36, 85, 186, 82, 120, 225, 124, 120, 92, 24,
       15, 213, 21, 229, 79, 153, 172, 24, 5, 240, 29, 156, 73, 16, 242,
       51, 189, 88, 87, 32, 250, 110, 33, 239, 180, 95, 167, 63, 127,
       164, 230, 213, 54, 219, 237, 179, 71, 226, 221, 99, 102, 193, 39,
       194, 115, 78, 202, 188, 13, 82, 28, 48, 235, 215, 36, 85, 186, 82,
       120, 193, 116, 112, 92, 24, 46, 213, 28, 229, 111, 153, 172, 24,
       5, 240, 29, 156, 73, 16, 242, 51, 189, 88, 87, 32, 250, 193, 1,
       147, 246, 217, 162, 98, 74, 0, 33, 64, 83, 130, 195, 128, 16, 98,
       77, 157, 66, 206, 173, 170, 91, 14, 202, 130, 15, 210, 1, 33, 79,
       51, 167, 52, 59, 1, 244, 103, 214, 65, 98, 152, 66, 233, 29, 201,
       203, 73, 36, 88, 52, 117, 62, 156, 201, 81, 250, 51, 155, 72, 70,
       177, 253, 63, 180, 125, 182, 63, 247, 191, 125, 246, 252, 254,
       245, 125, 127, 177, 116, 243, 213, 67, 115, 245, 35, 195, 247,
       205, 234, 228, 159, 90, 93, 117, 235, 223, 44, 85, 190, 90, 120,
       233, 116, 120, 92, 56, 47, 213, 53, 245, 111, 153, 172, 24, 5,
       240, 29, 156, 73, 16, 242, 51, 189, 88, 87, 32, 250, 79, 7, 231,
       176, 103, 183, 43, 94, 164, 102, 131, 2, 217, 248, 51, 71, 136,
       125, 35, 102, 232, 167, 194, 115, 78, 234, 156, 12, 80, 4, 48, 9,
       215, 36, 85, 186, 82, 120, 193, 92, 112, 92, 56, 15, 213, 28, 229,
       79, 153, 172, 24, 5, 241, 29, 156, 73, 16, 242, 51, 189, 88, 87,
       32, 250, 76, 1, 239, 144, 65, 167, 39, 127, 164, 230, 199, 4, 217,
       237, 51, 7, 136, 93, 67, 102, 200, 39, 194, 115, 76, 202, 140, 4,
       80, 4, 48, 137, 215, 36, 85, 186, 82, 120, 197, 84, 112, 88, 56,
       46, 213, 28, 229, 111, 25, 172, 24, 5, 241, 29, 156, 73, 16, 242,
       51, 189, 72, 87, 32, 250, 77, 3, 165, 176, 64, 151, 39, 68, 32,
       166, 130, 4, 208, 172, 179, 3, 136, 121, 3, 103, 200, 37, 66, 51,
       76, 200, 140, 4, 64, 4, 48, 1, 87, 0, 85, 170, 80, 120, 69, 72,
       112, 52, 56, 46, 213, 28, 229, 110, 25, 172, 24, 5, 241, 93, 156,
       72, 16, 226, 51, 189, 72, 86, 32, 250, 68, 35, 65, 144, 16, 6, 7,
       79, 130, 70, 1, 52, 17, 198, 145, 66, 194, 84, 0, 100, 2, 161,
       192, 35, 76, 128, 132, 13, 18, 8, 16, 73, 82, 38, 85, 186, 66,
       120, 3, 84, 48, 64, 24, 14, 84, 28, 229, 78, 17, 44, 16, 4, 48,
       24, 148, 73, 16, 114, 51, 189, 72, 86, 32, 248, 127, 49, 253, 178,
       95, 167, 35, 92, 246, 126, 212, 55, 253, 110, 179, 87, 246, 247,
       3, 100, 225, 39, 195, 119, 204, 232, 252, 77, 82, 12, 241, 233,
       215, 36, 85, 190, 82, 120, 225, 124, 112, 92, 24, 15, 213, 20,
       229, 79, 153, 172, 24, 5, 240, 29, 156, 73, 16, 242, 51, 189, 88,
       87, 32, 250, 31, 180, 85, 54, 43, 131, 186, 41, 82, 56, 215, 115,
       252, 98, 160, 80, 230, 155, 1, 211, 197, 37, 195, 215, 200, 90,
       224, 239, 66, 12, 177, 106, 223, 44, 69, 190, 91, 120, 233, 116,
       120, 92, 56, 47, 213, 53, 247, 111, 153, 172, 24, 5, 240, 29, 156,
       73, 16, 242, 51, 189, 88, 87, 32, 250, 69, 37, 97, 144, 80, 14, 3,
       111, 128, 102, 131, 20, 81, 101, 153, 66, 202, 85, 1, 102, 134,
       33, 192, 35, 76, 136, 128, 13, 18, 8, 49, 73, 210, 38, 85, 186,
