%YAML:1.0
descriptors: !!opencv-matrix
   rows: 22
   cols: 64
   dt: u
   data: [ 45, 38, 109, 168, 31, 183, 163, 125, 244, 126, 210, 52, 109,
       47, 185, 69, 234, 252, 67, 96, 241, 99, 219, 247, 76, 168, 164,
       143, 82, 28, 49, 235, 223, 36, 87, 186, 82, 120, 233, 116, 120,
       92, 24, 47, 85, 53, 247, 111, 153, 172, 24, 5, 240, 29, 156, 73,
       16, 242, 51, 189, 88, 87, 32, 250, 45, 38, 229, 160, 216, 167,
       167, 120, 228, 124, 194, 55, 233, 127, 177, 69, 226, 253, 195, 96,
       241, 39, 155, 247, 78, 232, 36, 135, 90, 12, 49, 207, 223, 36, 85,
       186, 81, 120, 105, 116, 124, 84, 24, 14, 69, 33, 247, 79, 153, 44,
       24, 4, 240, 29, 156, 73, 16, 242, 51, 189, 88, 87, 32, 248, 109,
       34, 229, 176, 217, 162, 33, 122, 208, 60, 194, 119, 227, 251, 128,
       64, 226, 213, 3, 98, 229, 37, 139, 119, 78, 138, 160, 143, 210,
       12, 49, 239, 87, 36, 84, 186, 82, 122, 225, 84, 208, 84, 24, 14,
       193, 5, 193, 79, 153, 172, 24, 5, 240, 29, 157, 73, 16, 242, 51,
       189, 88, 23, 32, 248, 62, 177, 253, 222, 54, 159, 93, 106, 215,
       198, 181, 176, 127, 250, 180, 94, 246, 214, 98, 243, 135, 62, 193,
       103, 221, 130, 231, 93, 82, 188, 212, 105, 214, 44, 85, 190, 202,
       120, 195, 124, 114, 223, 61, 47, 212, 20, 245, 111, 153, 172, 24,
       5, 240, 29, 156, 73, 16, 242, 51, 189, 88, 87, 32, 251, 124, 49,
       241, 149, 218, 133, 27, 109, 198, 100, 211, 55, 213, 66, 147, 80,
       242, 213, 3, 98, 203, 45, 194, 114, 140, 138, 164, 13, 210, 8, 49,
       43, 87, 36, 85, 186, 82, 120, 193, 84, 112, 72, 24, 14, 193, 20,
       193, 79, 153, 172, 24, 5, 240, 28, 156, 73, 16, 242, 51, 189, 88,
       70, 32, 248, 15, 49, 205, 54, 62, 161, 220, 30, 240, 184, 135,
       101, 252, 118, 33, 83, 224, 253, 3, 243, 197, 37, 67, 247, 197,
       138, 164, 159, 82, 12, 53, 98, 215, 44, 85, 186, 91, 120, 233,
       116, 120, 92, 56, 47, 213, 85, 247, 111, 153, 172, 24, 5, 240, 29,
       156, 73, 16, 242, 51, 189, 88, 87, 32, 250, 63, 182, 245, 165,
       191, 181, 191, 124, 252, 255, 210, 117, 237, 63, 187, 85, 250,
       253, 67, 114, 245, 39, 202, 125, 205, 248, 252, 239, 90, 29, 113,
       239, 215, 44, 85, 190, 91, 120, 233, 116, 120, 92, 58, 47, 213,
       21, 247, 111, 153, 172, 24, 5, 240, 29, 156, 73, 16, 242, 51, 189,
       88, 87, 32, 250, 63, 180, 125, 175, 191, 189, 187, 121, 255, 255,
       215, 255, 253, 127, 191, 85, 250, 245, 67, 115, 245, 39, 211, 126,
       93, 250, 244, 63, 90, 95, 119, 239, 223, 44, 87, 190, 210, 122,
       233, 125, 248, 92, 58, 175, 213, 53, 245, 111, 153, 172, 24, 5,
       240, 29, 156, 73, 16, 242, 51, 189, 90, 87, 32, 250, 63, 255, 255,
       247, 63, 189, 253, 120, 255, 255, 247, 251, 255, 123, 252, 93,
       246, 215, 103, 123, 245, 110, 195, 247, 237, 254, 247, 255, 126,
       95, 245, 235, 223, 108, 85, 190, 222, 120, 249, 117, 120, 92, 59,
       47, 213, 53, 245, 111, 153, 172, 24, 5, 240, 29, 156, 73, 16, 242,
       51, 189, 90, 87, 32, 250, 12, 4, 205, 20, 42, 131, 188, 103, 48,
       186, 198, 69, 88, 101, 33, 66, 136, 24, 3, 99, 196, 32, 64, 243,
       88, 10, 132, 134, 64, 132, 49, 66, 223, 48, 69, 186, 83, 120, 233,
       60, 120, 124, 56, 47, 212, 117, 247, 107, 25, 172, 24, 5, 240, 29,
       156, 72, 16, 242, 51, 189, 72, 87, 32, 250, 54, 245, 253, 222, 55,
       159, 221, 75, 231, 196, 149, 240, 253, 122, 180, 94, 246, 215, 98,
       247, 151, 46, 209, 103, 221, 146, 227, 93, 82, 188, 212, 41, 198,
       44, 87, 158, 202, 120, 219, 117, 112, 95, 57, 47, 149, 20, 245,
       111, 153, 174, 24, 13, 240, 29, 156, 73, 16, 242, 115, 189, 88,
       87, 32, 251, 76, 35, 243, 176, 16, 231, 32, 103, 0, 174, 194, 21,
       81, 132, 155, 98, 234, 200, 195, 98, 193, 33, 70, 147, 12, 8, 164,
       205, 64, 140, 48, 200, 117, 6, 85, 186, 16, 122, 1, 84, 56, 64,
       16, 6, 70, 132, 3, 238, 153, 44, 56, 5, 240, 28, 156, 73, 128,
       226, 3, 188, 72, 6, 32, 242, 254, 177, 253, 183, 255, 165, 255,
       249, 254, 239, 213, 251, 253, 110, 178, 87, 255, 223, 99, 103,
       253, 167, 195, 118, 204, 254, 247, 239, 82, 28, 247, 171, 215, 44,
       87, 190, 83, 120, 233, 116, 120, 92, 56, 47, 213, 53, 247, 111,
       153, 172, 24, 5, 240, 29, 156, 73, 16, 242, 51, 189, 88, 87, 32,
       250, 31, 157, 206, 95, 63, 251, 218, 63, 59, 185, 85, 255, 190,
       118, 46, 88, 237, 215, 33, 243, 197, 37, 195, 115, 73, 219, 240,
       111, 82, 73, 183, 106, 223, 36, 85, 186, 91, 120, 233, 116, 112,
       93, 56, 47, 213, 20, 245, 111, 153, 172, 24, 5, 240, 29, 156, 73,
       16, 242, 51, 189, 88, 87, 32, 250, 220, 186, 147, 245, 248, 162,
       250, 200, 24, 251, 66, 95, 195, 196, 139, 89, 230, 221, 185, 107,
       206, 45, 202, 91, 175, 218, 186, 239, 86, 99, 55, 127, 87, 179,
       125, 59, 53, 255, 255, 119, 193, 108, 235, 126, 239, 12, 217, 179,
       221, 220, 56, 245, 245, 247, 188, 235, 85, 222, 179, 175, 220,
       103, 145, 246, 63, 178, 125, 254, 63, 189, 253, 122, 247, 254,
       247, 241, 125, 123, 189, 87, 246, 246, 67, 123, 245, 118, 193,
       119, 205, 170, 229, 219, 126, 93, 245, 235, 215, 44, 215, 190,
       222, 120, 249, 117, 120, 93, 59, 47, 212, 181, 245, 111, 153, 172,
       24, 5, 240, 29, 156, 73, 16, 242, 51, 189, 90, 87, 32, 250, 28,
       42, 223, 151, 42, 155, 186, 118, 124, 190, 66, 87, 221, 119, 187,
       64, 234, 217, 97, 99, 197, 37, 195, 251, 73, 106, 180, 174, 72,
       141, 51, 235, 223, 36, 85, 186, 83, 120, 233, 124, 112, 92, 56,
       47, 213, 52, 247, 111, 153, 172, 24, 5, 240, 29, 156, 73, 16, 242,
       51, 189, 88, 87, 32, 250, 63, 181, 253, 254, 54, 189, 253, 115,
       119, 254, 85, 209, 93, 123, 188, 87, 246, 246, 65, 99, 245, 36,
       209, 115, 221, 170, 166, 91, 90, 156, 245, 235, 215, 36, 87, 186,
       210, 120, 233, 125, 112, 92, 57, 47, 212, 20, 245, 111, 153, 172,
       24, 5, 240, 29, 156, 73, 16, 242, 51, 189, 88, 87, 32, 250, 47,
       238, 237, 233, 190, 253, 167, 121, 253, 255, 214, 249, 217, 61,
       253, 205, 137, 253, 235, 185, 245, 87, 218, 253, 125, 253, 29,
       183, 125, 215, 55, 207, 223, 232, 215, 48, 127, 249, 233, 60, 124,
       93, 122, 47, 213, 181, 118, 99, 187, 253, 153, 13, 247, 157, 158,
       28, 54, 230, 183, 189, 219, 223, 44, 254, 60, 184, 255, 188, 54,
       119, 253, 255, 245, 254, 213, 249, 95, 190, 191, 206, 251, 220,
       227, 107, 245, 85, 230, 243, 125, 251, 180, 187, 123, 221, 118,
       235, 215, 36, 119, 186, 215, 120, 233, 125, 120, 93, 127, 47, 247,
       21, 247, 111, 153, 172, 26, 5, 240, 29, 156, 77, 16, 242, 51, 189,
       91, 87, 32, 250, 254, 253, 255, 255, 55, 255, 253, 255, 127, 247,
       255, 254, 255, 190, 255, 254, 191, 223, 124, 255, 191, 221, 247,
       251, 255, 255, 251, 255, 127, 255, 254, 255, 255, 245, 255, 219,
       223, 255, 250, 255, 243, 255, 253, 127, 191, 159, 255, 191, 223,
       251, 247, 255, 255, 255, 247, 254, 249, 255, 249, 255, 255, 253,
       223, 255, 191, 253, 255, 255, 191, 253, 223, 185, 255, 255, 253,
       251, 191, 126, 254, 255, 255, 247, 126, 187, 255, 127, 247, 127,
       253, 247, 247, 127, 127, 251, 255, 255, 199, 236, 255, 255, 254,
       125, 251, 255, 123, 223, 239, 253, 183, 246, 253, 127, 255, 191,
       158, 207, 250, 181, 191, 127, 120, 247, 250, 255, 255, 223, 190,
       255 ]
