%YAML:1.0
descriptors: !!opencv-matrix
   rows: 7
   cols: 64
   dt: u
   data: [ 197, 14, 194, 81, 217, 134, 7, 206, 172, 229, 2, 62, 130, 239,
       131, 15, 234, 85, 57, 103, 207, 175, 202, 107, 78, 218, 190, 47,
       146, 8, 35, 79, 87, 167, 85, 187, 80, 188, 103, 86, 64, 112, 40,
       238, 205, 24, 237, 179, 153, 172, 24, 49, 241, 61, 156, 75, 16,
       252, 51, 189, 72, 85, 49, 250, 122, 177, 253, 150, 127, 135, 31,
       124, 230, 102, 149, 242, 253, 110, 182, 86, 254, 215, 99, 103,
       199, 39, 195, 119, 204, 250, 244, 47, 82, 156, 245, 107, 215, 36,
       85, 190, 82, 120, 233, 116, 112, 92, 56, 47, 213, 20, 245, 111,
       153, 172, 24, 5, 240, 29, 156, 73, 16, 242, 51, 189, 88, 87, 32,
       250, 195, 12, 130, 19, 217, 130, 70, 207, 202, 35, 1, 26, 178,
       198, 166, 90, 235, 85, 57, 71, 206, 175, 203, 79, 78, 210, 190,
       47, 146, 9, 19, 110, 199, 39, 85, 187, 82, 124, 111, 118, 112, 88,
       32, 43, 221, 28, 189, 183, 153, 172, 24, 5, 241, 29, 156, 67, 16,
       250, 49, 189, 88, 85, 48, 250, 99, 5, 1, 146, 72, 6, 7, 79, 198,
       100, 1, 0, 49, 76, 180, 4, 226, 85, 1, 100, 194, 35, 192, 103, 76,
       192, 172, 13, 18, 8, 17, 105, 215, 36, 84, 186, 66, 120, 5, 84,
       48, 66, 24, 11, 213, 28, 229, 79, 145, 172, 24, 4, 112, 24, 156,
       75, 16, 242, 51, 189, 88, 86, 32, 248, 68, 6, 1, 128, 200, 134, 2,
       65, 128, 102, 2, 4, 193, 65, 145, 1, 194, 69, 1, 96, 200, 33, 138,
       40, 76, 136, 12, 7, 16, 8, 49, 74, 81, 38, 85, 187, 0, 112, 37,
       86, 0, 64, 24, 14, 65, 28, 192, 67, 25, 44, 24, 4, 113, 24, 140,
       9, 16, 98, 35, 188, 72, 86, 32, 248, 84, 35, 93, 22, 105, 154, 62,
       104, 226, 50, 211, 50, 236, 119, 136, 2, 230, 139, 3, 246, 197,
       39, 195, 247, 193, 90, 228, 206, 64, 140, 161, 106, 223, 44, 69,
       190, 91, 56, 233, 124, 120, 92, 56, 175, 213, 113, 247, 111, 153,
       172, 24, 1, 240, 29, 156, 73, 16, 242, 51, 189, 88, 87, 32, 250,
       60, 173, 255, 254, 50, 255, 249, 119, 125, 254, 93, 221, 95, 246,
       191, 238, 251, 220, 225, 107, 247, 125, 211, 243, 253, 255, 178,
       191, 111, 223, 127, 235, 215, 102, 87, 186, 223, 120, 249, 124,
       112, 253, 253, 47, 247, 148, 247, 111, 159, 172, 153, 79, 242, 29,
       156, 93, 28, 242, 123, 253, 91, 223, 107, 254 ]
