%YAML:1.0
descriptors: !!opencv-matrix
   rows: 11
   cols: 64
   dt: u
   data: [ 29, 178, 253, 252, 62, 185, 253, 120, 249, 189, 222, 249, 237,
       127, 188, 81, 242, 253, 227, 99, 229, 100, 195, 255, 237, 254,
       229, 255, 126, 79, 245, 239, 223, 36, 85, 190, 127, 120, 233, 117,
       120, 92, 59, 47, 213, 53, 247, 111, 185, 172, 24, 5, 240, 29, 156,
       73, 22, 242, 55, 189, 88, 87, 32, 250, 70, 32, 211, 246, 24, 128,
       105, 78, 192, 163, 1, 48, 227, 194, 128, 82, 98, 84, 1, 99, 143,
       172, 202, 59, 14, 138, 162, 15, 82, 41, 49, 111, 115, 166, 52,
       187, 0, 254, 99, 214, 128, 98, 72, 74, 202, 28, 73, 155, 89, 36,
       80, 4, 96, 28, 181, 105, 144, 242, 49, 189, 92, 70, 35, 181, 60,
       178, 125, 247, 63, 181, 251, 121, 254, 255, 212, 253, 253, 127,
       176, 117, 246, 215, 67, 115, 245, 114, 195, 255, 205, 190, 229,
       255, 126, 223, 245, 239, 223, 44, 87, 190, 87, 120, 249, 116, 120,
       93, 122, 47, 213, 53, 247, 111, 153, 172, 24, 5, 240, 29, 156, 73,
       16, 242, 51, 189, 90, 87, 32, 250, 63, 179, 253, 222, 63, 189,
       221, 122, 247, 254, 151, 241, 253, 123, 189, 87, 246, 246, 98, 59,
       213, 118, 193, 119, 205, 186, 231, 91, 122, 89, 245, 107, 215, 44,
       215, 190, 218, 120, 249, 117, 112, 92, 59, 47, 212, 52, 245, 111,
       153, 172, 24, 5, 240, 29, 156, 73, 16, 242, 51, 191, 88, 87, 32,
       250, 31, 182, 92, 62, 63, 187, 190, 113, 114, 186, 213, 241, 252,
       119, 164, 81, 230, 223, 1, 227, 197, 33, 195, 114, 205, 222, 225,
       239, 82, 12, 177, 106, 215, 36, 85, 186, 83, 120, 233, 116, 112,
       92, 56, 47, 213, 21, 247, 111, 153, 172, 24, 5, 240, 29, 156, 73,
       16, 242, 51, 189, 88, 87, 32, 250, 68, 3, 129, 144, 0, 6, 6, 71,
       0, 230, 3, 20, 81, 196, 145, 66, 202, 85, 1, 102, 138, 161, 196,
       3, 12, 128, 134, 13, 0, 140, 49, 74, 83, 38, 85, 186, 0, 120, 65,
       86, 48, 96, 16, 14, 69, 12, 193, 79, 25, 44, 16, 5, 48, 24, 148,
       73, 16, 98, 49, 189, 72, 22, 32, 242, 69, 39, 195, 17, 217, 130,
       7, 74, 0, 33, 0, 50, 130, 195, 130, 64, 226, 85, 57, 102, 207,
       173, 138, 107, 78, 202, 186, 47, 146, 8, 33, 79, 87, 39, 84, 187,
       0, 248, 103, 86, 48, 96, 8, 15, 65, 28, 229, 131, 25, 44, 24, 4,
       113, 24, 156, 75, 16, 250, 51, 189, 72, 87, 49, 248, 75, 19, 196,
       118, 63, 147, 158, 0, 114, 186, 19, 199, 188, 118, 35, 83, 228,
       215, 33, 243, 197, 37, 67, 115, 197, 222, 240, 127, 90, 76, 181,
       98, 215, 44, 85, 190, 90, 120, 233, 116, 112, 92, 56, 47, 213, 84,
       245, 111, 153, 172, 24, 5, 240, 29, 156, 73, 16, 242, 51, 189, 88,
       87, 32, 250, 70, 33, 211, 247, 216, 130, 107, 207, 128, 235, 1,
       61, 131, 194, 147, 90, 98, 85, 57, 102, 206, 173, 206, 11, 14,
       202, 170, 47, 18, 41, 49, 79, 119, 167, 20, 187, 48, 252, 103, 86,
       64, 96, 128, 72, 235, 28, 201, 147, 89, 44, 24, 181, 245, 120,
       188, 235, 208, 122, 51, 155, 76, 68, 49, 246, 95, 190, 222, 255,
       126, 183, 222, 113, 122, 251, 87, 219, 158, 119, 171, 91, 230,
       215, 57, 227, 197, 37, 195, 115, 205, 222, 177, 127, 90, 77, 183,
       107, 215, 36, 85, 186, 82, 120, 233, 116, 112, 92, 56, 47, 213,
       20, 245, 111, 153, 172, 24, 5, 240, 29, 156, 73, 16, 242, 51, 189,
       88, 87, 32, 250, 60, 188, 255, 253, 63, 253, 253, 127, 253, 252,
       222, 253, 255, 126, 253, 206, 251, 253, 227, 123, 245, 127, 219,
       255, 253, 127, 247, 247, 125, 223, 255, 239, 207, 234, 199, 190,
       255, 250, 249, 127, 124, 93, 255, 47, 245, 245, 247, 107, 191,
       238, 137, 79, 246, 29, 220, 93, 62, 242, 255, 255, 251, 223, 173,
       222 ]
