%YAML:1.0
descriptors: !!opencv-matrix
   rows: 11
   cols: 64
   dt: u
   data: [ 254, 50, 247, 179, 223, 167, 33, 255, 244, 127, 208, 51, 255,
       235, 178, 95, 234, 213, 35, 98, 233, 135, 195, 119, 78, 218, 188,
       47, 210, 12, 50, 235, 215, 36, 85, 186, 82, 120, 225, 116, 112,
       92, 56, 15, 213, 20, 229, 111, 153, 172, 24, 5, 240, 29, 156, 73,
       16, 242, 51, 189, 88, 87, 32, 250, 63, 51, 253, 182, 55, 183, 31,
       126, 246, 246, 215, 182, 253, 126, 179, 87, 242, 247, 67, 243,
       245, 55, 195, 119, 205, 234, 228, 93, 82, 220, 245, 233, 215, 44,
       87, 190, 90, 120, 233, 124, 120, 93, 56, 47, 213, 53, 245, 111,
       153, 172, 24, 5, 242, 29, 156, 73, 16, 242, 51, 189, 88, 87, 32,
       250, 31, 179, 221, 116, 62, 177, 253, 122, 240, 190, 215, 241,
       220, 118, 161, 83, 226, 220, 3, 99, 197, 44, 194, 115, 205, 138,
       166, 159, 90, 76, 53, 107, 215, 36, 85, 186, 90, 120, 233, 116,
       112, 92, 56, 47, 212, 20, 245, 111, 153, 172, 24, 5, 240, 29, 156,
       73, 16, 242, 51, 189, 88, 87, 32, 250, 12, 162, 205, 212, 63, 177,
       189, 124, 244, 190, 212, 245, 253, 127, 177, 64, 234, 220, 67,
       115, 245, 119, 195, 247, 73, 42, 164, 190, 120, 205, 53, 235, 223,
       44, 85, 186, 83, 120, 233, 116, 120, 92, 56, 47, 212, 53, 247,
       111, 153, 172, 24, 5, 240, 29, 156, 73, 16, 242, 51, 189, 88, 87,
       32, 250, 124, 32, 243, 149, 80, 135, 43, 109, 198, 230, 211, 52,
       209, 130, 147, 82, 234, 213, 3, 102, 201, 33, 198, 17, 12, 136,
       172, 13, 82, 12, 49, 107, 117, 37, 85, 187, 18, 122, 1, 84, 144,
       64, 16, 14, 65, 28, 193, 79, 153, 44, 24, 5, 112, 28, 156, 73, 16,
       242, 51, 185, 88, 6, 32, 242, 26, 186, 221, 127, 63, 249, 216,
       125, 123, 186, 215, 253, 252, 119, 175, 83, 239, 215, 33, 251,
       197, 101, 195, 119, 205, 219, 240, 127, 122, 15, 183, 106, 215,
       36, 85, 190, 90, 120, 233, 117, 112, 92, 56, 47, 213, 21, 245,
       111, 153, 172, 24, 5, 240, 29, 156, 73, 16, 242, 51, 189, 88, 87,
       32, 250, 92, 58, 147, 245, 248, 162, 250, 196, 90, 187, 67, 95,
       194, 196, 155, 16, 126, 207, 184, 74, 206, 45, 78, 91, 143, 202,
       178, 239, 70, 101, 181, 126, 119, 179, 125, 57, 52, 255, 254, 119,
       193, 108, 195, 78, 235, 140, 219, 51, 220, 220, 56, 247, 245, 244,
       157, 235, 199, 223, 147, 175, 220, 39, 145, 246, 61, 179, 125,
       244, 62, 189, 253, 120, 245, 252, 215, 241, 253, 123, 185, 85,
       242, 252, 67, 107, 245, 108, 195, 247, 205, 186, 228, 219, 126,
       93, 245, 235, 215, 36, 85, 190, 223, 120, 249, 117, 120, 92, 59,
       47, 212, 53, 247, 111, 153, 172, 24, 5, 240, 29, 156, 73, 16, 242,
       51, 189, 88, 87, 32, 250, 44, 170, 239, 169, 26, 255, 161, 127,
       253, 254, 222, 245, 89, 61, 187, 236, 203, 124, 235, 104, 245, 83,
       222, 253, 121, 125, 28, 166, 125, 215, 59, 203, 221, 64, 215, 176,
       119, 250, 237, 60, 124, 85, 122, 39, 85, 181, 119, 225, 187, 172,
       159, 12, 243, 29, 156, 92, 54, 224, 47, 189, 203, 223, 44, 254,
       255, 249, 255, 255, 55, 255, 255, 254, 255, 247, 253, 250, 255,
       255, 255, 255, 187, 247, 126, 255, 191, 255, 247, 255, 253, 255,
       247, 191, 127, 255, 255, 255, 223, 255, 255, 223, 219, 253, 251,
       127, 63, 255, 251, 127, 191, 251, 255, 63, 255, 255, 247, 255,
       253, 191, 246, 254, 249, 255, 249, 255, 255, 255, 255, 254, 126,
       250, 251, 255, 255, 255, 255, 205, 255, 255, 251, 189, 253, 254,
       251, 255, 255, 255, 251, 251, 239, 251, 255, 61, 253, 223, 255,
       255, 95, 255, 255, 255, 119, 255, 255, 127, 255, 255, 255, 127,
       108, 125, 231, 124, 247, 207, 255, 51, 255, 207, 254, 103, 247,
       245, 252, 255, 215, 255, 255, 255, 255, 255, 249, 182 ]
