%YAML:1.0
descriptors: !!opencv-matrix
   rows: 14
   cols: 64
   dt: u
   data: [ 47, 255, 253, 251, 62, 253, 255, 89, 255, 255, 141, 232, 253,
       127, 189, 93, 223, 255, 227, 251, 247, 119, 91, 255, 245, 247,
       247, 255, 127, 255, 253, 227, 223, 222, 207, 174, 251, 249, 251,
       123, 124, 125, 126, 237, 245, 241, 247, 111, 185, 254, 152, 79,
       246, 29, 220, 93, 63, 247, 247, 191, 251, 251, 237, 250, 198, 46,
       195, 17, 216, 134, 134, 199, 8, 43, 2, 31, 130, 199, 147, 9, 194,
       69, 57, 102, 207, 173, 202, 107, 78, 202, 30, 39, 146, 8, 35, 78,
       87, 167, 85, 187, 16, 188, 111, 86, 96, 100, 8, 202, 77, 24, 253,
       147, 89, 172, 24, 1, 241, 125, 156, 75, 16, 248, 51, 189, 72, 85,
       49, 250, 198, 40, 131, 241, 216, 130, 194, 194, 140, 43, 2, 95,
       131, 194, 147, 73, 194, 69, 57, 70, 207, 175, 202, 75, 78, 202,
       62, 39, 210, 9, 51, 78, 71, 167, 85, 187, 18, 189, 111, 86, 192,
       100, 0, 74, 201, 28, 153, 147, 217, 172, 24, 1, 241, 61, 156, 99,
       16, 248, 51, 189, 76, 85, 49, 250, 227, 12, 195, 147, 217, 134,
       71, 205, 206, 103, 1, 26, 179, 234, 178, 92, 234, 213, 57, 102,
       206, 175, 203, 111, 78, 218, 190, 47, 146, 9, 51, 111, 215, 167,
       85, 187, 82, 125, 103, 86, 112, 80, 8, 15, 221, 28, 237, 151, 157,
       172, 24, 5, 241, 29, 156, 203, 16, 248, 49, 189, 88, 85, 48, 250,
       71, 4, 192, 16, 81, 66, 2, 70, 128, 162, 3, 20, 0, 134, 163, 67,
       203, 85, 1, 100, 137, 135, 194, 51, 76, 200, 172, 13, 82, 8, 49,
       74, 209, 36, 85, 187, 82, 120, 101, 86, 48, 80, 56, 47, 213, 28,
       229, 111, 153, 172, 24, 5, 240, 29, 156, 73, 16, 242, 51, 189, 88,
       86, 32, 250, 99, 0, 1, 130, 201, 134, 7, 8, 230, 102, 2, 0, 177,
       106, 48, 5, 98, 85, 0, 36, 192, 35, 137, 103, 74, 208, 40, 13,
       146, 8, 17, 73, 83, 38, 84, 154, 66, 112, 7, 86, 16, 64, 8, 11,
       65, 28, 228, 79, 17, 44, 16, 4, 48, 24, 140, 75, 16, 114, 50, 188,
       72, 86, 32, 248, 70, 1, 65, 144, 89, 2, 3, 79, 164, 98, 1, 52, 1,
       207, 129, 71, 194, 85, 1, 102, 130, 161, 136, 43, 76, 192, 138,
       13, 18, 8, 17, 75, 115, 39, 21, 155, 2, 112, 7, 86, 0, 96, 8, 10,
       69, 28, 65, 139, 17, 44, 16, 4, 49, 24, 132, 11, 16, 98, 33, 189,
       72, 86, 32, 240, 69, 7, 33, 144, 72, 134, 39, 78, 128, 102, 131,
       4, 65, 229, 145, 2, 130, 69, 3, 102, 142, 33, 200, 51, 76, 202,
       140, 12, 16, 8, 49, 75, 83, 39, 85, 187, 0, 112, 69, 86, 48, 112,
       24, 142, 69, 8, 197, 75, 25, 44, 24, 4, 113, 29, 148, 9, 16, 234,
       51, 189, 72, 86, 32, 248, 69, 32, 194, 19, 217, 130, 6, 76, 128,
       163, 3, 54, 146, 230, 163, 66, 234, 85, 57, 102, 139, 135, 202,
       57, 78, 202, 188, 47, 82, 8, 49, 106, 83, 39, 85, 187, 66, 120,
       101, 86, 48, 64, 24, 14, 69, 28, 193, 151, 153, 44, 24, 5, 113,
       28, 156, 75, 16, 250, 51, 189, 88, 86, 32, 250, 71, 38, 144, 19,
       217, 130, 2, 77, 194, 35, 3, 52, 160, 198, 131, 83, 234, 213, 1,
       68, 201, 135, 203, 13, 78, 200, 188, 47, 146, 8, 49, 110, 81, 37,
       85, 187, 66, 48, 37, 86, 32, 64, 24, 11, 197, 28, 173, 21, 153,
       172, 24, 5, 112, 28, 148, 75, 16, 114, 49, 188, 88, 86, 48, 248,
       124, 189, 255, 222, 54, 255, 253, 127, 247, 254, 245, 251, 255,
       250, 190, 78, 255, 223, 99, 107, 247, 61, 211, 247, 217, 127, 247,
       254, 80, 220, 246, 235, 207, 36, 87, 190, 219, 120, 249, 124, 120,
       92, 185, 47, 213, 53, 247, 111, 153, 172, 24, 5, 240, 29, 156, 73,
       16, 242, 115, 189, 90, 87, 32, 250, 61, 186, 255, 239, 191, 253,
       251, 124, 255, 253, 220, 253, 253, 126, 189, 125, 255, 255, 99,
       107, 245, 119, 211, 255, 237, 255, 245, 255, 127, 223, 247, 239,
       223, 108, 87, 190, 215, 120, 249, 125, 120, 93, 123, 47, 213, 53,
       247, 111, 153, 172, 24, 5, 240, 29, 156, 73, 16, 242, 51, 189,
       218, 95, 32, 254, 61, 187, 255, 214, 63, 245, 253, 126, 247, 254,
       222, 245, 255, 126, 176, 78, 255, 255, 227, 123, 245, 127, 195,
       247, 217, 127, 247, 254, 120, 223, 245, 235, 223, 44, 87, 190,
       223, 120, 249, 125, 120, 93, 59, 47, 213, 53, 247, 111, 185, 172,
       24, 5, 240, 29, 156, 73, 20, 242, 55, 189, 90, 87, 32, 250, 63,
       188, 255, 255, 63, 253, 253, 125, 255, 253, 255, 253, 255, 126,
       191, 125, 255, 222, 99, 123, 245, 127, 195, 255, 237, 255, 247,
       255, 126, 95, 247, 239, 223, 44, 85, 190, 223, 120, 249, 117, 120,
       93, 123, 47, 213, 53, 247, 111, 153, 172, 24, 5, 240, 29, 156, 73,
       16, 242, 51, 189, 90, 87, 32, 250 ]
