%YAML:1.0
descriptors: !!opencv-matrix
   rows: 16
   cols: 64
   dt: u
   data: [ 63, 190, 253, 239, 191, 253, 251, 120, 255, 255, 223, 255,
       253, 127, 253, 117, 255, 255, 99, 251, 245, 119, 211, 127, 237,
       255, 245, 255, 126, 127, 247, 239, 223, 108, 215, 190, 223, 120,
       233, 117, 120, 93, 123, 47, 213, 117, 247, 111, 185, 174, 24, 5,
       240, 29, 156, 89, 16, 242, 51, 189, 250, 215, 40, 250, 251, 148,
       214, 167, 223, 162, 171, 188, 124, 123, 240, 123, 174, 75, 130,
       93, 118, 215, 157, 80, 232, 15, 175, 125, 38, 136, 106, 175, 222,
       65, 225, 255, 125, 165, 60, 53, 119, 245, 37, 246, 219, 70, 90,
       14, 203, 17, 218, 213, 136, 116, 88, 5, 228, 190, 157, 73, 210,
       180, 167, 156, 156, 71, 50, 53, 50, 241, 89, 150, 55, 12, 93, 11,
       198, 68, 53, 242, 189, 106, 180, 86, 246, 214, 4, 55, 7, 46, 129,
       103, 220, 150, 229, 73, 18, 186, 212, 41, 146, 44, 20, 158, 74,
       88, 195, 220, 48, 219, 61, 105, 144, 20, 245, 110, 145, 172, 16,
       5, 48, 25, 156, 73, 16, 114, 48, 61, 88, 85, 32, 251, 63, 254,
       125, 239, 191, 253, 255, 120, 191, 253, 94, 251, 141, 127, 252,
       93, 251, 255, 225, 107, 245, 118, 218, 123, 125, 255, 181, 127,
       126, 91, 119, 239, 215, 228, 223, 186, 247, 249, 249, 127, 117,
       221, 123, 175, 213, 16, 245, 111, 155, 188, 153, 13, 244, 29, 158,
       93, 56, 246, 115, 191, 218, 223, 44, 254, 187, 20, 80, 39, 221,
       160, 175, 24, 82, 123, 242, 113, 166, 74, 128, 85, 102, 215, 133,
       80, 232, 7, 171, 125, 38, 138, 107, 47, 210, 1, 225, 127, 117,
       165, 28, 51, 119, 245, 37, 247, 193, 70, 74, 11, 202, 1, 216, 85,
       136, 180, 88, 5, 228, 182, 157, 97, 144, 178, 183, 156, 220, 23,
       32, 181, 215, 16, 81, 134, 221, 130, 15, 72, 2, 99, 17, 114, 164,
       74, 132, 81, 98, 215, 4, 100, 202, 165, 128, 96, 14, 208, 232, 15,
       146, 8, 17, 105, 211, 37, 20, 155, 66, 112, 33, 214, 16, 74, 24,
       11, 209, 28, 196, 13, 145, 164, 16, 5, 96, 24, 156, 75, 16, 242,
       49, 188, 88, 86, 32, 249, 84, 32, 241, 144, 88, 134, 35, 108, 130,
       100, 131, 52, 209, 198, 145, 66, 226, 213, 3, 102, 203, 33, 202,
       51, 12, 200, 172, 15, 82, 8, 49, 111, 87, 37, 85, 187, 66, 120,
       101, 86, 16, 80, 24, 14, 65, 28, 225, 79, 153, 44, 24, 5, 112, 28,
       156, 73, 16, 242, 51, 189, 88, 86, 32, 250, 60, 187, 255, 254, 54,
       191, 253, 123, 247, 252, 252, 241, 127, 251, 188, 94, 255, 223,
       227, 123, 245, 47, 193, 247, 253, 127, 231, 255, 126, 223, 245,
       235, 223, 46, 85, 190, 223, 120, 249, 125, 120, 93, 187, 47, 213,
       53, 247, 111, 185, 172, 24, 5, 240, 29, 156, 73, 20, 242, 119,
       191, 122, 87, 32, 250, 103, 34, 225, 163, 221, 162, 3, 88, 204,
       43, 146, 114, 235, 203, 128, 65, 226, 213, 59, 100, 201, 5, 139,
       125, 78, 218, 184, 47, 210, 12, 49, 111, 87, 37, 84, 187, 82, 112,
       37, 86, 80, 84, 24, 15, 193, 28, 245, 71, 153, 172, 24, 5, 241,
       29, 156, 73, 16, 242, 51, 189, 88, 87, 32, 248, 19, 213, 24, 54,
       11, 136, 94, 8, 2, 35, 21, 202, 176, 66, 36, 18, 110, 147, 36,
       211, 198, 39, 195, 71, 196, 214, 243, 111, 82, 42, 177, 104, 151,
       36, 85, 190, 67, 72, 234, 118, 96, 216, 60, 105, 213, 20, 181,
       111, 153, 172, 24, 5, 240, 29, 156, 73, 16, 242, 51, 185, 24, 87,
       32, 234, 84, 34, 243, 145, 88, 198, 42, 101, 66, 166, 195, 52, 81,
       194, 155, 82, 234, 197, 3, 102, 143, 161, 78, 139, 140, 136, 174,
       141, 2, 140, 49, 110, 115, 7, 85, 187, 0, 250, 69, 86, 176, 64,
       16, 14, 67, 12, 1, 47, 153, 44, 56, 5, 112, 29, 20, 73, 128, 122,
       17, 185, 72, 6, 33, 242, 18, 147, 216, 94, 47, 216, 218, 13, 34,
       128, 21, 204, 188, 119, 46, 81, 238, 215, 32, 99, 198, 37, 195,
       99, 201, 210, 240, 111, 18, 40, 145, 106, 151, 36, 85, 154, 82,
       88, 235, 116, 112, 92, 56, 47, 213, 20, 245, 111, 153, 172, 24, 5,
       240, 29, 156, 73, 16, 242, 51, 189, 88, 87, 32, 250, 20, 129, 25,
       156, 35, 147, 218, 124, 134, 130, 149, 212, 209, 84, 180, 66, 238,
       145, 66, 67, 198, 35, 194, 195, 77, 82, 164, 76, 64, 140, 21, 104,
       223, 36, 69, 186, 82, 120, 233, 116, 112, 92, 48, 47, 213, 52,
       181, 111, 153, 172, 24, 5, 240, 29, 156, 73, 16, 242, 51, 189, 88,
       87, 32, 250, 109, 13, 226, 178, 93, 38, 35, 127, 148, 126, 194,
       53, 35, 202, 155, 71, 226, 213, 59, 102, 237, 167, 199, 55, 78,
       202, 174, 13, 210, 8, 48, 235, 119, 39, 85, 187, 82, 114, 69, 116,
       208, 84, 24, 14, 81, 20, 193, 207, 153, 44, 24, 5, 240, 29, 156,
       73, 16, 242, 51, 189, 88, 86, 32, 248, 63, 54, 237, 162, 63, 191,
       167, 63, 244, 254, 210, 52, 125, 63, 185, 71, 250, 253, 67, 240,
       241, 115, 209, 247, 93, 232, 172, 141, 82, 24, 113, 235, 223, 44,
       87, 186, 91, 120, 233, 124, 120, 92, 56, 47, 213, 53, 247, 111,
       153, 172, 24, 5, 240, 29, 156, 73, 16, 242, 51, 189, 88, 215, 40,
       250, 236, 238, 239, 233, 255, 255, 247, 255, 189, 255, 254, 255,
       219, 190, 255, 239, 139, 125, 255, 111, 253, 215, 254, 249, 127,
       237, 29, 167, 253, 223, 63, 223, 253, 195, 255, 235, 119, 255,
       253, 190, 123, 189, 126, 55, 95, 191, 126, 241, 255, 253, 255,
       188, 223, 255, 239, 190, 246, 204, 239, 236, 207, 223, 126, 254 ]
