%YAML:1.0
descriptors: !!opencv-matrix
   rows: 13
   cols: 64
   dt: u
   data: [ 60, 177, 253, 246, 63, 175, 127, 122, 214, 252, 213, 243, 255,
       126, 180, 94, 246, 215, 99, 99, 247, 47, 193, 247, 205, 254, 230,
       207, 82, 92, 245, 235, 223, 36, 85, 190, 86, 120, 233, 116, 120,
       92, 185, 47, 213, 53, 247, 111, 153, 172, 24, 5, 240, 29, 156, 73,
       16, 242, 51, 189, 88, 87, 32, 250, 66, 1, 129, 182, 73, 130, 74,
       78, 2, 34, 1, 4, 34, 194, 130, 19, 98, 85, 1, 70, 138, 173, 202,
       43, 14, 138, 162, 15, 18, 40, 33, 79, 83, 167, 52, 187, 0, 252,
       103, 86, 128, 96, 8, 74, 203, 28, 193, 155, 89, 36, 16, 4, 101,
       24, 180, 203, 144, 122, 49, 189, 72, 70, 49, 243, 15, 216, 204,
       126, 63, 185, 252, 16, 57, 184, 4, 201, 156, 82, 44, 89, 237, 223,
       33, 243, 197, 46, 67, 115, 69, 223, 181, 239, 82, 71, 181, 102,
       215, 44, 85, 186, 91, 120, 233, 117, 120, 93, 122, 47, 213, 85,
       247, 111, 153, 172, 24, 5, 240, 29, 156, 73, 16, 242, 51, 189, 88,
       87, 32, 250, 61, 182, 253, 143, 190, 253, 187, 116, 254, 255, 82,
       255, 205, 127, 187, 101, 251, 255, 67, 99, 245, 39, 203, 255, 201,
       122, 180, 254, 92, 95, 243, 239, 223, 44, 85, 190, 83, 120, 233,
       116, 120, 92, 58, 47, 213, 52, 247, 111, 153, 172, 24, 5, 240, 29,
       156, 73, 16, 242, 51, 189, 88, 87, 32, 250, 76, 1, 237, 180, 103,
       183, 63, 127, 180, 110, 213, 4, 217, 109, 51, 6, 136, 93, 67, 102,
       240, 39, 194, 115, 76, 234, 140, 132, 80, 132, 49, 201, 215, 52,
       87, 186, 83, 120, 193, 116, 120, 92, 56, 47, 213, 21, 231, 111,
       153, 172, 24, 5, 241, 29, 156, 73, 16, 242, 51, 189, 88, 87, 32,
       250, 127, 50, 245, 180, 127, 183, 63, 126, 244, 254, 211, 55, 253,
       126, 179, 87, 250, 253, 67, 115, 241, 39, 194, 119, 204, 250, 244,
       207, 82, 28, 113, 235, 215, 44, 87, 190, 91, 120, 233, 124, 120,
       92, 56, 47, 213, 21, 247, 111, 153, 172, 24, 5, 240, 29, 156, 73,
       16, 242, 51, 189, 88, 87, 32, 250, 69, 39, 199, 17, 217, 131, 6,
       78, 160, 35, 130, 50, 210, 231, 162, 67, 226, 85, 43, 102, 207,
       167, 202, 115, 78, 202, 190, 47, 210, 12, 48, 74, 87, 39, 84, 187,
       82, 120, 101, 84, 112, 80, 24, 15, 197, 28, 229, 199, 153, 172,
       24, 5, 241, 29, 156, 73, 16, 242, 51, 189, 88, 87, 32, 250, 198,
       9, 194, 91, 216, 130, 194, 193, 10, 163, 1, 30, 146, 198, 179, 91,
       234, 213, 57, 102, 207, 175, 203, 107, 78, 218, 190, 47, 210, 11,
       51, 110, 215, 39, 85, 187, 82, 125, 111, 118, 112, 88, 40, 47,
       221, 28, 253, 183, 157, 172, 24, 5, 241, 61, 156, 75, 16, 250, 49,
       189, 88, 87, 48, 250, 21, 178, 93, 22, 57, 186, 190, 120, 114,
       186, 215, 119, 236, 119, 136, 0, 230, 143, 1, 99, 197, 37, 195,
       243, 201, 90, 240, 254, 80, 12, 161, 106, 223, 36, 85, 186, 83,
       56, 233, 116, 112, 92, 56, 47, 213, 49, 247, 111, 153, 172, 24, 1,
       240, 29, 156, 73, 16, 242, 51, 189, 88, 87, 32, 250, 62, 254, 253,
       255, 62, 253, 253, 125, 255, 254, 221, 253, 253, 127, 253, 223,
       255, 255, 227, 251, 245, 127, 219, 255, 253, 127, 247, 255, 127,
       247, 255, 239, 223, 252, 223, 190, 255, 248, 249, 127, 124, 93,
       255, 47, 247, 181, 247, 111, 187, 254, 153, 79, 246, 29, 222, 93,
       62, 247, 255, 255, 251, 255, 236, 254, 199, 45, 195, 215, 216,
       198, 75, 205, 138, 231, 3, 62, 131, 198, 147, 74, 234, 85, 57,
       102, 207, 173, 202, 43, 78, 202, 186, 47, 146, 9, 51, 79, 87, 167,
       85, 187, 82, 253, 239, 86, 112, 96, 168, 110, 205, 28, 237, 179,
       221, 172, 24, 53, 241, 63, 156, 107, 80, 252, 49, 189, 92, 85, 49,
       254, 92, 48, 221, 23, 235, 147, 190, 120, 242, 187, 213, 115, 252,
       103, 163, 64, 230, 155, 35, 247, 197, 39, 195, 246, 200, 90, 252,
       238, 64, 12, 179, 106, 223, 44, 69, 190, 91, 120, 233, 116, 120,
       92, 56, 47, 213, 53, 247, 111, 153, 172, 24, 5, 240, 29, 156, 73,
       16, 242, 51, 189, 88, 87, 32, 250, 252, 57, 255, 183, 255, 167,
       127, 254, 252, 253, 213, 127, 255, 239, 178, 94, 251, 221, 123,
       103, 125, 143, 195, 119, 78, 250, 188, 175, 210, 140, 114, 171,
       215, 37, 85, 187, 83, 124, 237, 116, 120, 92, 56, 47, 221, 29,
       247, 111, 157, 172, 24, 5, 240, 29, 156, 73, 16, 246, 51, 189, 88,
       87, 32, 250 ]
