%YAML:1.0
descriptors: !!opencv-matrix
   rows: 16
   cols: 64
   dt: u
   data: [ 45, 174, 101, 160, 217, 253, 163, 89, 188, 124, 138, 101, 201,
       63, 249, 229, 203, 252, 195, 96, 244, 66, 26, 253, 87, 252, 12,
       135, 124, 82, 59, 199, 221, 96, 87, 186, 113, 242, 233, 60, 253,
       84, 90, 166, 69, 227, 246, 99, 184, 44, 24, 8, 242, 29, 142, 9,
       52, 226, 39, 172, 202, 71, 36, 250, 173, 182, 247, 37, 61, 97,
       165, 252, 244, 253, 196, 251, 239, 27, 131, 77, 235, 252, 227,
       107, 241, 7, 239, 252, 100, 235, 120, 163, 255, 77, 99, 255, 253,
       100, 116, 186, 119, 248, 41, 245, 93, 94, 58, 190, 217, 49, 91,
       225, 184, 188, 92, 5, 240, 158, 156, 77, 54, 176, 167, 157, 218,
       87, 36, 254, 191, 250, 125, 238, 63, 125, 189, 120, 255, 220, 254,
       251, 253, 127, 252, 253, 255, 254, 103, 123, 245, 102, 129, 118,
       237, 255, 245, 251, 126, 94, 247, 251, 223, 108, 85, 190, 95, 122,
       233, 117, 248, 93, 58, 47, 212, 55, 247, 111, 153, 173, 24, 5,
       240, 29, 157, 73, 16, 242, 51, 189, 90, 87, 32, 250, 63, 255, 125,
       254, 55, 125, 61, 123, 255, 212, 255, 242, 253, 127, 252, 255,
       255, 246, 103, 123, 117, 102, 209, 246, 221, 255, 245, 249, 114,
       30, 246, 233, 222, 44, 85, 190, 218, 120, 233, 125, 120, 93, 57,
       175, 212, 55, 245, 111, 153, 172, 24, 13, 240, 29, 159, 73, 16,
       242, 51, 189, 88, 87, 32, 250, 60, 153, 254, 252, 63, 253, 252,
       127, 53, 250, 213, 253, 63, 94, 189, 79, 251, 220, 97, 107, 215,
       63, 195, 115, 109, 95, 162, 63, 81, 215, 53, 234, 223, 36, 87,
       186, 211, 120, 249, 117, 120, 93, 117, 47, 213, 21, 247, 111, 153,
       172, 24, 5, 240, 29, 156, 73, 16, 242, 51, 191, 89, 87, 32, 250,
       190, 245, 121, 254, 55, 12, 93, 11, 231, 70, 61, 178, 191, 234,
       180, 94, 242, 215, 38, 119, 7, 254, 193, 103, 221, 151, 231, 121,
       82, 58, 244, 41, 210, 44, 20, 190, 202, 120, 211, 245, 50, 202,
       189, 105, 214, 20, 245, 110, 153, 172, 16, 5, 104, 29, 156, 73,
       24, 242, 49, 189, 120, 86, 32, 187, 29, 159, 220, 124, 63, 249,
       252, 126, 49, 186, 199, 245, 156, 119, 173, 91, 239, 222, 33, 107,
       197, 36, 194, 115, 77, 155, 224, 255, 88, 5, 181, 106, 223, 36,
       85, 186, 83, 120, 233, 116, 120, 92, 56, 47, 212, 21, 247, 111,
       153, 172, 24, 5, 240, 29, 156, 73, 16, 242, 51, 189, 88, 87, 32,
       250, 84, 34, 211, 144, 16, 2, 33, 78, 194, 162, 3, 52, 65, 130,
       147, 82, 98, 212, 1, 96, 11, 128, 204, 11, 14, 128, 40, 9, 18, 8,
       48, 73, 112, 6, 116, 154, 0, 118, 5, 214, 128, 64, 24, 10, 10, 12,
       64, 132, 129, 36, 112, 20, 32, 26, 132, 73, 128, 112, 33, 28, 76,
       4, 32, 176, 62, 182, 253, 254, 62, 189, 253, 121, 247, 252, 215,
       241, 253, 126, 188, 87, 242, 222, 99, 115, 245, 38, 195, 119, 205,
       190, 229, 251, 90, 93, 245, 235, 215, 44, 85, 190, 95, 120, 233,
       117, 120, 93, 59, 47, 212, 53, 247, 111, 153, 172, 24, 5, 240, 29,
       156, 73, 16, 242, 51, 189, 88, 87, 32, 250, 63, 191, 253, 246, 63,
       189, 253, 122, 247, 254, 214, 245, 237, 127, 185, 87, 246, 246,
       99, 115, 245, 102, 209, 247, 205, 190, 228, 219, 122, 92, 241,
       235, 223, 44, 87, 190, 94, 120, 249, 117, 124, 92, 58, 175, 212,
       49, 245, 111, 153, 172, 24, 5, 240, 29, 156, 73, 16, 242, 51, 189,
       90, 87, 32, 250, 22, 181, 221, 86, 55, 209, 216, 127, 243, 144,
       23, 244, 188, 118, 160, 82, 238, 214, 32, 99, 199, 47, 195, 119,
       205, 138, 228, 111, 82, 8, 181, 106, 215, 36, 85, 190, 82, 120,
       233, 116, 112, 92, 56, 47, 212, 20, 245, 111, 153, 172, 24, 5,
       240, 29, 156, 73, 16, 242, 51, 189, 88, 87, 32, 250, 77, 34, 101,
       160, 220, 32, 35, 220, 160, 110, 194, 53, 65, 139, 131, 99, 194,
       76, 131, 96, 233, 128, 140, 56, 14, 136, 8, 129, 210, 8, 49, 223,
       113, 38, 212, 187, 16, 242, 5, 214, 132, 64, 26, 30, 64, 129, 64,
       209, 8, 36, 92, 4, 65, 30, 132, 8, 144, 160, 33, 156, 76, 6, 34,
       177, 13, 46, 231, 169, 24, 255, 165, 254, 185, 254, 202, 149, 65,
       181, 187, 227, 139, 92, 163, 106, 244, 1, 206, 185, 77, 233, 12,
       134, 88, 5, 51, 207, 245, 0, 85, 186, 80, 250, 233, 52, 252, 116,
       58, 38, 85, 134, 117, 235, 25, 172, 28, 5, 209, 29, 157, 8, 16,
       226, 35, 188, 72, 87, 32, 242, 62, 182, 125, 174, 42, 157, 187,
       109, 214, 126, 82, 245, 253, 122, 188, 84, 254, 154, 67, 98, 245,
       34, 211, 247, 221, 170, 228, 207, 74, 216, 245, 235, 199, 44, 69,
       190, 95, 120, 233, 124, 248, 92, 56, 47, 212, 53, 247, 111, 153,
       172, 24, 5, 240, 29, 156, 73, 16, 242, 51, 189, 90, 87, 32, 250,
       253, 63, 247, 245, 182, 109, 249, 254, 254, 253, 215, 255, 255,
       251, 219, 222, 251, 212, 255, 111, 63, 239, 231, 183, 159, 255,
       247, 251, 255, 223, 246, 191, 219, 111, 101, 254, 222, 127, 249,
       125, 253, 93, 251, 190, 235, 163, 219, 62, 173, 165, 255, 255,
       242, 159, 159, 77, 108, 246, 113, 255, 255, 7, 37, 254, 60, 190,
       253, 140, 62, 189, 185, 119, 245, 254, 87, 213, 221, 58, 185, 70,
       250, 252, 99, 107, 245, 118, 210, 247, 217, 42, 164, 222, 120,
       220, 117, 235, 223, 44, 87, 190, 223, 120, 233, 125, 120, 93, 57,
       47, 244, 52, 247, 111, 153, 172, 24, 7, 240, 29, 156, 89, 16, 242,
       51, 189, 122, 87, 40, 250 ]
