%YAML:1.0
descriptors: !!opencv-matrix
   rows: 12
   cols: 64
   dt: u
   data: [ 63, 178, 125, 239, 255, 253, 187, 120, 254, 255, 214, 125,
       237, 127, 185, 117, 255, 255, 67, 242, 245, 99, 203, 127, 237,
       254, 228, 255, 126, 95, 241, 239, 223, 44, 85, 190, 95, 122, 233,
       117, 120, 92, 122, 47, 213, 53, 247, 111, 185, 172, 24, 5, 240,
       29, 156, 73, 16, 242, 51, 189, 218, 87, 32, 250, 63, 182, 253,
       239, 63, 253, 189, 121, 255, 252, 214, 253, 253, 127, 189, 85,
       255, 255, 99, 251, 245, 103, 211, 127, 221, 254, 228, 255, 126,
       223, 245, 239, 223, 44, 87, 190, 255, 120, 233, 125, 120, 93, 123,
       175, 213, 53, 247, 111, 185, 172, 24, 13, 240, 29, 156, 73, 16,
       242, 55, 189, 90, 87, 40, 250, 62, 249, 253, 254, 63, 253, 253,
       124, 255, 253, 221, 253, 253, 126, 188, 126, 255, 222, 99, 251,
       245, 127, 195, 255, 253, 255, 247, 255, 127, 223, 247, 239, 223,
       44, 87, 190, 223, 121, 249, 125, 120, 221, 251, 47, 213, 53, 247,
       111, 185, 174, 153, 15, 240, 29, 156, 89, 48, 242, 115, 191, 251,
       95, 32, 254, 127, 249, 255, 254, 54, 127, 253, 126, 245, 252, 245,
       249, 127, 250, 182, 94, 255, 223, 115, 123, 247, 63, 227, 247,
       237, 235, 246, 255, 123, 85, 247, 235, 223, 46, 85, 190, 223, 120,
       249, 125, 122, 95, 251, 47, 213, 53, 247, 111, 153, 172, 24, 5,
       240, 29, 156, 73, 16, 242, 115, 191, 91, 87, 34, 251, 197, 14,
       194, 81, 217, 134, 71, 204, 172, 103, 2, 62, 131, 239, 131, 7,
       234, 85, 57, 102, 206, 175, 202, 107, 78, 202, 190, 47, 146, 9,
       35, 79, 87, 167, 85, 187, 80, 188, 103, 86, 64, 96, 8, 206, 205,
       24, 201, 147, 153, 172, 24, 1, 241, 93, 156, 75, 16, 252, 51, 189,
       72, 87, 49, 250, 199, 13, 130, 19, 217, 130, 6, 77, 138, 99, 1,
       62, 162, 206, 130, 78, 234, 85, 57, 70, 206, 175, 202, 75, 78,
       202, 186, 47, 146, 8, 51, 78, 71, 167, 85, 187, 2, 124, 103, 86,
       96, 96, 0, 107, 221, 28, 173, 147, 153, 172, 24, 5, 241, 24, 156,
       67, 16, 250, 51, 189, 88, 85, 48, 250, 127, 55, 253, 183, 255,
       183, 191, 121, 252, 253, 215, 187, 253, 123, 179, 87, 242, 221,
       123, 119, 253, 39, 195, 118, 205, 234, 252, 191, 82, 28, 115, 235,
       215, 45, 85, 190, 91, 120, 233, 116, 120, 92, 56, 47, 213, 21,
       247, 111, 153, 172, 24, 5, 240, 29, 156, 73, 16, 242, 51, 189, 88,
       87, 32, 250, 96, 1, 1, 146, 81, 6, 7, 79, 134, 102, 1, 16, 17, 76,
       144, 70, 226, 85, 1, 100, 194, 35, 192, 39, 76, 192, 172, 13, 18,
       8, 17, 73, 211, 38, 84, 186, 66, 120, 5, 84, 48, 64, 24, 15, 85,
       28, 229, 79, 153, 44, 24, 4, 112, 24, 156, 75, 16, 114, 51, 189,
       88, 86, 32, 248, 65, 2, 1, 17, 200, 130, 38, 64, 40, 34, 2, 4,
       192, 69, 137, 1, 194, 69, 1, 100, 200, 33, 138, 120, 78, 200, 12,
       6, 210, 4, 49, 74, 83, 39, 85, 187, 80, 114, 37, 70, 48, 84, 24,
       14, 69, 28, 100, 195, 25, 44, 24, 4, 241, 29, 140, 9, 16, 224, 35,
       188, 72, 86, 32, 248, 92, 51, 93, 150, 123, 179, 62, 120, 112, 58,
       209, 114, 252, 119, 160, 66, 230, 223, 65, 103, 193, 37, 195, 243,
       200, 90, 224, 238, 80, 4, 177, 234, 223, 36, 85, 186, 83, 120,
       233, 116, 120, 92, 56, 47, 213, 53, 247, 111, 153, 172, 24, 5,
       240, 29, 156, 73, 16, 242, 51, 189, 88, 87, 32, 250, 60, 255, 255,
       253, 62, 253, 253, 119, 253, 254, 92, 221, 221, 127, 189, 79, 251,
       253, 227, 107, 245, 125, 218, 255, 253, 255, 183, 247, 125, 223,
       127, 239, 215, 122, 215, 190, 255, 248, 249, 125, 124, 125, 255,
       175, 245, 180, 247, 111, 187, 172, 137, 79, 242, 29, 156, 93, 62,
       246, 123, 191, 251, 223, 109, 254, 108, 41, 227, 209, 218, 135,
       103, 110, 196, 101, 133, 58, 243, 206, 182, 76, 226, 213, 59, 102,
       207, 47, 194, 119, 78, 202, 174, 47, 82, 8, 48, 107, 215, 39, 85,
       187, 82, 120, 101, 118, 112, 88, 24, 15, 221, 28, 229, 207, 157,
       172, 24, 5, 241, 29, 156, 73, 16, 250, 51, 189, 88, 87, 32, 250 ]
