%YAML:1.0
descriptors: !!opencv-matrix
   rows: 12
   cols: 64
   dt: u
   data: [ 63, 255, 125, 255, 63, 253, 255, 121, 255, 255, 223, 253, 253,
       127, 252, 93, 255, 255, 99, 251, 247, 127, 219, 127, 253, 255,
       247, 255, 126, 255, 255, 239, 207, 238, 223, 190, 255, 121, 249,
       127, 125, 93, 251, 239, 213, 49, 247, 111, 187, 190, 153, 13, 240,
       29, 222, 93, 56, 242, 247, 191, 251, 223, 172, 254, 54, 251, 125,
       223, 55, 157, 221, 120, 239, 213, 181, 250, 255, 123, 252, 93,
       242, 247, 102, 191, 151, 126, 211, 103, 253, 246, 229, 61, 62,
       190, 212, 41, 222, 108, 87, 158, 218, 120, 251, 125, 116, 95, 57,
       47, 149, 52, 245, 111, 153, 174, 153, 13, 240, 29, 157, 93, 56,
       242, 114, 191, 120, 223, 44, 251, 50, 209, 152, 214, 39, 136, 92,
       11, 71, 193, 53, 200, 191, 106, 52, 30, 118, 147, 36, 183, 134,
       46, 193, 103, 249, 214, 227, 125, 18, 186, 212, 41, 150, 44, 16,
       158, 202, 72, 218, 202, 32, 219, 165, 105, 145, 28, 245, 47, 209,
       170, 16, 5, 48, 1, 188, 235, 17, 115, 50, 61, 80, 85, 32, 250,
       187, 150, 80, 39, 253, 160, 163, 24, 254, 57, 194, 115, 172, 91,
       128, 85, 98, 247, 141, 16, 225, 3, 139, 124, 38, 136, 104, 47,
       222, 73, 225, 127, 117, 229, 92, 54, 119, 241, 45, 247, 193, 84,
       74, 14, 193, 1, 216, 81, 168, 244, 24, 5, 244, 164, 157, 105, 18,
       178, 183, 156, 216, 23, 36, 252, 211, 48, 81, 130, 221, 2, 7, 10,
       66, 32, 1, 50, 36, 202, 132, 81, 98, 215, 4, 64, 138, 128, 137,
       40, 14, 144, 232, 11, 146, 8, 17, 109, 16, 164, 20, 154, 66, 112,
       5, 214, 0, 194, 8, 11, 64, 28, 192, 13, 129, 36, 16, 4, 32, 26,
       132, 75, 16, 48, 48, 28, 88, 84, 34, 185, 62, 250, 255, 255, 63,
       253, 253, 125, 255, 255, 255, 249, 253, 127, 253, 255, 251, 255,
       99, 251, 245, 119, 211, 255, 253, 255, 231, 255, 127, 255, 245,
       239, 223, 124, 215, 190, 223, 122, 249, 127, 252, 93, 123, 47,
       245, 55, 247, 111, 155, 174, 152, 7, 240, 29, 157, 93, 16, 243,
       115, 189, 251, 223, 40, 254, 19, 149, 216, 94, 63, 152, 220, 15,
       34, 160, 21, 244, 188, 119, 172, 83, 238, 214, 32, 99, 198, 36,
       195, 99, 77, 130, 224, 31, 82, 40, 21, 106, 215, 36, 85, 186, 82,
       120, 235, 116, 112, 92, 56, 47, 212, 20, 245, 111, 153, 172, 24,
       5, 240, 29, 156, 73, 16, 242, 51, 189, 88, 87, 32, 250, 84, 34,
       209, 144, 24, 130, 11, 111, 194, 226, 3, 52, 81, 130, 153, 82, 98,
       212, 1, 98, 139, 161, 206, 11, 12, 136, 162, 15, 2, 8, 49, 111,
       113, 166, 117, 187, 0, 254, 1, 86, 128, 64, 0, 10, 66, 12, 65,
       111, 153, 44, 24, 5, 32, 24, 148, 73, 128, 114, 35, 184, 72, 6,
       32, 247, 20, 161, 153, 28, 34, 145, 156, 111, 194, 130, 149, 244,
       208, 70, 164, 82, 234, 144, 2, 67, 199, 36, 194, 195, 205, 130,
       164, 79, 66, 140, 21, 106, 199, 36, 69, 186, 82, 120, 233, 116,
       112, 92, 48, 47, 212, 20, 181, 111, 153, 172, 24, 5, 240, 29, 156,
       65, 16, 242, 51, 189, 88, 87, 32, 250, 124, 253, 255, 254, 54,
       127, 253, 123, 247, 254, 253, 241, 127, 250, 188, 95, 255, 255,
       115, 123, 247, 63, 209, 247, 221, 255, 247, 255, 91, 223, 244,
       235, 207, 44, 87, 190, 223, 120, 249, 125, 120, 95, 187, 175, 213,
       53, 247, 111, 153, 172, 24, 15, 240, 29, 156, 73, 16, 242, 115,
       191, 122, 87, 40, 250, 54, 149, 220, 222, 54, 157, 216, 55, 55,
       196, 23, 212, 157, 127, 189, 87, 254, 214, 0, 35, 199, 37, 195,
       99, 73, 146, 160, 93, 50, 8, 213, 107, 215, 36, 85, 186, 82, 120,
       235, 116, 112, 93, 56, 47, 213, 20, 245, 111, 153, 172, 24, 5,
       240, 29, 156, 73, 16, 242, 51, 189, 88, 87, 32, 250, 22, 177, 89,
       158, 55, 153, 218, 124, 86, 16, 149, 244, 181, 86, 188, 80, 254,
       214, 64, 19, 197, 32, 195, 115, 205, 130, 224, 77, 82, 136, 149,
       104, 223, 36, 85, 186, 82, 120, 233, 116, 112, 93, 48, 47, 212,
       20, 245, 111, 153, 172, 24, 5, 240, 29, 156, 73, 16, 242, 51, 189,
       88, 87, 32, 250 ]
