%YAML:1.0
descriptors: !!opencv-matrix
   rows: 12
   cols: 64
   dt: u
   data: [ 37, 254, 117, 239, 188, 188, 191, 88, 121, 253, 170, 235, 236,
       127, 204, 5, 235, 237, 165, 107, 245, 100, 91, 249, 197, 255, 177,
       183, 126, 31, 99, 119, 223, 228, 221, 186, 251, 184, 249, 127,
       117, 92, 58, 175, 245, 17, 247, 107, 152, 253, 24, 3, 244, 29,
       158, 77, 62, 246, 183, 189, 218, 215, 36, 250, 189, 250, 255, 255,
       127, 247, 255, 250, 254, 253, 212, 251, 255, 122, 182, 93, 255,
       255, 123, 99, 245, 55, 195, 255, 239, 255, 245, 255, 94, 95, 247,
       239, 223, 44, 85, 190, 87, 120, 233, 117, 120, 93, 123, 47, 213,
       53, 247, 111, 153, 172, 24, 5, 240, 29, 156, 73, 16, 242, 51, 189,
       90, 87, 32, 250, 199, 172, 147, 247, 217, 130, 235, 207, 152, 251,
       0, 127, 131, 194, 131, 25, 106, 77, 185, 71, 206, 45, 202, 91, 78,
       218, 186, 39, 210, 41, 35, 79, 87, 167, 60, 187, 49, 253, 111,
       118, 65, 104, 168, 106, 235, 28, 217, 179, 89, 164, 56, 53, 229,
       118, 188, 235, 208, 250, 179, 143, 92, 69, 49, 246, 254, 187, 255,
       247, 126, 191, 255, 248, 255, 255, 215, 251, 255, 123, 186, 95,
       246, 215, 123, 127, 245, 111, 195, 119, 205, 250, 247, 255, 126,
       93, 247, 235, 215, 44, 87, 190, 222, 120, 249, 117, 120, 92, 59,
       47, 213, 21, 247, 111, 153, 172, 24, 5, 240, 29, 156, 73, 16, 242,
       51, 189, 88, 87, 32, 250, 68, 35, 227, 144, 88, 135, 7, 79, 132,
       102, 3, 48, 83, 238, 176, 70, 226, 85, 43, 102, 203, 173, 202, 35,
       78, 202, 174, 15, 18, 8, 48, 73, 83, 39, 84, 187, 66, 120, 101,
       86, 48, 96, 24, 15, 69, 28, 229, 207, 25, 44, 24, 4, 113, 28, 156,
       75, 16, 242, 51, 189, 72, 86, 32, 248, 93, 146, 92, 150, 127, 187,
       191, 120, 60, 191, 215, 115, 173, 123, 154, 65, 242, 221, 65, 103,
       229, 103, 195, 242, 73, 126, 185, 62, 88, 12, 113, 235, 223, 36,
       85, 186, 83, 120, 233, 116, 112, 92, 56, 47, 213, 53, 247, 111,
       153, 172, 24, 5, 240, 29, 156, 73, 16, 242, 51, 189, 88, 87, 32,
       250, 7, 4, 65, 130, 217, 128, 3, 73, 162, 96, 0, 54, 129, 3, 128,
       1, 98, 85, 1, 96, 200, 0, 136, 96, 78, 128, 8, 13, 146, 8, 1, 73,
       81, 36, 20, 154, 2, 112, 5, 86, 0, 64, 8, 10, 64, 28, 192, 5, 17,
       36, 16, 4, 32, 24, 132, 9, 16, 96, 32, 156, 72, 6, 32, 240, 61,
       54, 253, 190, 63, 119, 185, 127, 246, 254, 246, 181, 125, 123,
       187, 119, 251, 212, 99, 99, 245, 35, 193, 247, 205, 171, 228, 143,
       90, 28, 241, 235, 223, 44, 85, 190, 82, 120, 233, 116, 120, 92,
       56, 47, 212, 53, 247, 111, 153, 172, 24, 5, 240, 29, 156, 73, 16,
       242, 51, 189, 88, 87, 32, 250, 70, 33, 129, 146, 80, 2, 7, 79,
       130, 98, 1, 16, 17, 194, 129, 66, 2, 84, 0, 68, 130, 161, 192, 3,
       12, 128, 130, 13, 18, 8, 16, 73, 82, 38, 20, 155, 0, 112, 7, 86,
       0, 98, 0, 8, 2, 28, 65, 74, 17, 44, 16, 4, 1, 24, 148, 10, 144,
       98, 33, 56, 72, 68, 32, 241, 87, 2, 208, 19, 217, 130, 3, 76, 130,
       37, 147, 54, 160, 235, 130, 18, 226, 197, 3, 100, 201, 135, 139,
       37, 78, 200, 188, 15, 146, 8, 33, 107, 81, 37, 84, 187, 66, 48,
       37, 86, 128, 80, 24, 142, 193, 24, 224, 13, 153, 172, 24, 1, 112,
       29, 156, 73, 16, 242, 49, 188, 88, 86, 32, 248, 61, 190, 253, 244,
       62, 253, 185, 125, 255, 252, 214, 245, 253, 127, 184, 84, 251,
       252, 227, 107, 245, 103, 210, 255, 221, 187, 244, 255, 126, 223,
       119, 239, 223, 44, 87, 190, 222, 120, 233, 125, 120, 92, 59, 175,
       213, 53, 245, 111, 185, 172, 24, 5, 240, 29, 156, 73, 20, 242, 51,
       189, 90, 87, 32, 250, 126, 185, 255, 254, 55, 183, 253, 126, 247,
       254, 213, 247, 255, 254, 182, 94, 254, 223, 99, 243, 247, 63, 195,
       119, 205, 250, 246, 207, 82, 220, 245, 235, 215, 44, 85, 190, 91,
       120, 233, 116, 120, 93, 60, 47, 213, 53, 247, 111, 153, 172, 24,
       5, 240, 29, 156, 73, 16, 242, 51, 189, 88, 87, 32, 250 ]
