%YAML:1.0
descriptors: !!opencv-matrix
   rows: 17
   cols: 64
   dt: u
   data: [ 45, 182, 124, 170, 63, 189, 167, 92, 180, 126, 138, 101, 173,
       127, 187, 85, 251, 254, 67, 98, 245, 34, 83, 118, 68, 188, 244,
       235, 90, 84, 241, 227, 223, 44, 87, 190, 83, 120, 233, 116, 120,
       92, 58, 47, 212, 113, 247, 111, 153, 172, 24, 5, 240, 29, 156, 73,
       16, 242, 51, 189, 88, 87, 32, 250, 61, 178, 93, 247, 191, 177,
       187, 120, 116, 124, 214, 119, 237, 91, 145, 81, 242, 221, 1, 98,
       229, 32, 131, 114, 76, 186, 160, 139, 94, 13, 113, 239, 215, 36,
       85, 186, 83, 120, 233, 116, 240, 92, 26, 14, 208, 21, 211, 79,
       153, 172, 24, 5, 240, 29, 156, 73, 16, 242, 51, 189, 88, 87, 32,
       248, 28, 177, 221, 252, 54, 177, 252, 123, 113, 186, 213, 249,
       221, 118, 189, 75, 234, 220, 33, 99, 197, 52, 194, 243, 205, 154,
       160, 239, 80, 77, 53, 234, 215, 36, 85, 186, 91, 120, 233, 116,
       112, 95, 56, 47, 212, 21, 247, 111, 153, 172, 24, 5, 240, 29, 156,
       73, 16, 242, 51, 189, 88, 87, 34, 251, 60, 181, 253, 252, 62, 189,
       253, 113, 61, 252, 87, 213, 221, 124, 188, 68, 250, 220, 65, 99,
       245, 52, 194, 243, 109, 58, 160, 254, 88, 69, 53, 235, 215, 36,
       85, 186, 87, 120, 233, 116, 112, 93, 57, 47, 212, 21, 247, 111,
       153, 172, 24, 5, 240, 29, 156, 73, 16, 242, 51, 189, 88, 87, 32,
       250, 28, 176, 93, 180, 58, 177, 186, 112, 112, 186, 214, 245, 252,
       117, 177, 64, 246, 219, 67, 227, 229, 100, 195, 251, 201, 58, 224,
       254, 104, 197, 245, 235, 223, 36, 85, 190, 91, 120, 233, 116, 120,
       92, 56, 47, 213, 53, 247, 111, 153, 172, 24, 5, 240, 29, 156, 73,
       16, 242, 51, 189, 88, 87, 32, 250, 116, 48, 241, 149, 216, 135,
       11, 109, 194, 230, 211, 52, 209, 130, 147, 82, 234, 213, 3, 96,
       201, 161, 202, 25, 12, 136, 172, 15, 82, 12, 49, 111, 87, 37, 85,
       187, 82, 122, 165, 86, 144, 64, 24, 14, 193, 28, 193, 79, 153, 44,
       24, 5, 240, 28, 156, 73, 16, 242, 51, 189, 88, 86, 32, 242, 62,
       178, 125, 254, 62, 189, 253, 121, 246, 254, 245, 241, 253, 122,
       188, 84, 246, 222, 67, 99, 245, 54, 195, 255, 205, 190, 229, 251,
       90, 221, 245, 235, 215, 44, 85, 190, 95, 120, 233, 116, 120, 92,
       57, 47, 212, 53, 247, 111, 153, 172, 24, 5, 240, 29, 156, 73, 16,
       242, 51, 189, 88, 87, 32, 250, 18, 209, 152, 214, 39, 136, 221,
       10, 151, 133, 21, 202, 191, 122, 52, 24, 244, 215, 36, 179, 198,
       47, 195, 103, 233, 214, 243, 127, 18, 184, 213, 105, 151, 44, 80,
       190, 90, 88, 234, 117, 112, 95, 169, 107, 149, 20, 245, 111, 145,
       172, 25, 5, 240, 25, 156, 73, 17, 242, 50, 189, 88, 85, 32, 250,
       3, 217, 152, 94, 55, 153, 220, 2, 123, 129, 5, 232, 190, 82, 36,
       91, 252, 247, 32, 147, 135, 63, 67, 103, 229, 215, 243, 111, 18,
       42, 213, 98, 215, 44, 87, 190, 90, 120, 235, 117, 112, 93, 56, 47,
       149, 84, 181, 111, 153, 174, 24, 5, 240, 29, 156, 73, 16, 243, 50,
       189, 88, 87, 32, 250, 62, 181, 253, 254, 55, 61, 253, 123, 247,
       252, 213, 177, 125, 122, 189, 95, 246, 222, 99, 115, 245, 46, 209,
       119, 221, 170, 230, 219, 90, 220, 245, 235, 207, 44, 87, 190, 211,
       120, 233, 117, 120, 94, 57, 47, 212, 53, 247, 111, 153, 172, 24,
       5, 240, 29, 156, 73, 16, 242, 51, 189, 90, 87, 32, 251, 51, 157,
       222, 95, 55, 217, 220, 57, 59, 209, 21, 252, 190, 119, 45, 95,
       237, 215, 32, 187, 199, 119, 195, 115, 237, 215, 241, 127, 126,
       58, 149, 106, 215, 44, 85, 190, 90, 120, 251, 117, 112, 93, 57,
       47, 213, 20, 245, 111, 153, 172, 24, 5, 240, 29, 156, 73, 16, 242,
       51, 189, 88, 87, 32, 250, 94, 50, 147, 245, 248, 226, 250, 196,
       24, 187, 66, 85, 192, 68, 155, 144, 42, 205, 153, 66, 204, 41,
       206, 89, 172, 202, 42, 231, 86, 97, 49, 222, 119, 179, 125, 49,
       117, 247, 237, 23, 193, 100, 195, 78, 235, 142, 203, 83, 156, 92,
       92, 103, 245, 244, 157, 235, 199, 90, 147, 175, 204, 7, 49, 244,
       30, 177, 220, 143, 63, 217, 158, 12, 127, 155, 151, 253, 189, 119,
       173, 80, 255, 151, 32, 243, 197, 117, 195, 115, 237, 222, 240,
       127, 122, 234, 245, 107, 215, 36, 85, 190, 90, 120, 233, 116, 112,
       93, 57, 47, 213, 20, 245, 111, 153, 172, 24, 5, 240, 29, 156, 73,
       24, 242, 51, 189, 88, 87, 32, 250, 27, 162, 221, 135, 171, 153,
       155, 8, 254, 191, 22, 125, 189, 127, 185, 80, 254, 179, 1, 243,
       197, 39, 195, 119, 205, 218, 228, 111, 78, 136, 241, 107, 215, 44,
       69, 190, 90, 120, 233, 124, 112, 92, 56, 47, 213, 20, 245, 111,
       153, 172, 24, 5, 240, 29, 156, 73, 16, 242, 51, 189, 88, 87, 32,
       250, 199, 204, 138, 87, 232, 210, 218, 129, 58, 187, 42, 207, 146,
       227, 99, 168, 13, 139, 60, 167, 206, 141, 46, 89, 67, 87, 187,
       102, 193, 3, 162, 54, 215, 179, 89, 97, 91, 205, 238, 98, 112, 60,
       104, 63, 221, 28, 255, 177, 221, 204, 24, 53, 213, 111, 156, 235,
       83, 221, 177, 53, 84, 113, 16, 234, 255, 255, 255, 255, 255, 255,
       255, 255, 255, 255, 255, 249, 127, 254, 254, 255, 255, 254, 255,
       255, 255, 251, 255, 191, 255, 255, 255, 255, 255, 255, 255, 255,
       205, 255, 255, 255, 255, 247, 255, 255, 127, 255, 255, 255, 255,
       255, 255, 254, 255, 255, 255, 255, 255, 255, 247, 255, 247, 255,
       231, 255, 255, 255, 255, 254, 215, 221, 222, 127, 253, 250, 255,
       218, 59, 189, 173, 235, 174, 251, 204, 187, 239, 239, 188, 255,
       239, 111, 227, 123, 231, 255, 243, 127, 127, 47, 235, 119, 223,
       247, 61, 255, 115, 189, 250, 255, 115, 254, 187, 255, 255, 219,
       255, 127, 217, 255, 62, 115, 252, 253, 191, 239, 59, 255, 255,
       191, 248, 247, 183, 251 ]
