%YAML:1.0
descriptors: !!opencv-matrix
   rows: 17
   cols: 64
   dt: u
   data: [ 255, 255, 126, 237, 255, 127, 247, 249, 191, 93, 252, 251,
       255, 127, 254, 253, 253, 255, 255, 253, 125, 222, 189, 116, 255,
       255, 125, 251, 255, 127, 254, 189, 152, 251, 223, 223, 239, 119,
       253, 189, 127, 159, 255, 255, 221, 255, 254, 180, 230, 215, 215,
       188, 203, 231, 195, 255, 254, 221, 236, 46, 247, 253, 158, 156,
       187, 223, 254, 255, 191, 253, 223, 24, 191, 255, 253, 235, 191,
       121, 124, 221, 189, 255, 126, 187, 254, 127, 243, 127, 241, 119,
       247, 254, 127, 119, 255, 247, 159, 250, 219, 100, 255, 89, 250,
       123, 126, 191, 235, 125, 247, 247, 247, 127, 255, 219, 159, 207,
       254, 229, 251, 253, 127, 215, 255, 255, 243, 251, 221, 223, 60,
       185, 255, 253, 50, 255, 249, 127, 223, 252, 223, 189, 127, 254,
       255, 254, 191, 222, 250, 107, 183, 127, 215, 255, 253, 255, 246,
       255, 111, 255, 254, 238, 207, 222, 103, 190, 254, 255, 250, 127,
       248, 253, 247, 103, 191, 183, 247, 111, 255, 234, 175, 223, 242,
       29, 188, 92, 127, 247, 255, 251, 251, 253, 207, 254, 58, 255, 237,
       255, 54, 253, 223, 57, 255, 254, 221, 254, 253, 127, 61, 127, 157,
       183, 98, 251, 183, 127, 83, 247, 245, 247, 247, 255, 111, 255,
       255, 235, 223, 126, 231, 174, 255, 121, 250, 121, 124, 253, 255,
       237, 183, 245, 247, 111, 187, 186, 137, 75, 242, 29, 254, 92, 63,
       247, 255, 255, 251, 251, 239, 218, 59, 253, 252, 127, 39, 253,
       223, 49, 255, 255, 221, 234, 189, 127, 125, 95, 189, 187, 122,
       155, 183, 127, 83, 255, 241, 119, 247, 254, 109, 247, 207, 226,
       143, 250, 203, 36, 255, 25, 250, 123, 124, 189, 231, 237, 183,
       241, 183, 111, 191, 218, 137, 75, 246, 133, 122, 245, 63, 215,
       222, 247, 179, 251, 205, 78, 191, 254, 108, 111, 255, 189, 223,
       152, 255, 127, 188, 251, 175, 123, 228, 253, 243, 247, 190, 185,
       253, 119, 187, 124, 103, 255, 121, 55, 255, 123, 239, 255, 159,
       233, 222, 85, 255, 249, 253, 191, 127, 223, 107, 189, 213, 219,
       252, 49, 172, 215, 28, 45, 237, 231, 207, 255, 126, 223, 246, 15,
       246, 223, 188, 157, 124, 169, 255, 253, 34, 127, 241, 247, 221,
       252, 222, 149, 83, 244, 251, 238, 155, 216, 251, 111, 245, 253,
       246, 151, 255, 111, 148, 244, 105, 215, 126, 234, 207, 26, 99,
       236, 255, 123, 249, 124, 120, 61, 247, 38, 253, 183, 183, 238,
       191, 172, 239, 223, 243, 93, 152, 84, 102, 235, 127, 249, 123,
       191, 109, 254, 124, 185, 255, 253, 122, 255, 249, 255, 221, 255,
       214, 253, 223, 254, 187, 238, 251, 221, 251, 107, 255, 61, 238,
       255, 255, 235, 182, 255, 89, 213, 119, 239, 215, 39, 117, 191,
       215, 255, 249, 127, 248, 125, 247, 110, 255, 55, 247, 127, 157,
       172, 26, 213, 240, 29, 156, 77, 80, 254, 123, 255, 219, 95, 161,
       254, 173, 230, 109, 136, 155, 221, 37, 125, 189, 85, 172, 248,
       221, 63, 252, 229, 201, 252, 199, 104, 249, 114, 186, 240, 125,
       181, 21, 115, 253, 223, 91, 169, 220, 72, 199, 202, 194, 243, 185,
       190, 127, 159, 120, 183, 84, 242, 124, 32, 177, 181, 215, 44, 218,
       157, 135, 29, 56, 192, 42, 172, 218, 223, 46, 249, 59, 253, 252,
       126, 63, 191, 223, 9, 255, 254, 151, 248, 189, 123, 124, 93, 254,
       179, 98, 179, 247, 119, 211, 119, 209, 247, 231, 127, 122, 251,
       245, 227, 223, 108, 199, 182, 251, 88, 250, 125, 124, 93, 127,
       237, 245, 117, 247, 111, 187, 174, 152, 15, 240, 29, 220, 93, 58,
       243, 247, 191, 250, 243, 168, 218, 191, 255, 255, 255, 255, 191,
       223, 57, 255, 255, 253, 251, 175, 127, 236, 93, 251, 247, 62, 123,
       247, 127, 211, 127, 229, 255, 243, 63, 127, 123, 247, 239, 223,
       237, 253, 191, 254, 125, 249, 119, 119, 94, 251, 255, 215, 21,
       253, 127, 157, 191, 24, 13, 240, 189, 158, 77, 16, 246, 247, 191,
       219, 95, 172, 254, 125, 188, 255, 253, 126, 247, 255, 253, 253,
       255, 212, 223, 223, 125, 191, 78, 251, 253, 251, 107, 244, 127,
       210, 255, 253, 255, 183, 182, 125, 215, 127, 239, 223, 108, 87,
       190, 223, 121, 249, 125, 124, 93, 127, 47, 245, 53, 247, 111, 189,
       172, 152, 15, 240, 29, 156, 93, 60, 246, 115, 189, 251, 223, 40,
       254, 251, 223, 254, 255, 127, 255, 253, 182, 63, 255, 125, 219,
       190, 253, 111, 255, 253, 255, 61, 255, 255, 253, 231, 123, 235,
       127, 243, 254, 127, 119, 254, 255, 255, 251, 249, 101, 255, 125,
       250, 243, 122, 221, 251, 125, 255, 159, 247, 255, 223, 219, 31,
       223, 252, 237, 250, 253, 247, 247, 255, 255, 247, 251, 221, 254,
       190, 253, 254, 207, 55, 223, 223, 183, 127, 221, 127, 255, 191,
       62, 255, 254, 255, 243, 252, 191, 245, 127, 247, 247, 249, 127,
       253, 127, 127, 255, 223, 255, 239, 125, 127, 246, 255, 91, 251,
       253, 243, 221, 255, 63, 191, 182, 255, 111, 191, 255, 255, 143,
       254, 15, 187, 223, 126, 247, 126, 253, 251, 255, 44, 254, 255,
       255, 255, 255, 255, 255, 255, 255, 255, 255, 252, 251, 255, 255,
       254, 255, 255, 255, 255, 255, 253, 255, 255, 255, 255, 127, 255,
       255, 255, 223, 255, 255, 207, 111, 255, 255, 255, 125, 253, 125,
       127, 223, 255, 191, 223, 247, 255, 255, 191, 255, 223, 207, 250,
       191, 223, 93, 254, 247, 255, 255, 255, 255, 238, 254, 255, 253,
       255, 255, 55, 255, 221, 191, 127, 247, 125, 252, 63, 254, 255,
       255, 255, 214, 124, 255, 191, 253, 247, 51, 255, 247, 243, 127,
       127, 123, 222, 251, 183, 246, 181, 250, 255, 95, 251, 247, 246,
       255, 255, 125, 191, 158, 245, 238, 223, 191, 255, 223, 254, 189,
       247, 255, 249, 247, 123, 255, 219, 253, 255, 255, 251, 255, 255,
       127, 118, 127, 223, 150, 251, 191, 191, 170, 254, 254, 127, 251,
       253, 247, 126, 255, 63, 255, 119, 191, 231, 119, 247, 253, 255,
       127, 254, 178, 250, 255, 239, 239, 251, 127, 254, 251, 190, 255,
       255, 125, 191, 255, 247, 190, 255, 219, 166, 223, 191, 255, 243,
       255, 255, 255, 253, 127, 255, 248, 223, 179 ]
