%YAML:1.0
descriptors: !!opencv-matrix
   rows: 21
   cols: 64
   dt: u
   data: [ 63, 246, 125, 239, 63, 189, 191, 120, 253, 255, 254, 251, 237,
       123, 253, 85, 242, 255, 67, 123, 245, 102, 211, 126, 237, 254,
       245, 251, 126, 95, 245, 239, 223, 108, 85, 190, 215, 120, 233,
       125, 124, 92, 123, 47, 213, 49, 247, 111, 185, 172, 24, 5, 240,
       29, 156, 73, 16, 242, 55, 189, 250, 215, 32, 250, 63, 183, 125,
       252, 63, 189, 253, 121, 255, 254, 215, 241, 253, 123, 252, 85,
       242, 252, 99, 123, 245, 118, 211, 247, 221, 190, 229, 251, 126,
       255, 245, 235, 223, 44, 87, 190, 222, 120, 249, 125, 120, 93, 59,
       47, 212, 53, 247, 111, 153, 174, 24, 7, 240, 29, 156, 89, 16, 242,
       51, 189, 122, 215, 40, 250, 60, 52, 253, 188, 62, 101, 185, 125,
       244, 252, 244, 49, 125, 106, 179, 119, 250, 220, 99, 98, 245, 34,
       211, 246, 220, 187, 245, 235, 82, 22, 243, 235, 207, 36, 85, 190,
       83, 120, 233, 116, 120, 92, 56, 47, 212, 53, 243, 111, 153, 172,
       24, 5, 240, 29, 156, 73, 16, 242, 51, 189, 88, 87, 32, 250, 191,
       63, 125, 180, 54, 125, 185, 255, 252, 254, 255, 247, 125, 123,
       250, 246, 251, 220, 103, 99, 245, 32, 245, 118, 221, 191, 245,
       187, 82, 30, 247, 235, 215, 36, 85, 190, 83, 120, 233, 124, 120,
       92, 56, 47, 212, 23, 247, 111, 153, 172, 24, 5, 240, 29, 156, 73,
       16, 242, 51, 189, 88, 87, 32, 250, 191, 241, 125, 238, 63, 61,
       221, 122, 247, 92, 253, 249, 127, 123, 244, 253, 242, 244, 71, 99,
       245, 114, 161, 118, 237, 191, 229, 27, 127, 95, 125, 233, 214,
       100, 20, 254, 82, 112, 249, 245, 210, 223, 56, 15, 208, 22, 245,
       79, 153, 173, 30, 5, 248, 29, 159, 77, 24, 242, 51, 189, 88, 95,
       34, 249, 253, 253, 255, 253, 254, 127, 255, 255, 253, 255, 253,
       255, 255, 255, 255, 238, 251, 213, 127, 111, 63, 207, 175, 61,
       127, 255, 191, 63, 223, 95, 126, 191, 243, 103, 125, 251, 82, 119,
       253, 246, 114, 94, 248, 63, 223, 30, 253, 180, 205, 173, 86, 181,
       217, 255, 149, 239, 208, 252, 97, 191, 93, 87, 50, 187, 236, 233,
       239, 253, 250, 119, 251, 255, 221, 253, 238, 255, 243, 254, 251,
       238, 235, 221, 127, 111, 127, 141, 238, 63, 111, 255, 191, 175,
       211, 199, 54, 191, 247, 39, 117, 251, 83, 119, 253, 244, 250, 124,
       248, 62, 223, 31, 251, 182, 221, 172, 94, 181, 217, 127, 148, 201,
       208, 252, 33, 191, 93, 87, 51, 250, 28, 41, 191, 252, 34, 103,
       124, 119, 209, 132, 213, 144, 83, 240, 150, 74, 189, 216, 99, 111,
       182, 61, 192, 147, 157, 43, 166, 220, 64, 196, 244, 232, 207, 54,
       37, 190, 159, 120, 208, 125, 120, 189, 181, 39, 246, 53, 167, 110,
       155, 168, 169, 199, 240, 29, 28, 81, 21, 243, 115, 251, 121, 119,
       97, 250, 124, 53, 125, 188, 54, 191, 63, 125, 229, 102, 253, 176,
       125, 190, 189, 102, 242, 252, 67, 124, 185, 115, 211, 183, 221,
       40, 236, 157, 114, 156, 253, 233, 233, 12, 151, 190, 203, 120,
       129, 93, 58, 219, 53, 167, 116, 183, 231, 110, 155, 174, 137, 15,
       114, 29, 215, 85, 56, 227, 59, 220, 121, 134, 110, 208, 191, 212,
       125, 254, 63, 181, 221, 28, 183, 127, 253, 249, 63, 123, 180, 93,
       242, 246, 71, 115, 244, 122, 242, 126, 108, 171, 230, 27, 123,
       121, 125, 239, 215, 236, 150, 190, 246, 121, 241, 245, 90, 222,
       123, 15, 208, 21, 213, 79, 153, 172, 26, 5, 248, 29, 157, 73, 24,
       242, 115, 191, 218, 87, 34, 253, 187, 222, 125, 238, 191, 125,
       221, 216, 191, 93, 253, 251, 47, 121, 244, 253, 247, 244, 39, 105,
       116, 98, 180, 118, 109, 191, 241, 59, 255, 59, 127, 123, 240, 100,
       92, 254, 210, 113, 185, 245, 211, 222, 56, 63, 208, 150, 244, 77,
       137, 173, 30, 5, 248, 31, 159, 77, 16, 242, 51, 156, 92, 87, 34,
       185, 255, 244, 253, 255, 255, 191, 95, 29, 255, 231, 181, 248,
       191, 250, 182, 95, 246, 247, 126, 127, 191, 119, 243, 127, 253,
       234, 234, 127, 123, 121, 253, 239, 215, 237, 150, 255, 202, 121,
       241, 247, 210, 223, 125, 47, 211, 30, 229, 63, 157, 174, 26, 5,
       122, 189, 159, 77, 24, 246, 123, 191, 249, 222, 58, 251, 125, 191,
       255, 249, 254, 191, 227, 123, 252, 252, 214, 119, 255, 126, 249,
       237, 242, 221, 251, 102, 245, 47, 138, 127, 111, 234, 46, 143, 94,
       95, 121, 255, 247, 39, 85, 187, 87, 122, 253, 116, 249, 92, 26,
       14, 213, 167, 211, 207, 157, 172, 24, 5, 240, 29, 157, 73, 16,
       246, 51, 189, 90, 87, 32, 248, 58, 249, 254, 255, 46, 253, 220,
       51, 255, 191, 253, 202, 255, 248, 124, 94, 189, 187, 122, 187,
       183, 127, 83, 255, 241, 119, 247, 254, 109, 247, 247, 230, 223,
       248, 171, 36, 255, 77, 250, 123, 126, 255, 231, 109, 183, 245,
       183, 127, 255, 218, 137, 207, 254, 165, 122, 221, 127, 215, 255,
       247, 243, 251, 205, 206, 248, 249, 255, 255, 242, 127, 251, 255,
       253, 253, 255, 191, 255, 254, 251, 238, 251, 213, 127, 111, 126,
       221, 230, 63, 111, 239, 191, 191, 255, 203, 126, 191, 243, 39,
       117, 251, 82, 119, 253, 244, 218, 95, 248, 62, 223, 158, 201, 182,
       141, 173, 94, 149, 249, 63, 149, 77, 208, 252, 41, 191, 93, 86,
       35, 187, 46, 254, 108, 171, 175, 221, 156, 133, 127, 214, 63, 172,
       189, 62, 125, 245, 221, 186, 64, 248, 57, 208, 31, 56, 245, 149,
       121, 249, 239, 255, 255, 179, 160, 252, 223, 78, 235, 115, 168,
       59, 54, 221, 100, 189, 22, 199, 254, 52, 155, 219, 214, 47, 158,
       133, 231, 125, 144, 193, 168, 60, 247, 203, 106, 176, 62, 249,
       253, 255, 62, 253, 221, 53, 127, 255, 85, 253, 253, 127, 189, 92,
       255, 246, 96, 235, 247, 124, 211, 255, 253, 255, 247, 255, 127,
       251, 247, 239, 215, 116, 87, 190, 255, 120, 251, 125, 116, 93,
       255, 111, 245, 20, 245, 111, 153, 174, 152, 79, 242, 29, 156, 93,
       60, 243, 115, 191, 251, 223, 40, 254, 255, 254, 127, 231, 255,
       253, 191, 248, 255, 255, 254, 251, 255, 127, 251, 253, 247, 255,
       127, 251, 253, 119, 155, 124, 239, 255, 121, 255, 254, 95, 247,
       255, 215, 237, 223, 255, 127, 123, 253, 117, 125, 93, 122, 63,
       213, 135, 254, 117, 189, 189, 28, 5, 242, 189, 159, 77, 16, 246,
       183, 189, 218, 223, 36, 254, 255, 255, 255, 255, 255, 255, 255,
       255, 255, 255, 255, 255, 255, 254, 255, 255, 255, 255, 127, 251,
       255, 255, 255, 127, 255, 255, 247, 255, 127, 255, 255, 255, 207,
       255, 255, 255, 255, 255, 251, 127, 127, 255, 255, 255, 255, 255,
       255, 127, 255, 255, 222, 207, 254, 191, 255, 125, 249, 247, 255,
       255, 255, 255, 191, 182, 251, 223, 255, 223, 119, 127, 223, 255,
       255, 246, 191, 190, 63, 255, 255, 255, 255, 247, 124, 127, 62,
       255, 245, 55, 255, 247, 251, 125, 255, 251, 222, 251, 250, 103,
       247, 255, 210, 127, 255, 255, 182, 223, 251, 254, 191, 142, 245,
       238, 223, 191, 247, 157, 186, 191, 247, 223, 249, 254, 121, 127,
       223, 220, 191, 251, 127, 253, 255, 255, 51, 223, 253, 239, 255,
       254, 255, 191, 255, 254, 255, 254, 251, 183, 251, 127, 255, 253,
       215, 247, 255, 255, 243, 253, 111, 255, 254, 251, 239, 102, 119,
       254, 254, 127, 251, 124, 246, 223, 253, 127, 255, 151, 245, 239,
       223, 175, 191, 223, 250, 29, 255, 93, 60, 246, 127, 253, 219, 223,
       235, 250 ]
