%YAML:1.0
descriptors: !!opencv-matrix
   rows: 12
   cols: 64
   dt: u
   data: [ 126, 248, 255, 255, 191, 253, 243, 253, 255, 253, 214, 253,
       255, 254, 255, 254, 255, 223, 251, 251, 253, 127, 223, 255, 253,
       255, 245, 255, 127, 223, 255, 239, 207, 238, 103, 254, 255, 249,
       249, 126, 120, 221, 247, 47, 213, 53, 255, 111, 191, 236, 155,
       141, 244, 29, 156, 93, 126, 246, 255, 249, 251, 223, 44, 254, 254,
       223, 254, 255, 119, 255, 223, 187, 63, 255, 127, 250, 191, 254,
       126, 255, 253, 247, 124, 191, 191, 255, 247, 123, 255, 247, 251,
       127, 127, 251, 222, 251, 135, 255, 255, 231, 255, 93, 254, 123,
       118, 253, 239, 253, 191, 142, 245, 255, 223, 251, 191, 223, 255,
       229, 255, 255, 123, 255, 254, 127, 255, 185, 221, 254, 60, 181,
       253, 188, 62, 165, 185, 127, 246, 222, 213, 177, 125, 106, 181,
       85, 250, 212, 67, 98, 241, 35, 211, 247, 220, 184, 228, 205, 82,
       28, 241, 235, 199, 36, 87, 190, 82, 120, 233, 116, 120, 92, 56,
       47, 213, 53, 245, 111, 153, 172, 24, 5, 240, 29, 156, 73, 16, 242,
       51, 189, 88, 87, 32, 250, 58, 177, 237, 254, 54, 191, 125, 127,
       213, 254, 213, 241, 125, 126, 180, 78, 250, 213, 99, 99, 245, 55,
       195, 119, 93, 186, 164, 143, 82, 220, 117, 233, 215, 44, 85, 186,
       90, 120, 233, 124, 120, 93, 49, 47, 213, 53, 247, 111, 153, 172,
       24, 5, 240, 29, 156, 73, 16, 242, 51, 189, 88, 87, 32, 250, 60,
       32, 237, 188, 58, 245, 185, 127, 149, 254, 214, 149, 93, 60, 187,
       70, 251, 220, 195, 99, 244, 49, 198, 243, 77, 170, 164, 135, 88,
       197, 53, 235, 215, 36, 85, 186, 87, 122, 233, 116, 120, 93, 58,
       46, 212, 21, 243, 111, 153, 172, 24, 5, 240, 29, 156, 73, 16, 242,
       51, 189, 90, 87, 32, 250, 255, 244, 253, 239, 255, 191, 223, 120,
       255, 127, 245, 250, 255, 123, 182, 93, 242, 247, 123, 115, 253,
       119, 219, 125, 236, 234, 248, 127, 127, 121, 253, 239, 215, 237,
       22, 191, 210, 121, 249, 255, 82, 223, 121, 47, 209, 28, 253, 31,
       157, 172, 24, 5, 240, 189, 156, 73, 24, 246, 51, 189, 216, 87, 34,
       255, 252, 61, 255, 253, 114, 127, 251, 255, 221, 252, 222, 191,
       95, 254, 251, 238, 251, 221, 123, 111, 127, 189, 246, 183, 95,
       239, 182, 189, 121, 223, 126, 251, 231, 39, 117, 251, 214, 127,
       253, 124, 250, 125, 253, 62, 223, 191, 97, 238, 157, 172, 31, 221,
       241, 61, 157, 77, 80, 254, 123, 255, 91, 86, 35, 250, 60, 177,
       125, 254, 62, 189, 121, 127, 246, 124, 213, 245, 125, 126, 188,
       85, 254, 214, 67, 98, 245, 50, 193, 247, 204, 186, 228, 219, 82,
       92, 245, 235, 223, 36, 87, 190, 210, 120, 233, 117, 120, 93, 61,
       47, 212, 53, 245, 111, 153, 172, 24, 5, 242, 29, 156, 73, 16, 242,
       51, 189, 88, 87, 32, 250, 62, 176, 255, 255, 63, 181, 249, 122,
       245, 254, 213, 253, 253, 122, 185, 127, 242, 223, 67, 115, 245,
       62, 195, 127, 237, 170, 230, 223, 90, 93, 245, 239, 247, 44, 85,
       190, 223, 122, 233, 117, 218, 93, 123, 46, 208, 21, 243, 111, 153,
       172, 24, 5, 240, 29, 156, 73, 16, 242, 51, 189, 90, 87, 34, 251,
       62, 176, 125, 247, 63, 183, 255, 121, 247, 255, 213, 243, 255,
       126, 176, 86, 242, 215, 119, 123, 245, 127, 211, 127, 189, 254,
       231, 255, 126, 253, 245, 239, 223, 108, 150, 190, 223, 121, 249,
       125, 88, 223, 255, 47, 213, 53, 215, 111, 191, 174, 153, 15, 240,
       29, 156, 93, 56, 246, 115, 223, 251, 159, 40, 254, 63, 246, 125,
       254, 62, 189, 255, 121, 245, 254, 253, 251, 253, 123, 188, 93,
       242, 255, 67, 123, 245, 102, 211, 255, 221, 190, 231, 255, 95, 93,
       245, 239, 223, 44, 85, 190, 223, 120, 249, 125, 122, 94, 123, 175,
       212, 53, 247, 111, 153, 172, 24, 5, 240, 29, 157, 73, 16, 242,
       115, 189, 90, 87, 42, 251, 60, 177, 255, 190, 63, 119, 189, 126,
       244, 252, 221, 181, 127, 254, 183, 126, 251, 213, 99, 99, 245, 39,
       197, 119, 77, 235, 164, 143, 83, 140, 119, 235, 215, 36, 85, 186,
       83, 120, 233, 116, 120, 92, 56, 47, 213, 21, 247, 111, 153, 172,
       24, 5, 240, 29, 156, 73, 16, 242, 51, 189, 88, 87, 32, 250 ]
