%YAML:1.0
descriptors: !!opencv-matrix
   rows: 10
   cols: 64
   dt: u
   data: [ 127, 254, 254, 255, 255, 255, 223, 157, 255, 254, 191, 190,
       189, 254, 255, 255, 255, 247, 122, 250, 191, 255, 223, 127, 245,
       247, 255, 127, 127, 127, 255, 247, 231, 255, 223, 127, 251, 255,
       255, 119, 62, 255, 235, 253, 247, 223, 247, 59, 223, 255, 158, 79,
       191, 253, 255, 255, 241, 255, 251, 191, 255, 251, 255, 246, 238,
       235, 169, 218, 99, 95, 6, 111, 207, 82, 191, 254, 115, 214, 254,
       238, 219, 145, 111, 221, 87, 183, 241, 215, 95, 215, 157, 45, 135,
       222, 30, 200, 206, 46, 71, 186, 74, 122, 239, 116, 112, 253, 48,
       63, 213, 254, 181, 238, 151, 173, 157, 12, 243, 29, 223, 19, 16,
       242, 51, 189, 89, 95, 104, 250, 254, 251, 254, 223, 255, 219, 223,
       254, 255, 189, 255, 251, 255, 250, 254, 254, 255, 179, 254, 191,
       255, 127, 239, 255, 255, 127, 255, 127, 127, 255, 223, 255, 223,
       255, 111, 255, 254, 255, 255, 255, 251, 255, 227, 127, 191, 255,
       255, 255, 255, 255, 255, 255, 255, 255, 251, 255, 119, 255, 254,
       255, 251, 253, 183, 223, 181, 253, 255, 125, 216, 236, 245, 251,
       251, 253, 236, 251, 207, 255, 223, 189, 255, 239, 247, 99, 255,
       238, 62, 255, 255, 255, 119, 251, 237, 159, 235, 255, 207, 251,
       111, 254, 191, 189, 255, 126, 123, 190, 186, 247, 253, 115, 255,
       247, 233, 253, 235, 251, 252, 223, 12, 109, 63, 220, 255, 175,
       254, 247, 237, 254, 252, 237, 255, 221, 34, 95, 241, 247, 125,
       252, 126, 157, 95, 244, 255, 238, 251, 217, 249, 111, 116, 253,
       230, 179, 251, 111, 150, 244, 105, 215, 126, 235, 255, 115, 101,
       250, 223, 123, 249, 124, 242, 61, 253, 54, 253, 182, 247, 238,
       159, 172, 239, 223, 242, 29, 157, 93, 124, 246, 123, 253, 91, 95,
       43, 250, 62, 157, 254, 254, 55, 255, 221, 63, 191, 252, 221, 253,
       63, 254, 63, 254, 253, 254, 98, 251, 247, 127, 211, 119, 253, 255,
       247, 127, 127, 255, 255, 235, 207, 126, 103, 190, 255, 120, 250,
       125, 120, 253, 247, 239, 247, 53, 247, 111, 187, 174, 155, 207,
       242, 29, 188, 93, 59, 243, 127, 255, 251, 255, 173, 254, 255, 252,
       255, 239, 255, 191, 223, 248, 255, 127, 253, 250, 239, 251, 246,
       253, 243, 247, 63, 127, 255, 199, 187, 125, 238, 255, 255, 127,
       255, 27, 255, 127, 247, 237, 28, 223, 210, 117, 253, 247, 83, 222,
       104, 31, 217, 30, 253, 21, 157, 173, 30, 5, 248, 191, 159, 107,
       80, 246, 49, 157, 220, 87, 50, 189, 56, 221, 254, 223, 47, 253,
       220, 51, 255, 253, 94, 205, 191, 126, 124, 252, 253, 187, 254,
       187, 245, 127, 219, 255, 249, 119, 247, 254, 109, 247, 223, 230,
       207, 250, 235, 36, 255, 217, 250, 121, 121, 157, 231, 239, 183,
       245, 183, 111, 191, 219, 139, 203, 254, 141, 218, 213, 63, 215,
       254, 247, 243, 251, 205, 206, 255, 249, 255, 247, 255, 247, 219,
       216, 254, 247, 213, 254, 255, 251, 246, 93, 251, 245, 63, 119,
       111, 199, 163, 117, 110, 223, 249, 63, 210, 31, 114, 187, 215, 37,
       85, 251, 82, 125, 237, 116, 112, 92, 56, 63, 221, 28, 253, 53,
       157, 172, 24, 5, 240, 191, 156, 75, 80, 246, 49, 189, 92, 87, 48,
       250, 61, 254, 255, 125, 62, 253, 253, 113, 189, 255, 221, 249,
       221, 125, 125, 79, 157, 249, 227, 251, 245, 127, 90, 255, 249,
       127, 247, 246, 109, 247, 245, 231, 207, 216, 195, 36, 255, 185,
       248, 123, 124, 61, 251, 239, 247, 241, 247, 107, 187, 250, 169,
       75, 246, 157, 216, 93, 63, 215, 247, 255, 243, 251, 237, 222 ]
