%YAML:1.0
descriptors: !!opencv-matrix
   rows: 24
   cols: 64
   dt: u
   data: [ 62, 185, 255, 254, 55, 119, 221, 127, 215, 252, 213, 181, 125,
       126, 191, 94, 255, 214, 98, 243, 245, 63, 195, 247, 221, 235, 244,
       223, 91, 253, 247, 235, 223, 60, 87, 190, 222, 120, 233, 125, 120,
       93, 51, 47, 245, 53, 245, 111, 185, 174, 153, 7, 240, 29, 156, 73,
       16, 243, 51, 189, 122, 87, 32, 250, 47, 176, 237, 190, 63, 253,
       185, 94, 245, 252, 212, 245, 125, 126, 188, 85, 251, 252, 99, 243,
       245, 114, 211, 119, 85, 187, 228, 159, 122, 221, 117, 239, 223,
       44, 87, 190, 123, 120, 233, 124, 120, 93, 122, 47, 212, 117, 247,
       111, 185, 172, 152, 5, 240, 29, 156, 73, 48, 242, 55, 189, 90, 87,
       32, 250, 60, 190, 255, 254, 62, 255, 249, 119, 223, 252, 222, 245,
       125, 126, 255, 252, 255, 222, 227, 107, 245, 127, 215, 247, 253,
       107, 244, 255, 111, 223, 255, 239, 207, 108, 71, 190, 223, 122,
       249, 125, 248, 93, 247, 175, 213, 183, 247, 111, 187, 172, 159,
       15, 242, 29, 156, 93, 54, 242, 127, 253, 251, 223, 40, 254, 191,
       252, 253, 252, 62, 63, 125, 82, 49, 126, 237, 217, 78, 249, 244,
       127, 227, 252, 37, 99, 245, 228, 240, 59, 77, 175, 163, 251, 123,
       31, 117, 107, 211, 36, 212, 186, 82, 120, 241, 245, 114, 222, 58,
       47, 212, 18, 247, 111, 153, 172, 24, 5, 248, 29, 159, 77, 24, 242,
       51, 189, 88, 86, 34, 251, 179, 214, 84, 39, 255, 184, 131, 24,
       126, 125, 146, 127, 172, 59, 108, 85, 246, 247, 141, 176, 225, 99,
       155, 124, 228, 252, 121, 127, 254, 123, 227, 119, 157, 236, 221,
       52, 119, 153, 169, 117, 229, 92, 74, 143, 209, 65, 252, 85, 184,
       255, 24, 5, 244, 165, 222, 105, 54, 246, 182, 188, 210, 223, 36,
       92, 56, 118, 125, 175, 190, 189, 187, 121, 253, 254, 222, 53, 125,
       60, 249, 229, 242, 212, 67, 104, 240, 112, 149, 116, 93, 172, 164,
       155, 126, 95, 125, 251, 241, 36, 85, 186, 82, 114, 169, 244, 218,
       93, 90, 14, 212, 135, 192, 77, 153, 173, 28, 5, 242, 29, 159, 73,
       16, 242, 59, 188, 90, 94, 34, 249, 60, 169, 255, 220, 50, 127,
       253, 127, 213, 254, 215, 145, 95, 252, 189, 206, 187, 220, 227,
       107, 182, 125, 196, 183, 221, 255, 167, 150, 105, 221, 124, 235,
       207, 22, 103, 190, 214, 120, 251, 125, 120, 125, 245, 39, 247,
       180, 117, 111, 187, 172, 187, 207, 242, 29, 156, 92, 53, 242, 123,
       255, 123, 223, 105, 254, 63, 245, 125, 254, 55, 55, 91, 127, 247,
       86, 213, 176, 125, 122, 180, 87, 242, 212, 83, 103, 247, 114, 193,
       55, 108, 170, 224, 29, 123, 92, 125, 233, 214, 36, 20, 190, 210,
       120, 209, 245, 82, 223, 29, 15, 208, 20, 193, 78, 153, 172, 26, 5,
       248, 29, 158, 73, 24, 242, 59, 157, 89, 30, 34, 249, 120, 57, 255,
       254, 54, 63, 125, 123, 245, 252, 85, 177, 127, 250, 180, 94, 242,
       213, 123, 111, 246, 63, 193, 119, 79, 170, 166, 159, 122, 209,
       124, 235, 211, 46, 52, 190, 215, 120, 241, 117, 248, 223, 187, 47,
       217, 53, 193, 111, 153, 172, 24, 5, 240, 29, 159, 77, 16, 242,
       115, 191, 91, 86, 34, 251, 47, 198, 108, 138, 35, 93, 149, 1, 55,
       214, 47, 132, 28, 62, 125, 231, 149, 186, 192, 184, 113, 114, 17,
       242, 113, 53, 129, 80, 109, 242, 221, 241, 184, 88, 195, 160, 251,
       90, 136, 120, 246, 159, 60, 37, 244, 246, 246, 108, 187, 175, 141,
       15, 186, 13, 219, 93, 62, 227, 63, 188, 123, 218, 110, 216, 127,
       52, 253, 175, 255, 183, 27, 124, 254, 127, 213, 58, 253, 251, 182,
       93, 242, 245, 91, 116, 249, 87, 147, 125, 254, 232, 236, 63, 250,
       29, 125, 239, 215, 45, 148, 255, 210, 113, 165, 127, 210, 222, 89,
       15, 209, 156, 225, 29, 157, 172, 24, 5, 240, 61, 158, 73, 80, 246,
       59, 156, 216, 150, 58, 249, 252, 105, 255, 253, 114, 127, 251,
       255, 221, 253, 254, 191, 223, 252, 251, 238, 251, 221, 251, 111,
       126, 189, 230, 183, 127, 239, 191, 191, 253, 215, 126, 191, 243,
       39, 117, 251, 86, 127, 253, 252, 250, 125, 249, 62, 223, 175, 107,
       246, 157, 173, 95, 149, 249, 63, 157, 77, 80, 252, 123, 255, 95,
       22, 35, 250, 255, 254, 127, 231, 255, 253, 191, 248, 252, 125,
       214, 123, 239, 95, 250, 221, 251, 255, 255, 123, 253, 87, 155,
       124, 175, 255, 125, 191, 254, 91, 119, 255, 223, 237, 223, 223,
       247, 253, 253, 119, 125, 93, 251, 191, 221, 169, 254, 49, 174,
       253, 157, 173, 255, 183, 143, 253, 100, 252, 247, 175, 254, 223,
       60, 190, 255, 249, 255, 255, 255, 255, 251, 250, 255, 255, 253,
       251, 255, 250, 246, 255, 243, 247, 127, 111, 63, 255, 183, 63,
       239, 255, 255, 63, 255, 123, 254, 191, 243, 103, 190, 255, 210,
       127, 255, 247, 211, 223, 255, 127, 219, 158, 217, 183, 205, 189,
       86, 149, 232, 191, 159, 239, 216, 254, 121, 223, 223, 28, 179,
       189, 252, 249, 255, 253, 114, 127, 249, 255, 221, 253, 255, 255,
       95, 254, 251, 254, 251, 221, 255, 111, 247, 253, 230, 183, 255,
       239, 246, 255, 109, 223, 254, 255, 255, 103, 117, 255, 223, 127,
       249, 253, 219, 125, 255, 126, 255, 167, 251, 239, 191, 173, 255,
       223, 250, 63, 157, 93, 116, 254, 123, 251, 123, 63, 163, 254, 63,
       253, 255, 254, 63, 253, 253, 62, 255, 254, 253, 249, 255, 127,
       124, 222, 253, 255, 98, 251, 247, 127, 211, 255, 253, 127, 247,
       255, 127, 247, 247, 239, 223, 124, 199, 190, 255, 120, 248, 125,
       120, 221, 251, 111, 245, 117, 247, 111, 187, 174, 153, 79, 240,
       29, 156, 93, 55, 243, 119, 255, 251, 255, 172, 254, 253, 254, 239,
       239, 255, 255, 247, 251, 253, 253, 254, 255, 255, 255, 255, 237,
       147, 253, 255, 255, 253, 223, 191, 253, 251, 127, 93, 182, 253,
       215, 127, 255, 255, 251, 251, 117, 255, 223, 253, 191, 255, 189,
       251, 183, 253, 239, 254, 241, 239, 223, 239, 255, 223, 239, 203,
       254, 127, 205, 255, 238, 247, 255, 223, 220, 251, 223, 222, 255,
       55, 122, 220, 143, 127, 250, 63, 188, 62, 255, 111, 255, 191, 214,
       56, 255, 143, 255, 231, 63, 239, 199, 243, 127, 127, 123, 254,
       123, 183, 254, 253, 255, 251, 127, 250, 243, 182, 255, 235, 125,
       191, 142, 245, 126, 223, 251, 126, 215, 188, 181, 247, 255, 209,
       247, 249, 127, 125, 248, 223, 246, 247, 221, 222, 127, 37, 222,
       221, 142, 59, 247, 45, 234, 174, 255, 78, 191, 173, 163, 60, 255,
       175, 239, 119, 123, 247, 247, 243, 127, 127, 59, 202, 115, 151,
       255, 253, 207, 251, 29, 250, 123, 118, 254, 169, 253, 191, 88,
       245, 191, 217, 235, 62, 219, 253, 101, 246, 238, 249, 255, 248,
       127, 252, 241, 217, 250, 252, 255, 255, 253, 255, 127, 255, 251,
       253, 255, 255, 255, 255, 254, 255, 254, 251, 253, 127, 127, 127,
       223, 247, 191, 255, 255, 255, 255, 255, 223, 254, 255, 251, 111,
       127, 255, 211, 127, 253, 252, 254, 223, 124, 63, 223, 191, 255,
       253, 141, 173, 222, 141, 250, 31, 159, 93, 216, 244, 121, 189,
       223, 222, 42, 187, 243, 223, 255, 223, 39, 223, 221, 143, 255,
       247, 189, 234, 191, 255, 63, 255, 253, 183, 122, 191, 182, 127,
       119, 119, 245, 247, 247, 127, 127, 251, 214, 227, 143, 254, 227,
       175, 250, 29, 250, 123, 124, 125, 233, 237, 191, 120, 245, 111,
       255, 170, 184, 203, 244, 61, 252, 215, 57, 247, 247, 255, 251,
       241, 221, 218, 252, 222, 126, 225, 255, 255, 243, 249, 189, 125,
       254, 95, 159, 124, 254, 236, 246, 253, 255, 38, 252, 255, 186,
       124, 127, 254, 63, 118, 253, 215, 127, 255, 255, 235, 95, 85, 247,
       247, 253, 190, 223, 253, 206, 30, 217, 175, 254, 145, 175, 93,
       151, 188, 223, 231, 143, 251, 119, 220, 244, 47, 214, 223, 63,
       189, 252, 253, 255, 255, 254, 255, 243, 255, 221, 253, 254, 255,
       255, 254, 254, 236, 251, 221, 127, 111, 253, 191, 175, 247, 255,
       255, 189, 191, 255, 223, 127, 255, 239, 111, 101, 254, 223, 115,
       253, 252, 251, 221, 241, 63, 221, 55, 255, 239, 175, 173, 223,
       141, 248, 31, 159, 73, 112, 246, 115, 253, 219, 95, 34, 255, 29,
       168, 255, 237, 186, 253, 241, 246, 217, 253, 220, 253, 223, 117,
