%YAML:1.0
descriptors: !!opencv-matrix
   rows: 32
   cols: 64
   dt: u
   data: [ 255, 252, 255, 255, 255, 127, 255, 255, 255, 253, 254, 255,
       191, 255, 251, 253, 255, 223, 127, 115, 253, 175, 231, 126, 207,
       255, 245, 235, 219, 91, 243, 255, 255, 44, 85, 254, 83, 120, 233,
       244, 122, 92, 56, 63, 213, 55, 247, 111, 153, 172, 24, 5, 240, 29,
       156, 73, 16, 242, 51, 189, 88, 87, 32, 250, 252, 248, 255, 255,
       126, 127, 249, 255, 221, 253, 254, 255, 127, 254, 251, 238, 251,
       220, 251, 107, 253, 139, 239, 190, 111, 239, 182, 187, 223, 95,
       127, 255, 253, 37, 117, 255, 87, 119, 249, 245, 219, 93, 251, 62,
       223, 55, 251, 109, 157, 172, 95, 133, 248, 31, 157, 73, 208, 242,
       59, 253, 223, 31, 34, 254, 252, 184, 255, 253, 58, 127, 249, 255,
       253, 252, 254, 189, 95, 190, 251, 238, 251, 220, 219, 107, 253,
       219, 238, 190, 253, 233, 188, 155, 253, 221, 127, 255, 253, 109,
       101, 254, 215, 243, 249, 252, 218, 221, 255, 62, 222, 167, 195,
       109, 191, 173, 223, 141, 250, 31, 159, 93, 212, 244, 43, 252, 223,
       14, 34, 255, 223, 251, 95, 255, 254, 127, 255, 208, 255, 191, 126,
       219, 207, 127, 254, 249, 227, 245, 63, 111, 109, 167, 167, 126,
       111, 223, 183, 59, 223, 15, 115, 59, 242, 36, 93, 251, 82, 115,
       233, 244, 242, 94, 58, 63, 213, 22, 245, 125, 153, 173, 28, 5,
       248, 29, 157, 73, 16, 242, 51, 189, 92, 87, 32, 184, 252, 184,
       255, 237, 58, 127, 241, 255, 221, 252, 254, 191, 125, 190, 251,
       238, 251, 220, 251, 107, 245, 145, 238, 182, 125, 237, 188, 131,
       253, 207, 127, 255, 253, 36, 117, 250, 87, 115, 233, 124, 250, 93,
       247, 54, 220, 183, 211, 109, 191, 172, 223, 141, 242, 31, 157, 73,
       84, 240, 43, 252, 91, 14, 34, 254, 187, 219, 125, 255, 255, 63,
       223, 216, 127, 95, 253, 218, 255, 121, 118, 253, 247, 247, 61,
       255, 100, 244, 161, 114, 239, 255, 243, 123, 255, 127, 255, 185,
       210, 100, 220, 251, 90, 121, 249, 245, 246, 222, 56, 63, 209, 22,
       244, 93, 153, 173, 28, 5, 232, 29, 159, 77, 24, 246, 51, 189, 92,
       87, 34, 185, 124, 58, 117, 167, 254, 189, 35, 249, 252, 124, 214,
       55, 253, 58, 249, 228, 242, 221, 79, 96, 249, 128, 141, 52, 94,
       168, 172, 139, 222, 220, 121, 255, 112, 37, 86, 186, 87, 114, 129,
       244, 218, 87, 88, 30, 192, 135, 202, 77, 137, 45, 92, 5, 250, 31,
       143, 73, 16, 242, 51, 188, 88, 6, 34, 249, 223, 221, 222, 62, 127,
       99, 61, 246, 48, 63, 125, 153, 30, 235, 134, 250, 239, 222, 37,
       103, 105, 131, 165, 51, 78, 139, 164, 91, 211, 4, 250, 105, 240,
       36, 84, 186, 83, 112, 129, 244, 210, 94, 24, 14, 208, 22, 195, 76,
       153, 172, 26, 5, 240, 29, 157, 73, 16, 242, 51, 188, 88, 86, 34,
       249, 60, 186, 255, 249, 62, 253, 241, 255, 253, 254, 222, 181,
       125, 252, 251, 238, 251, 220, 251, 107, 245, 117, 206, 255, 253,
       235, 180, 179, 125, 223, 127, 255, 255, 102, 87, 254, 214, 123,
       249, 124, 248, 93, 251, 62, 213, 167, 243, 111, 191, 173, 159, 13,
       242, 29, 157, 93, 52, 242, 123, 253, 219, 159, 40, 254, 125, 253,
       255, 252, 59, 191, 253, 123, 253, 254, 255, 251, 255, 252, 252,
       222, 255, 187, 251, 123, 247, 127, 211, 255, 251, 127, 247, 254,
       108, 247, 247, 239, 223, 218, 231, 60, 215, 252, 250, 127, 120,
       253, 255, 103, 255, 119, 247, 111, 191, 238, 169, 223, 246, 29,
       217, 93, 127, 255, 255, 255, 251, 251, 237, 222, 92, 171, 237,
       253, 251, 251, 243, 120, 157, 184, 222, 119, 241, 126, 233, 224,
       226, 157, 219, 94, 245, 47, 202, 243, 77, 110, 170, 167, 92, 199,
       63, 239, 223, 35, 85, 187, 87, 122, 237, 116, 248, 93, 122, 47,
       213, 167, 247, 111, 189, 172, 24, 5, 241, 29, 157, 73, 86, 254,
       55, 189, 88, 87, 32, 250, 252, 249, 255, 125, 126, 255, 251, 254,
       253, 191, 215, 191, 255, 254, 255, 235, 250, 221, 251, 111, 255,
       255, 199, 255, 239, 234, 246, 191, 95, 79, 127, 254, 255, 47, 245,
       255, 214, 127, 253, 117, 250, 255, 251, 62, 255, 191, 251, 127,
       191, 173, 30, 199, 248, 189, 157, 77, 84, 254, 123, 255, 255, 95,
       163, 255, 127, 244, 253, 255, 254, 191, 223, 124, 251, 253, 253,
       249, 253, 127, 180, 90, 251, 247, 122, 115, 253, 109, 203, 255,
       253, 255, 239, 255, 107, 189, 253, 239, 215, 237, 85, 191, 218,
       249, 249, 127, 122, 94, 105, 47, 213, 25, 253, 111, 153, 238, 24,
       7, 244, 29, 156, 77, 24, 246, 179, 189, 248, 87, 34, 255, 61, 190,
       253, 245, 190, 253, 249, 113, 253, 255, 210, 117, 255, 125, 184,
       117, 246, 255, 195, 243, 245, 111, 219, 255, 253, 122, 230, 254,
       124, 247, 253, 239, 95, 250, 95, 52, 255, 250, 248, 127, 221, 92,
       219, 238, 229, 97, 247, 107, 185, 254, 24, 75, 244, 29, 156, 77,
       63, 243, 247, 191, 250, 191, 169, 254, 237, 191, 247, 245, 118,
       119, 255, 255, 253, 253, 196, 255, 95, 253, 178, 207, 187, 253,
       251, 111, 119, 239, 118, 247, 223, 127, 182, 183, 125, 84, 126,
       235, 207, 59, 119, 255, 223, 124, 253, 125, 92, 125, 187, 255,
       255, 109, 247, 239, 189, 174, 188, 223, 243, 127, 158, 76, 119,
       254, 119, 223, 123, 119, 173, 250, 60, 189, 255, 252, 54, 253,
       253, 127, 253, 252, 223, 249, 127, 252, 60, 222, 189, 254, 227,
       251, 247, 127, 243, 255, 249, 127, 247, 246, 109, 247, 245, 239,
       207, 122, 231, 36, 255, 248, 248, 125, 121, 189, 255, 111, 255,
       53, 247, 111, 187, 250, 171, 207, 242, 29, 216, 93, 63, 211, 255,
       255, 251, 251, 237, 222, 126, 50, 245, 181, 255, 183, 159, 121,
       238, 127, 211, 127, 253, 111, 179, 84, 250, 213, 27, 102, 201, 39,
       194, 125, 206, 218, 252, 47, 210, 13, 113, 111, 215, 37, 85, 191,
       82, 120, 237, 118, 80, 92, 24, 14, 213, 28, 253, 95, 153, 172, 24,
       5, 240, 29, 156, 73, 16, 242, 51, 189, 88, 87, 32, 250, 127, 180,
       253, 158, 126, 183, 27, 125, 246, 230, 213, 188, 253, 46, 181, 87,
       242, 245, 67, 103, 253, 35, 211, 119, 205, 234, 236, 47, 82, 28,
       117, 235, 215, 44, 85, 190, 90, 120, 233, 116, 120, 92, 56, 47,
       213, 52, 245, 111, 153, 172, 24, 5, 240, 29, 156, 73, 16, 242, 51,
       189, 88, 87, 34, 250, 109, 38, 229, 160, 95, 191, 35, 126, 244,
       126, 210, 53, 125, 63, 185, 68, 234, 221, 67, 100, 241, 71, 201,
       119, 94, 248, 172, 143, 122, 92, 49, 235, 223, 36, 85, 186, 83,
       122, 237, 124, 252, 92, 24, 15, 213, 53, 247, 111, 153, 172, 24,
       5, 240, 29, 156, 73, 16, 242, 51, 189, 88, 87, 32, 250, 223, 253,
       223, 255, 55, 251, 255, 250, 123, 253, 255, 255, 254, 255, 207,
       250, 239, 255, 189, 127, 239, 237, 231, 123, 237, 255, 243, 255,
       127, 111, 255, 127, 255, 103, 117, 251, 119, 127, 249, 253, 243,
       223, 251, 127, 255, 147, 255, 111, 141, 175, 127, 133, 248, 63,
       191, 77, 112, 246, 63, 255, 217, 215, 167, 254, 255, 63, 231, 179,
       253, 246, 35, 126, 252, 125, 210, 119, 239, 255, 130, 109, 235,
       213, 59, 103, 237, 135, 227, 119, 78, 251, 184, 175, 210, 14, 50,
       235, 215, 37, 85, 187, 82, 120, 237, 116, 120, 92, 56, 47, 221,
       25, 245, 239, 153, 172, 24, 5, 240, 61, 156, 73, 16, 246, 51, 189,
       88, 87, 32, 250, 111, 38, 229, 147, 223, 199, 7, 124, 228, 229,
       154, 55, 253, 255, 179, 103, 235, 213, 3, 98, 201, 167, 203, 117,
       76, 220, 188, 47, 82, 10, 51, 111, 215, 36, 85, 186, 82, 120, 109,
       118, 112, 84, 24, 46, 213, 20, 229, 111, 153, 172, 24, 5, 240, 29,
       156, 73, 16, 242, 51, 189, 88, 87, 32, 250, 37, 39, 117, 146, 25,
       135, 5, 127, 198, 68, 130, 52, 113, 78, 176, 69, 226, 212, 3, 96,
       209, 34, 209, 119, 92, 138, 164, 13, 18, 8, 49, 73, 199, 36, 85,
       186, 80, 120, 65, 84, 80, 80, 24, 143, 196, 20, 229, 79, 153, 172,
       24, 5, 240, 29, 156, 73, 16, 242, 51, 189, 88, 87, 32, 248, 53,
       51, 245, 208, 25, 143, 33, 126, 230, 116, 194, 49, 125, 123, 144,
       68, 226, 213, 3, 98, 199, 47, 192, 119, 78, 170, 164, 15, 82, 8,
