%YAML:1.0
descriptors: !!opencv-matrix
   rows: 16
   cols: 64
   dt: u
   data: [ 222, 251, 222, 255, 55, 251, 217, 158, 255, 187, 191, 252, 63,
       222, 255, 251, 255, 246, 126, 223, 175, 255, 231, 63, 231, 247,
       243, 127, 95, 235, 254, 243, 255, 254, 255, 255, 123, 127, 251,
       247, 250, 253, 243, 125, 191, 239, 245, 254, 255, 191, 190, 215,
       254, 189, 247, 255, 145, 247, 191, 255, 253, 249, 247, 251, 253,
       245, 253, 254, 251, 255, 119, 126, 247, 125, 252, 255, 255, 255,
       182, 126, 255, 255, 255, 109, 249, 255, 251, 247, 254, 255, 253,
       255, 255, 223, 255, 237, 223, 103, 55, 254, 247, 249, 125, 252,
       123, 221, 255, 183, 253, 177, 255, 239, 191, 165, 255, 188, 248,
       30, 158, 85, 126, 254, 127, 221, 219, 159, 45, 254, 255, 254, 255,
       253, 255, 255, 255, 255, 253, 255, 252, 251, 255, 255, 254, 255,
       251, 253, 255, 123, 253, 255, 254, 255, 255, 239, 255, 247, 255,
       127, 127, 255, 255, 251, 255, 255, 255, 253, 253, 255, 127, 255,
       251, 127, 255, 247, 255, 251, 255, 255, 255, 255, 253, 255, 255,
       125, 254, 254, 255, 255, 255, 223, 255, 255, 199, 221, 207, 255,
       253, 122, 223, 158, 191, 255, 189, 235, 175, 255, 79, 191, 173,
       239, 56, 255, 110, 239, 246, 123, 103, 255, 251, 127, 255, 59,
       106, 127, 223, 255, 255, 251, 251, 61, 254, 127, 115, 254, 187,
       255, 255, 219, 253, 255, 217, 191, 94, 211, 221, 255, 252, 239,
       249, 255, 253, 63, 252, 245, 151, 251, 61, 180, 253, 166, 62, 255,
       191, 125, 246, 252, 254, 247, 253, 127, 190, 116, 251, 213, 99,
       99, 245, 39, 195, 119, 205, 255, 245, 175, 90, 95, 243, 235, 215,
       36, 85, 190, 82, 120, 233, 116, 120, 92, 56, 47, 213, 21, 247,
       111, 153, 172, 24, 5, 240, 29, 156, 73, 16, 242, 51, 189, 88, 87,
       32, 250, 62, 178, 253, 190, 62, 183, 63, 125, 214, 254, 240, 243,
       253, 122, 182, 86, 250, 215, 99, 99, 245, 55, 195, 119, 204, 219,
       245, 111, 82, 92, 245, 235, 215, 44, 85, 190, 82, 120, 233, 116,
       120, 92, 56, 47, 213, 20, 245, 111, 153, 172, 24, 5, 240, 29, 156,
       73, 16, 242, 51, 189, 88, 87, 32, 250, 60, 178, 125, 183, 63, 183,
       191, 121, 246, 253, 244, 251, 253, 123, 177, 85, 250, 213, 99, 99,
       245, 39, 195, 127, 205, 255, 245, 191, 122, 95, 117, 239, 215, 36,
       85, 190, 82, 120, 233, 116, 120, 92, 58, 47, 213, 21, 245, 111,
       153, 172, 24, 5, 240, 29, 156, 73, 16, 242, 51, 189, 88, 87, 32,
       250, 63, 54, 117, 182, 63, 189, 191, 120, 246, 252, 214, 119, 253,
       127, 185, 85, 242, 247, 67, 99, 245, 39, 195, 119, 205, 254, 228,
       255, 90, 25, 241, 239, 215, 44, 85, 190, 83, 120, 233, 116, 120,
       92, 56, 47, 213, 21, 245, 111, 153, 172, 24, 5, 240, 29, 156, 73,
       16, 242, 51, 189, 88, 87, 32, 250, 60, 182, 117, 254, 62, 189,
       187, 121, 246, 252, 210, 245, 253, 122, 188, 84, 246, 223, 67,
       243, 245, 39, 211, 247, 221, 58, 228, 239, 82, 156, 241, 235, 223,
       44, 85, 190, 91, 120, 233, 116, 120, 92, 56, 47, 213, 53, 247,
       111, 153, 172, 24, 5, 240, 29, 156, 73, 16, 242, 51, 189, 88, 87,
       32, 250, 31, 151, 92, 124, 62, 189, 255, 112, 50, 127, 117, 217,
       140, 123, 132, 80, 226, 220, 1, 99, 229, 96, 194, 114, 77, 158,
       161, 127, 122, 14, 113, 107, 215, 36, 85, 186, 82, 120, 233, 116,
       112, 92, 56, 47, 212, 20, 245, 111, 153, 172, 24, 5, 240, 29, 156,
       73, 16, 242, 51, 189, 88, 87, 32, 250, 253, 185, 255, 246, 118,
       127, 127, 126, 252, 253, 255, 255, 255, 254, 190, 126, 251, 213,
       115, 103, 244, 167, 194, 119, 79, 255, 181, 47, 82, 74, 118, 235,
       215, 36, 85, 186, 82, 120, 233, 116, 112, 92, 56, 47, 213, 20,
       245, 111, 153, 172, 24, 5, 240, 29, 156, 73, 16, 242, 51, 189, 88,
       87, 32, 250, 252, 185, 255, 191, 118, 111, 255, 255, 252, 253,
       223, 191, 255, 254, 191, 222, 251, 213, 115, 103, 252, 175, 198,
       119, 79, 255, 180, 175, 83, 24, 118, 235, 215, 36, 85, 186, 82,
       120, 233, 116, 120, 92, 56, 47, 213, 20, 245, 111, 153, 172, 24,
       5, 240, 29, 156, 73, 16, 242, 51, 189, 88, 87, 32, 250, 120, 153,
       255, 190, 119, 119, 255, 254, 244, 254, 84, 215, 63, 254, 179, 79,
       251, 213, 99, 103, 244, 39, 195, 119, 79, 235, 180, 47, 82, 8,
       114, 235, 215, 36, 85, 186, 82, 120, 233, 116, 120, 92, 56, 47,
       213, 20, 245, 111, 153, 172, 24, 5, 240, 29, 156, 73, 16, 242, 51,
       189, 88, 87, 32, 250, 121, 175, 245, 190, 114, 127, 33, 127, 212,
       92, 84, 213, 127, 250, 190, 110, 235, 213, 99, 103, 244, 39, 195,
       247, 95, 235, 180, 175, 83, 24, 50, 233, 199, 36, 85, 186, 83,
       120, 233, 124, 120, 92, 56, 47, 213, 52, 245, 111, 153, 172, 24,
       5, 240, 29, 156, 73, 16, 242, 51, 189, 88, 87, 32, 250, 254, 255,
       255, 255, 63, 223, 223, 143, 255, 255, 191, 254, 191, 254, 255,
       254, 251, 183, 126, 187, 191, 255, 247, 127, 245, 247, 247, 63,
       127, 251, 255, 255, 215, 238, 111, 255, 250, 127, 251, 127, 242,
       253, 233, 125, 183, 222, 245, 127, 255, 175, 158, 79, 254, 29,
       255, 255, 48, 247, 255, 255, 255, 253, 185, 254, 60, 41, 255, 252,
       50, 127, 241, 127, 245, 220, 214, 181, 93, 252, 187, 238, 251,
       220, 227, 107, 244, 61, 196, 183, 93, 107, 180, 148, 120, 196,
       126, 235, 223, 36, 85, 186, 87, 122, 249, 124, 248, 93, 191, 46,
       213, 53, 247, 110, 153, 172, 153, 5, 242, 29, 156, 73, 20, 242,
       51, 189, 91, 87, 32, 250 ]
