%YAML:1.0
descriptors: !!opencv-matrix
   rows: 15
   cols: 64
   dt: u
   data: [ 93, 168, 255, 253, 186, 229, 241, 254, 217, 253, 220, 253,
       223, 245, 159, 234, 251, 221, 251, 107, 253, 125, 238, 251, 255,
       255, 148, 247, 109, 207, 127, 239, 223, 243, 53, 250, 126, 249,
       249, 126, 121, 189, 255, 39, 253, 181, 255, 235, 191, 236, 239,
       255, 240, 29, 28, 77, 126, 254, 191, 233, 219, 79, 101, 254, 254,
       253, 255, 255, 255, 255, 255, 249, 255, 253, 254, 255, 255, 254,
       254, 252, 255, 255, 127, 255, 253, 255, 191, 254, 255, 255, 255,
       255, 255, 223, 255, 255, 251, 111, 87, 255, 223, 123, 253, 252,
       251, 221, 126, 63, 221, 55, 255, 127, 141, 173, 158, 13, 250, 31,
       157, 77, 48, 246, 115, 189, 223, 95, 32, 250, 45, 254, 124, 235,
       255, 253, 247, 120, 253, 253, 236, 249, 253, 127, 252, 237, 211,
       253, 255, 187, 253, 119, 219, 253, 113, 127, 77, 182, 125, 215,
       253, 247, 159, 202, 219, 52, 247, 219, 253, 189, 255, 191, 126,
       39, 245, 247, 255, 115, 191, 223, 173, 45, 255, 165, 219, 125, 62,
       223, 255, 175, 243, 251, 239, 223, 250, 255, 255, 223, 102, 95,
       223, 167, 239, 255, 59, 156, 127, 254, 127, 254, 191, 243, 122,
       191, 63, 255, 247, 183, 223, 247, 255, 127, 43, 254, 222, 250,
       199, 29, 231, 239, 254, 126, 250, 105, 108, 125, 245, 253, 191,
       254, 181, 110, 255, 170, 191, 223, 243, 125, 244, 223, 239, 255,
       81, 119, 255, 249, 217, 250, 252, 253, 255, 253, 255, 127, 255,
       255, 253, 255, 254, 255, 255, 254, 255, 238, 251, 253, 127, 111,
       125, 223, 247, 191, 127, 255, 191, 191, 255, 223, 126, 191, 251,
       111, 119, 255, 215, 127, 253, 252, 250, 223, 124, 63, 223, 191,
       255, 253, 157, 173, 222, 141, 250, 31, 157, 93, 216, 244, 123,
       189, 95, 95, 42, 251, 234, 223, 238, 255, 239, 255, 223, 151, 111,
       247, 45, 142, 191, 255, 127, 255, 157, 251, 120, 255, 63, 255,
       127, 191, 243, 119, 255, 254, 255, 247, 254, 183, 223, 255, 251,
       79, 219, 221, 254, 107, 62, 127, 236, 253, 191, 255, 255, 179,
       221, 219, 254, 255, 151, 239, 242, 254, 251, 237, 249, 55, 247,
       249, 223, 243, 189, 236, 117, 172, 218, 237, 55, 121, 253, 125,
       252, 251, 255, 127, 252, 236, 251, 125, 231, 97, 245, 108, 186,
       253, 127, 255, 29, 183, 255, 223, 127, 239, 207, 229, 127, 186,
       183, 249, 249, 190, 127, 223, 127, 167, 253, 55, 254, 107, 169,
       180, 217, 44, 234, 31, 159, 13, 60, 246, 247, 169, 218, 95, 46,
       254, 254, 251, 253, 254, 247, 251, 123, 123, 95, 83, 255, 254,
       255, 254, 254, 254, 255, 159, 125, 223, 127, 253, 227, 243, 255,
       255, 243, 255, 247, 255, 254, 169, 222, 54, 215, 250, 207, 123,
       251, 253, 242, 253, 241, 127, 245, 143, 247, 111, 159, 175, 159,
       207, 250, 29, 223, 89, 113, 243, 127, 255, 89, 255, 237, 218, 60,
       252, 255, 221, 63, 253, 245, 127, 253, 253, 252, 253, 255, 126,
       189, 236, 251, 252, 227, 59, 245, 127, 223, 255, 249, 127, 213,
       182, 125, 223, 127, 239, 207, 106, 215, 180, 255, 249, 249, 125,
       121, 253, 247, 167, 245, 53, 247, 107, 187, 254, 139, 79, 244, 29,
       156, 85, 54, 242, 255, 255, 251, 223, 173, 222, 252, 105, 255,
       245, 242, 103, 251, 255, 253, 253, 247, 255, 223, 250, 251, 238,
       251, 221, 127, 111, 63, 157, 238, 191, 95, 255, 191, 191, 251,
       207, 62, 191, 243, 39, 117, 251, 82, 127, 253, 246, 248, 125, 253,
       126, 219, 62, 89, 182, 205, 173, 94, 245, 219, 255, 149, 79, 208,
       252, 97, 255, 93, 95, 49, 255, 255, 252, 255, 231, 255, 247, 219,
       249, 255, 127, 245, 251, 255, 251, 246, 221, 251, 245, 127, 103,
       126, 223, 190, 124, 254, 255, 255, 63, 255, 91, 126, 191, 211,
       109, 28, 223, 210, 117, 253, 247, 91, 207, 125, 31, 217, 28, 252,
       181, 205, 189, 86, 173, 249, 191, 158, 111, 216, 252, 113, 31,
       223, 95, 58, 191, 249, 254, 255, 253, 255, 255, 255, 248, 253,
       255, 254, 251, 255, 253, 255, 253, 251, 245, 127, 111, 252, 207,
       190, 125, 111, 255, 191, 63, 255, 95, 123, 255, 247, 101, 93, 251,
       86, 119, 253, 246, 255, 94, 122, 62, 221, 142, 221, 181, 141, 173,
       30, 133, 249, 191, 159, 77, 80, 252, 51, 157, 222, 87, 50, 191,
       247, 233, 243, 221, 218, 198, 95, 202, 206, 231, 169, 250, 243,
       202, 182, 122, 235, 213, 63, 103, 15, 173, 175, 63, 78, 223, 187,
       47, 211, 15, 50, 63, 243, 39, 84, 251, 66, 125, 231, 246, 114, 90,
       56, 111, 221, 28, 253, 183, 157, 172, 16, 5, 113, 63, 148, 75, 80,
       252, 49, 189, 92, 84, 50, 251, 254, 248, 255, 255, 254, 255, 219,
       252, 255, 255, 247, 254, 255, 250, 251, 254, 255, 215, 123, 111,
       239, 181, 199, 125, 205, 255, 255, 127, 83, 223, 247, 191, 247,
       37, 85, 255, 90, 123, 233, 118, 240, 92, 121, 46, 213, 30, 249,
       63, 157, 172, 24, 5, 240, 29, 157, 73, 80, 246, 51, 189, 88, 87,
       32, 255, 126, 60, 255, 191, 254, 255, 187, 253, 255, 255, 223,
       191, 253, 190, 251, 254, 255, 215, 123, 103, 253, 55, 215, 245,
       221, 234, 252, 255, 82, 223, 247, 235, 199, 45, 87, 191, 218, 123,
       233, 124, 248, 93, 61, 46, 213, 63, 245, 111, 157, 172, 24, 5,
       240, 29, 157, 73, 16, 242, 51, 189, 90, 87, 40, 250 ]
