%YAML:1.0
descriptors: !!opencv-matrix
   rows: 34
   cols: 64
   dt: u
   data: [ 190, 253, 125, 255, 183, 189, 253, 249, 255, 255, 253, 248,
       253, 126, 253, 255, 247, 214, 71, 99, 127, 178, 181, 54, 237, 175,
       227, 123, 211, 95, 253, 187, 242, 36, 84, 254, 82, 115, 225, 245,
       210, 95, 56, 46, 212, 22, 209, 78, 153, 173, 26, 5, 248, 29, 157,
       73, 16, 242, 51, 189, 88, 86, 34, 249, 188, 62, 255, 181, 54, 117,
       185, 253, 253, 253, 214, 191, 255, 190, 251, 207, 251, 212, 99,
       107, 125, 132, 231, 180, 77, 189, 180, 171, 210, 94, 119, 251,
       213, 36, 85, 186, 82, 122, 233, 116, 248, 93, 56, 62, 213, 21,
       209, 109, 153, 172, 24, 5, 240, 29, 157, 73, 16, 242, 51, 189, 88,
       87, 32, 250, 47, 241, 108, 255, 63, 241, 223, 152, 255, 191, 173,
       235, 253, 126, 61, 119, 245, 246, 99, 243, 229, 34, 87, 118, 197,
       255, 241, 123, 83, 95, 247, 243, 255, 44, 87, 190, 90, 120, 233,
       116, 122, 92, 56, 47, 212, 85, 247, 111, 153, 172, 24, 5, 240, 29,
       156, 73, 16, 242, 51, 189, 88, 87, 32, 250, 60, 62, 117, 169, 186,
       125, 161, 253, 253, 254, 234, 53, 93, 63, 251, 230, 243, 252, 195,
       104, 249, 210, 158, 188, 221, 168, 172, 145, 237, 222, 123, 251,
       233, 68, 71, 190, 212, 242, 129, 124, 254, 85, 90, 150, 84, 163,
       66, 100, 187, 45, 220, 9, 242, 29, 141, 93, 172, 240, 11, 188,
       222, 198, 42, 244, 31, 186, 77, 247, 63, 249, 155, 184, 123, 189,
       254, 255, 236, 127, 105, 241, 229, 223, 1, 243, 229, 32, 195, 122,
       205, 238, 225, 251, 90, 15, 243, 127, 247, 44, 85, 186, 91, 122,
       233, 116, 240, 92, 58, 47, 212, 23, 247, 111, 153, 172, 24, 5,
       240, 29, 157, 73, 16, 242, 51, 189, 88, 87, 32, 250, 59, 244, 125,
       254, 255, 189, 127, 121, 255, 127, 245, 251, 253, 122, 244, 93,
       246, 247, 119, 115, 245, 126, 147, 126, 253, 254, 231, 191, 126,
       123, 245, 239, 223, 108, 222, 190, 222, 121, 249, 253, 122, 223,
       255, 47, 209, 53, 245, 95, 189, 190, 24, 13, 232, 157, 159, 89,
       56, 242, 119, 191, 250, 223, 44, 255, 63, 242, 125, 255, 254, 183,
       255, 120, 252, 255, 213, 251, 253, 123, 180, 93, 242, 221, 107,
       99, 229, 119, 195, 127, 236, 250, 181, 191, 126, 69, 117, 235,
       215, 36, 85, 190, 83, 120, 233, 117, 120, 94, 120, 47, 213, 21,
       247, 111, 153, 172, 24, 5, 240, 29, 156, 73, 16, 242, 51, 189, 88,
       87, 32, 251, 253, 58, 247, 245, 254, 247, 235, 254, 252, 255, 218,
       127, 239, 255, 251, 255, 251, 253, 251, 107, 253, 223, 255, 189,
       143, 235, 254, 191, 254, 93, 119, 255, 127, 111, 255, 255, 214,
       247, 253, 119, 221, 68, 219, 190, 207, 163, 203, 245, 190, 61,
       222, 145, 242, 191, 157, 93, 228, 252, 231, 223, 223, 143, 44,
       182, 127, 190, 253, 181, 126, 191, 191, 117, 252, 255, 210, 251,
       221, 123, 186, 87, 250, 221, 99, 99, 253, 39, 211, 127, 221, 250,
       188, 191, 90, 20, 115, 235, 215, 36, 85, 190, 83, 120, 233, 116,
       120, 92, 56, 175, 213, 21, 247, 111, 153, 172, 24, 5, 240, 29,
       156, 73, 16, 242, 51, 189, 88, 87, 32, 250, 127, 178, 253, 189,
       255, 183, 59, 124, 254, 127, 213, 126, 255, 251, 182, 92, 242,
       213, 91, 100, 249, 39, 194, 117, 206, 234, 252, 63, 210, 28, 125,
       171, 215, 36, 84, 191, 82, 120, 225, 116, 208, 94, 24, 14, 209,
       20, 225, 79, 153, 172, 24, 5, 240, 29, 156, 73, 16, 242, 51, 189,
       88, 87, 34, 249, 173, 238, 255, 229, 248, 253, 247, 241, 253, 253,
       206, 219, 223, 125, 252, 205, 235, 253, 255, 107, 253, 103, 251,
       253, 127, 127, 29, 182, 124, 215, 115, 255, 223, 225, 95, 56, 247,
       249, 253, 62, 125, 93, 122, 183, 245, 113, 255, 115, 185, 253,
       153, 45, 253, 157, 158, 77, 62, 254, 247, 173, 218, 223, 44, 254,
       126, 177, 253, 190, 119, 247, 27, 127, 246, 228, 213, 180, 125,
       62, 181, 118, 251, 213, 83, 103, 241, 35, 194, 55, 77, 235, 172,
       15, 83, 152, 117, 235, 215, 36, 85, 190, 82, 120, 233, 116, 114,
       92, 56, 47, 213, 20, 229, 111, 153, 172, 24, 5, 240, 29, 156, 73,
       16, 242, 51, 189, 88, 86, 34, 251, 255, 253, 255, 255, 119, 127,
       223, 255, 255, 255, 253, 253, 127, 255, 254, 254, 255, 246, 126,
       255, 63, 251, 247, 191, 255, 239, 247, 255, 255, 255, 254, 255,
       255, 125, 127, 255, 222, 119, 251, 255, 255, 223, 255, 127, 255,
       191, 253, 126, 223, 191, 223, 207, 250, 191, 183, 95, 248, 247,
       121, 255, 255, 255, 187, 255, 127, 52, 125, 190, 255, 167, 31, 88,
       230, 103, 213, 184, 253, 107, 180, 87, 242, 213, 27, 101, 233, 35,
       194, 117, 76, 202, 172, 63, 82, 24, 113, 233, 215, 37, 20, 191,
       66, 120, 161, 118, 112, 74, 56, 15, 209, 28, 245, 79, 153, 172,
       24, 5, 240, 28, 156, 73, 16, 246, 51, 189, 88, 87, 32, 251, 125,
       58, 247, 160, 254, 191, 35, 126, 244, 124, 214, 53, 125, 255, 185,
       196, 242, 213, 91, 100, 245, 7, 128, 119, 78, 232, 172, 141, 122,
       76, 120, 233, 247, 37, 85, 187, 82, 114, 133, 116, 220, 85, 24,
       14, 69, 135, 193, 79, 157, 44, 24, 5, 240, 29, 157, 73, 16, 246,
       51, 188, 88, 86, 32, 248, 127, 52, 247, 181, 223, 167, 47, 126,
       244, 109, 208, 63, 239, 207, 178, 93, 242, 213, 123, 100, 249,
       135, 202, 125, 14, 234, 252, 175, 210, 29, 112, 175, 87, 45, 20,
       191, 82, 125, 101, 116, 88, 64, 26, 15, 205, 29, 237, 215, 157,
       172, 24, 5, 240, 188, 156, 73, 88, 190, 51, 189, 88, 87, 48, 248,
       126, 59, 255, 243, 255, 247, 191, 254, 254, 255, 222, 63, 255,
       254, 187, 127, 251, 213, 123, 102, 237, 215, 194, 119, 78, 254,
       188, 47, 218, 90, 118, 171, 215, 37, 85, 187, 82, 124, 237, 116,
       112, 93, 24, 46, 213, 12, 229, 111, 157, 172, 24, 5, 242, 61, 156,
       73, 16, 246, 51, 189, 88, 87, 32, 250, 255, 63, 255, 245, 255,
       247, 255, 254, 252, 255, 214, 63, 255, 255, 179, 95, 251, 213,
       123, 111, 125, 207, 198, 119, 78, 254, 190, 63, 250, 95, 118, 187,
       247, 39, 85, 251, 82, 125, 253, 116, 84, 92, 56, 62, 221, 12, 201,
       255, 157, 172, 24, 5, 240, 63, 156, 73, 80, 254, 51, 157, 92, 87,
       48, 250, 253, 59, 247, 183, 254, 183, 59, 254, 230, 117, 211, 54,
       255, 251, 178, 85, 242, 213, 59, 102, 233, 135, 195, 119, 78, 202,
       188, 47, 210, 12, 114, 171, 215, 37, 84, 187, 82, 120, 229, 244,
       80, 92, 24, 15, 209, 28, 225, 79, 153, 172, 24, 5, 240, 29, 156,
       73, 16, 242, 51, 189, 88, 86, 32, 248, 254, 62, 247, 245, 254,
       167, 111, 255, 252, 127, 210, 59, 239, 207, 179, 95, 242, 245,
       123, 102, 255, 143, 218, 125, 158, 234, 254, 191, 218, 221, 118,
       175, 71, 47, 215, 255, 214, 125, 245, 127, 124, 76, 247, 191, 205,
       57, 237, 183, 156, 172, 24, 137, 243, 190, 156, 83, 72, 188, 113,
       187, 222, 215, 56, 246, 62, 37, 125, 170, 34, 29, 49, 103, 247,
       84, 94, 52, 93, 62, 189, 118, 246, 154, 67, 224, 241, 114, 209,
       246, 220, 168, 228, 217, 106, 220, 253, 233, 196, 44, 71, 190,
       223, 122, 129, 124, 190, 221, 21, 14, 84, 182, 230, 78, 155, 172,
       153, 13, 242, 29, 159, 89, 56, 242, 59, 188, 90, 214, 42, 248,
       253, 63, 247, 245, 254, 183, 111, 255, 252, 127, 218, 63, 239,
       239, 179, 95, 251, 245, 123, 102, 255, 207, 219, 125, 158, 234,
       254, 191, 218, 221, 118, 175, 71, 47, 215, 255, 214, 125, 245,
       127, 124, 76, 219, 191, 205, 41, 237, 183, 156, 172, 24, 129, 243,
       191, 156, 91, 72, 252, 115, 191, 222, 215, 56, 246, 255, 188, 255,
       167, 255, 167, 219, 249, 222, 111, 215, 127, 255, 202, 179, 92,
       250, 247, 123, 118, 253, 159, 155, 124, 190, 250, 254, 63, 214,
       219, 119, 239, 199, 237, 95, 223, 214, 125, 237, 127, 249, 93,
       197, 31, 217, 60, 249, 53, 157, 188, 24, 141, 242, 191, 156, 99,
       80, 252, 241, 185, 222, 31, 56, 254, 254, 188, 255, 167, 255, 167,
       219, 249, 222, 111, 215, 127, 255, 202, 178, 92, 250, 215, 123,
       118, 253, 159, 155, 124, 190, 250, 254, 63, 210, 217, 119, 239,
       71, 173, 31, 223, 210, 125, 237, 127, 121, 93, 69, 31, 217, 28,
