%YAML:1.0
descriptors: !!opencv-matrix
   rows: 24
   cols: 64
   dt: u
   data: [ 158, 252, 222, 126, 63, 121, 220, 119, 51, 186, 124, 249, 30,
       114, 236, 251, 231, 214, 37, 227, 197, 32, 229, 51, 205, 143, 225,
       75, 91, 79, 179, 122, 247, 36, 84, 186, 82, 120, 233, 244, 242,
       94, 56, 47, 212, 22, 245, 111, 153, 172, 24, 5, 240, 29, 157, 73,
       16, 242, 51, 189, 88, 86, 34, 251, 61, 178, 125, 170, 63, 183,
       191, 124, 244, 254, 208, 53, 125, 63, 177, 85, 250, 244, 67, 98,
       241, 35, 195, 119, 76, 168, 164, 143, 82, 28, 113, 235, 215, 36,
       87, 186, 82, 120, 233, 116, 120, 92, 56, 47, 212, 21, 245, 111,
       153, 172, 24, 5, 240, 29, 156, 73, 16, 242, 51, 189, 88, 87, 32,
       250, 60, 180, 125, 162, 63, 183, 179, 125, 244, 124, 212, 113,
       125, 122, 177, 85, 242, 212, 67, 96, 241, 34, 193, 119, 76, 168,
       228, 143, 82, 28, 113, 235, 215, 36, 85, 190, 82, 120, 233, 116,
       120, 92, 56, 15, 212, 21, 245, 111, 153, 172, 24, 5, 240, 29, 156,
       73, 16, 242, 51, 189, 88, 87, 32, 250, 61, 178, 125, 164, 62, 181,
       189, 120, 244, 254, 214, 117, 253, 127, 185, 85, 242, 220, 67, 98,
       245, 98, 195, 119, 204, 170, 228, 159, 90, 93, 117, 235, 215, 36,
       85, 190, 82, 120, 233, 116, 120, 92, 58, 47, 212, 53, 247, 111,
       153, 172, 24, 5, 240, 29, 156, 73, 16, 242, 51, 189, 88, 87, 32,
       250, 63, 180, 125, 150, 63, 181, 155, 124, 246, 254, 213, 244,
       253, 123, 180, 84, 250, 212, 67, 99, 209, 98, 195, 119, 204, 186,
       228, 31, 90, 28, 113, 107, 215, 36, 85, 190, 82, 120, 233, 116,
       112, 92, 56, 47, 212, 20, 245, 111, 153, 172, 24, 5, 240, 29, 156,
       73, 16, 242, 51, 189, 88, 87, 32, 250, 54, 182, 125, 151, 63, 213,
       155, 121, 254, 245, 151, 119, 253, 126, 177, 84, 250, 215, 2, 99,
       197, 38, 195, 118, 205, 222, 245, 47, 82, 26, 119, 107, 215, 44,
       85, 190, 82, 120, 233, 116, 112, 92, 56, 47, 213, 20, 245, 111,
       153, 172, 24, 5, 240, 29, 156, 73, 16, 242, 51, 189, 88, 87, 32,
       250, 59, 212, 92, 230, 191, 189, 223, 8, 246, 119, 53, 234, 189,
       123, 36, 85, 246, 247, 4, 243, 228, 114, 145, 118, 228, 158, 225,
       123, 126, 123, 245, 107, 151, 236, 86, 190, 243, 120, 248, 247,
       114, 223, 124, 45, 208, 20, 245, 79, 153, 174, 24, 5, 240, 29,
       158, 73, 24, 242, 51, 189, 88, 95, 32, 251, 231, 38, 65, 163, 221,
       128, 7, 76, 238, 121, 42, 127, 161, 15, 130, 117, 226, 213, 1, 32,
       201, 129, 170, 60, 78, 200, 40, 47, 146, 9, 33, 79, 117, 165, 84,
       187, 112, 240, 37, 246, 69, 68, 8, 11, 65, 16, 236, 209, 152, 36,
       88, 4, 224, 30, 140, 105, 144, 240, 35, 188, 92, 70, 32, 248, 250,
       253, 255, 254, 119, 111, 221, 255, 215, 220, 253, 241, 127, 250,
       246, 254, 251, 246, 127, 127, 119, 159, 245, 55, 191, 255, 247,
       25, 255, 250, 126, 249, 162, 111, 54, 255, 254, 118, 219, 253,
       219, 223, 247, 127, 219, 55, 245, 238, 237, 181, 223, 157, 250,
       62, 183, 85, 248, 182, 107, 251, 127, 140, 190, 251, 252, 250,
       127, 253, 182, 125, 249, 253, 253, 255, 254, 191, 255, 190, 251,
       238, 251, 220, 127, 107, 125, 146, 166, 60, 111, 255, 189, 187,
       223, 95, 126, 187, 240, 36, 85, 250, 86, 119, 233, 244, 250, 95,
       120, 62, 214, 151, 192, 124, 157, 173, 30, 5, 248, 31, 157, 73,
       144, 242, 59, 188, 93, 86, 34, 185, 127, 52, 253, 190, 255, 167,
       31, 73, 230, 103, 145, 184, 255, 234, 180, 95, 242, 245, 59, 101,
       201, 39, 211, 117, 76, 202, 236, 47, 82, 28, 113, 105, 215, 37,
       84, 191, 82, 120, 161, 116, 112, 90, 56, 47, 209, 28, 229, 79,
       153, 172, 24, 5, 240, 29, 156, 73, 16, 242, 51, 189, 88, 86, 32,
       251, 255, 58, 247, 181, 255, 167, 63, 126, 246, 125, 213, 55, 255,
       255, 178, 93, 242, 213, 123, 102, 233, 143, 194, 117, 14, 234,
       188, 63, 210, 25, 116, 175, 215, 37, 20, 187, 82, 125, 165, 116,
       80, 76, 24, 14, 201, 12, 201, 79, 157, 172, 24, 5, 240, 60, 156,
       73, 80, 246, 51, 157, 88, 23, 48, 248, 124, 59, 247, 241, 254,
       191, 163, 122, 252, 124, 214, 55, 255, 255, 251, 69, 242, 213,
       123, 102, 253, 7, 194, 119, 79, 232, 172, 13, 250, 76, 120, 171,
       215, 37, 85, 187, 82, 122, 205, 116, 244, 84, 24, 14, 69, 142,
       225, 207, 157, 172, 24, 5, 240, 61, 157, 73, 80, 246, 51, 189, 88,
       87, 32, 248, 255, 62, 255, 191, 255, 183, 31, 253, 238, 103, 217,
       186, 255, 239, 182, 94, 251, 213, 123, 103, 253, 135, 195, 117,
       78, 255, 189, 47, 210, 24, 115, 171, 215, 37, 85, 191, 82, 120,
       229, 116, 112, 94, 56, 47, 213, 28, 245, 111, 157, 172, 24, 5,
       240, 29, 156, 73, 80, 246, 51, 189, 88, 87, 32, 250, 253, 60, 255,
       187, 255, 255, 127, 250, 254, 127, 223, 190, 255, 255, 254, 222,
       251, 213, 123, 102, 253, 135, 195, 117, 79, 254, 189, 47, 210, 27,
       114, 171, 215, 37, 85, 251, 82, 123, 237, 116, 112, 92, 56, 47,
       213, 28, 245, 111, 157, 172, 24, 5, 240, 61, 156, 73, 80, 246, 51,
       189, 88, 87, 32, 250, 235, 223, 254, 251, 119, 255, 223, 159, 127,
       255, 173, 234, 191, 255, 127, 255, 157, 255, 120, 191, 63, 247,
       119, 127, 247, 247, 251, 255, 127, 247, 254, 179, 159, 218, 219,
       101, 251, 93, 254, 123, 126, 255, 239, 253, 183, 223, 247, 191,
       255, 219, 190, 255, 255, 229, 251, 254, 255, 223, 252, 127, 247,
       249, 223, 219, 61, 188, 253, 174, 62, 255, 247, 127, 253, 220,
       214, 255, 255, 127, 190, 77, 251, 253, 227, 99, 245, 119, 219,
       247, 253, 255, 21, 183, 126, 223, 119, 239, 223, 108, 95, 190,
       255, 248, 233, 60, 121, 221, 126, 167, 213, 117, 247, 111, 185,
       188, 137, 13, 240, 29, 156, 73, 62, 242, 55, 173, 218, 223, 44,
       254, 191, 253, 127, 253, 55, 117, 253, 251, 247, 223, 253, 251,
       127, 234, 244, 255, 251, 212, 103, 111, 117, 162, 181, 54, 111,
       191, 247, 57, 211, 94, 118, 185, 240, 36, 28, 254, 82, 117, 201,
       244, 90, 206, 56, 63, 210, 22, 244, 108, 137, 173, 30, 5, 248, 31,
       156, 73, 144, 242, 51, 189, 92, 86, 34, 187, 61, 126, 125, 252,
       54, 127, 53, 127, 253, 252, 254, 181, 93, 191, 253, 230, 243, 220,
       195, 106, 245, 114, 196, 183, 93, 173, 164, 145, 125, 223, 125,
       251, 248, 100, 117, 186, 214, 122, 145, 252, 254, 95, 123, 62, 84,
       167, 70, 110, 187, 173, 223, 13, 250, 29, 159, 93, 56, 246, 43,
       252, 91, 206, 42, 241, 188, 253, 255, 188, 55, 127, 253, 255, 245,
       222, 252, 241, 127, 250, 246, 254, 251, 212, 103, 99, 117, 166,
       229, 55, 93, 255, 181, 139, 83, 94, 114, 249, 242, 36, 84, 186,
       82, 120, 233, 244, 122, 94, 56, 47, 212, 23, 245, 110, 153, 172,
       24, 5, 240, 29, 157, 73, 16, 242, 51, 189, 88, 86, 32, 251, 255,
       240, 125, 167, 255, 165, 219, 248, 222, 109, 245, 123, 255, 74,
       246, 85, 242, 247, 94, 112, 249, 23, 179, 124, 174, 254, 253, 63,
       254, 251, 247, 191, 199, 237, 158, 223, 254, 113, 169, 255, 91,
       203, 199, 27, 201, 25, 252, 29, 143, 183, 147, 141, 234, 182, 156,
       113, 120, 182, 249, 154, 254, 159, 62, 189, 255, 254, 127, 165,
       255, 255, 155, 249, 254, 127, 251, 126, 255, 127, 254, 252, 243,
       213, 111, 100, 253, 135, 178, 116, 95, 253, 253, 47, 211, 30, 115,
       187, 241, 36, 85, 191, 82, 114, 233, 244, 242, 92, 24, 31, 213,
       22, 244, 77, 153, 172, 24, 5, 240, 29, 157, 73, 16, 242, 51, 188,
       88, 87, 32, 248, 62, 190, 253, 255, 63, 253, 253, 125, 255, 253,
       254, 253, 253, 126, 188, 125, 251, 215, 99, 123, 245, 55, 195,
       127, 205, 255, 245, 255, 126, 91, 247, 239, 215, 44, 85, 190, 223,
       120, 233, 117, 120, 93, 123, 47, 213, 53, 245, 111, 153, 172, 24,
       5, 240, 29, 156, 73, 16, 242, 51, 189, 90, 87, 32, 250, 63, 191,
       253, 246, 63, 253, 253, 124, 255, 254, 222, 245, 253, 127, 185,
       85, 255, 246, 99, 123, 245, 103, 211, 247, 205, 255, 244, 255,
       126, 93, 245, 235, 223, 44, 87, 190, 223, 120, 249, 125, 120, 92,
       59, 47, 213, 53, 247, 111, 185, 172, 24, 5, 240, 29, 156, 73, 20,
