%YAML:1.0
descriptors: !!opencv-matrix
   rows: 27
   cols: 64
   dt: u
   data: [ 61, 190, 255, 249, 62, 253, 241, 127, 253, 252, 214, 253, 127,
       127, 187, 236, 251, 252, 227, 107, 245, 127, 222, 255, 253, 107,
       52, 183, 109, 213, 127, 239, 223, 106, 71, 190, 223, 250, 249,
       124, 253, 93, 255, 38, 213, 181, 119, 111, 187, 172, 137, 13, 242,
       29, 156, 93, 62, 242, 127, 253, 251, 223, 44, 254, 175, 223, 236,
       254, 63, 63, 93, 27, 55, 126, 173, 235, 63, 250, 118, 127, 244,
       246, 37, 243, 245, 244, 113, 115, 71, 170, 227, 91, 251, 93, 253,
       227, 243, 36, 86, 186, 90, 120, 241, 245, 210, 95, 58, 15, 208,
       23, 209, 79, 153, 172, 24, 5, 240, 29, 157, 73, 16, 242, 51, 189,
       88, 86, 34, 249, 191, 221, 125, 254, 55, 63, 93, 122, 183, 127,
       253, 250, 63, 251, 246, 127, 247, 246, 119, 123, 116, 246, 176,
       54, 110, 175, 227, 91, 255, 121, 124, 233, 242, 108, 150, 254,
       210, 125, 241, 253, 86, 207, 59, 63, 210, 19, 245, 78, 153, 175,
       30, 5, 232, 29, 159, 77, 56, 246, 115, 159, 223, 214, 42, 185, 55,
       181, 125, 158, 63, 157, 155, 121, 246, 70, 149, 240, 253, 123,
       189, 85, 242, 213, 66, 98, 213, 39, 211, 119, 220, 186, 228, 47,
       82, 28, 113, 107, 215, 44, 85, 190, 82, 120, 233, 116, 112, 92,
       56, 47, 213, 20, 245, 111, 153, 172, 24, 5, 240, 29, 156, 73, 16,
       242, 51, 189, 88, 87, 32, 250, 54, 177, 121, 150, 190, 140, 155,
       72, 238, 103, 21, 126, 189, 106, 180, 84, 242, 215, 4, 99, 199,
       35, 195, 102, 204, 210, 229, 47, 82, 186, 81, 107, 215, 36, 85,
       190, 82, 120, 233, 126, 112, 92, 56, 47, 209, 20, 245, 111, 153,
       172, 24, 5, 240, 29, 156, 73, 16, 242, 51, 189, 88, 87, 32, 250,
       122, 61, 255, 254, 255, 191, 127, 127, 255, 127, 253, 59, 255,
       236, 190, 127, 242, 213, 59, 102, 237, 135, 195, 55, 78, 202, 174,
       47, 210, 93, 124, 235, 247, 37, 84, 187, 82, 127, 229, 244, 82,
       222, 24, 15, 213, 30, 229, 79, 157, 172, 24, 5, 240, 29, 157, 73,
       16, 246, 51, 189, 88, 86, 34, 249, 124, 59, 255, 255, 254, 191,
       119, 123, 255, 124, 222, 61, 255, 254, 249, 252, 242, 213, 123,
       102, 253, 119, 211, 119, 95, 234, 172, 63, 122, 221, 124, 235,
       247, 37, 87, 187, 82, 123, 237, 116, 240, 221, 92, 46, 213, 142,
       229, 79, 157, 172, 24, 5, 242, 61, 159, 73, 80, 246, 59, 189, 89,
       30, 34, 248, 246, 52, 81, 135, 223, 134, 11, 73, 198, 103, 49,
       114, 165, 74, 176, 85, 226, 215, 5, 96, 201, 163, 139, 108, 78,
       152, 185, 47, 146, 8, 49, 111, 209, 36, 84, 186, 66, 112, 33, 214,
       80, 72, 8, 11, 209, 28, 192, 13, 153, 172, 16, 5, 112, 24, 156,
       73, 16, 242, 49, 188, 88, 86, 32, 249, 239, 254, 239, 255, 255,
       191, 159, 216, 253, 247, 213, 250, 255, 255, 182, 93, 226, 245,
       59, 103, 237, 199, 203, 124, 79, 222, 185, 63, 211, 29, 51, 47,
       215, 37, 85, 251, 82, 121, 237, 118, 114, 94, 56, 63, 213, 28,
       253, 53, 157, 172, 24, 5, 241, 189, 156, 75, 80, 246, 49, 189, 88,
       87, 50, 251, 191, 253, 127, 254, 55, 125, 221, 250, 255, 223, 253,
       249, 127, 250, 252, 255, 251, 244, 119, 107, 117, 250, 181, 55,
       239, 255, 231, 59, 255, 95, 126, 185, 242, 100, 84, 254, 82, 119,
       249, 252, 210, 223, 60, 63, 216, 22, 245, 110, 137, 173, 94, 5,
       248, 31, 159, 77, 144, 242, 51, 189, 93, 94, 34, 185, 186, 253,
       254, 255, 63, 255, 221, 55, 255, 255, 253, 249, 255, 248, 124,
       222, 253, 187, 126, 251, 183, 127, 247, 255, 181, 127, 247, 254,
       127, 247, 255, 230, 207, 250, 175, 101, 255, 125, 250, 123, 122,
       255, 247, 125, 255, 119, 183, 127, 255, 251, 158, 207, 254, 61,
       251, 85, 255, 247, 255, 255, 243, 251, 203, 223, 191, 245, 253,
       254, 55, 127, 93, 95, 247, 102, 253, 248, 63, 250, 180, 127, 251,
       246, 119, 115, 247, 250, 241, 55, 252, 175, 227, 27, 115, 121,
       252, 233, 194, 44, 150, 254, 194, 112, 241, 253, 122, 219, 125,
       47, 208, 21, 245, 78, 153, 174, 26, 13, 248, 29, 150, 73, 56, 178,
       123, 191, 91, 222, 46, 249, 61, 254, 125, 236, 63, 253, 187, 120,
       253, 124, 254, 117, 125, 59, 253, 245, 242, 244, 79, 104, 245,
       114, 148, 127, 109, 172, 165, 159, 127, 95, 125, 255, 241, 100,
       87, 186, 86, 114, 185, 252, 223, 95, 90, 30, 208, 135, 208, 79,
       137, 173, 30, 5, 250, 29, 159, 77, 16, 242, 59, 156, 90, 78, 34,
       249, 252, 255, 255, 253, 114, 119, 251, 255, 253, 255, 254, 191,
       95, 255, 251, 238, 251, 221, 251, 111, 127, 253, 238, 191, 127,
       239, 190, 183, 125, 223, 126, 255, 243, 103, 117, 251, 215, 255,
       253, 252, 254, 125, 251, 62, 255, 175, 75, 247, 191, 173, 255,
       253, 219, 127, 159, 92, 196, 252, 107, 223, 223, 78, 59, 247, 251,
       254, 255, 255, 255, 255, 255, 249, 255, 255, 255, 255, 255, 252,
       255, 253, 251, 213, 127, 111, 252, 151, 247, 125, 111, 255, 249,
       47, 215, 95, 118, 191, 215, 37, 85, 251, 82, 127, 237, 116, 114,
       93, 120, 63, 221, 30, 253, 53, 157, 172, 24, 5, 240, 61, 157, 73,
       16, 246, 51, 189, 88, 87, 32, 250, 188, 250, 127, 239, 191, 253,
       249, 248, 253, 255, 254, 255, 255, 59, 255, 252, 251, 212, 127,
       107, 253, 210, 175, 60, 109, 191, 183, 59, 223, 95, 127, 255, 241,
       100, 92, 250, 86, 119, 233, 244, 210, 222, 122, 62, 210, 134, 216,
       125, 137, 173, 94, 5, 248, 31, 159, 77, 144, 242, 59, 156, 92, 22,
       34, 185, 250, 249, 255, 255, 247, 63, 95, 185, 223, 69, 253, 250,
       191, 250, 118, 92, 246, 215, 126, 247, 127, 255, 179, 118, 190,
       255, 255, 127, 243, 251, 246, 168, 202, 45, 6, 223, 202, 121, 247,
       253, 90, 219, 245, 95, 217, 63, 189, 28, 159, 166, 147, 143, 120,
       191, 159, 251, 120, 247, 113, 59, 125, 222, 190, 249, 61, 182,
       117, 229, 255, 245, 187, 125, 252, 253, 214, 125, 237, 127, 153,
       213, 250, 253, 203, 122, 245, 115, 223, 253, 189, 168, 100, 191,
       126, 221, 253, 239, 111, 236, 223, 190, 255, 251, 249, 127, 253,
       93, 211, 142, 197, 163, 219, 127, 190, 252, 157, 9, 242, 189, 157,
       85, 102, 246, 255, 223, 251, 143, 44, 246, 63, 254, 253, 239, 63,
       253, 249, 125, 255, 255, 254, 253, 253, 127, 252, 252, 255, 246,
       99, 123, 245, 114, 255, 255, 253, 239, 229, 251, 127, 95, 247,
       239, 223, 108, 85, 190, 223, 122, 249, 125, 250, 93, 123, 47, 212,
       55, 247, 111, 185, 172, 24, 5, 240, 29, 157, 77, 16, 242, 51, 189,
       218, 87, 34, 254, 191, 187, 255, 254, 54, 125, 253, 254, 247, 254,
       255, 245, 127, 127, 255, 255, 255, 246, 99, 123, 245, 126, 245,
       247, 205, 239, 247, 251, 123, 223, 247, 235, 223, 44, 87, 190,
       223, 120, 249, 125, 122, 92, 59, 47, 212, 55, 247, 111, 185, 172,
       24, 5, 240, 29, 156, 77, 16, 242, 51, 191, 122, 87, 32, 250, 191,
       244, 125, 174, 191, 61, 157, 24, 247, 127, 253, 250, 189, 59, 244,
       125, 242, 246, 7, 241, 241, 114, 177, 124, 236, 189, 225, 59, 255,
       91, 253, 251, 213, 108, 150, 254, 90, 113, 169, 245, 82, 222, 122,
       15, 208, 23, 244, 77, 153, 173, 26, 5, 248, 29, 159, 73, 24, 242,
       51, 188, 88, 215, 34, 249, 252, 251, 255, 253, 118, 119, 255, 255,
       253, 253, 253, 251, 255, 250, 179, 222, 251, 221, 123, 111, 127,
       255, 230, 183, 143, 255, 183, 191, 127, 223, 118, 251, 215, 39,
       117, 255, 214, 125, 249, 117, 120, 93, 251, 63, 223, 173, 245,
       111, 157, 173, 30, 133, 240, 63, 158, 77, 80, 246, 115, 223, 95,
       87, 33, 250, 253, 255, 255, 255, 127, 255, 251, 250, 253, 253,
       254, 255, 255, 255, 251, 255, 243, 213, 123, 111, 253, 47, 199,
       119, 79, 255, 183, 191, 91, 78, 114, 251, 247, 37, 85, 186, 82,
       122, 249, 116, 250, 92, 56, 46, 213, 23, 245, 111, 153, 172, 24,
       5, 240, 29, 157, 73, 16, 242, 51, 189, 88, 87, 34, 250, 253, 189,
       255, 255, 119, 247, 251, 255, 252, 253, 215, 191, 255, 251, 251,
       223, 251, 213, 123, 103, 255, 175, 199, 119, 79, 235, 182, 191,
       91, 92, 118, 251, 247, 37, 85, 186, 83, 122, 249, 116, 248, 92,
