%YAML:1.0
descriptors: !!opencv-matrix
   rows: 18
   cols: 64
   dt: u
   data: [ 253, 244, 255, 253, 253, 247, 255, 254, 247, 255, 253, 251,
       239, 251, 151, 127, 255, 239, 255, 251, 249, 119, 255, 255, 238,
       127, 255, 255, 125, 127, 239, 255, 223, 216, 159, 239, 255, 189,
       249, 127, 126, 206, 251, 191, 247, 241, 247, 127, 187, 255, 191,
       251, 252, 253, 222, 93, 126, 255, 255, 223, 250, 243, 239, 255,
       251, 252, 127, 255, 255, 253, 223, 248, 255, 255, 253, 251, 255,
       251, 254, 255, 243, 213, 63, 111, 108, 143, 175, 60, 111, 223,
       191, 63, 223, 91, 127, 191, 240, 37, 84, 255, 82, 119, 237, 246,
       242, 222, 120, 63, 221, 158, 252, 181, 141, 173, 86, 5, 248, 31,
       135, 73, 144, 244, 57, 188, 92, 86, 34, 185, 124, 170, 255, 217,
       250, 255, 243, 247, 253, 253, 222, 189, 223, 252, 251, 238, 155,
       249, 251, 107, 253, 93, 126, 191, 255, 127, 28, 182, 109, 215,
       127, 223, 239, 91, 103, 108, 220, 251, 253, 60, 252, 61, 247, 182,
       125, 167, 127, 227, 191, 236, 239, 251, 211, 125, 152, 92, 102,
       206, 207, 237, 251, 223, 109, 254, 191, 254, 109, 239, 255, 189,
       223, 153, 255, 255, 253, 251, 175, 127, 116, 253, 245, 247, 127,
       251, 245, 126, 179, 124, 245, 255, 243, 251, 255, 123, 255, 255,
       223, 236, 158, 255, 255, 125, 249, 247, 127, 223, 123, 191, 215,
       211, 254, 127, 173, 191, 30, 13, 232, 191, 159, 93, 56, 246, 255,
       159, 255, 223, 174, 191, 254, 223, 254, 255, 255, 255, 255, 255,
       191, 255, 255, 255, 191, 254, 255, 255, 255, 255, 255, 255, 255,
       255, 255, 127, 127, 255, 255, 127, 255, 255, 255, 255, 207, 255,
       255, 255, 247, 255, 255, 127, 127, 255, 255, 255, 255, 255, 255,
       255, 255, 255, 255, 189, 255, 255, 255, 255, 243, 255, 255, 255,
       255, 255, 191, 254, 59, 221, 254, 254, 55, 255, 221, 59, 191, 254,
       221, 248, 191, 254, 125, 223, 255, 247, 122, 251, 183, 127, 211,
       119, 125, 247, 243, 127, 127, 251, 255, 235, 223, 126, 247, 190,
       210, 120, 250, 125, 124, 255, 255, 109, 183, 149, 245, 111, 159,
       174, 152, 13, 242, 29, 254, 93, 57, 247, 123, 255, 251, 255, 173,
       250, 255, 222, 238, 237, 255, 255, 223, 144, 63, 253, 62, 203,
       143, 249, 126, 253, 253, 255, 189, 191, 110, 205, 190, 120, 111,
       223, 123, 119, 255, 123, 255, 191, 243, 227, 255, 81, 126, 247,
       255, 183, 247, 254, 234, 127, 159, 158, 124, 177, 237, 213, 86,
       245, 205, 231, 175, 239, 215, 220, 228, 47, 215, 125, 151, 189,
       251, 222, 255, 239, 255, 245, 251, 157, 191, 255, 208, 255, 191,
       123, 187, 93, 254, 255, 251, 59, 252, 127, 222, 125, 245, 251,
       127, 255, 95, 243, 255, 255, 231, 219, 223, 117, 247, 253, 252,
       127, 253, 76, 235, 252, 247, 193, 219, 51, 191, 223, 28, 107, 246,
       229, 252, 255, 215, 223, 246, 143, 247, 255, 185, 247, 255, 252,
       255, 231, 255, 183, 223, 216, 255, 127, 213, 250, 239, 251, 182,
       93, 242, 247, 63, 119, 249, 215, 187, 124, 238, 250, 250, 63, 255,
       121, 127, 175, 215, 237, 156, 223, 210, 125, 189, 247, 82, 206,
       75, 31, 217, 28, 221, 21, 157, 188, 24, 5, 248, 191, 158, 107, 88,
       254, 177, 157, 220, 95, 50, 253, 255, 252, 255, 239, 255, 183,
       219, 216, 255, 127, 245, 251, 239, 251, 182, 93, 242, 247, 127,
       119, 253, 199, 187, 124, 238, 250, 253, 63, 255, 121, 127, 239,
       215, 237, 158, 255, 210, 125, 253, 247, 215, 222, 91, 31, 217, 28,
       217, 21, 157, 189, 24, 5, 248, 191, 159, 107, 88, 246, 49, 157,
       220, 95, 54, 253, 255, 252, 255, 239, 255, 191, 219, 248, 255,
       127, 245, 251, 255, 251, 246, 221, 242, 247, 127, 127, 253, 215,
       171, 125, 239, 234, 255, 63, 255, 121, 127, 175, 215, 237, 28,
       255, 210, 119, 253, 247, 211, 223, 91, 31, 217, 158, 253, 21, 157,
       173, 30, 5, 248, 191, 159, 111, 88, 254, 57, 157, 220, 95, 50,
       253, 255, 254, 255, 255, 254, 191, 251, 249, 255, 127, 212, 123,
       255, 251, 246, 93, 250, 245, 127, 110, 125, 223, 187, 125, 238,
       255, 127, 191, 255, 91, 126, 191, 83, 111, 158, 255, 214, 117,
       245, 119, 221, 207, 90, 31, 217, 141, 216, 149, 205, 181, 94, 165,
       233, 190, 143, 111, 216, 252, 121, 159, 222, 31, 58, 181, 255,
       244, 255, 175, 255, 181, 223, 152, 255, 127, 213, 251, 191, 123,
       182, 93, 242, 247, 62, 115, 233, 119, 155, 124, 238, 254, 253, 63,
       254, 123, 255, 255, 215, 237, 158, 223, 218, 121, 253, 247, 87,
       223, 111, 31, 209, 28, 253, 21, 157, 190, 24, 5, 248, 181, 156,
       111, 88, 246, 179, 157, 252, 223, 50, 255, 189, 254, 255, 237,
       255, 255, 247, 253, 253, 253, 254, 255, 255, 124, 254, 236, 251,
       253, 255, 123, 245, 95, 191, 252, 255, 127, 93, 182, 253, 215,
       127, 255, 205, 233, 107, 117, 255, 243, 253, 63, 123, 157, 255,
       183, 253, 247, 254, 241, 175, 223, 207, 191, 223, 231, 155, 253,
       118, 220, 255, 237, 243, 223, 60, 222, 252, 185, 255, 253, 114,
       127, 249, 255, 221, 252, 222, 191, 95, 252, 251, 238, 251, 221,
       251, 111, 116, 189, 230, 183, 127, 239, 182, 183, 121, 215, 126,
       255, 255, 39, 117, 251, 215, 127, 253, 116, 250, 93, 247, 62, 223,
       183, 247, 238, 189, 172, 223, 149, 240, 31, 157, 77, 84, 254, 123,
       255, 91, 95, 35, 254, 252, 41, 247, 215, 122, 231, 127, 254, 204,
       229, 221, 191, 255, 238, 182, 78, 235, 213, 59, 103, 143, 173,
       238, 63, 79, 203, 190, 47, 83, 9, 50, 111, 215, 39, 117, 187, 82,
       124, 229, 118, 112, 92, 184, 47, 223, 28, 237, 175, 157, 172, 24,
       5, 240, 30, 156, 73, 80, 254, 51, 189, 88, 87, 32, 250, 7, 50, 69,
       34, 220, 184, 167, 80, 224, 62, 2, 85, 204, 119, 153, 17, 226,
       229, 3, 96, 193, 37, 75, 127, 76, 216, 36, 143, 90, 12, 33, 78,
       87, 36, 85, 186, 90, 58, 233, 116, 108, 84, 26, 175, 197, 64, 245,
       111, 152, 172, 24, 1, 240, 29, 156, 73, 16, 242, 51, 189, 88, 87,
       32, 250, 39, 182, 117, 166, 61, 188, 175, 88, 246, 126, 128, 97,
       173, 59, 180, 85, 242, 247, 3, 112, 241, 98, 83, 119, 68, 188,
       229, 63, 122, 24, 97, 227, 215, 44, 215, 190, 83, 56, 169, 125,
       124, 92, 58, 175, 213, 81, 245, 111, 152, 172, 24, 1, 240, 29,
       156, 73, 16, 242, 51, 189, 88, 215, 32, 250 ]
