%YAML:1.0
descriptors: !!opencv-matrix
   rows: 7
   cols: 64
   dt: u
   data: [ 61, 50, 229, 162, 31, 189, 37, 126, 244, 124, 214, 53, 109,
       63, 185, 69, 234, 212, 67, 96, 241, 34, 193, 119, 76, 168, 164,
       139, 90, 12, 113, 235, 215, 36, 85, 186, 82, 120, 169, 116, 120,
       92, 56, 47, 212, 21, 245, 111, 153, 172, 24, 5, 240, 29, 156, 73,
       16, 242, 51, 189, 88, 87, 32, 250, 61, 54, 229, 160, 31, 39, 37,
       126, 244, 124, 210, 53, 109, 63, 179, 71, 235, 212, 67, 96, 241,
       34, 192, 119, 76, 168, 164, 137, 82, 12, 49, 235, 213, 36, 85,
       186, 82, 120, 161, 116, 120, 92, 56, 47, 212, 21, 229, 111, 153,
       172, 24, 5, 240, 29, 156, 73, 16, 242, 51, 189, 88, 87, 32, 250,
       62, 53, 253, 182, 55, 181, 191, 125, 214, 206, 213, 52, 125, 110,
       179, 86, 250, 212, 67, 99, 245, 35, 195, 119, 204, 170, 228, 13,
       82, 28, 117, 235, 215, 36, 85, 190, 82, 120, 233, 116, 112, 92,
       56, 47, 212, 20, 245, 111, 153, 172, 24, 5, 240, 29, 156, 73, 16,
       242, 51, 189, 88, 87, 32, 250, 62, 49, 125, 182, 54, 183, 25, 126,
       214, 94, 213, 177, 125, 106, 180, 86, 242, 212, 67, 99, 241, 34,
       193, 119, 204, 170, 228, 13, 82, 156, 241, 233, 215, 44, 85, 190,
       82, 120, 233, 124, 120, 92, 56, 47, 212, 52, 245, 111, 153, 172,
       24, 5, 240, 29, 156, 73, 16, 242, 51, 189, 88, 87, 32, 250, 255,
       221, 254, 253, 247, 255, 251, 254, 191, 255, 253, 255, 255, 253,
       127, 255, 189, 255, 250, 255, 191, 255, 255, 191, 255, 127, 255,
       254, 125, 247, 254, 191, 223, 251, 243, 109, 255, 253, 254, 123,
       126, 191, 235, 255, 191, 251, 127, 179, 255, 219, 255, 255, 253,
       255, 250, 254, 255, 255, 255, 255, 255, 249, 223, 223, 60, 185,
       255, 252, 54, 127, 125, 127, 245, 244, 253, 245, 127, 254, 182,
       126, 251, 220, 99, 99, 245, 39, 193, 247, 221, 171, 228, 139, 83,
       156, 116, 235, 215, 44, 85, 190, 82, 120, 233, 124, 120, 92, 56,
       47, 212, 53, 247, 111, 153, 172, 24, 5, 240, 29, 156, 73, 16, 242,
       51, 189, 88, 87, 32, 250, 60, 185, 255, 252, 62, 119, 249, 126,
       245, 252, 222, 245, 125, 126, 187, 230, 251, 220, 195, 107, 245,
       50, 197, 247, 109, 170, 164, 155, 90, 213, 117, 235, 247, 36, 85,
       186, 87, 122, 233, 124, 248, 93, 59, 46, 212, 55, 243, 111, 153,
       172, 24, 5, 240, 29, 156, 73, 16, 242, 51, 189, 90, 87, 32, 250 ]
