%YAML:1.0
descriptors: !!opencv-matrix
   rows: 7
   cols: 64
   dt: u
   data: [ 255, 253, 255, 255, 255, 255, 223, 187, 255, 255, 253, 251,
       255, 255, 254, 254, 255, 183, 254, 191, 255, 255, 243, 255, 255,
       255, 243, 255, 255, 255, 255, 255, 207, 255, 255, 247, 255, 255,
       250, 255, 127, 255, 239, 255, 191, 191, 255, 127, 231, 247, 255,
       255, 238, 231, 255, 255, 255, 255, 254, 127, 255, 253, 255, 158,
       253, 234, 255, 255, 250, 127, 255, 254, 253, 255, 252, 251, 255,
       255, 255, 238, 251, 253, 255, 107, 253, 255, 255, 254, 255, 255,
       191, 179, 239, 223, 127, 255, 223, 239, 111, 255, 255, 253, 253,
       126, 127, 255, 255, 191, 255, 243, 255, 249, 191, 237, 255, 251,
       223, 31, 158, 93, 254, 252, 255, 253, 255, 223, 105, 254, 108,
       174, 239, 249, 122, 255, 243, 247, 253, 252, 222, 245, 95, 252,
       251, 236, 155, 253, 251, 106, 245, 127, 222, 247, 127, 111, 20,
       182, 109, 215, 127, 207, 207, 75, 71, 184, 213, 242, 253, 60, 252,
       61, 247, 166, 125, 167, 247, 235, 191, 236, 141, 219, 243, 93,
       152, 92, 102, 238, 127, 237, 251, 223, 109, 222, 124, 170, 255,
       249, 122, 255, 243, 247, 221, 252, 222, 189, 95, 254, 251, 238,
       219, 221, 251, 106, 253, 125, 254, 191, 255, 111, 156, 183, 109,
       223, 127, 255, 239, 67, 71, 251, 215, 243, 253, 124, 248, 61, 247,
       54, 125, 167, 243, 235, 191, 172, 175, 221, 243, 93, 157, 93, 102,
       254, 107, 253, 219, 159, 105, 254, 59, 223, 252, 255, 63, 253,
       253, 112, 127, 255, 125, 217, 191, 127, 252, 95, 255, 247, 101,
       235, 247, 124, 211, 123, 109, 255, 179, 63, 127, 127, 245, 235,
       215, 100, 213, 186, 215, 120, 249, 117, 112, 93, 251, 111, 245,
       20, 247, 111, 155, 172, 24, 5, 240, 29, 156, 77, 16, 243, 115,
       191, 91, 223, 44, 250, 189, 254, 125, 174, 54, 125, 181, 255, 253,
       220, 254, 253, 125, 63, 255, 236, 251, 252, 231, 105, 117, 82,
       245, 244, 253, 189, 181, 185, 127, 223, 127, 249, 204, 108, 103,
       254, 223, 123, 185, 125, 127, 223, 127, 191, 212, 247, 246, 108,
       187, 189, 207, 15, 250, 29, 159, 93, 60, 242, 123, 252, 251, 223,
       46, 250, 255, 253, 239, 255, 127, 127, 255, 255, 125, 255, 252,
       251, 127, 255, 246, 253, 243, 245, 125, 103, 245, 205, 247, 115,
       111, 239, 187, 63, 255, 95, 122, 251, 247, 39, 20, 251, 82, 125,
       253, 244, 82, 222, 58, 63, 217, 30, 245, 239, 157, 172, 26, 5,
       248, 61, 157, 73, 16, 246, 51, 189, 90, 87, 34, 249 ]
