%YAML:1.0
descriptors: !!opencv-matrix
   rows: 19
   cols: 64
   dt: u
   data: [ 60, 59, 255, 252, 54, 127, 249, 126, 245, 252, 215, 181, 125,
       126, 187, 230, 251, 212, 67, 107, 245, 50, 197, 247, 77, 171, 164,
       153, 82, 92, 117, 235, 215, 36, 85, 190, 82, 122, 233, 116, 248,
       93, 57, 46, 212, 183, 245, 111, 153, 172, 24, 5, 240, 29, 157, 73,
       16, 242, 51, 189, 88, 87, 32, 250, 63, 244, 124, 190, 63, 189,
       157, 121, 247, 126, 213, 249, 189, 123, 180, 85, 246, 246, 67,
       115, 245, 98, 211, 119, 221, 190, 225, 123, 122, 93, 245, 235,
       215, 44, 87, 190, 210, 120, 233, 117, 112, 94, 58, 175, 212, 21,
       245, 111, 153, 172, 24, 5, 240, 29, 156, 73, 16, 242, 51, 189, 90,
       87, 32, 251, 255, 221, 254, 253, 118, 255, 255, 247, 63, 255, 125,
       206, 223, 253, 127, 255, 157, 255, 252, 239, 191, 253, 255, 251,
       255, 119, 187, 254, 125, 119, 254, 247, 215, 211, 251, 105, 255,
       255, 254, 123, 118, 191, 239, 125, 191, 158, 127, 187, 223, 219,
       191, 255, 223, 255, 251, 254, 255, 223, 249, 127, 215, 249, 223,
       255, 61, 254, 255, 237, 191, 253, 255, 249, 253, 255, 252, 255,
       255, 127, 253, 237, 251, 253, 255, 107, 245, 127, 222, 255, 125,
       255, 55, 183, 125, 223, 119, 255, 207, 234, 255, 190, 247, 249,
       249, 63, 125, 125, 251, 191, 247, 241, 255, 123, 191, 253, 189,
       45, 246, 189, 156, 93, 62, 246, 247, 239, 251, 223, 45, 254, 252,
       253, 255, 253, 54, 127, 253, 255, 221, 254, 255, 191, 95, 246,
       255, 238, 187, 221, 251, 111, 63, 253, 246, 191, 255, 111, 182,
       247, 105, 215, 126, 239, 207, 59, 247, 255, 223, 127, 249, 125,
       122, 253, 247, 255, 255, 191, 119, 238, 255, 174, 255, 223, 243,
       127, 157, 92, 213, 255, 127, 251, 255, 255, 235, 254, 252, 249,
       255, 253, 114, 127, 251, 255, 221, 253, 255, 191, 255, 254, 255,
       238, 251, 221, 251, 111, 63, 255, 230, 191, 255, 239, 183, 191,
       127, 207, 126, 175, 255, 39, 117, 255, 215, 127, 255, 117, 250,
       253, 255, 127, 255, 191, 127, 254, 255, 172, 127, 247, 251, 255,
       158, 77, 212, 254, 121, 255, 127, 127, 177, 254, 253, 255, 247,
       253, 114, 111, 255, 255, 253, 221, 253, 251, 255, 255, 254, 238,
       187, 221, 255, 111, 63, 173, 230, 183, 255, 255, 183, 183, 127,
       223, 126, 173, 222, 103, 117, 255, 215, 255, 255, 253, 255, 255,
       255, 119, 255, 191, 127, 190, 237, 167, 255, 255, 219, 255, 191,
       204, 252, 252, 125, 239, 255, 111, 179, 255, 77, 55, 84, 42, 112,
       58, 38, 83, 96, 16, 3, 0, 76, 55, 173, 65, 226, 221, 1, 100, 193,
       33, 65, 114, 68, 216, 172, 141, 82, 4, 49, 96, 214, 36, 85, 186,
       83, 120, 201, 116, 120, 92, 56, 47, 213, 85, 247, 111, 153, 172,
       24, 5, 240, 29, 156, 73, 16, 242, 51, 189, 88, 87, 32, 250, 59,
       245, 125, 254, 63, 173, 127, 25, 247, 127, 253, 251, 191, 106, 52,
       95, 255, 255, 246, 243, 255, 127, 211, 127, 252, 255, 247, 255,
       91, 243, 253, 239, 199, 188, 158, 52, 255, 249, 250, 127, 120,
       207, 247, 235, 247, 81, 247, 127, 185, 230, 152, 79, 236, 28, 156,
       81, 63, 179, 247, 191, 251, 255, 169, 254, 124, 59, 255, 255, 251,
       255, 243, 233, 223, 80, 223, 63, 253, 254, 249, 244, 243, 151, 91,
       110, 255, 61, 131, 119, 255, 222, 250, 189, 238, 223, 254, 191,
       250, 39, 87, 255, 214, 123, 221, 124, 185, 221, 213, 118, 77, 143,
       237, 55, 143, 173, 153, 173, 250, 63, 159, 219, 80, 254, 123, 189,
       89, 15, 179, 244, 62, 51, 117, 150, 63, 165, 31, 121, 198, 102,
       209, 112, 253, 78, 176, 84, 254, 214, 67, 98, 209, 34, 129, 118,
       204, 154, 224, 79, 82, 28, 241, 105, 199, 36, 85, 190, 82, 120,
       233, 116, 112, 88, 16, 15, 212, 20, 245, 79, 153, 172, 24, 5, 240,
       29, 156, 73, 16, 242, 51, 189, 88, 87, 32, 250, 62, 181, 125, 247,
       191, 165, 223, 121, 222, 125, 213, 255, 253, 94, 180, 84, 242,
       247, 86, 115, 247, 59, 211, 126, 188, 254, 231, 127, 82, 251, 245,
       239, 199, 172, 22, 190, 222, 121, 249, 255, 89, 221, 245, 111,
       209, 20, 245, 111, 157, 174, 152, 13, 242, 29, 156, 65, 48, 242,
       115, 191, 251, 31, 40, 254, 60, 152, 254, 182, 59, 127, 184, 119,
       52, 250, 86, 213, 29, 118, 187, 70, 235, 212, 97, 99, 213, 37,
       193, 115, 77, 203, 176, 11, 82, 76, 51, 235, 215, 36, 85, 186, 82,
       120, 233, 116, 112, 92, 56, 47, 213, 20, 245, 111, 153, 172, 24,
       5, 240, 29, 156, 73, 16, 242, 51, 189, 88, 87, 32, 250, 63, 53,
       125, 22, 54, 165, 93, 120, 242, 78, 213, 240, 253, 106, 180, 86,
       246, 214, 3, 115, 193, 34, 193, 119, 204, 154, 228, 93, 82, 24,
       245, 105, 215, 44, 20, 190, 90, 120, 193, 116, 112, 94, 57, 15,
       208, 20, 245, 79, 153, 172, 24, 5, 240, 29, 156, 73, 16, 242, 51,
       189, 88, 87, 32, 251, 63, 181, 253, 246, 62, 181, 255, 120, 244,
       125, 221, 115, 253, 127, 176, 85, 251, 245, 67, 99, 245, 127, 211,
       119, 252, 254, 246, 191, 126, 221, 117, 235, 215, 108, 23, 190,
       214, 120, 249, 125, 120, 93, 123, 47, 213, 53, 247, 111, 153, 172,
       24, 5, 240, 29, 156, 73, 16, 242, 51, 189, 90, 87, 32, 250, 62,
       179, 253, 246, 63, 183, 255, 124, 244, 254, 221, 247, 253, 127,
       178, 85, 251, 245, 67, 99, 245, 127, 195, 127, 204, 254, 246, 191,
       126, 221, 117, 235, 215, 44, 87, 190, 214, 120, 249, 117, 120, 93,
       123, 47, 213, 53, 247, 111, 153, 172, 24, 5, 240, 29, 156, 73, 16,
       242, 51, 189, 90, 87, 32, 250, 63, 183, 117, 254, 63, 191, 187,
       123, 246, 254, 208, 241, 253, 122, 189, 85, 246, 223, 67, 99, 245,
       39, 209, 119, 221, 186, 228, 207, 82, 28, 241, 235, 215, 44, 85,
       190, 83, 120, 233, 116, 120, 92, 56, 47, 213, 21, 247, 111, 153,
       172, 24, 5, 240, 29, 156, 73, 16, 242, 51, 189, 88, 87, 32, 250,
       60, 181, 253, 254, 63, 255, 249, 127, 247, 252, 223, 245, 125,
       126, 189, 119, 243, 215, 99, 99, 245, 63, 209, 247, 205, 238, 230,
       223, 82, 95, 245, 235, 223, 44, 87, 190, 210, 120, 233, 117, 120,
       93, 57, 47, 213, 53, 245, 111, 153, 172, 24, 5, 240, 29, 156, 73,
       16, 242, 51, 189, 88, 87, 32, 250, 63, 178, 253, 246, 63, 181,
       189, 120, 246, 254, 220, 241, 253, 127, 176, 85, 242, 255, 67,
       115, 245, 119, 211, 119, 205, 234, 228, 255, 122, 93, 245, 235,
       215, 44, 87, 190, 91, 120, 233, 116, 124, 92, 58, 47, 213, 53,
       247, 111, 153, 172, 24, 5, 240, 29, 156, 73, 16, 242, 51, 189, 88,
       87, 32, 250 ]
