%YAML:1.0
descriptors: !!opencv-matrix
   rows: 46
   cols: 64
   dt: u
   data: [ 60, 177, 253, 182, 62, 183, 253, 126, 246, 254, 213, 241, 253,
       126, 176, 86, 254, 223, 99, 99, 245, 119, 195, 247, 205, 250, 228,
       223, 122, 221, 245, 235, 223, 44, 87, 190, 91, 120, 233, 116, 120,
       93, 56, 47, 213, 53, 247, 111, 153, 172, 24, 5, 240, 29, 156, 73,
       16, 242, 51, 189, 88, 87, 32, 250, 60, 54, 117, 162, 31, 165, 163,
       125, 244, 124, 212, 49, 125, 58, 177, 69, 250, 212, 67, 96, 241,
       34, 193, 119, 76, 168, 164, 143, 82, 12, 113, 235, 215, 36, 85,
       186, 82, 120, 169, 116, 120, 92, 56, 15, 212, 21, 245, 79, 153,
       172, 24, 5, 240, 29, 156, 73, 16, 242, 51, 189, 88, 87, 32, 250,
       63, 54, 125, 182, 62, 183, 57, 123, 244, 126, 215, 49, 125, 123,
       176, 86, 242, 212, 67, 99, 241, 34, 193, 119, 204, 170, 228, 143,
       82, 28, 113, 235, 215, 36, 85, 190, 82, 120, 233, 116, 120, 92,
       56, 15, 208, 21, 247, 111, 153, 172, 24, 5, 240, 29, 156, 73, 16,
       242, 51, 189, 88, 87, 32, 250, 62, 52, 253, 182, 63, 183, 63, 127,
       244, 126, 215, 55, 253, 127, 179, 87, 250, 213, 67, 98, 245, 39,
       211, 119, 204, 186, 244, 159, 90, 92, 117, 235, 215, 44, 87, 190,
       82, 120, 233, 117, 120, 92, 58, 47, 213, 21, 245, 111, 153, 172,
       24, 5, 240, 29, 156, 73, 16, 242, 51, 189, 88, 87, 32, 250, 63,
       48, 125, 190, 63, 183, 57, 126, 244, 252, 215, 49, 125, 123, 185,
       87, 242, 220, 67, 98, 241, 34, 193, 119, 204, 168, 228, 159, 82,
       28, 113, 235, 215, 36, 85, 190, 83, 120, 225, 116, 120, 92, 56,
       15, 212, 21, 243, 111, 153, 172, 24, 5, 240, 29, 156, 73, 16, 242,
       51, 189, 88, 87, 32, 250, 61, 50, 125, 166, 62, 181, 189, 122,
       244, 126, 214, 113, 125, 127, 177, 85, 242, 212, 67, 98, 241, 98,
       193, 119, 204, 168, 164, 159, 122, 92, 117, 235, 215, 36, 85, 190,
       82, 120, 233, 116, 120, 92, 56, 47, 212, 53, 247, 79, 153, 172,
       24, 5, 240, 29, 156, 73, 16, 242, 51, 189, 88, 87, 32, 250, 61,
       48, 125, 180, 63, 181, 59, 124, 244, 116, 213, 117, 125, 122, 176,
       84, 242, 212, 67, 99, 241, 34, 195, 119, 204, 170, 228, 143, 82,
       28, 117, 235, 215, 36, 85, 190, 82, 120, 233, 116, 120, 92, 56,
       47, 212, 53, 245, 111, 153, 172, 24, 5, 240, 29, 156, 73, 16, 242,
       51, 189, 88, 87, 32, 250, 62, 49, 125, 182, 55, 181, 57, 109, 246,
       110, 209, 52, 125, 107, 148, 86, 250, 212, 3, 97, 225, 34, 193,
       119, 204, 138, 228, 159, 82, 28, 113, 233, 215, 44, 85, 190, 82,
       120, 233, 116, 120, 92, 56, 47, 212, 21, 245, 111, 153, 172, 24,
       5, 240, 29, 156, 73, 16, 242, 51, 189, 88, 87, 32, 250, 63, 52,
       125, 182, 63, 253, 59, 125, 214, 126, 211, 117, 253, 110, 144, 86,
       250, 212, 3, 99, 229, 35, 195, 119, 205, 154, 228, 15, 82, 28,
       113, 235, 215, 36, 85, 190, 82, 120, 233, 116, 112, 92, 57, 47,
       213, 20, 245, 111, 153, 172, 24, 5, 240, 29, 156, 73, 16, 242, 51,
       189, 88, 87, 32, 250, 188, 250, 255, 253, 58, 125, 249, 247, 253,
       252, 126, 157, 95, 190, 251, 238, 251, 220, 99, 107, 245, 160,
       228, 55, 125, 175, 165, 139, 95, 223, 127, 251, 241, 36, 85, 250,
       83, 115, 233, 252, 250, 95, 56, 62, 212, 150, 211, 110, 153, 173,
       30, 5, 248, 29, 157, 73, 16, 242, 59, 188, 88, 86, 34, 251, 191,
       251, 127, 253, 255, 61, 221, 218, 255, 95, 253, 250, 239, 123,
       246, 253, 243, 245, 63, 111, 103, 230, 161, 118, 111, 223, 243,
       59, 223, 31, 118, 57, 210, 36, 84, 254, 82, 121, 249, 245, 114,
       222, 56, 63, 208, 22, 245, 111, 153, 173, 30, 5, 248, 29, 159, 73,
       16, 242, 51, 157, 92, 87, 34, 249, 159, 251, 255, 253, 190, 121,
       157, 200, 255, 159, 251, 250, 223, 127, 254, 249, 251, 245, 47,
       107, 101, 228, 166, 114, 207, 223, 183, 123, 215, 14, 114, 59,
       247, 36, 84, 186, 82, 122, 233, 244, 114, 94, 56, 63, 213, 22,
       245, 111, 153, 173, 24, 5, 240, 29, 157, 73, 16, 242, 51, 189, 88,
       87, 32, 250, 187, 212, 124, 254, 63, 189, 221, 24, 247, 127, 253,
       201, 61, 121, 116, 85, 244, 254, 71, 243, 244, 114, 177, 126, 228,
       191, 227, 218, 127, 117, 253, 243, 223, 108, 150, 244, 255, 121,
       240, 253, 218, 222, 123, 15, 208, 87, 215, 79, 185, 175, 26, 5,
       248, 29, 159, 77, 26, 243, 55, 191, 250, 215, 42, 249, 60, 247,
       125, 252, 50, 125, 253, 121, 245, 92, 255, 245, 93, 125, 252, 228,
       241, 220, 199, 107, 245, 104, 176, 242, 253, 46, 165, 216, 109,
       214, 125, 233, 254, 112, 85, 190, 222, 122, 217, 253, 222, 95,
       185, 175, 244, 55, 247, 110, 153, 173, 157, 15, 240, 29, 159, 77,
       60, 242, 115, 189, 122, 87, 34, 249, 60, 186, 255, 237, 62, 127,
       177, 255, 221, 252, 222, 181, 93, 62, 251, 230, 251, 220, 219,
       107, 245, 83, 254, 188, 253, 233, 188, 147, 125, 223, 127, 255,
       237, 104, 119, 254, 214, 242, 233, 124, 248, 93, 119, 62, 212,
       167, 241, 105, 191, 172, 223, 141, 242, 29, 157, 93, 100, 242,
       107, 252, 219, 159, 42, 254, 60, 46, 239, 137, 58, 127, 161, 255,
       253, 252, 222, 53, 93, 62, 251, 230, 251, 220, 203, 104, 245, 209,
       222, 188, 93, 233, 156, 131, 237, 221, 59, 239, 237, 32, 85, 186,
       214, 114, 169, 124, 254, 85, 90, 190, 84, 166, 64, 105, 185, 44,
       159, 13, 242, 29, 157, 73, 20, 240, 43, 188, 90, 86, 42, 252, 47,
       231, 109, 220, 55, 29, 93, 74, 167, 198, 189, 240, 127, 122, 244,
       79, 227, 212, 38, 99, 6, 62, 224, 119, 77, 159, 167, 25, 83, 10,
       52, 41, 210, 38, 84, 186, 66, 120, 211, 244, 114, 127, 56, 47,
       208, 20, 245, 110, 153, 172, 24, 5, 242, 29, 157, 73, 16, 242, 51,
       189, 88, 87, 32, 251, 239, 221, 254, 255, 55, 127, 221, 159, 191,
       255, 173, 234, 191, 255, 126, 255, 253, 247, 126, 255, 63, 255,
       119, 63, 245, 255, 247, 127, 127, 251, 254, 179, 207, 127, 255,
       255, 218, 127, 251, 125, 126, 223, 122, 255, 159, 251, 245, 126,
       221, 175, 158, 13, 248, 191, 255, 95, 185, 247, 121, 191, 255,
       253, 186, 250, 254, 253, 125, 222, 119, 223, 95, 31, 255, 103,
       189, 248, 63, 123, 244, 255, 243, 247, 62, 127, 151, 115, 241, 55,
       253, 199, 227, 63, 123, 57, 125, 105, 210, 108, 214, 191, 202,
       120, 241, 247, 214, 223, 61, 45, 211, 30, 245, 110, 157, 172, 22,
       5, 104, 29, 151, 93, 152, 246, 51, 189, 89, 214, 42, 251, 218,
       218, 222, 207, 255, 251, 159, 152, 127, 191, 185, 250, 191, 127,
       246, 121, 255, 247, 61, 247, 205, 245, 163, 120, 207, 223, 249,
       127, 223, 15, 247, 123, 215, 37, 95, 191, 82, 121, 233, 246, 118,
       94, 120, 63, 213, 28, 245, 61, 157, 173, 24, 5, 240, 29, 156, 73,
       16, 246, 51, 189, 92, 87, 32, 250, 251, 250, 239, 255, 255, 255,
       255, 248, 253, 255, 252, 251, 239, 219, 255, 253, 251, 213, 127,
       111, 253, 135, 175, 125, 111, 255, 191, 47, 223, 91, 115, 255,
       243, 37, 85, 251, 82, 125, 237, 246, 242, 94, 122, 63, 221, 158,
       253, 117, 157, 173, 28, 5, 248, 63, 159, 73, 16, 246, 51, 189, 92,
       87, 34, 251, 252, 175, 255, 253, 122, 255, 243, 247, 253, 253,
       254, 253, 95, 253, 251, 236, 153, 253, 251, 107, 245, 125, 254,
       255, 255, 107, 150, 246, 109, 215, 127, 255, 239, 91, 103, 236,
       223, 243, 253, 61, 253, 61, 243, 182, 253, 163, 211, 235, 191,
       253, 239, 251, 211, 125, 155, 92, 103, 206, 223, 239, 251, 191,
       237, 254, 199, 206, 6, 41, 236, 240, 170, 192, 57, 255, 2, 207,
       138, 45, 75, 9, 136, 109, 189, 42, 236, 69, 14, 120, 103, 220, 25,
       182, 156, 7, 43, 87, 87, 209, 217, 65, 117, 175, 236, 34, 229, 60,
       106, 188, 87, 136, 218, 177, 108, 217, 24, 53, 213, 231, 140, 174,
       86, 204, 148, 37, 198, 219, 82, 183, 60, 126, 127, 233, 50, 117,
       189, 255, 253, 254, 254, 181, 93, 189, 219, 230, 155, 252, 203,
       106, 121, 210, 212, 180, 221, 45, 180, 145, 109, 215, 127, 251,
       233, 72, 199, 254, 221, 242, 177, 125, 126, 95, 123, 182, 118,
       163, 194, 108, 187, 173, 175, 139, 250, 29, 159, 92, 172, 230, 75,
