%YAML:1.0
descriptors: !!opencv-matrix
   rows: 3
   cols: 64
   dt: u
   data: [ 61, 54, 125, 6, 63, 185, 191, 120, 240, 60, 214, 113, 253, 63,
       136, 64, 226, 220, 67, 97, 245, 34, 195, 247, 201, 58, 228, 143,
       88, 12, 113, 235, 223, 36, 85, 190, 83, 120, 233, 116, 120, 92,
       56, 47, 212, 53, 247, 111, 153, 172, 24, 5, 240, 29, 156, 73, 16,
       242, 51, 189, 88, 87, 32, 250, 30, 178, 93, 182, 62, 185, 158,
       113, 114, 187, 85, 209, 220, 114, 164, 81, 230, 215, 1, 227, 197,
       32, 195, 114, 205, 158, 161, 111, 82, 14, 177, 106, 215, 36, 85,
       186, 90, 120, 233, 116, 112, 92, 56, 47, 212, 20, 245, 111, 153,
       172, 24, 5, 240, 29, 156, 73, 16, 242, 51, 189, 88, 87, 32, 250,
       250, 205, 190, 223, 235, 223, 223, 163, 63, 255, 63, 207, 159,
       252, 127, 190, 189, 179, 252, 191, 30, 255, 254, 123, 251, 119,
       255, 126, 237, 243, 222, 191, 143, 251, 107, 69, 255, 207, 254,
       43, 119, 189, 237, 125, 191, 190, 253, 179, 247, 219, 191, 255,
       159, 231, 251, 254, 127, 221, 252, 111, 247, 249, 219, 222 ]
