%YAML:1.0
descriptors: !!opencv-matrix
   rows: 10
   cols: 64
   dt: u
   data: [ 186, 216, 223, 239, 255, 249, 247, 252, 255, 245, 253, 251,
       191, 126, 254, 253, 255, 247, 253, 123, 238, 63, 239, 125, 111,
       255, 89, 63, 255, 235, 95, 255, 159, 231, 123, 90, 119, 219, 255,
       191, 115, 255, 231, 119, 253, 31, 253, 179, 205, 215, 255, 189,
       253, 167, 191, 255, 113, 254, 190, 239, 209, 95, 183, 223, 63, 55,
       253, 190, 63, 183, 63, 123, 246, 254, 209, 179, 253, 127, 177, 87,
       250, 215, 35, 99, 229, 39, 193, 119, 205, 222, 245, 15, 82, 28,
       241, 235, 215, 36, 85, 190, 82, 120, 233, 116, 120, 92, 56, 47,
       213, 20, 245, 111, 153, 172, 24, 5, 240, 29, 156, 73, 16, 242, 51,
       189, 88, 87, 32, 250, 63, 180, 125, 182, 63, 183, 187, 123, 246,
       252, 213, 115, 253, 122, 176, 84, 242, 213, 67, 99, 241, 39, 193,
       119, 204, 250, 228, 15, 82, 28, 113, 235, 215, 36, 85, 190, 82,
       120, 233, 116, 120, 92, 56, 47, 213, 21, 245, 111, 153, 172, 24,
       5, 240, 29, 156, 73, 16, 242, 51, 189, 88, 87, 32, 250, 63, 180,
       125, 166, 63, 255, 183, 125, 246, 252, 222, 117, 253, 127, 176,
       116, 251, 215, 3, 99, 245, 35, 195, 119, 205, 254, 228, 143, 82,
       30, 241, 235, 215, 36, 85, 190, 82, 120, 233, 116, 120, 92, 56,
       47, 213, 21, 245, 111, 153, 172, 24, 5, 240, 29, 156, 73, 16, 242,
       51, 189, 88, 87, 32, 250, 62, 51, 253, 182, 63, 183, 31, 127, 246,
       254, 213, 113, 125, 122, 178, 86, 254, 215, 67, 115, 245, 51, 195,
       119, 204, 251, 244, 223, 90, 92, 245, 235, 215, 44, 85, 190, 90,
       120, 233, 116, 120, 93, 56, 47, 213, 21, 245, 111, 153, 172, 24,
       5, 240, 29, 156, 73, 16, 242, 51, 189, 88, 87, 32, 250, 61, 189,
       254, 190, 63, 47, 57, 127, 244, 252, 212, 241, 127, 250, 182, 94,
       250, 213, 99, 99, 245, 39, 211, 119, 93, 251, 180, 143, 82, 28,
       113, 235, 215, 36, 85, 190, 83, 120, 233, 116, 120, 92, 56, 47,
       213, 21, 247, 111, 153, 172, 24, 5, 240, 29, 156, 73, 16, 242, 51,
       189, 88, 87, 32, 250, 62, 53, 125, 188, 62, 191, 59, 125, 246,
       238, 215, 180, 253, 107, 189, 86, 242, 215, 67, 99, 245, 33, 211,
       119, 221, 170, 228, 207, 82, 28, 241, 235, 215, 36, 85, 190, 82,
       120, 233, 116, 112, 92, 56, 47, 213, 20, 245, 111, 153, 172, 24,
       5, 240, 29, 156, 73, 16, 242, 51, 189, 88, 87, 32, 250, 63, 50,
       125, 165, 190, 181, 191, 88, 188, 255, 194, 119, 221, 125, 185,
       85, 226, 253, 3, 99, 229, 39, 194, 113, 77, 218, 164, 175, 82, 12,
       113, 235, 215, 36, 85, 186, 82, 120, 233, 116, 120, 92, 56, 47,
       213, 20, 245, 111, 153, 172, 24, 5, 240, 29, 156, 73, 16, 242, 51,
       189, 88, 87, 32, 250, 27, 214, 76, 47, 191, 184, 159, 24, 122,
       127, 125, 251, 172, 123, 196, 81, 226, 215, 5, 241, 197, 96, 131,
       112, 77, 222, 177, 63, 90, 11, 113, 107, 215, 36, 85, 186, 82,
       120, 233, 116, 112, 94, 56, 47, 213, 20, 245, 111, 153, 172, 24,
       5, 240, 29, 156, 73, 16, 242, 51, 189, 88, 87, 32, 250, 237, 239,
       239, 253, 255, 255, 255, 255, 189, 255, 239, 239, 219, 253, 255,
       239, 137, 125, 255, 111, 255, 255, 126, 187, 119, 127, 159, 182,
       253, 247, 62, 151, 207, 219, 255, 97, 247, 255, 254, 63, 127, 189,
       251, 255, 255, 251, 255, 179, 253, 219, 254, 255, 223, 255, 255,
       190, 255, 207, 255, 239, 247, 253, 223, 190 ]
