%YAML:1.0
descriptors: !!opencv-matrix
   rows: 23
   cols: 64
   dt: u
   data: [ 63, 181, 125, 246, 63, 165, 127, 121, 246, 124, 213, 115, 253,
       74, 180, 85, 242, 246, 71, 115, 247, 58, 145, 118, 188, 170, 230,
       155, 90, 249, 245, 233, 199, 44, 22, 190, 218, 120, 241, 253, 88,
       207, 215, 143, 208, 53, 245, 79, 153, 166, 152, 13, 240, 28, 156,
       65, 56, 178, 115, 159, 250, 151, 44, 248, 249, 223, 255, 253, 238,
       255, 255, 247, 189, 255, 252, 207, 223, 253, 126, 237, 189, 253,
       255, 175, 254, 255, 254, 251, 255, 127, 63, 246, 253, 247, 255,
       255, 255, 251, 251, 101, 255, 247, 254, 187, 127, 191, 239, 255,
       255, 191, 255, 243, 255, 219, 255, 255, 223, 231, 191, 254, 255,
       221, 238, 111, 247, 253, 223, 255, 60, 43, 239, 252, 54, 255, 249,
       119, 245, 254, 86, 181, 93, 254, 187, 198, 235, 220, 99, 107, 245,
       117, 198, 243, 93, 234, 164, 151, 122, 221, 53, 235, 215, 36, 85,
       186, 87, 122, 233, 116, 120, 93, 120, 46, 213, 21, 247, 111, 153,
       172, 24, 5, 240, 29, 156, 73, 16, 242, 51, 189, 91, 87, 32, 250,
       12, 47, 255, 184, 34, 127, 161, 127, 53, 252, 198, 149, 93, 52,
       185, 198, 234, 220, 193, 107, 244, 49, 196, 243, 89, 40, 128, 132,
       104, 196, 49, 235, 223, 32, 85, 186, 87, 122, 233, 124, 240, 29,
       56, 38, 212, 21, 195, 111, 153, 172, 24, 5, 240, 29, 157, 73, 16,
       242, 51, 189, 88, 87, 32, 250, 204, 33, 243, 244, 16, 6, 125, 239,
       192, 4, 193, 48, 81, 226, 147, 66, 162, 76, 3, 102, 11, 168, 164,
       18, 14, 138, 166, 137, 194, 140, 48, 8, 114, 38, 20, 186, 0, 112,
       65, 212, 16, 96, 153, 14, 232, 28, 193, 78, 9, 164, 80, 5, 112,
       30, 148, 73, 128, 242, 49, 153, 76, 6, 33, 240, 246, 43, 231, 211,
       214, 15, 67, 235, 239, 197, 22, 250, 223, 251, 250, 78, 226, 213,
       62, 47, 15, 143, 202, 103, 95, 210, 63, 47, 182, 152, 26, 45, 215,
       103, 116, 219, 66, 127, 127, 222, 213, 85, 168, 63, 9, 14, 125,
       167, 213, 36, 24, 148, 49, 59, 143, 79, 80, 124, 48, 61, 89, 21,
       48, 250, 57, 254, 255, 253, 62, 253, 249, 119, 253, 253, 214, 253,
       255, 125, 125, 252, 253, 187, 251, 251, 245, 127, 219, 255, 249,
       127, 247, 246, 109, 247, 255, 239, 223, 248, 235, 52, 255, 251,
       248, 125, 125, 29, 251, 175, 245, 241, 247, 111, 191, 254, 137,
       203, 246, 13, 218, 93, 63, 215, 247, 239, 243, 251, 237, 222, 109,
       174, 101, 232, 250, 255, 167, 123, 253, 124, 238, 53, 253, 127,
       249, 228, 227, 221, 219, 102, 245, 39, 152, 247, 95, 236, 12, 135,
       126, 222, 57, 255, 255, 39, 85, 186, 87, 114, 237, 124, 254, 85,
       24, 174, 85, 167, 246, 79, 153, 45, 24, 12, 240, 29, 143, 73, 16,
       246, 51, 188, 90, 71, 34, 248, 122, 48, 125, 166, 255, 175, 63,
       124, 246, 110, 209, 48, 253, 43, 180, 85, 242, 213, 27, 100, 233,
       3, 131, 117, 76, 200, 168, 15, 82, 8, 121, 233, 213, 37, 20, 187,
       66, 112, 37, 116, 80, 202, 24, 15, 209, 28, 228, 79, 157, 164, 24,
       4, 96, 60, 158, 73, 16, 246, 51, 156, 88, 86, 32, 249, 127, 244,
       125, 166, 255, 191, 31, 121, 230, 103, 253, 248, 253, 63, 180, 85,
       243, 215, 23, 101, 193, 35, 161, 116, 204, 207, 233, 63, 83, 24,
       113, 105, 215, 36, 84, 190, 66, 120, 161, 244, 82, 94, 56, 47,
       209, 28, 244, 79, 153, 172, 24, 5, 240, 29, 156, 73, 16, 242, 51,
       188, 88, 86, 34, 249, 253, 255, 255, 253, 246, 255, 255, 255, 253,
       253, 252, 251, 255, 255, 255, 255, 251, 245, 127, 111, 127, 255,
       246, 55, 127, 255, 191, 191, 255, 95, 126, 187, 243, 103, 119,
       255, 210, 117, 253, 252, 122, 95, 250, 63, 223, 190, 253, 246,
       157, 173, 94, 133, 248, 191, 156, 77, 208, 254, 115, 191, 95, 87,
       48, 250, 255, 249, 255, 255, 254, 255, 255, 254, 255, 255, 253,
       250, 255, 251, 254, 255, 251, 213, 127, 111, 125, 167, 231, 119,
       79, 255, 191, 63, 211, 31, 118, 187, 215, 37, 85, 255, 82, 125,
       237, 116, 114, 94, 56, 63, 213, 28, 245, 127, 157, 172, 24, 5,
       240, 61, 156, 73, 80, 246, 51, 189, 88, 87, 34, 251, 190, 242,
       127, 135, 190, 117, 157, 248, 246, 223, 248, 115, 127, 63, 176,
       116, 251, 212, 103, 99, 193, 34, 165, 116, 76, 223, 181, 43, 210,
       14, 115, 251, 213, 36, 85, 186, 82, 112, 233, 244, 112, 92, 56,
       47, 213, 20, 244, 109, 153, 172, 24, 5, 240, 29, 156, 73, 16, 242,
       51, 189, 88, 87, 32, 250, 63, 246, 125, 138, 55, 125, 149, 57,
       247, 94, 254, 52, 125, 63, 253, 245, 255, 246, 67, 248, 241, 114,
       149, 244, 249, 53, 101, 217, 127, 222, 253, 249, 236, 108, 223,
       158, 223, 114, 137, 124, 191, 93, 26, 175, 84, 231, 246, 108, 187,
       189, 159, 13, 186, 13, 207, 93, 62, 242, 46, 188, 90, 203, 110,
       240, 126, 55, 247, 182, 119, 167, 63, 127, 246, 254, 219, 55, 237,
       239, 179, 87, 251, 245, 107, 102, 253, 111, 211, 119, 158, 254,
       254, 189, 122, 220, 116, 233, 71, 45, 215, 191, 214, 120, 249,
       125, 124, 76, 55, 175, 197, 49, 245, 111, 156, 172, 152, 9, 242,
       61, 156, 89, 72, 182, 115, 191, 90, 215, 40, 250, 127, 53, 253,
       246, 127, 39, 123, 127, 246, 92, 213, 113, 125, 106, 180, 84, 242,
       245, 83, 102, 247, 63, 209, 119, 190, 170, 230, 159, 122, 220,
       245, 233, 199, 47, 22, 191, 214, 120, 209, 253, 88, 207, 159, 15,
       193, 53, 193, 79, 157, 164, 153, 13, 240, 60, 156, 73, 120, 182,
       115, 155, 122, 23, 34, 249, 58, 51, 117, 190, 55, 119, 31, 126,
       230, 244, 249, 53, 125, 30, 185, 119, 243, 212, 3, 96, 225, 35,
       193, 118, 76, 201, 164, 13, 82, 24, 113, 233, 215, 36, 85, 186,
       82, 120, 233, 116, 112, 92, 56, 47, 212, 20, 245, 111, 153, 172,
       24, 5, 240, 29, 156, 73, 16, 242, 51, 189, 88, 87, 32, 250, 63,
       51, 125, 190, 55, 119, 59, 126, 246, 222, 255, 181, 125, 127, 185,
       119, 251, 212, 67, 102, 245, 99, 193, 119, 77, 237, 164, 29, 90,
       26, 115, 233, 215, 36, 85, 190, 82, 120, 233, 116, 112, 92, 56,
       47, 212, 20, 245, 110, 153, 172, 24, 5, 240, 29, 156, 73, 16, 242,
       51, 189, 88, 87, 32, 250, 30, 185, 223, 254, 54, 179, 216, 127,
       247, 186, 213, 245, 255, 246, 181, 91, 254, 215, 99, 243, 199, 61,
       195, 119, 205, 218, 230, 207, 82, 76, 181, 234, 215, 44, 85, 190,
       90, 120, 233, 116, 112, 93, 56, 47, 213, 20, 245, 111, 153, 172,
       24, 5, 240, 29, 156, 73, 16, 242, 51, 189, 88, 87, 32, 250, 62,
       49, 253, 182, 55, 247, 63, 126, 246, 254, 221, 53, 125, 127, 179,
       118, 251, 213, 67, 99, 225, 35, 195, 119, 76, 239, 164, 29, 82,
       12, 117, 235, 215, 36, 85, 186, 82, 120, 233, 116, 112, 92, 56,
       47, 213, 20, 245, 111, 153, 172, 24, 5, 240, 29, 156, 73, 16, 242,
       51, 189, 88, 87, 32, 250, 60, 185, 255, 254, 63, 181, 249, 122,
       247, 254, 213, 245, 253, 122, 189, 95, 250, 254, 99, 123, 245, 54,
       195, 247, 237, 186, 231, 255, 90, 95, 245, 235, 223, 44, 87, 190,
       223, 120, 233, 117, 120, 92, 59, 47, 213, 53, 247, 111, 153, 172,
       24, 5, 240, 29, 156, 73, 16, 242, 51, 189, 88, 87, 32, 250, 127,
       178, 253, 190, 63, 183, 191, 126, 244, 252, 221, 247, 253, 126,
       183, 94, 251, 213, 99, 99, 229, 39, 195, 119, 76, 254, 180, 15,
       82, 76, 117, 235, 215, 36, 85, 186, 82, 120, 233, 116, 120, 94,
       56, 47, 213, 21, 245, 111, 153, 172, 24, 5, 240, 29, 156, 73, 16,
       242, 51, 189, 88, 87, 34, 250, 63, 182, 253, 246, 62, 253, 185,
       125, 255, 252, 214, 245, 253, 123, 184, 84, 250, 222, 99, 107,
       245, 38, 211, 255, 221, 186, 228, 255, 126, 93, 245, 239, 215, 44,
       85, 190, 223, 120, 233, 125, 248, 92, 59, 175, 213, 53, 247, 111,
       185, 172, 24, 5, 240, 29, 156, 73, 16, 242, 51, 189, 90, 87, 32,
       250 ]
