%YAML:1.0
descriptors: !!opencv-matrix
   rows: 12
   cols: 64
   dt: u
   data: [ 255, 255, 255, 255, 255, 255, 255, 251, 255, 255, 255, 255,
       255, 255, 255, 255, 251, 247, 127, 127, 255, 255, 255, 127, 255,
       255, 255, 255, 223, 255, 255, 255, 231, 239, 127, 255, 218, 125,
       253, 255, 122, 92, 249, 255, 223, 31, 253, 191, 221, 173, 30, 133,
       248, 191, 156, 125, 208, 246, 113, 191, 223, 223, 56, 190, 252,
       232, 239, 255, 254, 255, 247, 254, 253, 253, 252, 255, 255, 254,
       255, 238, 187, 253, 251, 107, 253, 255, 255, 255, 127, 255, 157,
       183, 255, 223, 127, 255, 223, 239, 103, 254, 255, 251, 253, 63,
       123, 255, 255, 55, 253, 183, 255, 235, 191, 253, 239, 255, 223,
       191, 158, 92, 126, 254, 255, 255, 251, 223, 47, 255, 251, 223,
       255, 255, 255, 247, 255, 185, 255, 255, 253, 235, 191, 251, 118,
       125, 255, 255, 255, 255, 254, 255, 191, 253, 242, 255, 127, 254,
       255, 243, 255, 191, 239, 255, 187, 85, 255, 221, 126, 187, 127,
       233, 235, 255, 255, 249, 255, 179, 111, 219, 247, 251, 223, 226,
       238, 247, 255, 221, 244, 79, 247, 253, 221, 158, 255, 239, 237,
       248, 255, 255, 127, 125, 253, 127, 252, 255, 255, 127, 254, 236,
       217, 185, 255, 253, 255, 127, 251, 255, 255, 127, 127, 247, 237,
       215, 255, 237, 207, 251, 207, 239, 239, 255, 253, 62, 127, 255,
       251, 255, 215, 251, 255, 243, 191, 247, 159, 238, 239, 253, 223,
       189, 255, 223, 255, 255, 255, 251, 251, 254, 251, 206, 111, 255,
       239, 255, 247, 251, 253, 125, 254, 255, 255, 253, 125, 236, 191,
       189, 255, 186, 252, 254, 189, 255, 127, 255, 221, 182, 255, 247,
       95, 255, 171, 251, 99, 116, 255, 211, 254, 191, 127, 191, 235,
       247, 253, 247, 254, 235, 239, 215, 207, 255, 223, 255, 203, 191,
       119, 239, 255, 255, 243, 239, 159, 220, 190, 252, 125, 239, 190,
       125, 253, 253, 255, 245, 255, 255, 253, 62, 254, 252, 255, 246,
       103, 107, 253, 242, 255, 252, 253, 255, 245, 251, 255, 223, 255,
       255, 229, 108, 247, 254, 222, 123, 249, 255, 123, 221, 127, 191,
       212, 182, 252, 109, 155, 189, 159, 13, 248, 159, 159, 93, 48, 242,
       123, 252, 219, 159, 44, 254, 63, 190, 125, 255, 62, 253, 221, 57,
       255, 255, 95, 249, 253, 127, 253, 85, 255, 246, 98, 251, 245, 118,
       211, 127, 237, 255, 245, 127, 126, 123, 245, 239, 215, 108, 215,
       190, 222, 120, 249, 117, 120, 93, 123, 47, 213, 52, 245, 111, 153,
       172, 24, 7, 240, 29, 156, 89, 16, 242, 51, 189, 250, 215, 40, 250,
       252, 171, 255, 253, 114, 127, 243, 255, 221, 252, 254, 191, 95,
       254, 251, 238, 251, 221, 251, 111, 127, 253, 198, 183, 255, 239,
       182, 189, 109, 223, 126, 255, 231, 39, 101, 255, 214, 127, 253,
       124, 250, 125, 245, 62, 223, 174, 65, 238, 159, 173, 255, 221,
       250, 31, 157, 93, 84, 254, 123, 255, 91, 14, 43, 254, 252, 249,
       255, 253, 118, 127, 255, 254, 221, 253, 253, 255, 255, 254, 190,
       238, 251, 221, 123, 111, 255, 175, 231, 247, 111, 255, 183, 175,
       83, 79, 118, 235, 223, 39, 85, 254, 87, 121, 249, 116, 122, 95,
       185, 47, 221, 53, 247, 111, 157, 172, 26, 5, 240, 29, 156, 73, 16,
       242, 51, 189, 88, 87, 34, 251, 124, 189, 255, 253, 50, 127, 249,
       255, 221, 252, 222, 253, 95, 254, 251, 238, 251, 221, 251, 111,
       247, 125, 246, 183, 255, 239, 182, 191, 125, 215, 126, 239, 239,
       39, 117, 254, 215, 122, 249, 124, 248, 93, 255, 62, 221, 183, 247,
       111, 159, 172, 159, 141, 242, 29, 157, 77, 80, 246, 123, 255, 91,
       95, 43, 254, 60, 187, 255, 252, 58, 127, 249, 255, 221, 252, 222,
       245, 95, 254, 251, 238, 251, 221, 251, 107, 245, 61, 198, 247,
       253, 107, 182, 223, 109, 213, 127, 239, 207, 38, 103, 190, 215,
       122, 249, 125, 248, 93, 243, 46, 253, 167, 247, 111, 191, 172,
       159, 207, 242, 29, 157, 93, 52, 242, 123, 255, 123, 95, 41, 254,
       61, 246, 125, 239, 191, 253, 251, 125, 255, 253, 222, 253, 253,
       127, 253, 245, 255, 255, 195, 251, 245, 115, 219, 255, 253, 127,
       229, 255, 127, 95, 247, 239, 223, 108, 95, 190, 255, 251, 249,
       125, 125, 93, 123, 175, 245, 53, 247, 111, 185, 254, 24, 15, 240,
       29, 156, 73, 54, 243, 247, 189, 250, 223, 44, 254 ]
