%YAML:1.0
descriptors: !!opencv-matrix
   rows: 10
   cols: 64
   dt: u
   data: [ 125, 58, 255, 182, 119, 119, 191, 254, 246, 252, 222, 55, 127,
       190, 179, 87, 251, 213, 99, 103, 245, 7, 195, 119, 77, 235, 252,
       31, 122, 92, 118, 235, 215, 36, 85, 190, 82, 120, 233, 116, 120,
       93, 56, 47, 213, 21, 245, 111, 153, 172, 24, 5, 240, 29, 156, 73,
       16, 242, 51, 189, 88, 87, 32, 250, 191, 252, 255, 255, 63, 253,
       253, 127, 253, 255, 253, 249, 255, 122, 182, 223, 251, 255, 247,
       123, 245, 127, 243, 255, 253, 255, 247, 255, 127, 255, 247, 239,
       207, 108, 158, 254, 255, 121, 249, 125, 122, 223, 255, 47, 247,
       53, 247, 111, 191, 190, 154, 79, 248, 29, 156, 93, 60, 242, 255,
       255, 251, 223, 174, 255, 62, 190, 255, 239, 190, 253, 255, 249,
       253, 255, 254, 255, 253, 127, 249, 253, 251, 253, 235, 123, 253,
       119, 223, 253, 253, 255, 245, 191, 126, 95, 247, 255, 215, 236,
       223, 190, 255, 251, 249, 119, 124, 92, 123, 47, 213, 183, 247,
       127, 185, 172, 24, 5, 240, 29, 156, 93, 20, 246, 183, 189, 250,
       223, 40, 254, 252, 57, 255, 245, 118, 127, 243, 255, 221, 253,
       214, 191, 223, 254, 251, 238, 251, 221, 123, 111, 127, 191, 198,
       183, 95, 234, 190, 175, 122, 221, 126, 175, 247, 39, 119, 251, 87,
       127, 253, 116, 248, 125, 246, 62, 221, 63, 75, 239, 157, 172, 153,
       149, 243, 63, 157, 77, 80, 252, 123, 255, 91, 23, 33, 250, 255,
       254, 255, 253, 254, 253, 255, 216, 253, 255, 250, 219, 223, 125,
       254, 253, 255, 253, 63, 107, 236, 103, 174, 124, 239, 255, 191,
       255, 223, 87, 119, 255, 247, 44, 92, 255, 91, 123, 233, 246, 122,
       94, 122, 63, 213, 23, 247, 127, 153, 173, 28, 5, 240, 29, 157, 73,
       16, 246, 51, 189, 92, 87, 32, 250, 250, 249, 255, 255, 254, 191,
       95, 249, 255, 119, 253, 250, 255, 249, 254, 93, 242, 213, 127,
       102, 126, 215, 131, 117, 79, 254, 189, 63, 251, 91, 126, 187, 211,
       37, 86, 251, 82, 127, 245, 247, 214, 223, 88, 31, 217, 30, 253,
       21, 157, 173, 24, 5, 249, 191, 157, 75, 88, 254, 49, 189, 92, 87,
       50, 249, 163, 22, 65, 130, 221, 128, 7, 8, 230, 99, 0, 114, 173,
       11, 128, 85, 98, 247, 5, 112, 200, 2, 153, 108, 70, 144, 41, 47,
       146, 8, 33, 111, 81, 164, 84, 186, 66, 48, 33, 214, 68, 64, 8,
       139, 192, 16, 244, 69, 144, 36, 24, 0, 96, 24, 140, 73, 16, 114,
       51, 188, 88, 87, 32, 248, 159, 222, 76, 127, 62, 185, 255, 240,
       57, 255, 125, 219, 158, 123, 238, 89, 227, 253, 37, 235, 229, 117,
       195, 122, 77, 255, 177, 63, 126, 79, 119, 123, 215, 36, 85, 186,
       83, 120, 249, 117, 112, 92, 58, 47, 213, 20, 247, 111, 153, 172,
       24, 5, 240, 29, 156, 73, 16, 242, 51, 189, 88, 87, 32, 250, 60,
       186, 255, 253, 54, 127, 241, 255, 253, 252, 222, 181, 95, 190,
       251, 238, 251, 220, 251, 107, 245, 85, 198, 183, 125, 235, 180,
       147, 125, 223, 126, 251, 255, 100, 117, 250, 87, 122, 249, 124,
       248, 93, 123, 62, 213, 167, 243, 111, 159, 173, 159, 5, 242, 29,
       157, 77, 20, 242, 59, 253, 91, 31, 34, 250, 243, 223, 255, 223,
       55, 223, 221, 191, 255, 247, 61, 250, 191, 254, 126, 255, 255,
       247, 126, 191, 30, 255, 247, 111, 255, 247, 247, 127, 63, 251,
       222, 59, 167, 254, 255, 223, 254, 93, 250, 251, 114, 255, 235,
       253, 191, 190, 245, 191, 247, 155, 183, 223, 188, 161, 247, 255,
       241, 119, 248, 127, 255, 249, 221, 254 ]
