%YAML:1.0
descriptors: !!opencv-matrix
   rows: 28
   cols: 64
   dt: u
   data: [ 188, 248, 127, 239, 63, 127, 249, 255, 253, 252, 254, 253,
       127, 190, 253, 254, 251, 220, 95, 105, 245, 210, 173, 61, 255,
       189, 237, 155, 255, 223, 127, 255, 241, 100, 21, 254, 215, 115,
       169, 252, 218, 223, 95, 62, 212, 167, 226, 109, 159, 173, 223, 5,
       248, 29, 159, 77, 16, 242, 59, 188, 219, 30, 34, 253, 189, 254,
       125, 239, 255, 253, 255, 248, 253, 253, 254, 251, 239, 127, 254,
       237, 251, 253, 255, 123, 245, 103, 163, 246, 109, 255, 245, 191,
       255, 95, 127, 255, 223, 108, 85, 254, 87, 123, 249, 125, 254, 95,
       58, 63, 213, 179, 247, 111, 185, 173, 28, 5, 248, 29, 159, 77, 48,
       246, 55, 189, 218, 215, 38, 250, 188, 188, 255, 255, 255, 239,
       245, 255, 255, 253, 222, 127, 255, 126, 251, 252, 255, 255, 243,
       98, 245, 127, 255, 247, 255, 239, 244, 255, 251, 223, 255, 255,
       239, 108, 71, 254, 247, 115, 249, 124, 249, 93, 247, 174, 213, 55,
       247, 111, 189, 172, 155, 13, 242, 29, 157, 89, 62, 242, 127, 189,
       251, 95, 44, 254, 41, 206, 108, 105, 253, 253, 167, 112, 189, 125,
       238, 237, 236, 61, 76, 165, 201, 233, 239, 249, 245, 98, 27, 253,
       113, 125, 29, 182, 124, 87, 235, 215, 143, 202, 203, 36, 253, 153,
       253, 42, 125, 149, 122, 167, 85, 227, 126, 99, 168, 209, 137, 40,
       253, 229, 202, 52, 62, 199, 215, 165, 226, 251, 108, 94, 236, 239,
       255, 221, 250, 255, 255, 245, 61, 253, 110, 223, 223, 127, 254,
       238, 235, 221, 125, 111, 125, 253, 246, 240, 121, 127, 187, 190,
       253, 207, 63, 191, 215, 103, 119, 251, 83, 123, 253, 124, 118, 95,
       120, 63, 213, 150, 255, 119, 157, 173, 30, 5, 250, 31, 159, 77,
       24, 246, 51, 189, 93, 95, 34, 250, 250, 250, 127, 255, 127, 127,
       221, 219, 255, 255, 255, 251, 127, 255, 253, 255, 255, 247, 127,
       251, 247, 222, 181, 127, 239, 255, 247, 59, 255, 127, 254, 255,
       210, 109, 223, 255, 218, 127, 249, 119, 242, 223, 122, 63, 223,
       158, 244, 127, 141, 173, 22, 5, 248, 63, 159, 77, 144, 246, 121,
       191, 221, 95, 34, 186, 109, 38, 101, 170, 94, 63, 39, 123, 245,
       124, 78, 23, 93, 63, 252, 231, 194, 253, 195, 32, 240, 226, 152,
       182, 93, 172, 140, 145, 250, 216, 57, 201, 209, 40, 87, 176, 119,
       114, 129, 124, 252, 213, 26, 143, 84, 226, 228, 77, 185, 36, 152,
       12, 242, 29, 143, 9, 62, 246, 55, 188, 90, 214, 44, 248, 124, 45,
       255, 244, 50, 111, 121, 127, 213, 220, 215, 181, 87, 246, 186, 78,
       250, 221, 227, 103, 247, 61, 192, 179, 221, 234, 166, 141, 64,
       220, 52, 233, 207, 38, 69, 186, 214, 122, 217, 124, 248, 125, 181,
       39, 245, 53, 229, 110, 153, 172, 153, 77, 240, 29, 156, 73, 16,
       242, 115, 189, 91, 87, 33, 250, 59, 183, 253, 247, 63, 181, 253,
       121, 247, 255, 213, 249, 255, 125, 176, 85, 246, 254, 227, 251,
       245, 126, 211, 255, 253, 58, 230, 255, 126, 117, 245, 239, 223,
       248, 215, 180, 255, 120, 248, 125, 120, 93, 251, 239, 244, 49,
       247, 111, 187, 254, 153, 79, 240, 29, 220, 93, 54, 243, 247, 255,
       251, 255, 172, 254, 59, 188, 255, 255, 63, 181, 253, 125, 255,
       255, 221, 249, 255, 127, 180, 95, 255, 255, 227, 251, 245, 127,
       211, 255, 253, 127, 231, 255, 126, 117, 245, 239, 223, 252, 215,
       182, 255, 249, 248, 125, 120, 95, 251, 239, 245, 53, 247, 111,
       187, 254, 153, 79, 240, 29, 220, 93, 54, 243, 247, 255, 251, 255,
       172, 254, 124, 41, 255, 244, 114, 127, 121, 127, 213, 252, 215,
       181, 95, 254, 187, 238, 251, 221, 115, 103, 247, 61, 192, 183,
       223, 234, 166, 157, 66, 220, 116, 235, 215, 38, 85, 186, 86, 126,
       249, 124, 248, 93, 181, 47, 221, 21, 229, 111, 157, 172, 25, 197,
       240, 29, 156, 73, 16, 242, 115, 189, 89, 87, 33, 250, 127, 178,
       109, 173, 255, 177, 159, 88, 254, 255, 212, 251, 237, 59, 180, 85,
       242, 245, 27, 241, 233, 99, 203, 124, 77, 252, 233, 63, 126, 31,
       113, 111, 215, 172, 213, 190, 90, 121, 233, 119, 112, 92, 122, 47,
       213, 20, 245, 111, 153, 172, 24, 5, 240, 29, 156, 73, 16, 246, 51,
       189, 216, 87, 32, 250, 125, 191, 255, 254, 118, 55, 255, 127, 212,
       252, 212, 177, 111, 255, 145, 78, 235, 213, 99, 103, 247, 47, 193,
       119, 79, 250, 166, 143, 82, 8, 112, 235, 215, 38, 85, 186, 83,
       120, 249, 116, 120, 94, 184, 47, 213, 53, 213, 111, 153, 172, 24,
       5, 240, 29, 156, 73, 16, 242, 51, 191, 88, 87, 32, 250, 124, 51,
       229, 246, 127, 175, 51, 122, 244, 92, 214, 117, 253, 122, 176, 68,
       242, 213, 67, 102, 245, 45, 193, 247, 76, 234, 160, 141, 82, 204,
       113, 233, 223, 36, 87, 186, 82, 120, 233, 116, 120, 93, 56, 15,
       213, 21, 247, 111, 153, 172, 24, 5, 240, 29, 156, 73, 16, 242, 51,
       189, 88, 87, 32, 250, 251, 223, 254, 255, 103, 127, 255, 183, 63,
       215, 125, 206, 159, 253, 126, 255, 189, 251, 252, 255, 63, 253,
       243, 243, 251, 119, 251, 254, 253, 247, 222, 163, 159, 211, 251,
       65, 255, 223, 254, 123, 119, 191, 251, 117, 191, 159, 255, 191,
       223, 219, 175, 255, 223, 231, 250, 254, 127, 223, 252, 111, 247,
       249, 223, 223, 125, 54, 245, 246, 254, 167, 127, 124, 246, 124,
       218, 55, 253, 127, 179, 84, 251, 213, 67, 98, 253, 47, 203, 127,
       78, 254, 182, 63, 90, 73, 113, 239, 87, 36, 85, 186, 82, 120, 241,
       118, 112, 92, 88, 47, 197, 4, 229, 79, 153, 172, 24, 5, 240, 28,
       156, 73, 16, 242, 51, 189, 88, 23, 32, 250, 37, 52, 113, 178, 25,
       132, 39, 77, 230, 110, 128, 53, 117, 110, 177, 85, 226, 244, 3,
       96, 193, 34, 219, 118, 76, 136, 164, 15, 82, 12, 49, 107, 215, 36,
       87, 186, 82, 120, 33, 116, 112, 92, 24, 14, 212, 20, 229, 79, 153,
       172, 24, 5, 240, 29, 156, 73, 16, 242, 51, 189, 88, 87, 32, 248,
       127, 50, 253, 179, 254, 183, 175, 92, 252, 255, 210, 55, 253, 127,
       179, 85, 250, 245, 3, 98, 237, 101, 203, 127, 76, 218, 176, 47,
       90, 89, 113, 239, 215, 36, 85, 186, 82, 120, 233, 118, 112, 92,
       120, 47, 213, 20, 245, 111, 153, 172, 24, 5, 240, 29, 156, 73, 16,
       242, 51, 189, 88, 87, 32, 250, 63, 54, 125, 163, 223, 181, 163,
       124, 252, 127, 210, 125, 253, 47, 177, 84, 226, 213, 3, 96, 201,
       35, 203, 125, 76, 200, 172, 47, 82, 9, 49, 111, 215, 36, 85, 186,
       82, 120, 169, 118, 112, 92, 24, 15, 213, 20, 245, 79, 153, 172,
       24, 5, 240, 29, 156, 73, 16, 242, 51, 189, 88, 87, 32, 250, 63,
       178, 109, 163, 255, 181, 139, 124, 252, 127, 210, 125, 173, 63,
       185, 85, 226, 213, 3, 96, 233, 35, 203, 125, 76, 200, 172, 47, 94,
       9, 113, 111, 215, 36, 85, 186, 82, 120, 169, 118, 112, 92, 90, 15,
       213, 20, 245, 95, 153, 172, 24, 5, 240, 29, 156, 73, 16, 242, 51,
       188, 88, 87, 32, 250, 38, 50, 97, 163, 223, 164, 135, 89, 228,
       110, 18, 117, 169, 15, 177, 85, 226, 213, 1, 96, 193, 35, 203,
       124, 76, 200, 172, 47, 82, 8, 49, 107, 85, 36, 85, 186, 82, 120,
       41, 116, 96, 84, 24, 15, 213, 20, 244, 79, 152, 172, 24, 5, 240,
       29, 156, 73, 16, 242, 51, 188, 88, 87, 32, 250, 39, 182, 101, 163,
       255, 180, 135, 88, 236, 127, 146, 127, 173, 31, 169, 85, 226, 245,
       1, 112, 225, 35, 154, 124, 68, 220, 57, 47, 94, 26, 33, 111, 215,
       36, 93, 186, 82, 120, 169, 118, 100, 92, 26, 143, 213, 16, 244,
       85, 152, 172, 24, 5, 240, 29, 156, 73, 16, 242, 51, 188, 88, 87,
       32, 250, 59, 246, 125, 239, 191, 189, 223, 57, 255, 255, 213, 249,
       253, 126, 124, 85, 255, 247, 102, 251, 245, 118, 211, 127, 245,
       255, 245, 255, 126, 255, 245, 235, 207, 108, 199, 190, 255, 121,
       249, 125, 124, 93, 127, 47, 213, 117, 247, 111, 187, 190, 152, 15,
       242, 29, 222, 93, 52, 243, 247, 189, 251, 223, 44, 222, 187, 246,
       125, 238, 255, 189, 223, 25, 255, 95, 189, 251, 173, 127, 100,
       125, 247, 247, 62, 251, 245, 118, 147, 126, 245, 255, 241, 123,
       255, 123, 255, 235, 215, 108, 222, 254, 218, 121, 249, 245, 118,
