%YAML:1.0
descriptors: !!opencv-matrix
   rows: 29
   cols: 64
   dt: u
   data: [ 248, 249, 255, 223, 54, 127, 253, 254, 223, 253, 125, 219,
       127, 254, 255, 238, 255, 214, 127, 111, 126, 191, 231, 183, 235,
       239, 183, 186, 219, 203, 118, 251, 255, 36, 117, 254, 87, 125,
       249, 244, 122, 95, 249, 63, 223, 54, 245, 110, 157, 172, 30, 5,
       248, 31, 156, 73, 16, 242, 51, 189, 93, 87, 34, 251, 60, 190, 255,
       237, 58, 253, 241, 127, 221, 252, 222, 253, 125, 60, 251, 236,
       251, 220, 251, 42, 245, 83, 223, 255, 253, 125, 20, 183, 109, 223,
       127, 239, 205, 232, 103, 188, 254, 251, 249, 124, 249, 93, 247,
       38, 213, 167, 247, 107, 191, 236, 143, 143, 242, 29, 157, 93, 118,
       242, 255, 253, 251, 143, 44, 222, 249, 218, 255, 255, 255, 125,
       249, 250, 255, 253, 254, 223, 255, 253, 254, 253, 255, 215, 127,
       111, 124, 143, 175, 60, 239, 255, 255, 123, 255, 95, 250, 191,
       243, 101, 85, 255, 82, 119, 253, 244, 243, 94, 56, 63, 221, 150,
       252, 245, 137, 173, 94, 5, 248, 31, 159, 73, 144, 244, 51, 189,
       92, 86, 34, 185, 60, 184, 255, 173, 58, 255, 241, 127, 253, 252,
       214, 245, 125, 60, 251, 236, 251, 220, 227, 107, 245, 83, 239,
       255, 253, 253, 52, 151, 127, 223, 127, 239, 221, 228, 87, 190,
       118, 242, 233, 126, 249, 93, 127, 38, 213, 181, 247, 107, 185,
       236, 207, 13, 242, 29, 156, 93, 54, 242, 191, 189, 219, 95, 38,
       254, 187, 213, 124, 254, 55, 189, 93, 25, 255, 215, 189, 250, 191,
       122, 116, 95, 255, 247, 118, 251, 191, 126, 243, 119, 245, 247,
       243, 63, 127, 251, 215, 169, 138, 238, 158, 158, 234, 121, 250,
       125, 122, 255, 255, 233, 183, 81, 245, 63, 183, 191, 144, 79, 234,
       181, 254, 117, 57, 183, 246, 159, 187, 251, 173, 154, 191, 245,
       125, 255, 55, 189, 223, 24, 255, 199, 253, 250, 255, 123, 244, 93,
       243, 247, 126, 127, 55, 118, 243, 118, 253, 255, 247, 63, 127, 58,
       246, 169, 214, 108, 150, 222, 202, 121, 249, 253, 126, 219, 57,
       175, 213, 24, 245, 47, 153, 191, 144, 13, 248, 29, 158, 93, 56,
       246, 113, 191, 120, 223, 46, 251, 253, 253, 255, 253, 126, 255,
       255, 255, 253, 253, 253, 187, 223, 253, 191, 206, 187, 253, 251,
       111, 191, 255, 246, 191, 255, 127, 247, 254, 105, 215, 254, 239,
       207, 123, 39, 255, 223, 253, 255, 127, 124, 253, 255, 255, 255,
       185, 247, 235, 255, 238, 175, 219, 243, 125, 156, 222, 127, 255,
       255, 251, 251, 255, 217, 254, 124, 174, 230, 253, 251, 191, 227,
       123, 61, 252, 214, 119, 253, 127, 249, 100, 242, 221, 251, 102,
       245, 47, 219, 123, 127, 122, 42, 167, 124, 223, 59, 239, 223, 99,
       87, 187, 119, 122, 253, 124, 253, 92, 90, 46, 69, 175, 247, 111,
       189, 172, 24, 5, 241, 125, 157, 73, 82, 254, 55, 189, 90, 71, 48,
       250, 255, 252, 255, 127, 255, 250, 251, 252, 253, 189, 252, 251,
       239, 251, 198, 255, 251, 221, 63, 127, 239, 207, 239, 125, 239,
       255, 255, 191, 255, 127, 231, 191, 255, 239, 188, 255, 119, 189,
       253, 247, 91, 222, 235, 127, 219, 59, 255, 179, 237, 255, 95, 245,
       253, 255, 156, 239, 120, 254, 247, 255, 254, 87, 183, 255, 127,
       246, 125, 255, 190, 189, 223, 88, 251, 247, 189, 248, 253, 59,
       244, 95, 243, 247, 62, 107, 175, 117, 219, 125, 237, 223, 225,
       127, 127, 63, 253, 111, 215, 228, 212, 190, 218, 249, 249, 247,
       118, 94, 105, 47, 213, 22, 245, 63, 153, 236, 24, 5, 244, 29, 157,
       77, 24, 246, 179, 189, 216, 87, 34, 255, 255, 246, 125, 175, 255,
       188, 159, 152, 255, 127, 188, 251, 175, 59, 246, 125, 242, 247,
       63, 113, 249, 87, 187, 124, 230, 255, 121, 63, 255, 123, 247, 255,
       213, 237, 222, 255, 250, 121, 173, 247, 119, 222, 106, 189, 209,
       90, 252, 21, 156, 189, 24, 5, 252, 181, 158, 107, 120, 246, 179,
       156, 222, 223, 62, 253, 124, 63, 255, 252, 114, 63, 243, 127, 213,
       220, 214, 55, 95, 242, 187, 78, 242, 221, 123, 102, 117, 61, 210,
       243, 95, 234, 166, 141, 80, 220, 60, 233, 239, 39, 85, 187, 87,
       122, 197, 116, 248, 93, 148, 14, 221, 183, 195, 239, 157, 172, 24,
       13, 242, 29, 157, 73, 80, 242, 115, 189, 90, 87, 32, 250, 255,
       253, 255, 255, 55, 255, 253, 254, 127, 255, 255, 251, 255, 190,
       255, 254, 255, 247, 125, 127, 191, 253, 247, 123, 253, 255, 243,
       127, 127, 255, 254, 251, 255, 100, 247, 251, 246, 127, 249, 253,
       246, 223, 255, 127, 255, 151, 245, 111, 223, 191, 191, 141, 250,
       189, 255, 93, 120, 246, 127, 255, 219, 223, 174, 255, 187, 246,
       124, 239, 255, 189, 159, 24, 255, 127, 189, 251, 189, 123, 228,
       85, 246, 247, 62, 177, 253, 119, 155, 124, 229, 255, 249, 127,
       254, 123, 247, 239, 223, 236, 222, 183, 251, 121, 249, 255, 127,
       223, 111, 45, 209, 83, 253, 95, 188, 255, 24, 13, 246, 165, 223,
       117, 56, 182, 247, 191, 251, 223, 60, 223, 124, 63, 255, 252, 114,
       63, 115, 127, 213, 252, 214, 55, 95, 250, 187, 78, 242, 221, 123,
       102, 245, 189, 210, 179, 95, 234, 166, 141, 88, 220, 60, 235, 199,
       39, 85, 187, 87, 126, 213, 116, 248, 93, 180, 46, 221, 23, 195,
       239, 157, 172, 24, 141, 242, 29, 157, 73, 80, 242, 115, 189, 91,
       86, 32, 250, 255, 62, 243, 167, 255, 254, 155, 233, 206, 127, 211,
       127, 239, 111, 218, 84, 250, 213, 63, 102, 205, 7, 139, 125, 207,
       222, 249, 47, 210, 31, 115, 127, 87, 37, 85, 191, 82, 123, 237,
       118, 112, 92, 24, 47, 213, 12, 253, 53, 153, 172, 24, 5, 240, 29,
       156, 73, 80, 242, 51, 189, 88, 87, 32, 254, 254, 250, 255, 231,
       255, 255, 159, 217, 254, 255, 251, 251, 255, 126, 251, 253, 243,
       215, 63, 107, 237, 55, 203, 124, 239, 223, 253, 63, 222, 123, 247,
       255, 215, 165, 93, 255, 82, 121, 237, 119, 112, 92, 105, 63, 213,
       142, 253, 53, 157, 173, 24, 5, 240, 189, 157, 107, 80, 246, 51,
       189, 220, 87, 48, 254, 119, 52, 249, 63, 255, 150, 155, 72, 238,
       175, 145, 186, 237, 43, 179, 87, 246, 215, 2, 115, 201, 39, 195,
       125, 204, 200, 252, 127, 82, 61, 241, 107, 215, 44, 85, 191, 90,
       120, 233, 118, 112, 76, 56, 47, 213, 28, 241, 63, 153, 172, 24, 5,
       240, 29, 156, 73, 16, 242, 51, 189, 88, 87, 32, 250, 123, 52, 253,
       171, 255, 191, 27, 124, 254, 111, 209, 186, 253, 43, 150, 86, 254,
       215, 27, 117, 233, 103, 195, 125, 204, 248, 248, 63, 82, 25, 241,
       107, 215, 44, 85, 191, 90, 120, 237, 126, 112, 92, 56, 47, 213,
       28, 245, 111, 153, 172, 24, 5, 240, 29, 156, 73, 24, 246, 51, 189,
       88, 87, 32, 250, 239, 254, 239, 187, 255, 247, 167, 253, 252, 255,
       252, 255, 255, 255, 179, 109, 251, 245, 123, 102, 253, 199, 223,
       125, 78, 255, 189, 175, 251, 95, 115, 255, 215, 37, 87, 187, 82,
       121, 237, 118, 124, 92, 120, 47, 213, 29, 253, 247, 157, 172, 24,
       5, 241, 61, 156, 73, 80, 246, 51, 189, 88, 87, 32, 250, 103, 6,
       229, 129, 221, 166, 7, 92, 164, 110, 130, 52, 233, 77, 147, 69,
       226, 213, 3, 96, 200, 35, 202, 125, 76, 200, 172, 47, 82, 12, 49,
       79, 87, 36, 85, 187, 82, 120, 37, 86, 112, 84, 24, 14, 69, 20,
       229, 79, 153, 172, 24, 5, 240, 29, 156, 73, 16, 242, 51, 189, 88,
       87, 32, 248, 124, 55, 247, 213, 250, 231, 255, 125, 238, 229, 239,
       127, 253, 126, 179, 118, 251, 213, 99, 99, 223, 47, 194, 127, 77,
       223, 183, 47, 82, 11, 115, 111, 215, 37, 85, 186, 82, 120, 233,
       118, 112, 92, 56, 47, 213, 20, 245, 111, 153, 172, 24, 5, 240, 29,
       156, 73, 16, 242, 51, 189, 88, 87, 32, 250, 251, 222, 108, 175,
       255, 188, 159, 152, 190, 255, 127, 219, 173, 127, 126, 85, 245,
       247, 45, 243, 236, 103, 211, 124, 77, 255, 253, 127, 94, 27, 243,
       255, 215, 44, 85, 190, 90, 121, 233, 117, 112, 92, 56, 47, 213,
       16, 245, 111, 153, 172, 24, 5, 240, 29, 156, 73, 16, 242, 51, 189,
       88, 87, 32, 250, 125, 53, 255, 212, 62, 167, 93, 127, 214, 228,
       245, 177, 247, 202, 179, 94, 250, 213, 35, 99, 223, 45, 194, 119,
       206, 219, 179, 47, 82, 9, 117, 107, 215, 38, 21, 186, 82, 120,
