%YAML:1.0
descriptors: !!opencv-matrix
   rows: 10
   cols: 64
   dt: u
   data: [ 191, 250, 255, 247, 63, 119, 253, 254, 255, 255, 254, 255,
       255, 126, 243, 255, 255, 223, 103, 123, 245, 119, 231, 127, 205,
       255, 247, 251, 95, 95, 247, 255, 247, 44, 85, 190, 83, 120, 233,
       244, 122, 92, 122, 47, 213, 23, 247, 111, 153, 172, 24, 5, 240,
       29, 156, 73, 16, 242, 51, 189, 88, 87, 32, 250, 189, 186, 255,
       215, 58, 253, 255, 248, 254, 255, 254, 255, 255, 127, 251, 236,
       247, 223, 99, 99, 245, 39, 195, 247, 217, 127, 245, 254, 76, 223,
       243, 251, 223, 44, 69, 190, 95, 120, 233, 124, 120, 92, 56, 47,
       213, 55, 247, 111, 153, 172, 24, 5, 240, 29, 156, 73, 16, 242, 51,
       189, 88, 87, 32, 250, 189, 255, 255, 254, 62, 191, 253, 114, 127,
       255, 127, 219, 223, 123, 254, 252, 247, 223, 101, 107, 245, 117,
       195, 243, 253, 255, 183, 255, 127, 95, 247, 235, 215, 36, 85, 186,
       87, 122, 249, 252, 242, 94, 57, 47, 213, 22, 247, 111, 153, 172,
       24, 5, 240, 29, 157, 73, 16, 242, 51, 189, 88, 87, 32, 251, 251,
       253, 255, 246, 55, 183, 125, 123, 247, 255, 253, 250, 255, 234,
       180, 95, 246, 247, 127, 127, 255, 255, 243, 127, 191, 254, 247,
       191, 123, 249, 244, 235, 203, 108, 150, 255, 222, 125, 241, 253,
       90, 207, 247, 239, 243, 117, 245, 127, 191, 190, 154, 207, 232,
       189, 158, 85, 56, 182, 115, 223, 255, 158, 174, 187, 190, 217,
       254, 255, 54, 191, 249, 243, 63, 255, 125, 219, 159, 250, 252,
       254, 246, 215, 101, 107, 247, 125, 225, 115, 109, 223, 163, 127,
       91, 95, 247, 251, 247, 36, 84, 186, 82, 122, 249, 245, 242, 95,
       185, 47, 209, 22, 245, 111, 153, 172, 24, 5, 240, 29, 157, 73, 16,
       242, 51, 189, 89, 87, 34, 251, 159, 249, 207, 255, 54, 187, 221,
       178, 127, 255, 125, 219, 223, 250, 124, 123, 244, 247, 37, 251,
       231, 61, 193, 115, 205, 254, 163, 127, 83, 78, 247, 123, 247, 36,
       84, 186, 90, 120, 233, 244, 242, 95, 56, 47, 213, 22, 245, 111,
       153, 172, 24, 5, 240, 29, 157, 73, 16, 242, 51, 189, 88, 87, 34,
       251, 39, 36, 97, 146, 25, 134, 7, 73, 230, 102, 129, 50, 161, 75,
       144, 87, 226, 213, 3, 96, 193, 39, 202, 119, 76, 152, 164, 15, 82,
       8, 49, 107, 215, 36, 85, 186, 66, 120, 33, 86, 48, 80, 24, 15,
       213, 20, 229, 79, 153, 172, 24, 5, 112, 29, 156, 73, 16, 242, 51,
       189, 88, 87, 32, 250, 127, 254, 255, 173, 255, 247, 191, 253, 253,
       255, 248, 185, 253, 175, 255, 223, 251, 253, 123, 123, 249, 211,
       223, 61, 221, 253, 253, 191, 127, 95, 127, 255, 245, 237, 223,
       191, 215, 253, 189, 127, 126, 94, 122, 191, 215, 189, 222, 113,
       189, 236, 28, 5, 247, 189, 157, 93, 216, 254, 179, 189, 222, 215,
       58, 246, 60, 190, 255, 253, 62, 253, 253, 125, 253, 254, 222, 253,
       253, 126, 249, 253, 251, 252, 227, 123, 245, 127, 223, 255, 253,
       255, 247, 183, 127, 215, 255, 255, 207, 232, 223, 190, 255, 251,
       249, 117, 124, 93, 251, 175, 215, 183, 247, 107, 187, 252, 152,
       13, 242, 29, 157, 93, 54, 242, 255, 191, 251, 223, 44, 254, 188,
       252, 127, 237, 255, 253, 255, 249, 253, 253, 252, 251, 255, 124,
       252, 237, 255, 253, 255, 251, 253, 94, 191, 252, 255, 127, 123,
       246, 253, 215, 255, 255, 207, 235, 255, 117, 255, 255, 253, 63,
       127, 223, 255, 191, 223, 183, 254, 241, 173, 223, 223, 189, 223,
       231, 143, 253, 254, 220, 255, 239, 215, 223, 190, 190 ]
