%YAML:1.0
descriptors: !!opencv-matrix
   rows: 22
   cols: 64
   dt: u
   data: [ 191, 255, 127, 255, 55, 63, 159, 219, 255, 223, 249, 250, 239,
       123, 246, 127, 247, 247, 111, 255, 117, 118, 209, 118, 221, 255,
       245, 123, 127, 62, 255, 251, 214, 108, 215, 190, 218, 120, 249,
       253, 118, 94, 56, 191, 213, 16, 245, 111, 153, 173, 24, 5, 240,
       29, 158, 77, 16, 242, 51, 189, 90, 215, 40, 250, 254, 248, 255,
       239, 255, 245, 251, 253, 255, 253, 214, 255, 255, 62, 251, 252,
       255, 223, 251, 123, 253, 119, 239, 125, 253, 251, 252, 255, 127,
       223, 255, 255, 255, 237, 87, 254, 247, 251, 249, 126, 251, 93,
       127, 46, 213, 55, 251, 119, 189, 236, 155, 13, 246, 157, 156, 77,
       126, 246, 191, 189, 219, 95, 34, 255, 189, 253, 255, 221, 62, 127,
       249, 255, 255, 253, 254, 255, 255, 254, 254, 238, 255, 255, 255,
       59, 245, 127, 247, 247, 251, 111, 246, 246, 125, 223, 255, 255,
       239, 106, 247, 244, 255, 123, 249, 253, 219, 221, 255, 190, 249,
       179, 247, 111, 191, 191, 143, 207, 248, 29, 159, 85, 126, 246,
       127, 255, 251, 159, 175, 255, 255, 253, 255, 253, 118, 255, 95,
       219, 255, 255, 189, 248, 95, 190, 252, 255, 251, 245, 127, 111,
       253, 247, 244, 55, 237, 255, 253, 127, 127, 127, 254, 251, 210,
       45, 215, 255, 218, 121, 253, 245, 114, 223, 122, 63, 215, 222,
       245, 111, 157, 173, 30, 5, 248, 61, 159, 95, 16, 246, 59, 189, 91,
       223, 58, 250, 254, 253, 255, 255, 255, 255, 223, 153, 255, 247,
       189, 250, 191, 222, 254, 255, 255, 247, 60, 251, 191, 247, 243,
       126, 237, 215, 243, 127, 255, 123, 255, 251, 147, 236, 215, 223,
       218, 125, 251, 247, 114, 223, 239, 125, 151, 30, 245, 63, 223,
       191, 150, 13, 248, 189, 254, 127, 16, 246, 249, 63, 253, 223, 188,
       190, 63, 182, 125, 175, 255, 181, 159, 24, 254, 127, 145, 120,
       173, 59, 165, 85, 242, 247, 3, 240, 233, 99, 219, 124, 196, 168,
       232, 127, 122, 25, 241, 111, 215, 44, 214, 190, 90, 120, 169, 119,
       116, 94, 26, 15, 213, 16, 212, 79, 153, 172, 24, 5, 240, 29, 156,
       73, 16, 242, 51, 188, 216, 87, 34, 251, 127, 182, 125, 167, 255,
       181, 159, 88, 254, 127, 149, 250, 173, 59, 180, 85, 242, 247, 3,
       113, 249, 99, 219, 124, 204, 250, 232, 63, 122, 25, 113, 111, 215,
       44, 214, 190, 82, 121, 169, 119, 112, 94, 58, 15, 209, 20, 245,
       95, 153, 172, 24, 5, 240, 29, 156, 73, 16, 242, 51, 189, 88, 87,
       32, 251, 58, 180, 125, 231, 255, 181, 223, 57, 254, 255, 215, 255,
       189, 126, 177, 85, 254, 247, 91, 243, 253, 119, 219, 124, 189,
       254, 254, 127, 94, 249, 245, 239, 215, 236, 223, 191, 254, 121,
       233, 119, 88, 93, 111, 46, 213, 21, 253, 127, 189, 190, 24, 5,
       244, 157, 156, 89, 16, 246, 183, 189, 250, 223, 40, 254, 127, 182,
       125, 167, 255, 191, 155, 89, 254, 127, 213, 251, 237, 59, 180, 85,
       242, 245, 25, 113, 249, 101, 218, 124, 92, 250, 232, 63, 122, 25,
       113, 239, 215, 36, 84, 187, 210, 121, 169, 119, 116, 94, 120, 175,
       209, 20, 245, 127, 153, 172, 24, 5, 240, 29, 156, 73, 16, 246, 51,
       189, 218, 87, 32, 251, 124, 57, 255, 252, 114, 127, 249, 255, 213,
       252, 215, 181, 95, 254, 187, 206, 251, 221, 123, 111, 119, 189,
       230, 183, 223, 235, 182, 157, 121, 204, 118, 235, 215, 39, 117,
       187, 214, 126, 249, 117, 248, 125, 189, 46, 255, 61, 227, 238,
       159, 172, 27, 213, 240, 29, 156, 77, 80, 246, 123, 251, 89, 87,
       33, 250, 254, 180, 125, 231, 255, 181, 223, 185, 254, 255, 215,
       255, 253, 126, 178, 85, 251, 247, 91, 115, 253, 119, 219, 124,
       189, 254, 255, 63, 94, 251, 247, 239, 199, 237, 223, 191, 254,
       121, 233, 119, 120, 93, 103, 47, 213, 53, 253, 63, 191, 190, 24,
       5, 240, 189, 156, 121, 80, 246, 179, 189, 250, 223, 40, 254, 125,
       61, 255, 244, 114, 39, 127, 127, 244, 220, 196, 241, 127, 251,
       178, 78, 235, 213, 123, 103, 247, 47, 192, 119, 79, 251, 182, 141,
       82, 12, 48, 233, 215, 39, 84, 186, 82, 120, 241, 116, 120, 92,
       184, 47, 221, 21, 245, 111, 153, 172, 24, 5, 240, 29, 156, 73, 16,
       242, 51, 189, 88, 87, 33, 250, 124, 43, 247, 246, 115, 167, 99,
       123, 244, 84, 214, 117, 127, 250, 176, 68, 226, 213, 99, 103, 247,
       47, 193, 247, 78, 234, 166, 141, 82, 140, 48, 233, 223, 38, 84,
       186, 82, 120, 201, 116, 88, 92, 56, 15, 209, 53, 245, 111, 153,
       172, 24, 5, 240, 29, 156, 73, 16, 242, 51, 189, 88, 87, 32, 250,
       51, 54, 113, 162, 31, 150, 15, 73, 198, 126, 144, 48, 125, 106,
       144, 84, 242, 213, 3, 96, 193, 35, 193, 119, 76, 136, 164, 15, 82,
       24, 113, 107, 215, 36, 84, 190, 82, 120, 161, 116, 112, 92, 24,
       15, 208, 20, 245, 79, 153, 172, 24, 5, 240, 29, 156, 73, 16, 242,
       51, 189, 88, 87, 32, 250, 59, 182, 117, 162, 191, 181, 143, 105,
       246, 127, 80, 113, 189, 123, 176, 84, 226, 215, 1, 96, 193, 35,
       203, 125, 76, 136, 164, 15, 82, 24, 113, 107, 215, 36, 84, 186,
       82, 120, 169, 116, 80, 94, 24, 15, 209, 20, 213, 79, 153, 172, 24,
       5, 240, 29, 156, 73, 16, 242, 51, 189, 88, 87, 32, 250, 250, 219,
       222, 255, 119, 255, 221, 147, 127, 255, 63, 202, 191, 250, 126,
       255, 191, 247, 124, 191, 191, 127, 247, 127, 251, 247, 247, 127,
       127, 251, 254, 243, 215, 255, 255, 117, 255, 127, 250, 123, 242,
       255, 235, 125, 191, 222, 247, 255, 255, 219, 190, 215, 255, 229,
       255, 255, 87, 255, 254, 255, 247, 249, 217, 190, 109, 172, 239,
       251, 58, 255, 245, 255, 253, 245, 206, 255, 255, 254, 191, 239,
       219, 253, 243, 107, 253, 119, 95, 247, 127, 255, 149, 183, 107,
       223, 127, 239, 223, 110, 71, 190, 219, 249, 249, 126, 120, 125,
       124, 39, 213, 117, 247, 235, 189, 172, 137, 13, 242, 29, 156, 93,
       60, 246, 123, 189, 251, 223, 108, 250, 55, 182, 125, 162, 191,
       176, 135, 24, 230, 127, 144, 112, 173, 27, 164, 85, 242, 246, 1,
       240, 225, 34, 155, 124, 196, 152, 224, 47, 82, 24, 225, 107, 215,
       44, 84, 190, 90, 120, 169, 116, 112, 92, 24, 15, 208, 17, 244, 79,
       153, 172, 24, 5, 240, 29, 156, 73, 16, 242, 51, 188, 88, 87, 32,
       250, 63, 180, 124, 166, 63, 189, 159, 24, 255, 127, 214, 241, 189,
       63, 180, 85, 253, 247, 67, 241, 245, 114, 211, 125, 245, 254, 229,
       127, 126, 91, 245, 239, 223, 108, 215, 190, 251, 120, 233, 125,
       120, 93, 122, 47, 213, 117, 247, 111, 185, 172, 24, 13, 240, 29,
       156, 73, 48, 242, 55, 189, 250, 215, 44, 250, 190, 253, 254, 255,
       55, 253, 221, 59, 255, 223, 253, 250, 255, 126, 124, 95, 253, 247,
       126, 251, 183, 127, 211, 247, 245, 119, 247, 255, 127, 255, 255,
       235, 207, 126, 207, 174, 255, 121, 250, 121, 124, 253, 247, 237,
       183, 117, 247, 111, 191, 187, 153, 75, 250, 189, 254, 85, 63, 247,
       247, 255, 251, 251, 237, 222, 252, 234, 255, 253, 122, 127, 251,
       255, 221, 253, 254, 189, 95, 190, 251, 238, 187, 221, 251, 107,
       253, 217, 238, 184, 253, 239, 190, 183, 237, 223, 127, 255, 229,
       65, 127, 251, 215, 247, 253, 252, 251, 93, 247, 54, 255, 167, 123,
       249, 191, 173, 239, 255, 219, 127, 157, 92, 244, 252, 107, 237,
       223, 14, 43, 246, 191, 254, 127, 255, 255, 125, 221, 218, 255,
       255, 253, 251, 255, 251, 252, 253, 247, 246, 63, 107, 47, 222,
       173, 60, 239, 255, 243, 123, 255, 127, 255, 255, 240, 229, 124,
       223, 210, 119, 249, 247, 215, 223, 123, 127, 218, 158, 252, 61,
       205, 181, 86, 133, 232, 183, 135, 109, 152, 244, 57, 190, 221, 94,
       34, 189 ]
