%YAML:1.0
descriptors: !!opencv-matrix
   rows: 11
   cols: 64
   dt: u
   data: [ 251, 223, 222, 255, 119, 251, 223, 154, 63, 255, 191, 234,
       190, 254, 111, 255, 253, 255, 60, 255, 47, 255, 247, 123, 231,
       255, 251, 127, 127, 119, 254, 179, 223, 255, 255, 247, 251, 127,
       254, 123, 246, 255, 255, 125, 191, 223, 255, 191, 221, 219, 62,
       215, 255, 231, 255, 255, 123, 255, 253, 255, 253, 249, 159, 250,
       251, 253, 125, 254, 127, 127, 223, 122, 255, 127, 253, 249, 127,
       123, 244, 253, 247, 247, 127, 127, 246, 127, 177, 119, 237, 255,
       231, 63, 127, 91, 125, 251, 247, 109, 20, 255, 210, 121, 249, 245,
       114, 223, 59, 63, 209, 22, 245, 111, 157, 173, 30, 5, 248, 29,
       159, 77, 16, 246, 123, 191, 88, 87, 34, 249, 63, 182, 125, 175,
       255, 181, 159, 120, 254, 255, 220, 255, 253, 126, 191, 85, 251,
       245, 3, 99, 237, 55, 203, 124, 205, 254, 252, 47, 90, 93, 119,
       239, 215, 44, 85, 190, 82, 120, 233, 116, 112, 92, 120, 47, 213,
       20, 245, 111, 153, 172, 24, 5, 240, 29, 156, 73, 16, 242, 51, 189,
       88, 87, 32, 250, 60, 189, 255, 255, 62, 253, 249, 127, 255, 252,
       253, 253, 255, 126, 189, 126, 251, 215, 99, 107, 245, 63, 211,
       247, 253, 255, 231, 191, 122, 219, 119, 239, 223, 44, 87, 190,
       223, 120, 249, 125, 120, 93, 255, 47, 213, 53, 245, 111, 153, 172,
       24, 13, 240, 29, 156, 73, 16, 242, 115, 191, 123, 87, 32, 250,
       109, 63, 231, 252, 126, 191, 251, 122, 245, 252, 202, 55, 207,
       253, 249, 111, 178, 253, 251, 110, 247, 127, 24, 255, 95, 106,
       166, 151, 124, 87, 125, 223, 123, 43, 215, 191, 213, 254, 253,
       125, 252, 125, 219, 142, 109, 227, 195, 235, 188, 173, 152, 223,
       243, 61, 159, 77, 116, 238, 127, 191, 234, 198, 175, 244, 63, 252,
       255, 255, 63, 189, 253, 57, 255, 255, 213, 251, 255, 126, 244, 93,
       254, 255, 103, 251, 245, 126, 211, 127, 253, 254, 247, 255, 126,
       255, 247, 239, 223, 236, 223, 190, 255, 121, 249, 125, 120, 221,
       251, 47, 213, 117, 247, 111, 187, 190, 152, 15, 240, 29, 156, 93,
       54, 243, 247, 191, 251, 223, 172, 254, 63, 182, 125, 254, 63, 189,
       253, 120, 119, 254, 213, 241, 253, 123, 189, 85, 242, 246, 65,
       251, 245, 116, 209, 119, 253, 186, 224, 155, 126, 125, 245, 235,
       215, 100, 85, 186, 223, 120, 249, 125, 116, 93, 59, 47, 212, 21,
       247, 111, 153, 172, 24, 5, 240, 29, 156, 77, 16, 242, 51, 189, 90,
       215, 40, 250, 255, 254, 255, 255, 255, 191, 255, 120, 255, 255,
       252, 251, 239, 123, 246, 125, 246, 255, 127, 123, 253, 119, 251,
       127, 237, 254, 251, 255, 127, 95, 255, 239, 223, 108, 214, 191,
       215, 121, 249, 247, 218, 94, 122, 63, 209, 23, 247, 127, 157, 173,
       24, 5, 240, 61, 159, 73, 16, 246, 51, 191, 218, 87, 34, 255, 12,
       169, 239, 248, 18, 103, 241, 127, 181, 220, 196, 213, 83, 252,
       179, 110, 235, 221, 227, 99, 244, 45, 198, 243, 93, 123, 148, 134,
       89, 198, 50, 235, 223, 38, 85, 186, 86, 120, 233, 124, 120, 93,
       56, 39, 213, 53, 247, 111, 153, 172, 24, 5, 240, 29, 156, 73, 16,
       242, 51, 189, 88, 87, 32, 250, 60, 187, 255, 253, 58, 127, 249,
       247, 189, 252, 222, 213, 95, 253, 251, 238, 251, 220, 235, 107,
       244, 125, 214, 243, 125, 111, 182, 214, 125, 215, 127, 255, 255,
       98, 87, 184, 215, 122, 249, 124, 252, 93, 251, 62, 245, 167, 243,
       111, 185, 172, 159, 13, 240, 29, 157, 77, 52, 242, 123, 189, 91,
       95, 33, 250, 60, 118, 117, 229, 254, 189, 187, 121, 253, 127, 211,
       125, 253, 59, 249, 212, 242, 213, 79, 104, 249, 114, 142, 124,
       124, 184, 173, 191, 254, 95, 125, 255, 113, 100, 92, 191, 86, 115,
       161, 214, 223, 94, 89, 30, 192, 134, 200, 21, 141, 45, 20, 5, 106,
       157, 143, 73, 144, 246, 59, 156, 220, 14, 34, 181 ]
