%YAML:1.0
descriptors: !!opencv-matrix
   rows: 11
   cols: 64
   dt: u
   data: [ 187, 205, 238, 255, 35, 93, 221, 175, 255, 255, 255, 255, 191,
       190, 127, 254, 191, 178, 126, 251, 63, 222, 247, 127, 127, 255,
       247, 59, 239, 255, 254, 255, 239, 252, 111, 254, 255, 127, 250,
       126, 123, 253, 253, 127, 191, 247, 255, 253, 255, 235, 255, 159,
       222, 31, 255, 124, 187, 247, 253, 125, 255, 253, 138, 254, 223,
       221, 206, 127, 255, 251, 254, 246, 57, 187, 125, 219, 158, 247,
       239, 235, 139, 221, 189, 239, 207, 255, 239, 123, 111, 223, 159,
       55, 255, 111, 63, 126, 247, 247, 189, 251, 119, 255, 255, 183,
       243, 255, 255, 127, 255, 158, 255, 251, 223, 253, 127, 181, 221,
       255, 191, 238, 219, 255, 59, 255, 93, 127, 55, 255, 220, 235, 187,
       253, 50, 255, 254, 251, 221, 251, 255, 255, 211, 150, 254, 234,
       187, 221, 255, 79, 159, 189, 230, 219, 253, 223, 191, 239, 69,
       239, 63, 254, 207, 53, 127, 251, 223, 255, 233, 119, 251, 253,
       241, 63, 255, 191, 191, 127, 159, 175, 191, 247, 251, 95, 191, 88,
       84, 251, 51, 253, 125, 95, 97, 254, 62, 185, 255, 254, 55, 127,
       253, 126, 215, 220, 213, 241, 127, 254, 182, 94, 255, 215, 99,
       107, 247, 63, 195, 119, 205, 255, 247, 255, 91, 252, 246, 235,
       215, 44, 85, 190, 214, 120, 249, 117, 120, 93, 187, 47, 245, 53,
       245, 111, 153, 172, 24, 5, 240, 29, 156, 73, 16, 242, 51, 191,
       120, 87, 32, 250, 63, 180, 253, 255, 63, 253, 253, 125, 255, 252,
       214, 245, 253, 126, 185, 84, 255, 254, 67, 243, 245, 118, 211,
       255, 253, 190, 244, 255, 126, 223, 245, 239, 223, 44, 87, 190,
       223, 120, 233, 125, 120, 93, 123, 47, 213, 53, 247, 111, 185, 172,
       153, 13, 240, 29, 156, 73, 52, 242, 55, 189, 218, 95, 40, 254, 61,
       190, 255, 255, 62, 253, 253, 121, 255, 253, 222, 253, 253, 127,
       249, 220, 255, 254, 227, 107, 245, 126, 219, 255, 253, 127, 245,
       255, 126, 223, 247, 239, 223, 108, 87, 190, 255, 122, 249, 125,
       124, 93, 251, 47, 213, 53, 247, 111, 187, 172, 153, 13, 242, 29,
       157, 93, 62, 242, 119, 191, 251, 223, 44, 254, 59, 214, 124, 102,
       191, 185, 158, 24, 58, 59, 245, 235, 172, 121, 36, 21, 244, 254,
       7, 243, 245, 114, 83, 126, 196, 62, 225, 250, 126, 119, 229, 231,
       223, 124, 214, 52, 251, 120, 232, 113, 124, 94, 122, 47, 212, 113,
       247, 111, 185, 238, 24, 7, 240, 29, 220, 73, 18, 243, 183, 189,
       250, 211, 36, 250, 191, 250, 255, 239, 255, 189, 255, 248, 255,
       255, 253, 251, 255, 123, 246, 93, 246, 255, 127, 107, 245, 119,
       219, 124, 237, 255, 245, 255, 127, 95, 247, 239, 215, 100, 94,
       190, 211, 121, 249, 247, 126, 95, 123, 47, 209, 21, 247, 111, 153,
       172, 24, 5, 240, 29, 157, 77, 16, 246, 51, 189, 218, 95, 34, 255,
       47, 246, 253, 127, 190, 188, 191, 80, 123, 255, 44, 203, 204, 123,
       173, 93, 230, 255, 33, 235, 229, 101, 91, 123, 197, 255, 177, 255,
       126, 31, 241, 103, 215, 100, 213, 186, 91, 120, 249, 119, 116, 94,
       58, 175, 213, 80, 247, 111, 153, 172, 24, 5, 240, 29, 156, 73, 16,
       242, 51, 189, 216, 87, 32, 250, 252, 251, 255, 255, 126, 127, 251,
       255, 253, 255, 254, 253, 127, 254, 251, 254, 251, 213, 127, 111,
       125, 185, 231, 54, 109, 239, 191, 191, 223, 223, 127, 251, 243,
       37, 85, 251, 86, 115, 237, 244, 218, 93, 121, 62, 213, 135, 209,
       110, 157, 173, 94, 5, 248, 31, 157, 73, 208, 246, 59, 189, 93, 30,
       34, 249, 63, 189, 238, 254, 63, 253, 221, 59, 255, 255, 221, 253,
       255, 126, 60, 127, 253, 255, 99, 251, 245, 127, 211, 119, 253,
       254, 231, 255, 122, 255, 245, 235, 223, 44, 87, 190, 223, 120,
       249, 125, 120, 93, 123, 47, 213, 117, 247, 111, 185, 174, 152, 13,
       240, 29, 156, 89, 48, 243, 119, 189, 123, 215, 40, 250 ]
