%YAML:1.0
descriptors: !!opencv-matrix
   rows: 9
   cols: 64
   dt: u
   data: [ 252, 251, 255, 253, 126, 127, 249, 255, 253, 252, 254, 189,
       95, 255, 251, 238, 251, 220, 251, 107, 245, 251, 236, 191, 255,
       239, 182, 155, 255, 223, 127, 255, 243, 103, 117, 255, 87, 119,
       249, 244, 255, 93, 251, 62, 221, 167, 203, 239, 141, 173, 95, 133,
       250, 31, 159, 77, 208, 246, 107, 255, 95, 14, 35, 255, 60, 189,
       255, 253, 62, 253, 253, 127, 255, 253, 254, 253, 255, 126, 255,
       254, 251, 252, 227, 123, 245, 127, 211, 247, 253, 255, 245, 255,
       127, 223, 247, 235, 223, 44, 87, 190, 222, 120, 249, 125, 120, 93,
       255, 47, 213, 53, 247, 111, 187, 172, 153, 13, 240, 29, 156, 93,
       52, 242, 119, 189, 123, 223, 44, 250, 250, 223, 254, 255, 55, 127,
       221, 191, 127, 255, 255, 250, 191, 254, 127, 255, 255, 247, 124,
       255, 63, 253, 247, 59, 253, 247, 243, 127, 127, 251, 254, 187,
       247, 246, 255, 251, 255, 127, 250, 255, 246, 255, 255, 125, 191,
       159, 245, 63, 223, 187, 190, 207, 250, 189, 255, 255, 241, 247,
       121, 127, 223, 249, 191, 191, 255, 254, 255, 237, 255, 191, 219,
       248, 254, 127, 213, 123, 239, 251, 246, 93, 242, 245, 127, 118,
       253, 199, 186, 125, 238, 254, 253, 63, 255, 31, 127, 191, 215,
       109, 94, 255, 82, 117, 253, 247, 210, 222, 88, 31, 217, 28, 253,
       149, 157, 173, 24, 5, 248, 191, 159, 107, 80, 254, 49, 189, 220,
       87, 50, 249, 255, 252, 255, 239, 255, 183, 223, 249, 254, 127,
       213, 250, 255, 251, 246, 93, 242, 247, 127, 118, 252, 215, 186,
       124, 254, 254, 255, 63, 255, 27, 127, 191, 215, 237, 30, 223, 210,
       117, 253, 247, 83, 222, 88, 159, 217, 28, 252, 21, 157, 189, 16,
       5, 248, 191, 156, 107, 88, 252, 49, 189, 220, 95, 58, 189, 252,
       59, 255, 253, 114, 127, 243, 254, 253, 253, 214, 191, 223, 252,
       187, 206, 251, 221, 123, 111, 127, 159, 198, 183, 79, 235, 190,
       175, 250, 205, 126, 171, 215, 39, 117, 251, 86, 127, 253, 116,
       248, 93, 184, 62, 221, 63, 201, 239, 157, 172, 24, 149, 241, 63,
       157, 73, 80, 252, 51, 191, 89, 87, 33, 250, 191, 254, 125, 239,
       255, 253, 159, 248, 255, 127, 254, 251, 189, 127, 252, 245, 247,
       247, 127, 120, 252, 115, 154, 124, 237, 253, 253, 127, 255, 91,
       127, 255, 215, 108, 223, 190, 82, 123, 233, 119, 250, 94, 122, 63,
       213, 151, 244, 125, 153, 173, 24, 5, 240, 29, 159, 73, 16, 246,
       51, 189, 216, 87, 32, 254, 126, 249, 255, 253, 190, 253, 251, 248,
       223, 255, 247, 188, 253, 250, 249, 254, 251, 213, 123, 107, 239,
       37, 199, 127, 205, 255, 167, 63, 83, 159, 127, 251, 243, 36, 85,
       190, 82, 123, 233, 118, 242, 92, 57, 46, 215, 22, 209, 63, 153,
       172, 24, 5, 240, 29, 157, 73, 16, 242, 59, 189, 88, 87, 34, 251,
       124, 63, 255, 255, 54, 253, 251, 125, 223, 254, 223, 189, 253,
       254, 249, 246, 251, 213, 67, 107, 253, 55, 215, 183, 221, 254,
       228, 191, 82, 222, 127, 251, 199, 36, 85, 190, 210, 122, 233, 124,
       248, 93, 49, 46, 213, 182, 229, 111, 153, 172, 24, 5, 242, 29,
       157, 73, 16, 242, 51, 189, 89, 87, 32, 250 ]
