%YAML:1.0
descriptors: !!opencv-matrix
   rows: 9
   cols: 64
   dt: u
   data: [ 20, 178, 93, 133, 190, 153, 158, 112, 126, 191, 19, 81, 205,
       115, 217, 64, 242, 213, 67, 99, 197, 96, 194, 242, 73, 62, 165,
       62, 88, 14, 49, 107, 223, 36, 85, 186, 82, 120, 233, 116, 112, 92,
       56, 47, 213, 52, 245, 111, 153, 172, 24, 5, 240, 29, 156, 73, 16,
       242, 51, 189, 88, 87, 32, 250, 43, 214, 76, 174, 63, 185, 159, 24,
       54, 122, 37, 202, 188, 90, 108, 85, 228, 246, 0, 242, 196, 48, 17,
       114, 65, 158, 225, 59, 86, 58, 245, 99, 215, 36, 87, 186, 83, 120,
       233, 117, 114, 94, 56, 47, 212, 20, 245, 111, 153, 172, 24, 5,
       240, 29, 156, 73, 16, 242, 51, 189, 88, 87, 34, 251, 43, 148, 76,
       166, 63, 185, 159, 8, 54, 127, 53, 66, 188, 123, 36, 85, 244, 246,
       4, 243, 228, 114, 209, 118, 68, 158, 225, 123, 122, 48, 245, 99,
       215, 44, 214, 190, 91, 120, 232, 117, 112, 92, 56, 45, 212, 84,
       245, 111, 153, 174, 24, 5, 240, 29, 156, 73, 24, 242, 51, 189, 88,
       87, 32, 250, 35, 22, 0, 34, 157, 144, 143, 8, 98, 43, 1, 66, 172,
       75, 0, 21, 100, 230, 5, 208, 192, 34, 19, 100, 68, 148, 225, 43,
       18, 56, 225, 67, 151, 172, 214, 182, 123, 24, 169, 96, 100, 92,
       24, 137, 208, 80, 244, 79, 152, 172, 24, 1, 244, 29, 220, 73, 16,
       242, 51, 180, 88, 87, 32, 120, 252, 251, 255, 255, 246, 127, 251,
       255, 253, 253, 214, 191, 255, 254, 251, 206, 251, 213, 123, 111,
       127, 255, 231, 183, 127, 235, 190, 191, 255, 221, 126, 187, 247,
       39, 116, 255, 214, 127, 213, 252, 218, 95, 249, 62, 217, 175, 201,
       246, 157, 173, 31, 149, 249, 63, 159, 77, 80, 252, 123, 255, 95,
       30, 51, 251, 202, 205, 142, 221, 231, 255, 223, 183, 61, 245, 127,
       207, 155, 252, 127, 175, 157, 251, 252, 191, 62, 255, 254, 251,
       123, 119, 159, 118, 253, 243, 30, 183, 175, 251, 251, 65, 255,
       205, 254, 43, 115, 189, 231, 245, 191, 190, 127, 179, 255, 219,
       239, 255, 221, 231, 250, 182, 119, 205, 252, 111, 247, 249, 221,
       222, 60, 250, 252, 255, 190, 189, 191, 112, 125, 255, 124, 219,
       223, 123, 190, 77, 242, 253, 97, 227, 245, 101, 195, 251, 77, 107,
       177, 191, 126, 93, 243, 239, 215, 36, 87, 186, 83, 120, 233, 116,
       246, 94, 56, 47, 213, 22, 247, 111, 153, 172, 24, 5, 240, 29, 157,
       73, 16, 242, 51, 189, 88, 87, 32, 251, 252, 251, 255, 255, 254,
       255, 251, 249, 253, 253, 254, 255, 255, 254, 251, 254, 243, 213,
       127, 111, 253, 191, 167, 54, 223, 255, 181, 191, 223, 223, 127,
       187, 243, 37, 87, 254, 86, 123, 233, 244, 218, 93, 121, 62, 213,
       134, 201, 111, 157, 173, 28, 5, 250, 29, 157, 73, 16, 242, 51,
       189, 89, 94, 34, 249, 63, 191, 255, 254, 63, 255, 221, 63, 255,
       254, 221, 255, 255, 126, 190, 95, 255, 247, 99, 251, 245, 127,
       211, 247, 221, 255, 247, 255, 127, 223, 247, 235, 207, 44, 87,
       190, 223, 120, 249, 125, 120, 93, 123, 47, 213, 53, 247, 111, 153,
       172, 24, 13, 240, 29, 156, 73, 16, 242, 115, 189, 90, 87, 40, 250 ]
