%YAML:1.0
descriptors: !!opencv-matrix
   rows: 22
   cols: 64
   dt: u
   data: [ 63, 252, 253, 239, 63, 253, 219, 56, 255, 253, 223, 253, 253,
       127, 252, 253, 255, 247, 123, 251, 245, 127, 219, 127, 253, 255,
       245, 255, 127, 127, 255, 239, 223, 236, 223, 190, 255, 251, 249,
       127, 249, 221, 107, 47, 213, 119, 247, 111, 185, 254, 152, 15,
       244, 29, 158, 93, 54, 243, 247, 191, 251, 223, 46, 254, 124, 255,
       255, 253, 50, 127, 249, 255, 253, 252, 222, 189, 127, 252, 255,
       238, 251, 253, 251, 107, 245, 127, 214, 247, 255, 111, 246, 246,
       109, 215, 254, 239, 239, 123, 103, 252, 255, 255, 249, 125, 255,
       125, 247, 54, 255, 183, 247, 111, 191, 174, 239, 223, 242, 29,
       157, 93, 111, 247, 127, 255, 251, 239, 239, 254, 253, 255, 255,
       251, 254, 191, 115, 126, 253, 125, 214, 187, 255, 251, 254, 207,
       242, 245, 123, 111, 253, 223, 211, 247, 127, 234, 188, 191, 255,
       221, 126, 235, 215, 111, 87, 255, 86, 123, 245, 124, 254, 223,
       122, 31, 217, 175, 231, 239, 157, 173, 159, 13, 248, 61, 159, 77,
       120, 254, 123, 189, 91, 95, 38, 251, 254, 252, 254, 255, 255, 255,
       223, 153, 255, 255, 253, 254, 255, 254, 254, 253, 255, 247, 127,
       255, 255, 215, 191, 124, 255, 223, 251, 127, 215, 127, 255, 255,
       243, 173, 223, 255, 218, 125, 253, 247, 114, 223, 109, 125, 223,
       30, 253, 53, 221, 173, 22, 5, 248, 191, 158, 123, 208, 244, 249,
       63, 221, 223, 58, 190, 126, 53, 253, 150, 255, 151, 31, 121, 199,
       102, 149, 54, 253, 238, 177, 86, 246, 247, 82, 118, 218, 119, 210,
       119, 220, 224, 236, 93, 82, 184, 125, 235, 199, 44, 23, 190, 202,
       120, 129, 95, 16, 73, 21, 14, 213, 28, 193, 79, 159, 172, 24, 5,
       114, 29, 156, 81, 16, 242, 51, 189, 88, 214, 40, 248, 255, 178,
       253, 175, 255, 183, 159, 120, 254, 127, 213, 250, 253, 123, 182,
       93, 242, 213, 59, 100, 233, 103, 195, 124, 78, 254, 189, 63, 210,
       29, 115, 107, 215, 37, 85, 191, 82, 121, 237, 118, 112, 94, 56,
       47, 213, 28, 245, 29, 157, 172, 24, 5, 240, 61, 156, 73, 16, 246,
       51, 189, 88, 87, 32, 250, 255, 254, 127, 231, 255, 191, 223, 217,
       254, 255, 215, 254, 255, 126, 250, 93, 250, 247, 126, 115, 253,
       119, 155, 124, 191, 254, 255, 63, 222, 123, 119, 255, 215, 237,
       223, 223, 218, 121, 237, 119, 113, 93, 111, 63, 213, 28, 253, 53,
       157, 189, 24, 5, 250, 189, 156, 107, 80, 246, 179, 189, 222, 95,
       56, 190, 253, 41, 231, 245, 114, 103, 119, 254, 252, 253, 214,
       187, 255, 255, 146, 78, 235, 213, 123, 103, 127, 175, 230, 55, 79,
       251, 190, 47, 82, 12, 50, 171, 215, 39, 85, 187, 82, 124, 253,
       116, 120, 124, 184, 47, 221, 28, 245, 239, 157, 172, 24, 133, 241,
       61, 156, 73, 80, 254, 51, 191, 88, 87, 33, 250, 108, 43, 231, 242,
       86, 183, 99, 127, 228, 244, 210, 54, 255, 250, 178, 78, 234, 213,
       123, 103, 255, 47, 195, 119, 78, 234, 190, 13, 82, 12, 48, 233,
       215, 39, 85, 187, 82, 120, 197, 116, 112, 92, 56, 47, 213, 28,
       229, 239, 153, 172, 24, 5, 240, 29, 156, 73, 16, 242, 51, 189, 88,
       87, 32, 250, 126, 59, 255, 146, 119, 183, 27, 126, 230, 102, 209,
       54, 255, 234, 179, 95, 242, 213, 59, 102, 207, 39, 195, 119, 78,
       202, 174, 13, 82, 12, 48, 41, 215, 37, 85, 187, 82, 120, 197, 116,
       112, 92, 24, 15, 209, 28, 225, 111, 153, 172, 24, 5, 240, 29, 156,
       73, 16, 242, 51, 189, 88, 87, 32, 250, 125, 51, 255, 150, 127,
       179, 27, 126, 230, 102, 145, 52, 255, 251, 179, 85, 242, 213, 107,
       102, 197, 39, 195, 119, 78, 234, 168, 13, 82, 12, 112, 105, 215,
       36, 85, 187, 82, 120, 193, 116, 112, 92, 24, 15, 209, 28, 225, 79,
       153, 172, 24, 5, 240, 29, 156, 73, 16, 242, 51, 189, 88, 87, 32,
       251, 122, 49, 221, 146, 95, 131, 27, 78, 230, 38, 1, 48, 61, 106,
       177, 81, 242, 213, 1, 102, 192, 39, 195, 119, 78, 202, 172, 13,
       82, 8, 113, 105, 215, 36, 85, 186, 82, 120, 193, 116, 112, 92, 24,
       15, 209, 28, 225, 79, 153, 172, 24, 5, 240, 29, 156, 73, 16, 242,
       51, 189, 88, 87, 32, 251, 122, 53, 251, 183, 127, 135, 159, 79,
       214, 238, 215, 53, 191, 238, 179, 84, 251, 213, 59, 102, 196, 39,
       211, 119, 94, 218, 188, 47, 82, 152, 113, 235, 199, 37, 85, 191,
       82, 120, 237, 116, 112, 92, 56, 47, 213, 28, 245, 111, 153, 172,
       24, 5, 240, 29, 156, 73, 16, 242, 51, 189, 88, 87, 32, 250, 122,
       54, 241, 182, 127, 166, 15, 75, 214, 124, 82, 115, 189, 78, 176,
       85, 242, 213, 35, 102, 196, 39, 195, 119, 78, 218, 172, 15, 82,
       24, 113, 107, 215, 36, 85, 186, 82, 120, 233, 116, 112, 92, 56,
       47, 213, 20, 245, 79, 153, 172, 24, 5, 240, 29, 156, 73, 16, 242,
       51, 189, 88, 87, 32, 250, 250, 184, 255, 247, 255, 247, 223, 189,
       254, 255, 212, 255, 255, 254, 182, 93, 251, 247, 127, 247, 253,
       119, 243, 125, 191, 255, 253, 191, 254, 219, 247, 239, 207, 45,
       150, 255, 223, 121, 253, 253, 88, 221, 119, 47, 209, 61, 245, 111,
       189, 172, 152, 13, 240, 61, 156, 81, 112, 246, 119, 189, 251, 223,
       60, 254, 62, 189, 255, 254, 55, 255, 221, 63, 255, 254, 253, 248,
       255, 126, 189, 223, 255, 247, 98, 251, 183, 127, 211, 247, 253,
       255, 247, 255, 127, 255, 255, 235, 207, 126, 231, 190, 223, 120,
       251, 125, 120, 253, 247, 237, 183, 245, 247, 111, 187, 190, 185,
       79, 242, 29, 252, 85, 57, 243, 127, 255, 251, 255, 237, 250, 63,
       246, 124, 170, 255, 191, 151, 88, 246, 125, 244, 251, 173, 123,
       164, 93, 242, 247, 39, 112, 241, 103, 155, 125, 68, 254, 233, 63,
       126, 89, 113, 239, 215, 44, 86, 190, 82, 120, 233, 116, 122, 94,
       58, 143, 213, 81, 245, 79, 153, 172, 24, 5, 240, 29, 156, 73, 16,
       242, 51, 189, 90, 87, 34, 251, 60, 238, 255, 237, 106, 255, 247,
       115, 253, 221, 222, 223, 223, 124, 125, 236, 157, 185, 251, 251,
       245, 127, 90, 255, 251, 127, 85, 246, 109, 215, 255, 230, 207, 91,
       107, 36, 255, 155, 252, 57, 125, 189, 247, 183, 253, 241, 191,
       235, 191, 219, 173, 251, 247, 109, 218, 84, 127, 223, 223, 239,
       243, 251, 205, 222, 58, 249, 255, 254, 38, 255, 221, 39, 255, 214,
       221, 204, 127, 252, 127, 222, 189, 187, 122, 255, 183, 127, 87,
       247, 249, 119, 247, 252, 111, 247, 254, 226, 207, 126, 227, 140,
       223, 77, 250, 121, 56, 253, 245, 237, 183, 253, 183, 110, 255,
       170, 171, 203, 242, 29, 120, 84, 127, 247, 123, 255, 243, 249,
       201, 202, 63, 182, 125, 168, 191, 189, 191, 120, 252, 126, 215,
       112, 237, 61, 249, 85, 242, 252, 67, 112, 241, 114, 144, 124, 204,
       188, 229, 219, 126, 85, 125, 235, 221, 44, 215, 190, 219, 122,
       169, 117, 252, 92, 26, 15, 212, 179, 246, 77, 153, 172, 24, 5,
       240, 29, 157, 89, 16, 242, 51, 188, 90, 215, 40, 248, 250, 205,
       254, 255, 99, 223, 223, 235, 255, 245, 255, 255, 191, 254, 254,
       254, 255, 179, 126, 255, 63, 255, 247, 119, 255, 255, 243, 127,
       111, 255, 254, 191, 202, 111, 103, 255, 214, 127, 251, 254, 247,
       223, 253, 127, 191, 159, 253, 63, 207, 175, 215, 141, 250, 31,
       191, 127, 121, 247, 121, 253, 255, 253, 187, 255, 252, 40, 255,
       249, 50, 127, 243, 247, 221, 252, 222, 189, 93, 182, 251, 238,
       251, 220, 251, 107, 125, 209, 238, 182, 253, 105, 156, 147, 237,
       223, 127, 254, 237, 0, 103, 254, 223, 243, 233, 124, 250, 93, 247,
       54, 117, 167, 99, 108, 191, 172, 239, 143, 242, 31, 157, 93, 116,
       244, 43, 253, 219, 30, 106, 254 ]
