%YAML:1.0
descriptors: !!opencv-matrix
   rows: 30
   cols: 64
   dt: u
   data: [ 62, 182, 121, 167, 191, 180, 159, 73, 230, 79, 145, 122, 237,
       74, 180, 85, 242, 247, 6, 115, 193, 38, 146, 126, 204, 154, 245,
       123, 82, 56, 117, 107, 215, 44, 94, 190, 90, 120, 233, 117, 112,
       78, 56, 13, 209, 20, 245, 79, 153, 172, 24, 5, 240, 29, 156, 73,
       16, 242, 51, 189, 88, 87, 32, 250, 191, 242, 125, 165, 191, 181,
       157, 88, 246, 95, 209, 122, 237, 91, 176, 85, 242, 213, 7, 96,
       193, 118, 129, 124, 140, 158, 241, 123, 214, 62, 245, 59, 214, 36,
       220, 190, 82, 120, 169, 117, 80, 78, 24, 15, 208, 4, 208, 95, 153,
       173, 24, 5, 240, 29, 158, 73, 16, 242, 51, 157, 88, 87, 32, 185,
       189, 254, 117, 169, 255, 125, 165, 248, 253, 125, 254, 123, 237,
       59, 253, 253, 243, 252, 71, 96, 121, 194, 188, 124, 78, 189, 45,
       187, 255, 31, 123, 191, 240, 100, 86, 250, 82, 115, 169, 244, 255,
       94, 26, 31, 212, 151, 220, 85, 137, 173, 84, 5, 248, 31, 143, 73,
       16, 240, 35, 188, 92, 86, 34, 185, 191, 254, 255, 239, 191, 245,
       153, 216, 255, 255, 213, 255, 239, 127, 247, 93, 251, 245, 39,
       115, 245, 102, 215, 124, 239, 255, 241, 59, 255, 31, 119, 255,
       215, 108, 93, 190, 82, 121, 233, 117, 112, 92, 58, 62, 213, 20,
       241, 111, 153, 172, 24, 5, 240, 29, 156, 73, 16, 242, 51, 189, 88,
       87, 34, 251, 186, 253, 252, 222, 54, 157, 93, 51, 247, 199, 61,
       250, 191, 254, 116, 94, 253, 247, 118, 255, 55, 126, 209, 231,
       249, 119, 247, 125, 115, 254, 214, 169, 198, 124, 166, 222, 202,
       121, 250, 125, 112, 219, 181, 109, 183, 116, 245, 111, 151, 174,
       145, 79, 248, 29, 190, 85, 57, 243, 114, 251, 123, 249, 233, 250,
       190, 255, 255, 255, 63, 127, 253, 251, 255, 255, 255, 251, 255,
       251, 254, 254, 247, 223, 103, 123, 245, 247, 225, 118, 221, 239,
       247, 251, 255, 219, 247, 251, 255, 44, 84, 254, 223, 122, 249,
       245, 250, 94, 57, 63, 209, 55, 247, 111, 153, 172, 24, 5, 240, 29,
       157, 73, 16, 242, 51, 189, 120, 87, 34, 251, 254, 249, 255, 255,
       118, 127, 249, 255, 255, 255, 255, 255, 127, 254, 254, 254, 247,
       214, 127, 111, 127, 255, 229, 54, 255, 239, 247, 219, 219, 223,
       254, 251, 242, 44, 84, 254, 214, 119, 217, 245, 218, 223, 255, 62,
       216, 55, 227, 110, 157, 173, 94, 5, 248, 31, 157, 73, 144, 242,
       115, 191, 95, 94, 34, 249, 124, 59, 255, 252, 50, 127, 241, 255,
       253, 252, 222, 181, 95, 254, 251, 238, 251, 221, 123, 111, 117,
       191, 230, 183, 223, 239, 180, 157, 121, 222, 126, 235, 215, 36,
       117, 190, 214, 122, 249, 124, 120, 93, 185, 62, 221, 183, 247,
       110, 157, 172, 159, 141, 242, 29, 156, 77, 48, 242, 123, 253, 91,
       87, 32, 250, 252, 63, 247, 245, 118, 63, 123, 255, 253, 252, 214,
       51, 255, 251, 187, 222, 242, 213, 123, 111, 125, 175, 199, 55, 95,
       234, 182, 157, 90, 220, 116, 171, 243, 39, 84, 186, 82, 122, 209,
       116, 248, 92, 56, 14, 217, 6, 193, 110, 153, 172, 24, 5, 240, 29,
       157, 73, 16, 242, 51, 189, 88, 86, 32, 251, 124, 59, 255, 245,
       118, 63, 251, 255, 253, 252, 214, 183, 127, 250, 187, 207, 250,
       213, 123, 111, 253, 191, 198, 55, 79, 234, 182, 157, 90, 92, 124,
       235, 247, 39, 84, 187, 82, 122, 209, 116, 216, 93, 58, 46, 217,
       55, 193, 111, 157, 172, 24, 5, 240, 29, 157, 73, 16, 242, 51, 189,
       88, 86, 32, 251, 124, 53, 253, 190, 118, 239, 55, 127, 245, 68,
       255, 53, 125, 126, 189, 230, 251, 213, 91, 100, 245, 35, 209, 55,
       93, 237, 172, 13, 82, 158, 124, 233, 214, 37, 87, 186, 82, 114,
       205, 116, 120, 93, 28, 47, 213, 30, 229, 110, 157, 172, 24, 5,
       240, 29, 156, 73, 16, 242, 51, 189, 88, 86, 32, 248, 127, 241,
       253, 190, 118, 191, 95, 126, 247, 118, 253, 184, 127, 250, 180,
       95, 242, 213, 31, 101, 237, 117, 225, 55, 108, 202, 172, 29, 83,
       89, 124, 233, 210, 37, 20, 187, 66, 121, 129, 244, 210, 223, 28,
       15, 209, 30, 229, 78, 157, 172, 26, 5, 104, 29, 159, 73, 16, 246,
       59, 188, 88, 86, 34, 249, 252, 58, 255, 247, 254, 247, 187, 249,
       252, 253, 214, 127, 255, 255, 251, 236, 251, 213, 127, 111, 253,
       135, 207, 125, 79, 255, 189, 191, 222, 95, 115, 191, 247, 37, 85,
       191, 82, 127, 237, 116, 120, 92, 120, 62, 221, 44, 249, 117, 157,
       172, 24, 5, 240, 61, 156, 73, 80, 246, 51, 189, 88, 87, 32, 250,
       255, 184, 255, 167, 255, 183, 159, 248, 254, 127, 213, 250, 255,
       235, 182, 93, 251, 213, 127, 103, 237, 215, 195, 124, 78, 255,
       189, 63, 250, 91, 119, 171, 215, 37, 84, 255, 82, 121, 237, 116,
       112, 92, 120, 47, 213, 28, 245, 125, 157, 172, 24, 5, 240, 29,
       156, 73, 24, 246, 51, 189, 88, 87, 32, 250, 254, 250, 255, 231,
       255, 183, 155, 248, 254, 255, 209, 122, 255, 251, 178, 93, 250,
       213, 127, 103, 237, 199, 163, 125, 78, 254, 253, 63, 214, 31, 119,
       255, 215, 37, 86, 191, 82, 125, 237, 119, 80, 92, 120, 31, 209,
       28, 217, 29, 157, 172, 24, 5, 240, 61, 156, 73, 80, 246, 51, 157,
       92, 87, 32, 251, 253, 186, 255, 167, 254, 183, 191, 248, 254, 117,
       215, 127, 255, 255, 179, 93, 250, 213, 123, 102, 237, 135, 131,
       116, 78, 254, 189, 63, 250, 15, 115, 235, 215, 37, 85, 187, 82,
       121, 237, 116, 112, 92, 24, 47, 213, 28, 245, 77, 157, 172, 24, 5,
       240, 29, 156, 73, 16, 246, 51, 189, 88, 87, 32, 250, 255, 252,
       255, 231, 255, 255, 219, 249, 254, 127, 215, 127, 255, 126, 246,
       125, 250, 247, 127, 119, 253, 215, 155, 124, 254, 254, 255, 63,
       254, 123, 119, 255, 199, 237, 223, 255, 210, 125, 253, 127, 120,
       221, 111, 63, 213, 28, 253, 53, 157, 188, 24, 13, 248, 189, 156,
       123, 112, 246, 243, 189, 222, 223, 56, 254, 118, 32, 241, 146,
       219, 199, 7, 79, 230, 100, 169, 54, 245, 238, 178, 118, 235, 213,
       35, 96, 201, 167, 195, 119, 78, 223, 181, 47, 210, 10, 51, 107,
       215, 36, 85, 186, 82, 120, 233, 118, 112, 92, 56, 47, 213, 20,
       245, 111, 153, 172, 24, 5, 240, 29, 156, 73, 16, 242, 51, 189, 88,
       87, 32, 250, 119, 35, 225, 146, 83, 134, 7, 78, 230, 68, 145, 48,
       125, 106, 176, 86, 226, 213, 3, 100, 193, 39, 192, 119, 76, 138,
       164, 13, 82, 8, 48, 105, 215, 36, 84, 186, 66, 120, 65, 84, 112,
       88, 24, 15, 209, 20, 229, 79, 153, 172, 24, 5, 240, 29, 156, 73,
       16, 242, 51, 189, 88, 87, 32, 250, 126, 51, 241, 178, 31, 134, 15,
       79, 198, 110, 210, 50, 253, 206, 178, 86, 226, 213, 3, 96, 193,
       39, 195, 119, 76, 138, 160, 13, 82, 8, 49, 105, 87, 36, 85, 186,
       82, 120, 225, 116, 112, 76, 24, 15, 213, 20, 229, 79, 153, 172,
       24, 5, 240, 29, 156, 73, 16, 242, 51, 189, 88, 87, 32, 250, 47,
       50, 229, 178, 29, 166, 39, 94, 244, 126, 202, 55, 237, 79, 147,
       71, 235, 213, 3, 98, 229, 39, 202, 127, 76, 222, 176, 15, 82, 8,
       49, 235, 215, 38, 85, 186, 82, 120, 225, 116, 112, 92, 56, 47,
       213, 21, 229, 111, 153, 172, 24, 5, 240, 29, 156, 73, 16, 242, 51,
       189, 88, 87, 32, 250, 47, 34, 237, 162, 30, 181, 33, 124, 228,
       126, 210, 52, 253, 47, 185, 69, 234, 244, 67, 96, 241, 98, 211,
       119, 76, 168, 164, 13, 82, 156, 113, 235, 215, 36, 87, 186, 82,
       120, 41, 124, 112, 84, 24, 14, 84, 20, 229, 79, 153, 172, 24, 5,
       240, 29, 156, 73, 16, 242, 51, 189, 88, 87, 32, 250, 63, 48, 125,
       167, 63, 181, 159, 120, 254, 255, 215, 117, 253, 30, 185, 85, 251,
       212, 3, 113, 225, 50, 195, 125, 205, 156, 228, 47, 82, 95, 117,
       235, 215, 44, 85, 190, 82, 120, 233, 116, 112, 92, 56, 47, 213,
       20, 245, 111, 153, 172, 24, 5, 240, 29, 156, 73, 16, 242, 51, 189,
       88, 87, 32, 250, 60, 248, 255, 253, 63, 127, 249, 255, 253, 254,
       220, 253, 127, 254, 255, 255, 251, 253, 251, 123, 245, 127, 255,
       255, 189, 127, 246, 255, 125, 215, 255, 239, 223, 106, 255, 255,
       255, 255, 249, 125, 254, 223, 255, 63, 255, 183, 247, 111, 191,
       190, 159, 207, 250, 61, 159, 93, 254, 246, 255, 255, 251, 223,
