%YAML:1.0
descriptors: !!opencv-matrix
   rows: 30
   cols: 64
   dt: u
   data: [ 188, 56, 255, 175, 58, 125, 177, 253, 221, 252, 254, 181, 125,
       62, 251, 230, 251, 212, 195, 107, 253, 177, 255, 180, 93, 237,
       180, 139, 123, 223, 127, 255, 229, 36, 119, 250, 215, 123, 233,
       124, 250, 93, 119, 62, 212, 183, 227, 109, 157, 172, 223, 13, 242,
       29, 157, 89, 16, 242, 59, 188, 91, 30, 42, 254, 63, 223, 254, 255,
       63, 253, 255, 249, 189, 255, 255, 250, 191, 126, 253, 255, 251,
       253, 127, 123, 247, 119, 211, 127, 125, 255, 247, 63, 127, 223,
       127, 251, 223, 108, 215, 254, 215, 123, 249, 125, 126, 223, 255,
       63, 215, 183, 247, 111, 191, 175, 152, 13, 250, 29, 223, 93, 56,
       246, 127, 255, 251, 223, 172, 254, 124, 107, 125, 248, 114, 255,
       243, 127, 253, 252, 254, 53, 93, 126, 249, 230, 242, 220, 219,
       110, 245, 112, 132, 183, 93, 168, 140, 149, 109, 207, 61, 251,
       248, 68, 87, 186, 87, 114, 213, 124, 254, 85, 221, 22, 116, 167,
       194, 110, 159, 45, 159, 13, 250, 29, 143, 93, 64, 238, 43, 252,
       91, 14, 42, 245, 127, 249, 125, 254, 118, 255, 127, 110, 255, 254,
       249, 185, 127, 175, 252, 254, 243, 212, 31, 111, 175, 43, 229, 63,
       109, 203, 174, 31, 83, 61, 125, 255, 112, 37, 60, 187, 66, 119,
       149, 246, 210, 206, 57, 46, 210, 158, 192, 126, 141, 165, 86, 5,
       104, 29, 151, 77, 208, 246, 43, 188, 93, 22, 50, 177, 45, 206,
       116, 109, 201, 237, 231, 241, 189, 125, 206, 205, 212, 125, 221,
       172, 255, 41, 231, 98, 245, 106, 30, 248, 113, 127, 85, 246, 237,
       215, 235, 215, 207, 211, 107, 36, 181, 131, 253, 46, 125, 61, 250,
       167, 109, 115, 255, 99, 169, 213, 233, 120, 244, 207, 9, 77, 47,
       220, 199, 167, 178, 239, 173, 78, 255, 255, 127, 255, 247, 255,
       255, 221, 255, 255, 255, 249, 255, 63, 253, 255, 251, 245, 63,
       111, 253, 99, 247, 52, 125, 255, 189, 63, 127, 31, 127, 187, 240,
       109, 119, 255, 82, 115, 253, 252, 122, 94, 56, 63, 215, 158, 253,
       126, 157, 173, 94, 5, 248, 29, 159, 77, 144, 246, 51, 189, 88, 87,
       34, 250, 248, 207, 254, 223, 234, 255, 247, 245, 253, 253, 126,
       223, 159, 254, 255, 238, 251, 209, 127, 111, 125, 191, 247, 244,
       123, 127, 189, 46, 255, 215, 127, 187, 215, 39, 71, 251, 87, 121,
       237, 124, 122, 93, 120, 63, 213, 62, 255, 103, 157, 173, 28, 5,
       240, 31, 156, 73, 80, 246, 51, 189, 90, 87, 32, 250, 190, 221,
       124, 238, 55, 125, 253, 115, 183, 222, 126, 213, 31, 62, 252, 255,
       255, 254, 231, 169, 117, 114, 245, 119, 125, 191, 53, 81, 127,
       254, 254, 249, 196, 120, 255, 244, 247, 122, 217, 61, 123, 221,
       55, 191, 182, 246, 118, 110, 171, 185, 255, 13, 250, 5, 175, 92,
       182, 211, 126, 239, 115, 223, 44, 186, 59, 244, 124, 127, 63, 189,
       221, 57, 255, 255, 215, 249, 253, 127, 124, 85, 253, 255, 98, 251,
       245, 126, 211, 255, 241, 127, 247, 255, 126, 247, 245, 239, 207,
       252, 207, 52, 255, 121, 248, 123, 120, 221, 239, 237, 247, 117,
       247, 111, 187, 254, 152, 79, 244, 29, 220, 93, 63, 243, 247, 255,
       251, 251, 236, 222, 252, 63, 247, 244, 114, 55, 253, 127, 245,
       252, 212, 243, 95, 251, 178, 78, 250, 221, 251, 111, 247, 45, 192,
       247, 223, 234, 182, 159, 120, 220, 116, 235, 223, 39, 116, 186,
       214, 124, 241, 124, 92, 125, 187, 47, 249, 53, 215, 239, 157, 172,
       153, 221, 240, 29, 156, 77, 80, 246, 115, 159, 90, 87, 33, 250,
       247, 246, 125, 43, 255, 188, 159, 24, 186, 127, 145, 250, 172, 59,
       228, 85, 226, 247, 29, 113, 233, 103, 154, 120, 100, 220, 249,
       127, 254, 59, 115, 127, 215, 228, 221, 187, 114, 121, 233, 119,
       116, 92, 106, 173, 213, 16, 252, 53, 152, 188, 24, 5, 240, 189,
       156, 105, 16, 246, 179, 189, 216, 87, 32, 250, 252, 63, 247, 244,
       114, 55, 253, 255, 245, 252, 212, 243, 95, 251, 178, 78, 250, 221,
       251, 111, 247, 47, 242, 247, 223, 250, 182, 159, 120, 220, 118,
       239, 223, 39, 116, 191, 214, 124, 249, 125, 92, 125, 187, 175,
       249, 53, 215, 239, 189, 172, 153, 221, 240, 29, 156, 77, 112, 246,
       115, 223, 91, 87, 33, 250, 124, 59, 255, 244, 114, 63, 123, 127,
       213, 252, 214, 55, 95, 254, 187, 78, 242, 221, 123, 103, 247, 175,
       194, 247, 95, 234, 182, 141, 82, 220, 116, 235, 215, 39, 85, 187,
       86, 122, 209, 124, 216, 93, 177, 46, 221, 52, 225, 111, 157, 172,
       25, 5, 240, 29, 156, 73, 80, 242, 115, 189, 88, 87, 32, 250, 231,
       246, 125, 171, 255, 188, 139, 216, 122, 127, 130, 110, 172, 123,
       239, 85, 226, 247, 61, 112, 233, 101, 27, 120, 198, 220, 249, 127,
       254, 27, 243, 119, 215, 228, 221, 187, 82, 121, 237, 119, 116, 92,
       42, 47, 213, 24, 252, 53, 152, 172, 24, 5, 240, 189, 156, 73, 16,
       246, 51, 189, 216, 87, 32, 250, 255, 254, 125, 231, 255, 253, 159,
       152, 255, 127, 254, 255, 175, 127, 254, 125, 243, 247, 127, 123,
       253, 119, 155, 124, 237, 255, 249, 63, 254, 123, 247, 255, 215,
       237, 223, 255, 242, 121, 237, 255, 119, 92, 106, 63, 213, 18, 252,
       53, 157, 189, 24, 5, 252, 189, 158, 105, 48, 246, 179, 189, 218,
       223, 60, 254, 124, 57, 255, 245, 114, 63, 251, 255, 221, 252, 214,
       183, 255, 254, 187, 206, 250, 213, 123, 103, 247, 191, 198, 247,
       95, 234, 182, 143, 90, 220, 118, 235, 215, 39, 85, 187, 86, 126,
       253, 116, 248, 93, 185, 46, 221, 53, 193, 239, 157, 172, 24, 133,
       240, 29, 157, 73, 80, 246, 115, 189, 88, 87, 33, 250, 125, 55,
       255, 246, 127, 183, 251, 127, 212, 252, 212, 53, 111, 219, 147,
       93, 250, 213, 99, 102, 245, 47, 195, 119, 78, 234, 166, 141, 82,
       28, 112, 235, 215, 38, 85, 186, 82, 120, 233, 116, 120, 92, 56,
       15, 213, 21, 241, 111, 153, 172, 24, 5, 240, 29, 156, 73, 16, 242,
       51, 189, 88, 87, 32, 250, 125, 191, 255, 254, 127, 183, 243, 123,
       244, 92, 212, 243, 239, 251, 148, 77, 250, 245, 123, 102, 245, 47,
       211, 119, 78, 250, 180, 159, 122, 28, 112, 235, 215, 39, 85, 186,
       82, 120, 249, 116, 120, 92, 58, 143, 209, 49, 245, 111, 153, 172,
       24, 5, 240, 29, 156, 73, 16, 246, 51, 157, 90, 87, 32, 251, 127,
       51, 245, 182, 119, 191, 51, 122, 244, 84, 214, 113, 253, 123, 184,
       85, 242, 245, 67, 102, 245, 39, 193, 119, 76, 250, 228, 141, 122,
       156, 113, 233, 215, 44, 87, 190, 82, 120, 233, 124, 248, 92, 56,
       15, 209, 53, 245, 111, 153, 172, 24, 5, 240, 29, 156, 73, 16, 242,
       51, 189, 88, 87, 32, 250, 237, 206, 255, 169, 234, 253, 183, 245,
       189, 253, 110, 207, 223, 61, 254, 237, 219, 249, 255, 105, 252,
       87, 62, 253, 115, 125, 29, 182, 237, 215, 127, 247, 221, 201, 75,
       117, 247, 211, 237, 62, 127, 159, 122, 183, 253, 247, 254, 241,
       173, 221, 238, 61, 223, 239, 139, 253, 62, 220, 175, 172, 243,
       223, 14, 254, 126, 49, 253, 150, 119, 191, 91, 122, 246, 70, 213,
       48, 253, 122, 180, 86, 246, 215, 83, 118, 245, 55, 193, 119, 204,
       234, 236, 93, 82, 28, 244, 233, 215, 44, 85, 190, 90, 120, 201,
       116, 112, 221, 56, 47, 213, 52, 245, 111, 153, 172, 24, 5, 240,
       29, 156, 73, 16, 242, 51, 189, 88, 87, 32, 250, 116, 49, 245, 150,
       94, 135, 31, 123, 198, 68, 219, 48, 127, 206, 144, 84, 243, 213,
       115, 102, 197, 37, 129, 119, 206, 222, 236, 13, 82, 8, 112, 105,
       215, 37, 85, 191, 82, 120, 193, 116, 112, 92, 24, 47, 213, 28,
       229, 79, 153, 172, 24, 5, 240, 29, 156, 73, 16, 242, 51, 189, 88,
       87, 32, 248, 124, 41, 255, 220, 50, 119, 125, 119, 213, 230, 87,
       148, 87, 246, 187, 202, 251, 220, 99, 111, 151, 61, 198, 179, 93,
       203, 182, 141, 65, 140, 54, 233, 215, 38, 85, 186, 82, 120, 233,
       116, 112, 93, 180, 47, 213, 20, 245, 110, 153, 172, 24, 5, 240,
       29, 156, 73, 16, 242, 51, 189, 89, 87, 32, 250, 124, 41, 255, 252,
       50, 111, 241, 247, 221, 252, 214, 149, 85, 244, 187, 238, 251,
       220, 227, 99, 245, 57, 230, 183, 221, 123, 180, 212, 105, 215,
