%YAML:1.0
descriptors: !!opencv-matrix
   rows: 12
   cols: 64
   dt: u
   data: [ 62, 180, 253, 190, 63, 253, 189, 125, 247, 254, 214, 245, 253,
       126, 185, 84, 255, 254, 67, 115, 245, 114, 211, 247, 221, 190,
       228, 223, 122, 221, 245, 235, 223, 44, 87, 190, 223, 120, 233,
       124, 120, 93, 126, 47, 212, 53, 247, 111, 185, 172, 152, 13, 242,
       29, 156, 89, 48, 242, 51, 189, 90, 215, 40, 250, 62, 50, 253, 246,
       63, 181, 189, 125, 246, 254, 211, 117, 253, 126, 179, 86, 251,
       214, 67, 99, 245, 119, 195, 127, 204, 186, 246, 191, 90, 221, 245,
       239, 215, 44, 85, 190, 82, 120, 233, 116, 120, 92, 120, 47, 213,
       21, 245, 111, 153, 172, 24, 5, 240, 29, 156, 73, 16, 242, 51, 189,
       88, 87, 32, 250, 63, 48, 125, 190, 63, 183, 61, 126, 246, 126,
       213, 53, 125, 127, 180, 87, 242, 214, 67, 98, 245, 98, 193, 119,
       204, 170, 228, 159, 90, 29, 245, 235, 215, 44, 85, 190, 82, 120,
       233, 116, 120, 92, 56, 47, 212, 21, 245, 111, 153, 172, 24, 5,
       240, 29, 156, 73, 16, 242, 51, 189, 88, 87, 32, 250, 63, 54, 125,
       182, 63, 181, 185, 122, 246, 254, 211, 116, 125, 59, 185, 87, 242,
       244, 3, 99, 229, 98, 193, 119, 205, 170, 228, 159, 82, 28, 113,
       235, 215, 36, 85, 190, 82, 120, 233, 116, 120, 92, 56, 47, 212,
       21, 245, 111, 153, 172, 24, 5, 240, 29, 156, 73, 16, 242, 51, 189,
       88, 87, 32, 250, 61, 254, 255, 237, 255, 253, 247, 120, 253, 221,
       222, 255, 255, 127, 254, 109, 251, 253, 251, 107, 245, 127, 219,
       253, 125, 127, 29, 183, 124, 223, 119, 239, 223, 109, 127, 158,
       215, 249, 249, 63, 125, 221, 251, 167, 253, 241, 255, 115, 189,
       252, 153, 45, 242, 189, 158, 77, 126, 214, 247, 239, 251, 223, 44,
       254, 255, 253, 255, 223, 247, 255, 223, 155, 127, 245, 61, 251,
       191, 255, 254, 255, 255, 247, 124, 255, 63, 253, 247, 115, 255,
       255, 243, 127, 255, 123, 254, 191, 210, 119, 247, 251, 218, 125,
       251, 255, 119, 223, 251, 127, 255, 158, 253, 63, 205, 191, 150,
       79, 248, 191, 159, 207, 57, 247, 121, 191, 223, 253, 191, 250,
       186, 177, 249, 246, 255, 167, 93, 43, 214, 125, 213, 115, 191,
       122, 180, 92, 242, 247, 102, 115, 247, 63, 147, 127, 190, 186,
       247, 63, 90, 249, 245, 239, 135, 172, 6, 190, 254, 120, 249, 255,
       89, 223, 247, 79, 209, 21, 181, 79, 185, 166, 153, 9, 240, 28,
       156, 81, 48, 242, 247, 187, 250, 95, 160, 255, 54, 49, 121, 150,
       63, 132, 221, 91, 198, 110, 147, 114, 237, 74, 176, 85, 242, 213,
       34, 98, 199, 38, 129, 127, 76, 158, 231, 47, 82, 10, 113, 107, 87,
       36, 85, 190, 82, 120, 233, 86, 112, 92, 56, 15, 212, 20, 245, 79,
       153, 172, 24, 5, 240, 29, 156, 73, 16, 242, 51, 189, 88, 87, 32,
       250, 54, 55, 245, 150, 55, 135, 29, 75, 230, 102, 145, 52, 253,
       110, 176, 87, 254, 247, 98, 99, 215, 39, 211, 119, 220, 250, 246,
       77, 82, 156, 241, 105, 215, 36, 87, 190, 82, 120, 233, 124, 112,
       92, 56, 47, 213, 20, 245, 111, 153, 172, 24, 5, 240, 29, 156, 73,
       16, 242, 51, 189, 88, 87, 32, 250, 60, 49, 255, 150, 54, 119, 253,
       126, 246, 252, 221, 241, 127, 254, 179, 94, 251, 212, 99, 99, 245,
       39, 195, 119, 205, 239, 180, 63, 82, 92, 116, 235, 215, 36, 85,
       190, 82, 120, 233, 116, 120, 92, 56, 47, 213, 52, 245, 111, 153,
       172, 24, 5, 240, 29, 156, 73, 16, 242, 51, 189, 88, 87, 32, 250,
       60, 187, 255, 252, 54, 127, 249, 127, 253, 254, 214, 181, 125,
       254, 187, 238, 251, 220, 99, 107, 245, 127, 198, 247, 205, 235,
       182, 157, 127, 223, 127, 235, 215, 36, 87, 190, 214, 122, 249,
       117, 248, 93, 123, 46, 213, 183, 245, 111, 153, 172, 156, 5, 242,
       29, 156, 93, 16, 242, 59, 189, 91, 87, 32, 250, 60, 245, 125, 254,
       62, 189, 253, 123, 247, 254, 253, 241, 125, 127, 253, 85, 255,
       246, 99, 123, 245, 122, 209, 247, 253, 191, 231, 251, 127, 255,
       245, 235, 223, 108, 215, 190, 223, 120, 249, 125, 122, 95, 251,
       175, 244, 53, 247, 111, 185, 174, 152, 15, 240, 29, 156, 93, 16,
       242, 115, 191, 122, 223, 40, 250 ]
