%YAML:1.0
descriptors: !!opencv-matrix
   rows: 26
   cols: 64
   dt: u
   data: [ 159, 250, 78, 111, 255, 249, 254, 252, 249, 187, 252, 249,
       254, 55, 237, 233, 131, 220, 191, 251, 229, 82, 175, 253, 111, 79,
       107, 183, 255, 103, 191, 254, 253, 249, 253, 117, 127, 247, 253,
       183, 251, 255, 251, 63, 254, 183, 254, 241, 239, 223, 127, 183,
       221, 231, 239, 236, 214, 223, 175, 238, 247, 122, 246, 157, 239,
       239, 239, 255, 255, 255, 255, 222, 125, 255, 175, 239, 255, 254,
       255, 239, 139, 253, 249, 255, 255, 253, 95, 251, 119, 255, 155,
       183, 255, 255, 127, 247, 223, 247, 255, 251, 251, 255, 255, 63,
       247, 255, 126, 127, 255, 223, 255, 251, 221, 255, 190, 127, 223,
       255, 255, 254, 63, 239, 255, 191, 223, 255, 255, 251, 190, 191,
       255, 254, 54, 95, 221, 239, 255, 254, 223, 247, 127, 254, 255,
       254, 255, 246, 107, 251, 247, 255, 247, 247, 253, 255, 247, 251,
       111, 255, 255, 234, 215, 110, 103, 254, 254, 122, 251, 124, 252,
       221, 253, 127, 215, 230, 245, 111, 191, 173, 159, 79, 242, 29,
       191, 93, 52, 242, 123, 253, 123, 223, 104, 250, 251, 255, 255,
       255, 255, 255, 255, 255, 255, 255, 253, 255, 255, 255, 255, 255,
       255, 247, 254, 255, 255, 255, 247, 255, 255, 255, 255, 255, 255,
       255, 255, 255, 255, 253, 255, 255, 255, 255, 250, 255, 127, 223,
       251, 255, 255, 255, 255, 127, 255, 255, 255, 255, 254, 191, 254,
       255, 255, 255, 255, 255, 255, 255, 255, 255, 60, 187, 255, 221,
       58, 255, 249, 247, 253, 252, 222, 253, 95, 244, 251, 238, 187,
       216, 251, 43, 245, 125, 87, 215, 249, 111, 182, 246, 109, 215,
       255, 238, 207, 90, 103, 188, 222, 251, 249, 125, 248, 61, 247, 38,
       253, 183, 247, 111, 191, 236, 175, 219, 242, 29, 152, 93, 119,
       247, 95, 239, 251, 251, 237, 254, 60, 252, 255, 220, 62, 253, 245,
       127, 253, 252, 222, 253, 127, 126, 253, 238, 251, 252, 227, 59,
       245, 127, 219, 255, 249, 127, 213, 246, 109, 223, 255, 239, 207,
       232, 71, 52, 255, 249, 249, 127, 120, 157, 231, 39, 245, 181, 247,
       107, 191, 238, 139, 207, 246, 29, 152, 93, 54, 242, 255, 255, 251,
       223, 44, 222, 255, 222, 126, 239, 255, 255, 223, 152, 191, 127,
       253, 251, 175, 123, 244, 253, 247, 247, 63, 255, 255, 255, 187,
       124, 239, 255, 251, 127, 255, 123, 255, 255, 243, 237, 156, 223,
       210, 125, 253, 247, 115, 222, 123, 191, 221, 154, 252, 53, 141,
       189, 22, 5, 248, 191, 159, 111, 112, 246, 121, 159, 222, 223, 62,
       189, 58, 253, 250, 254, 39, 191, 93, 11, 255, 254, 117, 168, 191,
       234, 124, 95, 253, 179, 114, 219, 183, 127, 83, 95, 241, 119, 247,
       255, 107, 241, 245, 226, 143, 254, 239, 36, 255, 77, 250, 123,
       120, 255, 231, 105, 183, 117, 183, 111, 255, 234, 168, 207, 230,
       5, 123, 213, 63, 243, 255, 255, 187, 251, 217, 198, 250, 217, 191,
       254, 39, 255, 252, 63, 87, 251, 253, 201, 127, 224, 52, 222, 189,
       155, 254, 219, 182, 125, 243, 223, 249, 127, 243, 254, 75, 247,
       255, 238, 207, 250, 171, 101, 255, 237, 250, 121, 122, 239, 247,
       105, 255, 53, 183, 127, 255, 218, 187, 223, 238, 45, 124, 213,
       223, 183, 255, 251, 183, 251, 217, 142, 254, 250, 255, 239, 255,
       253, 255, 252, 255, 255, 254, 251, 255, 122, 254, 253, 255, 247,
       255, 187, 253, 127, 255, 253, 253, 255, 127, 247, 127, 255, 255,
       255, 223, 233, 223, 117, 255, 255, 253, 127, 255, 223, 239, 63,
       215, 247, 255, 115, 191, 223, 158, 47, 254, 181, 159, 255, 126,
       254, 255, 255, 251, 223, 62, 255, 252, 57, 255, 253, 246, 119,
       123, 255, 253, 253, 212, 187, 255, 250, 179, 206, 251, 213, 123,
       111, 127, 159, 231, 55, 15, 235, 190, 191, 219, 93, 126, 175, 211,
       39, 52, 255, 86, 127, 245, 116, 216, 223, 253, 62, 219, 61, 73,
       182, 221, 172, 94, 149, 249, 191, 157, 79, 208, 252, 121, 223, 93,
       22, 51, 251, 252, 59, 255, 253, 118, 127, 251, 255, 253, 253, 214,
       191, 255, 250, 251, 206, 250, 221, 123, 111, 127, 143, 199, 183,
       79, 235, 190, 191, 123, 93, 126, 171, 223, 39, 117, 255, 87, 127,
       245, 116, 248, 93, 186, 62, 223, 175, 203, 239, 157, 172, 28, 149,
       241, 63, 157, 77, 80, 254, 123, 191, 91, 87, 35, 251, 255, 252,
       255, 239, 255, 183, 223, 152, 255, 127, 180, 251, 175, 123, 246,
       93, 242, 247, 63, 119, 237, 215, 187, 124, 238, 255, 123, 63, 255,
       123, 127, 127, 215, 237, 156, 223, 114, 245, 253, 247, 215, 206,
       74, 31, 209, 28, 216, 21, 157, 189, 26, 5, 236, 183, 159, 239, 88,
       252, 177, 31, 220, 223, 50, 189, 127, 50, 227, 151, 223, 163, 139,
       220, 238, 231, 147, 62, 255, 202, 179, 85, 234, 213, 59, 102, 201,
       135, 203, 125, 78, 216, 184, 47, 210, 8, 51, 111, 215, 37, 85,
       187, 82, 120, 237, 118, 112, 92, 56, 15, 213, 28, 249, 53, 153,
       172, 24, 5, 240, 29, 156, 73, 16, 242, 51, 189, 88, 87, 32, 250,
       255, 190, 231, 183, 255, 247, 143, 253, 238, 253, 251, 255, 255,
       255, 251, 253, 251, 213, 123, 103, 253, 135, 239, 125, 79, 255,
       189, 47, 210, 27, 115, 255, 247, 37, 85, 187, 82, 125, 237, 118,
       112, 92, 120, 63, 221, 28, 253, 181, 157, 172, 24, 5, 241, 63,
       156, 75, 80, 246, 51, 189, 88, 87, 48, 250, 117, 52, 253, 154,
       221, 134, 3, 121, 198, 102, 145, 50, 229, 11, 150, 87, 226, 213,
       3, 100, 217, 39, 195, 117, 76, 200, 188, 15, 82, 8, 97, 107, 215,
       36, 85, 187, 82, 56, 37, 116, 112, 88, 24, 143, 213, 24, 229, 79,
       153, 172, 24, 1, 240, 29, 156, 73, 16, 242, 51, 189, 88, 87, 32,
       250, 124, 48, 253, 147, 223, 179, 27, 120, 238, 103, 211, 54, 253,
       234, 178, 80, 242, 213, 123, 100, 201, 165, 195, 124, 78, 216,
       184, 47, 210, 8, 115, 107, 87, 37, 85, 187, 82, 120, 229, 86, 112,
       88, 24, 15, 213, 28, 229, 15, 157, 172, 24, 5, 240, 29, 156, 73,
       16, 242, 51, 189, 88, 23, 32, 250, 125, 50, 245, 149, 254, 167,
       43, 120, 230, 101, 195, 54, 253, 123, 179, 85, 250, 213, 91, 102,
       233, 37, 130, 116, 78, 250, 188, 47, 210, 12, 113, 235, 87, 37,
       85, 187, 82, 120, 229, 84, 116, 84, 24, 15, 197, 12, 229, 79, 153,
       172, 24, 5, 240, 29, 156, 73, 16, 246, 51, 189, 88, 87, 32, 250,
       253, 246, 247, 189, 254, 231, 191, 248, 238, 125, 249, 255, 239,
       239, 150, 125, 251, 213, 63, 102, 253, 175, 130, 124, 206, 255,
       191, 63, 211, 15, 115, 239, 215, 37, 85, 191, 82, 112, 237, 118,
       112, 92, 56, 47, 213, 28, 253, 63, 157, 172, 24, 5, 240, 61, 156,
       73, 80, 254, 51, 189, 88, 87, 32, 250, 231, 42, 227, 145, 219,
       134, 135, 200, 238, 239, 128, 126, 255, 239, 179, 93, 234, 213,
       59, 102, 203, 143, 142, 125, 78, 222, 190, 47, 210, 15, 51, 127,
       119, 39, 85, 187, 82, 125, 109, 86, 112, 64, 24, 46, 205, 28, 217,
       183, 157, 172, 24, 5, 241, 30, 156, 75, 16, 252, 49, 189, 92, 87,
       48, 250, 187, 254, 125, 239, 255, 189, 223, 152, 255, 127, 253,
       251, 175, 123, 244, 125, 247, 247, 127, 123, 253, 119, 155, 124,
       229, 255, 249, 63, 255, 123, 255, 255, 223, 236, 222, 255, 250,
       121, 249, 247, 126, 223, 107, 189, 213, 81, 252, 127, 188, 191,
       24, 13, 252, 181, 222, 125, 56, 246, 247, 191, 250, 223, 46, 255,
       187, 246, 108, 231, 255, 189, 159, 25, 255, 255, 189, 251, 175,
       123, 228, 93, 243, 247, 46, 251, 245, 119, 211, 124, 245, 255,
       241, 63, 126, 123, 247, 239, 223, 236, 222, 190, 251, 121, 249,
       119, 125, 94, 107, 173, 213, 81, 253, 127, 184, 191, 24, 15, 244,
       181, 222, 109, 56, 247, 247, 191, 250, 223, 44, 254, 255, 245,
       255, 253, 254, 231, 255, 248, 218, 239, 253, 250, 255, 78, 151,
       122, 243, 215, 63, 103, 207, 45, 230, 127, 205, 223, 255, 127, 83,
       47, 247, 127, 247, 37, 85, 191, 82, 121, 233, 247, 114, 94, 57,
       47, 213, 28, 253, 63, 153, 172, 24, 5, 240, 29, 156, 73, 16, 242,
       51, 189, 88, 87, 34, 251, 126, 49, 255, 245, 54, 231, 95, 109,
       214, 231, 221, 184, 253, 238, 179, 86, 255, 215, 114, 103, 143,
