%YAML:1.0
descriptors: !!opencv-matrix
   rows: 9
   cols: 64
   dt: u
   data: [ 60, 177, 253, 254, 54, 63, 125, 122, 247, 252, 213, 241, 127,
       126, 180, 94, 246, 215, 99, 99, 245, 63, 193, 247, 205, 170, 230,
       223, 122, 221, 245, 235, 223, 44, 85, 190, 222, 120, 249, 117,
       120, 93, 57, 47, 212, 53, 247, 111, 153, 172, 24, 5, 240, 29, 156,
       73, 16, 242, 51, 189, 88, 87, 32, 250, 63, 183, 253, 254, 62, 189,
       185, 127, 246, 252, 215, 241, 253, 122, 188, 86, 254, 246, 99,
       115, 245, 38, 211, 247, 221, 186, 228, 223, 90, 220, 245, 235,
       223, 44, 87, 190, 223, 120, 233, 125, 120, 92, 59, 47, 212, 53,
       247, 111, 153, 172, 24, 5, 240, 29, 156, 73, 16, 242, 51, 189, 90,
       87, 32, 250, 63, 186, 253, 254, 63, 253, 253, 120, 255, 252, 254,
       249, 253, 123, 189, 85, 255, 254, 99, 123, 245, 118, 195, 127,
       237, 191, 229, 251, 126, 95, 245, 239, 223, 108, 85, 190, 223,
       120, 249, 117, 120, 93, 123, 47, 212, 53, 247, 111, 185, 172, 24,
       5, 240, 29, 156, 77, 16, 242, 51, 189, 218, 87, 32, 254, 191, 242,
       125, 237, 190, 189, 159, 80, 127, 255, 253, 251, 221, 121, 244,
       85, 242, 245, 5, 99, 229, 112, 131, 120, 237, 254, 177, 127, 127,
       79, 245, 251, 215, 36, 84, 186, 82, 121, 233, 245, 114, 94, 122,
       47, 213, 20, 245, 111, 153, 173, 24, 5, 240, 29, 157, 73, 16, 242,
       51, 189, 88, 87, 34, 251, 35, 22, 4, 38, 189, 176, 142, 24, 102,
       59, 130, 99, 172, 11, 0, 21, 116, 166, 1, 208, 224, 98, 27, 124,
       192, 152, 224, 122, 26, 48, 225, 71, 95, 172, 218, 52, 121, 8,
       168, 97, 108, 76, 26, 143, 212, 81, 246, 79, 184, 254, 24, 1, 244,
       13, 220, 73, 18, 179, 151, 180, 144, 87, 36, 88, 252, 187, 255,
       253, 50, 127, 249, 247, 221, 252, 214, 247, 95, 254, 251, 238,
       251, 221, 251, 111, 247, 255, 230, 183, 255, 107, 182, 183, 109,
       223, 126, 239, 255, 99, 103, 255, 215, 254, 251, 125, 248, 125,
       247, 118, 255, 167, 115, 239, 191, 172, 239, 223, 242, 63, 157,
       93, 117, 254, 123, 255, 251, 63, 173, 254, 254, 254, 255, 253,
       255, 127, 255, 251, 253, 253, 254, 255, 127, 255, 254, 253, 251,
       213, 127, 107, 253, 223, 188, 63, 127, 255, 251, 191, 255, 95,
       127, 255, 241, 101, 126, 255, 214, 119, 253, 245, 219, 223, 122,
       62, 223, 135, 252, 125, 141, 189, 94, 13, 248, 191, 159, 77, 144,
       246, 123, 158, 223, 94, 42, 188, 255, 252, 127, 255, 255, 63, 223,
       154, 255, 127, 253, 251, 191, 251, 246, 253, 243, 247, 63, 123,
       245, 246, 177, 126, 239, 255, 243, 59, 255, 123, 127, 255, 211,
       236, 158, 255, 210, 125, 249, 247, 222, 223, 127, 63, 209, 23,
       245, 127, 157, 191, 30, 5, 232, 189, 159, 77, 56, 246, 51, 159,
       255, 223, 38, 187, 255, 253, 125, 255, 255, 127, 223, 249, 255,
       95, 253, 251, 255, 122, 246, 253, 243, 247, 127, 127, 127, 250,
       181, 118, 239, 255, 247, 59, 255, 91, 127, 185, 242, 108, 28, 255,
       210, 115, 249, 245, 210, 223, 123, 31, 209, 150, 245, 94, 157,
       173, 30, 5, 232, 31, 159, 77, 144, 246, 59, 159, 93, 95, 34, 185 ]
