%YAML:1.0
descriptors: !!opencv-matrix
   rows: 11
   cols: 64
   dt: u
   data: [ 59, 223, 124, 127, 63, 253, 255, 57, 255, 255, 252, 235, 191,
       127, 124, 221, 253, 187, 255, 251, 245, 126, 91, 255, 241, 127,
       247, 254, 127, 247, 255, 231, 143, 250, 203, 36, 255, 153, 248,
       121, 124, 159, 255, 237, 245, 241, 183, 111, 191, 219, 137, 75,
       254, 165, 250, 213, 63, 215, 255, 247, 179, 251, 237, 78, 63, 255,
       125, 255, 63, 253, 255, 121, 255, 255, 223, 253, 253, 127, 253,
       253, 255, 247, 227, 251, 247, 126, 219, 255, 253, 255, 247, 255,
       127, 255, 255, 239, 207, 238, 223, 190, 255, 249, 251, 127, 125,
       93, 255, 239, 247, 241, 247, 111, 187, 254, 152, 79, 246, 149,
       222, 85, 62, 243, 247, 191, 251, 255, 237, 254, 62, 189, 255, 248,
       62, 255, 253, 63, 255, 254, 222, 252, 127, 126, 191, 254, 253,
       255, 227, 251, 247, 119, 219, 255, 249, 119, 247, 255, 109, 223,
       255, 235, 207, 218, 199, 166, 255, 248, 251, 123, 120, 29, 247,
       237, 215, 245, 183, 111, 191, 254, 137, 203, 246, 29, 216, 85, 55,
       243, 255, 255, 251, 251, 237, 222, 252, 237, 255, 253, 250, 127,
       251, 255, 253, 253, 255, 255, 255, 255, 223, 238, 235, 213, 127,
       111, 63, 141, 231, 191, 127, 255, 191, 191, 255, 143, 54, 191,
       243, 39, 117, 251, 82, 127, 253, 254, 251, 124, 249, 63, 223, 31,
       253, 181, 205, 173, 94, 181, 217, 127, 148, 79, 208, 252, 113,
       255, 93, 87, 51, 254, 63, 247, 125, 251, 63, 189, 247, 121, 255,
       254, 220, 249, 253, 127, 189, 85, 255, 247, 227, 251, 247, 126,
       91, 255, 245, 255, 247, 255, 126, 223, 245, 239, 223, 238, 199,
       190, 255, 248, 251, 127, 124, 93, 250, 239, 213, 241, 247, 111,
       187, 254, 137, 79, 246, 29, 222, 93, 62, 242, 247, 191, 251, 255,
       237, 222, 255, 254, 127, 239, 255, 255, 223, 152, 255, 127, 252,
       251, 175, 123, 230, 253, 243, 247, 63, 253, 237, 215, 187, 124,
       231, 255, 123, 127, 255, 123, 255, 191, 243, 237, 220, 223, 122,
       245, 253, 247, 247, 222, 106, 63, 217, 31, 252, 181, 204, 253, 22,
       37, 237, 247, 143, 239, 80, 252, 180, 30, 222, 223, 54, 189, 188,
       205, 125, 252, 35, 93, 117, 111, 181, 84, 252, 217, 95, 252, 124,
       238, 253, 186, 231, 253, 118, 250, 176, 183, 251, 63, 85, 208,
       237, 214, 222, 169, 136, 122, 35, 244, 207, 80, 217, 188, 123,
       191, 189, 183, 220, 119, 118, 238, 163, 161, 231, 220, 216, 15,
       131, 28, 63, 208, 111, 237, 115, 255, 143, 218, 248, 57, 255, 255,
       254, 255, 251, 247, 253, 253, 214, 191, 255, 254, 251, 254, 251,
       213, 123, 111, 253, 223, 199, 183, 223, 234, 188, 191, 122, 223,
       126, 171, 247, 37, 87, 255, 86, 127, 253, 124, 248, 93, 125, 46,
       221, 62, 227, 239, 157, 172, 153, 133, 242, 61, 157, 73, 80, 254,
       51, 189, 91, 87, 32, 250, 127, 255, 127, 253, 63, 255, 255, 255,
       191, 254, 255, 189, 93, 254, 253, 255, 253, 254, 255, 251, 255,
       250, 252, 63, 253, 255, 247, 255, 127, 255, 255, 255, 243, 250,
       255, 239, 255, 255, 251, 127, 254, 253, 255, 125, 247, 247, 247,
       127, 255, 255, 255, 207, 254, 253, 255, 125, 255, 247, 255, 255,
       255, 255, 255, 182, 255, 221, 254, 255, 255, 255, 255, 255, 63,
       255, 253, 251, 190, 254, 238, 254, 175, 223, 188, 255, 255, 255,
       231, 123, 127, 255, 251, 127, 255, 127, 255, 127, 255, 245, 189,
       251, 247, 253, 250, 255, 115, 255, 255, 127, 255, 159, 255, 127,
       223, 255, 127, 191, 255, 255, 254, 239, 251, 255, 255, 255, 255,
       255, 191, 255, 126, 255, 187, 251, 54, 223, 222, 175, 223, 250,
       127, 190, 241, 150, 255, 254, 255, 215, 123, 223, 159, 183, 223,
       223, 253, 213, 255, 237, 71, 251, 191, 250, 231, 174, 239, 255,
       255, 127, 239, 118, 58, 93, 241, 253, 23, 254, 53, 255, 255, 173,
       191, 207, 190, 29, 255, 243, 212, 242, 123, 253, 127, 95, 122,
       246 ]
