%YAML:1.0
descriptors: !!opencv-matrix
   rows: 17
   cols: 64
   dt: u
   data: [ 60, 172, 255, 252, 59, 253, 245, 127, 181, 252, 220, 253, 93,
       126, 189, 206, 251, 252, 227, 107, 245, 127, 218, 247, 125, 255,
       148, 183, 125, 223, 125, 239, 207, 106, 103, 190, 247, 248, 249,
       124, 121, 221, 254, 167, 213, 117, 247, 107, 185, 172, 155, 13,
       242, 29, 156, 93, 62, 242, 127, 189, 251, 223, 44, 254, 191, 254,
       124, 239, 191, 189, 255, 56, 253, 255, 252, 251, 239, 123, 236,
       93, 243, 255, 255, 251, 245, 118, 219, 124, 245, 127, 113, 247,
       127, 119, 255, 247, 159, 248, 223, 52, 255, 249, 249, 63, 127,
       223, 123, 189, 245, 113, 247, 123, 190, 255, 153, 15, 252, 165,
       218, 117, 62, 151, 247, 175, 243, 251, 236, 222, 249, 250, 255,
       255, 255, 255, 255, 248, 255, 253, 254, 251, 255, 251, 255, 253,
       251, 213, 127, 111, 254, 223, 175, 125, 111, 255, 187, 63, 255,
       91, 126, 191, 243, 103, 84, 251, 82, 119, 253, 246, 214, 223, 122,
       62, 217, 142, 217, 181, 141, 173, 30, 133, 251, 191, 159, 79, 80,
       252, 57, 159, 221, 95, 50, 255, 254, 251, 255, 253, 254, 255, 251,
       255, 255, 255, 255, 255, 255, 252, 255, 252, 251, 213, 127, 111,
       126, 223, 174, 61, 127, 255, 191, 63, 255, 223, 126, 191, 241,
       231, 125, 255, 214, 119, 253, 247, 211, 223, 255, 126, 223, 142,
       253, 180, 205, 189, 86, 181, 219, 255, 135, 111, 208, 252, 105,
       127, 223, 92, 51, 189, 251, 220, 255, 255, 255, 255, 219, 252,
       255, 255, 253, 250, 191, 251, 246, 254, 251, 213, 127, 111, 254,
       199, 231, 61, 111, 239, 255, 63, 255, 27, 126, 191, 247, 37, 20,
       255, 82, 117, 253, 246, 210, 222, 121, 63, 217, 30, 217, 53, 157,
       173, 30, 5, 248, 191, 159, 75, 80, 246, 57, 157, 92, 22, 50, 249,
       187, 214, 124, 239, 255, 189, 223, 24, 255, 255, 125, 235, 191,
       123, 100, 93, 244, 247, 124, 187, 252, 127, 219, 124, 225, 255,
       243, 254, 126, 115, 247, 247, 223, 252, 222, 53, 255, 217, 248,
       123, 127, 95, 107, 125, 245, 113, 255, 123, 189, 223, 24, 15, 254,
       165, 222, 253, 63, 247, 247, 191, 243, 223, 188, 223, 255, 254,
       127, 239, 255, 255, 223, 216, 255, 95, 253, 251, 239, 251, 246,
       253, 251, 247, 63, 127, 127, 207, 190, 124, 239, 255, 123, 63,
       255, 91, 118, 191, 242, 237, 222, 223, 210, 117, 253, 247, 119,
       222, 122, 191, 221, 27, 252, 181, 205, 189, 22, 165, 249, 183,
       143, 239, 120, 252, 113, 63, 222, 223, 60, 185, 255, 254, 124,
       239, 255, 189, 223, 152, 255, 119, 189, 250, 191, 123, 244, 93,
       243, 247, 62, 255, 255, 119, 179, 124, 231, 247, 251, 63, 255,
       123, 247, 63, 151, 237, 222, 223, 202, 121, 253, 255, 119, 223,
       109, 125, 213, 94, 252, 53, 159, 191, 16, 13, 250, 181, 223, 255,
       120, 246, 240, 63, 253, 223, 60, 191, 248, 187, 255, 245, 254,
       191, 251, 243, 253, 253, 86, 223, 223, 252, 251, 238, 242, 221,
       127, 111, 254, 175, 194, 119, 95, 254, 191, 191, 254, 211, 126,
       191, 247, 39, 85, 251, 83, 127, 253, 124, 216, 93, 248, 62, 217,
       142, 217, 247, 157, 173, 24, 133, 240, 63, 157, 73, 80, 254, 51,
       189, 88, 87, 32, 250, 59, 222, 124, 111, 191, 253, 223, 24, 255,
       93, 252, 251, 173, 127, 124, 93, 191, 247, 238, 187, 245, 118,
       155, 125, 241, 127, 117, 247, 126, 247, 207, 231, 159, 248, 203,
       20, 255, 153, 248, 59, 125, 221, 107, 237, 245, 241, 255, 107,
       186, 223, 137, 11, 252, 165, 218, 125, 62, 215, 246, 175, 243,
       251, 236, 222, 140, 201, 77, 222, 34, 95, 252, 183, 53, 212, 125,
       195, 29, 115, 127, 234, 141, 218, 228, 239, 86, 248, 228, 242,
       121, 63, 149, 208, 109, 194, 30, 249, 254, 112, 115, 224, 223, 90,
       218, 248, 242, 191, 185, 55, 244, 182, 247, 110, 155, 169, 175,
       79, 248, 29, 155, 92, 55, 243, 59, 253, 89, 127, 99, 251, 56, 190,
       253, 254, 63, 253, 253, 63, 255, 254, 223, 253, 253, 62, 125, 223,
       255, 190, 227, 251, 245, 126, 219, 255, 241, 127, 247, 254, 125,
       247, 255, 239, 207, 248, 235, 52, 255, 218, 248, 123, 125, 221,
       239, 47, 247, 245, 247, 107, 191, 250, 169, 79, 246, 13, 250, 93,
       63, 243, 255, 255, 243, 251, 237, 222, 250, 253, 255, 255, 255,
       255, 223, 153, 255, 255, 189, 254, 191, 127, 254, 255, 255, 247,
       126, 255, 191, 127, 247, 127, 253, 247, 255, 127, 127, 251, 255,
       255, 199, 237, 207, 223, 250, 127, 251, 127, 126, 223, 239, 253,
       215, 254, 253, 63, 255, 191, 158, 15, 250, 181, 191, 255, 120,
       247, 123, 191, 255, 223, 186, 254, 255, 255, 255, 249, 246, 255,
       223, 215, 239, 255, 185, 202, 207, 253, 126, 223, 221, 255, 126,
       255, 63, 247, 119, 191, 223, 247, 255, 255, 191, 254, 254, 179,
       210, 223, 223, 239, 250, 125, 254, 107, 110, 127, 251, 253, 183,
       250, 247, 190, 254, 219, 182, 251, 251, 253, 247, 255, 255, 255,
       81, 119, 255, 249, 223, 186, 239, 255, 255, 255, 119, 255, 255,
       223, 255, 255, 173, 234, 255, 255, 255, 255, 159, 255, 250, 255,
       191, 255, 119, 255, 247, 231, 255, 255, 127, 255, 254, 227, 255,
       223, 255, 239, 251, 255, 254, 251, 126, 255, 251, 253, 191, 255,
       247, 255, 255, 251, 190, 255, 255, 253, 255, 254, 255, 255, 255,
       255, 255, 249, 223, 251, 252, 239, 255, 253, 114, 95, 127, 231,
       223, 254, 127, 188, 95, 246, 255, 254, 153, 219, 250, 111, 63,
       253, 246, 155, 223, 231, 190, 253, 105, 255, 254, 235, 231, 27,
       231, 239, 255, 254, 254, 125, 62, 63, 245, 252, 191, 190, 103,
       238, 255, 170, 239, 223, 147, 127, 117, 222, 239, 239, 73, 123,
       255, 232, 219, 246, 255, 255, 255, 255, 255, 255, 223, 201, 255,
       255, 187, 250, 255, 254, 254, 253, 255, 247, 126, 255, 255, 247,
       179, 126, 255, 247, 255, 127, 255, 255, 255, 251, 199, 236, 223,
       223, 250, 127, 251, 255, 118, 95, 125, 125, 215, 94, 245, 63, 221,
       175, 20, 13, 234, 181, 191, 127, 152, 246, 113, 191, 255, 223, 56,
       186 ]
