%YAML:1.0
descriptors: !!opencv-matrix
   rows: 11
   cols: 64
   dt: u
   data: [ 156, 250, 255, 237, 254, 255, 247, 253, 253, 189, 254, 253,
       223, 116, 253, 232, 251, 221, 255, 107, 245, 127, 238, 253, 239,
       127, 29, 246, 125, 199, 63, 254, 255, 251, 249, 124, 127, 251,
       253, 183, 251, 191, 251, 55, 253, 183, 255, 227, 191, 253, 239,
       255, 253, 253, 155, 93, 118, 222, 191, 239, 243, 95, 103, 223,
       204, 234, 223, 249, 234, 251, 243, 244, 61, 191, 238, 223, 211,
       252, 255, 234, 219, 249, 255, 111, 237, 253, 238, 249, 111, 127,
       31, 230, 237, 199, 63, 255, 255, 211, 127, 105, 119, 255, 253, 62,
       251, 189, 246, 55, 255, 175, 127, 243, 191, 205, 255, 245, 223,
       255, 158, 254, 247, 220, 175, 237, 221, 191, 115, 254, 126, 251,
       249, 222, 55, 223, 91, 111, 223, 214, 191, 190, 253, 254, 255,
       254, 255, 183, 122, 223, 31, 191, 211, 215, 253, 247, 247, 125,
       71, 254, 222, 169, 206, 60, 103, 254, 202, 123, 235, 125, 178,
       221, 177, 127, 183, 238, 181, 110, 151, 175, 159, 79, 186, 29,
       255, 83, 48, 243, 123, 253, 121, 223, 232, 250, 254, 231, 255,
       255, 234, 215, 255, 231, 119, 255, 125, 218, 223, 254, 183, 126,
       159, 251, 252, 239, 187, 253, 255, 187, 254, 247, 191, 255, 239,
       255, 255, 255, 227, 215, 191, 107, 255, 253, 126, 251, 114, 233,
       229, 253, 191, 156, 255, 187, 95, 203, 247, 255, 223, 250, 246,
       246, 247, 255, 249, 95, 255, 248, 217, 190, 63, 182, 125, 239,
       191, 253, 191, 120, 254, 255, 222, 255, 237, 127, 249, 85, 251,
       247, 67, 114, 245, 99, 203, 124, 237, 255, 245, 255, 126, 95, 243,
       239, 223, 44, 213, 190, 94, 120, 233, 117, 120, 92, 122, 47, 213,
       53, 245, 111, 153, 172, 24, 5, 240, 29, 156, 73, 16, 242, 51, 189,
       88, 87, 32, 250, 63, 190, 125, 255, 62, 189, 221, 120, 255, 255,
       215, 251, 253, 123, 253, 84, 255, 247, 99, 251, 245, 118, 211,
       255, 253, 255, 245, 255, 126, 223, 247, 235, 215, 44, 87, 190,
       222, 120, 249, 125, 120, 93, 123, 47, 213, 52, 245, 111, 153, 172,
       24, 5, 240, 29, 156, 73, 16, 242, 51, 189, 122, 87, 32, 250, 57,
       255, 254, 222, 63, 189, 253, 50, 119, 254, 85, 249, 191, 123, 180,
       94, 254, 214, 97, 251, 245, 124, 195, 247, 233, 63, 227, 254, 126,
       95, 245, 235, 223, 100, 85, 190, 223, 120, 249, 117, 116, 93, 59,
       47, 213, 53, 247, 111, 153, 172, 24, 5, 240, 29, 156, 77, 16, 243,
       51, 189, 88, 87, 32, 250, 254, 251, 255, 223, 55, 95, 221, 187,
       255, 215, 63, 250, 191, 250, 126, 255, 253, 247, 126, 255, 55,
       127, 245, 119, 253, 247, 247, 125, 127, 251, 222, 185, 214, 126,
       255, 223, 202, 127, 250, 253, 182, 255, 253, 125, 191, 254, 245,
       62, 215, 187, 182, 207, 250, 165, 247, 223, 249, 247, 120, 127,
       127, 253, 255, 187, 124, 191, 255, 253, 50, 127, 249, 255, 221,
       252, 222, 181, 95, 252, 251, 238, 251, 221, 251, 107, 245, 189,
       230, 183, 221, 235, 182, 159, 125, 213, 126, 251, 255, 38, 117,
       190, 215, 122, 249, 124, 248, 93, 251, 62, 221, 167, 211, 111,
       159, 172, 159, 141, 242, 29, 157, 77, 20, 242, 123, 255, 91, 87,
       33, 254, 60, 57, 255, 252, 50, 127, 249, 127, 213, 220, 214, 181,
       93, 252, 187, 238, 251, 220, 227, 107, 245, 61, 196, 247, 221, 43,
       166, 216, 120, 196, 124, 235, 223, 36, 85, 190, 215, 122, 217,
       124, 248, 93, 191, 38, 244, 55, 247, 110, 185, 172, 153, 13, 242,
       29, 156, 73, 20, 242, 115, 189, 91, 87, 33, 250, 124, 255, 255,
       223, 122, 255, 255, 247, 255, 252, 127, 223, 223, 254, 251, 238,
       243, 215, 121, 111, 246, 61, 214, 247, 251, 239, 166, 191, 127,
       219, 126, 255, 231, 39, 85, 251, 215, 123, 249, 252, 242, 95, 249,
       62, 221, 182, 213, 111, 157, 173, 31, 141, 248, 29, 157, 73, 80,
       246, 123, 189, 91, 95, 42, 250 ]
