%YAML:1.0
descriptors: !!opencv-matrix
   rows: 13
   cols: 64
   dt: u
   data: [ 124, 169, 255, 253, 50, 255, 241, 246, 221, 252, 254, 189, 95,
       247, 219, 234, 187, 221, 251, 111, 245, 125, 230, 183, 255, 127,
       149, 183, 109, 207, 126, 255, 255, 83, 103, 250, 223, 251, 249,
       124, 120, 61, 247, 55, 253, 183, 247, 239, 191, 172, 239, 219,
       241, 29, 156, 92, 126, 254, 127, 249, 251, 223, 109, 254, 252,
       255, 255, 255, 254, 255, 255, 255, 253, 255, 253, 251, 255, 255,
       255, 254, 251, 221, 255, 111, 63, 253, 255, 191, 255, 255, 191,
       191, 255, 223, 126, 191, 243, 231, 127, 127, 215, 247, 255, 255,
       127, 255, 235, 126, 255, 191, 95, 178, 239, 221, 246, 255, 223,
       255, 167, 254, 221, 252, 233, 79, 255, 236, 155, 182, 252, 253,
       255, 253, 62, 127, 255, 255, 221, 255, 255, 189, 95, 238, 251,
       238, 251, 220, 123, 107, 255, 251, 254, 191, 221, 255, 183, 255,
       89, 223, 127, 255, 235, 47, 247, 255, 223, 127, 249, 127, 122, 93,
       247, 63, 223, 183, 247, 127, 191, 172, 222, 141, 250, 63, 156, 93,
       216, 246, 123, 251, 255, 223, 40, 246, 63, 255, 255, 255, 191,
       221, 221, 137, 239, 255, 59, 254, 191, 255, 253, 255, 255, 247,
       110, 251, 255, 119, 211, 127, 223, 247, 247, 127, 127, 251, 255,
       251, 199, 236, 223, 190, 218, 125, 251, 127, 116, 93, 121, 253,
       247, 212, 245, 63, 155, 175, 24, 15, 242, 29, 220, 125, 16, 247,
       115, 191, 251, 223, 104, 250, 253, 250, 255, 254, 127, 255, 247,
       126, 253, 253, 254, 255, 255, 254, 254, 239, 251, 245, 255, 107,
       245, 127, 235, 255, 111, 255, 189, 183, 127, 203, 127, 239, 223,
       103, 119, 250, 119, 251, 253, 124, 123, 221, 122, 63, 221, 183,
       245, 239, 189, 173, 159, 5, 250, 29, 159, 77, 52, 246, 55, 189,
       219, 95, 36, 254, 227, 221, 254, 95, 117, 126, 223, 159, 255, 254,
       173, 170, 46, 255, 111, 191, 255, 231, 58, 191, 63, 239, 119, 63,
       247, 247, 255, 125, 255, 63, 202, 99, 207, 255, 255, 255, 250, 61,
       254, 123, 50, 254, 42, 253, 191, 250, 245, 254, 241, 251, 126, 91,
       189, 255, 247, 255, 187, 255, 252, 63, 254, 241, 223, 242, 252,
       47, 255, 221, 122, 127, 243, 247, 221, 252, 222, 183, 95, 254,
       251, 238, 187, 221, 251, 111, 245, 253, 214, 183, 91, 111, 150,
       150, 108, 223, 126, 255, 239, 35, 103, 251, 215, 254, 253, 124,
       248, 125, 247, 54, 253, 167, 231, 239, 191, 172, 175, 221, 243,
       31, 157, 93, 116, 254, 123, 255, 91, 15, 41, 254, 254, 252, 255,
       255, 255, 253, 223, 185, 255, 255, 255, 255, 191, 254, 255, 252,
       255, 247, 127, 251, 255, 223, 255, 124, 255, 255, 255, 123, 255,
       251, 255, 255, 247, 237, 127, 127, 222, 255, 253, 255, 255, 223,
       237, 127, 223, 159, 253, 177, 207, 207, 159, 173, 254, 191, 159,
       255, 248, 244, 249, 127, 255, 223, 58, 190, 252, 253, 255, 221,
       54, 127, 253, 247, 223, 255, 127, 221, 95, 254, 255, 238, 255,
       223, 123, 111, 183, 255, 246, 183, 251, 111, 183, 254, 125, 223,
       254, 251, 239, 111, 103, 255, 223, 127, 249, 125, 250, 223, 247,
       63, 255, 54, 247, 111, 191, 172, 159, 223, 250, 29, 157, 93, 116,
       246, 123, 251, 123, 223, 43, 254, 60, 253, 255, 220, 62, 253, 253,
       127, 253, 252, 212, 253, 255, 124, 189, 206, 251, 220, 227, 107,
       245, 127, 211, 247, 253, 127, 247, 182, 125, 223, 119, 239, 207,
       46, 87, 190, 222, 120, 249, 125, 120, 125, 247, 39, 245, 53, 247,
       111, 187, 174, 137, 79, 242, 29, 156, 93, 54, 242, 119, 255, 251,
       223, 173, 254, 63, 181, 253, 250, 55, 253, 253, 127, 247, 254,
       213, 244, 125, 63, 189, 95, 223, 254, 99, 251, 183, 118, 209, 247,
       253, 183, 230, 219, 127, 253, 245, 235, 223, 94, 247, 174, 223,
       120, 251, 121, 124, 253, 255, 109, 182, 117, 119, 111, 187, 170,
       185, 79, 240, 29, 252, 92, 61, 243, 127, 255, 251, 251, 237, 250,
       255, 252, 255, 199, 255, 215, 219, 249, 255, 255, 189, 255, 255,
       251, 246, 253, 251, 247, 126, 63, 223, 223, 191, 124, 239, 255,
       127, 63, 255, 91, 247, 63, 247, 237, 30, 223, 218, 117, 255, 247,
       83, 94, 106, 63, 217, 30, 248, 181, 205, 189, 22, 165, 249, 191,
       156, 239, 208, 252, 240, 63, 220, 93, 50, 191, 124, 189, 255, 252,
       50, 127, 249, 247, 157, 220, 222, 149, 95, 244, 251, 238, 251,
       221, 251, 111, 246, 61, 212, 179, 255, 107, 182, 212, 109, 214,
       126, 235, 239, 51, 117, 188, 215, 126, 249, 125, 248, 125, 247,
       38, 255, 183, 247, 110, 191, 172, 191, 223, 242, 29, 157, 93, 85,
       246, 123, 255, 123, 127, 171, 250 ]
