%YAML:1.0
descriptors: !!opencv-matrix
   rows: 13
   cols: 64
   dt: u
   data: [ 191, 253, 127, 239, 190, 253, 253, 243, 255, 221, 125, 255,
       223, 126, 253, 253, 243, 254, 247, 235, 245, 62, 181, 247, 255,
       255, 165, 251, 255, 255, 255, 255, 230, 124, 63, 254, 255, 121,
       233, 253, 123, 221, 119, 191, 252, 246, 254, 111, 169, 189, 223,
       15, 248, 31, 158, 81, 54, 243, 123, 188, 251, 223, 44, 248, 254,
       255, 255, 253, 246, 255, 255, 255, 255, 255, 253, 251, 223, 255,
       254, 254, 189, 223, 254, 255, 63, 255, 246, 191, 255, 255, 255,
       255, 237, 255, 254, 191, 218, 251, 239, 239, 255, 253, 254, 127,
       127, 191, 255, 255, 191, 191, 255, 190, 239, 219, 231, 255, 223,
       255, 247, 254, 239, 223, 221, 127, 255, 253, 223, 191, 187, 254,
       124, 111, 255, 253, 223, 24, 255, 93, 252, 251, 175, 123, 100,
       253, 245, 247, 254, 185, 245, 119, 187, 124, 227, 255, 121, 247,
       255, 123, 207, 183, 159, 249, 219, 85, 255, 153, 248, 191, 127,
       223, 107, 253, 245, 115, 254, 49, 166, 215, 137, 47, 252, 229,
       218, 255, 126, 159, 246, 175, 243, 251, 252, 30, 251, 220, 127,
       239, 255, 255, 223, 152, 255, 127, 253, 251, 191, 123, 118, 253,
       247, 247, 63, 123, 238, 95, 187, 124, 231, 255, 123, 63, 255, 123,
       127, 255, 183, 237, 158, 223, 250, 117, 253, 247, 223, 223, 107,
       125, 219, 159, 252, 149, 205, 183, 86, 133, 236, 183, 175, 239,
       248, 244, 248, 31, 223, 221, 54, 189, 255, 254, 126, 239, 255,
       253, 223, 152, 255, 127, 189, 251, 175, 123, 228, 253, 247, 247,
       60, 187, 255, 127, 187, 124, 231, 247, 123, 127, 255, 123, 255,
       255, 151, 239, 222, 87, 250, 253, 255, 247, 119, 223, 235, 253,
       223, 91, 253, 51, 237, 223, 22, 45, 237, 231, 239, 255, 120, 252,
       244, 15, 255, 253, 190, 159, 63, 255, 255, 253, 62, 253, 253, 113,
       255, 255, 221, 255, 223, 127, 189, 95, 189, 255, 234, 251, 247,
       127, 211, 255, 253, 127, 247, 255, 124, 255, 255, 239, 223, 250,
       255, 190, 255, 249, 250, 127, 125, 125, 251, 239, 247, 177, 247,
       111, 187, 254, 169, 79, 244, 29, 190, 93, 63, 247, 247, 255, 251,
       255, 237, 254, 252, 253, 255, 255, 242, 127, 251, 255, 223, 255,
       253, 254, 255, 255, 223, 254, 251, 213, 127, 111, 63, 221, 231,
       63, 255, 255, 191, 191, 255, 255, 126, 191, 247, 103, 117, 255,
       214, 127, 255, 255, 250, 255, 249, 127, 255, 30, 253, 188, 223,
       173, 95, 245, 217, 255, 149, 207, 208, 252, 121, 127, 93, 93, 147,
       255, 191, 246, 125, 239, 255, 181, 223, 152, 255, 255, 253, 251,
       175, 123, 244, 93, 246, 247, 62, 251, 253, 119, 155, 124, 237,
       255, 255, 127, 255, 123, 247, 255, 215, 237, 222, 223, 250, 121,
       249, 255, 127, 94, 107, 189, 211, 89, 221, 55, 157, 191, 24, 5,
       252, 181, 158, 125, 56, 246, 242, 159, 254, 223, 62, 191, 61, 238,
       109, 138, 63, 125, 183, 125, 253, 220, 254, 253, 125, 63, 252,
       228, 251, 244, 199, 41, 245, 114, 253, 244, 125, 253, 53, 51, 127,
       223, 127, 255, 205, 100, 87, 186, 246, 114, 169, 124, 119, 221,
       122, 191, 212, 178, 244, 109, 185, 173, 223, 13, 248, 29, 159, 77,
       54, 242, 47, 188, 219, 223, 42, 250, 124, 173, 255, 253, 50, 127,
       249, 247, 221, 252, 222, 253, 95, 252, 251, 238, 187, 217, 251,
       111, 245, 125, 246, 247, 255, 111, 182, 246, 109, 215, 126, 235,
       207, 90, 103, 254, 222, 255, 249, 124, 124, 61, 247, 182, 255,
       183, 247, 111, 191, 172, 175, 219, 242, 29, 156, 92, 110, 255,
       127, 251, 251, 255, 235, 254, 103, 54, 229, 34, 93, 178, 167, 94,
       224, 58, 130, 37, 236, 95, 137, 1, 226, 237, 35, 242, 225, 39, 91,
       119, 70, 200, 168, 143, 90, 4, 33, 195, 215, 44, 87, 186, 91, 56,
       233, 116, 108, 84, 26, 143, 213, 65, 247, 79, 152, 172, 24, 1,
       240, 29, 156, 73, 16, 242, 51, 189, 88, 87, 32, 250, 127, 190,
       253, 190, 127, 191, 191, 127, 253, 254, 212, 253, 253, 127, 191,
       93, 254, 255, 123, 246, 245, 119, 211, 119, 221, 234, 252, 255,
       122, 213, 245, 235, 207, 44, 87, 190, 219, 120, 233, 124, 120, 93,
       58, 175, 213, 117, 247, 111, 153, 172, 24, 13, 240, 29, 156, 73,
       16, 246, 51, 189, 90, 215, 40, 250, 63, 54, 125, 170, 127, 191,
       167, 124, 244, 126, 210, 52, 237, 63, 185, 85, 254, 255, 67, 240,
       241, 99, 211, 247, 220, 248, 236, 205, 122, 20, 241, 235, 223, 44,
       215, 190, 91, 56, 233, 124, 124, 92, 58, 175, 213, 113, 247, 111,
       153, 172, 24, 1, 240, 29, 156, 89, 16, 242, 51, 189, 90, 215, 40,
       250 ]
