%YAML:1.0
descriptors: !!opencv-matrix
   rows: 30
   cols: 64
   dt: u
   data: [ 63, 178, 253, 247, 63, 247, 255, 124, 246, 254, 215, 245, 253,
       126, 179, 87, 251, 247, 99, 115, 245, 119, 195, 127, 205, 251,
       244, 255, 122, 93, 245, 239, 215, 44, 85, 190, 82, 120, 233, 117,
       120, 93, 122, 47, 213, 21, 245, 111, 153, 172, 24, 5, 240, 29,
       156, 73, 16, 242, 51, 189, 88, 87, 32, 250, 63, 178, 125, 246, 63,
       191, 191, 120, 246, 254, 214, 243, 253, 127, 188, 84, 242, 223,
       67, 99, 245, 39, 195, 119, 205, 250, 228, 255, 90, 93, 241, 235,
       215, 44, 85, 190, 87, 120, 233, 116, 120, 92, 58, 47, 213, 53,
       247, 111, 153, 172, 24, 5, 240, 29, 156, 73, 16, 242, 51, 189, 88,
       87, 32, 250, 61, 182, 125, 252, 62, 189, 187, 121, 244, 254, 215,
       245, 253, 123, 188, 85, 250, 221, 67, 99, 245, 35, 211, 247, 221,
       186, 228, 255, 90, 28, 245, 235, 223, 44, 85, 190, 219, 120, 233,
       116, 120, 92, 56, 175, 213, 53, 247, 111, 153, 172, 24, 5, 240,
       29, 156, 73, 16, 242, 51, 189, 88, 87, 32, 250, 63, 177, 125, 254,
       63, 189, 255, 120, 246, 254, 213, 253, 253, 126, 180, 84, 242,
       213, 67, 115, 245, 39, 195, 119, 205, 250, 228, 191, 90, 93, 245,
       235, 223, 44, 85, 190, 82, 120, 233, 116, 120, 92, 57, 47, 213,
       53, 245, 111, 153, 172, 24, 5, 240, 29, 156, 73, 16, 242, 51, 189,
       88, 87, 32, 250, 63, 245, 125, 254, 63, 189, 221, 120, 255, 255,
       245, 251, 253, 123, 180, 93, 246, 247, 103, 115, 245, 126, 211,
       127, 237, 190, 231, 127, 126, 123, 245, 239, 215, 108, 214, 190,
       210, 121, 249, 117, 122, 223, 123, 47, 212, 21, 245, 111, 153,
       172, 24, 5, 240, 29, 156, 73, 16, 242, 115, 191, 218, 95, 32, 251,
       60, 169, 255, 252, 50, 127, 241, 127, 213, 220, 214, 245, 93, 116,
       187, 198, 251, 220, 227, 107, 245, 60, 196, 247, 253, 43, 164,
       146, 104, 213, 53, 235, 207, 32, 71, 186, 215, 122, 233, 124, 120,
       93, 247, 39, 212, 53, 247, 111, 187, 172, 153, 13, 242, 29, 156,
       89, 22, 242, 119, 189, 91, 95, 40, 250, 59, 212, 108, 138, 63,
       221, 149, 57, 127, 252, 62, 249, 61, 62, 253, 245, 243, 246, 64,
       176, 209, 114, 217, 124, 113, 181, 97, 27, 127, 219, 221, 127,
       253, 236, 87, 182, 246, 90, 169, 126, 243, 223, 110, 47, 212, 22,
       244, 109, 185, 236, 152, 13, 254, 13, 157, 89, 58, 242, 190, 188,
       219, 223, 46, 255, 124, 238, 111, 234, 122, 127, 247, 127, 253,
       252, 254, 189, 125, 190, 253, 238, 243, 253, 219, 110, 245, 83,
       149, 183, 125, 237, 173, 149, 127, 223, 127, 251, 233, 37, 87,
       186, 215, 114, 237, 252, 250, 223, 124, 174, 85, 183, 230, 110,
       157, 173, 222, 13, 250, 29, 159, 77, 16, 246, 107, 188, 91, 78,
       42, 248, 251, 221, 190, 252, 39, 127, 124, 151, 63, 223, 173, 202,
       30, 248, 110, 255, 157, 250, 124, 255, 63, 221, 117, 179, 243,
       119, 243, 248, 125, 119, 254, 177, 202, 90, 179, 229, 219, 77,
       250, 121, 122, 191, 255, 125, 191, 223, 119, 254, 223, 219, 182,
       223, 202, 255, 242, 220, 191, 215, 125, 119, 119, 249, 223, 139,
       104, 204, 239, 186, 83, 95, 39, 107, 189, 244, 126, 157, 27, 189,
       253, 238, 203, 117, 127, 101, 244, 215, 180, 55, 95, 253, 157, 37,
       123, 218, 58, 249, 192, 36, 71, 186, 86, 120, 237, 124, 122, 93,
       60, 167, 85, 54, 116, 236, 157, 172, 153, 12, 249, 29, 140, 89,
       56, 246, 35, 189, 90, 215, 40, 250, 252, 255, 255, 253, 114, 255,
       255, 255, 253, 255, 237, 251, 255, 254, 255, 239, 251, 253, 127,
       111, 63, 223, 246, 191, 127, 255, 191, 191, 127, 223, 126, 191,
       231, 103, 127, 255, 210, 127, 253, 254, 126, 95, 120, 191, 223,
       255, 125, 183, 157, 173, 126, 61, 251, 63, 159, 77, 208, 252, 113,
       191, 223, 95, 59, 186, 191, 255, 125, 253, 191, 189, 223, 89, 255,
       95, 253, 251, 239, 121, 244, 93, 179, 245, 126, 123, 247, 126,
       178, 126, 245, 255, 243, 127, 127, 127, 127, 187, 214, 124, 222,
       254, 218, 121, 249, 253, 126, 223, 123, 191, 245, 83, 245, 127,
       152, 191, 24, 15, 232, 189, 159, 77, 56, 246, 115, 191, 250, 223,
       44, 186, 45, 234, 101, 169, 254, 253, 167, 120, 253, 124, 238,
       127, 221, 63, 253, 229, 195, 252, 207, 104, 245, 80, 152, 248,
       111, 253, 13, 179, 253, 79, 59, 223, 245, 224, 95, 186, 118, 243,
       189, 62, 247, 213, 90, 55, 84, 134, 124, 225, 141, 53, 157, 12,
       250, 29, 143, 13, 60, 228, 43, 172, 219, 207, 38, 252, 227, 205,
       77, 154, 162, 93, 85, 11, 239, 69, 61, 202, 159, 191, 126, 254,
       255, 246, 116, 45, 30, 214, 176, 36, 123, 247, 157, 56, 179, 186,
       94, 41, 144, 100, 83, 218, 194, 73, 218, 106, 54, 219, 44, 121,
       149, 30, 244, 172, 213, 129, 151, 12, 42, 11, 167, 191, 57, 116,
       120, 61, 81, 221, 26, 251, 191, 253, 125, 255, 55, 253, 221, 120,
       255, 223, 253, 248, 255, 126, 252, 255, 255, 247, 118, 251, 247,
       126, 241, 127, 237, 255, 247, 127, 127, 127, 247, 251, 215, 124,
       159, 254, 218, 121, 251, 125, 122, 223, 253, 111, 247, 20, 245,
       111, 155, 175, 26, 7, 248, 29, 156, 93, 16, 243, 123, 191, 121,
       223, 42, 251, 251, 253, 254, 222, 55, 31, 93, 59, 247, 231, 189,
       248, 63, 251, 52, 94, 253, 247, 126, 255, 183, 255, 241, 39, 253,
       247, 247, 127, 115, 187, 212, 233, 202, 63, 166, 255, 202, 125,
       242, 255, 122, 219, 189, 237, 187, 120, 245, 110, 215, 174, 147,
       207, 120, 61, 246, 215, 121, 247, 115, 255, 121, 245, 185, 251,
       185, 218, 124, 239, 255, 253, 255, 248, 127, 253, 254, 255, 189,
       127, 251, 245, 255, 246, 69, 98, 253, 112, 143, 120, 237, 255,
       241, 123, 255, 95, 255, 255, 223, 100, 87, 186, 87, 115, 249, 116,
       244, 93, 122, 63, 213, 151, 247, 111, 153, 173, 28, 5, 240, 29,
       157, 73, 16, 242, 51, 189, 90, 95, 32, 250, 255, 254, 127, 239,
       255, 248, 255, 216, 252, 255, 254, 251, 175, 123, 206, 253, 251,
       255, 191, 59, 237, 71, 139, 124, 239, 223, 121, 183, 255, 115, 99,
       255, 215, 233, 221, 117, 119, 253, 253, 55, 127, 94, 106, 191,
       221, 155, 254, 177, 237, 221, 28, 37, 221, 231, 143, 239, 86, 220,
       182, 173, 214, 95, 52, 190, 252, 41, 255, 245, 114, 119, 241, 255,
       253, 252, 214, 245, 95, 254, 187, 238, 251, 221, 251, 111, 244,
       189, 230, 183, 95, 235, 182, 183, 123, 203, 126, 239, 247, 39,
       117, 250, 87, 122, 249, 124, 248, 93, 255, 62, 221, 55, 241, 239,
       157, 172, 223, 133, 242, 31, 156, 77, 84, 246, 51, 253, 91, 87,
       32, 250, 237, 238, 231, 233, 255, 247, 227, 217, 253, 255, 202,
       255, 255, 255, 251, 237, 251, 245, 127, 111, 253, 207, 190, 124,
       127, 255, 63, 167, 223, 223, 123, 255, 247, 231, 95, 123, 82, 253,
       253, 62, 125, 92, 106, 190, 221, 125, 253, 177, 205, 221, 28, 181,
       221, 255, 140, 235, 80, 252, 241, 61, 222, 93, 48, 190, 61, 190,
       255, 253, 58, 253, 241, 119, 253, 252, 214, 253, 223, 125, 255,
       236, 187, 252, 235, 107, 245, 127, 94, 255, 253, 123, 148, 246,
       109, 215, 127, 239, 223, 88, 103, 180, 255, 251, 249, 125, 253,
       61, 255, 166, 245, 243, 247, 107, 191, 252, 175, 203, 242, 29,
       152, 93, 62, 214, 255, 239, 251, 223, 111, 223, 190, 243, 125,
       247, 191, 181, 223, 121, 222, 255, 121, 251, 191, 106, 180, 86,
       246, 215, 103, 99, 255, 62, 211, 127, 220, 254, 247, 127, 82, 251,
       247, 251, 199, 44, 86, 190, 210, 121, 233, 253, 112, 92, 241, 47,
       213, 20, 245, 127, 153, 172, 24, 5, 240, 29, 156, 73, 16, 242,
       115, 189, 88, 87, 32, 250, 252, 253, 255, 245, 246, 127, 251, 255,
       253, 253, 255, 255, 255, 251, 242, 255, 251, 213, 127, 111, 127,
       223, 246, 55, 127, 239, 191, 191, 255, 219, 126, 191, 242, 39,
       118, 255, 214, 119, 245, 245, 218, 223, 251, 62, 217, 47, 201,
       254, 141, 173, 94, 133, 248, 63, 159, 77, 208, 244, 113, 191, 95,
       22, 34, 251, 59, 247, 255, 255, 63, 181, 217, 120, 119, 255, 213,
       250, 253, 123, 181, 95, 246, 247, 33, 251, 255, 117, 211, 123,
