%YAML:1.0
descriptors: !!opencv-matrix
   rows: 12
   cols: 64
   dt: u
   data: [ 59, 182, 109, 174, 55, 253, 191, 125, 253, 254, 223, 181, 125,
       60, 63, 247, 255, 252, 67, 249, 177, 114, 215, 180, 221, 189, 244,
       185, 127, 247, 255, 235, 205, 44, 247, 190, 255, 122, 233, 125,
       120, 93, 123, 175, 214, 245, 119, 108, 187, 170, 190, 15, 242, 29,
       252, 92, 54, 243, 63, 253, 123, 223, 104, 250, 63, 118, 125, 168,
       254, 255, 39, 121, 247, 126, 254, 48, 125, 127, 253, 245, 223,
       254, 75, 240, 241, 114, 25, 255, 222, 117, 237, 223, 126, 223,
       253, 235, 201, 76, 199, 174, 223, 48, 185, 123, 60, 85, 82, 141,
       84, 227, 246, 79, 186, 189, 141, 10, 242, 29, 207, 81, 44, 246,
       223, 188, 250, 219, 108, 212, 173, 254, 125, 105, 220, 253, 163,
       248, 185, 127, 238, 127, 205, 127, 254, 237, 227, 253, 255, 96,
       253, 226, 62, 248, 110, 125, 61, 163, 253, 95, 123, 191, 249, 195,
       223, 123, 117, 179, 253, 190, 255, 84, 74, 151, 85, 227, 254, 145,
       172, 93, 86, 44, 221, 255, 143, 105, 182, 220, 165, 44, 222, 223,
       46, 189, 249, 221, 254, 255, 255, 111, 255, 255, 125, 253, 252,
       255, 63, 255, 254, 254, 251, 215, 127, 111, 127, 143, 239, 61,
       127, 239, 251, 63, 255, 95, 254, 191, 241, 231, 125, 255, 215,
       247, 255, 254, 251, 255, 249, 127, 223, 159, 255, 176, 205, 229,
       94, 181, 221, 255, 151, 239, 216, 252, 233, 127, 223, 108, 147,
       189, 252, 233, 223, 223, 114, 95, 251, 231, 159, 253, 125, 223,
       23, 254, 255, 254, 235, 213, 61, 111, 15, 143, 230, 63, 111, 223,
       191, 47, 215, 203, 54, 63, 247, 39, 117, 251, 82, 119, 255, 246,
       114, 126, 249, 127, 255, 30, 253, 190, 221, 173, 126, 213, 217,
       127, 148, 203, 209, 252, 105, 127, 93, 117, 147, 255, 254, 249,
       255, 253, 54, 247, 255, 255, 223, 255, 253, 255, 255, 254, 255,
       254, 251, 213, 126, 111, 63, 255, 230, 63, 109, 223, 183, 63, 95,
       255, 126, 191, 243, 231, 189, 251, 214, 255, 255, 247, 242, 255,
       251, 126, 191, 142, 89, 62, 207, 173, 119, 181, 248, 191, 183,
       127, 208, 254, 121, 223, 221, 30, 51, 183, 57, 222, 252, 111, 63,
       253, 247, 120, 253, 253, 236, 251, 175, 127, 236, 77, 251, 255,
       255, 187, 245, 127, 219, 255, 113, 127, 85, 182, 124, 87, 239,
       231, 159, 234, 203, 52, 247, 153, 249, 63, 125, 157, 234, 167,
       213, 241, 247, 107, 185, 255, 137, 9, 252, 165, 218, 93, 62, 215,
       247, 175, 243, 255, 173, 222, 255, 254, 127, 239, 255, 253, 255,
       248, 255, 125, 252, 251, 255, 123, 252, 253, 243, 245, 127, 123,
       253, 222, 191, 124, 239, 255, 123, 59, 255, 95, 127, 255, 241,
       231, 188, 223, 246, 247, 253, 247, 215, 223, 235, 127, 219, 143,
       252, 181, 205, 181, 86, 165, 232, 183, 143, 111, 240, 252, 233,
       14, 223, 94, 54, 189, 59, 254, 124, 111, 191, 253, 223, 25, 255,
       95, 189, 234, 175, 127, 124, 93, 255, 183, 102, 187, 245, 118, 83,
       119, 245, 119, 245, 127, 126, 255, 207, 227, 143, 252, 203, 180,
       255, 25, 248, 121, 124, 221, 111, 237, 245, 113, 247, 111, 186,
       255, 137, 11, 254, 133, 218, 117, 62, 183, 246, 191, 179, 251,
       236, 90, 62, 185, 255, 254, 54, 255, 221, 55, 215, 222, 223, 244,
       127, 246, 63, 254, 189, 218, 114, 251, 183, 127, 215, 215, 251,
       103, 246, 254, 109, 247, 254, 234, 143, 90, 227, 164, 255, 92,
       250, 121, 120, 189, 247, 109, 191, 53, 183, 111, 255, 250, 171,
       223, 242, 29, 120, 85, 55, 243, 127, 251, 251, 249, 205, 222, 61,
       246, 109, 105, 175, 253, 181, 121, 253, 253, 222, 235, 253, 61,
       125, 69, 157, 184, 227, 185, 245, 118, 91, 253, 241, 125, 85, 242,
       108, 215, 255, 247, 159, 216, 235, 36, 255, 153, 248, 59, 125,
       157, 107, 167, 245, 241, 126, 99, 187, 219, 169, 43, 254, 133,
       218, 92, 62, 195, 255, 237, 243, 219, 108, 222, 254, 251, 254,
       255, 127, 255, 223, 182, 127, 255, 127, 250, 191, 254, 126, 255,
       253, 255, 124, 255, 191, 125, 247, 127, 235, 119, 243, 255, 127,
       255, 255, 247, 255, 255, 255, 103, 255, 255, 250, 251, 250, 255,
       235, 125, 191, 159, 247, 127, 255, 251, 190, 215, 254, 229, 255,
       255, 247, 255, 255, 255, 255, 249, 223, 254 ]
