%YAML:1.0
descriptors: !!opencv-matrix
   rows: 11
   cols: 64
   dt: u
   data: [ 249, 254, 127, 207, 254, 255, 255, 251, 255, 255, 254, 223,
       255, 253, 253, 253, 255, 247, 255, 47, 252, 222, 189, 253, 255,
       255, 127, 254, 255, 223, 255, 255, 232, 239, 255, 125, 254, 247,
       255, 255, 251, 223, 235, 191, 255, 190, 252, 245, 239, 221, 247,
       255, 253, 255, 143, 255, 247, 252, 238, 110, 247, 221, 95, 189,
       62, 185, 255, 254, 55, 255, 253, 126, 215, 254, 221, 245, 127,
       254, 191, 94, 255, 222, 99, 115, 245, 63, 195, 247, 237, 235, 246,
       223, 91, 221, 247, 235, 223, 44, 85, 190, 223, 120, 249, 117, 120,
       93, 179, 47, 213, 53, 247, 111, 185, 172, 24, 5, 240, 29, 156, 73,
       16, 242, 51, 191, 122, 87, 32, 250, 253, 189, 255, 253, 119, 127,
       253, 255, 253, 252, 255, 255, 127, 255, 191, 254, 251, 213, 123,
       111, 247, 47, 231, 119, 207, 255, 247, 191, 91, 95, 118, 235, 215,
       38, 85, 190, 214, 124, 249, 117, 120, 92, 187, 47, 221, 53, 245,
       111, 153, 172, 24, 5, 240, 29, 156, 73, 16, 242, 115, 191, 88, 87,
       32, 250, 62, 181, 253, 254, 63, 253, 249, 127, 247, 252, 212, 245,
       253, 126, 188, 94, 255, 222, 99, 243, 245, 47, 195, 247, 253, 187,
       228, 255, 122, 221, 245, 239, 223, 44, 85, 190, 255, 120, 233,
       125, 120, 93, 123, 47, 213, 53, 247, 111, 185, 172, 153, 13, 240,
       29, 156, 73, 20, 242, 55, 189, 122, 87, 32, 250, 60, 189, 255,
       253, 62, 253, 249, 127, 255, 252, 222, 253, 255, 126, 191, 254,
       255, 254, 227, 107, 245, 127, 215, 255, 253, 127, 246, 255, 127,
       223, 247, 239, 207, 108, 71, 190, 223, 122, 249, 125, 120, 93,
       255, 175, 245, 53, 247, 111, 187, 172, 153, 15, 242, 29, 156, 93,
       54, 242, 127, 255, 251, 223, 44, 254, 63, 180, 253, 255, 63, 253,
       249, 125, 255, 252, 214, 253, 253, 126, 185, 85, 255, 222, 67,
       243, 245, 55, 203, 127, 237, 170, 228, 255, 126, 93, 245, 239,
       223, 44, 85, 190, 127, 120, 233, 117, 120, 93, 122, 47, 212, 53,
       247, 111, 185, 172, 24, 5, 240, 29, 156, 73, 16, 242, 55, 189, 90,
       87, 32, 254, 187, 246, 125, 239, 255, 189, 223, 24, 255, 127, 253,
       251, 173, 123, 244, 93, 246, 247, 63, 121, 236, 115, 155, 124,
       237, 255, 249, 127, 255, 123, 255, 255, 215, 236, 220, 254, 218,
       121, 249, 247, 118, 222, 122, 63, 209, 23, 244, 93, 153, 189, 24,
       5, 248, 157, 159, 77, 24, 246, 51, 157, 216, 223, 38, 249, 187,
       214, 124, 167, 255, 189, 159, 24, 63, 127, 249, 235, 173, 123,
       100, 85, 246, 247, 5, 241, 241, 114, 155, 124, 100, 254, 241, 127,
       254, 119, 245, 231, 215, 236, 222, 190, 243, 121, 185, 247, 94,
       94, 122, 47, 209, 85, 246, 95, 153, 254, 24, 5, 244, 157, 158, 73,
       24, 246, 183, 189, 218, 223, 42, 249, 35, 150, 84, 35, 253, 176,
       163, 24, 104, 59, 130, 99, 172, 27, 0, 21, 102, 239, 129, 240,
       225, 99, 27, 124, 64, 120, 121, 190, 254, 16, 225, 103, 221, 236,
       215, 52, 113, 24, 169, 97, 108, 84, 26, 143, 213, 97, 246, 77,
       184, 254, 24, 1, 244, 157, 220, 73, 50, 242, 183, 180, 218, 211,
       36, 88, 62, 253, 255, 253, 54, 255, 253, 183, 223, 254, 221, 189,
       127, 254, 63, 222, 189, 155, 122, 251, 183, 127, 215, 255, 253,
       127, 247, 255, 111, 247, 254, 234, 207, 120, 231, 230, 255, 125,
       250, 125, 120, 125, 247, 109, 191, 245, 183, 111, 255, 234, 171,
       223, 242, 29, 120, 92, 127, 247, 255, 251, 251, 251, 203, 198, 59,
       246, 108, 255, 191, 189, 223, 24, 255, 255, 253, 248, 189, 123,
       116, 93, 247, 247, 102, 251, 245, 118, 211, 127, 245, 255, 231,
       191, 126, 127, 245, 235, 207, 236, 223, 190, 255, 121, 249, 127,
       126, 95, 255, 237, 215, 113, 247, 127, 186, 191, 152, 15, 242,
       157, 222, 85, 56, 243, 247, 191, 251, 223, 172, 254 ]
