%YAML:1.0
descriptors: !!opencv-matrix
   rows: 29
   cols: 64
   dt: u
   data: [ 188, 250, 127, 229, 190, 125, 185, 249, 253, 253, 254, 255,
       255, 190, 251, 238, 251, 212, 103, 107, 125, 130, 167, 180, 125,
       255, 181, 187, 223, 223, 127, 191, 241, 36, 117, 250, 82, 123,
       233, 244, 250, 93, 56, 62, 212, 55, 252, 109, 137, 173, 94, 5,
       248, 31, 157, 73, 16, 242, 51, 188, 92, 87, 32, 250, 60, 254, 125,
       233, 190, 125, 165, 253, 253, 254, 254, 189, 93, 63, 255, 228,
       243, 220, 195, 104, 253, 240, 158, 188, 221, 237, 165, 185, 253,
       223, 127, 255, 249, 100, 87, 254, 215, 115, 249, 124, 254, 93, 90,
       62, 84, 167, 230, 117, 155, 173, 158, 13, 242, 29, 159, 93, 152,
       244, 43, 188, 223, 78, 42, 244, 62, 253, 127, 254, 55, 253, 221,
       59, 255, 254, 255, 255, 253, 126, 253, 255, 245, 222, 99, 251,
       245, 62, 209, 119, 253, 175, 231, 251, 91, 223, 247, 251, 239, 44,
       87, 190, 219, 122, 249, 245, 250, 94, 57, 47, 212, 55, 247, 111,
       153, 172, 24, 5, 240, 29, 157, 73, 16, 242, 115, 189, 90, 87, 34,
       250, 191, 251, 124, 255, 63, 253, 249, 248, 63, 253, 255, 255,
       189, 123, 253, 246, 246, 254, 69, 251, 245, 122, 195, 122, 237,
       174, 227, 123, 126, 223, 255, 255, 247, 100, 87, 190, 215, 122,
       249, 253, 242, 93, 123, 47, 208, 23, 243, 111, 153, 173, 24, 5,
       240, 29, 157, 77, 16, 242, 51, 189, 90, 87, 34, 251, 255, 252,
       255, 239, 255, 253, 223, 217, 255, 255, 253, 251, 255, 123, 254,
       253, 251, 245, 127, 115, 253, 119, 243, 124, 255, 255, 255, 63,
       255, 95, 119, 255, 215, 108, 95, 255, 210, 121, 249, 247, 122, 94,
       122, 175, 213, 23, 245, 127, 153, 172, 24, 5, 240, 29, 157, 73,
       16, 246, 51, 189, 218, 87, 42, 251, 125, 48, 125, 188, 119, 191,
       59, 124, 247, 124, 213, 181, 125, 58, 189, 86, 242, 213, 91, 108,
       249, 115, 192, 55, 76, 232, 168, 29, 123, 93, 125, 233, 241, 37,
       21, 187, 82, 114, 129, 116, 210, 223, 24, 14, 209, 142, 193, 78,
       157, 172, 30, 5, 240, 29, 159, 73, 16, 246, 59, 156, 89, 22, 34,
       249, 125, 59, 253, 240, 254, 191, 51, 126, 253, 124, 214, 53, 253,
       255, 187, 198, 242, 213, 91, 102, 253, 119, 194, 119, 79, 232,
       172, 157, 122, 92, 124, 169, 215, 37, 85, 187, 86, 122, 213, 116,
       252, 85, 24, 14, 69, 142, 225, 79, 157, 44, 25, 5, 242, 61, 159,
       73, 80, 246, 59, 189, 88, 22, 32, 248, 127, 176, 253, 190, 119,
       191, 63, 124, 247, 116, 253, 184, 253, 187, 180, 95, 242, 213, 27,
       101, 233, 39, 195, 53, 77, 232, 168, 61, 115, 12, 113, 233, 215,
       37, 84, 187, 82, 120, 165, 244, 242, 94, 56, 15, 209, 30, 229, 79,
       153, 172, 24, 5, 240, 29, 157, 73, 16, 246, 51, 188, 88, 86, 34,
       249, 124, 63, 247, 187, 254, 191, 163, 127, 220, 92, 222, 53, 253,
       254, 249, 228, 242, 213, 91, 102, 245, 37, 131, 247, 78, 232, 172,
       141, 82, 76, 56, 171, 247, 37, 85, 187, 82, 114, 197, 116, 248,
       93, 24, 14, 213, 142, 193, 79, 157, 172, 24, 5, 242, 29, 157, 73,
       16, 242, 51, 189, 88, 86, 32, 248, 124, 59, 247, 245, 254, 167,
       99, 123, 244, 125, 208, 51, 239, 251, 146, 76, 242, 213, 123, 102,
       121, 141, 194, 247, 14, 250, 190, 189, 250, 28, 112, 169, 87, 39,
       20, 187, 86, 124, 85, 116, 124, 64, 155, 15, 201, 45, 233, 207,
       157, 164, 25, 133, 241, 60, 158, 73, 72, 254, 51, 157, 88, 23, 32,
       250, 251, 255, 255, 255, 55, 127, 221, 186, 255, 223, 253, 250,
       255, 255, 127, 254, 255, 247, 126, 255, 62, 255, 245, 127, 255,
       247, 247, 127, 127, 251, 254, 187, 210, 255, 239, 223, 254, 125,
       250, 123, 126, 255, 251, 253, 191, 186, 245, 190, 255, 187, 183,
       223, 250, 247, 246, 255, 249, 255, 120, 127, 255, 253, 221, 190,
       251, 253, 255, 247, 255, 255, 255, 250, 255, 255, 222, 255, 255,
       254, 251, 253, 251, 213, 127, 103, 252, 159, 167, 125, 79, 255,
       191, 47, 211, 91, 118, 187, 211, 37, 85, 251, 82, 127, 237, 116,
       112, 92, 56, 63, 221, 28, 253, 247, 157, 172, 24, 5, 240, 61, 156,
       73, 80, 246, 51, 189, 92, 87, 32, 250, 253, 63, 247, 245, 254,
       183, 111, 255, 252, 127, 210, 63, 255, 255, 147, 94, 250, 213,
       123, 102, 127, 207, 218, 127, 158, 250, 190, 191, 250, 221, 118,
       175, 87, 39, 85, 255, 214, 125, 117, 124, 124, 68, 219, 191, 205,
       173, 237, 183, 157, 172, 24, 141, 243, 190, 156, 79, 72, 252, 115,
       159, 222, 23, 56, 254, 252, 63, 255, 245, 254, 183, 255, 249, 252,
       255, 214, 63, 255, 254, 179, 95, 251, 245, 123, 103, 255, 223,
       219, 125, 158, 254, 190, 191, 250, 93, 118, 175, 215, 39, 87, 255,
       214, 125, 253, 119, 124, 93, 255, 63, 221, 45, 253, 183, 157, 172,
       24, 133, 243, 191, 156, 79, 88, 252, 113, 159, 223, 95, 48, 254,
       254, 190, 255, 247, 255, 247, 255, 249, 254, 255, 223, 127, 255,
       254, 179, 93, 251, 213, 123, 102, 255, 223, 219, 125, 190, 255,
       255, 191, 254, 91, 118, 191, 215, 111, 95, 255, 214, 125, 253,
       119, 125, 93, 255, 63, 221, 61, 253, 181, 157, 172, 24, 133, 243,
       191, 156, 107, 88, 252, 113, 191, 223, 95, 48, 254, 62, 229, 125,
       254, 34, 93, 245, 103, 215, 212, 125, 148, 93, 62, 253, 246, 255,
       154, 71, 235, 53, 114, 245, 183, 253, 189, 133, 217, 111, 254,
       220, 248, 160, 124, 99, 190, 223, 90, 217, 124, 122, 159, 181,
       167, 180, 182, 118, 110, 171, 169, 231, 15, 250, 29, 179, 92, 56,
       243, 107, 248, 123, 222, 42, 251, 255, 252, 255, 247, 255, 247,
       255, 249, 254, 255, 253, 123, 255, 254, 243, 93, 251, 245, 127,
       119, 255, 223, 191, 125, 190, 255, 255, 63, 255, 95, 119, 191,
       199, 237, 157, 255, 214, 245, 253, 127, 121, 93, 255, 191, 221,
       61, 253, 181, 205, 189, 24, 173, 251, 191, 156, 99, 120, 252, 241,
       191, 222, 223, 60, 190, 255, 252, 255, 231, 255, 183, 219, 249,
       254, 125, 215, 123, 255, 250, 243, 93, 250, 247, 127, 118, 253,
       223, 155, 124, 190, 254, 255, 63, 254, 91, 247, 191, 199, 237, 95,
       223, 222, 125, 253, 127, 249, 93, 239, 31, 217, 29, 249, 181, 205,
       189, 24, 141, 251, 191, 156, 235, 120, 252, 241, 191, 223, 223,
       56, 190, 254, 188, 255, 191, 255, 183, 95, 249, 254, 103, 213,
       122, 255, 254, 182, 93, 242, 213, 123, 102, 253, 151, 211, 125,
       222, 234, 248, 63, 210, 25, 127, 175, 215, 37, 20, 255, 210, 125,
       229, 119, 80, 222, 88, 15, 209, 28, 253, 21, 157, 172, 24, 5, 240,
       189, 156, 75, 80, 246, 51, 189, 88, 87, 50, 249, 255, 252, 255,
       231, 255, 167, 219, 249, 222, 111, 215, 127, 255, 202, 243, 92,
       250, 215, 127, 118, 255, 159, 155, 124, 190, 254, 255, 63, 214,
       91, 119, 191, 71, 237, 93, 223, 210, 125, 237, 119, 249, 93, 205,
       30, 217, 28, 249, 149, 221, 188, 24, 165, 249, 191, 156, 235, 80,
       252, 113, 189, 220, 31, 48, 190, 252, 59, 255, 241, 254, 119, 227,
       254, 253, 253, 214, 63, 255, 254, 187, 238, 251, 213, 123, 110,
       125, 221, 198, 55, 79, 234, 190, 173, 250, 204, 114, 171, 247, 39,
       85, 251, 86, 127, 253, 116, 248, 85, 184, 62, 221, 141, 193, 231,
       157, 172, 24, 149, 241, 63, 156, 73, 80, 252, 51, 189, 88, 87, 32,
       250, 125, 63, 247, 117, 112, 167, 123, 126, 240, 189, 195, 183,
       199, 217, 147, 79, 178, 237, 251, 111, 255, 175, 82, 191, 207,
       234, 166, 221, 88, 76, 116, 175, 127, 55, 116, 191, 212, 188, 209,
       117, 220, 108, 187, 238, 235, 233, 203, 127, 188, 172, 56, 247,
       240, 188, 156, 69, 84, 254, 115, 159, 122, 102, 161, 242, 63, 246,
       125, 175, 191, 189, 159, 25, 255, 127, 255, 255, 253, 63, 252,
       117, 243, 247, 71, 113, 245, 114, 147, 124, 253, 252, 245, 59,
       126, 123, 255, 235, 215, 108, 215, 190, 218, 121, 233, 117, 124,
       93, 123, 175, 212, 23, 244, 111, 153, 172, 24, 13, 240, 29, 156,
       73, 16, 242, 51, 189, 218, 215, 40, 250, 92, 57, 223, 222, 54,
       195, 93, 118, 86, 164, 213, 184, 247, 206, 182, 90, 251, 213, 33,
       99, 207, 45, 195, 115, 77, 219, 178, 47, 82, 13, 53, 107, 215, 36,
