%YAML:1.0
descriptors: !!opencv-matrix
   rows: 34
   cols: 64
   dt: u
   data: [ 60, 55, 125, 182, 63, 183, 187, 125, 244, 124, 212, 117, 125,
       122, 177, 85, 242, 220, 67, 98, 245, 34, 193, 119, 204, 170, 228,
       143, 82, 28, 241, 235, 215, 36, 85, 190, 83, 120, 233, 116, 120,
       92, 56, 47, 212, 53, 247, 111, 153, 172, 24, 5, 240, 29, 156, 73,
       16, 242, 51, 189, 88, 87, 32, 250, 63, 49, 125, 182, 63, 183, 187,
       122, 246, 254, 215, 49, 253, 123, 177, 87, 242, 213, 67, 98, 229,
       39, 193, 119, 204, 170, 228, 141, 82, 28, 113, 235, 215, 36, 85,
       190, 82, 120, 233, 116, 120, 92, 56, 47, 212, 21, 209, 111, 153,
       172, 24, 5, 240, 29, 156, 73, 16, 242, 51, 189, 88, 87, 32, 250,
       63, 49, 125, 190, 55, 167, 63, 124, 244, 252, 215, 49, 125, 122,
       185, 87, 242, 213, 67, 98, 245, 35, 195, 119, 204, 170, 228, 157,
       82, 28, 117, 235, 215, 36, 85, 190, 82, 120, 225, 117, 120, 92,
       56, 47, 213, 21, 229, 111, 153, 172, 24, 5, 240, 29, 156, 73, 16,
       242, 51, 189, 88, 87, 32, 250, 62, 49, 125, 182, 54, 183, 63, 120,
       244, 222, 213, 53, 253, 46, 177, 87, 250, 213, 67, 97, 225, 39,
       195, 119, 76, 184, 180, 141, 82, 28, 113, 233, 215, 36, 85, 190,
       82, 120, 233, 116, 120, 92, 56, 47, 213, 21, 245, 111, 153, 172,
       24, 5, 240, 29, 156, 73, 16, 242, 51, 189, 88, 87, 32, 250, 61,
       54, 245, 160, 62, 183, 165, 126, 244, 124, 208, 49, 109, 63, 177,
       69, 234, 220, 67, 96, 241, 102, 193, 119, 76, 184, 164, 143, 122,
       28, 113, 235, 215, 36, 85, 186, 82, 120, 169, 116, 124, 92, 24,
       47, 212, 53, 247, 79, 153, 172, 24, 5, 240, 29, 156, 73, 16, 242,
       51, 189, 88, 87, 32, 250, 60, 50, 117, 160, 63, 191, 161, 122,
       244, 124, 214, 53, 125, 62, 185, 69, 242, 220, 67, 96, 241, 34,
       193, 247, 76, 168, 164, 143, 82, 12, 113, 235, 223, 36, 85, 186,
       83, 120, 169, 116, 120, 92, 24, 15, 212, 37, 246, 79, 153, 172,
       24, 5, 240, 29, 156, 73, 16, 242, 51, 188, 88, 87, 32, 250, 62,
       53, 253, 182, 55, 189, 25, 127, 246, 254, 213, 180, 125, 106, 182,
       87, 250, 214, 67, 115, 245, 115, 211, 119, 221, 170, 228, 29, 82,
       92, 245, 233, 215, 44, 87, 190, 90, 120, 225, 116, 112, 92, 60,
       47, 212, 20, 229, 111, 153, 172, 24, 5, 240, 29, 156, 73, 16, 242,
       51, 189, 88, 87, 32, 250, 63, 48, 125, 183, 191, 165, 191, 120,
       246, 252, 215, 119, 253, 111, 177, 85, 250, 213, 3, 98, 225, 38,
       195, 119, 204, 190, 244, 31, 82, 14, 113, 235, 215, 36, 85, 190,
       82, 120, 233, 116, 112, 92, 24, 46, 213, 20, 245, 111, 153, 172,
       24, 5, 240, 29, 156, 73, 16, 242, 51, 189, 88, 23, 32, 250, 60,
       55, 117, 252, 54, 117, 125, 127, 213, 220, 216, 181, 125, 255,
       153, 118, 251, 220, 67, 107, 117, 250, 213, 183, 157, 171, 230,
       153, 123, 220, 124, 233, 98, 110, 183, 190, 214, 124, 209, 125,
       124, 205, 247, 190, 206, 165, 103, 110, 170, 165, 223, 137, 234,
       28, 158, 93, 168, 178, 123, 219, 91, 142, 46, 182, 187, 213, 125,
       254, 55, 61, 93, 26, 247, 95, 189, 250, 63, 123, 116, 127, 246,
       246, 102, 123, 118, 118, 241, 118, 253, 183, 231, 123, 127, 122,
       253, 233, 214, 108, 150, 190, 218, 120, 249, 253, 86, 223, 63, 45,
       208, 22, 245, 111, 153, 175, 24, 13, 250, 29, 159, 93, 56, 242,
       115, 191, 123, 223, 46, 251, 60, 170, 239, 169, 42, 125, 177, 255,
       189, 252, 222, 149, 93, 60, 251, 238, 235, 220, 195, 107, 244, 80,
       206, 178, 93, 169, 180, 146, 105, 199, 63, 239, 253, 32, 85, 186,
       87, 122, 233, 124, 250, 93, 120, 46, 212, 183, 243, 109, 153, 172,
       29, 5, 242, 29, 156, 77, 20, 242, 59, 189, 91, 87, 34, 250, 39,
       166, 237, 139, 221, 220, 131, 220, 237, 119, 134, 124, 169, 63,
       191, 197, 203, 116, 3, 96, 201, 67, 223, 124, 109, 213, 24, 35,
       191, 11, 27, 79, 213, 228, 95, 154, 82, 241, 45, 54, 53, 84, 104,
       63, 85, 144, 124, 177, 153, 44, 28, 36, 209, 157, 142, 41, 16,
       224, 34, 188, 200, 87, 32, 250, 188, 251, 255, 255, 62, 255, 253,
       243, 255, 253, 127, 219, 223, 247, 252, 254, 255, 223, 255, 107,
       247, 124, 237, 255, 239, 255, 183, 255, 127, 223, 255, 255, 247,
       102, 247, 254, 223, 251, 249, 247, 127, 223, 255, 63, 253, 182,
       247, 111, 159, 189, 143, 207, 250, 189, 159, 93, 92, 246, 123,
       255, 91, 95, 111, 254, 250, 218, 94, 143, 255, 255, 158, 209, 63,
       251, 63, 218, 189, 94, 255, 253, 255, 215, 57, 102, 205, 183, 135,
       112, 79, 221, 249, 111, 211, 75, 191, 123, 247, 36, 85, 187, 82,
       114, 233, 116, 242, 95, 120, 47, 213, 22, 244, 109, 157, 172, 24,
       5, 240, 29, 157, 73, 16, 242, 51, 189, 88, 87, 34, 248, 251, 244,
       125, 239, 255, 191, 223, 249, 255, 127, 253, 250, 189, 122, 244,
       93, 246, 247, 127, 122, 252, 115, 147, 124, 174, 255, 251, 127,
       255, 123, 255, 255, 215, 237, 158, 255, 210, 113, 249, 247, 114,
       223, 95, 31, 213, 156, 244, 29, 157, 189, 30, 13, 234, 189, 159,
       93, 88, 246, 123, 159, 223, 159, 46, 189, 254, 253, 253, 254, 119,
       63, 95, 15, 255, 231, 189, 248, 63, 234, 244, 255, 246, 247, 126,
       127, 191, 247, 241, 63, 253, 195, 235, 127, 115, 249, 252, 233,
       243, 45, 150, 223, 202, 125, 243, 247, 242, 203, 125, 109, 211,
       30, 245, 62, 157, 172, 18, 5, 106, 61, 151, 95, 216, 246, 121,
       191, 93, 222, 58, 187, 251, 242, 117, 231, 255, 183, 187, 248,
       254, 125, 210, 123, 239, 123, 240, 85, 242, 245, 95, 108, 248, 79,
       186, 124, 174, 252, 253, 191, 254, 91, 119, 255, 117, 109, 190,
       255, 214, 119, 189, 247, 221, 204, 91, 30, 201, 137, 216, 85, 140,
       181, 94, 5, 232, 190, 159, 77, 216, 182, 51, 158, 222, 15, 36,
       188, 125, 127, 127, 252, 114, 127, 255, 255, 253, 220, 206, 181,
       125, 254, 249, 206, 251, 213, 91, 102, 117, 249, 197, 55, 77, 235,
       172, 157, 123, 76, 124, 185, 242, 37, 85, 187, 82, 122, 213, 116,
       250, 95, 60, 46, 213, 150, 193, 110, 157, 172, 24, 5, 242, 29,
       157, 73, 16, 246, 59, 189, 89, 86, 34, 251, 60, 50, 117, 34, 31,
       51, 161, 126, 244, 16, 214, 53, 109, 119, 185, 65, 234, 220, 67,
       96, 241, 34, 193, 247, 76, 184, 164, 137, 114, 12, 49, 232, 223,
       36, 85, 190, 83, 120, 137, 116, 120, 92, 24, 14, 212, 53, 195, 79,
       153, 172, 24, 5, 240, 29, 156, 73, 16, 242, 51, 189, 88, 87, 32,
       250, 125, 55, 247, 240, 52, 183, 41, 126, 212, 254, 210, 53, 109,
       207, 145, 87, 250, 236, 195, 107, 253, 167, 212, 191, 205, 186,
       166, 141, 90, 28, 113, 235, 67, 44, 215, 190, 214, 60, 225, 117,
       124, 68, 50, 174, 199, 161, 131, 111, 184, 172, 24, 1, 240, 29,
       156, 81, 4, 178, 115, 159, 90, 214, 40, 242, 63, 49, 125, 176, 22,
       7, 29, 110, 198, 6, 209, 48, 125, 42, 180, 82, 250, 212, 3, 113,
       193, 50, 193, 55, 204, 154, 228, 73, 82, 28, 244, 105, 210, 44,
       20, 190, 90, 120, 129, 116, 112, 74, 60, 47, 208, 20, 229, 78,
       153, 172, 24, 5, 240, 29, 156, 73, 16, 242, 51, 189, 88, 86, 32,
       250, 63, 50, 245, 180, 62, 103, 45, 126, 244, 252, 210, 49, 109,
       187, 179, 87, 251, 220, 35, 96, 225, 37, 194, 119, 76, 137, 180,
       139, 82, 12, 113, 239, 215, 36, 85, 186, 82, 120, 233, 116, 120,
       92, 56, 47, 196, 21, 245, 111, 153, 172, 24, 5, 240, 29, 156, 73,
       16, 242, 51, 189, 88, 87, 32, 250, 61, 54, 117, 164, 63, 181, 165,
       123, 244, 252, 194, 49, 109, 63, 177, 71, 242, 252, 67, 96, 241,
       38, 208, 119, 76, 184, 164, 143, 90, 28, 113, 235, 215, 36, 87,
       186, 83, 120, 161, 116, 124, 92, 56, 46, 212, 21, 199, 79, 153,
       172, 24, 5, 240, 29, 156, 73, 16, 242, 51, 189, 88, 87, 32, 250,
       62, 178, 253, 246, 62, 245, 61, 127, 244, 254, 252, 245, 253, 126,
       182, 119, 251, 244, 99, 99, 241, 119, 211, 119, 156, 255, 245,
       191, 90, 222, 119, 235, 215, 44, 87, 190, 214, 120, 233, 117, 120,
       93, 122, 47, 213, 53, 245, 111, 153, 172, 24, 5, 242, 29, 156, 89,
