%YAML:1.0
descriptors: !!opencv-matrix
   rows: 13
   cols: 64
   dt: u
   data: [ 135, 254, 92, 111, 188, 184, 156, 144, 59, 191, 40, 203, 142,
       115, 204, 185, 229, 239, 37, 235, 197, 100, 75, 120, 205, 223,
       177, 123, 127, 15, 163, 119, 247, 100, 212, 186, 91, 120, 249,
       245, 118, 94, 58, 63, 212, 18, 247, 111, 152, 173, 24, 5, 240, 29,
       159, 73, 16, 242, 51, 189, 88, 87, 36, 250, 191, 250, 125, 239,
       191, 185, 253, 216, 127, 127, 253, 251, 255, 123, 252, 253, 247,
       246, 45, 121, 237, 116, 161, 120, 239, 255, 241, 123, 255, 127,
       255, 255, 243, 228, 220, 250, 114, 115, 249, 247, 246, 222, 122,
       63, 208, 23, 244, 93, 153, 173, 30, 5, 248, 29, 159, 77, 16, 246,
       51, 188, 220, 87, 34, 185, 252, 59, 255, 243, 255, 191, 115, 254,
       124, 253, 214, 59, 255, 250, 187, 78, 234, 221, 123, 103, 237,
       141, 203, 55, 15, 202, 186, 175, 210, 77, 48, 239, 215, 39, 84,
       187, 83, 127, 229, 116, 216, 94, 24, 30, 217, 29, 195, 199, 157,
       172, 24, 5, 240, 61, 157, 73, 80, 254, 51, 189, 88, 87, 34, 251,
       253, 63, 247, 247, 255, 191, 103, 251, 253, 245, 214, 127, 255,
       254, 178, 78, 250, 245, 123, 103, 255, 143, 219, 119, 95, 250,
       188, 175, 250, 221, 122, 175, 215, 39, 86, 187, 82, 127, 253, 124,
       216, 93, 120, 63, 217, 13, 255, 231, 157, 172, 24, 13, 241, 61,
       157, 73, 80, 254, 51, 189, 88, 87, 48, 250, 247, 50, 65, 163, 221,
       130, 15, 200, 238, 107, 186, 123, 175, 75, 130, 85, 226, 213, 13,
       96, 201, 133, 138, 124, 78, 200, 57, 47, 146, 9, 49, 111, 113,
       165, 92, 187, 82, 116, 37, 214, 64, 64, 8, 11, 193, 28, 200, 149,
       152, 44, 24, 4, 224, 30, 140, 105, 16, 240, 51, 188, 92, 86, 48,
       176, 60, 250, 127, 239, 62, 125, 249, 252, 253, 254, 254, 189,
       125, 62, 249, 246, 251, 212, 71, 107, 245, 114, 164, 62, 109, 189,
       165, 155, 127, 91, 127, 251, 241, 100, 85, 250, 86, 115, 249, 244,
       250, 95, 122, 62, 212, 134, 208, 109, 153, 173, 30, 5, 250, 29,
       159, 77, 16, 242, 59, 188, 89, 94, 34, 249, 187, 212, 124, 255,
       255, 189, 223, 9, 255, 127, 125, 250, 191, 123, 116, 93, 246, 247,
       52, 243, 246, 127, 211, 126, 245, 255, 243, 127, 126, 243, 245,
       239, 151, 236, 150, 182, 251, 89, 248, 255, 122, 223, 255, 237,
       213, 85, 247, 111, 191, 190, 152, 15, 252, 5, 222, 125, 56, 247,
       247, 191, 251, 223, 172, 223, 125, 52, 125, 190, 127, 191, 59,
       127, 245, 124, 246, 181, 125, 186, 252, 246, 242, 245, 91, 108,
       253, 115, 209, 55, 93, 232, 172, 157, 123, 221, 125, 233, 209,
       101, 85, 191, 214, 122, 149, 124, 254, 223, 93, 15, 213, 151, 229,
       79, 157, 164, 30, 13, 242, 29, 159, 77, 120, 246, 59, 188, 91, 14,
       42, 249, 122, 1, 236, 158, 35, 151, 27, 101, 135, 102, 85, 20, 29,
       40, 53, 70, 246, 209, 66, 228, 186, 115, 211, 55, 92, 168, 172,
       28, 82, 156, 125, 233, 199, 44, 7, 186, 194, 120, 129, 92, 48,
       219, 21, 14, 212, 60, 193, 78, 155, 172, 152, 13, 114, 29, 156,
       89, 24, 242, 59, 184, 88, 150, 42, 251, 187, 253, 254, 254, 127,
       63, 221, 90, 247, 95, 252, 249, 63, 251, 244, 253, 242, 246, 63,
       115, 229, 110, 177, 119, 110, 191, 227, 31, 255, 91, 124, 249,
       210, 108, 22, 254, 82, 116, 249, 244, 210, 222, 26, 15, 208, 22,
       245, 79, 153, 173, 30, 5, 248, 29, 159, 73, 16, 242, 51, 157, 88,
       87, 34, 249, 191, 249, 127, 255, 183, 125, 221, 250, 255, 223,
       253, 251, 191, 123, 244, 253, 247, 246, 127, 123, 119, 254, 165,
       118, 239, 191, 247, 123, 255, 91, 254, 185, 242, 108, 28, 254,
       210, 119, 249, 245, 211, 223, 123, 63, 208, 22, 245, 126, 141,
       189, 30, 5, 248, 31, 159, 77, 144, 246, 59, 159, 93, 95, 34, 185,
       59, 254, 255, 255, 63, 253, 221, 63, 255, 254, 255, 249, 255, 126,
       253, 255, 255, 246, 98, 251, 245, 126, 211, 255, 253, 255, 247,
       255, 127, 255, 247, 239, 223, 236, 215, 190, 255, 120, 249, 127,
       120, 93, 255, 47, 245, 53, 247, 111, 185, 238, 152, 15, 246, 29,
       156, 93, 54, 243, 247, 191, 251, 223, 172, 254, 254, 253, 255,
       255, 54, 223, 219, 239, 255, 245, 255, 255, 255, 254, 255, 254,
       255, 247, 126, 255, 63, 255, 247, 55, 253, 255, 247, 127, 111,
       255, 254, 187, 215, 109, 103, 254, 222, 123, 251, 124, 250, 221,
       253, 127, 223, 190, 253, 110, 191, 173, 223, 143, 250, 31, 191,
       93, 120, 246, 123, 253, 251, 223, 42, 254 ]
