%YAML:1.0
descriptors: !!opencv-matrix
   rows: 12
   cols: 64
   dt: u
   data: [ 61, 178, 125, 230, 63, 189, 191, 120, 252, 252, 214, 243, 253,
       127, 185, 85, 250, 253, 67, 115, 245, 102, 195, 247, 205, 190,
       245, 191, 126, 93, 241, 239, 223, 44, 85, 190, 87, 120, 233, 124,
       120, 92, 58, 47, 213, 53, 247, 111, 153, 172, 24, 5, 240, 29, 156,
       73, 16, 242, 51, 189, 90, 87, 32, 250, 28, 177, 221, 150, 63, 177,
       253, 122, 118, 188, 213, 241, 253, 126, 176, 80, 242, 214, 65, 99,
       229, 36, 193, 247, 205, 186, 224, 95, 90, 204, 245, 235, 223, 36,
       85, 190, 82, 120, 233, 116, 112, 92, 56, 47, 212, 21, 245, 111,
       153, 172, 24, 5, 240, 29, 156, 73, 16, 242, 51, 189, 88, 87, 32,
       250, 189, 190, 239, 231, 255, 255, 247, 249, 253, 221, 214, 251,
       255, 127, 246, 77, 251, 253, 255, 107, 245, 127, 219, 247, 121,
       127, 29, 182, 124, 215, 119, 239, 223, 107, 251, 176, 247, 217,
       253, 61, 125, 61, 255, 167, 213, 53, 255, 107, 191, 252, 137, 13,
       247, 173, 152, 93, 126, 214, 247, 239, 211, 223, 44, 222, 250,
       219, 154, 223, 55, 219, 220, 143, 95, 251, 191, 250, 191, 210,
       126, 255, 191, 151, 124, 159, 143, 255, 231, 127, 231, 215, 243,
       127, 87, 251, 190, 186, 223, 188, 255, 255, 250, 127, 250, 115,
       242, 255, 229, 125, 191, 158, 245, 63, 223, 171, 190, 215, 254,
       189, 255, 255, 81, 243, 254, 127, 125, 121, 217, 251, 60, 49, 253,
       150, 55, 183, 31, 126, 214, 94, 221, 50, 253, 110, 182, 84, 251,
       213, 99, 102, 245, 39, 195, 119, 76, 254, 180, 45, 82, 8, 117,
       233, 215, 36, 85, 190, 82, 120, 233, 116, 112, 92, 56, 47, 213,
       20, 245, 111, 153, 172, 24, 5, 240, 29, 156, 73, 16, 242, 51, 189,
       88, 87, 32, 250, 61, 53, 253, 182, 55, 167, 59, 127, 246, 68, 213,
       53, 253, 106, 182, 86, 242, 213, 67, 99, 245, 39, 195, 119, 204,
       170, 228, 13, 82, 28, 113, 233, 215, 36, 85, 190, 82, 120, 233,
       116, 112, 92, 56, 47, 213, 20, 245, 111, 153, 172, 24, 5, 240, 29,
       156, 73, 16, 242, 51, 189, 88, 87, 32, 250, 60, 51, 245, 182, 62,
       175, 49, 127, 244, 252, 214, 117, 125, 123, 176, 86, 250, 221, 99,
       99, 245, 39, 195, 119, 205, 170, 164, 143, 82, 140, 113, 235, 215,
       36, 85, 190, 83, 120, 233, 116, 120, 92, 56, 47, 213, 21, 247,
       111, 153, 172, 24, 5, 240, 29, 156, 73, 16, 242, 51, 189, 88, 87,
       32, 250, 61, 59, 255, 244, 62, 119, 253, 126, 244, 252, 214, 181,
       111, 255, 155, 95, 251, 220, 99, 99, 245, 47, 192, 119, 77, 235,
       180, 159, 90, 76, 113, 235, 215, 36, 85, 186, 86, 120, 233, 116,
       120, 92, 58, 47, 213, 21, 245, 111, 153, 172, 24, 5, 240, 29, 156,
       73, 16, 242, 51, 189, 88, 87, 32, 250, 60, 41, 253, 254, 50, 111,
       121, 127, 213, 252, 223, 181, 125, 254, 191, 110, 251, 220, 99,
       99, 245, 60, 193, 183, 93, 171, 164, 137, 82, 220, 53, 235, 223,
       36, 85, 186, 83, 120, 233, 116, 120, 93, 52, 47, 212, 53, 247,
       111, 153, 172, 24, 5, 240, 29, 156, 73, 16, 242, 51, 189, 88, 87,
       32, 250, 61, 63, 247, 253, 254, 255, 249, 255, 253, 252, 206, 53,
       93, 253, 251, 229, 251, 252, 203, 106, 245, 127, 222, 191, 223,
       106, 166, 215, 124, 215, 127, 239, 255, 82, 215, 190, 213, 242,
       249, 125, 252, 125, 219, 38, 100, 231, 227, 107, 184, 172, 157,
       79, 242, 29, 157, 89, 54, 242, 255, 191, 250, 239, 175, 244, 124,
       190, 255, 253, 122, 127, 241, 255, 253, 252, 222, 181, 95, 254,
       251, 238, 251, 221, 251, 107, 245, 157, 222, 191, 127, 239, 188,
       151, 125, 223, 63, 255, 239, 37, 117, 250, 215, 123, 233, 116,
       250, 93, 123, 62, 221, 167, 195, 111, 157, 173, 31, 13, 242, 29,
       157, 73, 20, 246, 123, 189, 91, 30, 42, 254, 62, 248, 255, 255,
       63, 189, 249, 120, 255, 255, 245, 251, 253, 122, 189, 127, 246,
       255, 99, 251, 245, 118, 195, 255, 237, 254, 231, 255, 94, 255,
       245, 239, 223, 44, 87, 190, 223, 120, 249, 125, 120, 93, 123, 47,
       245, 53, 247, 111, 153, 174, 24, 7, 240, 29, 156, 73, 16, 243, 51,
       189, 123, 87, 32, 250 ]
