%YAML:1.0
descriptors: !!opencv-matrix
   rows: 18
   cols: 64
   dt: u
   data: [ 60, 189, 255, 252, 63, 255, 253, 127, 245, 254, 252, 249, 127,
       252, 191, 78, 251, 253, 227, 123, 245, 127, 218, 255, 253, 127,
       247, 247, 125, 215, 119, 239, 207, 122, 231, 190, 255, 248, 249,
       125, 120, 253, 247, 175, 247, 245, 247, 107, 191, 238, 185, 79,
       242, 29, 220, 85, 62, 242, 255, 255, 251, 255, 237, 254, 252, 233,
       255, 221, 98, 95, 251, 255, 221, 252, 94, 159, 95, 246, 255, 234,
       187, 221, 251, 111, 62, 253, 230, 179, 251, 239, 190, 180, 105,
       203, 62, 255, 247, 39, 101, 251, 214, 255, 253, 124, 250, 125,
       253, 54, 255, 190, 97, 238, 159, 172, 239, 223, 211, 95, 156, 92,
       212, 254, 123, 249, 95, 79, 35, 255, 58, 253, 238, 250, 39, 253,
       221, 55, 255, 254, 221, 232, 253, 60, 125, 222, 157, 187, 98, 251,
       183, 119, 83, 255, 241, 119, 247, 254, 109, 247, 255, 226, 207,
       216, 235, 36, 255, 8, 250, 123, 124, 189, 247, 237, 151, 245, 55,
       111, 191, 250, 169, 75, 246, 13, 122, 84, 63, 211, 255, 247, 179,
       251, 204, 206, 43, 255, 236, 122, 39, 253, 221, 27, 255, 254, 159,
       232, 253, 60, 124, 223, 157, 187, 98, 251, 183, 119, 83, 255, 241,
       119, 247, 254, 110, 247, 255, 227, 207, 254, 235, 36, 251, 88,
       250, 107, 124, 253, 247, 237, 151, 245, 55, 111, 191, 250, 136,
       79, 246, 13, 250, 84, 63, 243, 223, 247, 179, 251, 236, 74, 255,
       254, 255, 237, 255, 255, 223, 249, 255, 253, 254, 251, 255, 252,
       254, 253, 251, 245, 127, 111, 124, 159, 190, 60, 111, 255, 123,
       63, 255, 95, 126, 191, 241, 231, 124, 223, 82, 247, 253, 246, 211,
       223, 106, 62, 223, 142, 220, 181, 205, 149, 86, 181, 219, 255,
       135, 239, 208, 252, 41, 62, 223, 76, 50, 189, 59, 222, 124, 111,
       191, 253, 223, 57, 255, 253, 252, 235, 189, 127, 108, 93, 253,
       179, 254, 187, 245, 126, 91, 255, 241, 127, 113, 246, 127, 247,
       207, 231, 159, 248, 203, 52, 255, 217, 250, 59, 127, 223, 239,
       237, 245, 241, 255, 107, 191, 219, 137, 79, 254, 133, 218, 125,
       63, 215, 254, 239, 179, 251, 236, 94, 59, 215, 108, 123, 63, 189,
       223, 25, 255, 255, 189, 234, 175, 127, 116, 93, 157, 183, 102,
       187, 247, 118, 211, 127, 241, 119, 247, 63, 127, 247, 207, 243,
       143, 220, 203, 36, 255, 25, 250, 123, 124, 255, 239, 237, 213,
       113, 247, 111, 186, 255, 153, 75, 254, 165, 250, 117, 59, 183,
       246, 191, 179, 251, 236, 94, 248, 249, 255, 221, 246, 127, 255,
       255, 255, 255, 255, 223, 223, 252, 255, 254, 251, 213, 127, 111,
       62, 223, 230, 188, 255, 255, 191, 187, 255, 219, 126, 191, 242,
       103, 61, 255, 214, 119, 255, 255, 251, 255, 255, 126, 255, 174,
       253, 180, 207, 189, 247, 245, 217, 191, 151, 127, 208, 252, 105,
       127, 223, 12, 59, 183, 61, 190, 255, 204, 62, 255, 245, 127, 255,
       244, 222, 253, 255, 60, 254, 204, 253, 191, 251, 187, 245, 127,
       91, 247, 241, 127, 85, 246, 108, 215, 223, 239, 143, 122, 227, 36,
       223, 219, 249, 63, 125, 157, 239, 167, 245, 245, 119, 107, 191,
       250, 169, 207, 246, 13, 218, 93, 63, 215, 254, 239, 243, 251, 237,
       222, 248, 249, 255, 255, 254, 255, 255, 255, 253, 253, 254, 255,
       255, 252, 251, 238, 251, 213, 127, 111, 126, 157, 239, 189, 111,
       255, 191, 191, 223, 91, 62, 191, 243, 39, 125, 251, 86, 119, 253,
       246, 211, 95, 249, 62, 223, 158, 89, 181, 141, 173, 94, 181, 217,
       191, 149, 77, 208, 252, 105, 255, 93, 94, 34, 191, 252, 41, 255,
       253, 114, 103, 249, 255, 157, 253, 223, 191, 87, 244, 187, 238,
       187, 221, 251, 111, 63, 189, 230, 179, 95, 107, 182, 254, 73, 197,
       62, 234, 239, 51, 101, 251, 215, 127, 255, 124, 248, 125, 245,
       118, 255, 63, 227, 238, 157, 172, 255, 223, 241, 127, 156, 76, 81,
       254, 123, 255, 91, 119, 163, 250, 187, 214, 124, 142, 47, 93, 151,
       49, 127, 84, 126, 221, 61, 63, 124, 244, 253, 242, 196, 185, 240,
       80, 185, 240, 249, 53, 73, 90, 127, 251, 223, 255, 157, 248, 83,
       116, 255, 90, 168, 249, 247, 159, 111, 55, 212, 150, 244, 109,
       179, 255, 143, 15, 254, 5, 155, 93, 62, 211, 190, 252, 211, 223,
       46, 223, 255, 254, 255, 245, 255, 247, 255, 248, 252, 255, 253,
       251, 255, 255, 246, 93, 251, 253, 127, 103, 253, 207, 170, 124,
       239, 255, 255, 191, 254, 91, 119, 191, 215, 109, 85, 255, 82, 125,
       253, 119, 124, 92, 122, 63, 221, 29, 253, 53, 157, 172, 24, 5,
       240, 191, 156, 73, 80, 254, 51, 189, 220, 87, 48, 250, 250, 255,
       255, 255, 63, 255, 223, 159, 255, 255, 191, 254, 191, 254, 126,
       255, 255, 247, 126, 187, 191, 127, 247, 127, 245, 247, 247, 127,
       127, 251, 255, 255, 199, 238, 255, 247, 255, 127, 250, 127, 250,
       221, 231, 125, 183, 223, 245, 127, 255, 191, 158, 207, 254, 181,
       255, 255, 241, 247, 255, 255, 255, 253, 189, 190, 255, 252, 254,
       255, 255, 253, 125, 255, 255, 125, 253, 255, 191, 255, 254, 255,
       251, 247, 255, 249, 253, 223, 251, 125, 127, 255, 253, 59, 255,
       255, 255, 239, 223, 237, 119, 254, 247, 255, 249, 255, 127, 223,
       127, 63, 253, 247, 255, 253, 253, 231, 223, 189, 254, 159, 158,
       109, 58, 247, 255, 189, 255, 223, 46, 255, 254, 251, 95, 255, 55,
       255, 255, 187, 255, 255, 127, 254, 191, 254, 252, 255, 247, 223,
       125, 255, 175, 254, 229, 127, 237, 223, 231, 255, 127, 123, 255,
       251, 242, 254, 253, 255, 255, 127, 251, 247, 250, 223, 255, 125,
       246, 159, 247, 127, 223, 191, 183, 199, 254, 189, 255, 253, 209,
       247, 123, 255, 125, 254, 255, 191, 248, 204, 238, 239, 235, 255,
       246, 241, 125, 125, 254, 223, 255, 124, 126, 236, 159, 25, 255,
       189, 253, 95, 187, 253, 123, 127, 29, 182, 237, 215, 159, 255,
       143, 251, 107, 113, 255, 203, 252, 58, 127, 189, 239, 183, 253,
       191, 254, 241, 239, 211, 239, 254, 223, 231, 203, 190, 127, 205,
       254, 233, 243, 251, 223, 206, 253, 253, 255, 255, 255, 127, 255,
       254, 253, 253, 253, 255, 255, 255, 254, 239, 251, 253, 127, 111,
       127, 255, 255, 191, 127, 255, 191, 191, 255, 223, 126, 255, 223,
       111, 127, 255, 215, 125, 253, 127, 127, 255, 251, 63, 223, 191,
       255, 255, 157, 189, 223, 157, 249, 191, 158, 77, 248, 252, 121,
       255, 223, 223, 47, 254 ]
