%YAML:1.0
descriptors: !!opencv-matrix
   rows: 49
   cols: 64
   dt: u
   data: [ 254, 253, 255, 255, 63, 127, 251, 255, 255, 255, 253, 255,
       255, 250, 255, 254, 255, 215, 127, 123, 253, 255, 247, 126, 253,
       239, 247, 251, 255, 219, 247, 255, 255, 44, 85, 254, 223, 121,
       249, 245, 250, 95, 123, 63, 213, 55, 245, 111, 153, 172, 30, 5,
       240, 29, 156, 77, 16, 242, 51, 189, 91, 87, 34, 251, 201, 222,
       150, 119, 237, 250, 254, 220, 57, 185, 110, 203, 174, 221, 66,
       169, 175, 207, 189, 43, 238, 173, 238, 121, 99, 223, 59, 182, 223,
       99, 35, 255, 255, 243, 124, 113, 119, 253, 254, 183, 123, 124,
       235, 127, 255, 27, 127, 179, 237, 219, 126, 245, 221, 231, 188,
       238, 215, 221, 247, 239, 214, 125, 145, 190, 254, 249, 255, 254,
       119, 111, 125, 255, 255, 239, 253, 189, 127, 239, 254, 255, 251,
       212, 127, 111, 47, 202, 165, 55, 207, 207, 247, 57, 219, 26, 126,
       185, 240, 37, 116, 255, 66, 119, 209, 244, 218, 222, 56, 63, 218,
       30, 237, 60, 137, 165, 86, 5, 232, 31, 151, 77, 152, 246, 41, 188,
       92, 86, 34, 185, 191, 250, 117, 231, 255, 253, 191, 248, 254, 93,
       250, 127, 237, 127, 248, 245, 247, 215, 79, 96, 253, 66, 175, 124,
       239, 253, 125, 123, 254, 95, 251, 191, 244, 109, 93, 190, 82, 115,
       169, 244, 221, 92, 26, 31, 197, 135, 252, 85, 137, 181, 92, 5,
       248, 159, 143, 73, 16, 246, 51, 188, 92, 71, 32, 184, 175, 212,
       124, 255, 63, 189, 223, 25, 191, 255, 173, 234, 173, 107, 180, 93,
       247, 247, 38, 243, 245, 118, 83, 126, 117, 215, 243, 127, 95, 59,
       247, 227, 199, 108, 158, 190, 210, 121, 249, 119, 114, 222, 122,
       173, 215, 84, 245, 127, 153, 174, 24, 13, 232, 29, 156, 93, 24,
       242, 115, 191, 122, 215, 40, 251, 252, 249, 255, 255, 51, 103,
       241, 255, 221, 252, 220, 189, 127, 254, 191, 238, 251, 220, 115,
       107, 117, 191, 231, 183, 125, 239, 180, 169, 91, 223, 126, 235,
       255, 36, 117, 250, 87, 123, 233, 124, 122, 93, 116, 46, 221, 55,
       247, 110, 157, 172, 26, 5, 240, 29, 156, 73, 16, 242, 59, 189, 89,
       95, 34, 250, 60, 174, 255, 237, 58, 125, 245, 255, 253, 252, 222,
       245, 95, 127, 251, 236, 251, 252, 227, 107, 245, 119, 254, 247,
       253, 127, 148, 179, 109, 215, 127, 239, 207, 72, 71, 190, 215,
       186, 249, 124, 253, 29, 243, 182, 245, 227, 247, 107, 187, 172,
       141, 137, 242, 29, 157, 93, 46, 246, 119, 237, 251, 223, 44, 222,
       186, 253, 125, 255, 63, 189, 221, 185, 255, 255, 253, 250, 255,
       122, 116, 127, 247, 247, 118, 251, 247, 118, 243, 126, 245, 247,
       247, 123, 127, 251, 255, 251, 207, 236, 142, 254, 254, 121, 251,
       253, 122, 223, 247, 253, 215, 117, 181, 111, 191, 191, 154, 11,
       250, 157, 254, 85, 56, 247, 255, 255, 251, 223, 238, 223, 86, 35,
       145, 18, 3, 131, 10, 105, 194, 162, 19, 54, 176, 6, 161, 82, 230,
       147, 1, 68, 201, 39, 195, 87, 204, 200, 228, 77, 66, 8, 177, 104,
       215, 36, 69, 190, 82, 120, 193, 116, 112, 92, 48, 47, 213, 20,
       165, 111, 153, 172, 24, 5, 240, 29, 156, 73, 16, 242, 51, 189, 88,
       87, 32, 250, 30, 50, 84, 162, 23, 163, 34, 117, 102, 0, 211, 52,
       125, 39, 177, 80, 254, 218, 67, 240, 193, 35, 193, 247, 204, 8,
       228, 205, 82, 140, 177, 232, 95, 44, 85, 190, 91, 120, 1, 84, 124,
       80, 24, 14, 196, 53, 231, 79, 153, 172, 24, 5, 242, 29, 156, 73,
       8, 242, 51, 189, 88, 87, 32, 250, 87, 50, 196, 34, 93, 186, 35,
       124, 192, 34, 210, 52, 236, 15, 128, 19, 226, 205, 3, 244, 225,
       39, 195, 117, 76, 200, 236, 141, 82, 12, 33, 104, 223, 44, 85,
       190, 91, 56, 137, 116, 120, 92, 24, 143, 213, 49, 231, 111, 153,
       172, 24, 1, 240, 29, 156, 73, 16, 242, 51, 189, 88, 87, 32, 250,
       255, 253, 255, 255, 255, 231, 255, 255, 254, 255, 252, 255, 255,
       238, 247, 253, 251, 245, 127, 103, 253, 143, 246, 63, 191, 255,
       255, 63, 219, 219, 118, 255, 231, 45, 87, 255, 214, 117, 253, 253,
       122, 94, 255, 63, 221, 61, 253, 255, 157, 172, 26, 133, 240, 63,
       156, 65, 208, 246, 115, 191, 222, 87, 50, 251, 124, 59, 247, 181,
       246, 247, 171, 255, 220, 222, 218, 53, 253, 254, 153, 102, 242,
       213, 123, 102, 253, 7, 214, 247, 159, 232, 172, 173, 90, 222, 118,
       187, 111, 37, 87, 191, 214, 122, 205, 124, 252, 84, 19, 174, 69,
       175, 225, 110, 157, 172, 152, 1, 242, 61, 156, 89, 64, 254, 51,
       189, 90, 70, 40, 242, 127, 53, 117, 130, 87, 7, 7, 123, 230, 68,
       147, 52, 125, 47, 176, 85, 250, 245, 67, 100, 209, 35, 209, 119,
       220, 248, 252, 13, 82, 156, 113, 105, 214, 44, 87, 190, 82, 120,
       137, 124, 112, 92, 56, 47, 213, 20, 245, 110, 153, 172, 24, 5,
       240, 29, 156, 73, 16, 242, 51, 189, 88, 87, 32, 250, 125, 30, 246,
       147, 223, 183, 35, 118, 44, 254, 82, 55, 173, 239, 187, 71, 234,
       213, 41, 102, 205, 5, 195, 115, 78, 200, 184, 13, 82, 12, 48, 107,
       215, 37, 85, 187, 82, 122, 237, 116, 112, 92, 24, 46, 213, 28,
       229, 111, 153, 172, 24, 5, 240, 29, 156, 73, 16, 242, 51, 189, 88,
       87, 32, 250, 126, 49, 253, 158, 118, 223, 31, 109, 198, 103, 249,
       184, 253, 174, 180, 94, 251, 213, 123, 101, 217, 179, 195, 55,
       220, 223, 237, 45, 83, 152, 117, 169, 211, 44, 85, 191, 82, 120,
       225, 116, 112, 94, 48, 47, 213, 28, 245, 111, 153, 172, 24, 5,
       240, 29, 156, 73, 16, 242, 51, 189, 88, 86, 32, 250, 118, 49, 249,
       158, 119, 151, 31, 95, 198, 230, 145, 176, 125, 138, 177, 87, 242,
       213, 3, 118, 193, 35, 193, 55, 204, 200, 232, 13, 82, 28, 113,
       105, 215, 44, 21, 190, 82, 120, 129, 116, 112, 74, 56, 15, 213,
       28, 193, 79, 153, 172, 24, 5, 240, 29, 156, 73, 16, 242, 51, 189,
       88, 86, 32, 251, 127, 58, 255, 181, 255, 183, 27, 126, 254, 127,
       215, 55, 255, 253, 179, 85, 250, 213, 27, 102, 233, 7, 195, 117,
       14, 216, 188, 15, 210, 28, 112, 171, 87, 37, 84, 187, 82, 122,
       133, 116, 208, 92, 24, 14, 209, 12, 193, 79, 157, 172, 24, 5, 240,
       29, 156, 73, 16, 246, 51, 189, 88, 23, 32, 250, 254, 48, 255, 183,
       254, 183, 59, 252, 246, 255, 213, 184, 255, 250, 178, 94, 250,
       213, 59, 103, 201, 165, 231, 53, 76, 203, 188, 47, 82, 13, 117,
       235, 243, 37, 20, 187, 82, 121, 229, 244, 80, 94, 56, 14, 209, 28,
       193, 111, 157, 172, 24, 5, 240, 29, 156, 73, 80, 246, 51, 189, 88,
       86, 32, 251, 126, 145, 124, 190, 119, 151, 31, 65, 38, 103, 85,
       218, 157, 42, 180, 86, 242, 213, 17, 101, 201, 33, 195, 114, 76,
       218, 168, 47, 82, 28, 245, 41, 215, 36, 20, 187, 82, 120, 161,
       116, 80, 90, 56, 47, 209, 28, 229, 79, 153, 172, 24, 5, 240, 29,
       156, 73, 16, 242, 51, 189, 88, 87, 34, 251, 125, 61, 247, 181,
       223, 239, 187, 254, 252, 252, 210, 55, 239, 239, 251, 239, 235,
       213, 123, 102, 253, 7, 199, 119, 79, 250, 184, 13, 82, 14, 114,
       251, 247, 37, 85, 187, 82, 122, 237, 116, 240, 92, 24, 46, 221,
       30, 225, 111, 153, 172, 24, 5, 240, 29, 157, 73, 16, 246, 51, 189,
       88, 87, 32, 250, 111, 54, 101, 162, 94, 39, 35, 122, 244, 124,
       210, 49, 125, 43, 177, 71, 234, 213, 3, 100, 241, 33, 193, 119,
       76, 248, 172, 141, 90, 28, 49, 233, 215, 36, 84, 186, 82, 120,
       129, 116, 248, 84, 24, 15, 209, 20, 192, 79, 153, 172, 24, 5, 240,
       29, 156, 73, 16, 242, 51, 189, 88, 87, 32, 250, 125, 54, 245, 182,
       255, 183, 59, 126, 244, 124, 214, 55, 253, 255, 179, 85, 250, 245,
       123, 100, 241, 7, 211, 119, 94, 248, 188, 157, 122, 220, 113, 233,
       215, 37, 87, 191, 82, 120, 237, 124, 124, 92, 24, 15, 197, 5, 245,
       111, 157, 172, 24, 5, 240, 29, 156, 73, 16, 246, 51, 189, 90, 87,
       32, 250, 119, 48, 253, 150, 126, 151, 31, 124, 230, 230, 145, 176,
       237, 107, 177, 87, 254, 215, 3, 119, 193, 35, 195, 119, 204, 202,
       236, 95, 82, 28, 241, 107, 215, 44, 85, 190, 90, 120, 225, 116,
       112, 92, 56, 47, 213, 20, 245, 111, 153, 172, 24, 5, 240, 29, 156,
       73, 16, 242, 51, 189, 88, 87, 32, 250, 118, 50, 245, 151, 255,
