%YAML:1.0
descriptors: !!opencv-matrix
   rows: 14
   cols: 64
   dt: u
   data: [ 63, 191, 255, 247, 63, 189, 249, 121, 255, 255, 215, 249, 255,
       122, 248, 86, 246, 255, 231, 251, 245, 126, 211, 255, 221, 186,
       231, 255, 126, 255, 245, 235, 223, 108, 87, 190, 255, 120, 249,
       125, 252, 93, 251, 47, 241, 53, 247, 111, 185, 174, 24, 7, 242,
       29, 157, 93, 22, 243, 119, 191, 123, 223, 40, 250, 191, 252, 125,
       255, 191, 253, 223, 25, 255, 255, 253, 250, 253, 127, 252, 93,
       251, 247, 127, 251, 253, 118, 211, 126, 245, 255, 247, 191, 127,
       255, 255, 239, 223, 236, 223, 254, 255, 121, 249, 127, 126, 223,
       127, 237, 215, 113, 247, 127, 191, 191, 152, 11, 234, 189, 222,
       93, 56, 247, 247, 191, 251, 223, 236, 254, 252, 249, 255, 255,
       118, 127, 251, 255, 223, 255, 253, 190, 127, 254, 255, 254, 255,
       215, 126, 127, 63, 253, 231, 183, 255, 239, 251, 255, 255, 255,
       254, 187, 250, 55, 181, 255, 222, 127, 255, 253, 250, 255, 253,
       126, 191, 191, 255, 190, 223, 175, 255, 255, 249, 255, 181, 223,
       209, 253, 121, 123, 127, 252, 219, 255, 252, 63, 255, 241, 254,
       191, 99, 123, 252, 117, 214, 63, 255, 254, 186, 76, 242, 213, 123,
       102, 253, 149, 210, 247, 95, 234, 184, 175, 250, 92, 126, 171,
       223, 39, 85, 187, 82, 122, 229, 116, 248, 93, 24, 15, 221, 61,
       229, 199, 157, 172, 24, 5, 243, 61, 157, 73, 80, 254, 51, 189, 88,
       87, 32, 250, 187, 254, 95, 239, 255, 249, 223, 152, 255, 123, 252,
       251, 175, 95, 236, 253, 255, 247, 188, 187, 253, 127, 155, 124,
       227, 255, 123, 255, 255, 123, 231, 255, 159, 233, 223, 85, 255,
       217, 253, 119, 127, 223, 107, 125, 245, 83, 252, 49, 172, 223,
       152, 47, 252, 167, 223, 255, 118, 159, 246, 175, 247, 223, 188,
       30, 249, 253, 255, 255, 255, 255, 255, 250, 253, 253, 126, 251,
       191, 254, 254, 237, 251, 213, 127, 103, 126, 143, 175, 61, 79,
       255, 191, 47, 211, 91, 118, 191, 243, 39, 85, 251, 82, 119, 237,
       244, 114, 93, 120, 63, 221, 30, 253, 181, 141, 173, 26, 5, 249,
       63, 157, 73, 80, 252, 49, 189, 92, 87, 48, 250, 248, 255, 255,
       247, 255, 247, 243, 251, 252, 253, 246, 255, 191, 250, 243, 239,
       235, 213, 127, 103, 126, 143, 175, 61, 79, 255, 191, 47, 211, 11,
       50, 191, 243, 39, 85, 251, 82, 117, 237, 244, 240, 92, 56, 62,
       217, 28, 217, 181, 157, 172, 24, 5, 241, 63, 156, 73, 80, 252, 49,
       189, 92, 87, 32, 250, 191, 246, 125, 175, 55, 125, 189, 189, 255,
       212, 127, 255, 61, 62, 255, 246, 191, 254, 198, 249, 49, 210, 245,
       244, 249, 189, 213, 251, 255, 251, 223, 255, 172, 252, 251, 214,
       255, 219, 168, 191, 255, 157, 119, 183, 182, 167, 246, 108, 171,
       251, 231, 15, 222, 7, 243, 84, 190, 211, 188, 108, 247, 159, 108,
       222, 232, 205, 174, 223, 235, 223, 215, 161, 189, 245, 63, 207,
       155, 252, 127, 174, 141, 49, 254, 191, 190, 255, 255, 253, 123,
       119, 31, 54, 237, 243, 31, 159, 159, 219, 107, 65, 254, 207, 254,
       42, 247, 189, 237, 119, 191, 254, 125, 179, 239, 219, 231, 255,
       159, 231, 235, 190, 127, 205, 252, 111, 231, 249, 223, 222, 255,
       252, 247, 215, 255, 167, 219, 251, 254, 125, 212, 123, 255, 251,
       182, 93, 250, 247, 127, 102, 255, 127, 155, 127, 190, 254, 127,
       63, 254, 91, 119, 239, 199, 239, 28, 223, 214, 253, 127, 127, 117,
       205, 239, 207, 201, 24, 253, 151, 205, 180, 25, 141, 250, 190,
       156, 99, 120, 190, 115, 155, 218, 157, 60, 254, 124, 57, 251, 220,
       50, 71, 121, 119, 87, 228, 93, 148, 83, 214, 187, 250, 251, 212,
       97, 103, 135, 61, 196, 147, 205, 203, 162, 13, 83, 204, 54, 235,
       247, 36, 85, 186, 82, 120, 233, 116, 112, 93, 53, 46, 213, 20,
       225, 110, 153, 172, 24, 5, 240, 29, 156, 73, 16, 242, 51, 189, 89,
       86, 34, 250, 61, 190, 253, 237, 62, 253, 245, 125, 253, 253, 222,
       253, 253, 126, 253, 252, 251, 253, 227, 107, 245, 119, 219, 255,
       253, 127, 117, 247, 126, 223, 255, 239, 207, 232, 79, 62, 255,
       248, 249, 127, 125, 93, 107, 167, 213, 245, 247, 107, 187, 252,
       137, 15, 246, 29, 158, 93, 54, 242, 247, 173, 251, 223, 44, 254,
       124, 185, 255, 253, 50, 127, 249, 255, 221, 252, 222, 189, 95,
       244, 251, 238, 251, 220, 251, 111, 117, 253, 230, 183, 253, 111,
       182, 208, 105, 215, 126, 234, 239, 43, 103, 254, 223, 123, 249,
       124, 248, 93, 247, 54, 255, 183, 231, 110, 191, 172, 239, 223,
       242, 31, 156, 93, 102, 246, 127, 249, 123, 79, 43, 254, 187, 221,
       127, 254, 183, 61, 221, 154, 255, 95, 253, 250, 191, 123, 116, 93,
       246, 246, 55, 255, 116, 118, 177, 118, 239, 191, 247, 123, 255,
       123, 254, 185, 214, 108, 158, 254, 218, 125, 249, 245, 210, 223,
       58, 63, 208, 22, 245, 110, 153, 173, 30, 5, 248, 29, 159, 77, 24,
       246, 59, 159, 93, 95, 34, 187 ]
