%YAML:1.0
descriptors: !!opencv-matrix
   rows: 51
   cols: 64
   dt: u
   data: [ 63, 182, 253, 182, 63, 253, 191, 125, 246, 252, 254, 247, 253,
       127, 187, 117, 251, 223, 99, 99, 245, 39, 195, 119, 205, 255, 245,
       255, 90, 95, 243, 235, 215, 36, 85, 190, 83, 120, 233, 116, 120,
       92, 56, 47, 213, 21, 247, 111, 153, 172, 24, 5, 240, 29, 156, 73,
       16, 242, 51, 189, 88, 87, 32, 250, 61, 183, 117, 182, 63, 189,
       187, 121, 244, 124, 210, 117, 253, 123, 184, 85, 242, 252, 67, 98,
       245, 34, 209, 247, 220, 186, 228, 143, 90, 28, 113, 235, 223, 36,
       85, 190, 83, 120, 233, 116, 120, 92, 56, 47, 212, 53, 247, 111,
       153, 172, 24, 5, 240, 29, 156, 73, 16, 242, 51, 189, 88, 87, 32,
       250, 62, 49, 125, 182, 55, 167, 61, 123, 246, 68, 213, 112, 125,
       106, 180, 86, 242, 214, 67, 99, 245, 34, 193, 119, 204, 138, 228,
       221, 82, 28, 245, 233, 215, 36, 85, 190, 82, 120, 233, 116, 120,
       92, 60, 47, 212, 21, 245, 111, 153, 172, 24, 5, 240, 29, 156, 73,
       24, 242, 51, 189, 88, 87, 32, 250, 63, 53, 253, 182, 55, 183, 57,
       126, 246, 68, 213, 244, 125, 122, 180, 86, 242, 214, 3, 99, 229,
       38, 193, 119, 204, 138, 228, 29, 82, 24, 117, 233, 215, 36, 85,
       190, 82, 120, 201, 116, 112, 92, 57, 47, 212, 20, 245, 111, 153,
       172, 24, 5, 240, 29, 156, 73, 16, 242, 51, 189, 88, 87, 32, 250,
       63, 53, 253, 182, 55, 247, 59, 127, 214, 94, 211, 117, 125, 110,
       178, 86, 250, 212, 3, 99, 229, 35, 195, 119, 204, 154, 240, 13,
       82, 28, 117, 233, 215, 36, 85, 190, 82, 120, 201, 116, 112, 92,
       56, 47, 213, 20, 245, 111, 153, 172, 24, 5, 240, 29, 156, 73, 16,
       242, 51, 189, 88, 87, 32, 250, 60, 50, 117, 160, 63, 181, 163,
       120, 244, 124, 210, 55, 253, 63, 185, 69, 242, 221, 67, 96, 241,
       100, 193, 247, 76, 184, 160, 159, 122, 28, 113, 235, 223, 36, 87,
       186, 82, 120, 169, 116, 124, 92, 24, 14, 212, 53, 242, 79, 153,
       172, 24, 5, 240, 29, 156, 73, 16, 242, 51, 189, 88, 87, 32, 250,
       63, 49, 125, 182, 54, 183, 31, 126, 246, 222, 213, 48, 125, 122,
       176, 87, 250, 246, 67, 99, 225, 114, 193, 119, 204, 170, 228, 29,
       82, 24, 117, 233, 215, 36, 84, 190, 82, 120, 193, 116, 112, 92,
       56, 47, 212, 20, 245, 111, 153, 172, 24, 5, 240, 29, 156, 73, 16,
       242, 51, 189, 88, 87, 32, 250, 60, 51, 253, 182, 63, 183, 63, 127,
       246, 126, 211, 54, 253, 110, 179, 86, 250, 213, 67, 98, 241, 55,
       195, 119, 28, 184, 240, 29, 82, 152, 117, 233, 215, 36, 85, 190,
       82, 120, 201, 116, 112, 92, 24, 46, 213, 20, 229, 111, 153, 172,
       24, 5, 240, 29, 156, 73, 16, 242, 51, 189, 88, 87, 32, 250, 56, 6,
       125, 172, 42, 125, 177, 117, 61, 252, 214, 21, 93, 52, 249, 230,
       255, 216, 195, 106, 244, 112, 196, 242, 89, 40, 164, 210, 104,
       197, 61, 251, 253, 32, 65, 184, 87, 122, 233, 124, 252, 29, 90,
       38, 212, 167, 195, 111, 185, 172, 153, 13, 242, 29, 157, 73, 22,
       242, 51, 188, 90, 87, 32, 250, 191, 246, 125, 239, 191, 189, 189,
       121, 255, 127, 252, 249, 253, 59, 244, 245, 242, 244, 71, 104,
       241, 82, 181, 124, 252, 189, 229, 187, 255, 91, 125, 255, 241,
       108, 158, 254, 214, 115, 177, 245, 223, 223, 90, 30, 208, 135,
       216, 93, 137, 189, 94, 13, 248, 157, 159, 77, 152, 242, 59, 156,
       219, 30, 46, 185, 254, 255, 255, 255, 119, 127, 223, 187, 255,
       255, 253, 250, 191, 254, 254, 255, 255, 247, 126, 255, 63, 255,
       247, 127, 255, 247, 247, 127, 255, 251, 254, 251, 215, 255, 255,
       255, 254, 125, 251, 255, 114, 253, 251, 125, 191, 30, 245, 127,
       223, 191, 158, 207, 248, 191, 254, 255, 113, 247, 113, 127, 255,
       253, 189, 254, 57, 254, 255, 253, 63, 253, 253, 125, 253, 253,
       222, 253, 253, 125, 125, 221, 255, 254, 227, 251, 245, 126, 219,
       255, 249, 127, 245, 246, 125, 215, 255, 239, 207, 248, 195, 52,
       255, 249, 248, 125, 125, 29, 251, 167, 245, 241, 247, 107, 187,
       254, 137, 75, 246, 157, 154, 93, 63, 211, 255, 239, 243, 255, 173,
       222, 127, 244, 125, 175, 255, 183, 31, 28, 255, 127, 213, 248,
       189, 59, 180, 85, 246, 247, 27, 113, 249, 115, 243, 124, 236, 232,
       232, 127, 123, 89, 253, 239, 213, 109, 150, 191, 82, 121, 161,
       247, 82, 206, 90, 15, 209, 28, 193, 95, 157, 172, 26, 5, 240, 189,
       156, 77, 24, 246, 59, 156, 216, 214, 34, 249, 77, 234, 77, 168,
       95, 251, 163, 124, 189, 188, 254, 53, 125, 62, 249, 224, 227, 213,
       67, 100, 229, 3, 132, 112, 77, 236, 168, 13, 91, 78, 57, 251, 245,
       36, 85, 186, 82, 114, 141, 116, 242, 92, 24, 14, 85, 150, 224,
       109, 153, 172, 24, 5, 240, 29, 157, 73, 16, 242, 59, 188, 88, 70,
       34, 248, 252, 251, 255, 245, 118, 119, 255, 255, 253, 255, 252,
       255, 255, 255, 243, 255, 251, 213, 127, 111, 127, 255, 230, 63,
       79, 255, 191, 191, 255, 95, 118, 191, 243, 39, 117, 255, 214, 125,
       253, 245, 126, 93, 251, 62, 223, 173, 221, 254, 157, 173, 94, 149,
       248, 191, 156, 77, 208, 254, 115, 223, 95, 86, 49, 250, 253, 127,
       255, 245, 118, 119, 255, 255, 253, 253, 254, 255, 255, 255, 251,
       238, 251, 221, 127, 111, 127, 239, 246, 183, 95, 255, 191, 191,
       255, 223, 118, 191, 243, 103, 117, 251, 214, 127, 253, 252, 124,
       93, 251, 62, 223, 175, 217, 238, 157, 173, 94, 141, 249, 63, 156,
       77, 88, 254, 115, 191, 95, 87, 33, 250, 125, 63, 231, 177, 87,
       231, 39, 254, 228, 252, 210, 55, 239, 239, 147, 71, 235, 213, 99,
       102, 125, 167, 194, 119, 78, 234, 188, 173, 82, 28, 114, 171, 223,
       37, 85, 186, 82, 120, 237, 116, 120, 92, 56, 47, 213, 53, 229,
       111, 153, 172, 24, 5, 240, 29, 156, 73, 16, 242, 51, 189, 88, 87,
       32, 250, 254, 249, 255, 255, 255, 247, 127, 255, 255, 255, 253,
       250, 255, 254, 182, 94, 251, 213, 127, 103, 127, 255, 231, 55,
       223, 255, 255, 63, 211, 159, 126, 171, 211, 37, 85, 255, 82, 125,
       253, 116, 114, 94, 57, 63, 213, 28, 245, 63, 157, 172, 24, 5, 240,
       61, 156, 73, 80, 246, 49, 189, 92, 87, 34, 251, 126, 48, 249, 183,
       223, 167, 27, 109, 206, 101, 215, 60, 253, 42, 177, 86, 242, 215,
       91, 116, 233, 35, 203, 125, 156, 200, 236, 47, 82, 185, 117, 239,
       199, 173, 21, 191, 66, 121, 165, 86, 48, 89, 85, 10, 193, 28, 201,
       31, 157, 172, 25, 5, 112, 60, 156, 73, 80, 246, 59, 184, 88, 6,
       48, 254, 254, 249, 255, 253, 246, 247, 255, 255, 223, 255, 253,
       251, 255, 238, 247, 254, 251, 213, 127, 111, 63, 159, 231, 63,
       175, 255, 255, 191, 215, 223, 118, 191, 243, 39, 61, 255, 214,
       117, 253, 247, 123, 207, 245, 63, 223, 30, 253, 182, 141, 173, 94,
       133, 248, 191, 148, 79, 208, 252, 121, 255, 93, 30, 50, 190, 127,
       52, 125, 174, 255, 175, 27, 125, 246, 100, 213, 49, 253, 59, 180,
       86, 242, 213, 91, 100, 249, 99, 211, 53, 220, 232, 236, 31, 122,
       153, 125, 239, 213, 45, 20, 191, 194, 120, 165, 126, 88, 219, 93,
       15, 209, 28, 229, 79, 157, 164, 25, 13, 240, 28, 158, 73, 120,
       246, 59, 156, 88, 86, 34, 255, 253, 59, 247, 245, 246, 127, 123,
       254, 253, 253, 222, 63, 255, 255, 251, 239, 251, 213, 123, 111,
       125, 143, 198, 55, 79, 255, 190, 61, 250, 30, 114, 171, 211, 39,
       85, 187, 82, 126, 253, 116, 120, 92, 56, 62, 221, 142, 229, 239,
       157, 172, 24, 5, 240, 63, 156, 73, 80, 246, 51, 189, 88, 87, 32,
       250, 254, 61, 255, 245, 247, 119, 255, 255, 254, 253, 221, 255,
       255, 254, 178, 126, 251, 213, 127, 111, 127, 223, 230, 55, 15,
       255, 191, 63, 251, 91, 118, 187, 215, 39, 53, 255, 82, 125, 253,
       116, 88, 93, 253, 63, 223, 28, 253, 255, 157, 172, 26, 133, 240,
       63, 156, 77, 80, 246, 49, 191, 93, 23, 48, 250, 63, 54, 124, 170,
       55, 61, 37, 113, 230, 86, 222, 52, 125, 63, 185, 116, 246, 254,
       67, 240, 241, 114, 209, 246, 220, 40, 228, 201, 122, 220, 249,
       233, 220, 44, 87, 190, 91, 122, 129, 124, 188, 85, 24, 14, 84,
       167, 230, 78, 155, 44, 153, 12, 242, 29, 159, 89, 48, 242, 59,
