%YAML:1.0
descriptors: !!opencv-matrix
   rows: 40
   cols: 64
   dt: u
   data: [ 190, 250, 255, 255, 255, 119, 253, 255, 255, 253, 252, 255,
       255, 127, 191, 252, 255, 215, 107, 123, 245, 119, 231, 254, 255,
       239, 245, 251, 255, 223, 247, 255, 255, 44, 87, 190, 94, 120, 233,
       124, 122, 93, 122, 63, 213, 53, 245, 111, 153, 172, 28, 5, 240,
       29, 156, 73, 16, 242, 51, 189, 90, 87, 34, 250, 191, 255, 127,
       255, 183, 253, 221, 249, 255, 223, 253, 251, 255, 255, 252, 255,
       247, 247, 126, 255, 127, 238, 181, 118, 253, 255, 247, 251, 255,
       127, 254, 187, 242, 108, 124, 254, 218, 127, 249, 245, 122, 222,
       185, 255, 222, 151, 253, 127, 137, 175, 22, 7, 248, 31, 159, 77,
       16, 246, 115, 191, 127, 86, 42, 187, 124, 253, 247, 253, 122, 111,
       125, 255, 221, 252, 254, 189, 127, 238, 255, 254, 251, 220, 123,
       106, 125, 139, 228, 63, 95, 239, 183, 137, 211, 223, 126, 255,
       241, 39, 117, 251, 87, 119, 233, 124, 251, 222, 249, 62, 222, 151,
       239, 254, 137, 165, 94, 133, 248, 31, 149, 73, 144, 242, 43, 189,
       92, 70, 34, 176, 191, 247, 117, 231, 255, 189, 223, 89, 255, 95,
       249, 251, 239, 127, 244, 117, 246, 247, 14, 113, 245, 110, 147,
       124, 252, 254, 243, 127, 254, 58, 255, 61, 214, 108, 92, 158, 218,
       121, 249, 245, 87, 222, 59, 191, 213, 18, 252, 31, 137, 181, 24,
       5, 232, 157, 159, 77, 24, 246, 51, 157, 90, 87, 34, 184, 191, 250,
       127, 253, 255, 253, 223, 216, 191, 255, 189, 250, 239, 123, 252,
       221, 251, 245, 63, 123, 237, 103, 210, 124, 109, 255, 247, 127,
       127, 63, 119, 251, 215, 108, 223, 255, 82, 121, 249, 117, 118, 94,
       56, 63, 213, 82, 245, 127, 153, 173, 24, 5, 248, 29, 159, 77, 16,
       246, 51, 189, 88, 215, 32, 250, 214, 17, 25, 183, 255, 144, 154,
       201, 134, 43, 49, 82, 129, 66, 146, 80, 230, 215, 4, 71, 200, 167,
       130, 80, 76, 222, 189, 111, 210, 42, 51, 58, 87, 36, 20, 186, 82,
       120, 233, 84, 112, 72, 48, 15, 209, 20, 181, 79, 153, 172, 24, 5,
       240, 29, 156, 73, 16, 242, 51, 189, 88, 87, 32, 250, 60, 23, 124,
       146, 223, 181, 143, 113, 38, 71, 83, 86, 157, 110, 176, 68, 214,
       215, 65, 226, 241, 119, 147, 242, 88, 118, 180, 78, 80, 156, 253,
       233, 207, 4, 215, 170, 82, 120, 233, 88, 80, 93, 20, 13, 213, 52,
       245, 79, 155, 172, 24, 5, 242, 29, 220, 89, 16, 242, 51, 189, 88,
       211, 104, 250, 45, 166, 247, 105, 248, 245, 225, 244, 248, 189,
       198, 125, 205, 125, 155, 229, 233, 236, 203, 98, 245, 107, 126,
       255, 250, 107, 20, 242, 237, 213, 115, 207, 223, 106, 71, 36, 253,
       176, 249, 60, 125, 53, 90, 182, 85, 225, 255, 99, 185, 252, 205,
       107, 244, 29, 152, 69, 62, 214, 199, 143, 250, 223, 109, 222, 231,
       54, 101, 163, 253, 182, 135, 152, 238, 125, 130, 99, 239, 123, 2,
       21, 244, 239, 39, 243, 241, 39, 19, 116, 196, 254, 249, 239, 210,
       30, 227, 243, 223, 44, 86, 190, 91, 56, 233, 116, 124, 84, 56,
       175, 193, 65, 247, 111, 153, 172, 24, 1, 240, 29, 156, 73, 16,
       242, 51, 189, 88, 87, 32, 250, 189, 222, 119, 109, 249, 253, 163,
       249, 185, 249, 202, 111, 197, 93, 203, 173, 255, 239, 251, 42,
       244, 45, 30, 248, 227, 127, 121, 246, 252, 71, 235, 223, 207, 195,
       91, 53, 181, 147, 253, 39, 125, 29, 106, 182, 125, 225, 255, 115,
       172, 221, 173, 121, 247, 231, 152, 233, 103, 220, 214, 167, 210,
       79, 181, 94, 254, 253, 251, 255, 115, 127, 255, 207, 221, 221,
       253, 251, 255, 254, 254, 254, 187, 223, 190, 111, 63, 223, 247,
       55, 255, 223, 251, 255, 127, 247, 246, 187, 135, 247, 117, 255,
       247, 125, 254, 125, 122, 255, 241, 253, 191, 31, 127, 190, 223,
       171, 255, 255, 217, 247, 182, 254, 241, 253, 121, 127, 127, 125,
       155, 254, 253, 255, 127, 253, 119, 255, 255, 251, 253, 221, 252,
       249, 127, 127, 252, 238, 251, 245, 127, 111, 117, 115, 245, 55,
       125, 255, 189, 191, 127, 95, 118, 187, 242, 101, 85, 250, 214,
       121, 249, 252, 122, 223, 57, 63, 213, 151, 245, 110, 157, 173, 30,
       5, 248, 29, 159, 77, 16, 246, 59, 189, 91, 95, 32, 250, 236, 234,
       255, 251, 250, 255, 243, 244, 125, 255, 78, 223, 223, 126, 251,
       236, 235, 213, 249, 111, 252, 45, 238, 123, 127, 255, 59, 167,
       223, 203, 59, 255, 247, 39, 87, 251, 82, 123, 237, 124, 112, 92,
       120, 62, 213, 150, 253, 247, 157, 173, 30, 5, 240, 29, 156, 73,
       16, 246, 51, 189, 88, 87, 32, 250, 125, 53, 255, 246, 126, 167,
       127, 126, 244, 125, 220, 49, 255, 255, 178, 79, 235, 221, 59, 103,
       253, 47, 195, 55, 78, 235, 190, 175, 90, 76, 112, 235, 215, 39,
       20, 187, 83, 120, 245, 116, 120, 92, 56, 47, 213, 21, 247, 79,
       157, 172, 24, 5, 240, 29, 156, 73, 16, 246, 51, 189, 88, 87, 32,
       250, 108, 35, 229, 182, 91, 163, 163, 122, 244, 60, 194, 53, 125,
       123, 177, 68, 226, 213, 67, 102, 225, 39, 193, 119, 76, 234, 172,
       143, 90, 140, 49, 235, 223, 36, 85, 186, 82, 120, 233, 116, 92,
       84, 24, 14, 193, 53, 225, 79, 153, 172, 24, 5, 240, 29, 156, 73,
       16, 242, 51, 189, 88, 87, 32, 250, 127, 181, 125, 30, 118, 143,
       31, 89, 226, 196, 149, 176, 253, 74, 180, 87, 246, 247, 2, 119,
       197, 35, 83, 119, 205, 218, 236, 77, 82, 28, 245, 104, 215, 44,
       87, 190, 90, 120, 233, 116, 112, 94, 56, 47, 213, 84, 245, 111,
       153, 172, 24, 5, 240, 29, 156, 73, 16, 242, 51, 189, 88, 87, 32,
       251, 189, 254, 255, 237, 191, 253, 255, 249, 253, 253, 254, 251,
       255, 61, 254, 237, 251, 253, 255, 107, 245, 127, 251, 253, 125,
       255, 61, 183, 127, 223, 119, 239, 223, 237, 255, 190, 246, 249,
       249, 63, 125, 93, 123, 191, 255, 241, 255, 123, 189, 253, 189, 45,
       242, 189, 158, 93, 54, 246, 247, 239, 251, 223, 44, 254, 118, 48,
       249, 151, 255, 134, 27, 73, 198, 103, 145, 54, 189, 206, 146, 86,
       254, 215, 17, 102, 203, 167, 195, 119, 204, 218, 248, 111, 82, 24,
       241, 107, 87, 37, 21, 191, 82, 120, 225, 86, 80, 72, 16, 14, 209,
       28, 229, 15, 153, 172, 24, 5, 240, 28, 156, 73, 16, 242, 51, 189,
       88, 23, 32, 250, 253, 254, 255, 253, 255, 255, 255, 254, 189, 255,
       252, 255, 223, 253, 255, 239, 187, 253, 255, 47, 253, 223, 254,
       253, 127, 127, 63, 246, 253, 215, 127, 255, 255, 251, 255, 117,
       247, 255, 255, 63, 251, 255, 235, 127, 255, 255, 127, 243, 255,
       219, 255, 255, 221, 255, 191, 254, 247, 221, 255, 239, 247, 253,
       159, 255, 109, 39, 247, 178, 217, 183, 35, 126, 244, 92, 194, 117,
       227, 223, 178, 69, 234, 213, 59, 102, 225, 7, 195, 119, 78, 234,
       184, 141, 82, 12, 48, 233, 215, 39, 85, 187, 82, 120, 77, 116,
       120, 84, 24, 15, 213, 13, 245, 239, 153, 172, 24, 5, 240, 29, 156,
       73, 16, 242, 51, 157, 88, 87, 32, 250, 108, 35, 101, 128, 83, 187,
       35, 122, 228, 16, 210, 52, 125, 127, 153, 68, 226, 213, 67, 100,
       193, 39, 193, 119, 76, 232, 140, 13, 114, 140, 49, 200, 223, 36,
       85, 186, 82, 122, 137, 116, 244, 84, 24, 15, 85, 52, 245, 79, 153,
       172, 24, 5, 240, 29, 156, 73, 16, 242, 51, 189, 88, 87, 32, 250,
       125, 53, 253, 128, 86, 151, 3, 126, 230, 70, 149, 52, 125, 43,
       180, 70, 234, 213, 3, 100, 209, 103, 193, 119, 76, 232, 172, 13,
       82, 12, 112, 105, 215, 36, 85, 186, 82, 120, 129, 116, 80, 92, 24,
       15, 209, 20, 229, 78, 153, 172, 24, 5, 240, 29, 156, 73, 16, 242,
       51, 189, 88, 87, 32, 250, 101, 37, 229, 176, 80, 38, 39, 95, 228,
       68, 193, 48, 97, 79, 147, 69, 234, 213, 3, 102, 195, 39, 192, 119,
       78, 138, 164, 13, 82, 8, 48, 105, 215, 38, 85, 186, 82, 120, 65,
       116, 112, 88, 24, 15, 213, 20, 229, 78, 153, 172, 24, 5, 240, 29,
       156, 73, 16, 242, 51, 189, 88, 87, 32, 250, 45, 39, 101, 176, 16,
       134, 33, 75, 228, 68, 194, 52, 113, 107, 176, 68, 226, 212, 3, 96,
       193, 36, 192, 119, 92, 152, 164, 13, 82, 12, 49, 73, 214, 36, 85,
       186, 82, 120, 65, 84, 112, 84, 24, 15, 192, 20, 225, 79, 153, 172,
