%YAML:1.0
descriptors: !!opencv-matrix
   rows: 23
   cols: 64
   dt: u
   data: [ 125, 247, 125, 174, 119, 191, 191, 123, 245, 94, 254, 53, 125,
       127, 253, 245, 242, 213, 79, 100, 241, 114, 149, 55, 76, 172, 172,
       29, 127, 94, 125, 249, 240, 36, 84, 186, 82, 114, 129, 244, 222,
       94, 26, 14, 208, 134, 192, 78, 153, 173, 28, 5, 248, 29, 159, 73,
       16, 242, 59, 188, 88, 86, 34, 185, 58, 251, 253, 255, 62, 253,
       249, 121, 255, 253, 255, 253, 253, 126, 252, 254, 247, 222, 227,
       107, 245, 124, 211, 247, 253, 255, 231, 255, 126, 247, 253, 239,
       215, 36, 87, 190, 255, 122, 249, 125, 248, 93, 255, 47, 244, 23,
       247, 111, 155, 172, 153, 15, 242, 29, 157, 89, 52, 242, 115, 191,
       91, 95, 40, 254, 255, 252, 125, 239, 255, 189, 223, 153, 255, 255,
       253, 251, 191, 123, 244, 93, 243, 247, 126, 251, 253, 119, 179,
       124, 245, 255, 255, 191, 255, 123, 255, 255, 215, 236, 222, 255,
       255, 121, 249, 255, 126, 223, 123, 253, 209, 81, 253, 127, 191,
       191, 24, 15, 252, 181, 223, 125, 56, 246, 247, 191, 251, 223, 62,
       191, 252, 63, 255, 241, 254, 183, 39, 251, 252, 117, 214, 63, 255,
       255, 179, 78, 242, 213, 123, 102, 253, 135, 194, 119, 78, 234,
       188, 175, 242, 12, 114, 171, 215, 39, 85, 187, 82, 120, 229, 116,
       120, 93, 24, 15, 213, 29, 229, 207, 157, 172, 24, 5, 240, 61, 156,
       73, 80, 254, 51, 189, 88, 87, 32, 250, 126, 48, 255, 191, 255,
       183, 27, 201, 238, 103, 149, 186, 255, 234, 183, 95, 242, 213, 59,
       102, 203, 151, 195, 117, 206, 202, 252, 47, 210, 28, 118, 43, 215,
       37, 85, 191, 82, 121, 229, 118, 112, 90, 56, 15, 213, 28, 225, 63,
       157, 172, 24, 5, 240, 61, 156, 73, 16, 246, 51, 189, 88, 87, 50,
       251, 254, 59, 255, 247, 254, 183, 127, 249, 206, 103, 213, 58,
       255, 250, 178, 94, 242, 213, 123, 102, 111, 141, 195, 117, 14,
       218, 190, 47, 210, 28, 118, 171, 215, 37, 84, 187, 82, 125, 229,
       118, 80, 88, 24, 31, 217, 28, 201, 23, 157, 172, 24, 5, 240, 61,
       156, 75, 80, 254, 49, 189, 88, 87, 48, 250, 248, 249, 255, 247,
       254, 255, 251, 251, 254, 255, 126, 255, 191, 250, 242, 252, 251,
       213, 61, 103, 108, 143, 175, 125, 79, 223, 191, 47, 211, 11, 114,
       191, 247, 39, 85, 251, 82, 117, 237, 244, 114, 92, 56, 63, 221,
       30, 253, 181, 157, 172, 24, 5, 240, 63, 156, 73, 80, 252, 49, 189,
       92, 87, 48, 250, 250, 248, 255, 255, 254, 247, 255, 249, 254, 255,
       253, 251, 255, 254, 246, 252, 251, 213, 63, 103, 110, 143, 167,
       125, 111, 223, 191, 47, 211, 27, 114, 191, 243, 37, 85, 251, 82,
       125, 237, 246, 114, 94, 56, 63, 221, 30, 253, 181, 157, 172, 24,
       5, 248, 63, 156, 73, 80, 244, 49, 189, 92, 87, 48, 250, 254, 249,
       255, 247, 254, 255, 255, 251, 253, 255, 254, 255, 255, 238, 242,
       253, 251, 213, 127, 103, 126, 143, 174, 125, 79, 223, 191, 47,
       211, 27, 114, 191, 211, 39, 85, 251, 82, 125, 237, 118, 112, 92,
       56, 63, 221, 28, 253, 181, 157, 172, 24, 5, 240, 63, 156, 73, 80,
       252, 49, 189, 92, 87, 48, 250, 63, 246, 125, 170, 55, 125, 189,
       121, 247, 222, 254, 180, 125, 62, 253, 245, 255, 254, 67, 248,
       241, 114, 149, 244, 253, 189, 229, 217, 127, 222, 253, 249, 252,
       108, 215, 190, 223, 122, 137, 125, 254, 223, 127, 47, 212, 183,
       246, 108, 187, 173, 159, 13, 250, 29, 223, 93, 56, 242, 63, 188,
       91, 223, 110, 250, 252, 63, 255, 253, 114, 127, 241, 255, 221,
       253, 222, 191, 255, 254, 251, 238, 251, 221, 251, 111, 127, 157,
       231, 183, 95, 235, 190, 167, 219, 223, 62, 175, 247, 39, 117, 251,
       87, 127, 253, 116, 248, 125, 254, 62, 221, 63, 123, 239, 157, 172,
       95, 213, 243, 63, 157, 73, 80, 252, 115, 255, 95, 87, 33, 250,
       191, 246, 124, 174, 63, 125, 189, 253, 127, 212, 255, 255, 125,
       63, 255, 244, 191, 254, 198, 249, 49, 242, 253, 124, 253, 189, 81,
       251, 255, 255, 223, 255, 189, 252, 251, 94, 255, 217, 232, 63,
       127, 157, 107, 181, 182, 151, 246, 105, 187, 251, 239, 15, 220, 7,
       242, 92, 190, 209, 188, 108, 247, 219, 108, 222, 255, 185, 255,
       245, 255, 255, 223, 254, 254, 253, 254, 251, 255, 255, 182, 95,
       251, 213, 123, 103, 255, 143, 194, 119, 79, 255, 191, 47, 218, 31,
       114, 235, 215, 39, 85, 255, 82, 125, 253, 116, 112, 92, 56, 63,
       221, 28, 245, 239, 157, 172, 24, 5, 240, 61, 156, 73, 80, 246, 51,
       189, 88, 87, 32, 250, 244, 185, 255, 149, 254, 143, 95, 123, 254,
       111, 191, 122, 255, 239, 158, 92, 242, 213, 123, 103, 205, 39,
       195, 119, 79, 222, 191, 47, 210, 14, 114, 107, 215, 37, 85, 187,
       82, 124, 237, 116, 112, 92, 56, 47, 213, 28, 245, 111, 153, 172,
       24, 5, 240, 29, 156, 75, 16, 242, 51, 189, 88, 87, 32, 250, 60,
       186, 253, 237, 62, 253, 241, 125, 253, 252, 222, 253, 125, 126,
       191, 252, 251, 220, 195, 106, 245, 112, 222, 247, 253, 239, 228,
       243, 127, 223, 127, 239, 223, 96, 87, 190, 255, 122, 249, 124,
       127, 93, 127, 38, 212, 183, 247, 111, 185, 172, 143, 13, 242, 29,
       156, 93, 62, 242, 63, 189, 219, 95, 46, 254, 255, 252, 255, 223,
       255, 159, 211, 123, 255, 125, 148, 123, 191, 251, 244, 93, 242,
       247, 62, 54, 223, 79, 155, 127, 126, 250, 123, 63, 254, 91, 93,
       111, 215, 231, 28, 223, 82, 119, 255, 254, 211, 223, 202, 95, 217,
       28, 249, 151, 197, 181, 24, 133, 248, 181, 159, 235, 88, 254, 122,
       159, 218, 93, 50, 253, 60, 58, 255, 253, 58, 125, 241, 247, 221,
       252, 222, 53, 93, 116, 251, 230, 251, 220, 195, 106, 245, 121,
       214, 182, 253, 111, 164, 211, 108, 215, 127, 255, 239, 0, 71, 190,
       223, 242, 249, 124, 248, 93, 247, 54, 244, 167, 231, 111, 191,
       172, 143, 75, 242, 29, 157, 93, 38, 242, 123, 253, 251, 159, 105,
       254, 253, 191, 239, 253, 126, 119, 249, 255, 253, 252, 222, 247,
       111, 253, 251, 239, 187, 253, 251, 123, 245, 127, 223, 255, 255,
       106, 246, 151, 125, 87, 127, 255, 255, 107, 247, 181, 255, 254,
       253, 117, 221, 125, 251, 254, 223, 163, 115, 235, 188, 254, 189,
       223, 243, 253, 156, 92, 127, 254, 247, 255, 251, 255, 175, 254,
       124, 43, 255, 252, 50, 127, 115, 255, 213, 244, 222, 181, 93, 190,
       187, 238, 251, 221, 123, 111, 117, 183, 198, 183, 221, 235, 180,
       141, 105, 220, 126, 235, 231, 36, 101, 190, 214, 122, 201, 124,
       248, 93, 49, 46, 213, 183, 225, 110, 157, 172, 153, 13, 240, 29,
       157, 73, 16, 242, 51, 189, 91, 86, 32, 250, 187, 213, 125, 254,
       55, 61, 93, 121, 247, 87, 253, 250, 63, 123, 244, 125, 246, 246,
       103, 123, 118, 114, 177, 118, 252, 191, 231, 121, 255, 90, 252,
       185, 242, 108, 20, 254, 210, 121, 209, 253, 218, 223, 57, 31, 208,
       22, 245, 78, 153, 173, 30, 5, 248, 29, 159, 77, 16, 242, 51, 157,
       88, 86, 42, 249, 255, 255, 255, 253, 255, 255, 253, 254, 255, 255,
       255, 253, 127, 255, 255, 255, 251, 252, 255, 127, 255, 223, 254,
       191, 255, 255, 255, 255, 255, 255, 126, 255, 253, 255, 255, 255,
       254, 247, 255, 255, 127, 253, 251, 127, 255, 255, 253, 254, 255,
       191, 255, 255, 251, 255, 247, 127, 244, 254, 239, 255, 255, 221,
       255, 254, 251, 221, 206, 255, 255, 255, 222, 183, 127, 255, 127,
       222, 190, 254, 127, 255, 143, 215, 60, 255, 207, 255, 231, 127,
       111, 215, 183, 63, 255, 127, 191, 123, 247, 254, 221, 251, 255,
       127, 250, 243, 210, 255, 255, 124, 247, 158, 247, 127, 223, 255,
       31, 199, 255, 189, 255, 255, 219, 247, 123, 255, 125, 251, 255,
       255, 207, 221, 223, 127, 255, 249, 255, 216, 187, 187, 175, 235,
       190, 254, 239, 251, 239, 255, 189, 127, 78, 255, 202, 120, 103,
       223, 251, 123, 255, 107, 63, 63, 223, 247, 253, 251, 115, 255,
       255, 119, 243, 255, 126, 127, 255, 223, 253, 181, 221, 159, 62,
       53, 223, 255, 255, 239, 25, 252, 189, 63, 93, 95, 183, 250 ]
