%YAML:1.0
descriptors: !!opencv-matrix
   rows: 13
   cols: 64
   dt: u
   data: [ 3, 208, 93, 142, 63, 152, 159, 8, 114, 86, 37, 234, 188, 123,
       36, 81, 230, 246, 4, 241, 196, 32, 65, 114, 196, 150, 225, 123,
       82, 42, 241, 99, 215, 36, 84, 186, 90, 120, 233, 116, 114, 94, 56,
       47, 212, 20, 245, 111, 153, 172, 24, 5, 240, 29, 156, 73, 16, 242,
       51, 189, 88, 87, 32, 251, 252, 249, 255, 255, 247, 191, 127, 250,
       253, 255, 255, 191, 255, 254, 255, 254, 242, 213, 123, 102, 127,
       191, 195, 55, 79, 238, 190, 61, 211, 222, 126, 185, 242, 37, 85,
       251, 82, 127, 197, 244, 242, 95, 60, 46, 213, 30, 229, 111, 157,
       172, 24, 5, 240, 61, 157, 73, 80, 246, 59, 189, 88, 86, 34, 249,
       189, 253, 255, 254, 55, 125, 121, 126, 245, 222, 253, 177, 127,
       251, 244, 255, 251, 244, 103, 107, 119, 234, 229, 55, 109, 171,
       162, 25, 123, 92, 124, 233, 242, 38, 52, 250, 82, 118, 209, 244,
       210, 222, 56, 62, 210, 22, 193, 110, 153, 173, 94, 5, 248, 29,
       159, 77, 144, 242, 59, 159, 89, 86, 34, 251, 45, 254, 247, 233,
       255, 253, 167, 121, 189, 253, 238, 251, 223, 127, 255, 77, 251,
       253, 235, 107, 253, 119, 218, 253, 95, 255, 29, 247, 124, 223,
       115, 207, 223, 234, 215, 190, 245, 248, 253, 126, 125, 29, 122,
       167, 213, 241, 255, 99, 184, 252, 153, 45, 246, 157, 156, 89, 54,
       246, 247, 189, 218, 223, 44, 254, 126, 50, 253, 182, 127, 191, 63,
       127, 246, 116, 223, 51, 253, 126, 182, 86, 251, 213, 123, 103,
       245, 39, 195, 119, 77, 254, 188, 47, 82, 28, 113, 235, 215, 36,
       85, 186, 82, 120, 233, 116, 112, 92, 56, 47, 213, 20, 245, 111,
       153, 172, 24, 5, 240, 29, 156, 73, 16, 242, 51, 189, 88, 87, 32,
       250, 126, 51, 253, 182, 127, 183, 63, 127, 246, 116, 223, 115,
       253, 126, 178, 86, 251, 213, 107, 103, 245, 39, 195, 119, 76, 254,
       188, 47, 82, 28, 113, 235, 215, 36, 85, 186, 82, 120, 233, 116,
       112, 92, 56, 47, 213, 20, 245, 111, 153, 172, 24, 5, 240, 29, 156,
       73, 16, 242, 51, 189, 88, 87, 32, 250, 127, 51, 245, 182, 119,
       191, 63, 126, 230, 116, 211, 50, 253, 127, 178, 86, 242, 213, 3,
       101, 225, 39, 195, 119, 76, 202, 188, 13, 82, 12, 113, 233, 215,
       36, 85, 186, 82, 120, 233, 116, 112, 92, 56, 47, 213, 20, 245,
       111, 153, 172, 24, 5, 240, 29, 156, 73, 16, 242, 51, 189, 88, 87,
       32, 250, 127, 55, 255, 183, 127, 183, 191, 126, 246, 254, 253,
       114, 253, 126, 179, 87, 251, 213, 99, 103, 241, 39, 195, 119, 76,
       255, 189, 47, 82, 28, 113, 235, 215, 36, 85, 186, 82, 120, 233,
       116, 112, 92, 56, 47, 213, 20, 245, 111, 153, 172, 24, 5, 240, 29,
       156, 73, 16, 242, 51, 189, 88, 87, 32, 250, 127, 51, 253, 182,
       119, 183, 187, 124, 246, 254, 209, 52, 253, 122, 179, 87, 250,
       213, 3, 102, 225, 39, 195, 119, 76, 200, 172, 13, 82, 12, 113,
       235, 215, 36, 85, 186, 82, 120, 233, 116, 112, 92, 56, 47, 213,
       20, 245, 111, 153, 172, 24, 5, 240, 29, 156, 73, 16, 242, 51, 189,
       88, 87, 32, 250, 127, 51, 253, 182, 119, 183, 187, 124, 230, 254,
       209, 52, 253, 126, 179, 87, 250, 213, 3, 102, 225, 35, 195, 119,
       76, 202, 164, 13, 82, 28, 113, 235, 215, 36, 85, 186, 82, 120,
       233, 116, 112, 92, 56, 47, 213, 20, 245, 111, 153, 172, 24, 5,
       240, 29, 156, 73, 16, 242, 51, 189, 88, 87, 32, 250, 31, 180, 221,
       62, 62, 177, 188, 117, 114, 186, 85, 243, 220, 114, 175, 83, 234,
       223, 33, 227, 197, 37, 195, 123, 205, 218, 176, 239, 82, 13, 183,
       106, 215, 36, 85, 186, 91, 120, 233, 116, 112, 92, 56, 47, 213,
       20, 247, 111, 153, 172, 24, 5, 240, 29, 156, 73, 16, 242, 51, 189,
       88, 87, 32, 250, 62, 253, 239, 255, 63, 253, 221, 59, 255, 254,
       255, 251, 255, 122, 127, 255, 249, 255, 99, 251, 245, 127, 211,
       119, 253, 255, 247, 251, 123, 95, 247, 235, 207, 44, 87, 190, 223,
       120, 249, 117, 120, 93, 59, 175, 213, 55, 247, 111, 153, 172, 24,
       13, 240, 29, 156, 73, 16, 242, 115, 189, 90, 87, 40, 250, 127,
       249, 255, 190, 55, 119, 189, 126, 246, 252, 252, 181, 125, 254,
       189, 254, 243, 212, 99, 99, 245, 39, 197, 55, 77, 239, 228, 13,
       83, 90, 116, 235, 247, 36, 85, 190, 82, 120, 233, 116, 114, 94,
       56, 46, 212, 22, 229, 110, 153, 172, 24, 5, 240, 29, 156, 73, 16,
       242, 51, 189, 88, 86, 34, 251 ]
