%YAML:1.0
descriptors: !!opencv-matrix
   rows: 16
   cols: 64
   dt: u
   data: [ 191, 214, 124, 252, 63, 61, 93, 114, 55, 126, 252, 241, 31,
       123, 244, 255, 246, 246, 5, 235, 245, 96, 177, 58, 77, 175, 225,
       91, 127, 93, 253, 235, 243, 36, 84, 186, 82, 120, 241, 245, 210,
       222, 58, 47, 208, 22, 197, 79, 153, 173, 28, 5, 248, 29, 159, 73,
       16, 242, 51, 157, 88, 86, 34, 249, 61, 54, 125, 109, 62, 245, 185,
       252, 253, 190, 250, 53, 109, 61, 249, 231, 243, 252, 195, 104,
       241, 114, 92, 188, 205, 44, 164, 147, 125, 87, 125, 255, 121, 72,
       223, 190, 223, 178, 185, 125, 254, 93, 91, 190, 246, 227, 194,
       105, 186, 189, 142, 11, 242, 157, 159, 93, 172, 242, 159, 220,
       251, 158, 110, 180, 187, 214, 92, 254, 191, 184, 223, 8, 127, 123,
       125, 235, 173, 123, 100, 85, 246, 247, 5, 243, 228, 102, 147, 126,
       228, 222, 243, 59, 126, 115, 245, 239, 215, 236, 220, 182, 243,
       121, 248, 247, 114, 222, 123, 45, 208, 21, 245, 111, 153, 175, 24,
       5, 252, 29, 158, 73, 16, 242, 183, 189, 216, 87, 34, 251, 204,
       239, 239, 253, 250, 127, 255, 255, 189, 255, 234, 223, 223, 253,
       254, 239, 139, 221, 255, 111, 62, 205, 174, 184, 111, 255, 31,
       183, 253, 71, 62, 159, 240, 227, 125, 219, 86, 247, 253, 183, 223,
       254, 250, 126, 255, 142, 124, 176, 205, 157, 118, 245, 201, 255,
       135, 174, 208, 204, 105, 111, 223, 92, 19, 181, 252, 250, 255,
       253, 190, 125, 249, 253, 253, 253, 254, 191, 223, 190, 251, 238,
       251, 220, 127, 107, 125, 145, 230, 188, 127, 237, 189, 187, 223,
       223, 63, 191, 241, 37, 117, 250, 86, 119, 233, 244, 250, 93, 121,
       62, 222, 134, 200, 124, 157, 173, 94, 5, 250, 31, 157, 73, 144,
       242, 59, 188, 95, 30, 34, 249, 255, 59, 247, 243, 255, 183, 43,
       250, 254, 127, 208, 59, 255, 251, 179, 93, 242, 213, 59, 102, 233,
       135, 195, 117, 78, 202, 188, 47, 210, 8, 114, 43, 215, 37, 84,
       187, 82, 125, 229, 116, 80, 76, 24, 14, 217, 12, 201, 151, 157,
       172, 24, 5, 240, 61, 156, 73, 80, 246, 51, 157, 88, 87, 48, 250,
       252, 63, 247, 179, 223, 167, 35, 255, 252, 125, 198, 63, 255, 250,
       179, 77, 250, 213, 123, 102, 125, 143, 195, 119, 78, 250, 188, 47,
       210, 12, 50, 171, 215, 39, 85, 187, 82, 120, 237, 116, 112, 92,
       24, 15, 221, 28, 245, 199, 157, 172, 24, 5, 240, 61, 156, 73, 80,
       254, 51, 189, 88, 87, 32, 250, 191, 245, 125, 254, 63, 61, 221,
       120, 255, 95, 253, 251, 191, 122, 244, 253, 242, 246, 118, 123,
       247, 122, 176, 118, 237, 191, 231, 123, 127, 123, 127, 251, 214,
       108, 28, 254, 210, 121, 249, 253, 210, 223, 125, 63, 208, 22, 245,
       111, 153, 173, 30, 5, 248, 29, 159, 77, 24, 242, 59, 159, 89, 223,
       34, 187, 253, 59, 247, 247, 255, 247, 247, 250, 252, 253, 222,
       127, 255, 255, 251, 238, 251, 213, 127, 103, 127, 143, 238, 125,
       79, 255, 191, 63, 250, 91, 114, 191, 211, 39, 85, 251, 82, 127,
       253, 118, 120, 92, 120, 62, 221, 12, 253, 181, 157, 172, 24, 133,
       241, 63, 156, 73, 80, 252, 49, 189, 92, 87, 48, 250, 255, 250,
       255, 247, 255, 247, 255, 248, 254, 255, 253, 251, 255, 251, 242,
       253, 251, 213, 127, 111, 127, 207, 175, 125, 111, 255, 191, 63,
       223, 95, 118, 191, 243, 103, 92, 255, 82, 117, 253, 246, 123, 92,
       120, 63, 223, 30, 253, 181, 205, 173, 94, 181, 249, 191, 156, 107,
       208, 252, 49, 191, 220, 87, 48, 190, 126, 18, 244, 130, 87, 183,
       3, 117, 38, 68, 83, 20, 29, 62, 185, 84, 246, 247, 65, 228, 241,
       35, 211, 115, 92, 168, 172, 77, 82, 156, 241, 233, 215, 36, 87,
       186, 82, 120, 1, 92, 48, 80, 24, 14, 85, 20, 225, 79, 153, 172,
       24, 5, 242, 29, 156, 73, 16, 242, 51, 188, 88, 87, 32, 250, 251,
       221, 254, 255, 55, 127, 221, 154, 191, 255, 189, 250, 191, 255,
       127, 255, 253, 247, 126, 255, 63, 255, 247, 127, 247, 247, 243,
       127, 127, 251, 254, 187, 219, 255, 255, 255, 251, 125, 250, 123,
       126, 255, 251, 125, 191, 223, 245, 191, 223, 187, 182, 223, 252,
       253, 255, 255, 249, 247, 253, 127, 255, 249, 159, 187, 124, 62,
       117, 224, 118, 63, 163, 123, 245, 92, 218, 53, 77, 63, 249, 229,
       242, 253, 219, 108, 245, 115, 148, 247, 221, 168, 44, 149, 124,
       220, 125, 249, 112, 69, 215, 191, 212, 114, 149, 125, 221, 85, 26,
       150, 68, 163, 66, 78, 174, 61, 157, 8, 242, 61, 143, 93, 108, 254,
       107, 204, 219, 142, 44, 176, 254, 251, 255, 255, 255, 127, 223,
       248, 255, 127, 249, 250, 255, 238, 246, 253, 251, 213, 127, 103,
       127, 159, 167, 124, 238, 255, 255, 63, 215, 95, 126, 191, 242, 45,
       92, 223, 82, 117, 253, 247, 115, 78, 120, 63, 221, 30, 253, 21,
       141, 173, 22, 5, 232, 191, 159, 73, 208, 244, 49, 157, 92, 95, 50,
       185, 255, 253, 255, 255, 255, 255, 223, 248, 255, 255, 253, 251,
       255, 250, 246, 253, 251, 247, 127, 127, 255, 255, 183, 127, 239,
       255, 251, 127, 255, 91, 254, 191, 243, 103, 30, 255, 210, 125,
       253, 247, 83, 223, 253, 127, 217, 30, 253, 63, 141, 173, 30, 5,
       248, 191, 159, 79, 80, 246, 113, 191, 221, 95, 50, 187, 62, 187,
       255, 254, 63, 253, 253, 127, 255, 254, 252, 249, 255, 251, 191,
       255, 255, 255, 99, 251, 245, 127, 211, 255, 253, 255, 247, 255,
       127, 223, 247, 239, 223, 108, 215, 190, 255, 120, 249, 125, 120,
       93, 251, 47, 213, 53, 247, 111, 187, 174, 153, 15, 240, 29, 156,
       93, 54, 242, 119, 191, 251, 223, 44, 254 ]
