%YAML:1.0
descriptors: !!opencv-matrix
   rows: 37
   cols: 64
   dt: u
   data: [ 191, 253, 125, 254, 55, 61, 221, 122, 255, 223, 253, 250, 255,
       123, 244, 255, 246, 246, 126, 251, 55, 126, 241, 119, 237, 191,
       247, 123, 127, 127, 254, 249, 210, 108, 158, 222, 218, 125, 251,
       245, 254, 223, 251, 127, 210, 151, 245, 111, 157, 191, 22, 5, 232,
       29, 159, 93, 24, 246, 123, 159, 125, 223, 174, 187, 188, 249, 127,
       255, 183, 125, 121, 255, 255, 254, 253, 189, 125, 238, 255, 254,
       255, 214, 71, 98, 125, 178, 165, 54, 239, 175, 226, 89, 219, 223,
       254, 187, 240, 36, 85, 254, 82, 115, 201, 244, 210, 221, 28, 62,
       212, 23, 229, 110, 153, 172, 94, 5, 248, 29, 148, 73, 144, 242,
       59, 188, 92, 86, 34, 249, 252, 58, 255, 253, 50, 125, 241, 255,
       253, 252, 222, 181, 127, 190, 251, 238, 251, 220, 235, 107, 125,
       210, 246, 182, 93, 169, 180, 187, 127, 223, 127, 255, 249, 36,
       119, 254, 87, 123, 233, 124, 248, 93, 124, 62, 220, 167, 67, 108,
       157, 173, 223, 13, 242, 31, 157, 77, 16, 242, 59, 189, 91, 30, 32,
       250, 255, 254, 111, 237, 255, 255, 255, 249, 125, 255, 253, 251,
       255, 127, 254, 253, 251, 253, 127, 251, 253, 117, 147, 120, 253,
       255, 249, 191, 255, 95, 119, 251, 215, 100, 215, 251, 218, 121,
       249, 125, 118, 94, 122, 191, 213, 19, 247, 125, 153, 173, 24, 5,
       248, 29, 158, 77, 24, 246, 51, 189, 218, 215, 40, 250, 254, 249,
       255, 255, 118, 127, 217, 191, 223, 255, 253, 254, 127, 254, 255,
       254, 191, 215, 126, 255, 63, 255, 231, 191, 255, 255, 247, 255,
       127, 255, 254, 187, 242, 127, 245, 255, 222, 127, 250, 253, 250,
       255, 255, 127, 191, 191, 253, 62, 223, 171, 255, 247, 249, 255,
       181, 255, 209, 255, 121, 127, 255, 252, 219, 191, 125, 117, 125,
       190, 50, 119, 127, 127, 213, 222, 251, 181, 125, 46, 217, 230,
       243, 212, 83, 111, 117, 160, 229, 54, 93, 237, 174, 141, 83, 28,
       124, 249, 112, 36, 61, 187, 86, 114, 129, 244, 210, 206, 25, 46,
       214, 150, 192, 110, 137, 173, 94, 5, 232, 29, 157, 73, 144, 242,
       59, 188, 92, 6, 34, 177, 252, 249, 255, 253, 242, 103, 251, 255,
       221, 255, 253, 255, 119, 238, 251, 254, 251, 221, 127, 111, 63,
       159, 239, 191, 255, 255, 191, 191, 211, 223, 126, 191, 227, 167,
       61, 255, 214, 245, 255, 255, 123, 124, 245, 126, 191, 63, 127,
       178, 207, 141, 118, 245, 217, 255, 164, 238, 209, 252, 233, 123,
       253, 108, 147, 182, 44, 174, 103, 225, 250, 189, 227, 241, 253,
       124, 222, 119, 221, 125, 249, 228, 210, 253, 203, 106, 245, 110,
       156, 255, 127, 42, 4, 150, 236, 215, 121, 223, 255, 106, 71, 184,
       125, 242, 253, 188, 221, 53, 218, 150, 64, 227, 211, 195, 169,
       125, 141, 72, 242, 29, 143, 93, 38, 228, 71, 175, 202, 143, 45,
       252, 255, 255, 125, 252, 54, 255, 255, 120, 255, 223, 253, 249,
       127, 63, 252, 254, 251, 245, 127, 111, 117, 35, 244, 54, 93, 255,
       173, 61, 95, 158, 122, 185, 240, 36, 87, 186, 82, 122, 233, 252,
       114, 94, 56, 47, 213, 22, 244, 110, 153, 173, 30, 5, 248, 29, 159,
       73, 16, 242, 51, 189, 88, 87, 34, 250, 252, 233, 255, 253, 112,
       119, 251, 247, 217, 253, 253, 255, 87, 242, 147, 234, 187, 221,
       251, 111, 63, 173, 230, 151, 191, 255, 183, 191, 65, 231, 54, 191,
       247, 55, 53, 251, 215, 253, 255, 117, 120, 125, 241, 119, 191, 61,
       127, 190, 223, 170, 127, 247, 217, 255, 180, 238, 213, 253, 121,
       251, 125, 117, 145, 254, 199, 250, 222, 119, 254, 250, 158, 192,
       106, 191, 43, 250, 206, 243, 230, 249, 227, 247, 61, 231, 205,
       165, 39, 120, 207, 223, 191, 127, 215, 15, 243, 51, 247, 37, 84,
       251, 90, 125, 237, 246, 82, 94, 56, 63, 209, 94, 213, 61, 153,
       173, 24, 5, 240, 29, 157, 73, 16, 246, 49, 189, 92, 87, 32, 250,
       252, 251, 255, 253, 126, 127, 241, 246, 253, 252, 254, 221, 95,
       253, 255, 232, 185, 221, 251, 107, 245, 125, 238, 251, 255, 111,
       151, 246, 237, 215, 127, 255, 255, 91, 199, 108, 223, 243, 249,
       61, 255, 61, 251, 54, 253, 167, 247, 235, 191, 253, 239, 223, 251,
       255, 155, 93, 127, 222, 127, 239, 251, 255, 111, 255, 250, 222,
       238, 251, 255, 255, 255, 241, 61, 255, 254, 251, 191, 254, 255,
       253, 251, 213, 125, 111, 253, 149, 191, 121, 127, 255, 187, 47,
       215, 95, 119, 191, 211, 37, 87, 251, 82, 127, 237, 118, 112, 92,
       120, 63, 221, 30, 253, 181, 157, 173, 28, 5, 248, 63, 157, 73, 16,
       244, 49, 189, 92, 87, 32, 186, 252, 235, 255, 253, 248, 127, 243,
       254, 253, 253, 254, 255, 223, 255, 219, 238, 235, 221, 255, 111,
       125, 237, 238, 187, 127, 255, 159, 183, 253, 203, 50, 255, 243,
       103, 117, 251, 87, 255, 253, 124, 125, 125, 251, 54, 223, 167,
       125, 243, 141, 173, 127, 181, 217, 63, 156, 76, 84, 252, 99, 255,
       95, 87, 33, 254, 62, 228, 125, 174, 34, 221, 61, 97, 247, 220,
       127, 149, 93, 62, 253, 246, 255, 186, 199, 224, 241, 114, 149,
       182, 221, 189, 165, 217, 107, 254, 253, 249, 192, 124, 71, 190,
       255, 114, 137, 124, 126, 221, 61, 175, 244, 246, 246, 110, 187,
       173, 155, 15, 250, 29, 157, 93, 62, 243, 59, 188, 123, 223, 42,
       250, 124, 63, 255, 241, 246, 183, 115, 123, 244, 124, 214, 55,
       255, 250, 187, 70, 242, 213, 123, 102, 253, 53, 210, 247, 94, 234,
       172, 141, 122, 220, 124, 169, 199, 39, 85, 187, 214, 120, 197,
       116, 248, 85, 24, 14, 193, 141, 193, 79, 157, 172, 24, 13, 242,
       61, 158, 73, 80, 254, 123, 157, 90, 23, 40, 250, 253, 249, 255,
       117, 254, 103, 251, 250, 253, 167, 213, 250, 239, 202, 246, 223,
       251, 245, 127, 103, 127, 143, 238, 255, 207, 255, 255, 175, 211,
       31, 114, 190, 223, 47, 71, 255, 82, 61, 253, 126, 120, 92, 184,
       127, 217, 121, 189, 181, 221, 172, 24, 245, 241, 255, 156, 227,
       80, 252, 113, 191, 220, 87, 177, 250, 252, 63, 247, 245, 114, 55,
       99, 255, 244, 253, 208, 51, 223, 251, 147, 78, 250, 253, 251, 111,
       127, 205, 210, 183, 158, 234, 190, 189, 250, 220, 114, 169, 71,
       39, 118, 191, 214, 124, 85, 124, 92, 100, 186, 190, 201, 41, 67,
       239, 157, 172, 152, 217, 243, 62, 156, 77, 104, 252, 115, 159, 94,
       87, 41, 250, 252, 63, 247, 245, 112, 55, 247, 255, 245, 253, 196,
       243, 223, 251, 146, 78, 251, 253, 251, 111, 255, 237, 246, 247,
       95, 251, 182, 183, 124, 220, 114, 239, 223, 103, 118, 187, 214,
       124, 253, 124, 124, 124, 186, 183, 217, 41, 87, 239, 189, 172,
       189, 217, 241, 127, 156, 77, 116, 254, 115, 223, 90, 87, 33, 250,
       251, 255, 255, 223, 55, 127, 93, 190, 255, 255, 61, 250, 191, 255,
       126, 255, 255, 247, 126, 191, 63, 255, 247, 63, 255, 247, 247,
       123, 255, 251, 222, 255, 211, 255, 255, 255, 238, 125, 250, 127,
       126, 255, 235, 253, 191, 250, 253, 191, 247, 251, 247, 223, 238,
       191, 247, 255, 249, 247, 248, 127, 255, 253, 223, 191, 255, 250,
       255, 171, 255, 183, 159, 216, 238, 127, 177, 122, 175, 235, 246,
       93, 226, 213, 63, 102, 205, 135, 139, 124, 78, 222, 185, 47, 210,
       11, 115, 63, 215, 37, 85, 187, 82, 113, 237, 118, 112, 94, 24, 31,
       213, 28, 252, 21, 157, 172, 24, 5, 240, 61, 156, 75, 80, 246, 51,
       189, 92, 87, 48, 248, 125, 55, 245, 178, 127, 191, 35, 123, 244,
       92, 210, 117, 253, 122, 176, 69, 242, 245, 67, 102, 245, 39, 211,
       119, 94, 250, 172, 141, 82, 24, 113, 233, 223, 36, 85, 186, 83,
       120, 201, 116, 248, 92, 24, 15, 209, 53, 241, 79, 153, 172, 24, 5,
       240, 29, 156, 73, 16, 242, 51, 189, 88, 87, 32, 250, 124, 49, 253,
       150, 247, 151, 27, 120, 198, 70, 213, 48, 253, 106, 180, 86, 242,
       215, 83, 100, 201, 39, 195, 119, 204, 234, 236, 13, 82, 12, 244,
       41, 215, 36, 21, 190, 66, 120, 193, 116, 112, 88, 24, 15, 209, 28,
       229, 79, 153, 172, 24, 5, 240, 29, 156, 73, 16, 242, 51, 189, 88,
       87, 32, 250, 126, 57, 255, 183, 254, 167, 63, 125, 206, 103, 219,
       62, 255, 206, 179, 86, 242, 213, 123, 102, 207, 167, 195, 53, 142,
