%YAML:1.0
descriptors: !!opencv-matrix
   rows: 19
   cols: 64
   dt: u
   data: [ 62, 255, 109, 251, 62, 253, 223, 57, 255, 255, 255, 250, 255,
       127, 124, 127, 157, 255, 110, 251, 183, 119, 211, 255, 253, 247,
       247, 255, 126, 255, 255, 235, 207, 222, 223, 46, 255, 249, 250,
       123, 124, 125, 235, 237, 183, 241, 247, 107, 187, 251, 185, 75,
       244, 157, 254, 92, 53, 247, 247, 255, 251, 251, 237, 254, 187,
       222, 124, 239, 255, 189, 215, 24, 255, 93, 188, 251, 175, 127,
       108, 125, 247, 247, 254, 187, 245, 126, 155, 117, 243, 247, 81,
       119, 127, 123, 207, 183, 159, 232, 219, 116, 255, 153, 250, 61,
       127, 159, 235, 245, 245, 115, 253, 115, 182, 223, 137, 43, 252,
       165, 218, 255, 127, 215, 246, 175, 243, 251, 188, 222, 62, 189,
       191, 252, 38, 255, 253, 55, 255, 246, 221, 140, 95, 180, 63, 254,
       157, 186, 226, 251, 183, 119, 87, 223, 249, 119, 247, 254, 109,
       247, 223, 226, 143, 216, 227, 36, 255, 140, 250, 107, 124, 61,
       231, 229, 183, 245, 55, 111, 255, 234, 169, 219, 246, 93, 120, 84,
       47, 215, 223, 243, 243, 249, 205, 206, 251, 222, 126, 239, 255,
       255, 223, 152, 255, 253, 254, 251, 191, 127, 254, 253, 247, 247,
       127, 255, 253, 223, 191, 124, 239, 255, 123, 127, 255, 91, 255,
       191, 243, 239, 254, 95, 246, 247, 253, 247, 215, 223, 234, 127,
       217, 158, 252, 181, 205, 213, 214, 173, 252, 231, 143, 239, 248,
       252, 224, 62, 223, 93, 54, 189, 239, 221, 239, 255, 255, 255, 223,
       154, 191, 255, 189, 234, 191, 255, 126, 255, 249, 247, 62, 63,
       190, 255, 186, 127, 103, 247, 251, 63, 255, 123, 127, 127, 147,
       239, 190, 223, 226, 125, 255, 255, 119, 255, 106, 125, 159, 90,
       253, 191, 197, 191, 22, 13, 237, 183, 255, 255, 184, 246, 248, 63,
       255, 221, 190, 187, 185, 222, 124, 111, 191, 189, 247, 56, 253,
       93, 252, 251, 175, 123, 116, 77, 255, 255, 255, 187, 245, 118,
       155, 245, 241, 127, 85, 246, 124, 87, 199, 183, 159, 248, 219, 52,
       255, 153, 248, 57, 125, 157, 123, 183, 245, 113, 254, 115, 190,
       223, 137, 43, 252, 165, 218, 117, 62, 215, 246, 143, 243, 251,
       236, 94, 191, 254, 127, 231, 255, 253, 223, 152, 255, 127, 255,
       251, 239, 127, 254, 253, 243, 247, 127, 123, 253, 119, 155, 124,
       239, 255, 121, 63, 254, 123, 247, 255, 215, 237, 223, 223, 254,
       249, 253, 247, 127, 221, 107, 63, 213, 139, 252, 53, 173, 191, 28,
       45, 252, 183, 159, 127, 112, 246, 182, 191, 254, 223, 60, 190,
       124, 185, 255, 252, 50, 127, 249, 247, 221, 252, 223, 149, 95,
       244, 191, 238, 191, 217, 251, 111, 55, 253, 246, 151, 255, 111,
       182, 252, 105, 215, 254, 235, 207, 26, 103, 254, 223, 126, 250,
       125, 120, 61, 247, 119, 255, 183, 247, 110, 191, 170, 175, 223,
       242, 29, 156, 92, 119, 255, 123, 251, 123, 255, 201, 254, 61, 190,
       253, 236, 47, 253, 247, 121, 253, 92, 222, 239, 253, 124, 124,
       204, 253, 185, 227, 185, 245, 127, 91, 247, 241, 127, 85, 246,
       108, 215, 255, 231, 207, 122, 107, 36, 255, 218, 248, 57, 125,
       189, 255, 167, 245, 241, 247, 107, 191, 242, 137, 78, 246, 13,
       219, 21, 63, 215, 223, 231, 243, 251, 237, 94, 255, 189, 255, 253,
       254, 183, 123, 254, 252, 253, 213, 251, 255, 251, 182, 95, 234,
       213, 59, 103, 239, 175, 194, 127, 79, 234, 190, 63, 210, 13, 119,
       239, 215, 39, 84, 187, 82, 125, 245, 116, 120, 94, 56, 47, 217,
       28, 249, 127, 157, 172, 24, 5, 240, 61, 156, 73, 80, 246, 51, 191,
       88, 87, 34, 251, 141, 205, 238, 252, 34, 95, 253, 231, 53, 222,
       125, 202, 31, 253, 127, 174, 137, 248, 229, 235, 54, 254, 244,
       115, 123, 127, 151, 16, 125, 247, 62, 249, 246, 82, 123, 232, 215,
       124, 250, 56, 114, 191, 185, 255, 190, 150, 119, 238, 219, 169,
       62, 221, 216, 29, 190, 92, 187, 195, 123, 255, 87, 249, 139, 250,
       255, 252, 255, 253, 255, 247, 251, 254, 253, 255, 212, 251, 239,
       251, 182, 93, 251, 253, 127, 119, 253, 239, 254, 127, 239, 251,
       251, 191, 219, 85, 119, 239, 215, 47, 214, 255, 87, 125, 253, 119,
       122, 94, 122, 63, 217, 29, 255, 255, 157, 172, 24, 5, 240, 189,
       156, 73, 80, 254, 51, 191, 222, 87, 50, 255, 58, 185, 255, 254,
       55, 255, 217, 63, 215, 254, 221, 245, 127, 126, 61, 254, 253, 182,
       98, 251, 247, 127, 211, 247, 249, 127, 246, 255, 127, 247, 255,
       235, 207, 60, 199, 182, 223, 88, 250, 125, 120, 93, 247, 111, 245,
       53, 183, 111, 187, 174, 137, 79, 242, 29, 216, 85, 55, 243, 127,
       255, 251, 251, 236, 222, 253, 188, 255, 245, 255, 247, 255, 248,
       252, 255, 222, 255, 255, 253, 179, 125, 251, 253, 127, 119, 253,
       255, 255, 125, 239, 255, 255, 191, 254, 87, 247, 255, 223, 45,
       213, 255, 215, 125, 253, 127, 120, 93, 251, 63, 221, 61, 255, 119,
       189, 172, 24, 5, 240, 191, 156, 73, 80, 254, 115, 191, 222, 215,
       48, 254, 126, 186, 255, 253, 254, 253, 255, 249, 253, 255, 215,
       255, 253, 124, 187, 84, 251, 221, 123, 107, 252, 125, 194, 124,
       237, 254, 191, 191, 94, 95, 119, 239, 215, 37, 85, 187, 214, 121,
       249, 119, 120, 92, 123, 47, 213, 21, 253, 127, 157, 172, 24, 5,
       240, 157, 156, 73, 80, 246, 51, 189, 216, 87, 32, 254, 254, 253,
       254, 255, 247, 223, 223, 137, 255, 255, 61, 250, 191, 254, 255,
       254, 255, 179, 126, 255, 191, 247, 247, 127, 245, 247, 255, 127,
       127, 251, 255, 187, 135, 253, 79, 223, 250, 127, 251, 127, 122,
       223, 109, 253, 183, 222, 245, 63, 255, 175, 158, 15, 254, 21, 255,
       255, 120, 247, 120, 61, 255, 221, 186, 250, 250, 223, 254, 255,
       55, 255, 221, 191, 127, 255, 255, 250, 191, 255, 127, 255, 255,
       247, 124, 255, 191, 255, 247, 127, 255, 247, 243, 127, 127, 255,
       254, 251, 247, 254, 223, 255, 254, 127, 250, 243, 246, 255, 251,
       125, 183, 142, 245, 127, 223, 191, 159, 207, 250, 189, 255, 127,
       249, 247, 123, 255, 255, 249, 253, 254, 55, 254, 101, 108, 252,
       252, 39, 125, 233, 125, 250, 249, 205, 127, 220, 173, 233, 236,
       239, 248, 253, 106, 186, 253, 223, 253, 29, 247, 189, 30, 107,
       205, 221, 251, 253, 190, 237, 178, 253, 47, 111, 190, 187, 191,
       93, 243, 254, 243, 162, 245, 205, 234, 231, 255, 143, 45, 238,
       198, 199, 247, 250, 199, 110, 126, 124, 236, 187, 173, 202, 239,
       246, 255, 221, 249, 254, 221, 211, 212, 255, 236, 255, 93, 251,
       66, 220, 29, 254, 217, 255, 221, 29, 230, 197, 215, 63, 254, 205,
       179, 123, 121, 191, 231, 237, 54, 121, 189, 231, 39, 125, 191,
       191, 243, 255, 220, 239, 255, 255, 255, 29, 251, 215, 202, 239,
       233, 211, 79, 93, 254 ]
