%YAML:1.0
descriptors: !!opencv-matrix
   rows: 4
   cols: 64
   dt: u
   data: [ 60, 187, 253, 252, 54, 127, 185, 126, 245, 252, 222, 181, 125,
       126, 187, 230, 251, 220, 99, 99, 245, 34, 197, 247, 77, 171, 164,
       139, 90, 206, 119, 235, 223, 36, 85, 186, 87, 122, 233, 116, 248,
       93, 56, 47, 212, 55, 247, 111, 153, 172, 24, 5, 240, 29, 156, 73,
       16, 242, 51, 189, 88, 87, 32, 250, 31, 178, 125, 164, 62, 189,
       159, 80, 118, 254, 87, 81, 205, 123, 176, 81, 242, 244, 1, 99,
       229, 96, 195, 114, 205, 186, 161, 123, 90, 12, 241, 235, 215, 36,
       85, 186, 82, 120, 233, 116, 112, 92, 56, 47, 212, 20, 245, 111,
       153, 172, 24, 5, 240, 29, 156, 73, 16, 242, 51, 189, 88, 87, 32,
       250, 250, 223, 254, 255, 103, 223, 223, 163, 191, 247, 127, 218,
       191, 255, 127, 254, 253, 179, 126, 191, 191, 255, 247, 127, 255,
       247, 247, 127, 127, 251, 222, 251, 135, 255, 227, 103, 255, 93,
       254, 123, 122, 253, 233, 253, 191, 254, 245, 191, 255, 203, 191,
       223, 253, 101, 250, 255, 115, 255, 248, 127, 255, 249, 217, 254,
       189, 254, 255, 237, 255, 253, 255, 125, 253, 253, 254, 253, 255,
       127, 254, 237, 251, 253, 255, 107, 245, 127, 255, 253, 127, 255,
       61, 183, 127, 223, 119, 239, 207, 237, 255, 190, 247, 249, 249,
       63, 125, 221, 123, 191, 253, 117, 255, 123, 189, 253, 159, 45,
       242, 189, 158, 93, 62, 246, 247, 175, 251, 223, 44, 254 ]
