%YAML:1.0
descriptors: !!opencv-matrix
   rows: 23
   cols: 64
   dt: u
   data: [ 190, 253, 255, 255, 63, 117, 253, 255, 255, 255, 253, 251,
       255, 126, 255, 254, 255, 223, 99, 251, 245, 119, 215, 119, 221,
       255, 247, 251, 91, 223, 247, 251, 223, 44, 87, 190, 219, 120, 233,
       117, 122, 95, 125, 47, 213, 53, 247, 111, 153, 172, 24, 5, 240,
       29, 156, 73, 16, 242, 51, 189, 91, 87, 32, 250, 254, 254, 127,
       253, 62, 127, 255, 251, 221, 255, 253, 251, 127, 254, 254, 254,
       243, 221, 103, 107, 245, 162, 228, 62, 221, 255, 245, 251, 83, 95,
       119, 255, 243, 36, 85, 190, 211, 122, 233, 244, 122, 94, 57, 47,
       212, 23, 247, 111, 153, 172, 24, 5, 240, 29, 157, 73, 16, 242, 51,
       189, 88, 86, 34, 251, 60, 48, 253, 162, 62, 183, 59, 124, 246,
       126, 214, 55, 253, 42, 178, 86, 254, 223, 67, 97, 241, 35, 195,
       246, 204, 184, 244, 207, 82, 220, 241, 235, 223, 44, 85, 190, 91,
       120, 233, 116, 120, 92, 56, 47, 213, 53, 247, 111, 153, 172, 24,
       5, 240, 29, 156, 73, 16, 242, 51, 189, 88, 87, 32, 250, 63, 50,
       245, 162, 31, 183, 167, 124, 244, 188, 210, 55, 253, 63, 179, 85,
       250, 253, 67, 96, 241, 99, 195, 118, 204, 248, 244, 143, 122, 92,
       113, 235, 215, 44, 85, 190, 83, 120, 233, 116, 124, 84, 58, 47,
       213, 37, 247, 111, 153, 172, 24, 5, 242, 29, 156, 73, 16, 242, 51,
       189, 88, 87, 32, 250, 63, 52, 253, 162, 31, 229, 167, 124, 244,
       252, 220, 55, 237, 63, 179, 85, 251, 253, 67, 96, 241, 3, 219,
       116, 76, 252, 252, 139, 90, 28, 115, 235, 213, 44, 87, 190, 83,
       120, 169, 116, 120, 92, 26, 46, 213, 17, 246, 109, 153, 172, 24,
       5, 240, 29, 156, 73, 16, 242, 51, 188, 88, 87, 32, 250, 253, 254,
       125, 239, 255, 63, 187, 248, 253, 252, 214, 63, 253, 59, 251, 245,
       242, 245, 95, 104, 249, 210, 157, 124, 237, 184, 252, 155, 255,
       95, 127, 255, 249, 100, 87, 254, 86, 115, 161, 253, 222, 95, 90,
       30, 208, 167, 192, 77, 157, 173, 30, 5, 250, 29, 159, 77, 16, 246,
       59, 156, 219, 30, 34, 249, 59, 54, 117, 166, 54, 183, 59, 124,
       230, 84, 215, 52, 109, 63, 177, 85, 234, 212, 3, 96, 225, 34, 193,
       118, 76, 152, 172, 13, 82, 8, 113, 105, 213, 36, 84, 186, 82, 122,
       129, 116, 80, 92, 24, 14, 208, 20, 192, 78, 153, 172, 24, 5, 240,
       29, 156, 73, 16, 242, 51, 188, 88, 87, 32, 250, 63, 55, 125, 166,
       54, 183, 27, 124, 246, 86, 215, 52, 125, 63, 177, 87, 250, 213, 3,
       100, 241, 33, 193, 118, 76, 184, 164, 13, 82, 24, 113, 233, 215,
       36, 84, 186, 82, 120, 129, 116, 80, 92, 24, 14, 209, 20, 193, 79,
       153, 172, 24, 5, 240, 29, 156, 73, 16, 242, 51, 189, 88, 87, 32,
       250, 61, 52, 125, 160, 30, 167, 35, 124, 244, 78, 210, 53, 109,
       47, 177, 85, 234, 213, 3, 96, 241, 97, 193, 118, 76, 168, 164, 13,
       90, 12, 113, 105, 215, 36, 84, 186, 82, 122, 129, 116, 212, 92,
       24, 14, 209, 20, 193, 79, 153, 172, 24, 5, 240, 29, 156, 73, 24,
       242, 51, 189, 88, 87, 32, 250, 61, 53, 253, 176, 22, 167, 35, 126,
       230, 78, 210, 52, 77, 111, 177, 85, 234, 213, 3, 96, 225, 97, 192,
       119, 76, 168, 164, 13, 122, 12, 113, 105, 215, 36, 84, 186, 82,
       122, 129, 116, 212, 92, 24, 14, 209, 20, 193, 79, 153, 172, 24, 5,
       240, 29, 156, 73, 24, 242, 51, 189, 88, 87, 32, 250, 127, 55, 245,
       48, 86, 167, 35, 126, 224, 68, 211, 52, 109, 47, 177, 87, 234,
       213, 3, 100, 225, 35, 195, 119, 76, 136, 172, 141, 82, 12, 113,
       105, 215, 36, 84, 186, 82, 120, 129, 116, 88, 92, 24, 14, 209, 20,
       193, 78, 153, 172, 24, 5, 240, 29, 156, 73, 16, 242, 51, 189, 88,
       87, 32, 250, 109, 47, 229, 176, 95, 191, 163, 122, 228, 92, 210,
       53, 253, 127, 185, 68, 226, 221, 99, 102, 245, 39, 192, 119, 78,
       232, 172, 141, 122, 12, 49, 233, 223, 36, 85, 186, 82, 122, 237,
       116, 252, 92, 24, 15, 213, 53, 245, 79, 153, 172, 24, 5, 240, 29,
       157, 73, 16, 242, 51, 189, 88, 87, 32, 250, 109, 63, 231, 240,
       220, 182, 39, 126, 244, 124, 194, 51, 239, 255, 146, 77, 234, 253,
       59, 102, 253, 47, 194, 119, 78, 250, 188, 175, 210, 12, 48, 235,
       215, 39, 84, 187, 82, 120, 101, 116, 120, 84, 24, 175, 205, 9,
       213, 207, 153, 172, 24, 5, 240, 29, 156, 73, 16, 246, 51, 157, 88,
       87, 32, 250, 126, 48, 249, 151, 255, 151, 31, 105, 222, 231, 213,
       62, 253, 238, 179, 86, 250, 215, 91, 103, 201, 39, 195, 125, 204,
       218, 252, 111, 82, 153, 245, 107, 215, 37, 21, 191, 82, 121, 233,
       118, 112, 88, 48, 46, 213, 28, 229, 63, 157, 172, 24, 5, 240, 29,
       156, 73, 16, 242, 51, 189, 88, 87, 32, 250, 125, 172, 255, 191,
       218, 237, 243, 125, 253, 253, 214, 253, 255, 127, 190, 236, 251,
       125, 243, 99, 253, 119, 219, 253, 255, 255, 157, 183, 106, 223,
       119, 239, 207, 236, 71, 190, 191, 249, 249, 126, 124, 93, 127,
       167, 245, 117, 255, 107, 191, 236, 137, 47, 246, 29, 28, 93, 62,
       246, 247, 185, 251, 223, 108, 254, 126, 48, 253, 154, 118, 151,
       31, 124, 230, 166, 149, 184, 253, 42, 180, 83, 254, 215, 3, 117,
       201, 51, 195, 119, 204, 200, 236, 109, 82, 28, 245, 105, 215, 44,
       85, 190, 90, 120, 225, 116, 112, 90, 60, 47, 213, 28, 229, 111,
       153, 172, 24, 5, 240, 29, 156, 73, 16, 242, 51, 189, 88, 87, 34,
       251, 255, 255, 254, 127, 247, 255, 223, 154, 255, 247, 189, 250,
       191, 255, 254, 255, 255, 247, 126, 255, 63, 255, 247, 119, 247,
       255, 247, 127, 255, 127, 254, 179, 215, 127, 247, 255, 218, 125,
       251, 127, 126, 255, 251, 255, 255, 250, 253, 63, 253, 191, 158,
       79, 248, 191, 191, 255, 57, 247, 113, 191, 255, 253, 191, 251,
       109, 54, 101, 162, 127, 183, 167, 120, 244, 84, 214, 53, 253, 63,
       185, 69, 226, 213, 67, 100, 241, 35, 195, 117, 76, 248, 172, 141,
       122, 28, 49, 235, 215, 36, 85, 186, 82, 120, 169, 116, 124, 93,
       24, 46, 213, 21, 246, 79, 153, 172, 24, 5, 240, 29, 156, 73, 16,
       242, 51, 188, 88, 87, 32, 250, 111, 38, 229, 162, 223, 182, 39,
       92, 228, 126, 194, 51, 237, 43, 179, 69, 234, 245, 11, 100, 233,
       7, 211, 117, 78, 216, 188, 47, 82, 24, 49, 235, 87, 37, 87, 187,
       82, 120, 37, 116, 112, 84, 24, 15, 213, 28, 229, 79, 153, 172, 24,
       5, 240, 29, 156, 73, 16, 242, 51, 189, 88, 87, 32, 250, 39, 36,
       113, 130, 155, 132, 7, 73, 198, 100, 161, 50, 177, 74, 176, 84,
       226, 212, 3, 96, 193, 34, 129, 116, 76, 156, 161, 43, 210, 8, 49,
       107, 215, 36, 84, 186, 82, 120, 33, 116, 112, 88, 24, 15, 212, 20,
       212, 79, 153, 172, 24, 5, 240, 29, 156, 73, 16, 242, 51, 188, 88,
       87, 32, 248, 60, 181, 253, 190, 55, 39, 113, 127, 246, 92, 212,
       241, 127, 122, 182, 94, 254, 215, 99, 99, 245, 39, 193, 119, 220,
       250, 244, 79, 82, 156, 240, 233, 215, 36, 85, 190, 82, 120, 233,
       116, 120, 92, 56, 47, 213, 52, 245, 111, 153, 172, 24, 5, 240, 29,
       156, 73, 16, 242, 51, 189, 88, 87, 32, 250, 60, 187, 255, 252, 58,
       127, 241, 127, 245, 252, 214, 181, 93, 126, 251, 238, 251, 220,
       227, 107, 245, 120, 196, 247, 221, 171, 164, 155, 105, 221, 127,
       239, 223, 36, 87, 186, 215, 122, 249, 124, 248, 93, 255, 38, 212,
       183, 247, 111, 153, 172, 153, 13, 242, 29, 157, 93, 52, 242, 123,
       189, 91, 95, 34, 254, 63, 246, 125, 246, 191, 189, 159, 24, 191,
       127, 177, 250, 189, 123, 180, 85, 242, 247, 7, 115, 245, 114, 210,
       126, 68, 190, 227, 123, 126, 123, 117, 235, 215, 108, 214, 190,
       210, 120, 249, 125, 116, 95, 122, 47, 212, 21, 245, 111, 153, 174,
       24, 5, 242, 29, 156, 73, 16, 242, 51, 189, 88, 215, 32, 250 ]
