%YAML:1.0
descriptors: !!opencv-matrix
   rows: 30
   cols: 64
   dt: u
   data: [ 60, 177, 253, 254, 63, 255, 253, 126, 247, 252, 221, 245, 125,
       126, 182, 126, 255, 215, 99, 115, 245, 63, 195, 247, 205, 239,
       244, 223, 90, 223, 247, 235, 223, 44, 85, 190, 95, 120, 233, 117,
       120, 93, 57, 47, 213, 53, 247, 111, 153, 172, 24, 5, 240, 29, 156,
       73, 16, 242, 51, 189, 88, 87, 32, 250, 63, 182, 253, 188, 63, 189,
       185, 127, 246, 252, 212, 245, 237, 123, 190, 85, 252, 254, 99,
       243, 245, 39, 211, 119, 221, 170, 228, 239, 90, 28, 241, 235, 215,
       44, 85, 190, 91, 120, 233, 124, 120, 92, 58, 175, 213, 17, 247,
       111, 153, 172, 24, 5, 240, 29, 156, 73, 16, 242, 51, 189, 90, 87,
       32, 250, 156, 249, 222, 158, 55, 123, 252, 254, 117, 152, 252,
       253, 62, 247, 238, 234, 235, 212, 101, 99, 69, 132, 229, 179, 75,
       79, 177, 27, 219, 78, 50, 123, 250, 36, 85, 250, 83, 114, 233,
       244, 114, 94, 56, 47, 212, 23, 247, 110, 153, 172, 26, 5, 240, 29,
       156, 73, 16, 242, 51, 189, 88, 86, 34, 251, 61, 183, 253, 186, 63,
       191, 61, 126, 244, 126, 248, 243, 253, 127, 182, 86, 251, 213, 99,
       99, 245, 39, 195, 119, 77, 255, 181, 47, 90, 28, 113, 233, 215,
       36, 85, 186, 82, 120, 233, 116, 120, 92, 56, 47, 213, 20, 245,
       111, 153, 172, 24, 5, 240, 29, 156, 73, 16, 242, 51, 189, 88, 87,
       32, 250, 63, 50, 117, 182, 63, 181, 43, 120, 244, 126, 210, 51,
       253, 123, 176, 84, 242, 213, 67, 96, 241, 38, 195, 119, 76, 168,
       164, 15, 82, 28, 113, 233, 215, 36, 85, 186, 82, 120, 233, 116,
       120, 92, 56, 47, 212, 20, 245, 111, 153, 172, 24, 5, 240, 29, 156,
       73, 16, 242, 51, 189, 88, 87, 32, 250, 61, 54, 125, 166, 63, 181,
       187, 125, 244, 254, 212, 117, 125, 122, 177, 85, 242, 212, 67, 98,
       241, 34, 193, 119, 76, 168, 164, 143, 82, 28, 113, 235, 215, 36,
       85, 190, 82, 120, 233, 116, 120, 92, 56, 47, 212, 21, 245, 111,
       153, 172, 24, 5, 240, 29, 156, 73, 16, 242, 51, 189, 88, 87, 32,
       250, 186, 245, 121, 246, 247, 45, 93, 9, 246, 69, 253, 122, 63,
       90, 244, 125, 246, 246, 86, 245, 119, 250, 177, 118, 190, 191,
       231, 89, 243, 251, 252, 185, 130, 108, 134, 222, 234, 113, 209,
       221, 90, 219, 213, 89, 208, 127, 180, 14, 239, 183, 147, 13, 106,
       150, 247, 113, 56, 178, 121, 187, 63, 158, 190, 153, 186, 245,
       120, 214, 55, 29, 95, 9, 247, 199, 189, 250, 191, 122, 116, 95,
       246, 183, 86, 159, 55, 122, 241, 102, 181, 182, 231, 123, 115,
       251, 212, 169, 138, 108, 134, 222, 202, 121, 211, 253, 90, 219,
       245, 105, 146, 119, 181, 46, 183, 175, 146, 15, 104, 17, 255, 119,
       56, 179, 124, 63, 59, 158, 174, 219, 63, 48, 125, 182, 63, 181,
       185, 124, 246, 254, 215, 49, 253, 123, 185, 87, 242, 212, 67, 98,
       229, 34, 194, 119, 76, 168, 164, 15, 82, 8, 113, 235, 215, 36, 85,
       190, 82, 120, 233, 116, 120, 92, 56, 47, 212, 20, 209, 111, 153,
       172, 24, 5, 240, 29, 156, 73, 16, 242, 51, 189, 88, 87, 32, 250,
       63, 50, 253, 182, 63, 181, 59, 124, 246, 126, 209, 52, 253, 110,
       177, 85, 242, 213, 67, 98, 229, 35, 195, 119, 76, 170, 228, 15,
       82, 24, 113, 235, 215, 36, 85, 190, 82, 120, 233, 116, 112, 92,
       56, 47, 212, 20, 245, 111, 153, 172, 24, 5, 240, 29, 156, 73, 16,
       242, 51, 189, 88, 87, 32, 250, 59, 208, 124, 254, 63, 185, 221,
       24, 55, 123, 245, 235, 173, 89, 100, 85, 244, 254, 7, 243, 228,
       114, 145, 126, 228, 190, 227, 122, 126, 119, 245, 227, 223, 108,
       158, 188, 255, 120, 248, 117, 122, 222, 123, 47, 208, 21, 247, 79,
       153, 190, 24, 5, 248, 29, 222, 73, 18, 243, 183, 191, 122, 223,
       38, 251, 187, 150, 84, 39, 191, 176, 159, 24, 126, 57, 244, 107,
       172, 59, 36, 21, 118, 247, 5, 176, 224, 98, 155, 124, 224, 56,
       105, 122, 254, 81, 225, 231, 221, 236, 220, 52, 119, 24, 169, 245,
       125, 94, 90, 143, 208, 81, 210, 77, 184, 254, 24, 5, 244, 141,
       220, 73, 50, 242, 183, 188, 210, 87, 36, 89, 60, 251, 125, 252,
       54, 189, 249, 123, 245, 222, 255, 181, 93, 120, 249, 230, 146,
       220, 195, 107, 247, 120, 208, 247, 125, 190, 167, 145, 124, 222,
       125, 251, 230, 20, 215, 186, 214, 122, 249, 125, 248, 125, 243,
       47, 246, 167, 245, 111, 155, 173, 189, 79, 250, 29, 159, 93, 52,
       242, 123, 255, 123, 223, 105, 250, 56, 250, 125, 175, 54, 125,
       185, 252, 253, 254, 254, 189, 125, 63, 253, 238, 243, 212, 71,
       105, 244, 210, 165, 52, 109, 173, 165, 155, 127, 219, 127, 251,
       240, 100, 85, 250, 87, 114, 169, 244, 254, 95, 121, 62, 212, 151,
       208, 108, 153, 173, 30, 5, 248, 29, 159, 77, 16, 242, 59, 188, 89,
       94, 34, 249, 127, 61, 255, 255, 255, 191, 91, 127, 255, 103, 213,
       62, 255, 254, 190, 95, 242, 245, 123, 102, 255, 215, 211, 119, 94,
       234, 236, 61, 114, 221, 124, 169, 215, 45, 23, 191, 210, 123, 213,
       124, 208, 223, 28, 14, 209, 28, 225, 15, 157, 172, 24, 5, 240, 61,
       156, 73, 80, 246, 59, 189, 88, 86, 34, 251, 251, 254, 255, 239,
       255, 255, 223, 249, 255, 255, 251, 251, 255, 255, 254, 253, 251,
       247, 63, 127, 253, 199, 191, 125, 255, 255, 251, 63, 223, 27, 119,
       255, 247, 37, 92, 255, 210, 117, 237, 247, 114, 94, 120, 63, 221,
       30, 253, 53, 157, 173, 28, 5, 248, 191, 157, 75, 80, 246, 49, 189,
       220, 87, 48, 190, 254, 254, 255, 255, 254, 255, 255, 249, 255,
       253, 254, 255, 255, 254, 251, 252, 251, 213, 127, 103, 253, 143,
       174, 125, 95, 255, 191, 47, 215, 27, 115, 255, 247, 37, 85, 255,
       82, 119, 237, 246, 122, 92, 120, 63, 221, 30, 253, 181, 157, 173,
       24, 5, 240, 63, 156, 73, 80, 252, 51, 189, 92, 87, 48, 250, 250,
       253, 254, 251, 247, 255, 223, 191, 255, 223, 255, 190, 191, 254,
       127, 255, 159, 247, 250, 191, 63, 255, 215, 255, 251, 119, 255,
       253, 255, 255, 254, 187, 223, 223, 255, 69, 255, 223, 254, 59, 62,
       255, 239, 125, 63, 191, 127, 183, 255, 219, 191, 255, 159, 231,
       243, 254, 255, 205, 252, 111, 247, 249, 223, 150, 190, 255, 119,
       231, 190, 125, 189, 249, 254, 221, 250, 251, 255, 122, 248, 253,
       251, 212, 111, 107, 117, 34, 181, 116, 79, 255, 181, 43, 215, 30,
       115, 187, 240, 36, 84, 190, 82, 114, 233, 244, 219, 92, 56, 63,
       208, 6, 212, 108, 137, 173, 28, 5, 240, 29, 157, 73, 16, 242, 51,
       188, 88, 87, 32, 248, 250, 241, 120, 214, 55, 23, 93, 35, 215,
       167, 125, 250, 191, 234, 52, 94, 244, 147, 118, 251, 23, 254, 241,
       103, 189, 135, 231, 123, 83, 249, 212, 232, 194, 60, 166, 222,
       202, 125, 242, 255, 90, 203, 245, 105, 178, 124, 149, 47, 151,
       174, 147, 207, 106, 25, 252, 85, 25, 243, 113, 91, 57, 248, 234,
       175, 191, 254, 127, 167, 63, 125, 189, 218, 252, 255, 251, 250,
       127, 127, 248, 253, 251, 244, 39, 99, 229, 162, 181, 118, 79, 223,
       181, 171, 211, 30, 115, 251, 240, 36, 84, 186, 82, 112, 233, 244,
       122, 92, 56, 63, 212, 23, 212, 109, 153, 173, 24, 5, 240, 29, 157,
       73, 16, 242, 51, 188, 88, 87, 32, 248, 253, 125, 255, 245, 118,
       119, 127, 254, 253, 255, 249, 251, 239, 203, 150, 95, 251, 245,
       127, 111, 63, 239, 246, 191, 143, 255, 255, 191, 251, 93, 118,
       175, 219, 111, 180, 255, 214, 125, 245, 245, 92, 206, 187, 191,
       219, 57, 125, 182, 158, 188, 94, 153, 232, 190, 156, 69, 248, 188,
       113, 223, 223, 215, 45, 190, 109, 62, 231, 97, 252, 183, 163, 252,
       248, 191, 194, 127, 239, 95, 155, 69, 194, 237, 251, 106, 253, 71,
       94, 253, 206, 104, 60, 183, 252, 85, 115, 207, 127, 203, 223, 191,
       253, 191, 253, 61, 253, 84, 90, 158, 69, 225, 155, 243, 188, 252,
       8, 105, 241, 253, 156, 69, 118, 190, 215, 143, 234, 215, 108, 254,
       252, 59, 255, 247, 247, 127, 179, 254, 254, 221, 222, 119, 255,
       255, 251, 252, 251, 213, 107, 103, 116, 167, 230, 119, 79, 235,
       188, 47, 218, 10, 114, 171, 215, 36, 85, 186, 82, 122, 233, 116,
