%YAML:1.0
descriptors: !!opencv-matrix
   rows: 26
   cols: 64
   dt: u
   data: [ 255, 250, 255, 255, 255, 253, 255, 184, 255, 255, 254, 251,
       239, 123, 255, 253, 253, 255, 127, 251, 253, 231, 231, 126, 237,
       255, 247, 255, 255, 95, 247, 255, 215, 44, 85, 254, 91, 121, 249,
       117, 122, 92, 122, 63, 213, 55, 247, 111, 153, 173, 24, 5, 248,
       29, 157, 73, 16, 246, 51, 189, 88, 87, 32, 250, 255, 252, 127,
       255, 254, 253, 253, 253, 253, 255, 253, 251, 255, 255, 254, 254,
       243, 212, 127, 107, 253, 218, 167, 60, 239, 239, 191, 187, 255,
       95, 127, 191, 241, 101, 124, 255, 214, 119, 241, 247, 219, 223,
       89, 62, 218, 151, 200, 29, 141, 165, 86, 133, 232, 159, 151, 77,
       208, 246, 57, 188, 93, 94, 34, 189, 250, 249, 255, 223, 118, 87,
       223, 175, 223, 231, 125, 188, 127, 254, 63, 254, 189, 215, 122,
       191, 31, 255, 231, 175, 187, 247, 255, 127, 99, 251, 214, 186,
       199, 61, 167, 255, 222, 125, 250, 127, 114, 255, 229, 125, 191,
       60, 245, 62, 223, 170, 191, 223, 249, 125, 244, 223, 249, 255,
       121, 123, 255, 249, 219, 254, 252, 122, 255, 249, 122, 127, 243,
       255, 253, 252, 254, 191, 93, 190, 251, 238, 251, 220, 219, 106,
       125, 211, 236, 188, 127, 237, 188, 147, 253, 223, 127, 255, 249,
       103, 119, 251, 215, 243, 253, 124, 250, 85, 219, 62, 93, 167, 74,
       229, 175, 45, 223, 141, 250, 31, 143, 93, 212, 252, 107, 252, 223,
       14, 42, 244, 252, 42, 247, 237, 250, 127, 243, 255, 221, 252, 222,
       63, 93, 190, 251, 238, 251, 220, 219, 106, 253, 153, 238, 188,
       127, 237, 60, 131, 253, 207, 127, 255, 253, 39, 117, 251, 87, 243,
       237, 252, 219, 85, 218, 62, 77, 167, 75, 229, 157, 45, 95, 133,
       242, 31, 157, 77, 212, 252, 43, 252, 95, 14, 34, 252, 175, 223,
       124, 254, 55, 189, 223, 24, 63, 223, 173, 234, 191, 123, 116, 95,
       244, 247, 36, 255, 247, 124, 81, 115, 229, 254, 227, 127, 127,
       126, 245, 49, 210, 100, 214, 186, 218, 121, 251, 253, 246, 223,
       56, 109, 211, 86, 245, 111, 153, 175, 24, 5, 248, 29, 159, 77, 24,
       246, 115, 191, 89, 223, 42, 251, 124, 185, 255, 253, 50, 127, 249,
       255, 221, 252, 254, 181, 95, 252, 251, 238, 251, 220, 123, 107,
       245, 181, 230, 183, 125, 239, 180, 157, 127, 223, 126, 251, 247,
       36, 85, 250, 86, 122, 233, 124, 250, 93, 253, 62, 213, 151, 195,
       110, 159, 172, 31, 5, 242, 29, 157, 73, 16, 242, 59, 253, 91, 30,
       34, 250, 123, 252, 254, 255, 255, 253, 253, 15, 253, 255, 248,
       253, 191, 239, 63, 254, 255, 187, 251, 251, 253, 127, 219, 127,
       247, 255, 247, 247, 95, 247, 255, 239, 199, 251, 239, 53, 255,
       253, 248, 127, 124, 108, 239, 237, 255, 241, 255, 123, 255, 238,
       24, 195, 230, 181, 252, 253, 223, 247, 255, 255, 255, 251, 217,
       182, 124, 185, 247, 253, 120, 239, 249, 127, 253, 188, 205, 191,
       247, 231, 191, 122, 179, 221, 251, 111, 247, 47, 194, 255, 207,
       234, 246, 223, 123, 231, 254, 238, 223, 183, 101, 191, 183, 254,
       251, 117, 123, 125, 255, 102, 255, 63, 255, 239, 253, 166, 57,
       215, 241, 125, 188, 77, 93, 255, 247, 251, 251, 103, 147, 255,
       127, 54, 255, 161, 255, 183, 143, 121, 238, 127, 250, 122, 253,
       46, 177, 117, 243, 245, 123, 100, 249, 7, 147, 117, 94, 253, 173,
       47, 82, 30, 113, 251, 215, 37, 85, 187, 82, 120, 173, 116, 112,
       92, 56, 47, 213, 28, 244, 109, 153, 172, 24, 5, 240, 29, 156, 73,
       16, 242, 51, 188, 88, 87, 32, 250, 251, 244, 127, 167, 255, 181,
       223, 185, 254, 127, 213, 127, 191, 78, 178, 85, 246, 247, 126,
       115, 253, 119, 155, 124, 190, 254, 255, 63, 222, 251, 247, 255,
       71, 237, 158, 223, 254, 249, 237, 127, 89, 205, 71, 29, 209, 125,
       253, 21, 191, 190, 152, 45, 254, 183, 220, 243, 112, 182, 255,
       189, 255, 159, 56, 190, 251, 252, 127, 231, 255, 181, 223, 153,
       254, 127, 215, 127, 191, 78, 242, 93, 246, 247, 126, 115, 253,
       119, 155, 124, 190, 254, 255, 63, 222, 251, 247, 255, 199, 237,
       159, 223, 254, 253, 237, 127, 89, 221, 103, 61, 213, 125, 253, 53,
       191, 254, 152, 45, 254, 183, 220, 243, 112, 246, 247, 189, 255,
       159, 56, 190, 255, 252, 255, 231, 255, 255, 219, 249, 254, 127,
       215, 127, 255, 250, 246, 93, 250, 247, 127, 119, 253, 223, 187,
       124, 190, 254, 251, 63, 254, 123, 247, 191, 199, 237, 156, 223,
       214, 253, 253, 255, 217, 221, 111, 159, 217, 29, 253, 53, 221,
       189, 24, 173, 248, 183, 156, 235, 112, 254, 241, 191, 222, 159,
       60, 191, 126, 52, 255, 183, 255, 167, 191, 125, 222, 111, 211, 58,
       253, 238, 179, 84, 242, 213, 59, 102, 249, 7, 195, 125, 94, 200,
       252, 47, 82, 28, 113, 235, 215, 37, 85, 191, 82, 120, 237, 116,
       112, 92, 56, 47, 213, 28, 245, 111, 153, 172, 24, 5, 240, 29, 156,
       73, 16, 242, 51, 189, 88, 87, 32, 250, 126, 48, 253, 150, 95, 131,
       27, 124, 230, 38, 149, 48, 253, 106, 177, 83, 242, 215, 3, 100,
       201, 39, 195, 119, 204, 200, 232, 79, 82, 12, 241, 107, 215, 36,
       85, 190, 82, 120, 161, 116, 112, 88, 24, 15, 209, 28, 225, 79,
       153, 172, 24, 5, 240, 29, 156, 73, 16, 242, 51, 189, 88, 87, 32,
       251, 126, 48, 253, 150, 127, 179, 27, 124, 198, 38, 213, 52, 253,
       58, 180, 82, 246, 215, 83, 101, 201, 39, 195, 119, 204, 200, 236,
       79, 82, 12, 241, 235, 215, 36, 85, 190, 82, 120, 161, 116, 80, 92,
       56, 15, 209, 28, 225, 111, 153, 172, 24, 5, 240, 29, 156, 73, 16,
       242, 51, 189, 88, 87, 32, 251, 126, 50, 253, 162, 127, 183, 51,
       124, 246, 116, 213, 52, 253, 58, 177, 86, 242, 213, 91, 100, 225,
       39, 195, 119, 76, 232, 172, 15, 114, 28, 113, 235, 215, 36, 85,
       186, 82, 120, 161, 116, 112, 93, 24, 15, 213, 20, 229, 111, 153,
       172, 24, 5, 240, 29, 156, 73, 16, 242, 51, 189, 88, 87, 32, 250,
       125, 50, 229, 162, 222, 183, 163, 122, 244, 124, 214, 55, 253,
       127, 177, 69, 242, 213, 75, 100, 241, 39, 195, 119, 78, 248, 172,
       143, 122, 12, 113, 235, 215, 36, 85, 186, 82, 120, 173, 116, 124,
       84, 24, 14, 213, 5, 245, 79, 153, 172, 24, 5, 240, 29, 156, 73,
       16, 242, 51, 189, 88, 87, 32, 250, 125, 50, 247, 179, 222, 183,
       167, 122, 244, 125, 210, 115, 255, 255, 178, 69, 250, 245, 123,
       102, 249, 7, 195, 119, 78, 250, 188, 175, 90, 92, 113, 235, 215,
       37, 85, 187, 82, 120, 109, 116, 124, 84, 26, 47, 213, 20, 245, 79,
       153, 172, 24, 5, 240, 29, 156, 73, 16, 246, 51, 189, 88, 87, 32,
       250, 127, 50, 229, 162, 223, 167, 39, 92, 228, 110, 208, 51, 237,
       175, 179, 87, 226, 213, 43, 100, 233, 7, 194, 117, 78, 200, 188,
       47, 82, 24, 113, 235, 215, 37, 85, 187, 82, 120, 37, 116, 112, 92,
       56, 47, 213, 28, 229, 79, 153, 172, 24, 5, 240, 29, 156, 73, 16,
       242, 51, 189, 88, 87, 32, 250, 255, 253, 255, 255, 119, 127, 255,
       251, 255, 255, 253, 251, 255, 255, 254, 255, 255, 247, 126, 111,
       127, 255, 245, 119, 255, 255, 247, 127, 255, 127, 254, 251, 210,
       125, 247, 255, 210, 125, 251, 253, 126, 223, 251, 127, 255, 254,
       245, 111, 157, 191, 158, 15, 248, 191, 159, 93, 56, 247, 123, 191,
       255, 223, 47, 251, 126, 177, 247, 158, 94, 199, 91, 126, 198, 101,
       213, 252, 255, 238, 182, 126, 235, 213, 51, 99, 207, 47, 235, 127,
       78, 219, 182, 47, 83, 11, 51, 111, 215, 39, 85, 187, 82, 120, 233,
       118, 112, 92, 56, 47, 213, 28, 245, 111, 153, 172, 24, 5, 240, 29,
       156, 73, 16, 242, 51, 189, 88, 87, 34, 251, 7, 38, 68, 33, 221,
       176, 163, 124, 56, 63, 210, 117, 232, 127, 128, 65, 226, 213, 3,
       98, 205, 35, 203, 121, 76, 138, 160, 47, 82, 13, 49, 111, 215, 36,
       85, 186, 82, 120, 233, 116, 112, 92, 24, 15, 213, 20, 245, 79,
       153, 172, 24, 5, 240, 29, 156, 73, 16, 242, 51, 189, 88, 87, 32,
       248, 124, 57, 255, 252, 50, 127, 249, 255, 213, 252, 222, 181, 95,
       254, 187, 238, 251, 220, 243, 107, 245, 189, 230, 183, 223, 235,
       182, 159, 121, 221, 126, 235, 255, 38, 117, 254, 214, 122, 249,
