%YAML:1.0
descriptors: !!opencv-matrix
   rows: 25
   cols: 64
   dt: u
   data: [ 190, 252, 255, 239, 191, 253, 253, 253, 255, 253, 254, 253,
       255, 126, 255, 253, 255, 246, 115, 123, 245, 59, 255, 127, 253,
       239, 231, 251, 127, 95, 255, 255, 239, 108, 95, 254, 254, 123,
       249, 245, 251, 95, 122, 46, 212, 55, 245, 111, 185, 172, 30, 13,
       248, 29, 157, 73, 16, 242, 127, 189, 218, 95, 34, 254, 190, 248,
       255, 255, 63, 125, 249, 254, 255, 253, 252, 253, 127, 122, 255,
       252, 247, 246, 119, 251, 245, 126, 247, 255, 253, 175, 231, 251,
       127, 223, 255, 255, 255, 108, 87, 254, 255, 123, 249, 253, 251,
       223, 251, 62, 208, 55, 243, 111, 185, 175, 158, 5, 248, 29, 157,
       77, 20, 242, 127, 191, 251, 95, 34, 255, 205, 254, 246, 117, 249,
       251, 231, 248, 57, 185, 238, 255, 230, 221, 202, 233, 139, 237,
       255, 107, 253, 77, 238, 249, 99, 127, 27, 182, 253, 71, 35, 223,
       223, 195, 253, 113, 117, 255, 253, 55, 125, 61, 234, 119, 239,
       171, 127, 243, 236, 215, 111, 245, 221, 231, 139, 174, 103, 220,
       231, 199, 199, 127, 149, 30, 254, 249, 255, 254, 54, 127, 249,
       251, 255, 255, 253, 255, 127, 250, 254, 254, 247, 223, 127, 123,
       247, 255, 229, 183, 255, 239, 231, 219, 127, 255, 254, 251, 243,
       44, 86, 254, 223, 126, 249, 253, 218, 223, 255, 63, 242, 55, 247,
       111, 159, 175, 30, 135, 248, 29, 157, 93, 16, 242, 115, 255, 123,
       222, 42, 251, 189, 254, 124, 239, 255, 253, 247, 185, 253, 125,
       254, 251, 237, 127, 236, 253, 255, 255, 255, 251, 245, 118, 155,
       252, 241, 127, 121, 247, 253, 87, 255, 255, 223, 233, 223, 85,
       255, 251, 253, 63, 127, 223, 107, 191, 213, 227, 254, 115, 174,
       223, 141, 45, 254, 165, 203, 125, 126, 215, 246, 175, 243, 223,
       172, 30, 252, 189, 255, 253, 50, 127, 241, 255, 253, 252, 222,
       189, 95, 254, 251, 238, 251, 221, 251, 111, 125, 255, 246, 183,
       255, 255, 182, 191, 121, 223, 126, 251, 231, 39, 119, 254, 215,
       127, 249, 124, 248, 93, 255, 62, 221, 183, 119, 238, 159, 172,
       223, 141, 242, 31, 156, 93, 112, 246, 123, 253, 91, 95, 43, 250,
       125, 49, 253, 178, 223, 167, 179, 122, 212, 92, 214, 53, 253, 122,
       185, 116, 226, 213, 27, 102, 229, 37, 195, 119, 78, 200, 168, 13,
       82, 12, 49, 233, 247, 37, 85, 186, 82, 122, 197, 116, 208, 92, 24,
       14, 209, 22, 193, 79, 153, 172, 24, 5, 240, 29, 156, 73, 16, 242,
       51, 188, 88, 86, 32, 249, 124, 59, 253, 190, 255, 191, 55, 122,
       244, 116, 214, 53, 253, 254, 189, 92, 242, 213, 123, 102, 253, 39,
       195, 119, 78, 234, 172, 13, 82, 140, 121, 233, 215, 37, 85, 187,
       82, 122, 229, 116, 112, 93, 24, 15, 213, 28, 229, 79, 157, 172,
       24, 5, 240, 29, 156, 73, 16, 246, 51, 189, 88, 87, 34, 248, 122,
       49, 253, 190, 254, 191, 31, 127, 246, 127, 213, 58, 255, 234, 182,
       94, 242, 213, 123, 100, 249, 247, 195, 119, 78, 234, 172, 63, 90,
       220, 117, 233, 215, 37, 84, 187, 82, 120, 229, 116, 114, 94, 28,
       15, 209, 28, 229, 79, 157, 172, 24, 5, 240, 29, 156, 73, 16, 246,
       51, 189, 88, 86, 34, 249, 253, 251, 255, 245, 254, 247, 251, 252,
       253, 253, 254, 255, 255, 250, 251, 254, 251, 213, 127, 111, 127,
       143, 238, 61, 47, 255, 191, 191, 223, 95, 118, 191, 243, 39, 117,
       251, 86, 119, 253, 246, 219, 92, 249, 62, 203, 143, 217, 181, 141,
       173, 94, 181, 249, 191, 157, 77, 208, 252, 113, 191, 93, 22, 48,
       190, 252, 59, 247, 245, 254, 255, 243, 254, 253, 253, 222, 255,
       255, 255, 251, 238, 251, 213, 127, 111, 125, 143, 238, 53, 79,
       255, 191, 175, 251, 95, 114, 191, 247, 39, 85, 251, 82, 127, 253,
       116, 248, 93, 56, 62, 221, 14, 253, 247, 157, 172, 28, 5, 241, 63,
       157, 73, 80, 252, 51, 189, 88, 87, 32, 250, 255, 188, 255, 247,
       255, 247, 251, 248, 254, 255, 215, 254, 255, 234, 178, 94, 251,
       213, 63, 103, 237, 133, 231, 125, 79, 223, 251, 47, 210, 31, 114,
       187, 215, 37, 85, 251, 82, 125, 237, 118, 112, 92, 56, 63, 209,
       28, 253, 55, 157, 172, 24, 5, 240, 61, 156, 73, 80, 246, 51, 189,
       92, 87, 48, 250, 255, 60, 255, 187, 255, 247, 31, 253, 238, 239,
       209, 186, 239, 239, 150, 94, 251, 213, 59, 103, 205, 135, 195,
       125, 79, 223, 185, 47, 210, 30, 115, 43, 215, 37, 85, 187, 82,
       125, 237, 116, 112, 92, 56, 47, 213, 28, 245, 63, 153, 172, 24, 5,
       240, 29, 156, 73, 16, 246, 51, 189, 88, 87, 32, 250, 255, 252,
       255, 167, 255, 191, 159, 248, 254, 127, 213, 250, 239, 123, 182,
       93, 242, 245, 63, 119, 253, 231, 219, 124, 238, 254, 249, 63, 254,
       27, 115, 47, 215, 45, 84, 255, 82, 121, 237, 119, 112, 94, 120,
       63, 209, 28, 253, 53, 157, 172, 24, 5, 240, 189, 156, 75, 80, 246,
       51, 189, 88, 87, 48, 250, 127, 61, 255, 182, 95, 167, 127, 126,
       246, 126, 208, 115, 255, 238, 182, 95, 250, 213, 59, 103, 229, 47,
       195, 119, 78, 218, 186, 15, 82, 8, 112, 107, 215, 39, 84, 187, 82,
       124, 237, 116, 112, 92, 56, 47, 213, 28, 245, 111, 153, 172, 24,
       5, 240, 29, 156, 73, 16, 242, 51, 189, 88, 87, 32, 250, 63, 50,
       229, 178, 31, 177, 3, 108, 230, 62, 210, 52, 125, 107, 177, 84,
       226, 244, 3, 96, 225, 35, 195, 119, 76, 168, 164, 15, 82, 8, 113,
       107, 215, 36, 85, 186, 82, 120, 161, 124, 112, 92, 24, 14, 208,
       20, 225, 79, 153, 172, 24, 5, 240, 29, 156, 73, 16, 242, 51, 189,
       88, 87, 32, 250, 62, 54, 101, 162, 191, 189, 143, 121, 214, 126,
       210, 117, 253, 94, 185, 85, 250, 212, 3, 96, 225, 34, 195, 117,
       76, 152, 164, 15, 82, 24, 113, 235, 215, 36, 85, 186, 82, 122,
       233, 116, 112, 92, 24, 47, 212, 20, 245, 111, 153, 172, 24, 5,
       240, 29, 156, 73, 16, 242, 51, 189, 88, 87, 32, 250, 63, 246, 125,
       174, 191, 189, 191, 88, 254, 127, 252, 251, 237, 123, 180, 85,
       242, 245, 3, 112, 225, 98, 155, 124, 76, 253, 225, 63, 126, 91,
       113, 239, 215, 36, 87, 190, 82, 120, 233, 116, 112, 94, 58, 47,
       212, 21, 245, 111, 153, 172, 24, 5, 240, 29, 156, 73, 16, 242, 51,
       189, 88, 87, 32, 250, 47, 255, 125, 254, 55, 189, 93, 88, 111,
       223, 169, 234, 255, 123, 236, 95, 247, 247, 36, 255, 183, 116, 81,
       115, 197, 255, 243, 125, 126, 126, 244, 161, 222, 116, 214, 186,
       218, 120, 249, 125, 118, 95, 62, 109, 247, 85, 245, 111, 152, 191,
       24, 7, 242, 29, 223, 93, 56, 243, 115, 191, 91, 223, 172, 250,
       175, 215, 124, 126, 255, 60, 223, 88, 59, 95, 173, 234, 174, 123,
       228, 125, 231, 247, 45, 251, 245, 102, 145, 122, 102, 255, 243,
       123, 255, 63, 227, 115, 215, 100, 220, 186, 242, 120, 249, 253,
       118, 222, 58, 189, 213, 83, 245, 79, 152, 191, 24, 5, 248, 157,
       159, 77, 56, 246, 51, 159, 218, 215, 44, 249, 159, 250, 95, 239,
       255, 121, 255, 216, 123, 189, 254, 251, 238, 95, 238, 249, 231,
       255, 61, 251, 229, 44, 175, 120, 239, 255, 243, 251, 223, 15, 243,
       127, 247, 36, 93, 250, 91, 123, 233, 245, 243, 94, 58, 63, 213,
       23, 254, 125, 137, 189, 28, 5, 248, 159, 159, 73, 16, 242, 51,
       189, 92, 87, 34, 184, 190, 254, 127, 239, 191, 125, 253, 249, 255,
       255, 252, 255, 255, 255, 252, 253, 243, 244, 127, 107, 253, 222,
       189, 60, 239, 255, 247, 59, 255, 95, 127, 255, 241, 229, 190, 255,
       214, 119, 249, 247, 219, 223, 123, 63, 218, 135, 252, 117, 141,
       181, 94, 5, 232, 191, 143, 77, 144, 244, 123, 158, 223, 30, 34,
       189, 252, 170, 255, 237, 122, 127, 179, 245, 253, 252, 222, 189,
       93, 55, 251, 238, 155, 220, 251, 106, 245, 209, 254, 184, 253,
       105, 28, 183, 237, 223, 63, 223, 253, 65, 103, 250, 253, 243, 253,
       60, 255, 29, 255, 54, 117, 183, 123, 105, 191, 172, 239, 251, 211,
       95, 157, 92, 110, 236, 79, 232, 219, 207, 106, 255, 250, 207, 254,
       255, 227, 223, 221, 163, 255, 223, 127, 218, 191, 254, 126, 254,
       255, 179, 126, 255, 63, 255, 247, 127, 255, 255, 247, 127, 239,
       251, 254, 191, 198, 239, 111, 223, 218, 127, 251, 254, 127, 255,
