%YAML:1.0
descriptors: !!opencv-matrix
   rows: 13
   cols: 64
   dt: u
   data: [ 126, 253, 255, 255, 255, 255, 255, 255, 255, 254, 253, 191,
       253, 255, 255, 254, 255, 255, 251, 254, 255, 255, 223, 255, 255,
       253, 255, 253, 255, 255, 255, 255, 207, 255, 239, 255, 255, 253,
       255, 127, 63, 253, 255, 255, 127, 255, 255, 255, 255, 255, 255,
       255, 191, 255, 252, 255, 255, 239, 255, 251, 255, 239, 253, 246,
       250, 255, 255, 255, 235, 223, 223, 139, 255, 255, 63, 254, 191,
       254, 255, 254, 255, 179, 126, 255, 191, 255, 247, 127, 255, 247,
       247, 127, 111, 251, 255, 255, 199, 239, 111, 223, 251, 127, 251,
       126, 122, 93, 225, 125, 191, 222, 253, 63, 223, 175, 158, 207,
       254, 21, 255, 255, 113, 247, 241, 253, 255, 253, 185, 254, 61,
       178, 253, 254, 62, 189, 189, 120, 252, 254, 214, 241, 237, 127,
       185, 85, 250, 252, 99, 115, 245, 118, 211, 255, 205, 186, 228,
       191, 94, 93, 245, 235, 223, 44, 215, 190, 95, 120, 233, 117, 120,
       92, 58, 47, 213, 53, 247, 111, 153, 172, 24, 5, 240, 29, 156, 73,
       16, 242, 51, 189, 90, 87, 32, 250, 60, 176, 253, 246, 62, 181,
       253, 122, 247, 254, 213, 241, 253, 127, 177, 85, 254, 214, 99, 99,
       245, 116, 195, 247, 205, 190, 228, 255, 122, 217, 245, 235, 223,
       36, 87, 190, 223, 120, 249, 117, 120, 93, 123, 47, 212, 53, 245,
       111, 153, 172, 24, 5, 240, 29, 156, 73, 24, 242, 51, 189, 88, 87,
       32, 250, 120, 145, 253, 254, 55, 231, 123, 127, 214, 244, 213,
       151, 253, 124, 183, 94, 255, 215, 99, 103, 244, 47, 195, 119, 205,
       250, 244, 45, 82, 24, 119, 233, 215, 36, 85, 190, 82, 120, 233,
       116, 120, 92, 57, 47, 213, 20, 245, 111, 153, 172, 24, 5, 240, 29,
       156, 73, 16, 242, 51, 189, 88, 87, 32, 250, 57, 189, 253, 246, 54,
       191, 123, 127, 244, 252, 87, 213, 255, 120, 190, 70, 254, 213, 99,
       99, 244, 39, 195, 247, 221, 250, 180, 158, 90, 208, 117, 233, 215,
       44, 85, 190, 219, 120, 233, 124, 120, 92, 57, 47, 213, 52, 245,
       111, 153, 172, 24, 5, 240, 29, 156, 73, 16, 242, 51, 189, 88, 87,
       32, 250, 44, 63, 237, 244, 62, 191, 181, 127, 244, 252, 214, 117,
       77, 127, 153, 71, 234, 221, 99, 99, 245, 39, 194, 247, 77, 234,
       164, 135, 90, 28, 49, 235, 215, 36, 85, 186, 82, 120, 233, 116,
       120, 92, 58, 47, 213, 52, 245, 111, 153, 172, 24, 5, 240, 29, 156,
       73, 16, 242, 51, 189, 88, 87, 32, 250, 60, 181, 255, 252, 62, 247,
       253, 127, 148, 252, 212, 245, 83, 92, 179, 78, 235, 221, 227, 99,
       244, 47, 194, 243, 77, 234, 180, 143, 80, 77, 53, 235, 199, 36,
       85, 186, 86, 120, 233, 116, 120, 92, 50, 47, 213, 53, 245, 111,
       153, 172, 24, 5, 240, 29, 156, 73, 16, 242, 51, 189, 88, 87, 32,
       250, 60, 185, 255, 252, 58, 127, 249, 119, 149, 252, 214, 149, 93,
       124, 187, 198, 255, 220, 227, 99, 244, 61, 198, 243, 221, 107,
       166, 222, 88, 213, 117, 235, 223, 36, 85, 186, 215, 120, 233, 124,
       120, 93, 117, 47, 213, 53, 247, 111, 153, 172, 24, 5, 240, 29,
       156, 73, 16, 242, 51, 189, 91, 87, 32, 250, 252, 249, 255, 253,
       126, 127, 251, 255, 223, 253, 254, 253, 127, 254, 255, 254, 251,
       221, 251, 107, 245, 191, 231, 183, 255, 239, 247, 255, 127, 223,
       255, 255, 255, 39, 117, 254, 214, 123, 249, 253, 250, 221, 255,
       62, 221, 183, 243, 111, 157, 172, 159, 133, 248, 29, 157, 73, 80,
       246, 123, 191, 91, 31, 34, 255, 61, 189, 255, 255, 63, 127, 249,
       255, 255, 252, 255, 247, 127, 255, 187, 255, 247, 254, 99, 99,
       245, 127, 215, 247, 221, 235, 246, 251, 122, 93, 247, 235, 255,
       44, 87, 190, 215, 122, 249, 117, 122, 93, 59, 47, 212, 55, 247,
       111, 153, 172, 24, 5, 240, 29, 156, 73, 16, 242, 51, 189, 90, 87,
       32, 250, 61, 180, 253, 254, 63, 253, 253, 127, 247, 252, 253, 247,
       253, 126, 190, 126, 247, 223, 99, 115, 245, 55, 195, 247, 221,
       234, 244, 251, 122, 221, 247, 239, 223, 44, 85, 190, 223, 120,
       233, 125, 120, 93, 123, 47, 212, 53, 247, 111, 185, 172, 25, 5,
       240, 29, 156, 73, 16, 242, 51, 189, 122, 87, 32, 250, 191, 254,
       255, 255, 63, 183, 255, 125, 255, 255, 252, 249, 255, 123, 180,
       125, 246, 255, 127, 123, 245, 119, 255, 127, 253, 235, 231, 255,
       127, 89, 253, 239, 247, 108, 214, 190, 255, 121, 249, 253, 254,
       95, 123, 47, 209, 55, 211, 111, 185, 173, 28, 13, 240, 29, 159,
       77, 16, 246, 115, 157, 218, 215, 42, 255 ]
