%YAML:1.0
descriptors: !!opencv-matrix
   rows: 50
   cols: 64
   dt: u
   data: [ 60, 187, 255, 252, 50, 127, 249, 127, 245, 252, 214, 181, 125,
       254, 251, 254, 251, 220, 227, 107, 245, 58, 196, 183, 221, 171,
       228, 153, 127, 221, 125, 235, 247, 36, 85, 190, 86, 122, 233, 124,
       248, 93, 57, 46, 212, 183, 209, 111, 153, 172, 30, 5, 240, 29,
       157, 73, 16, 242, 59, 189, 91, 87, 34, 250, 63, 55, 245, 190, 63,
       39, 45, 127, 228, 124, 209, 49, 109, 127, 183, 87, 251, 212, 67,
       96, 241, 34, 209, 119, 76, 168, 164, 9, 82, 28, 113, 233, 215, 36,
       85, 190, 82, 120, 233, 116, 120, 92, 56, 47, 212, 20, 245, 111,
       153, 172, 24, 5, 240, 29, 156, 73, 16, 242, 51, 189, 88, 87, 32,
       250, 63, 54, 245, 188, 63, 183, 61, 127, 244, 124, 220, 49, 125,
       127, 182, 87, 251, 212, 67, 96, 241, 39, 211, 119, 92, 252, 180,
       143, 82, 28, 113, 235, 215, 36, 85, 190, 82, 120, 233, 116, 120,
       92, 56, 175, 213, 21, 245, 111, 153, 172, 24, 5, 240, 29, 156, 73,
       16, 242, 51, 189, 88, 87, 32, 250, 60, 50, 117, 166, 63, 161, 33,
       122, 196, 60, 210, 49, 125, 26, 177, 65, 242, 212, 67, 96, 225,
       34, 193, 119, 76, 168, 164, 141, 82, 12, 49, 233, 215, 36, 85,
       186, 82, 120, 129, 116, 248, 92, 24, 15, 208, 21, 193, 79, 153,
       172, 24, 5, 240, 29, 156, 73, 16, 242, 51, 189, 88, 87, 32, 250,
       61, 50, 125, 166, 62, 183, 183, 122, 244, 92, 214, 115, 253, 127,
       177, 69, 242, 245, 67, 96, 241, 102, 193, 119, 76, 184, 164, 159,
       122, 92, 113, 235, 215, 36, 87, 190, 82, 120, 169, 116, 124, 92,
       24, 47, 212, 37, 245, 79, 153, 172, 24, 5, 240, 29, 156, 73, 16,
       242, 51, 189, 88, 87, 32, 250, 61, 49, 125, 166, 55, 181, 185,
       122, 214, 158, 212, 117, 125, 30, 177, 84, 242, 212, 67, 96, 225,
       34, 193, 119, 204, 168, 228, 141, 82, 12, 113, 233, 215, 36, 85,
       190, 82, 120, 201, 116, 120, 92, 56, 47, 212, 53, 245, 111, 153,
       172, 24, 5, 240, 29, 156, 73, 16, 242, 51, 189, 88, 87, 32, 250,
       60, 51, 125, 150, 55, 183, 59, 126, 246, 94, 213, 52, 125, 122,
       176, 86, 242, 212, 67, 98, 241, 114, 193, 119, 204, 170, 228, 29,
       122, 220, 117, 233, 215, 36, 85, 190, 82, 120, 201, 116, 112, 93,
       56, 15, 212, 20, 229, 111, 153, 172, 24, 5, 242, 29, 156, 73, 16,
       242, 51, 189, 88, 87, 32, 250, 63, 53, 125, 182, 55, 175, 27, 111,
       230, 70, 213, 52, 125, 107, 148, 86, 250, 212, 3, 97, 225, 34,
       193, 119, 204, 138, 228, 29, 82, 24, 113, 105, 215, 36, 85, 190,
       82, 120, 193, 116, 112, 92, 57, 47, 212, 20, 229, 110, 153, 172,
       24, 5, 240, 29, 156, 73, 16, 242, 51, 189, 88, 87, 32, 250, 63,
       53, 253, 182, 55, 175, 59, 111, 198, 70, 211, 52, 125, 110, 146,
       86, 250, 212, 3, 96, 225, 35, 195, 119, 204, 154, 244, 13, 82, 28,
       113, 233, 215, 36, 85, 190, 82, 120, 201, 116, 112, 92, 56, 47,
       213, 20, 229, 111, 153, 172, 24, 5, 240, 29, 156, 73, 16, 242, 51,
       189, 88, 87, 32, 250, 63, 54, 125, 160, 31, 191, 35, 127, 244,
       126, 214, 49, 125, 59, 152, 86, 250, 212, 67, 96, 241, 34, 192,
       119, 77, 184, 164, 141, 90, 28, 113, 233, 215, 36, 85, 190, 82,
       120, 169, 116, 120, 92, 56, 47, 212, 21, 245, 111, 153, 172, 24,
       5, 240, 29, 156, 73, 16, 242, 51, 189, 88, 87, 32, 250, 61, 53,
       253, 160, 55, 183, 187, 124, 244, 94, 214, 52, 125, 111, 187, 85,
       250, 212, 67, 96, 241, 35, 194, 119, 204, 168, 228, 141, 82, 28,
       113, 233, 215, 36, 85, 190, 82, 120, 201, 116, 120, 92, 56, 47,
       212, 21, 245, 111, 153, 172, 24, 5, 240, 29, 156, 73, 16, 242, 51,
       189, 88, 87, 32, 250, 63, 54, 101, 162, 30, 167, 35, 123, 244,
       124, 210, 51, 237, 43, 144, 85, 234, 213, 3, 96, 241, 38, 193,
       119, 76, 184, 180, 143, 82, 28, 113, 235, 215, 36, 84, 186, 82,
       120, 161, 116, 120, 92, 24, 143, 209, 21, 228, 79, 153, 172, 24,
       5, 240, 29, 156, 73, 16, 242, 51, 189, 88, 87, 32, 250, 62, 54,
       125, 180, 62, 181, 187, 117, 246, 254, 213, 117, 221, 122, 177,
       84, 250, 212, 3, 99, 229, 34, 195, 119, 204, 154, 164, 111, 82,
       28, 241, 235, 215, 36, 85, 190, 82, 120, 233, 116, 112, 92, 56,
       47, 212, 20, 245, 111, 153, 172, 24, 5, 240, 29, 156, 73, 16, 242,
       51, 189, 88, 87, 32, 250, 61, 38, 101, 160, 30, 189, 35, 121, 244,
       124, 210, 53, 125, 59, 184, 68, 226, 212, 67, 96, 241, 34, 193,
       247, 76, 184, 164, 143, 90, 28, 49, 235, 213, 36, 85, 186, 82,
       122, 169, 116, 252, 92, 24, 15, 212, 53, 244, 79, 153, 172, 24, 5,
       240, 29, 156, 73, 16, 242, 51, 188, 88, 87, 32, 250, 59, 49, 125,
       190, 54, 177, 25, 126, 246, 62, 209, 48, 125, 107, 148, 82, 246,
       214, 67, 114, 229, 32, 193, 119, 204, 170, 228, 93, 82, 12, 241,
       233, 215, 44, 85, 190, 90, 120, 225, 116, 112, 92, 56, 15, 208,
       20, 245, 111, 153, 172, 24, 5, 240, 29, 156, 73, 16, 242, 51, 189,
       88, 87, 32, 251, 187, 246, 125, 238, 191, 189, 157, 88, 255, 95,
       253, 249, 253, 123, 244, 245, 246, 246, 71, 113, 245, 114, 177,
       118, 237, 191, 229, 123, 127, 91, 253, 233, 215, 108, 214, 190,
       218, 120, 185, 245, 214, 223, 58, 15, 208, 22, 244, 79, 153, 189,
       24, 5, 248, 29, 159, 77, 24, 242, 51, 188, 90, 223, 38, 249, 60,
       57, 255, 252, 50, 125, 249, 255, 221, 252, 254, 181, 125, 62, 251,
       230, 251, 220, 195, 107, 245, 48, 228, 182, 253, 175, 164, 153,
       95, 223, 127, 251, 237, 36, 117, 250, 215, 122, 233, 244, 250, 93,
       247, 62, 212, 167, 195, 110, 155, 172, 159, 13, 250, 29, 157, 89,
       16, 242, 59, 253, 91, 30, 34, 250, 60, 170, 127, 173, 58, 125,
       177, 255, 253, 252, 222, 181, 93, 62, 251, 230, 251, 220, 195,
       107, 245, 112, 196, 182, 125, 169, 164, 147, 125, 223, 127, 255,
       245, 100, 119, 186, 215, 122, 233, 124, 250, 93, 123, 54, 212,
       167, 243, 109, 155, 172, 159, 13, 242, 29, 157, 93, 52, 242, 59,
       252, 91, 31, 34, 254, 187, 213, 125, 222, 55, 61, 93, 24, 247, 94,
       189, 250, 61, 123, 116, 85, 246, 246, 4, 243, 244, 114, 145, 118,
       236, 183, 225, 123, 127, 122, 245, 105, 214, 108, 214, 190, 218,
       120, 249, 253, 118, 223, 59, 45, 208, 16, 245, 79, 153, 175, 24,
       5, 248, 29, 159, 89, 56, 242, 51, 189, 88, 215, 40, 251, 51, 213,
       92, 174, 55, 48, 29, 8, 246, 78, 61, 226, 45, 107, 36, 85, 246,
       246, 4, 241, 64, 114, 145, 118, 196, 150, 225, 89, 82, 56, 245,
       105, 214, 44, 214, 190, 218, 120, 161, 245, 114, 94, 56, 13, 208,
       16, 245, 79, 153, 174, 24, 5, 240, 29, 156, 73, 16, 242, 51, 189,
       88, 215, 32, 249, 239, 255, 255, 127, 119, 255, 223, 154, 255,
       247, 173, 234, 191, 255, 254, 255, 255, 247, 126, 255, 63, 255,
       119, 119, 247, 255, 247, 127, 127, 123, 254, 179, 215, 127, 247,
       255, 218, 125, 251, 127, 126, 255, 122, 255, 191, 122, 253, 63,
       253, 191, 158, 79, 248, 191, 191, 255, 57, 247, 113, 191, 255,
       253, 191, 251, 45, 174, 253, 238, 251, 253, 51, 121, 253, 125,
       196, 255, 255, 127, 190, 77, 251, 253, 227, 97, 253, 119, 219,
       253, 127, 255, 149, 183, 126, 223, 119, 237, 223, 228, 87, 186,
       231, 249, 249, 126, 125, 221, 122, 167, 245, 117, 255, 107, 177,
       228, 153, 44, 230, 29, 158, 29, 62, 246, 247, 189, 218, 223, 44,
       254, 59, 244, 108, 239, 255, 189, 223, 25, 255, 127, 253, 251,
       189, 123, 52, 85, 244, 247, 94, 249, 253, 115, 219, 124, 245, 254,
       233, 127, 126, 123, 245, 239, 207, 236, 223, 190, 254, 121, 249,
       127, 122, 223, 107, 173, 213, 81, 245, 127, 189, 190, 24, 13, 244,
       189, 222, 93, 56, 246, 247, 189, 250, 223, 44, 255, 127, 55, 117,
       162, 86, 167, 35, 122, 228, 78, 210, 49, 125, 43, 176, 86, 250,
       213, 3, 100, 225, 35, 193, 119, 76, 152, 172, 141, 82, 12, 113,
       233, 215, 36, 84, 190, 82, 120, 129, 116, 120, 92, 24, 15, 209,
       21, 225, 79, 153, 172, 24, 5, 240, 29, 156, 73, 16, 242, 51, 189,
       88, 87, 32, 250, 125, 54, 253, 166, 127, 247, 179, 122, 244, 92,
