%YAML:1.0
descriptors: !!opencv-matrix
   rows: 36
   cols: 64
   dt: u
   data: [ 61, 191, 253, 254, 63, 127, 253, 127, 246, 252, 212, 243, 253,
       127, 191, 93, 255, 215, 99, 99, 245, 39, 195, 247, 205, 255, 245,
       255, 90, 92, 247, 235, 223, 36, 85, 190, 83, 120, 233, 116, 120,
       92, 56, 47, 213, 53, 247, 111, 153, 172, 24, 5, 240, 29, 156, 73,
       16, 242, 51, 189, 88, 87, 32, 250, 60, 185, 255, 254, 62, 127,
       253, 126, 245, 252, 222, 245, 127, 127, 190, 124, 251, 213, 99,
       99, 245, 127, 195, 247, 237, 255, 244, 191, 122, 223, 119, 235,
       215, 36, 85, 190, 87, 120, 249, 124, 120, 93, 59, 47, 213, 53,
       247, 111, 153, 172, 24, 5, 240, 29, 156, 73, 16, 242, 51, 189, 88,
       87, 32, 250, 127, 50, 253, 188, 127, 247, 63, 126, 244, 254, 254,
       53, 253, 127, 187, 119, 251, 213, 99, 98, 229, 39, 195, 119, 77,
       233, 236, 175, 90, 28, 113, 235, 215, 44, 85, 190, 82, 120, 233,
       116, 120, 92, 56, 47, 213, 21, 245, 111, 153, 172, 24, 5, 240, 29,
       156, 73, 16, 242, 51, 189, 88, 87, 32, 250, 127, 52, 125, 182,
       127, 191, 63, 120, 246, 126, 214, 49, 253, 127, 188, 84, 242, 213,
       67, 96, 245, 39, 195, 119, 76, 250, 228, 15, 82, 28, 113, 235,
       215, 36, 85, 190, 82, 120, 233, 116, 120, 92, 56, 47, 213, 21,
       245, 111, 153, 172, 24, 5, 240, 29, 156, 73, 16, 242, 51, 189, 88,
       87, 32, 250, 126, 50, 125, 182, 63, 183, 59, 121, 246, 126, 213,
       49, 253, 123, 176, 86, 242, 213, 67, 97, 241, 39, 195, 119, 204,
       234, 228, 143, 82, 28, 113, 235, 215, 36, 85, 190, 82, 120, 233,
       116, 120, 92, 56, 47, 213, 21, 245, 111, 153, 172, 24, 5, 240, 29,
       156, 73, 16, 242, 51, 189, 88, 87, 32, 250, 61, 54, 117, 180, 126,
       183, 187, 125, 246, 124, 211, 53, 253, 123, 177, 85, 242, 213, 67,
       98, 245, 35, 211, 119, 220, 170, 228, 143, 82, 28, 113, 235, 215,
       36, 85, 190, 82, 120, 233, 116, 120, 92, 56, 15, 213, 20, 245,
       111, 153, 172, 24, 5, 240, 29, 156, 73, 16, 242, 51, 189, 88, 87,
       32, 250, 62, 176, 125, 190, 255, 183, 159, 120, 246, 126, 209, 58,
       189, 78, 181, 85, 242, 215, 3, 98, 193, 35, 195, 118, 204, 218,
       224, 47, 82, 24, 117, 235, 215, 36, 85, 190, 82, 120, 233, 116,
       112, 92, 56, 47, 213, 20, 245, 111, 153, 172, 24, 5, 240, 29, 156,
       73, 16, 242, 51, 189, 88, 87, 32, 250, 59, 180, 125, 167, 255,
       181, 159, 120, 254, 127, 213, 122, 189, 110, 176, 85, 242, 215, 3,
       98, 233, 39, 195, 124, 204, 222, 253, 47, 82, 27, 117, 107, 215,
       36, 85, 190, 82, 120, 233, 116, 112, 92, 56, 47, 213, 20, 245,
       111, 153, 172, 24, 5, 240, 29, 156, 73, 16, 242, 51, 189, 88, 87,
       32, 250, 175, 215, 108, 231, 255, 189, 159, 152, 63, 95, 185, 250,
       191, 123, 244, 93, 224, 245, 45, 247, 229, 119, 178, 114, 76, 255,
       177, 63, 254, 90, 119, 59, 215, 100, 214, 186, 82, 120, 249, 245,
       86, 94, 56, 63, 209, 20, 245, 111, 153, 173, 24, 5, 240, 29, 156,
       73, 16, 242, 51, 189, 88, 87, 32, 251, 59, 214, 92, 174, 63, 156,
       159, 8, 255, 255, 49, 232, 189, 43, 108, 85, 246, 246, 0, 185,
       196, 114, 211, 126, 229, 150, 225, 123, 126, 121, 245, 111, 215,
       236, 223, 182, 250, 120, 232, 119, 100, 94, 107, 41, 214, 84, 245,
       111, 153, 174, 24, 5, 230, 21, 255, 77, 24, 243, 179, 189, 248,
       223, 40, 250, 191, 255, 109, 239, 255, 189, 223, 216, 191, 95,
       253, 250, 191, 123, 246, 93, 242, 245, 63, 127, 117, 119, 178,
       126, 109, 255, 243, 63, 255, 123, 127, 187, 215, 108, 222, 255,
       210, 121, 249, 245, 86, 223, 122, 61, 209, 22, 245, 95, 157, 189,
       24, 5, 250, 189, 159, 93, 24, 246, 51, 159, 95, 223, 46, 187, 191,
       245, 108, 255, 255, 189, 223, 153, 255, 223, 189, 250, 191, 123,
       228, 93, 242, 247, 126, 255, 119, 118, 179, 126, 245, 247, 243,
       63, 255, 123, 255, 187, 142, 236, 158, 223, 250, 121, 249, 253,
       94, 223, 127, 253, 209, 85, 245, 127, 191, 191, 152, 15, 250, 181,
       255, 125, 56, 183, 247, 159, 255, 223, 190, 155, 86, 33, 147, 148,
       18, 6, 76, 103, 66, 68, 17, 16, 83, 192, 146, 82, 226, 84, 32,
       103, 2, 173, 224, 3, 14, 130, 166, 13, 2, 136, 16, 41, 114, 38,
       52, 186, 2, 124, 67, 212, 16, 64, 149, 10, 136, 28, 193, 206, 145,
       164, 89, 133, 48, 24, 148, 73, 0, 114, 51, 185, 88, 20, 32, 248,
       60, 174, 239, 201, 58, 127, 177, 255, 253, 252, 222, 181, 93, 190,
       251, 238, 251, 212, 235, 106, 244, 211, 222, 181, 95, 233, 156,
       147, 125, 219, 127, 239, 237, 100, 71, 250, 214, 242, 233, 124,
       252, 93, 122, 54, 85, 166, 113, 233, 191, 172, 223, 141, 242, 29,
       156, 93, 52, 246, 43, 253, 219, 79, 46, 254, 45, 207, 231, 216,
       49, 127, 229, 122, 181, 220, 238, 213, 79, 125, 252, 237, 235,
       252, 231, 107, 116, 110, 176, 243, 123, 63, 5, 144, 125, 70, 56,
       217, 222, 98, 119, 176, 85, 122, 217, 188, 255, 61, 58, 183, 220,
       163, 119, 238, 169, 181, 253, 28, 248, 29, 143, 12, 62, 242, 103,
       143, 90, 95, 39, 250, 124, 43, 111, 241, 254, 183, 227, 251, 220,
       252, 214, 119, 253, 122, 249, 100, 226, 213, 219, 102, 245, 61,
       140, 119, 110, 234, 44, 135, 222, 95, 61, 255, 119, 39, 85, 187,
       86, 122, 205, 244, 209, 85, 90, 30, 65, 134, 193, 207, 157, 45,
       24, 5, 243, 29, 141, 73, 80, 246, 59, 189, 90, 31, 34, 249, 100,
       205, 109, 152, 66, 95, 23, 67, 39, 70, 45, 136, 93, 184, 124, 206,
       205, 241, 112, 101, 22, 213, 208, 35, 93, 213, 157, 108, 33, 158,
       18, 41, 194, 4, 67, 138, 194, 120, 195, 120, 50, 155, 60, 175,
       149, 28, 244, 110, 145, 172, 16, 13, 48, 29, 148, 91, 24, 242, 49,
       189, 88, 85, 40, 250, 123, 245, 125, 222, 119, 191, 95, 28, 255,
       119, 189, 248, 189, 62, 180, 255, 247, 247, 90, 253, 253, 115,
       243, 55, 245, 227, 236, 127, 123, 121, 253, 233, 215, 44, 150,
       191, 202, 123, 241, 253, 210, 223, 125, 47, 209, 94, 229, 111,
       157, 174, 154, 13, 248, 61, 159, 93, 56, 246, 59, 188, 123, 214,
       46, 251, 214, 250, 91, 207, 255, 216, 223, 136, 127, 251, 189,
       250, 191, 90, 228, 249, 255, 215, 60, 27, 207, 53, 174, 120, 231,
       215, 251, 127, 151, 43, 215, 127, 215, 165, 93, 219, 114, 125,
       235, 247, 115, 94, 104, 125, 213, 30, 253, 63, 157, 175, 16, 5,
       252, 181, 156, 235, 16, 242, 178, 61, 92, 93, 50, 191, 252, 251,
       255, 253, 242, 255, 243, 255, 253, 221, 254, 255, 223, 254, 255,
       238, 251, 221, 255, 111, 127, 221, 230, 183, 127, 239, 191, 183,
       253, 223, 126, 191, 250, 103, 117, 251, 214, 247, 253, 252, 251,
       255, 251, 54, 255, 175, 123, 182, 143, 173, 255, 189, 219, 255,
       159, 223, 240, 252, 105, 207, 223, 30, 51, 255, 57, 252, 254, 125,
       42, 253, 245, 247, 253, 253, 206, 205, 255, 125, 127, 204, 255,
       187, 243, 251, 247, 127, 95, 255, 241, 127, 87, 246, 109, 215,
       255, 246, 207, 250, 107, 116, 255, 155, 248, 59, 125, 189, 255,
       231, 253, 241, 191, 107, 189, 218, 171, 251, 254, 13, 216, 85, 63,
       215, 255, 239, 243, 251, 205, 206, 190, 249, 255, 255, 182, 253,
       253, 249, 255, 223, 254, 251, 255, 122, 254, 252, 255, 254, 255,
       111, 117, 124, 247, 247, 253, 255, 247, 249, 127, 223, 254, 185,
       214, 100, 223, 254, 255, 123, 249, 253, 251, 223, 255, 63, 212,
       151, 255, 126, 191, 189, 159, 15, 250, 157, 159, 93, 54, 242, 127,
       255, 91, 223, 46, 251, 252, 43, 255, 253, 114, 127, 243, 255, 221,
       252, 254, 181, 87, 246, 251, 238, 155, 221, 251, 111, 127, 253,
       238, 179, 95, 239, 158, 183, 105, 223, 62, 255, 235, 7, 101, 251,
       212, 255, 253, 124, 248, 125, 245, 54, 253, 175, 65, 234, 159,
       173, 239, 253, 211, 127, 157, 92, 100, 236, 107, 249, 75, 14, 41,
       254, 255, 216, 111, 165, 255, 245, 159, 248, 190, 127, 255, 126,
       255, 125, 242, 125, 243, 245, 127, 114, 232, 215, 166, 124, 110,
       255, 189, 63, 254, 27, 119, 191, 247, 109, 92, 255, 82, 113, 233,
       247, 80, 92, 88, 31, 213, 28, 252, 29, 157, 172, 24, 5, 240, 29,
