%YAML:1.0
descriptors: !!opencv-matrix
   rows: 29
   cols: 64
   dt: u
   data: [ 191, 255, 127, 254, 55, 61, 93, 219, 255, 223, 253, 250, 255,
       255, 244, 255, 247, 246, 62, 251, 63, 254, 241, 118, 253, 255,
       243, 123, 127, 127, 254, 185, 242, 124, 254, 254, 202, 125, 251,
       245, 118, 222, 185, 255, 246, 23, 245, 127, 137, 175, 22, 15, 232,
       29, 159, 77, 16, 247, 113, 159, 127, 222, 170, 187, 191, 254, 127,
       239, 255, 253, 255, 248, 125, 253, 254, 251, 255, 127, 254, 253,
       243, 253, 125, 123, 253, 101, 179, 120, 109, 255, 249, 191, 255,
       95, 127, 255, 255, 101, 86, 250, 83, 123, 249, 253, 247, 94, 58,
       63, 213, 19, 254, 109, 153, 173, 28, 5, 248, 29, 159, 77, 48, 246,
       51, 189, 218, 87, 34, 251, 252, 188, 255, 255, 58, 127, 245, 255,
       221, 252, 222, 247, 127, 254, 251, 238, 251, 220, 251, 107, 244,
       191, 254, 183, 251, 239, 180, 162, 253, 211, 127, 255, 239, 37,
       101, 254, 215, 115, 233, 124, 249, 93, 247, 182, 221, 167, 247,
       111, 191, 172, 223, 141, 250, 31, 157, 73, 116, 242, 127, 253, 91,
       31, 40, 254, 250, 153, 186, 215, 55, 215, 223, 238, 158, 191, 215,
       222, 179, 204, 155, 94, 255, 215, 114, 79, 134, 55, 199, 87, 45,
       223, 247, 111, 82, 175, 247, 235, 199, 44, 85, 255, 86, 121, 233,
       117, 112, 92, 177, 47, 247, 20, 181, 111, 155, 172, 24, 5, 240,
       29, 156, 81, 16, 242, 51, 253, 121, 87, 32, 250, 254, 253, 254,
       255, 254, 255, 254, 183, 61, 255, 125, 255, 158, 255, 255, 255,
       187, 251, 253, 239, 63, 223, 255, 125, 123, 127, 191, 183, 255,
       255, 254, 183, 215, 247, 127, 83, 247, 253, 255, 63, 127, 253,
       239, 127, 191, 159, 127, 179, 221, 217, 190, 255, 221, 231, 186,
       254, 219, 221, 249, 111, 255, 249, 155, 254, 221, 252, 222, 93,
       250, 219, 254, 176, 59, 187, 44, 219, 158, 247, 238, 232, 237,
       219, 189, 175, 15, 205, 239, 248, 235, 95, 59, 126, 253, 79, 182,
       55, 223, 243, 125, 67, 87, 253, 255, 54, 115, 190, 234, 127, 191,
       30, 127, 177, 205, 217, 126, 245, 221, 231, 138, 239, 215, 221,
       184, 111, 213, 121, 145, 174, 254, 253, 255, 255, 63, 127, 221,
       251, 255, 255, 255, 251, 255, 254, 253, 255, 251, 245, 127, 123,
       245, 246, 245, 127, 255, 255, 247, 63, 95, 95, 119, 251, 211, 44,
       95, 255, 90, 125, 249, 116, 114, 95, 124, 63, 215, 22, 245, 111,
       157, 173, 30, 5, 248, 29, 157, 77, 16, 246, 51, 189, 93, 95, 32,
       186, 44, 166, 237, 138, 30, 255, 39, 125, 245, 116, 84, 151, 221,
       63, 190, 69, 251, 245, 227, 96, 240, 119, 210, 247, 92, 248, 148,
       53, 122, 216, 91, 233, 215, 100, 87, 186, 86, 120, 249, 124, 116,
       93, 62, 39, 85, 52, 245, 111, 153, 172, 153, 12, 242, 29, 158, 93,
       56, 246, 51, 189, 90, 215, 44, 250, 12, 168, 239, 241, 60, 247,
       243, 253, 152, 253, 214, 253, 195, 83, 155, 202, 234, 221, 251,
       107, 245, 45, 238, 251, 109, 251, 16, 167, 93, 79, 51, 239, 223,
       35, 117, 186, 87, 251, 237, 116, 249, 124, 186, 38, 209, 21, 123,
       99, 153, 172, 25, 5, 240, 29, 156, 73, 20, 242, 55, 191, 90, 87,
       37, 255, 255, 178, 125, 165, 255, 183, 159, 88, 126, 127, 151,
       123, 253, 123, 176, 85, 242, 245, 61, 241, 233, 101, 139, 120,
       204, 254, 249, 127, 250, 95, 247, 111, 215, 36, 85, 187, 90, 121,
       233, 118, 112, 92, 120, 47, 213, 20, 245, 127, 153, 172, 24, 5,
       240, 29, 156, 73, 16, 246, 51, 189, 88, 87, 32, 250, 125, 191,
       255, 254, 126, 183, 255, 126, 244, 252, 212, 241, 127, 255, 148,
       78, 235, 221, 123, 103, 245, 47, 192, 119, 78, 254, 182, 159, 122,
       72, 112, 235, 215, 39, 85, 187, 87, 120, 253, 116, 120, 94, 186,
       47, 213, 53, 245, 111, 153, 172, 24, 5, 240, 29, 156, 73, 16, 246,
       51, 189, 88, 87, 32, 250, 44, 35, 229, 182, 123, 167, 163, 122,
       212, 92, 194, 117, 241, 94, 177, 68, 226, 213, 67, 102, 245, 39,
       193, 247, 76, 250, 160, 143, 82, 204, 49, 235, 223, 36, 87, 186,
       82, 120, 233, 116, 120, 92, 16, 47, 213, 53, 247, 111, 153, 172,
       24, 5, 240, 29, 156, 65, 16, 242, 51, 189, 88, 87, 32, 250, 173,
       254, 239, 237, 191, 253, 255, 121, 189, 223, 236, 251, 239, 127,
       252, 237, 139, 253, 255, 123, 245, 119, 218, 253, 117, 255, 55,
       183, 125, 95, 119, 255, 207, 120, 223, 186, 247, 249, 249, 61,
       125, 124, 122, 191, 247, 241, 255, 123, 185, 191, 24, 45, 240,
       157, 222, 93, 54, 214, 247, 175, 250, 223, 44, 250, 123, 49, 93,
       30, 118, 131, 27, 90, 226, 2, 145, 176, 125, 98, 165, 83, 246,
       215, 2, 118, 195, 39, 193, 103, 204, 202, 228, 13, 82, 8, 244,
       104, 214, 44, 21, 190, 90, 120, 193, 116, 112, 74, 60, 15, 213,
       84, 229, 110, 153, 172, 24, 5, 240, 29, 156, 73, 16, 242, 51, 189,
       88, 87, 32, 251, 126, 49, 249, 151, 246, 151, 95, 105, 214, 103,
       253, 58, 253, 238, 178, 86, 246, 215, 122, 103, 223, 55, 195, 119,
       156, 222, 255, 109, 82, 154, 247, 169, 199, 37, 21, 191, 82, 120,
       233, 124, 112, 88, 49, 47, 213, 28, 245, 111, 157, 172, 24, 5,
       240, 29, 156, 73, 16, 242, 51, 189, 88, 87, 32, 250, 250, 223,
       255, 255, 231, 223, 223, 175, 255, 223, 127, 223, 191, 254, 127,
       254, 189, 187, 250, 191, 254, 127, 215, 255, 251, 247, 255, 254,
       111, 243, 254, 187, 207, 251, 235, 101, 255, 95, 254, 121, 127,
       253, 247, 253, 191, 239, 255, 255, 255, 219, 191, 255, 255, 229,
       254, 255, 127, 223, 254, 255, 247, 185, 217, 254, 116, 51, 247,
       150, 210, 135, 7, 122, 230, 68, 187, 51, 253, 255, 179, 86, 242,
       213, 43, 102, 201, 45, 195, 119, 206, 222, 189, 45, 82, 10, 114,
       41, 215, 37, 85, 187, 82, 120, 237, 116, 112, 92, 56, 47, 197, 28,
       245, 111, 153, 172, 24, 5, 240, 28, 156, 73, 16, 242, 51, 189, 88,
       87, 32, 250, 101, 49, 245, 146, 81, 135, 3, 122, 230, 70, 131, 54,
       237, 239, 177, 69, 226, 213, 3, 100, 193, 39, 195, 119, 78, 216,
       188, 13, 82, 12, 48, 41, 214, 36, 85, 186, 82, 120, 133, 84, 112,
       80, 24, 15, 213, 28, 229, 79, 153, 172, 24, 5, 240, 29, 156, 73,
       16, 242, 51, 189, 88, 87, 32, 250, 110, 38, 229, 179, 220, 166,
       43, 77, 228, 239, 194, 52, 233, 239, 147, 71, 234, 213, 3, 99,
       205, 39, 202, 127, 76, 202, 164, 47, 82, 8, 49, 111, 87, 36, 85,
       186, 82, 120, 225, 118, 80, 92, 24, 46, 213, 20, 229, 111, 153,
       172, 24, 5, 240, 29, 156, 73, 16, 242, 51, 189, 88, 87, 32, 250,
       108, 54, 229, 169, 221, 183, 163, 125, 252, 127, 226, 57, 233, 75,
       187, 69, 234, 213, 35, 98, 249, 33, 218, 125, 76, 217, 185, 47,
       82, 13, 49, 239, 215, 36, 85, 186, 82, 120, 237, 116, 112, 92, 56,
       15, 213, 20, 241, 111, 153, 172, 24, 5, 240, 29, 156, 73, 16, 242,
       51, 189, 88, 87, 32, 250, 108, 38, 101, 163, 223, 181, 163, 93,
       252, 255, 194, 121, 233, 59, 187, 69, 234, 213, 3, 96, 233, 35,
       219, 124, 76, 200, 188, 47, 82, 12, 49, 239, 215, 36, 87, 186, 82,
       120, 169, 116, 112, 92, 56, 47, 213, 20, 245, 111, 153, 172, 24,
       5, 240, 29, 156, 73, 16, 242, 51, 189, 88, 87, 32, 250, 60, 191,
       255, 252, 54, 255, 249, 127, 245, 252, 222, 245, 95, 125, 187,
       238, 251, 252, 227, 107, 245, 127, 214, 247, 253, 107, 246, 215,
       108, 215, 247, 235, 223, 104, 71, 190, 223, 122, 249, 125, 124,
       93, 251, 175, 245, 241, 247, 111, 187, 172, 137, 75, 240, 29, 156,
       93, 54, 242, 119, 255, 251, 215, 109, 250, 191, 246, 125, 175,
       191, 189, 159, 88, 255, 127, 253, 251, 253, 123, 244, 85, 242,
       247, 103, 113, 245, 118, 211, 124, 237, 255, 245, 63, 126, 123,
       247, 239, 215, 236, 223, 190, 250, 121, 249, 119, 124, 95, 123,
       47, 213, 21, 245, 111, 153, 190, 24, 5, 240, 157, 158, 77, 56,
       242, 51, 189, 250, 223, 36, 250, 59, 253, 254, 255, 63, 255, 253,
       59, 255, 255, 253, 251, 255, 126, 124, 223, 253, 191, 250, 187,
       247, 127, 211, 255, 241, 127, 247, 254, 127, 247, 247, 239, 207,
       250, 235, 52, 255, 217, 250, 121, 125, 253, 247, 239, 247, 241,
