%YAML:1.0
descriptors: !!opencv-matrix
   rows: 35
   cols: 64
   dt: u
   data: [ 63, 182, 125, 181, 63, 181, 191, 120, 246, 253, 222, 119, 253,
       127, 177, 85, 251, 253, 67, 115, 245, 103, 195, 127, 205, 254,
       244, 255, 122, 93, 245, 239, 215, 44, 85, 190, 90, 120, 233, 116,
       120, 92, 120, 47, 213, 53, 247, 111, 153, 172, 24, 5, 240, 29,
       156, 73, 16, 242, 51, 189, 88, 87, 32, 250, 63, 182, 117, 244, 62,
       189, 187, 121, 252, 252, 214, 117, 253, 123, 184, 85, 250, 253,
       67, 115, 245, 102, 211, 247, 221, 186, 228, 255, 126, 92, 245,
       235, 223, 44, 85, 190, 223, 120, 233, 125, 124, 92, 58, 175, 213,
       53, 247, 111, 185, 172, 24, 5, 240, 29, 156, 73, 16, 242, 51, 189,
       90, 87, 32, 250, 63, 177, 253, 252, 55, 189, 249, 122, 245, 254,
       213, 245, 253, 122, 180, 86, 250, 252, 99, 115, 245, 118, 195,
       119, 205, 186, 228, 223, 90, 221, 245, 235, 223, 44, 87, 190, 223,
       120, 233, 125, 120, 93, 59, 47, 213, 53, 247, 111, 153, 172, 24,
       5, 240, 29, 156, 73, 16, 242, 51, 189, 88, 87, 32, 250, 60, 177,
       253, 246, 55, 181, 249, 123, 214, 222, 213, 244, 255, 110, 180,
       94, 250, 214, 99, 99, 247, 62, 195, 119, 221, 186, 246, 95, 82,
       156, 245, 233, 215, 36, 85, 190, 210, 120, 233, 117, 88, 92, 185,
       47, 213, 52, 245, 111, 153, 172, 24, 5, 240, 29, 156, 73, 16, 242,
       51, 189, 88, 87, 32, 250, 60, 187, 255, 252, 50, 127, 249, 127,
       245, 252, 214, 245, 127, 254, 187, 254, 251, 220, 99, 107, 245,
       61, 198, 247, 221, 235, 178, 159, 122, 221, 119, 235, 215, 36, 85,
       186, 86, 122, 249, 124, 120, 93, 185, 46, 213, 21, 245, 111, 153,
       172, 24, 5, 240, 29, 156, 73, 16, 242, 51, 189, 89, 87, 32, 250,
       60, 57, 255, 254, 50, 119, 241, 127, 213, 252, 214, 181, 125, 254,
       187, 230, 251, 220, 99, 99, 245, 61, 199, 247, 93, 171, 164, 143,
       90, 220, 53, 235, 215, 36, 85, 186, 87, 120, 233, 116, 120, 93,
       61, 46, 213, 53, 243, 111, 153, 172, 25, 5, 240, 29, 156, 73, 16,
       242, 51, 189, 91, 87, 32, 250, 61, 246, 125, 174, 62, 125, 189,
       125, 253, 254, 254, 253, 125, 63, 253, 229, 251, 252, 199, 121,
       241, 82, 189, 252, 253, 189, 229, 187, 127, 223, 127, 255, 221,
       108, 223, 254, 223, 114, 169, 125, 127, 223, 123, 191, 212, 247,
       246, 109, 185, 189, 222, 15, 250, 29, 159, 93, 188, 242, 63, 188,
       251, 223, 46, 254, 190, 250, 127, 255, 190, 125, 249, 252, 253,
       255, 255, 189, 127, 186, 255, 254, 251, 212, 127, 107, 124, 208,
       166, 60, 111, 175, 165, 187, 255, 91, 127, 251, 241, 36, 85, 250,
       82, 115, 249, 244, 250, 223, 120, 62, 208, 150, 192, 124, 153,
       173, 94, 5, 248, 29, 159, 77, 144, 242, 59, 188, 93, 94, 34, 185,
       191, 245, 125, 254, 55, 63, 95, 27, 247, 87, 189, 250, 47, 123,
       244, 93, 242, 247, 38, 119, 119, 246, 176, 118, 236, 191, 247, 57,
       255, 58, 126, 41, 210, 108, 150, 254, 202, 120, 217, 245, 82, 223,
       57, 63, 208, 22, 245, 78, 153, 175, 16, 5, 248, 29, 159, 77, 24,
       242, 115, 191, 120, 215, 46, 249, 109, 46, 228, 168, 91, 255, 167,
       71, 180, 254, 138, 53, 93, 63, 249, 229, 227, 245, 11, 100, 229,
       35, 209, 119, 77, 204, 172, 13, 82, 14, 49, 107, 245, 36, 85, 186,
       82, 122, 237, 116, 112, 92, 24, 46, 213, 22, 245, 111, 153, 172,
       24, 5, 240, 29, 156, 73, 16, 242, 51, 188, 88, 87, 32, 248, 255,
       253, 255, 255, 255, 255, 255, 249, 255, 253, 253, 251, 255, 255,
       246, 255, 251, 245, 127, 103, 255, 175, 247, 63, 111, 255, 191,
       63, 211, 27, 126, 191, 211, 47, 85, 255, 82, 125, 253, 247, 122,
       94, 120, 63, 221, 28, 253, 183, 157, 172, 26, 5, 248, 191, 156,
       73, 80, 246, 113, 191, 92, 87, 48, 250, 252, 251, 255, 245, 254,
       255, 255, 255, 252, 253, 222, 255, 255, 255, 254, 254, 251, 213,
       127, 103, 255, 175, 231, 119, 79, 255, 191, 47, 211, 30, 114, 187,
       215, 39, 85, 187, 82, 127, 237, 116, 120, 92, 56, 47, 221, 30,
       253, 111, 157, 172, 24, 5, 240, 29, 156, 73, 16, 246, 51, 189, 88,
       87, 32, 250, 255, 63, 247, 191, 254, 183, 31, 248, 238, 231, 249,
       186, 239, 219, 183, 95, 251, 213, 59, 103, 239, 167, 195, 119, 78,
       255, 189, 47, 210, 28, 114, 43, 215, 37, 85, 187, 82, 120, 229,
       116, 112, 92, 56, 47, 213, 28, 245, 111, 153, 172, 24, 5, 240, 29,
       156, 73, 16, 242, 51, 189, 88, 87, 32, 250, 59, 254, 126, 111,
       255, 253, 255, 56, 255, 253, 222, 255, 175, 127, 109, 253, 255,
       191, 255, 187, 245, 127, 219, 253, 241, 127, 243, 254, 127, 119,
       239, 247, 159, 248, 219, 52, 255, 153, 248, 127, 125, 93, 235,
       255, 245, 241, 255, 123, 190, 223, 137, 107, 254, 165, 218, 253,
       127, 215, 247, 239, 243, 251, 237, 94, 253, 61, 255, 245, 254,
       239, 255, 253, 253, 253, 222, 127, 255, 255, 250, 255, 251, 213,
       127, 103, 127, 175, 230, 55, 79, 255, 191, 47, 210, 27, 114, 191,
       211, 39, 85, 251, 82, 119, 253, 244, 88, 92, 56, 63, 221, 30, 253,
       183, 157, 172, 24, 5, 240, 63, 156, 73, 80, 254, 51, 189, 92, 87,
       32, 250, 252, 253, 255, 247, 254, 255, 251, 255, 253, 253, 255,
       255, 255, 255, 251, 254, 251, 213, 127, 111, 127, 143, 239, 61,
       191, 255, 191, 191, 223, 223, 118, 191, 243, 39, 125, 255, 86,
       119, 253, 246, 219, 92, 249, 62, 223, 30, 249, 183, 141, 173, 94,
       133, 249, 191, 148, 79, 208, 252, 121, 191, 93, 22, 50, 190, 58,
       198, 108, 143, 39, 93, 157, 165, 255, 214, 127, 220, 61, 63, 125,
       244, 157, 178, 70, 185, 241, 82, 245, 116, 253, 181, 213, 121,
       111, 255, 223, 251, 180, 124, 203, 196, 254, 82, 168, 57, 127, 29,
       121, 189, 180, 182, 244, 108, 187, 187, 207, 11, 186, 5, 243, 93,
       190, 211, 62, 252, 243, 219, 110, 222, 123, 63, 255, 183, 254,
       247, 187, 252, 238, 255, 123, 22, 255, 255, 179, 119, 251, 213,
       35, 103, 236, 39, 195, 119, 79, 223, 189, 47, 82, 26, 115, 235,
       215, 36, 85, 186, 82, 120, 233, 116, 112, 92, 56, 47, 213, 20,
       245, 111, 153, 172, 24, 5, 240, 29, 156, 73, 16, 242, 51, 189, 88,
       87, 32, 250, 123, 61, 255, 183, 255, 247, 31, 252, 254, 255, 255,
       62, 255, 238, 187, 127, 251, 213, 35, 103, 236, 167, 195, 119, 79,
       255, 189, 47, 82, 26, 115, 235, 215, 36, 85, 186, 82, 120, 233,
       116, 112, 92, 56, 47, 213, 20, 245, 111, 153, 172, 24, 5, 240, 29,
       156, 73, 16, 242, 51, 189, 88, 87, 32, 250, 191, 246, 125, 175,
       191, 253, 157, 121, 254, 255, 253, 251, 237, 127, 244, 245, 251,
       244, 39, 99, 245, 34, 177, 118, 77, 255, 245, 59, 87, 27, 119,
       251, 215, 44, 85, 190, 82, 120, 233, 245, 114, 92, 56, 47, 212,
       20, 244, 111, 153, 172, 24, 5, 240, 29, 156, 73, 16, 242, 51, 189,
       88, 87, 32, 250, 127, 48, 255, 191, 255, 231, 63, 120, 254, 231,
       255, 62, 237, 207, 187, 119, 243, 213, 35, 102, 237, 39, 195, 117,
       78, 221, 189, 47, 82, 30, 115, 235, 215, 36, 85, 186, 82, 120,
       233, 116, 112, 92, 56, 47, 213, 20, 245, 111, 153, 172, 24, 5,
       240, 29, 156, 73, 16, 242, 51, 189, 88, 87, 32, 250, 251, 248,
       255, 191, 255, 183, 91, 248, 255, 127, 213, 250, 255, 251, 182,
       93, 250, 213, 63, 103, 232, 215, 131, 117, 110, 218, 189, 63, 211,
       25, 127, 171, 215, 36, 20, 251, 82, 121, 225, 116, 210, 222, 24,
       31, 209, 28, 209, 29, 157, 172, 26, 5, 248, 29, 156, 73, 16, 246,
       59, 189, 88, 87, 34, 251, 254, 125, 255, 255, 247, 103, 127, 255,
       205, 239, 241, 186, 255, 202, 182, 95, 251, 213, 127, 111, 63,
       223, 246, 63, 191, 255, 255, 189, 211, 89, 126, 185, 98, 47, 190,
       223, 194, 125, 85, 215, 26, 203, 247, 127, 203, 61, 73, 180, 206,
       181, 86, 189, 106, 190, 134, 117, 216, 188, 105, 219, 223, 142,
       187, 183, 252, 63, 255, 244, 54, 119, 121, 255, 245, 254, 210,
       181, 79, 217, 155, 207, 187, 236, 251, 107, 245, 255, 116, 191,
       159, 107, 182, 151, 89, 213, 118, 239, 107, 27, 247, 255, 223,
       190, 241, 117, 252, 108, 243, 190, 251, 225, 195, 235, 190, 172,
