%YAML:1.0
descriptors: !!opencv-matrix
   rows: 24
   cols: 64
   dt: u
   data: [ 60, 177, 125, 180, 63, 253, 253, 123, 244, 254, 253, 241, 125,
       127, 180, 116, 243, 220, 103, 115, 245, 114, 193, 247, 221, 191,
       229, 219, 122, 223, 245, 235, 223, 44, 85, 190, 91, 120, 233, 252,
       120, 93, 56, 47, 212, 53, 247, 111, 153, 172, 24, 5, 240, 29, 156,
       73, 16, 242, 51, 189, 88, 87, 32, 250, 188, 252, 127, 237, 255,
       253, 247, 249, 253, 253, 254, 255, 255, 126, 255, 236, 251, 253,
       255, 123, 245, 127, 254, 252, 253, 255, 93, 247, 253, 223, 127,
       255, 239, 235, 239, 254, 255, 251, 253, 63, 251, 159, 255, 55,
       213, 183, 255, 99, 191, 255, 143, 239, 254, 191, 223, 93, 118,
       214, 255, 239, 251, 223, 238, 222, 44, 175, 239, 248, 50, 255,
       249, 119, 117, 254, 86, 181, 93, 126, 187, 198, 235, 220, 193,
       107, 245, 117, 198, 243, 93, 170, 160, 149, 120, 204, 61, 235,
       215, 36, 85, 186, 87, 122, 233, 124, 240, 93, 60, 46, 212, 151,
       243, 111, 153, 172, 24, 5, 242, 29, 157, 73, 16, 242, 51, 189, 89,
       87, 34, 250, 68, 33, 227, 176, 16, 6, 101, 239, 128, 196, 97, 48,
       83, 194, 147, 66, 235, 84, 35, 102, 3, 168, 228, 19, 78, 139, 182,
       9, 211, 8, 48, 8, 194, 38, 20, 186, 2, 112, 65, 84, 48, 98, 48,
       15, 212, 20, 129, 206, 25, 172, 16, 5, 112, 28, 148, 73, 16, 242,
       33, 185, 88, 86, 32, 250, 127, 244, 253, 255, 255, 183, 223, 88,
       255, 255, 149, 250, 191, 123, 180, 93, 246, 247, 59, 115, 253,
       119, 211, 125, 236, 234, 232, 127, 127, 57, 253, 111, 215, 237,
       22, 191, 210, 121, 249, 119, 82, 94, 120, 47, 209, 28, 221, 63,
       157, 172, 24, 5, 240, 189, 156, 77, 24, 246, 51, 189, 216, 87, 34,
       251, 191, 245, 125, 254, 191, 61, 93, 27, 247, 95, 189, 250, 63,
       127, 244, 253, 247, 246, 36, 113, 87, 122, 177, 118, 238, 159,
       227, 123, 215, 59, 252, 57, 210, 100, 30, 222, 194, 113, 249, 245,
       83, 222, 24, 63, 208, 22, 244, 78, 137, 165, 22, 5, 104, 29, 159,
       73, 16, 242, 49, 156, 92, 94, 34, 185, 191, 253, 125, 206, 191,
       61, 221, 90, 255, 95, 189, 250, 255, 123, 244, 253, 247, 246, 38,
       123, 119, 126, 177, 118, 239, 191, 243, 123, 255, 123, 254, 57,
       210, 108, 28, 222, 194, 113, 249, 245, 83, 223, 56, 63, 208, 22,
       244, 78, 137, 173, 22, 5, 232, 29, 159, 77, 16, 242, 51, 157, 92,
       95, 34, 185, 252, 63, 247, 245, 252, 183, 227, 255, 253, 253, 210,
       251, 239, 251, 147, 79, 250, 253, 251, 111, 255, 207, 222, 255,
       95, 235, 190, 183, 124, 221, 114, 239, 223, 103, 119, 187, 214,
       252, 253, 124, 124, 124, 250, 191, 201, 169, 91, 247, 188, 172,
       156, 217, 241, 255, 158, 77, 108, 252, 115, 159, 218, 87, 45, 254,
       252, 175, 255, 253, 114, 255, 251, 255, 221, 253, 214, 191, 223,
       252, 251, 238, 251, 221, 123, 111, 254, 189, 246, 183, 95, 251,
       182, 175, 91, 223, 54, 235, 199, 39, 117, 187, 86, 126, 253, 124,
       248, 125, 184, 63, 221, 63, 245, 239, 157, 172, 28, 133, 241, 29,
       157, 73, 80, 254, 115, 189, 91, 87, 33, 250, 109, 46, 101, 160,
       216, 191, 167, 123, 252, 124, 202, 53, 253, 127, 217, 196, 226,
       221, 203, 100, 245, 5, 136, 119, 94, 232, 44, 133, 218, 12, 57,
       235, 215, 37, 85, 186, 82, 114, 141, 124, 220, 84, 24, 142, 69, 7,
       198, 79, 153, 44, 24, 4, 240, 29, 157, 73, 16, 242, 51, 188, 88,
       87, 32, 248, 92, 50, 69, 162, 223, 163, 35, 120, 244, 60, 210, 49,
       237, 27, 153, 65, 226, 213, 11, 100, 225, 1, 129, 116, 78, 136,
       168, 13, 210, 12, 49, 235, 241, 37, 84, 187, 82, 114, 133, 116,
       208, 84, 24, 14, 209, 20, 192, 77, 153, 172, 24, 5, 240, 29, 157,
       73, 16, 242, 51, 188, 88, 86, 32, 249, 126, 50, 125, 130, 127,
       151, 15, 72, 230, 102, 145, 112, 253, 106, 176, 85, 242, 213, 3,
       100, 193, 35, 195, 119, 76, 216, 172, 15, 82, 28, 113, 105, 215,
       36, 84, 186, 82, 120, 161, 116, 112, 88, 56, 47, 213, 20, 245, 79,
       153, 172, 24, 5, 240, 29, 156, 73, 16, 242, 51, 189, 88, 87, 32,
       250, 255, 48, 247, 167, 223, 167, 63, 248, 222, 109, 213, 123,
       239, 206, 178, 85, 250, 213, 59, 100, 233, 135, 139, 125, 14, 252,
       248, 47, 210, 25, 119, 175, 87, 37, 20, 191, 82, 121, 173, 87,
       120, 72, 92, 15, 205, 29, 253, 21, 157, 172, 24, 5, 240, 188, 156,
       65, 80, 190, 51, 189, 88, 23, 48, 254, 255, 253, 255, 255, 247,
       183, 95, 121, 255, 117, 245, 187, 255, 251, 182, 95, 242, 213,
       123, 103, 125, 167, 195, 119, 78, 234, 189, 61, 211, 24, 124, 169,
       211, 37, 84, 191, 82, 121, 229, 116, 114, 94, 56, 15, 209, 28,
       229, 79, 157, 172, 24, 5, 240, 61, 156, 73, 80, 246, 51, 189, 88,
       86, 34, 251, 254, 61, 255, 247, 246, 183, 127, 123, 246, 127, 220,
       123, 255, 255, 178, 94, 251, 213, 123, 103, 255, 127, 211, 119,
       158, 254, 254, 191, 122, 216, 116, 169, 199, 47, 22, 191, 214,
       125, 253, 117, 120, 93, 191, 175, 221, 61, 245, 239, 157, 172, 24,
       141, 240, 61, 156, 89, 88, 246, 115, 191, 90, 87, 40, 250, 127,
       63, 247, 182, 118, 191, 59, 127, 244, 220, 214, 53, 127, 255, 185,
       87, 250, 213, 43, 102, 245, 39, 193, 119, 79, 234, 172, 13, 82,
       28, 112, 233, 215, 37, 85, 186, 82, 120, 233, 116, 112, 92, 56,
       47, 213, 20, 245, 111, 153, 172, 24, 5, 240, 29, 156, 73, 16, 242,
       51, 189, 88, 87, 32, 250, 126, 63, 247, 247, 254, 231, 127, 123,
       254, 125, 218, 119, 255, 239, 178, 126, 251, 213, 123, 103, 255,
       47, 211, 119, 158, 254, 254, 191, 122, 222, 118, 169, 199, 47, 87,
       191, 214, 124, 253, 117, 124, 92, 191, 175, 205, 61, 253, 239,
       157, 172, 152, 137, 242, 61, 156, 73, 88, 246, 115, 191, 90, 87,
       56, 250, 63, 54, 125, 170, 22, 61, 1, 51, 230, 70, 86, 52, 93, 63,
       185, 86, 244, 254, 67, 240, 241, 114, 209, 246, 220, 168, 228,
       201, 114, 156, 249, 233, 196, 44, 71, 190, 75, 122, 129, 92, 188,
       85, 24, 143, 84, 228, 230, 78, 155, 172, 153, 12, 242, 29, 159,
       89, 48, 242, 51, 188, 90, 214, 40, 248, 63, 54, 117, 166, 63, 189,
       185, 90, 244, 252, 194, 53, 253, 63, 185, 87, 226, 244, 3, 96,
       225, 38, 193, 119, 77, 152, 164, 15, 82, 12, 113, 235, 215, 36,
       85, 186, 82, 120, 233, 116, 112, 92, 56, 47, 212, 20, 245, 111,
       153, 172, 24, 5, 240, 29, 156, 73, 16, 242, 51, 189, 88, 87, 32,
       250, 61, 54, 245, 182, 62, 191, 57, 127, 244, 124, 214, 117, 125,
       123, 144, 84, 234, 212, 3, 97, 245, 36, 193, 119, 77, 186, 160,
       143, 82, 28, 113, 235, 215, 36, 85, 186, 82, 120, 233, 116, 240,
       92, 56, 15, 208, 20, 245, 111, 153, 172, 24, 5, 240, 29, 156, 73,
       16, 242, 51, 189, 88, 87, 32, 250, 60, 177, 253, 246, 63, 177,
       253, 122, 247, 254, 213, 241, 255, 127, 180, 82, 246, 222, 99,
       115, 245, 116, 195, 247, 205, 186, 224, 219, 122, 205, 245, 235,
       223, 36, 85, 190, 83, 120, 249, 116, 120, 93, 57, 47, 212, 53,
       247, 111, 153, 172, 24, 5, 240, 29, 156, 73, 16, 242, 51, 189, 88,
       87, 32, 250, 61, 49, 125, 164, 55, 119, 57, 126, 212, 70, 221, 52,
       125, 126, 176, 116, 251, 212, 67, 96, 241, 34, 193, 119, 76, 168,
       164, 137, 82, 12, 113, 233, 215, 36, 85, 190, 82, 120, 233, 116,
       120, 92, 56, 47, 212, 53, 245, 111, 153, 172, 24, 5, 240, 29, 156,
       73, 16, 242, 51, 189, 88, 87, 32, 250, 63, 48, 253, 188, 54, 119,
       189, 126, 244, 254, 253, 181, 125, 46, 179, 119, 251, 212, 3, 99,
       225, 35, 195, 119, 76, 207, 164, 139, 82, 28, 115, 235, 215, 36,
       85, 186, 82, 120, 233, 116, 120, 92, 56, 47, 212, 21, 245, 111,
       153, 172, 24, 5, 240, 29, 156, 73, 16, 242, 51, 189, 88, 87, 32,
       250, 61, 182, 253, 254, 62, 189, 185, 125, 252, 254, 214, 253,
       253, 123, 189, 85, 250, 254, 67, 99, 245, 36, 211, 255, 221, 58,
       244, 251, 94, 93, 245, 235, 223, 44, 85, 190, 223, 120, 233, 125,
       248, 92, 59, 175, 212, 53, 247, 111, 153, 172, 24, 5, 240, 29,
       156, 73, 16, 242, 51, 189, 90, 87, 32, 250 ]
