%YAML:1.0
descriptors: !!opencv-matrix
   rows: 8
   cols: 64
   dt: u
   data: [ 218, 251, 155, 218, 35, 91, 88, 239, 207, 146, 191, 190, 115,
       214, 255, 250, 247, 150, 108, 95, 14, 180, 229, 151, 207, 199,
       227, 105, 135, 234, 158, 56, 234, 6, 215, 254, 74, 126, 235, 240,
       178, 221, 177, 125, 182, 142, 181, 238, 215, 175, 183, 215, 186,
       29, 247, 83, 145, 242, 57, 124, 93, 92, 225, 248, 252, 249, 255,
       253, 255, 255, 247, 249, 253, 253, 254, 251, 255, 124, 254, 237,
       255, 253, 255, 255, 255, 127, 251, 255, 255, 127, 95, 246, 253,
       215, 255, 255, 223, 251, 251, 125, 255, 251, 255, 191, 255, 191,
       255, 119, 253, 255, 255, 243, 191, 223, 143, 255, 255, 255, 219,
       255, 127, 223, 255, 239, 243, 255, 255, 223, 255, 253, 255, 255,
       247, 255, 255, 255, 255, 255, 253, 251, 255, 255, 255, 255, 255,
       255, 255, 255, 127, 255, 247, 183, 255, 255, 255, 255, 255, 255,
       254, 187, 207, 127, 247, 255, 255, 125, 255, 125, 122, 255, 255,
       255, 255, 255, 255, 254, 255, 191, 255, 255, 249, 255, 255, 255,
       255, 255, 127, 255, 255, 255, 255, 254, 62, 255, 253, 255, 63,
       253, 253, 121, 127, 252, 223, 253, 253, 126, 253, 222, 255, 247,
       234, 251, 247, 125, 211, 255, 253, 255, 243, 255, 126, 255, 255,
       239, 223, 246, 215, 190, 254, 249, 251, 127, 112, 253, 251, 111,
       245, 149, 247, 111, 155, 254, 153, 79, 242, 29, 158, 93, 55, 243,
       255, 255, 251, 255, 173, 254, 187, 254, 125, 239, 255, 189, 223,
       152, 255, 127, 189, 251, 191, 122, 252, 221, 247, 247, 126, 187,
       253, 119, 155, 124, 229, 247, 251, 127, 255, 123, 255, 255, 159,
       237, 222, 87, 254, 249, 251, 255, 127, 223, 111, 125, 213, 87,
       252, 55, 190, 255, 152, 47, 254, 165, 223, 255, 124, 247, 246,
       191, 255, 223, 188, 159, 123, 55, 253, 154, 223, 191, 7, 121, 231,
       100, 213, 50, 253, 255, 188, 85, 246, 247, 67, 244, 249, 119, 147,
       247, 222, 232, 236, 29, 122, 156, 249, 169, 223, 44, 215, 190,
       202, 122, 129, 124, 62, 219, 28, 143, 85, 188, 229, 79, 153, 172,
       153, 12, 114, 29, 159, 89, 56, 246, 59, 188, 88, 214, 46, 249,
       252, 173, 255, 253, 50, 127, 249, 247, 221, 252, 222, 253, 95,
       244, 251, 238, 187, 217, 251, 111, 245, 253, 246, 183, 255, 111,
       182, 247, 109, 215, 126, 239, 239, 115, 103, 254, 255, 255, 249,
       124, 248, 61, 247, 182, 255, 167, 247, 111, 191, 172, 239, 223,
       242, 29, 157, 92, 118, 254, 127, 255, 251, 191, 105, 254, 255,
       253, 255, 255, 255, 255, 127, 255, 253, 127, 212, 251, 255, 251,
       182, 93, 251, 213, 63, 103, 127, 205, 251, 125, 94, 255, 187, 191,
       251, 91, 122, 175, 215, 39, 84, 251, 82, 125, 253, 116, 82, 222,
       58, 191, 217, 29, 253, 183, 157, 172, 24, 133, 241, 191, 156, 73,
       80, 252, 115, 191, 94, 87, 50, 251 ]
