%YAML:1.0
descriptors: !!opencv-matrix
   rows: 14
   cols: 64
   dt: u
   data: [ 252, 249, 255, 255, 118, 127, 253, 255, 223, 253, 255, 253,
       127, 254, 255, 254, 255, 223, 123, 111, 63, 191, 231, 183, 255,
       239, 247, 255, 123, 255, 246, 235, 207, 47, 117, 255, 223, 127,
       251, 125, 122, 253, 245, 127, 255, 63, 247, 110, 159, 174, 159,
       223, 248, 61, 156, 93, 81, 247, 123, 255, 123, 127, 163, 250, 250,
       185, 255, 254, 54, 127, 221, 191, 215, 221, 253, 253, 127, 254,
       54, 254, 255, 215, 122, 255, 119, 191, 231, 183, 223, 255, 247,
       255, 91, 254, 246, 235, 223, 63, 117, 191, 223, 124, 250, 125,
       120, 125, 177, 111, 255, 53, 247, 110, 159, 174, 27, 199, 240, 29,
       156, 77, 81, 243, 115, 255, 123, 119, 161, 250, 254, 249, 255,
       253, 118, 127, 127, 255, 255, 253, 253, 187, 255, 250, 254, 254,
       255, 215, 127, 111, 63, 189, 231, 63, 255, 255, 247, 255, 251,
       255, 254, 191, 243, 39, 52, 255, 214, 127, 247, 253, 218, 255,
       253, 127, 251, 30, 201, 190, 221, 173, 95, 215, 248, 127, 149, 79,
       209, 254, 121, 255, 125, 60, 179, 255, 252, 249, 255, 255, 242,
       103, 255, 254, 253, 253, 253, 255, 255, 255, 255, 238, 251, 213,
       127, 111, 63, 143, 231, 63, 111, 255, 191, 191, 255, 207, 118,
       191, 243, 103, 117, 251, 82, 117, 253, 246, 123, 125, 249, 127,
       223, 31, 253, 180, 205, 173, 94, 181, 217, 255, 148, 207, 216,
       252, 105, 255, 93, 93, 51, 250, 63, 255, 255, 254, 63, 253, 253,
       127, 255, 254, 221, 249, 255, 127, 189, 94, 255, 255, 227, 251,
       247, 127, 219, 255, 253, 255, 247, 255, 127, 255, 255, 239, 223,
       254, 247, 190, 255, 248, 251, 127, 124, 93, 251, 239, 247, 181,
       247, 111, 187, 254, 185, 79, 246, 29, 252, 93, 62, 243, 247, 255,
       251, 255, 237, 254, 191, 254, 124, 239, 255, 189, 223, 25, 255,
       127, 253, 251, 175, 127, 236, 93, 183, 247, 254, 185, 253, 119,
       147, 124, 245, 255, 249, 255, 255, 127, 255, 247, 223, 252, 222,
       183, 255, 249, 248, 255, 127, 223, 107, 189, 245, 115, 254, 127,
       188, 255, 152, 15, 254, 165, 223, 125, 62, 183, 247, 191, 250,
       223, 174, 159, 120, 52, 253, 155, 254, 151, 31, 125, 231, 102,
       145, 54, 253, 172, 187, 86, 246, 247, 90, 244, 249, 215, 211, 229,
       220, 96, 252, 125, 34, 156, 253, 235, 207, 45, 71, 191, 202, 120,
       165, 94, 52, 73, 84, 142, 213, 124, 229, 15, 159, 172, 152, 13,
       50, 29, 156, 91, 88, 246, 59, 189, 90, 215, 40, 242, 188, 237,
       254, 222, 34, 93, 245, 183, 189, 212, 126, 221, 31, 191, 253, 238,
       189, 186, 231, 171, 55, 254, 245, 183, 249, 63, 149, 208, 109,
       214, 222, 185, 154, 122, 99, 228, 255, 90, 218, 60, 251, 191, 191,
       247, 188, 247, 119, 238, 235, 171, 239, 223, 216, 15, 171, 92, 63,
       211, 111, 239, 115, 249, 207, 219, 252, 124, 255, 253, 254, 127,
       243, 255, 253, 253, 222, 191, 255, 188, 251, 238, 251, 213, 123,
       111, 125, 215, 247, 181, 95, 253, 188, 191, 251, 223, 126, 191,
       249, 37, 119, 255, 214, 119, 253, 124, 250, 93, 125, 62, 221, 191,
       201, 245, 157, 172, 223, 141, 243, 127, 157, 79, 80, 252, 57, 189,
       95, 94, 50, 254, 187, 212, 108, 239, 255, 189, 223, 24, 191, 127,
       181, 250, 189, 123, 52, 93, 244, 247, 30, 249, 252, 115, 210, 124,
       108, 235, 233, 127, 127, 121, 125, 239, 215, 236, 158, 223, 210,
       121, 249, 255, 114, 223, 111, 47, 209, 20, 253, 31, 157, 190, 26,
       5, 248, 189, 158, 109, 56, 246, 187, 159, 249, 223, 46, 255, 221,
       250, 255, 237, 254, 255, 247, 242, 125, 117, 253, 219, 223, 252,
       254, 233, 255, 253, 255, 237, 255, 221, 171, 249, 239, 127, 29,
       254, 253, 199, 255, 255, 223, 247, 251, 91, 79, 253, 253, 63, 123,
       191, 251, 55, 253, 191, 254, 177, 207, 213, 231, 254, 223, 255,
       139, 191, 119, 221, 185, 239, 213, 255, 87, 255, 126, 225, 109,
       251, 254, 247, 247, 253, 213, 126, 252, 191, 249, 118, 191, 108,
       219, 221, 251, 254, 251, 249, 143, 222, 254, 253, 31, 165, 239,
       223, 63, 255, 207, 239, 159, 251, 255, 241, 127, 62, 59, 233, 247,
       127, 85, 189, 255, 243, 63, 253, 207, 238, 159, 250, 206, 187,
       247, 236, 239, 219, 223, 175, 253, 246, 59, 223, 254, 254, 55,
       255, 221, 31, 255, 214, 157, 238, 191, 255, 127, 255, 255, 247,
       120, 255, 183, 127, 211, 119, 245, 247, 243, 125, 127, 251, 254,
       225, 143, 254, 255, 222, 235, 93, 250, 123, 60, 253, 255, 253,
       183, 221, 247, 111, 223, 187, 190, 79, 254, 37, 254, 221, 57, 247,
       255, 255, 251, 249, 253, 218, 60, 234, 253, 233, 234, 253, 245,
       113, 253, 125, 254, 223, 221, 124, 253, 236, 219, 249, 251, 104,
       245, 86, 154, 253, 127, 125, 29, 182, 237, 215, 127, 239, 223,
       194, 67, 120, 247, 251, 253, 62, 255, 189, 255, 55, 125, 183, 254,
       227, 191, 229, 175, 188, 255, 29, 139, 29, 126, 206, 255, 237,
       219, 207, 111, 254 ]
