%YAML:1.0
descriptors: !!opencv-matrix
   rows: 39
   cols: 64
   dt: u
   data: [ 63, 182, 253, 190, 63, 117, 189, 127, 246, 254, 212, 245, 125,
       127, 187, 87, 251, 214, 99, 99, 245, 35, 195, 119, 205, 255, 244,
       187, 90, 94, 247, 235, 215, 44, 85, 190, 83, 120, 233, 116, 120,
       92, 56, 47, 213, 21, 247, 111, 153, 172, 24, 5, 240, 29, 156, 73,
       16, 242, 51, 189, 88, 87, 32, 250, 60, 245, 253, 254, 55, 127,
       253, 127, 247, 252, 253, 251, 125, 126, 182, 127, 251, 214, 99,
       99, 245, 55, 195, 119, 205, 255, 245, 251, 91, 94, 247, 235, 215,
       36, 85, 190, 82, 120, 233, 117, 120, 93, 57, 47, 213, 21, 247,
       111, 153, 172, 24, 5, 240, 29, 156, 73, 16, 242, 51, 189, 88, 87,
       32, 250, 60, 54, 117, 162, 63, 189, 33, 121, 196, 124, 210, 53,
       125, 26, 185, 69, 242, 220, 67, 96, 241, 34, 209, 247, 92, 168,
       164, 143, 82, 28, 113, 235, 207, 36, 85, 190, 83, 120, 169, 116,
       248, 92, 24, 143, 212, 53, 247, 79, 153, 172, 24, 5, 240, 29, 156,
       73, 16, 242, 51, 189, 88, 87, 32, 250, 62, 50, 125, 188, 63, 181,
       57, 126, 244, 254, 215, 177, 125, 26, 185, 87, 242, 220, 67, 98,
       225, 34, 193, 119, 205, 168, 228, 143, 82, 28, 117, 235, 215, 36,
       85, 190, 82, 120, 225, 116, 120, 92, 56, 47, 212, 21, 243, 111,
       153, 172, 24, 5, 240, 29, 156, 73, 16, 242, 51, 189, 88, 87, 32,
       250, 63, 181, 125, 190, 55, 181, 61, 124, 246, 228, 213, 176, 125,
       123, 180, 87, 242, 212, 3, 99, 229, 34, 193, 119, 205, 138, 228,
       159, 82, 12, 113, 235, 215, 36, 85, 190, 82, 120, 233, 116, 120,
       92, 56, 47, 212, 21, 245, 111, 153, 172, 24, 5, 240, 29, 156, 73,
       16, 242, 51, 189, 88, 87, 32, 250, 62, 48, 125, 182, 63, 181, 187,
       121, 214, 254, 215, 119, 253, 110, 177, 84, 250, 213, 67, 98, 229,
       39, 195, 119, 204, 154, 244, 47, 82, 29, 245, 235, 215, 36, 85,
       190, 82, 120, 233, 116, 112, 92, 56, 47, 213, 20, 245, 111, 153,
       172, 24, 5, 240, 29, 156, 73, 16, 242, 51, 189, 88, 87, 32, 250,
       63, 246, 125, 174, 191, 189, 159, 88, 246, 127, 245, 250, 253,
       123, 180, 85, 242, 247, 7, 113, 241, 114, 145, 126, 236, 190, 225,
       59, 126, 91, 245, 235, 215, 108, 214, 190, 90, 120, 233, 117, 118,
       94, 122, 47, 208, 21, 245, 79, 153, 172, 24, 5, 240, 29, 156, 73,
       24, 242, 51, 189, 88, 215, 32, 251, 191, 247, 125, 254, 183, 189,
       95, 88, 63, 95, 189, 250, 191, 123, 244, 93, 242, 245, 44, 127,
       103, 116, 144, 114, 109, 247, 243, 59, 127, 122, 125, 41, 210,
       100, 212, 186, 210, 120, 249, 245, 118, 223, 57, 61, 209, 22, 245,
       111, 153, 173, 24, 5, 248, 29, 159, 77, 24, 246, 51, 191, 88, 223,
       42, 251, 252, 250, 255, 175, 255, 127, 187, 252, 253, 254, 254,
       191, 125, 190, 251, 238, 251, 212, 91, 106, 253, 211, 239, 60,
       125, 233, 188, 155, 255, 223, 127, 255, 245, 36, 87, 254, 86, 115,
       233, 252, 218, 93, 90, 30, 212, 167, 192, 109, 157, 173, 30, 5,
       242, 29, 157, 73, 16, 246, 59, 188, 91, 94, 34, 249, 252, 248,
       255, 253, 62, 127, 241, 255, 221, 253, 254, 189, 95, 190, 251,
       238, 251, 220, 251, 107, 253, 223, 238, 191, 125, 239, 180, 179,
       125, 219, 127, 255, 253, 101, 117, 250, 215, 123, 249, 124, 250,
       93, 251, 62, 221, 167, 209, 111, 159, 173, 223, 141, 248, 31, 157,
       93, 80, 246, 59, 253, 219, 31, 34, 255, 60, 138, 255, 205, 42,
       127, 177, 247, 189, 252, 206, 213, 95, 188, 251, 238, 235, 220,
       251, 107, 244, 19, 238, 179, 125, 105, 156, 134, 125, 199, 63,
       239, 245, 32, 85, 184, 86, 250, 233, 124, 248, 29, 122, 54, 213,
       182, 243, 107, 185, 172, 159, 13, 240, 29, 156, 73, 52, 242, 59,
       189, 91, 95, 34, 254, 187, 221, 124, 254, 55, 189, 223, 24, 191,
       223, 61, 202, 191, 123, 116, 125, 246, 247, 36, 251, 102, 126,
       177, 118, 109, 247, 243, 123, 127, 123, 247, 57, 214, 108, 214,
       254, 210, 121, 250, 253, 246, 223, 125, 125, 208, 22, 245, 111,
       153, 173, 24, 5, 248, 29, 159, 77, 24, 246, 115, 191, 89, 223, 42,
       251, 182, 35, 105, 148, 50, 20, 25, 67, 135, 199, 147, 118, 83,
       228, 176, 86, 178, 212, 6, 99, 7, 180, 224, 98, 93, 146, 182, 25,
       2, 190, 60, 41, 66, 52, 86, 154, 194, 122, 195, 214, 128, 72, 53,
       104, 178, 28, 225, 46, 155, 172, 16, 5, 114, 29, 180, 89, 0, 114,
       49, 189, 88, 86, 32, 250, 191, 253, 124, 204, 54, 125, 221, 115,
       63, 214, 255, 248, 93, 60, 124, 255, 245, 252, 102, 249, 55, 114,
       177, 242, 253, 63, 229, 88, 117, 94, 252, 185, 234, 60, 212, 222,
       202, 123, 201, 245, 122, 223, 125, 47, 212, 54, 246, 110, 155,
       173, 22, 15, 250, 29, 159, 89, 16, 243, 59, 188, 121, 223, 46,
       250, 41, 150, 118, 43, 155, 101, 161, 156, 253, 220, 42, 103, 189,
       47, 171, 117, 235, 246, 129, 34, 241, 2, 159, 116, 80, 173, 121,
       35, 218, 90, 123, 247, 253, 36, 95, 178, 115, 112, 41, 124, 125,
       84, 26, 142, 84, 81, 80, 229, 185, 44, 24, 5, 240, 29, 140, 65,
       26, 240, 39, 188, 90, 87, 32, 248, 188, 232, 255, 237, 186, 253,
       253, 253, 253, 255, 252, 255, 255, 127, 255, 236, 251, 221, 255,
       107, 245, 125, 254, 255, 255, 255, 55, 183, 109, 223, 127, 255,
       255, 102, 127, 250, 223, 255, 249, 190, 127, 255, 255, 63, 223,
       183, 255, 243, 191, 189, 159, 237, 250, 29, 159, 93, 28, 246, 255,
       237, 219, 95, 43, 255, 251, 220, 255, 207, 255, 127, 223, 186,
       127, 255, 255, 255, 191, 254, 126, 253, 253, 247, 125, 251, 244,
       221, 181, 122, 255, 255, 251, 123, 255, 219, 255, 255, 243, 101,
       95, 251, 90, 119, 249, 252, 243, 223, 124, 63, 221, 22, 252, 125,
       141, 173, 30, 5, 250, 31, 159, 77, 24, 246, 59, 189, 93, 95, 34,
       187, 255, 255, 127, 253, 119, 127, 223, 251, 255, 223, 253, 251,
       127, 251, 252, 255, 251, 245, 127, 111, 117, 255, 180, 118, 237,
       255, 255, 63, 255, 95, 126, 251, 242, 109, 247, 255, 210, 121,
       249, 245, 118, 223, 59, 63, 215, 158, 244, 110, 141, 173, 30, 5,
       248, 63, 159, 77, 16, 246, 115, 159, 95, 87, 38, 187, 157, 222,
       94, 227, 255, 249, 247, 152, 191, 221, 230, 235, 175, 91, 236,
       221, 255, 255, 253, 59, 245, 95, 186, 120, 163, 255, 123, 119,
       253, 99, 247, 247, 159, 211, 219, 69, 247, 221, 255, 51, 253, 157,
       234, 117, 253, 203, 254, 177, 238, 223, 149, 189, 221, 231, 203,
       255, 119, 220, 244, 47, 247, 249, 157, 158, 58, 49, 117, 246, 191,
       169, 91, 40, 214, 57, 215, 115, 253, 115, 144, 80, 246, 150, 70,
       242, 199, 42, 131, 126, 204, 154, 231, 123, 218, 185, 245, 238,
       223, 44, 68, 190, 222, 120, 249, 245, 217, 92, 153, 79, 192, 53,
       249, 79, 137, 166, 25, 7, 240, 28, 156, 73, 16, 243, 51, 187, 120,
       87, 160, 252, 13, 182, 117, 33, 189, 177, 161, 124, 184, 189, 198,
       117, 236, 57, 129, 1, 226, 236, 195, 120, 241, 98, 202, 253, 96,
       40, 68, 150, 124, 69, 97, 239, 253, 232, 213, 52, 117, 186, 41,
       53, 221, 20, 90, 134, 64, 225, 219, 99, 184, 124, 13, 5, 244, 156,
       154, 77, 62, 210, 183, 140, 218, 215, 36, 95, 191, 245, 109, 246,
       63, 189, 223, 57, 255, 127, 245, 250, 189, 122, 180, 85, 250, 247,
       102, 251, 247, 114, 211, 118, 189, 255, 247, 59, 126, 123, 245,
       235, 215, 108, 150, 254, 218, 121, 249, 125, 120, 223, 127, 47,
       213, 21, 245, 111, 157, 174, 24, 13, 250, 29, 158, 93, 56, 242,
       115, 191, 251, 223, 44, 250, 61, 190, 255, 109, 62, 245, 181, 252,
       249, 189, 254, 253, 237, 61, 171, 229, 249, 252, 227, 123, 245,
       99, 94, 253, 229, 111, 116, 242, 125, 85, 115, 255, 255, 104, 221,
       52, 255, 184, 249, 125, 125, 93, 122, 190, 212, 225, 215, 107,
       184, 252, 12, 13, 240, 157, 156, 77, 54, 242, 183, 159, 250, 223,
       36, 254, 191, 214, 124, 173, 190, 189, 159, 80, 63, 255, 119, 219,
       157, 123, 252, 213, 242, 213, 5, 99, 197, 32, 194, 114, 109, 223,
       177, 127, 94, 31, 119, 107, 215, 36, 85, 186, 82, 122, 233, 116,
