%YAML:1.0
descriptors: !!opencv-matrix
   rows: 6
   cols: 64
   dt: u
   data: [ 7, 182, 93, 43, 190, 184, 159, 80, 122, 62, 46, 67, 204, 123,
       233, 81, 230, 247, 1, 224, 197, 96, 3, 112, 196, 156, 161, 123,
       90, 15, 241, 99, 215, 36, 85, 186, 90, 120, 233, 116, 112, 92, 56,
       47, 212, 84, 245, 79, 153, 172, 24, 5, 240, 29, 156, 73, 16, 242,
       51, 189, 88, 87, 32, 250, 63, 214, 124, 174, 63, 189, 159, 24, 54,
       127, 245, 250, 173, 123, 180, 85, 246, 247, 5, 243, 229, 112, 195,
       122, 77, 158, 225, 123, 94, 31, 245, 107, 215, 36, 212, 186, 82,
       120, 233, 117, 112, 94, 58, 47, 212, 20, 245, 111, 153, 172, 24,
       5, 240, 29, 156, 73, 16, 242, 51, 189, 88, 87, 32, 251, 61, 182,
       125, 168, 63, 189, 165, 121, 189, 92, 222, 53, 125, 62, 253, 229,
       243, 252, 195, 112, 245, 114, 152, 244, 125, 188, 96, 145, 124,
       222, 125, 233, 221, 96, 215, 186, 247, 122, 169, 124, 252, 221,
       94, 47, 84, 167, 246, 109, 185, 173, 153, 12, 242, 29, 159, 93,
       60, 242, 63, 188, 219, 207, 46, 248, 59, 255, 253, 254, 62, 255,
       255, 47, 255, 253, 93, 249, 255, 127, 62, 222, 255, 255, 99, 251,
       247, 125, 211, 255, 221, 255, 247, 255, 111, 243, 255, 239, 199,
       252, 101, 54, 255, 248, 248, 127, 124, 95, 251, 239, 247, 53, 247,
       111, 185, 238, 25, 79, 246, 29, 158, 77, 63, 247, 247, 255, 251,
       119, 169, 254, 236, 238, 239, 253, 254, 255, 255, 249, 249, 253,
       254, 255, 255, 246, 251, 237, 171, 221, 255, 111, 253, 61, 158,
       253, 127, 127, 59, 183, 253, 95, 63, 255, 255, 99, 125, 251, 255,
       255, 253, 53, 251, 125, 251, 62, 253, 175, 223, 243, 173, 253, 28,
       247, 251, 255, 157, 77, 86, 254, 255, 175, 223, 79, 177, 254, 251,
       253, 255, 223, 254, 223, 219, 30, 255, 253, 53, 251, 255, 251,
       190, 223, 254, 247, 120, 187, 255, 125, 243, 127, 255, 251, 247,
       127, 127, 249, 223, 111, 215, 255, 55, 119, 254, 253, 250, 127,
       243, 223, 239, 127, 187, 156, 253, 127, 253, 255, 158, 207, 252,
       189, 191, 239, 127, 255, 254, 223, 251, 253, 191, 255 ]
