%YAML:1.0
descriptors: !!opencv-matrix
   rows: 15
   cols: 64
   dt: u
   data: [ 222, 251, 223, 255, 255, 251, 255, 254, 255, 191, 254, 255,
       255, 254, 254, 251, 255, 255, 255, 191, 237, 255, 239, 255, 231,
       255, 251, 247, 255, 239, 255, 255, 223, 251, 255, 245, 127, 255,
       255, 253, 251, 253, 243, 127, 255, 247, 255, 255, 255, 255, 255,
       247, 255, 255, 255, 255, 247, 255, 191, 255, 255, 255, 247, 222,
       191, 255, 127, 239, 255, 255, 255, 251, 255, 223, 255, 255, 255,
       127, 253, 253, 247, 255, 255, 255, 247, 126, 189, 255, 255, 255,
       111, 255, 255, 255, 255, 255, 254, 255, 254, 223, 255, 255, 255,
       191, 223, 255, 255, 126, 250, 255, 218, 255, 239, 255, 247, 255,
       255, 231, 239, 255, 255, 223, 254, 238, 247, 255, 255, 189, 255,
       252, 255, 239, 255, 255, 255, 251, 255, 255, 255, 251, 255, 190,
       255, 255, 247, 255, 255, 253, 253, 215, 219, 253, 255, 253, 253,
       255, 255, 255, 255, 255, 255, 253, 255, 255, 255, 255, 253, 255,
       255, 223, 127, 63, 255, 255, 254, 253, 255, 255, 191, 191, 255,
       255, 255, 255, 126, 255, 255, 252, 255, 223, 126, 254, 222, 251,
       155, 255, 255, 251, 250, 251, 223, 187, 255, 255, 243, 210, 254,
       251, 255, 223, 255, 223, 207, 191, 235, 223, 239, 223, 255, 239,
       215, 239, 191, 254, 207, 191, 255, 255, 127, 255, 239, 119, 251,
       253, 243, 127, 255, 255, 191, 255, 255, 255, 191, 247, 255, 255,
       255, 243, 87, 251, 191, 255, 125, 127, 247, 255, 60, 189, 255,
       252, 50, 127, 249, 247, 253, 252, 222, 213, 95, 252, 255, 238,
       255, 220, 251, 107, 245, 125, 246, 247, 249, 111, 182, 222, 109,
       215, 255, 239, 207, 106, 103, 254, 223, 122, 249, 125, 248, 93,
       247, 191, 253, 183, 247, 111, 191, 172, 143, 207, 242, 29, 157,
       93, 54, 242, 123, 255, 251, 95, 43, 254, 252, 249, 255, 253, 118,
       127, 253, 255, 253, 220, 253, 191, 127, 253, 255, 238, 251, 221,
       123, 111, 126, 253, 228, 183, 255, 239, 183, 157, 127, 223, 126,
       187, 250, 103, 117, 255, 214, 127, 209, 125, 254, 255, 253, 62,
       255, 191, 193, 238, 159, 173, 223, 221, 250, 63, 159, 93, 88, 254,
       123, 255, 91, 78, 43, 251, 255, 50, 255, 165, 255, 183, 191, 248,
       254, 125, 255, 123, 255, 125, 179, 85, 251, 213, 107, 102, 252,
       39, 130, 117, 78, 255, 189, 63, 218, 94, 119, 235, 215, 36, 85,
       190, 82, 120, 233, 116, 112, 92, 56, 47, 213, 20, 245, 111, 153,
       172, 24, 5, 240, 29, 156, 73, 16, 242, 51, 189, 88, 87, 32, 250,
       252, 43, 255, 245, 114, 127, 251, 255, 221, 253, 254, 191, 95,
       250, 251, 238, 251, 221, 251, 111, 127, 157, 230, 183, 95, 239,
       191, 191, 249, 223, 126, 255, 243, 39, 117, 251, 215, 127, 253,
       124, 248, 125, 249, 62, 223, 63, 123, 238, 221, 172, 255, 213,
       241, 127, 157, 77, 208, 252, 115, 255, 95, 86, 49, 254, 63, 254,
       125, 255, 191, 189, 255, 120, 127, 255, 253, 251, 173, 123, 252,
       93, 247, 247, 109, 123, 245, 117, 211, 123, 237, 255, 241, 127,
       127, 123, 247, 255, 215, 100, 215, 186, 247, 121, 249, 125, 118,
       94, 123, 175, 213, 145, 245, 111, 153, 189, 24, 13, 240, 29, 158,
       77, 48, 246, 51, 191, 218, 215, 44, 254, 59, 159, 255, 255, 63,
       189, 221, 88, 127, 254, 191, 201, 237, 125, 125, 95, 255, 247, 96,
       251, 244, 108, 211, 123, 205, 255, 243, 127, 126, 127, 245, 235,
       215, 116, 87, 186, 250, 120, 248, 125, 116, 92, 59, 47, 245, 16,
       245, 111, 153, 174, 24, 7, 240, 29, 156, 77, 16, 243, 51, 191, 90,
       215, 32, 250, 187, 212, 124, 239, 255, 189, 223, 24, 255, 127, 61,
       251, 175, 123, 116, 93, 246, 247, 60, 243, 228, 119, 155, 124,
       228, 223, 249, 127, 254, 123, 247, 111, 215, 236, 222, 182, 251,
       121, 233, 247, 114, 222, 106, 45, 213, 20, 245, 127, 153, 188, 24,
       5, 252, 157, 158, 73, 16, 246, 179, 189, 218, 87, 32, 251, 227,
       150, 80, 35, 223, 176, 143, 8, 238, 123, 32, 107, 172, 75, 36, 85,
       118, 247, 5, 144, 201, 7, 155, 124, 70, 220, 233, 47, 146, 59,
       225, 103, 213, 172, 222, 183, 114, 48, 169, 246, 68, 76, 10, 137,
       209, 80, 244, 85, 152, 172, 24, 1, 244, 149, 156, 105, 16, 178,
       179, 188, 216, 87, 48, 120, 124, 235, 255, 253, 50, 127, 251, 255,
       253, 252, 254, 189, 125, 126, 255, 238, 251, 220, 91, 111, 245,
       241, 231, 182, 93, 239, 164, 159, 127, 223, 127, 251, 255, 36, 85,
       186, 87, 122, 249, 124, 250, 93, 121, 62, 213, 183, 243, 110, 157,
       173, 30, 5, 242, 29, 157, 77, 16, 246, 59, 189, 89, 86, 34, 251,
       125, 253, 255, 252, 118, 127, 113, 127, 181, 220, 244, 177, 95,
       251, 182, 238, 251, 221, 123, 111, 117, 143, 228, 51, 111, 235,
       166, 157, 123, 92, 120, 233, 246, 39, 20, 250, 82, 118, 209, 244,
       218, 223, 56, 46, 217, 23, 193, 238, 153, 172, 30, 5, 248, 29,
       157, 73, 16, 242, 59, 189, 88, 86, 34, 251, 60, 54, 125, 170, 54,
       63, 55, 121, 245, 84, 254, 53, 125, 63, 253, 228, 242, 252, 67,
       244, 241, 114, 145, 246, 221, 44, 236, 157, 126, 222, 253, 233,
       204, 108, 199, 190, 223, 114, 137, 124, 254, 221, 30, 143, 84,
       231, 230, 78, 187, 173, 137, 12, 242, 29, 159, 93, 60, 242, 59,
       188, 91, 222, 46, 248 ]
