%YAML:1.0
descriptors: !!opencv-matrix
   rows: 24
   cols: 64
   dt: u
   data: [ 62, 176, 125, 191, 62, 247, 191, 121, 252, 255, 252, 255, 253,
       126, 179, 116, 251, 221, 99, 99, 245, 39, 195, 126, 205, 255, 245,
       175, 90, 95, 119, 239, 215, 44, 85, 190, 83, 120, 233, 116, 120,
       92, 120, 47, 213, 21, 247, 111, 153, 172, 24, 5, 240, 29, 156, 73,
       16, 242, 51, 189, 88, 87, 32, 250, 63, 178, 125, 255, 63, 189,
       255, 120, 253, 254, 254, 251, 253, 127, 185, 87, 251, 223, 99,
       123, 245, 103, 195, 126, 205, 255, 245, 255, 122, 95, 247, 239,
       215, 44, 85, 190, 95, 120, 233, 117, 120, 92, 58, 47, 213, 53,
       247, 111, 153, 172, 24, 5, 240, 29, 156, 73, 16, 242, 51, 189, 88,
       87, 32, 250, 60, 179, 125, 247, 63, 181, 253, 120, 254, 255, 253,
       251, 255, 123, 180, 85, 242, 213, 103, 99, 245, 126, 195, 119,
       205, 190, 231, 191, 126, 223, 117, 235, 215, 44, 87, 190, 210,
       120, 249, 117, 120, 93, 121, 47, 212, 53, 245, 111, 153, 172, 24,
       5, 240, 29, 156, 73, 16, 242, 51, 189, 88, 87, 32, 250, 61, 62,
       125, 169, 190, 253, 163, 253, 253, 255, 254, 61, 253, 63, 251,
       229, 251, 252, 203, 104, 249, 210, 158, 188, 221, 173, 44, 187,
       255, 95, 123, 255, 253, 100, 215, 254, 87, 115, 169, 124, 254, 85,
       90, 62, 84, 167, 202, 117, 184, 45, 158, 13, 242, 157, 143, 93,
       52, 244, 43, 188, 218, 206, 46, 244, 188, 254, 127, 229, 190, 253,
       253, 249, 253, 253, 254, 255, 255, 191, 251, 252, 251, 220, 127,
       107, 253, 210, 190, 60, 127, 189, 189, 187, 255, 95, 127, 255,
       241, 100, 117, 254, 214, 115, 185, 244, 219, 93, 90, 62, 220, 167,
       216, 117, 137, 173, 94, 5, 248, 31, 159, 77, 144, 246, 59, 156,
       95, 30, 34, 188, 109, 27, 247, 241, 223, 191, 39, 126, 188, 125,
       198, 59, 255, 253, 190, 77, 234, 221, 123, 102, 252, 135, 202,
       119, 78, 234, 188, 47, 218, 76, 58, 235, 223, 39, 85, 187, 82,
       120, 229, 116, 120, 92, 24, 15, 213, 61, 229, 207, 157, 172, 24,
       5, 240, 29, 156, 73, 16, 246, 51, 189, 88, 87, 32, 250, 252, 249,
       255, 253, 254, 239, 251, 255, 221, 253, 252, 255, 255, 254, 255,
       238, 251, 213, 127, 111, 63, 143, 239, 189, 255, 255, 255, 191,
       223, 223, 126, 191, 239, 47, 127, 255, 214, 247, 253, 254, 123,
       126, 243, 63, 223, 63, 127, 181, 237, 173, 94, 245, 217, 255, 148,
       231, 208, 252, 105, 255, 223, 95, 179, 191, 252, 255, 255, 253,
       114, 127, 251, 255, 253, 253, 254, 189, 95, 254, 255, 238, 187,
       221, 251, 111, 127, 255, 246, 183, 255, 111, 182, 247, 109, 215,
       126, 255, 239, 115, 103, 255, 215, 255, 253, 125, 254, 125, 247,
       246, 255, 191, 115, 238, 191, 173, 255, 223, 251, 127, 156, 92,
       255, 254, 127, 255, 251, 255, 171, 255, 187, 221, 125, 239, 191,
       61, 221, 216, 191, 95, 253, 251, 175, 123, 244, 253, 247, 246, 63,
       123, 116, 102, 176, 126, 111, 255, 243, 123, 255, 123, 127, 251,
       242, 108, 156, 222, 210, 117, 249, 245, 87, 222, 59, 63, 208, 22,
       212, 93, 137, 189, 22, 5, 232, 31, 159, 77, 24, 246, 51, 158, 92,
       95, 34, 185, 191, 245, 125, 252, 55, 63, 93, 91, 247, 87, 253,
       250, 255, 121, 244, 93, 243, 245, 38, 127, 118, 246, 176, 118,
       253, 255, 247, 123, 255, 58, 126, 169, 210, 108, 214, 254, 218,
       120, 217, 245, 82, 222, 57, 63, 208, 22, 245, 110, 153, 173, 24,
       5, 248, 29, 159, 77, 16, 242, 115, 191, 120, 215, 42, 251, 187,
       222, 110, 239, 191, 125, 221, 187, 63, 223, 124, 219, 159, 189,
       126, 252, 243, 212, 37, 107, 108, 196, 164, 48, 111, 223, 177, 59,
       255, 27, 122, 59, 240, 100, 84, 250, 82, 115, 233, 244, 114, 94,
       56, 63, 212, 22, 244, 108, 153, 173, 30, 5, 248, 29, 157, 73, 16,
       242, 51, 188, 92, 86, 34, 185, 176, 205, 25, 143, 194, 205, 215,
       161, 95, 69, 63, 222, 145, 118, 254, 236, 239, 211, 60, 36, 6, 61,
       131, 64, 123, 215, 29, 40, 167, 202, 30, 57, 134, 39, 113, 218,
       66, 89, 239, 60, 49, 221, 164, 55, 29, 28, 252, 164, 133, 133,
       131, 44, 153, 3, 142, 235, 112, 120, 56, 41, 81, 77, 32, 250, 107,
       206, 110, 171, 183, 125, 143, 141, 173, 254, 59, 174, 61, 62, 127,
       239, 153, 244, 121, 252, 56, 211, 223, 60, 117, 245, 25, 49, 255,
       251, 127, 147, 225, 204, 223, 203, 251, 119, 173, 58, 166, 93,
       108, 61, 23, 207, 116, 176, 223, 153, 246, 45, 159, 167, 231, 190,
       176, 228, 169, 124, 207, 203, 120, 178, 252, 237, 255, 253, 112,
       111, 249, 247, 221, 253, 237, 255, 211, 242, 222, 238, 171, 221,
       255, 111, 63, 141, 230, 187, 127, 127, 183, 183, 89, 199, 54, 191,
       199, 51, 117, 251, 151, 253, 255, 119, 123, 125, 251, 119, 255,
       61, 127, 179, 253, 172, 127, 255, 209, 255, 188, 238, 213, 253,
       113, 239, 255, 117, 145, 254, 252, 233, 255, 253, 240, 103, 251,
       247, 221, 253, 253, 255, 211, 243, 219, 234, 171, 221, 255, 111,
       63, 141, 238, 187, 111, 127, 191, 183, 221, 207, 54, 191, 243,
       167, 117, 251, 87, 255, 255, 246, 251, 124, 249, 126, 251, 63,
       123, 178, 205, 237, 126, 245, 217, 255, 180, 238, 209, 252, 97,
       127, 221, 117, 147, 255, 248, 251, 255, 253, 254, 119, 251, 255,
       253, 253, 254, 223, 223, 252, 251, 238, 251, 213, 127, 111, 126,
       191, 230, 63, 127, 255, 191, 191, 223, 219, 126, 191, 247, 39,
       117, 251, 86, 127, 253, 244, 250, 93, 250, 62, 223, 190, 217, 255,
       157, 173, 94, 133, 248, 63, 157, 77, 208, 252, 123, 191, 95, 87,
       32, 250, 58, 217, 254, 254, 55, 191, 220, 51, 255, 255, 213, 248,
       191, 250, 52, 95, 189, 179, 126, 219, 183, 127, 243, 255, 177,
       119, 247, 254, 127, 247, 253, 226, 143, 252, 170, 36, 255, 93,
       250, 123, 122, 255, 231, 109, 183, 117, 183, 111, 255, 218, 139,
       207, 254, 165, 250, 213, 127, 247, 255, 255, 179, 251, 207, 207,
       252, 253, 255, 253, 246, 127, 251, 255, 253, 221, 254, 255, 255,
       254, 251, 238, 251, 213, 127, 111, 63, 223, 231, 191, 255, 255,
       191, 191, 255, 223, 126, 191, 114, 103, 61, 255, 86, 127, 253,
       252, 223, 223, 255, 62, 207, 175, 89, 180, 141, 173, 94, 149, 251,
       191, 135, 77, 216, 252, 105, 255, 95, 14, 50, 183, 254, 253, 255,
       254, 55, 255, 221, 123, 255, 255, 245, 251, 255, 250, 244, 223,
       255, 215, 127, 255, 247, 127, 243, 127, 239, 255, 247, 255, 127,
       127, 246, 235, 223, 110, 182, 255, 222, 125, 251, 117, 122, 255,
       251, 111, 223, 53, 245, 111, 159, 175, 26, 197, 248, 29, 158, 93,
       17, 246, 115, 255, 123, 255, 169, 251, 248, 217, 255, 255, 255,
       119, 251, 254, 253, 253, 252, 255, 191, 254, 255, 238, 251, 213,
       125, 103, 108, 143, 231, 55, 79, 255, 187, 47, 211, 75, 114, 187,
       243, 37, 85, 251, 82, 119, 237, 244, 114, 92, 56, 62, 221, 30,
       241, 237, 157, 172, 26, 5, 248, 31, 156, 73, 16, 242, 51, 189, 92,
       86, 34, 251, 59, 190, 253, 239, 190, 253, 159, 49, 255, 255, 87,
       223, 253, 127, 125, 221, 255, 247, 99, 251, 245, 119, 211, 255,
       221, 255, 245, 255, 126, 255, 247, 239, 199, 108, 87, 190, 223,
       120, 249, 125, 124, 93, 123, 175, 213, 52, 247, 111, 185, 172, 24,
       15, 240, 29, 156, 73, 20, 243, 115, 189, 250, 215, 40, 250, 251,
       255, 255, 127, 55, 255, 223, 190, 255, 159, 255, 238, 255, 190,
       127, 255, 189, 191, 122, 255, 183, 127, 87, 255, 241, 119, 255,
       254, 127, 247, 254, 243, 255, 253, 235, 69, 255, 95, 250, 123,
       255, 255, 255, 125, 191, 255, 247, 127, 255, 219, 175, 223, 255,
       229, 251, 254, 127, 223, 254, 255, 247, 249, 223, 94, 255, 255,
       255, 255, 119, 127, 223, 159, 255, 214, 63, 190, 63, 255, 127,
       255, 253, 247, 120, 255, 63, 255, 247, 55, 255, 231, 247, 125,
       255, 250, 222, 185, 182, 127, 247, 255, 251, 95, 218, 253, 182,
       255, 187, 253, 191, 218, 245, 110, 223, 191, 223, 207, 186, 255,
       247, 255, 249, 247, 121, 127, 255, 252, 255, 251, 254, 253, 255,
       191, 55, 127, 223, 255, 255, 230, 223, 190, 253, 238, 255, 255,
