%YAML:1.0
descriptors: !!opencv-matrix
   rows: 11
   cols: 64
   dt: u
   data: [ 61, 54, 101, 162, 63, 63, 33, 127, 244, 124, 210, 53, 125, 59,
       184, 68, 234, 212, 67, 96, 241, 34, 208, 119, 92, 168, 164, 139,
       82, 24, 113, 233, 215, 36, 85, 186, 82, 120, 233, 116, 120, 92,
       56, 175, 212, 21, 245, 111, 153, 172, 24, 5, 240, 29, 156, 73, 16,
       242, 51, 189, 88, 87, 32, 250, 61, 55, 125, 182, 62, 191, 59, 127,
       246, 92, 215, 117, 125, 122, 180, 84, 250, 212, 67, 98, 245, 34,
       193, 119, 220, 186, 228, 141, 82, 28, 241, 233, 215, 36, 85, 190,
       82, 120, 233, 116, 120, 92, 56, 15, 208, 20, 245, 111, 153, 172,
       24, 5, 240, 29, 156, 73, 16, 242, 51, 189, 88, 87, 32, 250, 60,
       177, 253, 182, 63, 183, 185, 127, 246, 220, 212, 113, 125, 122,
       177, 85, 242, 215, 67, 99, 245, 39, 193, 119, 204, 170, 228, 143,
       82, 76, 241, 235, 215, 36, 85, 190, 82, 120, 233, 116, 120, 92,
       56, 15, 208, 21, 241, 111, 153, 172, 24, 5, 240, 29, 156, 73, 16,
       242, 51, 189, 88, 87, 32, 250, 61, 51, 245, 182, 61, 191, 161,
       126, 244, 124, 198, 53, 109, 127, 185, 85, 242, 244, 67, 98, 245,
       39, 193, 119, 77, 170, 164, 143, 90, 12, 113, 235, 215, 36, 87,
       186, 82, 120, 233, 124, 120, 92, 56, 47, 212, 17, 245, 111, 153,
       172, 24, 5, 240, 29, 156, 73, 16, 242, 51, 189, 88, 87, 32, 250,
       61, 181, 255, 190, 62, 103, 253, 126, 244, 252, 212, 241, 127,
       127, 182, 79, 251, 244, 99, 99, 245, 47, 195, 119, 77, 235, 180,
       159, 122, 76, 113, 235, 215, 36, 85, 186, 82, 120, 233, 116, 120,
       92, 58, 47, 213, 21, 245, 111, 153, 172, 24, 5, 240, 29, 156, 73,
       16, 242, 51, 189, 88, 87, 32, 250, 60, 51, 255, 244, 55, 119, 125,
       126, 244, 252, 221, 181, 127, 254, 179, 86, 251, 212, 99, 99, 245,
       47, 196, 55, 76, 235, 164, 143, 82, 8, 116, 235, 215, 36, 85, 186,
       82, 120, 233, 116, 120, 92, 56, 47, 213, 21, 229, 111, 153, 172,
       24, 5, 240, 29, 156, 73, 16, 242, 51, 189, 88, 87, 32, 250, 60,
       57, 255, 252, 50, 127, 241, 127, 213, 220, 214, 181, 93, 254, 187,
       230, 251, 220, 67, 99, 245, 50, 196, 183, 93, 171, 164, 137, 88,
       220, 124, 235, 223, 36, 85, 186, 87, 122, 201, 124, 248, 93, 52,
       46, 212, 55, 231, 110, 153, 172, 25, 5, 240, 29, 156, 73, 16, 242,
       51, 189, 88, 87, 32, 250, 173, 254, 239, 233, 255, 255, 247, 255,
       189, 253, 222, 251, 223, 125, 254, 205, 219, 253, 251, 107, 245,
       119, 218, 255, 127, 255, 29, 183, 253, 215, 119, 239, 223, 234,
       223, 250, 247, 249, 253, 63, 125, 61, 122, 183, 213, 113, 247,
       235, 191, 252, 153, 13, 243, 189, 158, 93, 62, 214, 247, 175, 219,
       223, 44, 254, 255, 221, 254, 253, 247, 255, 223, 150, 63, 223,
       189, 206, 223, 252, 127, 255, 253, 255, 124, 255, 63, 253, 119,
       251, 247, 119, 251, 254, 125, 247, 254, 179, 223, 243, 251, 73,
       251, 127, 254, 123, 247, 191, 255, 125, 191, 159, 255, 191, 223,
       219, 190, 255, 255, 231, 251, 255, 127, 223, 252, 127, 215, 249,
       223, 251, 253, 186, 255, 253, 254, 255, 243, 254, 253, 253, 214,
       255, 255, 251, 251, 204, 251, 253, 251, 111, 253, 95, 254, 253,
       127, 251, 63, 183, 125, 223, 127, 239, 223, 103, 119, 255, 87,
       255, 253, 124, 253, 125, 250, 63, 221, 175, 127, 243, 189, 173,
       159, 189, 241, 253, 159, 77, 116, 254, 255, 191, 219, 223, 53,
       254, 251, 252, 255, 223, 255, 255, 219, 153, 255, 255, 53, 255,
       191, 251, 246, 253, 255, 247, 124, 191, 255, 255, 255, 127, 255,
       255, 251, 127, 255, 251, 255, 255, 215, 237, 191, 119, 254, 253,
       255, 255, 211, 223, 235, 127, 187, 28, 253, 63, 253, 255, 158,
       207, 252, 167, 188, 255, 120, 255, 246, 63, 255, 253, 191, 255 ]
