%YAML:1.0
descriptors: !!opencv-matrix
   rows: 41
   cols: 64
   dt: u
   data: [ 62, 176, 253, 188, 63, 181, 253, 125, 247, 254, 220, 251, 253,
       126, 191, 87, 255, 223, 99, 115, 245, 55, 195, 119, 205, 255, 245,
       255, 90, 93, 245, 235, 215, 44, 85, 190, 82, 120, 233, 116, 120,
       93, 58, 47, 213, 21, 247, 111, 153, 172, 24, 5, 240, 29, 156, 73,
       16, 242, 51, 189, 88, 87, 32, 250, 63, 54, 125, 180, 62, 181, 189,
       123, 244, 254, 210, 119, 237, 127, 176, 85, 242, 253, 3, 99, 245,
       38, 209, 119, 204, 186, 228, 159, 90, 28, 113, 235, 215, 36, 85,
       190, 82, 120, 233, 116, 120, 92, 56, 47, 212, 21, 247, 111, 153,
       172, 24, 5, 240, 29, 156, 73, 16, 242, 51, 189, 88, 87, 32, 250,
       61, 50, 117, 166, 62, 181, 169, 120, 244, 124, 210, 117, 253, 123,
       185, 85, 242, 220, 67, 98, 245, 34, 193, 119, 204, 184, 228, 143,
       90, 28, 113, 235, 215, 36, 85, 190, 83, 120, 233, 116, 248, 92,
       56, 15, 212, 21, 243, 111, 153, 172, 24, 5, 240, 29, 156, 73, 16,
       242, 51, 189, 88, 87, 32, 250, 61, 178, 125, 162, 63, 189, 189,
       122, 244, 126, 214, 113, 125, 123, 185, 85, 242, 220, 67, 98, 245,
       98, 193, 247, 204, 186, 228, 159, 90, 92, 113, 235, 223, 44, 85,
       190, 83, 120, 233, 116, 120, 92, 58, 47, 212, 53, 247, 111, 153,
       172, 24, 5, 240, 29, 156, 73, 16, 242, 51, 189, 88, 87, 32, 250,
       60, 177, 125, 182, 63, 181, 185, 122, 244, 252, 213, 245, 125,
       123, 177, 84, 242, 220, 67, 99, 245, 114, 193, 247, 204, 186, 228,
       159, 122, 92, 117, 235, 223, 36, 85, 190, 83, 120, 233, 116, 120,
       93, 56, 47, 212, 53, 247, 111, 153, 172, 24, 5, 240, 29, 156, 73,
       16, 242, 51, 189, 88, 87, 32, 250, 61, 49, 253, 182, 55, 189, 61,
       126, 246, 54, 215, 52, 125, 127, 176, 87, 242, 214, 67, 98, 245,
       34, 193, 119, 204, 170, 228, 157, 82, 28, 241, 233, 215, 44, 85,
       190, 82, 120, 233, 116, 120, 92, 56, 47, 212, 53, 245, 111, 153,
       172, 24, 5, 240, 29, 156, 73, 16, 242, 51, 189, 88, 87, 32, 250,
       62, 49, 253, 182, 55, 181, 121, 127, 214, 254, 213, 181, 253, 110,
       178, 86, 250, 212, 3, 99, 229, 39, 195, 119, 204, 154, 246, 15,
       82, 28, 245, 235, 215, 36, 85, 190, 82, 120, 233, 116, 120, 92,
       57, 47, 213, 20, 245, 111, 153, 172, 24, 5, 240, 29, 156, 73, 16,
       242, 51, 189, 88, 87, 32, 250, 191, 255, 109, 252, 54, 63, 253,
       82, 61, 87, 125, 218, 207, 123, 244, 125, 226, 253, 45, 111, 119,
       108, 176, 115, 111, 255, 179, 187, 127, 30, 118, 185, 214, 100,
       84, 250, 82, 120, 249, 245, 118, 222, 56, 63, 208, 22, 245, 110,
       153, 173, 24, 5, 248, 29, 159, 77, 16, 242, 51, 189, 88, 87, 34,
       251, 175, 255, 239, 252, 54, 125, 253, 242, 61, 223, 252, 219, 95,
       249, 246, 237, 227, 252, 127, 111, 117, 124, 240, 115, 111, 255,
       183, 179, 255, 87, 126, 185, 246, 102, 222, 250, 210, 127, 249,
       245, 222, 255, 122, 63, 208, 23, 247, 110, 157, 189, 30, 5, 250,
       29, 159, 77, 24, 246, 115, 191, 91, 223, 38, 251, 56, 190, 255,
       139, 186, 253, 179, 245, 253, 253, 94, 253, 253, 63, 251, 236,
       255, 210, 203, 42, 245, 81, 223, 252, 249, 105, 92, 178, 109, 211,
       223, 255, 253, 224, 67, 116, 247, 219, 233, 126, 253, 93, 107, 54,
       213, 167, 251, 97, 191, 236, 143, 45, 246, 29, 153, 93, 54, 246,
       191, 172, 219, 223, 46, 222, 191, 252, 127, 239, 191, 253, 253,
       249, 255, 255, 253, 251, 255, 251, 252, 253, 251, 244, 127, 107,
       125, 218, 182, 60, 255, 191, 247, 187, 255, 91, 127, 191, 240,
       108, 190, 255, 214, 119, 185, 245, 223, 223, 127, 62, 218, 135,
       216, 93, 141, 189, 94, 13, 234, 191, 159, 77, 152, 246, 123, 158,
       223, 158, 42, 185, 191, 245, 125, 222, 55, 29, 93, 27, 247, 71,
       189, 250, 191, 123, 244, 95, 242, 247, 102, 119, 55, 246, 176,
       118, 253, 247, 247, 59, 115, 58, 116, 41, 210, 44, 150, 254, 202,
       121, 243, 253, 82, 219, 61, 237, 240, 84, 245, 110, 155, 175, 16,
       15, 120, 29, 159, 93, 24, 242, 115, 191, 121, 215, 42, 251, 253,
       236, 127, 237, 234, 255, 247, 241, 253, 253, 252, 219, 223, 125,
       253, 236, 255, 249, 255, 235, 253, 87, 191, 252, 255, 127, 29,
       246, 237, 215, 255, 255, 141, 249, 67, 116, 255, 209, 253, 62,
       127, 157, 255, 183, 253, 247, 254, 97, 175, 221, 207, 175, 255,
       255, 138, 253, 126, 223, 255, 237, 243, 223, 124, 222, 121, 202,
       127, 203, 123, 127, 183, 254, 253, 252, 254, 253, 61, 63, 253,
       236, 251, 213, 123, 106, 244, 35, 173, 118, 125, 253, 61, 47, 127,
       203, 123, 255, 245, 36, 85, 250, 82, 114, 237, 124, 114, 94, 56,
       63, 213, 182, 244, 109, 153, 173, 30, 5, 248, 29, 157, 73, 16,
       242, 43, 188, 88, 87, 34, 250, 253, 254, 127, 235, 252, 255, 183,
       208, 123, 125, 204, 255, 238, 127, 238, 89, 251, 255, 189, 43,
       253, 85, 27, 252, 231, 255, 121, 247, 254, 79, 243, 247, 151, 193,
       223, 85, 117, 249, 253, 55, 125, 93, 106, 55, 245, 153, 254, 177,
       172, 221, 8, 61, 253, 231, 138, 239, 126, 220, 182, 175, 214, 223,
       124, 222, 253, 253, 255, 253, 118, 127, 255, 255, 253, 253, 254,
       251, 255, 255, 255, 239, 251, 253, 127, 111, 127, 255, 247, 183,
       127, 255, 183, 191, 127, 223, 126, 187, 251, 103, 119, 251, 211,
       127, 253, 252, 254, 95, 252, 63, 221, 191, 255, 110, 157, 173, 94,
       13, 250, 31, 157, 77, 56, 246, 123, 191, 91, 95, 32, 250, 251,
       212, 124, 174, 127, 111, 95, 75, 119, 95, 121, 249, 63, 111, 244,
       253, 243, 245, 61, 101, 245, 96, 177, 58, 124, 223, 171, 63, 219,
       27, 121, 105, 208, 101, 92, 187, 66, 112, 185, 244, 86, 206, 56,
       47, 211, 22, 244, 78, 137, 165, 90, 5, 232, 29, 159, 73, 152, 246,
       51, 188, 92, 86, 34, 185, 250, 221, 254, 255, 63, 191, 95, 27,
       255, 255, 253, 234, 191, 250, 116, 95, 244, 179, 126, 219, 191,
       127, 209, 127, 241, 119, 247, 255, 127, 243, 253, 242, 139, 252,
       130, 117, 255, 93, 250, 251, 122, 223, 231, 109, 183, 125, 183,
       111, 255, 235, 155, 207, 254, 173, 250, 247, 123, 247, 255, 255,
       187, 249, 223, 207, 43, 198, 100, 170, 159, 189, 161, 89, 237, 84,
       174, 101, 45, 63, 253, 229, 194, 244, 195, 112, 241, 98, 153, 116,
       116, 172, 4, 19, 190, 218, 73, 215, 189, 236, 223, 154, 113, 146,
       41, 62, 239, 85, 90, 134, 84, 227, 244, 65, 184, 61, 156, 8, 246,
       5, 207, 29, 56, 224, 166, 172, 202, 207, 46, 88, 191, 245, 125,
       166, 191, 173, 221, 25, 246, 95, 253, 123, 189, 74, 244, 117, 247,
       246, 70, 115, 245, 122, 177, 126, 188, 191, 247, 123, 254, 251,
       247, 255, 198, 108, 158, 190, 218, 113, 249, 253, 89, 221, 119,
       143, 208, 16, 244, 79, 137, 190, 152, 13, 248, 29, 156, 81, 56,
       178, 115, 191, 250, 159, 44, 184, 190, 241, 125, 246, 63, 253,
       221, 56, 254, 221, 253, 255, 191, 94, 244, 245, 247, 246, 102,
       115, 245, 58, 177, 118, 189, 255, 227, 123, 95, 251, 247, 255,
       199, 44, 223, 254, 254, 121, 249, 253, 123, 221, 247, 47, 212, 23,
       245, 111, 153, 191, 154, 13, 248, 29, 156, 81, 48, 242, 115, 191,
       251, 223, 44, 250, 191, 212, 124, 247, 191, 245, 219, 89, 191,
       127, 245, 250, 191, 123, 180, 85, 255, 246, 103, 115, 245, 114,
       179, 126, 108, 191, 245, 123, 95, 91, 247, 251, 215, 44, 86, 190,
       210, 121, 233, 245, 80, 94, 56, 47, 209, 20, 245, 111, 153, 172,
       24, 5, 240, 29, 156, 73, 16, 242, 51, 189, 88, 87, 32, 251, 58,
       49, 121, 214, 54, 5, 88, 39, 214, 4, 85, 53, 125, 102, 144, 82,
       246, 210, 70, 243, 199, 40, 161, 135, 156, 138, 230, 217, 66, 188,
       245, 232, 98, 44, 36, 190, 206, 112, 210, 213, 80, 202, 149, 78,
       224, 20, 129, 78, 137, 166, 91, 67, 104, 24, 28, 73, 17, 243, 123,
       155, 120, 54, 163, 249, 250, 249, 251, 222, 54, 7, 93, 35, 215,
       198, 117, 240, 127, 194, 52, 94, 244, 215, 118, 255, 7, 189, 225,
       7, 189, 130, 230, 93, 67, 253, 244, 232, 226, 62, 38, 255, 202,
       124, 210, 245, 82, 203, 181, 107, 186, 28, 129, 110, 223, 174,
