%YAML:1.0
descriptors: !!opencv-matrix
   rows: 20
   cols: 64
   dt: u
   data: [ 127, 52, 125, 190, 63, 191, 31, 124, 247, 102, 253, 176, 125,
       58, 180, 87, 246, 246, 83, 113, 249, 115, 241, 53, 204, 169, 236,
       95, 115, 25, 253, 235, 209, 44, 22, 190, 66, 120, 161, 247, 82,
       219, 124, 15, 208, 22, 228, 79, 153, 172, 26, 5, 112, 29, 157, 73,
       24, 242, 51, 188, 88, 86, 34, 249, 253, 63, 247, 177, 222, 167,
       35, 254, 252, 117, 214, 55, 239, 255, 187, 79, 234, 221, 123, 102,
       253, 141, 195, 247, 78, 234, 188, 175, 210, 12, 50, 171, 215, 39,
       85, 187, 82, 122, 229, 116, 216, 84, 24, 14, 201, 29, 195, 207,
       157, 172, 24, 5, 240, 61, 156, 73, 80, 254, 51, 189, 88, 87, 32,
       250, 253, 63, 247, 177, 223, 183, 39, 253, 236, 101, 193, 58, 255,
       255, 179, 95, 250, 213, 59, 102, 239, 167, 195, 117, 78, 218, 188,
       47, 210, 12, 114, 171, 215, 39, 85, 187, 82, 120, 237, 116, 112,
       92, 56, 47, 213, 28, 245, 167, 157, 172, 24, 5, 240, 61, 156, 73,
       80, 254, 51, 189, 88, 87, 48, 250, 63, 254, 255, 255, 63, 253,
       253, 127, 255, 253, 253, 249, 255, 127, 253, 255, 255, 246, 227,
       251, 245, 126, 223, 255, 253, 255, 231, 255, 127, 255, 255, 255,
       223, 236, 215, 190, 255, 249, 249, 127, 126, 95, 235, 47, 245,
       183, 247, 111, 187, 255, 157, 15, 244, 29, 157, 93, 54, 243, 247,
       255, 251, 223, 46, 255, 255, 254, 255, 255, 255, 255, 223, 217,
       255, 255, 253, 251, 255, 251, 254, 253, 251, 247, 127, 127, 127,
       223, 191, 124, 239, 255, 127, 63, 255, 123, 255, 191, 243, 239,
       254, 223, 254, 247, 255, 247, 211, 223, 235, 127, 219, 30, 252,
       181, 205, 189, 86, 181, 253, 247, 135, 239, 208, 252, 240, 63,
       223, 93, 54, 189, 60, 190, 255, 252, 58, 253, 245, 119, 253, 252,
       222, 245, 95, 252, 255, 238, 255, 248, 227, 43, 245, 127, 95, 255,
       249, 127, 212, 246, 109, 215, 255, 239, 207, 122, 99, 52, 255,
       250, 249, 125, 125, 29, 255, 167, 253, 247, 247, 107, 191, 254,
       173, 223, 242, 29, 154, 93, 63, 247, 255, 239, 251, 255, 237, 222,
       252, 255, 255, 253, 254, 255, 251, 255, 253, 253, 254, 255, 255,
       255, 251, 238, 251, 213, 127, 111, 127, 205, 239, 189, 127, 255,
       191, 191, 255, 223, 122, 191, 243, 103, 117, 251, 86, 119, 253,
       254, 223, 126, 248, 62, 223, 191, 91, 181, 205, 173, 94, 181, 217,
       255, 157, 79, 208, 252, 97, 191, 223, 87, 51, 255, 124, 61, 255,
       221, 114, 127, 249, 247, 221, 252, 222, 181, 95, 254, 251, 238,
       251, 221, 251, 111, 117, 189, 246, 183, 219, 111, 182, 212, 105,
       223, 126, 235, 239, 35, 101, 254, 215, 126, 249, 124, 248, 125,
       247, 54, 253, 183, 231, 238, 191, 172, 239, 223, 242, 29, 156, 93,
       116, 254, 123, 255, 91, 79, 41, 254, 254, 248, 255, 253, 255, 255,
       251, 249, 255, 255, 253, 255, 255, 238, 246, 253, 251, 213, 63,
       111, 239, 159, 174, 125, 111, 223, 255, 47, 215, 95, 118, 191,
       247, 39, 93, 255, 82, 125, 237, 246, 114, 92, 120, 63, 223, 30,
       253, 181, 221, 173, 30, 133, 248, 191, 156, 107, 208, 252, 49,
       189, 92, 87, 48, 190, 120, 20, 124, 138, 55, 191, 55, 125, 38, 70,
       215, 20, 61, 60, 61, 70, 246, 222, 65, 244, 240, 115, 209, 179,
       88, 40, 232, 92, 112, 212, 253, 233, 221, 36, 215, 186, 195, 114,
       129, 92, 176, 221, 29, 15, 212, 181, 231, 78, 155, 172, 153, 13,
       114, 29, 157, 89, 48, 242, 59, 188, 88, 214, 46, 248, 63, 215,
       124, 254, 63, 189, 221, 57, 183, 255, 249, 251, 173, 123, 180, 95,
       255, 247, 102, 251, 245, 126, 211, 127, 85, 255, 243, 127, 126,
       122, 245, 235, 223, 124, 215, 190, 247, 120, 249, 125, 124, 95,
       123, 175, 247, 17, 245, 111, 152, 174, 24, 13, 242, 29, 222, 93,
       56, 243, 119, 191, 251, 215, 172, 250, 191, 250, 125, 239, 255,
       184, 255, 88, 127, 127, 253, 251, 239, 123, 228, 253, 247, 247,
       61, 123, 229, 101, 187, 120, 229, 255, 243, 127, 255, 127, 255,
       255, 215, 228, 222, 186, 114, 121, 249, 247, 118, 94, 122, 63,
       213, 19, 245, 127, 152, 191, 24, 5, 248, 189, 159, 77, 24, 246,
       183, 191, 216, 215, 38, 251, 252, 250, 127, 255, 255, 255, 251,
       248, 253, 255, 254, 255, 255, 186, 253, 254, 243, 213, 127, 111,
       253, 219, 173, 60, 111, 239, 175, 63, 255, 207, 127, 255, 241,
       101, 125, 251, 86, 119, 253, 246, 210, 223, 249, 62, 219, 142,
       216, 125, 141, 173, 94, 133, 248, 63, 143, 77, 208, 246, 59, 252,
       93, 30, 34, 189, 252, 104, 255, 253, 122, 127, 243, 253, 221, 252,
       254, 189, 93, 182, 251, 238, 251, 221, 251, 111, 253, 153, 238,
       188, 125, 237, 188, 167, 221, 223, 63, 255, 241, 37, 117, 251, 87,
       243, 237, 244, 250, 93, 247, 62, 95, 167, 107, 109, 159, 173, 223,
       133, 250, 31, 157, 93, 208, 252, 43, 252, 95, 14, 34, 254, 251,
       254, 255, 238, 255, 191, 223, 90, 254, 125, 245, 251, 175, 251,
       180, 93, 242, 247, 63, 119, 245, 71, 147, 119, 110, 255, 249, 63,
       255, 91, 117, 239, 215, 109, 86, 191, 82, 120, 253, 245, 122, 94,
       58, 15, 209, 25, 245, 79, 157, 172, 24, 5, 240, 61, 158, 73, 16,
       246, 51, 189, 88, 87, 38, 249, 187, 213, 124, 126, 255, 61, 95,
       24, 247, 87, 189, 250, 175, 123, 100, 93, 246, 247, 54, 241, 119,
       118, 177, 118, 228, 247, 243, 123, 255, 123, 253, 41, 210, 108,
       150, 254, 202, 121, 249, 253, 118, 223, 59, 61, 208, 80, 244, 79,
       153, 191, 16, 13, 232, 189, 223, 77, 56, 182, 115, 159, 248, 223,
       46, 185, 250, 219, 254, 255, 55, 255, 221, 143, 127, 255, 61, 250,
       191, 255, 126, 255, 253, 247, 124, 255, 159, 253, 247, 123, 247,
       215, 243, 127, 127, 251, 254, 243, 151, 244, 255, 219, 251, 127,
       250, 243, 246, 223, 239, 125, 191, 158, 245, 63, 223, 187, 158,
       207, 254, 165, 255, 255, 25, 247, 248, 127, 223, 249, 222, 251,
       61, 172, 255, 237, 250, 245, 247, 117, 253, 253, 84, 219, 223,
       127, 187, 76, 251, 253, 251, 107, 245, 127, 218, 253, 125, 255,
       29, 183, 108, 215, 119, 239, 215, 227, 111, 176, 247, 249, 253,
       60, 125, 29, 126, 167, 213, 49, 255, 99, 189, 252, 137, 45, 244,
       29, 156, 93, 62, 214, 127, 173, 219, 223, 44, 254, 254, 252, 127,
       239, 254, 255, 255, 181, 255, 253, 127, 255, 253, 126, 255, 253,
       255, 255, 255, 254, 253, 251, 191, 252, 251, 125, 253, 255, 255,
       255, 255, 255, 237, 253, 255, 247, 255, 211, 253, 127, 127, 223,
       255, 191, 253, 255, 254, 125, 175, 255, 207, 239, 255, 239, 155,
       255, 254, 255, 255, 255, 255, 239, 126, 254, 255, 255, 253, 254,
       255, 255, 127, 127, 255, 125, 253, 251, 255, 255, 254, 254, 255,
       255, 255, 253, 255, 255, 251, 255, 255, 255, 255, 255, 255, 255,
       255, 237, 223, 255, 125, 255, 239, 253, 255, 255, 127, 255, 255,
       255, 255, 187, 255, 255, 231, 247, 255, 254, 239, 255, 191, 175,
       255, 255, 255, 255, 255, 255, 191, 255 ]
