%YAML:1.0
descriptors: !!opencv-matrix
   rows: 24
   cols: 64
   dt: u
   data: [ 60, 185, 255, 254, 62, 127, 249, 127, 253, 252, 220, 253, 127,
       254, 191, 254, 251, 221, 115, 107, 245, 127, 231, 247, 253, 239,
       244, 191, 127, 223, 119, 239, 223, 44, 85, 190, 223, 120, 249,
       125, 120, 93, 251, 47, 213, 53, 247, 111, 185, 172, 155, 13, 240,
       29, 156, 73, 16, 242, 59, 189, 91, 95, 32, 250, 254, 249, 255,
       255, 54, 127, 253, 255, 223, 253, 253, 255, 255, 254, 182, 254,
       251, 215, 127, 111, 255, 191, 231, 119, 255, 255, 247, 191, 91,
       223, 246, 235, 215, 36, 85, 254, 215, 121, 249, 117, 122, 221,
       189, 47, 213, 21, 247, 111, 157, 172, 26, 5, 240, 29, 156, 73, 16,
       242, 115, 189, 89, 87, 32, 250, 60, 190, 255, 237, 62, 253, 241,
       255, 253, 253, 222, 253, 255, 127, 251, 236, 251, 252, 235, 107,
       245, 127, 223, 255, 253, 127, 244, 183, 125, 223, 255, 239, 223,
       104, 119, 190, 215, 251, 249, 125, 253, 93, 251, 190, 213, 167,
       247, 111, 187, 188, 157, 13, 242, 29, 157, 93, 54, 246, 255, 255,
       251, 223, 44, 254, 60, 50, 125, 160, 127, 191, 63, 122, 246, 126,
       208, 113, 253, 127, 180, 84, 242, 213, 67, 96, 241, 39, 192, 119,
       76, 248, 164, 15, 82, 28, 113, 233, 215, 36, 85, 190, 82, 120,
       233, 116, 112, 92, 56, 47, 213, 20, 245, 111, 153, 172, 24, 5,
       240, 29, 156, 73, 16, 242, 51, 189, 88, 87, 32, 250, 191, 247,
       125, 252, 183, 61, 221, 88, 119, 95, 189, 250, 239, 121, 228, 93,
       246, 246, 37, 115, 117, 100, 177, 114, 228, 191, 243, 123, 255,
       62, 246, 41, 214, 100, 212, 190, 210, 120, 249, 245, 86, 222, 58,
       47, 208, 16, 245, 79, 153, 173, 24, 5, 248, 29, 158, 73, 24, 242,
       51, 157, 88, 215, 34, 249, 191, 251, 125, 255, 183, 189, 221, 248,
       127, 95, 253, 251, 255, 123, 244, 253, 246, 246, 101, 107, 117,
       116, 177, 118, 237, 191, 243, 123, 255, 127, 255, 185, 214, 100,
       214, 254, 210, 121, 249, 245, 214, 222, 59, 63, 208, 22, 245, 111,
       153, 173, 24, 5, 248, 29, 159, 77, 24, 242, 51, 189, 88, 87, 34,
       251, 189, 246, 117, 175, 191, 253, 189, 120, 253, 127, 250, 125,
       237, 15, 220, 245, 243, 244, 199, 104, 241, 98, 189, 124, 237,
       189, 101, 187, 255, 95, 127, 255, 125, 108, 255, 190, 214, 115,
       185, 253, 255, 204, 91, 191, 198, 163, 254, 117, 170, 181, 94, 8,
       234, 159, 143, 85, 168, 178, 35, 222, 222, 207, 46, 180, 186, 254,
       111, 175, 191, 253, 189, 253, 253, 255, 254, 255, 253, 62, 251,
       253, 251, 212, 103, 107, 253, 2, 255, 124, 125, 221, 177, 43, 223,
       95, 123, 255, 245, 36, 85, 250, 82, 123, 233, 116, 242, 92, 58,
       62, 212, 151, 208, 109, 153, 173, 28, 5, 240, 29, 157, 73, 16,
       242, 51, 188, 90, 87, 34, 250, 191, 245, 125, 254, 63, 61, 221,
       91, 247, 95, 253, 250, 127, 123, 244, 93, 243, 246, 39, 115, 246,
       114, 176, 118, 238, 191, 247, 59, 255, 59, 125, 249, 214, 108, 28,
       254, 210, 113, 249, 245, 82, 222, 57, 31, 208, 20, 245, 79, 153,
       173, 30, 5, 232, 29, 159, 77, 24, 242, 59, 157, 88, 87, 34, 185,
       57, 182, 124, 124, 63, 189, 253, 49, 245, 254, 212, 249, 253, 121,
       60, 85, 252, 254, 195, 251, 245, 114, 211, 247, 249, 62, 229, 242,
       124, 215, 245, 227, 223, 120, 199, 180, 255, 120, 248, 121, 124,
       93, 123, 175, 244, 113, 247, 111, 187, 174, 137, 15, 242, 29, 216,
       93, 54, 243, 119, 189, 251, 219, 108, 218, 56, 242, 125, 238, 62,
       253, 249, 121, 255, 252, 126, 245, 125, 123, 253, 244, 246, 214,
       71, 106, 244, 114, 133, 118, 253, 172, 229, 155, 127, 219, 125,
       251, 247, 108, 85, 190, 214, 114, 249, 252, 222, 95, 91, 30, 208,
       166, 208, 79, 153, 173, 159, 13, 250, 29, 159, 77, 24, 242, 59,
       188, 91, 94, 34, 249, 251, 254, 127, 231, 255, 189, 223, 153, 255,
       127, 252, 251, 175, 123, 246, 253, 247, 247, 63, 251, 253, 87,
       187, 124, 231, 255, 123, 127, 255, 123, 255, 255, 215, 237, 222,
       95, 254, 253, 253, 247, 95, 223, 107, 189, 217, 95, 252, 53, 236,
       223, 28, 45, 252, 167, 159, 255, 120, 252, 244, 31, 254, 223, 62,
       189, 255, 250, 255, 255, 255, 255, 223, 248, 255, 253, 254, 251,
       255, 251, 254, 253, 251, 245, 127, 111, 255, 143, 175, 124, 111,
       255, 127, 63, 223, 91, 119, 191, 247, 239, 124, 255, 82, 119, 253,
       247, 243, 94, 106, 63, 223, 30, 253, 181, 205, 189, 94, 165, 249,
       191, 143, 239, 208, 252, 49, 191, 220, 95, 48, 190, 190, 249, 255,
       238, 55, 127, 221, 187, 247, 214, 255, 242, 127, 126, 254, 253,
       251, 246, 103, 255, 55, 126, 241, 119, 253, 255, 247, 153, 127,
       250, 254, 185, 198, 108, 223, 222, 203, 122, 217, 253, 123, 223,
       181, 63, 214, 247, 245, 110, 159, 191, 150, 15, 250, 29, 151, 93,
       48, 242, 121, 255, 123, 223, 46, 250, 42, 5, 44, 136, 35, 159, 31,
       37, 167, 70, 21, 128, 29, 56, 61, 70, 148, 186, 66, 244, 176, 114,
       208, 54, 88, 160, 164, 92, 96, 176, 125, 232, 192, 60, 3, 174,
       203, 104, 128, 88, 58, 155, 21, 13, 212, 244, 228, 78, 155, 172,
       152, 13, 114, 29, 222, 89, 56, 243, 59, 188, 121, 210, 106, 249,
       124, 114, 125, 253, 126, 191, 251, 120, 253, 254, 254, 181, 125,
       63, 249, 247, 242, 221, 219, 106, 245, 113, 204, 127, 109, 232,
       172, 159, 126, 77, 125, 255, 243, 101, 85, 187, 86, 122, 181, 117,
       254, 95, 90, 14, 213, 135, 193, 79, 157, 173, 30, 5, 248, 61, 159,
       77, 16, 246, 59, 156, 88, 6, 34, 245, 127, 54, 117, 182, 62, 183,
       59, 121, 228, 255, 243, 241, 253, 107, 176, 86, 246, 223, 103, 99,
       253, 35, 211, 254, 221, 251, 229, 239, 82, 22, 241, 235, 199, 44,
       84, 190, 91, 120, 233, 244, 120, 92, 56, 175, 209, 53, 247, 111,
       153, 172, 24, 5, 240, 29, 156, 73, 16, 242, 51, 189, 88, 87, 32,
       250, 127, 52, 125, 255, 255, 183, 127, 125, 255, 127, 253, 185,
       253, 110, 180, 87, 242, 247, 91, 123, 249, 115, 243, 61, 252, 234,
       238, 191, 123, 93, 253, 239, 195, 109, 150, 191, 222, 121, 177,
       255, 90, 207, 127, 175, 211, 53, 197, 95, 159, 172, 26, 13, 234,
       189, 159, 93, 216, 246, 123, 159, 219, 158, 42, 247, 255, 249,
       255, 255, 55, 255, 253, 254, 255, 255, 252, 251, 255, 191, 255,
       255, 255, 255, 255, 191, 253, 223, 255, 255, 239, 255, 255, 247,
       127, 255, 254, 255, 223, 251, 255, 245, 255, 253, 255, 125, 123,
       255, 255, 127, 191, 247, 127, 255, 255, 251, 255, 255, 253, 255,
       255, 254, 255, 255, 255, 255, 255, 253, 223, 254, 62, 178, 253,
       231, 191, 253, 255, 125, 255, 255, 214, 253, 253, 127, 187, 85,
       251, 215, 99, 115, 245, 103, 203, 127, 237, 255, 245, 191, 94, 91,
       119, 239, 223, 172, 87, 190, 127, 120, 233, 119, 120, 92, 122, 47,
       213, 53, 245, 111, 185, 172, 24, 5, 240, 29, 156, 73, 20, 242,
       183, 189, 218, 87, 32, 254, 62, 185, 255, 252, 54, 255, 253, 127,
       247, 254, 221, 245, 255, 252, 191, 95, 255, 255, 99, 123, 245,
       127, 210, 247, 221, 255, 247, 255, 90, 255, 247, 235, 223, 60, 87,
       190, 222, 120, 249, 125, 120, 93, 187, 47, 245, 53, 247, 111, 185,
       174, 24, 7, 240, 29, 156, 89, 20, 243, 115, 191, 123, 87, 40, 250,
       123, 222, 255, 239, 255, 255, 255, 255, 255, 254, 255, 185, 253,
       188, 125, 255, 255, 255, 251, 254, 252, 87, 223, 125, 255, 253,
       235, 253, 127, 247, 255, 255, 253, 253, 255, 125, 255, 255, 252,
       123, 191, 223, 255, 125, 127, 159, 254, 255, 255, 219, 255, 191,
       191, 245, 255, 255, 255, 239, 255, 254, 247, 207, 220, 182, 254,
       251, 255, 253, 255, 255, 255, 255, 255, 255, 255, 191, 255, 254,
       255, 254, 251, 221, 251, 255, 255, 255, 239, 191, 255, 255, 255,
       255, 255, 255, 255, 255, 255, 255, 247, 255, 254, 255, 255, 127,
       122, 125, 251, 127, 255, 191, 255, 255, 255, 239, 255, 255, 251,
       255, 191, 127, 246, 255, 255, 255, 255, 255, 191, 254, 215, 251,
       223, 127, 53, 250, 223, 154, 123, 151, 189, 234, 238, 251, 76,
