%YAML:1.0
descriptors: !!opencv-matrix
   rows: 22
   cols: 64
   dt: u
   data: [ 124, 237, 239, 250, 51, 127, 245, 255, 253, 246, 255, 188, 63,
       190, 255, 238, 155, 188, 251, 123, 183, 87, 223, 191, 123, 245,
       151, 181, 127, 219, 126, 235, 223, 206, 231, 234, 215, 223, 251,
       122, 62, 253, 253, 117, 63, 183, 119, 235, 255, 235, 191, 221,
       191, 29, 255, 92, 121, 230, 255, 255, 251, 249, 207, 214, 251,
       220, 239, 249, 255, 255, 223, 249, 189, 255, 254, 223, 223, 252,
       255, 236, 251, 245, 127, 111, 124, 223, 190, 124, 127, 255, 63,
       63, 255, 223, 126, 191, 243, 103, 95, 251, 210, 127, 253, 126,
       115, 95, 124, 63, 223, 158, 252, 181, 141, 173, 30, 133, 251, 191,
       141, 111, 208, 244, 121, 189, 223, 95, 58, 186, 255, 254, 127,
       239, 255, 188, 255, 216, 253, 127, 253, 251, 239, 123, 236, 125,
       247, 255, 63, 251, 237, 103, 155, 124, 231, 255, 121, 255, 255,
       119, 247, 191, 215, 237, 222, 95, 255, 249, 253, 183, 127, 94,
       107, 191, 213, 139, 254, 17, 172, 223, 20, 37, 253, 231, 143, 235,
       80, 222, 182, 143, 246, 223, 52, 188, 60, 188, 255, 253, 62, 255,
       245, 183, 253, 252, 222, 253, 95, 124, 127, 238, 189, 250, 251,
       251, 245, 127, 127, 223, 249, 127, 213, 246, 109, 215, 255, 238,
       207, 122, 227, 100, 255, 219, 248, 121, 121, 189, 247, 183, 245,
       247, 183, 107, 191, 250, 175, 203, 246, 13, 88, 85, 119, 215, 255,
       255, 243, 251, 205, 222, 60, 173, 255, 220, 34, 127, 245, 119,
       213, 220, 94, 149, 95, 252, 191, 238, 251, 216, 243, 47, 245, 127,
       215, 183, 251, 127, 148, 180, 105, 215, 94, 232, 207, 42, 99, 180,
       255, 88, 249, 124, 120, 157, 247, 167, 253, 52, 183, 238, 191,
       172, 171, 219, 242, 29, 152, 93, 62, 242, 127, 249, 123, 223, 109,
       250, 63, 214, 108, 239, 255, 184, 223, 24, 190, 127, 148, 251,
       173, 123, 228, 85, 226, 247, 13, 243, 237, 103, 155, 124, 100,
       254, 243, 63, 126, 123, 117, 111, 215, 236, 221, 186, 115, 121,
       249, 119, 116, 94, 106, 47, 213, 17, 253, 127, 153, 188, 24, 5,
       244, 157, 156, 73, 16, 242, 179, 191, 216, 215, 36, 254, 124, 59,
       255, 213, 126, 191, 251, 127, 223, 253, 215, 253, 255, 254, 187,
       222, 250, 213, 123, 107, 255, 63, 202, 255, 223, 234, 182, 63, 90,
       221, 117, 239, 215, 39, 85, 191, 86, 127, 253, 118, 240, 93, 249,
       46, 221, 62, 241, 111, 157, 172, 24, 5, 240, 29, 157, 73, 80, 246,
       115, 191, 89, 87, 33, 254, 177, 222, 223, 203, 174, 93, 213, 191,
       255, 253, 60, 203, 191, 127, 126, 237, 255, 246, 252, 43, 212,
       246, 255, 230, 123, 247, 53, 50, 191, 219, 95, 127, 215, 102, 83,
       112, 87, 91, 250, 248, 119, 223, 106, 63, 149, 182, 245, 237, 149,
       137, 159, 13, 190, 15, 159, 207, 57, 244, 58, 61, 83, 93, 6, 250,
       63, 214, 108, 255, 255, 189, 219, 24, 190, 127, 148, 255, 175,
       127, 164, 93, 242, 247, 61, 115, 237, 111, 154, 121, 108, 254,
       243, 63, 126, 123, 119, 111, 215, 228, 93, 187, 114, 121, 249,
       119, 81, 94, 106, 47, 209, 20, 253, 127, 153, 188, 24, 5, 240,
       157, 156, 73, 16, 246, 51, 191, 216, 87, 34, 255, 126, 186, 255,
       245, 254, 255, 251, 253, 223, 255, 214, 255, 255, 254, 251, 220,
       250, 213, 123, 107, 255, 63, 206, 127, 255, 250, 182, 191, 94,
       221, 127, 255, 247, 167, 93, 191, 214, 255, 253, 127, 217, 93,
       235, 110, 223, 14, 217, 127, 157, 172, 24, 133, 242, 61, 157, 73,
       80, 254, 115, 191, 219, 95, 49, 254, 252, 249, 255, 255, 250, 127,
       251, 254, 253, 255, 252, 255, 255, 254, 255, 238, 251, 213, 255,
       111, 127, 223, 175, 61, 111, 255, 191, 63, 255, 79, 62, 191, 240,
       103, 125, 251, 86, 247, 253, 246, 251, 255, 249, 62, 223, 158, 89,
       180, 205, 173, 118, 181, 217, 191, 135, 109, 208, 252, 41, 255,
       93, 94, 51, 181, 127, 254, 255, 239, 255, 246, 219, 152, 254, 255,
       80, 255, 175, 123, 221, 93, 250, 215, 57, 107, 237, 47, 203, 125,
       111, 222, 127, 63, 94, 91, 115, 127, 215, 229, 93, 63, 118, 249,
       253, 118, 113, 92, 106, 47, 213, 20, 253, 115, 153, 252, 24, 5,
       244, 189, 156, 73, 16, 246, 179, 189, 218, 87, 34, 255, 252, 237,
       239, 253, 114, 127, 255, 255, 157, 253, 255, 191, 83, 254, 251,
       238, 155, 93, 251, 111, 63, 189, 230, 187, 123, 111, 159, 180,
       201, 215, 62, 191, 239, 55, 117, 251, 215, 255, 255, 124, 250,
       253, 245, 126, 191, 191, 127, 250, 223, 168, 255, 253, 219, 127,
       181, 222, 209, 236, 105, 123, 95, 44, 155, 246, 59, 146, 92, 231,
       255, 185, 191, 24, 126, 123, 214, 107, 173, 127, 105, 85, 254,
       247, 189, 186, 228, 119, 155, 124, 225, 254, 121, 119, 126, 115,
       247, 255, 223, 232, 223, 52, 119, 249, 249, 119, 125, 93, 106, 47,
       213, 133, 247, 123, 184, 255, 24, 5, 244, 165, 222, 73, 22, 246,
       183, 191, 210, 223, 36, 254, 51, 214, 92, 235, 255, 184, 159, 24,
       126, 123, 150, 111, 172, 127, 109, 21, 118, 247, 141, 176, 228,
       103, 155, 124, 225, 252, 121, 119, 126, 115, 225, 247, 223, 232,
       223, 52, 127, 217, 233, 115, 117, 92, 106, 173, 213, 193, 246,
       115, 184, 255, 24, 1, 244, 165, 222, 105, 54, 246, 182, 189, 210,
       223, 36, 94, 92, 137, 175, 253, 34, 127, 248, 247, 29, 254, 223,
       141, 83, 244, 123, 234, 157, 216, 250, 111, 62, 253, 230, 147,
       251, 107, 150, 212, 105, 231, 62, 234, 239, 19, 99, 97, 255, 239,
       250, 105, 250, 61, 247, 118, 191, 191, 227, 234, 255, 138, 239,
       223, 211, 125, 48, 222, 215, 207, 127, 251, 115, 168, 219, 246,
       61, 190, 253, 124, 46, 253, 255, 113, 253, 252, 214, 201, 221,
       125, 61, 76, 189, 249, 227, 235, 245, 119, 82, 247, 253, 127, 229,
       246, 108, 215, 245, 230, 207, 120, 195, 36, 255, 184, 248, 121,
       124, 29, 251, 167, 245, 241, 247, 111, 187, 238, 137, 75, 240, 29,
       152, 93, 63, 243, 119, 189, 251, 251, 108, 222, 60, 175, 253, 252,
       34, 253, 245, 119, 245, 252, 222, 149, 93, 52, 185, 198, 153, 248,
       195, 235, 245, 112, 82, 211, 253, 46, 132, 212, 108, 213, 253,
       234, 207, 88, 67, 172, 255, 250, 248, 120, 124, 61, 247, 167, 244,
       245, 183, 107, 187, 232, 169, 79, 242, 29, 24, 84, 39, 195, 95,
       253, 251, 251, 109, 222, 252, 185, 255, 253, 54, 247, 253, 255,
       221, 255, 253, 185, 127, 250, 191, 206, 251, 221, 123, 107, 191,
       191, 230, 191, 93, 239, 183, 191, 91, 221, 119, 239, 215, 39, 117,
       251, 214, 125, 249, 117, 120, 127, 251, 111, 255, 53, 247, 111,
       159, 172, 62, 197, 240, 29, 156, 77, 80, 246, 115, 255, 91, 87,
       33, 254, 124, 41, 255, 252, 50, 127, 249, 255, 213, 252, 215, 181,
       83, 242, 187, 238, 235, 221, 243, 107, 183, 61, 230, 183, 93, 235,
       182, 143, 67, 207, 54, 235, 215, 38, 117, 186, 87, 126, 249, 124,
       248, 125, 245, 47, 255, 53, 119, 111, 155, 172, 59, 213, 240, 29,
       156, 76, 16, 242, 123, 255, 89, 87, 33, 254, 58, 157, 252, 190,
       39, 223, 223, 47, 215, 254, 215, 180, 189, 110, 61, 94, 255, 179,
       98, 211, 245, 55, 211, 119, 217, 255, 230, 127, 82, 248, 245, 234,
       207, 44, 71, 190, 219, 120, 232, 125, 120, 93, 117, 47, 213, 117,
       181, 111, 153, 174, 152, 15, 242, 29, 156, 81, 16, 243, 115, 189,
       123, 215, 40, 250, 59, 190, 255, 255, 255, 183, 255, 248, 255,
       255, 222, 251, 239, 127, 187, 93, 255, 247, 43, 107, 245, 111,
       219, 127, 207, 255, 247, 63, 126, 95, 243, 255, 215, 100, 85, 190,
       82, 120, 249, 119, 116, 92, 122, 47, 213, 20, 245, 111, 153, 172,
       24, 5, 240, 29, 156, 73, 16, 242, 51, 191, 218, 87, 32, 250 ]
