%YAML:1.0
descriptors: !!opencv-matrix
   rows: 9
   cols: 64
   dt: u
   data: [ 189, 254, 255, 103, 127, 255, 247, 249, 253, 253, 214, 251,
       255, 127, 254, 205, 235, 253, 255, 107, 245, 127, 219, 255, 109,
       255, 29, 183, 126, 95, 127, 255, 223, 239, 253, 190, 247, 249,
       253, 55, 125, 125, 251, 55, 245, 117, 247, 107, 191, 253, 185, 13,
       247, 189, 158, 77, 118, 254, 247, 239, 251, 223, 45, 254, 60, 181,
       253, 254, 55, 183, 249, 127, 214, 222, 213, 245, 253, 90, 179, 86,
       250, 215, 99, 99, 245, 47, 195, 119, 221, 186, 246, 205, 82, 92,
       245, 235, 199, 36, 85, 190, 82, 120, 233, 116, 120, 92, 57, 47,
       213, 21, 241, 111, 153, 172, 24, 5, 240, 29, 156, 73, 16, 242, 51,
       189, 88, 87, 32, 250, 62, 179, 253, 246, 55, 191, 121, 126, 214,
       94, 213, 245, 125, 126, 180, 86, 254, 215, 67, 99, 245, 39, 195,
       119, 205, 170, 228, 223, 90, 220, 245, 233, 215, 44, 85, 190, 86,
       120, 233, 124, 120, 92, 57, 47, 213, 53, 245, 111, 153, 172, 24,
       5, 240, 29, 156, 73, 16, 242, 51, 189, 88, 87, 32, 250, 63, 53,
       237, 182, 63, 183, 249, 126, 244, 252, 214, 117, 125, 123, 177,
       87, 242, 245, 99, 115, 245, 39, 211, 119, 77, 170, 228, 159, 122,
       88, 117, 235, 223, 44, 85, 190, 91, 120, 233, 116, 120, 93, 56,
       47, 212, 53, 245, 111, 153, 172, 24, 5, 240, 29, 156, 73, 16, 242,
       51, 189, 88, 87, 32, 250, 62, 179, 237, 246, 63, 191, 253, 123,
       244, 252, 212, 241, 255, 122, 180, 70, 242, 213, 99, 99, 245, 39,
       193, 119, 77, 186, 164, 159, 90, 88, 53, 235, 215, 44, 84, 186,
       87, 120, 233, 116, 120, 92, 56, 47, 213, 21, 245, 111, 153, 172,
       24, 5, 240, 29, 156, 73, 16, 242, 51, 189, 88, 87, 32, 250, 28, 0,
       253, 188, 42, 247, 185, 127, 181, 252, 214, 149, 93, 124, 185, 70,
       251, 220, 195, 99, 244, 112, 192, 243, 93, 170, 164, 222, 120,
       197, 53, 235, 223, 36, 85, 186, 87, 120, 233, 124, 120, 93, 61,
       46, 212, 53, 247, 111, 153, 172, 24, 5, 240, 29, 156, 73, 24, 242,
       51, 189, 88, 87, 32, 250, 255, 244, 253, 239, 255, 191, 223, 88,
       255, 255, 181, 251, 255, 123, 182, 93, 246, 247, 59, 123, 253,
       119, 219, 124, 229, 234, 248, 127, 127, 121, 253, 239, 215, 237,
       222, 255, 210, 121, 249, 247, 214, 223, 106, 47, 209, 28, 253, 63,
       157, 172, 24, 5, 240, 189, 159, 109, 24, 246, 179, 189, 216, 95,
       50, 255, 124, 171, 255, 253, 50, 127, 249, 247, 221, 252, 222,
       181, 95, 252, 251, 238, 187, 221, 251, 111, 247, 253, 246, 183,
       255, 107, 182, 151, 109, 215, 126, 235, 239, 51, 103, 255, 215,
       126, 249, 125, 248, 125, 247, 54, 255, 167, 247, 111, 191, 172,
       175, 223, 242, 29, 157, 93, 116, 254, 123, 255, 123, 63, 171, 254,
       188, 253, 127, 255, 63, 253, 255, 249, 255, 253, 253, 255, 255,
       126, 254, 254, 251, 215, 119, 107, 253, 171, 231, 118, 253, 255,
       247, 251, 91, 223, 247, 251, 247, 36, 84, 254, 82, 123, 233, 244,
       90, 95, 56, 47, 213, 55, 245, 111, 153, 172, 26, 5, 248, 29, 157,
       73, 16, 242, 51, 189, 88, 87, 34, 251 ]
