%YAML:1.0
descriptors: !!opencv-matrix
   rows: 11
   cols: 64
   dt: u
   data: [ 249, 255, 255, 255, 255, 127, 253, 251, 253, 255, 253, 251,
       255, 255, 254, 239, 251, 253, 127, 111, 126, 207, 247, 255, 127,
       255, 191, 187, 255, 83, 126, 191, 223, 103, 125, 251, 211, 125,
       253, 252, 127, 222, 120, 63, 223, 63, 255, 253, 157, 173, 30, 133,
       248, 31, 158, 77, 24, 244, 113, 189, 94, 87, 34, 251, 254, 255,
       239, 255, 254, 255, 223, 183, 255, 255, 127, 158, 223, 254, 127,
       255, 157, 255, 122, 255, 191, 255, 255, 191, 255, 247, 191, 255,
       255, 255, 255, 255, 231, 255, 255, 111, 255, 255, 254, 123, 58,
       255, 231, 253, 191, 254, 255, 187, 255, 219, 254, 255, 143, 255,
       247, 254, 215, 239, 249, 127, 255, 249, 219, 182, 252, 254, 111,
       237, 254, 255, 247, 241, 253, 253, 254, 251, 223, 127, 252, 236,
       185, 221, 255, 255, 253, 127, 191, 245, 251, 127, 157, 246, 253,
       215, 255, 255, 255, 121, 243, 244, 255, 219, 253, 189, 127, 191,
       255, 183, 253, 183, 254, 107, 175, 255, 207, 239, 255, 255, 155,
       221, 126, 223, 255, 255, 251, 255, 110, 222, 188, 254, 255, 173,
       190, 125, 181, 253, 253, 245, 252, 255, 255, 191, 254, 238, 251,
       252, 255, 105, 125, 212, 251, 252, 255, 253, 253, 187, 255, 223,
       127, 239, 221, 108, 119, 254, 222, 251, 249, 127, 127, 223, 127,
       183, 221, 183, 254, 181, 191, 181, 207, 191, 250, 159, 159, 93,
       124, 244, 121, 252, 223, 223, 46, 255, 255, 254, 254, 239, 255,
       191, 223, 152, 255, 127, 189, 251, 191, 251, 254, 253, 247, 247,
       63, 255, 255, 223, 187, 124, 231, 255, 251, 127, 255, 123, 255,
       255, 247, 237, 222, 223, 210, 125, 253, 247, 247, 223, 106, 63,
       219, 30, 252, 53, 141, 181, 22, 5, 234, 191, 159, 111, 88, 246,
       177, 191, 221, 223, 54, 189, 63, 247, 109, 254, 63, 253, 221, 120,
       255, 255, 213, 249, 253, 127, 188, 87, 251, 244, 99, 251, 245,
       126, 211, 127, 125, 255, 247, 63, 126, 255, 117, 235, 215, 108,
       215, 190, 222, 120, 249, 125, 124, 93, 251, 47, 213, 117, 245,
       111, 187, 174, 152, 13, 240, 29, 158, 93, 56, 242, 115, 191, 251,
       223, 44, 250, 60, 189, 255, 221, 62, 255, 245, 255, 221, 253, 222,
       253, 255, 254, 251, 238, 251, 221, 251, 107, 245, 127, 247, 247,
       253, 127, 246, 247, 109, 223, 255, 239, 207, 106, 103, 254, 222,
       123, 249, 125, 249, 125, 247, 38, 253, 183, 247, 111, 191, 172,
       143, 207, 242, 29, 153, 93, 118, 246, 127, 251, 251, 255, 175,
       222, 61, 188, 253, 237, 63, 253, 251, 125, 255, 253, 214, 253,
       253, 124, 188, 93, 255, 255, 227, 251, 245, 127, 219, 255, 253,
       127, 244, 254, 124, 215, 247, 239, 223, 120, 95, 188, 255, 248,
       249, 125, 121, 93, 127, 47, 245, 53, 247, 111, 185, 254, 153, 15,
       240, 29, 156, 93, 54, 243, 247, 189, 251, 223, 44, 254, 60, 187,
       255, 253, 50, 127, 249, 247, 253, 252, 222, 221, 95, 252, 251,
       238, 255, 220, 251, 107, 245, 125, 230, 247, 253, 107, 246, 246,
       109, 215, 255, 239, 255, 114, 103, 252, 255, 123, 249, 125, 248,
       93, 247, 62, 253, 167, 247, 111, 191, 172, 159, 207, 242, 29, 157,
       93, 55, 243, 127, 255, 251, 127, 41, 254, 56, 189, 255, 252, 62,
       253, 249, 119, 221, 252, 222, 213, 95, 252, 251, 254, 255, 218,
       227, 235, 245, 125, 215, 255, 249, 111, 246, 254, 109, 215, 255,
       239, 207, 56, 71, 180, 255, 250, 248, 125, 120, 93, 247, 47, 245,
       55, 247, 111, 187, 236, 137, 207, 242, 29, 152, 93, 55, 243, 127,
       255, 251, 255, 45, 254, 56, 188, 255, 254, 62, 253, 249, 55, 215,
       252, 215, 245, 125, 126, 59, 254, 255, 154, 227, 251, 245, 127,
       211, 247, 249, 43, 228, 254, 108, 245, 247, 239, 207, 60, 71, 180,
       223, 88, 248, 125, 120, 93, 247, 47, 245, 53, 247, 111, 187, 238,
       137, 79, 244, 29, 152, 85, 54, 243, 247, 255, 251, 255, 172, 222 ]
