%YAML:1.0
descriptors: !!opencv-matrix
   rows: 10
   cols: 64
   dt: u
   data: [ 60, 253, 255, 254, 54, 255, 253, 127, 247, 252, 253, 251, 255,
       122, 182, 94, 255, 223, 99, 99, 245, 127, 211, 247, 253, 255, 247,
       255, 123, 223, 247, 235, 223, 44, 87, 190, 223, 120, 249, 125,
       120, 93, 57, 47, 213, 53, 247, 111, 153, 172, 24, 5, 240, 29, 156,
       73, 16, 242, 115, 189, 122, 87, 32, 250, 189, 188, 255, 255, 63,
       253, 253, 253, 255, 253, 222, 255, 255, 127, 255, 253, 251, 255,
       99, 123, 245, 127, 211, 247, 253, 255, 245, 255, 126, 223, 247,
       239, 223, 108, 87, 190, 223, 122, 249, 125, 124, 93, 127, 47, 213,
       55, 247, 111, 185, 172, 153, 13, 242, 29, 157, 93, 60, 242, 119,
       189, 251, 223, 44, 250, 255, 253, 255, 255, 247, 255, 223, 159,
       127, 247, 61, 250, 191, 255, 254, 255, 255, 247, 124, 255, 63,
       253, 247, 115, 255, 255, 243, 127, 255, 123, 254, 187, 215, 119,
       247, 251, 218, 125, 251, 255, 118, 255, 251, 127, 255, 158, 253,
       63, 221, 191, 158, 207, 248, 191, 191, 255, 121, 247, 121, 191,
       223, 253, 191, 251, 124, 59, 255, 249, 254, 255, 115, 254, 252,
       253, 214, 191, 255, 254, 187, 206, 251, 213, 123, 103, 253, 143,
       194, 55, 79, 234, 190, 175, 90, 76, 50, 171, 215, 39, 85, 187, 82,
       126, 253, 116, 248, 92, 56, 46, 221, 61, 229, 239, 157, 172, 24,
       5, 241, 61, 156, 73, 80, 254, 51, 189, 88, 87, 32, 250, 127, 54,
       245, 147, 223, 135, 11, 121, 238, 103, 147, 62, 253, 235, 179, 85,
       242, 245, 123, 102, 217, 39, 211, 117, 94, 248, 188, 47, 210, 28,
       115, 107, 215, 37, 87, 187, 82, 120, 237, 118, 112, 92, 24, 15,
       213, 28, 245, 79, 153, 172, 24, 5, 240, 29, 156, 73, 16, 242, 51,
       189, 88, 87, 32, 250, 108, 33, 229, 144, 16, 135, 35, 110, 132,
       196, 130, 52, 81, 238, 179, 70, 234, 213, 3, 102, 207, 41, 198,
       51, 76, 138, 164, 13, 82, 12, 48, 41, 215, 38, 85, 186, 82, 120,
       65, 84, 112, 80, 24, 14, 85, 20, 193, 78, 153, 44, 24, 5, 240, 29,
       156, 73, 16, 242, 51, 189, 88, 86, 32, 250, 62, 53, 245, 150, 58,
       133, 29, 73, 230, 231, 153, 114, 255, 110, 176, 86, 242, 213, 39,
       99, 199, 38, 195, 119, 76, 222, 165, 47, 82, 8, 113, 107, 215, 36,
       84, 186, 82, 120, 233, 86, 112, 88, 56, 47, 213, 20, 245, 111,
       153, 172, 24, 5, 240, 29, 156, 73, 16, 242, 51, 189, 88, 87, 32,
       250, 191, 253, 125, 254, 63, 189, 253, 57, 255, 253, 255, 251,
       255, 126, 252, 222, 247, 246, 102, 251, 247, 126, 211, 255, 253,
       255, 247, 251, 126, 255, 247, 239, 223, 108, 214, 190, 223, 121,
       249, 125, 122, 223, 255, 111, 244, 55, 247, 111, 187, 174, 153,
       79, 248, 29, 159, 93, 60, 243, 119, 255, 251, 255, 172, 254, 60,
       57, 255, 252, 54, 127, 249, 255, 221, 252, 215, 181, 93, 254, 251,
       230, 251, 220, 99, 107, 245, 55, 214, 183, 221, 235, 180, 157, 90,
       222, 126, 235, 199, 36, 87, 190, 214, 122, 233, 116, 248, 93, 53,
       46, 213, 54, 245, 111, 153, 172, 153, 13, 242, 29, 157, 89, 16,
       242, 51, 189, 91, 87, 32, 250, 60, 57, 255, 180, 50, 127, 177,
       127, 213, 220, 214, 181, 93, 190, 187, 230, 251, 220, 67, 99, 245,
       49, 198, 183, 221, 170, 164, 137, 106, 220, 116, 235, 247, 36, 69,
       190, 86, 122, 201, 124, 248, 93, 57, 46, 212, 55, 227, 110, 153,
       172, 153, 5, 240, 29, 156, 73, 16, 242, 51, 189, 90, 87, 32, 250 ]
