%YAML:1.0
descriptors: !!opencv-matrix
   rows: 33
   cols: 64
   dt: u
   data: [ 63, 54, 125, 182, 62, 191, 59, 120, 246, 126, 210, 119, 253,
       127, 188, 84, 242, 215, 67, 98, 245, 39, 195, 119, 204, 250, 228,
       207, 90, 28, 241, 235, 215, 36, 85, 190, 82, 120, 233, 116, 120,
       92, 56, 47, 213, 21, 245, 111, 153, 172, 24, 5, 240, 29, 156, 73,
       16, 242, 51, 189, 88, 87, 32, 250, 62, 180, 125, 188, 63, 183,
       187, 121, 244, 254, 212, 177, 237, 123, 185, 87, 250, 221, 67,
       115, 245, 35, 211, 119, 205, 186, 228, 239, 82, 29, 241, 235, 215,
       44, 85, 190, 91, 120, 233, 116, 120, 92, 56, 175, 213, 21, 247,
       111, 153, 172, 24, 5, 240, 29, 156, 73, 16, 242, 51, 189, 88, 87,
       32, 250, 61, 182, 125, 183, 62, 181, 187, 120, 246, 254, 214, 113,
       237, 123, 185, 85, 242, 245, 67, 98, 245, 35, 195, 119, 205, 170,
       228, 191, 90, 29, 113, 235, 215, 36, 85, 190, 82, 120, 233, 116,
       120, 92, 58, 47, 213, 53, 245, 111, 153, 172, 24, 5, 240, 29, 156,
       73, 16, 242, 51, 189, 88, 87, 32, 250, 62, 176, 125, 182, 63, 181,
       159, 120, 246, 255, 213, 240, 253, 111, 176, 84, 242, 215, 67, 99,
       229, 35, 195, 119, 204, 218, 228, 63, 82, 25, 117, 235, 215, 44,
       85, 190, 82, 120, 233, 116, 112, 92, 56, 47, 213, 20, 245, 111,
       153, 172, 24, 5, 240, 29, 156, 73, 16, 242, 51, 189, 88, 87, 32,
       250, 63, 182, 125, 167, 191, 188, 159, 121, 254, 127, 211, 119,
       173, 127, 144, 85, 242, 215, 7, 99, 229, 35, 195, 126, 205, 222,
       245, 127, 82, 27, 241, 107, 215, 44, 85, 190, 82, 120, 233, 116,
       112, 92, 56, 47, 213, 20, 245, 111, 153, 172, 24, 5, 240, 29, 156,
       73, 16, 242, 51, 189, 88, 87, 32, 250, 59, 246, 125, 239, 191,
       189, 223, 24, 254, 127, 245, 250, 189, 123, 180, 85, 246, 247, 7,
       243, 245, 114, 147, 126, 236, 190, 225, 127, 126, 123, 245, 235,
       215, 108, 214, 190, 218, 120, 249, 127, 116, 94, 122, 47, 209, 17,
       245, 79, 153, 172, 24, 5, 240, 29, 156, 73, 16, 242, 51, 189, 216,
       215, 40, 251, 187, 213, 108, 234, 23, 125, 245, 59, 181, 93, 124,
       249, 47, 59, 116, 253, 247, 246, 101, 249, 112, 66, 177, 118, 113,
       191, 97, 25, 127, 82, 120, 185, 232, 110, 182, 244, 247, 80, 25,
       252, 223, 223, 58, 191, 208, 51, 118, 204, 169, 53, 223, 8, 248,
       13, 143, 93, 56, 240, 103, 158, 90, 222, 46, 217, 13, 141, 190,
       220, 35, 95, 217, 127, 55, 196, 133, 204, 19, 188, 191, 206, 141,
       92, 208, 47, 22, 121, 246, 35, 125, 243, 146, 92, 117, 232, 30,
       41, 212, 82, 177, 202, 130, 107, 218, 57, 16, 187, 189, 102, 183,
       156, 101, 110, 151, 40, 255, 157, 184, 89, 180, 94, 185, 74, 104,
       111, 81, 157, 15, 251, 173, 238, 110, 137, 170, 221, 160, 245, 61,
       253, 110, 159, 220, 61, 251, 228, 129, 120, 195, 232, 249, 210,
       190, 184, 121, 45, 4, 242, 237, 215, 63, 215, 245, 80, 71, 106,
       214, 243, 185, 190, 254, 31, 88, 150, 84, 182, 202, 113, 153, 109,
       222, 45, 210, 31, 137, 92, 58, 197, 43, 164, 203, 218, 42, 253,
       47, 255, 109, 255, 55, 189, 223, 88, 255, 223, 173, 250, 189, 122,
       236, 95, 251, 245, 34, 123, 247, 119, 83, 119, 117, 247, 243, 63,
       127, 123, 117, 235, 223, 108, 215, 190, 210, 121, 251, 125, 118,
       223, 126, 109, 215, 85, 245, 111, 157, 190, 24, 13, 242, 29, 223,
       93, 56, 246, 115, 191, 251, 223, 172, 251, 252, 186, 255, 207,
       122, 127, 243, 255, 255, 252, 94, 221, 95, 190, 251, 238, 251,
       213, 251, 107, 244, 87, 230, 247, 123, 235, 188, 63, 127, 219,
       127, 255, 245, 36, 87, 254, 86, 123, 233, 124, 250, 93, 123, 62,
       213, 166, 241, 111, 157, 172, 159, 13, 242, 29, 157, 73, 16, 246,
       59, 189, 91, 95, 34, 250, 198, 201, 138, 223, 103, 83, 90, 143,
       22, 227, 53, 170, 178, 202, 38, 95, 28, 51, 56, 159, 15, 151, 247,
       35, 19, 211, 251, 111, 83, 249, 150, 33, 143, 61, 150, 227, 210,
       77, 230, 113, 242, 255, 53, 105, 179, 92, 177, 110, 215, 170, 26,
       133, 241, 121, 252, 210, 81, 255, 113, 63, 61, 241, 154, 203, 239,
       234, 238, 255, 255, 127, 223, 178, 61, 255, 126, 251, 159, 254,
       127, 239, 233, 253, 125, 251, 253, 221, 239, 122, 111, 255, 187,
       63, 255, 95, 55, 255, 243, 47, 117, 251, 91, 127, 253, 244, 114,
       93, 120, 63, 223, 22, 255, 245, 157, 173, 30, 5, 248, 31, 157, 77,
       16, 244, 51, 189, 93, 87, 32, 250, 195, 197, 138, 218, 38, 22, 92,
       2, 35, 199, 33, 200, 14, 233, 36, 27, 140, 211, 36, 231, 134, 101,
       224, 99, 77, 211, 179, 127, 19, 40, 144, 97, 214, 54, 220, 139,
       66, 108, 178, 225, 102, 106, 56, 105, 147, 28, 213, 79, 209, 168,
       24, 5, 96, 17, 189, 79, 25, 243, 50, 183, 80, 113, 16, 235, 220,
       41, 155, 181, 34, 67, 250, 228, 88, 171, 87, 158, 210, 164, 219,
       234, 43, 217, 121, 111, 15, 141, 230, 152, 141, 75, 186, 238, 65,
       135, 54, 186, 115, 53, 117, 251, 91, 127, 192, 246, 210, 92, 181,
       62, 251, 30, 203, 60, 159, 172, 122, 231, 240, 31, 20, 73, 208,
       251, 57, 249, 93, 22, 34, 251, 233, 101, 238, 59, 35, 119, 127,
       183, 229, 230, 253, 168, 127, 169, 55, 238, 157, 57, 115, 255, 59,
       211, 119, 183, 209, 109, 237, 188, 105, 148, 254, 177, 232, 44, 7,
       255, 219, 40, 240, 248, 62, 91, 52, 175, 215, 123, 7, 108, 191,
       170, 154, 11, 240, 29, 80, 84, 56, 247, 121, 188, 187, 210, 104,
       234, 56, 177, 237, 222, 54, 189, 93, 58, 247, 214, 61, 144, 157,
       127, 189, 71, 155, 247, 114, 107, 182, 126, 210, 247, 249, 247,
       167, 60, 120, 251, 92, 169, 215, 94, 183, 190, 202, 89, 250, 121,
       52, 249, 255, 111, 183, 244, 245, 111, 151, 168, 185, 79, 186, 29,
       190, 92, 57, 246, 123, 223, 251, 191, 237, 250, 155, 152, 214, 39,
       223, 232, 211, 152, 62, 25, 166, 111, 174, 123, 98, 185, 111, 247,
       61, 179, 229, 15, 175, 125, 99, 255, 121, 47, 254, 67, 227, 119,
       255, 101, 93, 244, 115, 115, 237, 244, 209, 84, 26, 31, 201, 19,
       250, 229, 137, 188, 88, 5, 252, 135, 140, 73, 18, 240, 182, 189,
       80, 31, 36, 248, 253, 255, 127, 253, 254, 255, 255, 250, 253, 253,
       252, 251, 255, 255, 252, 239, 155, 253, 255, 111, 191, 254, 189,
       255, 255, 255, 87, 183, 255, 247, 127, 255, 154, 219, 239, 87,
       239, 253, 255, 63, 127, 191, 255, 119, 255, 251, 127, 179, 239,
       211, 231, 254, 207, 231, 227, 190, 255, 221, 237, 239, 247, 255,
       223, 159, 250, 249, 255, 246, 54, 119, 220, 55, 215, 155, 213,
       242, 127, 210, 54, 90, 253, 211, 126, 255, 39, 127, 225, 215, 175,
       95, 247, 255, 75, 254, 246, 232, 214, 62, 167, 255, 255, 124, 250,
       117, 120, 253, 183, 109, 191, 61, 183, 110, 255, 170, 155, 199,
       242, 61, 252, 221, 87, 247, 119, 251, 123, 249, 217, 250, 59, 219,
       108, 255, 63, 188, 221, 24, 191, 255, 181, 234, 173, 121, 124, 95,
       253, 247, 38, 251, 198, 118, 210, 126, 101, 215, 247, 123, 87, 59,
       119, 107, 215, 44, 223, 190, 210, 121, 248, 119, 112, 94, 56, 45,
       215, 84, 245, 111, 153, 174, 24, 5, 240, 29, 159, 89, 16, 242, 51,
       191, 120, 215, 32, 250, 254, 63, 246, 212, 118, 15, 95, 115, 167,
       196, 241, 242, 223, 249, 182, 94, 244, 243, 126, 247, 55, 47, 208,
       247, 223, 127, 247, 125, 48, 188, 244, 168, 206, 63, 102, 191,
       200, 60, 242, 125, 108, 121, 177, 239, 253, 120, 181, 111, 220,
       166, 153, 219, 242, 124, 156, 203, 105, 255, 83, 183, 120, 117,
       177, 122, 111, 36, 225, 171, 216, 166, 39, 12, 244, 110, 64, 53,
       153, 47, 179, 68, 203, 125, 145, 96, 232, 67, 218, 109, 92, 200,
       60, 167, 90, 217, 57, 207, 85, 161, 87, 51, 53, 224, 45, 126, 108,
       68, 78, 136, 69, 25, 237, 83, 60, 108, 24, 4, 247, 124, 28, 227,
       76, 174, 151, 185, 138, 199, 48, 230, 91, 178, 78, 163, 255, 243,
       178, 184, 120, 187, 214, 123, 236, 25, 107, 81, 110, 223, 185,
       219, 233, 81, 207, 252, 165, 125, 121, 167, 126, 71, 227, 255,
       221, 233, 221, 49, 127, 249, 237, 55, 121, 93, 106, 63, 213, 133,
