%YAML:1.0
descriptors: !!opencv-matrix
   rows: 23
   cols: 64
   dt: u
   data: [ 255, 251, 255, 255, 119, 255, 223, 158, 255, 223, 191, 250,
       255, 254, 254, 255, 255, 247, 126, 255, 63, 255, 247, 55, 247,
       247, 247, 125, 127, 255, 254, 185, 222, 127, 255, 255, 218, 127,
       251, 125, 122, 255, 251, 125, 191, 255, 245, 62, 255, 191, 158,
       207, 248, 189, 247, 255, 241, 247, 121, 255, 127, 253, 255, 250,
       63, 246, 125, 239, 191, 189, 255, 121, 255, 127, 245, 251, 237,
       123, 180, 85, 242, 247, 71, 115, 245, 118, 211, 126, 253, 254,
       225, 255, 126, 95, 245, 239, 215, 108, 220, 190, 218, 121, 249,
       117, 126, 94, 123, 175, 213, 21, 245, 111, 153, 172, 24, 13, 240,
       29, 158, 73, 16, 242, 51, 189, 218, 87, 42, 251, 63, 246, 125,
       255, 63, 253, 249, 120, 253, 254, 254, 253, 253, 127, 253, 244,
       243, 220, 67, 115, 245, 34, 197, 246, 205, 175, 229, 187, 91, 95,
       119, 251, 255, 44, 85, 190, 91, 122, 233, 244, 250, 92, 56, 47,
       212, 55, 247, 111, 153, 172, 24, 5, 240, 29, 157, 73, 16, 242, 51,
       189, 88, 87, 34, 250, 109, 47, 231, 184, 217, 191, 163, 127, 228,
       92, 194, 53, 253, 127, 185, 100, 226, 221, 107, 102, 245, 39, 194,
       119, 78, 232, 172, 141, 82, 12, 48, 233, 215, 37, 85, 186, 82,
       122, 237, 116, 252, 92, 24, 15, 85, 55, 245, 79, 153, 172, 24, 5,
       240, 29, 157, 73, 16, 242, 51, 189, 88, 87, 32, 248, 125, 58, 247,
       177, 223, 167, 35, 126, 244, 124, 194, 53, 239, 251, 177, 69, 226,
       213, 27, 102, 233, 7, 131, 53, 78, 200, 168, 13, 210, 12, 48, 171,
       243, 37, 84, 187, 82, 114, 133, 116, 208, 84, 24, 14, 193, 29,
       193, 79, 153, 44, 24, 5, 240, 29, 157, 73, 16, 242, 51, 189, 88,
       86, 32, 248, 254, 48, 241, 183, 255, 167, 31, 105, 206, 103, 209,
       122, 255, 234, 182, 84, 242, 213, 59, 101, 201, 135, 195, 125, 78,
       202, 188, 47, 210, 25, 117, 47, 215, 37, 84, 187, 82, 121, 165,
       246, 80, 74, 24, 15, 209, 28, 237, 29, 157, 172, 24, 5, 240, 29,
       156, 73, 80, 242, 51, 189, 88, 87, 48, 249, 248, 187, 255, 247,
       254, 255, 243, 255, 253, 253, 214, 255, 255, 253, 187, 206, 251,
       221, 123, 111, 252, 175, 199, 119, 79, 235, 190, 191, 122, 213,
       118, 239, 215, 39, 85, 251, 87, 127, 253, 116, 248, 93, 250, 62,
       221, 29, 251, 239, 157, 172, 24, 133, 240, 61, 157, 73, 80, 254,
       51, 189, 88, 87, 32, 250, 60, 121, 127, 172, 50, 125, 61, 255,
       213, 220, 255, 181, 125, 190, 249, 246, 251, 212, 67, 104, 113,
       146, 228, 54, 93, 173, 164, 153, 83, 222, 126, 185, 240, 36, 117,
       254, 86, 114, 129, 252, 186, 221, 29, 62, 214, 150, 192, 108, 137,
       173, 95, 5, 248, 31, 149, 73, 144, 242, 43, 252, 89, 6, 34, 240,
       255, 185, 255, 255, 255, 191, 223, 248, 255, 255, 213, 250, 255,
       251, 182, 93, 242, 247, 123, 103, 255, 239, 195, 125, 207, 250,
       255, 127, 250, 29, 247, 175, 215, 37, 84, 255, 82, 125, 253, 119,
       112, 94, 121, 63, 213, 28, 253, 63, 157, 172, 24, 5, 240, 61, 156,
       75, 80, 246, 51, 189, 88, 87, 48, 251, 190, 245, 125, 254, 183,
       125, 95, 249, 255, 95, 253, 249, 127, 123, 244, 253, 243, 244, 71,
       103, 117, 242, 181, 54, 237, 175, 229, 25, 255, 94, 126, 185, 240,
       100, 22, 254, 210, 115, 209, 245, 214, 223, 25, 31, 208, 22, 212,
       78, 137, 173, 86, 5, 248, 29, 159, 77, 152, 246, 51, 188, 88, 94,
       34, 185, 70, 33, 225, 184, 80, 6, 103, 79, 132, 70, 41, 48, 17,
       206, 183, 70, 227, 85, 1, 102, 15, 171, 128, 34, 78, 206, 166, 13,
       211, 8, 48, 9, 114, 38, 21, 187, 2, 116, 69, 84, 50, 98, 20, 11,
       85, 28, 197, 142, 25, 44, 16, 4, 96, 28, 132, 73, 144, 240, 33,
       189, 92, 86, 34, 176, 62, 185, 239, 247, 63, 189, 221, 58, 127,
       255, 215, 251, 255, 126, 185, 94, 249, 223, 97, 251, 229, 125,
       195, 115, 205, 255, 243, 255, 122, 223, 245, 235, 215, 44, 85,
       186, 91, 120, 249, 116, 112, 93, 125, 47, 213, 21, 247, 111, 153,
       172, 24, 5, 242, 29, 156, 73, 16, 242, 51, 189, 89, 87, 32, 250,
       31, 181, 221, 118, 63, 249, 248, 121, 115, 184, 215, 245, 252,
       118, 169, 115, 234, 223, 33, 243, 197, 37, 195, 243, 205, 222,
       240, 255, 82, 15, 183, 106, 223, 36, 85, 186, 91, 120, 233, 116,
       112, 92, 56, 47, 213, 21, 247, 111, 153, 172, 24, 5, 240, 29, 156,
       73, 16, 242, 51, 189, 88, 87, 32, 250, 20, 162, 221, 118, 41, 152,
       184, 104, 250, 184, 214, 247, 252, 119, 137, 16, 226, 139, 35,
       115, 197, 103, 195, 247, 205, 218, 224, 255, 110, 143, 161, 106,
       223, 36, 69, 190, 83, 56, 233, 124, 120, 92, 56, 47, 213, 53, 247,
       111, 153, 172, 24, 1, 240, 29, 156, 73, 16, 242, 51, 189, 88, 87,
       32, 250, 255, 252, 127, 221, 255, 253, 219, 248, 255, 255, 245,
       255, 255, 251, 246, 255, 251, 245, 63, 107, 191, 175, 254, 124,
       109, 255, 179, 63, 215, 31, 127, 127, 243, 37, 60, 251, 82, 127,
       249, 246, 210, 222, 120, 63, 219, 30, 249, 55, 141, 173, 22, 5,
       248, 159, 159, 73, 144, 246, 57, 189, 92, 87, 34, 187, 190, 240,
       121, 231, 255, 173, 223, 153, 254, 125, 253, 123, 255, 90, 244,
       93, 242, 247, 62, 112, 229, 126, 187, 124, 174, 222, 253, 127,
       254, 123, 247, 255, 135, 237, 158, 223, 238, 113, 185, 247, 219,
       223, 199, 89, 217, 31, 252, 29, 239, 183, 147, 141, 234, 182, 159,
       113, 120, 182, 241, 155, 254, 159, 62, 189, 29, 178, 221, 151, 62,
       177, 191, 120, 250, 190, 210, 243, 237, 95, 187, 65, 246, 223, 99,
       99, 229, 37, 195, 255, 201, 122, 244, 254, 88, 13, 241, 235, 223,
       36, 85, 190, 91, 120, 233, 117, 120, 92, 58, 47, 213, 53, 247,
       111, 153, 172, 24, 5, 240, 29, 156, 73, 16, 242, 51, 189, 88, 87,
       32, 250, 127, 186, 255, 183, 127, 255, 191, 124, 252, 255, 214,
       247, 253, 127, 187, 213, 251, 253, 99, 99, 245, 39, 195, 127, 205,
       255, 244, 191, 90, 31, 115, 239, 215, 36, 85, 190, 83, 120, 233,
       116, 120, 92, 56, 47, 213, 21, 247, 111, 153, 172, 24, 5, 240, 29,
       156, 73, 16, 242, 51, 189, 88, 87, 32, 250, 252, 190, 255, 173,
       255, 247, 187, 255, 252, 255, 214, 255, 255, 254, 187, 253, 251,
       221, 107, 98, 253, 135, 223, 125, 207, 253, 252, 175, 218, 95,
       115, 239, 215, 36, 85, 190, 82, 122, 233, 116, 120, 92, 122, 46,
       213, 21, 247, 109, 153, 172, 24, 5, 240, 29, 156, 73, 16, 242, 51,
       189, 88, 87, 32, 250, 254, 250, 255, 189, 254, 119, 187, 255, 252,
       255, 208, 251, 255, 250, 179, 223, 251, 213, 127, 99, 253, 135,
       239, 60, 79, 251, 189, 47, 219, 93, 119, 255, 247, 37, 84, 187,
       82, 112, 225, 116, 248, 94, 120, 62, 209, 20, 209, 109, 153, 172,
       24, 5, 240, 29, 156, 73, 16, 242, 51, 189, 88, 87, 34, 251, 254,
       254, 127, 173, 255, 189, 191, 249, 254, 127, 255, 254, 255, 62,
       254, 253, 243, 213, 127, 100, 253, 151, 131, 116, 79, 220, 189,
       63, 210, 31, 119, 187, 215, 36, 85, 187, 82, 123, 233, 116, 240,
       92, 56, 47, 213, 22, 244, 125, 153, 172, 24, 5, 240, 29, 157, 73,
       16, 242, 51, 189, 88, 87, 32, 250, 253, 190, 255, 165, 255, 189,
       187, 248, 254, 127, 215, 127, 255, 123, 251, 221, 242, 213, 127,
       102, 253, 7, 130, 116, 79, 254, 189, 63, 218, 31, 115, 187, 215,
       36, 85, 191, 82, 123, 233, 116, 208, 92, 24, 14, 209, 22, 240, 93,
       153, 172, 24, 5, 240, 29, 157, 73, 16, 242, 51, 189, 88, 87, 32,
       248, 60, 241, 125, 174, 50, 125, 253, 119, 215, 212, 253, 245,
       125, 62, 253, 246, 191, 218, 198, 233, 53, 114, 245, 182, 253, 61,
       197, 217, 111, 254, 220, 249, 168, 60, 99, 190, 255, 90, 200, 253,
       122, 157, 183, 39, 182, 183, 246, 110, 187, 171, 239, 15, 250, 29,
       178, 84, 182, 243, 127, 248, 123, 223, 110, 218 ]
