%YAML:1.0
descriptors: !!opencv-matrix
   rows: 20
   cols: 64
   dt: u
   data: [ 47, 164, 237, 250, 63, 189, 241, 95, 245, 254, 132, 225, 253,
       123, 188, 77, 218, 252, 227, 243, 245, 118, 83, 247, 117, 187,
       133, 179, 126, 221, 117, 227, 223, 44, 215, 186, 251, 120, 233,
       124, 120, 93, 122, 47, 212, 117, 247, 111, 185, 172, 152, 13, 240,
       29, 220, 89, 54, 242, 55, 189, 90, 215, 108, 250, 124, 185, 255,
       252, 50, 103, 249, 255, 245, 252, 222, 181, 95, 254, 187, 254,
       251, 221, 243, 111, 245, 125, 198, 183, 223, 235, 230, 223, 105,
       221, 126, 239, 255, 39, 103, 190, 223, 122, 249, 125, 120, 93,
       255, 46, 253, 55, 243, 111, 191, 172, 153, 207, 242, 29, 156, 93,
       92, 246, 115, 251, 123, 95, 35, 254, 63, 246, 125, 237, 254, 189,
       191, 120, 57, 255, 252, 249, 205, 121, 189, 85, 226, 253, 139,
       107, 245, 97, 218, 120, 109, 239, 161, 247, 127, 85, 121, 239,
       215, 224, 221, 58, 118, 249, 249, 119, 126, 94, 122, 175, 213, 17,
       247, 123, 153, 252, 24, 5, 240, 157, 156, 77, 28, 246, 179, 189,
       218, 215, 34, 255, 127, 246, 125, 237, 255, 185, 255, 124, 253,
       127, 252, 249, 237, 121, 164, 93, 246, 255, 31, 123, 237, 99, 235,
       124, 237, 235, 234, 255, 127, 69, 253, 239, 215, 228, 220, 191,
       83, 121, 249, 247, 222, 222, 122, 15, 209, 23, 255, 95, 153, 172,
       28, 5, 240, 189, 159, 73, 16, 246, 51, 157, 216, 87, 34, 253, 124,
       58, 255, 253, 126, 127, 243, 255, 253, 252, 254, 181, 93, 252,
       251, 238, 243, 221, 219, 110, 252, 249, 222, 190, 125, 233, 174,
       151, 255, 223, 127, 255, 241, 103, 119, 251, 214, 115, 253, 252,
       254, 93, 219, 62, 93, 167, 65, 239, 159, 45, 223, 141, 250, 31,
       159, 93, 208, 244, 107, 252, 91, 14, 42, 245, 251, 252, 255, 255,
       255, 255, 223, 248, 255, 255, 253, 251, 255, 250, 254, 253, 251,
       245, 127, 111, 62, 223, 191, 60, 111, 255, 127, 63, 255, 91, 126,
       191, 240, 231, 124, 223, 210, 119, 253, 255, 243, 223, 239, 127,
       219, 158, 252, 181, 205, 181, 86, 181, 201, 247, 135, 239, 216,
       252, 105, 63, 221, 93, 50, 181, 187, 214, 124, 239, 255, 189, 223,
       24, 255, 255, 252, 251, 173, 123, 100, 93, 246, 247, 61, 251, 252,
       119, 155, 124, 229, 255, 251, 127, 126, 123, 247, 255, 215, 236,
       223, 55, 255, 121, 249, 119, 127, 94, 107, 47, 213, 21, 253, 127,
       189, 255, 24, 5, 244, 181, 158, 105, 16, 246, 183, 191, 250, 223,
       44, 255, 179, 254, 84, 167, 255, 184, 135, 152, 254, 121, 158,
       127, 175, 127, 232, 245, 246, 247, 189, 48, 225, 71, 139, 124,
       230, 220, 121, 63, 254, 91, 227, 127, 149, 237, 220, 119, 119,
       243, 173, 247, 197, 92, 74, 31, 209, 3, 252, 81, 172, 253, 24, 37,
       252, 167, 143, 235, 82, 244, 182, 172, 222, 95, 52, 188, 127, 212,
       124, 254, 127, 191, 95, 120, 183, 127, 245, 248, 189, 123, 180,
       93, 242, 245, 95, 119, 244, 115, 242, 119, 124, 234, 237, 63, 123,
       25, 125, 235, 215, 44, 20, 191, 210, 120, 249, 253, 82, 222, 57,
       15, 209, 28, 245, 79, 153, 172, 24, 5, 240, 29, 158, 73, 16, 246,
       51, 189, 88, 87, 34, 251, 12, 198, 108, 136, 34, 93, 182, 53, 53,
       222, 46, 197, 28, 54, 125, 229, 149, 250, 192, 168, 81, 112, 81,
       242, 121, 37, 133, 208, 109, 214, 157, 225, 252, 80, 211, 160,
       255, 90, 136, 121, 246, 157, 63, 39, 244, 246, 246, 108, 187, 175,
       143, 15, 250, 29, 219, 93, 54, 211, 63, 188, 123, 219, 110, 218,
       187, 255, 255, 255, 55, 253, 221, 159, 255, 223, 189, 250, 191,
       122, 126, 255, 255, 247, 126, 191, 183, 127, 247, 127, 245, 247,
       247, 127, 127, 251, 254, 187, 215, 252, 223, 247, 255, 127, 250,
       125, 254, 223, 255, 125, 183, 247, 245, 127, 255, 191, 158, 79,
       250, 165, 255, 253, 185, 247, 126, 255, 255, 255, 254, 187, 251,
       220, 255, 255, 255, 255, 223, 216, 255, 127, 253, 251, 191, 251,
       246, 253, 251, 247, 63, 127, 238, 223, 191, 124, 111, 223, 127,
       63, 255, 123, 127, 191, 243, 239, 28, 223, 242, 117, 255, 247, 83,
       222, 235, 127, 219, 30, 252, 181, 205, 189, 86, 165, 233, 183,
       135, 239, 208, 252, 240, 31, 222, 93, 50, 189, 252, 253, 255, 253,
       254, 127, 255, 255, 253, 253, 255, 255, 255, 254, 255, 239, 251,
       213, 127, 111, 62, 157, 230, 189, 111, 255, 191, 191, 223, 91,
       126, 191, 243, 39, 125, 251, 210, 127, 253, 247, 211, 95, 249, 62,
       223, 158, 217, 181, 205, 173, 94, 181, 217, 255, 149, 79, 208,
       252, 121, 255, 93, 92, 51, 191, 252, 249, 255, 253, 114, 127, 249,
       247, 221, 253, 254, 189, 95, 244, 251, 238, 251, 221, 251, 111,
       127, 253, 230, 179, 255, 111, 182, 246, 109, 215, 126, 255, 255,
       115, 117, 255, 215, 255, 255, 125, 250, 125, 247, 118, 255, 183,
       123, 238, 191, 173, 239, 223, 251, 127, 157, 92, 215, 254, 123,
       251, 127, 47, 171, 254, 62, 255, 254, 254, 63, 255, 221, 63, 255,
       254, 223, 249, 127, 126, 125, 222, 253, 254, 98, 251, 247, 127,
       219, 127, 253, 255, 247, 255, 127, 255, 255, 239, 223, 254, 239,
       62, 255, 248, 250, 127, 124, 125, 239, 111, 247, 181, 247, 111,
       191, 254, 153, 79, 246, 29, 252, 93, 63, 243, 255, 255, 251, 255,
       173, 254, 67, 221, 222, 95, 117, 218, 223, 158, 123, 190, 173,
       172, 46, 255, 79, 187, 239, 231, 56, 191, 175, 239, 119, 63, 231,
       247, 251, 125, 127, 47, 202, 115, 223, 255, 253, 255, 122, 61,
       254, 123, 50, 254, 42, 253, 191, 218, 245, 254, 217, 251, 126, 83,
       189, 253, 244, 239, 187, 255, 190, 63, 252, 241, 215, 243, 255,
       253, 253, 254, 127, 255, 119, 127, 255, 125, 252, 251, 255, 254,
       254, 255, 251, 245, 255, 253, 245, 127, 251, 247, 255, 255, 253,
       191, 127, 223, 255, 237, 223, 111, 103, 254, 254, 121, 253, 124,
       123, 223, 126, 63, 221, 247, 247, 239, 189, 165, 159, 12, 250, 29,
       159, 93, 62, 246, 127, 189, 251, 223, 46, 250, 190, 251, 223, 223,
       55, 253, 221, 155, 255, 255, 61, 250, 191, 222, 253, 223, 255,
       247, 124, 187, 143, 127, 215, 127, 229, 215, 243, 127, 95, 123,
       255, 123, 215, 174, 223, 191, 250, 125, 251, 119, 112, 95, 235,
       125, 183, 212, 245, 127, 159, 191, 28, 71, 254, 157, 254, 93, 16,
       243, 115, 191, 121, 255, 233, 250, 124, 168, 255, 253, 58, 255,
       253, 247, 253, 252, 222, 189, 95, 252, 251, 238, 251, 249, 251,
       107, 245, 125, 222, 255, 255, 127, 182, 246, 109, 215, 255, 239,
       223, 90, 103, 188, 255, 255, 249, 124, 124, 61, 255, 38, 255, 183,
       247, 235, 191, 236, 175, 223, 242, 29, 28, 93, 110, 255, 255, 249,
       251, 255, 107, 254, 253, 253, 255, 255, 251, 255, 255, 255, 221,
       253, 255, 255, 255, 254, 223, 238, 251, 221, 255, 111, 255, 255,
       238, 191, 127, 255, 191, 191, 255, 219, 126, 255, 251, 103, 117,
       251, 215, 247, 253, 255, 123, 221, 255, 63, 255, 63, 253, 183,
       143, 173, 127, 189, 248, 191, 149, 77, 216, 252, 105, 251, 223,
       95, 35, 254 ]
