%YAML:1.0
descriptors: !!opencv-matrix
   rows: 13
   cols: 64
   dt: u
   data: [ 124, 58, 255, 253, 122, 127, 243, 255, 253, 252, 222, 189, 95,
       190, 251, 238, 251, 221, 251, 107, 253, 249, 238, 191, 125, 235,
       188, 151, 125, 223, 127, 255, 253, 39, 117, 250, 87, 251, 253,
       124, 250, 93, 251, 62, 221, 167, 67, 107, 191, 173, 223, 133, 242,
       31, 157, 77, 84, 246, 43, 253, 219, 14, 34, 254, 255, 250, 255,
       255, 255, 253, 255, 248, 255, 255, 254, 251, 239, 255, 254, 253,
       255, 215, 127, 123, 253, 111, 239, 127, 239, 255, 247, 255, 223,
       95, 247, 255, 247, 44, 93, 255, 94, 127, 249, 247, 250, 94, 122,
       63, 213, 23, 245, 127, 153, 173, 28, 5, 248, 29, 157, 73, 16, 246,
       51, 191, 216, 87, 32, 254, 31, 223, 222, 127, 62, 185, 252, 115,
       59, 187, 125, 219, 142, 115, 236, 91, 231, 223, 37, 235, 197, 100,
       195, 115, 77, 223, 179, 127, 126, 14, 181, 106, 215, 36, 85, 186,
       83, 120, 249, 117, 114, 94, 57, 47, 213, 20, 247, 111, 153, 172,
       24, 5, 240, 29, 156, 73, 16, 242, 51, 189, 88, 87, 32, 250, 124,
       126, 127, 255, 254, 127, 251, 253, 253, 254, 254, 191, 253, 254,
       251, 230, 243, 221, 91, 106, 253, 179, 214, 54, 93, 238, 180, 159,
       223, 219, 127, 251, 243, 36, 85, 250, 215, 123, 233, 124, 250, 93,
       88, 62, 213, 135, 193, 111, 157, 173, 30, 5, 248, 29, 157, 73, 16,
       242, 59, 189, 91, 22, 34, 248, 252, 250, 255, 239, 254, 127, 251,
       255, 253, 253, 254, 191, 255, 190, 251, 254, 251, 221, 123, 107,
       253, 149, 231, 181, 255, 237, 189, 191, 223, 223, 127, 255, 245,
       36, 85, 250, 87, 115, 233, 252, 250, 95, 121, 62, 213, 135, 211,
       109, 153, 173, 30, 5, 248, 29, 157, 73, 16, 242, 59, 188, 88, 86,
       34, 251, 255, 253, 127, 255, 255, 189, 223, 249, 255, 255, 253,
       251, 255, 251, 246, 253, 243, 245, 127, 111, 255, 255, 183, 60,
       239, 239, 231, 63, 255, 127, 127, 191, 243, 101, 156, 255, 210,
       119, 241, 245, 214, 223, 127, 31, 218, 150, 217, 31, 141, 189, 30,
       5, 234, 191, 159, 77, 152, 246, 123, 159, 95, 94, 34, 185, 124,
       191, 254, 245, 127, 127, 249, 255, 125, 250, 218, 245, 127, 253,
       251, 237, 249, 189, 251, 251, 245, 127, 255, 255, 247, 127, 242,
       246, 124, 215, 239, 239, 79, 251, 223, 101, 255, 255, 249, 125,
       253, 125, 243, 254, 223, 167, 247, 251, 190, 254, 158, 203, 246,
       253, 221, 93, 231, 215, 255, 247, 255, 187, 233, 86, 101, 38, 229,
       177, 216, 134, 35, 76, 228, 101, 130, 54, 193, 235, 146, 68, 234,
       213, 3, 98, 201, 37, 202, 123, 78, 218, 188, 47, 210, 8, 49, 111,
       87, 39, 85, 186, 82, 120, 101, 86, 112, 80, 24, 15, 197, 28, 229,
       79, 153, 172, 24, 5, 240, 29, 156, 73, 16, 242, 51, 189, 88, 87,
       32, 250, 246, 56, 251, 151, 222, 199, 95, 111, 198, 101, 61, 126,
       191, 238, 182, 126, 235, 213, 53, 103, 207, 173, 227, 127, 78,
       223, 189, 47, 210, 11, 51, 111, 215, 37, 85, 187, 82, 120, 233,
       246, 112, 88, 56, 47, 213, 28, 245, 111, 153, 172, 24, 5, 240, 29,
       156, 73, 16, 242, 51, 189, 88, 87, 32, 250, 124, 187, 255, 252,
       50, 127, 249, 255, 253, 252, 254, 181, 95, 254, 251, 238, 251,
       221, 251, 107, 245, 127, 230, 183, 253, 235, 182, 159, 125, 223,
       126, 235, 255, 36, 117, 254, 214, 122, 249, 124, 250, 93, 251, 62,
       213, 183, 247, 111, 191, 172, 159, 141, 240, 29, 157, 93, 52, 242,
       123, 253, 91, 95, 40, 254, 63, 214, 124, 170, 191, 189, 191, 88,
       182, 127, 212, 251, 173, 123, 180, 85, 242, 245, 7, 113, 241, 102,
       210, 127, 68, 190, 225, 63, 126, 91, 113, 235, 215, 44, 214, 190,
       82, 120, 233, 117, 120, 94, 58, 47, 212, 21, 245, 111, 153, 172,
       24, 5, 240, 29, 156, 73, 16, 242, 51, 189, 88, 87, 34, 251, 47,
       246, 109, 174, 63, 181, 159, 89, 182, 126, 132, 227, 173, 59, 165,
       85, 242, 244, 3, 112, 241, 98, 80, 118, 68, 184, 225, 59, 126, 24,
       113, 227, 215, 44, 215, 190, 210, 120, 169, 117, 116, 94, 58, 143,
       212, 81, 244, 79, 153, 172, 24, 5, 240, 29, 156, 73, 16, 242, 51,
       189, 90, 87, 40, 251, 189, 255, 255, 255, 62, 255, 253, 254, 255,
       255, 253, 249, 127, 255, 254, 255, 255, 254, 255, 107, 247, 127,
       247, 255, 255, 255, 247, 255, 127, 223, 255, 255, 223, 110, 255,
       254, 223, 127, 249, 125, 127, 223, 251, 63, 255, 247, 247, 111,
       191, 189, 223, 207, 248, 189, 159, 93, 252, 246, 123, 255, 251,
       223, 111, 255 ]
