%YAML:1.0
descriptors: !!opencv-matrix
   rows: 12
   cols: 64
   dt: u
   data: [ 251, 223, 254, 223, 55, 127, 221, 191, 127, 246, 189, 254, 63,
       254, 127, 255, 253, 247, 120, 255, 183, 255, 247, 119, 241, 119,
       243, 127, 127, 255, 222, 227, 223, 126, 247, 239, 219, 93, 250,
       123, 118, 253, 255, 125, 183, 253, 247, 111, 223, 250, 191, 207,
       246, 61, 250, 223, 123, 247, 255, 255, 251, 249, 221, 218, 255,
       255, 223, 255, 255, 255, 223, 190, 127, 247, 127, 250, 191, 255,
       255, 255, 255, 247, 60, 255, 175, 253, 239, 123, 239, 247, 251,
       127, 255, 123, 223, 255, 183, 247, 253, 211, 255, 223, 255, 247,
       247, 255, 235, 125, 191, 142, 253, 191, 223, 255, 247, 255, 255,
       231, 247, 255, 249, 255, 248, 95, 223, 253, 255, 255, 222, 251,
       220, 254, 231, 251, 126, 55, 63, 115, 127, 254, 158, 246, 126,
       250, 253, 155, 125, 253, 63, 253, 227, 179, 251, 127, 251, 254,
       237, 247, 254, 161, 218, 123, 243, 231, 207, 93, 254, 123, 126,
       189, 249, 127, 255, 191, 255, 190, 215, 195, 231, 254, 239, 239,
       242, 191, 247, 223, 245, 247, 125, 251, 221, 222, 115, 220, 56,
       191, 221, 238, 118, 89, 127, 105, 172, 171, 164, 207, 237, 191,
       255, 119, 181, 148, 221, 175, 155, 109, 247, 221, 249, 111, 251,
       127, 203, 119, 139, 167, 243, 117, 183, 201, 239, 119, 115, 223,
       110, 227, 125, 95, 254, 247, 229, 214, 251, 60, 189, 255, 105,
       235, 127, 191, 255, 187, 154, 103, 191, 206, 62, 253, 255, 254,
       62, 253, 253, 127, 255, 252, 221, 253, 255, 126, 189, 222, 255,
       254, 226, 251, 247, 126, 211, 255, 253, 127, 247, 255, 111, 255,
       255, 239, 143, 252, 199, 190, 255, 248, 251, 127, 120, 93, 247,
       231, 245, 117, 247, 111, 187, 238, 137, 79, 246, 29, 216, 93, 62,
       243, 255, 255, 251, 255, 237, 222, 255, 252, 127, 239, 255, 191,
       223, 217, 255, 127, 189, 251, 175, 123, 246, 253, 243, 247, 63,
       119, 253, 199, 187, 124, 238, 223, 251, 63, 223, 27, 255, 127,
       215, 237, 30, 255, 82, 117, 237, 247, 82, 222, 120, 31, 209, 30,
       252, 21, 157, 173, 30, 5, 232, 191, 159, 75, 16, 246, 49, 189, 92,
       87, 50, 185, 187, 222, 124, 239, 255, 189, 223, 153, 255, 127,
       189, 251, 175, 123, 100, 125, 247, 247, 126, 185, 253, 119, 155,
       124, 247, 255, 121, 127, 255, 123, 239, 255, 159, 237, 222, 85,
       255, 217, 248, 255, 127, 223, 107, 253, 213, 211, 252, 53, 172,
       223, 152, 47, 252, 165, 223, 255, 126, 247, 246, 159, 246, 223,
       190, 159, 45, 238, 108, 234, 255, 191, 163, 120, 253, 124, 254,
       53, 249, 127, 253, 101, 130, 125, 203, 240, 245, 118, 153, 255,
       118, 60, 1, 151, 126, 223, 57, 223, 255, 110, 223, 186, 119, 114,
       249, 60, 255, 117, 90, 142, 84, 227, 246, 75, 41, 125, 152, 12,
       251, 29, 143, 25, 62, 230, 255, 188, 202, 207, 46, 180, 51, 212,
       92, 207, 191, 156, 223, 9, 127, 211, 61, 234, 191, 123, 100, 93,
       255, 179, 52, 187, 215, 118, 211, 111, 241, 215, 241, 127, 63,
       251, 199, 115, 135, 252, 219, 20, 255, 89, 250, 123, 102, 223,
       235, 233, 181, 80, 245, 111, 243, 219, 153, 15, 188, 129, 250,
       255, 59, 247, 246, 63, 179, 249, 252, 94, 187, 222, 124, 239, 255,
       189, 223, 152, 255, 255, 252, 235, 173, 123, 124, 125, 245, 247,
       127, 251, 244, 119, 155, 124, 225, 255, 249, 126, 126, 115, 247,
       255, 223, 236, 223, 52, 255, 121, 248, 119, 127, 95, 107, 63, 213,
       241, 255, 127, 188, 255, 152, 13, 252, 165, 222, 93, 58, 247, 183,
       191, 242, 223, 44, 254, 59, 254, 125, 255, 191, 189, 223, 56, 255,
       255, 253, 251, 253, 127, 124, 93, 255, 247, 110, 251, 245, 118,
       211, 255, 253, 255, 247, 255, 127, 127, 247, 255, 223, 252, 223,
       190, 254, 121, 248, 127, 124, 95, 251, 175, 245, 241, 245, 111,
       187, 191, 153, 15, 248, 157, 222, 93, 60, 247, 247, 255, 251, 223,
       236, 222, 44, 175, 239, 252, 50, 253, 253, 119, 253, 254, 206,
       245, 93, 116, 189, 206, 153, 252, 227, 107, 247, 125, 82, 243,
       253, 127, 151, 246, 108, 215, 117, 235, 207, 82, 231, 168, 223,
       248, 250, 61, 124, 61, 255, 103, 247, 181, 247, 107, 187, 174,
       169, 79, 242, 29, 220, 92, 55, 211, 127, 255, 251, 251, 237, 254 ]
