%YAML:1.0
descriptors: !!opencv-matrix
   rows: 22
   cols: 64
   dt: u
   data: [ 62, 176, 125, 244, 63, 181, 249, 121, 245, 255, 253, 241, 253,
       121, 176, 116, 246, 252, 67, 115, 245, 118, 211, 255, 221, 170,
       228, 251, 122, 213, 245, 239, 255, 44, 87, 190, 223, 120, 249,
       253, 120, 93, 127, 47, 208, 53, 247, 111, 153, 172, 24, 5, 240,
       29, 156, 73, 24, 242, 51, 189, 122, 87, 32, 250, 60, 191, 125,
       253, 63, 253, 249, 121, 253, 254, 255, 253, 253, 126, 249, 244,
       242, 220, 67, 107, 245, 122, 198, 247, 237, 170, 230, 219, 126,
       95, 245, 251, 255, 36, 85, 190, 215, 122, 249, 245, 250, 93, 123,
       46, 212, 55, 243, 111, 153, 172, 24, 5, 240, 29, 157, 73, 16, 242,
       51, 189, 90, 87, 34, 251, 61, 251, 125, 252, 62, 253, 249, 120,
       221, 254, 255, 253, 253, 126, 253, 246, 243, 220, 67, 107, 245,
       58, 193, 247, 221, 174, 230, 219, 91, 223, 247, 251, 255, 44, 85,
       190, 223, 122, 233, 253, 122, 93, 185, 46, 212, 55, 247, 111, 153,
       172, 24, 5, 240, 29, 156, 73, 16, 242, 51, 189, 88, 87, 34, 250,
       60, 59, 125, 245, 62, 253, 249, 121, 253, 252, 254, 117, 253, 126,
       249, 244, 242, 220, 195, 106, 245, 122, 197, 246, 253, 170, 230,
       155, 126, 223, 125, 255, 247, 44, 87, 190, 223, 122, 249, 253,
       218, 93, 211, 14, 212, 167, 195, 111, 187, 173, 157, 13, 250, 29,
       159, 89, 20, 242, 123, 189, 91, 30, 34, 252, 126, 55, 125, 170,
       118, 63, 55, 123, 247, 86, 214, 52, 125, 62, 189, 86, 246, 255,
       67, 116, 113, 115, 209, 247, 220, 168, 236, 221, 122, 220, 252,
       233, 204, 44, 215, 190, 223, 122, 129, 124, 188, 223, 28, 143, 84,
       183, 230, 78, 155, 172, 153, 12, 242, 29, 159, 89, 56, 242, 59,
       188, 90, 214, 110, 248, 237, 47, 247, 243, 218, 191, 163, 251,
       252, 125, 198, 127, 255, 255, 251, 204, 226, 213, 123, 102, 253,
       143, 203, 119, 79, 234, 188, 175, 250, 12, 50, 171, 215, 39, 85,
       187, 82, 122, 237, 116, 252, 92, 24, 47, 221, 31, 245, 231, 157,
       172, 24, 5, 241, 29, 157, 73, 16, 254, 51, 189, 88, 87, 32, 250,
       252, 57, 255, 179, 223, 167, 123, 254, 252, 255, 210, 63, 239,
       206, 179, 79, 234, 213, 59, 102, 109, 143, 203, 61, 78, 218, 186,
       47, 210, 13, 50, 175, 215, 39, 85, 251, 82, 125, 229, 116, 112,
       92, 24, 30, 221, 28, 201, 149, 157, 172, 24, 5, 241, 63, 156, 73,
       80, 252, 51, 189, 92, 87, 48, 250, 124, 121, 127, 252, 50, 119,
       123, 127, 213, 222, 254, 181, 125, 254, 249, 246, 242, 212, 91,
       110, 117, 57, 196, 55, 93, 168, 166, 141, 91, 220, 124, 249, 242,
       36, 85, 186, 86, 122, 193, 252, 250, 95, 28, 14, 214, 150, 193,
       110, 157, 173, 30, 5, 250, 29, 157, 73, 144, 242, 59, 188, 89, 6,
       34, 241, 124, 47, 127, 249, 122, 127, 231, 255, 253, 254, 222, 53,
       93, 127, 249, 228, 243, 220, 203, 106, 245, 121, 156, 183, 93,
       234, 166, 149, 108, 213, 125, 251, 239, 38, 85, 186, 215, 114,
       217, 124, 252, 85, 218, 158, 84, 167, 195, 79, 155, 45, 157, 13,
       242, 29, 157, 89, 4, 242, 123, 189, 90, 22, 40, 252, 60, 249, 255,
       253, 62, 253, 253, 119, 253, 255, 223, 253, 223, 252, 127, 206,
       189, 255, 251, 251, 247, 127, 87, 255, 249, 127, 247, 246, 109,
       247, 247, 239, 207, 90, 227, 36, 255, 249, 250, 121, 120, 189,
       247, 111, 247, 245, 247, 107, 191, 250, 175, 207, 246, 29, 218,
       93, 119, 215, 255, 255, 243, 251, 205, 222, 127, 253, 125, 252,
       118, 127, 127, 127, 247, 92, 253, 249, 127, 251, 244, 254, 243,
       213, 31, 103, 119, 123, 165, 55, 239, 239, 167, 29, 123, 92, 124,
       185, 242, 37, 20, 191, 82, 114, 209, 244, 210, 223, 25, 15, 209,
       30, 193, 78, 141, 173, 94, 5, 248, 29, 159, 73, 152, 246, 51, 189,
       88, 86, 34, 249, 108, 175, 239, 249, 50, 127, 241, 255, 189, 220,
       222, 181, 95, 252, 251, 238, 203, 220, 251, 111, 116, 255, 228,
       179, 93, 239, 148, 133, 125, 214, 62, 251, 247, 38, 117, 186, 86,
       122, 249, 124, 248, 125, 184, 62, 213, 167, 117, 238, 153, 172,
       159, 13, 240, 29, 157, 76, 16, 242, 59, 189, 91, 87, 32, 250, 76,
       33, 227, 241, 208, 135, 99, 203, 132, 70, 195, 54, 211, 194, 177,
       66, 194, 85, 3, 102, 79, 173, 130, 51, 14, 138, 166, 13, 210, 8,
       48, 25, 114, 39, 20, 187, 2, 116, 69, 212, 16, 96, 24, 14, 73, 28,
       193, 150, 25, 44, 16, 4, 113, 28, 132, 73, 16, 224, 33, 189, 76,
       22, 33, 176, 254, 189, 255, 247, 119, 167, 95, 127, 215, 229, 213,
       251, 255, 202, 150, 94, 251, 215, 126, 127, 63, 191, 243, 119,
       191, 251, 246, 255, 83, 253, 246, 173, 207, 47, 182, 255, 206,
       125, 247, 125, 89, 203, 247, 239, 251, 57, 189, 63, 255, 182, 155,
       219, 224, 190, 188, 215, 104, 191, 113, 251, 255, 189, 189, 255,
       60, 185, 254, 254, 55, 255, 253, 127, 63, 252, 223, 253, 191, 126,
       191, 254, 251, 223, 97, 107, 247, 61, 211, 115, 125, 255, 243,
       127, 91, 223, 247, 235, 223, 38, 87, 186, 215, 120, 249, 117, 112,
       93, 245, 47, 213, 21, 247, 111, 153, 172, 24, 5, 240, 29, 156, 73,
       16, 242, 115, 191, 91, 95, 33, 250, 255, 254, 125, 239, 255, 191,
       223, 217, 255, 127, 253, 250, 255, 123, 254, 253, 243, 247, 63,
       117, 253, 119, 187, 124, 239, 255, 249, 63, 255, 123, 127, 255,
       215, 237, 222, 223, 210, 113, 253, 247, 247, 223, 122, 63, 209,
       30, 252, 21, 157, 189, 20, 5, 250, 191, 159, 109, 24, 246, 49,
       189, 220, 95, 50, 185, 255, 254, 255, 239, 255, 255, 255, 252,
       253, 255, 252, 251, 239, 123, 255, 253, 251, 253, 123, 123, 253,
       119, 255, 124, 237, 255, 253, 191, 127, 95, 119, 255, 215, 236,
       223, 255, 95, 121, 249, 119, 122, 94, 122, 63, 213, 183, 247, 127,
       157, 189, 28, 5, 240, 189, 157, 73, 16, 246, 51, 189, 218, 87, 32,
       255, 187, 246, 125, 171, 183, 253, 157, 173, 255, 223, 254, 190,
       253, 63, 127, 246, 253, 182, 71, 249, 57, 210, 255, 60, 245, 181,
       125, 249, 255, 255, 255, 187, 232, 236, 239, 206, 255, 123, 169,
       122, 62, 221, 123, 189, 22, 231, 126, 52, 187, 219, 247, 45, 190,
       135, 231, 125, 190, 240, 172, 124, 247, 219, 106, 150, 188, 250,
       255, 255, 62, 125, 249, 254, 253, 253, 255, 189, 127, 254, 251,
       254, 251, 212, 127, 107, 253, 154, 231, 182, 239, 175, 181, 187,
       255, 223, 127, 255, 241, 36, 117, 254, 86, 115, 233, 252, 250, 95,
       121, 62, 220, 167, 193, 109, 153, 173, 95, 5, 248, 31, 159, 73,
       16, 242, 59, 189, 89, 30, 34, 249, 252, 205, 126, 223, 235, 95,
       255, 243, 191, 255, 127, 223, 159, 254, 254, 238, 255, 251, 255,
       239, 127, 254, 189, 254, 123, 127, 191, 122, 253, 223, 255, 255,
       250, 127, 111, 255, 215, 255, 255, 254, 251, 255, 253, 63, 255,
       254, 254, 253, 175, 237, 247, 189, 223, 95, 143, 223, 251, 253,
       121, 125, 255, 255, 43, 190, 255, 222, 254, 255, 63, 255, 247,
       247, 63, 245, 125, 219, 159, 191, 254, 255, 255, 255, 253, 235,
       191, 255, 255, 123, 125, 255, 157, 127, 127, 127, 223, 255, 183,
       247, 241, 122, 247, 217, 255, 255, 119, 191, 239, 119, 191, 158,
       127, 235, 223, 249, 255, 189, 255, 255, 187, 254, 123, 255, 251,
       255, 219, 255, 63, 255, 254, 235, 185, 252, 251, 127, 123, 239,
       221, 125, 254, 255, 115, 222, 254, 254, 251, 157, 255, 93, 125,
       187, 238, 158, 255, 255, 255, 231, 199, 255, 127, 237, 205, 187,
       111, 255, 255, 247, 237, 252, 251, 255, 247, 127, 255, 191, 191,
       252, 239, 167, 255, 254, 203, 127, 191, 179, 246, 248, 239, 253,
       255, 95, 179, 255 ]
