%YAML:1.0
descriptors: !!opencv-matrix
   rows: 26
   cols: 64
   dt: u
   data: [ 251, 254, 255, 239, 255, 253, 255, 249, 255, 253, 254, 251,
       255, 126, 255, 253, 247, 247, 127, 123, 252, 223, 191, 124, 239,
       255, 127, 251, 255, 91, 255, 255, 247, 109, 95, 255, 119, 119,
       253, 245, 251, 95, 122, 63, 221, 151, 221, 245, 141, 189, 94, 5,
       248, 191, 159, 77, 16, 244, 59, 191, 223, 95, 38, 253, 191, 253,
       253, 254, 55, 255, 221, 58, 255, 215, 253, 250, 191, 127, 244, 95,
       255, 247, 126, 255, 183, 127, 211, 119, 245, 247, 247, 127, 127,
       123, 246, 233, 223, 126, 215, 190, 218, 121, 251, 125, 124, 255,
       255, 237, 247, 113, 245, 111, 159, 191, 152, 79, 248, 189, 254,
       93, 57, 247, 115, 255, 251, 255, 173, 250, 60, 248, 255, 185, 54,
       127, 243, 255, 253, 252, 222, 189, 125, 62, 251, 238, 251, 220,
       67, 107, 245, 115, 206, 183, 125, 237, 180, 159, 123, 223, 127,
       251, 253, 36, 85, 186, 87, 122, 233, 124, 250, 93, 124, 46, 85,
       183, 115, 111, 159, 172, 159, 5, 242, 29, 157, 77, 16, 242, 59,
       189, 91, 95, 34, 250, 251, 252, 255, 255, 255, 183, 223, 28, 255,
       253, 21, 251, 191, 123, 182, 93, 254, 247, 56, 243, 255, 109, 219,
       127, 254, 250, 250, 127, 127, 121, 255, 111, 215, 237, 22, 255,
       218, 249, 255, 127, 119, 223, 235, 239, 241, 24, 253, 63, 157,
       238, 24, 79, 244, 189, 156, 239, 120, 255, 243, 191, 250, 215,
       182, 255, 92, 187, 255, 253, 127, 251, 251, 255, 93, 251, 254,
       255, 255, 212, 239, 234, 171, 157, 251, 95, 253, 61, 206, 251,
       111, 127, 243, 183, 93, 71, 63, 239, 223, 51, 125, 187, 119, 255,
       253, 117, 120, 125, 255, 111, 255, 183, 247, 251, 191, 238, 56,
       215, 243, 125, 220, 77, 86, 254, 247, 255, 219, 127, 161, 254,
       185, 250, 255, 103, 255, 249, 251, 248, 254, 61, 214, 255, 239,
       127, 198, 249, 255, 255, 255, 59, 253, 111, 171, 252, 171, 126,
       127, 255, 254, 71, 247, 255, 223, 233, 188, 117, 119, 251, 253,
       247, 221, 221, 235, 63, 249, 161, 255, 115, 172, 215, 31, 165,
       252, 167, 158, 237, 126, 254, 183, 143, 250, 31, 180, 222, 60,
       190, 253, 253, 186, 253, 255, 121, 253, 252, 222, 253, 221, 124,
       249, 244, 255, 255, 203, 106, 245, 125, 218, 255, 253, 126, 230,
       246, 108, 215, 255, 239, 207, 242, 95, 52, 255, 251, 249, 125,
       125, 29, 251, 166, 245, 167, 247, 107, 191, 255, 137, 79, 246, 29,
       159, 93, 55, 215, 255, 175, 251, 255, 175, 254, 123, 252, 255,
       255, 255, 175, 223, 185, 223, 255, 249, 251, 255, 74, 255, 93,
       255, 215, 58, 243, 253, 61, 203, 127, 239, 223, 243, 255, 91, 123,
       247, 239, 215, 173, 93, 191, 255, 253, 249, 119, 122, 94, 239,
       111, 215, 21, 255, 127, 189, 238, 24, 71, 246, 189, 157, 105, 84,
       247, 247, 191, 250, 95, 176, 246, 127, 244, 125, 175, 255, 181,
       159, 24, 254, 127, 149, 250, 173, 59, 181, 85, 242, 247, 27, 112,
       249, 99, 219, 124, 228, 248, 232, 127, 126, 57, 245, 239, 215,
       236, 223, 191, 218, 121, 169, 119, 112, 94, 106, 15, 213, 24, 252,
       29, 153, 172, 24, 5, 240, 189, 156, 73, 16, 246, 51, 188, 216,
       215, 34, 251, 255, 244, 125, 175, 255, 181, 159, 24, 254, 127,
       213, 251, 173, 123, 182, 85, 242, 247, 31, 113, 249, 103, 219,
       124, 236, 250, 253, 63, 254, 57, 117, 239, 215, 237, 222, 191,
       218, 121, 169, 247, 86, 94, 122, 15, 209, 28, 253, 21, 157, 172,
       24, 5, 240, 189, 156, 105, 24, 246, 51, 189, 216, 87, 34, 255,
       187, 180, 125, 231, 255, 181, 219, 153, 254, 255, 215, 255, 189,
       126, 240, 85, 246, 247, 94, 243, 253, 119, 219, 124, 181, 254,
       255, 127, 94, 251, 247, 255, 199, 236, 222, 191, 254, 249, 249,
       127, 89, 93, 111, 44, 209, 85, 253, 63, 189, 254, 24, 15, 246,
       181, 156, 121, 16, 246, 247, 191, 251, 159, 56, 254, 255, 246,
       253, 175, 255, 189, 159, 89, 255, 127, 213, 251, 239, 123, 182,
       93, 242, 247, 63, 113, 249, 103, 219, 124, 252, 250, 249, 63, 254,
       89, 119, 239, 215, 237, 92, 191, 218, 121, 173, 119, 116, 94, 122,
       143, 209, 25, 253, 21, 157, 172, 24, 5, 240, 189, 156, 73, 24,
       246, 51, 189, 218, 87, 42, 255, 186, 180, 125, 231, 255, 181, 223,
       153, 254, 255, 215, 255, 189, 126, 178, 85, 246, 247, 94, 251,
       253, 119, 219, 124, 189, 254, 255, 127, 94, 251, 247, 255, 199,
       237, 223, 255, 254, 249, 249, 127, 89, 93, 111, 45, 213, 21, 253,
       63, 189, 254, 24, 15, 246, 181, 156, 121, 80, 246, 247, 191, 251,
       223, 56, 254, 251, 244, 125, 231, 255, 189, 223, 185, 254, 255,
       223, 255, 191, 94, 246, 85, 242, 247, 127, 243, 253, 119, 219,
       124, 189, 254, 255, 63, 222, 251, 247, 255, 199, 237, 159, 255,
       254, 249, 249, 127, 89, 221, 103, 63, 213, 117, 253, 55, 189, 254,
       24, 13, 252, 181, 156, 113, 112, 246, 247, 191, 251, 159, 56, 254,
       122, 54, 253, 167, 255, 183, 191, 121, 254, 127, 219, 63, 253,
       126, 185, 85, 251, 213, 59, 98, 249, 39, 203, 125, 204, 220, 252,
       47, 82, 29, 113, 239, 215, 37, 85, 191, 82, 120, 233, 118, 112,
       92, 56, 47, 213, 28, 245, 111, 153, 172, 24, 5, 240, 29, 156, 73,
       16, 242, 51, 189, 88, 87, 32, 250, 122, 52, 253, 183, 255, 183,
       191, 125, 222, 255, 223, 63, 253, 110, 179, 84, 251, 213, 91, 98,
       249, 39, 211, 125, 220, 252, 252, 47, 82, 29, 117, 239, 199, 37,
       85, 191, 82, 121, 233, 118, 120, 92, 120, 47, 213, 28, 245, 111,
       157, 172, 24, 5, 240, 29, 156, 73, 16, 242, 51, 189, 88, 87, 32,
       250, 123, 48, 221, 182, 127, 179, 27, 124, 230, 38, 209, 48, 253,
       43, 180, 82, 246, 215, 3, 97, 233, 35, 195, 117, 204, 200, 236,
       79, 82, 8, 241, 235, 215, 36, 84, 190, 82, 120, 161, 116, 80, 92,
       56, 15, 209, 20, 225, 79, 153, 172, 24, 5, 240, 29, 156, 73, 16,
       242, 51, 189, 88, 87, 32, 251, 123, 48, 93, 130, 127, 179, 27,
       124, 246, 62, 212, 52, 253, 59, 148, 80, 242, 213, 67, 100, 225,
       35, 195, 117, 76, 232, 172, 15, 82, 8, 113, 235, 215, 36, 85, 186,
       82, 120, 169, 116, 112, 92, 24, 15, 209, 20, 229, 79, 153, 172,
       24, 5, 240, 29, 156, 73, 16, 242, 51, 189, 88, 87, 32, 250, 255,
       255, 255, 255, 119, 255, 255, 255, 255, 255, 255, 251, 255, 255,
       254, 255, 255, 255, 127, 255, 255, 255, 247, 55, 255, 255, 255,
       255, 127, 255, 254, 251, 199, 109, 231, 255, 223, 127, 249, 125,
       126, 223, 251, 191, 223, 255, 247, 111, 191, 173, 159, 141, 250,
       61, 159, 93, 120, 246, 123, 255, 251, 223, 46, 250, 122, 50, 109,
       178, 127, 183, 19, 124, 244, 116, 212, 49, 237, 59, 177, 71, 226,
       213, 67, 100, 225, 35, 195, 119, 76, 200, 172, 15, 82, 24, 49,
       235, 215, 36, 85, 186, 82, 120, 233, 116, 112, 92, 56, 47, 213,
       20, 245, 111, 153, 172, 24, 5, 240, 29, 156, 73, 16, 242, 51, 189,
       88, 87, 32, 250, 125, 51, 237, 245, 255, 183, 127, 124, 244, 125,
       212, 55, 255, 254, 178, 71, 234, 213, 123, 102, 239, 47, 202, 127,
       78, 250, 182, 47, 82, 73, 49, 239, 215, 39, 85, 187, 82, 120, 229,
       116, 120, 92, 56, 47, 213, 20, 229, 111, 157, 172, 24, 5, 240, 29,
       156, 73, 16, 242, 51, 189, 88, 87, 32, 250, 109, 35, 229, 176, 89,
       166, 35, 122, 228, 110, 194, 53, 225, 235, 145, 69, 226, 213, 3,
       102, 197, 47, 192, 119, 78, 202, 166, 13, 82, 8, 49, 105, 215, 38,
       85, 186, 82, 120, 225, 116, 112, 92, 24, 15, 213, 20, 229, 79,
       153, 172, 24, 5, 240, 29, 156, 73, 16, 242, 51, 189, 88, 87, 32,
       250, 116, 45, 243, 244, 81, 166, 121, 127, 132, 228, 197, 176, 67,
       202, 146, 78, 234, 213, 51, 103, 199, 47, 194, 119, 78, 202, 166,
       15, 82, 8, 48, 107, 215, 39, 84, 187, 82, 124, 225, 116, 80, 88,
       56, 15, 217, 28, 193, 111, 153, 172, 24, 5, 240, 28, 156, 73, 16,
       242, 51, 189, 88, 87, 33, 251, 7, 182, 69, 35, 253, 184, 163, 88,
       248, 59, 130, 125, 236, 95, 169, 81, 226, 245, 1, 96, 229, 33,
       138, 125, 68, 220, 41, 47, 94, 11, 33, 111, 215, 36, 85, 186, 82,
