%YAML:1.0
descriptors: !!opencv-matrix
   rows: 24
   cols: 64
   dt: u
   data: [ 255, 255, 127, 255, 255, 255, 255, 251, 255, 255, 255, 255,
       255, 255, 253, 255, 247, 255, 255, 255, 255, 254, 189, 255, 255,
       255, 239, 255, 255, 255, 255, 255, 250, 255, 255, 255, 255, 255,
       255, 255, 255, 253, 251, 255, 254, 175, 254, 255, 239, 255, 247,
       255, 255, 255, 239, 255, 255, 255, 255, 254, 255, 254, 255, 188,
       254, 251, 255, 255, 254, 125, 223, 253, 255, 255, 125, 223, 223,
       254, 254, 252, 255, 215, 127, 107, 252, 191, 166, 62, 255, 255,
       247, 123, 223, 219, 255, 255, 243, 45, 93, 255, 214, 119, 249,
       244, 242, 95, 249, 63, 223, 22, 253, 127, 141, 173, 94, 5, 248,
       31, 159, 73, 144, 246, 51, 189, 95, 95, 34, 191, 255, 223, 126,
       255, 255, 125, 223, 248, 191, 255, 253, 251, 175, 123, 252, 253,
       247, 247, 63, 251, 253, 238, 181, 126, 111, 255, 247, 123, 255,
       127, 247, 255, 243, 109, 92, 255, 210, 121, 249, 245, 123, 94, 59,
       63, 213, 23, 253, 127, 137, 173, 28, 5, 248, 159, 159, 73, 16,
       246, 51, 191, 92, 87, 32, 184, 216, 217, 222, 255, 251, 127, 254,
       247, 63, 255, 127, 223, 159, 252, 255, 254, 191, 215, 188, 111,
       14, 221, 239, 59, 239, 223, 251, 127, 223, 99, 254, 63, 243, 247,
       125, 121, 247, 255, 254, 247, 243, 255, 235, 127, 191, 158, 125,
       177, 207, 219, 118, 247, 221, 255, 183, 238, 209, 253, 233, 111,
       221, 125, 147, 183, 123, 253, 255, 94, 55, 159, 93, 11, 255, 198,
       181, 250, 191, 250, 124, 95, 253, 183, 122, 255, 183, 127, 81,
       119, 245, 247, 247, 127, 127, 249, 220, 225, 143, 126, 231, 158,
       202, 124, 250, 123, 124, 255, 245, 109, 183, 125, 181, 111, 247,
       170, 184, 79, 226, 29, 255, 87, 57, 247, 254, 255, 187, 249, 253,
       218, 124, 184, 255, 153, 58, 119, 243, 255, 221, 252, 222, 181,
       125, 188, 187, 238, 251, 220, 211, 98, 244, 147, 230, 182, 221,
       233, 188, 128, 249, 221, 127, 235, 253, 36, 85, 254, 86, 114, 233,
       124, 250, 93, 126, 46, 213, 183, 225, 108, 191, 172, 159, 5, 242,
       29, 156, 73, 20, 242, 59, 189, 91, 94, 34, 251, 59, 245, 124, 254,
       55, 189, 95, 25, 255, 199, 181, 250, 189, 122, 116, 95, 254, 247,
       118, 251, 191, 126, 209, 119, 245, 247, 247, 127, 127, 251, 253,
       185, 130, 124, 150, 158, 202, 121, 250, 127, 116, 219, 253, 237,
       183, 84, 245, 47, 159, 175, 144, 79, 106, 29, 255, 85, 57, 247,
       123, 191, 251, 255, 172, 187, 60, 186, 255, 169, 58, 127, 161,
       255, 253, 252, 198, 181, 93, 58, 251, 230, 250, 220, 235, 104,
       244, 17, 206, 253, 125, 169, 60, 131, 124, 203, 123, 255, 253, 36,
       119, 186, 87, 250, 173, 116, 249, 85, 122, 62, 84, 167, 112, 229,
       185, 45, 28, 5, 242, 29, 141, 73, 20, 240, 43, 188, 91, 79, 32,
       254, 251, 221, 254, 255, 255, 191, 127, 59, 255, 255, 253, 251,
       191, 251, 54, 95, 255, 247, 126, 251, 254, 127, 243, 127, 243,
       127, 243, 254, 127, 241, 253, 239, 223, 255, 150, 53, 255, 253,
       250, 255, 126, 255, 235, 239, 245, 121, 247, 127, 191, 238, 152,
       79, 244, 189, 222, 223, 123, 255, 247, 191, 251, 255, 189, 223,
       108, 232, 239, 233, 251, 251, 255, 248, 61, 251, 252, 255, 253,
       127, 255, 236, 243, 157, 251, 106, 245, 117, 206, 251, 127, 110,
       41, 183, 125, 199, 63, 255, 255, 97, 95, 187, 119, 251, 253, 124,
       255, 95, 126, 46, 213, 151, 247, 107, 157, 172, 24, 5, 243, 29,
       157, 77, 94, 254, 191, 189, 219, 95, 34, 255, 250, 253, 255, 255,
       63, 247, 125, 31, 255, 255, 241, 248, 191, 235, 182, 95, 255, 247,
       122, 251, 255, 255, 243, 63, 215, 251, 243, 255, 91, 121, 255,
       239, 215, 172, 159, 191, 219, 125, 248, 119, 126, 78, 255, 109,
       247, 21, 247, 127, 159, 174, 24, 71, 230, 61, 220, 93, 152, 247,
       243, 191, 255, 247, 170, 255, 57, 182, 244, 231, 255, 253, 187,
       113, 253, 125, 222, 127, 255, 127, 176, 117, 255, 251, 203, 243,
       245, 111, 219, 253, 250, 126, 116, 255, 126, 215, 255, 231, 223,
       233, 79, 52, 255, 251, 249, 126, 93, 92, 90, 174, 213, 117, 255,
       123, 185, 236, 24, 5, 244, 29, 156, 73, 30, 246, 183, 189, 218,
       95, 32, 254, 252, 191, 255, 252, 118, 119, 253, 255, 213, 252,
       212, 179, 95, 254, 187, 78, 251, 221, 251, 111, 246, 191, 214,
       247, 223, 251, 182, 159, 120, 209, 118, 235, 199, 39, 117, 191,
       215, 124, 249, 125, 120, 125, 187, 63, 221, 181, 215, 111, 157,
       172, 153, 205, 240, 29, 156, 77, 80, 246, 115, 255, 91, 87, 33,
       250, 255, 252, 255, 255, 63, 255, 255, 250, 125, 253, 254, 255,
       255, 191, 255, 255, 251, 255, 253, 123, 245, 125, 239, 251, 237,
       255, 249, 191, 127, 91, 127, 255, 255, 101, 117, 250, 127, 123,
       249, 253, 243, 223, 251, 63, 223, 147, 255, 111, 157, 189, 31,
       133, 248, 63, 159, 77, 124, 246, 63, 255, 219, 223, 38, 255, 126,
       48, 249, 183, 255, 183, 159, 125, 222, 239, 213, 252, 253, 78,
       178, 86, 254, 215, 19, 115, 205, 51, 195, 125, 141, 202, 236, 111,
       82, 29, 245, 111, 215, 44, 85, 191, 82, 121, 233, 119, 80, 92,
       125, 47, 213, 20, 245, 111, 153, 172, 24, 5, 240, 29, 156, 73, 16,
       242, 51, 189, 88, 87, 32, 250, 123, 48, 125, 150, 126, 183, 27,
       60, 246, 238, 147, 48, 253, 42, 177, 87, 254, 247, 67, 241, 241,
       115, 195, 119, 204, 232, 236, 127, 82, 24, 245, 235, 215, 44, 87,
       190, 90, 120, 233, 116, 112, 92, 60, 47, 213, 20, 245, 111, 153,
       172, 24, 5, 240, 29, 156, 73, 16, 242, 51, 189, 88, 87, 32, 250,
       108, 51, 117, 176, 95, 167, 35, 125, 228, 108, 194, 53, 113, 78,
       185, 71, 226, 213, 3, 102, 193, 35, 192, 55, 76, 136, 164, 13, 82,
       8, 49, 107, 211, 36, 85, 186, 82, 114, 193, 116, 112, 84, 24, 14,
       85, 20, 193, 79, 153, 44, 24, 5, 240, 29, 156, 73, 16, 242, 51,
       189, 88, 86, 32, 248, 125, 55, 245, 244, 121, 167, 127, 127, 180,
       124, 233, 51, 221, 239, 178, 86, 235, 213, 35, 98, 255, 47, 194,
       115, 76, 255, 183, 63, 82, 8, 113, 239, 215, 39, 21, 186, 82, 120,
       241, 116, 112, 72, 56, 47, 197, 20, 245, 79, 153, 164, 24, 5, 240,
       28, 156, 73, 16, 242, 51, 157, 88, 87, 32, 250, 125, 49, 247, 244,
       51, 167, 125, 126, 166, 228, 197, 243, 247, 238, 178, 94, 250,
       213, 35, 103, 199, 45, 194, 115, 78, 218, 178, 31, 82, 8, 116,
       105, 215, 38, 116, 186, 82, 120, 241, 116, 80, 88, 185, 47, 237,
       20, 245, 111, 153, 172, 24, 5, 240, 28, 156, 73, 16, 242, 51, 189,
       88, 87, 33, 250, 39, 134, 64, 35, 221, 180, 171, 72, 168, 255, 2,
       127, 168, 111, 129, 69, 226, 213, 1, 98, 200, 35, 202, 124, 76,
       216, 40, 47, 82, 9, 33, 111, 87, 164, 93, 186, 82, 120, 233, 118,
       112, 84, 24, 142, 213, 16, 209, 83, 153, 172, 24, 5, 240, 29, 156,
       73, 16, 242, 51, 189, 88, 87, 32, 250, 124, 57, 251, 212, 18, 7,
       89, 111, 199, 196, 149, 176, 87, 194, 182, 94, 234, 213, 50, 103,
       7, 173, 224, 39, 79, 203, 182, 13, 83, 8, 52, 105, 215, 38, 52,
       186, 66, 124, 195, 116, 112, 90, 188, 111, 219, 28, 245, 110, 153,
       172, 24, 5, 240, 28, 156, 73, 16, 242, 51, 185, 88, 87, 33, 251,
       171, 214, 109, 171, 255, 188, 135, 216, 252, 127, 146, 123, 173,
       59, 253, 69, 226, 245, 45, 112, 232, 71, 155, 124, 100, 252, 57,
       47, 222, 27, 51, 127, 215, 228, 223, 187, 82, 121, 173, 118, 117,
       92, 58, 143, 213, 16, 252, 81, 152, 189, 24, 5, 240, 157, 157, 73,
       16, 246, 51, 188, 216, 87, 32, 250, 63, 246, 124, 171, 255, 189,
       159, 24, 255, 127, 248, 251, 173, 59, 244, 85, 246, 247, 47, 240,
       241, 118, 155, 124, 228, 252, 249, 127, 126, 91, 245, 255, 215,
       236, 222, 190, 251, 121, 169, 119, 124, 94, 122, 173, 213, 81,
       244, 93, 152, 189, 24, 5, 240, 157, 222, 89, 56, 246, 183, 188,
       218, 215, 44, 250, 60, 189, 255, 252, 50, 127, 253, 119, 245, 212,
       223, 181, 95, 252, 191, 238, 251, 220, 227, 111, 247, 125, 208,
       247, 253, 107, 182, 220, 105, 212, 254, 233, 207, 46, 103, 190,
