%YAML:1.0
descriptors: !!opencv-matrix
   rows: 8
   cols: 64
   dt: u
   data: [ 63, 51, 253, 246, 63, 181, 189, 122, 246, 254, 214, 243, 253,
       126, 177, 87, 254, 247, 99, 99, 245, 119, 195, 119, 205, 254, 245,
       255, 122, 92, 245, 235, 215, 44, 85, 190, 82, 120, 233, 116, 120,
       93, 56, 47, 213, 21, 247, 111, 153, 172, 24, 5, 240, 29, 156, 73,
       16, 242, 51, 189, 88, 87, 32, 250, 60, 57, 255, 252, 54, 127, 249,
       255, 245, 252, 214, 181, 125, 254, 251, 238, 251, 220, 99, 99,
       245, 119, 196, 183, 77, 171, 164, 153, 123, 221, 127, 251, 247,
       36, 85, 186, 86, 122, 233, 116, 248, 93, 59, 46, 212, 55, 195,
       111, 153, 172, 24, 5, 240, 29, 157, 73, 16, 242, 59, 189, 90, 87,
       32, 250, 31, 150, 76, 46, 63, 185, 30, 1, 50, 59, 113, 218, 156,
       114, 36, 80, 224, 213, 1, 241, 197, 32, 195, 114, 77, 158, 161,
       43, 82, 12, 49, 106, 215, 36, 85, 186, 90, 120, 233, 116, 112, 92,
       56, 47, 212, 20, 245, 111, 153, 172, 24, 5, 240, 29, 156, 73, 16,
       242, 51, 189, 88, 87, 32, 250, 250, 223, 254, 223, 103, 223, 221,
       143, 255, 255, 63, 206, 191, 252, 126, 254, 253, 179, 124, 191,
       62, 255, 247, 127, 247, 247, 247, 126, 111, 243, 222, 179, 199,
       255, 107, 117, 250, 127, 254, 123, 118, 255, 233, 253, 191, 222,
       253, 191, 255, 203, 190, 223, 254, 103, 255, 255, 243, 255, 252,
       127, 247, 249, 219, 250, 251, 253, 254, 255, 63, 245, 255, 189,
       255, 255, 253, 251, 255, 250, 55, 223, 255, 255, 123, 251, 255,
       127, 247, 255, 253, 127, 247, 255, 95, 247, 247, 239, 207, 188,
       247, 255, 255, 125, 248, 127, 120, 95, 247, 111, 247, 53, 247,
       127, 189, 238, 26, 79, 244, 29, 156, 85, 23, 243, 247, 255, 251,
       255, 169, 254, 236, 239, 231, 245, 250, 255, 255, 251, 61, 253,
       254, 255, 223, 245, 250, 236, 161, 153, 255, 111, 253, 109, 250,
       251, 127, 126, 27, 182, 236, 215, 63, 255, 239, 243, 109, 113,
       255, 255, 253, 188, 221, 61, 251, 247, 253, 167, 255, 243, 173,
       255, 141, 255, 221, 255, 155, 204, 119, 223, 247, 239, 251, 127,
       185, 222, 251, 253, 254, 223, 255, 223, 223, 143, 255, 255, 61,
       250, 191, 254, 126, 223, 255, 247, 124, 191, 159, 127, 243, 127,
       255, 247, 247, 127, 127, 251, 223, 111, 199, 237, 190, 223, 250,
       125, 250, 255, 115, 223, 237, 253, 191, 30, 253, 63, 215, 254, 30,
       207, 252, 181, 191, 255, 89, 247, 250, 127, 251, 253, 186, 255,
       60, 251, 125, 255, 254, 189, 251, 120, 255, 125, 254, 127, 253,
       123, 253, 244, 242, 213, 127, 106, 245, 127, 131, 254, 237, 254,
       231, 191, 254, 223, 255, 255, 223, 108, 85, 190, 222, 123, 249,
       117, 248, 93, 123, 63, 213, 167, 247, 111, 157, 173, 28, 5, 248,
       29, 159, 73, 16, 246, 51, 189, 90, 95, 32, 248 ]
