%YAML:1.0
descriptors: !!opencv-matrix
   rows: 9
   cols: 64
   dt: u
   data: [ 237, 255, 255, 223, 254, 255, 255, 247, 255, 255, 45, 207,
       223, 255, 255, 239, 255, 255, 255, 239, 255, 255, 127, 255, 251,
       127, 191, 254, 253, 223, 255, 247, 255, 127, 255, 255, 219, 255,
       255, 255, 127, 255, 122, 191, 255, 254, 255, 255, 189, 253, 254,
       127, 255, 255, 159, 223, 255, 255, 123, 191, 255, 255, 127, 251,
       61, 189, 253, 246, 127, 191, 255, 126, 246, 126, 247, 243, 255,
       122, 182, 92, 250, 215, 99, 99, 245, 39, 195, 119, 205, 251, 245,
       239, 82, 28, 247, 235, 223, 36, 85, 190, 82, 120, 233, 116, 120,
       92, 56, 47, 213, 53, 245, 111, 153, 172, 24, 5, 240, 29, 156, 73,
       16, 242, 51, 189, 88, 87, 32, 250, 126, 177, 255, 246, 118, 55,
       255, 123, 246, 252, 213, 243, 255, 126, 182, 94, 250, 215, 99,
       103, 245, 39, 195, 119, 204, 222, 245, 239, 82, 28, 245, 235, 215,
       36, 85, 190, 82, 120, 233, 116, 120, 92, 56, 47, 213, 21, 245,
       111, 153, 172, 24, 5, 240, 29, 156, 73, 16, 242, 51, 189, 88, 87,
       32, 250, 60, 186, 255, 253, 62, 253, 249, 127, 253, 252, 214, 245,
       125, 126, 187, 254, 251, 220, 227, 107, 245, 127, 199, 247, 253,
       235, 244, 159, 126, 221, 127, 239, 223, 100, 85, 190, 215, 122,
       249, 124, 248, 93, 123, 46, 213, 167, 247, 111, 185, 172, 157, 5,
       240, 29, 156, 77, 16, 242, 59, 189, 91, 95, 32, 254, 251, 186,
       109, 163, 255, 188, 159, 200, 254, 255, 155, 122, 173, 63, 251,
       85, 242, 245, 47, 115, 237, 39, 195, 124, 77, 220, 189, 47, 82,
       26, 115, 123, 215, 44, 85, 186, 82, 120, 233, 116, 112, 92, 56,
       47, 213, 20, 244, 109, 153, 172, 24, 5, 240, 29, 156, 73, 16, 242,
       51, 189, 88, 87, 32, 250, 159, 242, 93, 167, 255, 184, 159, 24,
       122, 63, 57, 122, 172, 123, 228, 81, 246, 247, 5, 240, 193, 96,
       131, 120, 196, 222, 249, 127, 254, 43, 245, 123, 215, 100, 212,
       186, 90, 120, 169, 247, 118, 94, 58, 15, 209, 20, 244, 77, 153,
       172, 24, 5, 240, 29, 157, 73, 16, 242, 51, 188, 88, 87, 32, 249,
       7, 182, 81, 35, 253, 176, 143, 24, 106, 59, 170, 99, 172, 27, 128,
       17, 230, 231, 5, 112, 193, 1, 11, 120, 198, 220, 249, 111, 150,
       10, 225, 103, 213, 164, 213, 190, 82, 48, 169, 118, 100, 92, 26,
       143, 213, 81, 244, 77, 152, 172, 24, 1, 240, 29, 156, 73, 16, 242,
       51, 188, 88, 87, 32, 120, 58, 153, 191, 255, 47, 249, 253, 61, 95,
       249, 253, 205, 255, 124, 22, 62, 255, 159, 227, 251, 246, 125,
       203, 255, 233, 127, 243, 254, 127, 247, 255, 239, 223, 250, 121,
       52, 255, 233, 250, 115, 121, 221, 255, 111, 247, 53, 255, 111,
       187, 218, 137, 207, 244, 141, 216, 93, 63, 243, 247, 251, 243,
       127, 133, 222, 254, 254, 255, 255, 255, 255, 95, 249, 239, 231,
       253, 250, 255, 254, 254, 254, 243, 247, 126, 127, 191, 191, 218,
       125, 223, 255, 255, 63, 211, 187, 127, 175, 199, 173, 119, 255,
       202, 125, 255, 255, 122, 95, 229, 255, 223, 62, 253, 55, 221, 174,
       24, 141, 242, 191, 157, 243, 80, 254, 241, 191, 255, 87, 58, 254 ]
