%YAML:1.0
descriptors: !!opencv-matrix
   rows: 25
   cols: 64
   dt: u
   data: [ 110, 238, 171, 237, 254, 255, 254, 213, 125, 255, 174, 143,
       209, 212, 251, 237, 155, 253, 251, 174, 221, 157, 95, 217, 127,
       221, 63, 167, 223, 255, 63, 247, 231, 243, 255, 121, 254, 255,
       239, 55, 51, 125, 102, 254, 127, 222, 255, 177, 253, 221, 254,
       255, 159, 247, 188, 250, 215, 205, 254, 47, 215, 109, 91, 246,
       156, 235, 159, 221, 234, 217, 248, 251, 159, 155, 255, 223, 211,
       240, 255, 232, 189, 221, 254, 111, 78, 188, 130, 219, 239, 223,
       183, 250, 197, 239, 62, 190, 222, 115, 127, 203, 94, 255, 250, 55,
       243, 189, 241, 127, 255, 174, 253, 191, 207, 159, 183, 247, 219,
       223, 159, 123, 85, 219, 56, 111, 117, 125, 193, 191, 251, 254,
       255, 255, 255, 255, 223, 250, 255, 253, 252, 251, 255, 253, 254,
       253, 255, 215, 127, 111, 124, 223, 174, 61, 239, 255, 127, 63,
       255, 91, 126, 191, 241, 231, 124, 255, 246, 119, 253, 247, 211,
       223, 251, 126, 217, 158, 216, 181, 205, 189, 86, 133, 248, 183,
       135, 111, 208, 244, 105, 158, 223, 94, 54, 189, 251, 222, 108,
       239, 255, 191, 223, 152, 191, 127, 253, 251, 175, 123, 118, 125,
       245, 247, 127, 255, 252, 127, 178, 124, 103, 255, 251, 127, 255,
       123, 127, 191, 215, 237, 158, 223, 250, 125, 253, 255, 127, 222,
       123, 191, 213, 27, 252, 21, 141, 191, 22, 13, 232, 183, 159, 109,
       120, 246, 241, 159, 222, 223, 62, 189, 60, 172, 255, 204, 58, 253,
       245, 127, 253, 252, 222, 253, 95, 124, 191, 236, 251, 220, 227,
       43, 245, 127, 222, 247, 249, 127, 148, 182, 109, 215, 95, 239,
       207, 104, 67, 180, 223, 216, 249, 124, 121, 29, 247, 39, 245, 53,
       247, 107, 191, 236, 137, 143, 242, 29, 152, 93, 62, 242, 255, 253,
       251, 223, 44, 222, 60, 188, 255, 220, 58, 253, 245, 127, 253, 252,
       222, 253, 127, 124, 255, 236, 251, 252, 243, 43, 245, 127, 222,
       255, 249, 127, 213, 246, 109, 215, 95, 239, 207, 104, 99, 52, 223,
       219, 249, 127, 121, 157, 231, 39, 245, 247, 247, 107, 191, 238,
       143, 207, 246, 29, 154, 85, 54, 242, 255, 253, 251, 223, 108, 222,
       60, 190, 255, 197, 62, 253, 245, 125, 253, 253, 222, 253, 255,
       126, 251, 236, 251, 253, 251, 187, 245, 127, 219, 255, 249, 127,
       85, 246, 108, 215, 223, 239, 207, 104, 227, 52, 223, 219, 249, 63,
       125, 29, 231, 167, 245, 225, 183, 107, 191, 254, 137, 203, 246,
       13, 154, 85, 126, 215, 255, 239, 243, 191, 236, 222, 59, 245, 237,
       223, 55, 189, 221, 25, 255, 247, 189, 248, 191, 123, 52, 95, 157,
       247, 98, 251, 183, 126, 211, 127, 245, 247, 247, 127, 127, 251,
       221, 235, 143, 254, 135, 142, 202, 121, 250, 123, 126, 255, 239,
       237, 183, 113, 245, 47, 179, 186, 153, 79, 254, 149, 254, 85, 57,
       247, 254, 255, 251, 251, 237, 222, 238, 239, 239, 253, 254, 255,
       255, 247, 189, 255, 255, 255, 219, 254, 255, 238, 153, 253, 127,
       239, 63, 223, 254, 61, 127, 255, 159, 183, 221, 255, 62, 191, 231,
       251, 255, 235, 254, 255, 255, 63, 250, 125, 247, 127, 255, 191,
       127, 177, 255, 221, 254, 255, 219, 255, 183, 246, 240, 237, 233,
       127, 255, 253, 155, 182, 59, 191, 254, 255, 63, 253, 253, 63, 255,
       254, 253, 249, 125, 126, 63, 223, 255, 254, 226, 251, 247, 127,
       215, 255, 241, 127, 243, 255, 127, 247, 255, 239, 223, 248, 255,
       52, 255, 248, 250, 127, 121, 93, 255, 111, 247, 181, 247, 111,
       187, 254, 159, 79, 246, 29, 220, 93, 55, 243, 255, 255, 251, 255,
       173, 222, 252, 236, 127, 239, 250, 255, 247, 225, 253, 253, 254,
       255, 255, 126, 253, 252, 251, 187, 255, 111, 253, 95, 191, 252,
       255, 127, 125, 247, 239, 223, 255, 255, 207, 233, 111, 247, 247,
       251, 253, 126, 127, 223, 126, 183, 221, 255, 254, 241, 173, 237,
       223, 45, 255, 255, 143, 255, 126, 252, 255, 173, 219, 223, 58,
       254, 59, 214, 124, 175, 255, 189, 159, 24, 255, 127, 252, 251,
       173, 123, 100, 85, 246, 247, 31, 177, 249, 115, 155, 124, 228,
       254, 249, 63, 126, 123, 245, 239, 223, 236, 222, 182, 255, 121,
       169, 127, 125, 94, 106, 173, 213, 81, 252, 95, 184, 255, 24, 13,
       244, 181, 222, 105, 58, 246, 183, 189, 250, 223, 44, 254, 124, 45,
       255, 252, 114, 55, 241, 119, 213, 220, 214, 149, 95, 252, 187, 78,
       242, 221, 123, 103, 244, 61, 192, 247, 91, 106, 166, 140, 72, 212,
       52, 233, 223, 39, 85, 186, 87, 122, 217, 124, 248, 93, 184, 46,
       221, 53, 227, 111, 157, 172, 25, 5, 240, 29, 156, 73, 16, 242,
       115, 189, 90, 87, 32, 250, 187, 214, 124, 239, 255, 189, 159, 24,
       255, 127, 252, 251, 173, 123, 228, 85, 246, 247, 95, 241, 253,
       115, 155, 124, 228, 255, 249, 63, 126, 123, 245, 239, 223, 236,
       222, 182, 247, 121, 249, 127, 127, 95, 107, 175, 213, 81, 253,
       127, 188, 254, 24, 13, 244, 181, 222, 109, 56, 246, 183, 189, 250,
       223, 44, 255, 124, 61, 255, 252, 114, 63, 121, 119, 213, 252, 214,
       149, 95, 252, 187, 206, 250, 221, 123, 103, 246, 61, 208, 179, 95,
       234, 166, 140, 88, 212, 116, 235, 199, 39, 85, 186, 215, 122, 209,
       116, 248, 93, 189, 46, 221, 53, 227, 111, 157, 172, 24, 13, 240,
       29, 157, 73, 16, 242, 115, 189, 91, 87, 32, 250, 119, 54, 113,
       167, 254, 148, 139, 73, 238, 127, 146, 127, 253, 47, 177, 85, 250,
       213, 3, 96, 200, 33, 138, 124, 76, 220, 188, 47, 82, 27, 115, 111,
       87, 164, 85, 187, 82, 120, 233, 118, 80, 92, 24, 14, 213, 20, 252,
       127, 153, 172, 24, 5, 240, 29, 156, 73, 16, 242, 51, 189, 88, 87,
       32, 250, 252, 191, 255, 252, 118, 55, 253, 255, 245, 252, 220,
       183, 127, 253, 187, 78, 251, 221, 251, 111, 247, 255, 214, 247,
       223, 234, 182, 159, 120, 221, 118, 239, 223, 39, 119, 191, 214,
       124, 253, 125, 124, 95, 251, 190, 223, 189, 215, 239, 157, 172,
       153, 221, 240, 61, 156, 77, 80, 254, 115, 255, 91, 87, 43, 254,
       127, 48, 109, 17, 222, 151, 31, 124, 242, 47, 145, 56, 253, 96,
       177, 81, 234, 213, 3, 98, 201, 33, 203, 126, 204, 202, 172, 47,
       82, 13, 49, 107, 215, 44, 84, 186, 90, 120, 225, 118, 112, 76, 56,
       47, 213, 20, 213, 79, 153, 172, 24, 5, 240, 29, 156, 73, 16, 242,
       51, 189, 88, 87, 32, 250, 125, 54, 117, 181, 249, 167, 35, 120,
       172, 124, 194, 49, 221, 121, 185, 69, 234, 221, 3, 98, 253, 35,
       194, 115, 76, 250, 164, 63, 122, 12, 113, 111, 215, 36, 85, 186,
       82, 122, 225, 116, 244, 92, 24, 14, 213, 20, 193, 79, 153, 172,
       24, 5, 240, 29, 157, 73, 16, 242, 51, 189, 88, 87, 32, 250, 125,
       55, 247, 245, 252, 231, 251, 124, 246, 253, 223, 55, 239, 255,
       147, 119, 251, 213, 123, 99, 255, 45, 194, 127, 204, 254, 242,
       255, 82, 15, 115, 239, 215, 37, 85, 191, 82, 120, 249, 117, 120,
       92, 57, 175, 197, 17, 245, 111, 153, 172, 24, 5, 240, 29, 156, 73,
       16, 242, 51, 191, 88, 87, 32, 250, 231, 186, 99, 161, 220, 166,
       135, 200, 236, 63, 130, 127, 233, 77, 219, 85, 235, 213, 43, 96,
       201, 7, 139, 124, 78, 220, 61, 47, 214, 15, 51, 127, 87, 165, 93,
       187, 82, 120, 237, 118, 97, 84, 8, 46, 197, 28, 252, 49, 153, 172,
       24, 5, 240, 29, 156, 73, 16, 240, 51, 189, 88, 87, 48, 250, 126,
       57, 251, 244, 54, 231, 125, 110, 210, 239, 249, 176, 255, 226,
       182, 90, 255, 215, 35, 107, 175, 45, 194, 127, 205, 223, 247, 255,
       82, 45, 247, 235, 215, 36, 53, 191, 218, 124, 249, 117, 112, 76,
       185, 111, 247, 20, 245, 111, 153, 172, 24, 71, 240, 29, 156, 73,
       16, 242, 51, 191, 88, 87, 33, 250, 187, 214, 109, 239, 255, 189,
       223, 25, 255, 255, 189, 251, 175, 123, 116, 93, 181, 247, 126,
       251, 244, 119, 147, 124, 117, 255, 249, 63, 127, 123, 119, 255,
       223, 252, 222, 191, 250, 121, 248, 127, 126, 95, 107, 189, 213,
       81, 245, 127, 188, 191, 24, 15, 244, 181, 223, 125, 56, 247, 247,
       191, 250, 223, 46, 251, 126, 189, 255, 252, 54, 255, 125, 127,
       247, 246, 221, 180, 127, 254, 190, 126, 255, 223, 99, 255, 183,
