%YAML:1.0
descriptors: !!opencv-matrix
   rows: 15
   cols: 64
   dt: u
   data: [ 254, 251, 255, 255, 254, 255, 223, 253, 255, 255, 253, 251,
       255, 254, 255, 254, 251, 213, 127, 111, 63, 223, 191, 61, 255,
       255, 191, 63, 223, 255, 126, 191, 243, 239, 127, 223, 214, 119,
       255, 247, 243, 223, 255, 127, 223, 158, 253, 180, 205, 189, 86,
       181, 219, 191, 135, 127, 208, 252, 105, 127, 223, 92, 58, 183, 60,
       252, 253, 238, 63, 253, 245, 127, 253, 244, 220, 253, 125, 127,
       253, 237, 255, 190, 227, 251, 245, 127, 91, 255, 241, 127, 85,
       246, 109, 215, 223, 239, 159, 250, 235, 20, 255, 216, 249, 63,
       127, 189, 239, 167, 245, 245, 247, 107, 187, 254, 137, 75, 246, 5,
       218, 93, 63, 215, 254, 239, 243, 255, 239, 222, 60, 187, 255, 253,
       54, 255, 253, 119, 253, 254, 223, 253, 95, 244, 191, 238, 185,
       220, 251, 235, 247, 125, 246, 255, 253, 127, 246, 246, 109, 247,
       255, 239, 207, 90, 231, 172, 255, 254, 248, 125, 120, 61, 247,
       111, 255, 181, 247, 111, 191, 254, 175, 223, 242, 29, 152, 92,
       119, 247, 255, 255, 251, 251, 237, 254, 252, 187, 255, 245, 255,
       127, 255, 255, 253, 253, 214, 255, 255, 254, 251, 222, 251, 213,
       123, 111, 127, 159, 230, 119, 79, 255, 190, 191, 251, 95, 118,
       239, 215, 39, 117, 255, 86, 127, 253, 116, 248, 93, 249, 63, 221,
       61, 253, 239, 157, 172, 24, 133, 240, 63, 157, 73, 80, 254, 51,
       191, 89, 87, 32, 250, 127, 54, 245, 150, 255, 151, 11, 123, 230,
       101, 145, 114, 255, 251, 176, 85, 242, 245, 107, 102, 221, 39,
       211, 119, 94, 250, 252, 47, 82, 24, 113, 107, 215, 45, 85, 190,
       82, 120, 233, 116, 112, 92, 24, 143, 209, 28, 245, 79, 153, 172,
       24, 5, 240, 29, 156, 73, 16, 242, 51, 189, 88, 87, 32, 250, 255,
       254, 109, 239, 255, 185, 223, 152, 255, 127, 191, 251, 175, 123,
       236, 253, 243, 247, 60, 185, 237, 127, 187, 124, 103, 255, 123,
       63, 255, 123, 127, 127, 151, 237, 222, 215, 250, 121, 253, 255,
       247, 223, 106, 125, 209, 91, 252, 21, 196, 183, 16, 5, 238, 167,
       207, 239, 120, 244, 244, 63, 255, 223, 188, 189, 186, 254, 109,
       171, 183, 125, 157, 157, 255, 254, 191, 172, 125, 62, 127, 255,
       221, 246, 98, 248, 57, 210, 127, 188, 245, 245, 253, 249, 255,
       255, 255, 179, 232, 252, 223, 110, 251, 115, 168, 123, 62, 221,
       99, 189, 22, 231, 126, 52, 187, 219, 214, 47, 142, 159, 231, 124,
       182, 225, 173, 124, 255, 202, 110, 182, 255, 252, 255, 247, 255,
       183, 219, 249, 254, 127, 213, 251, 255, 251, 182, 93, 242, 247,
       127, 103, 255, 255, 219, 125, 238, 250, 255, 63, 254, 89, 119,
       239, 215, 173, 22, 255, 210, 125, 253, 247, 80, 222, 122, 31, 217,
       28, 249, 31, 157, 172, 24, 5, 240, 191, 156, 75, 80, 254, 115,
       191, 220, 87, 50, 255, 252, 233, 255, 253, 242, 127, 249, 255,
       221, 253, 254, 159, 87, 252, 251, 238, 251, 221, 251, 111, 62,
       157, 238, 191, 127, 239, 191, 191, 207, 199, 62, 191, 243, 39,
       117, 251, 87, 247, 253, 254, 251, 125, 253, 62, 127, 191, 75, 176,
       143, 173, 127, 245, 217, 63, 149, 76, 208, 252, 105, 255, 93, 14,
       35, 182, 254, 252, 255, 247, 255, 247, 223, 185, 222, 255, 223,
       123, 191, 254, 242, 92, 251, 215, 127, 119, 253, 159, 187, 125,
       190, 255, 255, 63, 222, 251, 247, 255, 199, 237, 30, 255, 254,
       253, 253, 127, 121, 221, 231, 127, 221, 29, 253, 53, 237, 255,
       152, 141, 252, 191, 156, 251, 80, 254, 247, 191, 254, 31, 184,
       190, 253, 191, 255, 253, 126, 247, 255, 255, 255, 253, 252, 191,
       255, 255, 187, 254, 251, 253, 123, 111, 255, 223, 247, 183, 223,
       111, 254, 255, 127, 223, 246, 255, 255, 111, 39, 255, 222, 125,
       253, 125, 126, 93, 251, 190, 221, 185, 255, 239, 189, 172, 159,
       223, 240, 63, 156, 93, 116, 254, 123, 223, 251, 215, 46, 254, 93,
       53, 218, 31, 115, 195, 126, 118, 82, 162, 93, 190, 182, 198, 135,
       90, 239, 215, 49, 103, 207, 173, 195, 51, 205, 202, 242, 111, 82,
       12, 247, 107, 215, 37, 85, 191, 82, 120, 225, 116, 112, 92, 57,
       47, 245, 28, 229, 111, 153, 172, 24, 5, 240, 29, 156, 73, 16, 242,
       51, 189, 88, 87, 32, 250, 122, 61, 255, 255, 118, 255, 123, 247,
       223, 255, 87, 190, 255, 246, 187, 222, 255, 215, 123, 111, 255,
       189, 195, 183, 221, 235, 254, 255, 66, 217, 246, 235, 199, 45, 69,
       191, 222, 123, 225, 125, 248, 93, 181, 47, 213, 62, 229, 111, 159,
       172, 24, 7, 240, 29, 157, 73, 80, 242, 115, 189, 121, 87, 40, 250,
       248, 249, 255, 255, 114, 127, 253, 254, 253, 252, 253, 189, 127,
       254, 191, 238, 251, 213, 123, 111, 54, 223, 231, 55, 111, 239,
       183, 189, 123, 203, 126, 235, 215, 39, 53, 251, 86, 125, 253, 124,
       122, 255, 253, 63, 223, 30, 245, 238, 157, 172, 95, 149, 248, 31,
       156, 77, 216, 254, 123, 255, 93, 87, 35, 251, 123, 149, 252, 158,
       55, 95, 95, 47, 247, 212, 213, 180, 61, 126, 54, 86, 253, 183, 98,
       247, 245, 119, 209, 119, 221, 234, 244, 93, 122, 248, 244, 233,
       207, 44, 71, 190, 218, 120, 233, 125, 120, 93, 61, 175, 213, 117,
       245, 111, 153, 174, 152, 13, 240, 29, 156, 89, 56, 243, 51, 189,
       122, 215, 40, 250 ]
