%YAML:1.0
descriptors: !!opencv-matrix
   rows: 12
   cols: 64
   dt: u
   data: [ 239, 255, 255, 249, 254, 255, 255, 223, 253, 255, 237, 234,
       255, 253, 255, 255, 159, 253, 255, 255, 191, 215, 127, 255, 247,
       247, 255, 247, 255, 247, 254, 243, 255, 219, 223, 109, 255, 253,
       254, 123, 126, 255, 235, 253, 191, 255, 119, 179, 255, 219, 190,
       255, 221, 253, 254, 254, 247, 253, 253, 127, 255, 249, 223, 255,
       62, 241, 125, 255, 190, 245, 255, 120, 255, 255, 253, 249, 253,
       127, 181, 125, 243, 247, 103, 99, 245, 123, 195, 119, 205, 255,
       231, 191, 123, 223, 245, 251, 215, 36, 87, 190, 82, 120, 249, 116,
       122, 95, 56, 47, 213, 21, 245, 111, 153, 172, 24, 5, 240, 29, 156,
       73, 16, 242, 51, 189, 88, 87, 34, 251, 62, 253, 255, 254, 62, 183,
       253, 123, 247, 254, 253, 249, 255, 126, 189, 126, 247, 215, 99,
       99, 247, 61, 209, 247, 253, 255, 231, 255, 91, 223, 245, 235, 199,
       44, 87, 190, 219, 120, 249, 117, 122, 95, 185, 47, 213, 53, 247,
       111, 153, 172, 24, 5, 240, 29, 156, 73, 16, 242, 115, 189, 90, 87,
       34, 250, 62, 49, 253, 182, 55, 181, 93, 127, 246, 254, 213, 181,
       125, 126, 176, 86, 255, 214, 99, 243, 245, 54, 195, 247, 220, 186,
       228, 223, 90, 220, 245, 235, 223, 44, 87, 190, 90, 120, 233, 124,
       120, 93, 61, 47, 212, 53, 245, 111, 153, 172, 24, 5, 240, 29, 156,
       73, 16, 242, 51, 189, 88, 87, 32, 250, 63, 189, 255, 255, 63, 245,
       253, 127, 255, 252, 253, 253, 253, 126, 189, 127, 243, 255, 99,
       123, 245, 127, 211, 247, 253, 239, 231, 255, 122, 223, 247, 235,
       223, 44, 87, 190, 223, 120, 249, 125, 120, 93, 123, 47, 213, 53,
       247, 111, 153, 172, 24, 5, 240, 29, 156, 73, 16, 242, 51, 189, 90,
       87, 32, 250, 63, 190, 255, 255, 63, 253, 249, 121, 255, 255, 222,
       253, 253, 127, 185, 117, 242, 255, 99, 123, 245, 127, 211, 127,
       237, 234, 230, 255, 126, 95, 247, 239, 223, 44, 87, 190, 223, 122,
       249, 117, 248, 93, 123, 47, 213, 55, 247, 111, 153, 172, 24, 5,
       240, 29, 156, 73, 16, 242, 51, 189, 90, 87, 32, 250, 254, 250,
       247, 245, 254, 255, 255, 249, 253, 255, 250, 255, 255, 255, 250,
       253, 251, 253, 127, 103, 255, 143, 191, 253, 255, 255, 255, 191,
       223, 223, 247, 191, 247, 239, 95, 255, 222, 253, 253, 255, 121,
       92, 235, 127, 221, 63, 255, 177, 221, 237, 24, 245, 245, 255, 156,
       235, 80, 252, 241, 191, 222, 125, 177, 254, 252, 59, 255, 253,
       254, 255, 243, 255, 253, 253, 214, 191, 255, 252, 187, 206, 250,
       221, 123, 111, 253, 159, 206, 255, 95, 234, 190, 191, 250, 213,
       126, 239, 215, 39, 85, 251, 87, 127, 253, 124, 248, 93, 248, 62,
       221, 175, 203, 239, 157, 172, 24, 133, 241, 63, 157, 73, 80, 254,
       51, 189, 91, 87, 34, 250, 254, 252, 255, 239, 255, 255, 223, 185,
       255, 127, 221, 255, 191, 126, 246, 253, 255, 247, 126, 183, 253,
       223, 187, 124, 254, 255, 255, 127, 255, 251, 255, 255, 143, 237,
       158, 223, 254, 247, 255, 255, 91, 223, 199, 125, 221, 125, 253,
       21, 239, 255, 155, 173, 254, 183, 220, 243, 120, 190, 252, 59,
       255, 157, 190, 156, 124, 191, 255, 253, 62, 127, 249, 247, 253,
       254, 222, 181, 79, 221, 251, 239, 185, 252, 251, 106, 245, 127,
       126, 191, 255, 111, 182, 214, 125, 87, 127, 254, 239, 90, 215,
       236, 255, 246, 249, 117, 252, 125, 251, 190, 255, 231, 247, 107,
       190, 254, 143, 223, 242, 61, 156, 93, 247, 247, 255, 255, 251,
       255, 237, 246, 44, 165, 237, 184, 18, 231, 49, 127, 181, 206, 196,
       177, 81, 234, 183, 79, 203, 92, 99, 99, 244, 39, 210, 115, 92,
       187, 148, 5, 80, 136, 48, 233, 199, 36, 87, 186, 82, 120, 233,
       116, 112, 92, 60, 47, 213, 20, 245, 111, 153, 172, 24, 5, 240, 29,
       156, 73, 16, 242, 51, 189, 88, 87, 32, 250, 63, 182, 125, 247, 63,
       189, 191, 121, 254, 255, 219, 247, 253, 127, 185, 87, 247, 255,
       67, 115, 245, 103, 211, 126, 205, 254, 229, 255, 90, 31, 245, 235,
       215, 44, 85, 190, 91, 120, 233, 116, 120, 92, 56, 47, 213, 21,
       247, 111, 153, 172, 24, 5, 240, 29, 156, 73, 16, 242, 51, 189, 88,
       87, 32, 250 ]
