%YAML:1.0
descriptors: !!opencv-matrix
   rows: 21
   cols: 64
   dt: u
   data: [ 191, 190, 255, 231, 255, 253, 191, 248, 253, 255, 254, 255,
       253, 127, 251, 117, 251, 253, 107, 123, 245, 119, 219, 124, 237,
       255, 245, 191, 126, 95, 119, 255, 215, 108, 87, 190, 87, 120, 233,
       125, 124, 93, 122, 47, 213, 5, 247, 111, 153, 172, 24, 5, 242, 29,
       156, 73, 16, 242, 51, 189, 218, 95, 32, 250, 63, 178, 125, 239,
       191, 189, 255, 120, 253, 253, 254, 251, 253, 127, 255, 85, 243,
       255, 99, 123, 245, 103, 195, 126, 237, 255, 245, 255, 126, 95,
       247, 239, 223, 44, 85, 190, 95, 120, 233, 117, 120, 92, 123, 47,
       213, 53, 247, 111, 185, 172, 24, 5, 240, 29, 156, 73, 16, 242, 51,
       189, 90, 87, 32, 250, 63, 190, 253, 254, 63, 189, 255, 121, 253,
       253, 214, 251, 253, 127, 252, 93, 242, 255, 99, 123, 245, 119,
       211, 247, 221, 254, 245, 255, 126, 223, 247, 235, 223, 44, 87,
       190, 223, 120, 249, 125, 124, 93, 59, 175, 213, 53, 247, 111, 153,
       172, 24, 13, 240, 29, 156, 73, 16, 242, 51, 189, 90, 87, 40, 250,
       63, 51, 125, 180, 54, 245, 61, 124, 230, 230, 209, 54, 253, 111,
       179, 86, 251, 220, 67, 98, 241, 34, 195, 118, 204, 186, 244, 201,
       82, 28, 243, 233, 215, 36, 85, 190, 82, 120, 201, 116, 120, 92,
       56, 47, 212, 21, 231, 111, 153, 172, 24, 5, 240, 29, 156, 73, 16,
       242, 51, 189, 88, 87, 32, 250, 61, 247, 125, 170, 55, 191, 55,
       123, 247, 92, 252, 181, 125, 63, 188, 117, 246, 254, 67, 116, 241,
       114, 209, 247, 220, 168, 236, 221, 122, 220, 253, 233, 220, 108,
       215, 190, 223, 122, 129, 124, 126, 223, 26, 143, 84, 183, 230, 78,
       187, 172, 153, 12, 242, 29, 159, 93, 56, 242, 59, 188, 90, 214,
       46, 249, 60, 169, 255, 252, 58, 255, 241, 127, 181, 252, 214, 149,
       93, 252, 187, 238, 251, 221, 227, 107, 244, 53, 198, 243, 93, 235,
       180, 134, 120, 197, 55, 235, 215, 32, 85, 186, 87, 122, 233, 116,
       120, 93, 124, 47, 213, 53, 247, 111, 153, 172, 25, 5, 240, 29,
       156, 73, 16, 242, 51, 189, 91, 87, 32, 250, 92, 33, 179, 212, 0,
       7, 120, 103, 0, 128, 195, 149, 83, 192, 147, 66, 162, 72, 67, 71,
       14, 172, 192, 147, 29, 10, 166, 200, 64, 132, 52, 168, 98, 54,
       100, 186, 16, 122, 193, 84, 144, 104, 181, 46, 234, 52, 131, 110,
       153, 164, 56, 71, 112, 28, 28, 65, 0, 242, 51, 249, 88, 70, 33,
       250, 59, 220, 252, 127, 63, 253, 255, 57, 255, 253, 220, 251, 191,
       127, 124, 93, 253, 191, 254, 187, 245, 127, 219, 255, 241, 127,
       247, 254, 126, 247, 247, 231, 159, 248, 203, 52, 255, 153, 250,
       123, 125, 221, 239, 237, 245, 241, 247, 111, 191, 255, 137, 75,
       254, 133, 218, 93, 63, 247, 255, 255, 243, 251, 237, 222, 109,
       175, 231, 251, 219, 255, 163, 126, 252, 124, 202, 63, 255, 255,
       191, 236, 227, 221, 123, 102, 245, 39, 203, 247, 78, 234, 44, 175,
       218, 14, 59, 235, 223, 39, 85, 187, 83, 114, 237, 116, 248, 92,
       24, 15, 85, 55, 247, 239, 153, 172, 24, 5, 240, 29, 156, 73, 16,
       242, 51, 189, 88, 87, 32, 248, 108, 43, 231, 241, 218, 191, 163,
       122, 220, 124, 214, 55, 251, 251, 219, 224, 226, 221, 251, 102,
       229, 45, 139, 247, 79, 234, 44, 135, 218, 76, 48, 235, 247, 39,
       85, 187, 87, 122, 237, 116, 216, 84, 26, 14, 73, 7, 227, 199, 157,
       44, 24, 5, 241, 29, 157, 73, 80, 246, 51, 189, 88, 87, 32, 248,
       127, 54, 245, 179, 223, 167, 47, 73, 230, 110, 209, 50, 253, 235,
       179, 86, 226, 213, 27, 100, 201, 135, 195, 117, 78, 200, 172, 47,
       210, 8, 49, 107, 211, 37, 85, 187, 82, 120, 165, 116, 112, 72, 24,
       15, 213, 28, 229, 79, 157, 172, 24, 5, 240, 29, 156, 73, 16, 246,
       51, 189, 88, 86, 32, 248, 191, 244, 125, 254, 63, 61, 93, 27, 247,
       126, 189, 251, 47, 123, 244, 221, 243, 246, 39, 115, 245, 98, 176,
       126, 238, 191, 231, 27, 255, 123, 125, 123, 211, 108, 20, 254,
       242, 112, 249, 245, 82, 222, 58, 63, 208, 22, 245, 79, 153, 173,
       30, 5, 248, 29, 159, 73, 24, 242, 51, 157, 90, 87, 34, 185, 191,
       253, 125, 254, 63, 61, 221, 123, 247, 94, 253, 251, 127, 127, 244,
       253, 243, 246, 39, 123, 245, 106, 176, 118, 254, 191, 227, 91,
       255, 91, 125, 249, 242, 100, 28, 254, 210, 112, 249, 245, 83, 222,
       27, 191, 208, 22, 245, 79, 137, 173, 30, 13, 248, 29, 159, 77, 24,
       242, 115, 159, 90, 87, 42, 185, 254, 251, 255, 255, 254, 247, 255,
       249, 255, 255, 249, 250, 255, 255, 246, 255, 251, 213, 127, 103,
       255, 223, 167, 61, 79, 255, 191, 63, 219, 95, 118, 187, 211, 39,
       87, 251, 82, 125, 253, 118, 118, 94, 120, 63, 221, 28, 253, 183,
       157, 173, 24, 5, 240, 61, 156, 73, 80, 246, 49, 189, 92, 87, 34,
       250, 252, 187, 255, 253, 114, 127, 249, 255, 253, 252, 254, 191,
       95, 252, 251, 238, 187, 221, 251, 111, 247, 253, 246, 183, 255,
       111, 150, 215, 109, 215, 126, 255, 255, 83, 231, 255, 223, 255,
       253, 125, 254, 61, 247, 118, 255, 167, 99, 235, 191, 173, 239,
       223, 211, 127, 159, 92, 119, 254, 127, 255, 251, 190, 239, 254,
       254, 255, 247, 255, 254, 255, 255, 253, 255, 255, 249, 255, 255,
       255, 255, 252, 251, 213, 127, 111, 127, 207, 175, 61, 95, 255,
       191, 63, 223, 223, 126, 191, 243, 103, 93, 255, 82, 119, 253, 246,
       246, 94, 120, 62, 223, 30, 253, 181, 141, 173, 94, 133, 251, 191,
       157, 79, 208, 252, 49, 189, 92, 86, 50, 185, 184, 250, 127, 239,
       190, 253, 249, 253, 253, 253, 254, 221, 125, 61, 255, 238, 251,
       212, 111, 107, 252, 210, 175, 60, 109, 173, 165, 187, 255, 223,
       127, 255, 241, 100, 117, 250, 86, 115, 249, 244, 254, 95, 120, 62,
       214, 134, 216, 125, 141, 173, 94, 5, 250, 31, 159, 77, 144, 246,
       59, 188, 93, 94, 34, 185, 190, 253, 125, 238, 54, 125, 253, 183,
       119, 220, 125, 217, 93, 62, 252, 255, 159, 254, 228, 171, 53, 120,
       245, 242, 249, 183, 21, 209, 127, 250, 222, 185, 180, 80, 251,
       192, 255, 90, 218, 185, 119, 191, 191, 117, 182, 150, 118, 108,
       171, 187, 231, 79, 218, 7, 227, 92, 191, 211, 110, 111, 119, 251,
       239, 155, 125, 189, 255, 246, 118, 39, 125, 123, 247, 220, 213,
       241, 127, 234, 180, 94, 242, 247, 127, 111, 247, 127, 209, 247,
       191, 250, 230, 223, 122, 253, 244, 237, 199, 111, 54, 191, 214,
       124, 209, 253, 93, 207, 247, 239, 235, 49, 197, 111, 191, 166,
       153, 207, 234, 60, 158, 85, 104, 182, 115, 219, 251, 159, 175,
       255, 60, 249, 255, 223, 63, 253, 249, 120, 127, 253, 213, 253,
       255, 126, 189, 92, 255, 246, 97, 107, 245, 124, 195, 251, 249,
       127, 243, 251, 127, 223, 247, 239, 223, 36, 87, 186, 215, 120,
       249, 125, 112, 93, 123, 47, 245, 21, 247, 111, 153, 174, 24, 7,
       240, 29, 156, 73, 16, 243, 51, 189, 90, 95, 32, 250, 255, 254,
       255, 239, 255, 255, 255, 253, 253, 253, 254, 255, 255, 127, 255,
       253, 251, 255, 255, 255, 253, 255, 255, 252, 255, 255, 127, 183,
       255, 127, 255, 255, 255, 239, 255, 247, 255, 255, 253, 191, 255,
       255, 251, 127, 255, 175, 255, 241, 239, 255, 255, 255, 223, 231,
       191, 255, 254, 253, 255, 239, 255, 255, 191, 255 ]
