%YAML:1.0
descriptors: !!opencv-matrix
   rows: 62
   cols: 64
   dt: u
   data: [ 60, 179, 253, 246, 62, 245, 249, 127, 246, 252, 220, 245, 253,
       127, 178, 116, 255, 222, 99, 99, 245, 119, 195, 247, 221, 235,
       244, 251, 122, 223, 247, 235, 223, 36, 87, 190, 87, 120, 249, 124,
       120, 93, 56, 47, 213, 53, 247, 111, 153, 172, 24, 5, 240, 29, 156,
       73, 16, 242, 51, 189, 90, 87, 32, 250, 61, 191, 255, 254, 55, 127,
       253, 127, 247, 252, 253, 253, 125, 127, 191, 254, 255, 214, 99,
       107, 245, 127, 195, 119, 205, 239, 244, 255, 123, 94, 247, 235,
       215, 36, 85, 190, 210, 120, 249, 117, 120, 93, 57, 47, 213, 21,
       247, 111, 153, 172, 24, 5, 240, 29, 156, 73, 16, 242, 51, 189, 88,
       87, 32, 250, 61, 182, 253, 174, 63, 255, 191, 126, 244, 126, 252,
       119, 253, 127, 182, 116, 251, 213, 99, 96, 245, 39, 195, 119, 76,
       255, 181, 175, 90, 94, 115, 235, 215, 36, 85, 190, 86, 120, 233,
       116, 120, 92, 56, 47, 213, 21, 245, 111, 153, 172, 24, 5, 240, 29,
       156, 73, 16, 242, 51, 189, 88, 87, 32, 250, 61, 178, 125, 166, 63,
       181, 187, 124, 244, 254, 212, 113, 125, 122, 177, 85, 250, 212,
       67, 98, 241, 34, 195, 119, 76, 170, 228, 143, 82, 28, 113, 235,
       215, 36, 85, 190, 82, 120, 233, 116, 120, 92, 56, 47, 212, 21,
       245, 111, 153, 172, 24, 5, 240, 29, 156, 73, 16, 242, 51, 189, 88,
       87, 32, 250, 61, 54, 245, 182, 63, 183, 41, 123, 228, 126, 208,
       53, 109, 91, 144, 85, 250, 212, 3, 96, 241, 38, 193, 119, 76, 184,
       180, 15, 82, 28, 113, 233, 215, 36, 85, 186, 82, 120, 233, 116,
       112, 92, 56, 15, 209, 20, 241, 111, 153, 172, 24, 5, 240, 29, 156,
       73, 16, 242, 51, 189, 88, 87, 32, 251, 61, 54, 117, 162, 63, 189,
       35, 121, 228, 124, 210, 53, 253, 58, 185, 69, 242, 212, 67, 96,
       241, 34, 209, 119, 76, 184, 164, 143, 82, 28, 113, 235, 215, 36,
       85, 186, 83, 120, 169, 116, 248, 92, 24, 15, 212, 21, 247, 79,
       153, 172, 24, 5, 240, 29, 156, 73, 16, 242, 51, 189, 88, 87, 32,
       250, 63, 50, 125, 178, 62, 183, 63, 122, 244, 254, 214, 49, 125,
       59, 185, 87, 242, 212, 67, 96, 225, 34, 193, 119, 204, 168, 228,
       143, 82, 28, 113, 235, 215, 44, 85, 190, 82, 120, 233, 116, 120,
       92, 56, 47, 212, 21, 245, 111, 153, 172, 24, 5, 240, 29, 156, 73,
       16, 242, 51, 189, 88, 87, 32, 250, 63, 50, 125, 190, 63, 183, 57,
       126, 244, 252, 213, 49, 125, 122, 185, 87, 242, 212, 67, 98, 241,
       34, 193, 119, 204, 168, 228, 143, 82, 28, 117, 235, 215, 36, 85,
       190, 82, 120, 225, 116, 120, 92, 56, 47, 212, 21, 241, 111, 153,
       172, 24, 5, 240, 29, 156, 73, 16, 242, 51, 189, 88, 87, 32, 250,
       61, 50, 125, 166, 63, 183, 189, 122, 244, 126, 215, 113, 125, 127,
       176, 84, 242, 212, 67, 98, 241, 34, 193, 119, 204, 170, 228, 159,
       90, 92, 117, 235, 215, 36, 85, 190, 82, 120, 233, 116, 120, 92,
       24, 15, 212, 53, 247, 79, 153, 172, 24, 5, 240, 29, 156, 73, 16,
       242, 51, 189, 88, 87, 32, 250, 61, 54, 125, 166, 63, 189, 189,
       123, 244, 116, 215, 113, 109, 123, 152, 84, 242, 212, 67, 96, 245,
       34, 193, 247, 204, 170, 228, 159, 122, 28, 113, 235, 223, 36, 85,
       190, 82, 120, 233, 116, 120, 92, 56, 47, 212, 53, 247, 111, 153,
       172, 24, 5, 240, 29, 156, 73, 16, 242, 51, 189, 88, 87, 32, 250,
       61, 53, 253, 188, 63, 189, 57, 126, 246, 126, 213, 52, 125, 107,
       189, 85, 250, 244, 67, 98, 245, 98, 195, 119, 204, 170, 228, 159,
       122, 28, 113, 235, 215, 36, 85, 190, 82, 120, 233, 116, 120, 92,
       24, 15, 212, 53, 229, 111, 153, 172, 24, 5, 240, 29, 156, 73, 24,
       242, 51, 189, 88, 87, 32, 250, 63, 53, 125, 182, 54, 165, 61, 127,
       246, 110, 209, 48, 125, 107, 176, 87, 242, 212, 67, 99, 241, 34,
       193, 119, 204, 170, 228, 141, 82, 28, 113, 233, 215, 44, 85, 190,
       90, 120, 225, 116, 120, 92, 56, 47, 212, 53, 229, 111, 153, 172,
       24, 5, 240, 29, 156, 73, 16, 242, 51, 189, 88, 87, 32, 250, 62,
       48, 125, 180, 63, 181, 187, 125, 214, 254, 215, 53, 253, 110, 177,
       86, 250, 212, 67, 98, 245, 34, 195, 119, 204, 154, 244, 143, 82,
       28, 113, 235, 215, 36, 85, 190, 82, 120, 233, 116, 120, 92, 56,
       47, 213, 21, 245, 111, 153, 172, 24, 5, 240, 29, 156, 73, 16, 242,
       51, 189, 88, 87, 32, 250, 59, 213, 92, 190, 63, 188, 221, 8, 119,
       94, 61, 200, 173, 123, 36, 85, 246, 246, 4, 243, 228, 114, 145,
       118, 228, 158, 225, 123, 122, 56, 245, 97, 215, 44, 214, 190, 251,
       120, 232, 245, 114, 222, 57, 45, 208, 20, 245, 79, 153, 174, 24,
       5, 240, 29, 156, 73, 16, 243, 51, 189, 120, 215, 34, 251, 163, 54,
       81, 131, 221, 160, 131, 216, 230, 123, 128, 119, 173, 11, 130, 85,
       98, 244, 5, 32, 201, 2, 139, 124, 68, 136, 104, 43, 150, 9, 33,
       127, 117, 164, 92, 186, 114, 240, 37, 214, 69, 64, 10, 30, 64, 0,
       200, 81, 136, 53, 88, 4, 228, 154, 140, 73, 144, 112, 162, 156,
       92, 70, 32, 176, 229, 238, 237, 137, 217, 156, 135, 200, 173, 103,
       128, 250, 187, 59, 254, 205, 202, 117, 59, 104, 137, 199, 154,
       120, 111, 213, 25, 39, 247, 11, 59, 15, 213, 231, 95, 219, 66,
       251, 45, 54, 182, 82, 104, 63, 85, 156, 124, 145, 29, 45, 16, 36,
       81, 189, 135, 42, 16, 236, 33, 188, 204, 87, 50, 251, 188, 250,
       111, 255, 54, 125, 249, 255, 253, 252, 254, 189, 125, 190, 255,
       238, 251, 220, 99, 107, 245, 208, 228, 182, 125, 173, 165, 155,
       127, 219, 127, 251, 241, 100, 119, 250, 87, 123, 249, 252, 254,
       95, 125, 62, 214, 183, 240, 108, 153, 173, 94, 5, 250, 29, 157,
       77, 144, 242, 59, 188, 91, 94, 34, 251, 187, 254, 124, 111, 255,
       189, 223, 24, 255, 127, 191, 251, 191, 123, 108, 93, 246, 247,
       126, 187, 253, 119, 219, 124, 229, 255, 249, 127, 126, 123, 247,
       239, 223, 236, 222, 55, 255, 121, 249, 127, 125, 223, 111, 61,
       213, 115, 253, 127, 189, 255, 24, 15, 254, 165, 223, 125, 58, 247,
       246, 191, 251, 223, 172, 222, 223, 248, 223, 167, 255, 243, 159,
       248, 126, 191, 221, 255, 255, 255, 243, 121, 251, 213, 61, 103,
       205, 5, 139, 121, 110, 223, 185, 63, 214, 15, 115, 127, 215, 37,
       85, 187, 82, 121, 237, 118, 112, 92, 120, 47, 213, 28, 253, 53,
       157, 172, 24, 5, 240, 61, 156, 73, 80, 246, 51, 189, 88, 87, 32,
       250, 223, 154, 222, 247, 255, 243, 155, 248, 190, 191, 215, 255,
       175, 251, 251, 93, 235, 213, 59, 103, 237, 135, 207, 125, 79, 223,
       189, 47, 210, 15, 115, 127, 215, 37, 85, 187, 82, 121, 237, 118,
       112, 92, 56, 62, 213, 28, 249, 53, 157, 172, 24, 5, 240, 61, 156,
       73, 16, 246, 51, 189, 88, 87, 32, 250, 254, 254, 247, 255, 255,
       247, 159, 249, 254, 255, 251, 255, 255, 255, 251, 253, 251, 213,
       127, 103, 253, 135, 190, 125, 95, 255, 191, 63, 211, 27, 115, 191,
       243, 37, 87, 251, 82, 117, 237, 246, 114, 92, 120, 63, 221, 30,
       253, 181, 157, 173, 24, 5, 240, 191, 156, 73, 80, 244, 49, 189,
       92, 87, 48, 250, 250, 223, 254, 251, 55, 127, 223, 187, 255, 255,
       127, 250, 191, 254, 127, 255, 221, 247, 124, 191, 63, 255, 247,
       127, 253, 247, 247, 127, 127, 251, 254, 251, 199, 222, 255, 71,
       255, 125, 254, 123, 118, 253, 227, 253, 183, 142, 117, 191, 255,
       219, 191, 219, 255, 229, 254, 246, 243, 255, 252, 127, 247, 249,
       221, 190, 255, 252, 247, 167, 255, 231, 159, 248, 254, 255, 251,
       127, 255, 238, 242, 253, 251, 213, 127, 103, 253, 135, 175, 125,
       111, 255, 253, 63, 215, 27, 119, 191, 215, 45, 93, 255, 82, 117,
       237, 246, 113, 92, 120, 63, 221, 28, 252, 53, 141, 172, 24, 5,
       248, 191, 156, 73, 80, 246, 51, 189, 92, 87, 48, 190, 127, 245,
       253, 158, 119, 183, 91, 125, 247, 102, 213, 184, 125, 250, 180,
       94, 242, 245, 91, 100, 187, 115, 243, 55, 252, 234, 236, 29, 123,
       217, 124, 169, 211, 45, 20, 255, 194, 113, 145, 253, 146, 203, 29,
       14, 209, 60, 193, 78, 157, 172, 26, 5, 120, 61, 149, 77, 88, 246,
