%YAML:1.0
descriptors: !!opencv-matrix
   rows: 41
   cols: 64
   dt: u
   data: [ 135, 250, 77, 119, 60, 248, 156, 148, 123, 185, 175, 233, 110,
       115, 76, 187, 229, 230, 39, 251, 197, 32, 103, 118, 197, 143, 229,
       251, 95, 15, 163, 114, 247, 44, 85, 190, 90, 58, 233, 244, 242,
       92, 56, 175, 212, 82, 247, 111, 153, 172, 24, 1, 240, 29, 157, 73,
       16, 242, 51, 189, 88, 87, 32, 250, 158, 220, 206, 255, 63, 249,
       216, 53, 59, 249, 126, 221, 30, 118, 108, 250, 237, 222, 37, 251,
       197, 32, 231, 123, 109, 143, 161, 123, 91, 79, 191, 126, 247, 36,
       84, 186, 95, 122, 233, 244, 210, 95, 120, 47, 208, 22, 247, 111,
       153, 172, 26, 5, 240, 29, 157, 73, 16, 242, 51, 189, 88, 87, 34,
       251, 61, 54, 124, 160, 62, 189, 57, 112, 244, 126, 214, 53, 125,
       63, 185, 85, 242, 252, 67, 96, 241, 114, 129, 252, 204, 40, 228,
       155, 122, 93, 253, 235, 213, 44, 85, 190, 82, 122, 169, 116, 252,
       92, 24, 15, 212, 37, 230, 79, 153, 172, 24, 5, 240, 29, 156, 73,
       16, 242, 51, 188, 88, 87, 32, 248, 61, 54, 117, 162, 63, 189, 171,
       121, 228, 126, 210, 53, 109, 123, 185, 85, 250, 212, 67, 96, 241,
       34, 209, 119, 92, 184, 228, 143, 82, 28, 113, 235, 215, 36, 85,
       190, 82, 120, 233, 116, 120, 92, 24, 143, 212, 21, 247, 111, 153,
       172, 24, 5, 240, 29, 156, 73, 16, 242, 51, 189, 88, 87, 32, 250,
       63, 178, 125, 166, 62, 181, 191, 120, 244, 254, 214, 113, 253, 59,
       176, 85, 242, 212, 67, 97, 241, 34, 193, 119, 204, 186, 228, 159,
       90, 28, 113, 235, 215, 44, 85, 190, 83, 120, 233, 116, 120, 92,
       56, 47, 212, 21, 247, 111, 153, 172, 24, 5, 240, 29, 156, 73, 16,
       242, 51, 189, 88, 87, 32, 250, 63, 50, 125, 182, 63, 181, 189,
       120, 246, 254, 215, 49, 253, 127, 177, 87, 242, 212, 67, 99, 245,
       114, 193, 119, 204, 186, 228, 159, 122, 93, 245, 235, 215, 44, 85,
       190, 82, 120, 225, 117, 120, 92, 58, 47, 212, 21, 215, 111, 153,
       172, 24, 5, 240, 29, 156, 73, 16, 242, 51, 189, 88, 87, 32, 250,
       62, 178, 125, 180, 63, 181, 187, 124, 214, 254, 213, 117, 253, 90,
       176, 85, 242, 212, 67, 99, 229, 34, 195, 119, 204, 170, 228, 143,
       82, 76, 117, 235, 215, 36, 85, 190, 82, 120, 233, 116, 120, 92,
       56, 47, 208, 21, 245, 111, 153, 172, 24, 5, 240, 29, 156, 73, 16,
       242, 51, 189, 88, 87, 32, 250, 50, 177, 125, 158, 54, 149, 29, 41,
       230, 70, 21, 240, 253, 106, 180, 86, 246, 214, 2, 115, 199, 50,
       195, 103, 204, 146, 228, 95, 18, 24, 213, 105, 215, 44, 84, 190,
       90, 120, 233, 116, 112, 90, 60, 47, 212, 20, 245, 111, 153, 172,
       24, 5, 240, 29, 156, 73, 16, 242, 51, 189, 88, 87, 32, 250, 50,
       177, 89, 214, 63, 149, 221, 40, 214, 230, 29, 246, 189, 78, 176,
       84, 255, 214, 4, 115, 199, 54, 193, 103, 237, 214, 247, 107, 82,
       59, 213, 107, 215, 44, 21, 190, 82, 120, 235, 117, 112, 92, 53,
       47, 212, 20, 245, 111, 153, 172, 24, 5, 240, 29, 156, 73, 16, 242,
       51, 189, 88, 87, 32, 250, 50, 48, 81, 134, 191, 132, 159, 9, 198,
       66, 17, 114, 173, 74, 144, 85, 118, 214, 4, 96, 192, 34, 129, 102,
       204, 146, 225, 107, 18, 40, 209, 105, 215, 36, 84, 158, 66, 120,
       233, 84, 112, 72, 16, 11, 208, 20, 245, 79, 153, 172, 24, 5, 240,
       24, 156, 73, 16, 114, 51, 189, 88, 87, 32, 250, 167, 54, 81, 130,
       221, 128, 3, 72, 230, 101, 2, 118, 165, 11, 128, 85, 226, 213, 5,
       96, 201, 128, 137, 108, 76, 156, 41, 11, 146, 10, 1, 127, 81, 36,
       84, 186, 66, 112, 33, 214, 64, 80, 8, 15, 192, 0, 224, 5, 137, 36,
       16, 4, 112, 24, 140, 73, 16, 112, 51, 188, 88, 86, 32, 248, 103,
       36, 237, 139, 223, 132, 7, 93, 239, 103, 132, 56, 173, 171, 182,
       79, 234, 245, 27, 96, 137, 3, 250, 45, 78, 200, 40, 47, 83, 25,
       57, 111, 213, 165, 22, 187, 66, 241, 37, 214, 18, 194, 72, 15, 81,
       28, 72, 145, 153, 36, 90, 4, 96, 152, 133, 107, 152, 244, 43, 188,
       216, 86, 34, 245, 108, 47, 239, 241, 254, 183, 227, 255, 253, 253,
       214, 63, 219, 254, 187, 206, 202, 221, 123, 102, 253, 149, 198,
       177, 79, 234, 156, 165, 216, 76, 58, 139, 247, 39, 85, 187, 86,
       127, 197, 116, 248, 117, 24, 30, 93, 173, 201, 231, 157, 44, 24,
       5, 243, 61, 157, 73, 80, 254, 51, 189, 72, 87, 32, 250, 236, 47,
       239, 241, 254, 191, 115, 255, 253, 253, 214, 63, 255, 254, 251,
       206, 234, 213, 123, 110, 125, 221, 194, 245, 95, 250, 156, 167,
       254, 92, 62, 171, 215, 39, 85, 251, 86, 127, 253, 116, 248, 93,
       88, 62, 221, 175, 233, 231, 157, 172, 25, 133, 243, 61, 159, 73,
       80, 254, 51, 189, 91, 23, 32, 250, 255, 184, 239, 255, 255, 191,
       91, 252, 255, 247, 213, 186, 255, 250, 182, 95, 242, 213, 123,
       111, 253, 215, 195, 125, 111, 234, 188, 63, 250, 93, 126, 171,
       215, 45, 20, 255, 82, 125, 245, 119, 122, 223, 124, 63, 217, 28,
       237, 63, 157, 172, 26, 5, 240, 61, 156, 73, 80, 246, 59, 189, 89,
       23, 50, 251, 60, 59, 255, 252, 54, 125, 121, 254, 253, 252, 222,
       181, 125, 254, 251, 238, 251, 212, 67, 107, 245, 178, 229, 55, 77,
       171, 164, 153, 91, 76, 126, 251, 243, 36, 85, 186, 82, 122, 193,
       116, 250, 93, 56, 46, 212, 182, 193, 110, 153, 172, 30, 5, 240,
       29, 157, 73, 16, 242, 59, 189, 88, 86, 34, 250, 252, 59, 247, 245,
       214, 39, 103, 255, 252, 253, 208, 59, 255, 251, 178, 78, 250, 221,
       123, 111, 127, 143, 210, 183, 30, 250, 190, 175, 250, 220, 114,
       171, 211, 39, 118, 251, 86, 125, 117, 124, 92, 68, 184, 63, 201,
       45, 73, 247, 157, 172, 24, 149, 241, 62, 156, 73, 80, 252, 115,
       159, 94, 87, 49, 250, 252, 59, 247, 241, 250, 183, 99, 255, 253,
       253, 214, 55, 255, 254, 187, 78, 242, 221, 123, 102, 127, 189,
       194, 247, 95, 234, 190, 173, 250, 220, 122, 171, 215, 39, 87, 187,
       86, 126, 213, 116, 248, 85, 152, 30, 205, 173, 195, 231, 157, 172,
       24, 133, 243, 61, 157, 73, 80, 252, 115, 189, 88, 86, 32, 250,
       255, 249, 255, 247, 255, 247, 223, 248, 255, 255, 253, 250, 255,
       251, 246, 93, 251, 245, 127, 103, 255, 223, 163, 125, 110, 255,
       187, 63, 255, 91, 118, 191, 215, 101, 30, 219, 82, 125, 253, 246,
       114, 223, 120, 63, 217, 28, 253, 183, 157, 173, 26, 5, 248, 191,
       156, 75, 80, 254, 49, 189, 92, 95, 48, 187, 175, 254, 111, 227,
       189, 124, 173, 216, 252, 127, 234, 119, 239, 127, 202, 245, 227,
       212, 39, 98, 197, 38, 161, 118, 79, 158, 177, 43, 214, 10, 51,
       123, 247, 36, 84, 186, 82, 114, 233, 244, 208, 92, 24, 31, 208,
       22, 245, 79, 153, 173, 24, 5, 240, 29, 157, 73, 16, 242, 51, 189,
       88, 87, 32, 248, 255, 189, 247, 245, 255, 231, 255, 255, 254, 125,
       220, 127, 255, 238, 178, 93, 251, 245, 123, 103, 127, 143, 219,
       125, 190, 255, 254, 191, 250, 93, 118, 175, 199, 47, 23, 255, 214,
       125, 253, 127, 121, 93, 255, 191, 205, 61, 253, 183, 221, 172, 24,
       157, 243, 190, 156, 107, 88, 252, 113, 191, 222, 95, 56, 254, 127,
       52, 253, 190, 255, 175, 27, 125, 247, 110, 213, 56, 253, 170, 180,
       95, 242, 245, 91, 100, 249, 87, 211, 53, 94, 232, 236, 31, 82, 29,
       125, 233, 215, 45, 22, 191, 194, 120, 133, 253, 82, 202, 28, 15,
       209, 28, 229, 79, 157, 164, 24, 5, 224, 60, 158, 73, 24, 246, 59,
       188, 88, 86, 34, 249, 124, 59, 245, 184, 254, 191, 35, 123, 253,
       92, 214, 53, 253, 254, 249, 228, 242, 213, 91, 102, 245, 55, 128,
       119, 79, 232, 172, 141, 122, 220, 120, 233, 247, 37, 85, 187, 82,
       122, 205, 116, 248, 85, 24, 14, 69, 142, 225, 79, 157, 44, 24, 5,
       242, 29, 157, 73, 80, 246, 59, 189, 88, 70, 32, 240, 252, 58, 255,
       179, 254, 255, 187, 253, 252, 255, 214, 63, 255, 254, 251, 238,
       250, 213, 123, 102, 253, 135, 195, 117, 79, 250, 188, 47, 210, 30,
       114, 171, 215, 37, 85, 187, 82, 122, 237, 116, 240, 92, 24, 46,
       213, 28, 229, 111, 157, 172, 24, 5, 240, 29, 156, 73, 16, 246, 51,
       189, 88, 87, 32, 250, 253, 254, 255, 245, 255, 247, 255, 253, 252,
