%YAML:1.0
descriptors: !!opencv-matrix
   rows: 33
   cols: 64
   dt: u
   data: [ 254, 253, 255, 255, 55, 127, 121, 251, 255, 255, 253, 251,
       127, 250, 254, 255, 246, 255, 127, 255, 127, 254, 245, 191, 255,
       239, 231, 251, 255, 255, 254, 251, 250, 108, 182, 255, 223, 127,
       241, 253, 218, 223, 255, 63, 250, 55, 195, 127, 157, 175, 30, 135,
       234, 31, 159, 93, 152, 247, 123, 191, 127, 222, 42, 185, 252, 253,
       255, 255, 255, 127, 253, 255, 253, 253, 254, 255, 127, 254, 255,
       238, 251, 253, 123, 111, 125, 255, 247, 183, 255, 255, 247, 191,
       255, 223, 126, 251, 255, 111, 87, 254, 215, 115, 249, 124, 250,
       93, 255, 62, 221, 183, 247, 110, 157, 173, 223, 13, 250, 31, 157,
       77, 56, 246, 123, 189, 91, 95, 42, 250, 124, 218, 126, 239, 127,
       255, 247, 251, 189, 221, 254, 253, 63, 127, 253, 236, 251, 213,
       127, 111, 245, 115, 165, 119, 125, 255, 189, 63, 127, 219, 127,
       251, 245, 101, 85, 250, 86, 115, 237, 124, 122, 93, 120, 63, 213,
       182, 244, 111, 157, 173, 30, 5, 248, 29, 158, 73, 16, 246, 59,
       189, 88, 95, 34, 250, 251, 253, 254, 222, 55, 255, 93, 27, 255,
       247, 189, 186, 191, 250, 124, 255, 191, 247, 126, 251, 191, 254,
       241, 63, 245, 247, 243, 127, 123, 251, 255, 235, 203, 252, 214,
       254, 202, 125, 242, 251, 242, 223, 237, 125, 183, 254, 245, 47,
       215, 175, 150, 79, 110, 29, 247, 93, 57, 247, 249, 255, 251, 248,
       234, 251, 251, 254, 94, 227, 255, 184, 163, 152, 254, 127, 198,
       127, 175, 91, 232, 93, 126, 247, 189, 59, 237, 119, 155, 124, 167,
       222, 121, 127, 254, 123, 227, 255, 151, 225, 223, 85, 119, 251,
       253, 55, 205, 92, 106, 125, 209, 73, 254, 49, 236, 221, 24, 37,
       253, 231, 207, 235, 118, 220, 182, 175, 214, 223, 60, 190, 255,
       253, 255, 255, 254, 255, 223, 255, 255, 255, 255, 250, 255, 255,
       254, 254, 251, 245, 63, 111, 255, 207, 247, 63, 255, 255, 191, 63,
       223, 27, 126, 251, 215, 45, 93, 255, 82, 125, 253, 126, 114, 92,
       56, 63, 223, 30, 245, 127, 157, 173, 30, 5, 248, 29, 156, 73, 144,
       246, 51, 189, 92, 87, 32, 250, 60, 187, 255, 253, 62, 255, 253,
       247, 253, 252, 222, 245, 95, 252, 187, 238, 189, 253, 251, 107,
       247, 127, 214, 255, 253, 111, 246, 246, 109, 213, 255, 238, 223,
       122, 103, 188, 223, 250, 248, 125, 124, 61, 247, 39, 255, 245,
       247, 111, 191, 238, 175, 219, 242, 29, 152, 93, 55, 247, 127, 255,
       251, 255, 237, 254, 127, 180, 253, 175, 255, 183, 27, 89, 254,
       127, 149, 250, 237, 59, 182, 85, 242, 245, 27, 116, 249, 103, 211,
       124, 76, 232, 236, 63, 122, 25, 113, 111, 215, 45, 20, 191, 82,
       121, 161, 119, 80, 94, 24, 15, 209, 28, 229, 95, 153, 172, 24, 5,
       240, 29, 156, 73, 24, 246, 51, 188, 88, 87, 34, 251, 254, 180,
       255, 167, 255, 183, 155, 249, 254, 127, 215, 127, 253, 78, 179,
       85, 242, 247, 91, 114, 249, 55, 219, 124, 190, 248, 252, 63, 218,
       249, 119, 239, 199, 173, 87, 191, 210, 121, 237, 127, 120, 93, 71,
       14, 213, 28, 217, 29, 157, 172, 24, 5, 240, 189, 156, 113, 80,
       246, 179, 189, 218, 31, 56, 254, 252, 57, 255, 245, 114, 103, 251,
       254, 253, 245, 215, 191, 127, 254, 187, 238, 251, 221, 123, 111,
       127, 175, 230, 183, 79, 251, 190, 191, 123, 206, 118, 187, 247,
       39, 117, 251, 82, 127, 253, 124, 120, 125, 188, 46, 221, 61, 241,
       238, 157, 172, 26, 149, 241, 63, 156, 77, 80, 254, 115, 191, 89,
       87, 33, 250, 254, 180, 255, 167, 255, 183, 155, 249, 254, 127,
       215, 127, 253, 106, 179, 85, 242, 247, 91, 118, 249, 247, 219,
       124, 190, 248, 252, 63, 218, 217, 119, 239, 199, 173, 23, 255,
       210, 121, 237, 127, 120, 93, 86, 14, 209, 29, 217, 21, 157, 172,
       24, 13, 240, 189, 156, 113, 80, 246, 51, 189, 222, 159, 56, 254,
       252, 185, 255, 255, 114, 127, 251, 254, 253, 245, 223, 255, 255,
       254, 251, 238, 251, 213, 123, 111, 127, 175, 231, 55, 79, 255,
       191, 63, 83, 206, 118, 171, 215, 39, 117, 251, 82, 127, 253, 116,
       120, 93, 184, 63, 221, 30, 245, 238, 157, 172, 24, 5, 240, 61,
       156, 73, 80, 254, 51, 189, 88, 87, 32, 250, 254, 188, 255, 167,
       255, 183, 219, 249, 254, 127, 213, 127, 255, 106, 178, 93, 242,
       247, 127, 119, 253, 215, 155, 124, 190, 254, 253, 63, 218, 251,
       119, 239, 199, 173, 150, 255, 218, 121, 237, 119, 88, 93, 127,
       143, 209, 29, 253, 53, 157, 172, 24, 13, 240, 189, 156, 123, 80,
       246, 115, 189, 222, 31, 56, 254, 255, 57, 247, 247, 223, 231, 127,
       254, 230, 229, 249, 187, 239, 207, 150, 95, 251, 213, 59, 103,
       239, 175, 195, 55, 78, 203, 190, 47, 210, 12, 114, 171, 215, 39,
       85, 187, 82, 124, 229, 116, 112, 92, 56, 47, 221, 28, 245, 111,
       153, 172, 24, 5, 240, 61, 156, 73, 80, 246, 51, 189, 88, 87, 32,
       250, 253, 59, 247, 247, 252, 183, 111, 126, 228, 253, 192, 115,
       239, 255, 146, 79, 234, 245, 123, 103, 239, 47, 195, 119, 78, 250,
       190, 47, 82, 12, 112, 235, 215, 39, 84, 187, 82, 120, 245, 116,
       116, 92, 56, 47, 221, 24, 245, 111, 153, 172, 24, 5, 240, 61, 156,
       73, 16, 246, 51, 189, 88, 87, 32, 250, 109, 59, 247, 242, 94, 183,
       35, 122, 228, 92, 194, 55, 255, 255, 177, 69, 226, 245, 107, 102,
       229, 39, 195, 119, 78, 234, 172, 141, 90, 12, 112, 233, 215, 39,
       85, 186, 82, 120, 205, 116, 124, 84, 24, 14, 197, 4, 225, 79, 153,
       172, 24, 5, 240, 29, 156, 73, 16, 242, 51, 189, 88, 87, 32, 250,
       126, 59, 239, 186, 118, 183, 3, 126, 244, 86, 214, 52, 253, 251,
       185, 71, 242, 213, 123, 102, 245, 39, 195, 119, 78, 234, 172, 13,
       82, 28, 112, 233, 215, 44, 85, 187, 82, 120, 197, 116, 120, 92,
       24, 15, 213, 60, 229, 79, 153, 172, 24, 5, 240, 29, 156, 73, 16,
       242, 51, 189, 88, 87, 32, 250, 126, 61, 255, 151, 254, 151, 95,
       127, 254, 111, 215, 62, 255, 238, 178, 94, 242, 213, 123, 102,
       221, 183, 195, 119, 222, 234, 190, 47, 82, 156, 118, 169, 215, 37,
       85, 191, 82, 120, 229, 124, 112, 92, 56, 47, 213, 28, 229, 111,
       157, 172, 24, 5, 240, 29, 156, 73, 80, 246, 51, 189, 88, 87, 32,
       250, 115, 53, 253, 146, 87, 143, 7, 127, 198, 70, 145, 52, 125,
       110, 148, 86, 242, 213, 67, 100, 208, 39, 193, 103, 220, 232, 236,
       13, 82, 152, 113, 105, 199, 44, 85, 190, 82, 120, 193, 124, 112,
       92, 24, 175, 213, 20, 229, 79, 153, 172, 24, 5, 240, 29, 156, 73,
       16, 242, 51, 189, 88, 87, 32, 250, 118, 51, 253, 150, 247, 151,
       27, 126, 198, 102, 145, 52, 253, 234, 150, 86, 242, 213, 27, 102,
       201, 39, 195, 119, 206, 202, 236, 13, 82, 8, 112, 41, 215, 37, 85,
       191, 82, 120, 197, 116, 80, 92, 24, 15, 209, 28, 229, 79, 153,
       172, 24, 5, 240, 29, 156, 73, 16, 242, 51, 189, 88, 87, 32, 250,
       126, 57, 255, 149, 254, 135, 95, 250, 238, 101, 223, 62, 255, 238,
       187, 94, 251, 213, 59, 102, 207, 175, 194, 119, 78, 222, 188, 47,
       210, 24, 118, 43, 215, 37, 85, 191, 82, 120, 229, 116, 112, 92,
       56, 47, 221, 28, 229, 111, 157, 172, 24, 5, 240, 61, 156, 75, 80,
       246, 51, 189, 88, 87, 32, 250, 252, 57, 247, 214, 114, 71, 95,
       255, 230, 229, 215, 55, 127, 254, 178, 222, 251, 213, 123, 103,
       79, 173, 231, 55, 79, 203, 182, 45, 210, 136, 114, 41, 215, 39,
       85, 187, 82, 120, 193, 116, 112, 92, 56, 47, 221, 28, 229, 110,
       153, 172, 24, 5, 240, 29, 156, 73, 16, 242, 51, 189, 88, 87, 32,
       250, 111, 39, 229, 178, 93, 38, 35, 78, 228, 110, 194, 53, 105,
       235, 178, 103, 226, 245, 35, 98, 229, 47, 201, 127, 78, 202, 162,
       15, 82, 12, 49, 111, 87, 38, 85, 186, 82, 120, 97, 116, 112, 68,
       24, 15, 197, 20, 229, 79, 153, 172, 24, 5, 240, 28, 156, 73, 16,
       242, 51, 189, 88, 86, 32, 248, 45, 38, 229, 176, 157, 244, 33,
       125, 244, 127, 210, 117, 233, 127, 146, 101, 235, 212, 3, 98, 253,
       39, 202, 127, 78, 186, 176, 39, 90, 15, 51, 239, 87, 38, 85, 186,
       82, 120, 233, 116, 120, 84, 24, 175, 213, 1, 245, 111, 153, 172,
