%YAML:1.0
descriptors: !!opencv-matrix
   rows: 13
   cols: 64
   dt: u
   data: [ 188, 232, 255, 233, 250, 253, 245, 251, 253, 253, 252, 251,
       223, 127, 255, 236, 251, 253, 255, 107, 245, 84, 190, 253, 255,
       127, 29, 243, 237, 215, 127, 255, 223, 106, 79, 254, 255, 249,
       253, 60, 123, 159, 255, 55, 221, 183, 254, 225, 191, 253, 143,
       255, 248, 31, 142, 93, 126, 212, 255, 237, 219, 223, 110, 254,
       247, 255, 124, 222, 55, 95, 93, 27, 239, 119, 63, 250, 63, 251,
       252, 255, 255, 247, 108, 255, 63, 246, 241, 55, 221, 247, 247,
       123, 115, 186, 222, 105, 210, 44, 215, 254, 202, 120, 251, 255,
       118, 223, 57, 253, 151, 90, 245, 111, 147, 175, 20, 13, 232, 29,
       223, 93, 48, 243, 113, 191, 121, 214, 40, 250, 255, 222, 255, 253,
       255, 255, 223, 255, 191, 255, 253, 219, 223, 252, 127, 255, 253,
       255, 254, 187, 252, 247, 254, 123, 255, 247, 255, 127, 255, 255,
       255, 255, 247, 248, 159, 109, 254, 253, 250, 251, 118, 221, 239,
       125, 247, 150, 245, 127, 255, 255, 159, 143, 254, 253, 254, 127,
       247, 247, 255, 223, 255, 223, 124, 254, 251, 252, 255, 255, 255,
       255, 255, 249, 255, 255, 252, 251, 255, 252, 254, 255, 251, 213,
       127, 111, 126, 223, 174, 61, 111, 255, 191, 63, 255, 91, 126, 191,
       241, 231, 60, 255, 214, 247, 253, 247, 251, 223, 251, 127, 223,
       158, 220, 181, 205, 189, 86, 181, 233, 191, 135, 111, 208, 252,
       105, 223, 223, 30, 50, 189, 248, 254, 255, 239, 254, 255, 255,
       249, 255, 253, 254, 255, 255, 255, 255, 253, 251, 213, 255, 111,
       252, 223, 175, 124, 239, 255, 63, 191, 255, 91, 127, 255, 241,
       231, 125, 255, 246, 247, 253, 247, 219, 223, 251, 62, 221, 142,
       252, 245, 205, 189, 95, 181, 248, 191, 143, 109, 208, 252, 107,
       143, 223, 31, 54, 189, 187, 222, 108, 239, 191, 253, 223, 24, 255,
       255, 189, 250, 175, 123, 124, 221, 189, 247, 126, 251, 245, 118,
       147, 125, 245, 247, 245, 127, 127, 127, 247, 243, 223, 252, 223,
       190, 250, 121, 248, 123, 124, 221, 123, 189, 245, 241, 245, 127,
       187, 191, 152, 15, 248, 189, 222, 93, 56, 247, 247, 191, 250, 219,
       44, 250, 252, 250, 255, 249, 254, 255, 243, 253, 253, 255, 254,
       255, 223, 252, 251, 237, 251, 253, 255, 110, 253, 223, 190, 189,
       255, 255, 63, 175, 253, 223, 127, 255, 255, 239, 223, 255, 86,
       247, 253, 126, 251, 95, 250, 62, 93, 175, 91, 177, 189, 61, 222,
       189, 219, 255, 143, 255, 212, 252, 233, 191, 223, 223, 59, 253,
       60, 189, 255, 252, 62, 255, 249, 127, 253, 252, 222, 245, 95, 252,
       255, 238, 187, 253, 251, 107, 245, 127, 254, 255, 253, 111, 134,
       214, 109, 215, 127, 239, 207, 122, 231, 188, 255, 251, 249, 125,
       121, 189, 247, 38, 255, 183, 247, 107, 191, 254, 175, 207, 242,
       29, 156, 92, 118, 246, 255, 255, 251, 191, 239, 254, 252, 234,
       239, 237, 254, 255, 255, 245, 253, 253, 254, 255, 223, 126, 254,
       236, 185, 253, 255, 251, 253, 127, 255, 252, 251, 127, 29, 182,
       237, 215, 127, 255, 207, 249, 111, 117, 255, 251, 253, 63, 123,
       189, 243, 63, 253, 183, 255, 113, 191, 223, 207, 239, 223, 239,
       155, 213, 118, 223, 255, 237, 247, 223, 108, 254, 123, 182, 125,
       247, 255, 189, 219, 121, 254, 127, 212, 251, 237, 123, 180, 85,
       246, 247, 127, 115, 253, 103, 219, 125, 252, 250, 249, 63, 126,
       89, 245, 239, 215, 237, 84, 191, 218, 121, 249, 119, 120, 94, 122,
       175, 209, 21, 253, 127, 153, 172, 24, 5, 240, 157, 156, 73, 16,
       246, 51, 189, 218, 87, 40, 255, 38, 50, 65, 163, 221, 176, 163,
       89, 236, 57, 130, 101, 225, 87, 137, 17, 226, 229, 3, 82, 197, 39,
       91, 127, 68, 154, 32, 175, 86, 8, 33, 198, 87, 164, 87, 186, 113,
       56, 233, 118, 108, 84, 26, 142, 197, 65, 241, 111, 152, 172, 24,
       1, 240, 29, 156, 73, 16, 242, 51, 189, 88, 87, 32, 122, 63, 182,
       125, 230, 127, 191, 191, 57, 253, 253, 214, 241, 253, 127, 60, 85,
       253, 255, 107, 251, 245, 119, 219, 255, 253, 126, 229, 255, 126,
       215, 245, 239, 223, 108, 199, 190, 255, 120, 249, 125, 124, 93,
       122, 175, 213, 113, 247, 111, 185, 172, 152, 13, 240, 29, 156, 89,
       54, 242, 55, 189, 250, 223, 44, 250, 63, 54, 125, 170, 63, 189,
       191, 121, 245, 126, 214, 52, 253, 63, 185, 85, 222, 254, 195, 240,
       241, 114, 83, 244, 213, 184, 228, 223, 126, 212, 245, 235, 223,
       76, 215, 174, 255, 120, 169, 121, 124, 93, 122, 173, 212, 229,
       247, 111, 186, 174, 152, 13, 242, 29, 220, 89, 62, 242, 55, 189,
       250, 219, 108, 250 ]
