%YAML:1.0
descriptors: !!opencv-matrix
   rows: 39
   cols: 64
   dt: u
   data: [ 252, 249, 255, 255, 62, 119, 253, 255, 223, 253, 253, 255,
       255, 254, 183, 254, 255, 223, 115, 99, 247, 175, 231, 247, 205,
       239, 247, 255, 83, 223, 247, 235, 215, 36, 85, 254, 87, 120, 233,
       116, 122, 94, 185, 47, 213, 53, 247, 111, 153, 172, 24, 5, 240,
       29, 156, 73, 16, 242, 51, 189, 88, 87, 34, 250, 252, 253, 255,
       255, 62, 127, 253, 255, 255, 253, 252, 255, 127, 254, 255, 254,
       255, 223, 243, 107, 245, 191, 247, 247, 253, 239, 245, 255, 123,
       223, 247, 239, 255, 44, 87, 254, 215, 121, 233, 124, 122, 95, 122,
       47, 213, 55, 247, 111, 185, 172, 154, 13, 240, 29, 156, 73, 16,
       242, 51, 189, 90, 87, 34, 251, 255, 251, 255, 255, 255, 125, 223,
       248, 254, 253, 255, 251, 239, 251, 254, 253, 255, 215, 63, 103,
       109, 175, 167, 118, 207, 223, 247, 123, 223, 31, 243, 187, 243,
       44, 85, 254, 82, 123, 233, 244, 242, 92, 56, 63, 213, 22, 245,
       111, 153, 173, 24, 5, 240, 31, 157, 73, 16, 242, 51, 189, 88, 87,
       32, 250, 60, 186, 255, 237, 62, 253, 241, 255, 253, 252, 222, 253,
       127, 62, 251, 236, 251, 220, 251, 107, 245, 93, 239, 253, 255,
       233, 164, 183, 127, 223, 127, 239, 245, 100, 119, 190, 247, 251,
       249, 124, 249, 93, 247, 54, 221, 167, 255, 111, 189, 172, 223,
       141, 242, 29, 159, 93, 52, 246, 63, 253, 219, 15, 36, 254, 173,
       254, 111, 105, 254, 253, 179, 248, 253, 253, 214, 127, 239, 125,
       249, 205, 138, 253, 255, 106, 253, 87, 26, 252, 111, 126, 29, 183,
       252, 87, 119, 223, 223, 201, 223, 117, 255, 187, 253, 63, 253, 61,
       123, 183, 245, 225, 254, 49, 174, 221, 141, 47, 221, 231, 203,
       125, 126, 220, 247, 175, 242, 223, 124, 222, 255, 253, 127, 255,
       255, 127, 223, 249, 255, 95, 253, 250, 191, 127, 246, 253, 247,
       247, 127, 127, 127, 250, 181, 126, 255, 255, 243, 123, 255, 91,
       254, 187, 242, 108, 30, 255, 210, 117, 249, 245, 82, 222, 56, 63,
       209, 30, 245, 28, 141, 173, 22, 5, 248, 31, 159, 77, 144, 246,
       113, 159, 92, 86, 34, 185, 60, 184, 255, 239, 63, 125, 249, 255,
       253, 252, 222, 253, 127, 190, 251, 254, 251, 220, 243, 107, 245,
       19, 239, 191, 255, 169, 228, 155, 127, 221, 127, 255, 253, 36, 85,
       254, 87, 115, 233, 124, 218, 93, 123, 62, 212, 183, 211, 111, 153,
       172, 30, 5, 240, 29, 157, 73, 16, 242, 59, 188, 219, 31, 34, 255,
       187, 245, 125, 254, 63, 189, 95, 24, 255, 127, 189, 250, 191, 122,
       244, 93, 246, 247, 54, 243, 247, 118, 241, 118, 245, 183, 227,
       127, 127, 121, 253, 235, 215, 108, 150, 190, 218, 121, 251, 253,
       114, 223, 127, 109, 208, 86, 245, 79, 157, 174, 24, 13, 250, 29,
       223, 93, 56, 242, 115, 191, 251, 223, 174, 251, 188, 255, 255,
       253, 54, 125, 253, 255, 253, 223, 249, 255, 127, 255, 255, 254,
       251, 212, 127, 107, 125, 218, 247, 62, 191, 255, 247, 187, 255,
       223, 118, 191, 224, 109, 255, 255, 214, 119, 249, 245, 127, 221,
       247, 190, 222, 183, 253, 124, 142, 189, 222, 137, 234, 191, 150,
       93, 200, 244, 105, 223, 223, 207, 42, 182, 191, 253, 119, 254, 54,
       109, 253, 251, 247, 220, 248, 241, 127, 238, 252, 254, 251, 244,
       103, 107, 117, 218, 181, 62, 191, 191, 247, 153, 255, 219, 126,
       253, 96, 108, 62, 254, 214, 118, 217, 253, 223, 207, 247, 191,
       206, 55, 252, 236, 140, 181, 215, 141, 234, 158, 135, 85, 168,
       176, 107, 250, 223, 206, 46, 181, 79, 34, 224, 32, 89, 170, 34,
       66, 32, 32, 194, 52, 240, 119, 169, 81, 224, 41, 27, 212, 225, 37,
       65, 83, 70, 72, 200, 205, 66, 12, 161, 192, 151, 45, 71, 171, 123,
       58, 141, 84, 200, 20, 24, 8, 213, 93, 167, 79, 153, 44, 8, 5, 241,
       93, 216, 73, 18, 250, 19, 181, 24, 83, 48, 72, 252, 253, 255, 255,
       254, 255, 255, 255, 253, 253, 126, 191, 255, 254, 255, 238, 251,
       221, 123, 111, 255, 159, 254, 63, 127, 255, 191, 191, 219, 219,
       126, 191, 247, 39, 117, 255, 215, 127, 255, 126, 122, 125, 253,
       127, 223, 63, 255, 183, 221, 172, 94, 245, 241, 255, 156, 203, 81,
       252, 123, 191, 223, 117, 147, 254, 124, 50, 125, 155, 250, 147,
       62, 65, 106, 227, 129, 58, 252, 98, 177, 83, 242, 147, 27, 102,
       201, 117, 75, 253, 196, 66, 232, 191, 66, 141, 245, 103, 215, 133,
       87, 191, 82, 249, 229, 118, 112, 74, 108, 15, 245, 28, 203, 23,
       157, 236, 24, 39, 246, 61, 156, 235, 80, 255, 179, 189, 216, 83,
       112, 254, 124, 54, 245, 245, 254, 191, 63, 121, 253, 127, 218, 61,
       253, 175, 180, 119, 242, 213, 91, 108, 249, 95, 147, 61, 158, 232,
       174, 189, 126, 221, 124, 173, 64, 109, 191, 191, 214, 125, 21,
       245, 92, 197, 215, 159, 207, 173, 236, 87, 142, 181, 223, 136,
       234, 188, 158, 93, 232, 190, 123, 218, 223, 142, 60, 180, 252, 63,
       247, 245, 246, 183, 99, 255, 252, 253, 208, 187, 255, 251, 147,
       78, 250, 221, 123, 111, 127, 205, 210, 183, 30, 234, 190, 189,
       250, 220, 118, 171, 215, 39, 87, 187, 214, 124, 245, 116, 124, 93,
       187, 159, 217, 173, 225, 239, 159, 172, 153, 153, 243, 61, 156,
       93, 72, 254, 115, 159, 90, 86, 57, 251, 252, 63, 247, 245, 254,
       183, 123, 255, 252, 253, 212, 191, 255, 251, 147, 78, 250, 221,
       123, 111, 127, 239, 210, 191, 95, 234, 190, 191, 250, 221, 118,
       175, 215, 39, 87, 255, 214, 125, 245, 124, 124, 92, 187, 190, 221,
       173, 233, 247, 157, 172, 24, 153, 241, 191, 156, 77, 88, 254, 115,
       159, 94, 87, 41, 250, 255, 253, 255, 255, 55, 255, 255, 255, 127,
       255, 255, 255, 255, 254, 255, 254, 255, 215, 124, 111, 191, 253,
       231, 115, 253, 255, 243, 127, 127, 127, 254, 251, 247, 117, 245,
       251, 214, 127, 251, 253, 114, 223, 251, 127, 255, 158, 245, 111,
       159, 191, 191, 143, 248, 189, 191, 93, 112, 247, 123, 255, 219,
       223, 47, 254, 254, 248, 255, 167, 255, 247, 159, 248, 254, 255,
       219, 126, 255, 238, 243, 124, 251, 213, 63, 103, 237, 7, 131, 125,
       78, 222, 253, 47, 210, 27, 119, 255, 215, 37, 85, 191, 82, 121,
       237, 118, 112, 92, 120, 46, 213, 28, 253, 63, 157, 172, 24, 5,
       240, 61, 156, 73, 80, 246, 51, 189, 88, 87, 48, 250, 252, 63, 255,
       245, 254, 247, 251, 255, 253, 255, 210, 191, 255, 251, 179, 78,
       250, 213, 123, 111, 255, 255, 214, 255, 223, 251, 190, 191, 250,
       221, 118, 175, 215, 39, 119, 255, 214, 125, 253, 125, 124, 92,
       251, 191, 223, 61, 249, 183, 157, 172, 24, 153, 243, 191, 156, 93,
       88, 254, 115, 191, 223, 87, 57, 254, 254, 56, 255, 183, 255, 183,
       159, 248, 254, 255, 223, 126, 255, 254, 179, 92, 251, 213, 123,
       102, 237, 55, 131, 125, 206, 222, 253, 63, 210, 155, 119, 191,
       215, 37, 85, 191, 82, 121, 237, 118, 112, 92, 120, 46, 213, 28,
       253, 63, 157, 172, 24, 5, 240, 61, 156, 73, 80, 246, 51, 189, 88,
       87, 32, 250, 127, 48, 253, 183, 255, 183, 159, 88, 254, 239, 213,
       126, 253, 110, 179, 87, 250, 245, 59, 103, 233, 39, 195, 117, 204,
       218, 252, 47, 82, 29, 117, 107, 215, 37, 85, 191, 82, 120, 233,
       116, 112, 92, 56, 47, 213, 28, 245, 111, 157, 172, 24, 5, 240, 29,
       156, 73, 16, 242, 51, 189, 88, 87, 32, 250, 255, 188, 255, 247,
       254, 183, 223, 248, 254, 127, 221, 127, 255, 255, 178, 92, 251,
       213, 123, 102, 253, 87, 195, 125, 206, 254, 253, 63, 250, 95, 119,
       175, 215, 45, 85, 191, 82, 121, 253, 118, 120, 92, 121, 47, 213,
       60, 253, 63, 157, 172, 24, 5, 240, 61, 156, 73, 88, 246, 51, 189,
       88, 87, 32, 250, 254, 252, 255, 247, 254, 231, 255, 249, 254, 125,
       213, 251, 255, 254, 246, 92, 251, 213, 127, 103, 255, 159, 155,
       125, 190, 255, 255, 191, 222, 223, 119, 191, 199, 111, 93, 223,
       214, 125, 253, 127, 121, 93, 253, 63, 221, 60, 253, 183, 157, 172,
       24, 173, 249, 191, 156, 107, 80, 254, 113, 191, 222, 95, 48, 254,
       127, 56, 239, 189, 255, 183, 59, 124, 252, 255, 215, 58, 253, 251,
       187, 95, 242, 213, 123, 102, 237, 39, 194, 117, 78, 234, 188, 47,
