%YAML:1.0
descriptors: !!opencv-matrix
   rows: 20
   cols: 64
   dt: u
   data: [ 62, 249, 253, 222, 63, 253, 221, 127, 247, 254, 245, 249, 125,
       122, 189, 94, 255, 246, 98, 251, 247, 126, 211, 247, 253, 191,
       231, 123, 123, 253, 245, 235, 223, 44, 87, 190, 222, 120, 249,
       125, 120, 95, 255, 47, 212, 52, 245, 111, 155, 174, 152, 15, 240,
       29, 156, 89, 48, 243, 115, 191, 123, 215, 40, 250, 56, 185, 255,
       247, 62, 245, 249, 255, 223, 252, 222, 245, 255, 254, 251, 254,
       242, 214, 227, 107, 247, 63, 199, 255, 253, 170, 230, 159, 126,
       219, 255, 255, 255, 38, 117, 190, 214, 122, 249, 253, 216, 93,
       247, 46, 248, 55, 209, 111, 185, 172, 153, 205, 240, 29, 157, 77,
       20, 242, 115, 255, 91, 31, 35, 254, 124, 249, 255, 255, 62, 127,
       249, 255, 255, 252, 254, 253, 127, 254, 249, 254, 247, 215, 251,
       107, 245, 127, 197, 247, 255, 238, 230, 223, 127, 223, 254, 255,
       255, 103, 119, 254, 215, 123, 249, 125, 251, 93, 255, 46, 253,
       183, 243, 111, 189, 172, 159, 205, 248, 29, 157, 77, 60, 246, 123,
       191, 123, 95, 35, 251, 252, 249, 255, 253, 118, 103, 249, 255,
       247, 220, 253, 253, 127, 254, 179, 126, 255, 223, 99, 103, 247,
       47, 229, 247, 223, 255, 247, 239, 83, 222, 246, 251, 223, 46, 87,
       190, 82, 120, 249, 116, 120, 93, 56, 47, 213, 53, 247, 111, 153,
       172, 24, 5, 240, 29, 156, 73, 16, 242, 51, 189, 88, 87, 32, 250,
       254, 253, 255, 254, 119, 127, 127, 127, 247, 85, 253, 249, 127,
       254, 244, 255, 243, 213, 127, 111, 119, 175, 229, 55, 239, 239,
       231, 29, 115, 88, 124, 169, 242, 39, 52, 255, 210, 119, 209, 245,
       218, 223, 185, 47, 217, 30, 229, 78, 141, 165, 94, 5, 248, 61,
       159, 73, 80, 246, 123, 191, 88, 86, 34, 249, 124, 63, 125, 252,
       54, 63, 243, 127, 245, 252, 222, 53, 125, 126, 249, 230, 242, 221,
       75, 110, 245, 59, 212, 183, 93, 170, 164, 141, 122, 220, 125, 251,
       242, 38, 85, 186, 87, 122, 193, 116, 248, 93, 24, 46, 212, 167,
       195, 110, 153, 173, 28, 5, 242, 29, 157, 73, 16, 242, 59, 189, 90,
       86, 34, 248, 125, 55, 125, 252, 54, 55, 127, 127, 245, 254, 222,
       181, 125, 127, 185, 198, 242, 221, 75, 110, 245, 121, 212, 183,
       93, 234, 166, 157, 122, 220, 125, 251, 242, 36, 85, 186, 215, 122,
       209, 124, 248, 95, 24, 46, 212, 135, 195, 110, 153, 173, 28, 13,
       240, 29, 159, 77, 16, 242, 123, 157, 90, 22, 42, 250, 252, 249,
       255, 253, 242, 127, 255, 255, 253, 253, 253, 255, 95, 254, 255,
       238, 251, 221, 127, 111, 63, 221, 230, 191, 127, 239, 191, 191,
       255, 199, 126, 191, 243, 39, 117, 251, 87, 119, 253, 252, 250,
       127, 249, 126, 255, 191, 95, 182, 221, 173, 126, 245, 217, 255,
       149, 77, 208, 252, 105, 255, 93, 94, 179, 255, 253, 253, 255, 253,
       255, 127, 251, 254, 253, 253, 255, 255, 255, 255, 251, 255, 251,
       213, 127, 111, 63, 143, 238, 61, 111, 255, 191, 63, 223, 31, 118,
       191, 243, 39, 125, 251, 82, 119, 253, 246, 243, 92, 248, 62, 223,
       30, 253, 181, 205, 173, 94, 181, 217, 255, 148, 111, 208, 252,
       113, 63, 93, 85, 48, 190, 124, 117, 125, 222, 54, 79, 85, 127,
       231, 100, 189, 176, 125, 190, 252, 238, 255, 246, 70, 121, 159,
       250, 241, 167, 217, 119, 197, 88, 97, 158, 221, 233, 136, 44, 35,
       190, 202, 80, 211, 255, 50, 155, 189, 167, 180, 54, 229, 110, 129,
       166, 199, 14, 58, 29, 147, 93, 56, 242, 123, 249, 121, 214, 46,
       218, 196, 41, 243, 245, 112, 70, 125, 207, 196, 229, 129, 251,
       195, 194, 150, 74, 235, 213, 63, 111, 15, 173, 230, 51, 15, 219,
       182, 47, 83, 8, 50, 45, 87, 39, 52, 251, 2, 125, 247, 84, 80, 106,
       184, 127, 235, 28, 77, 190, 221, 164, 122, 213, 97, 62, 180, 74,
       208, 248, 49, 191, 92, 85, 49, 251, 191, 254, 125, 239, 255, 188,
       223, 153, 255, 127, 189, 251, 175, 123, 244, 253, 242, 247, 30,
       57, 237, 106, 187, 124, 238, 223, 123, 59, 255, 123, 127, 127,
       247, 237, 158, 223, 242, 243, 189, 247, 215, 222, 74, 31, 209,
       142, 252, 21, 140, 181, 22, 37, 236, 183, 143, 111, 16, 244, 176,
       30, 222, 95, 54, 189, 191, 244, 125, 239, 191, 189, 223, 24, 255,
       255, 253, 251, 191, 123, 244, 125, 242, 247, 126, 59, 245, 127,
       251, 127, 237, 239, 227, 63, 127, 121, 253, 239, 151, 236, 158,
       254, 254, 121, 251, 247, 211, 223, 239, 125, 209, 22, 245, 127,
       189, 191, 158, 13, 252, 181, 159, 125, 56, 246, 254, 159, 251,
       223, 46, 255, 63, 255, 253, 255, 62, 253, 253, 121, 255, 255, 215,
       253, 255, 127, 252, 221, 255, 255, 103, 251, 247, 126, 211, 255,
       253, 255, 247, 255, 126, 255, 255, 239, 215, 252, 223, 190, 255,
       121, 249, 127, 124, 93, 251, 111, 245, 53, 247, 111, 187, 190,
       152, 79, 242, 29, 156, 93, 60, 243, 115, 191, 251, 223, 44, 254,
       191, 254, 125, 239, 255, 253, 255, 184, 255, 255, 252, 251, 175,
       123, 254, 253, 247, 255, 127, 251, 253, 119, 155, 124, 237, 255,
       253, 255, 255, 123, 255, 255, 223, 237, 223, 255, 255, 249, 249,
       247, 127, 223, 123, 191, 213, 243, 254, 117, 189, 255, 156, 13,
       252, 181, 159, 125, 112, 246, 247, 191, 250, 223, 46, 255, 59,
       222, 110, 171, 183, 125, 157, 141, 255, 254, 191, 174, 61, 191,
       127, 255, 221, 182, 98, 248, 57, 210, 149, 60, 245, 245, 253, 121,
       255, 251, 255, 179, 168, 252, 207, 230, 251, 87, 168, 123, 62, 93,
       119, 189, 22, 243, 246, 60, 251, 219, 214, 11, 158, 135, 228, 117,
       186, 225, 173, 124, 255, 203, 110, 146, 125, 253, 255, 223, 255,
       255, 255, 254, 255, 254, 223, 191, 253, 255, 255, 239, 255, 255,
       251, 254, 255, 255, 223, 255, 251, 125, 255, 252, 253, 223, 255,
       255, 223, 127, 255, 255, 223, 255, 255, 127, 187, 253, 251, 63,
       127, 255, 255, 255, 191, 255, 255, 255, 189, 255, 223, 223, 255,
       239, 255, 255, 255, 239, 239, 246, 235, 223, 159, 91, 103, 127,
       223, 159, 191, 255, 45, 202, 31, 255, 127, 191, 221, 255, 124,
       255, 30, 247, 116, 191, 243, 247, 255, 126, 253, 115, 254, 114,
       250, 94, 219, 101, 219, 93, 254, 227, 126, 253, 122, 253, 183,
       254, 245, 254, 255, 155, 54, 95, 255, 237, 246, 223, 145, 255,
       121, 63, 119, 248, 221, 186, 253, 255, 255, 253, 248, 254, 247,
       250, 249, 253, 236, 255, 207, 255, 221, 188, 255, 239, 255, 107,
       255, 109, 190, 251, 255, 255, 247, 255, 237, 135, 235, 255, 223,
       243, 117, 254, 247, 185, 255, 126, 127, 190, 187, 247, 253, 179,
       255, 239, 169, 237, 239, 251, 252, 95, 158, 77, 127, 254, 255,
       175, 218, 247, 167, 255, 191, 255, 255, 255, 55, 125, 221, 219,
       255, 223, 255, 250, 255, 255, 255, 255, 255, 246, 126, 255, 63,
       254, 245, 127, 253, 255, 247, 123, 127, 127, 254, 187, 242, 108,
       255, 255, 218, 127, 251, 253, 246, 95, 251, 253, 215, 150, 245,
       126, 223, 191, 22, 13, 248, 157, 191, 93, 144, 246, 121, 255, 127,
       223, 42, 186 ]
