%YAML:1.0
descriptors: !!opencv-matrix
   rows: 18
   cols: 64
   dt: u
   data: [ 255, 222, 239, 237, 255, 255, 255, 255, 189, 255, 255, 219,
       223, 184, 126, 239, 189, 253, 255, 255, 252, 223, 254, 249, 127,
       255, 191, 246, 253, 247, 127, 255, 223, 249, 255, 121, 255, 255,
       252, 191, 251, 255, 251, 63, 255, 191, 255, 249, 255, 219, 255,
       191, 223, 255, 191, 254, 247, 223, 255, 255, 247, 223, 30, 255,
       239, 253, 254, 127, 255, 251, 255, 222, 255, 187, 173, 235, 254,
       251, 239, 255, 255, 187, 255, 223, 255, 255, 127, 255, 247, 127,
       251, 255, 255, 255, 239, 247, 255, 255, 239, 255, 251, 189, 255,
       127, 251, 255, 122, 255, 255, 251, 255, 255, 253, 255, 254, 127,
       253, 255, 251, 255, 191, 255, 255, 191, 191, 251, 255, 219, 56,
       249, 255, 223, 62, 127, 249, 255, 255, 252, 254, 253, 127, 254,
       255, 238, 255, 214, 243, 107, 245, 127, 231, 247, 249, 127, 245,
       186, 123, 223, 255, 235, 223, 44, 87, 254, 223, 123, 249, 124,
       122, 221, 251, 47, 213, 55, 247, 111, 185, 172, 155, 13, 240, 29,
       156, 73, 52, 242, 123, 189, 91, 87, 34, 250, 191, 253, 127, 239,
       255, 125, 221, 250, 255, 223, 253, 251, 191, 251, 244, 253, 251,
       246, 127, 123, 127, 222, 181, 60, 239, 255, 247, 123, 255, 91,
       254, 191, 240, 109, 28, 223, 210, 119, 249, 245, 211, 223, 121,
       63, 218, 150, 220, 60, 141, 189, 86, 5, 248, 159, 151, 77, 144,
       246, 57, 159, 93, 95, 34, 185, 254, 233, 255, 255, 114, 111, 255,
       231, 253, 229, 93, 223, 223, 254, 190, 126, 187, 219, 121, 111,
       55, 253, 210, 119, 255, 223, 150, 191, 107, 243, 126, 239, 151,
       119, 103, 219, 211, 93, 254, 127, 127, 253, 253, 115, 255, 29,
       247, 239, 221, 174, 169, 223, 243, 127, 188, 222, 121, 255, 113,
       251, 123, 125, 155, 250, 255, 252, 127, 239, 255, 255, 223, 249,
       255, 127, 253, 251, 239, 127, 244, 253, 243, 247, 63, 125, 253,
       203, 181, 124, 255, 239, 235, 63, 255, 91, 127, 255, 241, 101, 28,
       223, 210, 117, 189, 247, 83, 222, 123, 191, 217, 30, 220, 29, 141,
       181, 86, 13, 232, 191, 159, 77, 216, 246, 121, 158, 222, 94, 42,
       189, 255, 252, 125, 239, 255, 255, 95, 121, 255, 127, 253, 249,
       255, 127, 244, 253, 243, 245, 127, 109, 253, 83, 183, 61, 127,
       239, 237, 63, 127, 91, 125, 255, 241, 109, 28, 255, 210, 119, 181,
       247, 82, 223, 122, 63, 209, 158, 252, 31, 141, 173, 86, 13, 232,
       189, 151, 77, 216, 246, 59, 156, 219, 94, 42, 185, 255, 221, 254,
       255, 55, 255, 221, 191, 63, 255, 127, 254, 191, 254, 127, 255,
       253, 215, 60, 255, 175, 253, 231, 59, 239, 223, 243, 127, 127,
       123, 254, 251, 247, 244, 253, 251, 255, 127, 250, 119, 242, 223,
       251, 125, 255, 158, 245, 127, 223, 191, 31, 135, 248, 189, 191,
       125, 209, 247, 123, 255, 93, 255, 190, 254, 124, 59, 255, 253,
       246, 191, 123, 255, 253, 253, 214, 191, 255, 254, 187, 206, 242,
       213, 123, 110, 127, 159, 194, 55, 79, 234, 190, 189, 218, 92, 126,
       171, 243, 39, 85, 251, 82, 127, 213, 116, 250, 95, 152, 30, 221,
       175, 193, 239, 157, 172, 24, 133, 241, 61, 157, 73, 80, 254, 59,
       189, 88, 22, 34, 251, 255, 188, 255, 181, 254, 255, 155, 249, 254,
       239, 211, 126, 239, 235, 251, 253, 251, 213, 63, 103, 253, 135,
       214, 125, 95, 255, 191, 47, 210, 31, 115, 123, 215, 37, 85, 187,
       82, 125, 237, 118, 112, 92, 56, 175, 213, 28, 245, 63, 153, 172,
       24, 5, 240, 29, 156, 73, 16, 246, 51, 189, 88, 87, 32, 250, 253,
       250, 247, 241, 254, 247, 231, 250, 252, 255, 248, 251, 255, 250,
       179, 109, 235, 213, 127, 103, 253, 143, 239, 127, 79, 255, 191,
       47, 211, 15, 50, 255, 247, 39, 85, 187, 82, 125, 237, 116, 112,
       92, 56, 47, 221, 28, 253, 247, 157, 172, 24, 5, 240, 61, 156, 73,
       16, 246, 51, 189, 88, 87, 32, 250, 239, 32, 227, 177, 222, 230,
       35, 236, 196, 101, 208, 53, 203, 203, 146, 102, 226, 213, 51, 102,
       201, 165, 238, 49, 78, 202, 172, 47, 210, 12, 49, 107, 243, 37,
       84, 187, 82, 112, 101, 244, 80, 84, 24, 14, 209, 28, 193, 79, 153,
       172, 24, 5, 240, 28, 156, 73, 16, 242, 51, 189, 88, 86, 32, 248,
       191, 246, 109, 239, 191, 189, 223, 25, 255, 127, 253, 250, 173,
       123, 244, 93, 242, 247, 38, 243, 245, 118, 211, 126, 229, 254,
       243, 63, 126, 123, 245, 239, 215, 236, 222, 190, 250, 121, 249,
       247, 126, 222, 123, 173, 209, 81, 245, 127, 153, 190, 24, 13, 240,
       157, 158, 93, 24, 242, 243, 191, 250, 215, 46, 251, 124, 35, 241,
       148, 58, 135, 59, 123, 198, 228, 193, 52, 241, 78, 176, 70, 242,
       213, 67, 67, 197, 39, 194, 87, 76, 202, 164, 15, 82, 140, 49, 235,
       199, 36, 85, 186, 82, 120, 233, 116, 112, 92, 48, 47, 213, 20,
       165, 111, 153, 172, 24, 5, 240, 29, 156, 65, 16, 242, 51, 189, 88,
       87, 32, 250, 60, 49, 253, 244, 50, 39, 121, 126, 214, 228, 215,
       52, 125, 250, 177, 86, 250, 212, 67, 99, 247, 45, 193, 247, 140,
       186, 164, 157, 82, 12, 117, 233, 215, 36, 85, 186, 82, 120, 193,
       84, 112, 92, 57, 46, 213, 20, 225, 111, 153, 172, 24, 5, 240, 29,
       156, 73, 16, 242, 51, 189, 88, 23, 32, 250, 124, 59, 255, 253, 54,
       255, 127, 127, 221, 254, 223, 181, 125, 254, 187, 246, 251, 221,
       123, 111, 253, 189, 214, 183, 221, 239, 246, 189, 90, 222, 127,
       235, 199, 44, 87, 190, 222, 122, 233, 117, 120, 93, 177, 47, 213,
       181, 231, 111, 159, 172, 153, 13, 242, 29, 156, 89, 16, 242, 115,
       189, 91, 87, 40, 250, 60, 49, 253, 190, 54, 111, 125, 127, 215,
       68, 213, 181, 125, 254, 180, 86, 255, 214, 67, 99, 247, 58, 193,
       183, 221, 170, 228, 217, 82, 220, 244, 233, 222, 44, 5, 190, 219,
       120, 193, 124, 120, 221, 53, 47, 212, 53, 231, 110, 153, 172, 153,
       5, 240, 29, 156, 73, 16, 242, 51, 185, 88, 86, 32, 250, 60, 49,
       253, 190, 55, 125, 121, 127, 246, 220, 214, 181, 125, 126, 185,
       86, 254, 214, 67, 99, 245, 50, 193, 247, 221, 170, 228, 217, 122,
       216, 245, 233, 223, 44, 87, 190, 215, 120, 201, 124, 120, 93, 59,
       47, 212, 53, 245, 110, 153, 172, 153, 5, 240, 29, 156, 73, 16,
       242, 51, 189, 90, 87, 32, 250 ]
