%YAML:1.0
descriptors: !!opencv-matrix
   rows: 24
   cols: 64
   dt: u
   data: [ 63, 247, 254, 239, 255, 247, 255, 183, 117, 222, 125, 187,
       189, 127, 191, 125, 159, 251, 249, 254, 241, 117, 215, 251, 250,
       125, 251, 245, 255, 247, 255, 243, 223, 208, 159, 225, 255, 221,
       120, 57, 63, 233, 255, 253, 119, 149, 247, 127, 127, 255, 191,
       255, 191, 224, 250, 253, 255, 207, 255, 207, 247, 235, 253, 246,
       250, 222, 255, 255, 255, 255, 255, 249, 191, 253, 126, 223, 159,
       125, 255, 253, 247, 213, 125, 99, 252, 47, 206, 127, 79, 223, 181,
       47, 223, 91, 115, 255, 247, 36, 85, 186, 82, 123, 233, 244, 114,
       92, 56, 47, 213, 22, 245, 111, 153, 172, 24, 5, 240, 29, 156, 73,
       16, 242, 51, 189, 88, 87, 32, 250, 187, 212, 108, 255, 191, 189,
       223, 24, 191, 255, 245, 251, 189, 123, 54, 93, 244, 247, 119, 251,
       244, 119, 210, 126, 109, 251, 243, 127, 127, 121, 117, 239, 215,
       108, 150, 190, 218, 121, 249, 253, 122, 223, 123, 47, 209, 17,
       245, 111, 153, 174, 24, 5, 240, 29, 159, 77, 56, 246, 51, 191,
       218, 215, 38, 251, 59, 150, 108, 190, 63, 189, 31, 25, 183, 127,
       177, 250, 173, 123, 52, 85, 244, 247, 66, 243, 244, 118, 211, 126,
       84, 170, 229, 127, 122, 121, 245, 235, 215, 60, 214, 190, 218,
       120, 248, 117, 126, 94, 123, 175, 212, 81, 245, 79, 152, 174, 24,
       13, 240, 29, 156, 89, 24, 243, 51, 189, 250, 215, 40, 251, 60,
       191, 253, 212, 58, 63, 249, 127, 213, 252, 214, 213, 93, 124, 187,
       70, 242, 221, 195, 99, 244, 63, 208, 247, 217, 42, 164, 158, 120,
       213, 125, 235, 207, 36, 69, 190, 214, 122, 249, 124, 248, 93, 251,
       175, 212, 54, 245, 111, 185, 172, 153, 13, 240, 29, 157, 73, 20,
       242, 115, 189, 90, 87, 40, 250, 124, 251, 255, 253, 254, 191, 251,
       251, 253, 253, 214, 191, 255, 249, 255, 254, 242, 221, 123, 107,
       254, 253, 194, 255, 223, 250, 182, 191, 126, 219, 127, 255, 247,
       103, 85, 190, 214, 123, 249, 125, 254, 95, 251, 62, 209, 167, 193,
       111, 157, 173, 157, 5, 242, 29, 159, 77, 88, 246, 115, 191, 91,
       95, 34, 255, 61, 191, 255, 253, 62, 55, 249, 251, 245, 252, 244,
       243, 239, 121, 179, 79, 250, 253, 251, 107, 245, 111, 211, 255,
       253, 123, 247, 255, 124, 85, 245, 239, 223, 108, 118, 190, 222,
       120, 249, 125, 252, 95, 251, 175, 241, 49, 211, 111, 185, 172,
       152, 11, 240, 29, 156, 77, 52, 246, 119, 159, 250, 87, 44, 255,
       58, 209, 252, 222, 55, 189, 221, 51, 55, 252, 125, 213, 61, 127,
       60, 126, 246, 214, 64, 251, 244, 126, 193, 115, 237, 170, 226, 91,
       122, 121, 253, 235, 215, 36, 85, 190, 214, 122, 248, 245, 242, 95,
       187, 47, 212, 22, 245, 111, 153, 172, 25, 5, 240, 29, 157, 77, 16,
       243, 51, 191, 89, 87, 38, 251, 61, 182, 253, 252, 63, 189, 253,
       121, 245, 254, 214, 241, 253, 120, 189, 69, 242, 252, 195, 123,
       244, 118, 210, 255, 253, 170, 228, 159, 126, 213, 125, 239, 223,
       44, 215, 190, 223, 122, 249, 125, 248, 95, 123, 47, 212, 53, 247,
       111, 185, 172, 152, 13, 242, 29, 157, 89, 52, 242, 55, 189, 251,
       223, 46, 255, 63, 191, 255, 244, 54, 253, 253, 123, 247, 221, 253,
       251, 255, 127, 180, 95, 255, 255, 99, 123, 247, 126, 211, 247,
       253, 255, 247, 255, 126, 255, 247, 235, 223, 108, 119, 190, 223,
       120, 249, 125, 120, 93, 251, 111, 247, 53, 247, 111, 185, 174, 24,
       79, 240, 29, 156, 77, 52, 243, 119, 191, 123, 95, 168, 250, 62,
       252, 255, 255, 63, 255, 253, 127, 253, 255, 220, 249, 255, 254,
       255, 222, 251, 255, 251, 251, 245, 127, 255, 255, 253, 255, 247,
       255, 127, 215, 255, 239, 223, 236, 215, 190, 255, 121, 249, 125,
       122, 223, 255, 47, 215, 53, 247, 111, 191, 174, 155, 15, 242, 29,
       157, 93, 62, 246, 255, 255, 251, 223, 42, 254, 61, 254, 255, 239,
       191, 253, 255, 120, 253, 253, 222, 253, 253, 127, 253, 253, 251,
       253, 251, 107, 253, 127, 219, 253, 253, 255, 119, 183, 127, 95,
       127, 255, 223, 238, 223, 190, 247, 251, 249, 127, 125, 93, 122,
       47, 213, 167, 255, 115, 189, 253, 156, 13, 240, 157, 158, 77, 52,
       246, 247, 191, 219, 223, 44, 254, 119, 52, 81, 118, 223, 170, 95,
       8, 210, 42, 145, 113, 173, 74, 164, 85, 242, 183, 3, 82, 199, 43,
       137, 110, 196, 138, 226, 15, 82, 57, 233, 110, 151, 174, 20, 191,
       106, 56, 243, 247, 72, 206, 206, 73, 209, 85, 165, 79, 153, 166,
       24, 5, 228, 20, 220, 65, 16, 178, 183, 191, 184, 87, 178, 93, 255,
       251, 255, 253, 54, 255, 255, 250, 255, 255, 253, 250, 255, 189,
       127, 254, 189, 187, 254, 255, 191, 255, 119, 191, 253, 127, 255,
       255, 111, 247, 255, 255, 251, 217, 239, 109, 255, 253, 250, 123,
       126, 255, 235, 125, 191, 255, 255, 63, 239, 219, 231, 255, 253,
       247, 243, 254, 255, 223, 253, 127, 247, 249, 223, 158, 124, 57,
       255, 212, 123, 167, 121, 126, 182, 254, 213, 181, 223, 236, 178,
       94, 242, 213, 115, 99, 255, 47, 194, 63, 79, 234, 166, 15, 82, 13,
       117, 239, 215, 38, 85, 186, 82, 124, 241, 116, 112, 92, 184, 47,
       221, 20, 229, 111, 153, 172, 24, 5, 240, 29, 156, 73, 16, 242, 51,
       191, 88, 86, 33, 250, 92, 45, 247, 212, 17, 39, 125, 127, 132,
       228, 197, 177, 83, 204, 146, 78, 234, 221, 99, 103, 214, 45, 192,
       51, 79, 202, 162, 77, 80, 12, 48, 105, 215, 38, 117, 186, 18, 120,
       225, 116, 112, 92, 184, 47, 253, 20, 229, 111, 153, 172, 24, 5,
       240, 29, 156, 73, 16, 242, 51, 185, 88, 87, 33, 250, 92, 57, 255,
       244, 50, 119, 125, 126, 181, 244, 213, 241, 95, 254, 178, 78, 251,
       221, 123, 111, 183, 45, 226, 115, 77, 251, 182, 95, 80, 205, 116,
       235, 215, 38, 117, 186, 82, 124, 249, 116, 112, 125, 185, 47, 255,
       20, 245, 111, 153, 172, 24, 5, 240, 29, 156, 73, 16, 242, 51, 191,
       89, 87, 33, 250, 35, 150, 65, 35, 221, 176, 139, 24, 184, 123,
       130, 111, 172, 79, 137, 21, 226, 229, 1, 112, 192, 35, 154, 120,
       68, 220, 57, 47, 214, 11, 35, 127, 215, 164, 93, 186, 115, 56,
       233, 118, 113, 92, 26, 142, 213, 17, 252, 83, 152, 172, 24, 1,
       244, 29, 156, 73, 16, 242, 179, 189, 88, 87, 32, 250, 92, 41, 255,
       252, 50, 103, 125, 119, 209, 196, 213, 148, 87, 228, 151, 74, 251,
       221, 115, 103, 55, 173, 228, 147, 157, 235, 182, 205, 65, 140, 52,
       233, 215, 38, 53, 186, 22, 124, 209, 116, 120, 125, 181, 47, 255,
       20, 229, 110, 155, 172, 25, 199, 240, 29, 156, 73, 16, 242, 115,
       251, 89, 87, 33, 250, 35, 150, 101, 35, 255, 184, 135, 24, 188,
       127, 138, 111, 173, 63, 232, 85, 226, 245, 13, 112, 224, 103, 26,
       124, 68, 252, 121, 47, 254, 27, 99, 119, 215, 236, 223, 186, 115,
       120, 173, 118, 101, 84, 10, 191, 213, 193, 252, 81, 152, 189, 24,
       5, 244, 181, 142, 105, 16, 246, 183, 188, 216, 87, 36, 120, 124,
       185, 255, 252, 54, 119, 253, 119, 245, 254, 253, 177, 95, 252,
       191, 222, 255, 221, 123, 235, 247, 127, 213, 247, 221, 127, 247,
       254, 105, 215, 246, 235, 223, 62, 103, 190, 223, 120, 249, 125,
       120, 93, 247, 47, 247, 53, 247, 111, 191, 172, 137, 207, 242, 29,
       156, 93, 52, 243, 115, 255, 123, 247, 105, 250, 59, 214, 108, 47,
       255, 189, 159, 24, 255, 125, 220, 251, 173, 127, 100, 85, 255,
       247, 71, 241, 245, 98, 155, 124, 245, 255, 253, 63, 126, 87, 225,
       231, 223, 236, 223, 54, 255, 57, 249, 127, 125, 94, 122, 175, 213,
       113, 246, 111, 184, 254, 152, 9, 244, 157, 222, 77, 58, 246, 183,
       189, 250, 215, 44, 222, 43, 246, 108, 43, 191, 189, 159, 25, 255,
       255, 157, 232, 173, 63, 109, 85, 157, 247, 66, 249, 241, 114, 83,
       124, 245, 116, 229, 255, 126, 119, 253, 227, 223, 220, 223, 38,
       251, 56, 168, 123, 124, 95, 107, 173, 245, 241, 246, 111, 186,
       255, 152, 15, 246, 157, 222, 93, 62, 243, 183, 189, 250, 219, 108,
       90, 60, 189, 253, 252, 54, 127, 245, 127, 215, 212, 222, 245, 127,
       124, 188, 222, 253, 254, 227, 251, 247, 126, 209, 247, 249, 47,
