%YAML:1.0
descriptors: !!opencv-matrix
   rows: 10
   cols: 64
   dt: u
   data: [ 253, 254, 253, 236, 255, 255, 119, 127, 253, 125, 252, 251,
       255, 191, 254, 206, 251, 221, 255, 249, 253, 215, 235, 253, 255,
       127, 221, 247, 253, 223, 255, 239, 221, 249, 245, 254, 255, 249,
       253, 127, 127, 159, 255, 55, 253, 181, 254, 233, 191, 247, 239,
       190, 255, 255, 219, 29, 126, 255, 191, 253, 251, 223, 110, 223,
       239, 254, 109, 254, 63, 255, 119, 123, 253, 125, 254, 251, 255,
       190, 252, 239, 251, 253, 255, 249, 253, 254, 249, 255, 125, 255,
       157, 183, 127, 223, 127, 237, 219, 239, 247, 254, 239, 249, 253,
       127, 123, 253, 122, 63, 223, 247, 126, 235, 165, 245, 255, 12,
       239, 191, 174, 28, 54, 246, 247, 255, 251, 223, 44, 254, 246, 255,
       219, 255, 254, 222, 223, 135, 255, 255, 61, 255, 159, 255, 255,
       255, 251, 247, 188, 175, 207, 255, 255, 111, 255, 215, 191, 127,
       191, 251, 223, 255, 135, 255, 255, 247, 255, 221, 255, 127, 103,
       253, 231, 249, 191, 220, 253, 255, 247, 253, 255, 251, 191, 227,
       190, 255, 254, 255, 122, 127, 255, 253, 125, 254, 62, 185, 255,
       252, 54, 255, 249, 127, 215, 252, 223, 245, 127, 254, 189, 254,
       251, 220, 99, 107, 247, 127, 209, 247, 253, 255, 230, 223, 107,
       255, 245, 235, 199, 46, 71, 190, 222, 120, 249, 125, 120, 221,
       247, 111, 245, 53, 247, 111, 187, 172, 139, 79, 240, 29, 156, 93,
       52, 242, 123, 255, 123, 223, 41, 250, 62, 54, 125, 174, 55, 191,
       19, 61, 231, 100, 215, 52, 125, 62, 189, 86, 246, 182, 67, 240,
       241, 114, 209, 247, 220, 168, 228, 221, 114, 216, 221, 233, 157,
       44, 71, 190, 203, 90, 129, 92, 188, 221, 29, 15, 212, 245, 228,
       79, 155, 174, 137, 13, 242, 29, 223, 89, 56, 242, 59, 188, 120,
       214, 46, 216, 187, 214, 109, 239, 255, 189, 159, 153, 255, 255,
       124, 251, 173, 59, 124, 117, 245, 247, 93, 123, 252, 115, 218,
       124, 109, 255, 253, 63, 127, 123, 127, 255, 215, 236, 223, 191,
       251, 121, 249, 119, 126, 94, 106, 63, 213, 150, 252, 127, 157,
       189, 24, 5, 244, 189, 159, 125, 16, 246, 179, 189, 218, 223, 40,
       255, 247, 253, 121, 175, 255, 142, 95, 137, 239, 71, 189, 250,
       191, 202, 228, 125, 246, 247, 60, 245, 11, 214, 177, 108, 230,
       215, 251, 127, 211, 59, 222, 57, 130, 237, 158, 223, 202, 117,
       167, 215, 2, 202, 45, 89, 155, 30, 252, 20, 197, 183, 18, 4, 104,
       178, 231, 235, 216, 180, 48, 62, 28, 220, 58, 185, 60, 175, 255,
       252, 50, 253, 253, 127, 245, 252, 214, 241, 93, 127, 189, 206,
       155, 220, 227, 107, 245, 124, 210, 243, 125, 63, 134, 183, 108,
       221, 53, 235, 223, 82, 119, 170, 247, 248, 249, 125, 124, 61, 251,
       39, 247, 181, 247, 107, 187, 172, 169, 79, 242, 29, 156, 92, 54,
       242, 119, 255, 219, 223, 105, 254, 255, 254, 125, 239, 255, 191,
       223, 153, 255, 127, 249, 251, 175, 127, 230, 125, 243, 247, 63,
       123, 253, 119, 187, 124, 231, 255, 251, 63, 255, 123, 127, 255,
       215, 237, 222, 255, 250, 125, 253, 247, 127, 222, 107, 191, 213,
       27, 252, 21, 156, 191, 24, 5, 236, 183, 159, 109, 88, 246, 247,
       159, 222, 223, 62, 189, 59, 253, 255, 255, 55, 253, 221, 63, 255,
       254, 253, 249, 255, 126, 125, 223, 255, 246, 114, 251, 247, 127,
       215, 255, 253, 127, 247, 255, 127, 255, 255, 239, 207, 126, 239,
       182, 255, 121, 250, 125, 120, 255, 255, 239, 247, 245, 247, 111,
       191, 254, 159, 79, 242, 29, 254, 85, 63, 247, 255, 255, 251, 255,
       237, 254 ]
