%YAML:1.0
descriptors: !!opencv-matrix
   rows: 7
   cols: 64
   dt: u
   data: [ 253, 253, 255, 223, 255, 255, 255, 255, 127, 255, 255, 255,
       255, 254, 255, 239, 159, 255, 252, 191, 191, 253, 255, 251, 251,
       119, 251, 246, 125, 255, 255, 255, 255, 211, 255, 97, 255, 255,
       254, 123, 242, 255, 239, 127, 191, 159, 127, 179, 223, 219, 191,
       255, 223, 255, 253, 254, 127, 255, 255, 127, 223, 249, 223, 255,
       60, 248, 255, 239, 254, 247, 255, 255, 253, 255, 222, 255, 255,
       126, 251, 237, 251, 253, 251, 107, 245, 119, 223, 255, 255, 255,
       189, 183, 127, 215, 127, 255, 223, 236, 223, 254, 255, 249, 249,
       127, 121, 93, 119, 63, 245, 245, 247, 107, 191, 252, 155, 15, 246,
       189, 156, 93, 54, 246, 255, 191, 251, 223, 108, 254, 120, 57, 255,
       222, 114, 127, 243, 119, 117, 220, 86, 149, 127, 254, 187, 238,
       242, 213, 121, 103, 247, 61, 199, 243, 79, 234, 162, 157, 122,
       204, 52, 235, 247, 39, 85, 187, 86, 122, 221, 116, 240, 93, 188,
       46, 221, 22, 225, 111, 157, 172, 25, 5, 240, 29, 157, 73, 80, 246,
       51, 189, 88, 87, 33, 250, 63, 50, 117, 162, 62, 181, 163, 120,
       244, 124, 210, 55, 253, 63, 185, 85, 242, 245, 67, 96, 241, 36,
       193, 119, 76, 184, 160, 143, 90, 92, 113, 235, 215, 36, 87, 186,
       83, 120, 169, 116, 120, 92, 24, 14, 212, 5, 246, 79, 153, 172, 24,
       5, 240, 29, 156, 73, 16, 242, 51, 189, 88, 87, 32, 250, 63, 49,
       253, 182, 55, 183, 29, 126, 214, 68, 213, 52, 125, 126, 180, 86,
       250, 215, 67, 98, 245, 39, 193, 119, 204, 170, 228, 13, 82, 28,
       245, 233, 215, 44, 85, 190, 82, 120, 233, 116, 120, 92, 56, 47,
       213, 20, 245, 111, 153, 172, 24, 5, 240, 29, 156, 73, 16, 242, 51,
       189, 88, 87, 32, 250, 63, 183, 253, 246, 63, 181, 253, 122, 247,
       254, 221, 243, 255, 126, 178, 87, 251, 255, 99, 115, 245, 126,
       195, 119, 205, 255, 247, 251, 122, 92, 245, 235, 223, 44, 85, 190,
       211, 120, 249, 125, 120, 93, 57, 47, 213, 53, 247, 111, 153, 172,
       24, 5, 240, 29, 156, 73, 16, 242, 51, 189, 88, 87, 32, 250, 62,
       185, 253, 254, 63, 253, 253, 123, 247, 254, 221, 247, 253, 126,
       190, 126, 251, 223, 99, 123, 245, 118, 195, 119, 221, 255, 247,
       251, 122, 223, 247, 235, 215, 44, 85, 190, 223, 120, 249, 117,
       120, 93, 121, 47, 213, 21, 247, 111, 153, 172, 24, 5, 240, 29,
       156, 73, 16, 242, 51, 189, 90, 87, 32, 250 ]
