%YAML:1.0
descriptors: !!opencv-matrix
   rows: 88
   cols: 64
   dt: u
   data: [ 63, 181, 253, 190, 55, 189, 125, 122, 247, 222, 213, 243, 253,
       126, 180, 87, 254, 255, 99, 243, 245, 118, 209, 247, 221, 190,
       245, 249, 122, 254, 245, 233, 223, 60, 87, 190, 219, 120, 233,
       125, 120, 93, 57, 47, 245, 117, 247, 111, 153, 174, 24, 7, 240,
       29, 156, 73, 16, 243, 51, 189, 120, 87, 32, 250, 63, 186, 125,
       170, 63, 253, 177, 124, 255, 252, 222, 189, 253, 63, 253, 245,
       251, 254, 99, 112, 245, 114, 210, 119, 237, 253, 245, 251, 127,
       91, 119, 235, 223, 44, 87, 190, 95, 122, 233, 116, 120, 93, 58,
       47, 212, 181, 245, 111, 185, 172, 24, 5, 240, 29, 156, 73, 16,
       242, 59, 189, 90, 87, 32, 250, 60, 51, 81, 150, 50, 65, 184, 101,
       66, 136, 83, 53, 116, 70, 153, 210, 126, 130, 67, 194, 197, 40,
       197, 150, 141, 8, 230, 201, 66, 140, 245, 232, 116, 36, 101, 190,
       94, 114, 193, 84, 152, 92, 145, 14, 228, 164, 131, 110, 155, 172,
       73, 71, 242, 28, 28, 73, 132, 243, 19, 241, 120, 7, 32, 242, 77,
       190, 255, 185, 92, 247, 167, 82, 49, 254, 164, 251, 207, 123, 181,
       93, 235, 253, 169, 98, 229, 101, 90, 115, 70, 255, 185, 231, 90,
       78, 115, 227, 215, 34, 215, 186, 115, 120, 237, 116, 120, 92, 58,
       47, 213, 85, 247, 111, 153, 172, 24, 5, 240, 29, 156, 73, 20, 242,
       51, 189, 90, 87, 32, 250, 157, 250, 247, 245, 250, 251, 241, 242,
       61, 253, 206, 255, 223, 127, 251, 232, 235, 221, 253, 107, 245,
       109, 238, 251, 111, 127, 51, 247, 124, 71, 63, 255, 223, 99, 117,
       186, 87, 251, 249, 116, 253, 125, 250, 55, 253, 135, 255, 235,
       157, 237, 29, 117, 240, 29, 159, 77, 22, 254, 55, 175, 216, 127,
       33, 254, 253, 191, 255, 253, 254, 255, 255, 113, 253, 245, 127,
       218, 223, 255, 254, 254, 243, 253, 123, 111, 255, 125, 210, 247,
       221, 255, 189, 255, 126, 223, 119, 235, 215, 45, 87, 190, 218,
       121, 249, 125, 124, 93, 57, 63, 213, 62, 245, 111, 157, 172, 152,
       15, 240, 29, 159, 77, 48, 246, 115, 189, 88, 87, 40, 250, 29, 21,
       92, 142, 51, 177, 61, 124, 54, 206, 201, 180, 52, 46, 169, 103,
       230, 254, 65, 96, 241, 50, 193, 179, 72, 40, 224, 72, 80, 12, 245,
       105, 253, 36, 85, 186, 83, 120, 129, 124, 114, 92, 24, 46, 212,
       53, 231, 110, 153, 172, 24, 5, 240, 29, 156, 73, 16, 242, 51, 188,
       88, 86, 34, 248, 247, 252, 250, 255, 255, 148, 219, 137, 255, 255,
       145, 255, 191, 107, 183, 93, 246, 247, 60, 51, 207, 47, 155, 124,
       254, 222, 251, 127, 214, 59, 255, 127, 231, 165, 31, 223, 242,
       125, 251, 119, 83, 78, 104, 252, 211, 28, 217, 63, 157, 172, 24,
       5, 248, 181, 156, 107, 16, 246, 242, 189, 220, 87, 50, 191, 237,
       173, 247, 245, 120, 111, 241, 255, 157, 253, 198, 255, 83, 251,
       218, 238, 235, 221, 251, 107, 245, 175, 238, 251, 95, 235, 150,
       167, 121, 205, 51, 239, 223, 35, 116, 250, 86, 254, 253, 252, 216,
       124, 250, 167, 249, 55, 115, 235, 153, 172, 57, 157, 240, 31, 157,
       73, 16, 250, 115, 189, 90, 87, 33, 254, 252, 175, 255, 245, 122,
       255, 249, 255, 253, 253, 198, 255, 255, 250, 251, 238, 251, 221,
       251, 107, 245, 63, 254, 255, 127, 235, 182, 183, 127, 221, 127,
       255, 247, 103, 119, 251, 215, 255, 253, 124, 217, 125, 250, 62,
       249, 39, 219, 235, 189, 172, 222, 157, 240, 31, 157, 77, 84, 254,
       115, 191, 219, 95, 33, 254, 221, 233, 255, 253, 112, 119, 255,
       254, 152, 255, 228, 187, 67, 251, 151, 202, 171, 221, 251, 111,
       239, 173, 230, 187, 79, 235, 183, 167, 89, 13, 50, 255, 247, 39,
       52, 251, 86, 253, 245, 116, 122, 126, 185, 63, 251, 29, 83, 239,
       157, 172, 126, 213, 241, 63, 156, 72, 208, 254, 51, 255, 92, 87,
       33, 251, 13, 54, 116, 44, 29, 160, 47, 92, 240, 186, 192, 177,
       108, 15, 133, 67, 106, 108, 131, 81, 225, 34, 91, 127, 68, 40,
       224, 135, 90, 4, 225, 199, 223, 40, 148, 190, 49, 184, 33, 117,
       108, 74, 58, 171, 214, 113, 135, 79, 56, 254, 24, 1, 240, 28, 92,
       65, 30, 178, 151, 149, 152, 87, 36, 74, 28, 50, 77, 170, 62, 189,
       32, 113, 116, 92, 86, 21, 93, 55, 185, 97, 226, 220, 65, 96, 193,
       32, 193, 115, 76, 136, 160, 137, 122, 12, 57, 233, 245, 36, 85,
       186, 83, 122, 129, 116, 240, 92, 24, 14, 84, 134, 194, 79, 153,
       172, 24, 5, 240, 29, 157, 73, 16, 242, 51, 188, 88, 86, 34, 248,
       124, 189, 255, 252, 50, 127, 125, 119, 253, 244, 223, 181, 95,
       244, 191, 254, 255, 216, 243, 235, 183, 125, 83, 151, 223, 111,
       246, 221, 105, 247, 254, 234, 143, 90, 231, 174, 223, 122, 249,
       125, 124, 189, 247, 103, 253, 247, 183, 111, 191, 238, 175, 223,
       242, 29, 90, 93, 127, 247, 95, 251, 251, 251, 239, 222, 45, 238,
       108, 237, 187, 253, 245, 89, 125, 245, 236, 251, 252, 127, 236,
       109, 235, 185, 167, 251, 245, 124, 91, 119, 117, 127, 81, 179,
       127, 95, 255, 231, 159, 230, 87, 186, 243, 249, 249, 62, 127, 223,
       122, 167, 213, 213, 247, 107, 153, 255, 152, 13, 242, 29, 218, 77,
       58, 246, 247, 173, 219, 223, 172, 218, 63, 254, 124, 237, 191,
       253, 247, 120, 189, 125, 252, 251, 237, 123, 252, 221, 187, 253,
       239, 251, 245, 126, 155, 124, 125, 255, 85, 179, 127, 119, 255,
       239, 159, 232, 223, 190, 247, 249, 249, 63, 127, 223, 251, 183,
       245, 243, 255, 107, 186, 247, 157, 45, 250, 149, 155, 117, 62,
       247, 255, 175, 251, 223, 44, 222, 61, 54, 245, 37, 29, 160, 163,
       124, 192, 168, 210, 53, 225, 79, 129, 64, 106, 13, 195, 82, 241,
       43, 202, 223, 4, 184, 80, 135, 88, 4, 33, 206, 79, 42, 101, 190,
       53, 184, 73, 85, 77, 64, 159, 130, 69, 33, 131, 107, 58, 62, 25,
       1, 242, 28, 92, 65, 44, 162, 151, 243, 170, 7, 164, 70, 60, 249,
       251, 248, 50, 253, 252, 79, 219, 250, 207, 188, 245, 150, 255,
       218, 251, 152, 99, 91, 183, 61, 83, 215, 213, 223, 243, 239, 67,
       223, 247, 234, 207, 6, 103, 190, 218, 122, 233, 116, 120, 93, 116,
       47, 215, 117, 55, 111, 153, 172, 56, 71, 242, 29, 253, 89, 20,
       242, 115, 189, 89, 87, 233, 250, 121, 20, 245, 166, 247, 175, 63,
       124, 230, 100, 215, 20, 237, 61, 190, 87, 242, 245, 67, 100, 184,
       163, 194, 52, 76, 168, 172, 29, 114, 24, 121, 169, 245, 36, 84,
       190, 66, 122, 129, 213, 154, 218, 24, 14, 192, 62, 193, 13, 153,
       36, 24, 5, 112, 29, 159, 73, 24, 242, 51, 188, 88, 22, 38, 249,
       52, 51, 245, 118, 52, 160, 45, 123, 194, 170, 209, 114, 231, 195,
       128, 83, 122, 199, 99, 83, 179, 44, 67, 223, 140, 222, 247, 255,
       66, 44, 225, 232, 95, 44, 212, 190, 216, 56, 225, 85, 108, 72,
       185, 175, 247, 113, 181, 111, 152, 174, 24, 67, 224, 28, 28, 73,
       0, 178, 19, 155, 56, 87, 224, 122, 13, 43, 245, 248, 48, 125, 33,
       118, 49, 124, 206, 181, 64, 183, 252, 227, 139, 204, 163, 105,
       229, 108, 64, 179, 77, 156, 132, 145, 124, 70, 58, 201, 215, 18,
       245, 170, 117, 250, 217, 117, 252, 181, 58, 39, 116, 135, 103,
       238, 152, 37, 45, 84, 226, 29, 159, 12, 22, 226, 27, 255, 73, 71,
       101, 250, 60, 230, 125, 136, 138, 253, 163, 113, 189, 94, 254, 21,
       93, 125, 249, 228, 242, 216, 195, 96, 244, 112, 140, 242, 121, 44,
       37, 132, 109, 198, 57, 251, 252, 102, 69, 186, 87, 114, 137, 124,
       254, 87, 92, 14, 84, 167, 210, 78, 155, 45, 30, 4, 250, 29, 143,
       73, 24, 242, 43, 188, 90, 78, 34, 241, 60, 190, 117, 229, 254,
       253, 163, 249, 255, 125, 206, 127, 253, 127, 251, 245, 251, 244,
       67, 98, 245, 112, 159, 252, 223, 254, 116, 251, 254, 223, 255,
       255, 215, 100, 87, 190, 210, 114, 249, 126, 253, 93, 88, 158, 213,
       166, 253, 103, 153, 173, 156, 13, 242, 29, 158, 73, 48, 242, 51,
       189, 218, 95, 40, 248, 191, 245, 125, 190, 55, 173, 89, 8, 247,
       71, 245, 248, 127, 106, 244, 95, 242, 246, 118, 117, 55, 114, 241,
       119, 253, 187, 229, 57, 115, 249, 252, 169, 210, 44, 22, 222, 202,
       121, 161, 253, 242, 219, 61, 15, 208, 20, 245, 78, 157, 166, 18,
