%YAML:1.0
descriptors: !!opencv-matrix
   rows: 269
   cols: 64
   dt: u
   data: [ 124, 50, 253, 176, 250, 183, 35, 125, 244, 126, 212, 55, 253,
       59, 179, 86, 250, 221, 67, 100, 249, 39, 195, 117, 76, 232, 188,
       175, 82, 140, 113, 235, 215, 36, 87, 186, 82, 120, 161, 116, 120,
       92, 24, 15, 213, 21, 231, 79, 153, 172, 24, 5, 240, 29, 156, 73,
       16, 242, 51, 189, 88, 87, 32, 250, 124, 50, 125, 160, 222, 183,
       35, 125, 212, 124, 212, 53, 253, 62, 146, 70, 242, 221, 67, 96,
       249, 33, 194, 244, 76, 232, 172, 141, 82, 140, 49, 233, 221, 36,
       85, 186, 83, 120, 161, 116, 120, 92, 24, 15, 213, 53, 231, 79,
       153, 172, 24, 5, 240, 29, 156, 73, 16, 242, 51, 188, 88, 87, 32,
       250, 254, 249, 255, 255, 247, 127, 255, 255, 223, 253, 253, 255,
       255, 254, 246, 254, 251, 213, 127, 111, 63, 159, 239, 60, 255,
       255, 255, 191, 223, 223, 118, 191, 240, 111, 125, 223, 86, 117,
       253, 246, 123, 221, 253, 63, 223, 63, 125, 180, 205, 173, 86, 181,
       217, 255, 132, 239, 208, 252, 97, 127, 221, 93, 48, 190, 253, 51,
       255, 179, 255, 55, 47, 250, 246, 254, 210, 51, 253, 250, 179, 87,
       250, 245, 107, 102, 121, 135, 131, 116, 206, 252, 253, 173, 210,
       76, 114, 187, 211, 36, 85, 190, 82, 120, 225, 124, 120, 92, 56,
       47, 213, 5, 197, 77, 153, 172, 24, 5, 240, 29, 156, 73, 16, 242,
       51, 189, 88, 87, 32, 250, 253, 61, 255, 183, 255, 119, 51, 254,
       222, 252, 254, 55, 127, 222, 187, 255, 251, 215, 123, 118, 125,
       135, 199, 183, 207, 235, 252, 237, 210, 30, 242, 235, 223, 44, 85,
       190, 82, 112, 233, 116, 120, 92, 56, 47, 213, 53, 229, 108, 153,
       172, 24, 5, 240, 29, 156, 73, 16, 242, 51, 189, 88, 86, 32, 250,
       235, 10, 231, 147, 239, 215, 135, 200, 174, 229, 151, 74, 191,
       248, 51, 77, 235, 245, 63, 103, 206, 135, 238, 125, 78, 255, 189,
       47, 210, 11, 51, 63, 215, 37, 85, 251, 82, 125, 237, 94, 112, 92,
       104, 63, 221, 12, 221, 181, 157, 172, 24, 5, 241, 63, 156, 75, 80,
       244, 49, 189, 92, 87, 48, 250, 252, 57, 255, 255, 122, 103, 245,
       254, 253, 252, 254, 189, 127, 254, 251, 238, 251, 213, 251, 103,
       125, 143, 231, 183, 95, 239, 188, 143, 251, 223, 126, 255, 245,
       37, 101, 254, 86, 115, 237, 124, 122, 93, 124, 62, 221, 55, 207,
       236, 157, 172, 95, 133, 240, 31, 157, 73, 16, 244, 43, 189, 91, 6,
       34, 250, 227, 14, 239, 145, 205, 210, 135, 216, 172, 247, 130, 10,
       235, 249, 35, 5, 203, 245, 59, 102, 200, 135, 202, 121, 78, 253,
       25, 46, 210, 15, 51, 95, 215, 39, 85, 187, 82, 120, 109, 94, 112,
       84, 56, 47, 85, 8, 117, 177, 153, 172, 24, 4, 241, 29, 140, 75,
       16, 244, 35, 189, 72, 87, 32, 250, 255, 236, 255, 255, 235, 223,
       255, 237, 255, 255, 223, 255, 255, 254, 255, 252, 255, 187, 255,
       255, 255, 223, 255, 253, 255, 255, 127, 255, 239, 255, 255, 191,
       223, 255, 111, 95, 255, 255, 255, 62, 251, 253, 237, 127, 255,
       255, 255, 179, 255, 223, 255, 255, 221, 231, 253, 255, 255, 221,
       252, 111, 247, 253, 219, 254, 195, 218, 211, 227, 253, 250, 195,
       152, 58, 57, 168, 235, 174, 219, 198, 185, 99, 231, 189, 63, 204,
       141, 42, 121, 103, 223, 123, 39, 159, 11, 99, 119, 151, 227, 126,
       81, 112, 189, 127, 182, 199, 126, 106, 255, 217, 90, 125, 177,
       204, 213, 92, 176, 205, 230, 174, 235, 87, 220, 164, 15, 212, 85,
       149, 61, 45, 174, 255, 105, 58, 253, 177, 117, 253, 252, 206, 253,
       221, 61, 251, 236, 155, 252, 235, 107, 245, 119, 94, 255, 253,
       127, 20, 182, 108, 215, 127, 207, 223, 88, 199, 172, 253, 186,
       249, 61, 125, 61, 251, 167, 245, 225, 247, 107, 187, 252, 173,
       123, 242, 29, 154, 92, 46, 198, 215, 237, 251, 223, 109, 254, 254,
       189, 255, 191, 87, 103, 255, 255, 222, 237, 253, 251, 255, 234,
       147, 254, 255, 215, 115, 103, 125, 135, 247, 55, 223, 255, 253,
       239, 211, 30, 242, 187, 199, 37, 85, 255, 82, 121, 233, 116, 120,
       92, 56, 175, 221, 29, 245, 111, 153, 172, 24, 5, 240, 29, 156, 73,
       16, 242, 51, 189, 88, 87, 32, 250, 193, 6, 34, 129, 217, 134, 163,
       216, 172, 109, 162, 67, 129, 73, 179, 5, 226, 117, 41, 98, 200,
       167, 158, 120, 70, 216, 57, 39, 146, 10, 51, 95, 119, 39, 87, 187,
       80, 240, 45, 86, 96, 68, 24, 142, 65, 72, 216, 145, 152, 44, 24,
       5, 241, 30, 140, 73, 16, 248, 51, 189, 72, 87, 32, 248, 135, 222,
       194, 35, 223, 184, 135, 8, 190, 127, 32, 123, 170, 91, 228, 93,
       226, 245, 45, 115, 205, 7, 138, 121, 70, 222, 57, 47, 214, 11, 35,
       127, 215, 165, 92, 187, 114, 121, 237, 246, 97, 92, 40, 15, 209,
       16, 252, 83, 153, 172, 24, 5, 240, 21, 156, 105, 16, 242, 51, 189,
       88, 87, 32, 250, 252, 255, 247, 247, 247, 119, 255, 255, 222, 253,
       253, 255, 255, 254, 210, 254, 255, 215, 127, 111, 127, 143, 231,
       55, 223, 255, 255, 111, 211, 158, 242, 187, 227, 37, 85, 255, 82,
       125, 233, 244, 122, 92, 56, 191, 221, 29, 253, 126, 153, 172, 24,
       5, 240, 31, 156, 73, 16, 242, 51, 189, 92, 87, 32, 250, 252, 249,
       255, 252, 62, 119, 125, 255, 213, 254, 253, 189, 127, 238, 191,
       254, 251, 213, 123, 107, 247, 191, 228, 63, 223, 239, 246, 159,
       91, 255, 127, 239, 247, 167, 117, 255, 214, 252, 251, 127, 122,
       127, 245, 111, 255, 55, 229, 111, 159, 172, 30, 199, 240, 29, 156,
       73, 208, 242, 123, 255, 251, 118, 163, 255, 252, 121, 255, 253,
       114, 247, 255, 247, 219, 239, 223, 158, 223, 228, 219, 250, 255,
       221, 123, 111, 191, 173, 230, 155, 221, 127, 247, 254, 65, 167,
       246, 250, 251, 53, 101, 191, 218, 127, 248, 125, 120, 92, 177, 46,
       247, 61, 231, 127, 159, 174, 24, 71, 240, 29, 156, 73, 81, 255,
       115, 255, 121, 119, 35, 250, 199, 6, 131, 3, 223, 130, 143, 8,
       130, 43, 2, 98, 162, 74, 162, 81, 226, 213, 37, 64, 200, 7, 138,
       105, 70, 218, 185, 47, 146, 8, 49, 79, 87, 164, 92, 187, 82, 120,
       45, 86, 96, 64, 8, 11, 193, 12, 245, 83, 153, 172, 24, 5, 240, 24,
       156, 73, 16, 114, 51, 189, 88, 87, 32, 250, 210, 152, 155, 215,
       232, 208, 223, 236, 218, 235, 25, 222, 211, 196, 147, 26, 175,
       199, 56, 11, 142, 173, 206, 73, 237, 215, 187, 111, 66, 43, 55,
       63, 71, 183, 61, 91, 118, 253, 254, 119, 112, 108, 225, 120, 191,
       28, 189, 51, 223, 200, 56, 247, 245, 243, 188, 227, 209, 126, 240,
       123, 220, 53, 177, 246, 253, 255, 247, 255, 246, 239, 255, 255,
       223, 253, 255, 255, 255, 254, 223, 254, 251, 213, 127, 111, 127,
       141, 231, 183, 223, 255, 255, 175, 211, 31, 114, 191, 227, 37,
       117, 255, 210, 127, 237, 244, 90, 92, 57, 190, 223, 31, 253, 190,
       153, 172, 94, 133, 240, 31, 156, 73, 208, 242, 49, 189, 92, 87,
       34, 250, 252, 127, 255, 253, 246, 255, 255, 245, 221, 255, 255,
       159, 223, 252, 251, 254, 255, 223, 123, 111, 127, 189, 246, 190,
       221, 111, 255, 254, 77, 215, 255, 191, 235, 61, 117, 255, 223,
       127, 248, 125, 250, 93, 245, 62, 255, 175, 203, 127, 159, 173, 30,
       207, 250, 127, 157, 93, 208, 255, 123, 255, 127, 94, 43, 254, 210,
       27, 147, 213, 232, 194, 203, 204, 74, 225, 3, 94, 211, 192, 147,
       58, 127, 199, 56, 103, 14, 173, 194, 72, 207, 223, 187, 111, 130,
       170, 50, 47, 87, 167, 117, 219, 16, 253, 239, 86, 96, 88, 160,
       123, 239, 28, 253, 181, 221, 140, 24, 245, 241, 255, 156, 235, 65,
       124, 49, 61, 92, 85, 17, 250, 254, 255, 247, 247, 254, 231, 255,
       255, 254, 253, 249, 255, 255, 239, 211, 254, 251, 213, 127, 103,
       127, 143, 231, 55, 223, 223, 191, 63, 211, 158, 114, 187, 247, 37,
       85, 255, 82, 125, 237, 244, 90, 92, 56, 62, 221, 30, 221, 63, 153,
       172, 24, 5, 240, 31, 156, 73, 16, 246, 51, 189, 92, 87, 32, 250,
       77, 59, 247, 213, 248, 183, 107, 252, 136, 230, 195, 18, 193, 192,
       155, 67, 234, 221, 43, 102, 206, 173, 194, 115, 77, 202, 182, 111,
       80, 12, 51, 107, 87, 39, 85, 187, 80, 120, 225, 86, 240, 92, 56,
