%YAML:1.0
descriptors: !!opencv-matrix
   rows: 116
   cols: 64
   dt: u
   data: [ 255, 255, 254, 223, 55, 255, 223, 183, 127, 247, 127, 254,
       191, 255, 255, 255, 255, 247, 124, 255, 191, 255, 247, 247, 249,
       119, 247, 127, 127, 255, 223, 251, 255, 126, 247, 254, 223, 91,
       251, 255, 118, 253, 251, 127, 183, 174, 247, 111, 159, 255, 191,
       207, 254, 189, 251, 223, 115, 247, 123, 255, 251, 251, 239, 254,
       61, 190, 119, 171, 155, 253, 163, 252, 253, 253, 222, 127, 253,
       62, 251, 228, 251, 252, 195, 96, 245, 2, 207, 252, 125, 253, 29,
       163, 255, 207, 123, 255, 221, 228, 85, 186, 87, 243, 233, 126,
       121, 85, 122, 38, 85, 183, 254, 97, 185, 236, 153, 13, 244, 29,
       156, 73, 52, 240, 167, 173, 218, 95, 36, 254, 62, 181, 121, 42,
       23, 111, 29, 95, 215, 2, 221, 180, 125, 14, 189, 119, 255, 246,
       67, 208, 113, 50, 209, 118, 213, 140, 228, 73, 83, 220, 253, 232,
       204, 44, 199, 190, 74, 122, 137, 116, 58, 223, 52, 43, 84, 117,
       180, 108, 153, 172, 24, 5, 242, 29, 220, 81, 16, 178, 59, 188, 57,
       95, 42, 242, 191, 253, 253, 222, 54, 125, 93, 127, 247, 214, 253,
       248, 127, 255, 244, 255, 251, 246, 118, 127, 55, 126, 241, 55,
       253, 255, 247, 121, 127, 255, 254, 169, 210, 124, 182, 254, 202,
       121, 251, 253, 122, 223, 191, 255, 246, 54, 245, 110, 159, 175,
       158, 15, 248, 29, 159, 93, 56, 247, 123, 255, 123, 223, 46, 251,
       60, 191, 255, 249, 50, 255, 253, 127, 253, 254, 222, 185, 93, 254,
       255, 206, 251, 252, 235, 107, 245, 127, 214, 183, 253, 127, 183,
       181, 125, 223, 126, 235, 207, 78, 231, 190, 215, 248, 249, 125,
       124, 125, 247, 39, 119, 181, 119, 111, 191, 172, 175, 223, 242,
       29, 156, 93, 60, 246, 123, 255, 251, 223, 109, 246, 153, 186, 84,
       97, 253, 184, 166, 248, 120, 57, 194, 111, 236, 85, 72, 1, 102,
       239, 207, 184, 229, 101, 11, 252, 226, 124, 89, 246, 252, 71, 227,
       215, 223, 233, 217, 52, 125, 155, 237, 35, 109, 20, 74, 183, 197,
       225, 254, 81, 184, 223, 137, 35, 245, 229, 203, 233, 102, 223,
       151, 135, 210, 219, 100, 94, 3, 148, 128, 2, 205, 130, 2, 10, 34,
       1, 0, 71, 162, 75, 4, 17, 110, 215, 33, 16, 192, 39, 139, 103, 66,
       210, 120, 15, 18, 8, 1, 101, 151, 39, 16, 144, 98, 72, 111, 100,
       65, 64, 8, 11, 209, 20, 245, 79, 145, 164, 24, 4, 244, 0, 156, 75,
       16, 114, 50, 189, 80, 87, 32, 250, 251, 220, 254, 223, 239, 79,
       223, 155, 191, 253, 61, 203, 191, 254, 118, 253, 255, 247, 125,
       247, 252, 143, 183, 127, 243, 255, 249, 126, 219, 83, 247, 127,
       199, 45, 87, 255, 211, 125, 237, 124, 115, 95, 120, 191, 221, 28,
       253, 109, 157, 172, 24, 13, 248, 63, 156, 203, 16, 246, 115, 189,
       90, 87, 48, 250, 252, 105, 251, 124, 16, 106, 124, 79, 193, 130,
       237, 186, 115, 166, 238, 250, 251, 9, 63, 95, 47, 157, 97, 151,
       215, 223, 251, 173, 67, 174, 46, 168, 218, 7, 37, 255, 8, 124,
       213, 92, 58, 232, 181, 113, 255, 95, 39, 174, 207, 166, 102, 246,
       73, 95, 102, 12, 216, 252, 73, 249, 61, 102, 241, 18, 127, 62,
       247, 182, 255, 63, 47, 94, 244, 126, 210, 55, 189, 238, 187, 87,
       242, 255, 155, 114, 253, 215, 219, 127, 198, 232, 248, 151, 218,
       81, 253, 239, 215, 169, 87, 53, 119, 250, 229, 126, 124, 93, 78,
       14, 213, 21, 231, 75, 189, 236, 24, 5, 246, 61, 156, 73, 30, 246,
       183, 189, 218, 86, 48, 252, 186, 210, 15, 239, 255, 241, 187, 189,
       220, 187, 212, 237, 173, 24, 35, 117, 124, 223, 217, 155, 240,
       115, 239, 252, 161, 40, 120, 182, 127, 115, 231, 254, 253, 233,
       155, 117, 255, 219, 236, 179, 219, 93, 99, 30, 211, 229, 154, 113,
       190, 219, 159, 47, 246, 165, 220, 253, 118, 151, 182, 206, 243,
       219, 254, 95, 120, 41, 255, 223, 50, 87, 249, 238, 221, 254, 94,
       149, 127, 236, 187, 238, 251, 212, 99, 107, 206, 173, 230, 55, 77,
       203, 182, 9, 83, 201, 58, 235, 247, 38, 117, 186, 82, 126, 233,
       116, 240, 92, 56, 46, 223, 150, 193, 110, 153, 172, 94, 5, 240,
       29, 156, 73, 144, 242, 59, 189, 88, 86, 34, 242, 212, 41, 147, 85,
       32, 195, 248, 226, 26, 169, 199, 223, 210, 228, 130, 10, 47, 137,
       188, 79, 142, 173, 230, 219, 143, 95, 179, 254, 64, 47, 182, 126,
       215, 55, 100, 187, 18, 253, 250, 247, 80, 124, 185, 111, 171, 28,
       189, 63, 217, 170, 56, 247, 240, 95, 156, 74, 81, 251, 115, 255,
       121, 117, 129, 250, 44, 46, 103, 161, 26, 127, 161, 255, 253, 252,
       222, 53, 121, 62, 251, 228, 195, 124, 195, 104, 241, 18, 221, 244,
       125, 44, 12, 131, 124, 223, 59, 223, 237, 96, 87, 186, 119, 122,
       13, 60, 221, 85, 82, 182, 68, 167, 98, 225, 185, 45, 141, 12, 211,
       29, 140, 24, 54, 224, 47, 188, 202, 15, 44, 252, 191, 254, 125,
       239, 254, 189, 255, 121, 255, 127, 253, 251, 239, 127, 252, 253,
       243, 213, 45, 107, 253, 100, 186, 120, 109, 255, 49, 59, 255, 27,
       115, 255, 215, 100, 92, 154, 82, 123, 249, 246, 119, 222, 120, 63,
       213, 134, 252, 55, 137, 189, 20, 5, 248, 157, 143, 73, 16, 246,
       51, 157, 88, 87, 34, 184, 60, 254, 119, 237, 190, 253, 253, 121,
       253, 253, 250, 255, 253, 126, 253, 252, 243, 213, 111, 107, 253,
       46, 138, 125, 109, 255, 55, 191, 94, 95, 127, 255, 215, 101, 125,
       186, 86, 251, 233, 118, 249, 92, 122, 63, 223, 134, 252, 119, 137,
       173, 28, 5, 248, 29, 159, 73, 16, 242, 51, 189, 88, 79, 32, 182,
       250, 57, 191, 213, 38, 215, 88, 54, 83, 167, 245, 218, 254, 224,
       22, 90, 188, 211, 118, 255, 191, 189, 227, 151, 189, 107, 246,
       254, 65, 245, 246, 171, 223, 60, 36, 254, 222, 125, 242, 253, 80,
       223, 181, 111, 179, 52, 227, 111, 159, 170, 11, 199, 248, 29, 28,
       69, 85, 243, 115, 251, 121, 54, 225, 255, 13, 79, 117, 244, 48,
       174, 109, 83, 37, 84, 235, 69, 71, 253, 252, 37, 160, 253, 207,
       111, 246, 44, 144, 115, 79, 190, 135, 212, 124, 6, 56, 221, 114,
       115, 114, 154, 128, 250, 210, 133, 207, 52, 154, 231, 232, 131,
       239, 79, 136, 53, 112, 88, 106, 92, 143, 13, 1, 222, 83, 135, 64,
       102, 135, 184, 191, 252, 255, 190, 55, 125, 89, 254, 255, 246,
       253, 184, 125, 186, 255, 255, 247, 246, 35, 121, 61, 146, 247, 54,
       205, 169, 229, 121, 83, 125, 255, 107, 241, 44, 117, 254, 218,
       123, 225, 253, 242, 223, 125, 47, 210, 22, 225, 108, 153, 172, 30,
       5, 248, 29, 149, 73, 144, 242, 59, 188, 89, 86, 34, 249, 187, 156,
       238, 175, 63, 255, 159, 28, 255, 253, 222, 255, 191, 126, 62, 253,
       255, 247, 35, 115, 244, 39, 243, 119, 109, 255, 241, 63, 95, 91,
       119, 239, 215, 44, 87, 190, 118, 120, 233, 116, 120, 93, 122, 47,
       213, 21, 245, 111, 153, 172, 24, 5, 240, 29, 156, 73, 16, 242, 51,
       189, 90, 87, 32, 250, 199, 19, 243, 152, 220, 166, 7, 90, 166, 71,
       161, 10, 195, 201, 182, 93, 226, 213, 35, 102, 74, 165, 130, 115,
       78, 218, 189, 45, 210, 12, 48, 41, 214, 38, 84, 187, 66, 120, 101,
       84, 48, 74, 56, 15, 213, 28, 245, 143, 153, 172, 24, 5, 112, 28,
       156, 73, 16, 242, 49, 157, 88, 87, 32, 249, 252, 240, 127, 169,
       254, 245, 191, 253, 253, 255, 248, 191, 253, 175, 255, 255, 251,
       253, 251, 104, 249, 211, 95, 188, 221, 253, 253, 187, 219, 223,
       127, 255, 217, 236, 223, 255, 223, 253, 237, 119, 126, 76, 126,
       63, 87, 245, 126, 49, 191, 236, 24, 37, 226, 191, 156, 125, 156,
       180, 187, 188, 223, 223, 106, 182, 13, 39, 116, 172, 0, 37, 37,
       119, 33, 68, 193, 0, 68, 61, 148, 7, 224, 104, 195, 96, 241, 96,
       80, 242, 92, 40, 132, 216, 104, 4, 57, 193, 204, 16, 85, 170, 145,
       120, 129, 108, 124, 24, 24, 167, 244, 49, 230, 78, 153, 172, 24,
       9, 240, 29, 156, 73, 24, 242, 19, 180, 90, 86, 40, 250, 243, 221,
       158, 95, 239, 219, 218, 176, 31, 191, 31, 206, 190, 220, 111, 188,
       245, 215, 56, 182, 206, 255, 139, 111, 235, 214, 255, 126, 191,
       123, 223, 127, 247, 255, 217, 117, 254, 207, 254, 99, 114, 221,
