%YAML:1.0
descriptors: !!opencv-matrix
   rows: 89
   cols: 64
   dt: u
   data: [ 239, 254, 239, 235, 255, 255, 255, 153, 253, 255, 252, 251,
       255, 63, 255, 221, 155, 253, 255, 251, 253, 87, 91, 125, 245, 255,
       127, 183, 127, 243, 127, 255, 207, 203, 239, 101, 255, 253, 253,
       59, 125, 127, 239, 253, 215, 241, 127, 243, 255, 219, 188, 251,
       223, 229, 254, 252, 126, 223, 255, 239, 247, 251, 252, 254, 122,
       217, 255, 223, 38, 223, 221, 175, 255, 247, 127, 220, 191, 254,
       127, 254, 253, 215, 120, 191, 158, 125, 247, 119, 249, 247, 247,
       127, 127, 251, 222, 251, 215, 126, 247, 254, 222, 95, 250, 123,
       114, 125, 229, 109, 183, 158, 245, 111, 223, 170, 191, 207, 244,
       29, 188, 223, 113, 247, 123, 255, 251, 253, 235, 254, 235, 222,
       239, 249, 255, 255, 255, 217, 189, 255, 234, 234, 239, 253, 127,
       77, 155, 253, 251, 123, 252, 119, 90, 125, 87, 255, 191, 183, 126,
       115, 119, 207, 215, 219, 223, 41, 243, 253, 252, 59, 108, 124,
       106, 253, 247, 249, 255, 51, 254, 222, 24, 45, 247, 253, 222, 255,
       125, 254, 247, 191, 250, 223, 253, 254, 141, 233, 255, 125, 56,
       249, 245, 244, 249, 189, 236, 251, 207, 255, 222, 234, 235, 237,
       251, 107, 255, 109, 110, 243, 109, 127, 151, 183, 109, 199, 115,
       239, 223, 98, 101, 250, 119, 185, 249, 124, 123, 61, 250, 119,
       253, 49, 127, 107, 185, 236, 169, 105, 240, 29, 152, 76, 55, 246,
       247, 255, 218, 247, 165, 222, 251, 220, 254, 255, 255, 253, 223,
       152, 191, 247, 253, 250, 191, 251, 118, 255, 253, 247, 126, 251,
       191, 255, 251, 125, 247, 255, 247, 127, 127, 127, 247, 239, 223,
       253, 150, 127, 218, 253, 250, 255, 126, 223, 239, 253, 213, 121,
       253, 63, 255, 223, 158, 141, 252, 189, 222, 119, 121, 183, 247,
       191, 251, 255, 188, 222, 51, 215, 253, 218, 47, 157, 95, 9, 175,
       231, 137, 138, 189, 125, 60, 31, 253, 247, 98, 251, 158, 127, 90,
       111, 213, 247, 247, 126, 58, 187, 215, 103, 215, 222, 215, 46,
       202, 248, 250, 107, 36, 94, 232, 237, 183, 80, 245, 63, 147, 234,
       56, 79, 230, 29, 254, 93, 57, 247, 243, 191, 251, 243, 233, 254,
       186, 216, 254, 237, 239, 253, 254, 177, 63, 249, 220, 223, 191,
       125, 127, 252, 253, 155, 251, 251, 245, 127, 203, 121, 251, 127,
       121, 254, 125, 247, 255, 246, 223, 249, 79, 85, 255, 249, 248,
       127, 125, 93, 111, 63, 213, 181, 255, 119, 189, 222, 153, 39, 254,
       229, 152, 253, 94, 215, 191, 173, 243, 123, 50, 254, 191, 253,
       255, 255, 191, 253, 221, 120, 255, 127, 253, 250, 255, 250, 244,
       253, 251, 244, 119, 123, 253, 118, 242, 127, 127, 255, 247, 59,
       127, 91, 127, 235, 215, 108, 214, 254, 210, 121, 249, 253, 90,
       223, 126, 63, 208, 22, 245, 111, 157, 173, 30, 5, 250, 29, 159,
       77, 24, 242, 51, 189, 91, 223, 42, 251, 252, 187, 179, 252, 80,
       102, 228, 247, 198, 136, 218, 183, 71, 198, 155, 88, 127, 139,
       251, 198, 119, 141, 199, 215, 155, 95, 247, 237, 192, 142, 226,
       238, 207, 47, 103, 191, 29, 60, 237, 116, 121, 92, 177, 239, 221,
       61, 183, 239, 251, 172, 137, 211, 240, 127, 28, 209, 70, 248, 83,
       243, 126, 101, 145, 238, 184, 253, 255, 254, 50, 127, 253, 247,
       125, 220, 110, 221, 95, 252, 255, 254, 255, 254, 253, 107, 55,
       252, 245, 179, 251, 127, 243, 250, 125, 215, 254, 255, 230, 70,
       127, 248, 215, 255, 251, 252, 115, 253, 247, 119, 191, 151, 119,
       238, 207, 169, 255, 221, 250, 31, 182, 92, 183, 244, 105, 239,
       223, 189, 137, 254, 156, 59, 247, 245, 48, 125, 185, 255, 216,
       189, 234, 247, 199, 215, 219, 227, 235, 213, 35, 107, 197, 173,
       230, 247, 77, 223, 183, 171, 82, 14, 51, 250, 247, 36, 85, 186,
       82, 120, 233, 116, 112, 92, 56, 47, 213, 22, 245, 111, 153, 172,
       24, 5, 240, 29, 156, 73, 16, 242, 51, 189, 88, 87, 32, 250, 3, 6,
       128, 2, 73, 2, 6, 2, 38, 64, 0, 66, 0, 73, 6, 5, 98, 85, 1, 100,
       64, 7, 136, 99, 74, 128, 24, 12, 146, 8, 0, 73, 212, 38, 80, 154,
       66, 64, 5, 68, 64, 80, 24, 11, 65, 20, 116, 205, 17, 36, 24, 4,
       112, 24, 140, 9, 16, 112, 34, 188, 88, 87, 32, 248, 61, 61, 253,
       184, 18, 127, 113, 127, 245, 228, 215, 180, 93, 254, 191, 198,
       250, 220, 67, 99, 119, 241, 198, 179, 221, 42, 164, 153, 105, 220,
       124, 233, 223, 6, 85, 186, 87, 122, 209, 124, 216, 93, 189, 38,
       208, 53, 227, 110, 155, 172, 153, 13, 242, 29, 157, 77, 56, 242,
       59, 249, 89, 214, 42, 251, 186, 248, 108, 239, 255, 253, 223, 185,
       253, 127, 252, 255, 189, 126, 125, 253, 255, 183, 127, 248, 245,
       119, 155, 124, 243, 253, 125, 191, 255, 243, 255, 254, 143, 236,
       143, 118, 255, 83, 249, 127, 123, 223, 87, 61, 213, 247, 190, 125,
       191, 255, 159, 9, 254, 165, 222, 245, 126, 246, 255, 191, 251,
       223, 190, 220, 64, 2, 131, 145, 200, 198, 170, 225, 8, 238, 2, 6,
       209, 68, 27, 0, 136, 77, 1, 98, 200, 37, 202, 89, 78, 220, 158,
       38, 128, 2, 51, 90, 87, 38, 85, 43, 16, 106, 109, 2, 48, 100, 24,
       46, 69, 12, 229, 51, 25, 44, 24, 5, 209, 29, 156, 8, 16, 98, 51,
       189, 72, 87, 32, 242, 67, 4, 0, 2, 201, 128, 6, 0, 2, 3, 1, 70,
       144, 4, 32, 0, 100, 81, 0, 68, 200, 3, 130, 64, 74, 208, 168, 44,
       146, 8, 17, 0, 212, 36, 81, 186, 82, 96, 137, 96, 112, 88, 24, 15,
       213, 20, 180, 77, 153, 172, 24, 5, 240, 25, 156, 73, 16, 242, 51,
       188, 88, 87, 32, 248, 255, 221, 238, 254, 55, 55, 93, 191, 39,
       199, 253, 248, 63, 234, 54, 254, 245, 246, 101, 247, 63, 190, 245,
       51, 31, 171, 227, 89, 83, 216, 252, 169, 226, 46, 22, 250, 202,
       124, 211, 252, 82, 203, 189, 111, 218, 30, 193, 110, 157, 172, 18,
       5, 122, 29, 149, 73, 144, 242, 113, 191, 93, 94, 42, 251, 3, 4, 0,
       0, 137, 128, 10, 1, 2, 2, 3, 4, 128, 4, 0, 0, 4, 65, 0, 192, 192,
       0, 130, 64, 72, 144, 136, 76, 16, 8, 1, 64, 69, 52, 81, 170, 66,
       40, 128, 64, 112, 16, 16, 11, 212, 20, 164, 77, 145, 172, 24, 5,
       240, 25, 156, 65, 16, 114, 51, 188, 72, 87, 32, 248, 60, 251, 255,
       220, 50, 125, 249, 246, 221, 220, 126, 213, 95, 58, 249, 234, 243,
       220, 227, 107, 245, 56, 228, 247, 233, 47, 165, 250, 93, 207, 127,
       255, 255, 36, 117, 254, 87, 122, 233, 245, 251, 93, 251, 63, 246,
       166, 247, 111, 153, 173, 95, 5, 248, 29, 159, 77, 16, 242, 59,
       253, 89, 31, 32, 250, 45, 166, 109, 163, 255, 253, 163, 120, 253,
       125, 254, 125, 237, 63, 249, 229, 194, 252, 203, 56, 249, 66, 159,
       252, 117, 44, 13, 167, 254, 215, 123, 223, 109, 232, 223, 48, 119,
       179, 173, 60, 253, 85, 90, 158, 68, 227, 122, 113, 185, 125, 157,
       40, 244, 157, 143, 81, 54, 224, 175, 172, 202, 143, 44, 220, 47,
       178, 108, 170, 159, 177, 165, 88, 116, 122, 248, 53, 45, 14, 169,
       101, 194, 252, 3, 240, 225, 82, 153, 124, 4, 172, 40, 131, 222,
       85, 57, 223, 125, 236, 158, 186, 119, 242, 33, 182, 94, 70, 90,
       14, 84, 135, 198, 81, 24, 125, 28, 4, 226, 157, 207, 73, 146, 160,
       175, 156, 202, 94, 38, 180, 254, 250, 255, 239, 255, 183, 159,
       249, 254, 255, 209, 250, 255, 234, 243, 93, 242, 215, 63, 119,
       237, 215, 139, 124, 238, 222, 255, 63, 214, 91, 247, 191, 215,
       237, 221, 95, 90, 253, 237, 119, 113, 94, 104, 63, 221, 28, 216,
       177, 221, 221, 24, 165, 253, 255, 156, 235, 80, 252, 177, 61, 220,
       93, 48, 191, 212, 41, 247, 213, 112, 71, 121, 254, 136, 229, 229,
       219, 211, 225, 146, 74, 171, 205, 62, 111, 14, 173, 230, 147, 15,
       223, 183, 63, 65, 42, 54, 47, 215, 55, 52, 251, 18, 125, 255, 247,
       81, 104, 185, 119, 235, 28, 253, 190, 205, 164, 122, 247, 241,
       126, 148, 202, 209, 254, 113, 251, 92, 117, 145, 250, 254, 250,
       255, 247, 254, 247, 255, 252, 255, 255, 255, 255, 255, 255, 243,
       253, 251, 213, 127, 111, 125, 135, 167, 60, 239, 255, 191, 63,
       223, 91, 118, 187, 240, 37, 93, 255, 82, 117, 237, 244, 114, 92,
       56, 63, 221, 30, 252, 52, 157, 173, 94, 5, 248, 191, 156, 73, 208,
