%YAML:1.0
descriptors: !!opencv-matrix
   rows: 118
   cols: 64
   dt: u
   data: [ 63, 181, 125, 182, 63, 189, 191, 121, 246, 86, 215, 118, 253,
       127, 180, 85, 254, 215, 67, 243, 245, 118, 209, 246, 205, 190,
       245, 219, 82, 30, 245, 233, 223, 44, 85, 190, 90, 120, 233, 116,
       120, 92, 56, 47, 213, 53, 247, 111, 153, 172, 24, 5, 240, 29, 156,
       73, 16, 242, 51, 189, 88, 87, 32, 250, 191, 252, 125, 238, 191,
       61, 253, 250, 255, 125, 252, 251, 111, 59, 244, 221, 251, 244,
       127, 121, 241, 218, 189, 124, 239, 191, 117, 187, 255, 91, 125,
       255, 248, 109, 188, 254, 214, 119, 177, 255, 223, 223, 251, 31,
       218, 179, 220, 93, 173, 181, 87, 141, 104, 190, 143, 77, 248, 244,
       107, 222, 255, 207, 38, 189, 63, 246, 125, 239, 191, 189, 191,
       121, 255, 125, 223, 255, 253, 127, 252, 116, 242, 245, 71, 96,
       245, 98, 147, 116, 125, 190, 165, 63, 126, 223, 125, 255, 215, 36,
       85, 190, 210, 122, 233, 124, 120, 93, 24, 47, 212, 148, 244, 111,
       153, 173, 24, 5, 240, 29, 158, 73, 16, 242, 51, 189, 90, 87, 34,
       250, 63, 244, 125, 238, 63, 189, 253, 121, 247, 93, 253, 251, 255,
       123, 244, 125, 242, 215, 71, 123, 245, 46, 129, 127, 237, 190,
       231, 159, 94, 123, 125, 255, 210, 108, 60, 158, 222, 123, 249,
       245, 219, 222, 251, 47, 210, 23, 244, 79, 137, 181, 16, 5, 232,
       29, 159, 77, 16, 242, 51, 191, 250, 95, 34, 189, 61, 190, 125,
       170, 63, 253, 181, 125, 253, 252, 222, 253, 125, 63, 253, 213,
       251, 252, 99, 112, 245, 98, 223, 253, 221, 253, 241, 171, 127, 95,
       115, 239, 221, 44, 87, 190, 87, 120, 233, 116, 120, 92, 122, 175,
       213, 181, 246, 111, 153, 172, 24, 13, 240, 29, 156, 73, 16, 242,
       51, 189, 90, 87, 32, 250, 13, 170, 207, 185, 216, 242, 166, 86,
       57, 191, 136, 205, 194, 117, 180, 73, 201, 125, 35, 99, 197, 37,
       74, 123, 78, 223, 21, 167, 80, 15, 51, 71, 215, 38, 87, 186, 82,
       120, 233, 116, 112, 92, 56, 47, 213, 84, 247, 107, 153, 172, 24,
       5, 240, 29, 156, 73, 16, 242, 51, 189, 88, 87, 32, 250, 254, 216,
       239, 251, 255, 255, 223, 158, 191, 255, 252, 254, 191, 254, 191,
       255, 251, 245, 123, 119, 252, 119, 210, 119, 111, 255, 249, 63,
       123, 91, 119, 235, 215, 44, 215, 254, 210, 121, 249, 117, 120, 93,
       126, 45, 213, 21, 245, 111, 159, 172, 152, 5, 242, 61, 156, 89,
       48, 246, 51, 189, 91, 223, 44, 250, 62, 189, 255, 249, 55, 255,
       253, 207, 253, 222, 207, 188, 127, 254, 255, 255, 251, 188, 243,
       90, 247, 119, 87, 247, 247, 255, 246, 189, 107, 255, 254, 234,
       143, 78, 199, 190, 250, 123, 249, 125, 120, 93, 118, 105, 245,
       245, 183, 110, 253, 174, 138, 79, 242, 29, 124, 85, 60, 178, 255,
       191, 187, 223, 239, 218, 124, 59, 247, 252, 54, 55, 121, 255, 245,
       252, 214, 53, 125, 251, 187, 239, 242, 252, 203, 106, 245, 251,
       214, 191, 207, 170, 166, 153, 127, 221, 124, 239, 127, 46, 118,
       190, 222, 118, 145, 245, 222, 95, 219, 30, 202, 167, 195, 78, 185,
       44, 222, 199, 242, 29, 159, 77, 148, 242, 123, 222, 251, 6, 38,
       245, 141, 254, 116, 109, 189, 249, 174, 120, 121, 187, 234, 251,
       238, 117, 204, 233, 235, 237, 175, 251, 237, 101, 75, 249, 197,
       127, 241, 247, 124, 71, 227, 247, 223, 224, 221, 184, 117, 184,
       249, 117, 125, 92, 122, 63, 245, 179, 255, 123, 184, 255, 24, 37,
       240, 157, 223, 77, 22, 247, 151, 183, 218, 87, 164, 94, 28, 175,
       247, 213, 56, 247, 248, 247, 153, 253, 78, 221, 211, 212, 251,
       236, 235, 221, 251, 107, 244, 45, 238, 219, 123, 106, 166, 230,
       76, 71, 63, 254, 239, 51, 125, 184, 87, 255, 249, 244, 217, 124,
       251, 38, 233, 39, 251, 107, 153, 172, 56, 117, 240, 29, 156, 73,
       20, 250, 115, 175, 90, 87, 33, 254, 29, 54, 245, 37, 252, 160,
       175, 120, 80, 184, 194, 119, 224, 69, 129, 1, 107, 237, 195, 210,
       241, 37, 75, 221, 132, 124, 240, 230, 92, 71, 227, 199, 95, 160,
       221, 52, 61, 184, 105, 101, 109, 68, 122, 174, 229, 97, 191, 123,
       184, 254, 8, 67, 244, 188, 28, 65, 38, 179, 151, 135, 170, 71,
       100, 70, 220, 57, 255, 245, 112, 119, 125, 246, 28, 255, 197, 155,
       87, 224, 146, 202, 235, 221, 187, 111, 47, 173, 230, 59, 15, 223,
       183, 175, 81, 5, 50, 239, 83, 39, 52, 251, 86, 253, 245, 116, 120,
       236, 185, 127, 239, 12, 95, 254, 157, 172, 126, 245, 249, 62, 148,
       73, 208, 252, 41, 223, 93, 23, 33, 254, 126, 49, 113, 150, 22, 7,
       31, 123, 198, 70, 209, 50, 117, 194, 144, 82, 242, 212, 3, 100,
       73, 160, 129, 54, 76, 136, 164, 9, 210, 12, 48, 41, 82, 36, 84,
       186, 66, 112, 129, 212, 80, 72, 24, 15, 208, 20, 192, 76, 153,
       172, 24, 5, 112, 29, 156, 73, 16, 242, 51, 188, 88, 86, 32, 248,
       223, 250, 76, 173, 255, 248, 183, 208, 57, 61, 254, 251, 206, 61,
       236, 249, 233, 253, 63, 249, 233, 65, 175, 120, 109, 221, 185,
       191, 255, 71, 123, 255, 245, 229, 85, 123, 127, 243, 173, 247,
       255, 222, 106, 63, 213, 23, 254, 49, 153, 253, 30, 5, 252, 189,
       159, 109, 24, 246, 179, 188, 216, 87, 54, 253, 55, 53, 125, 150,
       55, 141, 31, 120, 230, 70, 149, 48, 253, 106, 180, 84, 246, 214,
       3, 244, 65, 34, 193, 118, 204, 188, 229, 73, 82, 28, 241, 41, 214,
       44, 85, 190, 74, 120, 129, 116, 112, 88, 56, 47, 212, 20, 245, 78,
       153, 172, 24, 5, 240, 29, 156, 73, 16, 242, 51, 189, 88, 87, 32,
       250, 191, 255, 251, 255, 255, 180, 223, 137, 255, 255, 57, 250,
       175, 75, 183, 93, 243, 247, 60, 123, 207, 127, 218, 127, 238, 215,
       247, 127, 95, 123, 247, 127, 247, 238, 222, 191, 242, 253, 251,
       119, 98, 78, 235, 109, 247, 20, 213, 127, 221, 190, 24, 71, 244,
       181, 156, 105, 16, 246, 243, 159, 250, 223, 185, 254, 13, 222,
       110, 104, 60, 125, 189, 114, 57, 254, 234, 203, 76, 125, 93, 141,
       137, 236, 239, 235, 244, 116, 152, 251, 73, 127, 183, 178, 125,
       87, 123, 215, 219, 208, 221, 32, 247, 250, 248, 113, 126, 94, 122,
       191, 214, 163, 246, 107, 186, 253, 28, 5, 244, 29, 159, 77, 22,
       247, 183, 191, 218, 211, 104, 190, 252, 59, 255, 253, 54, 117,
       121, 255, 255, 220, 215, 183, 127, 254, 187, 254, 251, 220, 99,
       111, 127, 173, 231, 182, 221, 171, 246, 249, 219, 220, 254, 169,
       218, 36, 117, 254, 218, 122, 209, 125, 120, 93, 185, 62, 245, 181,
       231, 110, 153, 172, 28, 7, 240, 31, 156, 73, 16, 242, 115, 191,
       88, 86, 32, 250, 11, 210, 76, 174, 63, 250, 159, 4, 53, 191, 57,
       200, 12, 57, 116, 251, 237, 212, 13, 233, 192, 96, 172, 59, 77,
       143, 169, 63, 95, 3, 57, 127, 241, 164, 84, 186, 82, 112, 161,
       246, 246, 94, 120, 47, 208, 22, 212, 79, 153, 173, 94, 5, 240, 29,
       151, 73, 144, 242, 35, 156, 88, 86, 34, 185, 62, 51, 125, 252, 54,
       63, 121, 123, 247, 94, 215, 53, 125, 120, 189, 86, 246, 252, 67,
       114, 245, 114, 209, 247, 221, 170, 228, 217, 122, 220, 253, 233,
       222, 44, 87, 190, 222, 122, 209, 125, 252, 221, 29, 15, 212, 167,
       231, 78, 155, 172, 152, 13, 242, 29, 159, 89, 56, 242, 59, 189,
       122, 214, 42, 249, 204, 43, 231, 213, 104, 111, 226, 247, 61, 253,
       70, 215, 211, 241, 251, 234, 170, 217, 249, 111, 246, 173, 238,
       243, 91, 107, 150, 166, 104, 197, 50, 207, 255, 35, 117, 187, 85,
       254, 253, 244, 221, 124, 184, 54, 233, 38, 123, 235, 157, 172,
       120, 21, 241, 31, 157, 76, 16, 254, 51, 189, 72, 87, 33, 250, 59,
       214, 124, 252, 54, 253, 91, 117, 55, 255, 125, 217, 29, 57, 244,
       246, 255, 212, 5, 105, 184, 96, 164, 59, 77, 175, 165, 31, 123,
       95, 125, 255, 240, 36, 52, 186, 82, 114, 177, 244, 214, 222, 57,
       47, 210, 22, 192, 110, 137, 173, 86, 5, 248, 29, 151, 77, 152,
       242, 35, 156, 89, 86, 34, 185, 205, 233, 231, 253, 244, 103, 255,
       246, 252, 253, 249, 219, 75, 205, 150, 235, 171, 221, 63, 111, 46,
       141, 230, 59, 79, 223, 191, 175, 211, 15, 50, 191, 243, 39, 53,
       251, 82, 117, 253, 247, 115, 106, 184, 127, 223, 28, 125, 176,
