%YAML:1.0
descriptors: !!opencv-matrix
   rows: 77
   cols: 64
   dt: u
   data: [ 191, 245, 124, 174, 55, 55, 95, 24, 247, 71, 245, 250, 63,
       107, 180, 93, 242, 247, 7, 245, 113, 114, 177, 118, 228, 170, 229,
       25, 123, 124, 252, 169, 214, 108, 150, 190, 202, 120, 145, 253,
       94, 203, 60, 15, 208, 81, 208, 78, 153, 174, 24, 13, 120, 29, 157,
       77, 56, 182, 51, 156, 120, 222, 46, 249, 60, 51, 241, 176, 16, 35,
       41, 126, 212, 186, 224, 49, 99, 194, 144, 66, 242, 204, 195, 67,
       225, 172, 193, 151, 140, 170, 166, 137, 82, 12, 32, 232, 123, 38,
       20, 190, 21, 56, 1, 244, 216, 68, 50, 14, 194, 37, 3, 78, 153, 44,
       24, 1, 224, 28, 156, 65, 16, 242, 51, 157, 88, 22, 33, 251, 253,
       255, 255, 255, 254, 127, 253, 255, 255, 253, 254, 255, 127, 255,
       251, 252, 251, 213, 127, 111, 125, 207, 183, 188, 255, 255, 255,
       187, 255, 223, 126, 191, 248, 111, 117, 255, 214, 119, 253, 252,
       219, 93, 251, 62, 221, 167, 252, 244, 141, 173, 94, 141, 248, 191,
       143, 77, 208, 244, 105, 188, 94, 94, 34, 184, 193, 203, 135, 245,
       232, 198, 251, 206, 61, 255, 105, 203, 131, 233, 210, 174, 171,
       221, 61, 111, 14, 141, 238, 59, 79, 223, 187, 62, 213, 35, 50, 63,
       243, 183, 60, 123, 82, 253, 254, 246, 83, 104, 232, 126, 187, 28,
       89, 179, 205, 137, 118, 245, 217, 254, 180, 238, 209, 252, 113,
       95, 93, 117, 145, 190, 255, 254, 127, 253, 255, 255, 255, 249,
       253, 127, 252, 251, 255, 127, 254, 125, 243, 253, 255, 118, 253,
       255, 155, 124, 239, 255, 251, 255, 254, 119, 247, 255, 219, 237,
       223, 255, 247, 249, 253, 117, 120, 93, 123, 63, 213, 53, 255, 125,
       189, 191, 24, 5, 248, 191, 156, 73, 86, 254, 247, 191, 254, 223,
       60, 190, 60, 101, 237, 252, 50, 55, 121, 111, 245, 230, 245, 176,
       93, 170, 181, 78, 146, 252, 67, 107, 55, 242, 244, 183, 93, 170,
       166, 153, 65, 188, 124, 233, 226, 28, 166, 174, 195, 120, 209,
       253, 154, 235, 189, 140, 242, 53, 67, 110, 27, 172, 58, 79, 96,
       29, 180, 92, 152, 242, 123, 221, 123, 214, 107, 243, 252, 255,
       255, 253, 246, 255, 255, 247, 253, 255, 250, 255, 223, 253, 251,
       238, 251, 221, 251, 111, 255, 253, 246, 191, 255, 255, 183, 191,
       125, 223, 126, 191, 231, 103, 127, 251, 214, 127, 253, 117, 254,
       93, 251, 190, 255, 167, 255, 127, 157, 173, 30, 221, 242, 63, 159,
       93, 212, 254, 123, 255, 95, 95, 43, 246, 213, 61, 183, 85, 232,
       199, 254, 247, 42, 237, 171, 79, 214, 229, 179, 59, 239, 205, 187,
       103, 206, 173, 110, 155, 207, 223, 191, 110, 192, 15, 178, 126,
       247, 39, 117, 187, 16, 253, 239, 118, 112, 92, 56, 46, 237, 28,
       253, 191, 153, 172, 24, 117, 240, 95, 156, 75, 17, 250, 51, 189,
       92, 87, 33, 250, 191, 221, 252, 254, 63, 63, 253, 123, 183, 255,
       252, 251, 191, 123, 180, 95, 255, 255, 103, 243, 245, 118, 209,
       127, 109, 255, 247, 127, 91, 95, 247, 235, 215, 44, 213, 190, 83,
       120, 249, 117, 122, 94, 58, 47, 213, 21, 247, 111, 153, 172, 24,
       5, 240, 29, 156, 73, 16, 242, 51, 189, 88, 87, 32, 250, 197, 141,
       179, 93, 201, 198, 231, 238, 158, 237, 136, 223, 131, 237, 150,
       172, 235, 221, 187, 103, 206, 175, 238, 123, 79, 223, 191, 110,
       209, 11, 51, 111, 215, 39, 85, 187, 16, 253, 239, 118, 112, 92,
       56, 47, 221, 28, 253, 183, 153, 172, 24, 53, 241, 127, 156, 75,
       80, 254, 51, 189, 88, 87, 49, 250, 44, 254, 247, 255, 62, 253,
       164, 83, 124, 253, 46, 203, 223, 82, 255, 205, 235, 253, 33, 99,
       213, 36, 91, 123, 79, 223, 181, 171, 95, 79, 51, 231, 215, 36, 87,
       186, 83, 120, 233, 116, 112, 92, 58, 47, 213, 84, 247, 111, 153,
       172, 24, 5, 240, 29, 156, 73, 16, 242, 51, 189, 88, 87, 32, 250,
       69, 5, 173, 152, 0, 15, 37, 119, 37, 102, 173, 128, 81, 173, 52,
       14, 137, 92, 67, 101, 26, 224, 208, 163, 93, 33, 132, 76, 81, 132,
       56, 9, 192, 20, 48, 170, 0, 104, 1, 72, 50, 170, 60, 167, 22, 52,
       101, 110, 17, 160, 56, 12, 96, 25, 148, 12, 24, 226, 43, 184, 89,
       86, 42, 251, 141, 138, 195, 231, 253, 248, 171, 216, 184, 249, 66,
       95, 131, 87, 201, 129, 106, 221, 189, 42, 204, 13, 142, 121, 111,
       220, 57, 167, 222, 67, 51, 95, 87, 225, 125, 49, 117, 255, 237,
       54, 229, 84, 74, 62, 77, 133, 248, 177, 136, 221, 24, 37, 245,
       231, 141, 233, 84, 220, 183, 173, 196, 7, 48, 182, 18, 17, 16, 50,
       5, 34, 44, 2, 2, 10, 65, 32, 32, 2, 4, 19, 100, 10, 1, 208, 65,
       32, 65, 3, 132, 136, 226, 201, 82, 32, 160, 96, 82, 36, 148, 162,
       41, 104, 0, 64, 0, 66, 20, 9, 210, 21, 135, 78, 24, 174, 24, 4,
       96, 24, 92, 65, 18, 179, 19, 144, 24, 82, 32, 99, 207, 200, 219,
       255, 251, 199, 223, 200, 191, 255, 44, 255, 147, 238, 247, 253,
       235, 213, 61, 103, 206, 47, 238, 123, 111, 223, 63, 47, 215, 75,
       51, 127, 247, 167, 93, 251, 82, 253, 239, 246, 115, 94, 104, 127,
       221, 30, 253, 179, 221, 172, 26, 5, 249, 127, 156, 235, 80, 252,
       51, 189, 92, 87, 51, 251, 60, 255, 255, 253, 54, 253, 253, 249,
       221, 222, 223, 254, 253, 126, 249, 254, 251, 221, 251, 111, 55,
       126, 210, 247, 189, 254, 247, 185, 126, 255, 126, 187, 198, 78,
       255, 254, 222, 127, 249, 125, 252, 221, 247, 127, 247, 167, 245,
       127, 190, 191, 189, 207, 250, 189, 191, 93, 108, 246, 123, 251,
       251, 159, 237, 246, 227, 254, 71, 227, 255, 186, 135, 152, 238,
       89, 186, 123, 175, 95, 194, 93, 99, 245, 61, 55, 205, 47, 187,
       124, 70, 223, 57, 39, 190, 26, 35, 31, 215, 239, 94, 155, 114, 56,
       253, 180, 101, 84, 42, 191, 205, 8, 253, 149, 136, 189, 24, 1,
       241, 183, 142, 235, 16, 244, 50, 191, 88, 87, 52, 120, 60, 173,
       255, 252, 50, 127, 113, 255, 253, 252, 214, 181, 93, 255, 255,
       238, 251, 220, 227, 107, 245, 248, 228, 179, 93, 171, 182, 153,
       105, 223, 62, 235, 247, 38, 117, 250, 86, 122, 217, 124, 250, 221,
       253, 38, 212, 183, 225, 110, 155, 172, 159, 13, 240, 29, 157, 77,
       24, 242, 123, 253, 91, 86, 35, 251, 60, 46, 255, 252, 58, 117,
       241, 119, 241, 252, 206, 181, 85, 52, 187, 230, 251, 200, 195,
       106, 245, 112, 84, 151, 221, 41, 164, 208, 109, 213, 255, 239,
       239, 80, 103, 190, 220, 250, 249, 124, 124, 29, 243, 166, 244,
       167, 247, 111, 187, 172, 173, 75, 242, 29, 152, 93, 38, 243, 95,
       237, 251, 207, 105, 254, 190, 254, 127, 239, 63, 125, 253, 255,
       255, 252, 126, 253, 63, 62, 255, 252, 251, 212, 109, 107, 244, 82,
       252, 124, 125, 253, 181, 59, 127, 219, 127, 255, 229, 100, 125,
       250, 214, 123, 249, 245, 243, 223, 127, 62, 214, 134, 244, 109,
       143, 173, 223, 13, 250, 31, 159, 77, 144, 242, 123, 252, 219, 31,
       42, 254, 227, 253, 255, 95, 245, 26, 91, 138, 235, 199, 165, 234,
       238, 251, 70, 31, 230, 231, 62, 255, 15, 239, 115, 119, 231, 215,
       243, 127, 211, 62, 226, 33, 210, 45, 22, 223, 202, 61, 251, 253,
       114, 218, 56, 253, 219, 88, 245, 63, 217, 175, 16, 3, 232, 29,
       158, 79, 16, 247, 49, 63, 124, 213, 176, 251, 109, 46, 229, 169,
       216, 191, 47, 245, 45, 127, 202, 31, 217, 45, 255, 228, 194, 125,
       219, 96, 249, 197, 218, 120, 95, 232, 60, 167, 220, 213, 59, 207,
       85, 225, 93, 59, 117, 247, 45, 62, 236, 68, 90, 158, 87, 139, 110,
       145, 28, 108, 24, 36, 195, 255, 143, 44, 200, 236, 163, 188, 206,
       199, 58, 180, 207, 253, 206, 95, 55, 123, 221, 154, 123, 151, 173,
       234, 190, 251, 110, 251, 229, 247, 61, 255, 47, 253, 115, 115,
       231, 239, 243, 123, 255, 79, 246, 49, 246, 103, 118, 251, 90, 125,
       251, 253, 242, 255, 60, 127, 219, 94, 253, 190, 221, 173, 30, 69,
       248, 191, 159, 77, 25, 246, 49, 191, 93, 124, 160, 251, 187, 253,
       255, 222, 55, 253, 221, 62, 255, 215, 253, 248, 63, 123, 246, 223,
       255, 246, 118, 187, 183, 127, 247, 127, 253, 247, 247, 127, 127,
       123, 222, 107, 223, 108, 188, 222, 222, 125, 251, 127, 114, 223,
       239, 111, 183, 52, 245, 111, 159, 190, 31, 143, 248, 29, 254, 93,
