%YAML:1.0
descriptors: !!opencv-matrix
   rows: 142
   cols: 64
   dt: u
   data: [ 120, 61, 255, 244, 114, 47, 125, 123, 245, 212, 215, 147, 95,
       248, 182, 78, 182, 221, 123, 111, 54, 189, 208, 247, 255, 250,
       182, 220, 120, 245, 124, 233, 199, 55, 54, 255, 210, 124, 210,
       125, 248, 255, 245, 111, 251, 60, 245, 111, 221, 172, 185, 223,
       242, 61, 157, 93, 81, 254, 123, 255, 123, 63, 137, 251, 204, 201,
       239, 221, 226, 127, 127, 247, 61, 245, 111, 143, 211, 252, 254,
       238, 139, 221, 253, 111, 30, 157, 230, 59, 111, 223, 159, 54, 209,
       199, 62, 191, 242, 55, 116, 251, 82, 247, 246, 246, 210, 255, 249,
       118, 187, 158, 109, 178, 205, 137, 118, 245, 217, 255, 183, 174,
       209, 252, 105, 127, 93, 52, 147, 187, 253, 253, 255, 252, 55, 111,
       125, 127, 253, 220, 253, 185, 127, 254, 254, 255, 251, 244, 115,
       111, 55, 190, 244, 55, 127, 239, 231, 57, 123, 95, 126, 169, 242,
       38, 53, 254, 82, 125, 209, 252, 122, 223, 252, 47, 222, 23, 117,
       238, 157, 164, 94, 133, 250, 31, 149, 77, 152, 242, 123, 191, 89,
       94, 34, 251, 121, 23, 229, 252, 254, 191, 127, 123, 245, 92, 210,
       17, 253, 121, 185, 69, 226, 213, 75, 102, 246, 47, 128, 119, 78,
       170, 166, 29, 222, 20, 57, 233, 215, 38, 84, 186, 82, 114, 209,
       116, 252, 126, 152, 15, 193, 132, 193, 79, 153, 173, 24, 5, 240,
       29, 159, 73, 16, 242, 115, 159, 88, 71, 33, 249, 11, 150, 2, 35,
       221, 176, 163, 152, 56, 187, 66, 105, 160, 27, 137, 1, 106, 213,
       153, 16, 200, 1, 143, 120, 32, 216, 56, 39, 222, 65, 33, 95, 117,
       225, 220, 49, 119, 243, 45, 54, 193, 84, 74, 14, 65, 133, 216, 81,
       184, 93, 24, 37, 245, 165, 141, 233, 22, 248, 167, 140, 194, 95,
       52, 124, 57, 246, 125, 237, 254, 189, 191, 249, 253, 94, 254, 17,
       125, 125, 249, 196, 243, 212, 75, 106, 244, 98, 149, 244, 125,
       252, 165, 153, 254, 84, 121, 251, 112, 100, 93, 186, 214, 114,
       145, 124, 126, 94, 24, 190, 212, 167, 196, 76, 153, 173, 30, 5,
       248, 29, 159, 77, 144, 246, 59, 156, 90, 6, 34, 176, 187, 213,
       125, 238, 55, 61, 125, 122, 247, 95, 253, 217, 127, 185, 180, 95,
       242, 244, 95, 105, 112, 210, 177, 62, 108, 191, 167, 27, 255, 89,
       124, 169, 208, 100, 28, 254, 82, 117, 145, 245, 82, 206, 26, 31,
       210, 148, 196, 92, 137, 165, 30, 5, 104, 28, 159, 77, 152, 246,
       59, 156, 92, 22, 34, 185, 56, 223, 127, 239, 54, 125, 253, 255,
       255, 220, 254, 157, 125, 61, 253, 254, 243, 212, 91, 110, 116, 82,
       180, 55, 125, 237, 165, 25, 127, 91, 126, 185, 240, 100, 85, 250,
       210, 115, 217, 244, 242, 223, 56, 62, 212, 134, 228, 108, 153,
       173, 94, 13, 248, 29, 159, 77, 16, 242, 59, 188, 91, 94, 34, 249,
       31, 177, 205, 186, 63, 249, 149, 62, 118, 188, 222, 53, 125, 126,
       57, 113, 253, 254, 65, 242, 229, 112, 195, 243, 205, 191, 224,
       223, 122, 78, 245, 235, 223, 44, 85, 186, 91, 120, 233, 124, 112,
       93, 60, 47, 212, 21, 247, 111, 153, 172, 24, 5, 240, 29, 156, 73,
       16, 242, 51, 189, 88, 87, 32, 250, 63, 54, 117, 162, 31, 173, 39,
       121, 231, 78, 210, 49, 253, 43, 176, 85, 242, 244, 67, 112, 241,
       66, 145, 116, 220, 184, 236, 137, 122, 156, 121, 233, 196, 44, 87,
       190, 210, 120, 129, 124, 124, 84, 24, 143, 212, 49, 228, 77, 153,
       172, 24, 13, 240, 29, 156, 73, 24, 242, 51, 188, 90, 87, 40, 248,
       62, 250, 125, 237, 255, 189, 191, 249, 255, 255, 215, 251, 253,
       122, 249, 212, 242, 213, 79, 107, 253, 38, 130, 124, 77, 254, 165,
       63, 86, 31, 117, 255, 247, 36, 84, 190, 82, 123, 233, 246, 218,
       94, 56, 46, 209, 22, 216, 127, 153, 173, 24, 5, 240, 29, 157, 73,
       16, 242, 51, 189, 88, 87, 34, 251, 114, 65, 73, 154, 19, 11, 89,
       11, 71, 66, 61, 182, 49, 202, 252, 118, 226, 214, 4, 68, 10, 176,
       128, 34, 12, 132, 161, 9, 147, 170, 30, 41, 144, 36, 21, 218, 66,
       112, 131, 214, 162, 203, 20, 73, 148, 30, 228, 12, 213, 164, 18,
       4, 42, 25, 180, 75, 16, 114, 56, 56, 93, 84, 50, 177, 63, 116,
       125, 170, 158, 125, 37, 125, 247, 68, 254, 48, 125, 63, 252, 245,
       243, 246, 71, 96, 113, 210, 185, 52, 220, 173, 109, 201, 251, 158,
       249, 233, 224, 108, 70, 190, 194, 114, 1, 252, 254, 215, 28, 143,
       84, 115, 228, 76, 153, 44, 146, 8, 120, 29, 135, 89, 56, 240, 43,
       188, 90, 214, 42, 249, 250, 57, 254, 246, 54, 119, 220, 55, 215,
       158, 213, 245, 127, 214, 50, 94, 253, 147, 114, 223, 183, 127,
       227, 215, 185, 126, 246, 222, 74, 245, 246, 234, 207, 60, 167,
       246, 223, 121, 250, 125, 88, 221, 247, 111, 247, 117, 183, 111,
       191, 170, 139, 207, 242, 29, 120, 85, 119, 243, 127, 251, 123,
       187, 233, 202, 190, 253, 255, 254, 55, 63, 93, 123, 247, 255, 253,
       250, 127, 250, 244, 127, 247, 247, 119, 123, 55, 254, 241, 119,
       253, 255, 247, 123, 123, 255, 254, 233, 210, 44, 150, 254, 210,
       120, 249, 253, 122, 223, 253, 111, 210, 20, 245, 111, 155, 173,
       26, 13, 248, 29, 158, 93, 16, 242, 115, 191, 123, 223, 40, 251,
       255, 254, 125, 239, 255, 191, 159, 217, 255, 127, 252, 251, 239,
       123, 246, 125, 242, 247, 127, 113, 249, 87, 187, 124, 254, 255,
       125, 63, 255, 91, 255, 255, 215, 237, 222, 223, 242, 113, 189,
       247, 95, 223, 74, 159, 209, 94, 252, 21, 141, 189, 24, 13, 232,
       183, 143, 127, 88, 244, 179, 156, 222, 223, 62, 189, 58, 54, 125,
       138, 54, 31, 30, 57, 199, 194, 147, 52, 125, 54, 121, 86, 244,
       214, 66, 244, 209, 114, 209, 246, 157, 144, 236, 93, 82, 252, 253,
       232, 196, 44, 199, 190, 218, 122, 129, 117, 176, 93, 53, 45, 212,
       246, 164, 110, 155, 174, 24, 15, 242, 29, 221, 89, 16, 243, 59,
       188, 121, 219, 104, 242, 101, 37, 229, 208, 80, 7, 69, 79, 164,
       68, 137, 48, 81, 237, 180, 71, 130, 116, 67, 102, 23, 174, 16,
       163, 94, 170, 134, 13, 32, 140, 24, 9, 210, 38, 6, 186, 0, 112,
       83, 92, 52, 98, 156, 199, 68, 124, 229, 78, 17, 36, 16, 76, 34,
       24, 148, 9, 25, 98, 115, 191, 72, 102, 161, 248, 60, 190, 111,
       171, 191, 253, 163, 253, 253, 254, 222, 253, 253, 62, 251, 229,
       251, 252, 195, 106, 245, 115, 223, 124, 125, 253, 60, 179, 126,
       223, 127, 255, 253, 100, 87, 186, 119, 122, 233, 124, 252, 93,
       126, 46, 213, 183, 243, 109, 185, 172, 24, 5, 242, 29, 156, 73,
       16, 242, 55, 189, 219, 95, 32, 254, 62, 116, 125, 174, 55, 253,
       29, 125, 247, 86, 253, 180, 125, 62, 189, 118, 251, 212, 67, 112,
       241, 114, 209, 52, 221, 189, 229, 25, 83, 222, 125, 233, 192, 44,
       87, 190, 218, 120, 137, 125, 122, 93, 53, 47, 212, 52, 244, 108,
       155, 172, 24, 5, 240, 29, 156, 89, 16, 242, 51, 188, 88, 86, 40,
       250, 252, 249, 255, 253, 54, 127, 121, 255, 253, 255, 253, 249,
       127, 250, 254, 238, 251, 212, 127, 111, 63, 255, 230, 55, 125,
       239, 183, 191, 123, 223, 126, 171, 243, 39, 54, 251, 214, 125,
       249, 253, 250, 255, 253, 63, 251, 55, 117, 238, 157, 172, 126,
       149, 250, 29, 157, 77, 152, 246, 123, 255, 91, 94, 35, 251, 54,
       52, 72, 162, 23, 84, 28, 5, 71, 66, 57, 240, 56, 6, 148, 118, 235,
       214, 1, 241, 65, 0, 193, 112, 76, 157, 177, 41, 82, 58, 187, 41,
       212, 36, 21, 186, 74, 120, 9, 116, 112, 200, 56, 41, 212, 20, 244,
       108, 153, 172, 24, 5, 224, 29, 156, 73, 16, 242, 51, 188, 88, 87,
       32, 250, 6, 170, 194, 99, 220, 208, 130, 197, 120, 187, 2, 125,
       160, 87, 203, 241, 235, 213, 185, 34, 205, 37, 207, 125, 111, 202,
       62, 39, 94, 11, 51, 126, 119, 167, 93, 59, 118, 251, 237, 54, 241,
       84, 106, 46, 213, 6, 249, 115, 153, 236, 24, 37, 244, 149, 156,
       105, 16, 242, 179, 189, 216, 87, 32, 254, 254, 186, 247, 247, 255,
       255, 255, 249, 206, 255, 219, 126, 255, 254, 251, 252, 251, 215,
       123, 102, 239, 143, 143, 125, 207, 223, 255, 111, 210, 155, 247,
       191, 215, 167, 85, 127, 82, 247, 253, 118, 112, 92, 232, 63, 221,
       28, 253, 177, 221, 204, 24, 181, 213, 255, 156, 235, 80, 252, 177,
