%YAML:1.0
descriptors: !!opencv-matrix
   rows: 136
   cols: 64
   dt: u
   data: [ 255, 254, 125, 239, 255, 255, 223, 57, 255, 125, 253, 251,
       255, 127, 252, 253, 255, 247, 254, 189, 253, 127, 51, 253, 247,
       255, 253, 255, 255, 127, 255, 255, 207, 237, 255, 247, 255, 121,
       249, 125, 127, 223, 123, 191, 253, 243, 254, 127, 173, 247, 143,
       79, 252, 191, 223, 255, 126, 247, 255, 191, 251, 223, 254, 222,
       195, 134, 128, 35, 205, 162, 135, 152, 60, 59, 0, 75, 168, 11, 34,
       5, 66, 117, 185, 16, 200, 7, 139, 124, 66, 216, 24, 38, 158, 1,
       35, 71, 85, 231, 220, 49, 113, 129, 45, 34, 101, 68, 74, 9, 69,
       89, 92, 209, 24, 92, 24, 36, 213, 160, 140, 171, 16, 172, 166,
       156, 196, 87, 48, 124, 3, 6, 0, 34, 205, 160, 134, 8, 36, 123, 2,
       67, 138, 77, 0, 5, 96, 101, 5, 240, 192, 39, 154, 121, 70, 218,
       40, 39, 210, 1, 33, 71, 87, 164, 94, 56, 115, 40, 45, 70, 64, 68,
       24, 139, 193, 64, 245, 67, 152, 172, 24, 0, 244, 29, 156, 73, 16,
       242, 51, 189, 72, 87, 32, 248, 254, 253, 238, 255, 255, 127, 223,
       185, 253, 253, 253, 255, 255, 254, 126, 254, 245, 223, 127, 255,
       125, 255, 183, 60, 255, 111, 255, 255, 255, 247, 255, 191, 235,
       125, 85, 255, 255, 119, 248, 253, 218, 223, 255, 62, 221, 63, 255,
       125, 175, 175, 223, 143, 248, 191, 157, 221, 114, 247, 125, 190,
       255, 222, 58, 189, 188, 253, 255, 191, 63, 103, 181, 255, 246,
       252, 252, 247, 127, 254, 179, 254, 251, 214, 99, 99, 245, 167,
       229, 183, 223, 255, 245, 171, 211, 222, 242, 251, 255, 36, 85,
       190, 83, 120, 233, 116, 120, 93, 56, 47, 213, 53, 247, 111, 153,
       172, 24, 5, 240, 29, 156, 73, 16, 242, 51, 189, 88, 87, 32, 250,
       195, 4, 128, 34, 205, 130, 4, 2, 32, 43, 0, 66, 130, 201, 2, 17,
       108, 101, 37, 193, 192, 7, 202, 107, 70, 218, 184, 46, 146, 0, 33,
       71, 215, 164, 84, 58, 83, 40, 41, 98, 64, 64, 24, 139, 209, 16,
       245, 75, 25, 172, 24, 5, 240, 28, 156, 73, 16, 242, 51, 189, 88,
       87, 32, 250, 252, 253, 255, 255, 54, 127, 253, 255, 221, 252, 254,
       253, 127, 254, 251, 254, 243, 212, 119, 107, 117, 187, 245, 183,
       255, 239, 231, 155, 91, 223, 254, 251, 235, 36, 85, 254, 214, 114,
       233, 244, 218, 95, 57, 62, 220, 55, 215, 110, 153, 172, 94, 13,
       248, 29, 157, 73, 16, 242, 123, 189, 91, 86, 34, 248, 64, 9, 139,
       223, 64, 71, 221, 175, 150, 238, 5, 136, 19, 196, 19, 14, 47, 87,
       56, 39, 142, 173, 230, 43, 11, 211, 182, 46, 17, 9, 18, 107, 215,
       55, 49, 57, 18, 108, 246, 96, 112, 106, 160, 110, 191, 28, 193,
       239, 25, 168, 26, 149, 177, 88, 156, 202, 209, 250, 51, 187, 88,
       85, 3, 251, 250, 220, 239, 255, 255, 127, 221, 159, 189, 253, 124,
       219, 191, 254, 127, 253, 251, 213, 61, 111, 236, 157, 238, 59,
       111, 207, 187, 63, 255, 83, 54, 255, 247, 165, 117, 251, 115, 119,
       253, 246, 115, 223, 122, 63, 221, 30, 253, 253, 221, 173, 94, 133,
       248, 63, 157, 73, 80, 244, 59, 189, 93, 94, 50, 249, 151, 248,
       218, 117, 253, 248, 251, 200, 159, 187, 254, 255, 162, 74, 203,
       249, 235, 213, 191, 11, 207, 47, 174, 120, 111, 223, 51, 39, 215,
       43, 35, 127, 247, 231, 125, 91, 118, 255, 255, 183, 241, 124, 235,
       126, 159, 30, 121, 179, 205, 221, 126, 245, 221, 231, 173, 235,
       209, 220, 244, 111, 212, 125, 177, 190, 188, 251, 255, 223, 255,
       253, 255, 253, 255, 221, 254, 255, 255, 127, 255, 253, 255, 247,
       250, 59, 245, 127, 247, 247, 249, 127, 119, 247, 127, 251, 223,
       255, 223, 107, 255, 244, 254, 91, 251, 125, 125, 93, 251, 119,
       245, 183, 253, 111, 191, 191, 143, 207, 248, 165, 158, 93, 126,
       247, 254, 239, 251, 255, 173, 222, 197, 238, 215, 99, 217, 248,
       163, 248, 120, 185, 202, 127, 226, 127, 203, 169, 75, 205, 189,
       42, 237, 77, 142, 248, 99, 255, 25, 167, 254, 67, 35, 95, 95, 195,
       221, 113, 53, 191, 253, 38, 109, 116, 106, 183, 77, 137, 126, 177,
       236, 93, 60, 176, 213, 231, 142, 238, 70, 204, 134, 39, 198, 71,
       149, 30, 208, 139, 159, 215, 96, 223, 223, 251, 159, 253, 55, 203,
       151, 241, 90, 138, 239, 215, 124, 47, 142, 45, 230, 227, 75, 215,
       183, 126, 16, 139, 18, 127, 215, 39, 113, 185, 82, 124, 250, 116,
       240, 124, 169, 47, 191, 28, 245, 111, 153, 168, 24, 69, 240, 29,
       157, 75, 81, 250, 51, 191, 88, 85, 1, 250, 157, 254, 86, 97, 253,
       248, 167, 248, 56, 61, 202, 127, 236, 61, 201, 161, 235, 237, 191,
       104, 237, 69, 139, 248, 99, 125, 89, 182, 252, 71, 227, 223, 221,
       227, 249, 49, 117, 147, 253, 38, 253, 20, 106, 55, 77, 163, 126,
       241, 172, 85, 77, 52, 213, 231, 139, 237, 102, 220, 135, 165, 194,
       79, 52, 94, 141, 246, 125, 116, 61, 176, 254, 88, 240, 187, 224,
       251, 238, 67, 132, 67, 130, 237, 167, 251, 225, 110, 9, 254, 196,
       62, 227, 247, 92, 5, 225, 246, 219, 88, 156, 174, 127, 184, 113,
       245, 126, 110, 58, 47, 242, 113, 215, 75, 56, 255, 24, 71, 224,
       156, 222, 77, 30, 179, 183, 159, 184, 243, 229, 59, 236, 47, 247,
       209, 217, 47, 35, 251, 172, 117, 130, 55, 211, 250, 187, 79, 226,
       253, 251, 102, 127, 143, 218, 115, 94, 250, 156, 37, 184, 200, 26,
       143, 79, 39, 86, 187, 16, 254, 85, 92, 220, 53, 16, 150, 73, 108,
       201, 135, 220, 36, 152, 188, 211, 127, 157, 203, 96, 124, 113,
       191, 74, 69, 21, 122, 14, 194, 8, 254, 175, 248, 126, 9, 61, 58,
       218, 239, 188, 102, 108, 112, 253, 155, 33, 210, 229, 52, 75, 122,
       197, 223, 243, 255, 74, 247, 167, 230, 215, 184, 71, 32, 123, 120,
       232, 114, 104, 92, 120, 109, 213, 21, 247, 107, 153, 238, 24, 5,
       228, 29, 222, 73, 18, 243, 183, 189, 88, 115, 160, 254, 14, 249,
       248, 252, 55, 249, 124, 75, 89, 250, 205, 248, 242, 70, 236, 219,
       137, 152, 163, 211, 231, 60, 65, 91, 229, 223, 243, 231, 67, 103,
       165, 226, 223, 144, 221, 170, 123, 124, 233, 117, 120, 252, 255,
       105, 247, 21, 247, 111, 155, 238, 24, 71, 224, 29, 124, 73, 22,
       179, 183, 191, 25, 115, 225, 234, 41, 7, 109, 168, 38, 127, 49,
       119, 245, 220, 254, 133, 93, 61, 124, 166, 135, 252, 195, 105,
       240, 112, 244, 179, 93, 169, 132, 148, 121, 212, 61, 233, 240, 36,
       112, 184, 214, 114, 128, 248, 222, 223, 27, 46, 210, 166, 102,
       110, 155, 33, 223, 12, 248, 29, 159, 28, 176, 226, 43, 220, 75,
       150, 46, 249, 255, 185, 251, 112, 21, 122, 125, 78, 209, 163, 197,
       248, 102, 194, 166, 91, 251, 173, 55, 87, 167, 47, 99, 215, 197,
       219, 243, 175, 67, 44, 226, 224, 159, 14, 134, 191, 26, 60, 233,
       117, 120, 222, 48, 97, 243, 121, 55, 111, 249, 174, 40, 83, 240,
       61, 124, 81, 16, 186, 55, 191, 56, 243, 245, 74, 47, 54, 109, 162,
       30, 181, 33, 127, 100, 126, 82, 20, 93, 63, 177, 69, 242, 252, 65,
       96, 240, 112, 208, 243, 92, 168, 160, 153, 122, 216, 121, 235, 87,
       36, 215, 186, 219, 122, 1, 92, 84, 85, 30, 142, 212, 4, 193, 79,
       152, 44, 152, 13, 242, 29, 156, 89, 56, 242, 51, 189, 90, 151, 40,
       250, 58, 218, 95, 255, 254, 181, 219, 185, 254, 245, 87, 219, 173,
       123, 89, 85, 246, 215, 45, 107, 228, 47, 202, 126, 237, 222, 245,
       127, 118, 51, 247, 255, 215, 164, 85, 62, 211, 249, 233, 119, 113,
       92, 105, 47, 213, 20, 245, 111, 153, 172, 24, 5, 244, 29, 156, 73,
       16, 242, 51, 189, 216, 87, 32, 254, 189, 245, 119, 182, 22, 101,
       173, 255, 196, 204, 249, 245, 127, 110, 180, 238, 251, 212, 103,
       99, 245, 34, 229, 55, 77, 255, 181, 43, 83, 14, 115, 251, 215, 36,
       85, 186, 82, 112, 233, 116, 120, 92, 56, 47, 212, 20, 245, 110,
       153, 172, 24, 5, 240, 29, 156, 73, 16, 242, 51, 189, 88, 87, 32,
       250, 223, 185, 219, 117, 113, 234, 126, 78, 219, 161, 197, 248,
       246, 210, 166, 218, 251, 129, 59, 95, 175, 45, 99, 151, 199, 219,
       243, 239, 67, 45, 230, 106, 159, 39, 101, 191, 26, 61, 233, 118,
       120, 92, 185, 99, 255, 93, 183, 111, 221, 174, 40, 215, 240, 29,
