%YAML:1.0
descriptors: !!opencv-matrix
   rows: 79
   cols: 64
   dt: u
   data: [ 108, 236, 238, 253, 62, 255, 253, 247, 61, 255, 220, 255, 223,
       191, 255, 207, 249, 249, 251, 235, 253, 95, 223, 251, 125, 127,
       183, 247, 125, 215, 247, 231, 207, 120, 119, 250, 255, 125, 249,
       124, 120, 223, 122, 175, 223, 117, 247, 107, 189, 236, 26, 13,
       240, 29, 156, 77, 22, 247, 127, 189, 219, 87, 42, 254, 175, 238,
       239, 235, 254, 253, 247, 249, 253, 255, 126, 219, 223, 127, 252,
       237, 155, 253, 255, 107, 244, 119, 218, 253, 125, 255, 29, 183,
       127, 211, 119, 255, 215, 232, 223, 48, 255, 251, 249, 63, 125,
       125, 106, 191, 213, 183, 247, 107, 191, 253, 153, 13, 245, 133,
       159, 93, 62, 214, 247, 173, 211, 223, 108, 254, 120, 189, 255,
       223, 106, 207, 221, 175, 223, 253, 93, 221, 255, 252, 63, 222,
       255, 147, 250, 47, 246, 127, 215, 239, 251, 255, 246, 126, 111,
       251, 222, 239, 207, 255, 99, 53, 254, 205, 250, 127, 113, 125,
       229, 231, 189, 60, 245, 239, 255, 234, 137, 223, 246, 93, 28, 223,
       127, 255, 254, 251, 243, 253, 153, 254, 246, 251, 231, 221, 254,
       95, 223, 239, 255, 253, 191, 251, 255, 255, 254, 254, 235, 213,
       63, 111, 79, 175, 238, 62, 79, 207, 191, 47, 211, 11, 51, 127,
       243, 39, 84, 251, 82, 119, 255, 246, 114, 94, 56, 63, 221, 30,
       221, 191, 157, 173, 92, 5, 241, 63, 157, 75, 80, 252, 49, 189, 92,
       86, 48, 250, 63, 55, 125, 222, 55, 61, 93, 122, 247, 84, 213, 176,
       125, 123, 188, 87, 246, 246, 67, 112, 245, 114, 209, 247, 220,
       170, 228, 89, 122, 220, 253, 233, 222, 44, 151, 190, 202, 120,
       209, 125, 124, 223, 57, 143, 212, 176, 229, 78, 155, 172, 153, 9,
       240, 29, 158, 93, 56, 242, 123, 157, 122, 214, 44, 251, 251, 254,
       124, 239, 255, 253, 255, 249, 253, 125, 254, 251, 253, 125, 252,
       253, 255, 255, 255, 127, 253, 119, 155, 124, 253, 255, 249, 255,
       255, 247, 255, 191, 223, 229, 223, 127, 247, 249, 253, 127, 125,
       221, 123, 191, 245, 155, 254, 51, 143, 223, 153, 45, 255, 253,
       159, 253, 120, 254, 247, 191, 219, 223, 60, 222, 189, 250, 127,
       253, 190, 253, 249, 250, 253, 253, 254, 255, 223, 255, 249, 238,
       243, 212, 255, 107, 253, 252, 172, 123, 111, 255, 167, 59, 255,
       79, 127, 255, 243, 100, 85, 250, 86, 123, 249, 244, 246, 95, 122,
       62, 220, 134, 217, 111, 141, 173, 30, 5, 250, 29, 159, 77, 16,
       246, 59, 189, 89, 94, 34, 185, 249, 223, 239, 221, 246, 119, 253,
       255, 237, 223, 249, 154, 223, 253, 255, 239, 235, 213, 127, 111,
       62, 205, 246, 55, 95, 255, 191, 61, 255, 26, 58, 185, 242, 103,
       116, 251, 210, 127, 213, 244, 118, 94, 56, 190, 223, 142, 205,
       180, 157, 173, 86, 5, 120, 31, 151, 77, 144, 244, 113, 157, 92,
       86, 42, 178, 187, 249, 124, 238, 191, 57, 221, 24, 255, 95, 188,
       251, 175, 123, 244, 253, 243, 247, 61, 123, 229, 102, 161, 126,
       103, 255, 227, 59, 255, 91, 255, 123, 246, 108, 30, 254, 82, 121,
       249, 245, 210, 222, 58, 63, 208, 22, 244, 111, 153, 173, 30, 5,
       248, 29, 159, 73, 16, 242, 51, 189, 88, 87, 34, 185, 59, 54, 125,
       170, 63, 245, 45, 125, 231, 254, 249, 52, 125, 44, 185, 119, 251,
       244, 67, 112, 240, 114, 217, 60, 220, 173, 228, 139, 82, 223, 125,
       239, 213, 172, 87, 62, 90, 248, 169, 126, 120, 92, 104, 47, 212,
       245, 228, 105, 153, 236, 24, 5, 246, 29, 156, 73, 16, 242, 179,
       188, 216, 86, 32, 246, 227, 254, 211, 103, 253, 248, 171, 216,
       252, 255, 170, 127, 175, 95, 203, 253, 235, 245, 189, 43, 204, 15,
       191, 124, 103, 223, 59, 39, 222, 75, 35, 127, 119, 231, 93, 115,
       118, 247, 253, 54, 229, 92, 106, 254, 205, 138, 248, 177, 236,
       221, 28, 53, 221, 231, 141, 235, 212, 252, 182, 47, 222, 95, 48,
       190, 195, 69, 128, 22, 85, 2, 71, 10, 66, 33, 5, 146, 162, 203,
       132, 27, 106, 85, 52, 71, 10, 173, 129, 99, 78, 210, 177, 13, 146,
       8, 0, 41, 210, 39, 20, 154, 66, 120, 71, 86, 16, 202, 40, 11, 153,
       28, 229, 143, 1, 164, 16, 4, 48, 26, 148, 75, 16, 114, 48, 61, 88,
       85, 34, 251, 142, 217, 142, 253, 47, 185, 222, 16, 61, 251, 125,
       202, 158, 124, 108, 251, 133, 187, 60, 187, 175, 125, 83, 123, 97,
       87, 211, 246, 125, 119, 191, 247, 159, 218, 251, 97, 255, 205,
       250, 179, 122, 191, 239, 125, 183, 23, 247, 123, 255, 219, 186,
       199, 255, 229, 251, 254, 119, 215, 254, 247, 243, 251, 223, 207,
       255, 252, 127, 231, 255, 191, 223, 152, 254, 125, 253, 251, 191,
       122, 246, 125, 243, 247, 126, 123, 253, 95, 187, 124, 190, 255,
       251, 63, 255, 123, 247, 255, 183, 237, 158, 223, 254, 117, 253,
       255, 91, 207, 239, 95, 217, 27, 252, 21, 237, 183, 214, 141, 232,
       182, 158, 119, 248, 182, 252, 31, 255, 159, 190, 189, 253, 61,
       247, 247, 222, 231, 115, 255, 253, 245, 214, 255, 255, 250, 178,
       95, 250, 245, 123, 103, 127, 143, 219, 253, 223, 251, 254, 175,
       210, 29, 114, 175, 223, 47, 85, 255, 82, 253, 255, 126, 120, 125,
       248, 127, 221, 61, 253, 183, 221, 172, 24, 245, 241, 255, 156,
       235, 80, 252, 113, 191, 220, 85, 145, 254, 187, 247, 116, 238,
       190, 61, 31, 17, 103, 95, 121, 219, 174, 123, 116, 125, 247, 246,
       37, 241, 245, 96, 49, 118, 200, 127, 229, 251, 255, 18, 241, 225,
       214, 108, 86, 190, 91, 112, 185, 245, 126, 94, 56, 175, 208, 18,
       246, 79, 153, 173, 24, 5, 240, 29, 159, 73, 24, 242, 51, 156, 88,
       87, 34, 249, 225, 206, 227, 211, 217, 198, 203, 217, 172, 239,
       130, 126, 163, 204, 251, 109, 203, 117, 63, 102, 206, 143, 158,
       108, 79, 222, 63, 39, 150, 11, 51, 31, 103, 167, 95, 91, 80, 253,
       239, 22, 113, 116, 104, 190, 95, 24, 249, 177, 221, 204, 16, 181,
       213, 255, 140, 227, 80, 252, 176, 61, 204, 85, 49, 182, 187, 215,
       92, 174, 54, 60, 60, 17, 118, 95, 121, 219, 140, 123, 20, 93, 244,
       250, 5, 241, 113, 96, 145, 114, 216, 14, 225, 251, 251, 16, 241,
       225, 214, 36, 84, 190, 219, 120, 161, 245, 126, 94, 56, 143, 208,
       17, 246, 79, 153, 172, 24, 5, 240, 29, 157, 73, 16, 243, 51, 188,
       88, 87, 34, 249, 108, 40, 239, 169, 218, 239, 163, 253, 221, 252,
       214, 53, 209, 182, 187, 230, 203, 93, 251, 96, 249, 145, 206, 148,
       93, 253, 28, 167, 104, 207, 59, 207, 205, 33, 71, 186, 87, 243,
       237, 124, 120, 85, 118, 38, 69, 165, 119, 225, 189, 44, 139, 13,
       243, 29, 156, 88, 52, 224, 47, 189, 75, 15, 32, 254, 21, 39, 117,
       152, 16, 5, 37, 118, 99, 68, 201, 176, 85, 39, 157, 66, 235, 76,
       195, 96, 19, 32, 64, 163, 204, 168, 164, 201, 32, 12, 56, 9, 210,
       4, 117, 186, 0, 120, 1, 92, 52, 16, 56, 39, 100, 16, 101, 110,
       153, 164, 41, 20, 114, 28, 20, 73, 8, 242, 19, 169, 88, 70, 33,
       250, 242, 25, 146, 215, 239, 207, 218, 139, 111, 225, 23, 79, 191,
       254, 114, 92, 253, 147, 60, 191, 142, 61, 243, 111, 251, 214, 250,
       126, 54, 251, 222, 111, 151, 255, 114, 85, 218, 79, 254, 79, 65,
       93, 229, 123, 169, 12, 253, 191, 213, 194, 153, 223, 247, 227,
       184, 239, 121, 127, 240, 127, 241, 61, 145, 222, 198, 171, 195,
       247, 249, 162, 239, 202, 156, 185, 34, 123, 163, 195, 194, 89,
       107, 213, 189, 15, 207, 45, 234, 123, 111, 223, 59, 39, 214, 43,
       35, 95, 87, 167, 124, 187, 112, 253, 239, 182, 65, 100, 170, 127,
       203, 12, 125, 179, 201, 180, 88, 181, 213, 246, 188, 234, 80, 252,
       51, 175, 76, 21, 177, 190, 243, 221, 255, 215, 247, 215, 219, 190,
       255, 245, 55, 218, 191, 251, 114, 222, 127, 247, 60, 191, 30, 255,
       247, 103, 187, 247, 255, 127, 255, 123, 214, 63, 151, 255, 180,
       223, 222, 93, 254, 255, 112, 253, 233, 255, 187, 24, 253, 191,
       223, 155, 31, 223, 253, 239, 180, 239, 113, 255, 120, 127, 255,
       189, 157, 254, 191, 253, 255, 254, 55, 181, 221, 123, 247, 223,
       253, 250, 239, 251, 180, 95, 255, 247, 126, 251, 247, 126, 209,
       119, 245, 255, 247, 127, 127, 255, 254, 169, 222, 124, 150, 254,
