%YAML:1.0
descriptors: !!opencv-matrix
   rows: 140
   cols: 64
   dt: u
   data: [ 252, 49, 253, 180, 254, 55, 59, 123, 244, 125, 213, 115, 255,
       251, 178, 85, 250, 221, 115, 100, 121, 135, 195, 119, 206, 250,
       188, 191, 250, 156, 114, 233, 215, 36, 22, 190, 82, 120, 225, 116,
       120, 92, 24, 15, 209, 21, 247, 79, 153, 172, 24, 5, 240, 29, 156,
       73, 16, 242, 51, 189, 88, 87, 32, 250, 252, 58, 255, 181, 254,
       119, 63, 250, 212, 127, 212, 123, 255, 251, 146, 78, 251, 221,
       123, 103, 121, 135, 195, 245, 206, 255, 189, 175, 210, 158, 114,
       171, 223, 44, 85, 190, 83, 120, 233, 116, 120, 92, 56, 47, 213,
       53, 247, 109, 153, 172, 24, 5, 240, 29, 156, 73, 16, 242, 51, 189,
       88, 87, 32, 250, 254, 250, 255, 253, 254, 127, 255, 250, 253, 253,
       253, 251, 255, 255, 246, 254, 251, 221, 127, 111, 125, 199, 167,
       52, 239, 255, 253, 187, 255, 95, 118, 187, 209, 45, 85, 255, 90,
       117, 233, 244, 122, 222, 57, 63, 221, 63, 254, 125, 157, 173, 30,
       5, 248, 31, 158, 73, 16, 246, 49, 189, 92, 87, 32, 250, 253, 254,
       255, 173, 255, 127, 191, 255, 252, 255, 254, 255, 255, 255, 251,
       253, 251, 253, 63, 103, 125, 135, 183, 116, 79, 255, 189, 171,
       219, 95, 114, 187, 245, 37, 85, 255, 83, 119, 237, 244, 122, 92,
       58, 63, 221, 23, 254, 125, 157, 172, 24, 5, 240, 31, 156, 73, 16,
       244, 51, 189, 92, 87, 32, 250, 251, 222, 223, 239, 255, 255, 223,
       152, 255, 255, 58, 207, 175, 255, 126, 253, 239, 247, 188, 47,
       206, 207, 190, 124, 111, 223, 63, 55, 255, 123, 127, 63, 247, 231,
       253, 81, 118, 247, 255, 183, 119, 254, 234, 127, 159, 158, 125,
       177, 236, 213, 86, 245, 205, 231, 175, 239, 217, 220, 224, 47,
       215, 93, 151, 190, 224, 203, 131, 215, 232, 214, 219, 129, 15,
       253, 41, 207, 131, 217, 83, 172, 235, 213, 60, 47, 14, 141, 238,
       121, 107, 215, 63, 46, 151, 11, 18, 63, 247, 167, 125, 91, 82,
       253, 255, 182, 113, 124, 232, 127, 159, 28, 125, 179, 205, 141,
       86, 245, 221, 255, 132, 235, 209, 252, 96, 63, 212, 85, 17, 190,
       60, 185, 255, 253, 62, 237, 253, 127, 253, 252, 254, 189, 127,
       254, 187, 238, 251, 220, 251, 107, 183, 123, 239, 191, 237, 235,
       166, 191, 127, 205, 127, 239, 255, 103, 53, 254, 214, 255, 249,
       119, 251, 253, 255, 46, 238, 183, 127, 107, 189, 172, 127, 213,
       242, 29, 157, 76, 156, 246, 123, 255, 251, 14, 161, 254, 202, 10,
       134, 145, 239, 159, 10, 177, 44, 127, 17, 74, 154, 248, 54, 12,
       236, 221, 57, 231, 204, 135, 194, 113, 10, 90, 184, 110, 208, 0,
       51, 43, 215, 37, 80, 57, 83, 104, 228, 96, 208, 94, 24, 15, 209,
       28, 229, 23, 157, 140, 24, 5, 243, 125, 156, 203, 81, 246, 51,
       189, 88, 87, 0, 251, 59, 188, 255, 254, 127, 255, 253, 63, 247,
       252, 213, 253, 255, 126, 190, 92, 255, 247, 123, 251, 245, 127,
       211, 255, 255, 255, 247, 255, 127, 255, 247, 239, 223, 108, 87,
       190, 255, 120, 249, 125, 120, 93, 251, 47, 245, 53, 247, 111, 191,
       174, 153, 15, 240, 29, 156, 89, 54, 243, 247, 191, 250, 223, 44,
       254, 237, 158, 214, 103, 253, 170, 231, 216, 188, 121, 194, 127,
       166, 95, 194, 77, 226, 221, 189, 107, 237, 47, 138, 125, 102, 222,
       59, 167, 222, 67, 35, 207, 95, 227, 124, 51, 117, 191, 125, 182,
       93, 116, 74, 223, 201, 129, 255, 211, 232, 117, 88, 52, 245, 182,
       142, 233, 82, 252, 183, 143, 222, 71, 181, 252, 44, 191, 239, 252,
       62, 191, 253, 127, 253, 254, 214, 251, 255, 255, 190, 79, 153,
       253, 227, 251, 245, 127, 83, 255, 213, 127, 182, 183, 124, 213,
       119, 235, 223, 90, 199, 174, 255, 120, 249, 125, 124, 125, 251,
       175, 247, 117, 247, 107, 187, 174, 136, 79, 242, 29, 220, 93, 62,
       243, 119, 191, 251, 243, 237, 250, 175, 253, 238, 253, 55, 255,
       253, 123, 253, 255, 213, 251, 255, 253, 190, 79, 153, 253, 251,
       251, 245, 127, 211, 255, 117, 127, 247, 183, 125, 247, 119, 227,
       223, 120, 199, 190, 255, 125, 249, 125, 124, 127, 251, 175, 247,
       113, 247, 107, 191, 238, 152, 79, 240, 29, 220, 92, 62, 247, 247,
       255, 251, 251, 236, 250, 222, 249, 219, 253, 50, 71, 221, 239,
       223, 207, 117, 248, 95, 226, 183, 218, 191, 215, 120, 111, 14,
       189, 230, 139, 175, 215, 247, 255, 67, 233, 246, 171, 215, 55, 61,
       255, 222, 125, 250, 117, 114, 235, 245, 105, 191, 28, 245, 62,
       223, 170, 127, 215, 250, 125, 52, 254, 209, 255, 121, 123, 125,
       125, 211, 255, 214, 185, 219, 213, 48, 130, 93, 110, 147, 143,
       125, 219, 151, 194, 150, 90, 191, 215, 60, 111, 14, 173, 226, 75,
       175, 223, 243, 127, 82, 41, 116, 45, 87, 55, 60, 255, 130, 125,
       242, 245, 81, 234, 189, 107, 187, 28, 221, 63, 221, 166, 58, 215,
       96, 122, 188, 79, 209, 251, 115, 251, 125, 53, 145, 250, 255, 253,
       238, 253, 63, 255, 255, 190, 253, 253, 253, 255, 255, 255, 254,
       255, 185, 253, 255, 251, 245, 127, 247, 255, 253, 127, 247, 247,
       125, 247, 255, 255, 223, 121, 175, 247, 255, 125, 248, 125, 123,
       221, 251, 63, 255, 241, 247, 111, 191, 255, 159, 207, 248, 189,
       158, 93, 126, 247, 255, 255, 251, 255, 174, 254, 251, 253, 254,
       255, 255, 255, 223, 187, 255, 253, 253, 251, 191, 255, 254, 255,
       255, 247, 126, 255, 63, 223, 243, 127, 255, 255, 255, 127, 255,
       251, 246, 191, 159, 239, 127, 247, 255, 125, 255, 127, 123, 223,
       235, 127, 191, 63, 253, 183, 237, 247, 159, 255, 252, 167, 190,
       255, 112, 255, 253, 127, 255, 253, 157, 222, 124, 52, 117, 176,
       18, 101, 33, 253, 196, 230, 210, 52, 93, 174, 187, 230, 251, 212,
       67, 96, 121, 130, 198, 52, 92, 168, 172, 9, 210, 28, 115, 235,
       241, 36, 85, 186, 82, 114, 129, 84, 216, 84, 24, 14, 212, 52, 192,
       76, 153, 44, 24, 5, 240, 29, 156, 73, 16, 242, 51, 188, 88, 86,
       32, 248, 124, 42, 239, 249, 58, 117, 161, 254, 253, 254, 222, 181,
       93, 189, 251, 230, 251, 220, 203, 107, 253, 209, 238, 189, 93,
       233, 188, 147, 125, 223, 123, 255, 245, 36, 87, 186, 86, 122, 233,
       124, 252, 93, 120, 62, 85, 167, 65, 109, 153, 173, 30, 5, 240, 29,
       157, 77, 16, 242, 35, 189, 90, 86, 32, 254, 62, 51, 125, 166, 55,
       149, 25, 72, 230, 68, 149, 52, 125, 62, 176, 85, 242, 212, 67, 96,
       193, 34, 193, 118, 76, 152, 164, 9, 82, 140, 113, 233, 212, 36,
       87, 186, 82, 120, 137, 116, 112, 88, 16, 15, 212, 20, 228, 78,
       153, 172, 24, 5, 240, 29, 156, 73, 16, 242, 51, 188, 88, 87, 32,
       250, 253, 186, 247, 245, 222, 239, 227, 254, 252, 125, 206, 127,
       239, 255, 251, 237, 251, 245, 251, 98, 253, 47, 158, 255, 239,
       254, 118, 175, 254, 79, 123, 255, 127, 103, 95, 255, 84, 247, 253,
       118, 253, 85, 218, 22, 77, 167, 253, 215, 172, 53, 92, 180, 242,
       191, 143, 73, 112, 252, 99, 175, 218, 15, 37, 252, 255, 254, 255,
       251, 254, 255, 195, 252, 254, 125, 254, 123, 253, 123, 255, 253,
       251, 245, 123, 114, 253, 111, 159, 126, 254, 255, 127, 47, 255,
       219, 115, 255, 215, 111, 87, 255, 94, 113, 253, 126, 255, 93, 90,
       159, 85, 178, 253, 215, 157, 173, 28, 13, 240, 189, 142, 73, 48,
       244, 107, 191, 218, 215, 40, 253, 220, 187, 255, 125, 250, 255,
       246, 247, 121, 189, 198, 223, 222, 244, 251, 201, 235, 221, 251,
       47, 253, 61, 110, 251, 235, 127, 63, 246, 109, 71, 182, 238, 223,
       99, 125, 49, 119, 255, 255, 52, 121, 125, 250, 119, 253, 181, 255,
       243, 253, 252, 45, 245, 247, 253, 156, 207, 87, 222, 247, 175,
       219, 127, 149, 254, 62, 51, 125, 162, 62, 181, 51, 120, 214, 94,
       214, 53, 125, 122, 144, 84, 242, 212, 67, 96, 241, 34, 129, 246,
       204, 168, 164, 137, 82, 156, 113, 233, 215, 44, 85, 190, 90, 112,
       201, 116, 120, 92, 24, 15, 212, 52, 229, 79, 153, 172, 24, 5, 240,
       29, 156, 73, 16, 242, 51, 189, 88, 87, 32, 248, 250, 241, 124,
       255, 63, 255, 223, 57, 255, 255, 253, 251, 189, 122, 116, 118,
       247, 215, 94, 251, 255, 123, 227, 126, 253, 255, 231, 255, 127,
