%YAML:1.0
descriptors: !!opencv-matrix
   rows: 90
   cols: 64
   dt: u
   data: [ 38, 50, 65, 162, 159, 0, 5, 75, 230, 66, 131, 50, 33, 10, 176,
       85, 234, 212, 1, 96, 65, 2, 129, 116, 78, 152, 176, 9, 210, 8, 49,
       105, 212, 36, 84, 186, 82, 112, 1, 84, 112, 80, 24, 15, 208, 20,
       192, 76, 153, 172, 24, 5, 240, 29, 156, 73, 16, 242, 51, 188, 88,
       87, 32, 248, 190, 240, 125, 222, 255, 175, 95, 59, 215, 97, 253,
       251, 255, 122, 212, 92, 247, 151, 118, 211, 215, 46, 161, 127,
       254, 223, 231, 127, 247, 249, 253, 238, 207, 109, 36, 222, 206,
       113, 249, 247, 123, 223, 245, 47, 221, 53, 189, 79, 175, 167, 211,
       143, 120, 30, 159, 73, 64, 243, 255, 249, 59, 79, 162, 221, 252,
       250, 127, 237, 254, 253, 187, 248, 253, 127, 254, 127, 255, 127,
       249, 253, 242, 213, 95, 108, 253, 211, 175, 124, 111, 252, 61,
       191, 255, 95, 127, 191, 240, 101, 93, 251, 86, 119, 189, 246, 223,
       223, 90, 30, 217, 142, 216, 21, 141, 45, 86, 37, 250, 191, 143,
       109, 208, 244, 57, 156, 220, 30, 34, 189, 187, 244, 125, 238, 191,
       189, 223, 24, 255, 95, 189, 251, 175, 123, 228, 93, 246, 247, 62,
       185, 245, 114, 179, 124, 229, 183, 243, 123, 127, 123, 221, 239,
       159, 236, 158, 214, 254, 121, 251, 255, 127, 223, 111, 125, 208,
       81, 252, 95, 164, 183, 158, 15, 238, 165, 255, 125, 56, 183, 246,
       159, 251, 223, 174, 159, 231, 201, 203, 223, 247, 66, 223, 206,
       191, 225, 61, 251, 191, 238, 231, 255, 235, 213, 60, 111, 14, 143,
       238, 43, 111, 223, 187, 47, 215, 43, 22, 63, 243, 167, 61, 219,
       82, 253, 255, 246, 115, 126, 232, 127, 159, 30, 125, 177, 205,
       141, 118, 245, 217, 254, 180, 238, 209, 252, 96, 127, 93, 117,
       145, 190, 179, 244, 124, 207, 191, 189, 223, 24, 255, 95, 189,
       250, 175, 123, 100, 125, 247, 247, 126, 185, 245, 118, 179, 124,
       245, 247, 241, 123, 255, 123, 207, 63, 158, 236, 158, 214, 250,
       89, 251, 255, 119, 223, 107, 253, 148, 83, 252, 31, 162, 191, 144,
       15, 236, 161, 223, 127, 56, 183, 246, 31, 187, 223, 174, 157, 44,
       174, 239, 169, 26, 253, 161, 245, 189, 252, 222, 189, 89, 62, 251,
       228, 203, 92, 195, 104, 241, 83, 222, 52, 93, 237, 28, 161, 127,
       223, 59, 203, 149, 32, 87, 186, 119, 114, 173, 60, 120, 21, 122,
       38, 85, 183, 118, 225, 187, 44, 157, 12, 210, 29, 156, 88, 54,
       224, 47, 188, 74, 87, 44, 250, 154, 222, 222, 207, 175, 217, 212,
       129, 59, 249, 46, 207, 158, 118, 111, 253, 253, 219, 189, 171,
       204, 20, 127, 120, 227, 95, 113, 122, 253, 67, 191, 55, 215, 224,
       91, 112, 119, 219, 232, 116, 115, 29, 106, 63, 221, 22, 255, 117,
       157, 205, 30, 37, 254, 135, 152, 105, 22, 209, 182, 189, 83, 95,
       0, 250, 250, 221, 255, 219, 38, 95, 213, 175, 255, 215, 61, 200,
       63, 188, 127, 254, 255, 215, 120, 63, 30, 213, 246, 39, 249, 247,
       253, 60, 127, 219, 94, 43, 197, 108, 179, 223, 218, 93, 254, 120,
       50, 223, 109, 61, 151, 156, 117, 172, 223, 168, 159, 141, 184, 61,
       180, 223, 121, 246, 120, 125, 91, 221, 90, 250, 58, 213, 44, 126,
       39, 151, 95, 11, 247, 206, 189, 202, 189, 104, 52, 31, 157, 179,
       118, 223, 182, 126, 209, 103, 241, 247, 247, 60, 83, 242, 252,
       160, 206, 60, 131, 52, 203, 9, 250, 105, 122, 235, 245, 233, 183,
       117, 181, 111, 183, 138, 152, 75, 234, 9, 124, 85, 57, 179, 127,
       251, 179, 251, 202, 203, 252, 173, 247, 244, 114, 103, 125, 255,
       245, 253, 197, 243, 127, 250, 182, 78, 187, 221, 254, 111, 55,
       173, 230, 183, 127, 251, 151, 183, 123, 237, 118, 237, 223, 55,
       52, 251, 150, 124, 246, 125, 89, 255, 191, 103, 171, 61, 127, 238,
       221, 162, 251, 223, 241, 126, 188, 206, 125, 255, 115, 251, 123,
       53, 145, 250, 135, 250, 69, 99, 253, 248, 167, 216, 56, 57, 170,
       127, 172, 31, 200, 225, 235, 229, 189, 40, 205, 69, 138, 120, 103,
       221, 25, 39, 254, 11, 35, 95, 149, 225, 221, 19, 117, 251, 237,
       54, 101, 84, 106, 55, 69, 131, 252, 177, 136, 213, 28, 36, 213,
       167, 143, 169, 20, 220, 182, 173, 192, 95, 52, 126, 41, 214, 124,
       40, 191, 253, 183, 113, 253, 124, 206, 237, 237, 61, 125, 37, 253,
       184, 195, 240, 245, 98, 91, 252, 241, 125, 117, 246, 124, 215,
       235, 231, 207, 104, 195, 52, 255, 184, 249, 125, 125, 29, 122,
       175, 213, 241, 246, 107, 185, 254, 136, 9, 244, 29, 218, 93, 62,
       215, 247, 181, 242, 219, 44, 222, 142, 178, 67, 163, 253, 240,
       162, 153, 88, 185, 66, 127, 160, 22, 201, 113, 98, 213, 141, 2,
       200, 5, 142, 88, 110, 220, 56, 39, 222, 75, 35, 94, 245, 160, 93,
       48, 119, 251, 237, 54, 193, 84, 74, 30, 209, 133, 248, 113, 152,
       125, 24, 37, 244, 133, 140, 105, 22, 242, 183, 140, 216, 87, 32,
       252, 62, 189, 237, 254, 63, 253, 209, 63, 127, 220, 222, 245, 125,
       126, 60, 253, 253, 222, 97, 243, 245, 116, 211, 115, 237, 175,
       224, 255, 126, 95, 247, 235, 223, 36, 85, 186, 95, 122, 249, 116,
       112, 93, 126, 47, 212, 21, 247, 111, 153, 172, 25, 13, 240, 29,
       156, 73, 16, 242, 51, 189, 90, 95, 36, 250, 18, 210, 1, 39, 175,
       248, 138, 57, 156, 59, 218, 71, 169, 21, 73, 177, 13, 196, 134,
       176, 192, 34, 136, 124, 45, 156, 53, 50, 158, 99, 39, 94, 85, 248,
       217, 16, 124, 178, 168, 3, 237, 84, 75, 12, 196, 134, 188, 121,
       170, 223, 17, 3, 254, 133, 143, 105, 6, 67, 150, 164, 226, 15, 36,
       52, 114, 17, 136, 130, 199, 134, 18, 1, 70, 64, 21, 6, 189, 42,
       51, 20, 118, 147, 0, 148, 10, 183, 195, 100, 24, 144, 248, 12,
       146, 184, 148, 41, 134, 36, 16, 26, 66, 72, 2, 66, 0, 65, 4, 8,
       145, 28, 193, 13, 147, 136, 145, 5, 54, 0, 180, 251, 17, 114, 48,
       57, 80, 21, 16, 235, 50, 20, 152, 138, 7, 132, 22, 1, 6, 68, 21,
       2, 157, 40, 54, 22, 116, 147, 0, 180, 138, 55, 195, 97, 216, 128,
       232, 76, 50, 184, 221, 41, 135, 44, 16, 20, 66, 72, 2, 74, 32,
       203, 4, 9, 148, 28, 229, 15, 145, 136, 145, 12, 52, 8, 148, 203,
       25, 50, 56, 56, 16, 84, 2, 233, 61, 190, 255, 254, 62, 245, 253,
       118, 117, 254, 124, 213, 93, 127, 185, 238, 235, 220, 33, 99, 245,
       104, 207, 123, 77, 171, 166, 155, 123, 77, 113, 239, 247, 36, 85,
       186, 87, 120, 249, 116, 114, 92, 56, 46, 212, 20, 215, 111, 153,
       172, 24, 5, 240, 29, 156, 73, 16, 242, 51, 189, 88, 87, 32, 250,
       125, 55, 253, 178, 127, 191, 39, 122, 244, 92, 214, 55, 237, 127,
       185, 85, 242, 255, 195, 116, 245, 119, 195, 247, 202, 40, 224,
       213, 122, 80, 241, 233, 223, 40, 213, 180, 127, 122, 193, 116,
       252, 93, 26, 15, 213, 165, 231, 79, 184, 172, 25, 5, 240, 29, 157,
       73, 54, 242, 55, 189, 90, 87, 36, 250, 68, 1, 128, 176, 64, 130,
       42, 70, 0, 34, 65, 4, 64, 197, 131, 2, 64, 73, 1, 68, 138, 161,
       194, 3, 12, 136, 168, 141, 64, 4, 32, 72, 83, 4, 21, 170, 0, 104,
       1, 68, 0, 64, 24, 10, 65, 28, 195, 78, 25, 44, 24, 5, 112, 24, 28,
       73, 0, 226, 51, 153, 72, 22, 32, 226, 70, 37, 209, 150, 16, 6, 12,
       71, 2, 98, 1, 48, 19, 194, 148, 82, 98, 68, 0, 69, 3, 172, 96, 3,
       78, 130, 162, 13, 2, 40, 16, 72, 66, 38, 52, 155, 0, 124, 3, 214,
       0, 226, 20, 73, 170, 28, 129, 206, 81, 36, 112, 20, 32, 24, 52, 3,
       144, 50, 49, 24, 72, 4, 51, 177, 84, 33, 145, 180, 0, 130, 58,
       102, 0, 162, 211, 20, 192, 192, 145, 2, 170, 73, 3, 99, 138, 37,
       194, 3, 12, 138, 166, 205, 64, 44, 49, 106, 87, 52, 85, 186, 0,
       120, 193, 86, 144, 72, 145, 10, 227, 28, 193, 111, 155, 172, 24,
       7, 112, 28, 28, 73, 0, 242, 51, 185, 72, 22, 32, 243, 188, 17,
       254, 214, 51, 37, 120, 127, 150, 248, 213, 117, 63, 238, 178, 70,
       246, 222, 71, 99, 213, 174, 225, 183, 24, 42, 230, 74, 80, 204,
       181, 234, 251, 36, 20, 190, 83, 120, 225, 244, 88, 92, 57, 46,
       192, 53, 195, 111, 153, 172, 24, 5, 240, 28, 156, 73, 16, 242, 51,
       189, 88, 22, 32, 250, 248, 249, 239, 253, 118, 255, 255, 241, 253,
