%YAML:1.0
descriptors: !!opencv-matrix
   rows: 248
   cols: 64
   dt: u
   data: [ 63, 182, 125, 167, 191, 188, 153, 88, 254, 95, 215, 115, 237,
       123, 176, 85, 242, 246, 7, 112, 225, 38, 130, 116, 204, 186, 241,
       123, 214, 26, 115, 107, 215, 44, 85, 190, 90, 120, 233, 125, 240,
       92, 56, 15, 208, 0, 244, 79, 153, 172, 24, 5, 240, 29, 156, 73,
       16, 242, 51, 189, 88, 87, 32, 250, 254, 48, 255, 181, 254, 103,
       59, 254, 244, 117, 213, 127, 255, 255, 178, 95, 251, 213, 123,
       103, 105, 135, 226, 55, 78, 250, 188, 191, 242, 156, 114, 235,
       215, 37, 23, 190, 82, 120, 233, 116, 88, 92, 24, 47, 213, 28, 229,
       109, 153, 172, 24, 5, 240, 28, 156, 73, 16, 242, 51, 189, 88, 87,
       32, 250, 254, 184, 255, 245, 254, 119, 123, 254, 252, 255, 253,
       255, 255, 254, 182, 255, 251, 253, 127, 103, 109, 135, 231, 53,
       206, 239, 188, 175, 211, 159, 114, 171, 247, 45, 23, 255, 82, 117,
       237, 244, 90, 92, 56, 63, 217, 29, 247, 125, 157, 172, 30, 5, 240,
       29, 156, 73, 16, 246, 51, 189, 92, 86, 34, 250, 253, 61, 247, 246,
       118, 39, 125, 255, 244, 253, 212, 243, 255, 234, 182, 94, 250,
       213, 123, 103, 119, 175, 227, 119, 143, 250, 246, 159, 90, 76,
       118, 233, 215, 39, 84, 191, 82, 124, 213, 116, 88, 95, 188, 111,
       217, 61, 193, 239, 157, 172, 24, 133, 240, 61, 156, 73, 88, 246,
       115, 191, 88, 87, 35, 251, 252, 250, 255, 165, 254, 119, 191, 248,
       252, 191, 253, 254, 239, 255, 214, 233, 251, 213, 127, 103, 109,
       135, 167, 116, 79, 255, 189, 175, 215, 15, 114, 187, 243, 37, 85,
       251, 82, 117, 237, 244, 90, 92, 56, 63, 213, 29, 244, 61, 153,
       173, 24, 5, 248, 31, 156, 73, 16, 242, 49, 189, 92, 87, 32, 250,
       62, 51, 245, 182, 126, 167, 35, 127, 246, 92, 214, 49, 125, 122,
       176, 85, 250, 215, 99, 102, 229, 39, 193, 119, 142, 154, 244, 141,
       82, 92, 240, 233, 215, 44, 85, 190, 90, 120, 201, 116, 120, 93,
       24, 15, 209, 21, 245, 79, 153, 172, 24, 5, 240, 29, 156, 73, 16,
       242, 51, 189, 88, 87, 32, 250, 238, 250, 239, 165, 255, 241, 187,
       248, 252, 189, 254, 255, 239, 159, 219, 233, 235, 221, 127, 103,
       105, 135, 166, 116, 79, 221, 189, 171, 211, 15, 50, 191, 241, 37,
       85, 251, 82, 117, 237, 116, 120, 92, 56, 63, 221, 21, 254, 181,
       153, 172, 24, 5, 240, 31, 156, 73, 16, 240, 51, 188, 92, 87, 32,
       250, 227, 30, 154, 247, 237, 242, 223, 214, 126, 253, 46, 79, 166,
       221, 98, 189, 255, 247, 61, 103, 206, 141, 191, 121, 70, 223, 251,
       46, 214, 3, 226, 55, 215, 167, 87, 123, 82, 117, 237, 246, 112,
       92, 56, 191, 221, 8, 253, 181, 221, 140, 28, 21, 241, 255, 156,
       235, 81, 252, 49, 189, 92, 21, 16, 250, 235, 222, 111, 175, 255,
       252, 159, 153, 254, 127, 168, 255, 175, 111, 254, 125, 243, 245,
       61, 112, 200, 71, 155, 124, 102, 220, 57, 63, 222, 27, 115, 127,
       215, 229, 223, 155, 82, 253, 237, 119, 119, 92, 74, 63, 213, 94,
       252, 49, 156, 189, 24, 5, 245, 181, 156, 107, 24, 246, 179, 188,
       220, 95, 50, 188, 125, 51, 255, 246, 127, 55, 57, 122, 246, 92,
       214, 51, 127, 250, 178, 85, 250, 247, 99, 102, 245, 39, 193, 119,
       142, 250, 244, 141, 82, 92, 244, 233, 215, 36, 85, 190, 82, 120,
       225, 124, 120, 93, 56, 15, 209, 37, 245, 79, 153, 172, 24, 5, 240,
       29, 156, 73, 16, 242, 51, 189, 88, 87, 32, 250, 61, 49, 253, 182,
       55, 55, 51, 122, 246, 92, 214, 49, 125, 123, 177, 87, 250, 247,
       67, 98, 241, 39, 193, 119, 204, 186, 228, 205, 82, 28, 241, 233,
       215, 36, 87, 190, 83, 120, 193, 124, 120, 92, 56, 15, 213, 53,
       247, 79, 153, 172, 24, 5, 240, 29, 156, 73, 16, 242, 51, 189, 88,
       87, 32, 250, 236, 234, 227, 161, 253, 240, 171, 248, 204, 191,
       234, 127, 227, 159, 211, 105, 235, 213, 47, 96, 73, 135, 175, 124,
       78, 221, 189, 43, 214, 14, 51, 191, 245, 36, 85, 186, 82, 113,
       233, 116, 112, 92, 56, 62, 213, 20, 248, 53, 153, 173, 24, 1, 240,
       31, 156, 73, 16, 240, 51, 188, 92, 87, 32, 250, 63, 49, 253, 182,
       55, 55, 61, 122, 246, 94, 246, 49, 125, 218, 176, 87, 242, 215,
       99, 118, 241, 39, 193, 119, 204, 170, 228, 205, 82, 28, 240, 233,
       215, 44, 85, 190, 91, 120, 193, 116, 120, 92, 56, 15, 212, 53,
       247, 79, 153, 172, 24, 5, 240, 29, 156, 73, 16, 242, 51, 189, 88,
       87, 32, 250, 67, 2, 1, 129, 205, 130, 139, 72, 4, 110, 3, 6, 129,
       9, 1, 1, 130, 85, 0, 96, 200, 5, 202, 104, 76, 208, 184, 46, 18,
       8, 49, 79, 85, 164, 85, 59, 82, 104, 169, 70, 32, 64, 8, 14, 197,
       28, 208, 25, 25, 172, 24, 5, 241, 29, 156, 73, 16, 98, 51, 188,
       72, 87, 32, 242, 106, 130, 237, 133, 254, 183, 155, 121, 188, 255,
       83, 94, 217, 56, 59, 69, 136, 213, 91, 96, 216, 55, 202, 120, 76,
       216, 188, 55, 86, 25, 55, 111, 87, 172, 93, 187, 90, 121, 233,
       118, 240, 92, 104, 14, 209, 12, 241, 57, 153, 172, 24, 5, 241, 29,
       156, 73, 16, 242, 51, 189, 216, 87, 32, 254, 235, 158, 239, 165,
       255, 183, 155, 249, 188, 255, 210, 127, 249, 24, 123, 69, 168,
       245, 123, 122, 252, 23, 218, 124, 127, 248, 189, 55, 222, 91, 55,
       255, 199, 173, 95, 187, 218, 123, 237, 119, 248, 92, 106, 30, 209,
       140, 248, 49, 157, 173, 24, 5, 241, 189, 156, 73, 80, 246, 51,
       189, 218, 95, 32, 255, 61, 51, 253, 180, 54, 183, 63, 114, 244,
       92, 215, 49, 125, 90, 176, 87, 242, 253, 67, 96, 241, 37, 193,
       247, 204, 168, 228, 205, 82, 12, 241, 233, 215, 36, 85, 190, 83,
       120, 129, 116, 120, 92, 24, 15, 212, 53, 231, 79, 153, 172, 24, 5,
       240, 29, 156, 73, 16, 242, 51, 189, 88, 87, 32, 250, 60, 48, 125,
       160, 18, 173, 53, 125, 245, 196, 214, 53, 125, 62, 185, 70, 251,
       220, 67, 96, 241, 50, 193, 247, 77, 168, 164, 137, 114, 76, 53,
       233, 221, 36, 85, 186, 83, 120, 137, 116, 120, 93, 60, 47, 212,
       53, 247, 111, 153, 172, 24, 5, 242, 29, 156, 73, 24, 242, 51, 189,
       88, 87, 32, 250, 191, 254, 103, 165, 190, 253, 175, 217, 236, 255,
       250, 251, 255, 43, 251, 245, 235, 212, 39, 99, 237, 128, 174, 120,
       77, 221, 57, 43, 223, 11, 51, 191, 245, 36, 93, 186, 82, 121, 169,
       246, 119, 92, 120, 63, 212, 22, 220, 53, 153, 173, 24, 5, 240,
       159, 157, 105, 16, 240, 51, 188, 92, 87, 32, 186, 240, 205, 151,
       215, 99, 79, 221, 255, 143, 225, 61, 219, 19, 198, 214, 238, 171,
       215, 124, 47, 30, 141, 230, 35, 75, 215, 187, 46, 147, 10, 22, 63,
       226, 39, 116, 251, 18, 125, 254, 245, 115, 127, 165, 127, 191, 30,
       125, 190, 197, 136, 127, 245, 209, 123, 180, 206, 209, 252, 112,
       123, 93, 117, 145, 250, 126, 61, 247, 252, 54, 111, 125, 255, 254,
       252, 223, 183, 255, 255, 255, 254, 251, 213, 99, 102, 253, 175,
       195, 119, 207, 255, 246, 253, 122, 30, 246, 235, 215, 44, 85, 190,
       210, 122, 249, 117, 252, 92, 57, 47, 213, 55, 247, 111, 153, 172,
       24, 5, 240, 29, 157, 73, 24, 242, 51, 189, 88, 87, 32, 250, 61,
       53, 125, 166, 19, 37, 53, 123, 244, 68, 213, 48, 125, 43, 176, 86,
       242, 212, 67, 96, 241, 34, 193, 119, 92, 168, 164, 137, 114, 140,
       113, 233, 212, 36, 85, 190, 82, 120, 129, 124, 120, 92, 56, 15,
       212, 53, 230, 78, 153, 172, 24, 5, 240, 29, 156, 73, 24, 242, 51,
       188, 88, 87, 32, 250, 33, 6, 5, 130, 205, 157, 3, 24, 166, 86, 2,
       4, 41, 125, 120, 37, 70, 116, 64, 32, 208, 98, 152, 100, 64, 160,
       4, 4, 62, 26, 25, 73, 92, 102, 211, 16, 64, 2, 15, 8, 148, 116, 8,
       142, 0, 226, 224, 67, 16, 29, 16, 8, 55, 9, 143, 11, 49, 98, 34,
       28, 64, 213, 46, 248, 61, 53, 125, 176, 54, 183, 59, 112, 180, 94,
       214, 48, 77, 75, 144, 71, 242, 252, 67, 96, 241, 32, 192, 243, 76,
       168, 164, 205, 80, 28, 113, 233, 215, 36, 85, 186, 82, 120, 129,
       116, 120, 92, 24, 15, 208, 16, 231, 79, 153, 172, 24, 5, 240, 29,
       156, 65, 16, 242, 51, 189, 88, 87, 32, 250, 62, 34, 109, 162, 23,
       53, 33, 111, 244, 84, 212, 52, 125, 63, 176, 84, 242, 220, 67, 96,
