%YAML:1.0
descriptors: !!opencv-matrix
   rows: 127
   cols: 64
   dt: u
   data: [ 61, 253, 125, 254, 55, 125, 125, 126, 245, 222, 253, 249, 125,
       127, 252, 239, 251, 212, 103, 99, 245, 114, 225, 119, 77, 239,
       161, 59, 123, 94, 127, 233, 215, 36, 85, 186, 82, 120, 233, 245,
       114, 94, 56, 47, 212, 22, 245, 110, 153, 172, 24, 5, 240, 29, 156,
       73, 16, 242, 51, 189, 88, 87, 34, 251, 242, 249, 211, 247, 221,
       66, 223, 142, 222, 169, 57, 251, 167, 202, 198, 223, 123, 215, 60,
       31, 15, 143, 239, 47, 167, 223, 123, 47, 151, 43, 226, 62, 179,
       167, 60, 87, 114, 189, 127, 247, 99, 106, 226, 123, 155, 28, 29,
       177, 196, 215, 118, 241, 205, 226, 164, 231, 209, 188, 224, 79,
       157, 117, 145, 191, 4, 33, 145, 144, 0, 7, 40, 103, 0, 130, 65,
       20, 80, 128, 145, 2, 66, 8, 67, 68, 2, 32, 192, 131, 28, 8, 164,
       136, 64, 132, 48, 200, 98, 4, 5, 170, 0, 104, 1, 84, 16, 64, 20,
       14, 66, 52, 131, 78, 25, 44, 24, 1, 112, 24, 20, 73, 0, 226, 51,
       184, 72, 22, 32, 227, 254, 254, 255, 239, 255, 255, 223, 249, 255,
       255, 253, 251, 255, 187, 254, 253, 251, 213, 127, 111, 125, 223,
       191, 124, 239, 255, 255, 63, 255, 91, 127, 191, 241, 109, 60, 223,
       210, 119, 253, 247, 211, 223, 123, 62, 219, 142, 216, 181, 141,
       181, 86, 133, 232, 191, 135, 111, 208, 244, 57, 30, 221, 31, 50,
       189, 59, 152, 252, 170, 63, 253, 209, 62, 63, 252, 214, 245, 61,
       126, 57, 244, 255, 246, 65, 243, 244, 112, 203, 115, 109, 170,
       224, 79, 126, 91, 253, 235, 223, 36, 85, 186, 87, 122, 233, 124,
       112, 93, 126, 47, 212, 21, 245, 111, 153, 172, 24, 5, 242, 29,
       156, 73, 48, 242, 51, 189, 90, 95, 32, 250, 252, 185, 255, 253,
       118, 127, 249, 255, 223, 252, 255, 253, 127, 254, 255, 254, 251,
       215, 251, 111, 119, 255, 247, 183, 255, 239, 246, 255, 111, 255,
       254, 239, 239, 45, 103, 255, 222, 127, 249, 125, 250, 221, 247,
       126, 255, 183, 245, 110, 191, 174, 239, 223, 242, 63, 156, 93,
       116, 254, 123, 251, 251, 95, 175, 254, 124, 47, 247, 244, 58, 127,
       241, 255, 253, 252, 206, 117, 95, 253, 251, 230, 251, 253, 227,
       107, 247, 47, 214, 247, 93, 110, 166, 151, 120, 214, 127, 239,
       255, 38, 119, 186, 215, 122, 249, 124, 220, 125, 186, 38, 197, 39,
       247, 111, 185, 172, 24, 77, 240, 29, 157, 73, 20, 242, 115, 191,
       90, 87, 33, 250, 252, 57, 247, 244, 114, 103, 127, 255, 212, 252,
       209, 179, 87, 202, 147, 78, 251, 221, 123, 111, 127, 175, 230,
       183, 31, 251, 182, 173, 82, 196, 54, 169, 195, 39, 52, 187, 87,
       124, 213, 116, 120, 108, 177, 111, 239, 61, 195, 238, 157, 172,
       24, 213, 240, 28, 156, 73, 81, 250, 115, 255, 88, 119, 161, 250,
       253, 249, 255, 253, 51, 127, 253, 254, 253, 245, 253, 249, 127,
       250, 246, 238, 251, 212, 127, 111, 63, 191, 230, 55, 111, 239,
       179, 63, 127, 79, 126, 191, 243, 39, 52, 251, 82, 125, 241, 244,
       210, 255, 248, 63, 219, 30, 93, 174, 157, 173, 126, 149, 248, 31,
       151, 77, 144, 246, 113, 255, 93, 86, 35, 251, 253, 185, 255, 253,
       62, 127, 249, 254, 253, 254, 212, 249, 95, 248, 191, 207, 186,
       220, 251, 107, 247, 253, 230, 191, 175, 43, 182, 215, 125, 85,
       118, 239, 223, 114, 181, 254, 223, 127, 251, 117, 250, 255, 251,
       126, 251, 167, 211, 111, 191, 191, 31, 199, 248, 61, 159, 77, 117,
       246, 127, 223, 251, 191, 167, 255, 167, 254, 101, 107, 253, 252,
       167, 216, 253, 125, 254, 255, 175, 127, 204, 253, 235, 245, 191,
       57, 237, 103, 187, 124, 103, 255, 25, 55, 255, 91, 107, 127, 151,
       227, 221, 83, 118, 251, 253, 55, 247, 220, 106, 191, 213, 131,
       252, 49, 172, 213, 28, 44, 221, 167, 143, 239, 126, 220, 182, 15,
       214, 223, 54, 190, 165, 174, 99, 229, 248, 252, 171, 201, 220,
       255, 194, 127, 193, 95, 219, 228, 235, 213, 159, 43, 205, 45, 142,
       124, 109, 222, 63, 39, 214, 11, 51, 95, 119, 231, 93, 91, 118,
       255, 237, 54, 241, 84, 106, 62, 199, 142, 216, 49, 137, 253, 28,
       37, 213, 183, 141, 107, 208, 252, 178, 173, 204, 95, 48, 182, 252,
       233, 255, 253, 114, 111, 253, 255, 221, 253, 253, 251, 87, 254,
       255, 238, 187, 221, 251, 111, 63, 143, 238, 191, 127, 255, 183,
       183, 121, 239, 54, 239, 223, 183, 117, 251, 214, 253, 255, 127,
       122, 253, 255, 119, 191, 63, 127, 234, 221, 170, 255, 247, 217,
       127, 180, 206, 209, 252, 233, 123, 255, 117, 145, 254, 61, 190,
       125, 105, 191, 249, 183, 120, 249, 185, 206, 253, 253, 63, 233,
       225, 155, 189, 235, 58, 245, 119, 91, 253, 225, 125, 89, 182, 124,
       87, 239, 254, 159, 216, 217, 36, 253, 219, 249, 55, 125, 29, 107,
       39, 117, 229, 127, 115, 190, 223, 173, 47, 246, 165, 218, 124,
       102, 207, 159, 231, 243, 219, 236, 94, 191, 253, 255, 254, 55,
       127, 125, 122, 255, 213, 253, 250, 127, 255, 244, 223, 255, 255,
       103, 107, 247, 126, 241, 119, 253, 255, 247, 251, 123, 127, 246,
       233, 215, 100, 215, 254, 211, 120, 249, 125, 126, 223, 185, 47,
       245, 21, 247, 111, 153, 172, 24, 13, 248, 29, 158, 77, 56, 246,
       115, 191, 91, 215, 44, 250, 235, 222, 78, 227, 255, 248, 175, 152,
       61, 255, 250, 255, 175, 95, 235, 237, 203, 245, 189, 59, 236, 71,
       138, 120, 111, 223, 57, 55, 254, 67, 51, 223, 215, 225, 221, 81,
       119, 255, 253, 55, 117, 92, 106, 61, 221, 139, 252, 177, 236, 221,
       28, 181, 221, 231, 143, 239, 86, 220, 180, 15, 214, 95, 52, 190,
       68, 34, 129, 144, 16, 128, 34, 68, 0, 230, 131, 20, 65, 132, 145,
       66, 194, 76, 1, 96, 138, 161, 202, 1, 12, 136, 136, 13, 0, 12, 49,
       73, 113, 4, 84, 186, 0, 122, 1, 86, 0, 64, 24, 10, 66, 12, 65, 10,
       25, 44, 16, 4, 96, 24, 148, 8, 0, 98, 35, 156, 72, 6, 32, 240,
       199, 10, 130, 179, 221, 162, 162, 200, 40, 59, 2, 47, 130, 199,
       131, 1, 74, 77, 185, 70, 200, 141, 138, 121, 70, 218, 26, 39, 210,
       1, 35, 15, 23, 163, 85, 51, 49, 253, 109, 6, 96, 100, 10, 72, 77,
       9, 233, 147, 92, 12, 24, 52, 213, 254, 156, 171, 80, 44, 183, 159,
       76, 23, 17, 122, 191, 254, 255, 239, 63, 253, 185, 251, 255, 253,
       214, 255, 255, 123, 222, 220, 255, 158, 231, 251, 245, 38, 211,
       247, 221, 255, 245, 235, 95, 223, 243, 235, 207, 44, 69, 190, 127,
       120, 233, 124, 248, 92, 58, 175, 213, 53, 247, 111, 185, 172, 24,
       5, 240, 29, 156, 73, 22, 242, 55, 189, 90, 87, 32, 250, 207, 238,
       111, 233, 252, 254, 191, 216, 168, 255, 235, 218, 203, 93, 222,
       237, 131, 221, 63, 111, 206, 133, 174, 120, 79, 223, 191, 47, 215,
       15, 51, 95, 243, 37, 93, 155, 82, 127, 237, 246, 114, 92, 56, 63,
       215, 30, 252, 49, 153, 173, 20, 5, 241, 61, 157, 73, 16, 254, 49,
       189, 92, 87, 48, 186, 196, 170, 219, 245, 248, 208, 251, 200, 202,
       235, 3, 254, 211, 70, 155, 90, 235, 213, 57, 107, 143, 45, 206,
       88, 13, 222, 187, 47, 82, 11, 51, 127, 87, 165, 93, 155, 82, 253,
       237, 118, 112, 92, 104, 46, 215, 28, 253, 51, 157, 172, 24, 37,
       241, 189, 156, 107, 80, 250, 51, 189, 92, 87, 48, 246, 60, 174,
       255, 169, 186, 253, 163, 253, 253, 253, 206, 253, 221, 62, 251,
       228, 251, 221, 227, 98, 245, 33, 222, 248, 125, 253, 60, 167, 124,
       207, 59, 255, 213, 100, 85, 186, 87, 251, 233, 118, 121, 93, 122,
       38, 213, 55, 247, 97, 153, 172, 24, 5, 240, 29, 156, 73, 20, 242,
       51, 189, 218, 95, 32, 254, 195, 9, 131, 19, 221, 130, 203, 202,
       142, 175, 1, 78, 163, 201, 3, 9, 234, 197, 33, 103, 206, 175, 202,
       127, 78, 218, 182, 47, 210, 8, 35, 127, 87, 39, 85, 187, 82, 60,
       237, 86, 112, 72, 56, 142, 217, 24, 209, 183, 153, 172, 24, 1,
       240, 29, 156, 73, 16, 242, 51, 189, 88, 87, 32, 250, 68, 10, 130,
       81, 200, 130, 162, 66, 0, 40, 2, 7, 194, 196, 9, 1, 0, 73, 153,
       70, 206, 45, 10, 75, 14, 202, 10, 6, 128, 4, 33, 86, 119, 163, 89,
       41, 16, 230, 71, 2, 129, 32, 136, 78, 73, 140, 137, 147, 72, 68,
       24, 244, 5, 124, 141, 138, 65, 72, 19, 167, 64, 36, 17, 180, 12,
