%YAML:1.0
descriptors: !!opencv-matrix
   rows: 126
   cols: 64
   dt: u
   data: [ 63, 180, 125, 174, 191, 189, 189, 120, 255, 126, 254, 119,
       253, 127, 188, 117, 247, 246, 67, 112, 245, 114, 211, 118, 237,
       190, 229, 123, 126, 91, 253, 235, 215, 108, 215, 190, 214, 120,
       249, 117, 124, 221, 126, 47, 212, 21, 245, 111, 153, 188, 24, 5,
       242, 29, 156, 77, 56, 242, 51, 189, 218, 223, 44, 250, 189, 249,
       255, 190, 55, 119, 253, 126, 244, 220, 221, 253, 127, 254, 182,
       126, 251, 220, 99, 99, 245, 39, 229, 119, 79, 235, 164, 143, 83,
       28, 112, 233, 215, 36, 84, 190, 83, 120, 233, 244, 90, 94, 56, 47,
       213, 53, 247, 110, 153, 172, 24, 5, 240, 29, 156, 73, 16, 242, 51,
       189, 88, 87, 34, 251, 61, 63, 255, 252, 54, 119, 249, 255, 213,
       254, 214, 181, 125, 251, 155, 206, 251, 252, 227, 107, 245, 127,
       214, 191, 157, 171, 166, 147, 125, 221, 117, 239, 239, 70, 247,
       190, 215, 248, 249, 125, 252, 125, 243, 166, 246, 161, 83, 111,
       186, 172, 191, 217, 242, 29, 156, 85, 108, 242, 123, 219, 251,
       223, 45, 255, 143, 198, 109, 168, 47, 63, 39, 88, 165, 119, 168,
       200, 27, 57, 116, 109, 128, 124, 5, 97, 192, 82, 184, 120, 76,
       137, 137, 50, 249, 1, 57, 79, 241, 100, 86, 42, 82, 112, 161, 178,
       214, 126, 120, 15, 208, 22, 244, 73, 25, 173, 24, 4, 211, 29, 159,
       12, 24, 230, 51, 188, 72, 86, 34, 249, 251, 216, 127, 239, 255,
       253, 223, 152, 255, 127, 125, 219, 191, 127, 118, 253, 247, 247,
       125, 113, 236, 215, 187, 124, 239, 255, 249, 63, 255, 91, 127,
       255, 213, 236, 22, 255, 83, 113, 249, 247, 114, 223, 124, 63, 213,
       22, 244, 125, 157, 173, 30, 5, 248, 29, 159, 77, 24, 246, 59, 188,
       221, 95, 34, 249, 252, 168, 99, 133, 218, 197, 171, 249, 220, 237,
       218, 127, 241, 70, 251, 224, 235, 213, 63, 98, 205, 165, 143, 124,
       79, 222, 189, 47, 210, 15, 51, 62, 247, 37, 93, 251, 82, 115, 237,
       118, 113, 92, 16, 46, 197, 30, 248, 53, 153, 172, 24, 5, 240, 31,
       156, 73, 16, 240, 51, 189, 92, 87, 32, 250, 253, 254, 119, 237,
       254, 255, 255, 248, 253, 255, 234, 255, 207, 127, 251, 237, 235,
       213, 127, 110, 125, 201, 174, 124, 111, 255, 63, 63, 255, 79, 59,
       191, 241, 103, 92, 251, 82, 247, 253, 246, 215, 94, 90, 62, 221,
       142, 216, 145, 141, 189, 86, 37, 217, 191, 143, 77, 208, 252, 33,
       188, 92, 95, 34, 189, 230, 237, 231, 215, 211, 71, 219, 207, 239,
       229, 189, 250, 255, 234, 246, 238, 235, 85, 62, 111, 31, 143, 247,
       39, 95, 223, 191, 47, 211, 159, 22, 63, 194, 39, 53, 219, 210,
       125, 255, 254, 114, 120, 172, 123, 155, 28, 125, 182, 205, 172,
       82, 245, 217, 126, 180, 238, 217, 252, 97, 63, 93, 117, 145, 251,
       253, 252, 255, 142, 127, 127, 61, 254, 255, 252, 252, 189, 127,
       191, 255, 255, 251, 244, 123, 104, 249, 215, 255, 61, 127, 237,
       253, 59, 255, 95, 127, 239, 245, 101, 21, 255, 82, 119, 173, 254,
       114, 223, 120, 63, 221, 150, 244, 237, 157, 172, 94, 133, 248, 31,
       150, 77, 152, 244, 41, 188, 222, 22, 34, 253, 244, 41, 243, 213,
       112, 70, 93, 239, 199, 229, 163, 242, 83, 194, 146, 218, 171, 213,
       62, 111, 15, 173, 230, 11, 31, 203, 182, 47, 3, 172, 54, 111, 99,
       39, 116, 251, 0, 124, 247, 214, 80, 104, 181, 106, 171, 28, 73,
       174, 221, 172, 122, 213, 113, 126, 180, 74, 209, 254, 113, 123,
       93, 116, 145, 250, 191, 244, 125, 167, 191, 253, 223, 120, 255,
       93, 253, 251, 255, 123, 244, 253, 243, 246, 87, 113, 245, 114,
       179, 124, 237, 255, 245, 59, 255, 123, 127, 191, 213, 108, 158,
       222, 218, 113, 185, 247, 95, 223, 127, 63, 208, 22, 252, 29, 141,
       181, 158, 13, 248, 149, 159, 125, 56, 182, 51, 188, 219, 223, 46,
       249, 63, 244, 125, 174, 191, 189, 191, 121, 247, 126, 253, 249,
       125, 63, 252, 245, 243, 244, 71, 104, 241, 114, 153, 124, 252,
       173, 229, 59, 127, 91, 125, 239, 245, 108, 30, 190, 214, 113, 169,
       255, 127, 207, 91, 47, 212, 151, 244, 77, 137, 165, 30, 5, 232,
       29, 159, 77, 152, 242, 59, 156, 219, 94, 34, 181, 35, 18, 64, 34,
       221, 160, 131, 24, 230, 24, 130, 103, 160, 27, 128, 21, 98, 245,
       5, 80, 192, 34, 137, 116, 4, 136, 40, 15, 150, 8, 33, 87, 117, 36,
       92, 186, 80, 50, 1, 212, 197, 84, 26, 14, 64, 64, 192, 69, 136,
       52, 24, 4, 112, 28, 141, 65, 16, 114, 51, 156, 72, 7, 36, 120, 63,
       244, 125, 174, 63, 173, 125, 127, 247, 124, 253, 177, 125, 42,
       180, 84, 242, 244, 67, 96, 241, 114, 209, 127, 252, 168, 228, 31,
       123, 217, 125, 237, 245, 108, 60, 190, 198, 112, 129, 253, 219,
       203, 95, 15, 208, 23, 192, 79, 153, 164, 91, 13, 104, 28, 159, 77,
       56, 178, 59, 152, 219, 14, 42, 245, 195, 0, 146, 87, 201, 130, 66,
       140, 10, 33, 1, 75, 162, 203, 2, 17, 102, 71, 56, 6, 202, 173,
       138, 104, 2, 194, 58, 47, 146, 41, 1, 79, 23, 167, 28, 83, 32,
       197, 55, 134, 65, 226, 200, 75, 137, 24, 201, 147, 84, 68, 88, 52,
       5, 226, 156, 171, 81, 60, 176, 11, 132, 36, 145, 253, 188, 249,
       255, 252, 54, 127, 249, 255, 253, 220, 252, 189, 127, 255, 255,
       254, 251, 212, 127, 111, 117, 218, 180, 55, 255, 175, 167, 153,
       255, 223, 126, 185, 240, 101, 63, 255, 214, 119, 217, 245, 223,
       223, 255, 62, 218, 183, 233, 238, 141, 165, 94, 133, 234, 31, 159,
       77, 152, 246, 107, 254, 95, 78, 34, 177, 196, 43, 243, 117, 48,
       162, 248, 227, 72, 169, 195, 87, 194, 196, 146, 74, 170, 205, 175,
       111, 143, 45, 66, 219, 79, 222, 182, 175, 64, 46, 50, 78, 87, 55,
       125, 187, 16, 190, 251, 86, 81, 124, 177, 102, 235, 12, 189, 255,
       201, 164, 56, 247, 240, 30, 156, 72, 17, 250, 115, 175, 72, 55,
       161, 250, 187, 252, 254, 239, 255, 191, 223, 185, 255, 255, 253,
       251, 191, 127, 118, 93, 255, 247, 127, 251, 245, 119, 251, 124,
       255, 255, 253, 127, 255, 127, 255, 255, 215, 236, 28, 255, 222,
       121, 249, 255, 122, 222, 123, 191, 213, 20, 245, 127, 153, 173,
       24, 5, 248, 29, 158, 77, 24, 246, 51, 189, 218, 215, 40, 254, 191,
       244, 125, 255, 63, 180, 223, 9, 247, 255, 189, 250, 253, 107, 52,
       93, 245, 247, 38, 243, 228, 117, 210, 126, 252, 223, 243, 127, 91,
       59, 245, 111, 215, 188, 158, 190, 218, 120, 248, 119, 114, 78,
       105, 45, 215, 20, 245, 111, 153, 174, 24, 7, 240, 29, 156, 73, 16,
       243, 51, 189, 248, 87, 42, 255, 101, 47, 231, 145, 220, 167, 39,
       122, 164, 125, 136, 59, 203, 239, 146, 77, 226, 213, 35, 102, 200,
       133, 194, 113, 78, 254, 189, 47, 210, 8, 50, 43, 215, 37, 85, 187,
       82, 124, 109, 116, 112, 84, 56, 47, 221, 20, 245, 199, 153, 172,
       24, 5, 240, 28, 156, 73, 16, 242, 51, 189, 88, 87, 32, 250, 62,
       250, 125, 238, 63, 253, 191, 121, 255, 247, 255, 250, 253, 127,
       252, 245, 255, 255, 99, 115, 245, 102, 211, 247, 205, 255, 245,
       255, 126, 158, 247, 235, 223, 108, 87, 190, 91, 122, 233, 117,
       124, 92, 56, 47, 213, 55, 247, 111, 153, 172, 24, 5, 240, 29, 157,
       73, 16, 242, 51, 189, 88, 87, 32, 250, 115, 212, 200, 158, 247,
       206, 95, 13, 175, 101, 61, 152, 189, 190, 52, 126, 247, 247, 48,
       117, 138, 35, 243, 37, 93, 195, 232, 63, 83, 185, 93, 41, 147, 45,
       20, 154, 66, 89, 227, 254, 50, 219, 44, 41, 149, 28, 229, 47, 149,
       164, 18, 5, 112, 25, 180, 235, 16, 242, 59, 188, 88, 86, 50, 251,
       222, 249, 219, 245, 112, 66, 254, 207, 219, 187, 109, 251, 211,
       198, 182, 250, 235, 213, 62, 111, 15, 141, 230, 27, 111, 223, 191,
       47, 211, 43, 54, 62, 243, 39, 60, 251, 82, 125, 255, 244, 115,
       108, 185, 127, 191, 28, 125, 180, 205, 173, 126, 245, 217, 254,
       180, 238, 208, 252, 33, 95, 93, 85, 17, 186, 124, 249, 255, 253,
       50, 127, 249, 247, 221, 222, 254, 189, 95, 244, 255, 254, 255,
       220, 251, 111, 119, 253, 246, 183, 255, 111, 247, 253, 109, 215,
       254, 187, 238, 91, 231, 239, 223, 127, 217, 125, 250, 221, 247,
