%YAML:1.0
descriptors: !!opencv-matrix
   rows: 117
   cols: 64
   dt: u
   data: [ 255, 188, 255, 189, 127, 119, 251, 254, 252, 255, 212, 255,
       255, 251, 182, 93, 251, 253, 123, 103, 245, 247, 210, 119, 207,
       251, 252, 191, 219, 93, 119, 235, 215, 44, 87, 254, 211, 120, 233,
       117, 120, 92, 58, 47, 213, 53, 247, 111, 153, 172, 24, 5, 240, 29,
       156, 73, 16, 242, 51, 189, 90, 87, 32, 250, 254, 251, 255, 247,
       255, 125, 253, 249, 253, 223, 250, 255, 255, 254, 246, 252, 251,
       213, 127, 127, 127, 143, 175, 60, 239, 255, 127, 187, 223, 95,
       118, 191, 242, 111, 125, 223, 94, 117, 253, 246, 123, 92, 250, 63,
       223, 63, 124, 180, 205, 189, 86, 181, 216, 191, 132, 109, 208,
       252, 97, 127, 221, 95, 48, 190, 255, 255, 255, 255, 255, 127, 253,
       251, 253, 255, 254, 251, 127, 254, 254, 255, 251, 215, 127, 127,
       125, 159, 189, 62, 239, 255, 255, 187, 223, 95, 246, 255, 251, 47,
       84, 255, 87, 117, 253, 244, 122, 95, 250, 63, 223, 55, 255, 245,
       237, 173, 94, 149, 248, 63, 141, 73, 208, 244, 97, 191, 223, 95,
       32, 190, 203, 218, 138, 231, 255, 250, 223, 152, 60, 251, 126,
       203, 174, 95, 110, 189, 237, 255, 189, 155, 236, 15, 191, 121, 99,
       223, 123, 118, 223, 115, 227, 247, 223, 235, 223, 113, 127, 221,
       252, 51, 113, 92, 106, 125, 221, 25, 255, 177, 253, 223, 24, 37,
       253, 231, 220, 235, 87, 220, 182, 175, 214, 95, 148, 190, 255,
       253, 255, 255, 255, 127, 253, 250, 255, 255, 253, 251, 111, 251,
       246, 255, 251, 247, 127, 127, 125, 207, 181, 190, 239, 255, 255,
       251, 255, 95, 254, 255, 250, 45, 148, 255, 223, 117, 245, 253,
       250, 222, 251, 191, 217, 59, 222, 220, 173, 175, 94, 133, 248,
       191, 159, 73, 240, 244, 117, 191, 254, 214, 38, 189, 254, 191,
       255, 247, 254, 127, 251, 255, 255, 253, 247, 255, 255, 250, 251,
       254, 251, 215, 123, 119, 125, 247, 199, 246, 223, 255, 253, 255,
       250, 254, 246, 251, 215, 45, 69, 255, 222, 122, 233, 125, 248, 93,
       57, 63, 213, 63, 245, 109, 159, 172, 153, 15, 240, 29, 156, 73,
       80, 246, 51, 189, 122, 87, 32, 250, 200, 138, 134, 213, 238, 215,
       142, 177, 44, 255, 81, 206, 154, 236, 50, 14, 237, 221, 125, 103,
       206, 141, 238, 121, 75, 95, 191, 110, 208, 2, 50, 63, 215, 37, 85,
       59, 82, 125, 236, 98, 112, 92, 56, 63, 221, 28, 253, 181, 157,
       140, 24, 5, 241, 127, 156, 203, 81, 252, 49, 189, 92, 87, 16, 250,
       233, 205, 206, 223, 255, 111, 219, 254, 189, 253, 126, 223, 191,
       253, 123, 239, 235, 213, 61, 111, 78, 143, 238, 63, 107, 255, 187,
       62, 251, 67, 50, 63, 243, 39, 117, 251, 82, 127, 255, 246, 242,
       126, 248, 62, 223, 30, 217, 183, 205, 141, 94, 149, 217, 255, 157,
       207, 81, 252, 49, 63, 92, 85, 19, 251, 200, 201, 239, 253, 254,
       255, 251, 251, 189, 255, 127, 223, 159, 236, 126, 239, 235, 213,
       61, 111, 78, 159, 174, 57, 111, 223, 191, 46, 215, 67, 54, 63,
       243, 167, 93, 123, 82, 247, 255, 246, 242, 124, 248, 127, 223, 30,
       253, 179, 221, 141, 30, 181, 217, 255, 157, 235, 209, 252, 113,
       63, 92, 85, 19, 190, 195, 200, 130, 247, 201, 130, 202, 128, 62,
       251, 2, 75, 162, 203, 99, 29, 102, 215, 61, 39, 206, 175, 143,
       105, 110, 222, 59, 47, 150, 11, 51, 119, 119, 167, 92, 81, 115,
       237, 255, 38, 193, 108, 232, 90, 203, 28, 217, 179, 205, 221, 24,
       181, 221, 230, 140, 235, 209, 252, 176, 47, 212, 117, 145, 183,
       62, 54, 125, 166, 63, 191, 59, 121, 246, 94, 210, 53, 109, 10,
       249, 85, 242, 214, 67, 96, 241, 114, 145, 127, 204, 168, 228, 157,
       94, 88, 125, 233, 86, 36, 221, 190, 82, 122, 129, 117, 220, 92,
       26, 14, 192, 135, 224, 79, 152, 173, 24, 5, 226, 29, 159, 73, 16,
       242, 51, 188, 88, 22, 32, 177, 63, 246, 125, 174, 63, 125, 177,
       121, 246, 92, 254, 117, 125, 63, 252, 245, 251, 246, 71, 112, 241,
       98, 181, 116, 253, 189, 229, 155, 127, 222, 245, 251, 213, 108,
       87, 190, 214, 114, 169, 125, 125, 93, 58, 175, 212, 55, 244, 109,
       185, 172, 152, 13, 240, 29, 156, 73, 48, 242, 51, 188, 90, 87, 36,
       248, 222, 201, 154, 255, 115, 67, 220, 143, 31, 233, 45, 251, 179,
       206, 230, 254, 171, 23, 60, 15, 14, 143, 230, 43, 111, 223, 251,
       47, 211, 107, 54, 63, 215, 167, 61, 243, 50, 125, 255, 118, 115,
       252, 229, 123, 191, 28, 125, 182, 221, 170, 126, 245, 221, 255,
       180, 238, 209, 252, 113, 123, 29, 125, 145, 250, 188, 250, 255,
       237, 190, 253, 253, 248, 253, 255, 254, 255, 255, 63, 249, 253,
       251, 213, 127, 107, 253, 87, 238, 125, 109, 255, 191, 191, 95, 95,
       127, 191, 245, 100, 253, 255, 86, 127, 249, 117, 251, 92, 123, 62,
       215, 134, 216, 53, 157, 189, 30, 5, 248, 189, 159, 77, 144, 246,
       59, 189, 93, 95, 32, 182, 215, 153, 210, 119, 117, 130, 221, 138,
       150, 137, 5, 251, 162, 202, 166, 95, 42, 215, 60, 15, 14, 175,
       226, 99, 38, 223, 243, 47, 82, 40, 54, 45, 151, 183, 60, 219, 50,
       125, 255, 245, 65, 234, 191, 107, 171, 28, 221, 191, 69, 182, 120,
       245, 225, 226, 188, 226, 81, 190, 112, 91, 29, 117, 145, 250, 252,
       234, 255, 233, 178, 245, 185, 253, 253, 255, 222, 191, 223, 190,
       251, 238, 251, 221, 251, 107, 253, 213, 238, 189, 93, 253, 189,
       191, 93, 207, 127, 187, 245, 36, 85, 251, 86, 127, 233, 124, 248,
       93, 120, 62, 215, 167, 82, 245, 159, 173, 30, 5, 242, 29, 157, 93,
       144, 246, 59, 253, 95, 95, 32, 254, 215, 249, 211, 247, 117, 162,
       253, 234, 155, 153, 253, 251, 167, 218, 198, 90, 43, 215, 188, 15,
       6, 45, 226, 99, 47, 223, 243, 127, 87, 43, 70, 61, 150, 55, 60,
       219, 54, 125, 255, 245, 83, 254, 187, 115, 187, 28, 253, 191, 205,
       183, 123, 247, 249, 226, 188, 239, 81, 190, 116, 75, 93, 117, 151,
       219, 60, 242, 125, 172, 191, 253, 177, 121, 252, 92, 254, 117,
       125, 62, 249, 244, 242, 220, 195, 112, 241, 50, 133, 244, 253,
       172, 225, 203, 222, 223, 255, 251, 253, 36, 87, 190, 87, 114, 169,
       252, 251, 93, 26, 14, 212, 167, 242, 77, 153, 173, 28, 5, 240, 29,
       157, 73, 16, 242, 63, 188, 90, 95, 34, 249, 124, 46, 255, 169, 56,
       245, 163, 253, 253, 252, 198, 181, 213, 183, 251, 230, 251, 220,
       235, 106, 253, 209, 222, 181, 93, 125, 188, 167, 104, 214, 59,
       251, 237, 4, 71, 186, 85, 250, 237, 124, 252, 85, 120, 182, 85,
       167, 98, 229, 187, 44, 189, 13, 242, 29, 156, 89, 20, 240, 35,
       189, 90, 87, 40, 250, 205, 142, 174, 233, 237, 119, 170, 245, 57,
       255, 234, 207, 194, 157, 107, 173, 129, 125, 251, 106, 252, 197,
       94, 248, 67, 105, 24, 166, 221, 71, 51, 215, 237, 145, 219, 97,
       117, 254, 236, 160, 250, 60, 122, 190, 87, 163, 211, 241, 60, 216,
       28, 53, 213, 253, 157, 72, 87, 204, 183, 188, 198, 211, 8, 244,
       143, 206, 110, 105, 255, 252, 167, 152, 189, 213, 238, 202, 137,
       61, 111, 141, 137, 125, 191, 127, 252, 119, 218, 120, 101, 253,
       25, 183, 253, 115, 35, 159, 151, 219, 219, 65, 243, 153, 253, 43,
       109, 61, 122, 245, 85, 217, 126, 177, 126, 217, 141, 45, 215, 229,
       234, 190, 120, 204, 246, 175, 194, 219, 124, 94, 197, 204, 142,
       87, 206, 193, 220, 178, 59, 171, 56, 203, 154, 231, 98, 170, 237,
       91, 60, 167, 78, 141, 174, 105, 107, 87, 187, 102, 145, 11, 50,
       55, 211, 179, 124, 97, 83, 237, 254, 242, 113, 124, 232, 127, 159,
       28, 253, 177, 205, 201, 16, 245, 221, 239, 140, 235, 209, 220,
       240, 63, 212, 117, 145, 190, 196, 202, 134, 215, 239, 197, 220,
       177, 63, 249, 58, 203, 154, 231, 123, 175, 173, 219, 60, 175, 78,
       143, 174, 121, 107, 95, 191, 98, 149, 3, 50, 54, 243, 179, 125,
       113, 83, 205, 254, 102, 113, 124, 232, 127, 159, 28, 253, 177,
       205, 201, 88, 245, 221, 239, 140, 234, 81, 220, 240, 63, 212, 117,
       145, 190, 255, 253, 255, 254, 255, 191, 223, 90, 239, 71, 189,
       250, 255, 123, 182, 93, 242, 247, 126, 119, 247, 119, 211, 119,
