%YAML:1.0
descriptors: !!opencv-matrix
   rows: 132
   cols: 64
   dt: u
   data: [ 253, 190, 255, 181, 254, 255, 191, 253, 252, 253, 255, 255,
       255, 127, 254, 253, 251, 213, 123, 99, 253, 103, 227, 116, 205,
       255, 189, 191, 122, 95, 119, 239, 215, 36, 85, 190, 82, 123, 233,
       116, 120, 92, 56, 47, 213, 23, 245, 111, 153, 172, 24, 5, 240, 29,
       157, 73, 16, 246, 51, 189, 88, 87, 32, 250, 187, 222, 92, 103,
       253, 184, 183, 152, 120, 57, 214, 111, 174, 95, 72, 21, 124, 175,
       189, 144, 236, 71, 155, 124, 226, 126, 121, 246, 254, 115, 227,
       247, 159, 233, 217, 117, 255, 153, 236, 35, 109, 92, 106, 189,
       213, 65, 254, 113, 172, 223, 25, 41, 253, 229, 202, 235, 118, 223,
       182, 165, 178, 219, 188, 30, 44, 174, 255, 253, 58, 255, 241, 119,
       253, 252, 206, 253, 95, 127, 255, 236, 155, 252, 235, 107, 245,
       125, 94, 255, 253, 127, 21, 183, 109, 215, 127, 207, 207, 82, 103,
       170, 245, 250, 249, 60, 125, 61, 251, 167, 253, 241, 119, 107,
       187, 252, 173, 219, 242, 29, 152, 92, 62, 198, 215, 239, 251, 223,
       109, 254, 253, 253, 255, 255, 255, 127, 255, 191, 255, 253, 252,
       251, 191, 250, 191, 255, 255, 255, 251, 247, 125, 223, 247, 247,
       251, 127, 251, 255, 251, 219, 246, 171, 223, 47, 87, 247, 223,
       125, 253, 125, 122, 93, 251, 63, 221, 61, 255, 255, 253, 174, 154,
       157, 241, 255, 156, 203, 118, 254, 119, 191, 126, 87, 188, 250,
       126, 185, 255, 254, 54, 119, 221, 63, 215, 254, 85, 245, 127, 254,
       182, 94, 251, 215, 99, 243, 245, 55, 195, 247, 205, 235, 244, 223,
       91, 248, 247, 235, 215, 44, 87, 190, 223, 120, 233, 117, 120, 93,
       49, 47, 213, 52, 245, 111, 153, 172, 24, 7, 240, 29, 156, 73, 16,
       242, 51, 189, 120, 87, 32, 250, 225, 206, 231, 245, 221, 238, 167,
       216, 172, 253, 234, 95, 175, 237, 218, 237, 235, 213, 63, 103,
       206, 175, 174, 124, 79, 223, 63, 47, 214, 11, 51, 95, 247, 39, 93,
       187, 82, 247, 237, 246, 117, 84, 56, 63, 205, 30, 253, 177, 137,
       173, 88, 5, 241, 191, 140, 75, 80, 252, 49, 189, 92, 87, 48, 184,
       63, 145, 252, 190, 63, 255, 209, 30, 183, 252, 148, 229, 61, 126,
       54, 95, 253, 254, 99, 243, 245, 39, 211, 119, 197, 251, 244, 127,
       122, 220, 245, 227, 223, 44, 87, 190, 91, 120, 233, 124, 120, 93,
       58, 47, 213, 117, 247, 111, 153, 172, 24, 5, 240, 29, 156, 73, 16,
       242, 51, 189, 88, 87, 32, 250, 195, 142, 194, 115, 221, 128, 139,
       200, 174, 127, 146, 95, 170, 201, 130, 29, 234, 213, 61, 99, 206,
       47, 138, 121, 78, 218, 59, 47, 214, 11, 35, 127, 87, 167, 92, 155,
       82, 125, 237, 118, 193, 92, 8, 15, 217, 24, 249, 179, 153, 172,
       24, 5, 240, 29, 156, 105, 16, 240, 51, 189, 92, 87, 48, 251, 94,
       57, 187, 245, 250, 133, 122, 229, 74, 231, 211, 158, 211, 196,
       147, 82, 250, 221, 58, 103, 143, 173, 194, 89, 141, 202, 190, 239,
       66, 173, 183, 46, 87, 181, 85, 187, 82, 253, 239, 86, 48, 72, 241,
       110, 247, 28, 233, 55, 159, 172, 24, 103, 240, 221, 156, 107, 80,
       250, 49, 185, 92, 87, 49, 246, 194, 136, 195, 147, 223, 130, 142,
       204, 14, 43, 17, 94, 147, 198, 166, 72, 234, 85, 49, 102, 206,
       133, 202, 105, 78, 218, 186, 47, 146, 8, 51, 111, 215, 37, 85,
       187, 82, 124, 237, 118, 112, 92, 40, 47, 213, 28, 245, 63, 153,
       172, 24, 5, 240, 29, 156, 75, 16, 242, 51, 189, 88, 87, 32, 250,
       84, 51, 243, 245, 216, 198, 235, 204, 130, 239, 3, 116, 195, 198,
       147, 83, 234, 213, 33, 99, 143, 45, 206, 123, 12, 218, 178, 47,
       18, 11, 51, 111, 87, 167, 125, 187, 16, 252, 111, 86, 96, 96, 168,
       106, 207, 12, 249, 63, 153, 172, 24, 5, 240, 28, 156, 73, 144,
       114, 51, 191, 92, 23, 33, 242, 68, 35, 81, 144, 24, 130, 35, 76,
       130, 102, 3, 20, 65, 194, 145, 66, 98, 84, 1, 98, 138, 169, 202,
       11, 12, 136, 162, 13, 16, 8, 49, 73, 115, 38, 84, 186, 0, 112, 5,
       86, 0, 64, 24, 14, 64, 12, 65, 15, 25, 44, 16, 4, 32, 24, 148, 73,
       16, 114, 35, 156, 72, 6, 32, 240, 77, 11, 239, 177, 218, 247, 39,
       254, 172, 247, 202, 22, 219, 253, 187, 79, 201, 93, 59, 102, 236,
       135, 194, 51, 79, 254, 156, 38, 208, 4, 50, 203, 215, 36, 85, 187,
       82, 120, 237, 116, 112, 92, 56, 46, 213, 28, 229, 111, 153, 172,
       24, 5, 241, 29, 156, 73, 16, 242, 51, 189, 88, 87, 32, 250, 77,
       15, 239, 177, 223, 183, 39, 126, 164, 119, 198, 6, 219, 253, 179,
       71, 203, 221, 43, 102, 236, 167, 194, 115, 78, 250, 152, 38, 80,
       4, 50, 203, 215, 36, 85, 186, 82, 120, 237, 116, 112, 92, 56, 47,
       213, 20, 245, 111, 153, 172, 24, 5, 241, 29, 156, 73, 16, 242, 51,
       189, 88, 87, 32, 250, 111, 212, 108, 137, 223, 223, 135, 72, 62,
       127, 186, 126, 157, 44, 253, 117, 235, 245, 57, 100, 200, 7, 138,
       121, 78, 221, 185, 47, 210, 11, 51, 107, 213, 37, 85, 187, 82,
       120, 173, 116, 112, 92, 56, 47, 213, 28, 244, 109, 153, 172, 24,
       5, 240, 29, 156, 73, 16, 242, 51, 188, 88, 87, 32, 250, 231, 22,
       100, 129, 255, 182, 135, 80, 46, 119, 138, 86, 205, 61, 176, 117,
       226, 213, 5, 96, 200, 1, 138, 120, 76, 220, 168, 47, 210, 14, 49,
       127, 213, 36, 84, 186, 82, 112, 169, 246, 84, 92, 24, 14, 209, 20,
       244, 77, 153, 172, 24, 5, 240, 29, 156, 73, 16, 242, 51, 188, 88,
       87, 32, 248, 255, 253, 255, 254, 55, 111, 221, 255, 247, 212, 253,
       249, 127, 254, 254, 254, 251, 214, 127, 111, 55, 159, 245, 55,
       255, 239, 247, 25, 255, 219, 126, 185, 246, 111, 52, 223, 198,
       119, 223, 253, 243, 223, 253, 127, 223, 158, 125, 238, 205, 181,
       215, 141, 248, 62, 151, 77, 248, 244, 105, 251, 95, 12, 38, 251,
       7, 34, 65, 128, 28, 128, 14, 64, 34, 34, 129, 22, 200, 37, 160,
       83, 226, 213, 1, 96, 201, 33, 194, 112, 76, 152, 176, 15, 18, 12,
       49, 107, 215, 36, 85, 186, 82, 120, 161, 84, 112, 88, 24, 47, 213,
       20, 229, 79, 153, 172, 24, 5, 240, 29, 156, 73, 16, 242, 51, 189,
       88, 87, 32, 250, 156, 235, 223, 254, 35, 91, 252, 107, 123, 208,
       255, 250, 254, 247, 236, 218, 239, 155, 37, 123, 199, 125, 193,
       243, 205, 223, 241, 255, 107, 206, 182, 105, 223, 36, 85, 186, 83,
       120, 249, 116, 112, 93, 57, 47, 213, 21, 247, 111, 153, 172, 25,
       5, 240, 29, 156, 77, 16, 242, 51, 189, 89, 87, 32, 250, 44, 226,
       127, 249, 50, 117, 181, 253, 253, 254, 238, 185, 93, 58, 251, 230,
       235, 220, 227, 107, 125, 242, 228, 182, 93, 173, 165, 177, 125,
       206, 63, 251, 240, 36, 117, 186, 86, 120, 233, 116, 122, 93, 56,
       63, 214, 167, 80, 108, 153, 173, 30, 5, 242, 29, 156, 77, 144,
       242, 43, 156, 89, 86, 32, 250, 60, 254, 127, 233, 254, 253, 183,
       249, 253, 253, 254, 255, 253, 63, 249, 228, 251, 221, 235, 106,
       245, 115, 222, 252, 253, 253, 61, 183, 127, 223, 127, 255, 223,
       224, 95, 190, 119, 251, 233, 124, 121, 93, 122, 63, 213, 167, 255,
       99, 185, 237, 157, 13, 240, 29, 156, 73, 54, 242, 183, 189, 218,
       95, 32, 254, 252, 189, 247, 212, 54, 103, 245, 255, 247, 245, 252,
       243, 127, 251, 182, 78, 251, 213, 119, 111, 119, 175, 247, 55, 95,
       255, 183, 47, 115, 156, 114, 235, 215, 39, 116, 250, 82, 124, 251,
       252, 112, 125, 184, 111, 217, 52, 245, 238, 153, 172, 24, 133,
       240, 31, 156, 73, 16, 242, 115, 191, 88, 87, 33, 250, 188, 253,
       109, 252, 54, 125, 125, 255, 253, 220, 255, 181, 125, 62, 255,
       230, 251, 212, 71, 107, 117, 242, 244, 54, 125, 175, 165, 153,
       127, 223, 127, 249, 240, 36, 119, 250, 214, 123, 201, 252, 250,
       221, 57, 63, 214, 134, 228, 108, 153, 173, 222, 13, 248, 29, 159,
       77, 144, 242, 59, 252, 91, 22, 34, 250, 124, 57, 239, 210, 86, 7,
       65, 127, 198, 100, 151, 54, 255, 234, 178, 78, 242, 213, 99, 102,
       215, 47, 194, 119, 78, 138, 182, 13, 82, 152, 48, 105, 215, 38,
       85, 186, 82, 120, 195, 116, 112, 92, 24, 15, 217, 20, 225, 239,
       153, 172, 24, 5, 240, 29, 156, 73, 16, 242, 51, 189, 88, 87, 32,
