%YAML:1.0
descriptors: !!opencv-matrix
   rows: 128
   cols: 64
   dt: u
   data: [ 59, 212, 108, 239, 255, 181, 255, 24, 189, 255, 244, 233, 173,
       121, 36, 93, 246, 255, 159, 251, 252, 115, 219, 124, 101, 250,
       105, 182, 127, 113, 253, 239, 223, 232, 158, 116, 247, 249, 248,
       255, 123, 223, 107, 47, 209, 81, 219, 115, 189, 222, 26, 13, 252,
       165, 220, 109, 62, 246, 191, 191, 242, 223, 46, 255, 90, 57, 187,
       212, 34, 87, 88, 103, 83, 134, 85, 144, 87, 192, 50, 90, 188, 211,
       114, 239, 6, 189, 228, 131, 141, 195, 246, 220, 67, 228, 244, 232,
       198, 62, 36, 238, 202, 108, 210, 81, 112, 233, 181, 109, 187, 28,
       161, 110, 223, 170, 59, 215, 112, 29, 52, 93, 81, 243, 123, 251,
       121, 52, 193, 251, 187, 218, 111, 239, 255, 125, 249, 254, 253,
       223, 253, 217, 127, 121, 252, 253, 235, 212, 63, 107, 100, 66,
       165, 52, 111, 191, 173, 59, 255, 75, 127, 251, 240, 100, 20, 250,
       82, 115, 249, 244, 210, 222, 56, 31, 208, 150, 208, 108, 153, 173,
       30, 5, 248, 29, 159, 77, 16, 246, 59, 156, 88, 86, 34, 249, 61,
       61, 255, 252, 50, 55, 117, 255, 213, 252, 252, 177, 127, 254, 191,
       238, 243, 220, 99, 107, 117, 172, 228, 183, 127, 171, 166, 137,
       91, 93, 124, 233, 231, 38, 52, 250, 87, 126, 209, 252, 90, 223,
       184, 46, 222, 151, 67, 238, 153, 172, 95, 133, 240, 29, 157, 77,
       16, 242, 123, 253, 91, 6, 34, 251, 61, 190, 125, 117, 62, 189,
       255, 120, 249, 189, 238, 243, 205, 125, 249, 225, 179, 237, 227,
       107, 245, 102, 82, 254, 237, 126, 181, 247, 124, 87, 119, 239,
       223, 120, 213, 190, 223, 186, 249, 125, 124, 93, 123, 167, 245,
       99, 247, 107, 185, 188, 137, 15, 240, 29, 157, 77, 62, 242, 55,
       191, 250, 215, 100, 254, 61, 54, 125, 101, 62, 181, 187, 112, 240,
       188, 214, 117, 205, 125, 185, 65, 184, 237, 195, 106, 245, 119,
       90, 255, 141, 58, 180, 247, 124, 85, 117, 238, 223, 120, 197, 188,
       255, 184, 249, 125, 124, 29, 123, 174, 245, 225, 183, 107, 186,
       252, 137, 15, 240, 29, 156, 81, 54, 243, 151, 157, 250, 215, 108,
       254, 253, 253, 255, 255, 119, 127, 125, 255, 253, 221, 252, 251,
       127, 187, 246, 239, 251, 245, 127, 109, 125, 223, 180, 53, 111,
       239, 191, 57, 255, 91, 126, 185, 240, 103, 52, 251, 82, 119, 149,
       244, 219, 223, 58, 63, 219, 142, 76, 244, 141, 165, 86, 132, 232,
       191, 135, 77, 208, 244, 41, 156, 95, 30, 34, 185, 62, 121, 89,
       254, 55, 88, 93, 10, 199, 14, 187, 182, 125, 238, 253, 250, 247,
       150, 2, 240, 7, 190, 193, 39, 221, 132, 230, 89, 67, 186, 254,
       169, 114, 44, 79, 222, 106, 126, 195, 92, 34, 202, 149, 105, 214,
       150, 229, 126, 211, 166, 18, 7, 42, 21, 183, 121, 144, 242, 57,
       188, 125, 70, 34, 176, 141, 202, 111, 233, 191, 189, 251, 248,
       189, 255, 246, 217, 221, 57, 253, 237, 130, 220, 95, 107, 236, 98,
       166, 120, 109, 185, 173, 51, 253, 71, 57, 251, 245, 100, 92, 250,
       82, 115, 169, 180, 218, 94, 26, 30, 210, 134, 208, 89, 153, 173,
       30, 5, 248, 29, 159, 77, 144, 242, 59, 156, 92, 87, 34, 185, 188,
       249, 255, 253, 151, 237, 245, 251, 189, 221, 222, 255, 255, 254,
       255, 253, 251, 252, 227, 98, 127, 190, 210, 119, 255, 255, 247,
       241, 251, 223, 126, 187, 206, 106, 119, 254, 183, 123, 249, 125,
       121, 253, 247, 103, 253, 119, 255, 239, 189, 188, 153, 253, 250,
       159, 157, 89, 62, 178, 127, 187, 123, 111, 175, 250, 255, 254,
       125, 175, 255, 189, 159, 152, 255, 95, 189, 250, 175, 59, 230,
       253, 243, 247, 63, 125, 121, 211, 179, 124, 230, 255, 121, 63,
       255, 123, 127, 61, 244, 237, 156, 223, 194, 113, 189, 247, 87,
       222, 122, 157, 209, 26, 252, 21, 140, 181, 22, 12, 104, 183, 143,
       111, 56, 180, 48, 30, 222, 223, 62, 185, 183, 246, 125, 239, 255,
       188, 159, 152, 255, 127, 189, 251, 175, 123, 228, 93, 243, 247,
       62, 57, 233, 102, 187, 124, 228, 255, 121, 59, 255, 59, 247, 63,
       151, 236, 220, 222, 242, 121, 185, 247, 119, 222, 106, 189, 209,
       18, 252, 21, 136, 189, 20, 5, 248, 183, 159, 109, 56, 246, 178,
       158, 222, 223, 46, 185, 191, 246, 125, 239, 255, 189, 223, 216,
       255, 125, 252, 251, 239, 127, 244, 125, 243, 245, 63, 121, 253,
       102, 155, 124, 237, 255, 121, 59, 255, 91, 123, 255, 215, 228,
       220, 222, 118, 121, 249, 247, 119, 222, 106, 191, 213, 146, 252,
       21, 136, 181, 20, 5, 232, 183, 143, 109, 24, 244, 178, 158, 222,
       95, 38, 188, 220, 233, 251, 221, 48, 71, 124, 239, 219, 227, 253,
       248, 83, 192, 150, 250, 187, 213, 62, 111, 143, 173, 230, 27, 207,
       203, 183, 127, 67, 173, 54, 126, 227, 55, 52, 251, 210, 125, 243,
       247, 114, 122, 177, 111, 187, 28, 145, 62, 221, 174, 126, 215,
       240, 31, 180, 75, 209, 251, 113, 251, 125, 116, 163, 251, 254,
       252, 255, 190, 127, 111, 121, 255, 247, 252, 253, 189, 127, 174,
       191, 255, 251, 244, 123, 121, 249, 211, 253, 63, 255, 237, 252,
       155, 251, 219, 127, 239, 241, 237, 55, 255, 214, 119, 177, 255,
       90, 223, 95, 62, 222, 183, 228, 236, 157, 164, 222, 141, 234, 62,
       148, 77, 216, 180, 105, 248, 223, 78, 42, 245, 4, 34, 65, 129,
       216, 64, 167, 204, 32, 14, 10, 55, 65, 39, 155, 97, 203, 68, 1,
       96, 65, 128, 142, 48, 12, 221, 24, 1, 146, 10, 51, 27, 84, 38, 93,
       186, 16, 112, 13, 20, 37, 64, 24, 14, 69, 132, 108, 208, 24, 44,
       88, 4, 209, 30, 132, 9, 144, 96, 33, 188, 76, 7, 32, 240, 63, 182,
       125, 167, 191, 253, 187, 120, 252, 125, 223, 255, 253, 127, 252,
       117, 251, 253, 103, 113, 245, 118, 211, 245, 237, 254, 245, 191,
       126, 95, 119, 235, 223, 108, 87, 190, 91, 120, 233, 124, 124, 93,
       56, 47, 213, 53, 247, 111, 153, 172, 24, 5, 240, 29, 156, 73, 24,
       242, 51, 189, 88, 87, 32, 250, 220, 57, 247, 213, 48, 225, 248,
       247, 154, 161, 207, 191, 215, 228, 155, 234, 235, 221, 115, 111,
       143, 173, 230, 147, 207, 223, 182, 255, 64, 14, 54, 62, 247, 55,
       117, 186, 18, 127, 251, 117, 80, 124, 185, 110, 239, 52, 233, 47,
       153, 172, 56, 215, 240, 29, 156, 73, 17, 242, 115, 191, 88, 55,
       161, 250, 39, 230, 101, 170, 221, 164, 3, 92, 164, 68, 160, 57,
       45, 123, 165, 101, 226, 116, 1, 96, 233, 66, 152, 52, 78, 169, 9,
       33, 187, 8, 121, 13, 176, 102, 21, 154, 64, 112, 5, 28, 39, 66,
       26, 139, 68, 144, 216, 128, 0, 53, 84, 4, 0, 154, 134, 33, 56,
       164, 43, 156, 200, 198, 38, 241, 62, 245, 125, 254, 55, 189, 221,
       121, 247, 247, 253, 248, 253, 126, 180, 95, 255, 246, 103, 123,
       183, 118, 211, 119, 253, 255, 245, 123, 114, 255, 245, 235, 215,
       44, 215, 190, 218, 120, 233, 117, 112, 223, 61, 47, 212, 20, 245,
       111, 155, 172, 24, 5, 240, 29, 156, 89, 16, 242, 51, 189, 89, 215,
       40, 250, 58, 249, 254, 222, 54, 157, 92, 51, 215, 223, 125, 250,
       191, 250, 52, 94, 253, 147, 118, 187, 159, 126, 211, 199, 249,
       119, 247, 126, 75, 253, 212, 168, 207, 60, 166, 246, 223, 89, 242,
       121, 122, 223, 247, 109, 183, 116, 183, 111, 191, 170, 139, 207,
       250, 29, 120, 85, 55, 243, 127, 251, 123, 249, 233, 239, 195, 134,
       130, 103, 205, 192, 202, 136, 24, 187, 0, 79, 162, 79, 3, 57, 111,
       71, 189, 18, 204, 45, 175, 104, 102, 222, 59, 39, 150, 35, 35, 87,
       119, 227, 93, 17, 113, 165, 110, 34, 65, 100, 74, 88, 207, 24,
       217, 179, 76, 92, 88, 37, 197, 226, 172, 235, 211, 92, 166, 15,
       196, 117, 145, 54, 220, 217, 159, 220, 34, 39, 124, 118, 19, 207,
       117, 218, 86, 192, 150, 90, 61, 219, 124, 111, 6, 173, 226, 147,
       171, 91, 179, 254, 65, 36, 244, 41, 214, 55, 52, 235, 134, 124,
       242, 245, 114, 234, 189, 111, 187, 28, 215, 110, 223, 170, 59,
       215, 96, 124, 188, 207, 81, 255, 113, 219, 125, 117, 145, 251, 67,
       6, 130, 35, 205, 162, 174, 0, 0, 59, 0, 75, 130, 65, 0, 17, 68,
       11, 161, 210, 200, 5, 11, 89, 66, 90, 106, 230, 210, 33, 161, 70,
       87, 177, 88, 33, 57, 132, 108, 98, 104, 68, 10, 201, 213, 81, 151,
