%YAML:1.0
descriptors: !!opencv-matrix
   rows: 127
   cols: 64
   dt: u
   data: [ 63, 182, 125, 230, 63, 189, 191, 120, 253, 220, 215, 247, 253,
       127, 248, 85, 242, 253, 67, 243, 245, 118, 211, 118, 205, 254,
       245, 191, 126, 94, 247, 235, 223, 44, 87, 190, 223, 120, 233, 125,
       124, 93, 59, 47, 213, 53, 247, 111, 153, 172, 24, 5, 240, 29, 156,
       73, 16, 242, 51, 189, 90, 87, 32, 250, 190, 245, 125, 254, 54,
       189, 93, 121, 247, 223, 253, 250, 255, 122, 244, 94, 246, 215,
       102, 123, 183, 126, 209, 119, 253, 254, 247, 251, 90, 255, 245,
       233, 198, 44, 150, 190, 218, 121, 249, 125, 122, 223, 245, 47,
       215, 52, 245, 111, 155, 172, 24, 15, 248, 29, 156, 93, 16, 242,
       115, 191, 123, 223, 40, 250, 60, 171, 239, 252, 50, 255, 241, 127,
       253, 252, 214, 181, 95, 191, 187, 206, 139, 221, 227, 107, 245,
       117, 194, 247, 93, 123, 148, 183, 124, 223, 55, 235, 223, 32, 85,
       186, 215, 122, 249, 124, 120, 125, 187, 39, 213, 165, 247, 111,
       187, 172, 153, 13, 240, 29, 156, 92, 52, 242, 115, 253, 91, 87,
       40, 250, 239, 254, 110, 105, 255, 251, 175, 152, 61, 123, 168,
       235, 174, 123, 238, 253, 193, 253, 191, 250, 237, 87, 27, 120,
       103, 255, 121, 247, 255, 87, 239, 247, 223, 233, 223, 65, 115,
       253, 253, 55, 111, 94, 106, 61, 221, 219, 254, 177, 236, 223, 24,
       37, 223, 231, 207, 239, 94, 220, 182, 167, 214, 219, 188, 31, 190,
       216, 238, 239, 255, 245, 249, 189, 189, 255, 124, 249, 159, 234,
       51, 253, 249, 222, 249, 123, 252, 95, 254, 57, 63, 139, 170, 247,
       255, 241, 125, 255, 117, 225, 190, 113, 247, 247, 185, 247, 219,
       207, 207, 94, 218, 135, 219, 91, 253, 253, 94, 133, 252, 182, 189,
       125, 218, 246, 255, 222, 223, 30, 58, 181, 199, 6, 130, 37, 217,
       160, 170, 132, 56, 187, 128, 111, 130, 67, 131, 17, 104, 9, 157,
       211, 201, 45, 111, 89, 4, 202, 122, 103, 82, 37, 161, 86, 119,
       161, 124, 51, 115, 253, 45, 246, 65, 68, 72, 72, 195, 29, 219, 19,
       89, 76, 24, 37, 245, 244, 188, 235, 18, 250, 183, 149, 152, 87,
       48, 111, 142, 222, 138, 175, 255, 248, 188, 133, 61, 251, 104,
       235, 130, 198, 166, 253, 233, 223, 161, 211, 205, 5, 254, 121, 71,
       207, 179, 231, 219, 99, 55, 231, 231, 176, 223, 49, 119, 245, 233,
       247, 98, 78, 98, 105, 215, 23, 247, 123, 217, 236, 24, 5, 228, 21,
       156, 105, 146, 242, 183, 189, 222, 87, 50, 182, 8, 139, 205, 220,
       40, 217, 190, 100, 57, 184, 79, 197, 152, 117, 57, 2, 139, 153,
       33, 107, 196, 101, 194, 243, 73, 223, 128, 54, 104, 128, 49, 107,
       215, 36, 85, 186, 83, 120, 232, 124, 112, 92, 56, 47, 213, 20,
       245, 111, 153, 172, 24, 5, 240, 29, 156, 73, 16, 242, 51, 189, 88,
       87, 32, 250, 9, 222, 174, 109, 175, 177, 185, 124, 185, 191, 196,
       203, 174, 89, 39, 13, 140, 253, 227, 243, 244, 103, 90, 249, 99,
       123, 145, 182, 125, 85, 33, 231, 223, 232, 217, 48, 119, 248, 232,
       33, 125, 94, 122, 47, 213, 113, 247, 107, 184, 254, 24, 5, 244,
       29, 156, 73, 54, 242, 183, 189, 210, 215, 38, 255, 70, 32, 136,
       50, 136, 128, 40, 6, 0, 42, 2, 38, 144, 194, 130, 18, 8, 11, 161,
       192, 201, 165, 75, 75, 70, 152, 178, 227, 66, 41, 163, 70, 87,
       144, 69, 35, 57, 172, 233, 118, 96, 76, 40, 105, 247, 85, 167,
       123, 217, 236, 24, 7, 228, 29, 124, 105, 22, 243, 151, 181, 28,
       83, 96, 98, 10, 2, 132, 161, 173, 176, 168, 29, 60, 122, 66, 69,
       136, 69, 9, 1, 12, 93, 129, 144, 224, 37, 202, 121, 0, 24, 160,
       230, 92, 65, 33, 199, 95, 176, 217, 32, 117, 232, 232, 34, 108,
       20, 106, 47, 197, 5, 247, 107, 184, 204, 24, 1, 246, 29, 156, 73,
       6, 210, 151, 181, 194, 87, 32, 126, 187, 158, 255, 231, 191, 245,
       249, 253, 253, 255, 250, 221, 127, 120, 187, 252, 255, 220, 251,
       107, 252, 123, 254, 61, 63, 235, 54, 183, 127, 83, 119, 255, 101,
       227, 125, 113, 247, 247, 249, 247, 253, 93, 239, 190, 203, 135,
       91, 243, 189, 252, 94, 141, 246, 191, 156, 77, 220, 246, 239, 255,
       223, 31, 40, 246, 213, 223, 246, 245, 253, 164, 255, 216, 63, 253,
       32, 203, 142, 73, 198, 29, 228, 255, 188, 47, 238, 45, 154, 122,
       103, 222, 115, 119, 220, 99, 235, 55, 247, 243, 124, 81, 244, 253,
       254, 167, 199, 46, 234, 255, 235, 24, 217, 147, 204, 213, 120,
       245, 221, 230, 189, 239, 91, 156, 244, 15, 214, 109, 145, 191, 60,
       255, 125, 253, 54, 253, 253, 121, 253, 254, 254, 189, 253, 127,
       253, 247, 251, 244, 99, 107, 245, 118, 210, 119, 221, 255, 181,
       189, 126, 222, 127, 235, 215, 44, 87, 190, 214, 120, 233, 124,
       120, 93, 58, 175, 213, 183, 245, 111, 153, 172, 24, 13, 240, 29,
       156, 73, 16, 242, 51, 189, 90, 87, 40, 250, 88, 25, 147, 84, 32,
       67, 120, 103, 18, 128, 71, 133, 82, 196, 3, 58, 62, 138, 224, 71,
       198, 45, 192, 131, 153, 10, 226, 204, 64, 160, 244, 104, 207, 48,
       97, 188, 151, 74, 202, 117, 80, 28, 181, 102, 237, 53, 167, 110,
       153, 170, 41, 71, 240, 28, 24, 65, 21, 243, 115, 185, 56, 103,
       161, 234, 81, 1, 144, 92, 32, 66, 124, 102, 2, 128, 77, 133, 0,
       197, 135, 18, 239, 139, 160, 71, 198, 45, 192, 147, 201, 95, 242,
       204, 64, 32, 160, 104, 223, 52, 65, 188, 17, 8, 234, 100, 112, 28,
       185, 103, 245, 48, 183, 110, 153, 174, 25, 71, 240, 29, 24, 65,
       17, 243, 51, 185, 120, 119, 161, 234, 88, 9, 158, 253, 98, 243,
       122, 103, 52, 250, 69, 132, 151, 244, 59, 74, 255, 217, 113, 103,
       206, 61, 198, 51, 15, 219, 178, 252, 80, 197, 52, 234, 215, 38,
       23, 186, 83, 121, 248, 116, 112, 253, 181, 111, 245, 20, 231, 111,
       153, 172, 26, 5, 240, 29, 156, 73, 17, 242, 59, 189, 88, 23, 33,
       250, 122, 249, 175, 250, 38, 119, 93, 183, 215, 134, 245, 152,
       127, 176, 63, 218, 157, 154, 122, 223, 54, 209, 229, 151, 185,
       119, 247, 216, 97, 244, 246, 168, 200, 30, 131, 237, 223, 76, 210,
       121, 58, 251, 245, 125, 151, 189, 23, 238, 255, 170, 175, 207,
       186, 125, 112, 214, 245, 231, 105, 91, 125, 249, 222, 211, 120,
       159, 247, 220, 34, 127, 255, 119, 55, 252, 93, 149, 95, 253, 191,
       254, 255, 223, 224, 103, 246, 125, 208, 243, 217, 107, 230, 222,
       105, 212, 254, 235, 199, 52, 81, 188, 214, 120, 250, 125, 116, 93,
       189, 167, 245, 52, 245, 111, 153, 172, 153, 79, 242, 29, 156, 77,
       25, 247, 115, 191, 122, 119, 43, 250, 59, 214, 124, 254, 47, 188,
       253, 9, 247, 255, 89, 203, 189, 111, 116, 95, 255, 191, 37, 243,
       244, 118, 209, 127, 213, 255, 243, 255, 90, 243, 245, 239, 215,
       172, 215, 52, 251, 120, 248, 123, 124, 94, 123, 237, 213, 81, 247,
       111, 153, 238, 24, 7, 244, 29, 220, 89, 24, 243, 247, 189, 250,
       215, 40, 254, 255, 254, 125, 238, 255, 191, 255, 24, 253, 95, 253,
       251, 191, 123, 228, 253, 242, 247, 61, 125, 245, 87, 177, 124,
       231, 255, 233, 191, 255, 123, 127, 249, 150, 237, 222, 223, 235,
       121, 185, 253, 255, 223, 127, 93, 209, 95, 244, 77, 204, 183, 150,
       13, 234, 181, 223, 253, 56, 182, 247, 190, 251, 223, 62, 153, 59,
       190, 231, 79, 63, 165, 217, 58, 222, 253, 212, 253, 255, 126, 21,
       92, 250, 151, 98, 179, 245, 47, 195, 255, 185, 250, 228, 191, 110,
       251, 213, 239, 207, 108, 69, 182, 254, 120, 249, 125, 121, 93,
       235, 175, 213, 49, 181, 111, 187, 190, 137, 79, 244, 29, 156, 65,
       38, 243, 247, 187, 250, 95, 164, 222, 239, 253, 238, 251, 255,
       127, 221, 218, 189, 95, 252, 251, 175, 251, 230, 237, 227, 245,
       63, 127, 103, 207, 185, 127, 111, 255, 51, 55, 255, 95, 122, 127,
       247, 231, 188, 219, 114, 117, 255, 183, 215, 254, 250, 127, 219,
       158, 125, 179, 205, 181, 86, 148, 201, 183, 143, 47, 216, 244,
       105, 159, 221, 93, 150, 185, 63, 240, 125, 174, 62, 189, 61, 120,
       247, 94, 253, 177, 125, 63, 180, 85, 243, 212, 67, 96, 241, 114,
       129, 116, 76, 172, 164, 25, 123, 92, 125, 233, 213, 36, 20, 186,
       82, 120, 129, 244, 114, 223, 24, 47, 212, 20, 196, 77, 153, 172,
