%YAML:1.0
descriptors: !!opencv-matrix
   rows: 142
   cols: 64
   dt: u
   data: [ 46, 149, 252, 190, 55, 181, 253, 95, 183, 222, 133, 229, 61,
       126, 189, 87, 255, 254, 67, 243, 245, 50, 209, 119, 85, 186, 228,
       93, 90, 220, 245, 227, 207, 44, 87, 190, 211, 120, 233, 124, 120,
       93, 56, 47, 212, 117, 247, 111, 153, 172, 24, 5, 240, 29, 156, 73,
       16, 242, 51, 189, 90, 87, 40, 250, 31, 178, 93, 170, 63, 249, 161,
       124, 118, 124, 214, 117, 253, 127, 185, 81, 254, 254, 65, 242,
       229, 112, 203, 243, 205, 186, 224, 207, 126, 76, 241, 235, 223,
       36, 85, 186, 95, 122, 233, 116, 116, 93, 122, 47, 212, 21, 247,
       111, 153, 172, 24, 5, 242, 29, 156, 73, 16, 242, 51, 189, 88, 87,
       32, 250, 255, 49, 238, 246, 55, 55, 89, 18, 182, 191, 117, 243,
       31, 235, 180, 95, 240, 215, 39, 243, 199, 174, 225, 119, 12, 138,
       166, 91, 82, 60, 244, 105, 211, 44, 20, 190, 90, 120, 241, 245,
       80, 78, 56, 47, 208, 20, 193, 111, 153, 172, 24, 5, 240, 28, 156,
       73, 16, 242, 51, 157, 88, 86, 32, 251, 191, 221, 254, 254, 55,
       127, 125, 119, 63, 247, 125, 218, 31, 250, 254, 255, 251, 254,
       101, 235, 183, 124, 241, 115, 77, 255, 179, 123, 123, 95, 246,
       235, 215, 36, 85, 186, 211, 120, 249, 245, 114, 223, 185, 47, 213,
       22, 247, 111, 153, 172, 24, 5, 240, 29, 157, 77, 16, 242, 115,
       191, 89, 87, 32, 250, 252, 250, 127, 255, 254, 127, 187, 249, 253,
       253, 254, 255, 255, 254, 251, 238, 243, 213, 127, 111, 125, 135,
       167, 52, 95, 255, 189, 175, 223, 223, 127, 191, 242, 37, 85, 255,
       86, 123, 237, 244, 218, 92, 56, 62, 213, 167, 216, 125, 141, 173,
       28, 5, 248, 31, 157, 73, 16, 246, 51, 188, 92, 86, 34, 184, 189,
       254, 119, 225, 254, 181, 163, 248, 252, 253, 230, 127, 205, 57,
       249, 229, 226, 253, 223, 106, 245, 67, 142, 252, 109, 248, 61,
       183, 252, 71, 115, 255, 253, 225, 93, 187, 119, 243, 189, 190,
       223, 85, 90, 30, 65, 163, 218, 81, 172, 125, 28, 37, 240, 191,
       143, 77, 126, 252, 167, 140, 218, 223, 36, 253, 60, 254, 127, 207,
       191, 253, 183, 253, 253, 252, 254, 253, 253, 62, 249, 237, 251,
       252, 235, 106, 245, 114, 223, 252, 121, 125, 245, 178, 125, 223,
       127, 255, 253, 108, 87, 190, 215, 123, 233, 124, 251, 93, 122, 62,
       213, 183, 247, 111, 185, 173, 156, 13, 240, 29, 157, 89, 52, 242,
       63, 189, 218, 95, 40, 254, 62, 54, 117, 166, 254, 239, 35, 105,
       244, 124, 218, 53, 125, 63, 185, 116, 242, 244, 67, 112, 241, 2,
       153, 124, 220, 168, 236, 143, 122, 223, 121, 239, 85, 172, 87,
       190, 126, 114, 169, 126, 252, 84, 88, 142, 196, 7, 228, 77, 153,
       172, 24, 5, 242, 29, 156, 73, 16, 242, 51, 188, 218, 87, 32, 252,
       251, 254, 125, 239, 255, 191, 255, 216, 255, 255, 252, 251, 239,
       123, 228, 93, 246, 247, 255, 251, 253, 119, 155, 124, 229, 255,
       251, 255, 255, 127, 239, 255, 223, 237, 223, 247, 255, 249, 253,
       127, 127, 223, 107, 189, 245, 113, 254, 127, 191, 255, 24, 15,
       252, 181, 222, 245, 126, 255, 247, 191, 254, 223, 188, 159, 198,
       251, 147, 119, 220, 194, 206, 138, 202, 171, 33, 251, 162, 195,
       134, 27, 107, 199, 60, 15, 143, 141, 110, 77, 198, 223, 123, 47,
       147, 43, 34, 62, 211, 167, 124, 91, 112, 189, 127, 246, 97, 106,
       160, 251, 155, 24, 61, 179, 204, 204, 112, 241, 197, 242, 164,
       227, 209, 188, 128, 31, 220, 117, 145, 191, 252, 251, 239, 221,
       246, 127, 251, 255, 189, 255, 127, 223, 223, 253, 255, 238, 235,
       213, 127, 111, 126, 255, 166, 59, 111, 255, 183, 63, 255, 91, 62,
       191, 242, 103, 125, 251, 86, 119, 255, 244, 242, 255, 249, 62,
       223, 142, 217, 254, 141, 173, 94, 133, 248, 31, 159, 77, 208, 246,
       123, 191, 93, 94, 35, 187, 114, 148, 152, 191, 207, 130, 94, 13,
       87, 235, 49, 200, 188, 10, 38, 31, 118, 19, 48, 147, 138, 51, 251,
       45, 208, 195, 234, 127, 19, 177, 229, 103, 167, 173, 158, 53, 171,
       201, 38, 227, 98, 202, 101, 105, 147, 29, 217, 19, 215, 202, 26,
       5, 100, 160, 117, 243, 217, 183, 247, 185, 177, 114, 186, 103, 68,
       2, 161, 145, 0, 130, 42, 101, 0, 170, 195, 20, 209, 132, 155, 2,
       136, 93, 3, 98, 138, 161, 198, 27, 13, 136, 166, 13, 80, 12, 49,
       74, 87, 4, 85, 171, 16, 122, 65, 86, 176, 96, 16, 14, 71, 12, 65,
       59, 25, 44, 24, 5, 112, 29, 148, 72, 128, 98, 51, 189, 72, 22, 32,
       242, 252, 253, 255, 253, 50, 103, 253, 255, 221, 253, 237, 251,
       247, 206, 255, 254, 251, 221, 127, 111, 63, 175, 239, 63, 111,
       255, 183, 171, 215, 79, 118, 191, 227, 167, 125, 251, 83, 253,
       255, 246, 123, 126, 248, 127, 223, 31, 95, 179, 205, 173, 118,
       245, 217, 191, 165, 108, 209, 252, 97, 255, 221, 117, 179, 191,
       108, 43, 231, 216, 222, 191, 195, 123, 236, 84, 214, 55, 219, 253,
       249, 109, 194, 245, 123, 102, 247, 47, 152, 247, 78, 106, 14, 4,
       252, 158, 56, 153, 250, 39, 87, 187, 82, 126, 223, 20, 149, 117,
       152, 78, 77, 174, 225, 199, 205, 45, 16, 212, 243, 125, 143, 203,
       81, 238, 123, 191, 72, 36, 147, 240, 12, 33, 93, 24, 50, 57, 48,
       126, 225, 0, 197, 48, 93, 48, 180, 66, 194, 220, 67, 96, 193, 112,
       192, 179, 76, 40, 132, 152, 96, 12, 60, 104, 222, 4, 20, 186, 66,
       122, 1, 116, 144, 219, 28, 7, 80, 180, 193, 78, 27, 36, 9, 4, 96,
       29, 159, 9, 16, 242, 59, 156, 88, 86, 98, 251, 65, 7, 130, 17,
       200, 128, 170, 192, 32, 47, 130, 6, 192, 193, 3, 1, 226, 69, 35,
       98, 206, 39, 130, 123, 78, 218, 182, 46, 210, 4, 35, 66, 87, 38,
       85, 186, 82, 56, 233, 68, 112, 84, 24, 142, 213, 16, 209, 79, 153,
       172, 24, 1, 240, 29, 156, 73, 16, 242, 51, 189, 88, 87, 32, 250,
       253, 253, 231, 245, 84, 103, 241, 255, 220, 229, 213, 251, 111,
       203, 210, 207, 235, 213, 55, 103, 95, 143, 231, 55, 79, 223, 183,
       47, 211, 14, 50, 59, 215, 39, 117, 250, 82, 116, 233, 116, 112,
       92, 56, 175, 217, 28, 245, 238, 153, 172, 90, 5, 240, 31, 156, 73,
       16, 242, 51, 189, 88, 87, 32, 250, 205, 206, 255, 233, 232, 247,
       167, 208, 57, 255, 232, 207, 206, 61, 255, 173, 137, 237, 251,
       107, 252, 69, 94, 249, 119, 127, 29, 246, 125, 71, 51, 215, 215,
       211, 219, 33, 117, 253, 253, 42, 125, 60, 122, 183, 127, 241, 127,
       241, 188, 217, 60, 61, 213, 253, 156, 236, 118, 204, 247, 173,
       214, 215, 89, 254, 67, 5, 130, 17, 201, 130, 14, 67, 0, 35, 129,
       2, 130, 196, 35, 1, 224, 85, 35, 66, 202, 39, 82, 67, 70, 218,
       182, 47, 18, 12, 49, 66, 71, 36, 85, 186, 82, 104, 97, 70, 96, 64,
       48, 43, 213, 92, 149, 79, 25, 172, 24, 5, 240, 28, 156, 65, 16,
       242, 51, 189, 88, 87, 32, 250, 199, 32, 130, 50, 89, 130, 8, 14,
       32, 43, 0, 35, 162, 195, 130, 27, 106, 1, 33, 67, 201, 173, 74,
       11, 70, 202, 178, 39, 18, 41, 33, 70, 87, 166, 20, 187, 50, 188,
       97, 118, 96, 74, 40, 201, 211, 80, 129, 219, 89, 236, 24, 1, 228,
       24, 156, 73, 16, 242, 179, 189, 28, 87, 48, 235, 218, 137, 154,
       247, 107, 203, 218, 135, 31, 225, 23, 207, 182, 246, 126, 222,
       189, 147, 60, 159, 142, 61, 231, 99, 123, 215, 211, 127, 39, 251,
       158, 103, 135, 183, 97, 81, 247, 207, 254, 122, 97, 61, 229, 113,
       189, 28, 253, 175, 223, 202, 187, 255, 247, 71, 248, 255, 83, 223,
       244, 107, 17, 121, 145, 206, 45, 170, 239, 73, 253, 255, 163, 252,
       188, 189, 198, 125, 237, 59, 249, 197, 203, 253, 251, 42, 245, 83,
       206, 253, 45, 121, 29, 167, 124, 79, 51, 223, 221, 194, 221, 178,
       118, 251, 237, 52, 253, 21, 106, 39, 85, 225, 115, 227, 190, 253,
       157, 45, 245, 189, 221, 93, 54, 206, 167, 173, 202, 223, 44, 222,
       252, 253, 255, 253, 55, 127, 253, 255, 253, 253, 253, 253, 127,
       254, 254, 239, 251, 212, 127, 111, 63, 189, 246, 63, 127, 239,
       179, 59, 127, 95, 126, 191, 243, 103, 53, 251, 210, 127, 249, 247,
       83, 223, 253, 62, 223, 158, 125, 190, 141, 173, 126, 149, 248, 63,
       151, 77, 208, 244, 105, 255, 95, 30, 35, 187, 135, 158, 210, 101,
