%YAML:1.0
descriptors: !!opencv-matrix
   rows: 162
   cols: 64
   dt: u
   data: [ 60, 33, 253, 180, 58, 119, 187, 255, 244, 244, 215, 55, 93,
       127, 179, 102, 251, 221, 67, 98, 241, 227, 194, 246, 92, 248, 180,
       153, 122, 142, 55, 235, 215, 36, 87, 186, 83, 120, 233, 124, 120,
       92, 56, 46, 213, 53, 231, 111, 153, 172, 24, 5, 240, 29, 156, 73,
       16, 242, 51, 189, 88, 87, 32, 250, 60, 50, 125, 164, 62, 245, 59,
       121, 244, 126, 253, 54, 253, 63, 150, 102, 242, 221, 67, 97, 241,
       7, 194, 244, 204, 232, 188, 171, 80, 30, 115, 235, 221, 36, 85,
       190, 83, 120, 169, 116, 120, 92, 56, 47, 213, 53, 246, 109, 153,
       172, 24, 5, 240, 29, 156, 73, 16, 242, 51, 188, 88, 87, 32, 250,
       253, 123, 255, 247, 251, 119, 181, 254, 252, 253, 254, 123, 255,
       254, 251, 252, 251, 245, 127, 103, 125, 135, 167, 52, 79, 255,
       189, 43, 219, 206, 118, 187, 240, 37, 85, 254, 82, 119, 237, 252,
       120, 93, 56, 62, 221, 39, 217, 228, 157, 173, 94, 5, 240, 31, 157,
       73, 16, 240, 49, 189, 92, 86, 32, 248, 25, 182, 85, 101, 189, 184,
       190, 120, 120, 249, 210, 255, 236, 53, 201, 1, 175, 205, 129, 123,
       228, 96, 202, 248, 237, 94, 241, 246, 124, 103, 37, 255, 223, 240,
       221, 48, 247, 187, 232, 55, 125, 92, 107, 175, 245, 129, 255, 123,
       184, 254, 24, 7, 244, 157, 156, 77, 22, 211, 183, 173, 242, 87,
       36, 254, 60, 185, 255, 246, 62, 39, 253, 127, 214, 252, 212, 241,
       127, 234, 182, 94, 251, 213, 99, 99, 247, 47, 195, 119, 143, 251,
       246, 143, 82, 77, 116, 235, 215, 38, 84, 190, 86, 124, 249, 116,
       120, 95, 189, 111, 221, 21, 245, 239, 153, 172, 24, 197, 240, 29,
       156, 73, 16, 242, 115, 191, 88, 87, 33, 250, 251, 221, 255, 253,
       255, 255, 255, 254, 253, 253, 253, 219, 255, 248, 126, 254, 255,
       213, 127, 111, 62, 223, 238, 63, 127, 255, 191, 63, 255, 211, 126,
       191, 243, 231, 60, 127, 214, 247, 255, 255, 219, 255, 251, 126,
       219, 142, 217, 183, 205, 157, 87, 245, 217, 255, 151, 239, 241,
       252, 121, 95, 223, 29, 147, 191, 255, 249, 255, 255, 247, 119,
       253, 254, 255, 221, 254, 251, 127, 222, 251, 255, 251, 212, 127,
       127, 109, 135, 231, 52, 239, 255, 253, 43, 215, 95, 114, 187, 240,
       45, 85, 255, 82, 117, 237, 116, 122, 92, 56, 63, 221, 23, 221,
       252, 153, 173, 94, 5, 248, 31, 157, 73, 144, 240, 41, 189, 92, 87,
       32, 250, 171, 222, 76, 43, 255, 249, 167, 152, 125, 59, 252, 235,
       174, 25, 108, 141, 141, 171, 255, 153, 253, 87, 27, 252, 97, 125,
       89, 182, 253, 87, 227, 215, 159, 233, 219, 101, 255, 153, 236, 43,
       127, 31, 106, 189, 213, 113, 254, 113, 190, 219, 137, 41, 221,
       229, 202, 180, 118, 221, 182, 165, 178, 219, 252, 78, 124, 185,
       255, 252, 54, 111, 253, 255, 215, 252, 220, 241, 127, 254, 191,
       222, 251, 213, 243, 107, 247, 63, 231, 183, 255, 239, 246, 191,
       123, 221, 118, 239, 215, 38, 117, 190, 214, 124, 251, 117, 120,
       93, 255, 111, 223, 53, 245, 239, 157, 172, 27, 213, 240, 29, 156,
       77, 24, 242, 123, 251, 91, 95, 161, 254, 55, 50, 81, 166, 189,
       176, 143, 72, 198, 126, 251, 115, 229, 11, 208, 81, 226, 212, 5,
       96, 193, 32, 129, 124, 76, 156, 161, 11, 210, 10, 49, 123, 117,
       36, 84, 186, 82, 112, 169, 212, 80, 84, 24, 15, 192, 4, 212, 77,
       153, 172, 24, 5, 240, 29, 156, 73, 16, 242, 51, 188, 88, 87, 32,
       248, 58, 32, 171, 253, 62, 245, 248, 47, 213, 250, 213, 149, 81,
       132, 27, 226, 153, 220, 194, 219, 228, 48, 198, 27, 61, 137, 162,
       147, 67, 245, 53, 238, 103, 184, 181, 32, 255, 248, 232, 115, 120,
       76, 243, 44, 246, 149, 131, 107, 187, 234, 62, 7, 244, 29, 252,
       88, 150, 243, 191, 249, 123, 19, 106, 247, 203, 159, 134, 213,
       239, 167, 223, 178, 172, 239, 17, 203, 159, 232, 50, 15, 236, 221,
       61, 103, 78, 175, 226, 123, 74, 223, 191, 110, 208, 2, 54, 59,
       215, 39, 80, 57, 82, 109, 252, 96, 112, 92, 56, 47, 217, 28, 253,
       191, 157, 140, 24, 5, 241, 125, 156, 203, 81, 254, 51, 189, 92,
       87, 16, 250, 201, 143, 134, 215, 239, 243, 202, 182, 44, 249, 19,
       203, 158, 249, 35, 15, 237, 223, 57, 231, 78, 143, 198, 115, 75,
       127, 187, 46, 208, 2, 50, 59, 223, 39, 81, 185, 83, 108, 254, 96,
       116, 124, 56, 47, 221, 28, 209, 239, 157, 140, 24, 5, 241, 125,
       156, 203, 81, 254, 51, 191, 88, 85, 16, 250, 44, 34, 109, 168, 31,
       53, 161, 94, 228, 86, 196, 52, 125, 63, 185, 69, 234, 252, 67, 96,
       241, 98, 209, 118, 76, 168, 164, 137, 122, 140, 49, 233, 213, 36,
       87, 186, 83, 120, 9, 124, 124, 84, 24, 15, 84, 117, 246, 111, 153,
       172, 24, 5, 240, 29, 156, 73, 16, 242, 51, 188, 88, 87, 32, 250,
       99, 150, 100, 3, 221, 186, 131, 92, 188, 125, 134, 109, 169, 25,
       36, 5, 194, 117, 9, 48, 232, 67, 154, 124, 68, 232, 8, 38, 250,
       17, 33, 79, 221, 229, 213, 56, 82, 176, 45, 54, 212, 84, 74, 143,
       81, 81, 248, 65, 152, 60, 24, 4, 245, 189, 156, 73, 56, 182, 183,
       188, 216, 87, 36, 253, 75, 198, 4, 139, 207, 191, 135, 24, 44,
       127, 42, 75, 152, 61, 105, 165, 193, 245, 29, 32, 192, 83, 152,
       120, 66, 220, 9, 38, 188, 67, 49, 87, 213, 225, 219, 49, 114, 114,
       173, 34, 229, 85, 74, 31, 85, 206, 252, 81, 140, 29, 28, 4, 215,
       229, 143, 139, 16, 196, 34, 188, 192, 95, 48, 184, 65, 6, 0, 32,
       221, 178, 35, 92, 52, 63, 0, 65, 128, 25, 0, 5, 66, 125, 9, 96,
       192, 3, 138, 120, 68, 136, 8, 6, 84, 1, 33, 79, 213, 164, 212, 56,
       82, 176, 37, 38, 208, 68, 10, 143, 81, 0, 208, 65, 24, 44, 24, 4,
       245, 28, 158, 9, 16, 226, 35, 156, 72, 87, 32, 249, 65, 6, 0, 129,
       201, 130, 134, 65, 44, 122, 2, 5, 128, 45, 105, 5, 72, 121, 129,
       32, 192, 3, 26, 104, 64, 84, 8, 4, 144, 2, 17, 87, 85, 1, 91, 33,
       16, 226, 45, 2, 37, 20, 8, 6, 69, 196, 116, 193, 24, 12, 24, 36,
       151, 77, 140, 138, 16, 72, 34, 164, 64, 71, 32, 240, 126, 185,
       253, 190, 127, 175, 31, 127, 214, 124, 213, 177, 253, 122, 188,
       94, 250, 215, 115, 118, 245, 55, 211, 119, 221, 250, 252, 61, 122,
       216, 245, 233, 207, 44, 71, 190, 222, 120, 233, 124, 120, 93, 53,
       47, 213, 53, 245, 111, 157, 172, 153, 13, 242, 29, 156, 73, 48,
       242, 51, 185, 122, 87, 32, 250, 3, 2, 0, 32, 9, 128, 34, 76, 36,
       34, 0, 4, 0, 12, 160, 3, 194, 116, 1, 64, 192, 34, 136, 56, 68,
       136, 136, 7, 82, 0, 33, 71, 209, 36, 85, 186, 16, 112, 33, 118,
       64, 84, 24, 11, 80, 20, 228, 75, 25, 44, 24, 4, 240, 29, 156, 9,
       16, 242, 51, 188, 72, 86, 32, 248, 194, 65, 139, 156, 2, 70, 93,
       79, 135, 198, 57, 144, 19, 192, 54, 106, 139, 84, 32, 103, 6, 188,
       224, 3, 93, 135, 183, 9, 3, 168, 22, 9, 66, 22, 53, 219, 2, 108,
       66, 208, 34, 234, 181, 105, 190, 28, 101, 174, 83, 168, 50, 213,
       9, 24, 52, 2, 145, 98, 56, 121, 93, 84, 3, 179, 1, 6, 1, 0, 9, 0,
       36, 74, 32, 34, 2, 4, 0, 5, 137, 3, 66, 68, 1, 64, 192, 32, 8, 3,
       68, 136, 128, 9, 18, 8, 33, 64, 81, 36, 85, 186, 0, 40, 1, 70, 32,
       80, 24, 139, 68, 16, 228, 75, 25, 44, 24, 0, 112, 29, 156, 9, 16,
       98, 51, 188, 72, 86, 32, 248, 191, 253, 255, 255, 55, 239, 221,
       255, 255, 221, 255, 253, 255, 255, 255, 254, 251, 213, 119, 111,
       247, 47, 247, 119, 125, 255, 183, 63, 123, 31, 118, 187, 199, 38,
       117, 254, 210, 127, 249, 116, 114, 92, 184, 175, 223, 22, 245,
       111, 153, 172, 26, 13, 248, 29, 156, 77, 16, 242, 123, 189, 90,
       87, 32, 250, 185, 146, 206, 239, 255, 241, 179, 252, 60, 249, 244,
       251, 175, 27, 131, 77, 234, 253, 249, 91, 241, 7, 239, 125, 98,
       43, 120, 167, 95, 65, 99, 255, 255, 225, 189, 112, 119, 249, 237,
       55, 249, 94, 122, 30, 217, 129, 219, 113, 184, 254, 28, 5, 244,
       188, 156, 65, 22, 242, 183, 143, 218, 95, 36, 223, 253, 61, 247,
       183, 251, 175, 127, 250, 254, 125, 206, 115, 255, 254, 178, 85,
       255, 247, 123, 102, 253, 175, 131, 119, 206, 255, 253, 239, 210,
