%YAML:1.0
descriptors: !!opencv-matrix
   rows: 106
   cols: 64
   dt: u
   data: [ 255, 255, 255, 253, 255, 125, 253, 248, 255, 255, 253, 250,
       255, 255, 246, 255, 251, 213, 63, 111, 109, 199, 167, 60, 239,
       255, 251, 59, 223, 31, 118, 187, 240, 37, 84, 255, 82, 117, 249,
       244, 122, 94, 56, 63, 223, 31, 252, 52, 153, 173, 22, 5, 248, 159,
       157, 73, 144, 244, 49, 189, 92, 86, 34, 185, 60, 53, 125, 252, 50,
       255, 125, 127, 213, 252, 221, 181, 125, 62, 157, 230, 187, 220,
       195, 107, 181, 112, 196, 183, 221, 169, 164, 157, 123, 204, 125,
       233, 223, 4, 53, 190, 215, 122, 209, 125, 122, 223, 189, 38, 246,
       181, 231, 110, 155, 172, 187, 15, 240, 29, 156, 93, 24, 242, 59,
       249, 123, 86, 42, 251, 254, 250, 127, 245, 254, 253, 251, 249,
       252, 255, 211, 255, 253, 126, 251, 117, 251, 213, 127, 107, 253,
       119, 219, 124, 205, 254, 255, 191, 94, 223, 119, 255, 215, 172,
       95, 191, 210, 251, 233, 119, 120, 92, 121, 63, 213, 21, 253, 127,
       153, 172, 24, 5, 240, 29, 156, 73, 16, 242, 51, 189, 216, 87, 32,
       254, 124, 36, 241, 146, 24, 71, 37, 119, 196, 100, 73, 52, 81,
       142, 147, 70, 235, 212, 99, 96, 217, 131, 195, 55, 76, 201, 188,
       9, 82, 12, 49, 105, 197, 36, 85, 186, 82, 120, 33, 116, 112, 88,
       48, 47, 212, 20, 229, 109, 153, 172, 24, 5, 240, 29, 156, 73, 16,
       242, 51, 188, 88, 86, 32, 250, 222, 249, 219, 213, 54, 151, 216,
       163, 91, 167, 117, 218, 223, 224, 22, 90, 244, 215, 126, 239, 143,
       125, 227, 203, 173, 211, 247, 255, 67, 253, 244, 42, 215, 62, 188,
       223, 222, 125, 250, 247, 82, 235, 245, 109, 187, 28, 209, 63, 223,
       170, 43, 199, 248, 29, 60, 95, 85, 243, 123, 251, 121, 61, 227,
       255, 127, 20, 252, 54, 223, 163, 59, 24, 52, 57, 212, 123, 174,
       75, 38, 85, 244, 255, 19, 208, 233, 39, 131, 125, 198, 234, 248,
       239, 210, 21, 225, 231, 223, 44, 84, 190, 91, 120, 161, 116, 216,
       94, 26, 15, 209, 85, 211, 79, 153, 172, 24, 5, 240, 29, 156, 73,
       16, 242, 55, 189, 88, 87, 32, 249, 188, 254, 255, 233, 190, 253,
       185, 253, 253, 255, 222, 253, 223, 191, 251, 238, 251, 220, 251,
       107, 253, 87, 254, 253, 125, 253, 189, 183, 125, 223, 127, 255,
       253, 100, 93, 251, 214, 255, 249, 116, 252, 93, 123, 62, 215, 167,
       219, 113, 191, 173, 30, 141, 240, 157, 159, 93, 144, 246, 59, 221,
       219, 95, 42, 254, 250, 248, 254, 247, 255, 231, 255, 249, 222,
       127, 252, 127, 191, 238, 246, 124, 247, 223, 127, 247, 253, 175,
       139, 125, 174, 255, 251, 255, 218, 215, 247, 255, 215, 45, 85,
       255, 87, 125, 237, 118, 120, 92, 123, 47, 221, 29, 255, 119, 157,
       172, 24, 5, 240, 63, 156, 73, 80, 246, 51, 189, 92, 87, 32, 254,
       76, 3, 150, 144, 0, 21, 36, 119, 32, 230, 2, 2, 144, 244, 179, 66,
       238, 217, 225, 98, 89, 165, 194, 243, 74, 88, 176, 104, 64, 132,
       178, 97, 215, 6, 85, 186, 17, 120, 97, 116, 112, 84, 56, 39, 85,
       20, 103, 239, 153, 172, 24, 4, 240, 29, 156, 73, 16, 242, 51, 189,
       88, 87, 32, 250, 2, 1, 141, 146, 2, 7, 1, 11, 166, 68, 5, 0, 25,
       106, 49, 4, 226, 85, 0, 38, 194, 37, 192, 99, 90, 130, 132, 12,
       18, 136, 16, 105, 214, 38, 81, 186, 82, 72, 67, 84, 48, 88, 24,
       15, 212, 20, 245, 78, 145, 172, 24, 5, 176, 25, 156, 73, 16, 114,
       51, 189, 88, 87, 32, 248, 190, 216, 126, 239, 54, 125, 253, 165,
       63, 245, 125, 216, 29, 62, 127, 254, 253, 222, 100, 235, 181, 114,
       230, 48, 253, 255, 245, 251, 127, 243, 255, 251, 149, 124, 117,
       222, 215, 89, 248, 127, 122, 223, 125, 61, 246, 151, 247, 108,
       155, 171, 159, 15, 248, 29, 182, 93, 56, 243, 59, 253, 251, 223,
       42, 254, 45, 239, 111, 253, 50, 253, 187, 248, 253, 220, 238, 253,
       221, 63, 249, 238, 227, 220, 107, 107, 245, 32, 196, 115, 77, 239,
       165, 191, 127, 78, 59, 251, 247, 36, 85, 186, 82, 122, 233, 244,
       114, 92, 56, 47, 212, 150, 245, 111, 153, 173, 28, 5, 240, 29,
       156, 73, 16, 242, 51, 189, 88, 87, 32, 250, 62, 49, 125, 158, 55,
       31, 95, 126, 247, 198, 245, 176, 125, 58, 180, 86, 246, 214, 67,
       119, 55, 178, 193, 54, 205, 171, 228, 89, 83, 152, 245, 233, 210,
       44, 20, 190, 66, 120, 193, 252, 114, 219, 61, 47, 208, 20, 229,
       110, 153, 172, 24, 5, 240, 29, 156, 73, 16, 242, 51, 189, 88, 86,
       34, 251, 13, 2, 100, 32, 221, 179, 35, 120, 48, 56, 194, 37, 232,
       121, 137, 1, 194, 237, 195, 240, 241, 98, 25, 252, 64, 40, 8, 134,
       248, 68, 33, 199, 93, 40, 215, 176, 117, 178, 33, 100, 220, 84,
       26, 142, 64, 225, 194, 75, 56, 108, 24, 0, 240, 29, 140, 73, 22,
       226, 151, 148, 202, 7, 36, 112, 254, 249, 255, 254, 54, 127, 253,
       255, 255, 254, 253, 249, 127, 254, 191, 254, 255, 214, 115, 107,
       245, 127, 231, 183, 253, 255, 247, 255, 123, 223, 246, 235, 215,
       44, 85, 254, 223, 120, 249, 125, 122, 223, 185, 47, 213, 53, 247,
       111, 153, 172, 26, 5, 240, 29, 156, 73, 16, 242, 59, 189, 89, 87,
       34, 250, 126, 48, 117, 190, 255, 175, 63, 124, 206, 36, 223, 55,
       253, 110, 155, 86, 251, 213, 67, 116, 253, 43, 195, 118, 220, 252,
       252, 189, 114, 216, 119, 238, 215, 45, 69, 190, 214, 120, 233,
       125, 124, 93, 181, 47, 197, 61, 237, 111, 159, 164, 153, 5, 242,
       29, 156, 73, 104, 246, 51, 185, 120, 71, 32, 254, 3, 2, 65, 130,
       153, 128, 7, 72, 134, 106, 40, 48, 33, 14, 128, 101, 99, 84, 1,
       64, 192, 32, 136, 104, 76, 141, 41, 11, 146, 8, 33, 79, 85, 164,
       85, 186, 66, 112, 41, 86, 96, 64, 8, 11, 84, 20, 116, 65, 153, 44,
       24, 4, 224, 28, 140, 73, 16, 240, 35, 188, 88, 87, 32, 248, 127,
       180, 237, 44, 255, 255, 63, 89, 253, 111, 249, 254, 239, 78, 182,
       125, 243, 253, 123, 84, 249, 87, 82, 125, 214, 253, 253, 191, 210,
       31, 127, 235, 207, 44, 215, 191, 218, 120, 233, 117, 120, 92, 54,
       175, 213, 125, 183, 109, 157, 174, 24, 13, 240, 61, 220, 81, 16,
       178, 51, 189, 122, 215, 40, 250, 60, 184, 255, 239, 63, 255, 241,
       127, 255, 252, 222, 245, 125, 62, 251, 252, 251, 212, 227, 107,
       245, 119, 223, 119, 125, 255, 244, 63, 127, 223, 127, 239, 223,
       100, 87, 190, 86, 122, 249, 124, 248, 93, 126, 47, 213, 183, 245,
       111, 185, 172, 153, 13, 242, 29, 157, 93, 16, 242, 59, 189, 91,
       95, 32, 250, 30, 154, 220, 170, 63, 249, 160, 127, 61, 184, 214,
       245, 61, 22, 185, 241, 251, 220, 65, 98, 197, 51, 207, 115, 77,
       221, 176, 15, 90, 79, 51, 238, 215, 36, 87, 186, 87, 122, 233,
       116, 112, 93, 122, 47, 213, 21, 247, 111, 153, 172, 24, 5, 240,
       29, 156, 73, 16, 242, 51, 189, 88, 87, 32, 250, 63, 250, 125, 237,
       255, 255, 255, 120, 253, 255, 255, 251, 253, 127, 255, 117, 243,
       253, 123, 123, 245, 119, 210, 126, 237, 255, 245, 255, 94, 95,
       119, 235, 223, 44, 215, 190, 219, 120, 233, 117, 120, 92, 122, 47,
       213, 55, 247, 111, 153, 172, 24, 5, 240, 29, 156, 89, 16, 242, 51,
       189, 90, 215, 32, 250, 255, 252, 250, 245, 63, 181, 253, 207, 245,
       255, 240, 249, 255, 170, 182, 95, 250, 255, 247, 107, 189, 127,
       255, 63, 221, 235, 246, 255, 91, 245, 245, 239, 199, 142, 182,
       191, 247, 253, 241, 255, 90, 78, 247, 233, 243, 85, 83, 123, 251,
       238, 58, 5, 244, 29, 188, 85, 152, 178, 247, 255, 251, 215, 171,
       255, 125, 53, 247, 252, 56, 231, 125, 127, 245, 126, 200, 177,
       109, 239, 189, 95, 251, 252, 227, 98, 253, 47, 216, 63, 222, 239,
       230, 223, 91, 77, 121, 239, 83, 38, 85, 190, 148, 244, 241, 125,
       124, 76, 122, 175, 247, 177, 231, 111, 153, 172, 24, 5, 224, 28,
       156, 73, 152, 242, 123, 191, 218, 70, 33, 242, 124, 191, 255, 253,
       50, 127, 253, 255, 221, 252, 223, 159, 215, 252, 251, 238, 251,
       221, 251, 111, 254, 189, 198, 251, 95, 255, 183, 191, 93, 203,
       126, 255, 247, 39, 117, 187, 214, 254, 251, 117, 248, 125, 249,
       126, 255, 166, 209, 239, 157, 173, 60, 213, 240, 29, 157, 77, 80,
