%YAML:1.0
descriptors: !!opencv-matrix
   rows: 120
   cols: 64
   dt: u
   data: [ 252, 251, 255, 181, 246, 125, 61, 255, 252, 245, 255, 250,
       255, 255, 246, 254, 251, 221, 103, 103, 125, 135, 230, 183, 207,
       255, 181, 171, 211, 158, 114, 171, 211, 36, 86, 254, 82, 120, 233,
       244, 120, 92, 56, 63, 213, 55, 245, 108, 153, 172, 24, 5, 240, 29,
       156, 73, 16, 242, 51, 189, 88, 87, 32, 250, 252, 248, 255, 253,
       54, 125, 249, 254, 253, 253, 254, 255, 127, 190, 255, 238, 251,
       220, 127, 107, 125, 159, 231, 180, 111, 239, 181, 187, 255, 79,
       126, 191, 249, 36, 117, 250, 87, 119, 233, 244, 218, 223, 123, 62,
       222, 183, 235, 236, 157, 173, 94, 133, 248, 31, 159, 77, 144, 240,
       43, 188, 93, 86, 34, 251, 195, 206, 14, 225, 239, 250, 135, 152,
       60, 127, 26, 79, 138, 93, 74, 141, 9, 125, 189, 191, 236, 71, 174,
       120, 103, 223, 25, 54, 254, 83, 35, 95, 151, 233, 217, 65, 119,
       247, 252, 35, 101, 124, 106, 189, 221, 137, 252, 177, 236, 217,
       20, 181, 221, 231, 143, 170, 87, 204, 180, 47, 198, 93, 20, 190,
       252, 187, 247, 247, 222, 103, 167, 255, 252, 253, 254, 251, 255,
       250, 179, 254, 251, 213, 123, 103, 125, 141, 231, 119, 207, 255,
       189, 175, 218, 78, 114, 187, 215, 39, 85, 255, 82, 124, 237, 116,
       120, 92, 56, 63, 221, 21, 253, 237, 157, 172, 24, 5, 240, 31, 156,
       73, 16, 240, 51, 189, 92, 87, 32, 250, 255, 251, 255, 255, 255,
       127, 255, 254, 255, 253, 254, 255, 255, 255, 255, 255, 251, 213,
       127, 127, 125, 143, 231, 53, 239, 255, 255, 191, 223, 95, 246,
       187, 243, 45, 85, 255, 82, 125, 253, 116, 122, 92, 56, 63, 221,
       63, 253, 253, 157, 173, 30, 5, 248, 63, 156, 73, 80, 244, 51, 189,
       92, 87, 32, 250, 232, 9, 231, 213, 210, 71, 255, 246, 108, 229,
       239, 219, 219, 236, 179, 238, 235, 213, 63, 103, 14, 173, 230, 51,
       79, 223, 191, 46, 211, 14, 50, 59, 215, 39, 117, 251, 82, 125,
       253, 116, 112, 124, 184, 63, 223, 28, 253, 190, 157, 172, 90, 149,
       241, 63, 148, 75, 80, 252, 49, 189, 92, 87, 49, 250, 234, 223,
       231, 245, 254, 254, 223, 209, 189, 253, 122, 223, 207, 253, 254,
       253, 235, 213, 63, 111, 14, 143, 174, 125, 111, 223, 63, 63, 223,
       15, 50, 63, 243, 231, 124, 91, 82, 247, 255, 183, 211, 124, 234,
       127, 219, 14, 125, 177, 205, 221, 86, 245, 221, 247, 167, 239,
       209, 252, 224, 47, 220, 125, 145, 190, 63, 254, 253, 238, 63, 253,
       189, 123, 255, 94, 252, 249, 127, 63, 252, 221, 251, 244, 103,
       105, 245, 118, 241, 127, 125, 191, 165, 59, 127, 91, 125, 239,
       215, 100, 95, 186, 210, 120, 249, 124, 119, 223, 122, 47, 212, 22,
       245, 111, 153, 173, 24, 5, 242, 29, 159, 77, 24, 242, 51, 189, 91,
       95, 34, 251, 98, 1, 169, 156, 3, 135, 31, 111, 132, 230, 145, 128,
       113, 136, 55, 6, 138, 20, 66, 85, 154, 51, 194, 7, 28, 160, 140,
       12, 18, 152, 21, 72, 205, 44, 34, 186, 130, 104, 2, 74, 48, 234,
       53, 43, 147, 60, 129, 74, 19, 168, 24, 5, 33, 24, 20, 18, 16, 34,
       59, 249, 9, 86, 34, 243, 62, 177, 250, 254, 55, 39, 125, 111, 87,
       238, 213, 243, 63, 234, 182, 94, 255, 215, 97, 99, 231, 47, 195,
       119, 205, 219, 243, 111, 82, 140, 246, 235, 215, 36, 87, 190, 83,
       120, 233, 116, 112, 94, 48, 47, 213, 21, 247, 111, 153, 172, 24,
       5, 240, 29, 156, 73, 16, 242, 51, 189, 88, 87, 32, 250, 64, 1, 45,
       156, 2, 15, 23, 39, 134, 68, 61, 0, 17, 180, 52, 6, 132, 24, 64,
       100, 18, 48, 192, 131, 88, 32, 140, 76, 32, 144, 28, 9, 200, 60,
       0, 168, 138, 74, 0, 200, 146, 155, 21, 7, 144, 62, 164, 78, 19,
       32, 129, 12, 50, 24, 19, 16, 57, 98, 59, 184, 72, 6, 10, 233, 172,
       187, 247, 244, 48, 111, 245, 254, 252, 221, 238, 243, 111, 251,
       242, 207, 235, 212, 39, 111, 71, 173, 228, 55, 79, 223, 183, 43,
       219, 14, 50, 41, 214, 38, 116, 250, 82, 124, 249, 244, 80, 92, 56,
       63, 217, 20, 117, 238, 153, 172, 92, 5, 240, 31, 157, 73, 16, 240,
       51, 189, 88, 87, 32, 250, 173, 189, 247, 244, 19, 111, 245, 254,
       245, 220, 230, 243, 127, 251, 254, 207, 235, 244, 39, 99, 103,
       174, 224, 119, 79, 191, 183, 11, 91, 76, 50, 105, 215, 38, 116,
       186, 82, 122, 249, 244, 209, 94, 56, 47, 216, 22, 245, 238, 153,
       164, 88, 5, 240, 31, 157, 73, 16, 242, 51, 189, 88, 87, 32, 250,
       62, 184, 237, 254, 63, 253, 217, 62, 247, 252, 222, 245, 127, 126,
       62, 254, 253, 222, 99, 251, 245, 55, 195, 247, 253, 255, 244, 255,
       123, 223, 247, 235, 223, 44, 85, 190, 95, 120, 233, 124, 120, 93,
       127, 47, 213, 53, 247, 111, 185, 172, 153, 5, 240, 29, 156, 73,
       16, 242, 51, 189, 91, 95, 32, 250, 190, 61, 255, 246, 55, 103, 93,
       255, 247, 220, 253, 177, 127, 254, 182, 223, 251, 244, 103, 127,
       55, 190, 245, 55, 29, 255, 247, 25, 123, 218, 118, 233, 194, 46,
       55, 254, 214, 124, 209, 125, 120, 221, 183, 111, 222, 53, 117,
       110, 153, 164, 222, 141, 242, 30, 156, 77, 184, 242, 115, 255, 91,
       87, 36, 250, 60, 49, 125, 170, 54, 63, 55, 123, 244, 92, 214, 53,
       125, 126, 185, 84, 242, 213, 67, 96, 241, 50, 193, 119, 76, 184,
       164, 141, 90, 220, 117, 233, 215, 36, 85, 186, 82, 122, 137, 116,
       120, 93, 24, 14, 212, 21, 229, 79, 153, 172, 24, 5, 240, 29, 156,
       73, 16, 242, 51, 189, 88, 87, 32, 250, 108, 47, 103, 249, 126,
       127, 163, 253, 252, 252, 218, 53, 93, 125, 249, 231, 227, 221,
       195, 98, 245, 169, 148, 182, 93, 110, 166, 133, 120, 86, 59, 251,
       251, 38, 87, 186, 86, 114, 217, 116, 252, 84, 26, 174, 68, 167,
       227, 111, 185, 44, 24, 13, 242, 29, 157, 73, 20, 242, 115, 189,
       90, 70, 32, 248, 61, 51, 117, 180, 54, 55, 191, 126, 244, 220,
       214, 113, 125, 63, 177, 71, 250, 244, 67, 107, 241, 34, 212, 247,
       77, 186, 180, 157, 122, 92, 113, 235, 215, 36, 86, 190, 82, 120,
       201, 124, 124, 92, 58, 46, 197, 37, 209, 111, 153, 172, 24, 5,
       240, 29, 156, 73, 16, 242, 51, 157, 88, 87, 32, 250, 57, 22, 254,
       171, 63, 181, 177, 117, 117, 254, 70, 21, 61, 63, 187, 103, 242,
       212, 193, 98, 245, 96, 207, 123, 77, 168, 160, 27, 122, 77, 121,
       239, 247, 36, 85, 186, 87, 122, 233, 116, 208, 92, 90, 14, 208,
       22, 195, 111, 153, 172, 24, 5, 240, 29, 157, 73, 16, 242, 51, 189,
       88, 87, 34, 251, 35, 22, 37, 2, 143, 156, 3, 24, 230, 68, 18, 4,
       45, 57, 121, 5, 68, 228, 67, 176, 208, 98, 25, 228, 80, 160, 12,
       8, 182, 24, 73, 65, 120, 108, 210, 152, 72, 2, 1, 136, 133, 80,
       24, 142, 64, 226, 192, 77, 0, 53, 16, 8, 34, 24, 143, 9, 40, 98,
       18, 148, 64, 134, 44, 48, 4, 34, 65, 129, 216, 128, 163, 72, 128,
       106, 2, 54, 193, 7, 129, 65, 194, 85, 1, 96, 200, 5, 138, 120, 76,
       152, 40, 15, 146, 8, 49, 79, 87, 36, 93, 186, 16, 248, 45, 86, 0,
       64, 24, 14, 65, 4, 64, 81, 24, 44, 24, 4, 240, 29, 140, 73, 0, 96,
       51, 188, 72, 87, 32, 240, 45, 46, 109, 168, 126, 127, 163, 126,
       253, 254, 218, 53, 125, 61, 249, 229, 195, 252, 195, 96, 245, 115,
       220, 246, 93, 40, 12, 149, 124, 86, 59, 219, 253, 104, 215, 186,
       87, 114, 233, 124, 252, 85, 26, 14, 84, 227, 226, 105, 185, 44,
       24, 5, 242, 29, 156, 89, 52, 226, 63, 188, 218, 214, 40, 240, 41,
       22, 196, 35, 221, 160, 163, 88, 48, 121, 194, 119, 174, 91, 128,
       5, 98, 237, 129, 112, 225, 47, 139, 125, 70, 186, 0, 167, 126, 1,
       33, 207, 95, 230, 92, 176, 117, 184, 45, 52, 221, 84, 26, 142, 65,
       1, 251, 195, 56, 116, 24, 0, 244, 28, 140, 73, 18, 178, 183, 141,
       202, 87, 36, 92, 127, 53, 253, 158, 63, 7, 31, 111, 230, 102, 181,
       176, 61, 234, 180, 86, 242, 215, 2, 113, 147, 35, 209, 55, 220,
       170, 228, 31, 82, 24, 117, 105, 215, 44, 20, 190, 194, 120, 225,
       126, 114, 202, 61, 47, 208, 20, 229, 79, 153, 172, 24, 5, 112, 28,
       156, 73, 16, 242, 51, 189, 88, 86, 32, 251, 67, 20, 129, 2, 205,
       130, 6, 10, 98, 0, 2, 2, 172, 67, 2, 17, 110, 167, 1, 212, 192, 5,
