%YAML:1.0
descriptors: !!opencv-matrix
   rows: 109
   cols: 64
   dt: u
   data: [ 255, 255, 255, 255, 255, 95, 223, 175, 255, 255, 255, 254,
       191, 254, 255, 254, 255, 183, 126, 255, 127, 255, 247, 127, 255,
       247, 255, 127, 255, 251, 254, 251, 223, 255, 207, 255, 255, 127,
       255, 127, 250, 223, 249, 125, 255, 255, 245, 255, 255, 175, 159,
       223, 254, 127, 255, 255, 241, 255, 253, 127, 255, 253, 251, 254,
       63, 182, 253, 174, 63, 253, 187, 125, 255, 252, 222, 253, 253,
       126, 191, 245, 255, 255, 67, 115, 245, 115, 211, 119, 221, 235,
       244, 255, 126, 223, 247, 235, 223, 44, 87, 190, 215, 122, 233,
       125, 120, 93, 122, 47, 213, 117, 247, 111, 185, 172, 152, 13, 240,
       29, 156, 73, 48, 242, 51, 189, 90, 215, 40, 250, 60, 62, 245, 166,
       58, 109, 165, 103, 247, 252, 222, 53, 125, 54, 249, 246, 255, 186,
       195, 250, 245, 120, 93, 215, 221, 40, 228, 217, 110, 221, 253,
       238, 143, 76, 103, 182, 189, 218, 249, 124, 253, 85, 215, 166,
       100, 231, 231, 111, 187, 110, 233, 207, 242, 29, 89, 93, 46, 243,
       223, 225, 187, 171, 237, 78, 191, 245, 125, 190, 55, 61, 93, 121,
       247, 87, 253, 250, 255, 126, 182, 127, 243, 246, 118, 115, 245,
       114, 241, 118, 253, 239, 229, 123, 123, 123, 255, 233, 199, 44,
       22, 254, 218, 121, 249, 253, 90, 223, 61, 175, 212, 20, 245, 111,
       153, 174, 26, 13, 248, 29, 156, 73, 24, 242, 123, 189, 123, 215,
       42, 251, 84, 33, 152, 18, 0, 19, 8, 39, 66, 130, 3, 4, 80, 130,
       163, 18, 124, 130, 64, 198, 3, 177, 65, 131, 128, 0, 228, 204, 0,
       140, 144, 32, 90, 20, 69, 174, 24, 42, 193, 64, 144, 64, 20, 14,
       144, 116, 163, 110, 155, 172, 8, 71, 178, 25, 88, 89, 22, 115, 19,
       181, 24, 50, 96, 226, 195, 15, 128, 22, 205, 138, 14, 0, 10, 1, 3,
       74, 130, 65, 4, 17, 12, 35, 60, 149, 206, 45, 3, 65, 66, 87, 91,
       102, 146, 34, 128, 4, 23, 187, 88, 1, 41, 12, 110, 2, 97, 32, 40,
       201, 137, 88, 191, 147, 80, 210, 16, 64, 69, 224, 120, 163, 83,
       27, 150, 55, 0, 113, 144, 74, 60, 58, 125, 233, 254, 253, 179,
       253, 253, 254, 222, 53, 125, 62, 249, 244, 242, 212, 75, 106, 245,
       114, 143, 124, 93, 168, 172, 139, 222, 223, 125, 251, 245, 36, 87,
       190, 86, 114, 169, 116, 250, 93, 90, 30, 212, 135, 192, 77, 153,
       173, 28, 5, 242, 29, 159, 73, 16, 242, 51, 188, 90, 94, 34, 249,
       237, 206, 110, 233, 255, 253, 247, 209, 189, 255, 110, 203, 143,
       61, 124, 237, 137, 253, 255, 41, 252, 87, 90, 121, 113, 247, 29,
       182, 124, 83, 63, 215, 215, 217, 219, 97, 247, 251, 252, 59, 124,
       189, 106, 189, 215, 227, 126, 113, 190, 217, 188, 45, 223, 229,
       255, 190, 127, 206, 247, 175, 195, 219, 92, 254, 191, 255, 127,
       239, 183, 125, 217, 216, 255, 223, 252, 251, 239, 123, 252, 253,
       251, 246, 127, 63, 117, 126, 181, 118, 239, 255, 119, 251, 255,
       127, 254, 185, 246, 108, 254, 222, 254, 127, 249, 245, 223, 222,
       187, 127, 218, 23, 252, 124, 169, 191, 86, 7, 248, 183, 143, 109,
       148, 244, 116, 47, 127, 223, 38, 187, 62, 249, 255, 254, 55, 127,
       253, 255, 223, 252, 253, 189, 127, 190, 191, 254, 251, 214, 123,
       123, 183, 95, 231, 55, 189, 255, 247, 191, 127, 251, 246, 239,
       215, 110, 53, 254, 222, 125, 249, 125, 122, 221, 247, 127, 159,
       181, 117, 238, 255, 172, 255, 141, 250, 29, 180, 93, 240, 246,
       123, 251, 251, 79, 40, 254, 139, 218, 70, 99, 253, 248, 163, 152,
       56, 57, 234, 111, 174, 123, 78, 185, 109, 239, 189, 185, 228, 69,
       42, 120, 99, 255, 121, 246, 252, 67, 227, 247, 223, 225, 217, 49,
       119, 217, 253, 39, 237, 28, 106, 63, 213, 3, 254, 241, 184, 221,
       24, 37, 245, 229, 206, 233, 22, 220, 183, 165, 210, 95, 52, 94,
       254, 250, 255, 239, 255, 255, 255, 249, 253, 255, 248, 255, 255,
       254, 246, 252, 251, 221, 127, 111, 63, 143, 175, 124, 239, 223,
       127, 175, 215, 87, 118, 191, 242, 239, 125, 223, 83, 245, 253,
       246, 123, 92, 248, 127, 223, 31, 126, 181, 205, 157, 86, 181, 217,
       247, 132, 239, 208, 252, 225, 111, 221, 93, 145, 190, 252, 218,
       127, 255, 250, 253, 251, 241, 61, 255, 95, 223, 157, 126, 251,
       238, 251, 213, 125, 107, 254, 253, 206, 120, 125, 254, 191, 63,
       126, 203, 127, 191, 243, 37, 85, 251, 86, 123, 249, 126, 240, 93,
       249, 62, 215, 142, 217, 55, 159, 173, 28, 5, 250, 29, 157, 77, 80,
       246, 59, 253, 89, 95, 32, 254, 204, 43, 147, 213, 232, 195, 238,
       195, 8, 185, 139, 255, 210, 230, 163, 106, 235, 153, 173, 71, 79,
       173, 102, 211, 95, 223, 179, 47, 192, 142, 50, 22, 215, 39, 69,
       187, 16, 124, 233, 116, 112, 124, 48, 47, 253, 28, 189, 63, 153,
       172, 24, 53, 240, 31, 156, 73, 16, 250, 51, 189, 92, 87, 33, 250,
       197, 47, 215, 85, 112, 130, 248, 226, 128, 169, 193, 247, 194,
       227, 130, 10, 170, 137, 191, 111, 143, 173, 230, 211, 79, 218,
       182, 239, 64, 12, 34, 62, 87, 55, 36, 187, 16, 188, 255, 84, 80,
       104, 185, 230, 235, 40, 73, 191, 217, 172, 56, 241, 241, 94, 156,
       74, 80, 250, 115, 223, 88, 117, 161, 250, 181, 254, 85, 14, 184,
       76, 28, 130, 107, 100, 45, 250, 166, 183, 238, 121, 247, 226, 36,
       160, 3, 196, 17, 196, 195, 85, 245, 123, 163, 42, 195, 115, 146,
       4, 85, 158, 8, 152, 235, 119, 38, 90, 40, 179, 180, 80, 244, 45,
       145, 236, 0, 23, 180, 11, 24, 73, 56, 243, 16, 53, 88, 81, 100,
       234, 13, 71, 172, 184, 0, 63, 36, 86, 33, 110, 104, 128, 64, 173,
       164, 47, 129, 104, 129, 105, 48, 240, 112, 179, 81, 43, 128, 192,
       121, 4, 56, 193, 208, 18, 210, 168, 1, 104, 17, 232, 126, 174, 58,
       165, 118, 83, 103, 238, 24, 40, 56, 20, 96, 29, 219, 28, 27, 162,
       35, 180, 74, 242, 107, 233, 60, 53, 125, 170, 55, 61, 57, 127,
       247, 86, 215, 52, 125, 58, 188, 212, 242, 244, 67, 96, 113, 114,
       209, 118, 221, 168, 224, 153, 122, 220, 252, 233, 220, 36, 86,
       190, 210, 122, 129, 124, 216, 223, 28, 14, 208, 23, 226, 78, 153,
       172, 152, 13, 242, 29, 159, 89, 24, 242, 59, 188, 91, 94, 42, 249,
       41, 134, 109, 172, 46, 189, 191, 113, 49, 254, 196, 193, 201, 57,
       61, 7, 136, 237, 227, 99, 244, 100, 82, 243, 89, 125, 133, 182,
       120, 86, 53, 203, 223, 48, 83, 168, 223, 120, 232, 113, 124, 28,
       58, 175, 213, 49, 247, 111, 185, 172, 24, 15, 240, 29, 156, 73,
       22, 242, 55, 189, 90, 87, 40, 250, 55, 23, 176, 86, 35, 143, 92,
       3, 135, 64, 129, 32, 52, 238, 164, 86, 244, 179, 2, 214, 151, 47,
       81, 71, 208, 2, 230, 93, 32, 188, 220, 96, 142, 62, 98, 158, 128,
       8, 210, 77, 37, 57, 149, 195, 172, 124, 165, 79, 144, 166, 129,
       79, 50, 24, 24, 67, 41, 51, 82, 179, 56, 100, 173, 72, 13, 4, 200,
       168, 9, 203, 36, 78, 37, 96, 12, 36, 16, 62, 173, 69, 201, 56,
       161, 64, 193, 34, 88, 115, 80, 221, 16, 5, 112, 136, 49, 65, 159,
       2, 71, 170, 17, 88, 105, 124, 112, 21, 60, 35, 85, 85, 119, 111,
       25, 172, 24, 4, 240, 29, 152, 9, 24, 226, 51, 189, 24, 87, 32,
       202, 191, 250, 125, 237, 190, 189, 255, 120, 255, 255, 254, 251,
       253, 127, 252, 253, 243, 213, 111, 107, 253, 118, 130, 124, 237,
       255, 247, 59, 127, 95, 119, 191, 211, 100, 93, 254, 86, 123, 249,
       117, 255, 223, 123, 63, 213, 134, 252, 127, 137, 173, 28, 5, 250,
       157, 159, 77, 16, 246, 51, 189, 89, 95, 32, 186, 218, 249, 223,
       223, 38, 83, 92, 182, 83, 163, 125, 218, 127, 226, 22, 122, 253,
       195, 112, 255, 15, 253, 231, 135, 169, 103, 247, 254, 67, 237,
       214, 42, 223, 62, 37, 255, 222, 125, 250, 245, 114, 223, 181, 111,
       191, 60, 245, 110, 159, 170, 139, 199, 248, 29, 56, 95, 85, 243,
       123, 251, 121, 112, 195, 239, 214, 17, 146, 215, 64, 194, 94, 199,
       2, 161, 7, 2, 150, 198, 147, 18, 127, 131, 32, 7, 142, 173, 194,
       67, 158, 195, 246, 111, 2, 168, 210, 98, 135, 55, 101, 190, 16,
       104, 234, 94, 32, 88, 161, 99, 173, 28, 181, 47, 153, 172, 24, 67,
       176, 24, 28, 67, 17, 115, 49, 57, 88, 117, 161, 234, 221, 51, 215,
