%YAML:1.0
descriptors: !!opencv-matrix
   rows: 117
   cols: 64
   dt: u
   data: [ 124, 249, 255, 252, 50, 127, 121, 255, 253, 252, 254, 189,
       127, 254, 255, 238, 251, 220, 251, 107, 55, 250, 228, 183, 125,
       171, 166, 145, 127, 223, 126, 251, 243, 102, 53, 250, 214, 127,
       209, 252, 250, 255, 255, 62, 222, 167, 67, 238, 159, 173, 255,
       157, 250, 31, 159, 92, 240, 246, 107, 223, 91, 14, 35, 247, 255,
       253, 255, 254, 55, 119, 121, 255, 247, 222, 253, 185, 127, 234,
       182, 254, 251, 244, 123, 127, 55, 223, 245, 55, 191, 171, 246, 25,
       123, 217, 126, 233, 224, 47, 54, 255, 214, 117, 209, 253, 218,
       207, 247, 62, 218, 55, 193, 238, 221, 172, 222, 141, 232, 30, 149,
       85, 184, 246, 105, 223, 95, 158, 42, 251, 255, 254, 127, 239, 255,
       253, 223, 249, 255, 93, 254, 251, 239, 63, 254, 253, 251, 245,
       127, 109, 125, 215, 191, 124, 239, 255, 125, 63, 255, 91, 126,
       191, 244, 237, 222, 223, 214, 119, 253, 247, 247, 223, 122, 63,
       221, 158, 252, 181, 204, 189, 86, 165, 248, 183, 135, 111, 208,
       252, 32, 62, 223, 95, 54, 189, 47, 180, 253, 174, 63, 117, 185,
       95, 247, 254, 172, 229, 125, 123, 191, 117, 255, 254, 99, 242,
       245, 34, 83, 118, 213, 191, 245, 235, 91, 94, 243, 227, 207, 44,
       87, 190, 219, 120, 233, 116, 120, 92, 58, 175, 212, 117, 247, 111,
       153, 172, 24, 5, 240, 29, 156, 73, 16, 242, 51, 189, 90, 87, 32,
       250, 199, 174, 195, 35, 221, 224, 163, 220, 184, 249, 2, 127, 131,
       27, 203, 161, 74, 69, 153, 34, 200, 5, 142, 120, 110, 216, 24, 39,
       222, 11, 35, 95, 117, 227, 93, 83, 116, 179, 109, 54, 193, 84, 74,
       158, 73, 8, 88, 177, 152, 124, 24, 33, 213, 231, 140, 235, 80,
       204, 166, 172, 204, 71, 50, 253, 43, 150, 16, 35, 221, 176, 174,
       24, 60, 123, 192, 107, 172, 11, 0, 21, 230, 223, 133, 208, 232, 2,
       139, 124, 70, 152, 104, 167, 222, 65, 161, 231, 93, 164, 220, 49,
       119, 240, 41, 119, 73, 70, 90, 14, 209, 21, 218, 81, 152, 252, 24,
       5, 228, 156, 220, 105, 146, 178, 183, 156, 156, 87, 32, 52, 60,
       177, 125, 180, 31, 109, 241, 125, 215, 92, 254, 117, 125, 126,
       252, 244, 243, 244, 195, 114, 245, 58, 145, 246, 252, 175, 229,
       137, 122, 222, 255, 233, 206, 46, 87, 190, 214, 114, 201, 124,
       121, 221, 22, 47, 212, 55, 247, 110, 185, 172, 153, 13, 242, 29,
       156, 81, 56, 242, 119, 185, 90, 223, 44, 248, 254, 249, 255, 222,
       115, 79, 93, 111, 223, 197, 253, 251, 127, 254, 182, 222, 251,
       213, 62, 111, 15, 175, 227, 55, 111, 223, 183, 61, 83, 40, 62, 41,
       214, 39, 52, 251, 66, 125, 247, 244, 114, 254, 185, 111, 191, 28,
       245, 238, 221, 164, 90, 213, 249, 63, 151, 79, 81, 254, 121, 255,
       89, 117, 179, 250, 255, 246, 119, 41, 223, 244, 175, 201, 237,
       111, 233, 250, 239, 107, 246, 221, 251, 239, 63, 241, 187, 211,
       63, 124, 214, 223, 127, 255, 255, 63, 235, 247, 1, 205, 222, 223,
       233, 181, 61, 127, 47, 74, 126, 249, 215, 89, 222, 145, 238, 255,
       84, 59, 110, 247, 101, 125, 232, 189, 193, 135, 190, 219, 120, 38,
       252, 237, 255, 253, 50, 127, 249, 255, 253, 252, 253, 189, 95,
       254, 255, 238, 171, 221, 251, 111, 191, 253, 230, 179, 93, 239,
       183, 183, 121, 207, 62, 235, 223, 38, 117, 250, 215, 126, 249,
       124, 250, 127, 189, 47, 255, 55, 119, 110, 157, 172, 63, 149, 240,
       29, 157, 76, 24, 246, 115, 253, 91, 87, 35, 251, 59, 222, 125,
       111, 255, 253, 179, 56, 253, 253, 214, 239, 173, 125, 109, 189,
       255, 255, 239, 59, 244, 103, 155, 125, 225, 254, 113, 182, 127,
       83, 235, 255, 223, 232, 219, 52, 255, 219, 249, 127, 253, 93, 106,
       175, 213, 243, 255, 115, 184, 223, 24, 13, 244, 133, 223, 109, 62,
       246, 183, 175, 210, 223, 46, 223, 59, 222, 126, 227, 255, 253,
       243, 56, 253, 253, 222, 125, 175, 125, 121, 253, 255, 255, 255,
       59, 244, 119, 159, 125, 243, 255, 113, 246, 126, 83, 247, 255,
       223, 232, 223, 52, 247, 251, 249, 127, 125, 93, 106, 190, 213,
       225, 255, 115, 189, 253, 156, 13, 252, 165, 222, 85, 54, 246, 255,
       159, 210, 159, 44, 222, 61, 254, 125, 235, 191, 253, 247, 120,
       253, 255, 206, 253, 237, 63, 237, 205, 219, 253, 251, 58, 253,
       115, 91, 252, 241, 125, 89, 183, 125, 87, 239, 247, 223, 200, 223,
       36, 253, 155, 249, 63, 125, 29, 235, 181, 117, 241, 127, 115, 190,
       223, 173, 107, 246, 165, 218, 125, 126, 207, 223, 239, 243, 251,
       237, 94, 197, 15, 146, 117, 217, 162, 238, 202, 40, 57, 194, 99,
       130, 195, 130, 9, 34, 77, 189, 7, 206, 45, 202, 123, 70, 218, 19,
       167, 158, 1, 33, 71, 87, 163, 124, 49, 53, 252, 127, 166, 69, 100,
       170, 67, 235, 9, 91, 211, 72, 212, 56, 244, 197, 230, 188, 170,
       71, 156, 151, 135, 196, 101, 145, 126, 26, 16, 12, 158, 39, 31,
       29, 63, 151, 100, 61, 128, 29, 56, 52, 182, 229, 214, 0, 96, 128,
       50, 224, 35, 72, 129, 164, 88, 113, 48, 29, 105, 240, 60, 16, 56,
       66, 64, 128, 225, 50, 155, 29, 15, 208, 22, 228, 78, 145, 160, 27,
       5, 96, 29, 151, 73, 16, 242, 59, 188, 88, 86, 34, 249, 78, 204,
       202, 187, 235, 221, 30, 5, 63, 255, 60, 157, 158, 190, 63, 254,
       233, 211, 57, 233, 201, 17, 239, 57, 93, 201, 168, 47, 83, 201,
       57, 111, 245, 165, 117, 59, 83, 255, 165, 118, 242, 222, 104, 47,
       215, 30, 109, 179, 157, 236, 30, 5, 244, 29, 157, 73, 144, 242,
       171, 188, 217, 86, 34, 255, 63, 190, 253, 164, 63, 253, 187, 121,
       253, 253, 214, 247, 253, 127, 254, 85, 250, 253, 99, 243, 245,
       103, 211, 247, 221, 254, 245, 255, 126, 94, 247, 235, 223, 44, 85,
       190, 219, 120, 233, 124, 120, 92, 58, 175, 213, 53, 247, 111, 153,
       172, 24, 13, 240, 29, 156, 73, 16, 242, 51, 189, 90, 87, 32, 250,
       191, 240, 125, 174, 191, 237, 253, 120, 255, 93, 253, 249, 255,
       58, 244, 253, 251, 244, 119, 113, 241, 50, 177, 116, 237, 255,
       229, 59, 127, 219, 127, 255, 213, 108, 22, 254, 210, 113, 233,
       253, 123, 223, 127, 47, 212, 55, 252, 111, 137, 164, 218, 5, 248,
       29, 156, 73, 56, 242, 59, 188, 89, 95, 34, 249, 255, 253, 125,
       255, 255, 189, 223, 248, 255, 127, 253, 251, 255, 123, 244, 125,
       247, 247, 127, 251, 253, 118, 179, 126, 253, 255, 247, 255, 255,
       127, 255, 251, 219, 108, 158, 255, 222, 121, 249, 253, 126, 223,
       255, 191, 209, 115, 247, 127, 191, 191, 158, 15, 232, 189, 159,
       93, 56, 246, 115, 159, 255, 223, 46, 187, 62, 241, 253, 190, 55,
       181, 221, 121, 247, 207, 253, 250, 253, 110, 180, 94, 255, 215,
       99, 115, 245, 119, 211, 119, 221, 255, 247, 255, 122, 254, 247,
       235, 215, 44, 87, 190, 218, 120, 249, 125, 120, 93, 61, 47, 213,
       53, 245, 111, 153, 174, 24, 7, 240, 29, 156, 73, 24, 242, 51, 189,
       120, 87, 32, 250, 191, 253, 127, 255, 55, 189, 221, 121, 255, 255,
       253, 250, 255, 122, 244, 95, 243, 247, 126, 123, 191, 126, 211,
       127, 253, 255, 247, 127, 127, 255, 247, 187, 211, 108, 158, 254,
       218, 121, 251, 253, 122, 223, 255, 127, 247, 53, 245, 127, 159,
       175, 152, 15, 250, 29, 158, 93, 56, 246, 123, 159, 251, 223, 168,
       187, 51, 223, 220, 94, 43, 159, 220, 3, 123, 241, 37, 203, 190,
       123, 44, 29, 190, 179, 32, 243, 198, 109, 83, 119, 209, 95, 241,
       62, 106, 50, 213, 99, 215, 52, 81, 180, 219, 88, 250, 121, 112,
       93, 57, 47, 245, 20, 245, 111, 153, 174, 24, 7, 244, 29, 152, 73,
       17, 243, 51, 189, 120, 119, 32, 250, 45, 54, 117, 164, 152, 236,
       161, 120, 121, 124, 194, 53, 69, 63, 217, 197, 234, 236, 195, 96,
       241, 0, 28, 248, 220, 184, 48, 195, 252, 87, 107, 223, 77, 160,
       87, 58, 245, 242, 169, 126, 237, 84, 74, 134, 68, 129, 226, 73,
       184, 108, 8, 9, 244, 29, 157, 65, 38, 242, 151, 188, 202, 135, 44,
       126, 232, 207, 230, 223, 230, 87, 219, 183, 61, 253, 126, 143,
       159, 253, 123, 238, 173, 213, 125, 175, 94, 221, 246, 59, 91, 111,
       155, 54, 253, 211, 62, 191, 243, 99, 115, 113, 215, 127, 254, 228,
