%YAML:1.0
descriptors: !!opencv-matrix
   rows: 115
   cols: 64
   dt: u
   data: [ 63, 255, 127, 254, 255, 63, 253, 123, 253, 94, 252, 249, 127,
       127, 253, 253, 243, 244, 127, 106, 245, 122, 181, 127, 239, 175,
       231, 155, 255, 95, 125, 251, 242, 110, 220, 254, 214, 119, 241,
       245, 255, 223, 219, 30, 212, 151, 208, 78, 141, 189, 94, 5, 250,
       29, 143, 77, 152, 246, 123, 190, 91, 94, 46, 177, 45, 190, 239,
       105, 63, 253, 181, 252, 253, 252, 222, 251, 253, 61, 251, 205,
       219, 253, 235, 123, 245, 119, 222, 253, 109, 125, 21, 182, 124,
       87, 127, 239, 223, 104, 215, 52, 247, 250, 249, 61, 125, 29, 122,
       55, 213, 227, 247, 107, 186, 253, 141, 13, 242, 157, 223, 93, 62,
       214, 255, 175, 251, 223, 44, 222, 45, 238, 255, 233, 250, 255,
       247, 201, 121, 249, 204, 255, 254, 119, 239, 249, 251, 185, 187,
       107, 245, 125, 91, 255, 247, 223, 113, 191, 111, 207, 255, 247,
       159, 230, 87, 186, 115, 248, 249, 124, 127, 93, 120, 39, 213, 149,
       247, 111, 157, 172, 8, 13, 242, 29, 156, 77, 30, 246, 183, 173,
       218, 95, 35, 218, 175, 222, 111, 233, 255, 253, 191, 216, 189,
       255, 232, 251, 239, 57, 238, 237, 129, 253, 255, 121, 252, 87,
       190, 124, 103, 239, 57, 183, 255, 87, 127, 255, 253, 233, 222,
       113, 247, 253, 253, 183, 255, 94, 106, 191, 215, 211, 254, 113,
       188, 223, 28, 37, 253, 229, 223, 109, 62, 222, 183, 142, 214, 223,
       60, 189, 255, 255, 255, 255, 127, 182, 223, 138, 255, 255, 57,
       250, 175, 235, 182, 95, 247, 247, 60, 251, 175, 127, 255, 127,
       237, 215, 243, 127, 95, 57, 247, 127, 247, 239, 158, 255, 250,
       253, 251, 247, 118, 78, 235, 253, 147, 24, 213, 63, 223, 238, 24,
       71, 244, 181, 188, 255, 81, 246, 243, 159, 253, 247, 185, 191,
       191, 253, 125, 222, 55, 157, 221, 25, 255, 199, 189, 250, 191,
       126, 244, 95, 247, 246, 102, 123, 23, 118, 209, 103, 253, 247,
       247, 123, 119, 186, 220, 41, 198, 108, 158, 158, 194, 121, 251,
       253, 114, 219, 189, 237, 182, 116, 245, 47, 147, 191, 144, 15,
       248, 25, 254, 93, 56, 243, 114, 191, 123, 221, 172, 250, 231, 238,
       243, 225, 217, 230, 171, 200, 252, 255, 130, 127, 227, 235, 211,
       93, 234, 213, 191, 34, 204, 143, 174, 124, 110, 222, 63, 39, 222,
       11, 51, 127, 119, 231, 93, 91, 114, 245, 109, 54, 65, 68, 74, 222,
       75, 8, 88, 177, 205, 93, 88, 181, 213, 246, 140, 235, 208, 252,
       160, 13, 220, 85, 48, 182, 204, 11, 198, 245, 232, 183, 232, 247,
       57, 249, 66, 95, 210, 245, 251, 202, 234, 217, 173, 107, 207, 173,
       238, 251, 79, 74, 178, 166, 204, 4, 58, 222, 119, 39, 116, 187,
       83, 126, 253, 244, 209, 116, 152, 30, 201, 7, 203, 243, 153, 44,
       24, 21, 209, 31, 157, 73, 16, 240, 51, 189, 76, 87, 33, 250, 205,
       234, 231, 221, 248, 255, 239, 248, 189, 255, 234, 255, 203, 237,
       251, 237, 139, 213, 255, 111, 46, 141, 174, 121, 111, 255, 63, 39,
       223, 15, 50, 159, 243, 231, 125, 219, 82, 253, 255, 182, 119, 124,
       232, 127, 223, 30, 125, 177, 205, 157, 118, 245, 217, 255, 132,
       238, 208, 252, 225, 47, 220, 93, 17, 190, 175, 254, 239, 233, 254,
       253, 221, 216, 61, 255, 254, 255, 223, 126, 255, 253, 227, 245,
       61, 107, 245, 85, 154, 121, 111, 255, 51, 63, 255, 95, 127, 255,
       247, 102, 223, 251, 82, 127, 253, 244, 242, 223, 122, 63, 213,
       150, 245, 247, 157, 189, 30, 5, 250, 157, 143, 77, 16, 244, 59,
       189, 221, 223, 34, 186, 63, 190, 125, 175, 63, 253, 187, 125, 254,
       254, 214, 253, 253, 127, 253, 213, 255, 255, 67, 114, 245, 99,
       211, 255, 221, 254, 244, 255, 94, 95, 243, 239, 223, 44, 85, 190,
       223, 122, 233, 124, 248, 92, 58, 175, 213, 53, 247, 111, 153, 172,
       24, 5, 240, 29, 156, 73, 16, 242, 51, 189, 90, 87, 32, 250, 248,
       169, 255, 253, 34, 127, 249, 247, 221, 252, 254, 157, 87, 244,
       251, 238, 191, 220, 251, 111, 126, 253, 246, 179, 255, 111, 150,
       212, 109, 215, 126, 255, 239, 83, 99, 253, 181, 247, 252, 125,
       254, 61, 247, 118, 255, 183, 99, 238, 255, 168, 239, 251, 211,
       127, 60, 92, 239, 238, 79, 235, 255, 110, 203, 246, 62, 240, 125,
       255, 63, 253, 253, 121, 255, 255, 253, 249, 253, 126, 189, 95,
       255, 254, 99, 251, 245, 118, 211, 255, 237, 255, 245, 255, 95,
       223, 245, 235, 223, 44, 87, 190, 219, 120, 233, 117, 120, 95, 121,
       47, 213, 53, 247, 111, 153, 172, 24, 5, 240, 29, 156, 73, 16, 242,
       51, 189, 88, 87, 32, 250, 248, 59, 247, 245, 98, 111, 249, 247,
       253, 253, 126, 223, 95, 245, 251, 238, 255, 223, 251, 111, 126,
       173, 246, 183, 251, 107, 182, 246, 237, 211, 126, 255, 231, 115,
       99, 117, 255, 255, 252, 253, 221, 125, 247, 246, 235, 39, 251,
       238, 253, 168, 239, 251, 243, 127, 157, 221, 255, 254, 119, 255,
       255, 63, 137, 254, 89, 17, 182, 145, 200, 227, 171, 244, 8, 167,
       195, 6, 192, 204, 27, 2, 238, 213, 35, 102, 72, 133, 199, 113, 78,
       216, 188, 44, 210, 4, 50, 59, 87, 36, 85, 186, 82, 120, 233, 84,
       112, 84, 24, 46, 197, 20, 193, 109, 153, 172, 24, 5, 240, 29, 156,
       73, 16, 242, 51, 189, 88, 87, 32, 250, 236, 222, 190, 249, 98,
       127, 124, 215, 41, 231, 41, 136, 86, 180, 255, 255, 255, 251, 125,
       111, 62, 157, 126, 153, 223, 93, 191, 238, 193, 215, 190, 183,
       224, 23, 119, 107, 195, 245, 252, 114, 50, 223, 116, 63, 127, 158,
       126, 180, 205, 201, 118, 255, 203, 255, 167, 254, 209, 253, 105,
       191, 93, 96, 91, 178, 42, 6, 44, 168, 39, 61, 5, 55, 181, 86, 124,
       128, 25, 61, 61, 39, 133, 124, 65, 240, 240, 114, 208, 50, 88,
       169, 132, 16, 121, 208, 61, 201, 192, 56, 211, 168, 219, 104, 128,
       104, 126, 31, 48, 175, 84, 182, 230, 78, 27, 168, 152, 9, 242, 29,
       156, 24, 48, 226, 59, 188, 74, 214, 40, 248, 63, 254, 125, 239,
       191, 189, 221, 120, 255, 125, 252, 251, 239, 123, 252, 253, 242,
       247, 127, 121, 245, 126, 155, 125, 237, 255, 101, 63, 127, 123,
       125, 255, 151, 236, 254, 222, 246, 251, 185, 247, 255, 223, 235,
       191, 220, 147, 252, 87, 172, 181, 159, 12, 234, 181, 143, 125, 56,
       182, 254, 206, 251, 223, 46, 189, 199, 41, 211, 214, 81, 130, 93,
       74, 2, 225, 1, 243, 163, 203, 132, 90, 34, 85, 52, 103, 142, 173,
       192, 99, 78, 218, 178, 15, 18, 40, 16, 109, 83, 39, 52, 187, 2,
       124, 87, 214, 65, 106, 168, 107, 171, 28, 201, 143, 65, 164, 16,
       213, 97, 26, 188, 75, 17, 122, 113, 191, 88, 116, 177, 251, 1, 6,
       0, 128, 9, 88, 128, 4, 36, 88, 2, 5, 16, 61, 41, 165, 13, 56, 129,
       160, 192, 2, 152, 96, 64, 16, 8, 0, 60, 2, 1, 65, 149, 48, 83, 32,
       113, 66, 8, 32, 228, 20, 8, 6, 68, 196, 244, 72, 17, 8, 24, 4,
       148, 9, 136, 8, 18, 66, 34, 180, 64, 67, 0, 232, 250, 255, 255,
       255, 254, 255, 255, 251, 253, 255, 254, 255, 255, 255, 255, 253,
       251, 213, 127, 111, 253, 255, 191, 127, 111, 255, 183, 191, 255,
       91, 126, 191, 247, 103, 125, 251, 214, 127, 253, 245, 255, 223,
       250, 62, 223, 134, 253, 247, 141, 173, 94, 133, 248, 191, 159, 77,
       208, 246, 123, 159, 95, 95, 34, 183, 62, 177, 125, 254, 54, 61,
       221, 127, 247, 222, 253, 177, 125, 126, 189, 86, 255, 246, 66,
       123, 245, 122, 209, 247, 253, 171, 230, 217, 127, 253, 253, 233,
       199, 108, 151, 190, 222, 120, 217, 125, 126, 223, 247, 47, 246,
       181, 245, 110, 187, 174, 155, 79, 250, 29, 158, 93, 60, 242, 123,
       255, 123, 159, 110, 251, 241, 221, 215, 223, 217, 206, 195, 126,
       255, 213, 44, 255, 167, 255, 134, 252, 235, 213, 189, 39, 198, 47,
       234, 103, 111, 223, 49, 47, 119, 11, 18, 111, 215, 39, 117, 186,
       82, 121, 255, 116, 113, 92, 168, 39, 221, 28, 125, 231, 153, 164,
       89, 21, 240, 31, 156, 75, 16, 254, 50, 189, 88, 85, 37, 250, 250,
       216, 254, 223, 239, 223, 223, 181, 255, 253, 61, 203, 191, 248,
       126, 252, 253, 247, 124, 255, 220, 223, 183, 125, 251, 255, 253,
       126, 255, 251, 255, 191, 247, 109, 87, 127, 218, 117, 252, 255,
