%YAML:1.0
descriptors: !!opencv-matrix
   rows: 145
   cols: 64
   dt: u
   data: [ 60, 189, 253, 190, 54, 127, 185, 127, 247, 252, 254, 245, 125,
       126, 249, 246, 255, 222, 67, 99, 245, 50, 209, 247, 221, 171, 228,
       219, 122, 222, 247, 235, 215, 36, 87, 190, 215, 122, 233, 116,
       248, 93, 60, 47, 212, 55, 247, 111, 153, 172, 24, 5, 242, 29, 156,
       73, 16, 242, 51, 189, 90, 87, 32, 250, 7, 182, 93, 42, 60, 248,
       161, 88, 242, 62, 134, 101, 236, 127, 137, 17, 238, 238, 3, 240,
       229, 96, 83, 247, 197, 188, 228, 203, 122, 14, 225, 99, 223, 44,
       87, 190, 91, 56, 233, 116, 120, 92, 58, 175, 212, 113, 247, 111,
       153, 172, 24, 1, 240, 29, 156, 73, 16, 242, 51, 189, 88, 87, 32,
       250, 72, 203, 174, 220, 98, 255, 127, 115, 29, 246, 127, 140, 155,
       252, 125, 238, 165, 221, 121, 111, 150, 61, 194, 115, 95, 206,
       167, 60, 80, 198, 62, 233, 215, 55, 85, 187, 82, 126, 254, 116,
       50, 125, 253, 111, 221, 158, 245, 239, 157, 172, 24, 197, 243,
       125, 157, 75, 81, 254, 123, 191, 89, 127, 131, 250, 251, 221, 236,
       172, 255, 63, 95, 94, 183, 85, 61, 201, 31, 249, 118, 253, 228,
       244, 53, 101, 112, 195, 176, 51, 110, 171, 169, 30, 251, 17, 124,
       41, 240, 100, 20, 250, 82, 115, 145, 245, 210, 222, 24, 15, 208,
       22, 228, 76, 153, 172, 26, 5, 248, 29, 159, 73, 24, 246, 51, 188,
       88, 86, 34, 249, 63, 213, 252, 254, 55, 61, 93, 62, 55, 238, 253,
       184, 63, 234, 52, 95, 244, 246, 33, 243, 231, 56, 225, 51, 205,
       171, 226, 91, 83, 124, 245, 233, 215, 36, 84, 186, 218, 120, 225,
       253, 114, 223, 61, 47, 210, 20, 229, 111, 153, 172, 24, 5, 240,
       29, 156, 73, 16, 242, 51, 189, 89, 86, 34, 251, 50, 207, 59, 139,
       67, 159, 135, 139, 47, 196, 31, 70, 189, 62, 121, 244, 230, 215,
       4, 102, 84, 52, 148, 99, 93, 212, 169, 13, 18, 154, 26, 57, 230,
       36, 85, 186, 82, 122, 201, 116, 240, 93, 28, 46, 213, 22, 208,
       110, 153, 172, 24, 5, 242, 29, 157, 73, 16, 242, 51, 188, 88, 87,
       34, 250, 12, 178, 69, 138, 62, 249, 160, 116, 125, 58, 42, 117,
       93, 50, 249, 225, 235, 220, 65, 96, 193, 32, 73, 240, 73, 9, 161,
       139, 92, 78, 49, 227, 221, 36, 87, 186, 83, 122, 169, 116, 240,
       92, 58, 47, 212, 150, 246, 109, 153, 172, 24, 5, 240, 29, 157, 73,
       16, 242, 51, 188, 88, 87, 32, 250, 115, 209, 89, 158, 23, 75, 85,
       42, 215, 96, 61, 144, 61, 254, 100, 126, 231, 214, 52, 116, 2,
       162, 129, 39, 110, 213, 225, 9, 211, 11, 24, 105, 144, 36, 21,
       218, 66, 112, 3, 214, 50, 219, 60, 43, 20, 30, 228, 78, 129, 164,
       83, 4, 56, 24, 132, 75, 16, 242, 57, 56, 88, 4, 34, 249, 147, 209,
       8, 138, 5, 74, 20, 10, 6, 0, 61, 202, 34, 78, 68, 56, 111, 214,
       36, 69, 2, 34, 161, 98, 110, 215, 177, 41, 147, 10, 2, 41, 144,
       36, 85, 154, 66, 64, 235, 116, 50, 216, 56, 43, 149, 28, 244, 108,
       145, 164, 16, 4, 184, 25, 132, 75, 16, 242, 48, 61, 88, 85, 32,
       250, 253, 255, 255, 253, 250, 255, 255, 247, 189, 255, 249, 251,
       223, 255, 255, 206, 251, 253, 127, 111, 63, 207, 254, 189, 95,
       255, 191, 255, 217, 223, 126, 191, 211, 39, 119, 255, 210, 253,
       255, 126, 126, 126, 248, 127, 223, 60, 255, 183, 221, 141, 94,
       245, 209, 255, 156, 239, 208, 252, 113, 63, 221, 117, 147, 255,
       62, 57, 255, 188, 54, 127, 121, 127, 245, 220, 223, 181, 125, 254,
       187, 254, 251, 212, 67, 99, 117, 38, 196, 55, 77, 170, 164, 25,
       91, 94, 126, 233, 214, 36, 85, 190, 82, 122, 201, 116, 216, 93,
       56, 46, 212, 22, 229, 110, 153, 172, 24, 5, 240, 29, 156, 73, 16,
       242, 51, 189, 88, 86, 34, 250, 62, 49, 121, 190, 55, 101, 61, 127,
       215, 202, 249, 176, 101, 6, 145, 118, 251, 214, 35, 83, 97, 32,
       197, 23, 204, 159, 227, 201, 83, 62, 244, 249, 226, 36, 21, 190,
       82, 120, 201, 117, 120, 72, 49, 47, 214, 21, 181, 110, 153, 172,
       24, 5, 240, 28, 156, 65, 144, 242, 51, 185, 88, 86, 32, 242, 61,
       246, 125, 40, 63, 189, 161, 120, 245, 92, 196, 253, 237, 63, 252,
       117, 242, 252, 195, 96, 241, 98, 153, 118, 253, 168, 100, 155,
       127, 92, 121, 233, 223, 100, 85, 190, 86, 122, 185, 252, 223, 223,
       26, 143, 208, 179, 246, 79, 185, 173, 24, 12, 240, 29, 159, 77,
       56, 246, 51, 188, 218, 215, 38, 249, 60, 52, 117, 164, 31, 165,
       33, 125, 245, 124, 210, 53, 109, 15, 177, 71, 250, 252, 195, 96,
       241, 2, 209, 117, 92, 168, 164, 137, 90, 92, 121, 233, 77, 36, 23,
       190, 215, 122, 1, 116, 92, 68, 26, 142, 68, 53, 226, 77, 152, 44,
       24, 9, 240, 28, 156, 73, 24, 178, 59, 188, 90, 7, 46, 242, 47,
       214, 108, 249, 63, 181, 255, 56, 189, 255, 252, 235, 189, 121, 61,
       71, 128, 253, 227, 251, 244, 119, 218, 122, 117, 255, 131, 182,
       124, 83, 125, 239, 223, 250, 223, 32, 247, 249, 248, 57, 124, 127,
       254, 109, 215, 117, 247, 107, 187, 254, 152, 13, 246, 157, 220,
       92, 63, 210, 247, 191, 251, 223, 172, 254, 255, 216, 108, 237,
       255, 189, 223, 184, 191, 127, 253, 203, 159, 121, 118, 253, 180,
       255, 126, 241, 252, 119, 186, 120, 110, 255, 253, 126, 253, 115,
       127, 255, 215, 249, 222, 125, 254, 115, 248, 247, 223, 223, 79,
       31, 209, 23, 252, 89, 157, 223, 24, 5, 254, 189, 159, 77, 24, 246,
       179, 189, 250, 95, 38, 253, 192, 13, 142, 215, 74, 79, 210, 167,
       31, 249, 6, 143, 146, 242, 123, 142, 109, 19, 248, 135, 92, 175,
       255, 131, 91, 115, 158, 102, 201, 211, 146, 102, 207, 35, 67, 113,
       87, 78, 238, 104, 240, 61, 160, 175, 221, 124, 177, 239, 189, 200,
       24, 93, 245, 95, 152, 195, 87, 253, 119, 61, 90, 117, 1, 234, 250,
       216, 238, 143, 255, 191, 223, 177, 63, 125, 117, 203, 159, 248,
       118, 93, 252, 247, 125, 242, 252, 151, 186, 121, 106, 255, 185,
       126, 223, 83, 255, 255, 215, 45, 22, 251, 83, 113, 233, 119, 242,
       223, 124, 31, 209, 28, 217, 93, 157, 172, 26, 5, 248, 61, 157, 73,
       16, 246, 59, 189, 88, 31, 32, 251, 64, 1, 134, 145, 200, 195, 170,
       229, 8, 171, 67, 6, 144, 228, 19, 2, 13, 9, 241, 198, 220, 165,
       70, 217, 26, 90, 158, 230, 64, 132, 179, 2, 95, 17, 65, 33, 17,
       232, 236, 72, 112, 36, 48, 46, 229, 60, 163, 123, 25, 200, 24, 37,
       241, 93, 24, 201, 67, 235, 19, 177, 72, 51, 65, 234, 200, 203,
       142, 221, 238, 255, 254, 182, 57, 255, 126, 207, 158, 244, 123,
       171, 237, 221, 125, 239, 92, 141, 230, 185, 75, 127, 191, 246,
       221, 67, 54, 191, 243, 51, 81, 113, 83, 127, 252, 112, 242, 124,
       120, 63, 223, 174, 255, 181, 157, 137, 30, 133, 209, 255, 157,
       203, 81, 252, 51, 189, 92, 87, 0, 250, 29, 49, 125, 44, 54, 107,
       59, 124, 208, 12, 215, 53, 116, 6, 169, 115, 250, 220, 67, 64, 97,
       32, 65, 150, 204, 40, 228, 201, 66, 12, 241, 232, 220, 36, 85,
       190, 91, 122, 129, 116, 120, 92, 16, 15, 212, 53, 166, 108, 153,
       172, 24, 5, 240, 29, 156, 65, 16, 242, 51, 188, 88, 86, 32, 250,
       50, 55, 113, 130, 19, 140, 3, 9, 199, 66, 147, 52, 117, 6, 153,
       84, 254, 130, 67, 208, 81, 34, 145, 6, 220, 148, 228, 73, 2, 154,
       201, 168, 64, 44, 71, 190, 136, 50, 129, 92, 12, 80, 20, 136, 68,
       116, 164, 78, 146, 44, 144, 8, 50, 29, 84, 81, 8, 50, 19, 176, 24,
       86, 40, 96, 63, 245, 109, 60, 55, 37, 93, 90, 179, 198, 181, 240,
       124, 107, 164, 95, 224, 244, 7, 243, 103, 42, 240, 51, 76, 155,
       227, 89, 83, 28, 116, 41, 210, 44, 20, 186, 90, 120, 193, 244, 82,
       202, 56, 47, 208, 20, 197, 78, 153, 172, 24, 5, 112, 29, 156, 73,
       16, 242, 51, 189, 88, 86, 34, 251, 61, 254, 127, 237, 254, 253,
       251, 249, 253, 255, 214, 253, 253, 127, 249, 228, 251, 213, 123,
       107, 253, 101, 223, 125, 125, 255, 189, 191, 126, 95, 127, 255,
       215, 100, 93, 187, 214, 123, 249, 118, 253, 92, 120, 62, 213, 135,
       249, 119, 153, 173, 28, 5, 240, 29, 157, 77, 16, 246, 59, 189, 90,
       87, 32, 254, 201, 206, 238, 221, 238, 255, 255, 240, 61, 255, 125,
