%YAML:1.0
descriptors: !!opencv-matrix
   rows: 130
   cols: 64
   dt: u
   data: [ 255, 253, 255, 255, 247, 127, 95, 159, 255, 207, 253, 250,
       191, 234, 246, 255, 243, 247, 126, 127, 63, 223, 183, 55, 255,
       239, 251, 127, 251, 123, 254, 185, 226, 109, 150, 255, 202, 117,
       245, 253, 210, 203, 255, 95, 219, 30, 209, 156, 221, 175, 22, 141,
       104, 191, 151, 95, 248, 182, 121, 31, 95, 220, 58, 185, 61, 182,
       117, 162, 159, 229, 165, 121, 247, 125, 220, 119, 253, 63, 180,
       117, 243, 246, 199, 96, 241, 70, 155, 244, 252, 188, 125, 171,
       254, 223, 251, 239, 205, 100, 87, 190, 214, 120, 41, 124, 125, 85,
       90, 175, 196, 49, 246, 109, 153, 180, 153, 8, 242, 28, 158, 65,
       56, 242, 51, 156, 218, 223, 44, 250, 253, 255, 255, 245, 246, 191,
       255, 251, 253, 221, 254, 251, 255, 251, 244, 255, 243, 245, 127,
       111, 127, 239, 180, 127, 127, 255, 191, 191, 255, 95, 126, 191,
       242, 103, 124, 255, 214, 127, 245, 253, 223, 223, 251, 62, 219,
       175, 217, 254, 141, 173, 94, 133, 248, 191, 159, 77, 208, 246,
       115, 223, 95, 94, 34, 185, 197, 170, 195, 161, 216, 194, 171, 200,
       72, 255, 2, 95, 195, 199, 219, 72, 202, 69, 185, 102, 204, 141,
       142, 89, 47, 220, 58, 39, 150, 11, 51, 95, 87, 135, 93, 91, 48,
       255, 109, 22, 97, 100, 72, 62, 79, 140, 121, 177, 221, 76, 24,
       181, 213, 247, 140, 235, 208, 236, 176, 45, 204, 69, 49, 182, 189,
       55, 117, 241, 182, 253, 41, 249, 253, 223, 250, 55, 253, 61, 249,
       231, 242, 252, 71, 106, 125, 226, 148, 180, 93, 172, 164, 153,
       254, 94, 122, 185, 112, 36, 87, 186, 210, 122, 129, 220, 222, 84,
       24, 158, 194, 163, 200, 116, 137, 45, 28, 5, 248, 31, 143, 77,
       144, 240, 51, 156, 94, 150, 40, 176, 252, 174, 255, 233, 56, 127,
       181, 255, 253, 252, 254, 181, 95, 189, 219, 238, 219, 220, 235,
       107, 245, 213, 254, 183, 93, 109, 156, 150, 109, 215, 127, 255,
       253, 64, 101, 186, 215, 250, 249, 124, 254, 93, 123, 182, 245,
       163, 119, 233, 187, 172, 175, 153, 240, 29, 157, 92, 52, 246, 115,
       252, 219, 214, 106, 254, 252, 253, 255, 253, 118, 127, 253, 255,
       255, 255, 223, 191, 127, 254, 255, 254, 251, 213, 123, 111, 63,
       223, 230, 63, 255, 255, 255, 189, 127, 223, 126, 191, 115, 109,
       189, 255, 214, 127, 249, 117, 127, 221, 255, 62, 223, 175, 253,
       254, 143, 189, 223, 141, 234, 191, 158, 93, 216, 246, 123, 223,
       223, 143, 42, 182, 187, 245, 124, 254, 191, 61, 223, 25, 255, 95,
       189, 250, 191, 122, 116, 93, 247, 183, 118, 187, 247, 118, 177,
       118, 245, 247, 243, 123, 255, 251, 255, 249, 142, 236, 158, 254,
       250, 121, 251, 253, 90, 223, 247, 249, 209, 113, 245, 111, 191,
       191, 154, 15, 248, 181, 255, 117, 56, 183, 247, 191, 187, 223,
       190, 219, 191, 245, 125, 254, 55, 189, 223, 25, 255, 215, 189,
       250, 255, 123, 244, 95, 247, 247, 126, 251, 183, 118, 241, 118,
       253, 255, 247, 123, 127, 123, 247, 233, 214, 108, 150, 222, 202,
       121, 249, 253, 114, 223, 121, 189, 213, 20, 245, 111, 153, 175,
       24, 15, 248, 29, 159, 93, 56, 246, 115, 159, 123, 223, 46, 251,
       137, 222, 71, 109, 253, 248, 191, 184, 184, 185, 218, 239, 238,
       93, 73, 169, 173, 237, 191, 59, 252, 111, 142, 252, 97, 127, 121,
       182, 253, 67, 99, 223, 255, 233, 221, 49, 127, 187, 252, 39, 125,
       92, 107, 190, 213, 163, 254, 115, 172, 223, 28, 37, 253, 229, 223,
       237, 118, 222, 182, 143, 242, 223, 180, 30, 90, 138, 139, 237,
       239, 248, 250, 141, 157, 187, 242, 205, 241, 64, 123, 184, 157,
       157, 187, 27, 236, 51, 238, 89, 109, 223, 123, 166, 95, 227, 55,
       254, 103, 249, 93, 49, 127, 255, 236, 35, 233, 92, 99, 108, 215,
       151, 187, 115, 191, 218, 28, 37, 245, 229, 253, 241, 215, 222,
       183, 173, 246, 95, 48, 182, 207, 253, 234, 125, 55, 122, 252, 206,
       57, 139, 233, 250, 234, 194, 230, 251, 137, 45, 63, 223, 39, 47,
       99, 87, 103, 223, 243, 191, 83, 46, 166, 160, 222, 62, 253, 203,
       123, 61, 249, 53, 106, 238, 185, 105, 255, 93, 183, 62, 217, 190,
       24, 71, 225, 117, 252, 104, 144, 179, 245, 191, 60, 115, 179, 11,
       50, 34, 77, 138, 42, 157, 19, 97, 102, 100, 23, 20, 157, 62, 249,
       86, 242, 212, 0, 96, 200, 32, 136, 112, 93, 128, 164, 15, 66, 137,
       25, 111, 209, 36, 85, 186, 66, 122, 161, 94, 176, 93, 8, 14, 212,
       150, 192, 79, 153, 172, 24, 5, 112, 29, 157, 73, 16, 242, 59, 188,
       88, 86, 34, 249, 59, 252, 125, 238, 191, 189, 213, 24, 255, 125,
       254, 251, 189, 127, 252, 221, 247, 246, 86, 48, 245, 114, 153,
       124, 247, 254, 97, 59, 255, 123, 221, 239, 143, 236, 214, 246,
       255, 83, 185, 253, 255, 223, 79, 175, 212, 243, 252, 79, 164, 183,
       155, 13, 254, 165, 223, 117, 60, 182, 254, 190, 251, 223, 174,
       220, 247, 253, 211, 86, 113, 66, 93, 206, 135, 165, 173, 251, 35,
       202, 134, 94, 235, 213, 60, 111, 15, 175, 226, 39, 79, 223, 179,
       47, 83, 42, 22, 45, 210, 39, 52, 251, 2, 125, 247, 247, 115, 234,
       185, 107, 187, 28, 125, 174, 197, 164, 114, 213, 105, 58, 180,
       206, 209, 254, 113, 123, 93, 117, 145, 250, 254, 247, 255, 255,
       254, 245, 255, 253, 247, 255, 253, 249, 127, 255, 182, 223, 251,
       212, 103, 99, 253, 251, 247, 54, 78, 255, 183, 63, 251, 92, 127,
       235, 215, 36, 86, 190, 82, 112, 241, 244, 114, 95, 56, 47, 213,
       20, 213, 79, 153, 172, 24, 5, 240, 29, 156, 73, 16, 242, 51, 189,
       88, 87, 34, 251, 108, 170, 231, 109, 126, 127, 187, 254, 249, 158,
       218, 247, 121, 118, 251, 224, 171, 221, 219, 111, 245, 51, 198,
       254, 109, 254, 188, 151, 78, 203, 63, 254, 255, 45, 77, 187, 94,
       122, 237, 61, 249, 93, 123, 46, 245, 255, 177, 107, 189, 172, 24,
       7, 243, 61, 157, 73, 84, 254, 51, 189, 121, 95, 32, 250, 211, 154,
       134, 149, 237, 182, 143, 176, 46, 103, 17, 74, 143, 233, 22, 29,
       124, 255, 121, 231, 248, 199, 218, 121, 74, 127, 189, 126, 208,
       19, 243, 167, 215, 61, 211, 41, 83, 45, 236, 107, 116, 92, 56,
       175, 213, 24, 255, 53, 156, 140, 24, 33, 245, 253, 156, 243, 80,
       254, 51, 189, 216, 215, 16, 250, 15, 176, 221, 170, 62, 249, 181,
       84, 115, 188, 14, 245, 220, 126, 175, 113, 235, 254, 1, 227, 229,
       49, 67, 243, 205, 254, 176, 239, 90, 79, 247, 99, 215, 36, 85,
       186, 91, 120, 233, 116, 112, 93, 58, 47, 213, 20, 247, 111, 153,
       172, 24, 5, 240, 29, 156, 73, 16, 242, 51, 189, 88, 87, 32, 250,
       248, 222, 255, 223, 254, 255, 223, 249, 255, 255, 127, 219, 159,
       253, 126, 252, 255, 215, 127, 111, 126, 223, 174, 124, 107, 255,
       191, 62, 255, 83, 118, 191, 243, 237, 93, 127, 214, 253, 253, 247,
       123, 92, 235, 63, 221, 62, 253, 177, 205, 141, 30, 181, 221, 255,
       159, 239, 80, 252, 241, 63, 222, 93, 16, 190, 127, 50, 231, 161,
       255, 183, 175, 252, 236, 247, 211, 62, 237, 127, 179, 85, 242,
       245, 91, 118, 249, 71, 219, 125, 78, 232, 252, 175, 210, 29, 113,
       239, 215, 173, 87, 63, 90, 249, 173, 118, 124, 92, 72, 46, 213,
       61, 221, 19, 157, 236, 24, 5, 245, 253, 156, 235, 80, 254, 179,
       189, 216, 87, 48, 254, 110, 33, 233, 146, 18, 7, 1, 111, 196, 230,
       209, 52, 113, 130, 179, 66, 234, 84, 3, 102, 9, 165, 195, 55, 12,
       136, 164, 13, 82, 140, 48, 105, 215, 36, 21, 186, 82, 120, 1, 84,
       48, 64, 20, 14, 213, 20, 193, 78, 153, 172, 24, 5, 112, 29, 156,
       73, 16, 242, 51, 189, 88, 86, 32, 250, 195, 139, 195, 247, 255,
       214, 207, 202, 46, 239, 9, 218, 139, 237, 178, 93, 235, 213, 61,
       103, 206, 141, 238, 123, 78, 223, 187, 47, 210, 11, 50, 63, 215,
       39, 85, 187, 82, 125, 109, 118, 112, 72, 56, 63, 221, 28, 253,
       183, 153, 172, 24, 5, 240, 30, 156, 73, 16, 240, 49, 157, 92, 87,
       32, 250, 35, 50, 65, 130, 221, 130, 3, 72, 230, 40, 2, 117, 161,
       75, 128, 81, 98, 213, 1, 96, 193, 6, 137, 117, 6, 136, 40, 15, 18,
       8, 33, 77, 85, 36, 84, 186, 80, 114, 5, 84, 196, 64, 24, 14, 64,
