%YAML:1.0
descriptors: !!opencv-matrix
   rows: 131
   cols: 64
   dt: u
   data: [ 60, 244, 117, 174, 158, 173, 33, 121, 247, 92, 212, 255, 253,
       63, 252, 116, 242, 244, 195, 112, 241, 66, 153, 244, 220, 188,
       108, 153, 235, 222, 249, 237, 221, 108, 71, 190, 222, 122, 137,
       124, 255, 223, 30, 143, 84, 113, 246, 77, 185, 36, 137, 8, 242,
       29, 28, 93, 44, 242, 55, 184, 218, 207, 46, 249, 255, 255, 125,
       254, 255, 63, 127, 250, 255, 125, 253, 251, 239, 251, 244, 255,
       243, 245, 127, 111, 125, 167, 177, 54, 78, 239, 237, 63, 251, 29,
       124, 185, 242, 45, 20, 255, 82, 113, 161, 245, 90, 222, 56, 31,
       208, 22, 196, 76, 153, 173, 30, 5, 248, 29, 159, 73, 16, 246, 51,
       156, 88, 86, 34, 249, 45, 46, 247, 121, 56, 253, 165, 127, 249,
       252, 202, 53, 221, 125, 249, 197, 219, 236, 227, 106, 245, 111,
       90, 255, 221, 127, 20, 183, 108, 214, 123, 207, 223, 66, 103, 190,
       213, 186, 249, 60, 125, 117, 122, 167, 101, 227, 119, 235, 184,
       172, 173, 91, 242, 29, 159, 92, 46, 230, 87, 175, 234, 199, 109,
       254, 13, 62, 247, 101, 56, 249, 177, 252, 248, 188, 198, 117, 192,
       21, 203, 225, 171, 204, 195, 107, 245, 43, 78, 223, 173, 58, 20,
       214, 108, 71, 51, 222, 95, 80, 109, 188, 117, 186, 249, 53, 253,
       53, 251, 38, 229, 227, 59, 107, 184, 252, 45, 119, 240, 157, 157,
       76, 38, 194, 151, 239, 235, 15, 101, 254, 254, 249, 255, 255, 119,
       103, 221, 255, 223, 253, 253, 251, 127, 186, 182, 222, 251, 215,
       122, 127, 63, 159, 231, 55, 255, 255, 255, 251, 219, 251, 246,
       175, 197, 45, 37, 255, 222, 125, 255, 125, 122, 223, 247, 127,
       191, 61, 125, 188, 255, 174, 255, 223, 248, 190, 180, 119, 240,
       252, 121, 123, 127, 93, 176, 255, 47, 54, 108, 34, 31, 184, 6, 9,
       38, 82, 134, 96, 44, 63, 36, 85, 244, 190, 1, 240, 225, 98, 17,
       116, 196, 152, 96, 205, 122, 28, 233, 225, 157, 44, 214, 190, 107,
       122, 1, 84, 76, 212, 24, 141, 84, 65, 230, 79, 152, 36, 24, 12,
       224, 29, 219, 73, 48, 242, 55, 180, 88, 211, 44, 88, 62, 247, 125,
       254, 55, 189, 253, 121, 255, 246, 245, 250, 253, 123, 188, 95,
       246, 255, 99, 123, 247, 118, 211, 247, 221, 190, 229, 251, 122,
       221, 245, 235, 223, 44, 215, 190, 219, 120, 249, 125, 124, 95, 57,
       47, 212, 53, 247, 111, 155, 172, 24, 5, 240, 29, 156, 93, 24, 242,
       51, 189, 121, 215, 40, 251, 92, 43, 151, 221, 96, 71, 250, 246,
       65, 252, 75, 5, 82, 229, 155, 42, 167, 73, 248, 110, 254, 173, 70,
       147, 219, 106, 134, 212, 72, 134, 190, 223, 127, 19, 113, 41, 28,
       238, 222, 76, 53, 52, 153, 102, 111, 174, 203, 239, 205, 72, 105,
       243, 179, 126, 24, 206, 79, 79, 91, 227, 72, 36, 211, 230, 252,
       251, 255, 253, 118, 127, 249, 255, 253, 253, 252, 255, 255, 253,
       255, 238, 251, 221, 255, 111, 63, 223, 246, 191, 127, 127, 183,
       179, 253, 215, 126, 191, 251, 103, 127, 251, 214, 127, 255, 253,
       255, 127, 251, 126, 255, 191, 91, 246, 237, 173, 126, 245, 219,
       255, 157, 76, 213, 252, 105, 255, 223, 125, 147, 191, 251, 253,
       255, 239, 255, 191, 223, 153, 255, 95, 189, 250, 175, 251, 246,
       125, 247, 247, 126, 127, 127, 215, 179, 116, 247, 247, 251, 63,
       255, 123, 254, 185, 158, 237, 158, 223, 234, 125, 253, 253, 127,
       223, 127, 253, 217, 89, 252, 53, 205, 159, 144, 173, 233, 247,
       222, 255, 120, 190, 244, 31, 255, 221, 190, 155, 179, 255, 117,
       207, 254, 204, 223, 161, 123, 85, 63, 251, 239, 127, 220, 220,
       255, 231, 60, 190, 223, 45, 19, 228, 251, 255, 253, 127, 174, 59,
       223, 63, 134, 237, 125, 215, 254, 89, 251, 127, 101, 221, 171,
       255, 173, 152, 252, 55, 197, 247, 193, 235, 188, 167, 27, 239,
       110, 255, 82, 47, 250, 109, 180, 222, 60, 188, 255, 252, 62, 127,
       253, 127, 245, 254, 222, 181, 125, 252, 191, 254, 255, 254, 227,
       251, 245, 127, 95, 191, 253, 127, 246, 210, 109, 215, 255, 239,
       207, 122, 231, 180, 255, 250, 249, 125, 124, 221, 247, 175, 247,
       245, 247, 111, 187, 238, 175, 79, 242, 29, 216, 93, 62, 243, 255,
       255, 251, 251, 239, 222, 248, 219, 239, 253, 254, 255, 255, 254,
       253, 255, 248, 223, 255, 253, 254, 237, 235, 213, 127, 111, 110,
       207, 166, 61, 111, 255, 191, 63, 223, 11, 58, 191, 243, 103, 124,
       251, 82, 119, 253, 244, 211, 94, 56, 63, 223, 30, 253, 181, 141,
       173, 94, 5, 248, 31, 159, 77, 144, 244, 49, 189, 92, 87, 34, 187,
       111, 54, 245, 35, 221, 182, 35, 92, 237, 103, 195, 62, 237, 63,
       155, 87, 242, 229, 91, 116, 249, 227, 219, 124, 84, 232, 236, 191,
       242, 25, 105, 207, 93, 173, 215, 63, 192, 185, 37, 94, 44, 80, 72,
       142, 69, 233, 233, 17, 156, 76, 24, 41, 119, 253, 156, 235, 104,
       254, 145, 188, 200, 214, 56, 116, 99, 212, 136, 158, 239, 146, 95,
       8, 167, 103, 61, 202, 171, 139, 36, 31, 132, 55, 60, 145, 138,
       119, 219, 109, 80, 247, 235, 62, 18, 57, 69, 103, 139, 188, 146,
       33, 235, 201, 226, 107, 98, 202, 109, 233, 183, 88, 245, 59, 23,
       202, 24, 15, 101, 185, 254, 182, 57, 183, 247, 159, 187, 209, 220,
       94, 61, 254, 247, 169, 254, 253, 163, 253, 253, 253, 206, 255,
       253, 63, 255, 237, 251, 253, 235, 96, 245, 83, 223, 252, 127, 253,
       29, 183, 255, 223, 123, 255, 221, 228, 87, 186, 119, 243, 253, 62,
       125, 93, 122, 183, 85, 181, 254, 97, 189, 252, 157, 13, 242, 29,
       156, 77, 62, 246, 183, 173, 218, 95, 44, 254, 189, 254, 119, 237,
       254, 189, 255, 249, 253, 95, 250, 251, 255, 127, 220, 236, 227,
       213, 63, 107, 253, 104, 190, 120, 127, 255, 43, 59, 255, 27, 123,
       191, 242, 101, 92, 219, 82, 115, 253, 246, 119, 94, 56, 191, 212,
       134, 220, 21, 137, 173, 20, 5, 248, 31, 143, 77, 144, 244, 51,
       156, 92, 87, 34, 184, 99, 205, 136, 182, 231, 158, 95, 9, 175, 71,
       21, 202, 159, 106, 116, 28, 236, 179, 60, 245, 142, 39, 210, 97,
       95, 214, 189, 127, 2, 186, 86, 41, 135, 173, 65, 155, 202, 73,
       234, 122, 96, 216, 56, 233, 149, 28, 245, 47, 213, 140, 16, 13,
       240, 5, 188, 235, 16, 246, 50, 189, 88, 85, 56, 250, 252, 252,
       251, 245, 123, 103, 253, 255, 223, 253, 252, 251, 119, 202, 182,
       254, 251, 213, 255, 107, 191, 143, 255, 63, 95, 255, 183, 47, 219,
       223, 119, 255, 199, 167, 53, 123, 246, 253, 255, 126, 112, 109,
       231, 127, 159, 28, 125, 243, 221, 236, 126, 245, 213, 254, 180,
       230, 209, 252, 225, 127, 223, 117, 145, 254, 220, 57, 187, 85, 34,
       195, 124, 231, 19, 163, 245, 184, 86, 192, 130, 90, 61, 155, 62,
       207, 143, 189, 230, 139, 189, 83, 243, 254, 65, 173, 246, 106,
       203, 23, 36, 239, 142, 109, 242, 95, 112, 234, 245, 111, 187, 28,
       147, 62, 223, 170, 59, 215, 120, 88, 116, 70, 209, 251, 121, 219,
       61, 49, 209, 239, 255, 184, 255, 247, 255, 119, 253, 238, 253,
       255, 248, 255, 255, 239, 179, 254, 251, 221, 191, 43, 239, 143,
       239, 63, 175, 223, 247, 183, 223, 107, 119, 255, 247, 227, 61,
       117, 119, 253, 255, 246, 121, 108, 235, 126, 223, 21, 127, 243,
       253, 236, 94, 245, 213, 255, 188, 239, 215, 252, 231, 127, 223,
       125, 145, 254, 3, 1, 128, 130, 93, 130, 0, 10, 70, 0, 0, 68, 32,
       75, 128, 17, 98, 87, 1, 64, 194, 36, 137, 99, 6, 128, 32, 13, 18,
       8, 0, 73, 23, 38, 20, 154, 2, 88, 3, 86, 1, 64, 24, 10, 64, 20,
       193, 207, 17, 36, 24, 4, 32, 24, 140, 9, 16, 50, 50, 157, 72, 87,
       32, 249, 61, 55, 119, 124, 62, 183, 253, 122, 245, 254, 210, 49,
       237, 217, 249, 71, 242, 253, 203, 106, 245, 110, 144, 255, 206,
       186, 166, 151, 124, 93, 125, 255, 123, 110, 222, 190, 222, 62,
       241, 117, 252, 78, 154, 142, 194, 227, 195, 79, 168, 189, 28, 65,
       240, 188, 159, 77, 60, 182, 115, 159, 250, 198, 46, 177, 250, 253,
       254, 254, 55, 95, 221, 139, 255, 199, 189, 250, 63, 250, 118, 255,
       255, 247, 126, 255, 23, 255, 241, 119, 255, 215, 243, 127, 115,
       250, 254, 185, 194, 46, 246, 223, 202, 125, 251, 253, 114, 223,
