%YAML:1.0
descriptors: !!opencv-matrix
   rows: 242
   cols: 64
   dt: u
   data: [ 254, 255, 255, 253, 247, 255, 255, 255, 253, 255, 255, 255,
       255, 255, 254, 254, 187, 253, 255, 127, 191, 255, 246, 255, 255,
       255, 247, 255, 127, 255, 126, 191, 223, 255, 255, 255, 255, 255,
       255, 127, 127, 253, 251, 127, 255, 191, 255, 191, 255, 191, 255,
       255, 251, 255, 255, 254, 245, 255, 255, 255, 255, 253, 223, 254,
       127, 62, 253, 191, 255, 255, 59, 125, 254, 127, 214, 191, 253,
       191, 254, 246, 251, 213, 123, 113, 253, 103, 195, 117, 205, 254,
       252, 63, 90, 31, 115, 235, 215, 44, 85, 190, 82, 122, 233, 116,
       248, 92, 56, 47, 213, 21, 245, 111, 153, 172, 24, 5, 240, 29, 156,
       73, 16, 242, 51, 189, 88, 87, 32, 250, 124, 54, 253, 167, 254,
       183, 191, 125, 244, 255, 214, 115, 253, 62, 179, 86, 250, 213, 67,
       99, 249, 39, 195, 116, 76, 250, 188, 175, 90, 92, 117, 235, 215,
       36, 84, 186, 82, 120, 161, 116, 120, 92, 56, 47, 213, 21, 213, 79,
       153, 172, 24, 5, 240, 29, 156, 73, 16, 242, 51, 189, 88, 87, 32,
       250, 60, 50, 117, 176, 62, 181, 43, 120, 228, 126, 208, 55, 253,
       63, 177, 86, 250, 213, 67, 96, 241, 35, 195, 118, 76, 184, 180,
       13, 82, 156, 113, 233, 215, 36, 87, 186, 82, 120, 161, 116, 120,
       92, 24, 15, 213, 20, 229, 111, 153, 172, 24, 5, 240, 29, 156, 73,
       16, 242, 51, 189, 88, 87, 32, 250, 124, 50, 125, 176, 126, 183,
       63, 125, 244, 126, 208, 55, 253, 127, 178, 86, 250, 213, 67, 96,
       249, 35, 195, 118, 76, 248, 180, 15, 90, 156, 113, 235, 215, 36,
       87, 186, 82, 120, 225, 116, 120, 92, 24, 47, 213, 20, 229, 111,
       153, 172, 24, 5, 240, 29, 156, 73, 16, 242, 51, 189, 88, 87, 32,
       250, 60, 52, 125, 160, 22, 165, 47, 125, 244, 110, 210, 49, 253,
       46, 177, 70, 242, 212, 67, 96, 241, 32, 195, 118, 76, 168, 164,
       137, 82, 28, 113, 233, 215, 36, 85, 186, 82, 120, 129, 116, 120,
       92, 24, 47, 212, 20, 229, 79, 153, 172, 24, 5, 240, 29, 156, 73,
       16, 242, 51, 189, 88, 87, 32, 250, 252, 62, 247, 169, 250, 125,
       161, 255, 221, 252, 254, 63, 125, 190, 251, 238, 251, 220, 251,
       110, 125, 145, 254, 180, 223, 237, 188, 169, 255, 223, 126, 191,
       233, 37, 117, 250, 87, 115, 173, 124, 254, 85, 94, 54, 76, 167,
       74, 228, 157, 45, 223, 141, 242, 31, 141, 73, 100, 244, 43, 188,
       95, 14, 40, 252, 60, 49, 125, 176, 22, 181, 59, 121, 244, 126,
       212, 53, 125, 43, 177, 70, 250, 212, 67, 96, 241, 32, 192, 118,
       76, 184, 164, 137, 82, 156, 113, 233, 215, 36, 85, 186, 82, 120,
       129, 116, 120, 92, 24, 15, 212, 20, 229, 79, 153, 172, 24, 5, 240,
       29, 156, 73, 16, 242, 51, 189, 88, 87, 32, 250, 255, 252, 255,
       255, 255, 255, 223, 248, 255, 255, 252, 251, 255, 254, 254, 253,
       251, 247, 63, 111, 111, 143, 175, 124, 239, 255, 127, 63, 223, 95,
       246, 191, 243, 239, 124, 223, 82, 245, 253, 246, 115, 94, 232,
       127, 223, 30, 252, 181, 205, 189, 86, 181, 217, 247, 133, 239,
       208, 252, 225, 63, 221, 93, 50, 190, 60, 50, 125, 180, 62, 181,
       63, 120, 244, 124, 213, 53, 253, 127, 177, 84, 242, 212, 67, 96,
       241, 98, 194, 119, 204, 184, 164, 159, 122, 156, 117, 235, 215,
       36, 85, 190, 82, 120, 233, 116, 120, 92, 24, 47, 212, 53, 245,
       111, 153, 172, 24, 5, 240, 29, 156, 73, 16, 242, 51, 189, 88, 87,
       32, 250, 224, 11, 231, 215, 242, 71, 95, 254, 238, 229, 163, 218,
       255, 249, 178, 78, 235, 213, 63, 103, 78, 173, 230, 55, 79, 223,
       191, 46, 210, 8, 50, 43, 211, 39, 84, 251, 82, 124, 229, 116, 112,
       92, 56, 63, 221, 28, 253, 191, 157, 172, 24, 5, 241, 63, 156, 75,
       80, 252, 49, 189, 92, 87, 48, 250, 252, 249, 255, 253, 114, 111,
       249, 255, 253, 253, 252, 255, 127, 254, 255, 238, 251, 221, 255,
       111, 127, 143, 239, 191, 111, 239, 191, 183, 251, 79, 118, 255,
       247, 39, 117, 251, 86, 245, 253, 244, 123, 125, 255, 127, 223, 63,
       127, 252, 205, 172, 127, 213, 217, 127, 148, 207, 208, 252, 105,
       255, 95, 116, 147, 255, 253, 191, 255, 247, 255, 119, 247, 254,
       254, 253, 214, 251, 255, 255, 178, 221, 251, 247, 251, 119, 125,
       143, 231, 247, 207, 251, 252, 239, 250, 93, 242, 239, 223, 47, 85,
       255, 119, 124, 253, 116, 120, 93, 58, 63, 221, 61, 247, 239, 253,
       172, 24, 149, 241, 127, 156, 203, 84, 254, 55, 189, 90, 87, 48,
       250, 225, 13, 135, 147, 199, 135, 71, 250, 230, 229, 0, 2, 187,
       236, 50, 15, 230, 213, 57, 103, 78, 175, 195, 103, 78, 218, 190,
       44, 18, 8, 50, 41, 215, 39, 85, 187, 82, 120, 231, 116, 112, 92,
       56, 47, 213, 28, 229, 239, 153, 172, 24, 5, 240, 29, 156, 75, 16,
       242, 51, 189, 88, 87, 32, 250, 225, 143, 199, 247, 217, 234, 231,
       200, 44, 253, 170, 79, 171, 237, 194, 173, 235, 213, 61, 103, 206,
       173, 174, 121, 79, 223, 59, 47, 210, 11, 51, 63, 247, 39, 85, 187,
       82, 127, 237, 246, 81, 116, 56, 63, 205, 26, 253, 179, 137, 172,
       24, 5, 241, 63, 140, 75, 16, 252, 49, 189, 92, 87, 48, 250, 220,
       59, 255, 245, 250, 247, 251, 240, 90, 191, 211, 158, 215, 196,
       155, 90, 255, 221, 59, 103, 111, 141, 194, 216, 207, 223, 191,
       239, 208, 15, 242, 171, 215, 37, 85, 255, 82, 125, 237, 118, 120,
       92, 56, 63, 221, 28, 255, 53, 157, 172, 24, 37, 241, 255, 156,
       203, 80, 254, 49, 189, 92, 87, 48, 250, 252, 59, 247, 244, 86, 39,
       111, 127, 228, 222, 208, 51, 127, 234, 178, 94, 250, 213, 123,
       103, 127, 173, 225, 55, 14, 251, 190, 141, 82, 12, 112, 169, 82,
       39, 84, 187, 82, 124, 197, 116, 120, 76, 56, 47, 217, 29, 197,
       206, 157, 172, 24, 5, 240, 28, 156, 73, 16, 242, 51, 189, 88, 87,
       32, 250, 60, 49, 253, 246, 54, 39, 125, 127, 214, 196, 213, 243,
       127, 254, 150, 86, 255, 215, 99, 103, 247, 47, 195, 247, 204, 234,
       244, 207, 82, 140, 244, 233, 223, 36, 21, 190, 82, 120, 233, 116,
       120, 92, 49, 47, 213, 53, 245, 111, 153, 172, 24, 5, 240, 29, 156,
       73, 16, 242, 51, 189, 88, 87, 32, 250, 63, 153, 238, 254, 55, 255,
       217, 62, 183, 252, 220, 253, 63, 126, 62, 126, 253, 223, 99, 251,
       245, 119, 195, 119, 125, 239, 244, 127, 123, 223, 247, 235, 223,
       44, 85, 190, 223, 120, 233, 124, 120, 93, 59, 47, 213, 53, 247,
       111, 185, 172, 153, 5, 240, 29, 156, 73, 48, 242, 51, 189, 90, 87,
       32, 250, 70, 35, 211, 209, 24, 128, 201, 206, 130, 226, 131, 52,
       193, 194, 145, 82, 234, 212, 1, 98, 143, 173, 206, 43, 12, 146,
       162, 13, 18, 8, 49, 123, 115, 38, 85, 186, 16, 124, 67, 86, 128,
       96, 8, 74, 3, 12, 65, 63, 153, 44, 24, 5, 48, 24, 148, 73, 144,
       114, 51, 189, 72, 22, 33, 242, 68, 35, 81, 144, 16, 130, 33, 78,
       130, 226, 3, 52, 65, 194, 129, 66, 98, 84, 1, 98, 138, 168, 204,
       3, 12, 136, 162, 13, 18, 8, 49, 73, 115, 38, 84, 186, 0, 122, 3,
       86, 128, 64, 24, 10, 66, 12, 65, 78, 25, 44, 16, 4, 48, 24, 148,
       73, 144, 98, 35, 189, 72, 6, 33, 240, 188, 249, 255, 221, 50, 125,
       249, 255, 253, 214, 255, 188, 95, 190, 255, 238, 251, 212, 115,
       107, 63, 248, 228, 183, 125, 175, 183, 185, 127, 207, 126, 185,
       240, 102, 53, 218, 214, 127, 217, 117, 178, 255, 253, 62, 254,
       150, 117, 174, 159, 173, 247, 149, 250, 31, 151, 92, 144, 242,
       105, 255, 93, 14, 35, 243, 77, 14, 231, 185, 216, 255, 175, 212,
       40, 238, 138, 6, 193, 229, 187, 163, 203, 93, 3, 102, 204, 165,
       198, 113, 79, 220, 184, 44, 80, 6, 51, 75, 215, 36, 85, 187, 80,
       122, 237, 116, 48, 92, 24, 46, 85, 28, 229, 111, 153, 172, 24, 5,
       241, 29, 156, 73, 16, 242, 51, 189, 88, 87, 32, 242, 69, 7, 165,
       176, 0, 182, 38, 87, 32, 230, 130, 4, 64, 165, 187, 3, 137, 93, 3,
       100, 200, 161, 66, 51, 76, 200, 156, 4, 80, 4, 49, 73, 213, 4, 85,
       170, 16, 104, 1, 64, 52, 20, 24, 46, 85, 20, 229, 110, 25, 172,
       24, 5, 240, 29, 156, 8, 16, 226, 51, 189, 72, 87, 32, 250, 4, 3,
       164, 160, 0, 182, 34, 87, 32, 198, 2, 4, 64, 37, 51, 3, 128, 93,
