%YAML:1.0
descriptors: !!opencv-matrix
   rows: 107
   cols: 64
   dt: u
   data: [ 62, 177, 125, 182, 55, 181, 189, 123, 246, 222, 213, 241, 125,
       127, 180, 86, 246, 222, 67, 243, 245, 118, 193, 247, 220, 186,
       228, 219, 122, 220, 245, 233, 223, 44, 87, 190, 219, 120, 233,
       124, 120, 93, 61, 47, 212, 53, 247, 111, 153, 172, 24, 5, 240, 29,
       156, 73, 24, 242, 51, 189, 88, 87, 32, 250, 62, 189, 253, 190, 63,
       253, 253, 127, 255, 254, 223, 245, 125, 126, 191, 246, 255, 254,
       67, 243, 245, 115, 211, 119, 221, 239, 244, 219, 90, 223, 247,
       235, 207, 44, 87, 190, 223, 122, 233, 124, 120, 93, 61, 47, 212,
       55, 247, 111, 153, 172, 24, 13, 240, 29, 156, 73, 16, 242, 51,
       189, 90, 87, 40, 250, 98, 202, 68, 142, 107, 223, 130, 35, 63,
       244, 62, 205, 29, 125, 125, 172, 231, 215, 1, 98, 196, 99, 205,
       123, 73, 205, 169, 30, 123, 3, 59, 127, 247, 36, 81, 56, 82, 122,
       233, 230, 246, 92, 40, 47, 213, 22, 245, 111, 153, 172, 24, 5,
       240, 29, 157, 73, 16, 242, 51, 188, 88, 87, 34, 248, 203, 223,
       236, 252, 255, 255, 95, 22, 61, 127, 61, 201, 31, 249, 124, 237,
       229, 253, 61, 255, 244, 119, 176, 115, 111, 239, 169, 62, 253, 83,
       127, 105, 247, 100, 86, 250, 82, 115, 248, 245, 214, 223, 124, 31,
       209, 22, 245, 79, 157, 173, 30, 5, 250, 29, 159, 77, 24, 246, 51,
       188, 89, 94, 34, 249, 251, 222, 108, 236, 255, 255, 127, 127, 61,
       127, 126, 221, 31, 252, 124, 237, 247, 253, 93, 109, 252, 211,
       180, 57, 127, 238, 168, 30, 255, 83, 125, 255, 240, 101, 94, 251,
       214, 119, 145, 245, 214, 223, 95, 30, 209, 134, 228, 92, 141, 173,
       94, 13, 234, 61, 159, 77, 152, 246, 59, 188, 95, 30, 42, 185, 227,
       212, 140, 191, 239, 176, 31, 28, 55, 127, 61, 201, 174, 233, 38,
       31, 229, 247, 49, 241, 232, 227, 251, 57, 66, 235, 233, 126, 219,
       49, 233, 103, 213, 172, 16, 49, 115, 225, 160, 251, 114, 206, 106,
       143, 209, 17, 245, 91, 153, 204, 24, 5, 244, 29, 156, 73, 24, 242,
       179, 188, 216, 86, 34, 253, 250, 217, 126, 255, 255, 255, 255,
       245, 61, 255, 126, 157, 31, 252, 125, 254, 247, 213, 125, 111, 92,
       155, 164, 57, 111, 207, 175, 62, 223, 83, 62, 187, 240, 37, 28,
       251, 86, 119, 193, 244, 210, 222, 91, 30, 218, 134, 200, 92, 141,
       173, 94, 5, 248, 31, 159, 73, 144, 246, 59, 156, 93, 22, 34, 177,
       234, 222, 110, 213, 255, 255, 223, 177, 61, 127, 127, 207, 159,
       252, 124, 237, 229, 213, 125, 239, 220, 211, 180, 48, 111, 223,
       173, 62, 221, 83, 63, 59, 240, 36, 212, 251, 82, 115, 225, 245,
       210, 223, 94, 30, 209, 22, 192, 93, 157, 173, 30, 5, 250, 61, 159,
       73, 16, 246, 51, 188, 89, 94, 34, 185, 202, 201, 142, 221, 238,
       255, 218, 181, 61, 255, 126, 141, 30, 252, 123, 238, 229, 221,
       125, 238, 92, 129, 166, 49, 107, 79, 169, 44, 213, 83, 62, 59,
       240, 37, 85, 249, 82, 115, 201, 244, 210, 220, 24, 62, 213, 134,
       192, 108, 153, 173, 30, 5, 248, 29, 157, 73, 16, 242, 59, 188, 88,
       22, 34, 249, 200, 221, 6, 157, 238, 239, 254, 215, 61, 253, 46,
       205, 30, 236, 124, 237, 237, 221, 53, 103, 204, 169, 164, 51, 79,
       223, 175, 110, 209, 70, 63, 119, 243, 37, 85, 185, 82, 114, 232,
       244, 243, 95, 60, 47, 221, 22, 253, 111, 141, 172, 88, 5, 242, 31,
       157, 73, 16, 242, 51, 189, 88, 86, 34, 249, 195, 223, 10, 221, 36,
       246, 222, 211, 40, 255, 41, 202, 194, 209, 116, 139, 173, 221, 44,
       107, 142, 172, 100, 123, 77, 223, 179, 110, 85, 38, 51, 115, 243,
       54, 220, 171, 82, 124, 234, 243, 114, 126, 56, 127, 247, 28, 213,
       127, 153, 169, 20, 5, 240, 29, 157, 73, 145, 242, 51, 191, 92, 87,
       33, 187, 120, 207, 190, 219, 98, 223, 254, 181, 95, 254, 127, 140,
       21, 244, 123, 238, 247, 219, 97, 230, 94, 185, 215, 146, 217, 111,
       167, 236, 65, 210, 191, 187, 239, 38, 65, 184, 91, 106, 250, 104,
       242, 125, 244, 46, 213, 182, 247, 110, 157, 172, 24, 69, 242, 29,
       157, 73, 17, 242, 123, 189, 89, 126, 33, 250, 191, 245, 125, 254,
       191, 189, 95, 25, 247, 85, 189, 250, 191, 123, 244, 93, 247, 247,
       38, 241, 245, 118, 145, 118, 244, 255, 241, 123, 127, 59, 245,
       233, 214, 108, 150, 190, 218, 120, 249, 125, 126, 223, 57, 175,
       213, 81, 245, 79, 153, 174, 24, 13, 248, 29, 158, 73, 56, 242,
       115, 189, 122, 215, 44, 250, 122, 249, 251, 254, 54, 151, 93, 11,
       215, 199, 61, 250, 191, 202, 52, 94, 253, 215, 116, 255, 135, 127,
       195, 103, 189, 215, 247, 127, 83, 251, 244, 168, 199, 62, 183,
       254, 202, 125, 250, 113, 114, 203, 245, 105, 183, 28, 181, 111,
       223, 170, 154, 199, 234, 25, 252, 93, 17, 243, 123, 251, 121, 249,
       233, 251, 13, 138, 1, 161, 216, 248, 162, 88, 56, 185, 194, 79,
       192, 21, 201, 1, 74, 77, 169, 40, 232, 5, 74, 121, 101, 220, 25,
       166, 92, 67, 35, 215, 87, 195, 217, 33, 53, 251, 109, 38, 237, 52,
       106, 39, 69, 129, 126, 243, 56, 92, 56, 52, 213, 229, 140, 40, 6,
       200, 151, 165, 194, 71, 52, 118, 211, 221, 154, 87, 239, 202, 222,
       166, 27, 177, 61, 251, 190, 251, 70, 186, 189, 147, 60, 159, 15,
       143, 231, 111, 235, 215, 251, 127, 215, 59, 198, 62, 151, 255,
       104, 87, 254, 221, 254, 255, 83, 254, 233, 127, 187, 30, 253, 183,
       205, 219, 127, 247, 221, 231, 176, 239, 211, 221, 244, 127, 245,
       125, 145, 223, 45, 174, 239, 169, 255, 253, 163, 253, 253, 252,
       206, 253, 125, 61, 251, 237, 219, 252, 251, 120, 245, 83, 127,
       252, 117, 125, 28, 182, 125, 215, 127, 231, 205, 232, 79, 116,
       255, 243, 237, 60, 253, 21, 126, 182, 85, 231, 119, 225, 189, 252,
       206, 13, 246, 29, 152, 93, 62, 196, 239, 173, 219, 223, 44, 222,
       45, 174, 231, 105, 254, 253, 163, 252, 189, 253, 206, 125, 205,
       125, 251, 229, 139, 253, 219, 106, 253, 83, 222, 253, 123, 105,
       28, 182, 252, 87, 123, 223, 253, 203, 207, 48, 245, 179, 253, 60,
       253, 53, 90, 182, 77, 227, 123, 241, 188, 125, 205, 57, 215, 253,
       154, 92, 102, 204, 207, 175, 202, 207, 44, 222, 84, 33, 145, 22,
       0, 66, 40, 103, 66, 130, 195, 52, 112, 198, 139, 82, 122, 2, 66,
       198, 11, 161, 71, 135, 144, 0, 230, 205, 0, 172, 128, 0, 74, 28,
       69, 174, 152, 40, 195, 92, 40, 64, 181, 160, 166, 117, 163, 110,
       155, 174, 41, 67, 178, 25, 88, 81, 6, 115, 19, 241, 40, 50, 233,
       66, 191, 255, 127, 239, 255, 60, 221, 152, 255, 95, 253, 251, 239,
       123, 244, 253, 243, 247, 47, 119, 103, 110, 177, 118, 238, 255,
       243, 123, 255, 122, 246, 185, 210, 108, 222, 222, 250, 113, 249,
       245, 127, 222, 59, 127, 212, 19, 244, 79, 137, 189, 20, 5, 248,
       23, 143, 73, 48, 242, 51, 159, 92, 223, 36, 185, 63, 54, 117, 166,
       255, 173, 7, 120, 254, 125, 254, 113, 253, 63, 176, 85, 242, 246,
       71, 112, 249, 2, 187, 116, 204, 168, 232, 59, 250, 89, 249, 239,
       245, 36, 86, 190, 82, 114, 161, 252, 213, 95, 90, 15, 192, 2, 220,
       77, 137, 164, 88, 5, 240, 28, 159, 73, 56, 242, 51, 188, 216, 86,
       36, 248, 57, 181, 117, 122, 157, 165, 227, 120, 242, 124, 212,
       113, 108, 91, 133, 85, 246, 230, 131, 114, 245, 42, 153, 254, 204,
       170, 98, 203, 250, 93, 233, 239, 255, 38, 84, 190, 119, 176, 121,
       252, 223, 86, 154, 142, 80, 49, 211, 71, 184, 60, 24, 12, 240, 28,
       140, 65, 62, 178, 231, 191, 218, 87, 167, 253, 255, 254, 127, 111,
       255, 240, 155, 152, 254, 255, 210, 255, 175, 91, 235, 221, 254,
       247, 191, 187, 237, 87, 159, 124, 231, 222, 123, 247, 222, 123,
       231, 255, 119, 233, 223, 85, 255, 255, 253, 55, 237, 92, 107, 252,
       223, 201, 218, 49, 236, 223, 28, 37, 221, 231, 253, 239, 214, 220,
       182, 47, 246, 223, 56, 183, 134, 186, 65, 163, 253, 184, 162, 152,
       56, 59, 2, 111, 160, 83, 200, 17, 106, 205, 173, 64, 200, 5, 10,
       120, 70, 220, 57, 167, 222, 11, 35, 95, 87, 165, 221, 51, 113,
       248, 237, 118, 101, 84, 74, 31, 197, 5, 252, 81, 152, 253, 24, 0,
