%YAML:1.0
descriptors: !!opencv-matrix
   rows: 135
   cols: 64
   dt: u
   data: [ 63, 50, 125, 190, 63, 189, 189, 120, 246, 254, 215, 181, 125,
       127, 185, 87, 246, 254, 67, 242, 245, 114, 209, 246, 205, 170,
       228, 219, 122, 92, 245, 235, 223, 44, 87, 190, 91, 120, 233, 125,
       120, 92, 58, 47, 212, 53, 247, 111, 153, 172, 24, 5, 240, 29, 156,
       73, 16, 242, 51, 189, 88, 87, 32, 250, 63, 244, 125, 174, 63, 189,
       251, 121, 247, 127, 244, 249, 253, 123, 180, 85, 242, 244, 71,
       113, 245, 114, 209, 126, 252, 170, 229, 155, 126, 93, 125, 239,
       215, 108, 214, 190, 214, 120, 233, 253, 218, 223, 123, 15, 208,
       53, 245, 79, 185, 172, 24, 5, 240, 29, 157, 89, 16, 242, 51, 189,
       218, 223, 42, 249, 124, 185, 255, 254, 54, 119, 253, 254, 245,
       252, 220, 181, 127, 254, 191, 238, 251, 212, 99, 103, 245, 173,
       229, 55, 79, 235, 182, 141, 91, 204, 118, 235, 215, 36, 85, 186,
       82, 120, 233, 116, 120, 93, 56, 47, 213, 21, 245, 110, 153, 172,
       24, 5, 240, 29, 156, 73, 16, 242, 51, 189, 88, 87, 34, 250, 187,
       212, 124, 46, 191, 185, 125, 24, 253, 127, 244, 249, 175, 123, 36,
       93, 246, 246, 21, 113, 228, 114, 251, 124, 101, 170, 225, 59, 127,
       113, 253, 239, 215, 236, 156, 116, 247, 249, 185, 255, 218, 222,
       122, 15, 208, 19, 247, 75, 185, 238, 26, 5, 236, 29, 159, 77, 56,
       242, 191, 188, 218, 215, 34, 253, 147, 242, 81, 167, 188, 248,
       143, 8, 106, 127, 58, 219, 175, 23, 68, 177, 239, 199, 37, 97,
       204, 32, 170, 120, 205, 223, 185, 47, 23, 11, 51, 127, 215, 164,
       85, 58, 122, 248, 233, 246, 96, 92, 106, 47, 213, 20, 244, 107,
       152, 173, 24, 5, 244, 29, 156, 73, 16, 242, 179, 189, 216, 87, 32,
       254, 58, 54, 125, 239, 62, 181, 219, 113, 247, 252, 214, 53, 125,
       62, 185, 84, 242, 212, 91, 104, 241, 114, 157, 125, 124, 184, 164,
       31, 126, 93, 125, 255, 245, 228, 21, 250, 214, 123, 169, 118, 240,
       221, 88, 30, 212, 132, 192, 79, 157, 173, 30, 13, 250, 29, 158,
       77, 16, 242, 59, 156, 219, 31, 42, 252, 212, 105, 155, 212, 112,
       66, 88, 111, 66, 192, 117, 144, 67, 192, 150, 74, 170, 197, 60,
       111, 6, 173, 224, 3, 15, 219, 179, 13, 67, 40, 52, 41, 210, 55,
       52, 251, 2, 124, 210, 213, 18, 234, 177, 111, 187, 28, 229, 238,
       217, 164, 51, 215, 113, 24, 148, 75, 81, 250, 113, 251, 88, 116,
       129, 251, 59, 202, 108, 170, 55, 61, 153, 110, 189, 254, 247, 156,
       61, 57, 253, 254, 226, 212, 3, 104, 196, 34, 196, 54, 77, 136,
       164, 9, 87, 9, 57, 123, 241, 36, 85, 186, 82, 122, 129, 244, 242,
       94, 24, 14, 208, 150, 192, 76, 153, 173, 30, 5, 240, 29, 159, 73,
       16, 242, 59, 188, 88, 86, 34, 249, 92, 41, 251, 244, 82, 107, 124,
       254, 89, 136, 255, 179, 114, 198, 235, 202, 171, 93, 251, 71, 39,
       189, 195, 215, 239, 95, 179, 173, 66, 70, 62, 168, 94, 39, 117,
       251, 23, 124, 221, 85, 57, 253, 181, 103, 239, 61, 183, 238, 223,
       166, 123, 215, 243, 127, 29, 72, 85, 191, 123, 251, 13, 47, 177,
       226, 9, 17, 21, 244, 32, 33, 121, 78, 32, 68, 5, 5, 85, 96, 160,
       83, 230, 220, 1, 98, 198, 40, 192, 51, 76, 138, 162, 88, 80, 0,
       60, 105, 214, 54, 20, 186, 2, 120, 208, 84, 80, 202, 24, 70, 224,
       20, 193, 78, 153, 164, 24, 5, 112, 28, 156, 73, 17, 242, 51, 159,
       88, 6, 35, 251, 32, 6, 100, 128, 0, 68, 165, 199, 36, 196, 42, 68,
       1, 45, 209, 167, 235, 228, 5, 97, 80, 32, 116, 114, 93, 221, 165,
       9, 82, 154, 35, 113, 228, 36, 87, 186, 82, 56, 201, 252, 112, 92,
       56, 174, 212, 82, 244, 108, 153, 172, 24, 1, 240, 29, 156, 73, 16,
       242, 51, 188, 88, 87, 32, 250, 63, 50, 125, 166, 63, 181, 61, 120,
       246, 94, 214, 49, 253, 63, 176, 85, 242, 212, 67, 96, 241, 114,
       193, 116, 76, 168, 164, 25, 122, 92, 117, 233, 213, 36, 85, 186,
       82, 120, 129, 116, 112, 93, 24, 15, 212, 20, 228, 79, 153, 172,
       24, 5, 240, 29, 156, 73, 16, 242, 51, 188, 88, 87, 32, 248, 61,
       55, 117, 176, 23, 165, 45, 126, 245, 94, 210, 53, 109, 15, 177,
       87, 242, 244, 67, 96, 241, 34, 208, 247, 204, 168, 228, 137, 90,
       92, 121, 233, 95, 44, 213, 190, 86, 120, 1, 116, 92, 68, 26, 142,
       68, 33, 229, 78, 152, 44, 24, 5, 240, 28, 156, 73, 24, 178, 51,
       156, 90, 22, 32, 242, 187, 245, 125, 238, 55, 61, 93, 122, 247,
       95, 253, 248, 111, 59, 228, 125, 247, 246, 55, 121, 113, 114, 177,
       118, 236, 191, 225, 123, 255, 127, 253, 105, 208, 108, 156, 254,
       210, 113, 177, 245, 86, 207, 59, 31, 208, 23, 244, 76, 153, 189,
       30, 5, 232, 29, 159, 77, 24, 246, 51, 158, 88, 94, 38, 185, 61,
       182, 125, 124, 62, 189, 189, 113, 245, 254, 214, 241, 205, 121,
       185, 69, 186, 236, 227, 107, 245, 118, 82, 247, 221, 62, 165, 243,
       124, 213, 117, 235, 223, 120, 199, 190, 223, 56, 249, 125, 124,
       93, 59, 175, 244, 241, 247, 111, 185, 172, 136, 11, 240, 29, 156,
       93, 54, 242, 119, 189, 250, 215, 108, 250, 63, 117, 125, 182, 55,
       61, 29, 91, 231, 70, 181, 176, 125, 42, 180, 87, 242, 244, 71,
       113, 51, 50, 209, 119, 220, 186, 229, 25, 82, 188, 124, 169, 210,
       44, 22, 190, 194, 120, 129, 221, 114, 203, 60, 15, 208, 20, 228,
       78, 153, 164, 16, 5, 98, 29, 159, 73, 16, 242, 51, 188, 88, 86,
       32, 251, 57, 150, 116, 37, 191, 185, 171, 120, 252, 188, 210, 101,
       236, 29, 41, 69, 252, 252, 195, 240, 241, 98, 219, 252, 193, 56,
       244, 246, 124, 85, 225, 231, 223, 104, 215, 52, 255, 186, 233,
       101, 124, 92, 122, 175, 213, 97, 247, 107, 184, 254, 24, 13, 246,
       29, 216, 65, 54, 243, 183, 181, 250, 211, 44, 94, 62, 49, 121,
       160, 22, 165, 45, 127, 197, 78, 211, 48, 113, 14, 185, 86, 250,
       212, 67, 96, 241, 50, 209, 55, 92, 136, 164, 137, 82, 156, 56,
       233, 68, 36, 87, 186, 82, 120, 1, 84, 56, 64, 20, 47, 84, 21, 228,
       78, 153, 172, 24, 5, 242, 29, 156, 89, 16, 242, 51, 188, 88, 87,
       32, 242, 63, 254, 255, 239, 255, 181, 223, 88, 255, 255, 244, 249,
       239, 123, 244, 93, 250, 247, 47, 115, 245, 103, 155, 125, 239,
       255, 245, 127, 126, 91, 245, 255, 215, 236, 94, 190, 210, 121,
       249, 127, 113, 94, 106, 47, 209, 16, 245, 127, 153, 188, 24, 5,
       240, 29, 156, 73, 16, 242, 51, 189, 218, 215, 32, 255, 58, 209,
       125, 174, 55, 61, 89, 126, 247, 92, 213, 149, 125, 56, 252, 247,
       246, 212, 67, 104, 112, 114, 193, 54, 109, 168, 164, 25, 127, 88,
       124, 233, 244, 36, 20, 250, 82, 122, 129, 245, 210, 223, 25, 14,
       208, 150, 224, 78, 153, 173, 30, 5, 248, 29, 159, 73, 16, 242, 59,
       156, 89, 22, 34, 249, 58, 185, 255, 222, 54, 255, 93, 55, 215,
       222, 213, 253, 255, 252, 62, 94, 253, 155, 98, 251, 247, 127, 211,
       247, 249, 127, 246, 254, 104, 247, 246, 232, 207, 60, 71, 190,
       223, 120, 250, 125, 120, 221, 245, 111, 247, 117, 183, 111, 191,
       174, 137, 79, 242, 29, 216, 85, 55, 243, 119, 251, 123, 251, 233,
       250, 92, 57, 187, 221, 34, 199, 93, 111, 215, 231, 253, 152, 215,
       224, 151, 90, 191, 213, 114, 111, 158, 173, 230, 147, 221, 223,
       183, 126, 65, 173, 118, 106, 199, 54, 37, 191, 210, 124, 242, 127,
       112, 120, 181, 111, 191, 28, 181, 111, 155, 174, 56, 215, 240, 29,
       156, 73, 17, 242, 115, 251, 121, 117, 161, 250, 63, 182, 125, 188,
       62, 253, 61, 121, 247, 254, 213, 244, 253, 127, 180, 87, 251, 244,
       67, 115, 245, 34, 211, 119, 205, 190, 229, 251, 82, 30, 245, 235,
       215, 44, 87, 190, 90, 120, 233, 116, 120, 92, 56, 47, 212, 21,
       245, 111, 153, 172, 24, 5, 240, 29, 156, 73, 16, 242, 51, 189, 88,
       87, 32, 250, 253, 191, 247, 119, 254, 119, 251, 254, 254, 189,
       246, 255, 111, 251, 155, 255, 255, 255, 251, 255, 125, 239, 231,
       190, 171, 107, 246, 251, 255, 85, 246, 255, 255, 109, 101, 255,
       223, 55, 249, 253, 253, 93, 251, 190, 233, 227, 219, 108, 188,
       191, 207, 203, 240, 190, 156, 77, 230, 247, 247, 223, 255, 239,
