%YAML:1.0
descriptors: !!opencv-matrix
   rows: 90
   cols: 64
   dt: u
   data: [ 62, 181, 253, 190, 54, 61, 125, 123, 247, 198, 213, 178, 125,
       126, 180, 94, 254, 254, 99, 243, 245, 116, 209, 247, 221, 190,
       245, 217, 122, 254, 244, 233, 223, 60, 87, 190, 219, 120, 249,
       125, 120, 93, 61, 47, 244, 53, 247, 111, 153, 174, 24, 7, 240, 29,
       156, 89, 24, 243, 51, 189, 120, 87, 40, 250, 191, 244, 125, 174,
       55, 181, 253, 121, 247, 95, 253, 249, 127, 58, 180, 93, 251, 244,
       103, 97, 241, 114, 181, 119, 236, 191, 229, 59, 91, 91, 125, 249,
       208, 44, 22, 254, 210, 113, 161, 245, 122, 223, 57, 47, 208, 20,
       212, 78, 153, 173, 26, 5, 248, 29, 156, 73, 16, 242, 59, 156, 88,
       87, 34, 251, 61, 190, 125, 169, 191, 253, 161, 124, 253, 252, 222,
       117, 253, 61, 251, 245, 251, 252, 195, 96, 244, 114, 222, 124, 77,
       188, 244, 187, 126, 87, 127, 239, 221, 100, 87, 190, 87, 122, 233,
       124, 252, 93, 90, 46, 212, 167, 247, 111, 185, 172, 24, 5, 242,
       29, 157, 73, 16, 242, 51, 189, 218, 95, 32, 250, 141, 234, 93, 41,
       200, 250, 166, 252, 217, 57, 238, 255, 224, 55, 207, 168, 203,
       137, 191, 88, 197, 65, 47, 220, 227, 93, 93, 166, 237, 71, 43, 94,
       189, 201, 65, 100, 125, 147, 173, 54, 255, 29, 106, 55, 85, 247,
       62, 225, 171, 221, 111, 54, 221, 231, 75, 168, 70, 204, 135, 164,
       208, 83, 118, 92, 82, 73, 223, 222, 65, 10, 92, 78, 35, 194, 47,
       130, 30, 225, 238, 154, 230, 23, 48, 103, 14, 253, 192, 35, 79,
       195, 227, 125, 51, 40, 28, 41, 146, 7, 80, 187, 2, 108, 214, 208,
       166, 251, 188, 97, 189, 30, 245, 238, 213, 172, 48, 213, 48, 89,
       181, 207, 89, 126, 49, 59, 24, 116, 145, 251, 62, 49, 243, 214,
       50, 71, 216, 167, 86, 232, 87, 53, 117, 198, 147, 114, 118, 210,
       64, 194, 87, 169, 231, 150, 156, 138, 226, 201, 66, 252, 244, 238,
       103, 36, 53, 254, 222, 114, 195, 213, 145, 73, 149, 78, 234, 4,
       129, 110, 155, 166, 219, 195, 242, 30, 20, 65, 196, 115, 123, 251,
       121, 38, 161, 244, 13, 181, 93, 46, 23, 97, 184, 94, 242, 130,
       133, 164, 124, 34, 161, 115, 239, 254, 3, 97, 193, 34, 101, 182,
       196, 153, 228, 201, 83, 14, 177, 96, 220, 44, 85, 190, 83, 120,
       201, 116, 120, 92, 56, 47, 212, 117, 247, 110, 153, 172, 24, 5,
       240, 29, 156, 73, 16, 242, 51, 189, 88, 87, 32, 250, 60, 18, 124,
       174, 55, 117, 177, 125, 53, 212, 223, 180, 61, 63, 185, 103, 243,
       220, 65, 96, 241, 96, 197, 114, 77, 172, 160, 25, 122, 30, 57,
       251, 244, 36, 85, 186, 83, 122, 137, 116, 112, 93, 56, 46, 212,
       23, 194, 110, 153, 172, 24, 5, 240, 29, 156, 73, 16, 242, 51, 188,
       88, 87, 32, 250, 5, 174, 215, 112, 216, 250, 164, 82, 40, 60, 74,
       85, 194, 119, 136, 1, 235, 201, 161, 98, 229, 45, 74, 243, 78, 95,
       21, 167, 44, 6, 33, 71, 215, 34, 85, 186, 81, 184, 237, 100, 109,
       20, 56, 167, 213, 17, 247, 239, 152, 172, 24, 1, 240, 29, 156, 73,
       6, 242, 19, 181, 88, 87, 32, 122, 63, 252, 117, 238, 191, 45, 125,
       125, 255, 124, 252, 249, 125, 122, 252, 252, 243, 246, 71, 112,
       245, 58, 177, 62, 254, 173, 229, 27, 255, 93, 253, 237, 240, 108,
       60, 254, 198, 115, 177, 253, 255, 223, 223, 31, 204, 183, 220, 76,
       137, 181, 223, 140, 106, 158, 159, 77, 184, 178, 107, 250, 223,
       78, 38, 181, 92, 43, 211, 241, 72, 183, 160, 103, 80, 184, 70, 21,
       82, 242, 155, 64, 106, 201, 235, 98, 197, 45, 207, 211, 15, 74,
       164, 135, 64, 196, 48, 238, 87, 34, 69, 186, 85, 122, 237, 116,
       248, 84, 16, 6, 73, 36, 147, 239, 153, 172, 25, 21, 240, 29, 156,
       73, 22, 242, 51, 189, 88, 23, 33, 250, 92, 251, 223, 253, 56, 251,
       248, 247, 89, 184, 238, 255, 215, 214, 255, 234, 251, 221, 249,
       107, 197, 45, 198, 219, 235, 79, 179, 246, 77, 71, 183, 254, 255,
       51, 125, 187, 87, 254, 249, 117, 251, 124, 251, 47, 255, 183, 247,
       111, 157, 172, 56, 215, 240, 29, 157, 73, 22, 251, 59, 239, 89,
       119, 35, 255, 38, 53, 241, 48, 21, 32, 45, 79, 192, 34, 193, 50,
       99, 194, 134, 83, 122, 44, 35, 81, 163, 166, 81, 71, 134, 154,
       242, 201, 66, 60, 224, 192, 15, 12, 134, 190, 8, 56, 97, 87, 40,
       64, 48, 233, 196, 113, 167, 111, 88, 166, 8, 66, 96, 28, 124, 1,
       0, 178, 151, 179, 40, 87, 236, 74, 61, 54, 111, 233, 62, 119, 163,
       245, 253, 254, 222, 53, 93, 61, 249, 231, 211, 252, 203, 106, 245,
       114, 93, 190, 157, 40, 140, 145, 124, 215, 127, 223, 253, 72, 199,
       190, 253, 242, 217, 125, 254, 85, 90, 182, 84, 227, 194, 105, 190,
       125, 143, 11, 242, 29, 156, 93, 46, 230, 207, 156, 235, 142, 110,
       244, 92, 47, 247, 117, 40, 215, 248, 231, 153, 189, 222, 245, 215,
       246, 155, 234, 253, 139, 251, 107, 247, 45, 238, 219, 217, 106,
       246, 246, 76, 199, 255, 238, 239, 51, 101, 180, 247, 254, 251,
       124, 89, 60, 241, 102, 239, 39, 55, 111, 185, 238, 57, 215, 244,
       93, 156, 77, 71, 251, 247, 255, 251, 119, 161, 254, 76, 175, 247,
       245, 48, 239, 253, 127, 189, 253, 206, 255, 211, 254, 187, 110,
       171, 221, 251, 107, 183, 47, 218, 251, 93, 239, 182, 247, 88, 207,
       55, 239, 215, 51, 117, 187, 148, 252, 251, 126, 121, 125, 249,
       103, 239, 53, 127, 235, 157, 172, 56, 213, 240, 29, 156, 76, 16,
       250, 115, 255, 219, 119, 161, 254, 13, 50, 84, 36, 157, 160, 43,
       92, 48, 59, 192, 113, 236, 11, 132, 1, 104, 236, 135, 209, 233,
       35, 107, 121, 68, 40, 232, 247, 88, 5, 225, 229, 93, 32, 156, 187,
       115, 184, 33, 245, 92, 194, 26, 143, 194, 97, 218, 95, 56, 246,
       24, 0, 96, 188, 222, 9, 154, 178, 183, 158, 152, 23, 36, 123, 63,
       53, 125, 190, 54, 47, 29, 95, 230, 68, 189, 48, 125, 90, 188, 87,
       246, 214, 3, 112, 193, 34, 193, 55, 204, 136, 228, 77, 82, 28,
       244, 105, 210, 44, 84, 190, 74, 122, 129, 244, 210, 223, 24, 15,
       208, 22, 229, 78, 153, 172, 24, 5, 112, 29, 157, 73, 16, 242, 51,
       188, 88, 86, 34, 249, 13, 142, 102, 105, 221, 248, 163, 220, 57,
       253, 194, 109, 168, 125, 201, 133, 203, 109, 153, 42, 252, 65, 30,
       121, 99, 125, 25, 166, 252, 71, 43, 215, 221, 195, 217, 49, 117,
       179, 125, 38, 237, 52, 74, 182, 69, 129, 126, 241, 184, 93, 92,
       60, 213, 229, 138, 172, 126, 204, 135, 167, 194, 207, 53, 94, 175,
       252, 120, 32, 63, 184, 62, 73, 57, 91, 236, 234, 174, 63, 228, 93,
       193, 187, 39, 217, 229, 118, 115, 121, 117, 223, 241, 255, 127,
       119, 235, 225, 143, 192, 222, 174, 243, 121, 233, 253, 106, 222,
       58, 169, 213, 83, 246, 111, 153, 254, 24, 12, 232, 21, 251, 105,
       50, 243, 183, 181, 154, 211, 168, 74, 68, 34, 16, 43, 136, 192,
       170, 65, 72, 170, 66, 54, 208, 38, 137, 18, 106, 11, 129, 64, 201,
       37, 75, 88, 205, 220, 185, 237, 2, 166, 163, 70, 23, 132, 69, 170,
       49, 248, 233, 70, 32, 84, 56, 33, 117, 21, 247, 111, 153, 236, 40,
       39, 244, 29, 56, 105, 6, 235, 19, 177, 24, 67, 112, 98, 198, 9,
       130, 17, 201, 66, 2, 134, 10, 33, 47, 14, 130, 210, 3, 43, 13, 11,
       56, 150, 79, 133, 75, 131, 66, 67, 217, 102, 128, 38, 130, 2, 159,
       147, 65, 33, 57, 136, 238, 98, 96, 60, 40, 97, 189, 93, 183, 163,
       81, 202, 8, 119, 149, 73, 88, 170, 23, 73, 149, 53, 0, 112, 209,
       74, 192, 11, 146, 85, 200, 128, 234, 192, 10, 169, 3, 79, 130,
       192, 2, 24, 36, 11, 184, 131, 207, 173, 75, 203, 138, 74, 178,
       238, 128, 37, 163, 6, 87, 179, 104, 17, 49, 175, 254, 70, 193,
       100, 136, 74, 235, 12, 139, 147, 201, 192, 120, 119, 229, 66, 24,
       235, 87, 91, 144, 39, 68, 37, 145, 231, 20, 191, 210, 127, 48,
       202, 172, 71, 75, 138, 107, 249, 102, 199, 143, 154, 239, 131,
       161, 67, 199, 45, 71, 83, 207, 223, 243, 237, 67, 46, 162, 98,
       151, 6, 85, 190, 49, 124, 233, 116, 96, 92, 56, 97, 253, 21, 247,
       111, 217, 172, 24, 87, 240, 29, 156, 73, 18, 243, 19, 181, 88,
       119, 33, 234, 116, 33, 145, 22, 64, 131, 10, 111, 194, 160, 131,
