%YAML:1.0
descriptors: !!opencv-matrix
   rows: 120
   cols: 64
   dt: u
   data: [ 63, 212, 124, 170, 63, 189, 183, 116, 55, 254, 124, 148, 29,
       63, 253, 245, 247, 254, 65, 96, 241, 112, 209, 114, 77, 168, 160,
       95, 123, 93, 253, 235, 213, 36, 213, 186, 83, 122, 169, 116, 246,
       95, 58, 47, 212, 22, 246, 111, 153, 172, 24, 5, 240, 29, 157, 73,
       24, 242, 51, 188, 88, 215, 42, 251, 195, 4, 0, 2, 201, 130, 6, 0,
       2, 33, 0, 67, 162, 75, 4, 17, 102, 19, 5, 128, 192, 7, 139, 97,
       66, 210, 56, 46, 146, 8, 1, 69, 151, 165, 80, 48, 99, 64, 37, 226,
       65, 66, 8, 9, 193, 20, 244, 197, 145, 36, 24, 4, 244, 0, 140, 203,
       16, 114, 50, 189, 80, 87, 48, 232, 56, 255, 255, 207, 190, 253,
       223, 245, 255, 221, 223, 253, 255, 125, 253, 252, 255, 243, 250,
       187, 247, 127, 87, 255, 249, 119, 119, 254, 109, 255, 223, 255,
       223, 250, 235, 20, 254, 219, 250, 127, 125, 29, 235, 231, 181,
       246, 255, 63, 191, 222, 141, 235, 246, 165, 152, 125, 127, 215,
       254, 239, 243, 251, 239, 222, 72, 9, 130, 145, 64, 199, 170, 231,
       8, 238, 67, 132, 208, 164, 27, 2, 12, 89, 185, 103, 142, 165, 198,
       155, 9, 74, 190, 196, 64, 4, 51, 67, 87, 19, 81, 41, 17, 110, 228,
       64, 176, 52, 56, 46, 119, 28, 67, 111, 153, 168, 56, 5, 241, 93,
       156, 72, 17, 234, 51, 189, 72, 87, 1, 242, 127, 52, 241, 182, 223,
       167, 39, 89, 196, 100, 209, 48, 245, 206, 180, 87, 242, 247, 91,
       84, 249, 39, 211, 87, 222, 232, 232, 141, 82, 156, 249, 233, 71,
       37, 22, 191, 67, 120, 5, 92, 56, 192, 20, 139, 197, 25, 167, 79,
       157, 164, 24, 12, 99, 124, 156, 195, 112, 190, 51, 157, 88, 86,
       48, 248, 252, 254, 127, 255, 254, 253, 255, 249, 253, 255, 255,
       251, 255, 127, 251, 252, 243, 213, 127, 111, 253, 247, 135, 124,
       255, 255, 191, 191, 255, 95, 127, 191, 243, 101, 93, 255, 214,
       127, 253, 116, 250, 92, 121, 63, 215, 143, 220, 53, 141, 173, 28,
       5, 248, 191, 159, 77, 80, 246, 51, 189, 92, 95, 32, 190, 220, 249,
       219, 253, 114, 83, 252, 239, 91, 187, 253, 250, 87, 210, 215, 250,
       187, 221, 60, 79, 15, 189, 230, 155, 175, 223, 243, 255, 69, 239,
       182, 190, 215, 55, 61, 251, 214, 253, 254, 119, 114, 255, 245,
       127, 191, 28, 253, 190, 223, 170, 127, 247, 249, 127, 180, 238,
       209, 255, 121, 123, 125, 125, 147, 255, 64, 3, 128, 144, 72, 134,
       6, 3, 0, 98, 1, 6, 128, 196, 16, 0, 68, 89, 1, 198, 192, 37, 194,
       67, 10, 90, 180, 12, 16, 0, 49, 64, 71, 36, 80, 170, 82, 104, 65,
       64, 80, 64, 16, 14, 209, 20, 165, 79, 25, 172, 24, 5, 240, 28,
       156, 73, 16, 242, 51, 181, 72, 87, 32, 250, 101, 47, 231, 86, 87,
       3, 67, 90, 230, 36, 129, 51, 255, 235, 162, 79, 226, 53, 123, 118,
       31, 175, 211, 103, 86, 234, 142, 13, 50, 156, 88, 9, 95, 47, 38,
       187, 0, 60, 87, 92, 132, 99, 156, 74, 201, 104, 193, 207, 84, 36,
       24, 220, 99, 122, 157, 139, 105, 62, 81, 159, 8, 36, 177, 89, 162,
       218, 210, 103, 253, 240, 202, 137, 254, 187, 2, 127, 162, 75, 227,
       93, 106, 215, 189, 35, 205, 47, 143, 124, 39, 222, 59, 39, 214,
       11, 35, 62, 119, 231, 93, 211, 114, 253, 237, 54, 225, 92, 106,
       126, 219, 12, 217, 177, 201, 221, 24, 37, 245, 167, 140, 235, 16,
       252, 178, 175, 220, 95, 48, 190, 43, 7, 109, 240, 95, 127, 35,
       123, 228, 86, 218, 52, 121, 124, 249, 229, 203, 116, 71, 102, 246,
       114, 180, 55, 94, 191, 1, 5, 250, 90, 56, 217, 210, 38, 215, 186,
       82, 114, 93, 92, 252, 117, 28, 15, 84, 135, 245, 78, 152, 45, 20,
       12, 242, 29, 132, 9, 56, 226, 99, 189, 72, 215, 44, 248, 191, 221,
       238, 254, 55, 63, 93, 95, 55, 212, 189, 248, 63, 250, 244, 223,
       242, 244, 101, 255, 55, 124, 241, 51, 117, 171, 227, 25, 123, 124,
       124, 169, 242, 38, 54, 250, 194, 120, 211, 253, 210, 223, 60, 111,
       218, 22, 213, 110, 153, 172, 26, 5, 120, 29, 159, 77, 16, 242,
       115, 191, 89, 94, 162, 251, 108, 47, 230, 177, 217, 167, 39, 219,
       164, 102, 130, 50, 147, 235, 187, 69, 194, 125, 123, 102, 123,
       135, 154, 113, 94, 248, 28, 5, 208, 8, 56, 139, 87, 7, 86, 187,
       16, 124, 5, 86, 164, 96, 24, 134, 77, 204, 201, 145, 28, 44, 24,
       52, 83, 126, 157, 9, 16, 236, 49, 157, 76, 7, 48, 240, 63, 54,
       100, 162, 31, 189, 37, 25, 245, 88, 214, 113, 125, 63, 172, 85,
       242, 190, 67, 240, 241, 114, 17, 116, 212, 184, 96, 137, 122, 212,
       233, 225, 205, 108, 86, 190, 251, 120, 169, 124, 124, 213, 26,
       143, 212, 97, 246, 77, 185, 164, 152, 12, 226, 29, 223, 73, 62,
       242, 55, 188, 26, 215, 40, 88, 60, 190, 125, 172, 58, 253, 189,
       113, 253, 254, 94, 85, 93, 60, 249, 228, 247, 220, 195, 104, 244,
       114, 144, 244, 253, 172, 164, 218, 108, 215, 127, 251, 229, 108,
       71, 190, 223, 122, 169, 124, 254, 93, 95, 174, 212, 166, 246, 109,
       187, 173, 157, 15, 250, 29, 159, 93, 52, 242, 123, 188, 251, 159,
       42, 252, 86, 50, 147, 181, 168, 192, 170, 229, 74, 171, 83, 20,
       208, 64, 155, 18, 126, 201, 2, 66, 142, 41, 78, 201, 141, 152,
       182, 239, 2, 175, 179, 126, 119, 180, 93, 59, 24, 254, 233, 86,
       128, 68, 65, 10, 227, 12, 137, 59, 153, 236, 24, 39, 240, 29, 28,
       105, 128, 114, 19, 185, 92, 7, 32, 182, 62, 38, 109, 171, 10, 221,
       161, 109, 253, 254, 222, 53, 125, 62, 187, 228, 219, 152, 195,
       176, 241, 82, 223, 180, 93, 169, 12, 131, 106, 221, 57, 235, 237,
       40, 71, 176, 127, 114, 169, 124, 252, 85, 94, 46, 84, 183, 98,
       109, 187, 44, 153, 13, 242, 29, 156, 89, 62, 242, 47, 188, 90,
       215, 40, 252, 205, 250, 87, 237, 253, 248, 255, 216, 57, 249, 202,
       255, 239, 95, 239, 249, 235, 213, 189, 42, 205, 77, 142, 120, 111,
       223, 59, 55, 255, 75, 59, 127, 215, 227, 253, 83, 118, 255, 253,
       55, 245, 92, 106, 63, 253, 142, 252, 177, 204, 221, 92, 181, 221,
       231, 143, 239, 84, 220, 182, 47, 212, 79, 53, 190, 70, 170, 195,
       231, 253, 240, 170, 205, 216, 187, 74, 127, 163, 70, 203, 241,
       107, 213, 185, 43, 205, 45, 206, 121, 45, 202, 58, 39, 86, 11, 51,
       94, 119, 167, 125, 59, 118, 255, 237, 54, 225, 84, 106, 110, 207,
       142, 217, 51, 156, 252, 24, 37, 245, 181, 157, 235, 208, 254, 178,
       173, 220, 71, 48, 182, 255, 253, 255, 255, 119, 111, 125, 254,
       255, 253, 253, 249, 127, 251, 182, 223, 251, 213, 127, 111, 63,
       223, 231, 55, 111, 255, 247, 63, 127, 93, 126, 239, 215, 111, 52,
       255, 82, 125, 249, 245, 91, 223, 253, 63, 219, 28, 253, 238, 157,
       164, 94, 133, 248, 30, 151, 77, 152, 246, 123, 191, 93, 95, 34,
       251, 255, 188, 255, 255, 127, 255, 255, 126, 253, 255, 212, 251,
       239, 127, 182, 95, 251, 245, 115, 115, 245, 119, 211, 127, 229,
       255, 245, 191, 123, 93, 247, 239, 223, 44, 215, 190, 255, 120,
       233, 117, 120, 95, 122, 47, 213, 117, 247, 111, 185, 172, 24, 5,
       240, 29, 156, 73, 48, 242, 55, 189, 218, 215, 36, 250, 114, 237,
       217, 154, 218, 222, 87, 15, 238, 102, 61, 190, 189, 239, 190, 126,
       243, 215, 16, 102, 142, 167, 195, 39, 95, 198, 166, 13, 19, 154,
       83, 105, 211, 38, 85, 186, 66, 122, 199, 126, 50, 222, 24, 41, 85,
       30, 229, 47, 145, 172, 24, 4, 176, 29, 156, 75, 16, 242, 59, 189,
       88, 86, 34, 249, 247, 253, 251, 119, 249, 206, 219, 238, 222, 175,
       249, 254, 227, 206, 214, 254, 251, 197, 62, 71, 143, 175, 239, 15,
       207, 223, 255, 47, 211, 43, 98, 46, 199, 175, 109, 255, 146, 189,
       239, 255, 122, 108, 161, 251, 255, 120, 189, 183, 221, 172, 90,
       241, 225, 191, 148, 227, 208, 254, 113, 123, 252, 85, 177, 190,
       255, 255, 125, 223, 255, 189, 223, 89, 255, 127, 189, 251, 191,
       123, 244, 93, 243, 247, 126, 115, 255, 127, 147, 126, 255, 255,
       247, 63, 255, 123, 247, 127, 215, 108, 94, 255, 210, 121, 251,
       247, 118, 223, 249, 255, 213, 20, 253, 127, 157, 173, 24, 13, 248,
       29, 159, 73, 24, 246, 115, 191, 218, 95, 42, 251, 189, 255, 127,
