%YAML:1.0
descriptors: !!opencv-matrix
   rows: 80
   cols: 64
   dt: u
   data: [ 252, 186, 255, 181, 254, 127, 191, 253, 252, 255, 255, 254,
       255, 255, 250, 238, 251, 221, 111, 103, 253, 167, 230, 244, 207,
       239, 189, 191, 211, 158, 115, 251, 247, 36, 87, 190, 83, 122, 233,
       244, 120, 92, 56, 47, 213, 55, 247, 109, 153, 172, 24, 5, 240, 29,
       156, 73, 16, 242, 51, 189, 88, 87, 32, 250, 254, 189, 255, 254,
       127, 103, 253, 255, 246, 252, 244, 251, 127, 250, 182, 92, 251,
       215, 99, 103, 247, 47, 195, 119, 206, 255, 247, 175, 83, 92, 246,
       235, 215, 38, 85, 190, 82, 120, 233, 116, 120, 93, 56, 47, 221,
       21, 245, 111, 153, 172, 24, 5, 240, 29, 156, 73, 16, 242, 51, 189,
       88, 87, 32, 250, 174, 34, 115, 161, 153, 228, 173, 200, 204, 239,
       202, 119, 241, 14, 243, 116, 235, 212, 39, 97, 201, 130, 143, 124,
       76, 221, 189, 43, 210, 14, 51, 123, 117, 36, 85, 186, 82, 120,
       169, 116, 112, 84, 56, 46, 212, 20, 244, 125, 153, 172, 24, 5,
       240, 29, 156, 73, 16, 242, 51, 188, 88, 87, 32, 250, 99, 6, 9, 39,
       254, 144, 155, 8, 200, 175, 83, 94, 168, 3, 1, 0, 2, 85, 0, 96,
       200, 33, 203, 124, 76, 216, 188, 39, 82, 41, 49, 94, 87, 164, 93,
       59, 122, 249, 169, 86, 224, 76, 73, 8, 209, 20, 216, 17, 155, 236,
       24, 5, 244, 29, 156, 105, 0, 242, 179, 189, 200, 87, 32, 246, 42,
       0, 136, 170, 15, 132, 31, 13, 196, 234, 17, 144, 57, 10, 53, 70,
       8, 84, 0, 209, 128, 51, 203, 45, 28, 128, 132, 7, 83, 185, 53, 74,
       197, 172, 5, 186, 122, 120, 33, 118, 32, 74, 101, 40, 214, 20,
       129, 107, 27, 172, 24, 5, 100, 24, 188, 16, 144, 226, 59, 152, 73,
       86, 34, 247, 34, 4, 40, 128, 15, 141, 7, 13, 165, 102, 147, 4, 25,
       44, 57, 7, 128, 116, 67, 112, 208, 51, 218, 33, 84, 160, 140, 4,
       16, 144, 25, 73, 69, 44, 83, 42, 66, 106, 32, 10, 48, 17, 4, 171,
       84, 84, 228, 107, 17, 44, 24, 12, 178, 25, 156, 16, 24, 98, 51,
       188, 72, 214, 40, 250, 63, 244, 125, 166, 63, 127, 159, 122, 247,
       84, 253, 241, 125, 63, 244, 117, 251, 244, 103, 113, 241, 34, 145,
       118, 204, 253, 225, 59, 82, 26, 119, 233, 212, 44, 87, 190, 82,
       120, 233, 116, 112, 92, 56, 47, 212, 20, 244, 111, 153, 172, 24,
       5, 240, 29, 156, 73, 16, 242, 51, 189, 88, 87, 32, 250, 61, 54,
       117, 162, 254, 183, 167, 120, 244, 124, 210, 119, 253, 127, 185,
       69, 242, 253, 67, 96, 241, 103, 145, 119, 92, 184, 172, 159, 122,
       92, 113, 235, 215, 36, 87, 186, 83, 122, 169, 124, 124, 84, 24,
       14, 213, 37, 215, 79, 153, 172, 24, 5, 242, 29, 156, 73, 16, 242,
       51, 189, 88, 87, 32, 248, 60, 249, 255, 221, 50, 253, 249, 255,
       255, 220, 223, 253, 127, 126, 255, 238, 251, 212, 99, 107, 245,
       124, 231, 119, 125, 255, 181, 59, 127, 223, 126, 251, 215, 36,
       117, 186, 82, 123, 249, 124, 240, 93, 125, 47, 213, 150, 245, 110,
       153, 172, 30, 5, 242, 29, 157, 77, 16, 242, 59, 189, 89, 95, 34,
       250, 126, 117, 125, 190, 119, 47, 95, 127, 247, 68, 253, 177, 125,
       126, 180, 86, 242, 247, 83, 116, 241, 115, 209, 55, 252, 168, 236,
       29, 123, 248, 252, 233, 194, 44, 6, 190, 202, 122, 129, 253, 218,
       223, 85, 15, 208, 55, 229, 78, 157, 164, 155, 13, 250, 29, 159,
       89, 56, 242, 123, 184, 123, 158, 42, 249, 253, 55, 245, 244, 223,
       167, 47, 122, 244, 93, 240, 115, 239, 75, 146, 85, 250, 213, 47,
       102, 229, 47, 162, 119, 78, 255, 183, 175, 210, 14, 114, 233, 215,
       39, 84, 187, 82, 112, 237, 244, 88, 76, 26, 15, 193, 17, 245, 79,
       153, 172, 24, 5, 240, 28, 156, 73, 16, 242, 51, 189, 88, 87, 32,
       248, 122, 49, 217, 150, 50, 131, 26, 103, 66, 162, 81, 52, 117,
       130, 144, 82, 118, 131, 66, 197, 131, 53, 193, 135, 140, 10, 228,
       205, 66, 172, 244, 232, 87, 44, 4, 190, 74, 120, 129, 84, 16, 72,
       21, 10, 240, 20, 161, 110, 155, 172, 24, 7, 112, 28, 28, 73, 0,
       243, 51, 185, 120, 22, 96, 235, 124, 50, 247, 179, 88, 182, 163,
       126, 208, 252, 194, 53, 229, 87, 153, 81, 250, 197, 171, 102, 229,
       37, 75, 215, 206, 216, 236, 141, 74, 12, 113, 235, 215, 39, 85,
       190, 84, 120, 237, 116, 120, 84, 58, 46, 69, 133, 209, 111, 152,
       172, 24, 5, 240, 29, 156, 73, 4, 242, 19, 189, 88, 87, 32, 250,
       124, 53, 252, 186, 119, 247, 63, 125, 231, 230, 221, 180, 253, 46,
       189, 86, 255, 179, 67, 247, 249, 119, 211, 247, 221, 124, 236,
       237, 66, 220, 245, 232, 207, 44, 71, 190, 218, 120, 233, 124, 120,
       93, 52, 47, 213, 117, 183, 111, 157, 172, 24, 5, 242, 29, 156, 89,
       16, 242, 51, 189, 89, 87, 40, 250, 15, 180, 221, 54, 63, 225, 212,
       30, 114, 184, 142, 229, 252, 119, 33, 81, 237, 254, 33, 243, 197,
       37, 67, 243, 197, 222, 224, 255, 122, 77, 241, 103, 223, 44, 85,
       190, 91, 120, 233, 116, 112, 93, 58, 47, 213, 85, 247, 111, 153,
       172, 24, 5, 240, 29, 156, 73, 16, 242, 51, 189, 88, 87, 32, 250,
       66, 1, 128, 146, 17, 130, 64, 10, 6, 0, 5, 112, 35, 194, 128, 83,
       98, 87, 37, 71, 6, 45, 192, 99, 14, 154, 163, 13, 82, 8, 48, 41,
       210, 38, 20, 154, 2, 120, 67, 84, 144, 66, 56, 75, 209, 28, 193,
       78, 153, 172, 16, 5, 112, 24, 156, 73, 16, 242, 51, 189, 88, 87,
       32, 251, 63, 180, 109, 134, 255, 133, 27, 57, 230, 103, 145, 114,
       253, 107, 180, 85, 242, 213, 6, 112, 209, 38, 147, 116, 92, 184,
       237, 63, 210, 24, 117, 107, 199, 44, 84, 190, 218, 120, 169, 117,
       80, 74, 25, 143, 209, 20, 244, 79, 153, 172, 24, 5, 240, 29, 156,
       73, 16, 242, 51, 189, 88, 87, 32, 249, 63, 247, 125, 254, 55, 189,
       253, 123, 247, 255, 245, 250, 255, 123, 244, 95, 246, 247, 103,
       123, 247, 126, 209, 119, 237, 190, 231, 255, 127, 125, 253, 251,
       215, 108, 214, 190, 218, 120, 249, 117, 126, 223, 251, 111, 210,
       149, 213, 111, 155, 175, 24, 13, 248, 29, 159, 93, 56, 242, 115,
       159, 123, 223, 46, 251, 62, 241, 255, 190, 55, 55, 125, 127, 119,
       230, 253, 176, 127, 174, 181, 94, 255, 222, 97, 243, 177, 116,
       193, 179, 221, 255, 225, 217, 83, 220, 244, 233, 223, 36, 23, 186,
       91, 120, 225, 124, 114, 91, 61, 47, 212, 21, 247, 110, 155, 172,
       24, 5, 240, 29, 156, 89, 24, 242, 59, 189, 89, 87, 34, 251, 60,
       181, 253, 254, 54, 61, 117, 127, 245, 252, 252, 177, 125, 255,
       180, 78, 251, 252, 99, 107, 245, 126, 209, 247, 93, 171, 164, 155,
       123, 221, 125, 235, 207, 108, 103, 190, 215, 120, 249, 124, 126,
       95, 126, 175, 212, 117, 247, 111, 185, 172, 152, 13, 242, 29, 156,
       93, 56, 242, 115, 189, 219, 215, 42, 251, 16, 3, 28, 130, 2, 29,
       0, 33, 38, 68, 23, 4, 29, 52, 56, 20, 116, 210, 64, 224, 208, 112,
       144, 226, 216, 0, 132, 72, 32, 144, 157, 105, 148, 20, 83, 168,
       65, 66, 0, 72, 148, 145, 28, 7, 64, 132, 228, 78, 147, 40, 137,
       12, 50, 25, 155, 89, 40, 114, 19, 180, 64, 18, 104, 248, 210, 209,
       154, 223, 55, 210, 90, 6, 18, 163, 53, 184, 54, 194, 6, 90, 124,
       147, 56, 223, 143, 189, 231, 11, 173, 195, 227, 111, 83, 45, 181,
       107, 247, 183, 52, 251, 66, 125, 242, 247, 114, 202, 237, 105,
       179, 28, 209, 63, 223, 170, 58, 197, 104, 25, 180, 203, 209, 243,
       57, 251, 93, 112, 179, 239, 122, 57, 250, 222, 98, 215, 94, 39,
       71, 230, 29, 148, 21, 230, 187, 254, 255, 147, 120, 231, 159, 185,
       199, 7, 221, 195, 230, 93, 67, 249, 220, 234, 199, 46, 7, 191,
       202, 120, 211, 94, 48, 217, 245, 104, 183, 28, 165, 46, 159, 172,
       155, 79, 50, 25, 52, 219, 81, 243, 123, 249, 121, 56, 123, 226,
       252, 254, 255, 253, 62, 255, 251, 245, 253, 255, 255, 255, 223,
       125, 255, 238, 249, 253, 123, 235, 253, 119, 214, 255, 249, 111,
       247, 254, 125, 215, 255, 255, 255, 120, 199, 190, 223, 251, 249,
       127, 254, 95, 251, 63, 245, 119, 247, 111, 191, 236, 152, 15, 242,
       29, 157, 93, 60, 247, 115, 191, 251, 223, 106, 255, 63, 245, 125,
       62, 55, 186, 119, 72, 227, 68, 173, 176, 125, 127, 172, 85, 251,
