%YAML:1.0
descriptors: !!opencv-matrix
   rows: 149
   cols: 64
   dt: u
   data: [ 63, 189, 253, 190, 55, 127, 125, 127, 247, 254, 214, 241, 125,
       123, 190, 222, 255, 222, 99, 243, 245, 103, 195, 247, 221, 255,
       245, 251, 122, 222, 247, 235, 223, 44, 85, 190, 95, 120, 233, 124,
       120, 92, 57, 47, 213, 53, 247, 111, 153, 172, 24, 5, 240, 29, 156,
       73, 16, 242, 51, 189, 90, 87, 32, 250, 60, 190, 255, 239, 62, 125,
       177, 255, 253, 252, 222, 117, 125, 63, 251, 228, 251, 252, 195,
       106, 245, 115, 223, 247, 253, 237, 244, 147, 126, 223, 127, 255,
       253, 108, 87, 190, 215, 122, 249, 124, 253, 93, 122, 190, 212,
       167, 247, 111, 185, 172, 157, 13, 242, 29, 157, 93, 52, 242, 127,
       189, 219, 95, 44, 254, 62, 54, 125, 172, 62, 189, 189, 121, 245,
       92, 222, 53, 125, 63, 185, 84, 243, 212, 67, 96, 241, 114, 209,
       116, 220, 172, 164, 153, 126, 220, 125, 233, 197, 36, 85, 190,
       214, 122, 137, 124, 120, 93, 24, 174, 212, 134, 228, 79, 153, 172,
       24, 13, 240, 29, 159, 73, 16, 242, 59, 188, 90, 87, 40, 248, 63,
       180, 125, 174, 55, 181, 29, 89, 246, 70, 149, 176, 253, 59, 180,
       85, 250, 244, 35, 112, 241, 34, 209, 119, 92, 189, 245, 41, 82,
       30, 113, 233, 199, 44, 87, 190, 82, 120, 233, 116, 112, 92, 56,
       175, 213, 20, 245, 111, 153, 172, 24, 5, 240, 29, 156, 73, 16,
       242, 51, 189, 88, 87, 32, 250, 74, 10, 131, 225, 202, 240, 170,
       197, 88, 187, 82, 93, 209, 68, 27, 160, 9, 89, 153, 10, 204, 41,
       206, 88, 45, 216, 62, 167, 78, 231, 51, 222, 103, 163, 125, 49,
       125, 255, 237, 38, 233, 100, 194, 120, 71, 141, 27, 179, 253, 88,
       92, 101, 151, 229, 188, 226, 199, 76, 142, 229, 199, 47, 49, 182,
       63, 252, 125, 174, 63, 253, 189, 125, 255, 94, 223, 253, 125, 63,
       252, 252, 251, 244, 99, 97, 245, 114, 243, 119, 253, 253, 229, 59,
       123, 219, 127, 235, 197, 108, 87, 190, 210, 122, 233, 125, 122,
       221, 61, 175, 212, 54, 245, 111, 153, 172, 24, 13, 240, 29, 156,
       73, 24, 242, 51, 189, 90, 95, 42, 250, 5, 128, 136, 8, 8, 152,
       132, 64, 50, 56, 4, 197, 144, 119, 172, 0, 233, 129, 161, 3, 197,
       37, 66, 67, 69, 86, 144, 103, 64, 14, 1, 98, 215, 32, 85, 186, 82,
       120, 233, 116, 112, 28, 56, 47, 213, 20, 245, 111, 153, 172, 24,
       5, 240, 29, 156, 73, 18, 242, 51, 189, 88, 87, 32, 250, 191, 252,
       125, 239, 255, 61, 223, 249, 255, 127, 253, 251, 239, 123, 246,
       253, 243, 247, 63, 113, 253, 215, 187, 124, 254, 255, 249, 59,
       255, 123, 255, 255, 245, 236, 156, 255, 254, 117, 185, 247, 91,
       222, 91, 159, 209, 23, 252, 93, 153, 189, 30, 13, 232, 191, 159,
       73, 24, 246, 51, 188, 222, 95, 42, 189, 212, 251, 214, 213, 48,
       131, 248, 226, 26, 249, 113, 251, 158, 243, 196, 90, 118, 203, 60,
       111, 143, 45, 224, 251, 171, 90, 227, 127, 68, 41, 244, 63, 242,
       55, 60, 191, 86, 125, 242, 245, 211, 110, 185, 126, 187, 28, 217,
       127, 201, 167, 56, 215, 120, 94, 159, 207, 81, 255, 115, 223, 92,
       116, 163, 187, 61, 191, 247, 255, 248, 111, 243, 231, 91, 212, 79,
       85, 85, 119, 219, 240, 255, 202, 233, 98, 247, 41, 71, 211, 251,
       111, 244, 223, 238, 230, 255, 255, 183, 103, 113, 190, 221, 210,
       249, 124, 245, 29, 217, 246, 237, 134, 255, 111, 137, 164, 205,
       223, 242, 31, 153, 73, 102, 255, 83, 175, 90, 111, 37, 254, 186,
       241, 125, 246, 55, 189, 93, 57, 215, 223, 253, 250, 255, 106, 116,
       94, 246, 151, 118, 219, 183, 126, 161, 255, 189, 190, 231, 251,
       94, 255, 245, 249, 202, 124, 174, 254, 223, 125, 250, 253, 90,
       207, 247, 109, 242, 53, 183, 127, 171, 191, 145, 203, 232, 29,
       255, 85, 25, 243, 247, 219, 187, 187, 235, 191, 191, 244, 125,
       167, 255, 181, 159, 217, 255, 127, 189, 251, 239, 123, 244, 93,
       246, 247, 103, 115, 241, 103, 179, 124, 238, 255, 253, 127, 255,
       91, 247, 255, 215, 108, 222, 190, 218, 121, 233, 245, 82, 94, 122,
       47, 209, 20, 244, 79, 153, 172, 24, 5, 240, 29, 156, 73, 16, 242,
       51, 189, 88, 87, 34, 251, 20, 59, 210, 245, 232, 66, 250, 198, 2,
       16, 75, 53, 68, 119, 139, 176, 255, 139, 160, 66, 199, 41, 198,
       82, 206, 207, 242, 221, 130, 46, 195, 102, 151, 51, 117, 190, 49,
       144, 250, 116, 101, 28, 153, 98, 237, 5, 255, 111, 153, 166, 73,
       67, 240, 30, 152, 73, 3, 251, 19, 165, 88, 103, 161, 90, 84, 57,
       146, 117, 49, 130, 120, 66, 2, 161, 195, 55, 162, 194, 128, 50,
       118, 131, 164, 71, 207, 173, 195, 67, 135, 10, 226, 79, 2, 44,
       128, 38, 35, 55, 100, 190, 16, 58, 194, 213, 192, 60, 145, 66,
       233, 5, 139, 111, 201, 166, 57, 83, 240, 28, 24, 65, 3, 115, 83,
       179, 56, 38, 161, 75, 210, 16, 147, 23, 201, 130, 90, 140, 10,
       163, 17, 58, 162, 194, 131, 26, 102, 7, 56, 87, 142, 173, 206, 9,
       134, 194, 250, 111, 130, 41, 133, 46, 55, 183, 52, 123, 0, 205,
       230, 199, 128, 106, 197, 72, 171, 28, 137, 19, 213, 194, 120, 247,
       37, 250, 52, 227, 193, 63, 177, 123, 28, 36, 147, 103, 21, 55, 81,
       36, 217, 160, 46, 88, 66, 8, 193, 113, 228, 67, 132, 17, 126, 175,
       131, 64, 227, 40, 1, 95, 134, 154, 99, 205, 146, 36, 225, 100, 30,
       183, 28, 158, 33, 176, 33, 69, 45, 64, 26, 195, 225, 81, 191, 79,
       40, 182, 88, 98, 96, 16, 28, 65, 14, 147, 151, 131, 56, 103, 165,
       0, 57, 190, 245, 110, 40, 253, 180, 117, 123, 252, 86, 205, 236,
       117, 93, 144, 255, 234, 225, 226, 245, 105, 91, 255, 217, 127,
       245, 254, 111, 215, 241, 231, 223, 228, 65, 52, 255, 152, 248,
       108, 125, 92, 123, 167, 245, 177, 247, 111, 185, 236, 137, 75,
       244, 29, 24, 77, 62, 243, 151, 181, 250, 115, 100, 254, 43, 214,
       76, 175, 255, 188, 190, 1, 57, 123, 104, 203, 172, 127, 100, 29,
       237, 255, 173, 243, 228, 101, 219, 121, 85, 223, 249, 247, 95,
       115, 241, 231, 215, 160, 221, 48, 247, 248, 232, 117, 114, 94,
       122, 173, 213, 21, 247, 107, 153, 236, 24, 5, 244, 29, 156, 73,
       22, 242, 183, 189, 218, 87, 42, 255, 3, 210, 8, 35, 237, 184, 170,
       8, 120, 59, 2, 107, 160, 3, 68, 17, 100, 171, 133, 144, 224, 33,
       11, 88, 196, 152, 105, 231, 94, 99, 161, 230, 215, 168, 222, 48,
       127, 184, 169, 96, 232, 94, 26, 13, 209, 81, 182, 91, 185, 238,
       24, 1, 244, 5, 221, 105, 22, 242, 183, 180, 80, 83, 32, 123, 71,
       35, 208, 18, 209, 130, 2, 12, 98, 0, 128, 34, 240, 99, 162, 81,
       74, 35, 33, 150, 79, 165, 83, 198, 214, 19, 208, 109, 130, 140,
       130, 0, 159, 6, 71, 174, 56, 24, 107, 124, 96, 56, 48, 65, 209,
       81, 179, 111, 153, 174, 8, 65, 240, 25, 88, 65, 22, 243, 23, 181,
       24, 115, 225, 75, 58, 217, 191, 222, 38, 157, 89, 51, 223, 253,
       127, 223, 255, 252, 124, 254, 244, 211, 98, 187, 254, 126, 195,
       247, 217, 42, 230, 250, 106, 243, 254, 235, 207, 60, 99, 180, 223,
       122, 250, 249, 250, 223, 245, 111, 246, 54, 245, 111, 187, 170,
       153, 207, 242, 29, 157, 93, 53, 243, 115, 255, 123, 127, 171, 251,
       45, 182, 108, 80, 63, 189, 187, 121, 245, 255, 194, 247, 236, 89,
       164, 69, 144, 253, 199, 187, 245, 118, 91, 255, 193, 58, 227, 246,
       124, 87, 237, 227, 223, 88, 222, 172, 222, 184, 249, 117, 92, 92,
       122, 175, 241, 113, 247, 107, 184, 254, 24, 15, 242, 29, 220, 93,
       62, 179, 247, 191, 250, 211, 236, 90, 184, 31, 255, 221, 170, 125,
       249, 245, 63, 253, 87, 159, 221, 252, 123, 254, 255, 222, 105,
       106, 126, 188, 198, 178, 255, 191, 178, 120, 253, 83, 254, 191,
       243, 38, 85, 250, 210, 115, 250, 117, 240, 93, 217, 126, 252, 134,
       201, 111, 153, 173, 94, 69, 248, 31, 159, 73, 17, 242, 123, 159,
       93, 7, 35, 250, 84, 33, 145, 18, 0, 130, 34, 15, 66, 130, 3, 54,
       240, 134, 131, 18, 114, 3, 128, 212, 11, 37, 67, 199, 144, 0, 240,
       205, 2, 136, 128, 0, 14, 4, 69, 182, 9, 8, 67, 76, 40, 64, 20,
       128, 37, 113, 163, 110, 18, 46, 41, 67, 50, 24, 88, 81, 6, 51, 23,
       177, 40, 115, 225, 66, 137, 205, 238, 221, 170, 93, 217, 245, 63,
