%YAML:1.0
descriptors: !!opencv-matrix
   rows: 119
   cols: 64
   dt: u
   data: [ 61, 182, 101, 170, 63, 253, 161, 125, 252, 124, 222, 117, 253,
       63, 249, 228, 226, 252, 67, 96, 245, 34, 219, 246, 93, 168, 164,
       139, 122, 95, 115, 239, 223, 36, 85, 186, 87, 122, 233, 124, 252,
       92, 58, 47, 212, 55, 247, 111, 153, 172, 24, 5, 240, 29, 157, 73,
       16, 242, 51, 189, 90, 87, 32, 250, 62, 181, 253, 190, 63, 125,
       189, 127, 247, 254, 253, 181, 125, 126, 191, 119, 255, 222, 99,
       115, 245, 50, 209, 247, 205, 239, 229, 203, 83, 94, 247, 235, 223,
       44, 87, 190, 91, 120, 233, 116, 120, 93, 56, 47, 212, 53, 247,
       111, 153, 172, 24, 5, 240, 29, 156, 73, 16, 242, 51, 189, 88, 87,
       32, 250, 61, 54, 117, 166, 61, 181, 169, 122, 244, 126, 210, 113,
       109, 59, 144, 69, 226, 220, 3, 96, 225, 34, 201, 127, 76, 184,
       160, 139, 90, 12, 113, 239, 215, 36, 84, 186, 87, 120, 169, 116,
       216, 92, 26, 15, 208, 5, 210, 79, 153, 172, 24, 5, 240, 29, 156,
       73, 16, 242, 51, 189, 88, 87, 32, 250, 188, 49, 253, 246, 54, 39,
       121, 122, 214, 196, 245, 243, 255, 234, 148, 82, 246, 215, 71,
       103, 103, 44, 193, 247, 140, 170, 230, 201, 82, 12, 244, 233, 214,
       36, 84, 190, 82, 120, 193, 244, 210, 94, 185, 15, 208, 20, 193,
       79, 153, 172, 24, 5, 240, 29, 156, 73, 16, 242, 51, 189, 88, 86,
       34, 251, 245, 245, 247, 150, 17, 6, 93, 126, 199, 197, 213, 250,
       111, 235, 150, 94, 250, 215, 39, 103, 11, 143, 227, 55, 206, 187,
       243, 105, 83, 8, 242, 41, 214, 39, 52, 222, 66, 124, 65, 92, 112,
       202, 56, 175, 219, 24, 245, 174, 217, 164, 16, 145, 112, 26, 148,
       73, 16, 242, 49, 157, 88, 85, 32, 251, 30, 185, 223, 254, 55, 59,
       253, 126, 247, 154, 255, 243, 127, 242, 190, 91, 251, 215, 99,
       255, 101, 117, 193, 247, 205, 223, 243, 221, 90, 236, 246, 169,
       222, 44, 87, 190, 91, 120, 201, 117, 120, 95, 57, 47, 245, 21,
       247, 110, 153, 174, 24, 7, 240, 29, 157, 73, 16, 243, 51, 189,
       120, 87, 32, 250, 63, 181, 109, 190, 55, 189, 153, 58, 247, 220,
       213, 245, 253, 123, 52, 84, 252, 254, 99, 243, 245, 102, 193, 247,
       221, 190, 245, 251, 122, 222, 245, 235, 223, 44, 85, 190, 223,
       120, 233, 125, 120, 93, 59, 47, 212, 53, 247, 111, 153, 172, 153,
       13, 240, 29, 156, 73, 48, 242, 51, 189, 122, 87, 36, 250, 61, 54,
       117, 36, 62, 181, 43, 124, 241, 190, 194, 53, 109, 25, 185, 199,
       242, 236, 195, 104, 241, 82, 92, 189, 205, 40, 172, 151, 88, 84,
       125, 207, 121, 40, 214, 190, 221, 186, 129, 253, 220, 68, 90, 142,
       226, 227, 194, 75, 184, 45, 28, 3, 226, 29, 159, 85, 164, 178, 23,
       156, 234, 134, 108, 52, 61, 182, 117, 164, 58, 237, 189, 125, 255,
       124, 206, 117, 125, 127, 252, 244, 251, 254, 194, 34, 245, 122,
       209, 254, 249, 63, 245, 251, 108, 255, 255, 239, 223, 240, 79,
       182, 181, 218, 249, 125, 125, 29, 127, 167, 244, 113, 247, 111,
       185, 254, 137, 15, 246, 13, 152, 77, 62, 211, 247, 173, 250, 223,
       45, 222, 124, 251, 255, 223, 255, 223, 223, 125, 255, 253, 255,
       251, 191, 126, 255, 254, 251, 213, 123, 107, 223, 127, 202, 127,
       125, 255, 183, 63, 127, 219, 119, 239, 215, 39, 85, 187, 82, 123,
       249, 118, 112, 93, 249, 47, 213, 158, 245, 111, 157, 172, 24, 5,
       240, 29, 159, 77, 16, 246, 59, 189, 89, 95, 32, 254, 251, 248,
       218, 255, 255, 186, 223, 10, 255, 255, 61, 251, 191, 235, 100, 93,
       245, 247, 60, 251, 239, 127, 235, 127, 239, 223, 243, 127, 95,
       123, 245, 111, 215, 236, 156, 247, 251, 125, 251, 247, 114, 222,
       107, 109, 211, 20, 245, 127, 221, 174, 24, 5, 252, 53, 188, 109,
       16, 246, 179, 191, 217, 95, 50, 255, 62, 251, 253, 255, 58, 221,
       253, 73, 251, 251, 253, 250, 255, 119, 252, 218, 251, 147, 35,
       107, 135, 124, 67, 255, 253, 223, 243, 255, 111, 239, 255, 239,
       215, 196, 77, 190, 126, 249, 249, 126, 118, 95, 249, 109, 247, 20,
       245, 111, 155, 172, 40, 71, 240, 29, 191, 93, 28, 246, 51, 253,
       89, 95, 99, 254, 220, 44, 247, 245, 248, 239, 243, 127, 157, 253,
       222, 253, 215, 254, 154, 238, 235, 221, 251, 99, 255, 45, 234,
       123, 95, 239, 130, 231, 120, 203, 63, 239, 215, 179, 117, 58, 55,
       251, 251, 246, 89, 61, 235, 103, 237, 23, 255, 107, 153, 236, 185,
       253, 244, 29, 156, 73, 84, 250, 243, 251, 218, 119, 161, 254, 54,
       51, 81, 246, 190, 128, 13, 73, 194, 43, 209, 115, 229, 66, 132,
       80, 126, 135, 38, 83, 203, 44, 67, 207, 132, 158, 243, 239, 2,
       168, 229, 238, 79, 172, 110, 190, 252, 56, 227, 119, 101, 72, 161,
       107, 227, 21, 189, 95, 152, 166, 24, 67, 226, 16, 60, 97, 4, 178,
       151, 147, 56, 87, 224, 126, 250, 217, 255, 215, 254, 223, 223,
       245, 223, 255, 127, 219, 159, 250, 246, 254, 251, 215, 60, 111,
       206, 189, 230, 127, 111, 223, 191, 63, 87, 75, 55, 127, 247, 37,
       84, 251, 82, 127, 251, 247, 210, 95, 249, 63, 211, 30, 253, 63,
       157, 173, 30, 5, 248, 61, 157, 75, 80, 246, 51, 189, 89, 87, 32,
       255, 125, 249, 255, 217, 122, 255, 247, 246, 253, 189, 236, 251,
       223, 121, 255, 236, 251, 253, 251, 43, 245, 119, 222, 247, 251,
       127, 149, 246, 109, 199, 115, 235, 223, 106, 67, 180, 87, 121,
       253, 124, 120, 29, 122, 39, 213, 113, 247, 111, 185, 172, 137, 13,
       240, 29, 152, 89, 54, 246, 55, 189, 218, 215, 36, 218, 251, 212,
       110, 255, 255, 149, 219, 136, 191, 255, 53, 235, 191, 107, 54, 93,
       244, 247, 60, 179, 206, 127, 187, 124, 102, 215, 251, 127, 223,
       123, 255, 127, 247, 237, 158, 95, 250, 125, 250, 247, 115, 78,
       107, 125, 211, 28, 217, 63, 157, 254, 24, 5, 252, 181, 156, 235,
       24, 246, 242, 159, 220, 95, 50, 191, 62, 240, 125, 175, 255, 237,
       31, 121, 255, 125, 253, 251, 253, 62, 252, 124, 243, 215, 126,
       112, 249, 114, 147, 124, 253, 253, 253, 63, 255, 251, 255, 173,
       149, 237, 63, 254, 238, 121, 249, 127, 127, 223, 127, 63, 213,
       149, 252, 61, 175, 183, 153, 15, 234, 183, 158, 125, 120, 246, 59,
       248, 251, 79, 62, 254, 191, 255, 109, 255, 191, 253, 223, 88, 255,
       255, 189, 250, 239, 123, 244, 125, 243, 245, 47, 123, 237, 102,
       243, 118, 77, 255, 241, 63, 127, 27, 115, 123, 215, 44, 86, 186,
       82, 120, 249, 245, 114, 94, 56, 47, 213, 22, 245, 111, 153, 173,
       24, 5, 240, 29, 158, 73, 16, 242, 51, 189, 88, 87, 32, 251, 189,
       254, 247, 253, 250, 253, 251, 245, 121, 253, 214, 255, 223, 119,
       255, 232, 251, 223, 251, 43, 245, 109, 206, 251, 249, 126, 118,
       247, 109, 71, 255, 255, 223, 227, 125, 52, 247, 251, 249, 62, 221,
       125, 235, 118, 253, 183, 255, 115, 189, 252, 61, 103, 244, 133,
       157, 77, 87, 222, 247, 239, 211, 127, 163, 254, 11, 197, 8, 10,
       39, 81, 156, 14, 151, 154, 61, 196, 48, 28, 109, 239, 237, 178, 5,
       211, 192, 50, 245, 23, 97, 157, 165, 8, 83, 18, 57, 112, 232, 44,
       69, 186, 83, 112, 233, 248, 114, 94, 48, 47, 212, 118, 180, 110,
       153, 172, 30, 5, 248, 29, 148, 65, 144, 242, 51, 188, 88, 87, 34,
       251, 63, 63, 125, 164, 54, 125, 61, 123, 253, 92, 222, 53, 125,
       191, 248, 246, 251, 212, 71, 100, 117, 130, 177, 53, 95, 252, 173,
       153, 250, 94, 122, 185, 208, 36, 85, 186, 82, 114, 137, 244, 216,
       92, 24, 175, 212, 135, 228, 108, 153, 173, 28, 5, 240, 29, 159,
       73, 16, 242, 51, 188, 90, 86, 32, 248, 48, 49, 147, 22, 0, 67,
       124, 103, 194, 128, 83, 17, 117, 134, 147, 18, 127, 130, 99, 198,
       147, 45, 71, 135, 152, 89, 246, 204, 66, 132, 224, 232, 79, 46,
       37, 190, 13, 44, 73, 84, 57, 64, 181, 163, 47, 37, 55, 110, 187,
       160, 233, 211, 176, 24, 16, 65, 199, 115, 27, 209, 56, 39, 97,
       226, 60, 249, 254, 250, 50, 127, 253, 215, 119, 222, 45, 156, 95,
       254, 191, 255, 223, 250, 113, 239, 183, 125, 85, 179, 253, 119,
       243, 253, 107, 255, 254, 227, 199, 6, 215, 170, 219, 124, 251,
       121, 50, 125, 244, 109, 247, 148, 119, 238, 223, 172, 190, 95,
