%YAML:1.0
descriptors: !!opencv-matrix
   rows: 153
   cols: 64
   dt: u
   data: [ 63, 176, 253, 174, 62, 117, 185, 126, 247, 254, 212, 245, 125,
       62, 191, 87, 254, 254, 67, 99, 245, 114, 209, 247, 205, 170, 244,
       219, 90, 221, 245, 235, 215, 44, 87, 190, 95, 120, 233, 124, 120,
       93, 58, 47, 212, 53, 247, 111, 153, 172, 24, 5, 240, 29, 156, 73,
       16, 242, 51, 189, 90, 87, 32, 250, 60, 185, 255, 254, 54, 127,
       249, 255, 247, 252, 255, 245, 125, 126, 251, 246, 255, 222, 99,
       107, 245, 114, 213, 247, 221, 175, 244, 219, 123, 223, 247, 251,
       247, 44, 87, 190, 215, 122, 249, 125, 248, 93, 59, 46, 212, 55,
       243, 111, 153, 172, 24, 5, 240, 29, 157, 73, 16, 242, 51, 189, 90,
       87, 32, 250, 60, 58, 125, 182, 63, 127, 63, 126, 246, 252, 254,
       245, 125, 127, 248, 246, 251, 212, 71, 99, 229, 34, 225, 119, 77,
       239, 161, 15, 82, 14, 113, 235, 215, 36, 85, 186, 82, 122, 233,
       244, 208, 92, 56, 47, 212, 22, 245, 111, 153, 172, 24, 5, 240, 29,
       157, 73, 16, 242, 51, 189, 88, 87, 32, 250, 61, 50, 245, 182, 59,
       255, 51, 126, 246, 124, 254, 53, 125, 123, 187, 118, 243, 213, 67,
       98, 229, 35, 195, 119, 77, 235, 164, 15, 82, 12, 113, 235, 215,
       36, 85, 186, 82, 120, 233, 116, 112, 92, 56, 47, 212, 22, 245,
       111, 153, 172, 24, 5, 240, 29, 156, 73, 16, 242, 51, 189, 88, 87,
       32, 250, 60, 52, 125, 174, 63, 181, 61, 121, 246, 94, 220, 49,
       125, 62, 180, 85, 242, 212, 67, 96, 241, 34, 145, 118, 92, 172,
       160, 9, 90, 92, 125, 233, 213, 36, 84, 186, 82, 120, 129, 116,
       112, 94, 24, 15, 212, 20, 244, 79, 153, 172, 24, 5, 240, 29, 156,
       73, 16, 242, 51, 188, 88, 87, 32, 248, 63, 244, 125, 175, 255,
       189, 223, 121, 255, 127, 221, 250, 253, 127, 252, 93, 251, 247,
       119, 115, 245, 119, 147, 124, 253, 255, 245, 63, 126, 91, 247,
       255, 215, 108, 215, 190, 210, 121, 233, 119, 112, 94, 120, 47,
       213, 20, 245, 111, 153, 172, 24, 5, 248, 29, 156, 73, 16, 242, 51,
       189, 90, 87, 40, 250, 191, 244, 125, 175, 255, 189, 31, 25, 254,
       111, 181, 122, 189, 43, 182, 85, 242, 247, 23, 112, 249, 115, 179,
       124, 252, 168, 236, 63, 251, 121, 253, 171, 213, 108, 150, 254,
       202, 113, 161, 247, 82, 203, 92, 143, 209, 20, 252, 29, 153, 172,
       24, 13, 232, 157, 158, 73, 24, 246, 51, 156, 218, 215, 42, 249,
       252, 253, 247, 116, 122, 175, 253, 107, 223, 249, 255, 251, 255,
       247, 214, 254, 243, 159, 126, 111, 247, 47, 243, 247, 223, 255,
       247, 255, 106, 255, 254, 238, 207, 63, 100, 191, 222, 124, 251,
       253, 91, 127, 185, 239, 237, 55, 255, 111, 141, 166, 89, 223, 240,
       31, 157, 73, 81, 247, 115, 191, 122, 119, 161, 250, 60, 63, 117,
       252, 50, 189, 125, 115, 245, 92, 215, 17, 221, 116, 253, 84, 246,
       221, 195, 106, 247, 60, 208, 243, 221, 186, 230, 221, 124, 212,
       253, 233, 199, 54, 87, 190, 214, 122, 209, 117, 252, 127, 155,
       239, 244, 167, 231, 79, 153, 173, 24, 79, 242, 29, 159, 73, 17,
       242, 115, 159, 122, 119, 169, 250, 61, 54, 125, 40, 62, 191, 43,
       124, 245, 126, 240, 49, 253, 59, 189, 87, 242, 245, 67, 96, 241,
       67, 211, 245, 220, 168, 236, 141, 90, 28, 121, 233, 213, 44, 85,
       190, 82, 120, 129, 124, 252, 94, 24, 143, 84, 241, 230, 79, 153,
       172, 24, 5, 240, 29, 159, 65, 48, 242, 59, 188, 90, 214, 40, 241,
       122, 248, 88, 175, 255, 184, 94, 8, 95, 59, 127, 251, 188, 70, 76,
       240, 247, 151, 60, 209, 205, 115, 139, 124, 233, 223, 235, 127,
       95, 107, 237, 110, 151, 237, 221, 119, 239, 219, 232, 247, 227,
       223, 239, 105, 247, 31, 254, 63, 151, 247, 27, 7, 236, 165, 255,
       235, 90, 183, 191, 251, 185, 123, 180, 134, 238, 205, 238, 221,
       243, 95, 95, 239, 173, 197, 189, 154, 155, 252, 254, 238, 163,
       213, 60, 111, 14, 159, 230, 51, 127, 207, 155, 61, 243, 138, 30,
       57, 242, 39, 117, 219, 66, 127, 215, 254, 178, 251, 188, 127, 159,
       158, 125, 182, 205, 173, 86, 149, 89, 127, 151, 206, 209, 252,
       105, 63, 93, 84, 147, 251, 169, 254, 101, 35, 221, 248, 163, 216,
       253, 125, 206, 127, 173, 63, 201, 229, 227, 245, 157, 56, 249, 67,
       155, 124, 102, 252, 89, 183, 254, 83, 107, 223, 157, 225, 221, 49,
       117, 147, 45, 62, 237, 84, 74, 150, 69, 195, 126, 145, 172, 85,
       29, 44, 221, 231, 143, 239, 126, 220, 166, 140, 194, 143, 52, 92,
       61, 54, 117, 160, 54, 53, 37, 121, 244, 94, 210, 49, 125, 63, 176,
       69, 242, 244, 67, 96, 113, 114, 144, 244, 156, 184, 36, 153, 126,
       220, 117, 233, 64, 100, 158, 190, 214, 120, 17, 93, 93, 197, 95,
       143, 64, 161, 196, 76, 138, 53, 153, 8, 226, 28, 143, 85, 40, 182,
       115, 216, 219, 143, 44, 176, 60, 125, 255, 252, 54, 125, 253, 255,
       213, 222, 255, 181, 125, 254, 251, 254, 251, 220, 99, 107, 119,
       250, 196, 183, 221, 175, 230, 153, 91, 222, 126, 249, 234, 44, 85,
       190, 214, 122, 209, 117, 250, 95, 255, 46, 246, 183, 195, 110,
       155, 172, 30, 7, 242, 29, 157, 89, 16, 242, 123, 255, 123, 94, 42,
       250, 61, 55, 117, 32, 20, 51, 33, 126, 224, 26, 192, 52, 109, 55,
       161, 83, 250, 172, 67, 116, 113, 98, 65, 151, 196, 168, 228, 137,
       106, 12, 104, 232, 92, 44, 69, 190, 88, 56, 1, 124, 124, 64, 24,
       14, 212, 97, 163, 78, 184, 172, 8, 7, 240, 29, 28, 73, 20, 242,
       19, 156, 120, 87, 96, 122, 61, 245, 125, 220, 55, 63, 125, 127,
       247, 92, 253, 245, 127, 60, 244, 255, 242, 244, 87, 109, 117, 34,
       241, 55, 109, 170, 164, 25, 95, 92, 124, 233, 240, 36, 54, 254,
       82, 114, 129, 244, 210, 223, 24, 14, 208, 150, 228, 78, 153, 165,
       94, 5, 248, 29, 159, 73, 16, 242, 59, 156, 89, 22, 34, 249, 63,
       245, 125, 254, 54, 61, 253, 123, 247, 220, 253, 245, 125, 127,
       244, 126, 242, 212, 71, 107, 117, 122, 241, 119, 253, 170, 228,
       153, 127, 220, 124, 233, 246, 108, 52, 190, 214, 122, 217, 252,
       218, 223, 189, 47, 208, 55, 245, 110, 153, 173, 27, 13, 248, 29,
       159, 77, 24, 242, 123, 253, 91, 95, 42, 251, 254, 189, 255, 245,
       119, 247, 255, 127, 254, 223, 213, 250, 255, 238, 182, 95, 251,
       213, 127, 119, 247, 127, 243, 119, 175, 255, 247, 63, 82, 127,
       118, 235, 215, 45, 222, 191, 210, 125, 249, 117, 120, 93, 125, 47,
       215, 29, 245, 111, 157, 172, 24, 5, 242, 61, 156, 73, 16, 246,
       115, 191, 89, 95, 32, 250, 51, 5, 113, 150, 18, 69, 141, 103, 198,
       198, 57, 80, 17, 108, 177, 118, 251, 212, 101, 99, 80, 32, 229,
       39, 28, 239, 165, 9, 82, 154, 112, 121, 230, 36, 85, 186, 82, 120,
       233, 252, 112, 92, 48, 47, 212, 20, 213, 110, 153, 172, 24, 5,
       240, 29, 156, 65, 16, 242, 51, 189, 88, 86, 32, 250, 63, 213, 252,
       254, 55, 55, 93, 118, 55, 254, 125, 144, 31, 250, 180, 95, 247,
       214, 37, 235, 247, 252, 225, 51, 77, 171, 163, 91, 83, 28, 244,
       233, 243, 36, 20, 186, 210, 120, 241, 245, 114, 94, 57, 47, 210,
       20, 213, 110, 153, 172, 24, 5, 240, 29, 156, 73, 16, 242, 51, 189,
       88, 86, 34, 251, 63, 246, 125, 238, 191, 189, 221, 24, 255, 127,
       181, 249, 173, 123, 244, 85, 242, 246, 6, 113, 245, 114, 145, 124,
       236, 190, 229, 123, 126, 123, 245, 111, 215, 236, 222, 158, 250,
       121, 169, 247, 211, 222, 107, 15, 208, 20, 244, 79, 153, 189, 24,
       5, 232, 21, 159, 73, 16, 242, 51, 189, 218, 223, 46, 249, 126, 32,
       81, 146, 18, 7, 1, 79, 198, 102, 19, 52, 49, 162, 185, 86, 226,
       212, 1, 96, 131, 176, 192, 39, 76, 136, 160, 9, 82, 136, 61, 105,
       113, 36, 20, 186, 66, 114, 1, 214, 144, 67, 20, 10, 64, 22, 192,
       78, 153, 44, 16, 4, 34, 24, 149, 73, 16, 114, 59, 184, 88, 6, 34,
       241, 39, 36, 64, 146, 17, 2, 13, 78, 134, 98, 41, 48, 33, 138,
       132, 87, 98, 84, 1, 96, 129, 162, 192, 39, 76, 137, 160, 9, 18, 8,
       49, 105, 81, 36, 20, 186, 2, 112, 1, 214, 48, 66, 56, 11, 86, 20,
       197, 78, 25, 164, 24, 4, 96, 24, 148, 73, 144, 178, 35, 188, 88,
