%YAML:1.0
descriptors: !!opencv-matrix
   rows: 55
   cols: 64
   dt: u
   data: [ 172, 254, 255, 233, 190, 253, 189, 221, 253, 255, 238, 253,
       127, 62, 255, 239, 219, 252, 251, 107, 253, 83, 127, 189, 117,
       125, 189, 183, 127, 215, 127, 247, 221, 76, 207, 254, 243, 247,
       233, 124, 126, 93, 122, 63, 215, 247, 119, 113, 189, 237, 190, 45,
       242, 157, 156, 93, 150, 246, 175, 189, 251, 223, 104, 250, 109,
       236, 239, 233, 255, 255, 255, 253, 253, 255, 222, 255, 253, 60,
       255, 237, 155, 253, 251, 122, 253, 87, 222, 253, 127, 125, 29,
       182, 125, 215, 127, 239, 207, 233, 223, 113, 255, 251, 253, 62,
       121, 93, 126, 63, 85, 245, 255, 113, 189, 252, 158, 45, 247, 253,
       156, 93, 118, 206, 255, 173, 219, 223, 40, 246, 251, 221, 254,
       254, 119, 255, 93, 31, 127, 215, 189, 250, 191, 255, 126, 223,
       255, 247, 124, 255, 63, 127, 243, 119, 247, 255, 243, 127, 127,
       127, 254, 161, 159, 127, 247, 223, 194, 125, 250, 125, 114, 223,
       251, 125, 255, 221, 245, 47, 221, 191, 158, 79, 232, 189, 254,
       255, 57, 247, 123, 191, 251, 253, 189, 218, 116, 33, 145, 22, 16,
       2, 0, 103, 194, 128, 147, 52, 112, 134, 147, 82, 114, 2, 2, 68,
       11, 161, 65, 135, 156, 128, 228, 73, 2, 140, 128, 8, 64, 36, 69,
       190, 8, 56, 3, 92, 32, 64, 21, 138, 4, 60, 129, 78, 145, 44, 1, 3,
       48, 24, 20, 65, 0, 50, 17, 176, 8, 6, 96, 98, 124, 62, 255, 253,
       254, 255, 187, 249, 253, 253, 214, 191, 221, 126, 251, 230, 242,
       221, 251, 111, 253, 183, 214, 244, 221, 250, 188, 191, 126, 215,
       127, 191, 231, 37, 87, 191, 215, 123, 237, 124, 248, 93, 123, 62,
       213, 167, 219, 119, 157, 173, 152, 13, 242, 61, 157, 73, 80, 254,
       51, 189, 90, 87, 40, 250, 60, 243, 125, 172, 54, 125, 189, 127,
       245, 220, 254, 181, 125, 62, 253, 246, 243, 220, 195, 104, 113,
       114, 197, 183, 253, 173, 165, 153, 127, 222, 124, 249, 240, 100,
       117, 190, 214, 122, 137, 245, 250, 223, 59, 46, 246, 183, 194,
       110, 155, 173, 95, 5, 248, 29, 159, 77, 16, 242, 59, 252, 91, 78,
       34, 241, 253, 249, 255, 189, 94, 103, 245, 254, 253, 253, 252,
       251, 127, 250, 246, 255, 251, 213, 127, 103, 125, 143, 230, 55,
       79, 239, 189, 175, 211, 95, 114, 251, 241, 39, 85, 251, 82, 116,
       237, 244, 122, 94, 56, 63, 221, 23, 245, 236, 157, 172, 94, 5,
       240, 31, 156, 73, 16, 240, 35, 189, 92, 86, 32, 251, 194, 154,
       195, 227, 253, 176, 143, 152, 126, 251, 2, 111, 175, 95, 227, 17,
       107, 215, 189, 51, 204, 13, 138, 120, 102, 222, 59, 39, 222, 75,
       35, 127, 87, 231, 93, 49, 119, 253, 237, 54, 97, 84, 106, 63, 205,
       12, 253, 177, 204, 221, 24, 37, 245, 231, 140, 235, 84, 252, 182,
       175, 212, 95, 48, 190, 212, 45, 243, 245, 112, 198, 255, 239, 136,
       239, 235, 251, 195, 196, 147, 106, 171, 205, 62, 111, 15, 173,
       230, 91, 15, 223, 183, 47, 80, 47, 50, 63, 119, 55, 124, 251, 16,
       253, 255, 215, 80, 104, 185, 126, 235, 28, 217, 191, 221, 172, 56,
       245, 241, 126, 188, 74, 208, 254, 113, 255, 92, 117, 177, 190,
       199, 45, 131, 82, 65, 66, 71, 142, 162, 33, 5, 98, 130, 195, 130,
       11, 11, 37, 56, 7, 14, 141, 114, 67, 82, 211, 154, 47, 130, 8, 2,
       65, 135, 39, 71, 187, 2, 12, 127, 94, 112, 112, 32, 227, 141, 88,
       181, 171, 85, 164, 24, 208, 209, 122, 28, 130, 81, 124, 112, 63,
       8, 117, 145, 250, 13, 14, 116, 192, 104, 63, 160, 82, 48, 124, 2,
       5, 84, 117, 249, 161, 226, 233, 195, 98, 245, 100, 24, 243, 67,
       40, 4, 196, 108, 68, 185, 211, 127, 2, 87, 168, 16, 250, 201, 108,
       244, 20, 26, 6, 100, 230, 195, 79, 153, 45, 56, 21, 242, 29, 153,
       73, 22, 234, 19, 164, 74, 70, 33, 248, 215, 253, 211, 87, 249,
       194, 218, 202, 26, 185, 53, 251, 162, 194, 194, 90, 106, 215, 60,
       15, 143, 173, 230, 75, 47, 223, 243, 111, 87, 43, 34, 63, 247,
       183, 60, 219, 114, 253, 251, 247, 209, 126, 169, 127, 171, 28,
       217, 63, 201, 175, 120, 245, 248, 182, 188, 235, 81, 250, 112,
       111, 92, 117, 177, 191, 126, 37, 233, 158, 54, 135, 95, 77, 231,
       230, 185, 184, 125, 234, 182, 94, 178, 212, 2, 115, 155, 51, 243,
       39, 92, 131, 166, 31, 83, 188, 125, 105, 231, 44, 6, 190, 202,
       120, 195, 255, 18, 202, 53, 43, 210, 20, 197, 78, 153, 174, 24, 7,
       96, 24, 148, 73, 24, 242, 115, 185, 121, 86, 42, 249, 124, 250,
       255, 249, 186, 253, 251, 253, 253, 255, 198, 191, 253, 254, 251,
       238, 251, 221, 235, 107, 253, 247, 206, 253, 221, 255, 183, 191,
       91, 207, 119, 255, 223, 4, 87, 190, 87, 251, 233, 126, 120, 93,
       120, 47, 215, 181, 247, 119, 155, 172, 24, 37, 242, 29, 156, 89,
       16, 242, 51, 189, 91, 87, 32, 254, 245, 238, 243, 245, 249, 242,
       251, 236, 220, 255, 240, 251, 227, 203, 195, 254, 235, 213, 189,
       107, 207, 173, 238, 121, 111, 203, 59, 39, 87, 11, 51, 127, 119,
       167, 124, 251, 118, 253, 237, 246, 243, 110, 234, 127, 219, 30,
       89, 179, 221, 172, 126, 181, 245, 191, 188, 107, 208, 252, 179,
       255, 220, 87, 49, 191, 255, 255, 255, 255, 255, 255, 245, 250,
       255, 253, 252, 251, 239, 251, 246, 253, 251, 247, 127, 127, 247,
       79, 251, 127, 239, 255, 247, 191, 255, 95, 242, 239, 215, 111, 85,
       255, 90, 125, 253, 244, 123, 94, 58, 63, 221, 53, 245, 239, 221,
       172, 24, 133, 240, 61, 158, 73, 16, 246, 115, 191, 88, 87, 36,
       250, 252, 250, 255, 121, 255, 249, 239, 217, 251, 187, 234, 251,
       255, 214, 239, 249, 251, 213, 63, 127, 109, 141, 47, 252, 231,
       223, 123, 175, 215, 79, 243, 190, 255, 39, 93, 255, 90, 119, 237,
       246, 251, 94, 120, 63, 221, 95, 255, 181, 157, 173, 28, 37, 248,
       191, 141, 105, 16, 252, 49, 189, 92, 87, 50, 187, 255, 245, 253,
       182, 127, 182, 95, 10, 246, 71, 245, 250, 239, 107, 180, 93, 242,
       247, 62, 247, 231, 103, 209, 119, 238, 218, 239, 127, 114, 57,
       245, 233, 215, 45, 150, 191, 202, 120, 249, 245, 88, 218, 57, 201,
       209, 89, 245, 79, 157, 174, 24, 1, 240, 61, 156, 89, 88, 182, 51,
       189, 120, 215, 56, 251, 12, 5, 28, 152, 0, 77, 100, 103, 1, 66,
       110, 132, 16, 166, 188, 166, 205, 26, 193, 97, 23, 48, 240, 147,
       89, 13, 0, 200, 65, 132, 184, 129, 200, 18, 113, 170, 1, 74, 65,
       72, 50, 177, 52, 39, 118, 22, 103, 238, 27, 32, 123, 28, 96, 29,
       3, 8, 147, 193, 43, 224, 73, 50, 107, 234, 62, 242, 125, 255, 63,
       181, 157, 121, 255, 255, 245, 250, 255, 122, 180, 93, 242, 213,
       103, 115, 245, 54, 211, 119, 205, 190, 229, 63, 82, 93, 117, 235,
       215, 44, 86, 190, 82, 120, 233, 245, 82, 94, 56, 47, 208, 20, 213,
       111, 153, 172, 24, 5, 240, 29, 156, 73, 16, 242, 51, 189, 88, 87,
       34, 251, 60, 58, 239, 252, 62, 125, 121, 254, 245, 254, 214, 181,
       93, 191, 251, 230, 155, 252, 195, 107, 245, 248, 204, 191, 93, 42,
       166, 147, 120, 213, 125, 239, 123, 40, 247, 186, 223, 250, 241,
       125, 252, 125, 251, 62, 230, 163, 195, 107, 187, 173, 191, 75,
       242, 29, 159, 92, 164, 226, 127, 255, 235, 134, 109, 246, 61, 252,
       253, 185, 54, 253, 183, 120, 253, 254, 212, 185, 253, 59, 253, 79,
       251, 221, 99, 107, 245, 119, 194, 247, 77, 255, 181, 191, 123, 95,
       113, 235, 215, 36, 213, 186, 82, 120, 233, 116, 120, 92, 58, 47,
       213, 53, 245, 111, 153, 172, 24, 5, 240, 29, 156, 77, 16, 242, 51,
       189, 88, 87, 32, 250, 251, 254, 255, 239, 255, 119, 219, 248, 254,
       255, 208, 251, 239, 235, 243, 221, 251, 245, 127, 111, 127, 143,
       175, 124, 238, 255, 127, 59, 223, 31, 242, 191, 215, 239, 93, 95,
       82, 245, 253, 119, 113, 76, 106, 63, 219, 28, 216, 177, 205, 221,
       86, 181, 221, 255, 140, 235, 208, 252, 177, 31, 220, 93, 16, 191,
       191, 254, 127, 239, 255, 253, 251, 216, 252, 255, 250, 255, 239,
       127, 249, 253, 251, 255, 191, 123, 245, 119, 159, 124, 237, 255,
       123, 247, 126, 119, 247, 255, 215, 233, 223, 53, 247, 251, 249,
       61, 125, 92, 123, 191, 213, 131, 255, 115, 189, 255, 28, 37, 244,
