%YAML:1.0
descriptors: !!opencv-matrix
   rows: 117
   cols: 64
   dt: u
   data: [ 61, 253, 255, 254, 55, 127, 125, 127, 253, 254, 253, 185, 127,
       254, 255, 254, 251, 212, 115, 107, 247, 127, 245, 55, 253, 255,
       247, 189, 127, 95, 126, 233, 215, 100, 53, 254, 214, 125, 249,
       125, 122, 223, 253, 47, 215, 151, 245, 110, 159, 172, 30, 133,
       250, 29, 159, 77, 152, 246, 123, 255, 91, 95, 42, 251, 169, 158,
       118, 97, 253, 249, 163, 248, 188, 189, 198, 127, 236, 93, 201,
       165, 235, 253, 207, 122, 245, 67, 143, 252, 99, 124, 89, 166, 252,
       71, 99, 247, 221, 225, 217, 52, 119, 179, 237, 55, 253, 84, 90,
       182, 69, 227, 250, 97, 168, 125, 157, 41, 244, 173, 136, 73, 54,
       212, 183, 173, 210, 223, 36, 94, 44, 47, 239, 253, 50, 127, 245,
       255, 221, 220, 254, 181, 81, 182, 251, 238, 139, 220, 235, 107,
       117, 248, 244, 178, 125, 111, 150, 145, 109, 215, 62, 219, 236,
       66, 119, 250, 213, 246, 217, 60, 250, 125, 247, 54, 126, 167, 71,
       234, 159, 45, 239, 223, 218, 31, 157, 92, 132, 224, 107, 237, 79,
       14, 107, 246, 125, 253, 255, 191, 63, 255, 123, 126, 255, 255,
       223, 189, 127, 255, 255, 255, 251, 244, 99, 99, 253, 227, 231, 55,
       77, 255, 180, 63, 91, 94, 127, 235, 215, 36, 85, 186, 82, 122,
       233, 116, 242, 94, 56, 47, 213, 22, 229, 111, 153, 172, 24, 5,
       240, 29, 157, 73, 16, 242, 51, 189, 88, 87, 34, 251, 220, 249,
       255, 252, 34, 127, 125, 255, 95, 222, 253, 152, 95, 244, 255, 250,
       191, 223, 120, 111, 54, 253, 228, 179, 237, 223, 243, 252, 65,
       231, 254, 233, 215, 54, 53, 251, 222, 125, 250, 117, 114, 255,
       181, 111, 191, 30, 245, 110, 223, 170, 191, 215, 248, 29, 181, 92,
       209, 247, 123, 251, 121, 125, 195, 251, 57, 158, 236, 236, 47,
       253, 241, 117, 253, 252, 222, 245, 253, 61, 125, 228, 189, 184,
       227, 187, 245, 114, 219, 255, 249, 63, 69, 182, 108, 215, 253,
       231, 207, 120, 195, 52, 255, 154, 248, 57, 253, 29, 251, 167, 212,
       227, 247, 107, 187, 251, 141, 11, 246, 29, 219, 85, 55, 211, 255,
       253, 243, 251, 236, 222, 61, 186, 255, 237, 62, 253, 245, 246,
       253, 188, 222, 253, 255, 125, 251, 232, 255, 252, 235, 235, 245,
       127, 207, 255, 251, 127, 116, 246, 109, 215, 255, 239, 223, 234,
       109, 52, 255, 251, 249, 125, 253, 29, 251, 54, 93, 163, 127, 227,
       189, 253, 207, 207, 246, 157, 155, 77, 62, 215, 255, 239, 251,
       239, 38, 222, 50, 150, 101, 131, 222, 180, 143, 217, 238, 255,
       146, 95, 237, 109, 17, 85, 250, 213, 11, 34, 216, 35, 223, 124,
       12, 220, 60, 39, 30, 91, 113, 95, 119, 237, 95, 59, 126, 249, 109,
       102, 101, 68, 74, 174, 69, 0, 217, 51, 152, 220, 24, 33, 246, 149,
       156, 105, 0, 114, 178, 189, 218, 95, 32, 246, 203, 222, 198, 99,
       253, 250, 230, 152, 56, 187, 234, 239, 174, 221, 75, 173, 235,
       237, 189, 223, 237, 143, 175, 120, 103, 95, 123, 167, 222, 7, 163,
       183, 223, 231, 93, 81, 115, 191, 253, 54, 121, 124, 106, 255, 221,
       75, 255, 177, 205, 221, 28, 181, 221, 231, 141, 235, 83, 220, 181,
       47, 212, 119, 144, 190, 249, 188, 255, 183, 255, 255, 255, 252,
       254, 253, 255, 127, 255, 255, 251, 253, 255, 247, 123, 103, 253,
       231, 239, 125, 207, 255, 253, 255, 250, 95, 247, 255, 215, 45, 85,
       191, 210, 123, 237, 127, 248, 93, 123, 47, 213, 63, 253, 127, 157,
       172, 24, 5, 240, 61, 157, 73, 88, 246, 51, 189, 216, 87, 32, 254,
       43, 6, 109, 138, 47, 183, 7, 90, 164, 100, 149, 4, 61, 61, 53, 5,
       194, 244, 1, 112, 192, 98, 144, 51, 76, 168, 136, 12, 114, 16, 57,
       105, 209, 36, 16, 186, 66, 114, 1, 82, 148, 211, 24, 14, 80, 132,
       192, 79, 25, 44, 24, 4, 112, 29, 159, 73, 16, 226, 59, 156, 88,
       86, 38, 249, 28, 33, 253, 148, 2, 7, 56, 103, 192, 198, 209, 20,
       81, 160, 147, 66, 234, 88, 67, 103, 19, 160, 196, 147, 156, 136,
       164, 137, 64, 140, 52, 168, 96, 36, 4, 186, 2, 120, 129, 84, 144,
       72, 21, 14, 242, 52, 193, 78, 155, 172, 24, 5, 112, 28, 20, 73,
       16, 242, 51, 185, 88, 22, 34, 243, 237, 42, 247, 149, 216, 231,
       175, 248, 204, 239, 203, 30, 211, 237, 147, 70, 235, 213, 123,
       102, 252, 133, 202, 120, 78, 254, 190, 47, 210, 14, 51, 175, 87,
       37, 85, 187, 82, 125, 237, 118, 112, 92, 56, 47, 213, 28, 253, 53,
       157, 172, 24, 37, 241, 253, 156, 75, 80, 254, 49, 189, 92, 87, 48,
       250, 106, 33, 171, 151, 247, 135, 27, 109, 196, 199, 215, 54, 177,
       206, 147, 70, 170, 85, 66, 86, 10, 167, 195, 69, 30, 216, 188, 45,
       82, 152, 54, 40, 71, 44, 21, 186, 82, 120, 193, 84, 16, 64, 21,
       46, 197, 12, 161, 46, 25, 172, 24, 5, 240, 28, 156, 65, 16, 114,
       51, 185, 72, 23, 32, 250, 62, 241, 125, 190, 55, 189, 95, 120,
       255, 215, 253, 250, 253, 126, 244, 94, 255, 215, 103, 247, 245,
       55, 195, 119, 205, 255, 245, 127, 82, 158, 247, 169, 223, 44, 87,
       190, 218, 120, 233, 117, 120, 92, 57, 47, 213, 53, 245, 111, 153,
       172, 24, 5, 240, 29, 156, 73, 16, 242, 51, 189, 88, 87, 32, 250,
       191, 253, 125, 255, 54, 189, 223, 121, 255, 223, 253, 250, 255,
       123, 244, 127, 247, 247, 126, 127, 183, 118, 243, 118, 253, 255,
       247, 127, 127, 251, 255, 185, 214, 108, 214, 254, 218, 121, 249,
       253, 126, 223, 253, 63, 215, 20, 245, 111, 159, 175, 24, 15, 248,
       29, 158, 93, 24, 246, 115, 191, 123, 223, 42, 251, 193, 15, 163,
       113, 201, 134, 167, 202, 172, 237, 130, 79, 195, 237, 131, 13,
       235, 213, 47, 103, 206, 175, 138, 123, 78, 222, 183, 47, 210, 14,
       34, 31, 87, 39, 85, 187, 80, 60, 237, 86, 112, 116, 56, 175, 205,
       24, 253, 183, 153, 172, 24, 5, 240, 29, 156, 73, 16, 242, 51, 189,
       88, 87, 32, 250, 195, 141, 131, 85, 201, 130, 207, 202, 138, 167,
       129, 74, 130, 200, 2, 25, 234, 213, 61, 103, 206, 175, 202, 123,
       78, 222, 187, 47, 210, 10, 50, 111, 215, 39, 84, 187, 82, 124,
       237, 118, 112, 92, 56, 47, 221, 28, 253, 183, 153, 172, 24, 5,
       241, 31, 156, 75, 16, 242, 49, 189, 92, 87, 48, 250, 255, 61, 227,
       178, 85, 110, 103, 126, 196, 69, 255, 118, 111, 207, 130, 125,
       235, 213, 63, 103, 103, 47, 227, 119, 78, 223, 187, 47, 210, 14,
       50, 169, 215, 39, 85, 187, 82, 120, 237, 244, 112, 92, 56, 47,
       213, 29, 245, 110, 157, 172, 24, 5, 241, 61, 156, 73, 80, 254, 51,
       189, 88, 87, 48, 250, 35, 5, 0, 2, 157, 128, 5, 8, 6, 64, 1, 96,
       32, 75, 132, 21, 98, 86, 4, 16, 194, 34, 129, 102, 6, 130, 32, 9,
       146, 8, 1, 105, 22, 38, 20, 154, 2, 96, 3, 212, 0, 66, 24, 9, 64,
       16, 196, 78, 17, 36, 16, 4, 32, 24, 140, 73, 16, 50, 50, 156, 24,
       86, 32, 248, 3, 198, 12, 138, 39, 92, 148, 1, 54, 94, 62, 68, 24,
       61, 125, 37, 13, 114, 0, 176, 192, 114, 144, 96, 112, 21, 1, 80,
       60, 114, 153, 81, 148, 120, 211, 32, 123, 64, 136, 40, 116, 29,
       10, 141, 20, 212, 244, 76, 19, 217, 24, 13, 180, 1, 218, 25, 59,
       67, 62, 180, 66, 219, 108, 232, 30, 153, 220, 190, 55, 249, 180,
       127, 55, 216, 220, 245, 61, 54, 189, 95, 255, 214, 97, 243, 197,
       52, 195, 115, 77, 223, 240, 111, 83, 78, 181, 234, 215, 36, 87,
       186, 82, 120, 233, 116, 112, 93, 56, 47, 213, 21, 247, 111, 153,
       172, 24, 5, 240, 29, 156, 73, 16, 242, 51, 189, 88, 87, 32, 250,
       163, 197, 65, 146, 25, 2, 5, 10, 66, 65, 32, 114, 163, 75, 132,
       81, 98, 85, 5, 1, 194, 44, 169, 103, 76, 146, 33, 11, 18, 8, 1,
       109, 215, 38, 20, 154, 66, 120, 39, 214, 65, 66, 40, 11, 144, 20,
       85, 207, 17, 36, 16, 4, 96, 24, 140, 73, 16, 112, 50, 157, 88, 87,
       32, 251, 175, 254, 109, 107, 255, 253, 131, 152, 189, 127, 172,
       255, 173, 31, 238, 237, 203, 245, 191, 56, 249, 87, 154, 124, 39,
       245, 25, 55, 255, 91, 119, 223, 149, 205, 223, 211, 243, 249, 173,
       55, 111, 93, 106, 61, 85, 193, 252, 177, 188, 253, 28, 44, 223,
       167, 206, 183, 48, 204, 182, 14, 223, 223, 62, 31, 41, 172, 237,
       168, 23, 253, 165, 122, 253, 212, 222, 253, 249, 61, 253, 236,
