%YAML:1.0
descriptors: !!opencv-matrix
   rows: 219
   cols: 64
   dt: u
   data: [ 60, 49, 125, 174, 50, 53, 61, 127, 244, 198, 213, 176, 125,
       63, 180, 70, 251, 220, 67, 97, 241, 34, 193, 246, 92, 189, 165,
       153, 82, 140, 113, 233, 212, 36, 87, 186, 83, 120, 129, 124, 120,
       94, 56, 47, 212, 53, 246, 110, 153, 172, 24, 5, 240, 29, 156, 73,
       16, 242, 51, 189, 88, 87, 32, 250, 62, 244, 125, 172, 54, 117, 61,
       127, 245, 222, 253, 177, 125, 63, 181, 86, 251, 252, 67, 97, 241,
       114, 208, 54, 220, 169, 164, 153, 123, 220, 125, 233, 208, 44, 87,
       190, 210, 120, 129, 124, 122, 95, 60, 47, 212, 53, 228, 110, 153,
       172, 24, 5, 240, 29, 156, 73, 24, 242, 51, 188, 90, 86, 42, 251,
       127, 48, 253, 166, 255, 183, 63, 124, 244, 126, 212, 119, 253,
       127, 178, 85, 250, 245, 67, 112, 241, 39, 195, 116, 204, 248, 252,
       175, 90, 28, 243, 235, 215, 44, 85, 190, 90, 120, 233, 116, 120,
       92, 56, 47, 213, 21, 247, 111, 153, 172, 24, 5, 240, 29, 156, 73,
       16, 242, 51, 189, 88, 87, 32, 250, 63, 48, 253, 167, 255, 167,
       191, 124, 244, 125, 222, 115, 253, 126, 178, 85, 242, 213, 67, 96,
       225, 39, 195, 116, 204, 232, 248, 175, 82, 28, 241, 235, 215, 36,
       85, 190, 83, 120, 169, 116, 120, 92, 56, 47, 213, 21, 247, 79,
       153, 172, 24, 5, 240, 29, 156, 73, 16, 242, 51, 189, 88, 87, 32,
       250, 62, 48, 253, 166, 63, 167, 59, 104, 246, 124, 213, 119, 253,
       62, 178, 84, 250, 213, 3, 96, 225, 39, 195, 119, 204, 216, 248,
       143, 82, 28, 241, 235, 215, 36, 85, 190, 82, 120, 233, 116, 120,
       92, 56, 47, 213, 21, 247, 111, 153, 172, 24, 5, 240, 29, 156, 73,
       16, 242, 51, 189, 88, 87, 32, 250, 63, 176, 253, 174, 63, 183,
       191, 124, 246, 252, 213, 251, 253, 62, 183, 86, 250, 213, 99, 99,
       225, 39, 195, 119, 204, 250, 248, 175, 82, 28, 117, 235, 215, 36,
       85, 190, 82, 120, 233, 116, 120, 94, 56, 47, 213, 21, 245, 111,
       153, 172, 24, 5, 240, 29, 156, 73, 16, 242, 51, 189, 88, 87, 32,
       250, 62, 48, 253, 166, 62, 247, 59, 125, 244, 124, 212, 55, 253,
       62, 179, 86, 250, 213, 67, 96, 225, 39, 195, 119, 204, 216, 252,
       143, 82, 28, 115, 235, 215, 36, 85, 190, 82, 120, 233, 116, 120,
       92, 56, 47, 213, 21, 245, 111, 153, 172, 24, 5, 240, 29, 156, 73,
       16, 242, 51, 189, 88, 87, 32, 250, 233, 13, 231, 213, 210, 103,
       127, 254, 236, 229, 239, 155, 255, 236, 178, 78, 235, 213, 123,
       103, 62, 173, 231, 55, 79, 239, 187, 47, 210, 12, 50, 43, 215, 39,
       117, 251, 82, 125, 245, 116, 112, 124, 60, 47, 205, 28, 253, 174,
       157, 172, 24, 5, 241, 63, 156, 75, 80, 252, 49, 189, 92, 87, 32,
       250, 252, 187, 255, 245, 114, 127, 243, 255, 253, 253, 254, 255,
       255, 254, 251, 238, 251, 221, 251, 111, 125, 141, 230, 183, 223,
       255, 191, 191, 255, 223, 118, 187, 255, 39, 117, 255, 86, 127,
       253, 124, 120, 93, 184, 62, 221, 175, 255, 238, 157, 172, 94, 149,
       240, 63, 156, 77, 80, 252, 51, 189, 95, 87, 32, 250, 194, 170,
       195, 179, 220, 130, 139, 200, 106, 43, 146, 126, 235, 193, 131,
       25, 226, 197, 63, 102, 206, 141, 139, 125, 78, 218, 59, 47, 146,
       15, 35, 127, 87, 167, 93, 27, 90, 253, 237, 118, 225, 76, 72, 27,
       217, 24, 249, 145, 221, 236, 24, 33, 245, 255, 156, 235, 80, 252,
       177, 189, 220, 85, 48, 254, 226, 42, 203, 131, 254, 150, 138, 129,
       204, 43, 19, 126, 179, 194, 187, 64, 130, 85, 56, 230, 205, 135,
       203, 93, 78, 210, 190, 39, 146, 43, 51, 78, 87, 173, 93, 187, 90,
       253, 237, 118, 96, 92, 64, 12, 213, 28, 185, 49, 157, 236, 24, 5,
       245, 125, 156, 235, 80, 254, 51, 189, 76, 87, 48, 254, 231, 61,
       243, 146, 223, 6, 1, 78, 230, 69, 128, 115, 175, 203, 166, 93,
       234, 245, 33, 103, 75, 143, 195, 119, 78, 218, 176, 47, 210, 8,
       50, 41, 215, 38, 84, 186, 82, 120, 105, 116, 80, 88, 24, 15, 217,
       20, 245, 207, 153, 172, 24, 5, 240, 28, 156, 73, 16, 242, 51, 189,
       88, 87, 32, 250, 44, 34, 109, 169, 154, 245, 161, 253, 236, 126,
       202, 52, 89, 111, 249, 229, 203, 212, 67, 96, 249, 32, 142, 52,
       76, 156, 36, 1, 210, 14, 51, 219, 245, 36, 85, 186, 82, 114, 41,
       116, 240, 84, 24, 14, 84, 22, 224, 69, 153, 44, 24, 4, 240, 29,
       140, 73, 16, 240, 35, 188, 88, 87, 32, 240, 125, 49, 247, 176, 86,
       167, 111, 126, 244, 110, 208, 51, 255, 238, 178, 95, 250, 213,
       123, 103, 237, 175, 194, 119, 78, 250, 190, 141, 82, 12, 112, 233,
       215, 39, 84, 187, 82, 120, 69, 116, 88, 76, 24, 15, 209, 29, 197,
       79, 157, 172, 24, 5, 240, 61, 156, 73, 80, 254, 51, 189, 88, 87,
       32, 250, 44, 102, 109, 169, 191, 253, 163, 249, 252, 94, 250, 53,
       125, 127, 249, 229, 195, 244, 71, 96, 241, 114, 156, 116, 92, 188,
       37, 129, 254, 222, 57, 251, 112, 100, 215, 186, 82, 114, 9, 244,
       254, 85, 90, 30, 84, 135, 208, 69, 153, 45, 28, 4, 250, 29, 143,
       89, 16, 240, 43, 156, 90, 94, 40, 176, 191, 244, 125, 174, 55,
       125, 157, 253, 255, 223, 255, 252, 125, 62, 252, 245, 251, 212,
       71, 105, 113, 114, 181, 52, 109, 189, 245, 59, 255, 95, 127, 251,
       244, 108, 93, 254, 82, 115, 169, 245, 242, 223, 124, 63, 212, 22,
       244, 108, 153, 173, 30, 5, 248, 29, 159, 73, 144, 242, 59, 188,
       89, 95, 34, 248, 68, 34, 65, 128, 152, 128, 34, 68, 0, 34, 2, 20,
       64, 5, 145, 66, 66, 68, 1, 96, 136, 128, 202, 0, 12, 136, 8, 9,
       16, 8, 49, 73, 113, 4, 84, 186, 0, 114, 5, 86, 0, 64, 24, 10, 64,
       4, 64, 132, 24, 44, 16, 4, 32, 24, 132, 9, 0, 96, 33, 188, 72, 6,
       32, 240, 62, 240, 125, 174, 55, 125, 157, 125, 247, 94, 253, 245,
       125, 62, 252, 245, 251, 246, 71, 120, 113, 114, 181, 52, 189, 173,
       229, 25, 255, 250, 253, 185, 244, 108, 158, 222, 214, 114, 137,
       245, 219, 223, 87, 31, 208, 151, 244, 76, 139, 189, 215, 13, 234,
       29, 151, 93, 184, 242, 59, 188, 123, 158, 46, 185, 135, 224, 73,
       169, 216, 128, 167, 76, 128, 111, 168, 248, 209, 10, 180, 64, 226,
       213, 5, 97, 201, 1, 170, 120, 76, 137, 41, 47, 211, 9, 49, 111,
       213, 164, 28, 186, 82, 241, 45, 246, 82, 74, 8, 15, 80, 20, 116,
       17, 153, 44, 24, 4, 240, 29, 140, 73, 16, 240, 35, 188, 88, 87,
       34, 249, 23, 179, 205, 54, 61, 184, 157, 26, 114, 190, 146, 241,
       236, 127, 9, 19, 237, 230, 33, 243, 197, 36, 195, 115, 205, 158,
       224, 111, 82, 12, 225, 107, 215, 44, 85, 186, 90, 56, 233, 116,
       112, 92, 56, 47, 212, 16, 245, 111, 153, 172, 24, 1, 240, 29, 156,
       73, 16, 242, 51, 189, 88, 87, 32, 250, 62, 50, 125, 174, 62, 189,
       185, 121, 244, 126, 222, 53, 125, 62, 249, 117, 242, 212, 67, 96,
       241, 114, 209, 116, 77, 168, 164, 153, 126, 220, 125, 235, 245,
       36, 87, 190, 86, 122, 137, 116, 248, 93, 26, 14, 212, 135, 192,
       79, 153, 172, 24, 5, 242, 29, 159, 73, 16, 242, 59, 188, 90, 87,
       34, 248, 31, 164, 153, 34, 11, 129, 160, 109, 82, 56, 214, 117,
       240, 70, 161, 80, 238, 154, 1, 210, 197, 32, 195, 211, 204, 138,
       224, 207, 66, 12, 177, 106, 223, 36, 69, 190, 91, 120, 233, 116,
       112, 92, 56, 47, 212, 21, 183, 111, 153, 172, 24, 5, 240, 29, 156,
       73, 16, 242, 51, 189, 88, 87, 32, 250, 45, 38, 101, 40, 157, 253,
       167, 125, 248, 126, 234, 53, 108, 61, 233, 229, 203, 236, 195,
       112, 241, 66, 25, 252, 85, 109, 8, 131, 252, 86, 43, 199, 221,
       104, 87, 186, 119, 50, 169, 124, 124, 84, 26, 175, 84, 227, 246,
       105, 184, 44, 24, 0, 240, 29, 143, 73, 22, 242, 39, 188, 218, 215,
       40, 120, 207, 59, 194, 117, 253, 162, 122, 202, 24, 187, 192, 251,
       226, 194, 130, 91, 32, 157, 191, 223, 239, 175, 203, 91, 7, 202,
       250, 167, 82, 37, 163, 198, 95, 179, 60, 123, 119, 189, 245, 247,
       201, 108, 242, 90, 235, 13, 139, 243, 92, 230, 24, 245, 197, 254,
       252, 226, 83, 191, 247, 151, 156, 119, 145, 39, 15, 166, 193, 167,
       221, 160, 163, 92, 56, 121, 66, 125, 163, 75, 130, 65, 98, 93,
