%YAML:1.0
descriptors: !!opencv-matrix
   rows: 134
   cols: 64
   dt: u
   data: [ 61, 244, 125, 172, 54, 255, 191, 126, 245, 220, 220, 245, 125,
       63, 189, 247, 251, 252, 67, 105, 241, 99, 244, 55, 109, 169, 172,
       157, 123, 93, 125, 235, 245, 36, 85, 190, 87, 122, 137, 244, 218,
       223, 58, 46, 212, 55, 247, 110, 153, 172, 30, 5, 240, 29, 157, 73,
       16, 242, 59, 188, 90, 87, 34, 251, 45, 230, 109, 168, 50, 125,
       183, 125, 189, 222, 238, 181, 93, 63, 253, 231, 203, 252, 199,
       105, 241, 80, 180, 48, 125, 189, 45, 145, 125, 94, 61, 249, 240,
       100, 127, 186, 210, 114, 137, 124, 254, 95, 56, 174, 86, 134, 84,
       108, 137, 45, 94, 13, 250, 29, 143, 76, 144, 226, 43, 188, 91, 78,
       42, 178, 75, 5, 172, 156, 39, 191, 31, 63, 165, 100, 125, 128, 25,
       184, 60, 39, 132, 124, 65, 116, 176, 115, 208, 51, 88, 168, 136,
       20, 113, 80, 61, 201, 217, 56, 146, 40, 195, 106, 128, 193, 146,
       155, 29, 15, 208, 150, 229, 78, 17, 128, 154, 12, 98, 29, 151, 12,
       57, 162, 59, 188, 65, 70, 14, 249, 34, 6, 12, 138, 206, 31, 131,
       49, 166, 94, 58, 4, 25, 125, 121, 36, 68, 118, 64, 160, 208, 114,
       152, 102, 88, 164, 4, 0, 188, 218, 25, 89, 96, 44, 195, 48, 82,
       66, 10, 8, 182, 85, 8, 142, 20, 230, 224, 77, 147, 13, 152, 12,
       182, 9, 141, 27, 17, 98, 42, 60, 66, 196, 42, 240, 11, 5, 12, 156,
       39, 143, 22, 7, 37, 68, 63, 128, 24, 60, 60, 167, 133, 120, 1,
       245, 128, 114, 208, 51, 89, 8, 128, 20, 113, 144, 29, 65, 144, 56,
       82, 40, 67, 74, 128, 168, 178, 191, 60, 47, 212, 22, 228, 78, 17,
       128, 153, 12, 115, 29, 147, 12, 57, 226, 59, 188, 65, 86, 6, 217,
       190, 249, 255, 142, 54, 93, 157, 127, 247, 222, 253, 240, 127, 58,
       182, 220, 251, 214, 103, 97, 81, 22, 229, 119, 253, 191, 245, 25,
       87, 218, 118, 41, 212, 36, 84, 190, 82, 120, 201, 244, 114, 95,
       57, 47, 208, 20, 245, 108, 153, 172, 24, 5, 240, 29, 156, 73, 16,
       242, 51, 189, 88, 95, 34, 251, 50, 113, 89, 158, 19, 3, 84, 43,
       198, 0, 181, 176, 53, 130, 180, 86, 118, 150, 68, 85, 3, 170, 225,
       7, 156, 130, 224, 9, 19, 184, 212, 40, 130, 44, 36, 158, 2, 88, 3,
       212, 18, 203, 53, 11, 128, 20, 165, 78, 129, 166, 211, 4, 40, 24,
       148, 73, 16, 114, 57, 152, 25, 6, 34, 217, 254, 244, 125, 166,
       255, 47, 95, 57, 247, 117, 253, 251, 255, 126, 180, 93, 246, 247,
       87, 241, 249, 163, 177, 124, 254, 254, 233, 127, 251, 249, 253,
       239, 193, 44, 22, 254, 218, 113, 161, 247, 82, 223, 93, 15, 209,
       20, 244, 77, 153, 172, 26, 13, 248, 29, 157, 73, 24, 242, 51, 188,
       218, 86, 34, 253, 60, 247, 125, 174, 54, 125, 185, 249, 245, 222,
       247, 181, 125, 58, 253, 247, 250, 212, 71, 105, 113, 114, 165, 52,
       237, 189, 165, 153, 127, 94, 125, 185, 240, 100, 117, 254, 214,
       114, 129, 245, 222, 223, 59, 30, 210, 134, 192, 108, 137, 173, 94,
       5, 250, 29, 159, 77, 144, 242, 59, 156, 91, 78, 34, 177, 133, 38,
       209, 166, 89, 130, 165, 74, 0, 97, 2, 115, 163, 79, 128, 65, 106,
       85, 37, 97, 194, 45, 168, 115, 14, 218, 16, 15, 82, 8, 33, 79, 87,
       39, 116, 154, 0, 120, 109, 86, 65, 80, 24, 3, 201, 20, 253, 207,
       9, 36, 24, 4, 240, 30, 140, 73, 16, 242, 51, 189, 72, 87, 32, 250,
       61, 54, 109, 174, 63, 253, 185, 125, 253, 254, 222, 53, 125, 62,
       249, 229, 251, 252, 67, 96, 241, 34, 213, 116, 77, 189, 164, 139,
       90, 94, 121, 251, 213, 44, 87, 190, 83, 122, 169, 116, 248, 92,
       56, 46, 212, 55, 246, 109, 153, 172, 24, 5, 240, 29, 157, 73, 16,
       242, 51, 188, 88, 87, 32, 250, 13, 34, 97, 32, 25, 176, 33, 88,
       192, 26, 194, 53, 96, 7, 137, 97, 66, 12, 131, 64, 225, 2, 8, 84,
       4, 136, 0, 129, 18, 12, 41, 200, 124, 4, 213, 186, 53, 50, 1, 20,
       140, 68, 26, 128, 68, 195, 2, 73, 56, 44, 24, 0, 226, 29, 204, 9,
       4, 34, 7, 148, 8, 6, 96, 80, 58, 241, 249, 222, 54, 7, 93, 75,
       199, 102, 189, 184, 127, 234, 180, 94, 247, 214, 38, 99, 135, 188,
       193, 39, 220, 215, 231, 123, 83, 188, 245, 105, 195, 44, 20, 190,
       202, 120, 227, 253, 114, 202, 181, 107, 246, 20, 245, 111, 153,
       174, 24, 7, 96, 29, 156, 73, 16, 242, 115, 185, 120, 86, 32, 251,
       5, 34, 64, 32, 25, 160, 34, 72, 0, 24, 194, 53, 96, 3, 128, 1, 66,
       76, 131, 64, 225, 32, 8, 81, 68, 136, 8, 133, 18, 12, 33, 64, 21,
       36, 84, 186, 49, 58, 1, 20, 204, 68, 26, 2, 64, 65, 130, 79, 24,
       36, 24, 0, 240, 28, 140, 9, 0, 34, 23, 148, 72, 23, 32, 120, 4,
       34, 193, 128, 24, 134, 166, 69, 0, 42, 2, 53, 208, 6, 147, 64,
       226, 65, 1, 64, 193, 37, 194, 83, 12, 136, 172, 15, 2, 140, 49,
       74, 71, 36, 85, 186, 80, 120, 41, 84, 96, 64, 16, 14, 197, 4, 129,
       79, 153, 172, 24, 5, 240, 28, 156, 65, 16, 114, 51, 189, 72, 87,
       32, 250, 45, 166, 100, 184, 29, 253, 163, 125, 52, 122, 202, 53,
       105, 127, 169, 229, 235, 188, 195, 114, 245, 34, 89, 242, 84, 44,
       32, 135, 88, 86, 33, 195, 223, 34, 87, 186, 119, 114, 233, 116,
       124, 84, 26, 175, 84, 241, 247, 111, 185, 172, 24, 5, 240, 29,
       156, 73, 22, 242, 55, 189, 90, 87, 32, 250, 22, 32, 144, 162, 17,
       130, 2, 70, 66, 2, 1, 52, 32, 2, 129, 82, 98, 2, 1, 68, 193, 33,
       195, 3, 140, 128, 232, 13, 2, 12, 161, 96, 85, 36, 21, 186, 0,
       120, 1, 84, 32, 64, 16, 8, 64, 20, 129, 78, 25, 44, 24, 4, 96, 24,
       28, 65, 16, 50, 51, 144, 24, 22, 32, 226, 90, 49, 187, 244, 38,
       151, 88, 103, 67, 167, 85, 148, 215, 192, 18, 82, 244, 211, 66,
       235, 143, 61, 195, 215, 141, 138, 230, 223, 66, 172, 244, 232,
       199, 60, 36, 190, 202, 120, 194, 215, 208, 89, 181, 110, 179, 28,
       129, 111, 155, 172, 25, 71, 112, 29, 60, 89, 16, 243, 51, 249,
       121, 54, 96, 251, 7, 38, 192, 32, 89, 162, 34, 70, 32, 0, 130, 55,
       160, 7, 131, 1, 66, 77, 1, 64, 193, 37, 195, 115, 68, 136, 136, 5,
       18, 12, 33, 65, 87, 36, 85, 186, 81, 56, 1, 84, 100, 80, 24, 14,
       69, 17, 231, 79, 24, 44, 24, 4, 240, 28, 156, 73, 16, 242, 51,
       181, 72, 87, 32, 122, 124, 49, 243, 149, 254, 135, 219, 253, 206,
       238, 211, 53, 245, 70, 155, 86, 250, 215, 3, 102, 207, 41, 199,
       63, 140, 138, 230, 77, 82, 12, 245, 126, 119, 37, 85, 191, 82,
       114, 193, 86, 144, 72, 149, 14, 195, 12, 201, 31, 153, 172, 24, 5,
       240, 28, 156, 73, 128, 242, 51, 185, 88, 6, 32, 242, 250, 241,
       255, 245, 54, 247, 218, 241, 223, 191, 213, 222, 223, 240, 18, 90,
       252, 215, 126, 239, 175, 253, 227, 247, 237, 95, 247, 255, 66,
       191, 247, 250, 215, 44, 20, 255, 222, 121, 249, 245, 88, 92, 185,
       63, 211, 52, 243, 111, 155, 172, 25, 7, 248, 29, 156, 89, 80, 243,
       51, 221, 121, 87, 32, 255, 77, 39, 230, 112, 217, 162, 34, 114,
       32, 60, 194, 115, 194, 219, 128, 65, 226, 221, 15, 102, 229, 45,
       137, 115, 78, 138, 34, 135, 210, 4, 33, 203, 87, 39, 84, 187, 81,
       120, 69, 244, 216, 68, 24, 14, 65, 1, 195, 207, 153, 44, 24, 4,
       240, 28, 140, 73, 16, 242, 51, 157, 88, 87, 32, 249, 60, 187, 255,
       245, 62, 245, 249, 255, 221, 186, 214, 245, 111, 84, 187, 207,
       188, 222, 227, 251, 245, 127, 231, 255, 169, 42, 230, 210, 92,
       117, 245, 254, 255, 250, 253, 52, 255, 254, 248, 117, 217, 125,
       251, 110, 250, 167, 211, 107, 186, 250, 61, 199, 246, 29, 157, 93,
       23, 243, 247, 255, 251, 63, 237, 254, 63, 255, 253, 254, 62, 189,
       253, 121, 255, 255, 253, 250, 253, 123, 252, 95, 247, 255, 99,
       123, 245, 118, 211, 247, 253, 255, 229, 255, 126, 95, 245, 235,
       223, 108, 85, 190, 219, 120, 249, 125, 126, 95, 57, 47, 212, 53,
       247, 111, 153, 172, 24, 5, 240, 29, 156, 77, 24, 242, 51, 189, 88,
       215, 40, 250, 63, 178, 125, 170, 63, 189, 155, 120, 246, 126, 222,
       53, 253, 127, 185, 117, 246, 246, 67, 240, 245, 114, 193, 118,
       204, 168, 228, 91, 122, 92, 245, 235, 223, 44, 215, 190, 90, 122,
       233, 117, 120, 92, 26, 15, 212, 183, 245, 111, 153, 172, 24, 5,
