%YAML:1.0
descriptors: !!opencv-matrix
   rows: 108
   cols: 64
   dt: u
   data: [ 191, 254, 125, 231, 255, 189, 191, 120, 255, 127, 250, 123,
       253, 127, 252, 245, 243, 245, 95, 104, 253, 114, 155, 124, 111,
       252, 109, 63, 254, 95, 127, 255, 247, 100, 94, 255, 82, 115, 185,
       247, 215, 223, 90, 63, 213, 134, 252, 21, 141, 189, 28, 5, 234,
       157, 143, 77, 16, 246, 51, 156, 222, 95, 32, 188, 58, 221, 191,
       222, 38, 127, 93, 55, 247, 214, 253, 128, 127, 252, 63, 222, 253,
       187, 114, 255, 54, 127, 81, 215, 249, 119, 247, 252, 105, 246,
       222, 224, 142, 126, 227, 172, 223, 76, 250, 121, 120, 189, 245,
       237, 183, 245, 183, 110, 255, 170, 171, 203, 242, 29, 122, 85, 63,
       247, 127, 251, 115, 249, 205, 202, 236, 235, 231, 131, 211, 87,
       133, 203, 236, 223, 170, 122, 251, 190, 243, 204, 235, 213, 39,
       103, 65, 134, 165, 116, 78, 223, 61, 41, 211, 10, 50, 57, 208, 36,
       85, 186, 82, 116, 237, 116, 112, 92, 56, 63, 221, 20, 244, 236,
       153, 173, 24, 5, 240, 31, 140, 73, 16, 240, 49, 189, 92, 87, 32,
       250, 188, 251, 255, 239, 246, 127, 245, 250, 253, 213, 252, 255,
       127, 191, 254, 237, 251, 212, 127, 109, 101, 204, 165, 52, 111,
       255, 57, 57, 255, 74, 62, 185, 240, 101, 125, 218, 82, 119, 253,
       244, 247, 223, 56, 63, 221, 158, 124, 164, 141, 165, 86, 4, 248,
       31, 135, 77, 152, 244, 41, 188, 93, 79, 34, 185, 191, 252, 255,
       239, 255, 253, 223, 220, 255, 127, 189, 249, 191, 126, 254, 253,
       251, 247, 63, 115, 245, 87, 191, 125, 239, 239, 249, 63, 255, 91,
       127, 255, 245, 237, 30, 255, 210, 117, 249, 247, 115, 223, 126,
       63, 213, 22, 253, 125, 157, 188, 30, 5, 248, 29, 157, 73, 152,
       246, 59, 188, 219, 95, 34, 249, 125, 255, 255, 252, 55, 255, 125,
       126, 253, 220, 252, 185, 127, 255, 252, 254, 243, 212, 127, 111,
       245, 122, 228, 55, 125, 175, 167, 157, 127, 93, 124, 249, 242,
       100, 52, 254, 214, 123, 209, 253, 222, 223, 251, 63, 218, 183,
       197, 110, 141, 165, 95, 5, 248, 29, 159, 77, 184, 246, 123, 223,
       91, 94, 34, 251, 197, 204, 174, 217, 201, 86, 199, 200, 45, 231,
       169, 206, 146, 237, 103, 175, 137, 61, 61, 103, 14, 215, 62, 40,
       87, 215, 27, 38, 145, 7, 18, 19, 211, 151, 91, 75, 0, 237, 127,
       42, 36, 40, 40, 249, 31, 88, 125, 177, 93, 137, 48, 181, 153, 251,
       228, 174, 217, 204, 96, 45, 196, 213, 25, 186, 88, 185, 187, 221,
       34, 223, 216, 39, 91, 242, 95, 220, 87, 212, 127, 250, 189, 155,
       112, 207, 150, 61, 230, 147, 249, 87, 246, 254, 65, 243, 222, 234,
       199, 18, 97, 172, 222, 110, 250, 113, 240, 61, 245, 109, 191, 22,
       181, 111, 223, 170, 171, 223, 242, 29, 124, 93, 85, 243, 123, 251,
       121, 121, 201, 254, 250, 113, 125, 119, 191, 161, 95, 184, 214,
       59, 249, 123, 239, 66, 0, 82, 118, 151, 70, 211, 255, 186, 161,
       222, 140, 62, 231, 251, 218, 255, 229, 190, 106, 44, 140, 255,
       255, 57, 240, 245, 88, 202, 215, 78, 226, 53, 139, 95, 170, 167,
       145, 195, 104, 158, 92, 113, 78, 179, 247, 219, 190, 182, 224, 28,
       200, 13, 162, 212, 67, 71, 89, 239, 132, 197, 215, 199, 19, 232,
       18, 174, 44, 25, 126, 71, 30, 175, 230, 35, 31, 235, 146, 38, 80,
       132, 22, 9, 79, 55, 32, 249, 2, 108, 214, 200, 208, 49, 181, 107,
       171, 28, 41, 174, 93, 128, 123, 213, 209, 126, 52, 134, 89, 60,
       113, 123, 13, 52, 145, 234, 44, 158, 254, 169, 63, 127, 179, 255,
       189, 252, 206, 247, 125, 60, 251, 229, 251, 252, 67, 98, 245, 35,
       215, 118, 77, 233, 180, 139, 123, 71, 59, 235, 253, 36, 87, 186,
       83, 122, 233, 116, 248, 93, 58, 46, 212, 55, 243, 109, 153, 172,
       24, 5, 240, 29, 156, 73, 16, 242, 51, 188, 88, 87, 34, 250, 62,
       177, 253, 254, 55, 125, 249, 126, 247, 222, 221, 245, 125, 126,
       190, 126, 255, 254, 99, 115, 245, 118, 193, 247, 253, 191, 244,
       219, 122, 223, 247, 235, 223, 44, 87, 190, 219, 120, 233, 125,
       120, 221, 61, 47, 212, 53, 247, 111, 153, 172, 24, 5, 240, 29,
       156, 73, 16, 242, 51, 189, 120, 87, 32, 250, 195, 20, 130, 54,
       205, 34, 78, 2, 2, 41, 32, 67, 162, 201, 4, 27, 100, 35, 61, 211,
       202, 143, 137, 75, 66, 222, 251, 46, 210, 33, 161, 103, 3, 167,
       48, 49, 99, 140, 102, 194, 64, 226, 42, 201, 201, 89, 191, 203,
       64, 194, 16, 4, 101, 98, 168, 163, 19, 49, 183, 151, 132, 52, 144,
       44, 250, 253, 255, 246, 127, 39, 223, 59, 215, 93, 245, 243, 191,
       250, 54, 92, 246, 247, 127, 247, 247, 47, 209, 119, 254, 250, 247,
       31, 122, 249, 244, 236, 207, 47, 6, 191, 222, 60, 255, 253, 91,
       223, 183, 207, 217, 125, 181, 207, 253, 166, 153, 201, 240, 60,
       156, 211, 120, 246, 119, 187, 122, 93, 188, 251, 193, 15, 134,
       212, 65, 74, 228, 214, 36, 253, 2, 195, 2, 233, 130, 15, 235, 213,
       61, 111, 70, 143, 226, 115, 79, 219, 186, 46, 82, 0, 50, 79, 215,
       39, 116, 187, 82, 124, 255, 116, 81, 116, 56, 47, 203, 28, 125,
       239, 217, 164, 88, 149, 241, 30, 156, 75, 17, 252, 51, 189, 88,
       85, 1, 250, 60, 41, 127, 171, 50, 125, 177, 253, 221, 212, 94,
       181, 81, 54, 249, 230, 155, 220, 195, 106, 117, 112, 196, 148,
       249, 173, 132, 145, 105, 210, 63, 187, 164, 0, 71, 178, 223, 82,
       201, 124, 248, 29, 119, 38, 116, 183, 230, 108, 187, 172, 239, 15,
       242, 29, 157, 92, 36, 226, 43, 248, 123, 143, 110, 250, 179, 222,
       210, 231, 253, 220, 223, 200, 254, 255, 58, 203, 175, 109, 74,
       189, 239, 213, 61, 107, 204, 15, 175, 124, 111, 223, 59, 47, 215,
       11, 51, 127, 247, 229, 92, 91, 114, 247, 237, 246, 83, 92, 104,
       63, 223, 30, 252, 181, 137, 157, 92, 5, 248, 151, 141, 107, 144,
       244, 50, 189, 92, 87, 48, 190, 227, 10, 227, 161, 207, 214, 143,
       200, 238, 255, 170, 78, 255, 237, 51, 53, 235, 213, 47, 102, 200,
       135, 138, 124, 78, 223, 189, 47, 210, 14, 51, 59, 87, 36, 85, 187,
       82, 124, 237, 118, 112, 84, 56, 47, 213, 28, 244, 181, 153, 172,
       24, 5, 240, 29, 156, 73, 16, 240, 51, 189, 92, 87, 32, 250, 29,
       186, 221, 166, 63, 251, 179, 126, 126, 188, 222, 119, 189, 63,
       170, 240, 255, 215, 33, 97, 229, 37, 195, 115, 205, 233, 240, 111,
       90, 10, 243, 107, 223, 36, 85, 186, 83, 122, 233, 124, 112, 92,
       56, 47, 213, 21, 245, 111, 153, 172, 24, 5, 240, 29, 156, 73, 16,
       242, 51, 189, 88, 87, 32, 250, 134, 168, 138, 31, 35, 72, 156,
       143, 91, 161, 189, 250, 50, 150, 166, 250, 169, 146, 32, 211, 141,
       133, 103, 3, 197, 215, 209, 43, 67, 174, 134, 98, 143, 36, 69,
       186, 90, 88, 233, 116, 112, 93, 48, 41, 149, 20, 181, 109, 153,
       174, 8, 7, 240, 29, 248, 65, 16, 243, 51, 189, 24, 87, 32, 218,
       45, 239, 111, 201, 55, 253, 245, 120, 189, 215, 174, 250, 221, 61,
       237, 237, 139, 253, 111, 111, 117, 118, 82, 243, 101, 127, 17,
       181, 124, 78, 50, 177, 222, 68, 223, 138, 82, 120, 249, 60, 124,
       93, 58, 55, 213, 243, 247, 111, 153, 189, 24, 5, 240, 29, 222, 77,
       48, 242, 51, 173, 88, 223, 44, 250, 42, 142, 239, 170, 10, 253,
       161, 103, 253, 244, 94, 157, 89, 60, 255, 238, 203, 92, 227, 104,
       244, 83, 222, 117, 125, 221, 29, 167, 111, 211, 63, 203, 133, 36,
       67, 186, 119, 90, 237, 60, 120, 21, 116, 37, 85, 150, 118, 225,
       159, 172, 137, 12, 243, 29, 156, 24, 48, 226, 43, 188, 75, 223,
       44, 250, 50, 253, 253, 138, 54, 223, 157, 111, 239, 199, 189, 248,
       255, 58, 188, 94, 251, 247, 98, 61, 150, 119, 210, 103, 253, 247,
       245, 61, 55, 154, 86, 41, 214, 12, 215, 158, 202, 120, 235, 124,
       48, 219, 60, 45, 149, 28, 245, 46, 147, 172, 152, 13, 178, 25,
       212, 91, 16, 242, 50, 189, 89, 221, 104, 250, 0, 5, 12, 138, 38,
       29, 20, 53, 53, 92, 60, 5, 24, 60, 60, 38, 4, 122, 192, 160, 208,
       114, 208, 226, 88, 32, 132, 80, 56, 208, 29, 65, 204, 24, 131,
       160, 223, 72, 128, 40, 114, 157, 23, 167, 148, 118, 228, 78, 51,
       168, 137, 12, 178, 9, 154, 16, 63, 67, 62, 180, 99, 210, 108, 200,
