%YAML:1.0
descriptors: !!opencv-matrix
   rows: 86
   cols: 64
   dt: u
   data: [ 62, 177, 125, 254, 54, 181, 253, 123, 247, 254, 213, 245, 125,
       126, 181, 86, 246, 254, 67, 251, 245, 118, 209, 247, 221, 186,
       228, 219, 122, 221, 245, 235, 223, 44, 87, 190, 219, 120, 233,
       125, 120, 93, 61, 47, 212, 53, 247, 111, 153, 172, 24, 7, 240, 29,
       156, 89, 16, 242, 51, 189, 123, 87, 32, 250, 63, 182, 125, 174,
       63, 253, 177, 125, 247, 124, 214, 245, 125, 127, 188, 244, 255,
       222, 67, 243, 245, 34, 209, 119, 221, 190, 228, 219, 122, 223,
       247, 235, 223, 44, 85, 190, 95, 122, 233, 124, 120, 93, 58, 47,
       212, 53, 247, 111, 153, 172, 153, 13, 240, 29, 156, 73, 48, 242,
       51, 189, 90, 87, 32, 250, 62, 53, 125, 166, 119, 47, 63, 123, 247,
       84, 255, 55, 125, 62, 188, 117, 243, 245, 67, 116, 113, 50, 145,
       118, 220, 252, 237, 157, 114, 222, 125, 233, 198, 44, 87, 190,
       218, 120, 137, 125, 120, 221, 21, 175, 196, 53, 244, 78, 153, 164,
       153, 13, 242, 29, 158, 81, 48, 242, 59, 188, 90, 151, 44, 248, 23,
       54, 85, 162, 29, 176, 11, 92, 98, 126, 146, 52, 108, 47, 129, 19,
       230, 230, 1, 240, 225, 32, 195, 115, 204, 168, 224, 77, 82, 12,
       225, 107, 215, 36, 85, 186, 90, 56, 161, 116, 112, 92, 24, 143,
       212, 16, 229, 111, 153, 172, 24, 1, 240, 29, 156, 73, 16, 242, 51,
       189, 88, 87, 32, 250, 63, 53, 253, 182, 22, 39, 125, 126, 246,
       198, 213, 48, 125, 110, 176, 86, 254, 214, 3, 99, 241, 50, 193,
       119, 204, 170, 228, 205, 82, 28, 244, 233, 214, 36, 20, 190, 82,
       120, 193, 116, 88, 88, 60, 47, 208, 20, 197, 110, 153, 172, 24, 5,
       240, 29, 156, 73, 16, 242, 51, 189, 88, 87, 32, 250, 255, 253,
       247, 247, 255, 175, 251, 122, 255, 125, 245, 251, 255, 234, 246,
       93, 242, 245, 127, 115, 255, 47, 179, 127, 254, 234, 231, 191,
       250, 89, 125, 239, 247, 111, 62, 255, 214, 125, 241, 253, 219,
       223, 223, 15, 201, 55, 217, 95, 141, 164, 88, 5, 234, 62, 157, 73,
       24, 246, 115, 191, 223, 79, 34, 249, 252, 249, 255, 253, 54, 127,
       249, 255, 221, 253, 255, 255, 127, 254, 255, 254, 251, 213, 127,
       111, 63, 255, 247, 191, 191, 239, 247, 191, 127, 223, 126, 254,
       239, 111, 239, 255, 214, 127, 249, 255, 251, 223, 247, 126, 255,
       255, 61, 190, 239, 189, 255, 223, 250, 191, 151, 93, 248, 254,
       121, 251, 255, 143, 175, 255, 187, 254, 119, 235, 255, 252, 163,
       153, 253, 255, 90, 255, 173, 127, 235, 245, 242, 247, 189, 58,
       253, 103, 159, 124, 229, 252, 121, 183, 254, 83, 251, 255, 247,
       233, 223, 53, 127, 251, 253, 55, 253, 92, 106, 190, 213, 195, 250,
       49, 188, 221, 28, 45, 245, 165, 143, 239, 86, 220, 182, 143, 210,
       223, 60, 254, 123, 84, 120, 190, 63, 38, 93, 14, 246, 110, 189,
       168, 63, 202, 36, 95, 246, 246, 5, 241, 232, 162, 185, 63, 68,
       139, 224, 11, 83, 57, 253, 111, 209, 172, 20, 62, 66, 112, 161,
       255, 82, 202, 72, 9, 208, 16, 228, 79, 153, 172, 26, 5, 108, 28,
       156, 65, 16, 242, 179, 188, 216, 86, 34, 253, 179, 212, 93, 142,
       63, 11, 29, 30, 119, 100, 61, 216, 63, 59, 228, 255, 231, 214, 4,
       97, 192, 224, 169, 58, 108, 143, 225, 27, 243, 9, 89, 111, 209,
       164, 20, 250, 66, 114, 161, 246, 210, 222, 72, 15, 208, 22, 228,
       77, 153, 164, 26, 5, 120, 29, 149, 73, 24, 242, 51, 188, 88, 86,
       34, 249, 185, 223, 109, 244, 254, 189, 255, 120, 253, 93, 254, 89,
       95, 120, 252, 229, 226, 212, 79, 107, 244, 40, 164, 118, 109, 174,
       167, 27, 255, 95, 125, 255, 242, 100, 92, 186, 82, 114, 145, 244,
       211, 95, 24, 30, 208, 134, 192, 78, 137, 173, 94, 5, 248, 29, 159,
       73, 16, 242, 51, 188, 88, 94, 34, 185, 60, 171, 125, 249, 186,
       253, 243, 113, 253, 92, 238, 85, 221, 116, 249, 228, 243, 220,
       195, 98, 244, 56, 128, 242, 217, 111, 167, 232, 204, 198, 127,
       251, 255, 38, 85, 186, 87, 114, 249, 124, 248, 93, 184, 47, 212,
       167, 247, 111, 153, 172, 24, 5, 240, 29, 157, 73, 16, 242, 51,
       189, 88, 87, 33, 248, 92, 17, 220, 188, 119, 59, 50, 119, 52, 16,
       87, 20, 29, 86, 188, 81, 226, 221, 1, 100, 193, 55, 192, 115, 76,
       136, 172, 13, 82, 12, 60, 104, 215, 36, 84, 186, 82, 122, 129,
       116, 208, 95, 24, 14, 209, 20, 229, 78, 153, 172, 24, 5, 240, 29,
       157, 73, 16, 242, 51, 189, 88, 86, 34, 249, 191, 244, 125, 239,
       255, 189, 223, 24, 255, 93, 253, 251, 191, 123, 228, 253, 246,
       247, 126, 121, 245, 114, 179, 124, 230, 255, 233, 123, 255, 123,
       255, 189, 254, 237, 158, 223, 234, 113, 185, 247, 223, 223, 127,
       31, 208, 23, 252, 29, 141, 183, 22, 13, 232, 183, 159, 109, 56,
       182, 181, 158, 255, 223, 46, 189, 122, 241, 155, 222, 38, 147, 92,
       3, 199, 130, 53, 152, 127, 194, 52, 90, 252, 211, 32, 223, 135,
       61, 193, 71, 141, 211, 247, 125, 67, 248, 244, 104, 214, 62, 164,
       158, 202, 108, 242, 113, 50, 203, 181, 105, 183, 28, 181, 110,
       215, 170, 24, 199, 98, 25, 60, 93, 17, 243, 123, 251, 121, 121,
       227, 235, 59, 245, 125, 222, 55, 189, 93, 25, 247, 85, 189, 250,
       189, 123, 164, 93, 246, 247, 102, 241, 245, 118, 145, 118, 244,
       247, 241, 123, 123, 123, 213, 233, 158, 108, 150, 190, 202, 120,
       249, 125, 118, 223, 59, 173, 213, 81, 245, 111, 153, 174, 152, 15,
       248, 29, 222, 93, 56, 242, 115, 191, 122, 215, 46, 219, 186, 241,
       155, 246, 54, 2, 92, 42, 87, 195, 117, 242, 183, 194, 148, 90,
       246, 215, 36, 223, 7, 44, 193, 71, 173, 158, 227, 127, 82, 40,
       244, 41, 210, 54, 52, 190, 202, 124, 242, 245, 80, 202, 181, 105,
       178, 20, 213, 111, 155, 174, 25, 199, 120, 24, 188, 73, 17, 243,
       115, 251, 121, 119, 161, 251, 186, 49, 81, 246, 62, 32, 120, 102,
       82, 104, 85, 117, 117, 66, 146, 80, 246, 214, 4, 98, 199, 40, 161,
       86, 140, 138, 226, 219, 194, 44, 245, 109, 87, 36, 52, 190, 90,
       112, 193, 213, 81, 200, 157, 74, 224, 20, 225, 79, 137, 166, 88,
       71, 240, 30, 156, 73, 16, 243, 51, 187, 88, 6, 34, 249, 61, 54,
       125, 160, 63, 53, 37, 124, 245, 124, 214, 49, 109, 63, 153, 69,
       250, 252, 67, 96, 241, 98, 209, 244, 92, 168, 228, 153, 122, 28,
       121, 233, 221, 36, 85, 190, 86, 112, 1, 124, 124, 84, 26, 142, 68,
       161, 198, 77, 153, 172, 24, 9, 240, 29, 157, 73, 56, 242, 51, 156,
       90, 151, 40, 248, 63, 54, 117, 160, 29, 52, 37, 121, 228, 126,
       242, 48, 109, 59, 144, 85, 242, 244, 67, 96, 241, 34, 145, 116,
       220, 168, 228, 139, 82, 28, 121, 235, 85, 36, 86, 190, 82, 112,
       33, 220, 120, 84, 24, 143, 208, 1, 198, 77, 153, 172, 24, 1, 240,
       29, 156, 73, 16, 242, 51, 188, 88, 86, 32, 248, 61, 55, 117, 180,
       48, 172, 57, 121, 230, 68, 213, 113, 109, 123, 148, 84, 250, 214,
       7, 99, 231, 40, 193, 118, 204, 154, 229, 217, 114, 12, 241, 233,
       214, 36, 84, 190, 66, 120, 201, 116, 92, 92, 57, 15, 208, 21, 245,
       78, 153, 164, 24, 5, 240, 29, 156, 73, 24, 242, 51, 189, 88, 87,
       32, 251, 60, 174, 237, 169, 58, 253, 161, 253, 253, 254, 222, 53,
       93, 52, 251, 228, 219, 220, 195, 104, 245, 113, 222, 180, 221,
       109, 148, 129, 109, 215, 127, 235, 205, 8, 71, 170, 223, 242, 233,
       124, 252, 29, 82, 182, 84, 167, 247, 105, 187, 172, 143, 13, 242,
       29, 157, 89, 54, 226, 47, 189, 219, 223, 104, 254, 45, 54, 101,
       32, 220, 164, 47, 120, 224, 62, 192, 51, 237, 11, 128, 69, 226,
       109, 199, 96, 249, 66, 25, 252, 70, 56, 172, 135, 218, 28, 97,
       199, 89, 44, 222, 191, 89, 176, 33, 213, 76, 66, 26, 143, 64, 97,
       130, 81, 56, 60, 24, 0, 96, 188, 12, 65, 12, 178, 151, 148, 238,
       214, 44, 48, 195, 205, 130, 87, 201, 202, 218, 134, 59, 161, 7,
       203, 130, 193, 70, 139, 13, 43, 188, 151, 142, 141, 111, 11, 99,
       87, 155, 102, 129, 39, 130, 70, 159, 179, 96, 97, 49, 141, 254,
       34, 65, 60, 232, 113, 187, 88, 191, 179, 85, 194, 106, 247, 213,
       227, 120, 170, 87, 93, 244, 39, 164, 113, 145, 78, 61, 53, 245,
