%YAML:1.0
descriptors: !!opencv-matrix
   rows: 189
   cols: 64
   dt: u
   data: [ 255, 251, 125, 189, 254, 63, 63, 216, 236, 127, 249, 250, 239,
       251, 246, 93, 243, 253, 127, 101, 125, 199, 146, 116, 207, 255,
       189, 191, 251, 30, 114, 185, 210, 44, 86, 191, 82, 120, 225, 245,
       126, 94, 56, 63, 213, 31, 244, 93, 153, 173, 24, 5, 240, 29, 159,
       73, 16, 246, 51, 189, 92, 87, 32, 248, 255, 249, 255, 255, 247,
       119, 255, 250, 246, 221, 252, 251, 255, 254, 183, 95, 251, 245,
       119, 103, 125, 175, 195, 119, 78, 255, 181, 47, 211, 94, 114, 187,
       215, 36, 85, 190, 82, 120, 233, 124, 120, 92, 56, 47, 213, 20,
       245, 111, 153, 172, 24, 5, 240, 29, 156, 73, 16, 242, 51, 189, 88,
       87, 32, 250, 127, 49, 247, 182, 95, 39, 53, 122, 246, 68, 215, 51,
       255, 238, 179, 85, 250, 245, 35, 102, 101, 39, 195, 119, 78, 254,
       244, 45, 210, 12, 114, 233, 215, 36, 85, 190, 82, 120, 233, 124,
       120, 92, 56, 47, 213, 20, 245, 111, 153, 172, 24, 5, 240, 29, 156,
       73, 16, 242, 51, 189, 88, 87, 32, 250, 100, 170, 103, 137, 221,
       210, 131, 217, 236, 187, 130, 63, 233, 3, 251, 97, 202, 85, 59,
       32, 201, 7, 138, 124, 79, 208, 29, 39, 146, 15, 51, 94, 215, 167,
       223, 59, 82, 249, 109, 54, 244, 84, 106, 15, 85, 220, 120, 177,
       156, 108, 24, 36, 213, 189, 140, 107, 80, 236, 163, 189, 200, 87,
       48, 246, 61, 191, 255, 252, 62, 255, 241, 119, 253, 252, 222, 245,
       127, 125, 127, 236, 253, 171, 235, 251, 245, 127, 87, 247, 241,
       111, 246, 214, 109, 215, 255, 231, 207, 122, 227, 36, 255, 154,
       248, 125, 253, 61, 243, 167, 245, 227, 183, 111, 191, 250, 173,
       203, 246, 29, 90, 85, 63, 215, 223, 231, 243, 251, 237, 222, 251,
       222, 239, 227, 255, 255, 143, 217, 238, 127, 187, 126, 175, 125,
       126, 253, 251, 213, 63, 118, 204, 199, 171, 124, 111, 223, 63, 63,
       223, 27, 115, 63, 215, 237, 221, 219, 82, 119, 237, 247, 247, 92,
       106, 63, 221, 30, 252, 181, 140, 189, 16, 5, 249, 191, 143, 235,
       80, 252, 49, 189, 220, 95, 48, 188, 255, 59, 255, 246, 119, 55,
       61, 250, 246, 222, 254, 115, 127, 251, 178, 95, 251, 245, 39, 103,
       101, 167, 225, 119, 206, 255, 245, 47, 210, 14, 114, 233, 214, 36,
       84, 190, 82, 120, 233, 116, 112, 92, 56, 47, 213, 20, 245, 111,
       153, 172, 24, 5, 240, 29, 156, 73, 16, 242, 51, 189, 88, 87, 32,
       250, 69, 46, 85, 245, 248, 168, 171, 216, 168, 125, 130, 119, 193,
       123, 235, 97, 162, 237, 137, 98, 239, 45, 10, 122, 70, 222, 179,
       55, 156, 11, 35, 95, 87, 211, 93, 59, 16, 250, 255, 23, 229, 116,
       74, 86, 237, 138, 249, 19, 136, 245, 24, 53, 245, 254, 159, 105,
       16, 254, 147, 175, 204, 71, 33, 180, 185, 190, 254, 111, 111, 255,
       243, 182, 253, 253, 222, 255, 255, 125, 127, 252, 255, 187, 251,
       187, 245, 127, 255, 247, 243, 127, 117, 246, 109, 215, 255, 231,
       207, 121, 67, 116, 255, 155, 248, 125, 253, 29, 251, 183, 253,
       243, 247, 111, 191, 254, 143, 203, 246, 45, 218, 213, 119, 223,
       247, 175, 243, 251, 205, 222, 235, 206, 239, 169, 255, 255, 155,
       249, 252, 255, 210, 95, 255, 125, 123, 237, 234, 213, 63, 102,
       236, 199, 138, 124, 111, 222, 189, 63, 222, 27, 51, 127, 215, 229,
       93, 123, 82, 127, 237, 118, 240, 92, 72, 62, 213, 30, 253, 49,
       157, 172, 24, 5, 241, 189, 156, 107, 80, 252, 51, 189, 220, 87,
       48, 254, 61, 59, 255, 182, 55, 127, 61, 126, 246, 124, 255, 49,
       127, 255, 178, 119, 251, 212, 99, 99, 117, 166, 225, 55, 78, 239,
       165, 9, 82, 12, 112, 233, 211, 36, 85, 190, 82, 112, 225, 244,
       112, 92, 56, 47, 212, 20, 245, 110, 153, 172, 24, 5, 240, 29, 156,
       73, 16, 242, 51, 189, 88, 86, 32, 250, 237, 191, 211, 119, 121,
       162, 249, 222, 120, 249, 66, 251, 162, 203, 130, 91, 42, 213, 189,
       107, 199, 45, 235, 123, 47, 218, 178, 55, 94, 41, 32, 111, 215,
       167, 124, 187, 117, 252, 255, 119, 209, 124, 250, 111, 235, 29,
       217, 251, 201, 180, 120, 245, 245, 54, 189, 204, 81, 254, 243,
       175, 88, 117, 145, 254, 252, 235, 255, 221, 250, 255, 253, 254,
       189, 255, 255, 255, 223, 252, 251, 238, 235, 213, 127, 107, 191,
       189, 238, 187, 111, 255, 183, 63, 93, 207, 63, 255, 243, 39, 125,
       251, 86, 255, 255, 118, 243, 124, 249, 62, 255, 174, 93, 179, 141,
       173, 126, 245, 249, 191, 157, 77, 208, 254, 123, 255, 221, 95, 35,
       182, 253, 175, 247, 221, 248, 223, 251, 255, 217, 255, 235, 223,
       211, 244, 219, 238, 235, 213, 123, 111, 158, 173, 238, 191, 95,
       239, 183, 47, 87, 15, 51, 127, 247, 39, 125, 251, 82, 255, 255,
       118, 243, 124, 184, 62, 223, 190, 121, 179, 157, 172, 94, 149,
       241, 31, 148, 73, 208, 250, 49, 189, 92, 87, 33, 254, 66, 4, 175,
       129, 207, 151, 139, 253, 172, 111, 147, 14, 153, 45, 59, 5, 128,
       85, 27, 100, 200, 7, 202, 121, 78, 200, 188, 38, 208, 16, 51, 75,
       87, 37, 85, 59, 82, 106, 173, 98, 112, 92, 24, 14, 213, 28, 225,
       49, 153, 172, 24, 5, 241, 29, 156, 75, 16, 242, 51, 189, 88, 87,
       32, 250, 61, 51, 253, 182, 63, 183, 61, 126, 246, 124, 214, 49,
       125, 123, 178, 87, 250, 244, 67, 98, 241, 35, 195, 119, 76, 171,
       164, 13, 82, 24, 113, 233, 215, 36, 85, 190, 82, 120, 225, 116,
       112, 92, 56, 47, 212, 20, 245, 79, 153, 172, 24, 5, 240, 29, 156,
       73, 16, 242, 51, 189, 88, 87, 32, 250, 76, 42, 195, 161, 216, 233,
       163, 252, 204, 189, 194, 63, 209, 150, 219, 226, 235, 221, 99, 98,
       205, 133, 206, 144, 77, 201, 188, 175, 64, 142, 51, 223, 245, 36,
       85, 186, 80, 122, 237, 116, 240, 84, 48, 46, 69, 22, 232, 101,
       153, 172, 24, 5, 240, 29, 156, 73, 16, 242, 51, 188, 88, 87, 32,
       250, 236, 254, 111, 233, 254, 253, 191, 249, 253, 255, 238, 255,
       223, 190, 251, 239, 227, 221, 127, 107, 253, 213, 190, 56, 127,
       253, 189, 171, 223, 95, 63, 191, 241, 37, 93, 251, 82, 247, 237,
       246, 242, 92, 120, 62, 215, 142, 216, 177, 141, 173, 30, 37, 248,
       159, 143, 73, 144, 244, 57, 188, 95, 86, 42, 176, 191, 244, 125,
       166, 255, 183, 155, 89, 246, 127, 213, 250, 255, 107, 182, 93,
       242, 247, 7, 115, 241, 39, 243, 126, 220, 186, 245, 63, 82, 61,
       245, 239, 215, 44, 20, 190, 210, 120, 233, 255, 82, 74, 121, 15,
       209, 20, 241, 79, 153, 172, 24, 5, 240, 29, 156, 73, 16, 242, 51,
       157, 216, 87, 34, 251, 127, 52, 121, 166, 223, 166, 27, 72, 230,
       110, 209, 54, 237, 107, 177, 85, 242, 215, 3, 112, 193, 35, 131,
       124, 204, 136, 236, 15, 210, 25, 241, 107, 215, 44, 85, 190, 82,
       120, 161, 118, 80, 72, 24, 14, 209, 20, 225, 79, 153, 172, 24, 5,
       240, 29, 156, 73, 16, 242, 51, 188, 88, 87, 32, 249, 237, 110,
       103, 225, 254, 253, 171, 248, 253, 255, 202, 63, 223, 189, 251,
       231, 203, 221, 255, 105, 253, 197, 142, 248, 79, 252, 61, 183,
       252, 79, 59, 159, 113, 101, 93, 251, 86, 255, 173, 118, 252, 84,
       122, 62, 71, 175, 72, 177, 141, 45, 28, 37, 217, 191, 143, 76,
       208, 236, 35, 156, 204, 23, 32, 182, 63, 244, 125, 138, 63, 221,
       157, 125, 231, 102, 189, 248, 125, 58, 244, 245, 243, 212, 7, 97,
       193, 50, 165, 52, 76, 141, 229, 43, 83, 30, 113, 123, 240, 36, 85,
       190, 82, 112, 169, 246, 114, 94, 56, 47, 212, 22, 244, 108, 153,
       172, 16, 5, 240, 29, 148, 73, 16, 242, 51, 188, 88, 86, 32, 249,
       5, 38, 65, 32, 216, 128, 35, 72, 160, 96, 2, 52, 0, 71, 129, 1,
       66, 68, 1, 96, 192, 32, 8, 106, 78, 136, 0, 1, 146, 8, 33, 79, 81,
       166, 84, 186, 0, 242, 5, 22, 132, 96, 8, 130, 64, 0, 192, 67, 24,
       36, 16, 4, 1, 24, 140, 9, 16, 96, 35, 188, 72, 70, 32, 240, 3, 2,
       192, 50, 217, 130, 1, 10, 0, 32, 0, 51, 160, 75, 128, 1, 98, 85,
       1, 64, 194, 45, 136, 99, 78, 138, 0, 15, 146, 8, 33, 77, 87, 38,
       84, 186, 0, 112, 5, 214, 1, 64, 24, 10, 64, 20, 193, 199, 24, 36,
       24, 4, 112, 24, 140, 9, 16, 114, 51, 157, 72, 70, 32, 248, 5, 2,
