%YAML:1.0
descriptors: !!opencv-matrix
   rows: 100
   cols: 64
   dt: u
   data: [ 63, 182, 125, 167, 255, 189, 191, 120, 254, 124, 214, 119,
       253, 127, 185, 85, 254, 255, 67, 114, 245, 103, 211, 246, 205,
       252, 245, 255, 126, 30, 243, 235, 223, 44, 87, 190, 91, 120, 233,
       124, 124, 92, 56, 47, 213, 53, 247, 111, 153, 172, 24, 5, 240, 29,
       156, 73, 16, 242, 51, 189, 88, 87, 32, 250, 191, 247, 125, 255,
       255, 189, 223, 248, 255, 127, 253, 251, 239, 123, 244, 93, 247,
       247, 127, 123, 245, 118, 179, 126, 253, 255, 247, 251, 255, 123,
       247, 251, 223, 108, 150, 254, 222, 121, 249, 253, 126, 223, 123,
       191, 213, 51, 245, 111, 157, 191, 24, 13, 248, 189, 159, 93, 56,
       246, 115, 159, 250, 223, 44, 251, 190, 241, 125, 254, 55, 189,
       223, 121, 255, 215, 253, 250, 255, 122, 244, 95, 246, 215, 118,
       123, 183, 126, 209, 118, 237, 255, 231, 127, 87, 123, 245, 233,
       215, 44, 150, 254, 218, 121, 249, 245, 114, 223, 185, 47, 210, 20,
       245, 111, 153, 175, 24, 7, 248, 29, 159, 89, 16, 242, 115, 191,
       121, 95, 32, 251, 252, 253, 255, 221, 114, 79, 255, 255, 223, 253,
       253, 191, 87, 246, 223, 254, 191, 215, 250, 47, 31, 189, 230, 147,
       255, 239, 247, 127, 105, 239, 222, 63, 239, 55, 117, 255, 214,
       255, 254, 125, 114, 253, 229, 119, 191, 62, 125, 190, 223, 170,
       239, 255, 217, 255, 180, 238, 213, 253, 121, 123, 127, 108, 147,
       254, 108, 43, 239, 184, 18, 127, 33, 255, 189, 252, 198, 181, 81,
       190, 187, 238, 203, 221, 227, 111, 125, 133, 198, 179, 93, 233,
       156, 133, 89, 206, 58, 235, 213, 36, 85, 186, 87, 122, 205, 116,
       248, 93, 56, 38, 85, 181, 103, 238, 153, 172, 24, 5, 240, 29, 156,
       73, 16, 242, 35, 189, 88, 87, 32, 250, 221, 217, 223, 253, 117,
       243, 253, 254, 27, 249, 245, 251, 231, 208, 134, 219, 191, 223,
       188, 111, 166, 45, 230, 251, 171, 223, 243, 254, 125, 99, 246,
       255, 223, 243, 188, 117, 247, 253, 254, 119, 123, 255, 235, 119,
       191, 29, 127, 251, 255, 219, 127, 247, 253, 230, 188, 238, 87,
       159, 255, 203, 247, 125, 149, 223, 60, 186, 255, 125, 62, 253,
       241, 247, 253, 188, 222, 245, 93, 117, 251, 224, 187, 220, 235,
       107, 245, 123, 239, 191, 253, 111, 132, 150, 109, 215, 127, 238,
       253, 120, 231, 52, 255, 242, 249, 125, 253, 29, 251, 38, 228, 231,
       247, 107, 187, 254, 207, 207, 242, 29, 152, 93, 182, 243, 239,
       255, 251, 143, 108, 222, 197, 46, 242, 117, 217, 226, 163, 216,
       40, 57, 130, 111, 226, 201, 130, 9, 106, 109, 191, 71, 237, 143,
       58, 217, 70, 127, 59, 167, 152, 7, 35, 23, 95, 163, 125, 121, 48,
       189, 109, 6, 77, 100, 42, 247, 201, 105, 191, 177, 108, 212, 24,
       240, 213, 254, 140, 227, 70, 60, 149, 7, 206, 117, 145, 126, 9,
       138, 206, 233, 172, 249, 176, 244, 57, 191, 110, 205, 204, 121,
       75, 169, 137, 236, 225, 43, 244, 100, 78, 249, 105, 47, 1, 178,
       125, 71, 43, 215, 255, 208, 217, 32, 117, 186, 248, 35, 255, 60,
       106, 55, 244, 163, 243, 107, 184, 217, 28, 33, 244, 141, 153, 76,
       55, 211, 183, 167, 210, 219, 100, 254, 78, 42, 147, 51, 200, 200,
       170, 76, 72, 171, 98, 125, 242, 226, 139, 242, 203, 11, 161, 67,
       205, 5, 111, 93, 215, 203, 250, 167, 66, 163, 163, 198, 71, 132,
       79, 55, 57, 188, 233, 126, 232, 92, 96, 41, 247, 85, 179, 123,
       249, 236, 24, 3, 244, 29, 92, 97, 22, 242, 151, 181, 152, 83, 112,
       110, 199, 238, 194, 53, 233, 194, 166, 204, 120, 177, 172, 233,
       234, 183, 166, 187, 233, 169, 63, 211, 205, 133, 127, 25, 71, 207,
       249, 175, 67, 15, 35, 102, 255, 165, 70, 59, 90, 185, 237, 254,
       114, 94, 104, 175, 221, 89, 255, 99, 153, 236, 24, 1, 244, 29,
       156, 73, 16, 242, 179, 189, 216, 87, 32, 254, 69, 237, 222, 93,
       113, 219, 254, 22, 59, 253, 45, 235, 146, 255, 175, 75, 169, 251,
       176, 39, 207, 45, 82, 243, 67, 127, 147, 119, 81, 10, 18, 99, 223,
       50, 85, 162, 83, 88, 251, 124, 112, 60, 56, 39, 245, 84, 245, 111,
       153, 172, 24, 5, 240, 93, 156, 201, 18, 243, 51, 191, 88, 119, 33,
       250, 39, 54, 225, 32, 221, 34, 35, 95, 224, 2, 128, 34, 224, 1,
       130, 17, 72, 45, 3, 208, 97, 199, 82, 196, 134, 136, 216, 201,
       162, 28, 97, 192, 13, 12, 198, 174, 8, 40, 1, 68, 76, 0, 18, 129,
       193, 113, 167, 77, 48, 38, 136, 8, 98, 24, 88, 17, 44, 50, 23,
       144, 8, 211, 108, 74, 58, 17, 61, 188, 39, 61, 121, 126, 215, 134,
       213, 128, 125, 168, 63, 86, 254, 222, 67, 112, 42, 178, 192, 54,
       205, 168, 228, 216, 82, 148, 252, 169, 210, 44, 23, 190, 74, 104,
       128, 121, 184, 219, 53, 47, 214, 181, 225, 110, 155, 172, 26, 5,
       112, 29, 157, 89, 16, 242, 59, 189, 89, 22, 34, 243, 108, 188,
       239, 61, 254, 255, 251, 253, 249, 187, 206, 191, 255, 230, 251,
       235, 187, 221, 251, 119, 253, 245, 86, 221, 229, 111, 254, 183,
       73, 95, 63, 238, 255, 41, 71, 255, 222, 123, 237, 117, 120, 93,
       127, 46, 247, 119, 255, 127, 189, 174, 24, 7, 243, 253, 28, 73,
       84, 254, 191, 189, 123, 95, 98, 250, 251, 63, 219, 127, 232, 250,
       119, 78, 249, 57, 110, 139, 246, 246, 174, 250, 239, 159, 185,
       103, 238, 173, 107, 63, 199, 203, 254, 175, 203, 65, 251, 238,
       215, 167, 69, 183, 115, 254, 245, 244, 250, 94, 120, 111, 221, 95,
       231, 239, 221, 172, 24, 85, 240, 29, 157, 201, 20, 254, 51, 189,
       88, 86, 51, 251, 253, 249, 255, 254, 119, 127, 253, 254, 253, 253,
       252, 251, 127, 251, 246, 239, 251, 213, 127, 111, 117, 143, 229,
       55, 79, 255, 183, 59, 219, 79, 114, 251, 243, 39, 84, 250, 82,
       116, 249, 244, 122, 94, 56, 63, 221, 22, 245, 238, 153, 173, 30,
       5, 248, 31, 156, 73, 16, 242, 51, 189, 88, 87, 32, 251, 26, 208,
       92, 254, 47, 59, 123, 2, 53, 126, 84, 129, 29, 120, 124, 86, 244,
       222, 17, 240, 224, 114, 129, 59, 108, 136, 224, 92, 123, 113, 253,
       237, 147, 228, 16, 48, 119, 114, 144, 240, 210, 223, 95, 13, 208,
       151, 226, 79, 159, 37, 27, 4, 236, 29, 159, 77, 27, 246, 59, 156,
       89, 14, 34, 245, 231, 158, 194, 99, 253, 176, 163, 216, 188, 249,
       130, 127, 171, 91, 203, 245, 98, 213, 189, 42, 204, 7, 142, 124,
       38, 220, 57, 39, 222, 75, 35, 95, 119, 231, 221, 19, 119, 247, 45,
       182, 197, 84, 74, 30, 73, 143, 88, 145, 204, 93, 28, 37, 213, 231,
       141, 235, 80, 252, 166, 140, 204, 79, 52, 188, 128, 11, 131, 21,
       0, 64, 172, 227, 136, 138, 91, 6, 192, 196, 27, 34, 13, 8, 99, 66,
       78, 166, 198, 194, 27, 94, 150, 32, 128, 134, 34, 26, 110, 60, 65,
       168, 16, 40, 200, 64, 104, 124, 49, 170, 212, 116, 181, 111, 153,
       172, 24, 1, 208, 29, 28, 65, 1, 226, 19, 177, 44, 87, 32, 106,
       252, 250, 255, 239, 254, 253, 255, 248, 253, 255, 250, 251, 255,
       255, 251, 252, 251, 213, 127, 111, 125, 143, 175, 124, 111, 255,
       63, 63, 223, 95, 114, 191, 241, 101, 125, 219, 82, 117, 237, 246,
       123, 92, 120, 63, 223, 30, 252, 181, 141, 173, 86, 165, 248, 191,
       141, 73, 208, 252, 33, 189, 92, 95, 32, 186, 62, 127, 125, 248,
       55, 61, 57, 127, 229, 94, 243, 52, 125, 186, 252, 247, 242, 252,
       71, 124, 117, 242, 177, 54, 221, 168, 228, 153, 251, 220, 124,
       169, 120, 108, 214, 190, 194, 114, 145, 213, 158, 223, 29, 31,
       210, 167, 226, 76, 155, 173, 150, 13, 106, 29, 215, 93, 152, 242,
       123, 188, 95, 222, 42, 177, 186, 8, 131, 135, 39, 73, 144, 172,
       223, 185, 86, 207, 191, 52, 107, 178, 239, 150, 1, 27, 76, 130,
       231, 116, 73, 137, 240, 42, 90, 193, 31, 110, 221, 44, 113, 112,
       118, 107, 232, 96, 209, 93, 125, 62, 142, 22, 125, 109, 153, 136,
       89, 5, 242, 31, 157, 73, 17, 242, 55, 253, 81, 95, 0, 250, 216,
       13, 183, 213, 34, 199, 120, 119, 51, 245, 95, 199, 223, 245, 18,
       42, 181, 203, 248, 47, 158, 173, 226, 243, 217, 106, 134, 214,
       104, 209, 222, 239, 255, 51, 97, 48, 223, 74, 250, 233, 84, 61,
       189, 230, 175, 52, 103, 111, 189, 168, 169, 223, 240, 93, 24, 206,
