%YAML:1.0
descriptors: !!opencv-matrix
   rows: 202
   cols: 64
   dt: u
   data: [ 254, 242, 127, 181, 254, 55, 187, 216, 252, 127, 253, 122,
       255, 251, 182, 125, 242, 253, 127, 103, 121, 199, 179, 116, 206,
       255, 253, 191, 218, 158, 115, 187, 242, 44, 86, 255, 90, 120, 233,
       244, 90, 94, 56, 31, 209, 85, 246, 77, 153, 172, 24, 5, 240, 29,
       156, 73, 16, 242, 51, 189, 88, 86, 32, 249, 252, 249, 255, 189,
       254, 119, 251, 255, 253, 253, 252, 191, 127, 255, 255, 254, 251,
       221, 123, 102, 125, 215, 230, 52, 207, 237, 188, 185, 251, 223,
       126, 187, 241, 37, 23, 255, 82, 119, 237, 116, 122, 93, 24, 62,
       221, 191, 237, 108, 157, 172, 94, 5, 248, 31, 156, 73, 152, 244,
       57, 188, 92, 86, 34, 248, 255, 251, 125, 253, 255, 189, 95, 216,
       255, 127, 249, 250, 255, 251, 246, 93, 242, 245, 127, 125, 125,
       247, 179, 124, 207, 255, 255, 63, 255, 63, 127, 185, 210, 108,
       222, 255, 194, 125, 177, 245, 94, 222, 56, 63, 209, 94, 244, 29,
       157, 173, 16, 5, 232, 189, 159, 77, 16, 246, 49, 157, 92, 86, 34,
       185, 171, 222, 76, 111, 253, 184, 182, 184, 120, 121, 254, 235,
       174, 93, 76, 141, 133, 175, 189, 153, 253, 71, 27, 252, 227, 126,
       89, 246, 252, 87, 227, 247, 223, 249, 217, 101, 255, 155, 252, 35,
       253, 28, 106, 191, 213, 227, 254, 49, 172, 223, 9, 43, 221, 231,
       203, 237, 118, 221, 182, 167, 182, 251, 220, 30, 255, 63, 255,
       246, 119, 63, 125, 250, 246, 92, 246, 115, 255, 250, 178, 93, 250,
       245, 123, 102, 117, 143, 193, 119, 206, 255, 245, 45, 218, 92,
       118, 233, 214, 36, 85, 190, 82, 120, 233, 124, 120, 93, 56, 47,
       221, 21, 245, 79, 153, 172, 24, 5, 240, 29, 156, 73, 16, 242, 51,
       189, 88, 87, 32, 250, 61, 51, 245, 182, 55, 39, 37, 122, 230, 84,
       215, 49, 125, 123, 176, 85, 242, 247, 67, 100, 225, 39, 193, 119,
       204, 184, 228, 77, 82, 12, 240, 233, 214, 36, 85, 190, 82, 120,
       193, 124, 112, 92, 24, 15, 213, 16, 245, 79, 153, 172, 24, 5, 240,
       29, 156, 73, 16, 242, 51, 189, 88, 87, 32, 250, 195, 206, 138, 35,
       253, 146, 143, 136, 58, 191, 42, 75, 138, 91, 75, 25, 201, 231,
       61, 178, 204, 5, 10, 120, 103, 215, 57, 39, 150, 43, 35, 119, 215,
       229, 93, 83, 115, 189, 237, 54, 97, 92, 106, 189, 213, 88, 252,
       177, 221, 221, 24, 33, 213, 229, 156, 235, 80, 252, 178, 61, 212,
       87, 48, 190, 63, 49, 253, 178, 55, 55, 17, 126, 246, 84, 214, 49,
       109, 91, 176, 85, 242, 214, 67, 112, 241, 38, 193, 119, 206, 168,
       224, 9, 82, 28, 240, 233, 223, 44, 85, 190, 90, 120, 193, 116,
       112, 92, 24, 15, 212, 21, 229, 79, 153, 172, 24, 5, 240, 29, 156,
       73, 16, 242, 51, 189, 88, 87, 32, 248, 63, 49, 117, 182, 55, 37,
       29, 122, 230, 68, 215, 48, 109, 91, 176, 87, 242, 214, 3, 96, 225,
       34, 193, 119, 204, 136, 228, 9, 82, 28, 241, 105, 214, 36, 85,
       190, 82, 120, 129, 84, 112, 88, 24, 15, 212, 20, 229, 78, 153,
       172, 24, 5, 240, 29, 156, 73, 16, 242, 51, 189, 88, 87, 32, 250,
       224, 9, 175, 223, 227, 7, 91, 255, 159, 229, 21, 154, 147, 248,
       182, 78, 170, 213, 120, 111, 30, 175, 194, 35, 95, 202, 190, 46,
       211, 137, 30, 43, 199, 39, 116, 251, 82, 125, 247, 118, 208, 126,
       177, 127, 187, 28, 233, 183, 221, 140, 56, 245, 209, 127, 156,
       202, 81, 252, 113, 127, 93, 117, 147, 251, 203, 202, 207, 57, 202,
       243, 174, 192, 120, 191, 40, 203, 218, 225, 102, 201, 235, 249,
       61, 103, 236, 133, 46, 248, 71, 223, 185, 174, 195, 7, 51, 119,
       211, 37, 84, 123, 91, 125, 237, 126, 114, 94, 120, 63, 213, 93,
       255, 177, 157, 172, 24, 5, 241, 125, 156, 203, 16, 252, 51, 189,
       92, 87, 48, 251, 249, 207, 214, 223, 227, 95, 223, 238, 238, 229,
       63, 222, 191, 253, 126, 254, 239, 213, 61, 103, 78, 175, 231, 55,
       79, 223, 191, 46, 211, 10, 50, 59, 210, 39, 85, 251, 82, 119, 253,
       244, 242, 92, 56, 63, 221, 30, 253, 174, 157, 172, 24, 5, 240, 31,
       157, 75, 80, 246, 49, 189, 88, 87, 34, 250, 124, 250, 255, 253,
       254, 253, 251, 253, 253, 255, 215, 255, 253, 127, 251, 254, 187,
       221, 251, 107, 191, 127, 206, 252, 253, 255, 254, 191, 127, 255,
       127, 255, 223, 215, 253, 95, 247, 255, 253, 63, 253, 125, 239,
       126, 247, 191, 123, 51, 191, 223, 191, 231, 247, 245, 188, 254,
       204, 254, 255, 239, 255, 239, 251, 246, 197, 46, 131, 17, 200,
       210, 166, 192, 40, 187, 130, 34, 194, 227, 139, 0, 201, 41, 57,
       70, 205, 133, 74, 216, 70, 221, 25, 39, 128, 14, 35, 86, 87, 39,
       69, 171, 80, 184, 109, 94, 112, 84, 56, 175, 85, 72, 117, 177,
       153, 172, 24, 0, 209, 93, 140, 75, 16, 248, 19, 189, 72, 87, 48,
       250, 197, 46, 215, 113, 200, 210, 166, 192, 40, 63, 170, 75, 194,
       241, 203, 129, 235, 169, 189, 102, 204, 133, 14, 120, 70, 223, 59,
       231, 196, 14, 35, 87, 83, 3, 85, 171, 80, 180, 237, 94, 116, 84,
       56, 183, 69, 200, 253, 145, 153, 173, 24, 49, 241, 93, 140, 75,
       16, 252, 51, 189, 76, 87, 49, 250, 67, 6, 169, 128, 207, 150, 11,
       76, 164, 102, 147, 4, 217, 41, 49, 7, 128, 117, 3, 116, 200, 7,
       194, 97, 76, 192, 136, 4, 16, 20, 49, 73, 85, 36, 81, 171, 66,
       104, 36, 66, 48, 64, 24, 15, 213, 28, 229, 11, 25, 172, 24, 5,
       113, 29, 156, 8, 16, 226, 51, 188, 72, 86, 32, 250, 197, 187, 215,
       245, 248, 168, 251, 200, 56, 253, 99, 251, 199, 115, 210, 121,
       162, 205, 188, 107, 207, 45, 234, 123, 111, 222, 179, 127, 220,
       43, 35, 127, 87, 243, 124, 27, 112, 253, 251, 183, 213, 124, 233,
       119, 235, 10, 253, 59, 201, 245, 56, 115, 245, 247, 158, 107, 81,
       222, 243, 175, 220, 119, 177, 190, 229, 45, 247, 213, 24, 199,
       233, 255, 204, 229, 131, 245, 211, 238, 179, 206, 235, 213, 35,
       99, 158, 173, 230, 59, 15, 203, 182, 47, 82, 8, 50, 111, 215, 39,
       117, 187, 82, 124, 235, 118, 112, 124, 56, 46, 223, 28, 241, 239,
       153, 172, 24, 5, 240, 29, 156, 73, 16, 242, 51, 189, 88, 87, 33,
       250, 212, 185, 211, 247, 120, 226, 248, 239, 216, 185, 83, 251,
       163, 194, 130, 218, 43, 197, 188, 79, 143, 141, 238, 91, 111, 223,
       179, 39, 86, 43, 34, 110, 87, 167, 124, 251, 118, 253, 255, 119,
       81, 124, 227, 127, 171, 12, 125, 251, 221, 172, 122, 245, 245,
       246, 188, 234, 209, 254, 243, 235, 92, 53, 145, 254, 210, 16, 154,
       183, 207, 130, 30, 15, 70, 107, 17, 42, 178, 198, 38, 26, 118, 19,
       56, 212, 200, 133, 195, 73, 198, 192, 250, 47, 210, 41, 160, 42,
       71, 165, 20, 251, 35, 109, 36, 86, 0, 202, 20, 9, 217, 28, 197,
       29, 221, 174, 24, 5, 101, 120, 28, 235, 80, 190, 49, 185, 28, 84,
       50, 227, 250, 216, 146, 183, 203, 198, 158, 137, 78, 235, 57, 223,
       183, 230, 51, 124, 255, 147, 61, 215, 76, 141, 175, 108, 158, 223,
       251, 47, 211, 187, 242, 191, 67, 165, 95, 127, 115, 125, 237, 118,
       96, 76, 100, 123, 223, 28, 253, 181, 221, 140, 24, 181, 213, 255,
       156, 235, 208, 252, 49, 57, 92, 85, 16, 190, 7, 6, 65, 162, 217,
       128, 35, 72, 164, 96, 0, 53, 161, 75, 128, 5, 98, 117, 1, 96, 192,
       38, 136, 107, 70, 136, 0, 7, 146, 8, 33, 79, 87, 166, 20, 186, 0,
       240, 5, 86, 1, 64, 8, 10, 64, 0, 192, 67, 24, 36, 24, 4, 96, 24,
       140, 9, 16, 98, 51, 156, 72, 7, 32, 240, 163, 6, 192, 162, 217,
       160, 167, 72, 244, 121, 10, 115, 163, 79, 160, 85, 98, 117, 165,
       99, 224, 47, 139, 127, 70, 222, 49, 39, 210, 9, 33, 79, 87, 167,
       84, 186, 113, 248, 109, 118, 65, 84, 10, 43, 197, 17, 253, 195,
       152, 164, 24, 4, 244, 28, 140, 73, 16, 242, 179, 189, 216, 87, 32,
       250, 171, 220, 194, 171, 223, 170, 167, 26, 252, 125, 108, 235,
       175, 75, 38, 93, 235, 247, 37, 243, 229, 47, 187, 127, 102, 223,
       121, 47, 219, 83, 99, 231, 215, 175, 86, 178, 115, 120, 237, 246,
       123, 94, 122, 47, 217, 81, 255, 231, 153, 164, 24, 4, 244, 29,
       156, 73, 16, 242, 183, 189, 218, 87, 34, 251, 63, 183, 125, 174,
       63, 189, 189, 57, 247, 222, 215, 245, 253, 127, 61, 85, 252, 255,
