%YAML:1.0
descriptors: !!opencv-matrix
   rows: 196
   cols: 64
   dt: u
   data: [ 252, 49, 255, 181, 126, 103, 63, 255, 212, 245, 213, 255, 127,
       254, 182, 94, 251, 221, 115, 103, 105, 167, 231, 55, 206, 223,
       252, 175, 211, 142, 114, 235, 215, 36, 23, 190, 82, 112, 233, 116,
       120, 92, 48, 47, 213, 21, 247, 110, 153, 172, 24, 5, 240, 29, 156,
       73, 16, 242, 51, 189, 88, 87, 32, 250, 252, 251, 255, 189, 255,
       119, 187, 254, 252, 255, 253, 255, 255, 255, 246, 254, 243, 221,
       127, 103, 125, 167, 231, 182, 207, 239, 253, 175, 211, 30, 114,
       251, 251, 44, 85, 190, 83, 112, 233, 244, 122, 92, 56, 47, 213,
       55, 247, 109, 153, 172, 24, 5, 240, 29, 156, 73, 16, 242, 51, 189,
       88, 86, 34, 248, 252, 57, 255, 253, 246, 127, 251, 254, 221, 252,
       254, 189, 127, 254, 251, 254, 251, 221, 123, 110, 125, 155, 231,
       183, 239, 239, 188, 189, 255, 223, 126, 191, 245, 37, 117, 255,
       86, 119, 233, 116, 250, 93, 121, 62, 221, 167, 239, 108, 157, 173,
       95, 133, 248, 31, 156, 73, 208, 246, 59, 189, 93, 6, 34, 250, 252,
       249, 255, 255, 50, 111, 253, 255, 221, 220, 253, 255, 127, 254,
       255, 254, 251, 212, 127, 111, 55, 255, 229, 183, 255, 255, 247,
       153, 255, 207, 126, 187, 250, 103, 117, 255, 214, 127, 217, 252,
       123, 125, 253, 126, 255, 191, 119, 238, 207, 173, 119, 213, 248,
       31, 180, 77, 216, 252, 105, 251, 93, 79, 163, 186, 255, 254, 127,
       125, 255, 127, 255, 217, 253, 253, 253, 251, 255, 255, 246, 253,
       243, 253, 63, 111, 125, 199, 181, 52, 255, 255, 253, 191, 255, 95,
       126, 187, 240, 109, 84, 255, 83, 115, 249, 244, 218, 222, 56, 63,
       217, 23, 254, 125, 137, 173, 30, 5, 248, 31, 159, 77, 16, 246, 51,
       156, 92, 86, 34, 185, 195, 206, 130, 103, 249, 194, 202, 136, 24,
       185, 42, 107, 162, 203, 194, 185, 107, 161, 189, 159, 207, 143,
       175, 93, 103, 223, 59, 39, 151, 43, 35, 86, 119, 235, 108, 81,
       116, 181, 255, 182, 193, 116, 234, 255, 203, 74, 57, 177, 236,
       221, 84, 241, 221, 230, 172, 227, 215, 92, 228, 39, 196, 117, 145,
       62, 207, 174, 206, 67, 234, 219, 134, 128, 56, 191, 42, 75, 154,
       242, 226, 201, 201, 241, 61, 175, 205, 133, 47, 120, 71, 223, 59,
       39, 206, 79, 51, 87, 215, 167, 92, 123, 90, 253, 237, 126, 112,
       84, 104, 63, 213, 76, 253, 177, 157, 205, 24, 37, 213, 255, 156,
       235, 80, 252, 179, 61, 220, 87, 48, 254, 124, 125, 255, 220, 55,
       79, 93, 127, 199, 198, 253, 176, 119, 206, 191, 254, 255, 214, 98,
       223, 23, 190, 245, 135, 223, 35, 230, 89, 81, 252, 254, 169, 234,
       62, 103, 254, 202, 126, 210, 253, 178, 255, 181, 111, 190, 54,
       165, 110, 219, 174, 255, 223, 114, 29, 149, 81, 145, 243, 121,
       251, 121, 244, 171, 251, 54, 177, 81, 95, 250, 200, 222, 173, 91,
       57, 255, 63, 252, 119, 203, 240, 255, 130, 0, 146, 205, 40, 135,
       198, 238, 223, 241, 251, 174, 171, 207, 126, 191, 237, 101, 246,
       254, 19, 251, 117, 97, 92, 137, 107, 236, 150, 253, 79, 161, 230,
       73, 199, 180, 6, 24, 105, 70, 115, 158, 121, 56, 39, 160, 76, 253,
       254, 255, 253, 127, 127, 255, 255, 253, 253, 254, 255, 255, 127,
       251, 237, 247, 255, 255, 251, 245, 247, 255, 254, 249, 111, 253,
       246, 253, 87, 247, 255, 239, 105, 215, 244, 255, 251, 249, 253,
       254, 93, 123, 190, 213, 179, 247, 111, 189, 239, 159, 13, 240, 61,
       157, 93, 54, 246, 247, 191, 250, 215, 46, 254, 252, 255, 255, 253,
       50, 119, 253, 243, 253, 252, 222, 159, 223, 253, 251, 238, 255,
       217, 235, 107, 245, 255, 214, 247, 217, 127, 247, 250, 105, 215,
       247, 251, 223, 56, 71, 188, 223, 122, 249, 125, 124, 93, 251, 190,
       245, 53, 247, 111, 187, 172, 153, 79, 240, 29, 156, 93, 22, 243,
       119, 189, 123, 87, 40, 250, 196, 233, 146, 125, 201, 194, 230,
       200, 10, 161, 169, 234, 178, 226, 195, 184, 111, 139, 188, 7, 79,
       173, 46, 73, 214, 215, 251, 111, 131, 175, 130, 54, 147, 147, 69,
       239, 48, 181, 239, 126, 96, 60, 160, 113, 253, 93, 189, 183, 221,
       206, 24, 117, 245, 119, 88, 227, 81, 253, 149, 37, 28, 117, 145,
       74, 212, 251, 215, 213, 248, 202, 218, 224, 123, 249, 63, 255,
       206, 247, 206, 186, 189, 199, 188, 47, 143, 173, 102, 251, 239,
       223, 243, 127, 205, 43, 199, 127, 243, 243, 124, 95, 254, 255,
       254, 247, 211, 124, 233, 127, 187, 30, 253, 63, 205, 219, 118,
       247, 253, 231, 189, 239, 213, 223, 240, 111, 253, 117, 147, 190,
       252, 251, 255, 253, 50, 253, 249, 240, 253, 255, 255, 223, 223,
       253, 251, 238, 251, 221, 127, 107, 63, 252, 198, 251, 221, 255,
       183, 251, 125, 207, 118, 187, 243, 38, 117, 254, 214, 125, 249,
       125, 122, 93, 249, 63, 247, 182, 247, 127, 155, 173, 28, 69, 248,
       29, 156, 93, 16, 242, 115, 255, 93, 87, 33, 250, 92, 33, 243, 213,
       16, 199, 249, 255, 128, 230, 193, 148, 83, 196, 147, 66, 235, 221,
       35, 103, 142, 173, 198, 19, 76, 203, 182, 13, 80, 12, 50, 107,
       215, 38, 117, 186, 18, 120, 233, 84, 112, 104, 184, 46, 215, 20,
       225, 110, 153, 172, 24, 5, 240, 28, 156, 73, 16, 242, 51, 189, 88,
       87, 33, 250, 243, 156, 155, 11, 239, 146, 223, 141, 255, 171, 57,
       202, 191, 173, 38, 31, 127, 183, 56, 61, 138, 215, 255, 109, 231,
       195, 250, 63, 19, 57, 213, 110, 213, 205, 156, 85, 234, 237, 182,
       99, 34, 202, 109, 105, 151, 92, 221, 17, 215, 202, 26, 167, 37,
       225, 245, 255, 217, 62, 184, 89, 181, 221, 90, 247, 213, 249, 147,
       119, 120, 226, 248, 230, 89, 185, 101, 219, 130, 195, 198, 154,
       43, 203, 188, 11, 143, 173, 239, 91, 239, 223, 183, 247, 71, 35,
       166, 126, 215, 179, 124, 113, 53, 189, 254, 119, 113, 124, 235,
       119, 187, 28, 191, 187, 205, 210, 126, 247, 221, 230, 188, 238,
       215, 223, 241, 111, 253, 117, 145, 191, 252, 249, 255, 253, 182,
       253, 253, 248, 253, 255, 255, 255, 223, 252, 255, 238, 243, 213,
       127, 107, 127, 252, 230, 123, 111, 255, 183, 59, 223, 79, 118,
       187, 243, 38, 85, 251, 82, 125, 249, 245, 114, 92, 249, 63, 215,
       22, 253, 127, 153, 173, 30, 5, 248, 29, 156, 77, 16, 242, 115,
       191, 93, 86, 33, 186, 35, 6, 64, 35, 217, 128, 7, 72, 36, 105, 2,
       99, 160, 75, 128, 5, 98, 117, 5, 96, 200, 39, 154, 120, 70, 154,
       8, 39, 146, 9, 33, 79, 87, 167, 84, 186, 112, 184, 37, 22, 69, 64,
       8, 139, 65, 0, 220, 19, 24, 36, 24, 4, 244, 28, 140, 41, 16, 114,
       179, 189, 72, 87, 32, 248, 255, 240, 252, 253, 63, 183, 255, 56,
       189, 255, 245, 250, 255, 120, 52, 95, 253, 255, 127, 251, 245,
       119, 211, 255, 245, 127, 245, 255, 88, 247, 247, 227, 223, 56,
       151, 174, 255, 121, 232, 121, 120, 95, 123, 45, 245, 117, 247,
       111, 187, 238, 24, 7, 240, 29, 220, 89, 22, 243, 183, 189, 250,
       211, 104, 250, 58, 205, 233, 190, 42, 159, 95, 3, 247, 103, 21,
       202, 159, 106, 52, 94, 252, 243, 36, 227, 198, 119, 82, 119, 221,
       214, 183, 63, 98, 187, 117, 107, 151, 172, 71, 190, 218, 120, 248,
       126, 112, 221, 124, 105, 213, 84, 245, 111, 153, 172, 24, 5, 240,
       29, 156, 73, 24, 242, 51, 189, 88, 87, 40, 250, 222, 251, 218,
       247, 249, 208, 250, 193, 58, 251, 168, 127, 182, 214, 227, 121,
       251, 147, 189, 7, 207, 173, 47, 121, 198, 223, 243, 111, 215, 111,
       183, 55, 247, 167, 93, 251, 114, 245, 255, 118, 112, 92, 232, 127,
       253, 29, 255, 183, 221, 239, 24, 117, 244, 255, 156, 235, 82, 255,
       183, 191, 92, 119, 177, 254, 199, 44, 211, 48, 217, 66, 38, 202,
       64, 34, 224, 50, 226, 227, 130, 24, 75, 11, 51, 212, 201, 133, 11,
       15, 198, 221, 217, 239, 194, 47, 163, 70, 155, 143, 69, 239, 57,
       148, 101, 94, 104, 0, 24, 193, 93, 89, 167, 193, 121, 238, 8, 84,
       213, 94, 72, 233, 22, 248, 133, 177, 12, 114, 240, 72, 197, 254,
       95, 67, 248, 152, 174, 144, 106, 159, 43, 74, 198, 83, 202, 25,
       230, 235, 61, 239, 77, 69, 11, 216, 227, 87, 121, 239, 132, 15,
