%YAML:1.0
descriptors: !!opencv-matrix
   rows: 97
   cols: 64
   dt: u
   data: [ 183, 54, 113, 134, 255, 132, 15, 72, 230, 71, 177, 114, 191,
       107, 176, 85, 242, 213, 37, 96, 65, 6, 161, 116, 78, 137, 169, 43,
       210, 8, 113, 41, 208, 36, 84, 186, 82, 112, 33, 212, 80, 72, 24,
       15, 208, 20, 212, 77, 153, 172, 24, 5, 112, 28, 156, 73, 16, 242,
       51, 156, 88, 86, 32, 248, 191, 255, 254, 255, 63, 253, 253, 183,
       127, 223, 124, 249, 191, 126, 252, 253, 255, 247, 125, 251, 245,
       127, 247, 127, 249, 127, 247, 255, 127, 223, 255, 255, 215, 108,
       223, 246, 255, 121, 249, 125, 127, 95, 255, 63, 213, 183, 247,
       111, 189, 189, 158, 13, 250, 29, 159, 93, 50, 246, 119, 191, 219,
       223, 44, 250, 47, 145, 252, 254, 55, 253, 221, 30, 183, 220, 133,
       225, 61, 123, 52, 95, 253, 254, 99, 243, 245, 118, 83, 119, 213,
       187, 229, 123, 122, 252, 245, 227, 215, 44, 87, 190, 219, 120,
       233, 125, 120, 93, 56, 47, 212, 85, 247, 111, 153, 172, 152, 5,
       240, 29, 156, 73, 48, 242, 51, 189, 88, 87, 32, 250, 252, 237,
       254, 223, 51, 223, 247, 231, 63, 245, 127, 253, 159, 190, 255,
       238, 251, 145, 121, 111, 157, 125, 230, 115, 125, 223, 185, 63,
       111, 203, 54, 239, 215, 37, 117, 250, 82, 123, 249, 124, 114, 93,
       125, 47, 221, 30, 245, 111, 157, 172, 31, 5, 240, 29, 156, 77, 16,
       246, 59, 253, 89, 95, 32, 250, 173, 255, 103, 253, 254, 253, 255,
       248, 249, 253, 254, 255, 223, 125, 252, 237, 171, 253, 255, 43,
       246, 124, 170, 250, 111, 255, 23, 182, 253, 119, 127, 255, 223,
       243, 121, 80, 247, 251, 250, 63, 125, 61, 235, 119, 253, 167, 255,
       115, 173, 223, 141, 255, 223, 231, 159, 108, 119, 223, 246, 239,
       243, 127, 165, 222, 187, 253, 127, 255, 255, 189, 223, 25, 255,
       255, 253, 250, 191, 122, 116, 93, 246, 247, 126, 251, 247, 127,
       243, 127, 245, 254, 243, 255, 127, 251, 245, 251, 207, 252, 158,
       254, 255, 121, 248, 255, 90, 223, 255, 109, 241, 119, 215, 127,
       191, 190, 152, 79, 254, 157, 221, 93, 48, 247, 247, 191, 251, 255,
       174, 255, 62, 241, 253, 190, 55, 53, 125, 127, 119, 250, 253, 176,
       125, 186, 181, 94, 255, 222, 65, 251, 245, 112, 193, 179, 221,
       171, 224, 217, 91, 220, 253, 235, 223, 36, 23, 186, 91, 120, 225,
       116, 114, 95, 61, 47, 214, 21, 231, 111, 155, 172, 24, 5, 242, 29,
       156, 89, 16, 242, 51, 189, 89, 86, 34, 251, 204, 46, 183, 184, 72,
       111, 35, 247, 57, 116, 78, 5, 87, 244, 251, 238, 255, 249, 249,
       100, 124, 133, 60, 147, 223, 109, 156, 204, 233, 199, 122, 239,
       193, 3, 83, 121, 17, 242, 237, 108, 184, 21, 92, 182, 77, 159,
       231, 236, 157, 36, 207, 156, 243, 127, 128, 203, 116, 252, 9, 189,
       90, 70, 20, 248, 255, 254, 127, 237, 255, 189, 191, 249, 255, 255,
       250, 123, 255, 127, 249, 253, 243, 245, 127, 110, 253, 215, 191,
       124, 255, 255, 255, 191, 223, 95, 127, 191, 241, 109, 92, 255,
       214, 119, 173, 247, 219, 94, 90, 30, 209, 175, 216, 21, 141, 189,
       22, 37, 248, 191, 143, 105, 208, 244, 49, 188, 222, 95, 34, 189,
       255, 252, 255, 255, 255, 255, 223, 249, 255, 253, 253, 251, 191,
       123, 246, 253, 251, 247, 127, 123, 253, 127, 182, 125, 111, 255,
       255, 63, 255, 123, 127, 255, 247, 237, 158, 255, 210, 117, 249,
       247, 91, 223, 123, 63, 217, 23, 253, 127, 141, 189, 94, 13, 248,
       191, 159, 77, 48, 246, 123, 191, 223, 95, 46, 255, 220, 121, 255,
       253, 114, 119, 249, 255, 219, 239, 253, 186, 87, 192, 219, 250,
       187, 221, 122, 111, 46, 189, 230, 147, 175, 223, 183, 253, 67,
       235, 118, 187, 243, 55, 53, 255, 214, 125, 246, 117, 114, 253,
       181, 127, 191, 30, 217, 190, 223, 170, 127, 247, 249, 127, 180,
       206, 209, 254, 121, 251, 125, 52, 145, 255, 2, 1, 0, 150, 2, 2,
       24, 38, 2, 6, 19, 4, 16, 32, 16, 2, 36, 82, 0, 100, 2, 32, 192,
       67, 8, 128, 160, 76, 0, 160, 16, 105, 86, 52, 80, 168, 66, 104,
       128, 64, 16, 72, 29, 10, 144, 20, 193, 78, 145, 168, 24, 5, 48,
       25, 156, 73, 17, 114, 51, 184, 80, 86, 32, 248, 122, 21, 173, 144,
       38, 151, 27, 55, 134, 70, 23, 4, 29, 40, 51, 22, 244, 215, 66,
       100, 80, 119, 210, 103, 92, 160, 164, 92, 80, 144, 92, 169, 199,
       44, 3, 188, 202, 104, 128, 72, 144, 89, 21, 14, 209, 52, 225, 78,
       155, 172, 152, 13, 242, 29, 156, 89, 16, 242, 59, 189, 88, 151,
       40, 251, 251, 220, 238, 175, 255, 255, 211, 201, 255, 93, 252,
       223, 191, 249, 246, 253, 251, 213, 61, 103, 108, 135, 175, 124,
       111, 223, 57, 47, 215, 27, 122, 63, 240, 37, 92, 251, 82, 119,
       237, 244, 211, 222, 24, 31, 217, 30, 248, 180, 141, 173, 94, 5,
       248, 31, 141, 73, 144, 244, 33, 188, 92, 87, 34, 185, 248, 186,
       255, 253, 126, 255, 251, 255, 221, 255, 254, 157, 255, 252, 251,
       238, 255, 221, 123, 111, 252, 247, 230, 191, 221, 239, 190, 190,
       95, 215, 127, 255, 255, 37, 85, 255, 214, 127, 249, 124, 250, 93,
       249, 62, 215, 167, 243, 127, 159, 173, 30, 5, 242, 29, 157, 77,
       208, 246, 59, 253, 91, 94, 34, 254, 227, 205, 227, 223, 249, 78,
       223, 239, 143, 229, 61, 219, 179, 236, 214, 238, 235, 213, 60,
       111, 14, 143, 238, 43, 111, 223, 187, 47, 211, 11, 18, 63, 247,
       167, 117, 219, 82, 253, 255, 246, 115, 124, 168, 127, 159, 30,
       125, 179, 205, 140, 86, 181, 217, 255, 180, 234, 209, 252, 97,
       127, 92, 85, 145, 254, 0, 5, 8, 156, 34, 71, 28, 39, 7, 198, 45,
       128, 16, 32, 52, 6, 13, 24, 64, 165, 16, 50, 208, 35, 88, 1, 132,
       84, 0, 176, 20, 0, 196, 48, 3, 168, 130, 72, 128, 72, 48, 25, 53,
       43, 180, 20, 229, 110, 17, 136, 24, 15, 176, 25, 152, 8, 25, 99,
       51, 176, 96, 82, 8, 234, 250, 249, 239, 255, 254, 255, 255, 254,
       253, 255, 253, 219, 255, 252, 254, 253, 251, 213, 127, 111, 126,
       175, 167, 55, 111, 255, 183, 63, 223, 91, 126, 187, 247, 39, 85,
       251, 82, 119, 249, 244, 242, 222, 56, 63, 221, 30, 253, 127, 157,
       173, 30, 5, 248, 31, 157, 73, 16, 246, 59, 189, 92, 87, 34, 251,
       68, 3, 161, 144, 0, 134, 34, 101, 0, 166, 3, 4, 193, 132, 153, 2,
       130, 77, 3, 102, 138, 37, 194, 147, 12, 136, 132, 12, 0, 4, 49,
       74, 87, 6, 85, 186, 16, 122, 5, 70, 176, 96, 24, 14, 69, 12, 65,
       79, 25, 44, 24, 5, 113, 29, 156, 72, 0, 226, 19, 189, 72, 70, 32,
       242, 187, 212, 109, 175, 255, 189, 223, 152, 255, 127, 189, 251,
       191, 123, 246, 93, 242, 247, 62, 113, 248, 87, 179, 124, 110, 255,
       249, 63, 255, 123, 127, 255, 215, 237, 158, 255, 242, 113, 185,
       247, 87, 223, 110, 31, 209, 22, 252, 29, 157, 189, 24, 13, 248,
       183, 159, 105, 56, 182, 51, 188, 222, 223, 62, 185, 12, 33, 237,
       156, 2, 3, 112, 118, 1, 0, 197, 180, 80, 164, 180, 66, 128, 24,
       67, 100, 19, 112, 64, 131, 92, 40, 128, 216, 96, 140, 28, 192,
       218, 20, 5, 170, 2, 120, 1, 92, 16, 171, 21, 7, 244, 52, 231, 110,
       27, 172, 171, 7, 112, 24, 16, 24, 56, 227, 59, 184, 9, 18, 99,
       203, 243, 21, 113, 150, 215, 7, 23, 9, 198, 68, 61, 114, 189, 110,
       180, 84, 246, 247, 68, 116, 18, 171, 145, 102, 218, 230, 237, 77,
       178, 184, 220, 41, 130, 45, 6, 158, 194, 80, 3, 220, 19, 203, 21,
       139, 129, 28, 164, 12, 129, 164, 145, 12, 48, 26, 148, 67, 56, 50,
       112, 56, 88, 84, 40, 248, 255, 222, 239, 245, 255, 247, 255, 255,
       189, 255, 249, 219, 223, 253, 243, 237, 251, 245, 127, 111, 254,
       207, 190, 61, 127, 255, 191, 63, 255, 91, 126, 191, 243, 103, 92,
       251, 210, 119, 253, 247, 223, 94, 248, 62, 219, 142, 217, 149,
       141, 173, 94, 133, 249, 191, 159, 77, 208, 252, 113, 159, 220, 95,
       50, 189, 249, 221, 239, 253, 255, 255, 251, 250, 189, 253, 254,
       223, 223, 253, 255, 236, 251, 213, 127, 111, 252, 143, 174, 125,
       111, 255, 191, 63, 223, 83, 126, 191, 243, 39, 117, 251, 86, 119,
       253, 252, 219, 220, 120, 62, 217, 158, 249, 247, 141, 173, 94, 5,
       249, 63, 157, 73, 80, 246, 59, 189, 92, 87, 34, 249, 242, 217,
