%YAML:1.0
descriptors: !!opencv-matrix
   rows: 96
   cols: 64
   dt: u
   data: [ 126, 253, 255, 255, 127, 255, 251, 255, 255, 252, 255, 189,
       127, 254, 249, 254, 251, 212, 123, 107, 245, 59, 229, 55, 253,
       239, 229, 191, 123, 223, 255, 251, 247, 44, 85, 254, 214, 115,
       233, 117, 122, 93, 123, 46, 213, 23, 245, 111, 153, 172, 30, 5,
       248, 29, 156, 73, 16, 242, 59, 189, 90, 87, 34, 250, 252, 248,
       255, 191, 63, 115, 255, 254, 253, 253, 252, 253, 127, 126, 255,
       255, 251, 221, 39, 99, 229, 35, 231, 119, 77, 207, 225, 175, 83,
       79, 115, 251, 247, 36, 84, 186, 83, 122, 233, 244, 90, 94, 56, 46,
       213, 23, 215, 111, 153, 172, 24, 5, 240, 29, 157, 73, 16, 242, 51,
       189, 88, 87, 34, 251, 28, 58, 247, 101, 248, 241, 170, 252, 88,
       185, 194, 117, 228, 21, 203, 128, 122, 205, 219, 74, 237, 13, 79,
       221, 175, 120, 120, 230, 76, 71, 227, 222, 93, 193, 125, 53, 125,
       191, 237, 39, 237, 84, 195, 22, 111, 161, 187, 243, 174, 95, 109,
       243, 247, 231, 28, 97, 70, 207, 151, 231, 194, 15, 117, 118, 125,
       54, 119, 241, 254, 181, 175, 249, 244, 254, 210, 55, 237, 127,
       145, 68, 242, 253, 203, 106, 253, 118, 152, 255, 156, 190, 166,
       151, 126, 220, 117, 255, 107, 110, 214, 190, 215, 56, 241, 125,
       92, 68, 211, 158, 197, 161, 195, 79, 186, 173, 153, 137, 242, 29,
       158, 85, 100, 246, 115, 223, 250, 150, 44, 244, 252, 249, 255,
       223, 242, 247, 251, 240, 95, 255, 127, 223, 223, 246, 251, 250,
       251, 215, 125, 111, 127, 189, 230, 186, 235, 255, 183, 255, 209,
       203, 246, 187, 242, 37, 85, 255, 82, 127, 249, 244, 114, 93, 249,
       62, 247, 30, 253, 63, 157, 173, 26, 5, 248, 31, 156, 73, 80, 242,
       59, 189, 93, 87, 34, 186, 254, 249, 251, 255, 115, 91, 251, 207,
       219, 211, 253, 254, 255, 182, 175, 250, 251, 179, 58, 223, 47,
       149, 119, 215, 247, 223, 251, 255, 71, 255, 230, 170, 143, 45, 71,
       255, 250, 125, 237, 124, 122, 93, 49, 125, 255, 93, 183, 109, 221,
       174, 138, 199, 240, 29, 252, 115, 84, 255, 181, 189, 61, 223, 250,
       218, 255, 252, 255, 117, 61, 250, 253, 94, 249, 187, 237, 249,
       239, 183, 230, 219, 251, 173, 63, 91, 229, 77, 119, 223, 231, 223,
       251, 191, 79, 47, 226, 238, 223, 173, 117, 191, 123, 188, 249,
       119, 120, 92, 58, 47, 255, 81, 247, 239, 249, 174, 24, 87, 240,
       29, 252, 77, 20, 246, 183, 189, 120, 87, 224, 218, 198, 170, 211,
       119, 248, 130, 234, 194, 72, 185, 0, 251, 194, 195, 131, 24, 106,
       197, 189, 103, 207, 141, 110, 91, 143, 219, 63, 175, 134, 41, 35,
       94, 87, 167, 124, 123, 120, 189, 239, 118, 65, 108, 168, 122, 203,
       28, 153, 179, 200, 236, 88, 243, 213, 246, 60, 235, 196, 252, 145,
       47, 92, 117, 17, 190, 61, 254, 109, 169, 63, 253, 177, 253, 253,
       254, 254, 189, 125, 63, 255, 231, 219, 252, 195, 120, 249, 82,
       255, 188, 125, 61, 61, 179, 125, 223, 127, 255, 221, 72, 215, 254,
       95, 243, 169, 124, 254, 93, 122, 63, 84, 247, 118, 97, 187, 189,
       159, 13, 250, 157, 223, 93, 190, 224, 175, 252, 219, 223, 110,
       246, 109, 184, 255, 60, 60, 226, 61, 94, 240, 187, 192, 249, 227,
       131, 166, 75, 235, 237, 227, 83, 241, 7, 91, 223, 199, 255, 255,
       167, 91, 15, 98, 238, 223, 44, 199, 191, 26, 188, 233, 117, 120,
       76, 58, 175, 255, 113, 183, 239, 184, 174, 24, 19, 240, 61, 92,
       65, 20, 178, 151, 191, 184, 87, 96, 250, 243, 222, 214, 199, 255,
       247, 155, 188, 191, 253, 18, 207, 175, 157, 107, 157, 255, 247,
       61, 59, 220, 15, 255, 125, 67, 255, 251, 62, 95, 19, 115, 127,
       223, 229, 125, 49, 82, 253, 237, 119, 117, 92, 106, 63, 223, 8,
       253, 115, 156, 221, 28, 5, 245, 191, 156, 207, 80, 254, 179, 191,
       216, 87, 52, 254, 123, 228, 105, 186, 38, 222, 31, 1, 231, 103,
       61, 152, 189, 190, 116, 126, 153, 243, 52, 253, 185, 115, 209, 37,
       93, 213, 173, 63, 35, 187, 93, 233, 131, 188, 199, 174, 202, 88,
       232, 123, 34, 219, 101, 169, 151, 92, 244, 47, 151, 174, 144, 15,
       174, 25, 254, 183, 56, 247, 115, 253, 251, 211, 120, 250, 206,
       221, 170, 253, 55, 123, 124, 223, 61, 251, 233, 170, 50, 196, 110,
       255, 129, 152, 61, 223, 47, 157, 245, 59, 103, 79, 243, 251, 211,
       119, 190, 243, 106, 146, 190, 235, 243, 127, 240, 241, 218, 238,
       247, 120, 254, 31, 199, 252, 221, 235, 118, 215, 203, 255, 245,
       252, 147, 185, 253, 255, 29, 122, 155, 163, 76, 8, 170, 184, 1,
       251, 96, 79, 21, 250, 206, 181, 80, 132, 171, 238, 137, 24, 227,
       75, 229, 49, 206, 27, 85, 77, 2, 199, 65, 199, 59, 198, 205, 18,
       103, 168, 53, 254, 237, 52, 120, 53, 118, 39, 87, 149, 55, 235,
       185, 236, 62, 20, 243, 93, 248, 24, 150, 194, 175, 245, 11, 115,
       161, 66, 60, 251, 125, 245, 190, 189, 255, 120, 253, 223, 254,
       251, 223, 123, 252, 237, 242, 213, 111, 107, 245, 124, 128, 123,
       109, 254, 167, 191, 126, 95, 125, 187, 242, 100, 92, 186, 86, 123,
       249, 245, 215, 223, 122, 63, 208, 134, 244, 127, 137, 173, 28, 5,
       248, 29, 159, 77, 16, 246, 51, 157, 89, 95, 32, 187, 250, 57, 219,
       214, 54, 131, 92, 39, 214, 171, 85, 178, 191, 194, 18, 90, 126,
       147, 112, 215, 143, 191, 227, 135, 153, 66, 246, 95, 66, 249, 244,
       234, 199, 60, 36, 255, 223, 125, 210, 117, 80, 201, 245, 106, 187,
       60, 129, 111, 159, 174, 155, 199, 240, 25, 28, 211, 81, 243, 123,
       251, 121, 53, 224, 238, 60, 190, 255, 249, 54, 253, 255, 125, 253,
       255, 250, 249, 221, 60, 249, 207, 251, 253, 235, 107, 253, 119,
       214, 255, 237, 127, 183, 183, 92, 87, 119, 235, 223, 44, 223, 190,
       223, 121, 233, 117, 120, 93, 123, 47, 215, 165, 247, 127, 187,
       172, 28, 5, 242, 29, 156, 93, 20, 242, 51, 189, 123, 223, 40, 250,
       230, 44, 227, 245, 218, 198, 203, 205, 142, 239, 2, 127, 147, 206,
       179, 92, 235, 85, 185, 38, 206, 143, 206, 105, 14, 218, 62, 39,
       146, 105, 51, 94, 103, 167, 125, 123, 48, 255, 239, 86, 65, 100,
       196, 106, 207, 28, 217, 179, 221, 172, 88, 181, 215, 246, 156,
       235, 208, 60, 177, 59, 204, 5, 49, 182, 255, 255, 255, 253, 254,
       127, 255, 251, 253, 253, 253, 251, 255, 255, 254, 255, 251, 245,
       127, 111, 125, 207, 246, 118, 239, 255, 255, 191, 255, 95, 118,
       191, 215, 45, 87, 255, 218, 125, 253, 245, 122, 95, 120, 63, 221,
       63, 253, 125, 157, 173, 24, 5, 240, 63, 157, 73, 16, 246, 49, 189,
       92, 87, 32, 250, 255, 220, 238, 125, 255, 251, 254, 189, 61, 187,
       252, 251, 238, 92, 110, 253, 189, 255, 255, 219, 245, 119, 247,
       254, 229, 127, 243, 246, 125, 119, 239, 246, 255, 248, 223, 101,
       255, 121, 248, 241, 122, 31, 255, 61, 215, 119, 183, 123, 190,
       255, 158, 15, 254, 253, 216, 93, 55, 151, 247, 183, 191, 251, 238,
       78, 45, 38, 229, 48, 20, 39, 33, 126, 240, 190, 192, 53, 105, 137,
       131, 71, 226, 108, 195, 96, 241, 162, 84, 182, 68, 40, 164, 129,
       88, 20, 33, 201, 121, 44, 84, 186, 93, 48, 1, 124, 92, 68, 26,
       142, 64, 97, 131, 76, 56, 44, 24, 1, 240, 28, 156, 65, 28, 162, 7,
       156, 74, 70, 32, 112, 255, 253, 255, 247, 255, 103, 219, 255, 255,
       255, 213, 255, 255, 234, 182, 125, 250, 247, 127, 119, 127, 143,
       247, 126, 238, 251, 254, 127, 219, 123, 254, 191, 247, 45, 30,
       255, 210, 117, 253, 245, 211, 78, 223, 30, 217, 28, 217, 61, 157,
       172, 26, 133, 248, 190, 156, 75, 80, 246, 113, 191, 94, 87, 50,
       251, 159, 249, 219, 245, 190, 161, 217, 224, 90, 191, 215, 255,
       223, 104, 82, 88, 60, 215, 62, 187, 239, 61, 203, 123, 173, 218,
       247, 127, 94, 111, 247, 127, 215, 251, 60, 93, 254, 253, 250, 127,
       209, 252, 239, 111, 187, 20, 249, 59, 255, 218, 25, 231, 252, 165,
       188, 111, 87, 215, 246, 235, 241, 61, 177, 255, 251, 220, 154,
       255, 111, 218, 220, 134, 63, 241, 61, 202, 190, 250, 38, 95, 253,
       179, 56, 219, 143, 87, 115, 115, 243, 87, 249, 127, 119, 187, 215,
