%YAML:1.0
descriptors: !!opencv-matrix
   rows: 128
   cols: 64
   dt: u
   data: [ 60, 177, 125, 254, 54, 189, 125, 122, 247, 220, 213, 241, 125,
       122, 188, 86, 246, 222, 67, 99, 245, 114, 193, 247, 221, 170, 228,
       219, 122, 220, 245, 233, 223, 44, 85, 190, 223, 120, 233, 125,
       120, 93, 57, 47, 212, 53, 247, 111, 153, 172, 25, 5, 240, 29, 156,
       73, 16, 242, 51, 189, 88, 87, 32, 250, 63, 48, 125, 166, 63, 245,
       185, 124, 246, 252, 214, 117, 253, 62, 177, 85, 250, 244, 67, 115,
       241, 34, 195, 119, 205, 186, 228, 155, 90, 93, 117, 235, 215, 44,
       85, 190, 90, 120, 233, 124, 120, 92, 58, 47, 212, 21, 245, 111,
       153, 172, 24, 5, 240, 29, 156, 73, 16, 242, 51, 189, 88, 87, 32,
       250, 61, 182, 117, 166, 63, 189, 177, 121, 214, 220, 214, 117,
       253, 122, 185, 84, 246, 222, 195, 98, 245, 38, 211, 247, 221, 170,
       228, 203, 94, 220, 241, 235, 207, 36, 85, 190, 119, 122, 233, 124,
       248, 92, 58, 143, 212, 53, 243, 111, 185, 172, 24, 13, 240, 29,
       157, 73, 20, 242, 55, 189, 90, 87, 32, 250, 14, 50, 85, 162, 30,
       185, 34, 81, 112, 58, 2, 21, 76, 22, 185, 81, 226, 212, 1, 96,
       193, 32, 137, 112, 76, 136, 164, 11, 82, 76, 57, 106, 213, 36, 85,
       186, 82, 122, 161, 116, 240, 84, 26, 14, 84, 132, 224, 79, 152,
       44, 24, 5, 242, 29, 157, 73, 16, 242, 51, 188, 88, 87, 32, 248,
       62, 188, 253, 254, 63, 125, 253, 127, 247, 254, 222, 245, 125, 94,
       249, 247, 251, 222, 67, 115, 245, 114, 213, 127, 253, 191, 244,
       219, 90, 95, 255, 235, 199, 44, 215, 190, 255, 122, 233, 117, 120,
       93, 127, 47, 212, 55, 247, 111, 185, 172, 24, 13, 242, 29, 156,
       73, 16, 242, 119, 191, 123, 95, 44, 250, 60, 187, 253, 228, 63,
       189, 185, 123, 247, 92, 214, 117, 253, 122, 184, 85, 246, 254,
       195, 99, 245, 38, 209, 247, 253, 170, 228, 219, 94, 220, 245, 235,
       223, 44, 87, 190, 87, 122, 233, 116, 248, 93, 58, 15, 208, 55,
       243, 111, 185, 172, 24, 5, 240, 29, 157, 73, 16, 242, 51, 189, 90,
       87, 32, 250, 60, 177, 253, 254, 54, 63, 249, 123, 245, 220, 215,
       245, 125, 122, 188, 86, 242, 220, 67, 99, 245, 124, 193, 247, 221,
       186, 228, 155, 122, 220, 253, 233, 223, 36, 87, 190, 215, 122,
       249, 125, 252, 93, 61, 47, 208, 53, 247, 111, 153, 172, 153, 5,
       242, 29, 157, 77, 24, 242, 51, 189, 91, 95, 32, 251, 60, 53, 255,
       212, 54, 55, 125, 127, 215, 198, 213, 176, 127, 234, 182, 94, 250,
       212, 67, 103, 119, 63, 225, 55, 220, 170, 230, 93, 82, 220, 244,
       169, 214, 36, 20, 190, 210, 120, 209, 117, 80, 219, 189, 46, 208,
       20, 193, 110, 155, 172, 24, 5, 240, 29, 156, 73, 16, 242, 115,
       185, 88, 23, 34, 251, 127, 54, 117, 166, 253, 166, 59, 121, 199,
       124, 211, 53, 237, 95, 145, 116, 242, 229, 91, 100, 241, 35, 145,
       116, 220, 248, 236, 143, 82, 158, 233, 239, 71, 45, 71, 191, 210,
       56, 141, 92, 88, 84, 17, 142, 197, 41, 164, 79, 153, 164, 152, 9,
       240, 28, 156, 65, 112, 242, 51, 188, 90, 7, 40, 248, 59, 190, 254,
       111, 191, 241, 191, 188, 253, 253, 214, 253, 237, 95, 43, 85, 255,
       255, 235, 251, 245, 119, 223, 253, 229, 127, 112, 247, 126, 87,
       231, 247, 223, 232, 223, 52, 255, 185, 249, 119, 125, 93, 107,
       174, 213, 225, 219, 123, 184, 254, 152, 13, 244, 165, 216, 93, 62,
       183, 247, 159, 242, 219, 172, 94, 60, 62, 125, 224, 58, 125, 161,
       125, 253, 254, 254, 53, 93, 63, 249, 228, 242, 252, 203, 104, 245,
       82, 156, 252, 253, 40, 36, 145, 124, 215, 125, 255, 125, 76, 207,
       190, 215, 242, 153, 124, 252, 85, 90, 158, 68, 163, 194, 77, 187,
       45, 157, 9, 242, 29, 143, 93, 44, 246, 43, 156, 203, 142, 104,
       244, 255, 61, 255, 116, 255, 175, 125, 106, 252, 61, 255, 119,
       255, 254, 232, 124, 243, 181, 103, 114, 247, 47, 147, 119, 214,
       254, 247, 191, 250, 222, 118, 235, 223, 46, 71, 190, 210, 114,
       251, 252, 120, 125, 152, 111, 221, 119, 245, 79, 153, 174, 24, 69,
       240, 29, 156, 73, 16, 242, 115, 191, 120, 119, 161, 248, 62, 49,
       121, 242, 23, 179, 91, 105, 198, 2, 215, 52, 253, 74, 144, 86,
       242, 213, 67, 82, 199, 59, 193, 118, 140, 138, 230, 13, 82, 152,
       117, 232, 199, 46, 69, 190, 94, 120, 193, 84, 216, 89, 149, 78,
       208, 53, 161, 79, 155, 172, 153, 5, 242, 29, 156, 81, 0, 242, 51,
       185, 88, 87, 32, 250, 191, 182, 125, 135, 255, 253, 155, 248, 254,
       127, 251, 126, 253, 111, 251, 117, 251, 245, 99, 98, 253, 39, 195,
       124, 205, 255, 253, 47, 210, 31, 115, 235, 215, 44, 85, 190, 82,
       120, 233, 116, 112, 92, 56, 47, 213, 20, 245, 127, 153, 172, 24,
       5, 240, 29, 156, 73, 16, 242, 51, 189, 88, 87, 32, 250, 54, 48,
       85, 142, 31, 8, 21, 78, 230, 100, 61, 48, 61, 63, 180, 87, 242,
       214, 0, 96, 192, 34, 128, 38, 76, 136, 160, 27, 115, 9, 25, 109,
       209, 36, 84, 186, 66, 112, 161, 214, 50, 218, 8, 15, 212, 22, 228,
       79, 145, 164, 24, 5, 112, 29, 149, 73, 24, 242, 51, 188, 88, 86,
       34, 249, 190, 251, 247, 172, 54, 125, 189, 255, 215, 223, 249,
       255, 127, 62, 246, 254, 251, 212, 103, 99, 117, 162, 229, 54, 205,
       223, 245, 43, 83, 30, 246, 185, 212, 44, 85, 190, 82, 120, 233,
       244, 122, 92, 56, 47, 212, 20, 245, 108, 153, 172, 24, 5, 240, 29,
       156, 73, 16, 242, 51, 189, 88, 87, 32, 250, 186, 240, 124, 174,
       55, 125, 185, 249, 255, 223, 255, 253, 61, 46, 252, 246, 243, 212,
       7, 97, 69, 34, 165, 52, 109, 141, 229, 11, 83, 74, 119, 185, 240,
       36, 84, 254, 82, 115, 137, 244, 210, 222, 56, 46, 208, 22, 244,
       108, 153, 173, 30, 5, 248, 29, 157, 73, 144, 242, 51, 188, 88, 86,
       34, 185, 252, 249, 255, 252, 50, 111, 253, 127, 219, 253, 253,
       251, 223, 244, 182, 90, 255, 223, 122, 111, 183, 45, 194, 243,
       255, 255, 247, 255, 65, 231, 246, 239, 215, 55, 117, 190, 222,
       124, 250, 117, 121, 127, 253, 111, 255, 21, 247, 111, 221, 174,
       57, 215, 240, 29, 156, 77, 81, 243, 115, 251, 121, 119, 161, 250,
       63, 53, 125, 172, 55, 37, 61, 121, 231, 68, 213, 48, 125, 59, 180,
       85, 242, 244, 67, 96, 241, 114, 144, 118, 92, 168, 224, 25, 122,
       92, 125, 233, 212, 100, 22, 190, 194, 112, 1, 93, 148, 203, 28,
       15, 192, 149, 192, 78, 153, 164, 24, 5, 98, 28, 159, 73, 24, 242,
       59, 156, 88, 6, 34, 241, 47, 38, 101, 134, 54, 93, 13, 65, 102,
       94, 59, 16, 29, 62, 249, 246, 227, 212, 5, 96, 65, 32, 128, 50,
       76, 141, 165, 9, 82, 26, 49, 121, 240, 36, 85, 186, 82, 112, 129,
       244, 114, 92, 56, 47, 212, 22, 244, 76, 153, 172, 24, 5, 240, 29,
       156, 73, 16, 242, 51, 188, 88, 86, 32, 248, 124, 17, 252, 186,
       119, 63, 51, 119, 52, 84, 86, 21, 29, 126, 188, 87, 242, 213, 65,
       100, 193, 53, 193, 115, 76, 136, 160, 13, 82, 76, 60, 233, 214,
       36, 84, 186, 82, 122, 129, 116, 208, 223, 24, 15, 208, 22, 229,
       78, 153, 172, 24, 5, 240, 29, 159, 73, 16, 242, 51, 188, 88, 86,
       34, 249, 44, 227, 109, 248, 26, 189, 103, 121, 189, 94, 238, 52,
       93, 124, 253, 229, 195, 220, 67, 98, 245, 112, 128, 242, 77, 172,
       166, 129, 120, 70, 57, 233, 214, 38, 85, 186, 82, 122, 217, 116,
       254, 95, 28, 47, 84, 151, 247, 79, 153, 172, 24, 5, 242, 29, 157,
       73, 16, 242, 59, 189, 88, 87, 34, 240, 221, 61, 255, 244, 48, 39,
       121, 110, 147, 228, 213, 241, 87, 226, 150, 90, 178, 221, 62, 111,
       167, 45, 224, 211, 143, 202, 226, 223, 64, 44, 244, 233, 215, 55,
       52, 191, 150, 124, 211, 253, 88, 232, 185, 111, 251, 29, 229, 239,
       221, 174, 57, 215, 240, 92, 188, 77, 81, 255, 115, 251, 121, 116,
       177, 251, 13, 37, 101, 16, 16, 101, 33, 126, 192, 78, 192, 52, 65,
       105, 129, 66, 202, 76, 3, 98, 113, 32, 196, 178, 12, 168, 166,
       129, 64, 12, 49, 73, 94, 38, 21, 186, 18, 112, 65, 92, 16, 96, 24,
       14, 64, 48, 225, 78, 25, 44, 24, 4, 240, 28, 156, 73, 16, 226, 35,
       189, 72, 22, 32, 241, 250, 250, 115, 231, 254, 255, 171, 145, 254,
