%YAML:1.0
descriptors: !!opencv-matrix
   rows: 117
   cols: 64
   dt: u
   data: [ 188, 254, 117, 229, 254, 253, 187, 249, 253, 127, 250, 127,
       253, 59, 249, 245, 242, 245, 95, 104, 253, 82, 191, 124, 255, 252,
       61, 187, 254, 223, 127, 191, 112, 101, 94, 255, 214, 115, 189,
       254, 223, 93, 90, 158, 193, 167, 216, 21, 141, 189, 86, 45, 250,
       191, 143, 125, 208, 244, 51, 156, 222, 31, 42, 181, 187, 254, 125,
       207, 255, 189, 223, 56, 255, 93, 190, 123, 191, 127, 252, 253,
       247, 247, 126, 48, 253, 118, 155, 124, 239, 254, 121, 123, 254,
       123, 223, 63, 214, 236, 223, 222, 246, 115, 249, 255, 247, 223,
       75, 63, 213, 134, 252, 21, 141, 181, 144, 13, 248, 183, 143, 109,
       56, 246, 186, 188, 218, 159, 44, 188, 191, 252, 125, 238, 191, 45,
       221, 123, 255, 77, 253, 249, 127, 106, 244, 253, 243, 246, 103,
       113, 247, 58, 177, 126, 191, 175, 231, 27, 255, 123, 253, 253,
       228, 236, 62, 222, 202, 119, 185, 255, 219, 223, 95, 31, 216, 23,
       252, 77, 141, 183, 214, 13, 106, 150, 151, 77, 184, 178, 121, 190,
       255, 79, 38, 189, 186, 241, 124, 255, 55, 189, 93, 57, 255, 255,
       253, 250, 191, 74, 116, 95, 244, 247, 118, 219, 191, 126, 177,
       127, 181, 191, 231, 251, 95, 251, 245, 184, 234, 124, 142, 254,
       255, 125, 242, 245, 90, 207, 247, 109, 242, 119, 151, 127, 191,
       191, 146, 79, 104, 157, 255, 117, 17, 179, 255, 223, 255, 250,
       170, 191, 220, 57, 179, 244, 48, 70, 121, 231, 195, 228, 91, 148,
       87, 196, 146, 250, 191, 205, 50, 111, 14, 173, 230, 147, 207, 203,
       182, 221, 66, 40, 54, 105, 115, 55, 117, 187, 30, 126, 210, 213,
       80, 124, 185, 110, 175, 28, 229, 110, 219, 172, 57, 215, 240, 29,
       52, 73, 65, 242, 115, 251, 89, 116, 161, 250, 188, 190, 255, 237,
       62, 127, 241, 255, 253, 252, 222, 245, 125, 63, 251, 236, 251,
       220, 251, 107, 245, 115, 245, 246, 253, 105, 244, 155, 255, 223,
       127, 255, 237, 108, 71, 254, 215, 114, 249, 125, 254, 93, 251,
       190, 213, 167, 211, 109, 191, 173, 159, 137, 242, 29, 159, 93,
       100, 246, 123, 253, 251, 95, 46, 254, 212, 41, 146, 86, 96, 2,
       120, 102, 82, 137, 5, 243, 82, 194, 134, 90, 46, 131, 188, 15, 7,
       45, 99, 195, 139, 74, 242, 223, 64, 44, 164, 100, 223, 55, 36,
       183, 17, 28, 242, 245, 209, 110, 185, 103, 171, 28, 147, 239, 221,
       166, 40, 215, 241, 90, 56, 203, 87, 251, 83, 243, 120, 117, 145,
       235, 211, 154, 146, 119, 233, 192, 250, 140, 26, 187, 67, 255,
       162, 66, 131, 56, 46, 135, 188, 11, 206, 45, 238, 89, 47, 218,
       122, 39, 214, 43, 35, 126, 55, 179, 125, 81, 53, 255, 254, 55,
       193, 108, 235, 88, 171, 29, 217, 51, 205, 218, 120, 247, 213, 230,
       188, 235, 215, 223, 182, 111, 212, 101, 147, 183, 198, 9, 171,
       213, 66, 71, 95, 239, 132, 231, 145, 130, 211, 192, 51, 78, 137,
       85, 58, 71, 14, 175, 230, 3, 31, 211, 151, 44, 16, 188, 54, 8, 66,
       55, 37, 251, 18, 108, 246, 84, 48, 104, 181, 107, 159, 28, 17,
       190, 93, 168, 24, 213, 209, 122, 52, 194, 81, 190, 113, 123, 77,
       117, 145, 250, 191, 246, 113, 33, 221, 188, 167, 89, 233, 127,
       194, 123, 229, 27, 196, 85, 242, 237, 7, 80, 249, 6, 27, 92, 212,
       188, 125, 171, 214, 30, 235, 255, 205, 44, 94, 190, 81, 56, 169,
       126, 233, 84, 26, 143, 209, 113, 190, 85, 136, 189, 24, 0, 240,
       157, 143, 65, 16, 242, 51, 188, 218, 87, 32, 58, 61, 186, 247,
       163, 59, 251, 161, 254, 125, 252, 214, 117, 61, 63, 187, 228, 235,
       212, 193, 98, 229, 33, 207, 115, 77, 168, 160, 7, 126, 73, 123,
       239, 245, 36, 85, 186, 87, 122, 233, 116, 240, 92, 26, 46, 213,
       135, 241, 111, 153, 172, 24, 5, 240, 29, 157, 73, 16, 242, 51,
       189, 88, 87, 32, 250, 88, 27, 223, 253, 34, 251, 249, 246, 121,
       181, 223, 159, 223, 244, 251, 234, 191, 221, 122, 111, 142, 173,
       198, 243, 205, 222, 178, 254, 100, 167, 62, 191, 247, 55, 117,
       186, 82, 127, 250, 117, 240, 125, 185, 126, 255, 142, 201, 111,
       153, 171, 60, 215, 240, 29, 157, 77, 17, 243, 123, 255, 89, 39,
       161, 250, 20, 55, 145, 116, 49, 130, 104, 75, 194, 0, 131, 117,
       226, 198, 128, 16, 114, 131, 130, 22, 199, 45, 65, 199, 150, 10,
       226, 205, 2, 172, 192, 68, 14, 51, 100, 182, 180, 26, 211, 77,
       201, 48, 145, 194, 232, 97, 171, 79, 224, 166, 169, 91, 178, 16,
       56, 65, 39, 59, 214, 163, 40, 37, 165, 72, 175, 246, 92, 107, 255,
       184, 183, 152, 255, 127, 172, 251, 173, 59, 228, 93, 226, 247,
       189, 57, 233, 99, 187, 124, 100, 253, 121, 55, 255, 91, 123, 127,
       149, 225, 220, 113, 119, 249, 189, 183, 119, 222, 106, 29, 209,
       147, 252, 81, 188, 253, 28, 37, 252, 165, 143, 237, 62, 246, 182,
       140, 218, 223, 54, 253, 70, 170, 67, 171, 220, 216, 142, 193, 120,
       187, 10, 127, 193, 7, 219, 241, 235, 197, 25, 98, 205, 1, 143,
       124, 109, 220, 60, 47, 214, 15, 51, 126, 117, 165, 93, 59, 114,
       179, 237, 118, 97, 84, 72, 46, 85, 142, 252, 49, 153, 236, 24, 33,
       245, 181, 156, 107, 16, 248, 179, 189, 220, 87, 48, 246, 62, 177,
       253, 190, 54, 189, 253, 127, 247, 222, 213, 241, 125, 126, 188,
       86, 255, 254, 99, 243, 245, 118, 209, 247, 221, 190, 244, 219,
       122, 220, 245, 235, 223, 44, 87, 190, 223, 120, 233, 125, 120, 93,
       57, 47, 212, 53, 247, 111, 153, 172, 24, 5, 240, 29, 156, 73, 16,
       242, 51, 189, 90, 87, 32, 250, 28, 150, 180, 184, 40, 253, 160,
       117, 59, 250, 194, 205, 212, 116, 173, 23, 253, 138, 227, 3, 245,
       37, 90, 219, 213, 123, 224, 230, 72, 71, 241, 230, 207, 16, 87,
       36, 117, 248, 233, 116, 120, 28, 58, 175, 213, 53, 247, 111, 185,
       236, 24, 5, 240, 29, 156, 73, 22, 242, 55, 189, 90, 87, 40, 250,
       171, 241, 237, 186, 55, 253, 223, 120, 252, 223, 253, 250, 255,
       122, 182, 111, 227, 213, 39, 119, 101, 39, 227, 118, 77, 223, 181,
       43, 83, 30, 51, 169, 215, 44, 85, 186, 90, 120, 233, 244, 114, 94,
       56, 47, 213, 20, 245, 111, 153, 172, 24, 5, 240, 29, 156, 73, 16,
       242, 51, 189, 88, 87, 34, 251, 195, 197, 0, 86, 201, 130, 68, 10,
       34, 33, 33, 66, 162, 201, 4, 25, 102, 35, 36, 146, 130, 46, 137,
       107, 2, 146, 99, 14, 146, 32, 128, 69, 18, 167, 56, 25, 0, 140,
       54, 130, 3, 226, 8, 75, 136, 88, 201, 147, 64, 83, 16, 20, 45, 34,
       167, 171, 17, 58, 176, 7, 0, 100, 147, 9, 28, 41, 183, 212, 32,
       111, 249, 247, 81, 252, 223, 149, 83, 244, 155, 234, 171, 200,
       226, 107, 244, 45, 198, 211, 217, 107, 182, 210, 64, 197, 55, 239,
       207, 48, 117, 186, 222, 250, 232, 125, 112, 125, 241, 38, 239, 52,
       247, 111, 153, 172, 41, 199, 240, 29, 156, 72, 20, 243, 51, 249,
       121, 87, 33, 254, 58, 253, 253, 254, 63, 175, 93, 123, 215, 250,
       221, 241, 255, 76, 180, 94, 255, 213, 102, 115, 244, 63, 208, 127,
       221, 222, 243, 63, 90, 251, 117, 239, 207, 44, 87, 190, 254, 120,
       249, 117, 120, 220, 247, 111, 215, 21, 245, 111, 185, 174, 24, 5,
       240, 29, 156, 73, 16, 242, 119, 187, 122, 87, 168, 254, 61, 54,
       117, 160, 60, 53, 41, 126, 245, 126, 194, 53, 109, 61, 145, 101,
       242, 236, 195, 96, 241, 98, 80, 246, 220, 40, 228, 209, 120, 212,
       105, 201, 77, 72, 199, 190, 253, 56, 9, 125, 124, 68, 18, 143,
       100, 225, 230, 79, 184, 172, 152, 11, 242, 28, 158, 85, 46, 178,
       23, 148, 234, 215, 108, 112, 250, 248, 255, 255, 255, 245, 249,
       216, 254, 183, 213, 254, 255, 220, 246, 125, 254, 247, 127, 115,
       126, 143, 247, 125, 199, 254, 247, 43, 211, 31, 246, 191, 247, 44,
       86, 255, 82, 127, 233, 247, 218, 94, 56, 62, 217, 125, 249, 181,
       153, 172, 24, 5, 240, 159, 156, 73, 16, 242, 49, 189, 92, 87, 34,
       251, 123, 23, 229, 178, 223, 183, 5, 90, 230, 124, 210, 3, 239,
       249, 48, 21, 246, 245, 67, 116, 240, 71, 147, 119, 198, 186, 228,
       140, 122, 20, 112, 233, 87, 44, 86, 188, 90, 120, 1, 100, 92, 84,
       26, 143, 193, 65, 193, 79, 152, 172, 24, 5, 242, 28, 156, 73, 16,
