%YAML:1.0
descriptors: !!opencv-matrix
   rows: 132
   cols: 64
   dt: u
   data: [ 171, 212, 236, 239, 175, 181, 255, 25, 61, 255, 124, 203, 143,
       61, 38, 29, 165, 255, 189, 251, 252, 119, 218, 121, 117, 239, 163,
       182, 95, 113, 125, 231, 231, 248, 158, 113, 247, 249, 248, 243,
       122, 206, 106, 173, 215, 21, 215, 123, 185, 218, 24, 13, 244, 157,
       156, 109, 19, 246, 247, 157, 210, 223, 42, 255, 187, 213, 109,
       140, 255, 63, 95, 27, 183, 79, 189, 202, 175, 105, 38, 93, 229,
       245, 52, 117, 112, 230, 176, 114, 126, 239, 169, 59, 251, 57, 125,
       105, 214, 108, 28, 250, 202, 113, 176, 245, 82, 202, 24, 143, 208,
       22, 244, 77, 153, 172, 26, 5, 104, 29, 159, 77, 24, 246, 51, 156,
       92, 86, 42, 249, 235, 212, 108, 236, 255, 63, 95, 25, 191, 127,
       189, 203, 31, 121, 116, 253, 245, 244, 63, 117, 112, 194, 176, 48,
       126, 239, 169, 59, 255, 81, 125, 233, 240, 108, 22, 250, 194, 113,
       177, 245, 86, 222, 56, 159, 208, 22, 244, 76, 153, 165, 30, 13,
       232, 29, 159, 77, 152, 246, 115, 156, 94, 86, 42, 185, 124, 63,
       255, 240, 252, 247, 111, 127, 209, 126, 250, 52, 103, 198, 153,
       249, 251, 205, 251, 102, 247, 125, 60, 159, 206, 239, 231, 237,
       195, 31, 122, 235, 111, 7, 223, 191, 95, 116, 125, 212, 120, 100,
       178, 239, 93, 175, 183, 254, 223, 172, 30, 211, 225, 125, 214, 81,
       212, 254, 75, 159, 90, 182, 249, 176, 187, 220, 109, 236, 255,
       127, 95, 61, 191, 95, 253, 217, 63, 121, 116, 253, 245, 244, 127,
       125, 244, 90, 176, 56, 126, 239, 171, 63, 255, 83, 125, 237, 240,
       109, 158, 251, 194, 117, 185, 245, 87, 207, 127, 191, 216, 22,
       252, 92, 141, 181, 86, 13, 232, 191, 151, 77, 184, 246, 123, 158,
       223, 158, 46, 185, 63, 181, 253, 254, 63, 253, 253, 120, 247, 246,
       213, 248, 253, 126, 188, 87, 251, 254, 99, 123, 245, 118, 211,
       119, 253, 191, 245, 251, 122, 223, 245, 235, 215, 44, 87, 190,
       219, 120, 249, 125, 120, 93, 121, 47, 213, 53, 247, 111, 153, 172,
       24, 5, 240, 29, 156, 89, 48, 242, 51, 189, 121, 215, 40, 250, 250,
       218, 110, 253, 255, 253, 251, 248, 189, 255, 126, 221, 159, 248,
       125, 237, 235, 221, 125, 111, 252, 250, 164, 56, 111, 255, 175,
       62, 255, 83, 63, 191, 240, 101, 124, 251, 86, 119, 249, 245, 211,
       223, 90, 30, 219, 134, 216, 126, 141, 173, 94, 5, 248, 159, 143,
       77, 144, 246, 59, 156, 93, 30, 34, 177, 200, 223, 239, 253, 255,
       127, 251, 223, 189, 255, 111, 201, 31, 249, 252, 239, 226, 220,
       61, 111, 204, 171, 180, 59, 111, 139, 175, 62, 221, 67, 63, 255,
       241, 101, 126, 251, 82, 119, 241, 245, 211, 222, 90, 30, 218, 134,
       201, 94, 141, 165, 94, 5, 232, 63, 159, 77, 144, 246, 59, 158, 93,
       78, 34, 177, 60, 254, 127, 169, 191, 253, 177, 253, 253, 253, 254,
       253, 253, 60, 251, 228, 251, 252, 195, 106, 245, 114, 159, 252,
       125, 237, 53, 179, 255, 215, 127, 255, 253, 108, 87, 254, 119,
       243, 233, 124, 255, 93, 94, 62, 212, 183, 242, 101, 185, 189, 159,
       13, 250, 29, 157, 89, 52, 242, 63, 188, 219, 223, 46, 252, 68, 10,
       163, 129, 0, 214, 172, 231, 8, 174, 43, 6, 211, 132, 219, 162,
       201, 77, 35, 103, 140, 133, 198, 25, 13, 221, 191, 44, 64, 6, 50,
       90, 69, 4, 93, 171, 16, 124, 233, 70, 48, 84, 48, 47, 215, 28, 53,
       61, 153, 172, 24, 5, 240, 29, 148, 64, 144, 242, 49, 189, 76, 87,
       32, 242, 104, 203, 175, 217, 34, 127, 230, 247, 189, 254, 234,
       140, 81, 244, 255, 238, 139, 216, 123, 110, 124, 177, 94, 186, 89,
       125, 23, 164, 69, 198, 58, 154, 234, 6, 79, 235, 82, 127, 237, 56,
       250, 124, 48, 62, 87, 166, 119, 242, 153, 45, 30, 5, 217, 29, 143,
       88, 144, 224, 43, 189, 93, 87, 42, 178, 191, 253, 255, 222, 55,
       31, 93, 27, 247, 199, 189, 248, 127, 251, 244, 223, 255, 246, 118,
       127, 55, 254, 241, 55, 253, 247, 247, 123, 123, 250, 252, 41, 210,
       108, 54, 254, 202, 124, 243, 253, 118, 219, 189, 111, 186, 20,
       245, 110, 157, 175, 22, 79, 120, 29, 151, 93, 56, 246, 113, 191,
       121, 220, 170, 251, 252, 251, 255, 253, 246, 127, 251, 252, 253,
       255, 254, 191, 255, 250, 251, 238, 251, 221, 123, 111, 125, 255,
       230, 182, 95, 235, 191, 191, 255, 223, 126, 187, 243, 101, 119,
       251, 86, 127, 253, 252, 254, 95, 125, 62, 223, 167, 203, 124, 157,
       173, 94, 5, 250, 31, 157, 77, 208, 246, 59, 189, 95, 94, 34, 251,
       62, 53, 251, 186, 23, 165, 185, 127, 197, 206, 209, 52, 125, 14,
       179, 87, 242, 212, 67, 98, 241, 54, 215, 119, 220, 136, 228, 137,
       82, 220, 124, 233, 231, 36, 151, 190, 210, 120, 129, 116, 56, 73,
       20, 14, 212, 21, 193, 110, 155, 172, 24, 5, 242, 29, 156, 89, 16,
       178, 59, 185, 89, 95, 42, 243, 252, 249, 255, 253, 242, 127, 251,
       252, 253, 253, 255, 191, 255, 254, 251, 254, 251, 221, 127, 111,
       63, 217, 239, 60, 255, 255, 191, 191, 255, 207, 126, 191, 241, 39,
       117, 255, 86, 119, 253, 126, 250, 221, 253, 62, 223, 143, 107,
       180, 141, 173, 95, 181, 250, 63, 149, 77, 208, 252, 41, 253, 93,
       14, 50, 255, 62, 253, 121, 190, 55, 29, 29, 107, 199, 70, 255,
       242, 253, 94, 252, 86, 242, 214, 70, 241, 23, 118, 209, 119, 221,
       150, 229, 89, 82, 252, 220, 169, 134, 44, 214, 158, 202, 122, 129,
       213, 50, 223, 53, 45, 212, 22, 245, 78, 155, 174, 145, 13, 114,
       29, 159, 89, 16, 242, 115, 185, 123, 223, 46, 250, 200, 206, 134,
       225, 232, 255, 162, 241, 57, 253, 78, 207, 154, 53, 123, 168, 137,
       89, 253, 107, 252, 69, 62, 249, 123, 125, 29, 182, 237, 195, 59,
       215, 245, 211, 123, 97, 117, 207, 252, 34, 221, 53, 106, 54, 109,
       143, 126, 177, 45, 89, 239, 189, 223, 231, 139, 174, 87, 204, 167,
       165, 199, 123, 19, 254, 57, 190, 125, 79, 191, 221, 211, 57, 255,
       213, 159, 253, 253, 127, 252, 244, 255, 247, 98, 187, 245, 118,
       219, 245, 249, 119, 117, 126, 126, 223, 223, 175, 207, 108, 75,
       158, 222, 91, 251, 127, 253, 221, 107, 167, 213, 242, 253, 39,
       187, 222, 137, 47, 242, 141, 154, 85, 60, 243, 254, 173, 243, 223,
       44, 222, 127, 253, 255, 254, 54, 127, 125, 127, 247, 220, 213,
       249, 127, 250, 182, 222, 251, 212, 115, 111, 183, 63, 247, 55,
       253, 255, 247, 63, 123, 93, 118, 233, 199, 36, 53, 190, 214, 124,
       249, 117, 120, 223, 189, 47, 223, 20, 245, 110, 153, 172, 26, 141,
       240, 29, 156, 77, 16, 242, 123, 253, 91, 87, 32, 251, 63, 250,
       125, 238, 127, 191, 251, 120, 255, 222, 254, 253, 125, 58, 253,
       244, 242, 212, 95, 110, 245, 114, 133, 119, 237, 172, 237, 29,
       127, 91, 125, 251, 240, 100, 85, 190, 86, 115, 137, 245, 250, 223,
       91, 30, 208, 134, 208, 78, 157, 173, 30, 5, 248, 29, 159, 73, 16,
       242, 59, 188, 89, 30, 34, 185, 60, 251, 255, 248, 54, 253, 253,
       127, 253, 254, 222, 189, 127, 191, 253, 206, 251, 252, 227, 107,
       245, 119, 214, 247, 253, 255, 183, 189, 125, 223, 126, 235, 223,
       70, 247, 190, 214, 120, 249, 125, 124, 93, 255, 47, 247, 181, 119,
       111, 187, 172, 191, 207, 242, 29, 158, 93, 60, 246, 123, 255, 251,
       223, 109, 254, 45, 190, 109, 105, 62, 253, 163, 112, 253, 188,
       198, 245, 205, 61, 249, 229, 155, 237, 195, 106, 245, 119, 90,
       255, 253, 124, 20, 182, 108, 215, 119, 207, 223, 72, 199, 172,
       221, 186, 249, 61, 125, 29, 122, 167, 85, 225, 247, 107, 186, 252,
       137, 75, 242, 29, 152, 92, 38, 194, 215, 173, 251, 223, 108, 254,
       254, 249, 250, 126, 55, 122, 124, 15, 197, 130, 253, 184, 63, 222,
       230, 254, 255, 158, 55, 223, 39, 254, 229, 55, 197, 223, 247, 217,
       83, 182, 254, 168, 146, 62, 167, 222, 203, 124, 209, 213, 42, 219,
       181, 121, 254, 95, 183, 46, 219, 174, 247, 199, 104, 21, 246, 93,
       145, 243, 121, 255, 61, 242, 187, 219, 227, 222, 138, 215, 239,
       223, 158, 129, 46, 239, 59, 202, 158, 236, 118, 189, 253, 251, 60,
       247, 222, 135, 182, 120, 83, 95, 187, 126, 209, 179, 247, 51, 199,
