%YAML:1.0
descriptors: !!opencv-matrix
   rows: 114
   cols: 64
   dt: u
   data: [ 62, 176, 237, 170, 63, 119, 157, 126, 246, 254, 220, 245, 125,
       62, 183, 118, 251, 212, 99, 243, 241, 39, 195, 247, 205, 253, 244,
       143, 90, 222, 243, 235, 223, 44, 87, 190, 90, 120, 233, 124, 120,
       92, 56, 47, 213, 53, 247, 111, 153, 172, 24, 5, 240, 29, 156, 73,
       16, 242, 51, 189, 88, 87, 32, 250, 61, 174, 245, 160, 59, 127,
       161, 127, 188, 252, 222, 117, 125, 63, 219, 228, 235, 220, 195,
       96, 245, 35, 222, 119, 93, 233, 180, 131, 126, 95, 51, 239, 221,
       36, 85, 186, 87, 122, 233, 124, 248, 92, 58, 175, 213, 55, 247,
       111, 153, 172, 24, 5, 240, 29, 156, 73, 16, 242, 51, 189, 90, 87,
       32, 250, 60, 190, 255, 237, 62, 127, 241, 255, 253, 252, 214, 117,
       125, 127, 251, 228, 251, 252, 203, 106, 245, 119, 223, 247, 253,
       168, 180, 147, 126, 223, 127, 255, 255, 108, 87, 190, 215, 122,
       249, 124, 252, 93, 122, 190, 212, 167, 211, 111, 185, 173, 157,
       13, 242, 29, 157, 93, 52, 246, 123, 189, 219, 31, 44, 254, 60,
       123, 125, 244, 54, 125, 125, 127, 221, 222, 250, 53, 125, 46, 249,
       246, 251, 212, 71, 107, 55, 122, 164, 62, 253, 191, 103, 153, 127,
       222, 125, 249, 112, 110, 252, 254, 198, 118, 209, 221, 157, 197,
       247, 62, 70, 167, 68, 126, 138, 53, 215, 140, 106, 159, 135, 93,
       136, 242, 107, 250, 223, 142, 40, 180, 61, 54, 125, 233, 54, 125,
       169, 252, 253, 254, 210, 53, 109, 63, 249, 231, 250, 252, 195,
       104, 121, 242, 212, 188, 221, 168, 164, 145, 124, 222, 127, 251,
       104, 76, 239, 190, 212, 178, 145, 125, 220, 85, 91, 158, 102, 227,
       66, 124, 186, 61, 254, 43, 242, 157, 143, 85, 172, 246, 75, 220,
       255, 142, 110, 183, 189, 250, 127, 231, 255, 253, 191, 248, 253,
       255, 254, 249, 255, 123, 249, 253, 251, 213, 111, 107, 245, 39,
       167, 117, 79, 255, 189, 63, 95, 79, 115, 251, 247, 36, 85, 186,
       82, 120, 233, 244, 240, 92, 56, 47, 213, 22, 245, 111, 153, 173,
       24, 5, 240, 29, 157, 73, 16, 242, 51, 189, 88, 87, 32, 250, 61,
       190, 255, 239, 62, 127, 181, 255, 253, 252, 254, 253, 125, 63,
       255, 252, 251, 212, 67, 107, 245, 115, 247, 118, 93, 239, 180, 27,
       127, 223, 127, 235, 245, 36, 85, 190, 214, 114, 233, 124, 250, 93,
       56, 174, 212, 182, 245, 111, 153, 172, 28, 13, 240, 29, 157, 73,
       16, 242, 51, 189, 90, 87, 42, 250, 63, 54, 121, 168, 191, 184, 35,
       72, 96, 98, 195, 52, 252, 55, 233, 81, 242, 169, 3, 208, 233, 112,
       25, 84, 212, 136, 232, 157, 98, 60, 237, 225, 49, 132, 215, 190,
       72, 122, 129, 94, 172, 83, 92, 8, 84, 135, 194, 15, 154, 110, 0,
       14, 114, 29, 91, 89, 40, 243, 155, 180, 152, 194, 110, 81, 186,
       49, 187, 247, 54, 195, 216, 167, 86, 171, 213, 247, 247, 198, 18,
       122, 118, 131, 114, 211, 135, 45, 231, 199, 189, 10, 246, 223, 66,
       255, 246, 234, 231, 60, 37, 254, 255, 125, 250, 245, 88, 76, 181,
       106, 251, 21, 163, 111, 251, 174, 137, 195, 240, 28, 56, 81, 71,
       243, 115, 251, 57, 51, 227, 239, 255, 244, 127, 135, 255, 245,
       155, 253, 255, 223, 213, 127, 255, 59, 243, 220, 250, 245, 95,
       111, 121, 83, 183, 124, 254, 249, 252, 63, 255, 89, 127, 191, 245,
       109, 28, 255, 210, 115, 169, 253, 211, 95, 89, 30, 209, 134, 216,
       29, 157, 173, 94, 5, 248, 31, 157, 77, 144, 246, 59, 156, 95, 31,
       34, 185, 50, 49, 81, 118, 190, 160, 220, 56, 210, 57, 211, 115,
       228, 66, 128, 80, 126, 199, 70, 146, 227, 44, 129, 207, 138, 58,
       247, 255, 66, 61, 229, 238, 79, 173, 60, 182, 255, 56, 227, 85,
       121, 72, 147, 75, 233, 33, 155, 79, 168, 246, 9, 67, 228, 24, 28,
       65, 6, 51, 151, 147, 184, 39, 160, 110, 255, 254, 125, 175, 255,
       63, 159, 249, 255, 85, 255, 251, 255, 63, 252, 252, 243, 247, 127,
       125, 121, 214, 145, 116, 255, 253, 253, 59, 255, 251, 126, 189,
       208, 109, 54, 223, 198, 121, 185, 253, 119, 223, 125, 63, 221,
       142, 252, 13, 143, 165, 151, 141, 250, 63, 143, 93, 120, 246, 57,
       220, 223, 159, 44, 188, 181, 246, 84, 7, 253, 160, 188, 80, 122,
       57, 174, 123, 230, 83, 192, 81, 118, 231, 165, 147, 225, 44, 11,
       220, 226, 62, 97, 251, 254, 15, 225, 119, 255, 100, 92, 182, 121,
       185, 169, 245, 85, 92, 10, 7, 224, 97, 218, 79, 168, 247, 8, 39,
       244, 142, 152, 73, 54, 243, 151, 132, 216, 87, 36, 88, 187, 212,
       220, 255, 255, 249, 255, 24, 63, 251, 253, 235, 190, 127, 38, 93,
       253, 255, 57, 251, 228, 119, 218, 123, 225, 255, 243, 255, 127,
       115, 247, 231, 223, 248, 223, 52, 255, 121, 248, 115, 120, 222,
       123, 45, 213, 85, 247, 127, 185, 254, 24, 7, 244, 157, 220, 73,
       18, 247, 183, 191, 250, 223, 168, 254, 220, 235, 223, 223, 242,
       91, 222, 231, 91, 155, 255, 254, 127, 246, 223, 250, 251, 147,
       125, 111, 79, 173, 165, 182, 255, 223, 243, 189, 199, 142, 190,
       58, 242, 39, 69, 255, 90, 119, 251, 252, 242, 126, 185, 126, 221,
       30, 213, 110, 159, 173, 86, 197, 248, 31, 149, 73, 209, 246, 113,
       191, 92, 118, 163, 184, 254, 233, 251, 255, 242, 91, 218, 239,
       222, 131, 255, 254, 243, 198, 251, 250, 251, 147, 126, 87, 95,
       189, 119, 151, 183, 215, 247, 175, 195, 250, 246, 186, 234, 14,
       71, 255, 218, 127, 251, 252, 122, 125, 181, 125, 245, 127, 181,
       110, 159, 174, 154, 71, 248, 29, 220, 81, 81, 242, 113, 191, 124,
       119, 233, 250, 192, 201, 138, 213, 96, 67, 252, 167, 25, 131, 109,
       202, 18, 224, 83, 138, 13, 9, 124, 207, 14, 173, 102, 147, 59, 95,
       147, 246, 65, 166, 54, 50, 238, 19, 96, 233, 147, 77, 254, 249,
       112, 60, 177, 103, 191, 60, 23, 238, 221, 138, 58, 215, 209, 127,
       48, 206, 83, 223, 113, 255, 117, 113, 145, 234, 192, 201, 142, 92,
       96, 91, 216, 194, 57, 146, 45, 202, 18, 241, 108, 170, 141, 153,
       60, 239, 70, 173, 36, 51, 107, 95, 147, 44, 197, 6, 58, 112, 242,
       55, 80, 249, 82, 118, 254, 240, 242, 254, 184, 127, 249, 30, 245,
       238, 217, 173, 22, 85, 249, 93, 157, 203, 17, 251, 123, 191, 88,
       116, 131, 185, 64, 13, 130, 84, 64, 74, 124, 7, 0, 128, 43, 71,
       18, 196, 2, 42, 45, 9, 160, 135, 70, 45, 80, 195, 19, 95, 147,
       100, 0, 166, 2, 64, 206, 51, 99, 161, 145, 12, 250, 104, 96, 60,
       181, 227, 237, 120, 183, 238, 217, 170, 40, 211, 241, 93, 24, 194,
       3, 123, 83, 179, 32, 117, 145, 74, 114, 33, 177, 50, 65, 2, 3,
       203, 194, 0, 147, 54, 241, 198, 131, 18, 126, 3, 35, 86, 75, 173,
       67, 198, 148, 218, 242, 141, 130, 170, 194, 136, 10, 46, 71, 190,
       24, 8, 67, 76, 104, 64, 180, 225, 197, 89, 165, 110, 153, 174,
       137, 75, 242, 24, 92, 65, 0, 50, 87, 177, 40, 119, 225, 74, 138,
       204, 10, 95, 43, 93, 220, 133, 59, 240, 47, 133, 16, 52, 105, 231,
       237, 146, 5, 235, 196, 176, 180, 50, 113, 31, 161, 10, 209, 67,
       63, 114, 224, 36, 81, 248, 83, 115, 224, 240, 210, 95, 56, 62,
       212, 22, 192, 108, 153, 173, 94, 5, 248, 29, 157, 73, 16, 242, 59,
       188, 88, 22, 34, 249, 30, 49, 153, 150, 54, 163, 89, 122, 214,
       134, 213, 240, 243, 66, 176, 82, 246, 215, 99, 67, 199, 46, 193,
       87, 204, 154, 231, 77, 82, 12, 244, 104, 214, 44, 84, 190, 90,
       120, 193, 116, 112, 92, 49, 47, 208, 20, 177, 111, 153, 172, 24,
       5, 240, 29, 156, 65, 16, 242, 51, 189, 88, 87, 32, 251, 60, 174,
       255, 205, 42, 223, 245, 247, 191, 252, 222, 253, 95, 62, 251, 236,
       251, 154, 234, 43, 245, 23, 222, 247, 249, 109, 212, 246, 109,
       223, 223, 238, 207, 112, 99, 180, 214, 218, 233, 124, 121, 29, 99,
       167, 253, 182, 247, 107, 189, 238, 175, 159, 246, 29, 152, 93, 54,
       211, 255, 237, 251, 95, 44, 222, 131, 6, 128, 2, 141, 128, 4, 0,
       34, 33, 40, 67, 130, 13, 6, 17, 109, 98, 32, 145, 192, 38, 91, 64,
       64, 23, 145, 98, 18, 24, 131, 68, 135, 40, 18, 48, 56, 8, 40, 96,
       100, 0, 40, 171, 148, 80, 181, 109, 16, 192, 24, 0, 244, 24, 24,
