%YAML:1.0
descriptors: !!opencv-matrix
   rows: 11
   cols: 64
   dt: u
   data: [ 5, 38, 97, 0, 25, 0, 37, 88, 224, 6, 128, 52, 96, 15, 129, 65,
       226, 84, 3, 96, 193, 0, 128, 112, 76, 136, 168, 9, 210, 12, 49,
       73, 84, 36, 84, 186, 82, 112, 1, 84, 80, 64, 24, 14, 80, 20, 192,
       76, 153, 44, 24, 4, 240, 28, 156, 73, 16, 242, 51, 188, 88, 86,
       32, 248, 36, 38, 101, 128, 16, 133, 33, 77, 164, 68, 130, 52, 81,
       63, 185, 69, 194, 116, 67, 96, 209, 2, 208, 112, 92, 168, 132, 1,
       18, 140, 49, 73, 84, 36, 71, 186, 80, 120, 1, 92, 116, 84, 24, 14,
       68, 68, 228, 76, 153, 44, 24, 4, 242, 29, 156, 73, 16, 98, 51,
       188, 72, 87, 32, 248, 39, 38, 101, 162, 157, 160, 39, 88, 164, 68,
       130, 114, 169, 43, 128, 69, 226, 244, 1, 96, 193, 2, 128, 112, 76,
       152, 40, 9, 210, 8, 49, 73, 84, 36, 84, 186, 66, 112, 1, 84, 80,
       64, 24, 15, 64, 16, 228, 77, 153, 44, 24, 4, 240, 28, 140, 73, 16,
       242, 51, 188, 88, 87, 32, 248, 7, 36, 65, 2, 153, 128, 7, 8, 2, 2,
       0, 48, 32, 3, 128, 81, 98, 84, 1, 0, 192, 0, 136, 96, 12, 128, 40,
       9, 146, 8, 1, 73, 84, 36, 20, 186, 0, 112, 1, 212, 0, 66, 24, 11,
       64, 20, 64, 68, 16, 36, 24, 4, 32, 24, 140, 9, 16, 48, 34, 152,
       72, 70, 32, 240, 4, 33, 225, 144, 16, 4, 33, 79, 192, 198, 131,
       52, 81, 130, 145, 66, 234, 84, 3, 100, 3, 160, 196, 3, 12, 136,
       164, 9, 82, 8, 48, 9, 96, 36, 85, 186, 2, 120, 1, 84, 176, 64, 16,
       14, 64, 20, 65, 78, 25, 44, 24, 5, 112, 28, 148, 73, 16, 242, 35,
       188, 72, 70, 32, 243, 5, 38, 65, 0, 217, 0, 35, 72, 128, 68, 128,
       50, 1, 11, 128, 69, 226, 84, 1, 100, 65, 0, 136, 96, 78, 136, 40,
       9, 146, 8, 33, 9, 80, 36, 84, 186, 0, 112, 5, 84, 16, 64, 24, 15,
       64, 16, 192, 196, 25, 36, 24, 4, 96, 24, 140, 73, 16, 240, 35,
       188, 72, 86, 32, 248, 64, 3, 130, 19, 0, 66, 0, 134, 2, 162, 3, 4,
       0, 128, 3, 2, 76, 2, 0, 6, 10, 128, 76, 3, 10, 128, 136, 72, 128,
       0, 0, 82, 48, 22, 65, 8, 0, 2, 6, 66, 128, 32, 0, 0, 0, 12, 0,
       128, 17, 8, 48, 16, 21, 72, 0, 138, 129, 64, 0, 48, 0, 16, 0, 97,
       55, 97, 113, 170, 17, 0, 13, 72, 198, 70, 161, 48, 49, 10, 180,
       86, 226, 212, 7, 100, 1, 130, 128, 52, 76, 136, 160, 9, 82, 8, 48,
       41, 208, 36, 84, 154, 66, 112, 1, 212, 18, 74, 24, 15, 208, 20,
       228, 76, 153, 172, 16, 5, 112, 29, 148, 73, 16, 242, 49, 188, 88,
       86, 34, 249, 55, 50, 113, 166, 63, 160, 13, 72, 198, 70, 211, 112,
       237, 11, 128, 85, 226, 212, 3, 96, 193, 34, 129, 116, 76, 152,
       224, 11, 82, 12, 113, 105, 213, 36, 84, 186, 82, 120, 161, 84, 80,
       92, 24, 15, 208, 20, 244, 79, 153, 172, 24, 5, 240, 29, 156, 73,
       16, 242, 51, 188, 88, 87, 32, 248, 7, 50, 65, 130, 157, 128, 3,
       72, 194, 2, 147, 112, 161, 3, 128, 81, 226, 212, 5, 96, 193, 32,
       128, 116, 76, 152, 168, 9, 146, 8, 49, 105, 84, 36, 84, 154, 66,
       112, 1, 212, 16, 64, 24, 15, 192, 4, 192, 77, 153, 172, 16, 4,
       112, 29, 156, 73, 16, 114, 51, 188, 88, 23, 32, 248, 4, 34, 81,
       162, 24, 48, 33, 120, 196, 62, 194, 53, 97, 2, 145, 64, 226, 212,
       3, 64, 193, 34, 129, 84, 76, 136, 164, 9, 82, 12, 49, 104, 81, 36,
       85, 186, 82, 114, 129, 84, 208, 84, 16, 14, 192, 4, 128, 77, 153,
       172, 24, 5, 240, 29, 156, 65, 16, 242, 51, 188, 88, 86, 32, 248 ]
