%YAML:1.0
descriptors: !!opencv-matrix
   rows: 3
   cols: 64
   dt: u
   data: [ 7, 39, 65, 34, 17, 0, 3, 72, 160, 68, 130, 48, 33, 43, 128,
       69, 226, 212, 1, 96, 65, 32, 128, 112, 76, 136, 160, 9, 210, 8,
       49, 9, 80, 36, 84, 186, 66, 112, 1, 212, 0, 64, 24, 15, 64, 20,
       192, 76, 153, 36, 24, 4, 112, 28, 140, 73, 16, 242, 51, 188, 88,
       86, 32, 248, 37, 38, 97, 130, 16, 4, 35, 77, 196, 70, 3, 52, 97,
       11, 145, 70, 226, 212, 3, 96, 193, 2, 193, 52, 76, 136, 172, 9,
       82, 8, 49, 105, 84, 36, 85, 186, 66, 120, 1, 84, 16, 64, 24, 14,
       192, 4, 192, 76, 153, 44, 24, 5, 112, 28, 156, 73, 16, 242, 51,
       188, 88, 86, 32, 248, 191, 244, 125, 255, 255, 189, 223, 25, 255,
       127, 189, 250, 191, 123, 244, 93, 246, 247, 54, 243, 253, 118,
       179, 124, 253, 255, 247, 127, 127, 123, 247, 251, 199, 108, 158,
       254, 218, 121, 249, 255, 114, 223, 127, 173, 209, 16, 245, 127,
       153, 191, 24, 13, 248, 157, 158, 93, 56, 246, 115, 191, 250, 223,
       44, 251 ]
