%YAML:1.0
descriptors: !!opencv-matrix
   rows: 26
   cols: 64
   dt: u
   data: [ 127, 49, 125, 158, 55, 151, 27, 122, 230, 230, 213, 182, 253,
       234, 181, 86, 246, 215, 67, 118, 209, 39, 193, 119, 204, 248, 228,
       93, 82, 156, 244, 105, 210, 44, 85, 190, 90, 120, 193, 124, 112,
       92, 56, 47, 213, 52, 229, 111, 153, 172, 24, 5, 240, 29, 156, 73,
       16, 242, 51, 189, 88, 87, 32, 250, 254, 249, 123, 239, 255, 109,
       223, 137, 255, 207, 253, 251, 255, 238, 246, 252, 251, 215, 62,
       119, 111, 158, 165, 124, 239, 223, 251, 123, 223, 251, 246, 191,
       210, 237, 61, 223, 254, 125, 249, 247, 123, 223, 255, 121, 223,
       29, 252, 61, 205, 191, 82, 135, 248, 183, 188, 111, 216, 180, 245,
       123, 191, 93, 178, 191, 61, 254, 255, 233, 190, 253, 187, 245,
       249, 255, 254, 253, 253, 61, 251, 236, 217, 236, 235, 251, 245,
       113, 127, 253, 253, 125, 253, 246, 109, 215, 255, 255, 253, 216,
       207, 36, 255, 243, 249, 125, 252, 29, 251, 191, 245, 227, 247,
       123, 190, 255, 143, 203, 246, 189, 219, 93, 230, 215, 223, 239,
       251, 219, 108, 222, 227, 206, 238, 203, 239, 150, 159, 137, 63,
       255, 36, 202, 186, 57, 38, 13, 136, 181, 60, 187, 220, 119, 218,
       104, 117, 247, 153, 54, 191, 27, 19, 71, 215, 229, 90, 105, 242,
       249, 238, 42, 118, 94, 104, 189, 145, 88, 253, 49, 157, 204, 24,
       37, 213, 253, 220, 238, 80, 254, 178, 61, 210, 215, 56, 255, 232,
       203, 191, 249, 234, 255, 235, 245, 61, 255, 106, 143, 211, 244,
       251, 238, 223, 221, 249, 111, 190, 221, 222, 249, 95, 127, 59,
       230, 205, 199, 54, 159, 199, 131, 127, 105, 85, 255, 255, 106,
       116, 125, 228, 119, 127, 159, 127, 179, 223, 201, 60, 245, 215,
       255, 156, 254, 81, 252, 241, 111, 223, 125, 153, 246, 250, 249,
       91, 247, 255, 163, 219, 184, 222, 155, 245, 251, 175, 194, 198,
       120, 118, 215, 62, 223, 79, 175, 163, 126, 174, 222, 251, 127,
       214, 123, 246, 190, 122, 173, 60, 223, 254, 125, 251, 245, 219,
       206, 247, 95, 251, 31, 153, 31, 239, 183, 18, 199, 232, 182, 188,
       235, 208, 183, 181, 219, 61, 31, 178, 189, 58, 177, 217, 215, 247,
       147, 219, 61, 214, 155, 213, 251, 191, 74, 150, 84, 126, 151, 114,
       151, 199, 63, 195, 103, 172, 146, 246, 127, 86, 249, 213, 168,
       223, 44, 140, 190, 222, 121, 251, 117, 121, 203, 247, 79, 209, 53,
       145, 79, 191, 190, 153, 135, 240, 184, 220, 91, 64, 179, 254, 219,
       57, 31, 164, 223, 148, 251, 82, 11, 217, 88, 132, 128, 123, 145,
       46, 255, 166, 119, 205, 184, 107, 131, 165, 150, 69, 36, 9, 196,
       227, 87, 81, 107, 174, 10, 130, 50, 158, 66, 69, 182, 53, 24, 239,
       116, 101, 28, 56, 53, 213, 82, 182, 229, 185, 237, 9, 33, 244, 5,
       72, 203, 22, 209, 22, 37, 24, 113, 100, 74, 210, 249, 155, 86, 38,
       195, 92, 34, 83, 131, 85, 208, 126, 196, 4, 26, 125, 131, 52, 159,
       135, 60, 225, 199, 169, 87, 243, 222, 67, 175, 196, 104, 154, 62,
       160, 68, 206, 77, 218, 241, 80, 235, 165, 105, 187, 60, 183, 110,
       215, 202, 163, 199, 236, 1, 112, 215, 71, 51, 90, 123, 49, 57,
       211, 207, 50, 177, 154, 214, 38, 129, 92, 39, 83, 195, 61, 208,
       246, 198, 6, 122, 245, 130, 32, 155, 135, 61, 227, 195, 232, 70,
       226, 93, 2, 253, 220, 32, 231, 62, 60, 158, 206, 109, 210, 209,
       82, 203, 229, 105, 190, 20, 181, 110, 211, 234, 11, 199, 32, 8,
       56, 67, 71, 51, 122, 83, 57, 56, 195, 238, 13, 146, 198, 33, 189,
       241, 160, 252, 56, 185, 192, 109, 200, 25, 3, 1, 8, 236, 203, 219,
       241, 65, 110, 249, 96, 41, 24, 230, 124, 69, 33, 199, 253, 248,
       249, 32, 125, 185, 41, 39, 93, 20, 122, 150, 65, 225, 91, 113, 56,
       94, 76, 33, 244, 172, 216, 76, 54, 130, 135, 132, 194, 83, 36, 94,
       219, 212, 136, 62, 29, 98, 114, 142, 80, 185, 252, 249, 34, 131,
       134, 187, 107, 158, 177, 209, 233, 137, 239, 56, 36, 139, 232,
       131, 219, 97, 161, 111, 189, 167, 52, 113, 119, 245, 37, 247, 91,
       206, 122, 75, 218, 23, 75, 209, 217, 102, 95, 132, 236, 182, 244,
       233, 210, 176, 175, 250, 156, 6, 182, 221, 61, 49, 245, 244, 52,
       39, 121, 126, 196, 206, 209, 177, 109, 171, 145, 70, 250, 244, 67,
       111, 51, 42, 196, 183, 156, 170, 230, 153, 82, 156, 112, 233, 74,
       46, 36, 190, 214, 56, 81, 93, 60, 64, 177, 174, 194, 33, 65, 110,
       154, 172, 249, 9, 112, 28, 156, 85, 168, 178, 115, 219, 123, 134,
       41, 242, 2, 193, 0, 154, 1, 200, 4, 3, 39, 66, 1, 128, 16, 78, 36,
       29, 79, 50, 32, 192, 130, 44, 25, 99, 64, 215, 19, 41, 19, 42, 0,
       1, 146, 134, 83, 10, 1, 72, 110, 2, 32, 224, 44, 105, 21, 92, 117,
       166, 81, 128, 16, 4, 36, 0, 224, 170, 25, 32, 32, 53, 0, 113, 145,
       98, 2, 4, 0, 170, 137, 200, 38, 9, 4, 66, 11, 4, 144, 6, 44, 52,
       205, 26, 1, 80, 130, 32, 152, 65, 84, 212, 8, 13, 2, 162, 11, 1,
       0, 134, 83, 138, 33, 64, 77, 2, 32, 16, 20, 225, 68, 29, 100, 166,
       81, 4, 16, 0, 160, 5, 100, 41, 24, 34, 35, 176, 0, 71, 48, 64,
       195, 21, 144, 54, 81, 2, 94, 14, 2, 41, 33, 233, 34, 202, 134, 27,
       110, 23, 52, 85, 10, 175, 226, 43, 4, 139, 242, 47, 19, 40, 32,
       101, 19, 167, 52, 187, 35, 108, 39, 214, 66, 234, 56, 73, 139, 29,
       77, 158, 81, 162, 120, 20, 100, 50, 180, 171, 145, 186, 177, 155,
       28, 116, 177, 107, 143, 237, 200, 122, 51, 91, 92, 6, 59, 195, 45,
       252, 26, 254, 236, 255, 137, 58, 52, 219, 135, 118, 112, 35, 117,
       215, 195, 123, 99, 251, 158, 97, 146, 154, 7, 226, 163, 91, 251,
       252, 114, 191, 124, 97, 182, 87, 119, 110, 213, 238, 58, 79, 252,
       69, 240, 188, 58, 211, 127, 189, 57, 250, 251, 203, 63, 178, 125,
       166, 63, 189, 185, 124, 246, 252, 214, 117, 125, 63, 185, 85, 250,
       254, 67, 99, 245, 98, 195, 119, 205, 170, 228, 219, 122, 93, 241,
       235, 215, 44, 87, 190, 87, 122, 233, 116, 120, 92, 58, 47, 212,
       21, 247, 111, 153, 172, 24, 5, 240, 29, 156, 73, 16, 242, 51, 189,
       90, 87, 32, 250, 197, 23, 16, 112, 93, 162, 38, 80, 0, 33, 192,
       67, 130, 85, 0, 1, 4, 109, 157, 197, 227, 45, 72, 211, 0, 90, 8,
       198, 80, 4, 161, 68, 31, 147, 144, 33, 33, 136, 4, 131, 73, 32,
       26, 194, 225, 73, 3, 75, 24, 82, 40, 98, 101, 236, 90, 130, 71,
       159, 151, 135, 0, 51, 245, 74, 146, 201, 138, 255, 239, 216, 216,
       138, 26, 147, 85, 206, 154, 208, 77, 184, 12, 147, 60, 223, 142,
       61, 198, 91, 47, 215, 179, 110, 87, 35, 22, 59, 151, 183, 89, 65,
       127, 79, 250, 34, 241, 124, 169, 121, 217, 28, 249, 63, 223, 139,
       17, 197, 253, 69, 252, 235, 81, 211, 114, 255, 80, 121, 147, 255,
       46, 33, 104, 188, 23, 42, 52, 79, 5, 64, 221, 52, 57, 174, 164,
       86, 130, 24, 3, 212, 35, 50, 209, 55, 84, 136, 192, 137, 115, 188,
       60, 193, 128, 44, 38, 154, 163, 112, 1, 220, 10, 171, 21, 65, 68,
       21, 167, 78, 91, 38, 211, 12, 98, 20, 242, 16, 56, 163, 43, 248,
       41, 2, 174, 73, 227, 223, 24, 123, 201, 216, 70, 141, 43, 99, 169,
       236, 160, 79, 110, 189, 205, 34, 61, 214, 15, 235, 63, 40, 87,
       215, 115, 107, 147, 51, 203, 23, 137, 135, 219, 71, 33, 133, 254,
       42, 34, 60, 40, 241, 21, 91, 63, 178, 208, 218, 118, 124, 133,
       231, 224, 163, 179, 141, 228, 39, 148, 241, 221, 2, 76, 172, 151,
       185, 72, 207, 166, 231, 9, 224, 74, 140, 208, 166, 255, 170, 207,
       11, 249, 102, 157, 133, 94, 137, 219, 77, 152, 230, 65, 131, 187,
       198, 197, 145, 97, 33, 17, 206, 236, 106, 48, 29, 100, 162, 127,
       159, 127, 161, 221, 200, 104, 255, 183, 77, 16, 202, 79, 205, 139,
       225, 25, 99, 83, 230, 15, 50, 64, 32, 29, 162, 42, 72, 80, 58,
       192, 49, 96, 67, 129, 17, 66, 12, 131, 208, 225, 32, 9, 95, 4,
       136, 224, 135, 82, 36, 161, 194, 31, 128, 212, 186, 61, 56, 33,
       116, 72, 68, 26, 8, 208, 81, 131, 79, 56, 238, 24, 1, 240, 28, 92,
       65, 6, 178, 151, 148, 8, 83, 96, 73, 61, 181, 253, 254, 63, 127,
       249, 127, 247, 252, 212, 245, 125, 126, 191, 86, 251, 254, 67,
