%YAML:1.0
descriptors: !!opencv-matrix
   rows: 83
   cols: 64
   dt: u
   data: [ 116, 34, 241, 145, 216, 135, 35, 125, 196, 230, 192, 52, 193,
       134, 145, 66, 234, 213, 3, 100, 201, 33, 198, 53, 76, 136, 172,
       13, 82, 12, 49, 107, 85, 36, 85, 186, 82, 120, 1, 84, 48, 64, 16,
       14, 69, 20, 193, 79, 153, 44, 24, 5, 240, 28, 156, 73, 16, 242,
       51, 189, 88, 86, 32, 250, 63, 245, 253, 190, 127, 191, 95, 25,
       247, 95, 245, 250, 191, 122, 180, 93, 242, 247, 99, 115, 245, 119,
       211, 119, 252, 254, 225, 127, 122, 121, 245, 233, 199, 44, 22,
       190, 210, 120, 233, 117, 114, 223, 61, 47, 213, 20, 245, 79, 153,
       172, 24, 13, 240, 29, 156, 73, 24, 242, 51, 189, 90, 87, 40, 251,
       208, 58, 199, 215, 252, 166, 235, 244, 72, 239, 83, 95, 207, 199,
       155, 73, 234, 213, 57, 102, 207, 141, 207, 121, 14, 218, 190, 47,
       210, 13, 51, 63, 119, 167, 125, 91, 82, 255, 255, 87, 145, 100,
       201, 94, 203, 12, 201, 147, 220, 204, 88, 245, 69, 254, 157, 235,
       192, 252, 49, 63, 220, 69, 17, 182, 251, 216, 202, 239, 255, 240,
       255, 140, 157, 187, 124, 251, 191, 14, 38, 93, 125, 223, 189, 155,
       236, 119, 239, 125, 37, 223, 251, 183, 95, 113, 247, 239, 215,
       233, 188, 117, 247, 253, 252, 119, 123, 206, 235, 109, 215, 21,
       255, 115, 255, 218, 26, 165, 252, 165, 252, 237, 214, 247, 191,
       255, 247, 95, 178, 255, 220, 43, 147, 117, 248, 163, 106, 247, 72,
       185, 194, 31, 194, 196, 155, 74, 106, 201, 187, 79, 79, 173, 78,
       155, 143, 74, 190, 239, 192, 5, 178, 142, 119, 179, 116, 123, 21,
       255, 247, 86, 217, 100, 209, 118, 235, 13, 139, 179, 221, 196,
       120, 247, 209, 254, 29, 235, 199, 253, 81, 243, 76, 36, 145, 246,
       205, 254, 246, 109, 253, 249, 254, 248, 56, 187, 234, 239, 238,
       93, 235, 169, 237, 237, 255, 219, 253, 111, 95, 253, 231, 127,
       251, 246, 252, 87, 227, 246, 255, 249, 221, 37, 255, 191, 253,
       119, 125, 92, 122, 191, 245, 115, 255, 115, 184, 222, 24, 103,
       244, 253, 217, 77, 22, 159, 151, 183, 190, 243, 164, 78, 126, 185,
       255, 247, 255, 167, 219, 59, 222, 253, 213, 127, 191, 94, 144, 92,
       246, 215, 123, 119, 245, 47, 195, 119, 174, 250, 230, 127, 94,
       249, 245, 239, 215, 45, 85, 190, 222, 121, 233, 117, 89, 93, 243,
       47, 209, 53, 245, 111, 157, 174, 25, 5, 240, 29, 156, 73, 80, 242,
       51, 189, 120, 87, 32, 254, 99, 37, 163, 22, 192, 6, 7, 66, 194, 4,
       129, 35, 226, 195, 130, 1, 106, 33, 35, 214, 75, 175, 19, 199,
       214, 122, 188, 141, 130, 28, 224, 0, 194, 45, 68, 191, 26, 32, 69,
       92, 120, 72, 24, 139, 193, 120, 165, 78, 57, 172, 8, 3, 240, 24,
       28, 67, 16, 178, 19, 181, 56, 87, 32, 232, 65, 15, 130, 26, 200,
       202, 6, 6, 40, 34, 2, 12, 130, 197, 15, 9, 73, 1, 57, 198, 206,
       37, 75, 195, 66, 83, 152, 44, 0, 8, 0, 0, 215, 39, 81, 187, 16, 8,
       111, 96, 96, 116, 56, 43, 85, 88, 245, 231, 153, 172, 24, 4, 241,
       125, 28, 203, 16, 254, 19, 181, 88, 83, 48, 234, 103, 196, 236,
       24, 78, 159, 31, 1, 43, 103, 45, 200, 158, 172, 52, 79, 201, 113,
       60, 225, 154, 119, 90, 105, 93, 215, 173, 47, 67, 157, 61, 103,
       215, 172, 6, 11, 74, 249, 237, 122, 112, 202, 108, 45, 151, 92,
       245, 59, 149, 236, 24, 4, 101, 89, 156, 203, 24, 246, 179, 189,
       217, 211, 120, 254, 66, 0, 128, 18, 200, 194, 2, 5, 194, 32, 18,
       4, 32, 68, 11, 32, 108, 1, 1, 212, 200, 35, 67, 135, 18, 72, 140,
       12, 0, 128, 1, 64, 77, 45, 65, 187, 24, 2, 5, 68, 0, 16, 16, 138,
       69, 108, 161, 78, 25, 44, 8, 1, 177, 88, 24, 195, 64, 106, 19,
       176, 8, 6, 48, 72, 126, 117, 125, 254, 127, 175, 95, 9, 246, 110,
       253, 176, 253, 106, 180, 86, 246, 215, 98, 242, 255, 63, 209, 127,
       220, 223, 231, 127, 82, 185, 245, 233, 211, 44, 22, 190, 202, 120,
       243, 127, 112, 202, 189, 111, 213, 20, 245, 79, 153, 166, 24, 7,
       224, 29, 156, 73, 24, 243, 115, 191, 120, 87, 32, 250, 5, 50, 69,
       0, 156, 184, 36, 80, 96, 24, 130, 99, 192, 83, 128, 1, 66, 196,
       133, 32, 193, 32, 9, 208, 4, 24, 0, 131, 156, 12, 33, 68, 86, 96,
       220, 154, 96, 56, 1, 132, 197, 66, 26, 15, 64, 128, 208, 67, 0,
       53, 24, 0, 96, 16, 143, 9, 6, 18, 18, 132, 72, 87, 36, 57, 71,
       175, 137, 168, 64, 154, 166, 70, 41, 194, 131, 198, 208, 52, 174,
       1, 136, 73, 33, 103, 197, 37, 66, 83, 69, 210, 152, 237, 0, 12,
       51, 65, 151, 16, 85, 170, 16, 120, 237, 112, 96, 28, 56, 33, 213,
       28, 247, 111, 153, 172, 8, 5, 241, 93, 24, 73, 16, 218, 19, 181,
       88, 83, 112, 234, 65, 134, 16, 8, 64, 194, 166, 70, 0, 128, 2,
       133, 0, 20, 169, 1, 207, 9, 161, 68, 192, 33, 76, 67, 65, 93, 9,
       100, 0, 6, 1, 67, 149, 1, 81, 160, 17, 72, 109, 96, 32, 20, 56,
       35, 85, 28, 119, 111, 152, 172, 8, 4, 177, 93, 152, 203, 18, 202,
       3, 165, 80, 71, 48, 106, 195, 237, 137, 30, 38, 10, 92, 6, 99, 3,
       61, 200, 26, 162, 100, 187, 133, 2, 52, 253, 6, 180, 97, 3, 193,
       199, 163, 123, 3, 40, 148, 96, 146, 60, 36, 202, 202, 76, 226,
       243, 114, 202, 45, 105, 178, 94, 245, 46, 209, 162, 18, 71, 104,
       25, 55, 14, 153, 243, 48, 60, 57, 112, 66, 171, 5, 5, 0, 16, 201,
       200, 2, 76, 8, 0, 138, 37, 32, 70, 235, 161, 195, 20, 129, 20, 78,
       170, 138, 2, 70, 204, 2, 1, 144, 10, 11, 0, 14, 39, 81, 186, 0,
       66, 79, 4, 33, 52, 28, 67, 68, 87, 173, 130, 0, 36, 88, 36, 131,
       26, 4, 33, 1, 32, 38, 32, 8, 6, 161, 64, 135, 236, 10, 10, 0, 72,
       140, 130, 43, 131, 43, 202, 130, 7, 236, 185, 9, 34, 36, 129, 5,
       4, 32, 65, 97, 85, 17, 97, 1, 42, 130, 16, 148, 144, 217, 130, 33,
       8, 234, 32, 97, 60, 40, 97, 181, 80, 244, 40, 209, 250, 32, 55,
       149, 65, 104, 170, 18, 3, 16, 37, 0, 113, 80, 10, 5, 42, 70, 1,
       152, 232, 162, 244, 40, 184, 10, 21, 64, 87, 201, 161, 98, 200, 1,
       226, 197, 32, 13, 218, 73, 8, 160, 131, 64, 14, 33, 86, 119, 36,
       85, 186, 83, 50, 233, 116, 240, 84, 24, 14, 68, 6, 195, 111, 153,
       44, 24, 5, 240, 29, 157, 73, 16, 242, 51, 188, 88, 87, 32, 248,
       198, 193, 137, 254, 43, 74, 94, 15, 7, 226, 45, 252, 51, 70, 166,
       254, 139, 20, 48, 67, 134, 57, 230, 11, 125, 215, 147, 47, 83,
       171, 23, 111, 135, 182, 21, 154, 162, 216, 250, 119, 98, 249, 229,
       105, 181, 28, 245, 107, 217, 174, 26, 69, 244, 21, 180, 75, 17,
       242, 113, 187, 24, 119, 177, 250, 253, 50, 247, 215, 255, 163,
       251, 248, 222, 121, 211, 127, 239, 218, 131, 112, 246, 215, 63,
       98, 205, 173, 139, 124, 142, 218, 250, 111, 210, 15, 243, 127,
       115, 165, 84, 191, 86, 249, 237, 247, 80, 92, 75, 30, 201, 12,
       201, 95, 153, 236, 24, 5, 244, 190, 156, 73, 80, 242, 179, 189,
       220, 23, 32, 252, 77, 206, 6, 169, 201, 95, 166, 197, 57, 216, 42,
       141, 16, 52, 235, 172, 139, 24, 137, 14, 92, 128, 28, 144, 83, 93,
       25, 160, 173, 70, 59, 23, 168, 1, 81, 96, 53, 210, 237, 40, 231,
       21, 26, 54, 85, 135, 126, 224, 141, 73, 110, 61, 155, 79, 137,
       200, 150, 200, 15, 36, 70, 79, 2, 16, 5, 206, 22, 171, 200, 216,
       162, 225, 57, 208, 78, 79, 144, 55, 203, 160, 203, 136, 169, 40,
       68, 0, 142, 240, 121, 93, 25, 160, 172, 130, 11, 23, 148, 65, 113,
       144, 117, 210, 237, 44, 229, 21, 56, 183, 77, 134, 126, 224, 137,
       13, 237, 60, 149, 7, 138, 136, 38, 200, 6, 165, 66, 71, 36, 90, 1,
       196, 17, 168, 0, 200, 38, 69, 9, 66, 8, 136, 0, 5, 206, 139, 207,
       72, 161, 68, 0, 0, 74, 0, 73, 213, 25, 160, 1, 2, 34, 1, 196, 2,
       217, 9, 1, 228, 109, 2, 32, 160, 56, 161, 23, 24, 116, 176, 16,
       128, 112, 48, 129, 69, 38, 168, 137, 136, 8, 161, 4, 67, 81, 34,
       195, 69, 0, 22, 205, 2, 14, 0, 66, 3, 33, 98, 162, 195, 4, 17,
       100, 3, 4, 212, 11, 172, 33, 78, 6, 146, 251, 15, 130, 40, 128,
       32, 82, 45, 28, 155, 74, 36, 2, 198, 2, 202, 8, 201, 193, 88, 132,
       31, 65, 166, 16, 0, 104, 26, 4, 171, 16, 51, 48, 21, 28, 116, 48,
       41, 194, 9, 146, 54, 65, 2, 80, 142, 2, 161, 5, 68, 50, 194, 2,
