%YAML:1.0
descriptors: !!opencv-matrix
   rows: 3
   cols: 64
   dt: u
   data: [ 60, 191, 255, 252, 54, 127, 249, 255, 253, 254, 222, 245, 95,
       124, 255, 238, 185, 220, 251, 107, 245, 125, 214, 247, 253, 111,
       182, 247, 109, 215, 127, 235, 207, 56, 87, 190, 223, 122, 249,
       125, 248, 93, 251, 191, 245, 183, 247, 111, 187, 172, 159, 15,
       240, 29, 157, 93, 22, 242, 127, 253, 123, 95, 40, 250, 62, 50,
       241, 166, 30, 164, 169, 109, 198, 236, 82, 53, 101, 74, 145, 84,
       242, 212, 1, 98, 193, 32, 198, 127, 12, 136, 164, 11, 82, 8, 49,
       111, 103, 36, 85, 186, 82, 122, 129, 84, 208, 68, 16, 14, 192, 4,
       193, 79, 153, 172, 24, 5, 240, 28, 156, 73, 16, 242, 51, 188, 88,
       7, 32, 240, 62, 245, 125, 222, 55, 61, 93, 123, 247, 68, 253, 176,
       125, 126, 180, 87, 243, 246, 98, 99, 247, 118, 209, 119, 221, 191,
       229, 89, 114, 158, 244, 233, 214, 44, 87, 190, 210, 120, 201, 125,
       112, 223, 57, 47, 212, 52, 245, 110, 153, 172, 24, 13, 240, 29,
       156, 73, 16, 242, 51, 189, 88, 87, 40, 250 ]
