%YAML:1.0
descriptors: !!opencv-matrix
   rows: 40
   cols: 64
   dt: u
   data: [ 62, 49, 125, 182, 63, 55, 61, 126, 244, 254, 213, 177, 125,
       110, 180, 87, 250, 220, 67, 99, 241, 34, 193, 119, 204, 170, 228,
       139, 82, 28, 117, 235, 215, 36, 85, 190, 83, 120, 233, 116, 120,
       92, 56, 47, 212, 21, 247, 111, 153, 172, 24, 5, 240, 29, 156, 73,
       16, 242, 51, 189, 88, 87, 32, 250, 63, 177, 252, 182, 55, 33, 61,
       78, 246, 60, 213, 241, 125, 106, 180, 87, 254, 246, 67, 99, 229,
       34, 193, 119, 204, 170, 228, 75, 82, 140, 241, 233, 215, 36, 87,
       190, 82, 120, 233, 124, 120, 92, 56, 47, 212, 21, 247, 111, 153,
       172, 24, 5, 240, 29, 156, 73, 16, 242, 51, 189, 88, 87, 32, 250,
       39, 32, 97, 128, 145, 132, 1, 72, 134, 68, 129, 112, 129, 11, 148,
       84, 226, 212, 5, 100, 65, 0, 128, 112, 76, 136, 168, 9, 210, 8,
       48, 41, 208, 36, 84, 186, 66, 112, 1, 212, 80, 66, 24, 15, 192,
       20, 192, 76, 153, 36, 24, 4, 112, 28, 156, 73, 16, 242, 51, 188,
       88, 86, 32, 249, 4, 35, 65, 128, 16, 2, 32, 119, 128, 2, 130, 52,
       65, 2, 153, 67, 234, 84, 3, 100, 65, 128, 196, 16, 12, 136, 172,
       9, 82, 12, 48, 8, 112, 36, 85, 186, 0, 112, 1, 84, 176, 80, 24,
       14, 64, 20, 64, 76, 153, 44, 24, 4, 112, 29, 148, 73, 16, 242, 35,
       188, 72, 86, 32, 248, 7, 50, 81, 2, 221, 128, 7, 72, 226, 6, 2,
       114, 173, 43, 128, 17, 226, 197, 1, 96, 193, 34, 129, 116, 76,
       152, 172, 11, 210, 8, 33, 105, 85, 36, 84, 186, 82, 48, 1, 84, 80,
       80, 24, 15, 192, 0, 228, 77, 153, 172, 24, 0, 240, 29, 156, 73,
       16, 242, 51, 188, 88, 87, 32, 248, 68, 35, 131, 144, 0, 87, 40,
       103, 0, 166, 67, 20, 81, 132, 155, 66, 138, 72, 67, 98, 2, 160,
       196, 147, 13, 136, 134, 9, 0, 140, 48, 72, 112, 4, 85, 170, 0,
       122, 65, 84, 176, 96, 16, 14, 70, 132, 1, 110, 25, 44, 56, 5, 48,
       29, 148, 72, 128, 98, 19, 189, 72, 6, 32, 242, 71, 35, 131, 85,
       255, 130, 218, 204, 130, 171, 131, 118, 210, 194, 163, 83, 40,
       245, 0, 83, 143, 45, 86, 75, 4, 130, 178, 111, 18, 40, 53, 118,
       103, 183, 30, 187, 82, 124, 227, 87, 64, 104, 0, 74, 227, 76, 137,
       31, 25, 174, 24, 71, 112, 24, 156, 67, 144, 114, 51, 159, 76, 55,
       161, 242, 242, 0, 179, 147, 203, 134, 3, 173, 206, 229, 23, 28,
       63, 168, 19, 150, 126, 22, 83, 100, 26, 131, 255, 44, 30, 128,
       172, 15, 131, 153, 81, 47, 33, 175, 34, 127, 2, 103, 7, 222, 144,
       67, 68, 138, 9, 30, 9, 148, 213, 12, 211, 136, 48, 26, 181, 243,
       232, 116, 41, 120, 220, 4, 18, 253, 69, 33, 227, 85, 252, 130,
       217, 94, 130, 5, 131, 118, 195, 192, 178, 65, 40, 101, 34, 38,
       199, 47, 66, 199, 14, 178, 150, 13, 16, 12, 16, 8, 87, 63, 6, 158,
       66, 60, 203, 87, 17, 96, 128, 78, 169, 104, 177, 15, 17, 172, 24,
       71, 48, 24, 156, 67, 16, 50, 50, 63, 104, 21, 33, 250, 35, 38,
       229, 3, 222, 133, 129, 124, 198, 101, 146, 118, 235, 73, 146, 69,
       234, 245, 67, 98, 216, 39, 203, 101, 78, 186, 180, 47, 18, 28, 49,
       75, 87, 44, 85, 186, 82, 120, 105, 94, 80, 84, 24, 143, 193, 32,
       245, 111, 153, 172, 24, 5, 240, 29, 156, 65, 16, 114, 51, 189, 72,
       87, 32, 250, 33, 6, 101, 130, 158, 133, 3, 121, 228, 68, 146, 22,
       249, 57, 17, 68, 194, 85, 67, 96, 216, 34, 211, 228, 92, 160, 132,
       12, 50, 156, 17, 9, 95, 44, 69, 186, 66, 120, 1, 92, 20, 80, 24,
       142, 64, 32, 225, 79, 25, 44, 24, 0, 112, 25, 156, 73, 24, 114,
       51, 188, 72, 86, 32, 248, 33, 6, 100, 128, 89, 143, 7, 90, 164,
       68, 130, 6, 129, 109, 176, 5, 194, 117, 67, 96, 208, 38, 152, 99,
       70, 168, 8, 4, 16, 12, 49, 73, 87, 36, 86, 186, 0, 120, 1, 4, 68,
       80, 24, 143, 64, 64, 228, 79, 24, 44, 24, 4, 114, 29, 140, 9, 16,
       98, 51, 188, 72, 87, 32, 248, 65, 7, 228, 0, 217, 130, 7, 90, 164,
       68, 128, 67, 130, 73, 130, 5, 194, 117, 1, 100, 192, 7, 154, 99,
       70, 152, 24, 5, 146, 8, 32, 1, 87, 38, 20, 186, 80, 48, 5, 84, 68,
       64, 24, 143, 65, 64, 197, 199, 24, 44, 24, 4, 240, 24, 140, 9, 16,
       112, 35, 157, 72, 87, 32, 248, 192, 41, 131, 147, 192, 70, 2, 231,
       202, 231, 27, 22, 83, 166, 147, 226, 235, 85, 32, 103, 14, 133,
       230, 0, 15, 195, 188, 41, 130, 138, 18, 58, 112, 36, 85, 186, 82,
       112, 205, 86, 48, 80, 48, 46, 197, 28, 225, 172, 153, 172, 16, 5,
       240, 29, 148, 75, 16, 112, 49, 61, 92, 84, 32, 250, 3, 6, 12, 130,
       7, 149, 1, 60, 164, 70, 54, 4, 9, 57, 57, 37, 128, 116, 65, 176,
       208, 114, 144, 96, 64, 32, 0, 0, 48, 24, 17, 73, 252, 44, 211,
       170, 66, 96, 1, 8, 180, 80, 24, 142, 80, 48, 192, 76, 17, 44, 24,
       4, 48, 25, 204, 25, 16, 98, 35, 188, 72, 214, 40, 248, 198, 2,
       194, 19, 201, 194, 134, 192, 38, 35, 11, 86, 146, 102, 162, 64,
       235, 85, 33, 99, 200, 39, 202, 99, 78, 215, 185, 47, 146, 10, 51,
       74, 215, 36, 85, 186, 82, 120, 105, 86, 112, 80, 56, 47, 213, 28,
       245, 111, 153, 172, 24, 5, 240, 29, 156, 73, 16, 242, 51, 189, 88,
       87, 32, 250, 76, 35, 97, 176, 16, 167, 35, 127, 128, 198, 195, 52,
       65, 134, 153, 66, 202, 92, 3, 100, 129, 33, 192, 51, 76, 136, 164,
       13, 82, 12, 48, 73, 80, 36, 85, 186, 80, 122, 129, 84, 48, 80, 24,
       46, 84, 20, 193, 110, 153, 172, 24, 5, 240, 29, 156, 73, 16, 242,
       51, 189, 88, 86, 32, 242, 0, 6, 12, 136, 2, 29, 4, 53, 33, 70, 46,
       4, 24, 53, 125, 161, 1, 32, 64, 160, 16, 80, 16, 128, 80, 36, 12,
       0, 32, 128, 24, 1, 184, 16, 195, 136, 8, 66, 0, 8, 182, 145, 28,
       5, 20, 230, 100, 76, 18, 8, 133, 12, 18, 9, 67, 24, 40, 64, 8, 52,
       64, 192, 76, 64, 0, 11, 130, 137, 0, 69, 132, 231, 9, 192, 10, 4,
       16, 164, 123, 162, 137, 8, 161, 38, 64, 129, 78, 128, 89, 85, 28,
       0, 129, 130, 26, 18, 228, 2, 65, 32, 16, 66, 76, 40, 32, 53, 52,
       34, 21, 148, 52, 224, 25, 8, 110, 53, 147, 79, 0, 8, 135, 64, 8,
       33, 64, 65, 64, 226, 130, 201, 10, 137, 2, 89, 212, 135, 25, 195,
       45, 200, 18, 180, 111, 170, 137, 16, 52, 15, 12, 144, 228, 0, 105,
       213, 17, 32, 65, 3, 18, 59, 240, 4, 81, 200, 82, 65, 232, 48, 114,
       62, 56, 61, 151, 22, 116, 164, 153, 137, 54, 5, 217, 29, 164, 72,
       145, 192, 40, 61, 85, 85, 0, 250, 2, 205, 16, 138, 0, 76, 4, 1,
       43, 64, 47, 140, 16, 38, 109, 180, 199, 18, 0, 32, 4, 32, 144, 96,
       89, 213, 129, 8, 3, 170, 26, 1, 128, 4, 81, 154, 0, 66, 138, 72,
       34, 28, 44, 161, 20, 22, 244, 44, 129, 164, 16, 12, 176, 1, 133,
       9, 16, 98, 56, 60, 80, 69, 34, 248, 2, 193, 136, 154, 7, 82, 92,
       7, 23, 66, 61, 136, 26, 136, 38, 31, 13, 18, 48, 213, 2, 240, 229,
       35, 96, 131, 163, 72, 83, 48, 148, 33, 144, 60, 146, 192, 75, 64,
       130, 224, 50, 203, 52, 105, 150, 20, 213, 78, 83, 170, 18, 5, 40,
       9, 240, 152, 145, 179, 56, 61, 17, 240, 74, 235, 131, 1, 2, 150,
       32, 0, 156, 162, 18, 145, 63, 193, 2, 145, 64, 2, 36, 194, 36, 43,
       0, 8, 228, 35, 9, 139, 129, 10, 16, 8, 16, 121, 112, 52, 48, 176,
       82, 72, 130, 196, 211, 90, 57, 14, 138, 6, 192, 78, 1, 161, 87, 5,
       120, 26, 149, 72, 17, 114, 50, 92, 64, 20, 0, 249, 133, 202, 6,
       201, 232, 88, 134, 192, 41, 145, 42, 206, 144, 53, 107, 169, 137,
       72, 173, 46, 68, 0, 46, 240, 99, 85, 25, 32, 165, 6, 18, 19, 244,
       80, 89, 8, 80, 210, 236, 32, 53, 52, 40, 55, 21, 142, 124, 176,
       137, 137, 116, 53, 145, 71, 128, 138, 19, 72, 0, 37, 68, 81, 0,
       250, 227, 205, 8, 26, 39, 90, 92, 131, 35, 67, 61, 202, 58, 170,
       102, 63, 141, 50, 52, 189, 10, 214, 113, 34, 85, 215, 187, 59,
       147, 58, 22, 33, 144, 60, 146, 203, 202, 76, 162, 225, 98, 203,
       60, 121, 146, 92, 116, 44, 85, 139, 18, 4, 74, 1, 246, 190, 153,
       177, 48, 60, 53, 208, 90, 171, 12, 10, 167, 137, 0, 95, 160, 231,
       13, 196, 42, 4, 81, 180, 251, 166, 137, 88, 193, 102, 20, 144, 84,
       144, 89, 109, 28, 0, 129, 134, 26, 27, 224, 0, 67, 170, 16, 98,
       205, 8, 48, 21, 52, 38, 84, 150, 100, 232, 153, 44, 126, 5, 147,
