%YAML:1.0
descriptors: !!opencv-matrix
   rows: 14
   cols: 64
   dt: u
   data: [ 186, 177, 89, 246, 54, 17, 216, 163, 86, 138, 85, 118, 127,
       98, 48, 112, 118, 146, 70, 215, 7, 60, 193, 214, 184, 10, 230,
       217, 66, 252, 244, 184, 118, 44, 12, 222, 207, 120, 202, 213, 218,
       203, 149, 78, 242, 53, 131, 78, 155, 174, 147, 199, 104, 29, 28,
       89, 16, 243, 57, 217, 125, 63, 226, 185, 89, 178, 206, 39, 253,
       243, 187, 252, 120, 187, 208, 253, 238, 25, 131, 73, 234, 205,
       187, 251, 233, 69, 239, 253, 46, 105, 248, 183, 94, 69, 225, 255,
       253, 225, 156, 49, 127, 189, 173, 119, 89, 76, 123, 14, 211, 33,
       219, 121, 186, 254, 28, 5, 244, 188, 156, 77, 86, 246, 183, 157,
       218, 87, 36, 255, 61, 190, 237, 234, 63, 253, 181, 127, 253, 254,
       222, 241, 125, 127, 191, 205, 251, 244, 99, 123, 245, 118, 211,
       119, 93, 255, 181, 187, 127, 223, 119, 235, 223, 44, 215, 190,
       215, 120, 233, 124, 124, 93, 122, 47, 212, 181, 247, 111, 153,
       172, 24, 13, 240, 29, 156, 89, 48, 242, 51, 189, 218, 215, 40,
       250, 18, 49, 17, 150, 50, 3, 24, 38, 66, 0, 87, 52, 116, 194, 145,
       82, 118, 130, 64, 214, 3, 168, 193, 135, 136, 10, 224, 73, 2, 172,
       212, 40, 90, 44, 4, 190, 74, 120, 195, 84, 144, 88, 145, 14, 224,
       4, 129, 78, 155, 174, 9, 67, 112, 24, 20, 65, 0, 115, 19, 185,
       120, 22, 32, 234, 77, 2, 69, 34, 93, 50, 35, 94, 160, 176, 196,
       53, 33, 155, 131, 3, 66, 77, 137, 105, 232, 193, 236, 56, 12, 136,
       8, 135, 122, 1, 33, 79, 177, 132, 148, 186, 81, 248, 37, 150, 212,
       80, 26, 6, 64, 129, 64, 193, 24, 44, 61, 4, 209, 60, 140, 8, 16,
       232, 163, 156, 72, 86, 38, 253, 45, 54, 247, 244, 56, 181, 41,
       126, 180, 254, 194, 53, 79, 235, 145, 71, 226, 220, 131, 99, 229,
       44, 200, 123, 76, 170, 162, 131, 90, 8, 49, 239, 119, 36, 84, 186,
       86, 120, 225, 244, 212, 84, 58, 14, 192, 5, 193, 111, 153, 172,
       24, 5, 240, 29, 156, 73, 16, 242, 51, 189, 88, 86, 32, 250, 20,
       33, 80, 130, 17, 2, 32, 103, 6, 0, 69, 52, 16, 2, 129, 70, 106,
       146, 1, 64, 65, 34, 193, 19, 24, 8, 160, 9, 82, 140, 176, 96, 196,
       36, 5, 186, 19, 120, 1, 84, 112, 64, 16, 15, 196, 20, 167, 78,
       153, 172, 24, 5, 240, 28, 156, 73, 16, 242, 51, 188, 88, 87, 32,
       234, 212, 57, 211, 212, 80, 10, 72, 226, 66, 4, 83, 22, 86, 194,
       210, 82, 118, 199, 60, 102, 15, 141, 160, 131, 142, 154, 182, 73,
       130, 14, 210, 56, 114, 39, 116, 223, 0, 118, 199, 212, 144, 64,
       153, 94, 171, 14, 201, 140, 193, 37, 81, 215, 40, 26, 5, 75, 192,
       120, 17, 121, 92, 4, 49, 176, 118, 49, 241, 182, 20, 38, 41, 79,
       196, 106, 209, 48, 99, 194, 146, 83, 234, 212, 35, 101, 65, 164,
       193, 55, 78, 138, 176, 9, 82, 8, 48, 104, 82, 36, 20, 186, 82,
       120, 1, 84, 80, 74, 56, 15, 208, 20, 193, 78, 153, 172, 24, 5, 96,
       28, 156, 73, 16, 242, 51, 189, 88, 86, 32, 251, 7, 34, 1, 32, 21,
       160, 38, 72, 192, 10, 192, 48, 96, 3, 128, 17, 98, 12, 3, 80, 193,
       32, 64, 86, 4, 136, 224, 137, 18, 12, 33, 72, 92, 36, 20, 186, 9,
       56, 1, 68, 72, 64, 24, 139, 192, 81, 130, 79, 24, 36, 24, 0, 96,
       24, 92, 65, 0, 178, 23, 144, 8, 86, 32, 72, 80, 158, 183, 205,
       232, 222, 170, 101, 107, 255, 3, 207, 212, 117, 95, 152, 255, 203,
       169, 99, 220, 37, 91, 217, 221, 95, 189, 254, 12, 135, 243, 103,
       215, 209, 89, 61, 208, 232, 236, 106, 101, 92, 104, 175, 245, 28,
       255, 51, 153, 204, 24, 35, 244, 93, 156, 75, 71, 255, 19, 165,
       210, 87, 96, 254, 5, 34, 0, 0, 0, 144, 36, 64, 0, 10, 2, 36, 64,
       7, 129, 3, 64, 8, 129, 192, 193, 32, 65, 195, 64, 16, 0, 128, 0,
       12, 33, 64, 92, 0, 69, 162, 17, 24, 1, 68, 100, 20, 24, 134, 68,
       64, 38, 79, 24, 44, 8, 0, 240, 29, 88, 9, 6, 98, 19, 180, 8, 83,
       96, 106, 113, 52, 217, 18, 217, 162, 39, 90, 194, 34, 128, 50,
       227, 195, 130, 83, 234, 197, 3, 68, 200, 39, 194, 87, 198, 154,
       248, 15, 82, 8, 33, 104, 223, 36, 84, 190, 82, 56, 1, 116, 80, 64,
       24, 15, 209, 16, 129, 79, 153, 172, 24, 5, 240, 29, 156, 73, 16,
       242, 51, 189, 88, 87, 32, 250, 83, 20, 152, 50, 221, 162, 46, 24,
       66, 34, 209, 34, 164, 65, 2, 17, 102, 207, 1, 208, 201, 37, 195,
       81, 198, 152, 248, 207, 210, 4, 225, 96, 215, 36, 20, 190, 91, 40,
       33, 84, 80, 72, 24, 11, 209, 17, 131, 79, 153, 172, 24, 5, 240,
       28, 156, 73, 16, 178, 51, 189, 24, 87, 32, 234 ]
