%YAML:1.0
descriptors: !!opencv-matrix
   rows: 8
   cols: 64
   dt: u
   data: [ 44, 38, 101, 160, 16, 37, 33, 127, 228, 68, 194, 53, 81, 47,
       177, 68, 226, 252, 67, 96, 241, 34, 208, 246, 92, 168, 164, 137,
       82, 140, 49, 201, 85, 36, 87, 186, 80, 112, 9, 92, 120, 84, 24,
       14, 68, 52, 228, 78, 153, 44, 24, 4, 240, 29, 156, 73, 16, 242,
       51, 188, 88, 87, 32, 248, 61, 55, 101, 32, 20, 37, 33, 126, 240,
       84, 214, 49, 109, 59, 144, 71, 226, 212, 3, 96, 225, 34, 192, 118,
       76, 168, 164, 9, 82, 12, 49, 105, 212, 36, 84, 186, 82, 120, 1,
       116, 208, 84, 24, 14, 192, 20, 192, 78, 153, 172, 24, 5, 240, 28,
       156, 73, 16, 242, 51, 188, 88, 86, 32, 249, 76, 35, 193, 176, 16,
       34, 41, 254, 0, 130, 195, 52, 65, 129, 147, 67, 130, 76, 1, 100,
       11, 128, 196, 50, 12, 136, 162, 137, 82, 12, 48, 9, 112, 4, 84,
       186, 0, 118, 1, 212, 144, 64, 24, 14, 66, 12, 64, 12, 25, 44, 16,
       4, 64, 28, 148, 8, 144, 224, 33, 188, 76, 6, 32, 176, 4, 33, 65,
       128, 16, 0, 1, 79, 130, 66, 2, 52, 17, 2, 153, 66, 66, 84, 1, 68,
       1, 128, 196, 0, 12, 128, 40, 9, 18, 8, 48, 8, 112, 36, 85, 154, 0,
       114, 1, 84, 128, 64, 16, 10, 64, 4, 64, 76, 25, 44, 16, 4, 48, 24,
       132, 73, 144, 96, 33, 188, 72, 6, 32, 241, 7, 32, 81, 130, 145,
       128, 5, 72, 6, 66, 1, 48, 33, 11, 128, 81, 98, 84, 0, 64, 1, 0,
       128, 96, 76, 144, 40, 9, 146, 8, 1, 41, 80, 36, 20, 154, 2, 112,
       1, 84, 0, 64, 24, 11, 64, 20, 196, 12, 17, 36, 16, 4, 32, 24, 132,
       73, 16, 114, 48, 188, 88, 86, 32, 248, 6, 33, 65, 130, 17, 2, 1,
       78, 198, 66, 1, 52, 33, 130, 129, 83, 226, 84, 1, 100, 1, 128,
       128, 32, 14, 136, 168, 9, 146, 8, 48, 9, 80, 36, 84, 154, 2, 112,
       1, 84, 0, 64, 24, 10, 64, 20, 64, 204, 145, 36, 16, 4, 32, 24,
       132, 73, 144, 112, 33, 188, 88, 70, 32, 241, 5, 38, 113, 128, 209,
       2, 33, 78, 132, 68, 130, 52, 65, 143, 131, 68, 234, 212, 3, 100,
       65, 128, 136, 48, 78, 136, 40, 9, 146, 8, 48, 9, 80, 38, 84, 186,
       0, 114, 5, 84, 16, 80, 24, 14, 64, 4, 64, 196, 153, 44, 24, 4,
       112, 28, 132, 73, 16, 240, 35, 188, 72, 70, 32, 248, 71, 33, 65,
       144, 16, 2, 7, 78, 2, 2, 1, 48, 64, 130, 131, 66, 226, 84, 1, 100,
       11, 128, 192, 0, 12, 136, 168, 9, 146, 8, 48, 9, 112, 36, 84, 154,
       0, 112, 1, 84, 0, 66, 24, 10, 64, 28, 192, 12, 25, 44, 16, 4, 112,
       24, 148, 73, 16, 240, 33, 188, 88, 86, 32, 241 ]
