%YAML:1.0
descriptors: !!opencv-matrix
   rows: 8
   cols: 64
   dt: u
   data: [ 63, 50, 125, 180, 63, 181, 191, 120, 246, 254, 210, 49, 253,
       62, 177, 87, 250, 244, 67, 99, 225, 34, 193, 118, 204, 186, 228,
       75, 90, 92, 241, 235, 215, 44, 85, 190, 82, 120, 233, 116, 120,
       92, 56, 47, 212, 21, 245, 111, 153, 172, 24, 5, 240, 29, 156, 73,
       16, 242, 51, 189, 88, 87, 32, 250, 252, 43, 227, 145, 80, 71, 35,
       255, 204, 238, 210, 55, 81, 138, 155, 230, 234, 212, 67, 102, 73,
       129, 230, 52, 79, 136, 188, 9, 210, 12, 50, 59, 240, 36, 85, 186,
       82, 114, 133, 244, 208, 84, 16, 14, 208, 22, 192, 108, 153, 44,
       24, 5, 240, 29, 157, 73, 16, 240, 35, 188, 88, 86, 32, 248, 108,
       43, 239, 249, 50, 119, 161, 255, 253, 252, 214, 53, 93, 189, 251,
       238, 203, 220, 203, 110, 125, 209, 198, 179, 79, 232, 156, 149,
       121, 206, 62, 219, 241, 38, 85, 186, 86, 114, 221, 116, 252, 85,
       26, 62, 93, 167, 65, 236, 157, 44, 95, 5, 243, 29, 157, 76, 148,
       228, 43, 189, 75, 70, 34, 242, 198, 34, 65, 131, 221, 130, 6, 72,
       230, 35, 1, 114, 161, 67, 144, 81, 226, 213, 5, 100, 201, 5, 130,
       112, 78, 216, 185, 47, 210, 8, 49, 42, 213, 36, 84, 186, 66, 112,
       37, 214, 80, 66, 24, 15, 209, 28, 208, 13, 153, 172, 24, 5, 112,
       29, 156, 73, 16, 242, 51, 188, 88, 87, 32, 248, 70, 35, 195, 145,
       16, 6, 11, 206, 196, 198, 1, 54, 65, 131, 147, 66, 226, 212, 1,
       102, 11, 129, 196, 50, 12, 136, 168, 9, 210, 8, 48, 57, 112, 36,
       84, 155, 66, 116, 1, 214, 144, 64, 24, 14, 66, 28, 192, 12, 153,
       44, 16, 5, 112, 28, 148, 73, 144, 240, 33, 188, 92, 86, 32, 177,
       68, 35, 211, 176, 208, 2, 35, 238, 128, 96, 67, 52, 65, 194, 147,
       66, 226, 69, 1, 102, 75, 169, 132, 19, 14, 136, 162, 13, 210, 8,
       48, 9, 114, 39, 85, 187, 0, 114, 5, 84, 144, 64, 24, 14, 72, 12,
       193, 134, 153, 36, 80, 4, 112, 30, 132, 73, 144, 112, 33, 188, 72,
       6, 32, 240, 76, 33, 227, 176, 16, 103, 33, 238, 128, 198, 194, 52,
       81, 132, 147, 98, 203, 76, 35, 102, 9, 133, 198, 147, 14, 136,
       148, 129, 64, 12, 50, 9, 116, 38, 85, 186, 16, 116, 65, 84, 48,
       96, 24, 46, 79, 20, 65, 238, 25, 44, 88, 5, 208, 28, 148, 72, 144,
       224, 35, 185, 72, 70, 32, 242, 12, 43, 239, 248, 32, 127, 224,
       247, 57, 254, 206, 149, 89, 245, 251, 234, 137, 200, 227, 107,
       244, 112, 68, 179, 89, 127, 150, 144, 105, 198, 50, 202, 223, 18,
       69, 168, 85, 122, 249, 124, 252, 60, 56, 38, 247, 183, 103, 110,
       153, 172, 44, 69, 240, 29, 156, 76, 20, 226, 51, 189, 90, 87, 97,
       250 ]
