%YAML:1.0
descriptors: !!opencv-matrix
   rows: 80
   cols: 64
   dt: u
   data: [ 125, 63, 255, 185, 54, 255, 179, 252, 253, 252, 214, 53, 93,
       127, 187, 230, 250, 221, 67, 98, 245, 97, 198, 247, 77, 232, 164,
       157, 120, 76, 115, 235, 247, 36, 85, 186, 82, 122, 233, 116, 248,
       93, 56, 46, 213, 183, 195, 111, 153, 172, 24, 5, 240, 29, 157, 73,
       16, 242, 51, 189, 88, 87, 32, 250, 125, 54, 247, 181, 126, 183,
       63, 124, 244, 254, 210, 51, 205, 253, 179, 71, 250, 253, 203, 103,
       249, 37, 194, 247, 204, 234, 188, 191, 88, 68, 113, 235, 215, 36,
       85, 191, 87, 120, 225, 116, 120, 92, 58, 46, 213, 33, 195, 111,
       153, 172, 24, 5, 240, 29, 156, 73, 16, 242, 51, 157, 90, 87, 32,
       250, 124, 63, 255, 185, 126, 255, 43, 125, 253, 254, 218, 53, 253,
       254, 187, 231, 251, 253, 203, 102, 253, 119, 210, 247, 93, 104,
       188, 165, 88, 214, 127, 235, 207, 44, 87, 191, 87, 122, 233, 124,
       120, 93, 50, 46, 213, 181, 231, 111, 189, 172, 24, 5, 242, 29,
       156, 89, 20, 242, 55, 189, 90, 87, 40, 250, 253, 51, 247, 245,
       220, 167, 35, 254, 212, 125, 210, 55, 239, 219, 147, 69, 234, 221,
       235, 102, 253, 173, 166, 183, 78, 170, 186, 143, 218, 4, 112, 239,
       127, 39, 84, 187, 87, 112, 69, 244, 216, 68, 26, 14, 201, 33, 195,
       207, 153, 172, 24, 5, 240, 28, 156, 73, 16, 242, 51, 157, 88, 86,
       32, 249, 220, 57, 179, 85, 96, 195, 252, 247, 26, 169, 203, 159,
       214, 196, 155, 250, 63, 139, 250, 79, 31, 173, 70, 155, 159, 78,
       246, 254, 64, 164, 246, 182, 111, 51, 101, 191, 148, 191, 254,
       117, 88, 60, 177, 102, 239, 61, 139, 255, 221, 234, 104, 247, 241,
       126, 28, 195, 71, 255, 83, 243, 125, 101, 145, 238, 203, 158, 138,
       103, 253, 176, 254, 144, 56, 187, 234, 107, 174, 69, 34, 17, 45,
       171, 189, 211, 237, 45, 107, 89, 231, 95, 251, 247, 94, 103, 231,
       231, 95, 249, 220, 53, 127, 189, 248, 227, 105, 76, 107, 109, 247,
       81, 255, 115, 188, 222, 24, 103, 245, 229, 216, 233, 87, 159, 183,
       183, 178, 115, 176, 110, 45, 47, 231, 248, 17, 255, 163, 127, 245,
       220, 198, 53, 249, 127, 185, 69, 202, 125, 227, 102, 245, 111,
       210, 247, 93, 250, 132, 133, 122, 214, 56, 201, 207, 38, 87, 186,
       81, 122, 217, 124, 124, 117, 58, 166, 85, 177, 247, 111, 153, 172,
       152, 13, 240, 29, 156, 73, 48, 226, 115, 189, 74, 71, 41, 250,
       220, 43, 247, 245, 248, 167, 251, 250, 216, 159, 66, 87, 195, 192,
       155, 72, 170, 205, 187, 111, 206, 45, 198, 219, 15, 218, 182, 167,
       92, 72, 50, 31, 119, 3, 124, 187, 52, 254, 255, 53, 209, 100, 187,
       126, 235, 12, 217, 255, 220, 172, 56, 245, 225, 126, 157, 203,
       197, 254, 115, 175, 76, 37, 145, 182, 243, 220, 202, 239, 255,
       130, 223, 137, 30, 251, 185, 251, 175, 74, 6, 93, 253, 215, 60,
       151, 204, 15, 239, 125, 102, 223, 251, 63, 223, 121, 231, 127,
       215, 173, 28, 127, 118, 253, 239, 247, 99, 78, 107, 121, 219, 28,
       221, 17, 221, 222, 24, 165, 237, 246, 188, 235, 208, 254, 182, 63,
       220, 93, 50, 191, 220, 43, 211, 247, 248, 235, 238, 246, 88, 187,
       74, 255, 194, 198, 203, 234, 107, 205, 185, 111, 111, 173, 111,
       155, 143, 95, 58, 167, 207, 71, 50, 158, 119, 3, 125, 243, 53,
       247, 253, 116, 249, 116, 250, 118, 239, 143, 91, 243, 205, 172,
       126, 247, 209, 255, 157, 200, 199, 252, 71, 239, 76, 103, 145,
       182, 74, 192, 8, 138, 98, 223, 94, 1, 43, 231, 13, 204, 156, 54,
       116, 122, 205, 211, 60, 101, 134, 117, 194, 99, 125, 215, 185,
       127, 67, 171, 31, 105, 151, 20, 81, 139, 66, 88, 236, 122, 112,
       221, 108, 41, 149, 28, 245, 111, 151, 172, 24, 5, 241, 93, 156,
       203, 16, 254, 50, 189, 89, 95, 48, 250, 4, 199, 3, 219, 89, 210,
       166, 201, 33, 234, 32, 202, 128, 67, 137, 1, 139, 69, 161, 2, 198,
       37, 78, 107, 69, 215, 19, 39, 18, 10, 3, 83, 215, 134, 93, 171,
       16, 248, 111, 54, 96, 124, 40, 97, 85, 20, 117, 107, 25, 172, 24,
       5, 177, 29, 156, 74, 16, 234, 50, 173, 72, 87, 33, 242, 1, 143,
       198, 91, 201, 194, 166, 77, 41, 208, 142, 101, 176, 125, 169, 133,
       203, 49, 169, 86, 198, 45, 223, 115, 67, 94, 0, 36, 60, 0, 9, 87,
       223, 103, 81, 184, 81, 90, 127, 36, 117, 52, 24, 38, 85, 149, 85,
       227, 153, 44, 24, 4, 241, 29, 136, 73, 17, 238, 39, 165, 0, 71,
       161, 90, 107, 196, 232, 153, 235, 223, 30, 1, 47, 103, 13, 140,
       158, 252, 52, 94, 237, 241, 56, 228, 222, 53, 218, 121, 94, 215,
       185, 111, 83, 187, 63, 103, 199, 165, 87, 59, 194, 121, 237, 126,
       48, 219, 108, 45, 213, 28, 245, 63, 157, 172, 24, 5, 241, 125,
       156, 203, 80, 254, 51, 189, 88, 87, 58, 250, 1, 5, 128, 2, 201,
       194, 130, 28, 0, 0, 130, 101, 32, 69, 11, 33, 98, 1, 129, 22, 192,
       41, 143, 67, 2, 8, 72, 4, 146, 0, 1, 69, 125, 39, 81, 176, 17, 2,
       77, 4, 193, 116, 24, 2, 64, 17, 33, 198, 24, 36, 88, 4, 241, 28,
       136, 1, 16, 32, 167, 180, 0, 7, 166, 72, 133, 198, 12, 65, 232,
       144, 162, 208, 56, 91, 2, 79, 130, 81, 224, 1, 10, 93, 157, 34,
       204, 32, 172, 120, 46, 158, 27, 34, 212, 15, 51, 23, 82, 98, 92,
       217, 82, 243, 45, 180, 209, 116, 10, 30, 193, 4, 216, 17, 9, 29,
       20, 37, 217, 159, 143, 9, 16, 208, 50, 141, 68, 23, 32, 185, 69,
       39, 113, 176, 217, 130, 35, 72, 160, 68, 128, 48, 225, 75, 128,
       65, 226, 213, 3, 100, 193, 37, 128, 115, 78, 152, 40, 13, 210, 8,
       48, 41, 82, 39, 84, 186, 64, 112, 5, 84, 16, 64, 24, 15, 65, 28,
       192, 198, 153, 36, 24, 4, 112, 28, 140, 73, 16, 242, 51, 156, 88,
       86, 32, 248, 2, 201, 0, 138, 192, 200, 14, 1, 11, 66, 9, 138, 128,
       4, 109, 25, 15, 67, 36, 68, 10, 4, 0, 64, 69, 213, 25, 45, 130,
       42, 18, 17, 18, 148, 89, 139, 0, 76, 238, 2, 32, 104, 44, 105, 55,
       28, 116, 52, 64, 128, 48, 52, 11, 65, 36, 170, 17, 8, 16, 33, 4,
       65, 16, 162, 4, 203, 146, 137, 0, 88, 160, 231, 9, 208, 10, 140,
       16, 181, 207, 170, 15, 8, 160, 15, 4, 129, 102, 129, 89, 85, 25,
       96, 5, 130, 2, 18, 148, 16, 113, 32, 17, 194, 234, 32, 36, 60, 56,
       55, 63, 150, 119, 224, 153, 136, 109, 49, 149, 79, 176, 138, 135,
       201, 0, 101, 64, 97, 65, 106, 66, 1, 128, 20, 1, 130, 2, 70, 0,
       160, 131, 4, 80, 4, 1, 2, 8, 0, 0, 212, 131, 33, 65, 3, 4, 0, 128,
       13, 2, 44, 1, 64, 5, 52, 33, 138, 8, 10, 2, 66, 128, 32, 20, 0,
       32, 92, 1, 78, 17, 42, 32, 7, 49, 24, 112, 0, 16, 35, 19, 177, 8,
       2, 98, 66, 84, 35, 181, 128, 64, 150, 3, 39, 194, 6, 3, 4, 65, 33,
       17, 0, 84, 43, 66, 228, 240, 97, 80, 195, 152, 32, 140, 204, 32,
       148, 193, 192, 7, 24, 195, 172, 153, 8, 0, 72, 44, 16, 16, 128,
       101, 96, 131, 78, 58, 172, 137, 11, 178, 89, 88, 81, 44, 67, 19,
       177, 42, 211, 104, 74, 231, 37, 209, 22, 17, 2, 5, 78, 130, 37,
       128, 113, 35, 207, 130, 87, 106, 116, 1, 3, 138, 171, 234, 39, 12,
       138, 178, 11, 18, 8, 1, 77, 23, 38, 52, 186, 0, 56, 67, 214, 64,
       96, 44, 99, 137, 16, 101, 207, 16, 36, 88, 4, 112, 26, 156, 65,
       24, 48, 35, 185, 8, 86, 33, 250, 98, 69, 0, 186, 193, 206, 14, 9,
       47, 66, 11, 10, 177, 6, 124, 23, 143, 51, 32, 68, 10, 160, 16, 0,
       84, 213, 185, 45, 130, 186, 26, 1, 0, 133, 83, 155, 128, 64, 78,
       66, 32, 192, 52, 233, 55, 92, 244, 52, 68, 128, 16, 32, 3, 65, 38,
       163, 152, 40, 24, 49, 12, 69, 56, 34, 13, 46, 103, 129, 192, 255,
       163, 240, 41, 220, 74, 5, 80, 53, 249, 160, 130, 77, 193, 102,
       116, 32, 4, 240, 77, 40, 12, 132, 236, 6, 57, 27, 112, 0, 85, 170,
       16, 114, 141, 12, 148, 20, 24, 6, 100, 134, 194, 76, 137, 45, 24,
       37, 211, 29, 141, 73, 16, 202, 19, 172, 72, 70, 34, 240, 68, 251,
       11, 217, 252, 243, 210, 112, 24, 155, 22, 92, 192, 80, 201, 65, 8,
       197, 188, 14, 198, 61, 136, 219, 47, 86, 19, 38, 84, 79, 17, 90,
       215, 18, 217, 33, 126, 251, 255, 49, 240, 61, 227, 68, 209, 132,
       241, 107, 158, 189, 9, 71, 249, 253, 220, 202, 87, 202, 62, 175,
