%YAML:1.0
descriptors: !!opencv-matrix
   rows: 19
   cols: 64
   dt: u
   data: [ 62, 49, 125, 182, 55, 53, 61, 126, 246, 254, 213, 181, 125,
       110, 176, 87, 242, 212, 67, 99, 225, 34, 193, 119, 204, 170, 228,
       139, 82, 156, 245, 233, 215, 36, 87, 190, 82, 120, 233, 116, 120,
       92, 56, 47, 212, 21, 247, 111, 153, 172, 24, 5, 240, 29, 156, 73,
       16, 242, 51, 189, 88, 87, 32, 250, 63, 50, 125, 182, 63, 181, 63,
       120, 246, 126, 210, 49, 125, 63, 177, 87, 242, 244, 3, 96, 225,
       34, 193, 118, 204, 168, 228, 9, 82, 12, 241, 233, 215, 36, 85,
       190, 82, 120, 233, 116, 112, 92, 56, 47, 212, 20, 245, 111, 153,
       172, 24, 5, 240, 29, 156, 73, 16, 242, 51, 189, 88, 87, 32, 250,
       60, 51, 117, 178, 62, 181, 45, 123, 228, 126, 208, 49, 125, 127,
       176, 84, 242, 212, 67, 96, 241, 34, 193, 119, 76, 168, 164, 137,
       82, 140, 113, 233, 215, 36, 87, 186, 83, 120, 129, 116, 120, 92,
       24, 15, 212, 21, 231, 79, 153, 172, 24, 5, 240, 29, 156, 73, 16,
       242, 51, 189, 88, 87, 32, 250, 63, 50, 125, 182, 63, 53, 61, 120,
       246, 254, 210, 49, 125, 63, 177, 87, 242, 244, 67, 98, 225, 34,
       193, 118, 204, 184, 228, 9, 82, 28, 241, 235, 215, 36, 85, 190,
       82, 120, 233, 124, 120, 92, 56, 47, 212, 20, 245, 111, 153, 172,
       24, 5, 240, 29, 156, 73, 16, 242, 51, 189, 88, 87, 32, 250, 63,
       52, 125, 166, 63, 181, 191, 121, 246, 126, 221, 115, 253, 111,
       176, 84, 243, 222, 67, 112, 241, 34, 195, 246, 220, 190, 229, 251,
       90, 28, 241, 235, 223, 44, 85, 190, 91, 120, 233, 116, 120, 92,
       56, 47, 212, 53, 247, 111, 153, 172, 24, 5, 240, 29, 156, 73, 16,
       242, 51, 189, 88, 87, 32, 250, 61, 179, 253, 246, 55, 181, 253,
       126, 247, 220, 215, 245, 125, 126, 176, 86, 254, 246, 67, 99, 245,
       126, 193, 119, 221, 186, 230, 219, 122, 220, 245, 235, 223, 44,
       85, 190, 214, 120, 249, 125, 120, 93, 57, 47, 212, 53, 245, 111,
       153, 172, 24, 5, 240, 29, 156, 73, 16, 242, 51, 189, 88, 87, 32,
       250, 197, 34, 231, 145, 208, 70, 35, 254, 164, 228, 130, 55, 67,
       175, 147, 102, 226, 213, 3, 100, 73, 133, 174, 48, 78, 200, 184,
       13, 210, 8, 50, 25, 112, 39, 84, 187, 80, 114, 5, 212, 208, 84,
       24, 14, 65, 12, 64, 196, 153, 44, 24, 4, 240, 29, 140, 73, 16,
       240, 35, 188, 88, 86, 32, 248, 38, 33, 65, 146, 208, 6, 1, 75,
       198, 64, 3, 54, 49, 194, 145, 64, 226, 84, 1, 100, 67, 160, 128,
       2, 14, 136, 160, 9, 146, 8, 48, 41, 82, 36, 84, 186, 66, 112, 1,
       84, 16, 64, 16, 14, 192, 4, 192, 76, 153, 44, 16, 5, 112, 28, 156,
       73, 16, 114, 49, 188, 72, 22, 32, 248, 60, 51, 117, 148, 50, 45,
       61, 121, 198, 100, 219, 53, 93, 230, 217, 82, 251, 212, 3, 98, 77,
       160, 128, 54, 204, 158, 165, 9, 82, 14, 113, 105, 210, 36, 85,
       186, 82, 122, 193, 116, 112, 92, 24, 47, 212, 20, 229, 110, 153,
       172, 24, 5, 240, 29, 156, 73, 16, 242, 51, 189, 88, 86, 32, 250,
       15, 34, 69, 162, 29, 176, 35, 120, 228, 62, 210, 49, 233, 59, 128,
       65, 226, 212, 3, 96, 193, 32, 192, 119, 76, 152, 160, 15, 82, 8,
       49, 75, 215, 36, 84, 186, 82, 120, 161, 116, 240, 84, 24, 15, 208,
       20, 224, 79, 153, 172, 24, 5, 240, 29, 156, 73, 16, 242, 51, 189,
       88, 87, 32, 250, 62, 181, 125, 158, 55, 149, 159, 121, 246, 196,
       149, 240, 253, 122, 181, 87, 242, 215, 67, 115, 209, 35, 195, 119,
       204, 154, 228, 77, 82, 28, 245, 105, 215, 44, 85, 190, 82, 120,
       233, 116, 112, 92, 56, 47, 213, 20, 245, 111, 153, 172, 24, 5,
       240, 29, 156, 73, 16, 242, 51, 189, 88, 87, 32, 250, 35, 0, 73,
       130, 159, 133, 135, 8, 230, 100, 23, 114, 189, 58, 176, 85, 226,
       247, 0, 96, 192, 38, 195, 101, 76, 144, 180, 47, 18, 8, 17, 107,
       215, 36, 85, 186, 82, 120, 169, 92, 112, 92, 56, 47, 213, 20, 245,
       79, 153, 172, 24, 5, 240, 29, 156, 73, 16, 114, 51, 189, 88, 87,
       32, 250, 198, 34, 81, 130, 217, 128, 3, 72, 198, 3, 2, 114, 161,
       2, 128, 81, 98, 213, 5, 68, 73, 0, 168, 100, 14, 144, 40, 15, 146,
       8, 33, 9, 80, 36, 84, 154, 64, 112, 5, 214, 64, 64, 24, 10, 64,
       12, 192, 133, 144, 44, 16, 4, 96, 24, 140, 73, 16, 112, 33, 156,
       72, 22, 32, 184, 118, 34, 81, 130, 217, 130, 3, 73, 198, 96, 3,
       54, 177, 2, 144, 80, 226, 213, 1, 100, 73, 129, 128, 36, 14, 136,
       168, 13, 146, 8, 49, 41, 80, 36, 84, 186, 66, 114, 1, 84, 144, 64,
       24, 14, 192, 28, 192, 76, 153, 44, 16, 4, 112, 28, 157, 73, 16,
       242, 51, 188, 88, 86, 34, 249, 94, 49, 209, 162, 85, 34, 34, 95,
       196, 2, 209, 54, 97, 130, 147, 83, 226, 213, 3, 100, 73, 129, 129,
       52, 78, 136, 168, 13, 210, 12, 48, 40, 240, 36, 84, 186, 82, 112,
       1, 84, 16, 72, 24, 14, 208, 20, 192, 76, 153, 172, 24, 5, 112, 28,
       156, 73, 16, 242, 51, 188, 88, 86, 32, 248, 62, 49, 125, 182, 63,
       181, 63, 121, 246, 126, 213, 115, 253, 111, 176, 84, 242, 223, 67,
       98, 241, 34, 195, 118, 204, 186, 244, 219, 82, 156, 245, 235, 215,
       44, 87, 190, 83, 120, 233, 116, 120, 92, 56, 47, 212, 53, 247,
       111, 153, 172, 24, 5, 240, 29, 156, 73, 16, 242, 51, 189, 88, 87,
       32, 250, 63, 53, 253, 190, 55, 39, 61, 126, 246, 254, 212, 55,
       125, 110, 179, 87, 254, 247, 3, 98, 225, 39, 195, 119, 204, 186,
       244, 73, 82, 28, 241, 233, 215, 36, 85, 190, 82, 120, 233, 124,
       112, 92, 56, 47, 213, 20, 245, 111, 153, 172, 24, 5, 240, 29, 156,
       73, 16, 242, 51, 189, 88, 87, 32, 250, 62, 51, 245, 182, 63, 39,
       61, 127, 246, 124, 209, 119, 253, 127, 178, 86, 255, 215, 67, 99,
       241, 39, 195, 119, 204, 254, 244, 75, 82, 28, 243, 235, 215, 36,
       85, 190, 82, 120, 233, 116, 120, 92, 56, 47, 213, 21, 245, 111,
       153, 172, 24, 5, 240, 29, 156, 73, 16, 242, 51, 189, 88, 87, 32,
       250, 61, 51, 245, 150, 55, 23, 29, 126, 230, 92, 211, 51, 253,
       127, 179, 86, 250, 213, 3, 98, 193, 39, 195, 119, 204, 186, 244,
       9, 82, 12, 113, 105, 215, 36, 85, 190, 82, 120, 233, 124, 112, 92,
       56, 47, 213, 20, 245, 111, 153, 172, 24, 5, 240, 29, 156, 73, 16,
       242, 51, 189, 88, 87, 32, 250 ]
