%YAML:1.0
descriptors: !!opencv-matrix
   rows: 82
   cols: 64
   dt: u
   data: [ 124, 33, 241, 144, 16, 167, 33, 127, 196, 230, 195, 52, 81,
       130, 177, 66, 234, 212, 67, 100, 193, 33, 192, 19, 12, 136, 164,
       13, 82, 12, 48, 233, 69, 36, 85, 186, 18, 120, 1, 84, 176, 64, 16,
       14, 64, 20, 193, 110, 153, 44, 24, 5, 240, 29, 156, 73, 16, 242,
       51, 189, 88, 86, 32, 242, 197, 14, 198, 1, 200, 210, 162, 244, 56,
       187, 2, 7, 136, 177, 139, 162, 232, 137, 1, 226, 201, 129, 111,
       184, 75, 8, 184, 6, 192, 14, 35, 86, 125, 36, 85, 186, 82, 50,
       173, 116, 208, 84, 24, 14, 65, 6, 194, 229, 153, 44, 24, 5, 240,
       29, 156, 73, 18, 240, 35, 180, 88, 86, 32, 250, 6, 34, 0, 32, 0,
       128, 10, 1, 128, 34, 3, 52, 192, 3, 144, 2, 64, 8, 3, 192, 201,
       162, 1, 132, 196, 16, 172, 201, 0, 140, 161, 64, 64, 60, 70, 174,
       8, 56, 1, 68, 8, 64, 16, 137, 192, 112, 162, 77, 25, 172, 16, 1,
       96, 24, 28, 65, 0, 115, 19, 180, 40, 82, 96, 98, 71, 37, 128, 18,
       221, 2, 6, 6, 194, 0, 0, 39, 32, 207, 2, 1, 96, 35, 3, 212, 73,
       135, 17, 135, 66, 40, 236, 13, 130, 28, 192, 0, 74, 44, 68, 190,
       24, 0, 1, 76, 72, 64, 24, 138, 192, 112, 131, 78, 56, 36, 24, 0,
       240, 24, 24, 65, 50, 50, 19, 180, 8, 86, 32, 72, 194, 201, 0, 18,
       193, 202, 14, 2, 10, 3, 41, 202, 130, 198, 68, 25, 13, 3, 36, 149,
       14, 4, 1, 65, 195, 87, 219, 110, 128, 42, 130, 16, 146, 149, 73,
       1, 8, 12, 238, 2, 32, 56, 32, 105, 189, 92, 180, 191, 64, 194, 0,
       114, 5, 65, 96, 162, 17, 27, 16, 49, 48, 113, 209, 10, 4, 142,
       131, 137, 200, 204, 164, 197, 41, 96, 10, 13, 80, 37, 203, 168,
       137, 8, 161, 32, 204, 129, 94, 136, 91, 69, 24, 160, 161, 134, 11,
       71, 133, 145, 81, 32, 49, 194, 236, 42, 37, 52, 8, 162, 125, 150,
       127, 176, 217, 72, 108, 60, 151, 71, 16, 170, 142, 72, 10, 37, 66,
       65, 80, 102, 67, 205, 136, 26, 193, 200, 76, 2, 43, 2, 9, 138,
       146, 228, 108, 27, 13, 35, 32, 148, 14, 213, 19, 67, 66, 87, 147,
       108, 129, 34, 130, 0, 146, 150, 67, 1, 1, 76, 254, 34, 32, 186,
       44, 105, 61, 92, 247, 179, 81, 194, 16, 118, 135, 65, 114, 170,
       27, 139, 24, 53, 16, 113, 209, 66, 77, 43, 215, 244, 217, 162,
       235, 126, 208, 56, 194, 117, 227, 193, 131, 73, 162, 77, 187, 102,
       231, 45, 202, 251, 14, 202, 42, 135, 94, 12, 32, 79, 127, 39, 124,
       187, 52, 254, 95, 180, 209, 100, 154, 70, 233, 13, 201, 219, 92,
       52, 120, 245, 225, 124, 157, 75, 68, 254, 55, 175, 72, 7, 177,
       241, 1, 135, 144, 170, 1, 138, 164, 15, 35, 192, 5, 128, 48, 53,
       45, 27, 143, 18, 160, 65, 132, 37, 81, 99, 81, 85, 193, 12, 34,
       32, 129, 65, 159, 4, 81, 160, 17, 72, 232, 96, 100, 28, 56, 33,
       245, 21, 247, 111, 153, 170, 56, 5, 240, 13, 216, 73, 19, 243, 55,
       181, 16, 83, 32, 74, 6, 130, 1, 160, 0, 216, 162, 68, 41, 210, 10,
       196, 208, 53, 9, 48, 141, 9, 129, 33, 196, 33, 66, 83, 77, 212,
       128, 228, 0, 38, 19, 65, 151, 16, 81, 168, 48, 104, 232, 32, 100,
       28, 56, 33, 245, 20, 247, 111, 153, 168, 8, 7, 240, 21, 56, 73,
       22, 210, 19, 165, 80, 83, 96, 234, 134, 201, 138, 221, 34, 94,
       220, 135, 59, 199, 45, 200, 18, 182, 54, 171, 137, 112, 52, 47, 6,
       113, 118, 35, 125, 215, 145, 123, 33, 170, 22, 33, 151, 20, 115,
       202, 130, 73, 250, 57, 114, 191, 61, 97, 183, 28, 245, 46, 209,
       168, 62, 23, 209, 69, 176, 190, 17, 211, 48, 61, 81, 121, 81, 250,
       3, 133, 8, 0, 69, 138, 14, 0, 34, 66, 1, 64, 128, 5, 36, 17, 204,
       65, 0, 229, 128, 33, 65, 99, 68, 212, 169, 77, 18, 14, 129, 97,
       214, 36, 85, 138, 66, 104, 233, 64, 96, 88, 56, 41, 213, 28, 244,
       111, 145, 172, 24, 4, 224, 29, 156, 73, 16, 242, 51, 189, 88, 83,
       32, 234, 0, 206, 10, 139, 9, 216, 160, 129, 57, 216, 46, 207, 144,
       55, 105, 173, 201, 27, 169, 138, 196, 4, 29, 113, 113, 85, 25, 34,
       13, 66, 3, 83, 133, 194, 91, 32, 113, 216, 237, 32, 97, 20, 42,
       181, 21, 148, 118, 225, 153, 217, 56, 13, 149, 5, 200, 200, 22,
       192, 166, 165, 82, 91, 0, 90, 82, 50, 209, 183, 254, 162, 27, 124,
       206, 39, 211, 52, 237, 194, 147, 82, 114, 213, 25, 102, 202, 169,
       202, 61, 142, 202, 170, 47, 210, 41, 49, 111, 119, 165, 20, 187,
       66, 115, 165, 215, 144, 64, 201, 14, 193, 12, 201, 23, 157, 36,
       88, 5, 97, 188, 148, 107, 192, 126, 51, 152, 88, 6, 48, 245, 34,
       205, 72, 170, 131, 204, 133, 9, 47, 66, 13, 206, 185, 46, 109, 93,
       137, 50, 32, 48, 68, 86, 144, 96, 113, 213, 17, 49, 179, 186, 22,
       1, 134, 228, 91, 146, 227, 72, 235, 40, 37, 93, 44, 105, 21, 84,
       244, 109, 209, 172, 24, 12, 182, 1, 252, 185, 24, 226, 50, 61, 16,
       93, 56, 90, 64, 7, 148, 138, 65, 203, 166, 103, 32, 192, 6, 5, 16,
       53, 171, 130, 235, 17, 129, 100, 192, 33, 199, 115, 73, 73, 8, 12,
       48, 4, 17, 65, 213, 4, 81, 186, 17, 88, 237, 100, 52, 85, 56, 39,
       85, 148, 119, 110, 153, 172, 24, 5, 242, 29, 152, 73, 16, 226, 51,
       181, 88, 71, 32, 250, 60, 62, 255, 248, 58, 127, 177, 127, 253,
       252, 222, 53, 93, 60, 187, 230, 251, 220, 195, 106, 245, 113, 214,
       183, 93, 169, 164, 151, 124, 215, 127, 235, 239, 36, 87, 186, 214,
       122, 233, 124, 252, 93, 123, 46, 212, 167, 227, 111, 187, 172,
       157, 13, 242, 29, 156, 89, 52, 242, 59, 189, 91, 87, 40, 250, 214,
       187, 211, 247, 217, 162, 226, 206, 24, 57, 66, 127, 162, 194, 130,
       89, 98, 215, 189, 7, 207, 45, 234, 91, 46, 202, 58, 39, 222, 73,
       33, 111, 119, 163, 124, 51, 53, 255, 127, 182, 193, 100, 202, 74,
       201, 12, 217, 147, 205, 116, 88, 244, 229, 230, 157, 235, 85, 252,
       183, 175, 220, 37, 177, 253, 0, 14, 198, 139, 137, 217, 160, 229,
       45, 208, 6, 5, 16, 127, 235, 164, 203, 16, 193, 98, 212, 33, 207,
       113, 81, 93, 16, 36, 44, 138, 27, 3, 221, 38, 81, 178, 81, 82,
       237, 44, 181, 21, 24, 38, 69, 134, 117, 230, 153, 44, 29, 4, 178,
       29, 153, 73, 16, 224, 35, 165, 72, 71, 32, 218, 66, 229, 17, 142,
       64, 78, 6, 1, 99, 64, 9, 130, 0, 39, 204, 18, 235, 3, 36, 100, 2,
       160, 0, 2, 220, 213, 25, 41, 131, 170, 2, 9, 144, 37, 113, 155, 8,
       72, 7, 76, 37, 202, 56, 225, 23, 24, 116, 44, 65, 160, 96, 0, 1,
       2, 38, 170, 8, 40, 0, 57, 28, 69, 48, 162, 5, 15, 145, 152, 0,
       204, 37, 71, 41, 68, 10, 140, 144, 167, 191, 142, 139, 80, 161,
       32, 140, 5, 90, 33, 89, 213, 17, 32, 1, 138, 18, 9, 213, 2, 113,
       170, 0, 200, 107, 8, 36, 52, 56, 35, 55, 148, 117, 162, 17, 160,
       56, 52, 128, 29, 148, 8, 16, 96, 35, 173, 72, 69, 33, 242, 5, 6,
       1, 168, 73, 74, 38, 77, 1, 74, 138, 4, 64, 5, 201, 129, 139, 76,
       129, 68, 128, 0, 8, 8, 68, 221, 25, 4, 144, 2, 43, 69, 68, 131,
       89, 9, 0, 228, 45, 2, 37, 32, 24, 161, 71, 152, 116, 176, 0, 0,
       112, 52, 131, 84, 36, 10, 128, 8, 0, 164, 4, 71, 16, 34, 70, 35,
       129, 18, 64, 66, 2, 6, 64, 0, 3, 4, 64, 70, 3, 32, 68, 10, 1, 212,
       65, 161, 65, 130, 128, 8, 136, 204, 128, 132, 128, 64, 108, 44,
       67, 170, 9, 2, 1, 64, 128, 16, 16, 10, 64, 116, 163, 78, 25, 44,
       8, 3, 48, 24, 16, 65, 20, 99, 19, 180, 8, 66, 96, 72, 34, 212,
       136, 154, 23, 30, 93, 11, 39, 98, 45, 202, 27, 142, 36, 95, 141,
       119, 36, 209, 130, 52, 80, 107, 69, 215, 179, 47, 19, 57, 21, 97,
       135, 164, 150, 138, 66, 104, 226, 115, 34, 202, 36, 105, 151, 28,
       245, 111, 209, 172, 16, 5, 32, 25, 252, 91, 16, 178, 50, 189, 88,
       85, 42, 251, 192, 200, 136, 8, 0, 218, 4, 7, 57, 163, 44, 200, 18,
       181, 46, 170, 13, 10, 160, 13, 140, 193, 102, 1, 65, 85, 153, 102,
       1, 34, 2, 0, 149, 16, 81, 32, 49, 200, 234, 32, 96, 60, 40, 33,
       181, 20, 117, 104, 17, 200, 40, 53, 149, 73, 120, 138, 19, 203,
       34, 37, 80, 81, 65, 202, 212, 59, 211, 245, 248, 162, 250, 200, 8,
       171, 195, 63, 194, 195, 131, 90, 34, 205, 185, 103, 143, 173, 202,
       91, 14, 202, 186, 239, 82, 45, 33, 127, 119, 151, 116, 59, 16,
