%YAML:1.0
descriptors: !!opencv-matrix
   rows: 36
   cols: 64
   dt: u
   data: [ 35, 4, 1, 130, 17, 0, 5, 11, 198, 66, 1, 16, 33, 10, 132, 20,
       98, 86, 0, 100, 0, 130, 128, 36, 12, 128, 168, 9, 146, 8, 16, 41,
       80, 36, 20, 154, 2, 112, 1, 212, 0, 66, 24, 11, 0, 20, 196, 12,
       17, 36, 16, 4, 32, 24, 132, 73, 16, 50, 32, 56, 88, 84, 32, 248,
       60, 50, 117, 166, 63, 181, 191, 121, 244, 126, 216, 117, 253, 127,
       176, 84, 242, 212, 67, 96, 241, 34, 195, 118, 204, 168, 228, 139,
       90, 220, 113, 235, 215, 44, 85, 190, 82, 120, 233, 116, 120, 92,
       24, 47, 212, 53, 245, 111, 153, 172, 24, 5, 240, 29, 156, 73, 16,
       242, 51, 189, 88, 87, 32, 250, 4, 3, 33, 144, 0, 4, 32, 119, 0,
       66, 195, 20, 65, 4, 145, 2, 194, 92, 3, 96, 64, 32, 192, 51, 76,
       136, 164, 8, 80, 12, 48, 8, 86, 36, 85, 186, 80, 120, 1, 84, 48,
       80, 24, 14, 196, 20, 229, 78, 153, 172, 24, 5, 240, 29, 156, 73,
       16, 242, 51, 188, 72, 86, 32, 250, 131, 208, 64, 130, 213, 0, 3,
       8, 6, 1, 32, 115, 160, 11, 132, 81, 98, 214, 5, 4, 64, 0, 129, 96,
       6, 144, 41, 9, 146, 8, 0, 41, 148, 36, 20, 154, 66, 112, 5, 212,
       67, 194, 24, 11, 64, 20, 208, 68, 129, 36, 16, 4, 32, 16, 140, 75,
       16, 48, 34, 28, 88, 87, 32, 249, 62, 49, 249, 178, 23, 32, 57, 79,
       198, 170, 211, 48, 113, 66, 177, 83, 122, 212, 3, 67, 193, 34,
       192, 23, 12, 138, 164, 9, 82, 8, 49, 232, 87, 36, 20, 186, 82,
       120, 1, 84, 208, 64, 16, 14, 208, 20, 129, 79, 153, 172, 24, 5,
       240, 29, 156, 73, 16, 242, 51, 189, 88, 22, 32, 251, 22, 33, 225,
       148, 52, 132, 92, 119, 192, 194, 83, 144, 65, 194, 145, 66, 234,
       212, 35, 99, 135, 44, 192, 115, 13, 154, 166, 9, 82, 12, 48, 104,
       214, 36, 85, 186, 82, 120, 193, 84, 112, 88, 56, 47, 212, 20, 229,
       110, 153, 172, 24, 5, 240, 29, 156, 73, 16, 242, 51, 189, 88, 87,
       32, 250, 60, 51, 245, 144, 52, 63, 33, 126, 196, 68, 215, 52, 101,
       223, 144, 70, 250, 212, 67, 97, 51, 34, 192, 183, 12, 170, 164, 9,
       114, 136, 112, 233, 214, 4, 213, 186, 64, 120, 193, 84, 84, 80,
       48, 167, 192, 32, 229, 110, 154, 172, 153, 0, 240, 29, 158, 89,
       32, 242, 51, 157, 88, 87, 36, 250, 44, 41, 239, 152, 18, 95, 113,
       127, 213, 196, 215, 180, 91, 186, 191, 206, 139, 84, 99, 111, 55,
       150, 192, 183, 93, 171, 148, 9, 112, 204, 62, 233, 214, 36, 71,
       186, 82, 122, 193, 124, 240, 93, 52, 47, 212, 52, 101, 110, 155,
       172, 153, 5, 242, 29, 156, 88, 16, 242, 51, 253, 89, 86, 32, 250,
       124, 51, 255, 180, 52, 51, 57, 126, 192, 128, 215, 52, 103, 146,
       145, 67, 242, 204, 67, 87, 113, 164, 64, 151, 141, 170, 228, 141,
       66, 140, 100, 168, 250, 44, 70, 190, 90, 56, 193, 85, 216, 92, 49,
       46, 240, 117, 129, 110, 153, 174, 137, 3, 240, 29, 28, 89, 20,
       242, 19, 189, 120, 86, 100, 250, 13, 134, 236, 168, 54, 117, 165,
       118, 53, 254, 222, 133, 73, 61, 57, 167, 137, 124, 195, 248, 240,
       82, 212, 179, 77, 41, 132, 144, 125, 84, 57, 203, 221, 56, 211,
       168, 127, 122, 169, 49, 124, 29, 58, 46, 84, 177, 118, 104, 58,
       168, 157, 13, 240, 29, 152, 28, 54, 194, 47, 188, 74, 211, 46,
       250, 13, 6, 101, 33, 221, 176, 163, 88, 176, 126, 194, 55, 224,
       13, 137, 5, 194, 109, 131, 96, 224, 7, 154, 120, 70, 152, 24, 135,
       218, 0, 33, 207, 85, 32, 85, 186, 113, 184, 45, 52, 108, 68, 26,
       142, 69, 1, 82, 193, 24, 44, 24, 4, 241, 29, 140, 73, 16, 224, 39,
       188, 74, 87, 32, 112, 28, 51, 237, 32, 54, 59, 33, 126, 212, 30,
       214, 117, 99, 152, 144, 67, 90, 204, 203, 93, 97, 22, 193, 215,
       141, 184, 156, 133, 86, 68, 96, 200, 92, 44, 212, 190, 95, 56, 1,
       117, 216, 212, 51, 31, 193, 225, 34, 108, 186, 189, 141, 128, 224,
       29, 222, 17, 36, 242, 23, 220, 104, 151, 100, 251, 14, 34, 65,
       163, 217, 160, 163, 72, 64, 106, 194, 52, 161, 2, 137, 65, 202,
       93, 1, 64, 193, 1, 138, 120, 76, 152, 40, 133, 82, 8, 33, 75, 85,
       36, 93, 186, 83, 114, 45, 84, 224, 68, 24, 14, 69, 5, 192, 85,
       153, 44, 24, 4, 240, 29, 140, 73, 16, 242, 51, 188, 72, 87, 32,
       240, 50, 213, 88, 158, 55, 159, 95, 9, 247, 214, 21, 240, 189,
       122, 52, 87, 255, 183, 32, 179, 212, 114, 209, 103, 241, 215, 225,
       125, 58, 250, 213, 105, 135, 44, 215, 182, 250, 88, 234, 121, 112,
       223, 53, 105, 149, 84, 245, 111, 147, 174, 152, 13, 176, 25, 220,
       89, 48, 243, 114, 189, 123, 223, 40, 218, 114, 145, 154, 222, 38,
       199, 92, 39, 71, 231, 29, 200, 158, 228, 22, 30, 253, 211, 96,
       247, 142, 61, 195, 99, 153, 87, 247, 126, 3, 188, 212, 105, 215,
       60, 33, 190, 218, 104, 250, 121, 112, 90, 181, 111, 183, 20, 245,
       111, 155, 170, 25, 71, 240, 25, 156, 73, 17, 243, 115, 251, 121,
       117, 161, 250, 210, 221, 154, 223, 38, 197, 94, 165, 14, 229, 61,
       222, 151, 196, 22, 62, 253, 215, 48, 231, 142, 173, 226, 99, 205,
       215, 247, 126, 19, 59, 215, 42, 199, 53, 117, 190, 210, 105, 234,
       119, 114, 88, 161, 111, 181, 28, 253, 47, 153, 172, 24, 7, 240,
       29, 156, 75, 17, 243, 115, 187, 120, 87, 34, 250, 5, 5, 68, 128,
       17, 4, 1, 94, 164, 68, 0, 20, 1, 43, 129, 7, 194, 84, 1, 96, 64,
       34, 128, 35, 72, 128, 128, 9, 16, 8, 16, 73, 208, 36, 84, 186, 66,
       112, 1, 84, 16, 64, 24, 142, 80, 16, 192, 78, 25, 44, 24, 4, 112,
       24, 156, 73, 16, 114, 51, 188, 72, 86, 32, 249, 195, 12, 130, 17,
       201, 130, 2, 194, 32, 103, 0, 6, 130, 201, 34, 15, 64, 117, 57,
       96, 200, 135, 138, 105, 70, 200, 184, 47, 146, 9, 33, 71, 83, 167,
       84, 59, 82, 236, 37, 214, 64, 64, 72, 10, 73, 24, 201, 145, 93,
       108, 24, 4, 85, 122, 156, 195, 80, 124, 177, 188, 204, 84, 16,
       253, 65, 3, 0, 82, 201, 154, 2, 72, 32, 16, 2, 5, 144, 112, 105,
       1, 2, 49, 137, 6, 198, 41, 8, 99, 64, 194, 8, 4, 16, 0, 9, 65, 94,
       3, 82, 33, 16, 66, 6, 0, 196, 52, 8, 6, 65, 206, 193, 75, 21, 0,
       24, 4, 51, 73, 143, 138, 17, 106, 54, 165, 64, 70, 177, 89, 71, 6,
       0, 0, 200, 130, 6, 64, 32, 34, 1, 2, 128, 1, 4, 3, 0, 101, 1, 100,
       200, 1, 10, 72, 68, 192, 136, 6, 16, 8, 1, 65, 17, 133, 16, 43, 0,
       40, 37, 2, 4, 2, 8, 137, 65, 88, 196, 1, 16, 36, 16, 0, 1, 88, 28,
       10, 24, 42, 19, 148, 8, 86, 48, 104, 69, 37, 147, 86, 64, 2, 76,
       70, 130, 0, 1, 16, 2, 194, 128, 10, 98, 65, 34, 70, 6, 175, 192,
       7, 14, 194, 166, 13, 2, 8, 16, 8, 66, 39, 36, 155, 0, 60, 87, 84,
       0, 106, 144, 75, 169, 92, 129, 142, 81, 164, 16, 85, 49, 24, 148,
       67, 17, 122, 112, 31, 88, 100, 161, 248, 67, 196, 8, 154, 65, 130,
       30, 5, 35, 98, 41, 136, 8, 169, 36, 31, 5, 51, 20, 149, 138, 97,
       112, 33, 64, 193, 168, 92, 19, 32, 137, 65, 144, 149, 146, 1, 2,
       72, 6, 227, 2, 138, 44, 233, 179, 88, 228, 14, 81, 194, 18, 4, 37,
       96, 240, 170, 153, 47, 48, 20, 16, 80, 18, 33, 3, 205, 8, 138, 2,
       93, 4, 7, 35, 66, 47, 128, 24, 52, 108, 174, 141, 18, 32, 169, 4,
       112, 80, 34, 89, 213, 129, 104, 33, 170, 30, 1, 144, 20, 81, 136,
       0, 72, 170, 104, 38, 159, 60, 33, 20, 150, 116, 108, 145, 168, 48,
       12, 178, 13, 179, 12, 24, 66, 58, 52, 81, 80, 104, 234, 4, 2, 0,
       3, 137, 64, 128, 128, 0, 144, 2, 69, 0, 22, 201, 32, 64, 0, 129,
       0, 192, 2, 12, 192, 0, 0, 12, 0, 132, 10, 1, 82, 124, 0, 73, 128,
       16, 2, 9, 0, 129, 20, 0, 6, 64, 230, 128, 65, 56, 44, 24, 1, 148,
       9, 136, 73, 2, 64, 2, 164, 64, 71, 32, 64, 1, 202, 68, 136, 201,
       217, 163, 104, 45, 84, 46, 69, 152, 61, 233, 160, 195, 184, 141,
       40, 68, 64, 136, 112, 97, 189, 9, 32, 188, 2, 27, 29, 184, 64, 81,
       16, 80, 210, 141, 172, 183, 21, 24, 23, 68, 130, 124, 192, 129, 5,
       85, 36, 153, 15, 139, 8, 48, 64, 34, 44, 64, 79, 32, 152, 0, 34,
       1, 2, 136, 0, 6, 65, 64, 2, 2, 6, 64, 5, 129, 1, 66, 68, 1, 64,
       64, 0, 0, 192, 76, 144, 12, 9, 130, 8, 33, 0, 80, 4, 85, 154, 0,
       32, 1, 68, 32, 64, 24, 139, 68, 20, 164, 68, 24, 44, 16, 0, 96,
