%YAML:1.0
descriptors: !!opencv-matrix
   rows: 9
   cols: 64
   dt: u
   data: [ 35, 20, 64, 2, 157, 128, 5, 8, 66, 64, 18, 112, 160, 11, 128,
       21, 98, 212, 5, 16, 193, 34, 129, 100, 68, 144, 32, 11, 18, 8, 1,
       105, 85, 36, 84, 186, 66, 48, 33, 212, 64, 64, 24, 139, 192, 16,
       244, 77, 145, 164, 24, 4, 240, 24, 156, 65, 16, 50, 51, 188, 88,
       87, 32, 248, 12, 35, 97, 144, 16, 5, 33, 111, 128, 198, 195, 52,
       81, 4, 153, 66, 202, 84, 3, 98, 65, 32, 196, 19, 12, 136, 132, 9,
       64, 140, 48, 73, 116, 36, 85, 186, 16, 122, 1, 84, 48, 80, 16, 14,
       68, 20, 193, 110, 25, 44, 24, 5, 240, 29, 156, 73, 16, 226, 51,
       189, 72, 86, 32, 242, 7, 38, 65, 2, 153, 128, 3, 72, 162, 64, 0,
       112, 32, 11, 132, 5, 98, 68, 5, 96, 192, 2, 136, 96, 76, 136, 40,
       9, 146, 8, 1, 73, 80, 36, 20, 154, 64, 48, 1, 212, 65, 66, 24,
       139, 64, 16, 192, 69, 0, 36, 16, 4, 96, 24, 140, 9, 16, 112, 35,
       156, 72, 86, 32, 249, 7, 38, 65, 34, 157, 128, 3, 72, 162, 0, 128,
       48, 160, 11, 128, 85, 226, 212, 1, 96, 193, 2, 136, 100, 76, 152,
       40, 9, 146, 8, 33, 73, 80, 36, 20, 186, 64, 112, 1, 84, 0, 64, 24,
       11, 64, 16, 192, 69, 24, 36, 24, 4, 112, 24, 140, 73, 16, 114, 51,
       156, 88, 87, 32, 248, 124, 255, 255, 253, 54, 255, 255, 251, 253,
       221, 254, 255, 223, 254, 255, 238, 251, 253, 251, 111, 247, 127,
       210, 247, 253, 127, 183, 247, 125, 215, 126, 235, 207, 123, 247,
       254, 215, 123, 249, 125, 124, 253, 247, 183, 255, 167, 247, 111,
       191, 173, 191, 223, 250, 61, 158, 93, 118, 254, 127, 255, 251,
       255, 173, 250, 67, 1, 128, 50, 69, 2, 14, 10, 2, 2, 1, 34, 34,
       194, 4, 19, 12, 3, 36, 213, 10, 173, 65, 3, 6, 146, 242, 77, 18,
       40, 128, 0, 18, 54, 148, 139, 3, 12, 6, 67, 0, 234, 24, 73, 147,
       88, 129, 30, 80, 162, 16, 4, 33, 112, 244, 163, 145, 51, 49, 23,
       12, 112, 144, 35, 5, 34, 65, 160, 144, 128, 35, 72, 192, 68, 2,
       54, 193, 7, 145, 64, 226, 212, 1, 100, 65, 0, 128, 112, 76, 136,
       168, 9, 210, 8, 49, 9, 80, 36, 84, 186, 80, 114, 1, 84, 144, 80,
       24, 14, 64, 4, 192, 76, 153, 44, 24, 4, 112, 28, 140, 73, 16, 242,
       51, 188, 72, 22, 32, 248, 183, 54, 81, 130, 221, 128, 3, 72, 198,
       67, 17, 114, 165, 11, 128, 85, 226, 212, 5, 96, 201, 0, 136, 100,
       78, 152, 41, 11, 146, 8, 33, 57, 208, 36, 84, 154, 66, 112, 1,
       214, 208, 66, 24, 14, 208, 20, 192, 5, 153, 44, 16, 4, 112, 24,
       140, 73, 16, 242, 51, 188, 88, 86, 32, 249, 52, 51, 177, 146, 16,
       38, 32, 119, 198, 6, 83, 52, 97, 130, 145, 70, 234, 212, 3, 68,
       65, 162, 193, 23, 76, 136, 164, 9, 82, 12, 48, 104, 192, 36, 85,
       186, 82, 120, 129, 84, 208, 92, 16, 14, 208, 20, 129, 78, 153,
       172, 24, 5, 240, 29, 156, 65, 16, 242, 51, 188, 88, 86, 32, 251 ]
