%YAML:1.0
descriptors: !!opencv-matrix
   rows: 6
   cols: 64
   dt: u
   data: [ 12, 35, 229, 176, 16, 37, 41, 110, 128, 198, 195, 52, 81, 166,
       153, 66, 194, 92, 3, 98, 1, 32, 196, 51, 77, 136, 164, 137, 82,
       12, 48, 73, 114, 36, 85, 186, 80, 122, 129, 84, 176, 80, 56, 46,
       68, 4, 193, 110, 153, 172, 24, 5, 240, 29, 156, 73, 16, 242, 51,
       189, 72, 86, 32, 242, 37, 38, 101, 162, 17, 36, 37, 92, 228, 68,
       130, 52, 105, 47, 145, 69, 226, 212, 3, 96, 193, 34, 193, 118, 76,
       136, 164, 9, 82, 12, 49, 73, 84, 36, 85, 186, 82, 120, 1, 84, 80,
       84, 24, 14, 196, 20, 196, 76, 153, 172, 24, 5, 240, 29, 156, 73,
       16, 242, 51, 188, 88, 87, 32, 250, 6, 33, 65, 146, 17, 0, 1, 78,
       130, 66, 1, 52, 1, 130, 129, 83, 98, 84, 0, 68, 2, 128, 128, 2,
       12, 128, 160, 9, 18, 8, 16, 9, 112, 36, 84, 154, 0, 112, 1, 84, 0,
       64, 24, 10, 0, 20, 192, 76, 17, 44, 16, 4, 32, 24, 148, 73, 16,
       114, 33, 60, 72, 70, 32, 241, 35, 148, 64, 2, 157, 128, 5, 8, 38,
       0, 0, 113, 172, 11, 132, 85, 98, 214, 5, 16, 193, 34, 129, 100,
       68, 144, 96, 11, 18, 8, 1, 105, 149, 36, 20, 186, 66, 112, 1, 244,
       64, 66, 24, 11, 208, 16, 244, 77, 145, 164, 24, 4, 96, 24, 156,
       73, 16, 178, 50, 188, 88, 87, 32, 249, 7, 32, 1, 2, 17, 0, 5, 72,
       194, 6, 129, 52, 96, 14, 161, 81, 226, 212, 3, 64, 193, 2, 129,
       68, 76, 136, 164, 9, 82, 12, 49, 104, 212, 36, 85, 186, 82, 112,
       1, 84, 80, 64, 16, 14, 212, 20, 164, 76, 153, 44, 24, 5, 240, 28,
       156, 65, 16, 242, 51, 188, 88, 86, 32, 248, 12, 35, 193, 176, 16,
       2, 41, 110, 192, 130, 195, 52, 81, 134, 153, 66, 234, 84, 1, 100,
       3, 128, 196, 19, 12, 136, 160, 9, 82, 8, 48, 9, 112, 36, 85, 186,
       0, 114, 1, 84, 144, 64, 24, 14, 66, 4, 65, 78, 153, 44, 24, 5,
       112, 28, 148, 73, 144, 226, 35, 188, 72, 6, 32, 242 ]
