%YAML:1.0
descriptors: !!opencv-matrix
   rows: 34
   cols: 64
   dt: u
   data: [ 51, 16, 9, 130, 141, 132, 3, 8, 198, 70, 21, 64, 161, 11, 20,
       21, 102, 214, 4, 96, 192, 2, 128, 100, 76, 144, 169, 9, 146, 8,
       17, 105, 208, 36, 20, 186, 66, 112, 1, 212, 80, 74, 24, 11, 208,
       20, 192, 77, 145, 172, 24, 5, 112, 24, 156, 73, 16, 242, 51, 188,
       88, 87, 32, 249, 4, 35, 65, 144, 16, 0, 1, 74, 0, 2, 3, 20, 1, 3,
       145, 66, 66, 84, 1, 96, 2, 160, 128, 34, 12, 136, 128, 9, 18, 8,
       48, 9, 112, 36, 84, 154, 0, 112, 1, 212, 144, 64, 24, 14, 64, 4,
       192, 76, 25, 44, 16, 4, 112, 24, 132, 9, 16, 98, 49, 188, 72, 86,
       32, 241, 60, 33, 113, 178, 18, 37, 37, 127, 196, 78, 208, 52, 113,
       14, 145, 70, 234, 212, 3, 96, 193, 34, 192, 55, 76, 136, 164, 9,
       82, 8, 48, 105, 214, 36, 85, 186, 82, 120, 129, 116, 112, 92, 24,
       47, 212, 20, 229, 110, 153, 172, 24, 5, 240, 29, 156, 73, 16, 242,
       51, 189, 88, 86, 32, 250, 44, 47, 239, 248, 50, 127, 161, 119,
       149, 252, 78, 149, 81, 180, 187, 230, 139, 220, 227, 107, 245, 49,
       212, 179, 93, 41, 132, 128, 105, 198, 63, 203, 199, 2, 71, 186,
       86, 122, 233, 124, 120, 61, 48, 39, 84, 182, 119, 111, 153, 172,
       185, 13, 242, 29, 156, 88, 20, 226, 51, 189, 91, 87, 40, 250, 64,
       3, 166, 89, 228, 182, 170, 242, 32, 190, 192, 138, 194, 209, 19,
       11, 76, 201, 107, 230, 120, 167, 66, 211, 14, 122, 190, 228, 64,
       4, 32, 146, 223, 59, 67, 169, 88, 44, 68, 96, 124, 106, 56, 142,
       213, 248, 131, 239, 24, 136, 24, 1, 241, 124, 156, 73, 19, 250,
       19, 149, 88, 83, 64, 251, 201, 5, 150, 180, 193, 162, 98, 126, 16,
       121, 196, 71, 162, 225, 2, 2, 110, 9, 185, 71, 104, 173, 195, 243,
       10, 122, 154, 166, 232, 4, 34, 141, 223, 35, 48, 177, 21, 72, 84,
       108, 85, 32, 152, 135, 233, 25, 235, 239, 25, 132, 25, 240, 241,
       94, 24, 201, 79, 254, 55, 145, 8, 119, 129, 74, 64, 42, 147, 51,
       72, 66, 38, 198, 194, 160, 2, 21, 113, 167, 155, 146, 107, 0, 129,
       66, 138, 137, 79, 143, 141, 217, 28, 141, 2, 136, 3, 94, 17, 135,
       101, 187, 48, 150, 103, 94, 33, 112, 32, 98, 47, 140, 9, 225, 73,
       36, 105, 240, 149, 26, 36, 234, 196, 104, 1, 105, 72, 5, 49, 246,
       68, 33, 97, 144, 16, 134, 11, 77, 192, 230, 3, 52, 81, 130, 145,
       66, 234, 84, 3, 100, 11, 161, 198, 33, 12, 136, 172, 13, 18, 8,
       48, 9, 112, 36, 85, 186, 2, 120, 1, 84, 48, 64, 24, 14, 66, 28,
       65, 14, 153, 44, 16, 5, 112, 28, 148, 73, 144, 242, 51, 188, 88,
       70, 32, 242, 7, 179, 73, 118, 188, 184, 252, 16, 96, 27, 243, 96,
       232, 67, 68, 17, 0, 239, 6, 211, 231, 108, 1, 223, 164, 154, 231,
       223, 86, 36, 165, 192, 86, 254, 222, 142, 107, 56, 242, 131, 205,
       234, 155, 77, 226, 65, 147, 91, 50, 247, 16, 67, 108, 5, 223, 25,
       23, 83, 214, 135, 224, 179, 225, 57, 5, 33, 128, 20, 73, 130, 64,
       14, 130, 32, 135, 103, 162, 203, 130, 1, 40, 35, 2, 147, 199, 47,
       67, 199, 2, 50, 214, 70, 0, 12, 129, 64, 15, 58, 64, 166, 24, 8,
       235, 76, 72, 48, 148, 195, 225, 97, 165, 79, 49, 174, 137, 67,
       240, 24, 88, 65, 63, 51, 87, 179, 40, 51, 165, 74, 101, 37, 231,
       21, 80, 135, 69, 126, 198, 229, 133, 50, 243, 204, 147, 70, 235,
       85, 99, 103, 30, 175, 194, 39, 14, 234, 182, 45, 82, 12, 48, 41,
       215, 38, 20, 186, 82, 120, 67, 92, 112, 64, 56, 47, 197, 60, 197,
       110, 153, 172, 24, 5, 240, 28, 156, 65, 16, 242, 51, 189, 88, 23,
       32, 250, 197, 7, 198, 16, 209, 2, 7, 94, 162, 5, 128, 2, 130, 237,
       130, 15, 235, 117, 33, 103, 74, 143, 226, 35, 70, 219, 152, 45,
       146, 8, 2, 9, 215, 39, 20, 187, 66, 124, 69, 84, 112, 64, 56, 47,
       205, 24, 101, 134, 25, 172, 24, 4, 113, 24, 156, 75, 16, 240, 49,
       157, 88, 85, 32, 250, 114, 33, 193, 146, 82, 134, 11, 111, 198,
       230, 19, 22, 177, 194, 147, 82, 98, 213, 0, 102, 10, 165, 194, 39,
       12, 130, 180, 13, 18, 8, 16, 41, 83, 36, 85, 186, 66, 120, 67, 86,
       16, 64, 24, 14, 193, 28, 193, 14, 153, 172, 24, 5, 48, 25, 148,
       75, 16, 114, 49, 189, 88, 86, 32, 250, 4, 35, 145, 18, 0, 130, 10,
       37, 194, 34, 3, 52, 16, 66, 145, 2, 10, 2, 192, 2, 195, 33, 67,
       199, 136, 0, 134, 13, 0, 168, 1, 72, 79, 22, 69, 162, 8, 8, 67,
       64, 32, 32, 133, 64, 37, 100, 161, 79, 18, 46, 169, 67, 54, 24,
       88, 19, 4, 35, 18, 177, 40, 35, 225, 98, 1, 7, 5, 136, 1, 23, 1,
       91, 164, 70, 2, 0, 1, 105, 57, 5, 192, 116, 65, 36, 80, 98, 16,
       35, 64, 160, 4, 0, 16, 8, 16, 9, 112, 6, 211, 170, 0, 96, 1, 64,
       52, 16, 24, 142, 84, 212, 192, 78, 16, 44, 24, 4, 48, 25, 140, 9,
       16, 98, 35, 188, 72, 86, 32, 240, 195, 193, 130, 27, 201, 194,
       134, 204, 2, 163, 41, 202, 146, 194, 166, 43, 203, 21, 36, 67,
       206, 45, 238, 75, 70, 215, 179, 47, 19, 10, 19, 82, 215, 38, 84,
       186, 82, 120, 235, 246, 114, 122, 40, 43, 213, 28, 181, 43, 153,
       172, 24, 5, 240, 25, 156, 75, 16, 242, 51, 189, 88, 87, 34, 251,
       3, 7, 0, 138, 1, 10, 2, 8, 32, 64, 46, 4, 16, 60, 44, 33, 0, 48,
       0, 4, 0, 0, 16, 32, 64, 128, 8, 4, 48, 8, 24, 1, 144, 4, 83, 136,
       0, 66, 5, 128, 166, 147, 28, 1, 4, 198, 100, 76, 16, 32, 129, 12,
       3, 8, 131, 10, 56, 98, 10, 52, 0, 70, 38, 65, 131, 1, 0, 6, 1, 64,
       0, 134, 2, 129, 3, 70, 2, 2, 2, 50, 44, 2, 4, 69, 2, 136, 228, 0,
       8, 130, 144, 74, 130, 34, 2, 16, 48, 52, 112, 146, 1, 64, 2, 128,
       193, 16, 16, 66, 136, 28, 168, 44, 65, 0, 80, 5, 80, 2, 180, 162,
       1, 80, 32, 48, 0, 20, 0, 107, 2, 64, 1, 138, 1, 72, 4, 14, 3, 66,
       41, 128, 16, 164, 109, 178, 143, 18, 32, 96, 2, 128, 228, 32, 77,
       213, 145, 41, 3, 42, 18, 73, 144, 4, 113, 154, 0, 64, 160, 66, 34,
       218, 44, 33, 54, 30, 116, 44, 65, 160, 114, 4, 0, 25, 164, 8, 144,
       98, 40, 56, 88, 68, 32, 178, 1, 14, 148, 138, 0, 76, 160, 229, 43,
       196, 14, 5, 16, 53, 139, 160, 207, 34, 128, 32, 80, 129, 94, 128,
       217, 117, 24, 96, 161, 130, 139, 1, 149, 2, 65, 0, 16, 194, 110,
       8, 37, 21, 40, 163, 37, 144, 117, 228, 145, 72, 237, 60, 150, 11,
       0, 10, 47, 72, 0, 33, 64, 65, 69, 74, 37, 70, 100, 136, 10, 31, 4,
       71, 37, 100, 40, 132, 92, 61, 253, 230, 128, 112, 67, 224, 145,
       208, 25, 160, 88, 32, 12, 16, 41, 156, 25, 65, 240, 68, 67, 170,
       128, 98, 17, 10, 182, 19, 28, 135, 84, 246, 100, 72, 17, 36, 128,
       12, 18, 25, 131, 28, 56, 228, 9, 180, 74, 194, 106, 225, 2, 35, 1,
       18, 192, 128, 4, 2, 66, 0, 19, 66, 226, 195, 0, 0, 64, 1, 4, 150,
       67, 44, 1, 199, 74, 18, 134, 13, 130, 136, 0, 0, 66, 46, 68, 154,
       8, 0, 67, 196, 0, 96, 16, 139, 192, 120, 165, 142, 17, 36, 0, 64,
       32, 24, 8, 3, 0, 114, 18, 49, 8, 112, 96, 104, 130, 205, 8, 138,
       2, 24, 4, 3, 35, 66, 45, 138, 152, 164, 108, 10, 141, 3, 36, 189,
       2, 212, 80, 64, 81, 213, 145, 40, 3, 186, 18, 1, 146, 20, 211,
       202, 74, 72, 234, 40, 34, 187, 44, 105, 151, 28, 116, 44, 83, 137,
       32, 6, 11, 1, 98, 190, 25, 193, 16, 117, 21, 209, 88, 170, 68, 32,
       211, 161, 208, 128, 43, 205, 132, 234, 129, 52, 193, 131, 147, 66,
       226, 212, 1, 100, 9, 129, 198, 56, 78, 136, 168, 13, 210, 8, 48,
       59, 112, 36, 20, 187, 82, 116, 5, 86, 16, 64, 24, 14, 66, 28, 192,
       20, 153, 44, 16, 5, 112, 28, 148, 73, 144, 240, 33, 156, 92, 86,
       32, 177, 8, 14, 38, 137, 2, 93, 164, 231, 41, 212, 14, 4, 16, 52,
       123, 166, 137, 24, 193, 32, 84, 80, 92, 176, 89, 101, 12, 0, 41,
       198, 27, 83, 245, 0, 67, 40, 16, 66, 201, 40, 52, 21, 28, 38, 84,
       150, 102, 104, 153, 40, 137, 13, 146, 29, 136, 72, 58, 192, 43,
       180, 67, 66, 40, 250, 1, 70, 0, 138, 136, 76, 7, 65, 33, 68, 42,
       4, 0, 61, 221, 164, 203, 96, 129, 32, 64, 0, 152, 32, 88, 213, 9,
       0, 160, 10, 11, 9, 144, 4, 81, 154, 0, 194, 13, 8, 37, 16, 8, 163,
       4, 146, 116, 160, 1, 37, 112, 40, 145, 25, 134, 8, 40, 96, 40, 36,
       64, 70, 32, 240, 2, 193, 8, 154, 35, 25, 88, 7, 23, 130, 61, 128,
