%YAML:1.0
descriptors: !!opencv-matrix
   rows: 81
   cols: 64
   dt: u
   data: [ 60, 63, 255, 253, 50, 255, 179, 127, 253, 252, 214, 181, 93,
       62, 187, 230, 251, 221, 195, 106, 245, 55, 214, 247, 93, 232, 164,
       157, 120, 220, 125, 235, 247, 36, 87, 186, 87, 122, 233, 116, 248,
       93, 58, 46, 213, 167, 227, 111, 153, 172, 24, 5, 240, 29, 156, 73,
       16, 242, 51, 189, 90, 87, 32, 250, 103, 51, 225, 178, 221, 130, 7,
       74, 230, 68, 131, 48, 169, 203, 128, 85, 226, 213, 1, 100, 193,
       39, 128, 119, 78, 154, 168, 13, 82, 8, 48, 105, 87, 36, 84, 186,
       66, 120, 1, 84, 80, 64, 24, 15, 193, 20, 229, 79, 153, 172, 24, 4,
       112, 28, 156, 73, 16, 242, 51, 189, 88, 87, 32, 248, 125, 54, 255,
       245, 62, 183, 187, 126, 244, 254, 210, 177, 207, 217, 179, 71,
       250, 253, 227, 107, 253, 103, 198, 255, 205, 106, 164, 183, 88,
       85, 113, 235, 255, 32, 213, 190, 87, 120, 225, 117, 120, 92, 58,
       46, 209, 49, 211, 111, 184, 172, 24, 5, 240, 29, 156, 73, 20, 242,
       51, 189, 90, 87, 32, 250, 216, 57, 146, 119, 98, 203, 248, 231,
       90, 169, 215, 215, 246, 196, 18, 58, 127, 139, 250, 207, 143, 173,
       99, 223, 155, 90, 246, 254, 66, 231, 246, 230, 79, 63, 97, 125,
       159, 47, 250, 125, 89, 124, 245, 110, 239, 61, 191, 127, 253, 194,
       105, 215, 240, 94, 24, 195, 71, 251, 87, 243, 61, 37, 145, 238,
       220, 187, 247, 213, 112, 239, 249, 246, 217, 189, 67, 215, 199,
       212, 219, 234, 190, 205, 250, 111, 230, 45, 230, 219, 175, 234,
       182, 254, 92, 101, 118, 254, 119, 51, 125, 191, 212, 255, 254,
       117, 217, 124, 187, 102, 235, 46, 217, 255, 220, 190, 121, 247,
       241, 255, 157, 207, 69, 223, 115, 239, 121, 37, 149, 254, 125, 54,
       245, 176, 123, 255, 39, 127, 244, 126, 194, 53, 125, 253, 185, 71,
       251, 253, 195, 98, 253, 119, 218, 191, 92, 104, 164, 135, 120,
       212, 121, 239, 95, 32, 87, 190, 87, 122, 233, 124, 124, 85, 90,
       174, 69, 229, 231, 111, 185, 172, 24, 13, 242, 29, 156, 73, 22,
       242, 55, 189, 218, 87, 40, 250, 203, 12, 206, 145, 203, 219, 146,
       5, 42, 99, 7, 78, 158, 240, 106, 232, 200, 145, 57, 246, 206, 85,
       202, 113, 87, 82, 152, 46, 224, 143, 23, 99, 215, 37, 85, 187, 82,
       123, 237, 90, 240, 93, 108, 47, 213, 30, 245, 39, 157, 172, 24, 5,
       241, 125, 156, 203, 80, 254, 51, 189, 88, 87, 48, 250, 64, 139,
       134, 91, 200, 211, 198, 6, 41, 144, 14, 5, 24, 117, 43, 161, 235,
       177, 41, 102, 198, 45, 95, 115, 67, 78, 4, 4, 36, 8, 26, 66, 151,
       39, 67, 186, 80, 82, 95, 36, 53, 53, 24, 38, 69, 204, 117, 231,
       153, 44, 8, 4, 177, 29, 152, 203, 17, 238, 35, 181, 72, 103, 33,
       250, 255, 51, 231, 244, 252, 50, 107, 254, 208, 127, 210, 51, 239,
       203, 146, 67, 226, 221, 11, 103, 233, 173, 194, 55, 78, 202, 178,
       143, 218, 4, 49, 235, 87, 39, 20, 187, 87, 120, 101, 244, 88, 68,
       26, 14, 193, 5, 195, 79, 153, 172, 24, 5, 240, 28, 156, 73, 16,
       242, 51, 157, 88, 22, 32, 250, 66, 129, 8, 170, 65, 218, 14, 0,
       35, 130, 9, 192, 0, 37, 4, 19, 205, 3, 32, 213, 130, 33, 65, 67,
       69, 215, 185, 109, 2, 42, 129, 64, 150, 20, 81, 139, 0, 72, 232,
       96, 32, 88, 56, 41, 151, 28, 245, 111, 145, 168, 24, 5, 224, 81,
       252, 203, 16, 243, 50, 181, 24, 83, 48, 106, 102, 34, 32, 1, 201,
       130, 10, 73, 196, 43, 129, 50, 224, 130, 130, 2, 98, 1, 3, 212,
       201, 135, 83, 92, 20, 88, 252, 47, 130, 156, 33, 66, 73, 44, 70,
       191, 88, 56, 37, 92, 104, 64, 16, 143, 209, 121, 162, 77, 185,
       172, 24, 1, 240, 28, 220, 65, 16, 242, 19, 180, 56, 86, 32, 122,
       4, 34, 17, 152, 8, 202, 166, 65, 9, 232, 10, 23, 192, 71, 201, 0,
       203, 69, 161, 2, 196, 37, 72, 74, 77, 212, 17, 37, 2, 10, 3, 95,
       215, 134, 85, 186, 48, 248, 111, 38, 32, 116, 40, 35, 69, 148,
       117, 227, 24, 172, 56, 36, 177, 29, 140, 8, 0, 104, 19, 173, 72,
       71, 33, 242, 132, 203, 2, 9, 0, 200, 164, 132, 9, 129, 42, 204,
       18, 55, 201, 170, 9, 8, 164, 139, 13, 0, 102, 129, 65, 85, 17, 96,
       1, 142, 2, 18, 180, 18, 97, 160, 17, 136, 235, 32, 96, 52, 56, 33,
       55, 86, 54, 224, 25, 200, 108, 53, 149, 77, 96, 136, 22, 65, 2,
       37, 0, 113, 65, 74, 44, 39, 237, 184, 19, 255, 37, 127, 228, 68,
       214, 52, 121, 254, 185, 198, 203, 92, 67, 100, 241, 115, 209, 55,
       94, 252, 132, 133, 114, 212, 56, 201, 212, 38, 87, 186, 83, 114,
       73, 124, 56, 85, 28, 47, 85, 181, 231, 238, 153, 44, 152, 12, 242,
       29, 156, 89, 16, 226, 43, 189, 72, 71, 40, 250, 3, 18, 0, 34, 221,
       32, 4, 28, 64, 0, 128, 97, 32, 67, 0, 1, 98, 68, 5, 208, 193, 32,
       41, 2, 6, 136, 0, 3, 146, 12, 33, 68, 53, 166, 28, 154, 40, 32, 1,
       134, 69, 66, 26, 138, 64, 0, 192, 64, 0, 52, 88, 0, 96, 18, 4, 9,
       128, 32, 3, 148, 8, 6, 38, 105, 2, 201, 0, 170, 129, 200, 4, 9,
       15, 64, 11, 140, 176, 14, 109, 181, 109, 18, 32, 84, 10, 2, 128,
       97, 65, 213, 89, 104, 19, 34, 2, 0, 128, 39, 113, 16, 1, 64, 78,
       2, 33, 17, 52, 97, 13, 28, 60, 164, 192, 130, 112, 52, 151, 66,
       224, 170, 17, 8, 32, 33, 0, 69, 148, 66, 221, 58, 215, 245, 253,
       163, 251, 248, 88, 185, 210, 127, 238, 193, 195, 89, 226, 205,
       191, 118, 237, 173, 175, 248, 174, 250, 250, 175, 222, 71, 227,
       191, 127, 167, 124, 251, 87, 247, 253, 247, 217, 68, 219, 30, 203,
       11, 219, 151, 140, 213, 92, 245, 241, 254, 157, 235, 212, 188,
       183, 159, 220, 7, 177, 181, 133, 2, 17, 1, 216, 176, 162, 208, 8,
       179, 2, 66, 192, 17, 193, 1, 66, 77, 141, 64, 200, 36, 10, 88, 4,
       144, 25, 39, 148, 15, 33, 87, 83, 132, 220, 10, 16, 248, 37, 6,
       192, 64, 8, 22, 65, 12, 80, 17, 24, 125, 48, 36, 85, 185, 140, 73,
       16, 72, 145, 133, 72, 87, 36, 190, 2, 2, 144, 162, 65, 202, 134,
       15, 66, 0, 2, 117, 32, 6, 137, 16, 107, 3, 160, 4, 193, 37, 195,
       67, 65, 213, 216, 45, 2, 40, 1, 72, 151, 4, 81, 178, 49, 72, 233,
       100, 96, 92, 56, 33, 245, 20, 245, 111, 153, 172, 25, 5, 244, 13,
       24, 201, 0, 114, 19, 177, 24, 87, 32, 74, 12, 142, 70, 201, 233,
       217, 162, 233, 57, 216, 170, 13, 144, 53, 233, 160, 131, 24, 201,
       42, 212, 96, 142, 240, 113, 76, 8, 0, 172, 198, 27, 23, 253, 66,
       89, 32, 116, 242, 205, 44, 247, 53, 74, 22, 68, 135, 88, 225, 169,
       13, 92, 37, 147, 79, 137, 72, 22, 72, 174, 164, 66, 79, 34, 80,
       82, 33, 138, 150, 3, 67, 88, 38, 66, 162, 21, 52, 48, 130, 131,
       114, 42, 18, 0, 218, 3, 168, 197, 3, 8, 128, 162, 9, 66, 40, 180,
       104, 96, 36, 53, 250, 66, 118, 67, 84, 144, 192, 149, 74, 2, 132,
       1, 110, 27, 44, 94, 5, 32, 24, 180, 64, 144, 99, 41, 217, 77, 36,
       34, 227, 193, 205, 130, 9, 65, 66, 166, 194, 41, 128, 44, 205, 18,
       4, 109, 169, 141, 41, 189, 71, 196, 13, 44, 67, 67, 95, 25, 38, 1,
       6, 2, 87, 180, 51, 113, 9, 17, 64, 236, 32, 115, 60, 56, 35, 93,
       30, 118, 226, 13, 136, 120, 21, 209, 111, 136, 138, 19, 200, 35,
       165, 80, 87, 16, 234, 3, 16, 0, 38, 21, 130, 12, 14, 2, 8, 17, 53,
       32, 15, 128, 17, 106, 22, 0, 144, 193, 42, 193, 99, 0, 136, 224,
       13, 18, 40, 129, 69, 28, 165, 60, 146, 35, 0, 1, 85, 1, 194, 30,
       74, 8, 17, 204, 78, 0, 54, 88, 4, 36, 0, 188, 129, 8, 35, 190,
       144, 8, 7, 162, 64, 194, 193, 8, 24, 2, 90, 92, 2, 35, 131, 45,
       202, 18, 160, 38, 27, 205, 2, 36, 221, 10, 244, 97, 2, 193, 87,
       179, 104, 1, 38, 150, 32, 210, 20, 144, 202, 74, 108, 226, 98, 48,
       138, 60, 105, 151, 28, 116, 44, 211, 136, 18, 6, 104, 25, 112, 10,
       145, 243, 49, 53, 29, 113, 64, 170, 131, 205, 8, 218, 33, 88, 92,
       3, 43, 195, 45, 202, 178, 186, 100, 63, 141, 51, 52, 157, 14, 252,
       49, 98, 113, 87, 211, 122, 35, 42, 134, 17, 146, 150, 243, 64,
       131, 73, 250, 171, 34, 187, 44, 97, 183, 92, 116, 42, 65, 195, 32,
       126, 13, 65, 98, 174, 57, 211, 240, 55, 17, 241, 217, 10, 71, 1,
       0, 22, 85, 2, 10, 10, 2, 0, 129, 34, 160, 202, 0, 3, 96, 35, 0,
