%YAML:1.0
descriptors: !!opencv-matrix
   rows: 7
   cols: 64
   dt: u
   data: [ 4, 37, 113, 128, 16, 4, 33, 73, 192, 64, 130, 48, 65, 2, 144,
       65, 226, 84, 1, 96, 65, 32, 128, 114, 12, 136, 32, 9, 210, 8, 48,
       9, 80, 36, 84, 186, 0, 112, 1, 212, 144, 64, 24, 14, 64, 20, 192,
       76, 153, 44, 16, 4, 112, 28, 140, 73, 16, 242, 35, 188, 88, 86,
       32, 249, 4, 33, 193, 144, 16, 0, 33, 110, 128, 134, 129, 52, 81,
       130, 145, 66, 234, 84, 3, 100, 1, 160, 196, 51, 12, 136, 160, 9,
       82, 12, 48, 9, 80, 36, 21, 186, 66, 120, 1, 84, 16, 64, 24, 14,
       64, 20, 193, 78, 25, 44, 24, 5, 112, 24, 148, 73, 16, 242, 51,
       156, 88, 86, 32, 250, 3, 4, 64, 2, 221, 128, 7, 8, 34, 1, 32, 114,
       160, 11, 132, 17, 98, 84, 5, 0, 64, 2, 137, 96, 4, 144, 9, 9, 146,
       8, 1, 9, 16, 36, 20, 154, 2, 112, 5, 212, 1, 194, 8, 11, 64, 16,
       76, 4, 1, 36, 16, 4, 32, 24, 140, 9, 16, 48, 34, 28, 72, 70, 32,
       249, 39, 38, 96, 162, 157, 128, 1, 72, 164, 66, 130, 112, 33, 11,
       128, 5, 226, 196, 3, 96, 193, 34, 129, 116, 76, 152, 32, 9, 82, 8,
       33, 73, 84, 36, 84, 186, 82, 48, 1, 84, 80, 64, 24, 143, 64, 0,
       224, 77, 153, 44, 24, 0, 240, 29, 140, 73, 16, 242, 51, 188, 72,
       87, 32, 248, 35, 148, 80, 2, 21, 128, 5, 72, 226, 0, 0, 112, 36,
       15, 132, 85, 98, 214, 1, 96, 193, 34, 129, 100, 68, 144, 32, 9,
       18, 8, 1, 41, 212, 36, 84, 186, 82, 120, 1, 116, 112, 74, 24, 11,
       212, 16, 212, 78, 153, 172, 24, 4, 112, 24, 156, 73, 16, 242, 51,
       188, 88, 87, 32, 248, 55, 52, 113, 134, 159, 132, 13, 73, 198, 70,
       17, 48, 45, 10, 148, 84, 226, 212, 3, 96, 193, 34, 129, 100, 76,
       152, 164, 9, 210, 8, 49, 105, 212, 36, 84, 186, 66, 112, 129, 84,
       112, 74, 24, 15, 208, 20, 244, 76, 153, 172, 24, 5, 112, 28, 156,
       73, 16, 242, 51, 188, 88, 87, 32, 248, 44, 35, 117, 176, 18, 37,
       33, 78, 228, 206, 192, 52, 125, 47, 177, 86, 234, 212, 3, 96, 193,
       32, 192, 55, 76, 136, 164, 9, 82, 12, 48, 105, 86, 36, 85, 186,
       82, 120, 1, 116, 112, 64, 24, 46, 212, 20, 193, 110, 153, 172, 24,
       5, 240, 29, 156, 73, 16, 242, 51, 189, 88, 86, 32, 250 ]
