%YAML:1.0
descriptors: !!opencv-matrix
   rows: 6
   cols: 64
   dt: u
   data: [ 67, 0, 128, 131, 201, 130, 6, 0, 2, 35, 2, 2, 128, 70, 3, 1,
       66, 65, 1, 0, 200, 37, 138, 73, 2, 208, 24, 38, 146, 8, 1, 71, 87,
       167, 80, 51, 16, 200, 39, 66, 64, 64, 8, 8, 65, 12, 201, 147, 17,
       12, 24, 36, 53, 88, 156, 171, 16, 106, 50, 181, 72, 23, 48, 232,
       70, 1, 130, 17, 200, 130, 2, 70, 0, 32, 1, 6, 130, 193, 3, 2, 64,
       1, 1, 70, 138, 141, 74, 3, 70, 130, 154, 13, 130, 8, 0, 0, 23, 39,
       20, 155, 0, 36, 7, 70, 0, 96, 8, 74, 73, 12, 201, 147, 81, 4, 16,
       20, 1, 88, 20, 171, 17, 104, 1, 17, 8, 4, 17, 96, 3, 0, 16, 16,
       137, 128, 2, 0, 2, 32, 0, 65, 128, 65, 0, 17, 100, 3, 0, 2, 194,
       44, 74, 75, 64, 146, 32, 110, 16, 0, 1, 71, 87, 166, 16, 56, 16,
       200, 98, 66, 96, 0, 8, 11, 65, 20, 245, 79, 17, 132, 24, 4, 180,
       24, 156, 73, 17, 114, 50, 181, 0, 87, 32, 234, 6, 0, 1, 128, 0,
       132, 0, 69, 2, 2, 1, 4, 80, 4, 147, 2, 66, 80, 0, 96, 8, 128, 194,
       0, 12, 128, 164, 9, 2, 136, 16, 8, 68, 36, 85, 186, 0, 104, 1, 84,
       32, 64, 20, 8, 84, 20, 128, 76, 25, 44, 24, 5, 48, 24, 28, 73, 16,
       98, 51, 184, 72, 86, 32, 242, 3, 1, 0, 18, 1, 0, 0, 6, 2, 0, 0, 0,
       0, 129, 1, 3, 66, 0, 1, 64, 64, 128, 128, 3, 70, 128, 0, 9, 18, 8,
       0, 1, 16, 38, 16, 186, 0, 64, 1, 64, 0, 64, 24, 8, 64, 20, 64,
       206, 17, 36, 16, 4, 32, 24, 132, 9, 16, 96, 35, 148, 8, 70, 32,
       224, 63, 255, 255, 252, 54, 253, 253, 127, 245, 222, 253, 248,
       125, 123, 189, 95, 251, 252, 99, 123, 183, 126, 211, 247, 253,
       255, 247, 255, 127, 255, 245, 235, 223, 110, 247, 190, 222, 120,
       249, 125, 126, 95, 187, 239, 247, 181, 247, 111, 155, 174, 152,
       79, 240, 29, 156, 93, 56, 242, 115, 255, 123, 223, 173, 251 ]
