%YAML:1.0
descriptors: !!opencv-matrix
   rows: 12
   cols: 64
   dt: u
   data: [ 61, 53, 253, 182, 55, 63, 53, 126, 247, 84, 255, 177, 125,
       126, 188, 87, 243, 254, 67, 113, 245, 114, 209, 247, 221, 170,
       228, 217, 122, 220, 244, 233, 222, 44, 87, 190, 91, 120, 193, 124,
       120, 93, 60, 47, 212, 53, 247, 110, 153, 172, 152, 13, 240, 29,
       156, 73, 56, 242, 51, 189, 88, 87, 32, 250, 7, 36, 65, 128, 17, 0,
       1, 72, 132, 68, 130, 52, 1, 11, 128, 69, 226, 84, 1, 96, 65, 0,
       128, 96, 76, 136, 168, 9, 146, 8, 49, 9, 80, 36, 84, 186, 66, 112,
       1, 84, 144, 64, 24, 10, 64, 16, 192, 76, 153, 44, 24, 4, 112, 28,
       140, 73, 16, 114, 51, 188, 72, 86, 32, 248, 125, 255, 255, 252,
       54, 255, 253, 127, 253, 222, 252, 185, 127, 255, 253, 222, 251,
       245, 123, 111, 117, 127, 214, 119, 253, 255, 247, 189, 127, 222,
       126, 169, 214, 108, 85, 190, 214, 121, 249, 125, 122, 223, 187,
       63, 215, 181, 245, 110, 153, 173, 30, 5, 248, 29, 159, 77, 16,
       246, 123, 189, 91, 87, 42, 250, 61, 254, 255, 233, 62, 253, 189,
       125, 189, 254, 254, 253, 93, 61, 255, 239, 251, 252, 99, 107, 244,
       82, 254, 121, 125, 253, 181, 187, 125, 95, 127, 235, 213, 100,
       215, 186, 214, 122, 249, 125, 124, 93, 122, 47, 213, 151, 245,
       111, 153, 172, 30, 13, 242, 29, 159, 93, 56, 242, 59, 189, 219,
       223, 44, 250, 63, 52, 125, 138, 23, 95, 5, 127, 230, 70, 159, 52,
       125, 63, 189, 87, 251, 244, 67, 96, 241, 114, 209, 119, 92, 188,
       180, 9, 82, 152, 113, 233, 215, 36, 87, 190, 82, 120, 233, 124,
       112, 92, 56, 47, 212, 20, 245, 111, 153, 172, 24, 5, 240, 29, 156,
       73, 16, 242, 51, 189, 88, 87, 32, 250, 60, 253, 255, 255, 55, 253,
       253, 127, 255, 221, 255, 253, 255, 126, 253, 254, 255, 247, 123,
       107, 247, 127, 247, 247, 253, 255, 247, 255, 127, 223, 255, 235,
       223, 110, 119, 190, 214, 121, 249, 125, 120, 221, 251, 47, 213,
       181, 245, 111, 159, 172, 159, 13, 240, 29, 158, 93, 48, 246, 123,
       255, 251, 223, 45, 250, 61, 54, 253, 170, 54, 127, 161, 127, 228,
       212, 222, 52, 125, 63, 187, 100, 251, 244, 67, 96, 241, 98, 209,
       119, 93, 168, 164, 153, 122, 158, 115, 233, 213, 36, 87, 190, 82,
       122, 201, 124, 124, 93, 56, 175, 212, 48, 245, 111, 153, 172, 24,
       13, 240, 29, 156, 73, 48, 242, 51, 189, 88, 87, 40, 250, 62, 51,
       117, 174, 50, 127, 55, 111, 230, 68, 223, 52, 125, 62, 189, 86,
       251, 212, 67, 96, 241, 50, 209, 119, 92, 252, 180, 13, 82, 154,
       117, 233, 199, 36, 87, 190, 82, 120, 201, 124, 120, 93, 52, 47,
       213, 20, 245, 111, 153, 172, 152, 13, 242, 29, 156, 73, 16, 242,
       51, 189, 88, 87, 32, 250, 62, 179, 125, 254, 62, 189, 253, 121,
       247, 254, 245, 241, 253, 123, 188, 87, 242, 254, 67, 123, 245,
       114, 209, 247, 253, 186, 229, 219, 126, 221, 245, 235, 223, 108,
       215, 190, 223, 120, 249, 125, 124, 95, 123, 47, 212, 53, 247, 111,
       155, 172, 152, 13, 240, 29, 156, 93, 16, 242, 51, 189, 122, 215,
       40, 250, 62, 177, 253, 254, 54, 181, 253, 122, 247, 222, 213, 241,
       125, 126, 180, 86, 242, 222, 67, 115, 245, 118, 193, 247, 205,
       186, 228, 219, 90, 220, 245, 235, 215, 44, 87, 190, 219, 120, 233,
       125, 120, 93, 57, 47, 212, 53, 247, 111, 153, 172, 24, 5, 240, 29,
       156, 73, 16, 242, 51, 189, 88, 87, 32, 250, 6, 32, 65, 162, 25, 0,
       7, 72, 198, 66, 1, 48, 33, 2, 129, 81, 226, 212, 1, 96, 193, 0,
       128, 48, 76, 136, 168, 9, 210, 8, 49, 105, 80, 36, 84, 186, 66,
       112, 1, 84, 16, 64, 24, 14, 64, 20, 192, 76, 153, 44, 24, 4, 112,
       28, 156, 73, 16, 242, 51, 188, 88, 86, 32, 248, 191, 244, 125,
       175, 255, 189, 159, 25, 255, 127, 189, 250, 189, 123, 244, 85,
       242, 247, 4, 113, 229, 114, 147, 124, 237, 222, 241, 127, 126,
       123, 247, 123, 215, 108, 214, 190, 210, 121, 233, 117, 114, 223,
       124, 45, 213, 20, 244, 111, 153, 172, 24, 5, 248, 29, 156, 73, 24,
       242, 51, 189, 88, 95, 32, 251 ]
