%YAML:1.0
descriptors: !!opencv-matrix
   rows: 8
   cols: 64
   dt: u
   data: [ 44, 37, 101, 176, 16, 37, 33, 127, 196, 198, 194, 52, 81, 2,
       145, 70, 234, 84, 3, 96, 193, 32, 192, 51, 76, 136, 164, 9, 82,
       12, 49, 233, 212, 36, 85, 186, 82, 120, 1, 116, 112, 84, 24, 14,
       80, 20, 225, 110, 153, 172, 24, 5, 240, 29, 156, 73, 16, 242, 51,
       189, 88, 86, 32, 250, 39, 52, 64, 2, 21, 0, 13, 8, 130, 2, 17, 48,
       32, 11, 132, 85, 98, 212, 1, 96, 193, 34, 129, 100, 76, 128, 160,
       9, 18, 8, 33, 105, 212, 36, 20, 186, 66, 120, 1, 84, 0, 74, 24,
       11, 208, 16, 228, 76, 153, 172, 24, 5, 112, 24, 156, 73, 16, 242,
       51, 188, 88, 87, 32, 248, 4, 35, 33, 144, 16, 213, 40, 119, 0,
       206, 195, 20, 65, 4, 153, 66, 138, 76, 3, 98, 192, 32, 196, 147,
       77, 152, 132, 128, 64, 12, 49, 73, 87, 4, 85, 186, 80, 122, 193,
       84, 48, 84, 16, 46, 68, 4, 225, 110, 153, 172, 24, 5, 240, 29,
       156, 73, 0, 226, 51, 189, 72, 87, 32, 242, 12, 35, 225, 144, 16,
       69, 40, 103, 0, 198, 195, 20, 81, 132, 153, 66, 138, 76, 67, 98,
       129, 32, 196, 147, 13, 136, 132, 137, 64, 140, 48, 72, 86, 4, 85,
       186, 16, 122, 193, 84, 48, 80, 16, 46, 68, 4, 225, 110, 153, 172,
       24, 5, 240, 29, 156, 73, 0, 226, 51, 189, 72, 86, 32, 242, 4, 34,
       65, 160, 16, 98, 33, 94, 0, 66, 194, 52, 65, 130, 155, 227, 138,
       92, 1, 100, 0, 128, 140, 16, 12, 136, 8, 1, 210, 8, 48, 9, 112, 4,
       85, 186, 0, 114, 5, 20, 144, 64, 24, 6, 64, 6, 64, 192, 25, 44,
       112, 20, 81, 28, 133, 8, 144, 96, 33, 188, 72, 6, 32, 241, 39, 35,
       97, 130, 16, 4, 1, 78, 198, 70, 0, 20, 65, 15, 145, 70, 226, 212,
       1, 96, 64, 32, 192, 34, 76, 136, 164, 9, 18, 8, 48, 41, 80, 36,
       21, 186, 82, 112, 1, 84, 16, 64, 24, 14, 64, 20, 192, 76, 25, 44,
       24, 5, 112, 24, 156, 73, 16, 114, 51, 156, 88, 86, 32, 248, 7, 50,
       81, 162, 221, 128, 7, 72, 98, 0, 0, 114, 173, 11, 128, 81, 98,
       212, 5, 96, 193, 0, 136, 96, 12, 152, 40, 9, 146, 8, 49, 105, 84,
       36, 84, 154, 66, 112, 1, 212, 64, 66, 24, 11, 64, 20, 192, 69,
       153, 36, 24, 4, 96, 24, 140, 73, 16, 242, 51, 188, 88, 87, 32,
       249, 76, 33, 241, 176, 16, 38, 32, 79, 132, 64, 128, 48, 81, 130,
       179, 71, 226, 212, 3, 100, 65, 128, 228, 50, 12, 136, 172, 9, 210,
       12, 48, 40, 112, 36, 84, 186, 82, 112, 1, 212, 80, 64, 24, 14,
       192, 20, 192, 76, 153, 44, 24, 5, 112, 28, 156, 73, 16, 242, 51,
       188, 88, 86, 32, 249 ]
