%YAML:1.0
descriptors: !!opencv-matrix
   rows: 8
   cols: 64
   dt: u
   data: [ 61, 253, 255, 252, 54, 255, 253, 127, 255, 220, 252, 249, 127,
       253, 253, 254, 251, 244, 99, 107, 246, 126, 208, 247, 253, 255,
       247, 189, 127, 222, 126, 233, 223, 110, 87, 190, 214, 120, 249,
       125, 124, 221, 187, 175, 213, 181, 245, 111, 185, 172, 153, 13,
       240, 29, 158, 93, 56, 242, 123, 191, 123, 223, 44, 250, 45, 39,
       109, 168, 19, 189, 39, 121, 164, 68, 199, 48, 125, 126, 188, 69,
       235, 244, 3, 96, 241, 32, 208, 114, 76, 188, 160, 9, 114, 12, 49,
       105, 214, 36, 85, 186, 66, 120, 201, 116, 112, 93, 56, 47, 212,
       20, 245, 110, 153, 172, 24, 5, 240, 29, 156, 73, 16, 242, 51, 189,
       88, 87, 32, 250, 45, 54, 117, 162, 21, 189, 39, 124, 228, 86, 194,
       48, 109, 63, 188, 69, 234, 244, 67, 96, 241, 98, 209, 118, 92,
       184, 164, 9, 122, 28, 113, 233, 213, 36, 87, 186, 82, 120, 137,
       124, 116, 92, 24, 175, 212, 16, 244, 79, 153, 172, 24, 4, 240, 29,
       156, 73, 24, 242, 51, 189, 88, 87, 32, 250, 62, 181, 253, 254, 55,
       125, 249, 127, 247, 254, 215, 181, 125, 126, 189, 214, 251, 222,
       67, 243, 245, 114, 209, 247, 221, 171, 228, 219, 122, 221, 245,
       235, 207, 44, 87, 190, 223, 122, 233, 125, 120, 93, 59, 47, 212,
       53, 247, 111, 153, 172, 24, 13, 240, 29, 156, 73, 16, 242, 51,
       189, 90, 87, 40, 250, 63, 178, 125, 166, 63, 189, 185, 124, 244,
       252, 214, 117, 253, 63, 185, 85, 250, 254, 67, 115, 245, 98, 211,
       119, 205, 168, 228, 219, 126, 93, 241, 235, 215, 44, 87, 190, 87,
       122, 233, 116, 124, 92, 58, 47, 212, 21, 247, 111, 153, 172, 24,
       5, 240, 29, 156, 73, 16, 242, 51, 189, 90, 87, 32, 250, 5, 35, 81,
       128, 16, 2, 35, 78, 128, 4, 130, 52, 65, 7, 129, 66, 226, 84, 3,
       100, 65, 160, 128, 50, 76, 136, 168, 9, 18, 12, 48, 9, 80, 36, 85,
       186, 0, 114, 1, 84, 16, 64, 24, 14, 68, 20, 192, 76, 153, 44, 24,
       4, 112, 28, 156, 73, 16, 242, 35, 188, 72, 70, 32, 248, 119, 51,
       113, 146, 149, 132, 3, 72, 198, 70, 17, 50, 165, 202, 144, 86,
       226, 212, 1, 100, 73, 160, 128, 54, 76, 136, 160, 9, 146, 8, 48,
       41, 82, 36, 84, 186, 66, 120, 1, 212, 144, 64, 24, 14, 192, 20,
       192, 78, 153, 44, 24, 5, 112, 28, 156, 73, 16, 242, 51, 188, 88,
       86, 32, 249, 124, 43, 255, 252, 50, 127, 113, 255, 245, 252, 214,
       181, 95, 247, 187, 238, 235, 220, 227, 111, 117, 229, 196, 179,
       93, 235, 180, 153, 105, 204, 58, 235, 215, 36, 85, 186, 86, 122,
       201, 124, 248, 93, 56, 46, 213, 183, 227, 110, 153, 172, 24, 5,
       240, 29, 157, 73, 16, 242, 51, 189, 88, 87, 34, 250 ]
