%YAML:1.0
descriptors: !!opencv-matrix
   rows: 23
   cols: 64
   dt: u
   data: [ 23, 34, 81, 130, 217, 128, 7, 72, 66, 0, 130, 114, 225, 7,
       128, 80, 226, 212, 5, 96, 193, 0, 136, 112, 76, 152, 40, 9, 210,
       8, 49, 105, 84, 36, 84, 186, 66, 112, 1, 84, 80, 64, 24, 14, 64,
       20, 192, 77, 153, 44, 24, 4, 112, 28, 140, 73, 16, 242, 51, 188,
       88, 87, 32, 248, 7, 34, 65, 130, 217, 128, 7, 72, 2, 0, 2, 50,
       161, 11, 128, 81, 98, 84, 1, 96, 65, 0, 136, 96, 14, 136, 40, 9,
       146, 8, 1, 9, 80, 36, 84, 154, 64, 112, 1, 212, 0, 64, 24, 10, 64,
       4, 192, 69, 0, 36, 16, 4, 96, 24, 140, 73, 16, 112, 35, 156, 72,
       70, 32, 248, 3, 199, 8, 156, 47, 153, 156, 0, 43, 226, 5, 200,
       152, 120, 44, 1, 140, 244, 32, 243, 198, 116, 82, 115, 69, 151,
       129, 62, 50, 34, 21, 67, 151, 52, 211, 40, 82, 104, 232, 99, 112,
       31, 56, 45, 212, 84, 245, 111, 153, 172, 24, 5, 242, 29, 156, 73,
       17, 243, 51, 189, 80, 83, 32, 250, 58, 177, 221, 214, 54, 53, 216,
       50, 215, 156, 85, 241, 127, 114, 20, 82, 116, 210, 102, 187, 247,
       124, 193, 215, 169, 50, 231, 216, 110, 248, 212, 232, 222, 60,
       164, 180, 223, 88, 218, 253, 88, 221, 183, 111, 176, 52, 183, 111,
       187, 174, 137, 207, 248, 13, 26, 93, 39, 243, 119, 219, 123, 187,
       237, 219, 197, 13, 131, 85, 209, 66, 79, 222, 170, 229, 1, 203,
       131, 201, 134, 143, 11, 85, 60, 47, 14, 141, 238, 43, 79, 215,
       155, 39, 145, 9, 2, 15, 211, 167, 52, 91, 0, 253, 119, 150, 81,
       234, 168, 247, 171, 24, 125, 179, 69, 128, 118, 244, 1, 250, 180,
       174, 209, 108, 96, 95, 76, 101, 145, 254, 195, 6, 0, 3, 205, 128,
       134, 136, 44, 43, 2, 75, 160, 73, 2, 5, 68, 37, 25, 16, 200, 7,
       26, 104, 66, 208, 24, 38, 146, 1, 35, 71, 87, 165, 90, 49, 49,
       169, 45, 34, 65, 68, 8, 137, 65, 88, 252, 145, 24, 76, 24, 32,
       213, 224, 140, 171, 16, 56, 182, 180, 128, 87, 48, 120, 16, 17,
       181, 212, 34, 7, 89, 111, 134, 68, 1, 4, 85, 228, 177, 86, 246,
       214, 66, 102, 22, 40, 192, 131, 156, 138, 166, 88, 0, 168, 116,
       40, 194, 54, 87, 190, 130, 104, 210, 85, 48, 72, 149, 79, 244, 20,
       229, 78, 153, 172, 24, 71, 114, 28, 156, 73, 17, 242, 115, 187,
       88, 86, 33, 250, 67, 2, 0, 35, 201, 136, 166, 8, 40, 59, 2, 79,
       128, 5, 11, 1, 76, 9, 129, 0, 200, 39, 138, 120, 64, 220, 56, 38,
       146, 3, 35, 70, 87, 161, 89, 49, 113, 168, 172, 34, 96, 84, 8,
       137, 213, 16, 252, 81, 153, 204, 24, 1, 245, 13, 156, 233, 16,
       242, 179, 189, 64, 87, 48, 254, 230, 41, 235, 213, 48, 70, 217,
       207, 134, 231, 129, 182, 67, 198, 147, 110, 11, 69, 50, 111, 14,
       175, 246, 3, 31, 195, 182, 13, 3, 184, 50, 26, 98, 55, 39, 219,
       146, 60, 211, 86, 0, 104, 177, 232, 187, 92, 129, 190, 89, 172,
       50, 211, 17, 88, 180, 82, 145, 122, 113, 95, 108, 116, 185, 242,
       0, 2, 128, 176, 8, 0, 36, 71, 0, 162, 3, 4, 0, 165, 11, 2, 8, 72,
       1, 98, 200, 160, 202, 19, 76, 136, 128, 2, 0, 0, 33, 66, 87, 36,
       81, 170, 17, 104, 225, 66, 32, 116, 24, 46, 68, 20, 193, 107, 25,
       172, 24, 5, 240, 29, 156, 8, 16, 226, 51, 189, 72, 86, 32, 250,
       68, 2, 129, 128, 0, 2, 0, 71, 0, 66, 3, 4, 16, 132, 147, 2, 2, 84,
       1, 68, 0, 128, 196, 1, 12, 128, 8, 1, 2, 8, 16, 8, 96, 4, 85, 154,
       0, 96, 5, 4, 32, 96, 16, 8, 68, 28, 64, 128, 17, 44, 16, 4, 17,
       24, 132, 8, 144, 96, 33, 188, 72, 70, 32, 240, 68, 35, 65, 160,
       80, 2, 32, 206, 0, 2, 131, 52, 65, 128, 155, 66, 194, 84, 3, 100,
       9, 128, 132, 0, 14, 136, 168, 9, 146, 12, 48, 24, 112, 36, 84,
       155, 0, 118, 5, 212, 128, 64, 16, 10, 64, 14, 64, 140, 8, 44, 80,
       4, 1, 26, 133, 9, 128, 96, 33, 188, 76, 6, 32, 176, 61, 63, 247,
       84, 61, 55, 121, 122, 244, 188, 212, 243, 111, 219, 132, 79, 178,
       237, 239, 123, 247, 111, 209, 255, 135, 42, 230, 151, 124, 93,
       101, 239, 223, 106, 182, 190, 222, 188, 251, 245, 92, 252, 187,
       175, 235, 97, 247, 111, 184, 182, 152, 75, 240, 60, 158, 77, 54,
       246, 247, 159, 250, 247, 165, 222, 120, 61, 255, 223, 118, 231,
       127, 255, 214, 254, 89, 155, 255, 204, 147, 94, 255, 215, 123,
       103, 126, 191, 199, 183, 158, 255, 247, 236, 83, 216, 246, 186,
       227, 47, 5, 191, 222, 124, 243, 125, 120, 78, 183, 46, 223, 52,
       133, 110, 191, 172, 25, 197, 242, 28, 156, 81, 64, 242, 123, 251,
       123, 86, 41, 242, 83, 17, 154, 150, 99, 67, 222, 166, 22, 224, 23,
       7, 28, 252, 43, 18, 125, 211, 32, 231, 196, 165, 199, 35, 137, 95,
       240, 108, 80, 2, 210, 99, 215, 36, 81, 184, 83, 72, 232, 64, 112,
       92, 56, 47, 197, 20, 245, 111, 153, 168, 24, 5, 240, 29, 156, 73,
       17, 114, 51, 189, 88, 23, 0, 250, 36, 33, 97, 160, 16, 4, 33, 111,
       196, 70, 209, 52, 81, 6, 145, 66, 234, 84, 3, 96, 193, 32, 192,
       51, 76, 136, 164, 9, 82, 8, 48, 105, 84, 36, 85, 186, 82, 120, 1,
       84, 48, 64, 24, 14, 68, 20, 192, 78, 153, 44, 24, 5, 240, 28, 156,
       73, 16, 242, 51, 188, 88, 86, 32, 250, 5, 6, 5, 8, 0, 68, 36, 119,
       1, 134, 2, 4, 64, 37, 9, 130, 137, 72, 129, 32, 0, 64, 76, 129,
       72, 1, 4, 128, 32, 4, 24, 64, 84, 16, 65, 40, 0, 130, 0, 0, 36,
       48, 24, 166, 36, 160, 64, 192, 18, 8, 109, 52, 19, 89, 1, 8, 141,
       64, 3, 224, 64, 66, 65, 98, 7, 1, 1, 0, 17, 0, 5, 78, 0, 2, 1, 0,
       0, 9, 128, 3, 2, 68, 1, 64, 0, 32, 192, 2, 76, 136, 128, 9, 18, 8,
       32, 73, 80, 36, 84, 186, 0, 104, 1, 68, 0, 64, 24, 11, 64, 16,
       228, 76, 24, 44, 24, 4, 112, 24, 156, 0, 16, 34, 51, 188, 72, 86,
       32, 248, 0, 14, 4, 128, 8, 221, 128, 69, 45, 116, 10, 5, 16, 61,
       121, 164, 128, 88, 129, 32, 212, 0, 156, 112, 89, 0, 8, 0, 40,
       194, 27, 83, 245, 32, 83, 160, 80, 82, 137, 40, 212, 21, 24, 6,
       68, 134, 224, 105, 153, 44, 24, 4, 178, 29, 141, 8, 16, 98, 35,
       188, 72, 86, 34, 248, 5, 6, 69, 0, 28, 160, 39, 80, 32, 92, 0, 1,
       8, 41, 132, 1, 66, 108, 129, 96, 224, 64, 136, 112, 76, 184, 8, 0,
       120, 0, 33, 73, 84, 96, 20, 184, 80, 112, 1, 36, 84, 66, 26, 15,
       64, 0, 196, 77, 24, 36, 24, 4, 224, 24, 142, 9, 24, 162, 51, 156,
       72, 87, 36, 249, 130, 193, 8, 158, 34, 0, 28, 6, 35, 2, 61, 192,
       24, 33, 36, 26, 164, 18, 4, 241, 2, 160, 96, 34, 88, 131, 160, 88,
       3, 168, 152, 97, 144, 52, 64, 170, 74, 72, 130, 232, 66, 90, 56,
       41, 144, 20, 229, 78, 145, 172, 24, 5, 112, 25, 148, 73, 16, 243,
       51, 188, 88, 86, 34, 233, 76, 35, 229, 176, 16, 165, 33, 119, 132,
       228, 194, 52, 81, 134, 155, 66, 234, 92, 3, 96, 201, 33, 194, 51,
       76, 136, 164, 13, 82, 12, 48, 73, 87, 36, 85, 186, 80, 122, 1, 84,
       208, 84, 24, 14, 68, 20, 225, 110, 153, 44, 24, 5, 240, 29, 156,
       73, 16, 242, 51, 189, 88, 86, 32, 250, 7, 36, 81, 162, 17, 0, 1,
       72, 130, 66, 1, 52, 33, 11, 129, 81, 226, 84, 1, 96, 65, 0, 128,
       32, 76, 136, 160, 9, 18, 8, 33, 9, 80, 36, 20, 186, 0, 112, 1, 84,
       0, 64, 24, 10, 64, 20, 192, 76, 25, 36, 16, 4, 96, 24, 140, 73,
       16, 114, 51, 156, 88, 70, 32, 240 ]
