%YAML:1.0
descriptors: !!opencv-matrix
   rows: 12
   cols: 64
   dt: u
   data: [ 62, 253, 255, 254, 63, 253, 221, 91, 247, 254, 213, 249, 255,
       122, 180, 95, 251, 245, 98, 123, 247, 126, 210, 127, 253, 255,
       247, 63, 127, 251, 117, 235, 199, 108, 151, 190, 218, 120, 251,
       125, 112, 223, 255, 239, 247, 20, 245, 111, 153, 174, 24, 15, 240,
       29, 156, 93, 24, 242, 115, 191, 123, 223, 40, 250, 62, 182, 109,
       168, 54, 253, 33, 127, 245, 94, 214, 180, 125, 63, 189, 198, 251,
       244, 67, 112, 241, 114, 209, 247, 93, 184, 164, 157, 122, 222,
       113, 233, 221, 44, 87, 190, 90, 122, 201, 124, 124, 93, 56, 175,
       212, 53, 245, 110, 153, 172, 24, 13, 240, 29, 156, 73, 16, 242,
       51, 189, 90, 87, 40, 250, 61, 190, 239, 235, 191, 253, 165, 125,
       253, 253, 254, 253, 255, 63, 253, 237, 251, 245, 235, 105, 245,
       87, 219, 125, 125, 253, 61, 183, 127, 223, 123, 239, 221, 108,
       215, 190, 214, 123, 233, 124, 125, 93, 122, 191, 213, 163, 116,
       103, 185, 189, 157, 13, 240, 29, 158, 93, 48, 246, 51, 189, 218,
       223, 44, 254, 60, 182, 109, 168, 54, 253, 49, 127, 245, 94, 214,
       181, 125, 63, 189, 70, 251, 252, 67, 96, 241, 114, 209, 247, 93,
       188, 164, 153, 122, 222, 113, 233, 221, 44, 87, 190, 90, 120, 233,
       124, 124, 93, 56, 175, 212, 53, 247, 111, 153, 172, 24, 13, 240,
       29, 156, 89, 24, 242, 51, 189, 90, 87, 40, 250, 60, 249, 255, 255,
       54, 253, 255, 121, 255, 221, 223, 253, 255, 126, 253, 252, 255,
       223, 99, 107, 247, 127, 211, 247, 253, 255, 247, 255, 127, 223,
       247, 235, 223, 108, 87, 190, 223, 121, 249, 125, 120, 93, 255, 47,
       245, 53, 247, 111, 187, 172, 153, 15, 242, 29, 156, 93, 48, 242,
       115, 191, 123, 95, 40, 250, 60, 180, 253, 138, 54, 253, 181, 127,
       247, 84, 222, 116, 125, 62, 187, 68, 251, 244, 67, 96, 241, 114,
       211, 247, 221, 189, 180, 137, 122, 220, 117, 233, 205, 44, 87,
       190, 82, 120, 233, 124, 120, 93, 52, 47, 212, 52, 245, 111, 153,
       172, 152, 13, 242, 29, 156, 89, 48, 242, 51, 189, 90, 215, 40,
       250, 62, 177, 125, 254, 54, 181, 253, 123, 247, 254, 245, 241,
       253, 122, 180, 86, 246, 254, 67, 107, 245, 118, 209, 119, 253,
       170, 230, 219, 122, 221, 245, 235, 215, 44, 86, 190, 223, 120,
       249, 125, 120, 95, 63, 47, 212, 53, 247, 111, 153, 172, 24, 5,
       240, 29, 156, 93, 16, 242, 51, 189, 123, 87, 32, 251, 63, 182,
       125, 174, 63, 189, 185, 121, 246, 126, 214, 245, 253, 123, 188,
       85, 254, 254, 67, 243, 245, 98, 209, 246, 221, 186, 228, 219, 126,
       92, 245, 235, 223, 44, 87, 190, 219, 120, 233, 125, 124, 92, 58,
       175, 212, 53, 247, 111, 153, 172, 24, 5, 240, 29, 156, 73, 16,
       242, 51, 189, 90, 87, 32, 250, 5, 33, 225, 176, 16, 2, 33, 78,
       132, 102, 131, 52, 65, 139, 147, 66, 226, 84, 1, 96, 65, 160, 192,
       51, 76, 136, 160, 9, 82, 8, 48, 73, 112, 36, 85, 186, 18, 112, 1,
       84, 144, 64, 24, 14, 64, 20, 193, 78, 153, 44, 24, 5, 112, 28,
       156, 73, 16, 242, 51, 188, 72, 86, 32, 240, 60, 189, 253, 254,
       118, 191, 125, 123, 246, 84, 213, 241, 127, 254, 188, 92, 254,
       247, 99, 118, 247, 63, 209, 247, 222, 254, 231, 221, 114, 222,
       244, 233, 206, 46, 87, 190, 218, 120, 251, 125, 120, 125, 189,
       111, 213, 53, 245, 111, 153, 172, 153, 77, 240, 29, 156, 73, 49,
       242, 115, 191, 120, 119, 161, 250, 191, 244, 124, 174, 255, 185,
       159, 24, 254, 127, 189, 250, 189, 123, 228, 85, 242, 247, 7, 240,
       225, 114, 145, 124, 228, 190, 225, 123, 254, 123, 245, 107, 215,
       108, 222, 190, 218, 121, 169, 245, 210, 223, 90, 15, 208, 23, 244,
       79, 153, 191, 24, 5, 248, 29, 159, 73, 16, 242, 51, 188, 88, 95,
       38, 249, 183, 54, 117, 34, 223, 176, 135, 88, 230, 127, 146, 115,
       237, 11, 128, 85, 242, 245, 7, 112, 225, 2, 147, 116, 68, 220,
       249, 43, 210, 30, 99, 107, 85, 44, 84, 190, 82, 120, 169, 116,
       112, 84, 24, 143, 209, 1, 244, 77, 152, 172, 24, 5, 240, 29, 156,
       73, 16, 242, 51, 188, 88, 87, 32, 248 ]
