%YAML:1.0
descriptors: !!opencv-matrix
   rows: 8
   cols: 64
   dt: u
   data: [ 3, 16, 80, 130, 157, 128, 7, 72, 134, 0, 1, 112, 161, 11, 128,
       85, 226, 212, 5, 64, 193, 34, 129, 100, 76, 152, 160, 9, 18, 8,
       33, 105, 84, 36, 84, 186, 66, 112, 1, 84, 64, 64, 24, 11, 192, 16,
       244, 77, 153, 164, 24, 4, 112, 24, 156, 73, 16, 114, 51, 188, 88,
       87, 32, 248, 39, 35, 97, 160, 16, 6, 5, 78, 230, 70, 128, 52, 97,
       143, 145, 87, 226, 212, 3, 100, 65, 128, 128, 52, 78, 136, 172, 9,
       210, 8, 48, 41, 112, 36, 85, 186, 66, 112, 1, 84, 16, 64, 24, 14,
       68, 20, 192, 76, 153, 44, 24, 4, 112, 28, 132, 73, 16, 242, 35,
       156, 88, 86, 32, 248, 60, 33, 241, 144, 16, 101, 33, 127, 196,
       196, 194, 53, 81, 134, 185, 70, 234, 212, 3, 100, 65, 32, 196, 51,
       12, 136, 164, 9, 82, 8, 48, 41, 112, 36, 85, 186, 82, 122, 1, 84,
       48, 84, 24, 14, 68, 20, 193, 110, 153, 44, 24, 5, 240, 29, 156,
       73, 16, 242, 51, 188, 88, 70, 32, 250, 4, 35, 161, 144, 16, 69,
       32, 103, 0, 130, 195, 20, 81, 132, 153, 66, 138, 76, 3, 102, 2,
       160, 196, 147, 13, 136, 132, 129, 64, 12, 48, 8, 112, 4, 85, 170,
       16, 122, 1, 84, 144, 112, 16, 14, 70, 132, 65, 110, 25, 44, 56, 5,
       112, 29, 148, 8, 0, 98, 3, 185, 72, 6, 32, 242, 5, 36, 65, 2, 153,
       128, 5, 72, 128, 0, 0, 48, 32, 11, 128, 65, 66, 84, 1, 64, 192, 0,
       136, 96, 4, 128, 0, 9, 18, 8, 1, 73, 84, 36, 20, 186, 0, 112, 1,
       84, 0, 64, 24, 11, 64, 16, 68, 68, 17, 36, 24, 4, 96, 24, 140, 9,
       16, 98, 35, 156, 72, 87, 32, 248, 37, 54, 113, 162, 25, 164, 33,
       88, 228, 70, 194, 48, 97, 11, 144, 85, 226, 212, 3, 96, 193, 34,
       129, 116, 76, 136, 160, 9, 82, 8, 49, 105, 84, 36, 84, 186, 82,
       112, 1, 84, 80, 80, 24, 15, 192, 20, 228, 76, 153, 172, 24, 4,
       240, 29, 156, 73, 16, 242, 51, 188, 88, 87, 32, 248, 54, 50, 113,
       160, 145, 164, 33, 73, 198, 70, 129, 52, 97, 11, 145, 87, 226,
       212, 3, 96, 73, 128, 128, 48, 76, 136, 168, 9, 210, 8, 49, 57,
       112, 36, 84, 186, 66, 112, 1, 84, 16, 64, 24, 14, 192, 20, 192,
       76, 153, 44, 16, 5, 112, 28, 148, 73, 16, 242, 51, 156, 88, 86,
       32, 248, 4, 33, 195, 176, 16, 2, 40, 79, 0, 194, 129, 52, 65, 131,
       147, 66, 138, 68, 1, 102, 2, 160, 196, 19, 76, 136, 162, 9, 82, 8,
       48, 9, 112, 36, 21, 186, 0, 124, 1, 84, 0, 64, 24, 10, 66, 20, 65,
       78, 25, 44, 24, 5, 112, 24, 148, 72, 144, 226, 33, 156, 72, 70,
       32, 242 ]
