%YAML:1.0
descriptors: !!opencv-matrix
   rows: 64
   cols: 64
   dt: u
   data: [ 118, 48, 243, 177, 219, 6, 11, 207, 198, 102, 129, 54, 241,
       202, 179, 86, 234, 213, 35, 100, 201, 135, 194, 117, 78, 216, 188,
       45, 210, 12, 50, 107, 87, 36, 85, 186, 82, 120, 97, 84, 112, 64,
       24, 14, 213, 20, 225, 77, 153, 172, 24, 5, 240, 28, 156, 73, 16,
       242, 51, 189, 88, 87, 32, 250, 127, 244, 125, 238, 255, 191, 223,
       120, 255, 93, 213, 251, 191, 127, 244, 93, 250, 247, 63, 119, 229,
       119, 195, 119, 237, 254, 253, 63, 126, 91, 117, 235, 215, 108, 85,
       190, 82, 121, 233, 117, 112, 223, 56, 47, 213, 20, 245, 111, 157,
       172, 24, 5, 240, 29, 156, 73, 16, 246, 51, 189, 88, 87, 32, 250,
       85, 179, 211, 214, 124, 178, 199, 90, 226, 20, 4, 113, 199, 211,
       129, 89, 98, 197, 184, 46, 199, 45, 128, 115, 142, 210, 2, 15, 54,
       40, 16, 75, 151, 103, 212, 155, 112, 120, 87, 117, 69, 122, 154,
       70, 233, 136, 209, 207, 88, 189, 9, 213, 113, 112, 158, 203, 65,
       126, 82, 143, 88, 117, 181, 249, 210, 218, 222, 65, 237, 210, 218,
       128, 58, 187, 2, 79, 142, 245, 99, 25, 124, 211, 189, 174, 206,
       141, 175, 121, 230, 214, 123, 111, 222, 79, 243, 54, 119, 227, 93,
       85, 114, 245, 255, 118, 81, 68, 202, 94, 203, 140, 217, 177, 205,
       221, 28, 245, 221, 231, 140, 235, 211, 92, 176, 15, 212, 61, 145,
       182, 84, 35, 146, 210, 72, 130, 194, 39, 66, 184, 82, 21, 0, 194,
       129, 16, 98, 131, 25, 134, 199, 45, 195, 195, 138, 74, 170, 13, 2,
       12, 160, 66, 119, 39, 85, 179, 93, 56, 71, 84, 224, 116, 144, 78,
       65, 12, 131, 207, 153, 44, 24, 65, 241, 92, 28, 203, 71, 122, 19,
       177, 88, 119, 177, 232, 122, 24, 154, 155, 203, 151, 90, 37, 31,
       226, 21, 140, 189, 170, 63, 126, 246, 147, 88, 246, 138, 215, 203,
       45, 57, 192, 232, 78, 83, 249, 221, 107, 243, 165, 23, 127, 66,
       111, 166, 90, 146, 203, 69, 8, 19, 28, 65, 183, 215, 72, 26, 133,
       63, 121, 180, 251, 80, 254, 57, 248, 89, 24, 26, 247, 212, 58,
       211, 155, 216, 202, 174, 200, 74, 163, 11, 62, 226, 199, 203, 58,
       235, 197, 185, 70, 207, 133, 75, 201, 207, 221, 187, 175, 130, 11,
       35, 30, 87, 135, 85, 187, 16, 189, 237, 86, 32, 92, 40, 55, 125,
       24, 253, 177, 220, 236, 40, 243, 213, 255, 28, 235, 68, 252, 145,
       45, 92, 85, 113, 118, 124, 59, 247, 245, 126, 247, 251, 255, 221,
       190, 210, 53, 103, 206, 155, 206, 250, 221, 251, 111, 253, 159,
       206, 191, 159, 250, 254, 159, 90, 221, 118, 254, 107, 15, 237,
       191, 148, 191, 245, 117, 220, 68, 247, 190, 239, 173, 11, 255,
       190, 44, 127, 243, 227, 191, 156, 85, 196, 190, 127, 251, 255,
       135, 57, 182, 122, 186, 251, 239, 254, 245, 250, 245, 218, 187,
       82, 125, 229, 6, 219, 240, 122, 199, 154, 42, 205, 41, 79, 221,
       173, 200, 110, 191, 78, 109, 183, 254, 119, 229, 253, 87, 126,
       255, 255, 55, 209, 76, 195, 94, 171, 142, 217, 51, 255, 93, 126,
       247, 181, 165, 61, 239, 198, 126, 158, 207, 223, 15, 115, 183,
       198, 41, 131, 115, 200, 130, 102, 135, 200, 35, 0, 10, 194, 194,
       19, 11, 76, 11, 123, 214, 79, 143, 91, 207, 130, 82, 158, 238,
       128, 132, 162, 134, 15, 143, 195, 111, 9, 141, 119, 66, 40, 32,
       160, 233, 93, 121, 191, 179, 92, 204, 136, 240, 213, 251, 88, 243,
       65, 188, 209, 51, 12, 113, 209, 78, 229, 45, 194, 86, 209, 162,
       103, 26, 32, 101, 128, 123, 162, 207, 134, 15, 10, 41, 185, 215,
       127, 175, 83, 103, 18, 126, 155, 39, 144, 24, 2, 5, 143, 47, 38,
       179, 1, 12, 119, 12, 109, 32, 186, 227, 205, 121, 63, 179, 116,
       166, 24, 248, 193, 250, 24, 162, 107, 45, 85, 19, 10, 117, 149,
       74, 211, 222, 146, 45, 232, 146, 190, 193, 123, 251, 0, 203, 198,
       37, 47, 25, 255, 171, 185, 32, 200, 69, 91, 88, 247, 221, 123,
       255, 206, 39, 227, 103, 215, 209, 95, 5, 49, 173, 236, 98, 101,
       78, 106, 185, 247, 88, 255, 49, 221, 220, 24, 55, 229, 229, 156,
       235, 86, 223, 150, 165, 214, 83, 80, 230, 69, 199, 208, 122, 217,
       170, 38, 2, 32, 104, 8, 105, 160, 79, 172, 9, 227, 43, 161, 214,
       199, 45, 27, 99, 66, 94, 67, 39, 18, 8, 161, 71, 159, 39, 85, 178,
       49, 88, 255, 100, 100, 126, 26, 227, 213, 81, 247, 79, 152, 236,
       24, 4, 245, 13, 152, 201, 27, 186, 23, 183, 24, 115, 183, 74, 106,
       197, 76, 154, 87, 31, 70, 11, 103, 66, 61, 184, 61, 111, 124, 93,
       211, 51, 64, 180, 215, 115, 145, 103, 80, 84, 193, 29, 59, 248,
       221, 193, 158, 110, 199, 150, 235, 88, 215, 124, 38, 255, 28, 105,
       85, 223, 247, 78, 149, 166, 152, 12, 34, 1, 219, 159, 58, 167,
       126, 183, 27, 235, 190, 65, 83, 16, 147, 119, 239, 192, 219, 172,
       218, 185, 215, 125, 178, 194, 3, 48, 118, 151, 24, 18, 206, 43,
       239, 13, 174, 138, 234, 47, 210, 41, 229, 110, 119, 165, 60, 127,
       118, 247, 226, 215, 209, 76, 193, 74, 233, 14, 137, 27, 205, 198,
       91, 133, 244, 146, 156, 227, 209, 114, 190, 185, 184, 4, 176, 245,
       143, 103, 113, 248, 152, 108, 39, 73, 41, 66, 171, 10, 208, 101,
       236, 209, 235, 204, 37, 96, 14, 168, 24, 122, 68, 223, 51, 233,
       130, 6, 51, 25, 82, 6, 93, 154, 0, 112, 105, 70, 36, 112, 56, 121,
       84, 23, 244, 23, 136, 165, 16, 36, 98, 31, 135, 41, 128, 240, 1,
       189, 92, 87, 33, 48, 65, 175, 211, 154, 64, 74, 34, 79, 67, 64,
       46, 148, 48, 247, 205, 186, 195, 3, 169, 38, 70, 37, 64, 67, 95,
       197, 9, 45, 2, 10, 10, 9, 150, 7, 85, 186, 48, 88, 239, 124, 34,
       116, 56, 97, 53, 30, 117, 238, 209, 172, 41, 20, 177, 29, 12, 203,
       16, 106, 2, 173, 88, 69, 49, 250, 197, 4, 146, 48, 73, 98, 38,
       246, 0, 168, 202, 37, 2, 135, 131, 34, 107, 9, 129, 64, 201, 141,
       108, 139, 2, 72, 24, 198, 128, 4, 163, 70, 121, 131, 117, 33, 53,
       134, 5, 198, 64, 4, 10, 2, 77, 1, 3, 193, 8, 100, 120, 180, 213,
       126, 8, 128, 198, 8, 135, 160, 12, 38, 1, 68, 135, 1, 0, 50, 29,
       0, 66, 76, 0, 3, 163, 112, 32, 66, 128, 81, 2, 20, 5, 83, 194, 40,
       160, 66, 4, 138, 2, 11, 146, 40, 33, 73, 54, 166, 28, 154, 34,
       114, 3, 148, 194, 98, 24, 72, 192, 23, 193, 78, 81, 36, 16, 4, 96,
       16, 229, 33, 144, 50, 35, 186, 8, 22, 179, 121, 94, 49, 147, 247,
       46, 161, 120, 131, 80, 186, 81, 145, 211, 194, 49, 82, 52, 222,
       128, 203, 142, 188, 198, 27, 141, 138, 226, 223, 66, 225, 181,
       254, 99, 176, 60, 53, 255, 236, 242, 247, 200, 110, 231, 104, 234,
       21, 131, 123, 219, 234, 56, 199, 230, 28, 61, 104, 135, 179, 219,
       219, 253, 38, 195, 183, 64, 2, 147, 1, 8, 82, 160, 246, 16, 186,
       66, 71, 66, 145, 3, 34, 68, 201, 129, 43, 192, 5, 78, 217, 73, 8,
       44, 198, 0, 4, 51, 70, 117, 0, 81, 32, 53, 170, 45, 224, 208, 20,
       26, 6, 67, 4, 67, 233, 153, 104, 56, 21, 244, 93, 156, 72, 6, 216,
       3, 148, 64, 82, 64, 250, 67, 1, 128, 38, 65, 66, 2, 14, 130, 0,
       22, 53, 32, 6, 0, 16, 107, 6, 0, 20, 64, 11, 193, 5, 4, 152, 72,
       13, 18, 40, 0, 12, 20, 37, 33, 178, 34, 0, 5, 84, 1, 192, 16, 10,
       13, 24, 44, 76, 65, 36, 89, 0, 176, 2, 52, 131, 0, 34, 38, 184, 8,
       5, 48, 74, 254, 185, 255, 247, 255, 231, 219, 251, 223, 253, 215,
       255, 255, 222, 208, 94, 250, 213, 127, 127, 191, 63, 235, 127,
       191, 254, 255, 63, 86, 251, 119, 255, 199, 175, 116, 191, 222,
       127, 255, 247, 89, 93, 231, 110, 203, 60, 189, 183, 255, 172, 153,
       141, 251, 189, 156, 247, 64, 254, 243, 251, 251, 29, 176, 254, 82,
       141, 158, 219, 233, 218, 210, 5, 62, 113, 5, 200, 158, 241, 4,
       156, 93, 131, 248, 151, 222, 111, 255, 99, 115, 67, 194, 126, 41,
       177, 129, 102, 159, 147, 67, 37, 243, 129, 254, 106, 240, 61, 169,
       197, 177, 88, 249, 163, 215, 202, 139, 249, 181, 105, 216, 251,
       123, 95, 246, 183, 178, 241, 217, 207, 170, 200, 108, 218, 39, 95,
       93, 3, 63, 231, 61, 206, 159, 62, 124, 110, 153, 243, 116, 249,
       150, 118, 209, 119, 121, 247, 149, 58, 127, 251, 31, 233, 211,
