%YAML:1.0
descriptors: !!opencv-matrix
   rows: 2
   cols: 64
   dt: u
   data: [ 39, 39, 97, 130, 17, 6, 7, 72, 230, 70, 130, 48, 97, 11, 144,
       85, 226, 212, 3, 100, 65, 34, 193, 102, 76, 136, 164, 9, 18, 8,
       49, 41, 84, 36, 84, 186, 66, 120, 1, 84, 0, 64, 24, 142, 64, 16,
       192, 78, 153, 44, 24, 4, 112, 28, 156, 73, 16, 242, 51, 188, 88,
       86, 32, 248, 124, 171, 255, 253, 50, 119, 241, 255, 253, 252, 222,
       181, 95, 255, 187, 238, 251, 221, 251, 111, 117, 245, 198, 179,
       93, 235, 180, 149, 121, 206, 62, 251, 247, 36, 85, 186, 87, 122,
       249, 124, 124, 93, 60, 46, 213, 183, 227, 110, 157, 172, 31, 5,
       242, 29, 156, 77, 24, 246, 59, 189, 91, 87, 34, 250 ]
