%YAML:1.0
descriptors: !!opencv-matrix
   rows: 4
   cols: 64
   dt: u
   data: [ 101, 37, 225, 50, 17, 34, 33, 126, 192, 4, 192, 49, 96, 203,
       131, 6, 234, 196, 3, 100, 65, 167, 193, 55, 78, 136, 164, 13, 82,
       12, 32, 105, 215, 36, 84, 186, 82, 56, 1, 84, 208, 80, 24, 142,
       192, 16, 193, 78, 153, 172, 24, 1, 240, 28, 156, 73, 16, 242, 51,
       189, 88, 86, 32, 251, 5, 1, 144, 20, 0, 130, 8, 102, 2, 0, 1, 17,
       64, 193, 128, 2, 98, 65, 0, 70, 130, 45, 192, 67, 12, 138, 162,
       13, 16, 12, 0, 8, 86, 39, 52, 154, 0, 40, 3, 196, 129, 98, 24, 10,
       168, 24, 193, 78, 17, 36, 24, 4, 32, 24, 28, 75, 0, 50, 50, 153,
       72, 4, 33, 233, 60, 187, 255, 252, 54, 119, 253, 127, 245, 252,
       222, 181, 127, 255, 187, 206, 251, 220, 227, 107, 245, 127, 198,
       247, 221, 255, 246, 155, 123, 221, 119, 235, 223, 44, 85, 190,
       215, 120, 249, 124, 124, 93, 187, 47, 213, 181, 247, 111, 185,
       172, 25, 5, 240, 29, 156, 77, 20, 242, 51, 189, 91, 87, 32, 250,
       63, 244, 125, 255, 63, 189, 221, 57, 255, 255, 253, 251, 253, 122,
       244, 93, 247, 247, 102, 251, 245, 126, 211, 126, 253, 255, 247,
       123, 127, 251, 247, 239, 223, 108, 223, 190, 254, 121, 249, 125,
       122, 223, 251, 47, 213, 53, 245, 111, 187, 190, 152, 15, 240, 29,
       158, 89, 48, 242, 247, 191, 250, 223, 44, 255 ]
