%YAML:1.0
descriptors: !!opencv-matrix
   rows: 8
   cols: 64
   dt: u
   data: [ 5, 33, 65, 130, 17, 0, 1, 74, 2, 0, 2, 112, 1, 10, 128, 65,
       98, 84, 5, 100, 65, 0, 128, 96, 12, 128, 0, 9, 146, 8, 16, 9, 16,
       36, 20, 154, 0, 112, 1, 148, 129, 64, 24, 3, 64, 4, 64, 204, 0,
       36, 16, 4, 32, 24, 132, 9, 16, 32, 34, 156, 72, 6, 32, 249, 54,
       51, 113, 130, 16, 4, 1, 110, 198, 68, 147, 52, 101, 47, 145, 86,
       226, 212, 3, 96, 65, 0, 128, 54, 76, 136, 164, 9, 82, 8, 48, 105,
       112, 36, 85, 186, 82, 112, 1, 84, 80, 80, 24, 14, 192, 20, 192,
       76, 153, 44, 24, 5, 240, 28, 156, 73, 16, 242, 51, 188, 88, 86,
       32, 248, 7, 34, 65, 130, 153, 128, 3, 72, 134, 68, 0, 112, 161,
       11, 132, 81, 226, 212, 5, 96, 193, 0, 136, 96, 76, 152, 40, 9,
       146, 8, 33, 73, 84, 36, 84, 154, 66, 112, 1, 212, 65, 66, 24, 15,
       64, 16, 192, 69, 153, 36, 16, 4, 96, 24, 140, 73, 16, 242, 51,
       156, 88, 87, 32, 249, 69, 33, 65, 144, 16, 2, 33, 78, 192, 70, 3,
       52, 81, 130, 129, 66, 226, 84, 1, 100, 1, 128, 192, 3, 12, 136,
       160, 9, 18, 8, 48, 9, 80, 36, 84, 186, 0, 112, 1, 84, 16, 64, 24,
       10, 64, 20, 192, 76, 25, 44, 16, 4, 96, 28, 148, 73, 16, 242, 51,
       188, 72, 70, 32, 240, 38, 32, 113, 128, 16, 132, 0, 69, 198, 66,
       131, 52, 81, 6, 177, 80, 226, 212, 3, 100, 65, 0, 128, 116, 76,
       136, 172, 9, 82, 12, 48, 40, 84, 36, 85, 186, 82, 112, 1, 84, 48,
       64, 24, 14, 212, 20, 192, 76, 153, 172, 24, 5, 112, 29, 156, 73,
       16, 242, 51, 188, 88, 86, 32, 248, 52, 37, 113, 144, 16, 4, 33,
       111, 198, 68, 131, 52, 81, 2, 145, 70, 226, 212, 3, 96, 65, 32,
       192, 55, 76, 136, 164, 9, 82, 8, 48, 41, 84, 36, 84, 186, 82, 120,
       1, 84, 80, 64, 24, 14, 192, 20, 193, 78, 153, 44, 24, 5, 240, 28,
       156, 73, 16, 242, 51, 188, 88, 86, 32, 248, 4, 35, 225, 144, 16,
       4, 1, 78, 132, 198, 129, 52, 65, 163, 145, 66, 234, 212, 1, 100,
       3, 160, 196, 51, 12, 136, 160, 9, 82, 8, 48, 41, 112, 36, 21, 186,
       66, 112, 1, 84, 16, 64, 24, 14, 64, 4, 65, 78, 25, 44, 24, 5, 112,
       24, 148, 73, 16, 242, 35, 156, 88, 86, 32, 242, 55, 55, 117, 162,
       21, 36, 1, 110, 198, 68, 211, 52, 109, 171, 144, 86, 234, 212, 3,
       96, 65, 130, 128, 55, 76, 136, 160, 9, 82, 8, 48, 41, 208, 36, 84,
       186, 82, 112, 1, 84, 208, 80, 24, 14, 192, 20, 192, 76, 153, 44,
       24, 5, 240, 29, 156, 73, 16, 242, 51, 188, 88, 86, 32, 249 ]
