%YAML:1.0
descriptors: !!opencv-matrix
   rows: 4
   cols: 64
   dt: u
   data: [ 61, 191, 253, 252, 59, 253, 253, 127, 247, 252, 199, 245, 125,
       125, 189, 220, 255, 254, 227, 99, 247, 126, 210, 119, 221, 255,
       246, 255, 123, 255, 245, 235, 215, 118, 87, 190, 214, 120, 251,
       125, 124, 93, 251, 231, 245, 53, 245, 111, 185, 174, 152, 79, 240,
       29, 156, 73, 57, 242, 115, 191, 122, 119, 169, 250, 103, 49, 241,
       178, 81, 134, 39, 74, 230, 70, 128, 48, 97, 203, 144, 85, 226,
       213, 3, 100, 193, 37, 192, 119, 78, 216, 168, 13, 82, 8, 48, 105,
       214, 36, 84, 186, 82, 120, 1, 84, 112, 64, 24, 15, 213, 20, 229,
       79, 153, 172, 24, 5, 240, 28, 156, 73, 16, 242, 51, 189, 88, 87,
       32, 250, 118, 49, 241, 146, 87, 134, 15, 79, 198, 70, 145, 50,
       189, 202, 178, 87, 226, 213, 33, 100, 193, 39, 194, 119, 78, 200,
       168, 13, 82, 8, 48, 105, 215, 36, 85, 186, 82, 120, 65, 116, 112,
       72, 56, 15, 213, 28, 229, 79, 153, 172, 24, 5, 240, 29, 156, 73,
       16, 242, 51, 189, 88, 87, 32, 250, 124, 43, 255, 253, 50, 127,
       241, 255, 221, 252, 222, 181, 95, 254, 251, 238, 251, 221, 251,
       111, 253, 191, 246, 183, 95, 235, 180, 133, 121, 223, 62, 235,
       239, 38, 87, 186, 87, 122, 233, 116, 248, 93, 114, 62, 213, 167,
       227, 110, 157, 172, 159, 13, 242, 29, 157, 73, 16, 242, 59, 189,
       91, 22, 32, 250 ]
