%YAML:1.0
descriptors: !!opencv-matrix
   rows: 32
   cols: 64
   dt: u
   data: [ 39, 52, 65, 130, 157, 128, 5, 73, 198, 66, 1, 48, 33, 10, 164,
       85, 226, 212, 5, 96, 193, 2, 128, 100, 76, 144, 160, 9, 18, 8, 17,
       41, 208, 36, 20, 154, 66, 112, 1, 84, 0, 66, 24, 11, 208, 20, 228,
       76, 145, 172, 16, 4, 96, 24, 156, 73, 16, 114, 51, 188, 88, 87,
       32, 248, 6, 33, 81, 146, 17, 0, 1, 78, 198, 66, 3, 52, 33, 130,
       145, 83, 226, 212, 1, 100, 65, 160, 192, 35, 12, 136, 160, 9, 82,
       8, 48, 41, 80, 36, 84, 186, 66, 112, 1, 84, 144, 64, 24, 14, 64,
       20, 192, 78, 153, 44, 24, 4, 112, 28, 156, 73, 16, 242, 51, 188,
       88, 86, 32, 240, 35, 212, 16, 6, 141, 128, 6, 8, 34, 1, 36, 65,
       172, 75, 36, 21, 102, 182, 4, 144, 192, 34, 129, 100, 96, 146, 97,
       43, 18, 8, 193, 97, 151, 36, 16, 146, 66, 72, 41, 244, 83, 202, 8,
       11, 208, 80, 244, 79, 145, 164, 24, 4, 112, 8, 156, 73, 16, 50,
       50, 188, 24, 87, 32, 233, 4, 34, 97, 40, 24, 180, 47, 124, 192,
       46, 195, 52, 65, 4, 153, 66, 202, 76, 3, 96, 225, 32, 192, 214,
       12, 152, 164, 137, 66, 12, 49, 200, 85, 4, 197, 186, 16, 56, 1,
       84, 40, 64, 16, 14, 68, 160, 164, 79, 26, 44, 24, 1, 224, 29, 28,
       65, 0, 226, 27, 184, 72, 71, 96, 242, 6, 39, 225, 48, 52, 148, 9,
       79, 166, 170, 131, 52, 73, 231, 177, 87, 106, 212, 3, 99, 193, 34,
       208, 55, 12, 138, 166, 9, 82, 12, 49, 106, 87, 44, 86, 186, 82,
       56, 129, 84, 80, 64, 24, 142, 194, 68, 193, 79, 153, 172, 24, 5,
       240, 29, 156, 73, 16, 242, 51, 189, 88, 22, 32, 250, 68, 43, 219,
       208, 48, 19, 94, 66, 66, 130, 139, 182, 242, 198, 169, 75, 2, 129,
       106, 207, 7, 189, 65, 199, 133, 86, 162, 141, 2, 172, 164, 32, 90,
       22, 199, 171, 72, 124, 195, 84, 48, 104, 176, 109, 183, 124, 167,
       110, 155, 174, 48, 87, 112, 29, 92, 90, 16, 123, 19, 183, 120,
       112, 225, 226, 85, 50, 211, 171, 220, 242, 163, 220, 200, 191,
       192, 185, 225, 131, 131, 27, 107, 205, 185, 108, 232, 133, 78,
       153, 142, 217, 57, 167, 87, 1, 35, 95, 85, 135, 189, 59, 53, 181,
       45, 119, 37, 64, 42, 145, 111, 137, 88, 177, 90, 92, 126, 176,
       181, 242, 36, 234, 196, 172, 139, 203, 204, 71, 117, 183, 13, 35,
       229, 176, 16, 39, 33, 126, 160, 204, 194, 53, 81, 167, 145, 66,
       234, 92, 3, 96, 225, 32, 192, 51, 76, 136, 164, 129, 82, 12, 48,
       201, 87, 36, 85, 186, 82, 120, 1, 84, 112, 84, 24, 46, 68, 4, 225,
       110, 153, 172, 24, 5, 240, 29, 156, 73, 16, 242, 51, 189, 72, 22,
       32, 250, 208, 18, 146, 165, 220, 226, 170, 246, 16, 185, 208, 93,
       66, 129, 147, 59, 110, 205, 155, 111, 232, 137, 239, 57, 14, 200,
       42, 142, 83, 5, 33, 254, 117, 167, 60, 121, 119, 181, 37, 246, 91,
       66, 26, 158, 75, 9, 75, 209, 72, 116, 94, 145, 241, 250, 148, 201,
       192, 188, 35, 216, 92, 6, 18, 245, 7, 34, 65, 130, 157, 128, 5,
       72, 162, 0, 130, 48, 33, 11, 128, 81, 226, 212, 1, 96, 193, 32,
       128, 96, 76, 136, 32, 9, 146, 8, 49, 9, 80, 36, 84, 186, 64, 112,
       1, 212, 0, 64, 24, 11, 64, 4, 192, 76, 152, 36, 16, 4, 96, 24,
       140, 73, 16, 114, 51, 188, 72, 86, 32, 248, 66, 34, 131, 163, 200,
       134, 138, 193, 196, 234, 19, 22, 209, 6, 147, 64, 98, 213, 1, 66,
       200, 37, 202, 89, 12, 216, 188, 15, 2, 136, 49, 74, 71, 36, 85,
       187, 80, 120, 45, 86, 32, 64, 16, 14, 69, 12, 129, 111, 153, 172,
       24, 5, 240, 29, 156, 65, 0, 114, 51, 189, 72, 87, 32, 242, 98, 32,
       101, 130, 30, 135, 3, 127, 196, 38, 145, 20, 105, 1, 17, 70, 66,
       84, 67, 112, 208, 35, 193, 167, 12, 160, 140, 13, 18, 152, 17, 72,
       81, 44, 21, 186, 74, 56, 1, 84, 16, 64, 16, 142, 64, 52, 128, 79,
       27, 44, 24, 0, 48, 24, 156, 73, 0, 98, 51, 152, 72, 22, 32, 248,
       69, 6, 101, 0, 217, 130, 3, 88, 160, 68, 130, 32, 129, 9, 128, 5,
       194, 117, 1, 100, 192, 3, 136, 97, 70, 136, 8, 5, 146, 8, 33, 73,
       84, 36, 84, 186, 64, 48, 5, 20, 132, 64, 24, 142, 64, 0, 192, 69,
       16, 36, 24, 4, 97, 24, 140, 9, 16, 98, 51, 156, 72, 86, 32, 121,
       135, 234, 195, 161, 216, 216, 134, 192, 40, 251, 42, 95, 130, 71,
       203, 169, 203, 197, 45, 34, 204, 5, 142, 121, 79, 223, 57, 39,
       150, 11, 51, 95, 215, 166, 93, 187, 114, 254, 237, 54, 225, 84,
       40, 47, 213, 22, 253, 241, 153, 172, 24, 5, 241, 29, 141, 73, 16,
       240, 51, 189, 92, 87, 32, 250, 5, 6, 37, 128, 200, 168, 35, 88,
       32, 92, 138, 5, 64, 29, 137, 33, 130, 108, 129, 96, 192, 0, 8,
       112, 78, 136, 8, 4, 144, 0, 41, 73, 116, 0, 81, 168, 16, 114, 5,
       4, 164, 52, 24, 6, 68, 130, 100, 192, 24, 36, 24, 4, 145, 29, 141,
       8, 16, 96, 3, 172, 72, 70, 32, 240, 2, 4, 0, 134, 2, 12, 5, 7, 6,
       68, 23, 4, 25, 46, 16, 22, 4, 18, 0, 96, 0, 32, 128, 34, 88, 128,
       128, 8, 2, 176, 25, 73, 16, 36, 16, 154, 3, 64, 0, 200, 0, 192,
       28, 9, 192, 20, 228, 76, 17, 32, 16, 4, 32, 24, 148, 9, 24, 98,
       51, 184, 72, 22, 32, 248, 2, 7, 13, 138, 6, 29, 5, 9, 165, 70, 47,
       128, 25, 60, 60, 7, 129, 116, 0, 97, 0, 114, 208, 32, 89, 133,
       133, 0, 16, 24, 24, 9, 208, 36, 210, 138, 66, 72, 0, 0, 48, 19,
       60, 45, 20, 84, 100, 108, 17, 168, 16, 4, 50, 25, 133, 24, 16, 98,
       50, 188, 73, 214, 40, 250, 199, 142, 130, 1, 216, 192, 134, 192,
       40, 47, 40, 74, 130, 73, 130, 41, 203, 101, 45, 98, 200, 133, 10,
       104, 78, 215, 25, 39, 146, 11, 35, 23, 215, 167, 93, 187, 80, 189,
       109, 54, 96, 84, 40, 47, 213, 24, 253, 177, 25, 172, 24, 37, 209,
       29, 140, 107, 16, 248, 51, 189, 92, 87, 48, 250, 4, 12, 0, 137,
       137, 72, 162, 197, 61, 200, 42, 5, 16, 36, 233, 164, 129, 24, 129,
       0, 68, 0, 156, 32, 85, 132, 8, 0, 129, 130, 27, 83, 160, 0, 83,
       168, 48, 226, 205, 40, 162, 20, 24, 32, 84, 150, 100, 96, 153, 44,
       24, 36, 145, 29, 140, 8, 16, 64, 43, 172, 64, 70, 34, 240, 197,
       142, 226, 1, 217, 206, 135, 192, 40, 111, 42, 74, 130, 237, 194,
       173, 203, 69, 61, 103, 76, 135, 170, 120, 79, 223, 29, 39, 146,
       11, 34, 31, 215, 39, 92, 251, 82, 181, 237, 182, 80, 116, 40, 191,
       217, 26, 253, 177, 153, 172, 24, 49, 209, 95, 140, 107, 16, 252,
       49, 61, 76, 85, 48, 248, 2, 201, 138, 154, 3, 74, 92, 3, 7, 66,
       29, 138, 18, 164, 108, 158, 141, 18, 36, 149, 6, 148, 193, 3, 83,
       213, 211, 104, 3, 186, 158, 32, 130, 20, 67, 72, 138, 76, 234, 66,
       32, 187, 37, 105, 191, 28, 180, 174, 215, 138, 18, 151, 14, 1,
       112, 186, 25, 67, 56, 113, 21, 121, 216, 2, 129, 207, 77, 138, 32,
       92, 149, 131, 47, 196, 45, 206, 29, 61, 125, 173, 143, 112, 36,
       41, 4, 80, 116, 96, 121, 213, 21, 48, 45, 138, 18, 17, 148, 84,
       83, 200, 0, 72, 232, 40, 54, 29, 56, 181, 181, 150, 116, 44, 145,
       137, 167, 29, 152, 5, 162, 28, 56, 192, 40, 45, 81, 221, 14, 250,
       131, 207, 8, 138, 1, 88, 4, 0, 43, 195, 47, 200, 18, 53, 108, 171,
       141, 34, 36, 173, 6, 208, 116, 32, 113, 215, 25, 104, 37, 138, 2,
       17, 144, 22, 115, 64, 66, 73, 238, 40, 34, 188, 40, 49, 151, 30,
       116, 164, 209, 137, 54, 52, 157, 65, 226, 174, 17, 80, 32, 37, 81,
       81, 80, 202, 128, 206, 10, 137, 1, 89, 132, 133, 41, 194, 14, 142,
       16, 52, 111, 171, 141, 56, 160, 141, 12, 208, 126, 0, 81, 85, 25,
       32, 161, 66, 18, 17, 144, 16, 211, 64, 16, 74, 238, 32, 32, 61,
       44, 53, 21, 212, 116, 160, 145, 201, 38, 60, 151, 77, 224, 186,
       19, 192, 40, 37, 69, 217, 72, 202, 0, 0, 9, 137, 136, 68, 131,
       197, 13, 198, 10, 4, 17, 44, 59, 164, 137, 80, 1, 32, 64, 16, 158,
       32, 92, 197, 28, 0, 129, 138, 27, 27, 100, 4, 91, 138, 16, 98, 13,
       10, 32, 16, 4, 32, 4, 22, 116, 160, 25, 12, 82, 4, 147, 25, 132,
       2, 144, 64, 40, 44, 64, 7, 32, 240, 6, 35, 65, 146, 17, 2, 0, 75,
       194, 0, 129, 52, 33, 194, 129, 67, 226, 212, 1, 100, 67, 164, 128,
       51, 14, 136, 160, 9, 18, 8, 48, 8, 114, 36, 84, 186, 66, 120, 1,
       84, 128, 64, 24, 14, 64, 20, 193, 78, 153, 44, 24, 4, 112, 28,
