%YAML:1.0
descriptors: !!opencv-matrix
   rows: 15
   cols: 64
   dt: u
   data: [ 237, 46, 231, 178, 31, 111, 161, 127, 252, 253, 214, 119, 255,
       187, 186, 198, 235, 221, 99, 99, 245, 7, 211, 119, 95, 251, 188,
       175, 90, 28, 51, 235, 215, 36, 85, 186, 83, 120, 233, 124, 248,
       92, 56, 47, 213, 21, 247, 111, 153, 172, 24, 5, 240, 29, 156, 73,
       16, 242, 51, 189, 88, 87, 32, 250, 253, 44, 231, 183, 93, 103, 53,
       254, 220, 253, 214, 243, 111, 187, 146, 206, 235, 221, 39, 103,
       109, 135, 231, 54, 79, 255, 185, 171, 211, 14, 50, 235, 213, 37,
       84, 250, 83, 112, 233, 116, 88, 92, 56, 47, 217, 21, 247, 108,
       153, 172, 88, 5, 240, 31, 156, 73, 16, 242, 51, 189, 88, 87, 32,
       250, 191, 245, 127, 166, 255, 37, 221, 251, 246, 93, 213, 115, 63,
       74, 176, 85, 242, 246, 71, 114, 241, 62, 177, 127, 174, 186, 231,
       27, 222, 121, 245, 255, 102, 108, 30, 254, 214, 117, 129, 245, 91,
       207, 95, 14, 200, 20, 208, 79, 141, 181, 90, 5, 234, 30, 156, 73,
       152, 178, 115, 159, 94, 31, 34, 185, 187, 245, 120, 166, 183, 61,
       93, 25, 246, 71, 149, 114, 191, 74, 164, 85, 246, 247, 6, 145,
       115, 118, 145, 102, 180, 182, 241, 89, 254, 122, 212, 41, 134,
       108, 158, 222, 234, 121, 155, 213, 81, 203, 23, 201, 144, 85, 244,
       79, 210, 182, 145, 13, 106, 128, 254, 113, 56, 51, 116, 27, 59,
       159, 172, 155, 137, 206, 6, 107, 237, 252, 167, 152, 61, 125, 10,
       79, 136, 125, 105, 165, 137, 253, 189, 42, 252, 71, 154, 120, 99,
       253, 25, 54, 252, 67, 43, 87, 159, 193, 217, 1, 117, 219, 252, 35,
       101, 52, 106, 183, 85, 195, 254, 177, 172, 221, 28, 45, 213, 231,
       207, 170, 119, 204, 182, 165, 198, 223, 28, 30, 92, 186, 215, 225,
       253, 241, 170, 252, 24, 187, 194, 125, 128, 3, 139, 225, 106, 221,
       153, 107, 236, 33, 238, 121, 45, 202, 58, 231, 92, 65, 51, 255,
       125, 195, 253, 49, 117, 255, 237, 55, 217, 68, 74, 30, 99, 135,
       91, 115, 188, 92, 124, 37, 245, 229, 189, 236, 214, 222, 167, 207,
       199, 31, 51, 247, 146, 217, 155, 247, 34, 136, 216, 34, 90, 249,
       87, 223, 150, 208, 68, 26, 60, 199, 52, 43, 134, 45, 194, 91, 173,
       218, 243, 126, 70, 35, 212, 111, 151, 183, 120, 84, 255, 207, 250,
       115, 209, 254, 233, 107, 187, 20, 253, 111, 203, 130, 41, 215,
       252, 5, 189, 109, 69, 211, 114, 251, 113, 125, 131, 255, 209, 29,
       147, 215, 252, 194, 219, 250, 154, 253, 123, 223, 131, 205, 195,
       58, 231, 213, 61, 111, 78, 141, 238, 123, 79, 223, 187, 47, 210,
       11, 50, 63, 119, 39, 117, 251, 82, 253, 255, 246, 81, 124, 169,
       126, 207, 30, 249, 183, 221, 140, 24, 245, 209, 255, 156, 235, 81,
       252, 113, 63, 92, 53, 145, 254, 76, 34, 147, 165, 200, 224, 170,
       229, 24, 187, 66, 21, 192, 70, 155, 128, 106, 79, 137, 2, 200, 41,
       78, 217, 136, 200, 62, 231, 68, 65, 51, 222, 101, 129, 125, 49,
       53, 246, 237, 38, 193, 68, 66, 14, 103, 132, 139, 115, 184, 76,
       120, 53, 245, 228, 28, 233, 198, 202, 135, 165, 198, 7, 49, 246,
       216, 217, 146, 255, 233, 74, 126, 199, 59, 106, 41, 139, 22, 230,
       239, 248, 255, 211, 184, 102, 78, 189, 133, 43, 202, 223, 243,
       125, 211, 99, 254, 119, 179, 151, 93, 117, 161, 197, 246, 119, 35,
       239, 205, 113, 253, 158, 253, 30, 197, 199, 118, 247, 46, 231,
       183, 235, 217, 255, 249, 43, 92, 108, 147, 164, 69, 41, 146, 117,
       200, 130, 122, 70, 16, 185, 128, 173, 194, 195, 129, 43, 0, 9,
       185, 143, 207, 45, 110, 155, 134, 74, 138, 231, 64, 37, 161, 70,
       55, 147, 52, 33, 53, 141, 118, 182, 65, 40, 170, 98, 235, 29, 11,
       179, 93, 194, 104, 247, 245, 240, 56, 170, 215, 207, 151, 135, 8,
       32, 209, 79, 77, 6, 128, 160, 201, 46, 38, 67, 32, 122, 74, 3, 0,
       204, 169, 5, 203, 125, 161, 64, 224, 5, 24, 91, 70, 221, 27, 134,
       208, 4, 33, 199, 71, 131, 95, 49, 49, 228, 45, 6, 108, 100, 26,
       171, 69, 5, 118, 193, 24, 100, 24, 20, 199, 28, 140, 0, 146, 168,
       135, 165, 14, 71, 32, 34, 124, 46, 254, 248, 122, 191, 163, 119,
       125, 254, 198, 52, 93, 254, 249, 230, 210, 249, 195, 226, 245,
       117, 91, 247, 221, 40, 132, 213, 104, 220, 253, 195, 239, 0, 199,
       174, 221, 250, 217, 124, 188, 29, 86, 132, 116, 231, 227, 111,
       191, 108, 137, 11, 242, 29, 217, 89, 38, 227, 95, 181, 251, 250,
       110, 208, 69, 10, 131, 52, 200, 226, 35, 70, 32, 60, 66, 5, 130,
       229, 139, 32, 106, 73, 129, 96, 232, 13, 202, 57, 78, 136, 24,
       134, 200, 3, 35, 79, 85, 163, 113, 48, 49, 162, 109, 14, 197, 52,
       24, 2, 73, 1, 107, 227, 9, 36, 120, 48, 213, 94, 140, 8, 8, 232,
       35, 173, 72, 7, 33, 252, 193, 202, 12, 79, 235, 219, 214, 160, 59,
       177, 62, 201, 190, 119, 108, 168, 157, 171, 252, 187, 221, 115,
       127, 252, 241, 119, 221, 246, 109, 243, 199, 118, 159, 249, 67,
       37, 255, 155, 254, 170, 126, 61, 107, 183, 181, 235, 255, 99, 191,
       203, 141, 107, 253, 237, 219, 255, 119, 223, 150, 181, 242, 251,
       220, 94 ]
