%YAML:1.0
descriptors: !!opencv-matrix
   rows: 42
   cols: 64
   dt: u
   data: [ 63, 53, 125, 182, 63, 183, 63, 88, 246, 126, 212, 53, 125,
       110, 177, 87, 246, 246, 3, 98, 225, 34, 193, 118, 204, 186, 228,
       77, 82, 28, 241, 233, 215, 36, 85, 190, 82, 120, 233, 124, 112,
       92, 56, 47, 212, 20, 229, 111, 153, 172, 24, 5, 240, 29, 156, 73,
       16, 242, 51, 189, 88, 87, 32, 250, 62, 51, 117, 182, 63, 181, 47,
       121, 246, 254, 208, 53, 253, 111, 177, 87, 246, 215, 67, 98, 225,
       34, 195, 118, 204, 138, 228, 77, 82, 28, 241, 235, 215, 36, 85,
       190, 82, 120, 233, 116, 112, 92, 56, 47, 212, 20, 229, 111, 153,
       172, 24, 5, 240, 29, 156, 73, 16, 242, 51, 189, 88, 87, 32, 250,
       60, 49, 253, 182, 62, 55, 61, 126, 212, 92, 213, 117, 125, 126,
       180, 84, 242, 220, 67, 96, 241, 34, 193, 247, 204, 170, 164, 137,
       82, 12, 113, 233, 215, 36, 85, 190, 83, 120, 233, 116, 120, 92,
       56, 47, 212, 53, 247, 111, 153, 172, 24, 5, 240, 29, 156, 73, 16,
       242, 51, 189, 88, 87, 32, 250, 61, 54, 117, 182, 63, 181, 47, 124,
       246, 124, 210, 53, 253, 127, 177, 85, 254, 246, 3, 96, 225, 34,
       195, 118, 204, 184, 224, 79, 82, 12, 241, 235, 215, 36, 85, 190,
       82, 120, 233, 124, 112, 92, 56, 47, 212, 21, 245, 111, 153, 172,
       24, 5, 240, 29, 156, 73, 16, 242, 51, 189, 88, 87, 32, 250, 60,
       51, 125, 182, 62, 181, 61, 123, 244, 126, 212, 113, 125, 123, 176,
       84, 242, 220, 67, 98, 241, 34, 193, 247, 220, 170, 164, 155, 90,
       156, 113, 235, 215, 36, 87, 190, 83, 120, 233, 116, 120, 92, 56,
       47, 212, 53, 247, 111, 153, 172, 24, 5, 240, 29, 156, 73, 16, 242,
       51, 189, 88, 87, 32, 250, 63, 53, 125, 190, 55, 165, 57, 95, 246,
       220, 213, 49, 125, 122, 177, 87, 254, 222, 3, 98, 225, 34, 193,
       119, 204, 136, 228, 205, 82, 28, 241, 233, 215, 44, 85, 190, 83,
       120, 233, 116, 120, 92, 56, 47, 212, 21, 247, 111, 153, 172, 24,
       5, 240, 29, 156, 73, 16, 242, 51, 189, 88, 87, 32, 250, 62, 49,
       125, 182, 63, 165, 61, 125, 246, 100, 213, 53, 125, 127, 177, 87,
       242, 214, 67, 98, 241, 34, 193, 119, 204, 170, 228, 205, 82, 28,
       241, 233, 215, 36, 85, 190, 82, 120, 233, 116, 120, 92, 56, 47,
       212, 21, 229, 111, 153, 172, 24, 5, 240, 29, 156, 73, 16, 242, 51,
       189, 88, 87, 32, 250, 61, 51, 117, 182, 55, 181, 61, 124, 246, 92,
       211, 49, 125, 123, 177, 84, 242, 246, 67, 98, 225, 34, 193, 119,
       204, 170, 228, 73, 82, 12, 241, 233, 215, 36, 85, 190, 82, 120,
       233, 124, 112, 92, 56, 47, 212, 20, 245, 111, 153, 172, 24, 5,
       240, 29, 156, 73, 16, 242, 51, 189, 88, 87, 32, 250, 68, 35, 193,
       144, 16, 2, 33, 78, 128, 130, 3, 52, 65, 130, 155, 66, 2, 68, 1,
       100, 3, 128, 196, 3, 12, 136, 128, 9, 18, 8, 48, 9, 112, 6, 85,
       154, 0, 118, 1, 84, 128, 96, 24, 10, 66, 140, 64, 204, 25, 44,
       112, 20, 1, 24, 132, 8, 128, 96, 33, 188, 76, 6, 34, 241, 62, 240,
       125, 190, 62, 181, 187, 121, 246, 254, 213, 255, 253, 42, 180, 87,
       242, 213, 67, 99, 241, 50, 195, 118, 204, 186, 228, 191, 82, 93,
       245, 235, 215, 36, 85, 190, 82, 120, 233, 116, 120, 94, 56, 47,
       212, 21, 247, 111, 153, 172, 24, 5, 240, 29, 156, 73, 16, 242, 51,
       189, 88, 87, 34, 251, 68, 35, 195, 144, 16, 66, 9, 239, 4, 194, 1,
       52, 65, 134, 147, 98, 138, 84, 1, 100, 3, 128, 196, 3, 12, 128,
       130, 9, 18, 8, 48, 9, 112, 6, 53, 154, 0, 116, 1, 84, 0, 96, 16,
       10, 2, 140, 64, 140, 17, 44, 112, 20, 1, 24, 132, 8, 128, 96, 33,
       24, 76, 4, 34, 176, 60, 49, 253, 182, 63, 167, 191, 126, 244, 252,
       213, 117, 253, 127, 178, 84, 250, 221, 67, 99, 245, 39, 195, 119,
       204, 250, 244, 159, 90, 140, 117, 235, 215, 36, 87, 190, 83, 120,
       233, 116, 120, 92, 56, 47, 213, 21, 247, 111, 153, 172, 24, 5,
       240, 29, 156, 73, 16, 242, 51, 189, 88, 87, 32, 250, 63, 48, 253,
       182, 63, 183, 55, 124, 246, 124, 212, 55, 253, 126, 179, 85, 254,
       247, 67, 98, 225, 39, 195, 118, 204, 186, 244, 207, 82, 92, 241,
       235, 215, 36, 85, 190, 82, 120, 233, 124, 120, 92, 56, 47, 213,
       21, 245, 111, 153, 172, 24, 5, 240, 29, 156, 73, 16, 242, 51, 189,
       88, 87, 32, 250, 63, 182, 125, 166, 191, 181, 187, 120, 244, 124,
       213, 119, 253, 126, 177, 85, 242, 221, 67, 98, 241, 34, 195, 118,
       204, 186, 228, 175, 82, 30, 113, 235, 215, 36, 85, 190, 83, 120,
       233, 116, 120, 92, 56, 47, 212, 21, 247, 111, 153, 172, 24, 5,
       240, 29, 156, 73, 16, 242, 51, 189, 88, 87, 32, 250, 60, 178, 117,
       164, 191, 189, 191, 120, 252, 124, 254, 115, 253, 123, 252, 85,
       242, 221, 67, 96, 245, 34, 129, 246, 204, 188, 229, 191, 122, 30,
       113, 235, 223, 36, 87, 190, 82, 120, 233, 116, 124, 92, 56, 47,
       212, 53, 247, 79, 153, 172, 24, 5, 240, 29, 157, 73, 16, 242, 51,
       189, 88, 87, 32, 250, 63, 181, 125, 158, 63, 133, 159, 121, 246,
       94, 153, 243, 253, 110, 180, 84, 242, 215, 67, 99, 213, 34, 195,
       118, 220, 254, 245, 47, 82, 28, 245, 105, 215, 44, 85, 190, 82,
       120, 233, 116, 112, 92, 56, 47, 213, 52, 245, 111, 153, 172, 24,
       5, 240, 29, 156, 73, 16, 242, 51, 189, 88, 87, 32, 250, 188, 179,
       125, 150, 63, 149, 159, 121, 246, 95, 189, 115, 253, 122, 180, 84,
       242, 215, 71, 99, 213, 34, 193, 118, 204, 254, 245, 59, 90, 222,
       245, 105, 215, 44, 84, 190, 82, 120, 233, 244, 112, 92, 56, 47,
       212, 52, 245, 111, 153, 172, 24, 5, 240, 29, 156, 73, 16, 242, 51,
       189, 88, 87, 32, 250, 60, 177, 125, 254, 54, 125, 249, 126, 215,
       252, 252, 245, 125, 126, 189, 246, 255, 222, 67, 107, 245, 50,
       193, 247, 237, 171, 228, 203, 91, 207, 245, 235, 223, 36, 85, 190,
       87, 120, 233, 124, 120, 93, 49, 47, 212, 53, 247, 111, 153, 172,
       25, 5, 240, 29, 156, 73, 16, 242, 51, 189, 88, 87, 32, 250, 62,
       189, 253, 254, 55, 47, 125, 127, 247, 212, 253, 177, 127, 250,
       180, 127, 247, 222, 99, 243, 119, 62, 209, 119, 205, 171, 230,
       217, 83, 92, 244, 233, 214, 44, 87, 190, 91, 120, 193, 116, 122,
       95, 60, 47, 212, 53, 247, 110, 153, 172, 24, 5, 240, 29, 156, 73,
       16, 242, 51, 189, 88, 86, 34, 251, 6, 50, 65, 130, 28, 128, 0, 73,
       198, 2, 1, 48, 161, 3, 144, 81, 226, 212, 1, 96, 193, 34, 129,
       117, 76, 136, 164, 9, 82, 8, 49, 104, 85, 36, 84, 186, 66, 120, 1,
       84, 112, 64, 24, 15, 208, 20, 192, 79, 153, 172, 24, 5, 112, 28,
       156, 73, 16, 242, 51, 188, 88, 87, 32, 248, 60, 57, 245, 254, 50,
       111, 113, 127, 213, 196, 223, 181, 117, 246, 189, 102, 251, 212,
       67, 98, 119, 44, 193, 183, 221, 170, 164, 137, 66, 204, 116, 233,
       206, 36, 85, 190, 82, 122, 201, 124, 120, 93, 181, 47, 212, 53,
       229, 110, 153, 172, 153, 5, 242, 29, 156, 73, 16, 242, 51, 185,
       88, 87, 32, 250, 54, 32, 113, 130, 19, 5, 5, 78, 198, 68, 133, 48,
       113, 46, 176, 84, 250, 212, 3, 96, 193, 34, 193, 102, 76, 136,
       164, 9, 82, 140, 49, 105, 213, 36, 87, 186, 82, 120, 1, 124, 112,
       88, 16, 15, 212, 20, 228, 79, 153, 172, 24, 5, 240, 29, 156, 73,
       16, 242, 51, 188, 88, 87, 32, 250, 124, 57, 255, 252, 50, 103,
       125, 111, 215, 198, 223, 176, 93, 238, 187, 86, 251, 212, 99, 103,
       55, 190, 192, 183, 221, 171, 166, 137, 66, 220, 116, 233, 194, 36,
       69, 190, 82, 120, 193, 124, 120, 93, 181, 47, 214, 52, 229, 110,
       155, 172, 24, 5, 242, 29, 156, 73, 16, 242, 51, 185, 89, 86, 32,
       250, 60, 49, 255, 244, 50, 103, 121, 127, 212, 196, 213, 180, 81,
       198, 145, 98, 250, 212, 67, 103, 87, 40, 196, 151, 204, 138, 166,
       137, 82, 12, 48, 233, 230, 36, 21, 186, 82, 120, 193, 116, 112,
       92, 49, 46, 212, 20, 193, 110, 153, 172, 24, 5, 240, 29, 156, 73,
       16, 242, 51, 189, 88, 86, 32, 250, 45, 39, 101, 130, 23, 165, 37,
       121, 196, 78, 210, 48, 121, 46, 176, 68, 226, 212, 3, 96, 193, 34,
       193, 118, 76, 136, 164, 9, 82, 12, 49, 73, 87, 36, 84, 186, 82,
