%YAML:1.0
descriptors: !!opencv-matrix
   rows: 22
   cols: 64
   dt: u
   data: [ 253, 50, 247, 182, 29, 99, 33, 254, 244, 252, 202, 117, 111,
       159, 130, 99, 235, 212, 39, 99, 225, 133, 229, 55, 78, 223, 184,
       11, 82, 14, 50, 107, 209, 36, 85, 186, 82, 120, 233, 244, 80, 92,
       56, 47, 209, 21, 229, 109, 153, 172, 24, 5, 240, 29, 156, 73, 16,
       242, 51, 189, 88, 87, 32, 250, 253, 122, 127, 101, 253, 115, 251,
       248, 248, 191, 242, 255, 239, 153, 195, 235, 250, 237, 255, 123,
       249, 207, 174, 252, 173, 123, 255, 179, 252, 71, 99, 255, 121,
       105, 188, 255, 95, 189, 253, 245, 221, 76, 187, 158, 235, 227,
       218, 121, 170, 191, 126, 163, 217, 190, 156, 77, 246, 252, 183,
       222, 254, 151, 36, 191, 240, 169, 155, 223, 96, 71, 250, 231, 95,
       225, 85, 159, 183, 226, 147, 250, 63, 147, 248, 47, 15, 173, 231,
       135, 187, 91, 242, 127, 67, 235, 214, 175, 199, 23, 37, 255, 148,
       221, 254, 125, 241, 125, 165, 118, 171, 28, 249, 174, 223, 170,
       251, 243, 241, 126, 60, 206, 65, 255, 121, 107, 125, 37, 147, 255,
       39, 54, 97, 162, 221, 160, 131, 88, 228, 126, 146, 115, 237, 11,
       128, 85, 226, 212, 3, 96, 193, 2, 137, 116, 76, 152, 168, 11, 210,
       12, 33, 107, 85, 36, 84, 186, 82, 112, 41, 84, 80, 84, 24, 15,
       192, 0, 240, 77, 153, 172, 24, 5, 240, 29, 156, 73, 16, 242, 51,
       188, 88, 87, 32, 248, 178, 113, 89, 86, 55, 9, 89, 42, 214, 0,
       213, 242, 63, 66, 68, 82, 118, 150, 6, 211, 7, 58, 161, 70, 168,
       146, 231, 89, 66, 186, 196, 120, 154, 44, 4, 158, 206, 24, 210,
       213, 208, 219, 181, 75, 176, 52, 177, 78, 131, 166, 145, 199, 120,
       24, 92, 65, 1, 179, 115, 251, 56, 55, 160, 219, 109, 38, 101, 32,
       28, 127, 39, 124, 241, 62, 202, 53, 73, 29, 233, 231, 131, 108,
       195, 96, 241, 210, 28, 180, 68, 108, 12, 129, 248, 86, 57, 193,
       120, 8, 215, 170, 21, 178, 5, 52, 92, 84, 26, 166, 68, 227, 102,
       192, 56, 61, 12, 12, 195, 189, 207, 0, 190, 160, 7, 180, 202, 134,
       108, 48, 62, 177, 125, 190, 54, 189, 125, 123, 247, 252, 213, 241,
       125, 126, 180, 86, 254, 222, 67, 243, 245, 50, 193, 247, 221, 190,
       229, 219, 90, 220, 245, 233, 223, 44, 85, 190, 219, 120, 233, 125,
       120, 93, 57, 47, 212, 53, 247, 111, 153, 172, 24, 5, 240, 29, 156,
       73, 16, 242, 51, 189, 88, 87, 32, 250, 66, 141, 147, 222, 64, 206,
       88, 7, 11, 192, 3, 196, 146, 228, 62, 158, 175, 19, 48, 39, 134,
       45, 82, 67, 95, 215, 146, 108, 2, 170, 22, 65, 135, 55, 113, 155,
       128, 78, 250, 74, 32, 60, 164, 225, 191, 28, 245, 239, 213, 168,
       56, 215, 177, 93, 60, 202, 25, 123, 114, 187, 81, 117, 145, 234,
       205, 50, 118, 117, 189, 161, 171, 248, 176, 185, 226, 115, 238,
       73, 129, 67, 226, 237, 143, 91, 233, 174, 14, 248, 132, 42, 226,
       243, 220, 69, 225, 247, 123, 177, 124, 191, 117, 188, 49, 245,
       223, 70, 90, 30, 234, 227, 202, 91, 168, 247, 92, 37, 224, 190,
       159, 69, 150, 182, 183, 158, 222, 6, 164, 53, 63, 182, 125, 174,
       63, 189, 185, 57, 246, 124, 214, 245, 253, 123, 188, 85, 254, 254,
       67, 242, 245, 98, 211, 246, 221, 186, 228, 219, 126, 94, 245, 235,
       223, 44, 87, 190, 223, 120, 233, 125, 120, 92, 58, 175, 212, 49,
       247, 111, 153, 172, 24, 5, 240, 29, 156, 73, 16, 242, 51, 189, 90,
       87, 32, 250, 62, 48, 121, 38, 63, 38, 27, 41, 214, 14, 213, 113,
       109, 10, 144, 84, 242, 150, 66, 208, 241, 34, 129, 118, 188, 168,
       228, 221, 82, 248, 229, 232, 68, 44, 134, 190, 254, 48, 129, 125,
       88, 200, 23, 137, 208, 113, 128, 78, 187, 174, 153, 11, 240, 28,
       220, 81, 56, 178, 55, 152, 58, 151, 40, 249, 148, 59, 80, 244,
       248, 8, 44, 98, 66, 24, 107, 51, 196, 231, 200, 80, 118, 138, 5,
       192, 71, 172, 1, 218, 142, 30, 227, 201, 196, 12, 224, 116, 114,
       39, 124, 159, 65, 246, 129, 214, 145, 64, 24, 30, 106, 134, 202,
       159, 137, 101, 84, 118, 96, 30, 143, 73, 128, 113, 17, 132, 92,
       38, 33, 176, 11, 206, 108, 168, 11, 221, 37, 1, 61, 254, 44, 136,
       153, 61, 125, 143, 137, 121, 161, 40, 244, 86, 88, 121, 81, 213,
       25, 54, 125, 211, 59, 199, 147, 194, 211, 32, 115, 200, 253, 42,
       102, 191, 108, 165, 87, 212, 118, 227, 153, 201, 56, 12, 215, 13,
       238, 28, 58, 198, 171, 189, 211, 219, 8, 242, 61, 54, 88, 138, 27,
       145, 32, 69, 102, 66, 0, 52, 52, 42, 173, 84, 242, 178, 1, 96,
       193, 112, 217, 101, 212, 128, 96, 77, 18, 200, 217, 97, 149, 4,
       87, 190, 0, 88, 1, 92, 36, 65, 28, 1, 84, 148, 224, 79, 145, 44,
       24, 4, 34, 25, 216, 89, 24, 114, 59, 180, 88, 194, 42, 97, 5, 71,
       144, 152, 1, 14, 36, 67, 35, 96, 41, 130, 0, 165, 132, 31, 230,
       163, 161, 96, 128, 4, 80, 99, 80, 68, 161, 76, 0, 8, 128, 65, 210,
       4, 81, 170, 0, 104, 33, 108, 38, 26, 56, 163, 52, 16, 116, 79,
       145, 164, 56, 20, 32, 25, 156, 73, 16, 242, 19, 180, 88, 86, 33,
       106, 30, 49, 185, 156, 2, 7, 92, 71, 71, 194, 33, 128, 85, 128,
       53, 82, 244, 154, 66, 195, 131, 48, 85, 131, 157, 0, 230, 201, 1,
       252, 252, 224, 98, 28, 38, 174, 138, 108, 2, 80, 34, 203, 181,
       104, 182, 84, 3, 110, 147, 170, 170, 67, 34, 24, 116, 89, 145,
       115, 91, 241, 57, 114, 107, 227, 194, 0, 2, 7, 201, 130, 154, 129,
       10, 129, 3, 70, 130, 6, 65, 16, 12, 3, 28, 151, 143, 45, 67, 64,
       161, 210, 216, 103, 2, 42, 131, 22, 7, 177, 105, 1, 56, 139, 238,
       2, 193, 52, 33, 96, 161, 76, 185, 59, 85, 202, 40, 103, 149, 97,
       120, 226, 87, 91, 150, 33, 32, 49, 209, 74, 227, 221, 8, 250, 199,
       138, 94, 9, 43, 67, 57, 202, 186, 202, 100, 29, 228, 179, 60, 214,
       14, 188, 145, 98, 102, 214, 243, 45, 210, 50, 172, 49, 146, 39,
       220, 219, 75, 77, 214, 192, 34, 234, 188, 73, 209, 31, 247, 150,
       197, 135, 16, 68, 104, 37, 239, 171, 17, 177, 113, 63, 20, 112,
       147, 169, 5, 2, 128, 99, 201, 232, 162, 4, 40, 49, 66, 101, 128,
       119, 136, 32, 10, 9, 137, 64, 239, 43, 11, 81, 2, 8, 12, 167, 164,
       2, 33, 134, 31, 195, 65, 18, 1, 146, 77, 14, 141, 52, 24, 134, 65,
       233, 171, 147, 56, 68, 201, 32, 213, 196, 138, 168, 34, 74, 131,
       165, 192, 103, 53, 76, 126, 212, 251, 186, 23, 87, 93, 207, 183,
       238, 173, 184, 63, 170, 183, 255, 251, 246, 114, 121, 186, 211,
       254, 47, 53, 161, 230, 91, 83, 249, 124, 234, 225, 140, 134, 254,
       194, 117, 1, 254, 154, 203, 100, 40, 146, 118, 1, 236, 253, 44,
       222, 13, 42, 25, 245, 85, 184, 178, 105, 188, 191, 220, 42, 241,
       62, 253, 255, 252, 62, 253, 253, 127, 255, 253, 223, 253, 255,
       124, 252, 220, 255, 247, 123, 107, 246, 127, 210, 119, 253, 255,
       247, 255, 127, 255, 255, 239, 199, 110, 87, 190, 214, 121, 251,
       125, 120, 253, 247, 111, 245, 181, 245, 111, 159, 172, 153, 79,
       242, 29, 158, 93, 49, 242, 123, 191, 251, 255, 169, 254, 61, 190,
       255, 173, 191, 253, 183, 125, 253, 253, 222, 253, 253, 61, 251,
       229, 251, 253, 235, 120, 244, 87, 222, 253, 253, 253, 253, 182,
       124, 215, 127, 239, 221, 232, 87, 60, 255, 251, 233, 126, 125, 93,
       126, 47, 213, 183, 246, 105, 189, 236, 153, 13, 246, 29, 157, 93,
       62, 246, 191, 189, 219, 223, 44, 254 ]
