%YAML:1.0
descriptors: !!opencv-matrix
   rows: 17
   cols: 64
   dt: u
   data: [ 62, 181, 125, 252, 54, 189, 253, 121, 247, 252, 213, 241, 125,
       126, 188, 87, 246, 254, 67, 123, 245, 114, 209, 246, 253, 186,
       228, 219, 122, 221, 245, 235, 223, 44, 87, 190, 223, 120, 249,
       125, 120, 95, 59, 47, 212, 53, 247, 111, 153, 172, 152, 13, 240,
       29, 156, 89, 16, 242, 115, 189, 122, 87, 42, 251, 60, 177, 253,
       182, 55, 165, 125, 122, 214, 222, 213, 241, 125, 110, 180, 86,
       246, 222, 67, 99, 245, 38, 193, 247, 204, 186, 228, 217, 82, 220,
       245, 233, 223, 36, 85, 190, 83, 120, 233, 124, 120, 92, 57, 47,
       212, 53, 247, 111, 153, 172, 24, 5, 240, 29, 156, 73, 16, 242, 51,
       189, 88, 87, 32, 250, 126, 33, 241, 146, 18, 7, 13, 111, 198, 230,
       17, 52, 81, 174, 179, 86, 250, 212, 3, 96, 139, 161, 194, 55, 76,
       136, 164, 9, 82, 136, 48, 105, 85, 36, 85, 186, 66, 120, 1, 84,
       48, 64, 16, 14, 212, 20, 193, 78, 153, 172, 24, 5, 112, 28, 148,
       73, 16, 242, 51, 188, 88, 86, 32, 242, 37, 37, 97, 18, 16, 6, 1,
       79, 192, 70, 129, 48, 96, 10, 128, 70, 226, 84, 3, 100, 65, 32,
       193, 39, 76, 136, 164, 9, 82, 12, 48, 73, 80, 36, 20, 186, 2, 120,
       1, 84, 16, 64, 24, 10, 64, 20, 192, 78, 25, 44, 24, 4, 112, 24,
       156, 73, 16, 242, 51, 188, 88, 86, 32, 249, 124, 39, 247, 177, 48,
       247, 171, 253, 196, 230, 211, 52, 209, 154, 155, 70, 234, 213, 3,
       102, 217, 33, 198, 51, 77, 152, 188, 13, 82, 10, 51, 59, 87, 36,
       85, 186, 82, 122, 201, 84, 176, 84, 24, 14, 213, 132, 225, 110,
       153, 172, 24, 5, 240, 29, 156, 73, 16, 242, 51, 189, 88, 87, 32,
       250, 12, 35, 225, 144, 16, 131, 35, 110, 128, 68, 194, 53, 81, 34,
       179, 66, 234, 84, 3, 100, 193, 33, 194, 51, 76, 136, 160, 13, 82,
       12, 49, 73, 85, 36, 85, 186, 16, 120, 1, 84, 112, 84, 24, 14, 68,
       20, 193, 78, 153, 44, 24, 5, 240, 29, 156, 73, 16, 242, 51, 189,
       88, 86, 32, 250, 55, 54, 113, 130, 221, 134, 3, 74, 230, 68, 144,
       114, 173, 75, 132, 85, 226, 213, 5, 96, 193, 38, 129, 119, 78,
       152, 224, 15, 82, 8, 113, 105, 215, 36, 84, 186, 82, 120, 41, 116,
       80, 88, 24, 143, 208, 16, 244, 79, 153, 172, 24, 4, 240, 28, 156,
       73, 16, 242, 51, 189, 88, 87, 32, 249, 30, 50, 85, 163, 255, 145,
       143, 72, 230, 47, 17, 114, 189, 107, 177, 81, 242, 215, 1, 96,
       193, 35, 195, 116, 204, 216, 252, 47, 82, 8, 113, 107, 215, 36,
       85, 190, 82, 120, 169, 116, 112, 76, 24, 15, 213, 20, 245, 79,
       153, 172, 24, 5, 240, 29, 156, 73, 16, 242, 51, 189, 88, 87, 32,
       250, 63, 53, 125, 148, 55, 189, 31, 121, 247, 196, 213, 178, 253,
       126, 180, 87, 242, 244, 67, 115, 245, 114, 209, 118, 221, 190,
       229, 25, 114, 220, 117, 233, 223, 44, 87, 190, 210, 120, 233, 125,
       112, 93, 61, 47, 212, 52, 245, 111, 153, 172, 24, 13, 240, 29,
       156, 73, 56, 242, 51, 189, 88, 87, 32, 250, 187, 244, 125, 175,
       255, 189, 223, 24, 255, 125, 253, 251, 189, 123, 244, 93, 243,
       247, 127, 113, 253, 102, 147, 124, 237, 255, 249, 63, 255, 123,
       247, 255, 215, 108, 94, 254, 210, 121, 233, 125, 123, 223, 122,
       47, 213, 21, 252, 127, 153, 173, 24, 5, 248, 157, 156, 73, 48,
       242, 51, 189, 218, 95, 32, 250, 61, 181, 125, 152, 55, 191, 31,
       120, 247, 214, 213, 176, 125, 62, 188, 71, 250, 244, 67, 113, 245,
       114, 209, 247, 93, 188, 244, 29, 114, 220, 117, 233, 223, 44, 87,
       190, 82, 120, 233, 124, 120, 93, 60, 47, 213, 52, 245, 111, 153,
       172, 24, 5, 240, 29, 156, 73, 48, 242, 51, 189, 88, 215, 32, 250,
       47, 54, 117, 34, 255, 176, 167, 88, 244, 127, 130, 115, 237, 59,
       160, 85, 226, 245, 7, 112, 225, 6, 147, 116, 68, 252, 249, 47,
       218, 12, 113, 107, 215, 36, 84, 186, 82, 120, 169, 116, 92, 92,
       26, 15, 209, 65, 244, 77, 153, 172, 24, 5, 240, 29, 156, 73, 16,
       242, 51, 188, 88, 87, 32, 248, 58, 253, 255, 246, 54, 191, 93, 51,
       247, 213, 245, 241, 255, 250, 52, 94, 244, 215, 118, 255, 183,
       127, 225, 247, 253, 126, 231, 255, 122, 245, 244, 233, 223, 62,
       52, 190, 223, 124, 250, 253, 88, 255, 191, 111, 187, 53, 247, 111,
       251, 170, 169, 207, 240, 29, 184, 77, 63, 243, 115, 251, 123, 125,
       133, 251, 63, 54, 125, 162, 190, 181, 39, 121, 228, 94, 210, 52,
       253, 63, 185, 85, 242, 253, 67, 96, 241, 114, 145, 244, 220, 184,
       172, 157, 122, 156, 113, 233, 213, 44, 215, 190, 91, 120, 137,
       124, 124, 92, 24, 15, 212, 53, 230, 77, 153, 172, 24, 5, 242, 29,
       156, 89, 24, 242, 51, 188, 88, 215, 40, 248, 60, 191, 255, 252,
       50, 127, 245, 247, 253, 252, 222, 181, 95, 255, 251, 238, 251,
       220, 235, 107, 245, 253, 246, 183, 221, 111, 180, 147, 109, 215,
       126, 235, 255, 102, 103, 190, 215, 122, 249, 124, 252, 93, 251,
       54, 221, 183, 119, 111, 187, 172, 159, 141, 242, 29, 157, 93, 60,
       246, 115, 253, 91, 87, 40, 250, 124, 53, 253, 158, 54, 103, 49,
       127, 212, 68, 213, 180, 125, 250, 183, 70, 250, 213, 99, 102, 113,
       183, 209, 183, 220, 171, 244, 141, 82, 220, 116, 233, 206, 44, 71,
       190, 210, 120, 193, 124, 120, 93, 52, 47, 213, 53, 229, 110, 153,
       172, 24, 13, 240, 29, 156, 65, 16, 242, 51, 189, 88, 86, 32, 250,
       186, 240, 88, 166, 255, 131, 91, 40, 214, 33, 245, 251, 191, 74,
       4, 92, 118, 151, 52, 145, 193, 63, 163, 111, 174, 154, 249, 127,
       211, 249, 213, 110, 151, 173, 28, 214, 238, 89, 235, 247, 83, 203,
       199, 75, 217, 20, 189, 79, 167, 182, 155, 135, 236, 162, 156, 227,
       104, 179, 182, 219, 184, 31, 182, 221 ]
