%YAML:1.0
descriptors: !!opencv-matrix
   rows: 6
   cols: 64
   dt: u
   data: [ 59, 246, 125, 254, 63, 189, 253, 57, 247, 126, 253, 251, 253,
       123, 180, 85, 246, 246, 71, 243, 245, 114, 209, 126, 221, 190,
       229, 187, 127, 89, 245, 235, 223, 108, 214, 190, 223, 120, 249,
       253, 126, 95, 123, 175, 212, 53, 247, 111, 153, 172, 24, 13, 240,
       29, 158, 93, 56, 242, 115, 189, 250, 215, 46, 251, 60, 253, 255,
       254, 54, 255, 253, 127, 255, 214, 223, 252, 127, 254, 253, 222,
       251, 245, 115, 111, 55, 127, 211, 247, 253, 255, 247, 189, 127,
       222, 126, 169, 206, 44, 87, 190, 218, 122, 249, 125, 120, 223,
       245, 47, 213, 55, 245, 110, 159, 172, 155, 13, 242, 29, 157, 93,
       48, 242, 123, 191, 123, 223, 42, 250, 60, 249, 253, 252, 54, 255,
       125, 127, 247, 214, 221, 248, 127, 252, 190, 222, 251, 213, 99,
       111, 245, 119, 211, 119, 221, 255, 245, 189, 115, 222, 118, 169,
       215, 36, 87, 190, 210, 120, 233, 124, 120, 93, 61, 47, 213, 52,
       245, 110, 153, 172, 24, 5, 242, 29, 156, 73, 16, 242, 51, 189, 89,
       87, 32, 250, 58, 254, 255, 235, 62, 253, 253, 127, 253, 255, 222,
       253, 255, 62, 253, 254, 251, 245, 107, 107, 244, 119, 223, 127,
       253, 255, 245, 191, 127, 219, 127, 239, 215, 236, 87, 190, 214,
       250, 249, 126, 124, 93, 122, 47, 213, 183, 245, 111, 191, 172,
       156, 13, 242, 29, 159, 93, 48, 242, 243, 189, 219, 223, 40, 254,
       63, 182, 253, 254, 63, 189, 189, 123, 245, 254, 213, 241, 125,
       127, 189, 85, 250, 254, 67, 243, 245, 118, 209, 247, 221, 186,
       228, 219, 126, 220, 245, 235, 223, 44, 87, 190, 223, 120, 233,
       125, 124, 93, 59, 175, 212, 117, 247, 111, 185, 172, 24, 13, 240,
       29, 156, 73, 48, 242, 51, 189, 122, 215, 40, 250, 126, 49, 241,
       148, 18, 7, 25, 111, 198, 196, 213, 52, 85, 198, 179, 86, 250,
       212, 3, 102, 3, 165, 192, 55, 12, 138, 164, 13, 82, 140, 52, 41,
       210, 36, 21, 186, 66, 120, 193, 84, 16, 72, 20, 46, 196, 20, 225,
       110, 153, 172, 24, 5, 112, 28, 156, 73, 16, 242, 51, 185, 88, 86,
       32, 250 ]
