%YAML:1.0
descriptors: !!opencv-matrix
   rows: 83
   cols: 64
   dt: u
   data: [ 127, 52, 253, 182, 255, 175, 31, 121, 246, 101, 221, 114, 255,
       126, 180, 85, 242, 247, 115, 116, 245, 119, 211, 119, 222, 254,
       253, 255, 114, 157, 245, 235, 215, 44, 87, 190, 218, 120, 233,
       125, 120, 221, 61, 47, 213, 61, 245, 79, 153, 172, 24, 13, 240,
       29, 156, 73, 56, 242, 51, 189, 120, 87, 32, 250, 63, 182, 253,
       139, 255, 221, 23, 124, 255, 119, 159, 248, 253, 63, 188, 85, 251,
       247, 99, 112, 249, 119, 219, 125, 221, 245, 253, 127, 122, 157,
       213, 111, 223, 172, 87, 190, 218, 249, 233, 126, 116, 93, 104, 47,
       213, 52, 245, 111, 153, 236, 152, 13, 244, 29, 156, 89, 56, 242,
       179, 189, 216, 215, 40, 254, 92, 187, 147, 213, 98, 235, 248, 247,
       91, 185, 211, 215, 214, 196, 155, 90, 126, 139, 250, 143, 199, 45,
       67, 219, 171, 90, 246, 254, 68, 231, 246, 238, 95, 51, 109, 53,
       223, 254, 250, 117, 249, 124, 243, 110, 175, 45, 187, 127, 253,
       234, 56, 215, 240, 125, 28, 203, 71, 251, 87, 243, 121, 45, 145,
       238, 92, 187, 223, 247, 56, 250, 248, 246, 88, 185, 70, 245, 198,
       211, 219, 250, 42, 207, 185, 107, 231, 45, 110, 219, 171, 203,
       162, 247, 78, 105, 181, 255, 247, 211, 125, 179, 53, 255, 251,
       117, 209, 124, 251, 102, 235, 7, 219, 107, 223, 252, 41, 247, 244,
       101, 61, 204, 71, 255, 87, 239, 89, 55, 241, 255, 215, 253, 154,
       117, 255, 194, 218, 200, 26, 171, 181, 251, 166, 194, 230, 121,
       172, 151, 60, 215, 143, 173, 171, 75, 231, 223, 243, 127, 211, 47,
       231, 118, 147, 183, 60, 95, 242, 253, 254, 247, 67, 238, 233, 121,
       187, 28, 189, 59, 205, 206, 16, 103, 253, 246, 188, 227, 81, 255,
       240, 63, 188, 117, 179, 191, 196, 139, 202, 213, 104, 218, 210,
       230, 11, 225, 7, 220, 18, 247, 218, 234, 235, 209, 56, 111, 134,
       41, 238, 51, 77, 211, 144, 47, 3, 11, 19, 111, 151, 39, 117, 186,
       82, 122, 239, 118, 240, 60, 168, 103, 149, 30, 117, 111, 153, 172,
       25, 5, 241, 29, 149, 75, 16, 250, 51, 189, 88, 87, 33, 250, 5,
       135, 128, 136, 73, 202, 166, 71, 32, 208, 14, 5, 0, 119, 139, 160,
       203, 8, 129, 6, 196, 41, 206, 99, 69, 221, 16, 5, 32, 10, 11, 67,
       151, 3, 81, 176, 48, 210, 109, 36, 101, 52, 24, 162, 69, 148, 117,
       226, 153, 44, 88, 4, 177, 5, 152, 72, 18, 200, 38, 165, 72, 71,
       33, 90, 92, 59, 215, 213, 252, 163, 107, 254, 200, 191, 83, 23,
       195, 192, 147, 75, 226, 213, 59, 102, 206, 173, 206, 191, 14, 202,
       174, 143, 210, 9, 48, 127, 115, 39, 84, 187, 84, 246, 215, 215,
       208, 100, 155, 78, 235, 14, 201, 223, 156, 44, 88, 213, 113, 254,
       157, 203, 192, 254, 51, 159, 92, 6, 51, 245, 194, 1, 130, 151, 0,
       2, 90, 135, 2, 161, 3, 7, 18, 130, 131, 18, 42, 1, 0, 7, 10, 173,
       231, 2, 12, 138, 178, 11, 2, 40, 18, 102, 115, 37, 52, 187, 18,
       110, 195, 214, 208, 72, 0, 74, 171, 28, 201, 110, 25, 172, 88, 5,
       112, 26, 180, 75, 16, 114, 49, 61, 76, 20, 32, 235, 135, 34, 81,
       183, 217, 128, 143, 200, 166, 107, 3, 115, 131, 79, 192, 81, 234,
       213, 37, 98, 198, 44, 136, 122, 78, 222, 51, 47, 146, 10, 51, 95,
       83, 167, 92, 155, 80, 112, 105, 86, 65, 64, 8, 75, 193, 28, 253,
       23, 137, 172, 16, 5, 240, 30, 140, 73, 16, 242, 51, 189, 92, 87,
       32, 184, 5, 3, 65, 149, 217, 2, 139, 200, 160, 36, 3, 22, 129,
       107, 131, 1, 98, 69, 1, 98, 194, 173, 130, 98, 78, 136, 178, 9,
       146, 8, 33, 79, 119, 38, 20, 154, 0, 112, 1, 86, 1, 64, 24, 10,
       64, 8, 193, 15, 25, 44, 16, 5, 112, 26, 156, 73, 16, 114, 49, 157,
       72, 7, 32, 240, 43, 214, 109, 138, 39, 253, 151, 57, 191, 94, 60,
       201, 29, 61, 125, 229, 213, 246, 196, 184, 240, 114, 144, 240,
       121, 53, 5, 16, 125, 211, 93, 249, 252, 104, 211, 32, 255, 82,
       184, 185, 246, 159, 126, 175, 212, 182, 244, 108, 187, 185, 159,
       13, 186, 13, 207, 93, 62, 214, 62, 188, 211, 223, 46, 249, 1, 2,
       5, 11, 200, 216, 131, 196, 40, 52, 2, 4, 128, 61, 75, 161, 75,
       100, 129, 32, 200, 1, 14, 96, 72, 128, 28, 32, 180, 10, 3, 31,
       245, 6, 81, 24, 80, 130, 109, 2, 165, 52, 8, 6, 68, 130, 120, 161,
       24, 12, 24, 32, 149, 13, 140, 8, 16, 64, 34, 44, 64, 71, 32, 240,
       192, 33, 137, 18, 64, 66, 6, 131, 66, 131, 1, 194, 210, 132, 6, 2,
       11, 1, 32, 69, 2, 165, 67, 194, 201, 215, 155, 44, 2, 138, 2, 0,
       70, 6, 65, 139, 8, 40, 110, 66, 32, 96, 32, 41, 151, 28, 53, 45,
       17, 168, 32, 70, 129, 89, 52, 138, 17, 120, 16, 49, 12, 81, 112,
       234, 194, 205, 11, 223, 98, 223, 222, 133, 43, 199, 41, 200, 18,
       160, 116, 250, 171, 209, 60, 47, 14, 177, 116, 40, 125, 215, 187,
       47, 7, 170, 22, 51, 240, 37, 126, 219, 82, 117, 238, 246, 114, 94,
       40, 63, 147, 30, 124, 60, 141, 169, 86, 5, 217, 95, 180, 234, 208,
       254, 32, 61, 93, 85, 48, 187, 69, 7, 129, 16, 73, 130, 7, 78, 128,
       34, 1, 4, 128, 76, 161, 3, 194, 85, 1, 70, 194, 39, 194, 67, 76,
       130, 132, 13, 18, 8, 17, 72, 87, 38, 84, 186, 0, 120, 65, 86, 0,
       64, 24, 10, 65, 28, 129, 79, 25, 44, 24, 4, 112, 24, 156, 65, 16,
       114, 51, 189, 72, 86, 32, 248, 65, 3, 128, 26, 65, 74, 38, 70, 0,
       0, 14, 5, 16, 118, 139, 162, 235, 17, 129, 68, 196, 33, 193, 35,
       65, 77, 136, 4, 2, 0, 0, 65, 149, 37, 81, 186, 17, 64, 205, 100,
       32, 20, 56, 39, 69, 20, 231, 110, 153, 172, 24, 5, 240, 29, 152,
       73, 16, 226, 51, 181, 88, 71, 32, 234, 80, 3, 17, 18, 0, 2, 12,
       106, 66, 130, 147, 0, 112, 128, 1, 2, 6, 1, 0, 212, 2, 164, 65,
       131, 128, 0, 224, 12, 0, 132, 160, 0, 74, 4, 96, 186, 8, 40, 0,
       64, 32, 64, 17, 10, 34, 12, 0, 78, 19, 42, 48, 7, 34, 24, 124, 64,
       0, 99, 19, 240, 8, 2, 96, 98, 66, 204, 130, 137, 1, 78, 132, 199,
       41, 192, 44, 141, 18, 164, 47, 174, 137, 24, 161, 5, 0, 133, 126,
       1, 85, 213, 25, 36, 1, 130, 18, 1, 133, 131, 113, 32, 48, 72, 108,
       32, 32, 61, 44, 161, 29, 28, 116, 224, 81, 136, 122, 60, 145, 65,
       160, 170, 19, 200, 42, 37, 17, 65, 16, 234, 130, 206, 10, 143,
       163, 216, 150, 137, 47, 209, 47, 202, 154, 60, 108, 173, 141, 51,
       44, 157, 4, 22, 144, 96, 113, 85, 25, 34, 53, 178, 6, 17, 142,
       116, 83, 64, 194, 73, 234, 40, 99, 29, 40, 53, 149, 30, 244, 45,
       129, 139, 145, 13, 159, 69, 235, 170, 49, 211, 48, 53, 81, 89, 12,
       90, 70, 1, 131, 18, 64, 130, 2, 79, 130, 32, 1, 4, 130, 227, 130,
       2, 66, 69, 32, 102, 138, 173, 194, 35, 78, 194, 132, 13, 18, 8,
       16, 72, 87, 39, 20, 186, 2, 120, 71, 84, 0, 96, 24, 10, 193, 28,
       193, 207, 17, 44, 24, 5, 49, 24, 156, 75, 16, 114, 51, 189, 72,
       84, 32, 250, 69, 142, 128, 136, 64, 74, 38, 71, 1, 66, 10, 132,
       16, 132, 237, 139, 137, 73, 161, 36, 0, 5, 72, 1, 79, 213, 25, 36,
       1, 6, 26, 65, 148, 3, 89, 9, 32, 236, 109, 0, 36, 52, 60, 33, 23,
       156, 116, 224, 80, 0, 48, 52, 131, 85, 36, 138, 128, 72, 10, 165,
       64, 65, 80, 98, 70, 32, 65, 176, 80, 130, 3, 78, 192, 34, 3, 48,
       65, 130, 145, 66, 226, 85, 1, 100, 137, 129, 192, 33, 12, 136,
       168, 13, 82, 8, 49, 73, 112, 36, 84, 186, 2, 120, 5, 84, 0, 64,
       24, 10, 64, 28, 192, 76, 153, 44, 24, 4, 96, 28, 148, 73, 16, 242,
       51, 188, 88, 86, 32, 240, 135, 246, 92, 40, 216, 184, 44, 64, 43,
       95, 40, 234, 142, 43, 228, 89, 194, 235, 173, 105, 105, 196, 24,
       120, 102, 215, 57, 123, 191, 46, 227, 1, 146, 208, 222, 195, 33,
       253, 61, 183, 102, 138, 42, 241, 247, 88, 118, 145, 64, 245, 48,
       52, 76, 225, 235, 173, 26, 157, 48, 4, 220, 209, 125, 171, 62,
       177, 125, 190, 54, 181, 253, 123, 247, 254, 213, 241, 125, 122,
       180, 87, 246, 222, 67, 243, 245, 54, 193, 247, 205, 190, 229, 219,
       90, 220, 245, 235, 215, 44, 87, 190, 219, 120, 233, 117, 120, 93,
       57, 47, 212, 53, 247, 111, 153, 172, 24, 5, 240, 29, 156, 73, 16,
       242, 51, 189, 88, 87, 32, 250, 51, 4, 9, 158, 15, 133, 31, 12,
