%YAML:1.0
descriptors: !!opencv-matrix
   rows: 31
   cols: 64
   dt: u
   data: [ 62, 49, 125, 180, 54, 39, 61, 127, 244, 110, 213, 49, 125,
       110, 176, 86, 250, 220, 67, 97, 225, 34, 193, 119, 204, 154, 164,
       137, 82, 156, 113, 233, 215, 36, 87, 190, 82, 120, 233, 116, 120,
       92, 56, 47, 212, 21, 247, 111, 153, 172, 24, 5, 240, 29, 156, 73,
       16, 242, 51, 189, 88, 87, 32, 250, 63, 51, 125, 180, 55, 181, 63,
       120, 246, 254, 210, 49, 253, 126, 177, 87, 242, 245, 3, 98, 225,
       34, 195, 118, 204, 186, 228, 77, 82, 12, 241, 233, 215, 36, 85,
       190, 82, 120, 233, 116, 112, 92, 56, 47, 212, 20, 245, 111, 153,
       172, 24, 5, 240, 29, 156, 73, 16, 242, 51, 189, 88, 87, 32, 250,
       127, 51, 245, 160, 23, 39, 33, 126, 230, 68, 209, 52, 125, 171,
       176, 87, 226, 212, 3, 100, 65, 128, 192, 55, 78, 136, 168, 13, 82,
       12, 48, 105, 208, 36, 84, 186, 82, 112, 1, 116, 80, 72, 24, 14,
       208, 20, 192, 76, 153, 172, 24, 5, 240, 28, 156, 73, 16, 242, 51,
       156, 88, 86, 32, 248, 63, 51, 125, 182, 55, 181, 61, 120, 246,
       254, 210, 49, 125, 62, 177, 87, 242, 244, 3, 96, 225, 34, 193,
       118, 204, 184, 228, 9, 82, 28, 241, 233, 215, 36, 85, 190, 82,
       120, 233, 124, 120, 92, 56, 47, 212, 21, 245, 111, 153, 172, 24,
       5, 240, 29, 156, 73, 16, 242, 51, 189, 88, 87, 32, 250, 60, 51,
       253, 182, 63, 183, 63, 127, 244, 126, 212, 115, 253, 127, 178, 84,
       250, 221, 67, 99, 241, 39, 195, 247, 204, 186, 244, 159, 90, 220,
       113, 235, 223, 36, 87, 190, 83, 120, 233, 116, 120, 92, 56, 47,
       213, 53, 247, 111, 153, 172, 24, 5, 240, 29, 156, 73, 16, 242, 51,
       189, 88, 87, 32, 250, 62, 241, 125, 190, 63, 181, 187, 120, 246,
       254, 213, 249, 253, 122, 180, 86, 242, 212, 67, 99, 245, 34, 193,
       118, 204, 190, 229, 187, 82, 30, 245, 235, 215, 36, 85, 190, 82,
       120, 233, 116, 120, 94, 56, 47, 212, 21, 247, 111, 153, 172, 24,
       5, 240, 29, 156, 73, 16, 242, 51, 189, 88, 87, 32, 251, 61, 50,
       117, 182, 63, 183, 191, 120, 246, 124, 214, 115, 253, 127, 178,
       85, 246, 247, 67, 98, 245, 39, 195, 118, 204, 250, 240, 111, 90,
       12, 241, 235, 215, 36, 85, 190, 82, 120, 233, 124, 120, 92, 56,
       47, 213, 21, 245, 111, 153, 172, 24, 5, 240, 29, 156, 73, 16, 242,
       51, 189, 88, 87, 32, 250, 60, 178, 125, 190, 63, 253, 185, 125,
       215, 252, 214, 181, 125, 126, 185, 118, 246, 222, 67, 98, 245, 50,
       193, 247, 221, 170, 228, 203, 90, 221, 245, 235, 207, 44, 87, 190,
       215, 122, 233, 124, 120, 93, 49, 47, 212, 53, 247, 111, 153, 172,
       24, 5, 240, 29, 156, 73, 16, 242, 51, 189, 90, 87, 32, 250, 60,
       181, 253, 254, 54, 125, 249, 127, 247, 220, 212, 181, 125, 126,
       189, 127, 254, 222, 67, 99, 245, 60, 193, 247, 205, 170, 228, 217,
       91, 92, 244, 233, 223, 36, 85, 190, 91, 120, 201, 116, 122, 93,
       60, 47, 212, 53, 247, 110, 153, 172, 24, 5, 240, 29, 156, 73, 16,
       242, 51, 189, 88, 87, 34, 251, 52, 177, 125, 150, 55, 133, 159,
       121, 230, 69, 189, 114, 253, 127, 180, 84, 242, 213, 70, 103, 81,
       34, 193, 102, 204, 246, 245, 57, 82, 30, 85, 41, 214, 36, 84, 190,
       82, 120, 233, 116, 112, 92, 56, 47, 212, 20, 245, 111, 153, 172,
       24, 5, 240, 29, 156, 73, 16, 242, 51, 189, 88, 87, 32, 250, 60,
       57, 253, 222, 50, 111, 125, 127, 215, 212, 223, 181, 125, 254,
       189, 214, 251, 212, 99, 103, 119, 62, 193, 183, 221, 171, 230,
       153, 114, 220, 116, 233, 222, 36, 69, 190, 210, 120, 209, 124,
       120, 93, 189, 47, 212, 53, 229, 110, 153, 172, 153, 13, 242, 29,
       156, 73, 16, 242, 115, 189, 89, 87, 32, 250, 6, 34, 65, 130, 153,
       128, 0, 72, 198, 0, 2, 52, 161, 3, 128, 65, 226, 212, 1, 96, 193,
       32, 128, 116, 76, 136, 32, 9, 146, 8, 49, 72, 84, 36, 84, 186, 64,
       112, 1, 84, 64, 64, 24, 15, 64, 4, 228, 77, 153, 44, 24, 4, 112,
       28, 156, 73, 16, 242, 51, 188, 88, 87, 32, 248, 45, 37, 109, 178,
       23, 181, 37, 95, 228, 78, 192, 48, 125, 42, 177, 71, 226, 212, 3,
       96, 225, 34, 193, 119, 76, 136, 164, 9, 82, 12, 49, 233, 215, 36,
       85, 186, 82, 120, 129, 116, 112, 92, 56, 47, 212, 20, 229, 111,
       153, 172, 24, 5, 240, 29, 156, 73, 16, 242, 51, 189, 88, 87, 32,
       250, 62, 49, 109, 146, 23, 165, 5, 123, 214, 70, 212, 52, 125, 14,
       177, 71, 226, 212, 67, 96, 209, 34, 193, 119, 76, 168, 164, 9, 82,
       28, 49, 105, 215, 36, 85, 186, 82, 120, 201, 116, 112, 92, 24, 47,
       212, 20, 229, 111, 153, 172, 24, 5, 240, 29, 156, 73, 16, 242, 51,
       189, 88, 87, 32, 250, 63, 49, 125, 134, 23, 133, 23, 92, 230, 68,
       151, 48, 125, 42, 177, 87, 242, 244, 3, 96, 193, 34, 193, 118, 76,
       168, 164, 9, 82, 12, 113, 105, 215, 36, 85, 186, 82, 120, 129, 92,
       112, 88, 24, 15, 212, 20, 229, 79, 153, 172, 24, 5, 240, 29, 156,
       73, 16, 242, 51, 189, 88, 87, 32, 250, 47, 182, 101, 163, 63, 253,
       163, 125, 252, 254, 210, 117, 237, 63, 185, 69, 234, 220, 67, 96,
       241, 98, 203, 116, 77, 184, 44, 167, 126, 94, 49, 235, 213, 36,
       85, 186, 83, 122, 169, 116, 124, 92, 58, 46, 213, 5, 246, 109,
       152, 172, 24, 5, 240, 29, 156, 73, 16, 242, 51, 188, 88, 87, 32,
       250, 63, 182, 125, 166, 63, 253, 189, 124, 247, 254, 214, 245,
       125, 62, 184, 87, 255, 246, 67, 113, 245, 114, 211, 119, 205, 189,
       245, 251, 122, 94, 245, 235, 215, 44, 87, 190, 90, 120, 233, 124,
       120, 93, 56, 47, 212, 21, 245, 111, 153, 172, 24, 5, 242, 29, 156,
       73, 16, 242, 51, 189, 88, 87, 32, 250, 62, 48, 125, 190, 63, 181,
       29, 124, 246, 254, 213, 177, 125, 62, 180, 87, 242, 214, 67, 113,
       225, 114, 193, 126, 141, 168, 224, 219, 90, 93, 245, 235, 215, 44,
       149, 190, 94, 120, 233, 117, 120, 92, 123, 47, 212, 21, 245, 111,
       155, 172, 24, 5, 240, 29, 156, 73, 16, 242, 51, 189, 88, 87, 32,
       250, 62, 48, 121, 162, 23, 133, 7, 77, 198, 68, 149, 52, 125, 14,
       176, 86, 242, 212, 3, 96, 193, 34, 193, 118, 76, 136, 164, 13, 82,
       28, 113, 105, 215, 36, 85, 186, 82, 120, 129, 116, 112, 88, 24,
       15, 212, 20, 229, 79, 153, 172, 24, 5, 240, 29, 156, 73, 16, 242,
       51, 188, 88, 87, 32, 250, 68, 35, 229, 176, 16, 198, 41, 110, 128,
       230, 195, 52, 65, 167, 145, 66, 138, 68, 3, 102, 139, 33, 198, 51,
       76, 136, 160, 13, 82, 12, 48, 73, 119, 36, 85, 186, 16, 120, 65,
       84, 16, 64, 24, 46, 70, 4, 193, 110, 25, 44, 24, 5, 112, 28, 148,
       73, 16, 226, 51, 189, 72, 22, 32, 242, 62, 48, 113, 166, 30, 134,
       15, 73, 230, 102, 145, 48, 125, 42, 180, 84, 242, 212, 3, 96, 193,
       32, 193, 116, 76, 152, 172, 13, 82, 12, 49, 105, 213, 36, 85, 186,
       82, 120, 129, 116, 112, 88, 24, 15, 212, 20, 228, 79, 153, 172,
       24, 5, 240, 29, 156, 73, 16, 242, 51, 188, 88, 87, 32, 250, 47,
       54, 101, 162, 223, 182, 47, 88, 244, 126, 194, 49, 237, 11, 177,
       85, 226, 213, 3, 96, 225, 0, 137, 124, 76, 152, 168, 15, 82, 12,
       49, 239, 85, 36, 85, 186, 82, 112, 161, 116, 112, 84, 26, 15, 212,
       4, 228, 77, 153, 172, 24, 5, 240, 29, 156, 73, 16, 242, 51, 188,
       88, 87, 32, 248, 47, 38, 101, 160, 31, 189, 161, 120, 116, 126,
       210, 53, 105, 63, 185, 69, 194, 252, 67, 240, 241, 96, 153, 112,
       76, 168, 128, 131, 122, 28, 49, 203, 213, 36, 85, 186, 90, 120,
       169, 124, 116, 92, 24, 15, 212, 17, 246, 79, 153, 172, 24, 5, 240,
       29, 156, 73, 16, 242, 51, 188, 88, 87, 32, 248, 55, 55, 117, 214,
       55, 132, 25, 121, 214, 252, 209, 113, 237, 107, 144, 86, 246, 214,
       3, 99, 197, 42, 193, 119, 204, 138, 230, 91, 82, 28, 241, 105,
       215, 36, 84, 190, 82, 120, 225, 244, 80, 92, 57, 15, 208, 20, 225,
       111, 153, 172, 24, 5, 240, 29, 156, 73, 16, 242, 51, 189, 88, 87,
       32, 251, 68, 33, 65, 144, 16, 67, 34, 239, 128, 130, 195, 52, 81,
       134, 147, 66, 202, 84, 1, 100, 9, 128, 228, 16, 12, 136, 168, 9,
       82, 8, 48, 8, 112, 36, 84, 186, 66, 114, 1, 84, 144, 64, 24, 14,
