%YAML:1.0
descriptors: !!opencv-matrix
   rows: 8
   cols: 64
   dt: u
   data: [ 4, 35, 97, 176, 16, 6, 33, 78, 128, 198, 194, 52, 81, 134,
       155, 66, 202, 84, 3, 100, 65, 128, 196, 50, 12, 136, 132, 9, 82,
       8, 48, 9, 112, 36, 85, 186, 80, 114, 1, 84, 176, 80, 24, 14, 68,
       4, 64, 76, 153, 44, 24, 4, 112, 29, 148, 73, 16, 226, 35, 188, 72,
       70, 32, 242, 101, 37, 97, 16, 16, 6, 33, 111, 192, 68, 192, 52,
       80, 134, 131, 66, 226, 84, 3, 100, 73, 128, 192, 18, 76, 136, 172,
       9, 82, 8, 48, 9, 80, 36, 84, 186, 2, 112, 1, 84, 16, 64, 24, 14,
       64, 20, 192, 76, 153, 44, 24, 4, 112, 28, 156, 73, 16, 242, 51,
       184, 88, 86, 32, 248, 35, 20, 64, 2, 157, 128, 5, 8, 230, 0, 0,
       113, 168, 11, 132, 21, 98, 246, 5, 48, 192, 2, 137, 100, 68, 144,
       40, 11, 146, 8, 1, 105, 148, 36, 20, 154, 66, 48, 1, 84, 65, 66,
       24, 11, 64, 16, 212, 77, 17, 36, 24, 4, 96, 24, 140, 73, 16, 50,
       50, 156, 88, 87, 32, 249, 39, 38, 100, 34, 153, 164, 33, 72, 160,
       70, 129, 48, 168, 43, 128, 69, 226, 212, 3, 96, 193, 34, 129, 116,
       76, 136, 160, 9, 210, 8, 33, 105, 80, 36, 84, 186, 82, 48, 1, 212,
       80, 64, 24, 142, 192, 16, 192, 77, 153, 172, 24, 5, 112, 28, 156,
       73, 16, 242, 51, 188, 88, 86, 32, 248, 7, 34, 65, 128, 17, 0, 5,
       74, 128, 64, 0, 48, 1, 11, 128, 65, 194, 84, 1, 96, 64, 0, 128,
       96, 76, 136, 0, 9, 18, 8, 49, 73, 80, 36, 84, 186, 64, 112, 1, 84,
       32, 64, 24, 15, 64, 20, 228, 76, 25, 36, 24, 4, 112, 24, 140, 9,
       16, 226, 35, 188, 72, 86, 32, 248, 4, 35, 193, 176, 16, 64, 40,
       103, 0, 130, 195, 20, 65, 132, 153, 194, 138, 76, 3, 98, 3, 160,
       196, 19, 13, 136, 132, 9, 64, 12, 48, 72, 112, 4, 85, 186, 0, 122,
       129, 84, 144, 64, 24, 46, 70, 4, 65, 110, 25, 44, 24, 5, 112, 29,
       148, 72, 128, 226, 51, 188, 72, 70, 32, 242, 60, 50, 117, 162, 23,
       39, 33, 126, 228, 68, 214, 52, 125, 62, 185, 71, 242, 244, 67, 96,
       241, 34, 209, 119, 76, 168, 164, 13, 82, 28, 113, 233, 213, 36,
       87, 186, 82, 120, 129, 116, 120, 92, 24, 15, 212, 20, 229, 79,
       153, 172, 24, 5, 240, 29, 156, 73, 16, 242, 51, 188, 88, 87, 32,
       250, 61, 54, 117, 166, 63, 167, 39, 126, 244, 84, 212, 49, 109,
       59, 145, 85, 226, 212, 3, 96, 241, 34, 193, 119, 76, 168, 164, 13,
       82, 12, 113, 233, 215, 36, 84, 186, 82, 120, 129, 116, 120, 92,
       24, 14, 212, 20, 193, 79, 153, 172, 24, 5, 240, 29, 156, 73, 16,
       242, 51, 188, 88, 87, 32, 248 ]
