%YAML:1.0
descriptors: !!opencv-matrix
   rows: 8
   cols: 64
   dt: u
   data: [ 36, 39, 97, 128, 16, 4, 33, 75, 132, 68, 130, 52, 65, 15, 144,
       69, 226, 212, 3, 96, 65, 32, 128, 114, 76, 136, 164, 9, 82, 8, 48,
       41, 80, 36, 84, 186, 66, 114, 1, 84, 144, 80, 24, 14, 64, 20, 192,
       78, 153, 44, 24, 4, 112, 28, 156, 73, 16, 242, 51, 188, 88, 86,
       32, 248, 4, 33, 97, 128, 16, 2, 33, 78, 128, 66, 129, 52, 81, 167,
       145, 66, 234, 84, 1, 100, 1, 128, 192, 51, 76, 136, 160, 9, 82, 8,
       48, 9, 80, 36, 85, 186, 66, 120, 1, 84, 16, 64, 24, 14, 64, 20,
       192, 76, 153, 44, 24, 5, 112, 28, 148, 73, 16, 242, 51, 188, 88,
       86, 32, 250, 3, 0, 64, 130, 221, 128, 7, 8, 38, 1, 33, 114, 160,
       11, 132, 17, 98, 86, 4, 4, 0, 2, 137, 96, 4, 144, 41, 9, 146, 8,
       1, 9, 16, 36, 20, 154, 2, 112, 5, 214, 1, 194, 8, 11, 0, 24, 76,
       132, 1, 36, 16, 4, 32, 16, 132, 11, 16, 48, 32, 28, 24, 84, 32,
       185, 39, 6, 80, 2, 153, 128, 5, 72, 134, 66, 2, 112, 33, 11, 128,
       21, 226, 196, 5, 96, 193, 2, 129, 100, 76, 152, 40, 9, 18, 8, 33,
       105, 84, 36, 84, 186, 66, 48, 1, 212, 64, 64, 24, 139, 192, 0,
       228, 77, 153, 44, 24, 0, 112, 24, 140, 73, 16, 114, 51, 188, 88,
       87, 32, 248, 69, 35, 65, 144, 16, 2, 33, 78, 128, 68, 3, 52, 65,
       167, 147, 66, 226, 68, 1, 100, 3, 128, 192, 50, 76, 136, 136, 9,
       18, 8, 48, 9, 80, 36, 84, 186, 0, 112, 1, 84, 16, 64, 24, 14, 64,
       28, 64, 76, 25, 44, 16, 4, 112, 28, 132, 73, 16, 224, 33, 188, 72,
       70, 32, 248, 36, 39, 241, 144, 16, 4, 33, 111, 196, 70, 195, 52,
       97, 139, 145, 70, 226, 212, 3, 96, 65, 32, 192, 55, 76, 136, 164,
       9, 82, 12, 48, 105, 80, 36, 85, 186, 82, 120, 1, 84, 144, 64, 24,
       142, 192, 20, 193, 78, 153, 44, 24, 5, 240, 28, 156, 73, 16, 242,
       51, 188, 88, 86, 32, 251, 54, 48, 113, 130, 19, 5, 7, 72, 230, 70,
       3, 50, 53, 42, 176, 84, 226, 212, 1, 100, 65, 2, 129, 116, 76,
       136, 172, 9, 210, 8, 49, 41, 80, 36, 84, 186, 66, 112, 1, 84, 80,
       80, 24, 15, 192, 20, 228, 76, 153, 172, 24, 5, 112, 29, 156, 73,
       16, 242, 51, 188, 88, 86, 32, 248, 60, 49, 113, 182, 50, 37, 61,
       110, 198, 68, 209, 52, 117, 78, 177, 86, 250, 212, 3, 96, 65, 34,
       192, 118, 76, 152, 164, 9, 82, 8, 112, 105, 214, 36, 85, 186, 82,
       120, 129, 116, 112, 92, 24, 47, 212, 20, 229, 78, 153, 172, 24, 5,
       240, 29, 156, 73, 16, 242, 51, 189, 88, 87, 32, 250 ]
