%YAML:1.0
descriptors: !!opencv-matrix
   rows: 82
   cols: 64
   dt: u
   data: [ 187, 245, 125, 190, 63, 191, 95, 24, 246, 127, 245, 250, 189,
       122, 180, 93, 242, 247, 23, 113, 225, 118, 209, 118, 236, 254,
       241, 63, 122, 121, 245, 233, 215, 44, 22, 190, 210, 120, 233, 245,
       114, 223, 61, 47, 209, 21, 245, 79, 153, 174, 24, 5, 248, 29, 156,
       73, 24, 242, 51, 189, 88, 87, 34, 251, 43, 206, 109, 139, 174,
       221, 151, 57, 191, 94, 62, 205, 29, 61, 125, 229, 221, 246, 69,
       184, 212, 82, 188, 244, 121, 245, 13, 48, 253, 211, 95, 123, 236,
       104, 219, 112, 222, 83, 169, 56, 119, 221, 110, 191, 84, 246, 244,
       96, 187, 157, 159, 13, 190, 13, 143, 93, 60, 194, 42, 188, 211,
       223, 46, 248, 28, 187, 215, 245, 52, 243, 248, 246, 88, 185, 198,
       245, 198, 211, 131, 203, 59, 207, 249, 43, 231, 45, 230, 219, 171,
       75, 242, 247, 124, 109, 164, 239, 223, 83, 253, 177, 117, 255,
       251, 117, 217, 124, 187, 118, 235, 133, 219, 111, 184, 254, 111,
       243, 240, 189, 156, 77, 71, 223, 151, 207, 88, 55, 165, 254, 35,
       69, 0, 158, 3, 12, 5, 15, 166, 100, 61, 128, 25, 168, 52, 22, 103,
       86, 4, 97, 130, 162, 224, 34, 92, 129, 165, 9, 19, 184, 17, 105,
       144, 36, 16, 154, 66, 64, 2, 202, 34, 202, 40, 9, 144, 20, 228,
       14, 145, 164, 16, 4, 32, 24, 148, 73, 16, 114, 48, 60, 88, 84, 34,
       249, 51, 69, 73, 158, 6, 5, 29, 15, 231, 102, 61, 128, 31, 170,
       52, 94, 246, 246, 4, 97, 130, 242, 240, 39, 92, 131, 164, 27, 19,
       184, 93, 105, 240, 44, 22, 154, 66, 96, 2, 218, 18, 203, 12, 9,
       144, 20, 196, 78, 145, 164, 18, 4, 32, 24, 149, 73, 152, 114, 49,
       60, 88, 84, 34, 249, 69, 135, 144, 148, 0, 202, 134, 70, 35, 192,
       3, 196, 2, 37, 134, 18, 235, 65, 32, 103, 135, 45, 226, 99, 77,
       219, 184, 45, 2, 12, 2, 65, 151, 37, 117, 154, 0, 120, 235, 116,
       96, 92, 56, 35, 181, 28, 245, 110, 153, 172, 56, 5, 240, 29, 156,
       75, 16, 242, 51, 181, 88, 87, 32, 234, 214, 9, 130, 213, 32, 66,
       88, 231, 2, 161, 19, 149, 18, 198, 146, 210, 105, 208, 4, 111, 14,
       169, 228, 11, 13, 155, 178, 79, 3, 42, 50, 126, 115, 55, 116, 187,
       82, 126, 195, 214, 208, 104, 161, 110, 139, 12, 201, 46, 137, 172,
       86, 5, 112, 26, 148, 75, 144, 114, 49, 61, 92, 20, 33, 250, 5, 15,
       134, 128, 1, 72, 160, 239, 40, 80, 10, 5, 16, 119, 139, 160, 203,
       24, 129, 2, 68, 33, 198, 50, 83, 9, 16, 0, 160, 128, 10, 1, 157,
       34, 81, 176, 17, 82, 201, 12, 165, 20, 24, 38, 68, 135, 101, 230,
       153, 44, 89, 4, 176, 29, 152, 73, 0, 96, 39, 165, 72, 71, 32, 90,
       197, 237, 139, 24, 64, 90, 14, 194, 99, 131, 41, 202, 82, 167,
       230, 10, 137, 65, 60, 103, 6, 197, 96, 194, 201, 215, 191, 46, 1,
       10, 18, 16, 210, 4, 69, 139, 8, 44, 239, 98, 32, 88, 40, 41, 151,
       92, 245, 44, 145, 172, 0, 71, 145, 89, 20, 202, 16, 250, 16, 61,
       92, 81, 112, 234, 13, 47, 247, 209, 8, 79, 161, 247, 185, 252, 74,
       21, 83, 245, 219, 230, 235, 76, 227, 106, 244, 173, 254, 179, 91,
       107, 20, 128, 104, 194, 58, 207, 79, 3, 117, 186, 20, 242, 221,
       60, 245, 52, 152, 182, 77, 166, 109, 226, 153, 44, 125, 188, 209,
       31, 156, 72, 4, 232, 67, 173, 74, 71, 33, 250, 44, 173, 237, 218,
       82, 159, 69, 107, 228, 68, 141, 52, 127, 255, 188, 76, 203, 245,
       99, 102, 215, 111, 208, 119, 94, 254, 135, 13, 114, 154, 16, 105,
       214, 38, 87, 186, 66, 120, 91, 124, 52, 121, 184, 231, 85, 20,
       245, 239, 153, 172, 153, 12, 240, 29, 156, 73, 56, 242, 115, 189,
       88, 87, 41, 250, 215, 49, 211, 245, 124, 162, 123, 110, 194, 167,
       209, 50, 239, 195, 130, 82, 226, 197, 27, 103, 138, 173, 234, 31,
       140, 202, 170, 143, 82, 41, 49, 111, 115, 167, 52, 187, 74, 124,
       117, 215, 0, 72, 153, 74, 203, 12, 201, 31, 156, 164, 80, 69, 97,
       62, 148, 75, 192, 190, 49, 155, 92, 22, 49, 247, 135, 197, 8, 144,
       6, 94, 28, 3, 35, 67, 33, 192, 10, 128, 36, 31, 137, 84, 36, 229,
       2, 4, 240, 99, 77, 215, 177, 41, 19, 58, 16, 33, 210, 36, 84, 138,
       66, 120, 201, 82, 48, 202, 56, 41, 151, 28, 244, 46, 145, 172, 16,
       5, 96, 25, 180, 73, 16, 242, 49, 189, 88, 87, 32, 250, 3, 204,
       138, 168, 1, 218, 132, 7, 41, 194, 44, 200, 18, 165, 46, 139, 141,
       40, 160, 173, 132, 85, 126, 97, 97, 213, 25, 36, 1, 34, 2, 1, 149,
       144, 211, 0, 33, 204, 238, 34, 32, 60, 40, 97, 23, 28, 117, 160,
       81, 200, 56, 52, 149, 69, 240, 174, 27, 201, 34, 37, 81, 81, 88,
       234, 35, 222, 18, 11, 201, 216, 130, 137, 123, 249, 14, 239, 164,
       55, 201, 189, 111, 131, 185, 24, 196, 7, 159, 124, 99, 213, 121,
       39, 191, 75, 131, 118, 157, 229, 89, 17, 117, 155, 237, 38, 97,
       84, 106, 183, 21, 146, 124, 177, 169, 221, 24, 44, 181, 167, 200,
       235, 86, 220, 166, 45, 210, 77, 52, 94, 67, 1, 2, 22, 0, 0, 0,
       134, 32, 128, 3, 5, 0, 161, 1, 34, 96, 0, 1, 198, 72, 160, 101, 2,
       64, 8, 128, 8, 0, 12, 0, 16, 112, 36, 16, 186, 82, 96, 1, 196,
       208, 64, 24, 10, 192, 20, 192, 76, 25, 44, 88, 5, 112, 24, 144,
       73, 16, 114, 51, 180, 72, 22, 32, 233, 130, 207, 4, 138, 1, 78,
       130, 131, 47, 192, 15, 206, 156, 61, 77, 188, 141, 19, 36, 164, 4,
       68, 144, 96, 121, 213, 25, 56, 167, 178, 2, 17, 150, 116, 81, 0,
       66, 74, 234, 40, 37, 29, 40, 177, 21, 30, 116, 45, 193, 137, 17,
       13, 149, 71, 168, 142, 25, 68, 48, 37, 80, 85, 16, 218, 64, 15,
       134, 154, 1, 78, 162, 103, 37, 192, 14, 133, 16, 63, 203, 166,
       235, 16, 1, 102, 196, 33, 196, 51, 89, 221, 144, 4, 81, 2, 51, 75,
       213, 36, 85, 186, 17, 114, 201, 116, 112, 92, 56, 38, 85, 22, 245,
       110, 153, 172, 24, 5, 240, 29, 156, 73, 16, 226, 51, 189, 88, 71,
       32, 250, 128, 2, 130, 1, 0, 144, 128, 128, 0, 155, 32, 194, 130,
       17, 3, 3, 0, 9, 160, 139, 8, 132, 74, 192, 65, 0, 0, 32, 0, 0, 0,
       18, 119, 18, 80, 32, 49, 136, 2, 160, 194, 38, 40, 4, 50, 6, 17,
       193, 17, 72, 40, 53, 21, 73, 105, 138, 23, 73, 18, 4, 64, 112, 65,
       105, 76, 11, 182, 221, 32, 255, 244, 119, 61, 244, 78, 133, 82,
       252, 187, 174, 141, 249, 235, 111, 190, 61, 86, 179, 89, 111, 150,
       244, 105, 198, 54, 195, 223, 18, 115, 168, 85, 120, 248, 104, 124,
       61, 184, 39, 255, 180, 119, 238, 153, 168, 169, 93, 242, 93, 152,
       76, 55, 235, 123, 255, 91, 103, 1, 250, 58, 212, 8, 190, 47, 189,
       94, 1, 55, 107, 121, 202, 189, 104, 52, 23, 244, 179, 36, 241,
       228, 118, 145, 122, 208, 223, 227, 126, 82, 243, 245, 227, 195,
       188, 154, 52, 251, 104, 232, 99, 114, 206, 117, 105, 214, 21, 247,
       111, 153, 234, 24, 5, 236, 29, 220, 89, 27, 243, 51, 189, 114,
       211, 40, 171, 69, 204, 128, 136, 1, 202, 36, 70, 33, 106, 8, 136,
       0, 140, 45, 143, 137, 124, 161, 36, 128, 1, 88, 41, 71, 213, 25,
       36, 17, 2, 50, 65, 213, 2, 219, 41, 0, 228, 109, 34, 32, 160, 44,
       33, 23, 156, 116, 240, 80, 128, 56, 52, 131, 89, 164, 10, 152,
       136, 42, 165, 64, 65, 16, 162, 145, 251, 31, 83, 253, 178, 210,
       56, 90, 147, 213, 250, 174, 83, 64, 25, 78, 199, 61, 95, 198, 101,
       128, 211, 169, 214, 81, 238, 118, 3, 1, 59, 158, 70, 208, 138, 95,
       89, 255, 113, 80, 28, 187, 101, 209, 13, 241, 47, 154, 189, 1,
       197, 248, 165, 202, 203, 65, 150, 50, 207, 80, 83, 229, 222, 99,
       6, 0, 131, 221, 128, 15, 8, 230, 99, 33, 64, 161, 11, 0, 21, 98,
       87, 4, 64, 200, 2, 171, 108, 70, 128, 41, 47, 146, 8, 33, 79, 113,
       165, 28, 155, 66, 96, 37, 198, 0, 66, 8, 137, 64, 24, 200, 21, 0,
       36, 16, 4, 36, 16, 132, 107, 144, 48, 32, 28, 76, 86, 48, 177,
       111, 182, 237, 139, 255, 157, 135, 125, 239, 247, 145, 250, 253,
       63, 191, 69, 251, 245, 91, 96, 249, 119, 219, 124, 93, 244, 188,
       47, 114, 157, 113, 111, 215, 172, 215, 59, 82, 249, 173, 126, 116,
       92, 104, 175, 213, 124, 253, 51, 157, 236, 24, 13, 244, 189, 156,
       91, 16, 246, 179, 189, 216, 215, 40, 254, 151, 146, 130, 103, 253,
