%YAML:1.0
descriptors: !!opencv-matrix
   rows: 6
   cols: 64
   dt: u
   data: [ 124, 63, 255, 253, 50, 127, 249, 255, 253, 254, 222, 181, 95,
       190, 251, 238, 251, 221, 251, 111, 253, 255, 246, 191, 221, 235,
       182, 151, 125, 223, 126, 255, 251, 37, 119, 255, 215, 126, 249,
       124, 252, 93, 251, 62, 223, 167, 195, 111, 191, 173, 223, 141,
       242, 29, 157, 93, 244, 246, 123, 253, 219, 214, 42, 254, 63, 190,
       255, 255, 63, 253, 253, 125, 253, 255, 220, 253, 255, 127, 189,
       93, 187, 254, 227, 123, 245, 127, 219, 127, 253, 255, 247, 183,
       126, 115, 119, 239, 223, 248, 223, 180, 255, 248, 249, 125, 124,
       93, 251, 47, 245, 53, 247, 107, 187, 254, 152, 15, 246, 29, 156,
       93, 62, 243, 247, 191, 251, 223, 44, 254, 60, 50, 109, 128, 54,
       253, 161, 125, 244, 92, 214, 53, 125, 62, 185, 68, 251, 244, 67,
       96, 241, 114, 211, 247, 92, 168, 164, 13, 122, 220, 113, 233, 221,
       36, 87, 186, 82, 122, 201, 124, 120, 93, 24, 47, 212, 52, 245,
       111, 153, 172, 152, 5, 240, 29, 156, 73, 16, 242, 51, 189, 90, 87,
       32, 250, 62, 50, 109, 168, 54, 253, 33, 125, 245, 254, 222, 53,
       125, 62, 185, 102, 251, 252, 67, 112, 241, 114, 211, 247, 93, 168,
       164, 137, 122, 220, 113, 235, 213, 44, 87, 190, 94, 122, 233, 124,
       120, 93, 58, 47, 212, 181, 247, 111, 153, 172, 152, 5, 242, 29,
       156, 89, 16, 242, 51, 189, 90, 87, 40, 250, 4, 35, 97, 176, 16, 4,
       41, 78, 196, 70, 131, 52, 81, 134, 145, 66, 226, 212, 1, 96, 193,
       32, 192, 51, 76, 136, 160, 9, 82, 8, 48, 105, 80, 36, 85, 186, 82,
       120, 1, 84, 48, 64, 24, 14, 68, 4, 193, 78, 153, 44, 24, 5, 112,
       28, 156, 73, 16, 242, 51, 188, 88, 86, 32, 242, 191, 182, 117,
       162, 255, 180, 15, 88, 230, 127, 240, 123, 237, 27, 134, 85, 242,
       247, 7, 112, 225, 3, 163, 116, 206, 221, 249, 47, 210, 26, 115,
       107, 213, 44, 84, 190, 82, 112, 169, 244, 116, 92, 24, 15, 209,
       16, 244, 77, 152, 172, 24, 5, 240, 29, 156, 73, 16, 242, 51, 188,
       88, 87, 32, 248 ]
