%YAML:1.0
descriptors: !!opencv-matrix
   rows: 23
   cols: 64
   dt: u
   data: [ 214, 49, 147, 212, 112, 2, 88, 226, 66, 130, 19, 18, 82, 192,
       146, 82, 118, 199, 20, 71, 6, 173, 224, 3, 142, 130, 162, 77, 2,
       44, 148, 56, 114, 53, 52, 155, 2, 124, 195, 213, 144, 64, 145, 74,
       170, 12, 129, 14, 211, 172, 16, 215, 32, 26, 21, 75, 192, 114, 48,
       121, 92, 20, 33, 177, 3, 2, 131, 163, 157, 240, 162, 220, 16, 187,
       64, 117, 32, 3, 131, 1, 10, 76, 129, 64, 224, 1, 238, 120, 12,
       136, 24, 135, 94, 1, 35, 95, 117, 160, 157, 49, 117, 240, 45, 54,
       65, 68, 26, 14, 67, 129, 66, 241, 24, 124, 28, 4, 213, 188, 140,
       8, 132, 160, 167, 156, 76, 87, 32, 247, 186, 121, 251, 118, 55, 1,
       88, 171, 198, 128, 213, 242, 119, 194, 246, 90, 118, 146, 102,
       215, 7, 190, 161, 71, 166, 154, 247, 201, 194, 254, 214, 184, 138,
       44, 38, 222, 202, 28, 195, 213, 217, 219, 181, 75, 168, 117, 163,
       110, 235, 166, 131, 207, 122, 18, 112, 81, 48, 179, 113, 123, 61,
       61, 164, 203, 29, 246, 117, 41, 188, 176, 173, 248, 224, 191, 232,
       184, 108, 7, 129, 83, 235, 236, 135, 120, 233, 64, 45, 188, 132,
       189, 225, 251, 95, 7, 225, 255, 121, 204, 156, 190, 29, 176, 33,
       119, 126, 74, 58, 174, 118, 241, 202, 21, 170, 255, 118, 39, 104,
       156, 68, 77, 140, 178, 135, 140, 188, 214, 102, 52, 193, 137, 142,
       25, 192, 67, 198, 134, 43, 161, 45, 206, 146, 245, 43, 171, 141,
       35, 56, 167, 78, 197, 118, 195, 195, 71, 157, 102, 161, 2, 146, 2,
       223, 19, 67, 33, 26, 72, 238, 96, 112, 61, 40, 39, 157, 124, 245,
       239, 149, 200, 8, 87, 181, 73, 24, 203, 31, 95, 18, 53, 80, 113,
       65, 234, 68, 2, 131, 161, 24, 48, 160, 206, 16, 186, 66, 23, 64,
       133, 131, 3, 10, 76, 129, 96, 200, 133, 206, 25, 14, 136, 24, 131,
       210, 1, 33, 78, 117, 128, 93, 41, 52, 246, 37, 6, 192, 100, 74, 8,
       67, 132, 64, 209, 88, 108, 56, 20, 213, 28, 140, 8, 128, 224, 163,
       156, 76, 7, 34, 246, 76, 142, 239, 233, 232, 255, 167, 245, 189,
       255, 106, 140, 217, 53, 123, 175, 137, 93, 251, 107, 252, 81, 254,
       184, 109, 237, 29, 166, 93, 71, 59, 223, 117, 211, 223, 41, 116,
       247, 173, 34, 126, 52, 106, 60, 87, 142, 94, 177, 31, 89, 62, 36,
       215, 253, 135, 190, 212, 204, 171, 236, 199, 219, 88, 182, 15,
       162, 138, 35, 221, 176, 162, 156, 56, 187, 192, 111, 160, 3, 131,
       1, 74, 13, 137, 208, 233, 65, 79, 88, 4, 136, 24, 167, 94, 69, 33,
       198, 125, 128, 221, 33, 117, 185, 45, 50, 104, 68, 74, 8, 81, 193,
       18, 209, 56, 92, 24, 36, 213, 165, 204, 168, 22, 128, 135, 132,
       136, 83, 112, 87, 4, 35, 17, 24, 0, 0, 36, 71, 66, 2, 41, 128, 80,
       161, 133, 2, 228, 10, 1, 96, 3, 32, 64, 131, 216, 1, 164, 200, 1,
       140, 128, 64, 240, 20, 68, 170, 8, 40, 1, 192, 50, 10, 56, 39, 20,
       20, 5, 78, 145, 172, 40, 6, 48, 25, 16, 73, 16, 242, 19, 180, 88,
       82, 96, 233, 7, 6, 0, 170, 137, 192, 162, 13, 4, 64, 2, 37, 32,
       14, 169, 5, 75, 56, 129, 208, 193, 2, 155, 96, 68, 136, 8, 1, 146,
       0, 9, 69, 5, 160, 81, 144, 49, 194, 13, 4, 33, 16, 28, 128, 68,
       149, 102, 65, 24, 100, 88, 4, 150, 0, 136, 0, 2, 0, 166, 164, 0,
       71, 32, 64, 7, 38, 64, 34, 216, 162, 34, 0, 32, 6, 64, 0, 128, 67,
       129, 17, 98, 107, 1, 224, 225, 36, 9, 81, 6, 136, 44, 141, 210, 4,
       161, 65, 18, 36, 84, 186, 33, 48, 1, 68, 12, 64, 24, 136, 64, 65,
       194, 79, 24, 36, 24, 0, 96, 28, 12, 73, 0, 178, 19, 148, 72, 70,
       32, 96, 3, 18, 0, 34, 221, 162, 166, 80, 0, 8, 2, 65, 128, 11,
       128, 1, 98, 85, 1, 68, 192, 2, 136, 113, 14, 152, 40, 13, 210, 8,
       33, 77, 84, 37, 28, 186, 82, 48, 5, 84, 81, 64, 24, 14, 65, 0,
       208, 77, 8, 36, 24, 4, 112, 28, 140, 65, 16, 50, 51, 156, 72, 7,
       32, 248, 47, 180, 109, 42, 87, 191, 7, 26, 228, 68, 149, 112, 61,
       59, 52, 85, 240, 181, 67, 244, 240, 82, 16, 117, 84, 184, 236,
       157, 122, 216, 124, 233, 156, 108, 199, 190, 203, 112, 137, 124,
       124, 221, 28, 13, 213, 117, 244, 76, 185, 172, 152, 12, 242, 29,
       220, 89, 56, 178, 51, 188, 58, 215, 44, 88, 85, 49, 177, 52, 80,
       34, 35, 126, 194, 0, 211, 53, 97, 130, 129, 18, 122, 141, 3, 84,
       225, 5, 64, 151, 132, 136, 236, 205, 66, 12, 224, 232, 76, 44, 69,
       190, 24, 56, 1, 84, 88, 64, 16, 142, 193, 97, 163, 78, 152, 172,
       8, 3, 240, 28, 28, 65, 0, 50, 19, 185, 8, 6, 32, 122, 61, 183,
       125, 254, 62, 253, 253, 120, 255, 252, 213, 253, 253, 127, 189,
       84, 251, 222, 99, 123, 245, 120, 195, 247, 253, 255, 245, 255,
       126, 95, 245, 239, 223, 108, 85, 190, 223, 120, 249, 125, 125, 93,
       123, 47, 245, 53, 247, 111, 153, 174, 25, 7, 240, 29, 156, 77, 60,
       242, 51, 189, 122, 95, 32, 250, 0, 1, 128, 144, 0, 2, 0, 71, 2,
       64, 1, 0, 0, 128, 1, 2, 4, 64, 0, 68, 2, 160, 64, 3, 72, 128, 128,
       8, 0, 8, 0, 1, 112, 22, 16, 170, 0, 96, 2, 64, 0, 32, 16, 2, 0,
       20, 65, 78, 17, 32, 80, 4, 32, 24, 20, 8, 145, 98, 33, 176, 72,
       68, 32, 224, 2, 3, 0, 130, 193, 128, 2, 0, 2, 64, 3, 2, 128, 66,
       0, 1, 66, 3, 0, 4, 10, 32, 0, 64, 2, 144, 8, 12, 130, 8, 0, 1, 16,
       6, 80, 154, 0, 64, 7, 2, 0, 96, 8, 0, 0, 12, 64, 132, 17, 0, 16,
       4, 1, 0, 132, 170, 17, 96, 32, 20, 64, 68, 16, 232, 3, 2, 0, 130,
       201, 130, 2, 0, 2, 64, 2, 4, 128, 1, 0, 1, 68, 3, 0, 0, 192, 0,
       136, 64, 66, 128, 8, 12, 146, 8, 1, 65, 21, 36, 80, 0, 0, 64, 6,
       66, 0, 0, 8, 8, 0, 20, 192, 197, 17, 8, 16, 4, 52, 8, 140, 139,
       17, 96, 34, 52, 64, 85, 0, 104, 0, 1, 128, 144, 0, 2, 32, 70, 0,
       34, 0, 0, 0, 128, 1, 2, 0, 8, 1, 64, 128, 128, 72, 3, 72, 128, 0,
       0, 0, 0, 0, 65, 80, 18, 80, 40, 0, 72, 4, 0, 0, 32, 24, 0, 0, 20,
       64, 202, 17, 8, 56, 20, 1, 88, 4, 8, 17, 64, 3, 176, 64, 84, 0,
       226, 3, 2, 0, 161, 201, 128, 162, 4, 0, 42, 2, 5, 128, 5, 3, 1,
       68, 9, 129, 0, 200, 1, 14, 72, 66, 136, 8, 6, 128, 0, 33, 71, 117,
       161, 89, 33, 49, 192, 37, 2, 65, 0, 8, 10, 65, 0, 72, 209, 25, 76,
       88, 36, 149, 64, 140, 171, 144, 72, 2, 132, 64, 7, 16, 96, 194,
       137, 130, 223, 65, 66, 204, 135, 2, 193, 33, 202, 2, 192, 6, 10,
       45, 83, 56, 7, 14, 173, 230, 3, 75, 211, 147, 46, 19, 32, 18, 9,
       151, 55, 48, 25, 2, 76, 102, 98, 32, 106, 168, 107, 159, 28, 85,
       174, 81, 136, 120, 149, 17, 90, 180, 202, 145, 122, 48, 61, 84,
       117, 17, 251, 67, 1, 16, 54, 1, 130, 8, 2, 2, 0, 3, 0, 0, 192, 0,
       18, 36, 2, 0, 196, 10, 44, 64, 3, 0, 130, 130, 76, 2, 32, 128, 0,
       2, 22, 48, 0, 1, 8, 2, 66, 0, 32, 16, 64, 40, 8, 129, 14, 64, 0,
       48, 84, 36, 8, 48, 162, 1, 35, 17, 145, 0, 32, 145, 96, 66, 1,
       144, 146, 8, 2, 0, 6, 2, 32, 3, 4, 0, 199, 3, 18, 102, 2, 0, 0,
       138, 161, 64, 3, 78, 128, 160, 77, 2, 40, 129, 64, 19, 36, 16,
       186, 0, 64, 2, 66, 0, 64, 8, 0, 0, 28, 193, 14, 17, 36, 16, 4, 32,
       24, 20, 75, 16, 114, 16, 52, 72, 4, 32, 224 ]
