%YAML:1.0
descriptors: !!opencv-matrix
   rows: 12
   cols: 64
   dt: u
   data: [ 179, 245, 120, 71, 255, 153, 223, 8, 254, 91, 181, 251, 191,
       90, 100, 93, 246, 183, 62, 147, 197, 118, 179, 100, 165, 214, 241,
       63, 126, 123, 215, 59, 142, 236, 158, 214, 254, 89, 235, 245, 83,
       223, 103, 105, 209, 84, 181, 111, 191, 191, 153, 15, 248, 133,
       220, 115, 48, 243, 246, 191, 186, 223, 190, 219, 254, 249, 251,
       191, 55, 109, 93, 255, 222, 239, 253, 251, 127, 142, 150, 254,
       251, 214, 119, 95, 63, 143, 231, 61, 191, 207, 255, 43, 211, 187,
       246, 173, 225, 45, 54, 255, 194, 117, 225, 247, 122, 202, 181,
       251, 223, 31, 189, 188, 205, 164, 86, 129, 232, 190, 180, 97, 208,
       176, 97, 251, 125, 86, 48, 186, 205, 22, 210, 53, 93, 162, 170,
       250, 16, 185, 192, 243, 162, 137, 130, 11, 98, 77, 189, 75, 233,
       141, 234, 123, 6, 74, 170, 135, 88, 5, 33, 87, 127, 163, 52, 49,
       53, 188, 37, 245, 217, 102, 58, 6, 235, 1, 75, 211, 120, 124, 56,
       181, 245, 254, 188, 200, 86, 190, 183, 207, 136, 86, 181, 127,
       253, 54, 117, 117, 56, 53, 43, 248, 208, 188, 194, 51, 229, 155,
       147, 67, 234, 237, 203, 106, 249, 174, 88, 156, 140, 184, 182,
       131, 220, 4, 97, 222, 75, 12, 228, 190, 85, 184, 33, 93, 124, 68,
       26, 150, 99, 225, 138, 89, 168, 181, 44, 115, 240, 190, 158, 65,
       36, 248, 23, 143, 238, 135, 101, 182, 149, 155, 215, 215, 252,
       161, 249, 248, 186, 149, 85, 95, 143, 123, 147, 89, 118, 215, 188,
       47, 230, 45, 198, 115, 170, 186, 242, 126, 252, 40, 214, 63, 183,
       119, 48, 158, 86, 89, 250, 245, 213, 61, 187, 86, 233, 0, 217, 47,
       136, 182, 201, 247, 240, 190, 156, 77, 49, 246, 50, 143, 120, 103,
       165, 251, 139, 216, 204, 107, 191, 249, 251, 28, 188, 187, 212,
       251, 191, 59, 102, 221, 74, 221, 189, 121, 236, 119, 234, 125, 45,
       219, 59, 183, 127, 67, 55, 239, 215, 232, 220, 113, 119, 253, 249,
       51, 222, 223, 110, 61, 211, 21, 119, 115, 191, 252, 26, 5, 236,
       165, 255, 108, 30, 246, 183, 191, 219, 223, 38, 255, 250, 217, 80,
       119, 235, 10, 94, 129, 238, 33, 21, 218, 191, 246, 118, 92, 126,
       147, 62, 231, 79, 191, 129, 102, 191, 222, 247, 127, 178, 171,
       214, 188, 146, 255, 66, 223, 227, 25, 250, 119, 109, 223, 237,
       121, 253, 124, 189, 31, 229, 135, 145, 231, 110, 103, 187, 235,
       89, 255, 112, 63, 124, 125, 177, 186, 13, 62, 246, 97, 56, 241,
       160, 246, 48, 188, 194, 69, 76, 125, 139, 129, 234, 236, 195, 106,
       245, 109, 78, 251, 66, 40, 20, 130, 124, 69, 35, 199, 127, 66,
       209, 48, 117, 178, 249, 36, 253, 52, 90, 150, 68, 225, 211, 107,
       184, 124, 12, 1, 244, 29, 152, 73, 38, 194, 151, 135, 202, 103,
       37, 94, 219, 221, 154, 255, 247, 234, 126, 138, 31, 233, 109, 251,
       166, 206, 230, 127, 239, 151, 60, 95, 14, 175, 227, 107, 103, 223,
       243, 47, 211, 43, 38, 63, 211, 167, 60, 243, 35, 237, 254, 247,
       115, 238, 255, 123, 191, 29, 125, 183, 205, 130, 114, 181, 205,
       230, 188, 238, 209, 188, 245, 123, 29, 117, 147, 187, 195, 17,
       146, 54, 5, 130, 74, 14, 2, 169, 1, 227, 162, 202, 6, 27, 110, 23,
       53, 215, 138, 173, 235, 11, 4, 155, 242, 111, 18, 40, 160, 37, 23,
       167, 60, 179, 35, 76, 103, 198, 65, 226, 60, 73, 139, 29, 9, 183,
       65, 162, 120, 20, 100, 34, 188, 227, 145, 56, 177, 155, 28, 117,
       145, 107, 126, 254, 255, 223, 254, 255, 223, 121, 255, 253, 223,
       255, 255, 255, 253, 222, 251, 245, 123, 111, 255, 127, 218, 125,
       255, 255, 255, 63, 127, 219, 127, 239, 215, 237, 87, 191, 214,
       251, 253, 127, 124, 223, 233, 175, 221, 188, 253, 51, 159, 237,
       153, 173, 247, 253, 159, 255, 120, 254, 251, 191, 219, 223, 58,
       254, 255, 253, 255, 255, 255, 191, 223, 120, 255, 127, 253, 251,
       255, 123, 244, 93, 243, 245, 127, 127, 253, 127, 179, 127, 255,
       255, 255, 63, 127, 91, 117, 239, 215, 109, 150, 255, 210, 121,
       249, 253, 122, 223, 123, 47, 213, 29, 245, 127, 157, 173, 24, 5,
       248, 61, 158, 77, 56, 246, 115, 191, 218, 223, 42, 251 ]
