%YAML:1.0
descriptors: !!opencv-matrix
   rows: 21
   cols: 64
   dt: u
   data: [ 28, 34, 85, 144, 43, 17, 36, 111, 246, 56, 208, 53, 125, 118,
       177, 64, 242, 152, 67, 96, 193, 34, 193, 247, 204, 8, 228, 201,
       64, 204, 177, 234, 223, 36, 69, 190, 82, 120, 233, 116, 120, 92,
       24, 47, 212, 53, 247, 111, 153, 172, 24, 5, 240, 29, 156, 73, 16,
       242, 51, 189, 88, 87, 32, 250, 12, 35, 113, 144, 16, 5, 41, 103,
       192, 198, 195, 52, 81, 6, 185, 66, 234, 212, 67, 98, 65, 32, 196,
       147, 28, 136, 164, 137, 66, 140, 48, 40, 102, 36, 85, 186, 82,
       120, 193, 84, 112, 84, 16, 46, 212, 20, 129, 110, 153, 172, 24, 5,
       240, 29, 156, 73, 16, 242, 51, 189, 88, 86, 32, 250, 5, 35, 97,
       160, 16, 36, 33, 110, 128, 196, 194, 52, 65, 2, 145, 66, 234, 84,
       3, 96, 193, 0, 192, 51, 76, 136, 160, 9, 82, 8, 48, 73, 84, 36,
       85, 186, 16, 120, 1, 84, 208, 64, 24, 14, 64, 4, 192, 78, 153, 44,
       24, 5, 240, 28, 156, 73, 16, 242, 51, 188, 72, 22, 32, 250, 39,
       36, 65, 2, 17, 0, 1, 72, 194, 0, 0, 48, 32, 11, 128, 81, 98, 84,
       1, 96, 64, 0, 128, 100, 76, 136, 32, 9, 18, 8, 33, 73, 80, 36, 84,
       186, 2, 112, 1, 212, 0, 66, 24, 10, 64, 20, 192, 76, 25, 36, 24,
       4, 96, 24, 140, 73, 16, 114, 35, 188, 88, 86, 32, 249, 101, 39,
       227, 144, 16, 70, 35, 239, 196, 198, 193, 52, 97, 139, 147, 70,
       234, 212, 3, 100, 73, 131, 196, 54, 76, 136, 188, 9, 210, 12, 48,
       41, 240, 36, 85, 186, 82, 112, 1, 84, 48, 80, 24, 142, 80, 20,
       193, 76, 153, 44, 24, 5, 240, 29, 156, 73, 16, 242, 51, 188, 88,
       86, 32, 248, 54, 113, 121, 138, 146, 132, 31, 73, 198, 70, 57, 48,
       49, 14, 180, 118, 226, 212, 3, 100, 11, 130, 129, 36, 76, 140,
       173, 9, 210, 8, 48, 41, 208, 36, 84, 154, 66, 112, 129, 212, 50,
       90, 16, 15, 212, 28, 228, 12, 153, 172, 16, 5, 112, 29, 148, 73,
       16, 242, 49, 188, 88, 86, 34, 249, 66, 3, 129, 146, 64, 130, 6,
       70, 2, 34, 3, 4, 0, 229, 3, 18, 66, 65, 0, 100, 138, 161, 194, 3,
       76, 128, 168, 13, 2, 8, 1, 72, 119, 36, 20, 186, 0, 104, 3, 70, 0,
       64, 24, 8, 192, 12, 193, 78, 17, 44, 24, 1, 48, 24, 148, 75, 0,
       114, 51, 156, 72, 22, 32, 248, 5, 4, 0, 0, 136, 128, 38, 64, 0, 0,
       0, 65, 0, 1, 0, 1, 64, 8, 133, 0, 192, 32, 8, 64, 0, 8, 8, 0, 128,
       0, 1, 64, 20, 34, 16, 0, 0, 0, 5, 128, 65, 34, 24, 131, 64, 80, 0,
       193, 0, 36, 8, 4, 1, 8, 8, 0, 16, 0, 2, 132, 0, 71, 32, 104, 101,
       39, 241, 162, 16, 166, 35, 74, 196, 70, 195, 52, 97, 11, 144, 70,
       226, 213, 3, 100, 65, 5, 192, 117, 76, 136, 172, 13, 82, 8, 48,
       41, 84, 36, 85, 186, 82, 120, 129, 84, 80, 80, 24, 15, 192, 20,
       228, 76, 153, 172, 24, 5, 240, 29, 156, 73, 16, 242, 51, 188, 88,
       86, 32, 250, 38, 35, 97, 160, 16, 4, 5, 77, 164, 70, 130, 52, 65,
       47, 177, 71, 194, 84, 3, 96, 193, 34, 192, 114, 76, 136, 164, 9,
       82, 12, 49, 73, 84, 36, 85, 186, 82, 120, 1, 84, 112, 64, 24, 14,
       212, 20, 196, 78, 153, 172, 24, 5, 240, 29, 156, 73, 16, 242, 51,
       188, 72, 86, 32, 250, 63, 50, 117, 162, 55, 53, 45, 92, 230, 94,
       211, 48, 109, 47, 177, 87, 242, 244, 3, 96, 225, 34, 193, 118,
       204, 168, 228, 9, 82, 12, 113, 233, 215, 36, 85, 190, 82, 120,
       129, 116, 112, 92, 56, 47, 212, 20, 229, 111, 153, 172, 24, 5,
       240, 29, 156, 73, 16, 242, 51, 189, 88, 87, 32, 250, 38, 33, 81,
       146, 16, 6, 5, 79, 198, 68, 1, 48, 49, 138, 176, 86, 234, 212, 1,
       100, 3, 128, 192, 39, 12, 128, 164, 9, 18, 8, 16, 41, 80, 36, 20,
       186, 66, 112, 1, 84, 16, 64, 24, 15, 192, 20, 196, 78, 153, 44,
       16, 4, 112, 24, 148, 73, 16, 114, 49, 188, 88, 22, 32, 248, 60,
       49, 253, 178, 23, 39, 61, 127, 244, 78, 213, 48, 125, 111, 176,
       86, 250, 221, 67, 96, 241, 39, 193, 119, 204, 184, 228, 141, 82,
       156, 113, 233, 215, 36, 87, 190, 83, 120, 193, 116, 120, 92, 56,
       47, 213, 53, 231, 111, 153, 172, 24, 5, 240, 29, 156, 73, 16, 242,
       51, 189, 88, 87, 32, 250, 55, 53, 121, 134, 23, 133, 29, 73, 230,
       70, 145, 52, 253, 46, 177, 87, 250, 244, 3, 96, 193, 34, 209, 118,
       76, 152, 180, 9, 82, 28, 113, 105, 215, 36, 87, 186, 82, 120, 233,
       116, 112, 88, 56, 47, 212, 20, 245, 111, 153, 172, 24, 5, 240, 29,
       156, 73, 16, 242, 51, 189, 88, 87, 32, 250, 55, 48, 125, 134, 23,
       133, 29, 72, 230, 198, 153, 50, 253, 46, 177, 87, 243, 212, 3, 97,
       193, 34, 193, 102, 76, 156, 164, 9, 82, 8, 113, 105, 215, 36, 85,
       186, 82, 120, 169, 116, 112, 88, 56, 47, 212, 20, 245, 111, 153,
       172, 24, 5, 240, 29, 156, 73, 16, 242, 51, 189, 88, 87, 32, 250,
       118, 34, 97, 162, 212, 132, 2, 65, 198, 6, 147, 54, 233, 163, 146,
       82, 234, 212, 3, 100, 73, 130, 131, 52, 76, 152, 188, 41, 210, 12,
       50, 40, 208, 36, 85, 186, 82, 112, 129, 84, 240, 88, 24, 15, 209,
       20, 224, 76, 153, 172, 24, 5, 240, 29, 156, 73, 16, 242, 51, 188,
       88, 86, 32, 250, 62, 182, 125, 166, 63, 189, 191, 121, 246, 126,
       243, 113, 253, 123, 152, 84, 246, 214, 67, 115, 245, 34, 193, 118,
       205, 190, 229, 219, 82, 30, 241, 235, 215, 44, 85, 190, 82, 120,
       233, 116, 120, 92, 56, 47, 212, 21, 245, 111, 153, 172, 24, 5,
       240, 29, 156, 73, 16, 242, 51, 189, 88, 87, 32, 250, 63, 51, 125,
       182, 63, 181, 31, 120, 246, 254, 215, 48, 237, 127, 177, 87, 242,
       212, 3, 114, 225, 34, 195, 118, 204, 168, 228, 13, 82, 28, 113,
       235, 215, 44, 85, 190, 90, 120, 233, 116, 120, 92, 56, 47, 212,
       20, 245, 111, 153, 172, 24, 5, 240, 29, 156, 73, 16, 242, 51, 189,
       88, 87, 32, 250, 62, 50, 125, 182, 63, 181, 191, 121, 246, 254,
       210, 53, 253, 127, 185, 87, 242, 212, 67, 99, 245, 34, 195, 118,
       205, 170, 228, 143, 90, 28, 241, 235, 215, 36, 85, 190, 82, 120,
       233, 116, 120, 92, 56, 47, 212, 21, 245, 111, 153, 172, 24, 5,
       240, 29, 156, 73, 16, 242, 51, 189, 88, 87, 32, 250, 63, 52, 125,
       182, 63, 165, 63, 124, 246, 124, 215, 53, 125, 126, 177, 87, 242,
       244, 3, 98, 225, 34, 193, 118, 204, 168, 228, 141, 82, 28, 113,
       235, 215, 44, 85, 190, 82, 120, 225, 124, 120, 92, 56, 47, 212,
       21, 229, 111, 153, 172, 24, 5, 240, 29, 156, 73, 16, 242, 51, 189,
       88, 87, 32, 250, 60, 51, 117, 182, 62, 183, 61, 123, 228, 118,
       211, 52, 125, 127, 177, 86, 242, 220, 67, 96, 241, 34, 193, 119,
       204, 168, 164, 141, 82, 140, 113, 233, 215, 36, 87, 190, 83, 120,
       225, 116, 120, 92, 56, 47, 212, 21, 231, 111, 153, 172, 24, 5,
       240, 29, 156, 73, 16, 242, 51, 189, 88, 87, 32, 250 ]
