%YAML:1.0
descriptors: !!opencv-matrix
   rows: 5
   cols: 64
   dt: u
   data: [ 191, 244, 125, 239, 255, 189, 223, 25, 255, 127, 253, 250,
       175, 123, 244, 125, 243, 247, 63, 113, 253, 115, 179, 116, 236,
       255, 249, 63, 255, 59, 255, 251, 215, 108, 150, 254, 218, 121,
       233, 245, 114, 222, 59, 63, 209, 23, 244, 77, 153, 173, 24, 5,
       248, 29, 159, 73, 16, 246, 51, 189, 88, 87, 34, 249, 58, 249, 254,
       254, 55, 189, 93, 59, 247, 255, 245, 248, 191, 250, 52, 95, 246,
       183, 118, 219, 183, 126, 241, 127, 181, 183, 231, 127, 123, 249,
       244, 234, 207, 252, 166, 190, 254, 125, 250, 255, 122, 223, 247,
       109, 179, 117, 181, 111, 255, 190, 153, 207, 250, 29, 254, 85, 57,
       179, 247, 255, 187, 249, 237, 223, 252, 63, 255, 253, 50, 127,
       245, 255, 253, 252, 254, 181, 95, 254, 251, 238, 251, 220, 251,
       111, 125, 181, 228, 183, 223, 239, 180, 157, 125, 222, 126, 251,
       251, 36, 85, 254, 87, 122, 201, 124, 250, 93, 59, 62, 213, 167,
       195, 110, 157, 173, 31, 13, 242, 29, 157, 73, 16, 242, 59, 189,
       91, 86, 34, 250, 109, 34, 245, 144, 217, 167, 35, 124, 228, 100,
       195, 52, 253, 175, 179, 71, 234, 213, 3, 100, 201, 7, 194, 117,
       76, 200, 172, 13, 82, 12, 49, 107, 87, 36, 85, 186, 82, 120, 1,
       84, 80, 64, 24, 14, 197, 20, 225, 79, 153, 172, 24, 5, 240, 28,
       156, 73, 16, 242, 51, 189, 88, 87, 32, 250, 103, 35, 225, 146,
       208, 134, 7, 74, 230, 70, 131, 50, 225, 235, 145, 69, 226, 213, 3,
       100, 193, 39, 195, 119, 78, 200, 172, 13, 82, 12, 48, 41, 86, 36,
       84, 186, 82, 120, 129, 84, 112, 80, 24, 15, 197, 20, 197, 79, 153,
       172, 24, 5, 240, 29, 156, 73, 16, 242, 51, 189, 88, 87, 32, 248 ]
