%YAML:1.0
descriptors: !!opencv-matrix
   rows: 5
   cols: 64
   dt: u
   data: [ 191, 245, 125, 255, 191, 189, 223, 24, 255, 127, 245, 250,
       173, 123, 180, 85, 246, 247, 6, 243, 245, 118, 147, 126, 228, 254,
       243, 123, 126, 59, 245, 235, 215, 108, 150, 190, 218, 121, 249,
       117, 112, 222, 57, 45, 213, 21, 245, 111, 153, 174, 24, 5, 248,
       29, 156, 73, 16, 242, 51, 189, 120, 215, 40, 250, 127, 51, 241,
       182, 31, 162, 47, 126, 194, 110, 211, 53, 109, 79, 131, 83, 242,
       212, 3, 96, 193, 33, 195, 55, 204, 136, 224, 13, 82, 12, 113, 105,
       87, 36, 85, 186, 82, 112, 129, 84, 112, 76, 24, 14, 196, 20, 193,
       79, 153, 172, 24, 5, 240, 28, 156, 73, 16, 242, 51, 188, 88, 86,
       32, 248, 124, 43, 255, 253, 50, 127, 241, 255, 253, 252, 222, 181,
       95, 252, 251, 238, 251, 220, 235, 111, 117, 253, 228, 183, 221,
       111, 180, 145, 109, 214, 126, 251, 251, 36, 103, 250, 215, 122,
       217, 124, 248, 93, 185, 54, 212, 167, 195, 110, 155, 173, 159,
       141, 242, 29, 157, 93, 20, 242, 123, 253, 91, 86, 40, 250, 124,
       57, 247, 180, 18, 103, 57, 255, 212, 236, 222, 55, 85, 230, 155,
       226, 251, 221, 99, 102, 125, 165, 198, 183, 77, 235, 180, 141, 82,
       142, 50, 169, 242, 36, 85, 186, 82, 120, 193, 116, 120, 92, 48,
       46, 213, 20, 229, 110, 153, 172, 24, 5, 240, 29, 156, 73, 16, 242,
       51, 185, 88, 86, 32, 250, 39, 54, 65, 162, 29, 128, 7, 72, 230,
       70, 1, 48, 33, 11, 160, 85, 226, 212, 1, 96, 193, 34, 129, 116,
       76, 152, 168, 13, 82, 8, 49, 105, 84, 36, 84, 186, 66, 120, 1, 84,
       64, 64, 24, 15, 192, 20, 196, 79, 153, 172, 24, 5, 112, 28, 156,
       73, 16, 242, 51, 188, 88, 87, 32, 248 ]
