%YAML:1.0
descriptors: !!opencv-matrix
   rows: 92
   cols: 64
   dt: u
   data: [ 63, 245, 125, 182, 63, 191, 95, 25, 247, 87, 245, 242, 191,
       122, 180, 85, 242, 247, 71, 113, 245, 118, 209, 119, 236, 190,
       225, 127, 122, 121, 245, 233, 215, 44, 22, 190, 210, 120, 233,
       245, 82, 223, 61, 47, 209, 20, 245, 79, 153, 172, 24, 5, 240, 29,
       158, 73, 24, 242, 51, 189, 88, 87, 32, 251, 126, 53, 125, 158,
       118, 191, 31, 57, 231, 68, 253, 176, 253, 126, 180, 86, 247, 247,
       98, 244, 245, 119, 209, 119, 220, 254, 229, 125, 114, 190, 245,
       233, 214, 44, 71, 190, 202, 120, 233, 125, 120, 221, 61, 47, 213,
       52, 245, 111, 153, 174, 152, 15, 240, 29, 156, 89, 48, 242, 51,
       189, 120, 215, 40, 250, 220, 59, 147, 245, 248, 162, 234, 231, 8,
       187, 195, 23, 194, 192, 131, 90, 98, 205, 187, 70, 207, 173, 198,
       155, 142, 202, 186, 239, 192, 36, 50, 190, 119, 147, 124, 187, 53,
       254, 215, 86, 200, 96, 153, 78, 235, 13, 203, 159, 221, 172, 56,
       247, 241, 126, 156, 235, 197, 254, 83, 159, 92, 100, 145, 180,
       219, 220, 146, 127, 255, 224, 254, 128, 120, 59, 120, 235, 174,
       199, 6, 25, 111, 155, 189, 211, 237, 173, 171, 125, 226, 223, 251,
       167, 219, 99, 163, 118, 215, 161, 92, 117, 119, 221, 236, 247,
       107, 78, 106, 121, 221, 29, 255, 51, 253, 206, 24, 37, 245, 231,
       156, 235, 86, 255, 183, 191, 220, 119, 178, 255, 76, 35, 225, 144,
       16, 7, 35, 127, 128, 102, 194, 52, 81, 134, 145, 66, 226, 92, 3,
       100, 193, 33, 192, 147, 12, 136, 164, 13, 64, 12, 48, 73, 80, 36,
       85, 186, 16, 120, 1, 84, 48, 64, 24, 14, 68, 20, 225, 78, 25, 44,
       24, 4, 240, 28, 156, 73, 0, 242, 51, 188, 72, 70, 32, 242, 92, 59,
       215, 245, 248, 163, 171, 252, 200, 191, 195, 55, 195, 195, 155,
       66, 226, 197, 155, 102, 206, 173, 206, 159, 142, 202, 174, 143,
       194, 8, 49, 222, 119, 39, 93, 187, 16, 254, 197, 86, 148, 100,
       152, 14, 235, 142, 201, 151, 156, 44, 24, 117, 113, 124, 157, 203,
       192, 254, 19, 159, 76, 70, 49, 181, 54, 244, 125, 154, 62, 159,
       31, 121, 231, 102, 189, 184, 253, 62, 188, 86, 251, 247, 98, 113,
       145, 115, 219, 111, 221, 245, 229, 127, 115, 155, 213, 111, 215,
       172, 199, 190, 202, 248, 233, 126, 48, 223, 109, 47, 149, 116,
       245, 111, 147, 236, 153, 13, 180, 29, 158, 89, 56, 242, 187, 189,
       249, 215, 40, 254, 92, 59, 211, 245, 48, 226, 248, 246, 88, 155,
       66, 245, 194, 194, 137, 218, 106, 205, 185, 111, 199, 45, 231,
       219, 175, 219, 178, 167, 78, 109, 176, 254, 87, 3, 124, 179, 53,
       254, 251, 117, 217, 108, 187, 110, 235, 5, 219, 255, 216, 188,
       120, 247, 224, 61, 189, 73, 198, 251, 23, 239, 92, 55, 161, 182,
       215, 217, 218, 247, 255, 194, 222, 136, 30, 169, 189, 251, 174,
       206, 230, 89, 191, 215, 60, 215, 207, 47, 167, 107, 166, 223, 243,
       127, 215, 47, 231, 127, 151, 183, 60, 95, 242, 253, 250, 247, 113,
       238, 233, 123, 255, 28, 253, 63, 205, 215, 82, 231, 253, 246, 188,
       235, 81, 191, 248, 63, 252, 61, 177, 190, 64, 15, 212, 146, 72,
       206, 162, 103, 40, 244, 2, 5, 16, 119, 217, 134, 235, 81, 129,
       102, 212, 33, 204, 51, 89, 92, 24, 4, 32, 130, 19, 75, 213, 7, 81,
       186, 17, 82, 205, 68, 244, 84, 24, 166, 69, 132, 101, 110, 153,
       44, 24, 4, 240, 29, 156, 73, 16, 234, 35, 189, 72, 71, 32, 250, 6,
       205, 136, 0, 2, 219, 20, 3, 35, 3, 13, 196, 154, 54, 36, 42, 201,
       1, 36, 229, 133, 116, 97, 195, 89, 87, 149, 46, 64, 14, 146, 96,
       214, 36, 65, 170, 74, 88, 233, 112, 112, 156, 56, 45, 213, 20,
       247, 111, 153, 172, 24, 5, 240, 29, 152, 73, 16, 243, 51, 189, 88,
       83, 96, 234, 164, 173, 251, 212, 34, 79, 211, 71, 63, 197, 15,
       212, 19, 126, 254, 238, 171, 212, 48, 47, 134, 41, 246, 99, 125,
       215, 144, 15, 99, 170, 30, 107, 151, 38, 117, 154, 82, 122, 235,
       124, 209, 61, 60, 103, 181, 30, 245, 110, 153, 172, 155, 13, 240,
       29, 148, 75, 16, 242, 50, 189, 89, 87, 33, 250, 197, 3, 16, 16,
       201, 0, 32, 192, 0, 40, 2, 7, 0, 192, 131, 34, 98, 8, 133, 68, 72,
       160, 36, 2, 2, 8, 160, 64, 128, 0, 32, 16, 112, 32, 84, 184, 16,
       98, 1, 196, 194, 0, 24, 2, 64, 6, 192, 76, 25, 44, 24, 4, 112, 24,
       140, 73, 16, 112, 3, 180, 72, 86, 34, 105, 65, 2, 128, 10, 65,
       210, 166, 6, 32, 130, 2, 0, 0, 6, 41, 3, 203, 33, 33, 196, 193, 1,
       69, 3, 65, 85, 152, 4, 18, 0, 33, 65, 213, 4, 81, 186, 17, 72,
       173, 96, 32, 84, 56, 33, 85, 20, 119, 110, 153, 172, 24, 5, 240,
       29, 152, 73, 16, 226, 51, 181, 88, 83, 32, 234, 210, 9, 146, 215,
       32, 66, 88, 198, 18, 169, 1, 145, 18, 226, 131, 154, 107, 208, 52,
       47, 14, 173, 228, 35, 15, 155, 178, 13, 3, 40, 18, 61, 82, 39, 52,
       251, 82, 124, 195, 116, 208, 106, 184, 110, 139, 28, 73, 238, 201,
       164, 122, 149, 112, 26, 180, 75, 145, 114, 49, 125, 92, 4, 35,
       187, 2, 129, 0, 10, 129, 136, 6, 0, 2, 3, 1, 74, 128, 4, 4, 17,
       13, 3, 32, 148, 2, 4, 2, 64, 64, 212, 25, 104, 0, 34, 130, 0, 150,
       176, 89, 0, 32, 8, 106, 2, 33, 32, 44, 105, 21, 28, 52, 53, 81,
       192, 16, 4, 133, 64, 40, 170, 19, 3, 16, 33, 0, 113, 16, 98, 130,
       206, 10, 203, 99, 90, 150, 131, 47, 209, 47, 202, 154, 60, 109,
       173, 141, 179, 44, 157, 68, 84, 16, 96, 113, 213, 25, 34, 181,
       178, 18, 19, 150, 112, 91, 64, 114, 72, 234, 32, 97, 61, 40, 53,
       149, 158, 244, 105, 209, 137, 16, 13, 157, 69, 234, 170, 19, 195,
       48, 37, 80, 89, 24, 218, 2, 136, 130, 168, 1, 200, 36, 71, 45,
       192, 44, 136, 16, 172, 47, 143, 137, 56, 161, 5, 8, 5, 94, 33, 69,
       213, 25, 36, 19, 34, 18, 1, 149, 130, 115, 0, 32, 200, 108, 32,
       32, 52, 44, 97, 31, 28, 117, 160, 81, 128, 120, 52, 149, 65, 176,
       170, 17, 200, 42, 37, 64, 69, 16, 234, 194, 207, 26, 219, 224,
       222, 222, 129, 43, 203, 41, 202, 146, 198, 118, 191, 207, 211, 60,
       111, 14, 181, 54, 106, 93, 215, 187, 47, 147, 42, 50, 51, 194, 7,
       95, 219, 82, 125, 238, 114, 98, 94, 40, 121, 183, 28, 245, 54,
       221, 141, 16, 37, 249, 69, 164, 235, 145, 248, 48, 61, 92, 85, 51,
       187, 5, 14, 128, 168, 201, 74, 38, 79, 41, 64, 138, 4, 0, 4, 171,
       165, 203, 56, 161, 4, 64, 1, 30, 0, 86, 213, 24, 1, 147, 10, 10,
       1, 5, 130, 81, 138, 32, 226, 13, 0, 37, 20, 24, 161, 69, 148, 116,
       224, 80, 36, 124, 52, 131, 85, 228, 34, 144, 72, 2, 36, 0, 71, 48,
       66, 183, 250, 65, 231, 255, 200, 213, 200, 254, 121, 62, 123, 175,
       94, 228, 125, 227, 213, 37, 99, 199, 44, 169, 126, 111, 223, 51,
       43, 214, 43, 51, 127, 147, 166, 93, 218, 114, 121, 235, 246, 113,
       92, 40, 127, 221, 22, 252, 103, 137, 165, 16, 5, 248, 23, 140,
       105, 16, 242, 50, 189, 88, 87, 32, 184, 165, 254, 115, 129, 217,
       228, 163, 217, 172, 239, 170, 123, 195, 74, 241, 229, 235, 213,
       45, 99, 196, 32, 172, 120, 110, 223, 59, 47, 215, 11, 51, 127,
       112, 39, 92, 155, 82, 117, 237, 246, 243, 84, 56, 31, 209, 30,
       216, 149, 137, 173, 80, 5, 248, 31, 132, 73, 144, 240, 33, 188,
       92, 87, 32, 185, 7, 34, 65, 131, 221, 128, 139, 200, 226, 42, 1,
       114, 161, 75, 129, 81, 226, 85, 5, 98, 192, 36, 136, 104, 78, 144,
       51, 11, 146, 8, 33, 95, 87, 36, 92, 154, 80, 120, 33, 86, 0, 64,
       8, 10, 193, 20, 208, 29, 24, 172, 16, 5, 112, 24, 156, 73, 16, 50,
       49, 189, 92, 87, 32, 177, 7, 129, 136, 168, 17, 154, 158, 72, 53,
       202, 132, 232, 176, 14, 164, 95, 136, 53, 160, 17, 192, 117, 82,
       99, 101, 214, 129, 37, 82, 104, 5, 97, 151, 16, 151, 170, 50, 120,
       233, 48, 112, 158, 60, 41, 245, 85, 245, 111, 153, 174, 24, 5,
       240, 21, 252, 72, 16, 178, 55, 189, 24, 83, 32, 218, 100, 35, 33,
       22, 200, 134, 10, 1, 194, 6, 3, 2, 192, 67, 144, 0, 50, 33, 66,
       196, 91, 167, 19, 198, 218, 32, 172, 141, 130, 156, 129, 0, 66,
       44, 70, 190, 136, 40, 1, 76, 8, 64, 16, 138, 225, 104, 129, 79,
