%YAML:1.0
descriptors: !!opencv-matrix
   rows: 89
   cols: 64
   dt: u
   data: [ 118, 49, 241, 166, 83, 134, 7, 75, 230, 68, 129, 50, 245, 110,
       176, 85, 226, 213, 3, 100, 193, 39, 193, 119, 78, 216, 172, 13,
       82, 8, 48, 105, 87, 36, 84, 186, 82, 120, 1, 84, 112, 64, 24, 15,
       197, 20, 229, 79, 153, 172, 24, 5, 240, 28, 156, 73, 16, 242, 51,
       189, 88, 87, 32, 250, 68, 34, 135, 1, 200, 210, 162, 244, 64, 186,
       2, 23, 192, 7, 139, 32, 98, 193, 1, 98, 193, 1, 79, 216, 74, 72,
       172, 6, 128, 12, 35, 82, 125, 36, 69, 186, 80, 50, 173, 116, 240,
       84, 24, 14, 85, 116, 129, 109, 153, 44, 24, 5, 240, 29, 156, 73,
       16, 242, 19, 180, 88, 87, 32, 248, 84, 34, 17, 18, 64, 130, 10,
       37, 194, 42, 83, 20, 65, 2, 145, 2, 114, 195, 67, 68, 201, 163,
       65, 132, 136, 8, 172, 141, 2, 136, 33, 200, 64, 44, 71, 190, 24,
       56, 1, 84, 88, 64, 16, 142, 193, 100, 128, 78, 187, 172, 24, 3,
       224, 29, 28, 81, 4, 114, 19, 176, 104, 22, 96, 242, 69, 37, 196,
       20, 85, 34, 3, 94, 160, 0, 128, 33, 104, 203, 131, 1, 104, 45, 3,
       212, 97, 39, 64, 231, 70, 104, 204, 13, 208, 12, 96, 64, 222, 45,
       69, 190, 82, 48, 5, 124, 124, 80, 24, 143, 197, 113, 167, 78, 56,
       164, 24, 5, 240, 28, 156, 65, 56, 178, 55, 189, 24, 71, 36, 72,
       12, 202, 102, 201, 232, 95, 162, 197, 61, 220, 14, 79, 80, 53,
       251, 160, 137, 120, 201, 42, 212, 65, 28, 240, 123, 93, 28, 128,
       173, 199, 27, 215, 181, 195, 91, 64, 117, 210, 237, 40, 229, 53,
       74, 54, 85, 134, 122, 225, 173, 89, 239, 61, 151, 71, 137, 76, 38,
       204, 14, 36, 194, 79, 6, 212, 194, 101, 129, 22, 4, 2, 28, 3, 98,
       131, 41, 194, 34, 130, 36, 27, 45, 2, 36, 213, 2, 132, 97, 7, 192,
       215, 243, 107, 3, 42, 130, 32, 210, 60, 4, 158, 74, 12, 162, 195,
       98, 74, 40, 105, 151, 92, 180, 44, 81, 170, 16, 7, 96, 24, 116,
       203, 144, 51, 16, 53, 60, 80, 64, 42, 198, 201, 138, 136, 66, 90,
       132, 135, 11, 66, 14, 142, 18, 244, 111, 168, 141, 27, 184, 132,
       6, 149, 92, 2, 115, 85, 25, 96, 133, 230, 158, 64, 132, 147, 75,
       65, 32, 198, 238, 42, 32, 61, 100, 113, 61, 222, 55, 160, 213,
       202, 166, 254, 151, 71, 96, 178, 151, 73, 140, 37, 5, 105, 217,
       66, 221, 187, 247, 213, 112, 163, 249, 254, 208, 157, 195, 247,
       195, 209, 146, 75, 162, 205, 251, 111, 166, 45, 194, 251, 47, 234,
       134, 151, 92, 9, 52, 207, 127, 119, 60, 187, 20, 252, 255, 181,
       209, 108, 187, 102, 235, 44, 217, 235, 92, 180, 121, 247, 241,
       254, 156, 206, 69, 190, 115, 207, 72, 37, 149, 255, 3, 128, 16,
       42, 9, 138, 38, 10, 66, 2, 40, 160, 32, 2, 172, 17, 79, 3, 161, 0,
       193, 36, 65, 67, 64, 213, 241, 45, 18, 40, 129, 65, 151, 4, 81,
       178, 49, 72, 233, 96, 96, 92, 56, 33, 245, 20, 245, 111, 145, 172,
       24, 4, 244, 13, 216, 73, 18, 178, 55, 181, 24, 83, 32, 74, 6, 163,
       129, 188, 32, 218, 34, 69, 9, 192, 15, 132, 208, 53, 143, 50, 137,
       9, 1, 230, 197, 37, 66, 83, 205, 220, 144, 237, 64, 166, 131, 65,
       151, 16, 81, 170, 56, 120, 233, 100, 96, 28, 56, 33, 245, 20, 247,
       111, 153, 172, 9, 7, 240, 29, 24, 73, 20, 211, 19, 181, 88, 83,
       96, 234, 60, 59, 255, 252, 50, 255, 241, 127, 253, 252, 222, 181,
       93, 254, 187, 230, 251, 220, 195, 106, 245, 115, 198, 183, 93,
       234, 164, 149, 120, 221, 127, 235, 247, 36, 85, 186, 86, 122, 249,
       124, 248, 93, 123, 46, 212, 167, 231, 111, 153, 172, 157, 13, 242,
       29, 156, 77, 48, 242, 59, 189, 91, 87, 32, 250, 67, 4, 136, 8,
       200, 138, 14, 0, 34, 34, 1, 2, 128, 69, 36, 1, 196, 65, 48, 196,
       200, 37, 66, 193, 64, 80, 168, 110, 0, 12, 129, 64, 215, 37, 85,
       171, 74, 40, 237, 98, 112, 88, 56, 47, 213, 92, 245, 111, 153,
       172, 24, 5, 241, 93, 28, 203, 16, 242, 51, 181, 88, 83, 96, 234,
       19, 48, 16, 38, 21, 128, 0, 14, 66, 8, 18, 53, 32, 6, 129, 16,
       106, 2, 0, 144, 193, 32, 193, 7, 128, 152, 224, 9, 18, 40, 129,
       68, 13, 164, 53, 178, 45, 64, 1, 68, 33, 64, 23, 10, 4, 21, 166,
       78, 0, 102, 89, 4, 38, 0, 120, 1, 2, 35, 142, 176, 8, 7, 160, 66,
       196, 233, 153, 28, 0, 74, 28, 70, 3, 130, 41, 138, 2, 130, 134,
       27, 13, 2, 36, 77, 14, 132, 96, 3, 197, 215, 179, 105, 1, 42, 130,
       0, 146, 20, 113, 138, 0, 12, 234, 64, 32, 168, 56, 97, 183, 92,
       53, 46, 81, 162, 32, 119, 0, 81, 116, 170, 17, 27, 16, 97, 29,
       113, 81, 106, 134, 2, 3, 133, 52, 0, 152, 190, 18, 153, 18, 85, 2,
       2, 129, 194, 32, 212, 4, 43, 64, 8, 164, 56, 40, 136, 162, 3, 20,
       8, 48, 31, 112, 48, 60, 186, 86, 118, 129, 149, 211, 70, 27, 30,
       138, 6, 200, 92, 9, 37, 94, 5, 120, 26, 149, 72, 128, 114, 34, 92,
       76, 6, 34, 177, 9, 206, 6, 43, 137, 216, 164, 132, 41, 145, 14,
       79, 176, 55, 107, 161, 203, 170, 169, 216, 197, 0, 31, 240, 65,
       93, 25, 160, 173, 66, 3, 22, 157, 64, 67, 32, 113, 146, 237, 32,
       109, 21, 56, 55, 85, 199, 126, 225, 185, 201, 12, 45, 215, 13,
       201, 200, 54, 192, 135, 165, 64, 67, 36, 90, 220, 185, 211, 245,
       248, 162, 250, 227, 90, 185, 65, 255, 215, 194, 146, 90, 54, 207,
       188, 79, 143, 173, 226, 219, 175, 218, 242, 255, 68, 109, 246,
       254, 87, 179, 60, 95, 180, 253, 254, 247, 209, 110, 229, 114, 171,
       28, 219, 191, 205, 214, 120, 247, 229, 246, 60, 235, 197, 223,
       209, 203, 253, 45, 147, 191, 66, 101, 1, 186, 0, 2, 14, 3, 67, 66,
       41, 128, 0, 134, 132, 26, 3, 70, 32, 68, 10, 128, 0, 2, 76, 197,
       171, 13, 3, 40, 48, 8, 0, 20, 20, 139, 0, 108, 2, 194, 34, 202,
       52, 105, 54, 28, 68, 28, 64, 160, 48, 22, 1, 24, 36, 170, 136, 42,
       17, 24, 28, 68, 112, 160, 7, 196, 72, 170, 19, 72, 133, 9, 39, 66,
       41, 234, 145, 46, 236, 93, 137, 52, 36, 1, 0, 4, 144, 96, 101,
       213, 17, 41, 19, 42, 19, 17, 146, 164, 95, 138, 34, 88, 233, 54,
       32, 216, 44, 105, 149, 20, 244, 45, 65, 172, 16, 4, 136, 1, 172,
       40, 24, 162, 48, 61, 24, 85, 32, 186, 210, 186, 195, 231, 255,
       162, 155, 188, 222, 191, 211, 127, 175, 75, 147, 81, 226, 213, 56,
       127, 204, 15, 206, 124, 47, 202, 58, 63, 222, 41, 51, 127, 119,
       237, 124, 91, 126, 255, 237, 247, 193, 76, 203, 94, 203, 12, 217,
       49, 220, 220, 24, 165, 229, 246, 189, 235, 192, 190, 178, 219,
       220, 23, 48, 183, 66, 11, 130, 27, 200, 202, 130, 7, 40, 0, 14, 5,
       16, 116, 43, 160, 235, 1, 1, 198, 198, 41, 79, 83, 83, 77, 4, 4,
       2, 138, 19, 66, 183, 39, 65, 186, 80, 82, 205, 100, 33, 52, 24,
       38, 69, 214, 181, 230, 153, 44, 24, 4, 176, 29, 152, 73, 16, 226,
       35, 181, 72, 71, 32, 248, 5, 47, 213, 138, 0, 76, 36, 70, 41, 68,
       10, 21, 16, 55, 223, 162, 203, 64, 161, 32, 68, 0, 78, 131, 89,
       213, 21, 33, 1, 138, 18, 9, 213, 2, 117, 178, 0, 208, 235, 44, 37,
       52, 56, 39, 37, 144, 117, 228, 145, 164, 124, 52, 144, 29, 148, 8,
       0, 104, 2, 37, 72, 69, 33, 242, 94, 26, 199, 213, 254, 167, 155,
       244, 12, 239, 83, 31, 155, 204, 155, 70, 96, 213, 89, 102, 206,
       141, 206, 57, 14, 200, 170, 47, 210, 9, 53, 47, 119, 37, 125, 187,
       86, 119, 197, 86, 144, 64, 201, 14, 203, 142, 201, 147, 157, 12,
       88, 165, 115, 254, 149, 235, 192, 126, 49, 185, 76, 6, 50, 244,
       61, 54, 255, 117, 62, 183, 185, 254, 244, 190, 210, 119, 205, 29,
       187, 71, 250, 253, 195, 107, 245, 103, 206, 255, 205, 42, 182,
       151, 92, 69, 113, 239, 95, 40, 213, 190, 87, 250, 233, 117, 220,
       92, 122, 46, 211, 33, 195, 107, 184, 172, 24, 5, 240, 29, 156, 73,
       22, 242, 55, 189, 218, 87, 32, 254, 5, 6, 17, 32, 201, 74, 166,
       76, 0, 72, 138, 5, 0, 5, 203, 161, 235, 12, 129, 4, 64, 1, 140,
       64, 70, 204, 8, 69, 144, 10, 11, 77, 20, 3, 89, 153, 32, 226, 13,
       4, 37, 20, 24, 2, 77, 130, 108, 192, 0, 52, 120, 52, 129, 66, 4,
       11, 128, 8, 6, 32, 4, 7, 48, 112, 67, 1, 128, 2, 73, 194, 2, 14,
       0, 0, 134, 5, 48, 68, 11, 0, 76, 1, 17, 212, 192, 35, 71, 3, 82,
