%YAML:1.0
descriptors: !!opencv-matrix
   rows: 18
   cols: 64
   dt: u
   data: [ 63, 54, 125, 170, 62, 61, 37, 125, 244, 126, 214, 51, 253, 59,
       191, 85, 250, 244, 67, 112, 241, 82, 211, 116, 220, 184, 252, 169,
       250, 92, 115, 233, 213, 44, 85, 190, 90, 120, 169, 124, 124, 92,
       56, 47, 212, 21, 246, 109, 153, 172, 24, 5, 240, 29, 156, 73, 16,
       242, 51, 188, 88, 87, 32, 250, 191, 54, 117, 163, 157, 48, 169,
       216, 228, 127, 210, 119, 237, 11, 130, 85, 226, 212, 7, 96, 233,
       130, 131, 116, 76, 156, 249, 43, 210, 14, 115, 107, 85, 36, 85,
       186, 82, 120, 169, 116, 112, 76, 24, 15, 212, 17, 244, 77, 153,
       172, 24, 5, 240, 29, 156, 73, 16, 242, 51, 188, 88, 87, 32, 250,
       50, 49, 25, 214, 54, 1, 88, 35, 66, 0, 85, 176, 116, 194, 148, 82,
       118, 130, 70, 211, 7, 168, 193, 134, 140, 10, 230, 217, 66, 188,
       212, 40, 66, 60, 36, 158, 138, 104, 194, 213, 16, 203, 181, 75,
       162, 20, 129, 78, 131, 166, 1, 71, 104, 24, 48, 65, 1, 51, 113,
       251, 57, 54, 225, 235, 61, 182, 117, 36, 60, 120, 189, 124, 208,
       188, 194, 117, 101, 23, 128, 209, 251, 236, 131, 73, 241, 2, 109,
       156, 165, 189, 116, 147, 79, 79, 225, 238, 93, 204, 237, 190, 61,
       176, 169, 117, 125, 84, 59, 183, 230, 225, 54, 105, 184, 247, 110,
       35, 240, 148, 30, 69, 166, 178, 135, 204, 250, 151, 100, 94, 17,
       21, 17, 150, 0, 132, 76, 1, 2, 68, 41, 0, 0, 71, 4, 16, 119, 66,
       0, 6, 2, 40, 16, 67, 216, 150, 227, 72, 2, 40, 192, 33, 66, 22,
       16, 154, 0, 8, 66, 72, 33, 74, 176, 227, 164, 24, 181, 14, 1, 160,
       16, 66, 32, 8, 20, 67, 1, 51, 80, 1, 16, 101, 33, 226, 1, 6, 1,
       42, 201, 160, 37, 73, 32, 122, 40, 3, 128, 141, 9, 5, 131, 109,
       161, 64, 232, 132, 24, 120, 70, 220, 27, 162, 146, 0, 33, 71, 67,
       130, 93, 49, 49, 172, 37, 34, 100, 100, 26, 171, 70, 145, 86, 209,
       8, 68, 24, 32, 197, 28, 140, 8, 128, 224, 131, 148, 196, 70, 0,
       48, 63, 50, 85, 162, 157, 160, 37, 120, 196, 106, 208, 49, 109,
       75, 128, 81, 226, 212, 1, 96, 193, 32, 129, 118, 76, 136, 160, 9,
       82, 8, 49, 105, 87, 36, 84, 186, 82, 112, 1, 84, 80, 64, 24, 15,
       192, 20, 196, 79, 153, 172, 24, 4, 240, 28, 156, 73, 16, 242, 51,
       188, 88, 86, 32, 248, 62, 49, 113, 150, 18, 5, 88, 103, 194, 4,
       81, 52, 117, 66, 145, 82, 118, 194, 66, 66, 151, 40, 193, 135,
       156, 138, 230, 201, 66, 188, 245, 232, 70, 44, 5, 190, 138, 120,
       195, 92, 24, 72, 149, 74, 224, 52, 129, 78, 153, 172, 25, 67, 114,
       24, 28, 65, 0, 243, 83, 185, 120, 22, 33, 234, 60, 185, 253, 254,
       54, 127, 249, 127, 215, 220, 212, 181, 125, 126, 191, 254, 255,
       214, 99, 99, 245, 50, 193, 247, 221, 171, 228, 217, 123, 220, 244,
       233, 223, 44, 85, 190, 86, 120, 233, 124, 120, 93, 53, 47, 212,
       53, 245, 110, 153, 172, 153, 5, 240, 29, 156, 73, 16, 242, 51,
       189, 90, 87, 34, 250, 203, 212, 78, 35, 221, 48, 163, 216, 52,
       149, 100, 251, 170, 27, 134, 13, 106, 253, 61, 109, 104, 135, 175,
       112, 44, 153, 25, 35, 247, 3, 35, 63, 144, 37, 180, 250, 83, 57,
       45, 180, 89, 194, 58, 31, 217, 25, 90, 145, 9, 189, 22, 4, 217,
       190, 142, 105, 16, 244, 33, 156, 92, 87, 36, 251, 20, 33, 16, 22,
       17, 130, 14, 6, 2, 2, 1, 52, 0, 6, 128, 18, 96, 10, 1, 196, 193,
       32, 64, 3, 128, 8, 224, 77, 0, 8, 161, 64, 84, 52, 20, 186, 1, 40,
       1, 84, 0, 64, 16, 11, 192, 20, 167, 78, 25, 172, 24, 5, 112, 24,
       28, 73, 0, 50, 19, 176, 24, 86, 32, 106, 7, 6, 64, 34, 221, 184,
       34, 0, 32, 24, 42, 101, 136, 95, 232, 97, 192, 124, 5, 224, 193,
       34, 24, 120, 70, 156, 1, 3, 158, 10, 41, 85, 16, 228, 95, 146, 97,
       114, 41, 150, 197, 84, 26, 15, 64, 195, 246, 65, 136, 53, 16, 4,
       228, 5, 143, 9, 16, 226, 35, 180, 72, 87, 32, 56, 195, 128, 130,
       19, 201, 130, 142, 132, 2, 35, 1, 202, 130, 194, 6, 25, 73, 3, 60,
       151, 203, 173, 107, 72, 66, 215, 187, 47, 147, 41, 131, 70, 151,
       167, 28, 19, 32, 140, 111, 102, 64, 106, 40, 105, 145, 88, 189,
       177, 81, 204, 24, 37, 149, 66, 188, 227, 17, 120, 176, 21, 28,
       113, 48, 106, 68, 2, 2, 17, 200, 146, 130, 129, 2, 163, 3, 70,
       128, 70, 1, 0, 12, 11, 12, 135, 193, 37, 67, 194, 64, 86, 157,
       102, 0, 134, 131, 82, 71, 16, 65, 33, 25, 8, 110, 64, 96, 32, 32,
       172, 213, 72, 179, 107, 25, 236, 8, 3, 245, 89, 24, 195, 7, 91,
       19, 181, 72, 115, 96, 106, 195, 205, 131, 254, 1, 74, 125, 142, 1,
       192, 45, 211, 18, 198, 198, 154, 171, 85, 53, 79, 6, 141, 228, 35,
       79, 223, 179, 45, 83, 42, 50, 41, 146, 39, 53, 219, 3, 108, 223,
       116, 49, 234, 184, 107, 159, 28, 117, 238, 201, 160, 114, 149,
       201, 30, 180, 138, 209, 248, 33, 123, 93, 69, 145, 186, 5, 38,
       117, 0, 216, 164, 163, 112, 160, 60, 194, 21, 192, 93, 137, 1, 98,
       237, 131, 96, 241, 32, 10, 241, 76, 40, 44, 132, 16, 12, 33, 71,
       87, 32, 85, 186, 80, 50, 9, 84, 221, 68, 26, 142, 64, 224, 194,
       79, 152, 44, 24, 0, 240, 28, 156, 65, 0, 98, 19, 148, 72, 7, 32,
       240, 70, 33, 193, 52, 17, 162, 42, 78, 128, 170, 193, 52, 96, 0,
       131, 82, 98, 205, 3, 66, 193, 37, 194, 83, 12, 136, 160, 13, 82,
       12, 33, 106, 87, 36, 21, 186, 82, 120, 1, 84, 80, 64, 24, 14, 193,
       21, 193, 79, 25, 172, 24, 5, 240, 24, 156, 73, 16, 242, 51, 157,
       88, 22, 32, 242, 60, 188, 255, 254, 62, 255, 249, 127, 245, 252,
       222, 245, 127, 126, 187, 254, 251, 252, 227, 107, 245, 119, 215,
       247, 253, 235, 244, 159, 126, 221, 255, 239, 223, 108, 87, 190,
       223, 122, 249, 125, 120, 93, 127, 46, 213, 53, 247, 111, 185, 172,
       153, 13, 242, 29, 156, 93, 60, 242, 115, 189, 251, 223, 44, 254 ]
