%YAML:1.0
descriptors: !!opencv-matrix
   rows: 1
   cols: 64
   dt: u
   data: [ 252, 254, 255, 223, 254, 255, 223, 249, 255, 253, 127, 255,
       223, 255, 255, 254, 251, 245, 123, 111, 255, 255, 218, 253, 255,
       255, 191, 63, 255, 219, 127, 239, 215, 239, 87, 127, 214, 255,
       255, 127, 246, 127, 239, 127, 221, 190, 253, 179, 159, 236, 153,
       253, 247, 255, 159, 255, 120, 254, 251, 191, 219, 221, 59, 254 ]
