%YAML:1.0
descriptors: !!opencv-matrix
   rows: 3
   cols: 64
   dt: u
   data: [ 39, 54, 97, 130, 157, 128, 7, 72, 230, 68, 130, 48, 33, 11,
       128, 85, 226, 212, 1, 96, 193, 2, 128, 100, 76, 152, 40, 9, 18, 8,
       33, 105, 84, 36, 84, 186, 66, 112, 1, 84, 0, 64, 24, 11, 64, 0,
       196, 77, 153, 36, 24, 4, 96, 24, 140, 73, 16, 114, 51, 188, 88,
       87, 32, 248, 187, 252, 238, 255, 63, 255, 221, 63, 255, 255, 253,
       249, 191, 127, 126, 223, 253, 255, 123, 251, 245, 127, 243, 127,
       253, 255, 247, 255, 127, 247, 255, 239, 207, 108, 215, 254, 255,
       121, 249, 125, 126, 223, 255, 175, 213, 53, 247, 111, 191, 190,
       154, 13, 240, 29, 158, 93, 56, 247, 127, 191, 251, 223, 46, 254,
       60, 47, 255, 252, 58, 127, 241, 127, 245, 252, 222, 181, 93, 254,
       187, 230, 251, 220, 195, 107, 245, 113, 212, 183, 221, 43, 164,
       147, 108, 213, 125, 235, 255, 32, 71, 190, 215, 122, 249, 124,
       252, 93, 251, 38, 212, 167, 195, 111, 187, 172, 141, 13, 242, 29,
       157, 93, 52, 242, 123, 253, 91, 87, 40, 254 ]
