%YAML:1.0
descriptors: !!opencv-matrix
   rows: 17
   cols: 64
   dt: u
   data: [ 44, 14, 247, 249, 59, 255, 161, 255, 189, 252, 206, 21, 93,
       124, 187, 229, 251, 252, 227, 106, 244, 115, 222, 191, 95, 109,
       20, 134, 125, 215, 127, 207, 205, 194, 67, 52, 245, 242, 249, 126,
       124, 21, 126, 166, 85, 229, 247, 235, 184, 236, 223, 13, 246, 29,
       156, 89, 54, 226, 239, 173, 219, 207, 45, 246, 149, 153, 215, 213,
       32, 130, 217, 102, 18, 133, 5, 211, 134, 241, 146, 26, 46, 199,
       52, 47, 134, 45, 226, 99, 174, 210, 178, 127, 54, 40, 16, 41, 151,
       55, 48, 154, 18, 124, 250, 85, 81, 56, 169, 103, 169, 24, 241,
       111, 209, 172, 57, 215, 176, 24, 156, 79, 17, 122, 50, 79, 88, 53,
       129, 250, 67, 4, 128, 137, 200, 130, 2, 4, 32, 230, 0, 4, 144,
       169, 43, 2, 8, 25, 16, 32, 136, 1, 202, 41, 92, 128, 136, 4, 0, 1,
       25, 71, 21, 145, 49, 41, 0, 200, 36, 10, 160, 32, 76, 8, 3, 156,
       73, 147, 17, 72, 56, 36, 21, 88, 180, 170, 25, 106, 43, 148, 64,
       4, 18, 231, 208, 217, 155, 87, 32, 139, 216, 50, 90, 129, 21, 203,
       214, 208, 68, 26, 62, 131, 60, 15, 134, 45, 227, 195, 171, 83,
       243, 126, 5, 43, 212, 126, 223, 55, 56, 85, 158, 205, 250, 243,
       209, 191, 237, 103, 187, 28, 185, 47, 199, 210, 43, 247, 188, 105,
       57, 207, 85, 95, 242, 107, 113, 61, 215, 207, 1, 7, 17, 148, 128,
       4, 14, 65, 34, 70, 41, 2, 128, 69, 20, 17, 102, 99, 0, 36, 10,
       172, 16, 66, 92, 148, 163, 72, 128, 8, 0, 1, 66, 54, 80, 154, 0,
       40, 2, 72, 36, 66, 24, 203, 36, 24, 229, 14, 0, 164, 16, 0, 32,
       24, 4, 3, 9, 50, 16, 49, 72, 68, 33, 32, 78, 42, 203, 169, 28,
       240, 170, 204, 24, 187, 82, 189, 193, 134, 155, 235, 9, 92, 137,
       105, 233, 145, 238, 25, 13, 201, 24, 167, 95, 65, 51, 222, 117,
       128, 253, 33, 117, 255, 45, 54, 232, 100, 106, 56, 87, 135, 74,
       241, 122, 108, 126, 181, 215, 245, 189, 44, 198, 232, 143, 252,
       205, 87, 114, 182, 11, 50, 198, 33, 189, 240, 162, 252, 112, 187,
       208, 101, 232, 17, 3, 1, 8, 76, 139, 216, 233, 65, 79, 252, 4, 40,
       24, 162, 220, 69, 35, 214, 125, 232, 157, 48, 127, 176, 41, 35,
       124, 68, 90, 30, 65, 225, 82, 113, 58, 94, 28, 1, 213, 188, 216,
       72, 134, 160, 135, 148, 206, 19, 100, 86, 63, 183, 125, 190, 63,
       61, 61, 127, 246, 126, 213, 177, 125, 123, 180, 87, 246, 254, 67,
       241, 245, 114, 209, 247, 220, 170, 228, 219, 122, 220, 245, 233,
       223, 44, 87, 190, 219, 120, 225, 125, 124, 94, 59, 175, 212, 53,
       247, 111, 153, 172, 24, 13, 240, 29, 156, 73, 16, 242, 51, 189,
       90, 87, 40, 251, 20, 33, 152, 18, 0, 67, 0, 103, 66, 128, 5, 20,
       80, 166, 161, 66, 110, 2, 0, 199, 3, 48, 69, 131, 152, 0, 164, 72,
       0, 140, 144, 96, 74, 4, 1, 170, 24, 72, 67, 92, 16, 1, 20, 34, 36,
       52, 3, 110, 27, 44, 41, 7, 178, 24, 16, 65, 18, 115, 19, 177, 24,
       50, 96, 234, 69, 2, 195, 161, 221, 240, 163, 220, 48, 186, 66, 21,
       0, 9, 139, 129, 10, 76, 129, 96, 200, 129, 238, 56, 12, 136, 8, 7,
       218, 1, 33, 95, 117, 130, 220, 59, 53, 242, 37, 182, 196, 100, 26,
       6, 64, 131, 64, 209, 24, 60, 92, 36, 213, 189, 141, 8, 144, 168,
       163, 140, 76, 86, 38, 245, 211, 221, 146, 86, 97, 130, 213, 10,
       34, 197, 37, 203, 166, 251, 6, 26, 110, 215, 60, 47, 6, 45, 227,
       99, 43, 211, 115, 110, 23, 41, 192, 45, 151, 39, 56, 81, 66, 77,
       254, 230, 83, 250, 168, 107, 139, 24, 93, 175, 193, 128, 114, 213,
       60, 34, 181, 203, 81, 126, 112, 63, 80, 117, 145, 251, 35, 132, 8,
       42, 137, 220, 162, 5, 44, 66, 6, 12, 16, 47, 111, 164, 203, 48, 1,
       64, 192, 66, 219, 96, 85, 149, 24, 33, 67, 146, 3, 1, 133, 4, 67,
       138, 3, 2, 41, 40, 32, 20, 56, 161, 84, 80, 116, 100, 153, 44, 24,
       12, 240, 5, 192, 9, 24, 224, 43, 188, 24, 83, 40, 202, 7, 65, 8,
       154, 3, 8, 20, 14, 34, 64, 45, 128, 16, 42, 36, 67, 192, 16, 0,
       81, 0, 48, 192, 35, 68, 131, 128, 9, 83, 8, 16, 97, 146, 36, 80,
       170, 66, 72, 129, 240, 114, 155, 60, 41, 208, 20, 229, 78, 145,
       164, 24, 4, 112, 29, 157, 9, 16, 242, 51, 188, 88, 86, 34, 249,
       13, 54, 68, 32, 221, 162, 38, 80, 32, 58, 192, 99, 224, 73, 128,
       1, 98, 109, 135, 208, 225, 38, 9, 122, 68, 24, 40, 135, 218, 4,
       161, 196, 95, 32, 212, 186, 113, 56, 33, 244, 76, 68, 26, 143, 64,
       81, 230, 79, 56, 36, 24, 0, 224, 28, 140, 73, 18, 178, 23, 148, 8,
       87, 36, 104, 51, 54, 125, 2, 30, 180, 7, 24, 226, 14, 144, 48,
       109, 3, 4, 17, 118, 166, 67, 144, 240, 98, 17, 196, 144, 160, 228,
       201, 2, 24, 225, 104, 77, 44, 134, 190, 74, 56, 1, 92, 124, 64,
       18, 141, 208, 97, 164, 79, 178, 172, 8, 2, 224, 24, 94, 81, 52,
       50, 23, 156, 58, 215, 104, 120, 2, 3, 1, 34, 21, 0, 4, 11, 194, 0,
       146, 49, 32, 2, 1, 18, 98, 20, 1, 80, 192, 34, 193, 71, 4, 136,
       160, 9, 18, 8, 33, 72, 7, 36, 85, 186, 82, 120, 1, 84, 32, 64, 16,
       11, 68, 20, 129, 79, 153, 172, 24, 5, 240, 28, 156, 73, 0, 114,
       51, 188, 24, 70, 32, 120, 6, 37, 0, 20, 4, 0, 8, 7, 2, 34, 17, 0,
       0, 2, 1, 18, 96, 2, 0, 208, 129, 32, 64, 3, 4, 128, 160, 73, 2,
       40, 33, 96, 69, 60, 20, 186, 10, 40, 1, 84, 0, 64, 16, 138, 192,
       16, 129, 78, 17, 172, 24, 1, 32, 24, 28, 65, 16, 50, 51, 152, 8,
       22, 32, 226 ]
