%YAML:1.0
descriptors: !!opencv-matrix
   rows: 9
   cols: 64
   dt: u
   data: [ 7, 20, 64, 2, 23, 128, 5, 8, 134, 2, 1, 112, 32, 10, 160, 85,
       226, 212, 1, 64, 193, 34, 129, 100, 68, 144, 160, 9, 18, 8, 17,
       41, 84, 36, 20, 154, 66, 112, 1, 84, 80, 64, 24, 11, 192, 20, 244,
       76, 145, 172, 24, 4, 112, 24, 156, 73, 16, 114, 51, 188, 88, 87,
       32, 248, 39, 50, 65, 130, 29, 128, 1, 72, 198, 64, 146, 48, 33,
       11, 128, 85, 226, 212, 1, 96, 193, 32, 128, 116, 76, 152, 160, 9,
       82, 8, 49, 105, 85, 36, 84, 186, 82, 120, 1, 84, 80, 80, 24, 15,
       192, 20, 228, 79, 153, 172, 24, 4, 240, 28, 156, 73, 16, 242, 51,
       188, 88, 87, 32, 248, 66, 1, 128, 146, 0, 2, 12, 6, 2, 226, 1, 0,
       0, 132, 3, 18, 77, 66, 0, 68, 10, 161, 196, 3, 12, 128, 162, 13,
       2, 40, 0, 65, 81, 4, 20, 170, 0, 108, 2, 66, 32, 64, 40, 104, 22,
       28, 65, 14, 81, 40, 16, 5, 32, 24, 52, 74, 145, 34, 33, 57, 8, 84,
       32, 226, 1, 2, 0, 0, 201, 128, 38, 64, 0, 0, 0, 71, 128, 69, 128,
       1, 66, 64, 129, 0, 192, 32, 8, 64, 64, 152, 0, 0, 144, 8, 1, 69,
       20, 38, 16, 184, 0, 0, 5, 4, 65, 0, 24, 2, 64, 16, 192, 65, 0, 36,
       24, 4, 48, 24, 140, 1, 16, 32, 34, 132, 0, 71, 32, 104, 247, 55,
       113, 177, 209, 36, 35, 233, 196, 71, 241, 50, 237, 171, 147, 86,
       226, 213, 7, 100, 11, 130, 164, 52, 78, 136, 172, 9, 210, 12, 48,
       57, 112, 36, 84, 186, 66, 112, 1, 212, 144, 66, 24, 14, 208, 28,
       192, 12, 153, 44, 16, 5, 112, 29, 132, 73, 16, 240, 49, 188, 88,
       86, 32, 249, 13, 10, 199, 225, 40, 119, 160, 246, 49, 252, 74, 5,
       72, 53, 155, 162, 203, 204, 201, 42, 244, 65, 206, 187, 73, 105,
       20, 134, 108, 69, 59, 207, 117, 194, 81, 32, 117, 250, 233, 36,
       252, 52, 106, 54, 69, 135, 99, 235, 185, 108, 60, 5, 244, 29, 156,
       76, 6, 226, 135, 189, 202, 71, 32, 246, 76, 47, 239, 249, 32, 119,
       164, 247, 49, 254, 194, 133, 92, 181, 187, 130, 137, 200, 235,
       111, 124, 193, 86, 179, 89, 105, 156, 148, 105, 196, 50, 195, 221,
       0, 69, 168, 85, 122, 201, 124, 124, 28, 56, 174, 85, 165, 103,
       110, 153, 172, 28, 5, 240, 29, 156, 76, 22, 226, 51, 189, 90, 87,
       96, 250, 70, 34, 81, 130, 216, 128, 10, 73, 198, 34, 1, 50, 225,
       2, 146, 83, 226, 213, 1, 100, 73, 133, 131, 116, 76, 136, 172, 9,
       146, 8, 49, 40, 81, 36, 84, 186, 66, 120, 1, 84, 80, 64, 24, 15,
       192, 20, 192, 77, 153, 172, 24, 5, 112, 28, 156, 73, 16, 242, 51,
       188, 88, 86, 32, 248, 68, 33, 227, 144, 16, 71, 41, 239, 128, 230,
       195, 52, 81, 134, 155, 98, 203, 84, 3, 102, 11, 129, 198, 3, 12,
       136, 166, 9, 82, 8, 50, 8, 112, 36, 85, 186, 0, 118, 1, 86, 16,
       64, 20, 14, 70, 28, 65, 172, 25, 44, 80, 5, 112, 28, 148, 73, 144,
       226, 33, 184, 76, 6, 32, 240 ]
