%YAML:1.0
descriptors: !!opencv-matrix
   rows: 4
   cols: 64
   dt: u
   data: [ 60, 174, 255, 252, 58, 127, 241, 247, 253, 252, 222, 245, 95,
       253, 251, 238, 251, 252, 235, 107, 245, 125, 222, 255, 221, 107,
       148, 146, 108, 215, 127, 239, 223, 66, 103, 190, 215, 250, 249,
       124, 252, 93, 251, 182, 245, 167, 247, 107, 187, 172, 173, 77,
       242, 29, 157, 93, 54, 242, 115, 253, 219, 223, 45, 254, 62, 51,
       125, 146, 55, 151, 31, 127, 230, 70, 213, 48, 125, 127, 180, 86,
       250, 214, 67, 113, 241, 114, 209, 119, 220, 186, 228, 29, 114,
       156, 245, 233, 215, 44, 87, 190, 90, 120, 201, 124, 112, 93, 56,
       47, 212, 20, 245, 111, 153, 172, 24, 5, 240, 29, 156, 73, 16, 242,
       51, 189, 88, 87, 32, 250, 187, 244, 125, 175, 255, 189, 223, 25,
       255, 127, 189, 250, 175, 123, 244, 125, 246, 247, 22, 113, 249,
       114, 179, 124, 228, 254, 249, 59, 255, 123, 255, 251, 215, 108,
       158, 254, 218, 113, 169, 245, 82, 222, 27, 31, 209, 23, 244, 93,
       153, 191, 24, 5, 248, 157, 159, 73, 24, 246, 51, 188, 88, 215, 46,
       249, 52, 35, 241, 144, 16, 6, 33, 111, 198, 70, 209, 52, 81, 134,
       145, 66, 226, 212, 3, 96, 193, 32, 192, 51, 76, 136, 164, 9, 82,
       12, 48, 105, 80, 36, 85, 186, 82, 120, 1, 84, 48, 64, 16, 14, 68,
       20, 193, 78, 153, 44, 24, 5, 112, 28, 156, 73, 16, 242, 51, 188,
       88, 86, 32, 242 ]
