%YAML:1.0
descriptors: !!opencv-matrix
   rows: 83
   cols: 64
   dt: u
   data: [ 98, 2, 128, 147, 200, 134, 2, 69, 70, 102, 17, 6, 144, 196,
       19, 6, 98, 81, 1, 100, 200, 165, 203, 97, 14, 192, 184, 14, 18,
       12, 17, 75, 87, 37, 85, 187, 66, 120, 5, 86, 16, 64, 0, 14, 69,
       28, 193, 7, 25, 44, 24, 5, 48, 24, 156, 75, 16, 114, 51, 189, 88,
       87, 32, 250, 99, 0, 192, 154, 79, 134, 11, 4, 38, 102, 49, 136,
       24, 169, 52, 22, 226, 209, 0, 224, 200, 35, 195, 33, 76, 128, 172,
       15, 19, 24, 17, 107, 213, 36, 84, 186, 66, 120, 33, 254, 50, 74,
       8, 15, 209, 28, 193, 79, 153, 172, 24, 5, 112, 24, 156, 73, 16,
       242, 51, 188, 88, 86, 34, 249, 227, 196, 236, 150, 223, 135, 27,
       12, 167, 103, 53, 216, 191, 169, 54, 79, 226, 245, 21, 97, 200,
       163, 251, 45, 76, 138, 168, 15, 83, 25, 57, 111, 213, 36, 20, 186,
       66, 112, 33, 254, 82, 202, 24, 15, 209, 28, 193, 79, 153, 172, 24,
       5, 112, 24, 156, 73, 16, 242, 51, 188, 88, 86, 34, 249, 5, 206, 8,
       137, 201, 220, 134, 133, 47, 69, 47, 78, 144, 60, 127, 164, 13,
       58, 128, 164, 72, 80, 22, 96, 113, 85, 25, 96, 165, 130, 155, 17,
       132, 80, 83, 64, 1, 195, 232, 8, 33, 29, 40, 177, 53, 150, 252,
       48, 145, 201, 167, 44, 157, 193, 192, 186, 51, 73, 40, 36, 64,
       217, 76, 202, 193, 207, 44, 136, 3, 93, 7, 80, 173, 70, 44, 136,
       25, 61, 124, 175, 137, 124, 103, 108, 24, 210, 180, 32, 93, 245,
       29, 32, 177, 150, 26, 17, 208, 4, 211, 202, 66, 96, 13, 40, 54,
       155, 56, 53, 20, 250, 116, 164, 17, 137, 150, 12, 25, 93, 134, 30,
       184, 228, 41, 60, 80, 210, 12, 186, 227, 196, 237, 158, 223, 132,
       31, 77, 230, 103, 21, 152, 191, 235, 182, 79, 226, 116, 17, 97,
       138, 163, 242, 44, 92, 138, 172, 15, 83, 25, 57, 111, 245, 36, 20,
       186, 66, 113, 1, 246, 82, 202, 24, 14, 208, 28, 193, 31, 153, 172,
       26, 5, 96, 24, 149, 73, 152, 242, 51, 188, 88, 86, 34, 249, 161,
       218, 198, 215, 191, 245, 205, 244, 62, 255, 56, 223, 143, 95, 246,
       237, 235, 213, 165, 43, 196, 45, 239, 123, 107, 223, 51, 39, 95,
       75, 51, 127, 247, 166, 93, 176, 118, 248, 233, 244, 115, 92, 106,
       47, 213, 22, 245, 107, 153, 172, 24, 5, 244, 29, 156, 73, 16, 242,
       51, 189, 90, 87, 32, 254, 235, 212, 237, 158, 223, 133, 95, 12,
       247, 111, 181, 248, 63, 107, 182, 95, 226, 244, 23, 113, 200, 227,
       251, 44, 108, 139, 164, 63, 251, 25, 125, 111, 245, 44, 20, 250,
       66, 113, 33, 254, 82, 202, 76, 15, 208, 20, 193, 31, 153, 164, 90,
       5, 104, 24, 149, 73, 152, 242, 51, 156, 88, 86, 34, 249, 71, 10,
       194, 211, 217, 134, 207, 70, 46, 255, 10, 87, 131, 239, 187, 93,
       235, 213, 41, 98, 207, 45, 202, 123, 78, 222, 178, 47, 82, 9, 49,
       111, 215, 39, 85, 187, 82, 124, 237, 118, 112, 92, 40, 47, 213,
       20, 245, 111, 153, 172, 24, 5, 240, 29, 156, 73, 16, 242, 51, 189,
       88, 87, 32, 250, 3, 134, 196, 195, 253, 216, 131, 0, 58, 125, 6,
       79, 136, 127, 169, 37, 235, 245, 161, 34, 196, 37, 203, 121, 96,
       214, 17, 39, 62, 75, 19, 103, 215, 230, 93, 48, 114, 216, 235, 52,
       113, 92, 106, 47, 213, 4, 253, 99, 153, 188, 24, 5, 244, 5, 156,
       73, 18, 242, 50, 189, 216, 87, 32, 250, 9, 142, 196, 42, 9, 89,
       164, 68, 57, 184, 14, 165, 48, 55, 239, 224, 203, 56, 161, 168,
       245, 83, 95, 240, 113, 125, 17, 162, 45, 199, 155, 70, 157, 192,
       67, 32, 53, 210, 233, 40, 109, 21, 106, 55, 85, 247, 119, 225,
       184, 248, 237, 44, 150, 5, 218, 12, 38, 192, 142, 165, 195, 203,
       108, 78, 8, 132, 156, 138, 34, 223, 148, 55, 55, 254, 6, 133, 28,
       52, 61, 134, 157, 250, 224, 171, 212, 113, 81, 243, 217, 117, 149,
       116, 104, 210, 149, 98, 207, 16, 67, 36, 223, 72, 232, 104, 112,
       29, 126, 167, 245, 116, 247, 111, 187, 232, 136, 15, 246, 13, 152,
       89, 55, 211, 63, 181, 115, 243, 72, 234, 5, 5, 129, 56, 1, 66, 32,
       110, 0, 224, 194, 133, 16, 164, 139, 130, 9, 8, 129, 75, 134, 41,
       198, 3, 69, 139, 144, 4, 64, 0, 32, 73, 159, 18, 113, 168, 17,
       232, 72, 8, 32, 52, 184, 35, 39, 21, 101, 106, 25, 40, 121, 20,
       209, 29, 60, 0, 1, 226, 39, 249, 8, 71, 129, 74, 134, 33, 19, 167,
       216, 2, 138, 201, 2, 139, 2, 83, 3, 66, 128, 81, 98, 85, 4, 7, 66,
       40, 164, 74, 14, 130, 34, 11, 146, 40, 48, 30, 118, 167, 124, 155,
       48, 116, 7, 212, 193, 64, 8, 72, 138, 28, 217, 214, 73, 44, 80, 5,
       96, 18, 165, 107, 144, 112, 32, 44, 76, 21, 49, 177, 129, 206,
       142, 137, 192, 221, 134, 133, 47, 197, 14, 206, 144, 60, 127, 172,
       141, 113, 184, 44, 4, 81, 30, 96, 123, 85, 29, 32, 165, 130, 26,
       17, 148, 66, 83, 64, 0, 195, 206, 8, 37, 53, 44, 53, 21, 158, 124,
       160, 213, 25, 167, 60, 151, 199, 160, 190, 49, 76, 40, 36, 65,
       217, 28, 202, 163, 207, 109, 136, 7, 93, 133, 191, 165, 198, 61,
       136, 25, 61, 125, 238, 137, 116, 102, 61, 16, 210, 244, 160, 121,
       245, 29, 48, 61, 154, 26, 25, 152, 76, 211, 202, 202, 88, 169, 56,
       54, 159, 56, 181, 20, 178, 116, 236, 19, 169, 135, 12, 152, 25,
       198, 28, 56, 224, 40, 124, 89, 221, 108, 218, 109, 167, 237, 184,
       87, 255, 39, 127, 229, 70, 236, 184, 253, 251, 182, 79, 203, 117,
       107, 102, 127, 119, 210, 55, 94, 255, 157, 173, 115, 28, 48, 137,
       214, 38, 87, 186, 82, 120, 117, 124, 124, 94, 56, 175, 85, 121,
       245, 110, 153, 172, 24, 12, 241, 29, 156, 73, 56, 246, 51, 189,
       88, 215, 40, 250, 197, 239, 146, 185, 192, 90, 38, 194, 41, 99, 9,
       138, 194, 229, 206, 27, 201, 105, 189, 103, 15, 197, 10, 72, 71,
       215, 59, 111, 128, 46, 34, 17, 146, 147, 85, 203, 32, 236, 111,
       98, 36, 56, 56, 241, 127, 24, 127, 177, 212, 204, 48, 116, 193,
       119, 44, 170, 88, 204, 17, 37, 92, 113, 81, 34, 208, 9, 146, 27,
       65, 66, 76, 167, 66, 162, 25, 182, 50, 198, 131, 58, 111, 3, 34,
       215, 15, 143, 197, 135, 154, 70, 246, 8, 131, 142, 130, 114, 235,
       46, 69, 255, 18, 44, 71, 86, 50, 72, 176, 42, 31, 124, 7, 236,
       153, 236, 16, 145, 48, 27, 16, 195, 0, 113, 49, 49, 60, 112, 130,
       98, 69, 41, 146, 20, 1, 66, 32, 110, 64, 160, 195, 53, 114, 134,
       131, 130, 106, 0, 161, 70, 131, 141, 229, 131, 22, 8, 210, 13, 2,
       140, 0, 76, 73, 7, 37, 187, 0, 166, 71, 94, 128, 96, 148, 194, 43,
       9, 3, 238, 89, 36, 107, 208, 49, 90, 48, 2, 192, 42, 1, 241, 8,
       36, 145, 66, 3, 196, 8, 46, 111, 154, 30, 8, 35, 1, 157, 232, 184,
       126, 36, 17, 141, 187, 36, 209, 193, 119, 83, 67, 208, 87, 217,
       126, 98, 50, 197, 96, 159, 56, 67, 164, 235, 72, 232, 105, 96,
       159, 60, 41, 213, 85, 183, 111, 145, 238, 8, 15, 244, 5, 88, 193,
       50, 211, 183, 181, 48, 211, 236, 74, 197, 70, 19, 1, 216, 2, 163,
       200, 10, 7, 43, 74, 130, 201, 192, 33, 98, 69, 29, 100, 10, 141,
       172, 40, 78, 220, 43, 45, 146, 10, 34, 29, 112, 39, 92, 219, 0,
       182, 5, 134, 131, 66, 8, 154, 73, 10, 200, 148, 64, 5, 84, 48, 9,
       242, 133, 171, 208, 124, 32, 12, 76, 68, 49, 177, 3, 134, 140, 10,
       206, 152, 130, 1, 58, 48, 22, 71, 140, 117, 44, 1, 204, 171, 0,
       144, 212, 103, 91, 195, 208, 112, 84, 102, 44, 150, 129, 66, 159,
       56, 67, 36, 91, 8, 232, 104, 116, 28, 40, 175, 213, 112, 183, 111,
       185, 200, 136, 9, 244, 13, 216, 73, 55, 211, 150, 181, 82, 243,
       76, 74, 10, 142, 172, 249, 46, 255, 254, 149, 61, 254, 94, 206,
       221, 116, 59, 165, 157, 249, 97, 227, 244, 117, 82, 242, 221, 127,
       180, 246, 104, 247, 183, 227, 215, 48, 211, 40, 255, 104, 232,
       105, 112, 29, 123, 45, 213, 20, 247, 111, 155, 172, 136, 15, 240,
       29, 152, 89, 23, 243, 51, 189, 82, 211, 104, 250, 141, 47, 247,
       245, 56, 125, 161, 247, 41, 252, 202, 21, 71, 245, 219, 224, 235,
       204, 235, 106, 116, 168, 44, 186, 95, 127, 55, 224, 237, 6, 58,
       223, 112, 98, 125, 186, 84, 246, 249, 52, 253, 52, 184, 182, 109,
       166, 255, 232, 136, 173, 126, 213, 208, 31, 132, 73, 132, 192, 3,
