%YAML:1.0
descriptors: !!opencv-matrix
   rows: 41
   cols: 64
   dt: u
   data: [ 4, 33, 97, 144, 16, 6, 0, 71, 132, 70, 3, 20, 65, 130, 145,
       66, 226, 84, 3, 100, 1, 128, 192, 3, 12, 136, 164, 9, 82, 12, 48,
       8, 96, 36, 84, 186, 2, 112, 1, 84, 144, 64, 16, 14, 64, 20, 128,
       78, 153, 44, 24, 4, 112, 28, 148, 73, 16, 242, 51, 188, 72, 22,
       32, 241, 39, 50, 97, 162, 157, 128, 7, 72, 198, 66, 128, 48, 97,
       11, 128, 85, 226, 212, 1, 96, 73, 0, 128, 48, 76, 136, 168, 9,
       210, 8, 49, 41, 112, 36, 84, 186, 66, 112, 1, 212, 16, 64, 24, 14,
       64, 20, 192, 76, 153, 44, 16, 4, 96, 28, 140, 73, 16, 242, 51,
       188, 88, 86, 32, 248, 68, 35, 131, 144, 0, 2, 40, 71, 0, 130, 3,
       20, 80, 128, 153, 2, 8, 76, 3, 68, 10, 128, 196, 3, 12, 136, 132,
       13, 0, 12, 48, 8, 112, 4, 85, 170, 0, 122, 1, 84, 128, 96, 16, 10,
       66, 12, 1, 78, 25, 44, 16, 5, 48, 29, 149, 8, 128, 98, 3, 188, 72,
       6, 32, 242, 23, 48, 81, 134, 159, 128, 15, 72, 230, 38, 17, 112,
       173, 43, 160, 81, 226, 212, 1, 96, 193, 34, 129, 116, 76, 152,
       168, 11, 210, 8, 49, 105, 85, 36, 20, 186, 66, 112, 1, 84, 80, 72,
       24, 15, 192, 20, 228, 77, 153, 172, 24, 5, 240, 28, 156, 73, 16,
       242, 51, 188, 88, 87, 32, 248, 69, 49, 173, 56, 20, 182, 47, 118,
       192, 174, 225, 0, 65, 129, 19, 3, 68, 109, 67, 100, 184, 161, 66,
       151, 140, 40, 174, 204, 80, 4, 49, 232, 115, 12, 151, 175, 74, 40,
       1, 81, 56, 66, 48, 143, 86, 240, 131, 78, 26, 172, 24, 1, 96, 28,
       28, 81, 144, 162, 27, 156, 88, 214, 96, 243, 93, 7, 230, 181, 97,
       131, 162, 102, 4, 228, 211, 52, 208, 249, 131, 70, 96, 153, 3,
       230, 235, 47, 198, 115, 28, 42, 160, 76, 80, 132, 49, 107, 127,
       37, 84, 186, 82, 122, 1, 92, 144, 64, 24, 14, 193, 13, 195, 79,
       153, 44, 24, 5, 112, 28, 156, 73, 16, 242, 51, 157, 72, 22, 32,
       250, 179, 86, 17, 166, 157, 160, 47, 8, 82, 127, 104, 83, 164, 79,
       128, 17, 118, 198, 133, 0, 232, 40, 137, 88, 140, 156, 99, 107,
       158, 35, 225, 127, 18, 134, 188, 49, 53, 141, 33, 231, 65, 194,
       139, 201, 98, 0, 220, 85, 66, 85, 112, 32, 236, 162, 174, 225,
       134, 48, 183, 202, 212, 6, 53, 180, 68, 41, 139, 25, 80, 210, 170,
       230, 192, 170, 211, 52, 80, 130, 155, 66, 10, 73, 123, 70, 139,
       133, 70, 139, 143, 64, 174, 141, 0, 140, 48, 10, 103, 21, 69, 171,
       24, 60, 69, 86, 184, 96, 177, 14, 55, 188, 3, 190, 31, 172, 56,
       211, 49, 121, 20, 210, 192, 107, 25, 241, 108, 16, 113, 226, 4,
       33, 225, 144, 16, 6, 33, 111, 128, 198, 195, 52, 81, 130, 145, 66,
       202, 84, 3, 100, 1, 160, 192, 19, 12, 136, 132, 9, 82, 12, 48, 9,
       80, 36, 85, 186, 0, 120, 1, 84, 16, 64, 16, 14, 64, 20, 65, 78,
       25, 44, 24, 5, 112, 28, 148, 73, 16, 226, 51, 188, 72, 70, 32,
       242, 84, 33, 147, 22, 16, 199, 42, 103, 194, 174, 83, 21, 81, 130,
       155, 66, 106, 64, 3, 70, 139, 169, 199, 135, 28, 136, 166, 13, 2,
       136, 48, 74, 101, 39, 101, 187, 20, 62, 5, 92, 144, 64, 149, 14,
       43, 44, 1, 238, 25, 44, 120, 149, 48, 24, 20, 64, 192, 106, 11,
       249, 72, 6, 33, 242, 7, 34, 1, 0, 220, 144, 14, 72, 128, 3, 131,
       114, 192, 65, 128, 1, 64, 77, 7, 64, 193, 36, 8, 72, 6, 144, 41,
       111, 144, 12, 33, 0, 86, 20, 220, 138, 8, 56, 33, 150, 64, 64, 16,
       137, 193, 64, 180, 21, 16, 172, 16, 0, 96, 24, 76, 1, 0, 18, 19,
       148, 72, 19, 96, 56, 69, 5, 192, 16, 89, 130, 7, 94, 164, 36, 128,
       35, 160, 203, 134, 7, 98, 117, 3, 100, 202, 175, 194, 99, 70, 138,
       144, 13, 18, 8, 32, 73, 215, 38, 20, 186, 2, 56, 5, 84, 80, 64,
       24, 139, 193, 80, 229, 79, 25, 36, 24, 4, 112, 24, 156, 9, 16,
       178, 51, 157, 88, 87, 32, 250, 97, 39, 109, 16, 23, 151, 3, 120,
       196, 6, 150, 48, 105, 24, 144, 71, 194, 117, 67, 116, 208, 35,
       192, 231, 12, 160, 140, 12, 18, 28, 16, 9, 90, 44, 212, 186, 74,
       120, 1, 84, 16, 80, 24, 14, 64, 32, 128, 78, 24, 44, 24, 4, 112,
       25, 156, 65, 16, 50, 51, 156, 72, 22, 36, 248, 114, 33, 185, 146,
       66, 135, 11, 103, 198, 102, 17, 20, 81, 134, 147, 82, 242, 213,
       64, 100, 10, 177, 194, 7, 28, 128, 172, 13, 2, 136, 16, 40, 66,
       36, 21, 186, 2, 120, 1, 84, 48, 64, 20, 10, 213, 28, 129, 14, 147,
       172, 24, 5, 48, 25, 148, 75, 16, 114, 51, 184, 88, 22, 32, 240, 1,
       7, 36, 136, 5, 29, 5, 88, 164, 70, 10, 4, 9, 45, 57, 5, 192, 124,
       1, 96, 80, 98, 144, 34, 68, 164, 0, 0, 16, 0, 25, 65, 80, 4, 211,
       168, 64, 96, 1, 0, 52, 20, 24, 143, 84, 208, 100, 76, 16, 44, 24,
       4, 162, 29, 140, 9, 24, 98, 43, 188, 72, 198, 32, 240, 114, 1, 9,
       158, 2, 6, 29, 15, 198, 70, 53, 0, 17, 170, 52, 22, 38, 86, 0,
       100, 2, 176, 192, 35, 88, 128, 164, 13, 18, 184, 20, 41, 192, 36,
       20, 154, 2, 72, 2, 80, 48, 202, 21, 9, 148, 28, 229, 78, 17, 172,
       16, 5, 32, 24, 148, 75, 16, 114, 57, 184, 88, 20, 32, 241, 71, 5,
       128, 18, 65, 130, 6, 78, 2, 0, 1, 36, 160, 206, 134, 2, 106, 17,
       32, 70, 202, 47, 194, 67, 70, 194, 128, 13, 18, 8, 0, 8, 199, 38,
       85, 186, 0, 104, 67, 84, 32, 112, 16, 11, 213, 28, 165, 78, 17,
       172, 24, 4, 48, 24, 156, 67, 16, 114, 51, 189, 24, 87, 32, 250, 1,
       7, 12, 128, 1, 21, 128, 23, 36, 70, 6, 68, 24, 57, 49, 5, 0, 112,
       65, 32, 80, 82, 208, 96, 80, 32, 0, 0, 48, 0, 16, 1, 252, 0, 210,
       168, 80, 72, 1, 8, 212, 16, 24, 132, 16, 20, 64, 76, 19, 40, 24,
       4, 176, 25, 204, 24, 24, 66, 34, 188, 64, 211, 40, 249, 1, 14,
       134, 137, 136, 77, 160, 229, 9, 244, 14, 5, 16, 181, 27, 162, 137,
       8, 193, 32, 88, 129, 94, 128, 91, 109, 28, 0, 161, 130, 26, 7,
       197, 2, 97, 32, 16, 194, 77, 8, 52, 53, 24, 182, 77, 162, 109,
       224, 25, 8, 237, 56, 147, 95, 128, 8, 38, 72, 11, 36, 66, 69, 0,
       242, 66, 9, 130, 18, 65, 130, 6, 71, 2, 160, 1, 2, 146, 194, 130,
       10, 106, 81, 32, 71, 14, 133, 194, 35, 78, 194, 184, 13, 18, 8,
       16, 8, 211, 39, 85, 187, 2, 120, 199, 84, 48, 88, 56, 43, 213, 28,
       229, 238, 153, 172, 24, 5, 113, 25, 156, 75, 16, 114, 51, 189, 88,
       84, 32, 250, 128, 11, 130, 135, 32, 64, 128, 162, 2, 133, 3, 71,
       18, 176, 83, 162, 32, 80, 36, 47, 6, 140, 228, 66, 11, 154, 145,
       2, 132, 10, 18, 31, 114, 53, 112, 152, 80, 74, 202, 132, 209, 52,
       40, 30, 136, 6, 200, 236, 9, 137, 80, 5, 209, 10, 156, 74, 17,
       112, 48, 60, 68, 21, 0, 250, 49, 207, 117, 140, 32, 93, 149, 103,
       43, 212, 47, 140, 85, 53, 221, 174, 175, 208, 96, 40, 20, 96, 228,
       162, 89, 245, 133, 56, 37, 138, 30, 25, 176, 84, 113, 154, 192,
       82, 234, 40, 55, 29, 57, 183, 52, 150, 116, 108, 131, 169, 231,
       13, 184, 29, 135, 76, 32, 226, 40, 108, 81, 69, 32, 250, 194, 205,
       8, 154, 39, 90, 92, 3, 39, 195, 45, 138, 26, 140, 100, 159, 141,
       51, 52, 149, 14, 214, 48, 35, 113, 215, 147, 120, 19, 186, 150,
       49, 130, 28, 146, 193, 202, 77, 226, 33, 34, 187, 37, 105, 183,
       92, 244, 44, 87, 138, 18, 7, 9, 65, 112, 178, 153, 131, 120, 61,
       53, 249, 218, 171, 66, 1, 130, 146, 65, 130, 6, 71, 2, 32, 1, 6,
       146, 198, 130, 2, 106, 17, 32, 6, 10, 133, 195, 3, 78, 194, 152,
       13, 18, 8, 0, 0, 195, 37, 21, 187, 2, 104, 71, 84, 48, 64, 16, 43,
       149, 28, 165, 47, 17, 172, 24, 5, 49, 24, 156, 67, 16, 114, 49,
       61, 88, 84, 32, 250, 133, 206, 0, 137, 136, 220, 166, 193, 41, 95,
       42, 79, 192, 53, 73, 161, 137, 72, 133, 40, 76, 128, 46, 216, 109,
       85, 25, 162, 141, 6, 59, 23, 80, 208, 89, 64, 48, 227, 237, 32,
       101, 52, 40, 53, 69, 134, 126, 176, 136, 89, 118, 52, 157, 199,
       130, 40, 134, 72, 0, 36, 68, 75, 64, 178, 162, 205, 142, 207, 35,
       93, 212, 163, 47, 197, 61, 202, 154, 189, 125, 142, 141, 18, 100,
       171, 22, 92, 208, 99, 121, 87, 145, 48, 45, 178, 30, 25, 134, 80,
       97, 64, 194, 73, 250, 40, 53, 189, 173, 245, 191, 148, 116, 175,
       195, 139, 161, 191, 158, 7, 186, 190, 57, 195, 120, 109, 83, 249,
