%YAML:1.0
descriptors: !!opencv-matrix
   rows: 38
   cols: 64
   dt: u
   data: [ 38, 49, 65, 162, 149, 128, 3, 73, 198, 66, 128, 112, 161, 11,
       128, 85, 226, 212, 5, 100, 65, 0, 128, 116, 76, 136, 40, 9, 210,
       8, 48, 41, 80, 36, 20, 154, 66, 112, 1, 212, 144, 66, 24, 11, 64,
       20, 192, 76, 153, 44, 16, 4, 112, 28, 140, 73, 16, 242, 51, 188,
       88, 86, 32, 249, 179, 212, 80, 6, 221, 128, 7, 8, 102, 1, 37, 122,
       172, 11, 132, 21, 102, 215, 4, 16, 192, 2, 129, 100, 6, 144, 105,
       43, 146, 40, 193, 41, 144, 36, 20, 154, 66, 112, 33, 244, 67, 202,
       8, 11, 208, 16, 220, 13, 129, 164, 16, 4, 104, 16, 140, 75, 16,
       50, 50, 28, 88, 87, 34, 249, 76, 33, 163, 176, 0, 103, 40, 103, 0,
       130, 195, 20, 81, 132, 155, 66, 138, 76, 67, 102, 10, 161, 196,
       147, 12, 136, 166, 137, 64, 132, 48, 136, 96, 4, 85, 170, 0, 126,
       1, 84, 144, 96, 20, 14, 66, 4, 3, 110, 25, 44, 56, 5, 114, 28, 20,
       72, 128, 226, 3, 184, 72, 6, 34, 242, 76, 43, 163, 176, 0, 119,
       40, 103, 0, 138, 194, 4, 80, 132, 155, 130, 136, 72, 67, 102, 68,
       160, 68, 147, 29, 8, 164, 128, 64, 132, 48, 136, 98, 0, 69, 170,
       17, 122, 193, 68, 184, 84, 48, 46, 70, 165, 3, 110, 153, 44, 24,
       5, 242, 29, 157, 72, 0, 226, 19, 189, 72, 6, 32, 242, 22, 51, 121,
       169, 16, 244, 171, 77, 198, 206, 195, 52, 69, 4, 153, 83, 122,
       204, 3, 100, 129, 49, 198, 16, 140, 144, 188, 205, 18, 140, 113,
       168, 68, 4, 223, 174, 80, 50, 1, 84, 32, 64, 16, 136, 87, 132,
       128, 78, 154, 44, 24, 1, 48, 29, 148, 81, 128, 114, 27, 189, 88,
       23, 104, 242, 226, 33, 101, 130, 23, 71, 1, 255, 198, 6, 145, 50,
       121, 168, 179, 70, 235, 84, 71, 100, 8, 130, 165, 36, 14, 149,
       189, 9, 147, 30, 50, 56, 80, 44, 84, 186, 66, 112, 1, 84, 48, 64,
       24, 15, 80, 20, 192, 204, 153, 44, 16, 4, 112, 25, 132, 73, 144,
       240, 33, 188, 92, 86, 32, 248, 64, 33, 131, 151, 0, 70, 8, 199,
       66, 230, 3, 20, 83, 134, 147, 98, 235, 85, 32, 103, 14, 165, 198,
       3, 13, 195, 180, 13, 2, 136, 50, 10, 115, 36, 85, 186, 82, 120,
       193, 86, 48, 88, 48, 46, 215, 28, 225, 46, 153, 172, 24, 5, 240,
       29, 148, 73, 16, 114, 49, 189, 88, 86, 32, 250, 33, 6, 44, 128,
       133, 29, 7, 89, 164, 70, 130, 6, 169, 45, 57, 5, 194, 116, 67,
       100, 80, 66, 144, 96, 68, 176, 8, 0, 146, 8, 16, 9, 212, 36, 215,
       186, 66, 122, 1, 0, 52, 80, 24, 15, 84, 20, 100, 68, 16, 44, 24,
       4, 16, 29, 141, 9, 16, 96, 35, 188, 72, 87, 32, 248, 1, 6, 64, 0,
       217, 128, 3, 72, 164, 10, 130, 66, 160, 73, 128, 5, 66, 101, 1,
       96, 192, 6, 138, 96, 70, 152, 24, 3, 146, 8, 33, 73, 87, 36, 84,
       186, 16, 48, 13, 4, 68, 64, 24, 139, 64, 16, 240, 193, 24, 44, 24,
       0, 240, 24, 140, 9, 16, 96, 51, 188, 72, 87, 32, 120, 34, 5, 5,
       130, 7, 15, 1, 47, 230, 68, 21, 4, 57, 189, 52, 6, 192, 20, 64,
       180, 16, 130, 208, 39, 88, 160, 132, 8, 34, 152, 24, 9, 144, 44,
       66, 186, 74, 72, 1, 72, 16, 209, 28, 15, 0, 20, 228, 76, 17, 36,
       145, 12, 48, 24, 148, 9, 56, 98, 51, 188, 72, 84, 34, 248, 68, 11,
       195, 144, 80, 198, 6, 71, 34, 228, 11, 22, 130, 231, 155, 3, 235,
       197, 33, 103, 206, 165, 194, 99, 79, 223, 180, 47, 18, 8, 50, 74,
       215, 36, 85, 186, 80, 120, 233, 84, 96, 84, 56, 47, 213, 28, 245,
       111, 153, 172, 24, 5, 240, 29, 156, 73, 16, 242, 51, 189, 88, 87,
       32, 250, 71, 134, 192, 144, 217, 130, 6, 72, 34, 97, 41, 114, 130,
       107, 164, 65, 226, 213, 37, 99, 196, 37, 130, 115, 78, 222, 161,
       47, 18, 8, 49, 107, 215, 36, 84, 186, 82, 120, 233, 244, 112, 92,
       56, 15, 209, 20, 245, 79, 153, 172, 24, 5, 240, 29, 156, 73, 16,
       242, 51, 189, 88, 87, 32, 248, 1, 4, 1, 136, 0, 12, 5, 77, 166,
       70, 40, 4, 17, 45, 61, 38, 194, 116, 0, 32, 0, 80, 16, 32, 92,
       128, 4, 8, 33, 136, 25, 9, 32, 4, 66, 138, 0, 66, 1, 136, 134,
       130, 28, 128, 20, 210, 68, 76, 19, 32, 16, 8, 34, 25, 7, 24, 136,
       34, 10, 56, 8, 198, 106, 241, 5, 6, 64, 128, 216, 130, 2, 64, 32,
       96, 2, 86, 128, 103, 128, 1, 226, 69, 1, 96, 192, 33, 138, 96, 78,
       216, 136, 15, 146, 8, 33, 75, 87, 36, 85, 186, 80, 112, 41, 84,
       80, 80, 24, 15, 197, 20, 245, 79, 153, 172, 24, 4, 240, 29, 156,
       73, 16, 114, 51, 189, 72, 87, 32, 248, 0, 5, 130, 136, 0, 68, 4,
       231, 1, 196, 10, 4, 16, 164, 27, 162, 137, 8, 225, 36, 24, 129,
       86, 128, 88, 85, 28, 32, 129, 130, 26, 1, 196, 2, 65, 168, 0, 64,
       76, 8, 32, 48, 52, 163, 21, 148, 117, 224, 17, 8, 104, 24, 147,
       91, 16, 0, 9, 64, 9, 49, 64, 65, 0, 226, 55, 54, 81, 2, 29, 128,
       5, 72, 194, 2, 17, 112, 44, 11, 132, 81, 226, 212, 1, 96, 193, 34,
       129, 102, 76, 152, 160, 9, 18, 8, 49, 105, 212, 36, 84, 186, 66,
       120, 1, 116, 80, 74, 24, 15, 208, 20, 244, 79, 153, 172, 24, 4,
       112, 24, 156, 73, 16, 242, 51, 188, 88, 87, 32, 249, 4, 14, 35,
       137, 128, 69, 131, 205, 141, 196, 14, 4, 17, 60, 251, 164, 139,
       16, 65, 102, 88, 128, 148, 32, 93, 132, 8, 0, 128, 138, 26, 27,
       224, 36, 67, 186, 16, 98, 205, 12, 176, 21, 16, 6, 68, 134, 96,
       164, 153, 44, 80, 5, 147, 31, 132, 72, 16, 96, 41, 60, 72, 70, 32,
       248, 67, 2, 1, 130, 8, 2, 6, 72, 66, 32, 1, 16, 0, 3, 128, 18, 98,
       68, 0, 0, 128, 128, 128, 0, 76, 128, 168, 13, 18, 8, 1, 73, 16,
       36, 84, 154, 0, 96, 3, 70, 32, 64, 8, 9, 0, 28, 196, 12, 16, 36,
       16, 4, 32, 24, 4, 11, 0, 50, 16, 56, 72, 68, 32, 240, 1, 206, 4,
       73, 168, 216, 134, 16, 57, 24, 46, 203, 136, 49, 109, 129, 141,
       168, 173, 168, 196, 64, 24, 248, 97, 85, 25, 114, 173, 7, 3, 86,
       157, 208, 219, 0, 113, 136, 168, 32, 101, 52, 42, 53, 21, 194,
       118, 97, 160, 217, 44, 36, 157, 197, 203, 140, 55, 193, 134, 37,
       192, 219, 68, 90, 3, 197, 136, 154, 3, 88, 28, 7, 39, 66, 45, 136,
       16, 44, 45, 31, 13, 18, 32, 160, 2, 48, 192, 35, 64, 213, 129, 40,
       19, 40, 16, 97, 150, 52, 81, 168, 66, 72, 234, 96, 50, 26, 56, 41,
       148, 20, 245, 110, 145, 168, 24, 5, 176, 25, 144, 73, 17, 243, 50,
       61, 80, 81, 0, 234, 18, 1, 0, 150, 7, 0, 4, 10, 6, 0, 17, 4, 48,
       6, 0, 18, 100, 18, 0, 144, 130, 32, 193, 2, 8, 128, 224, 9, 18,
       40, 145, 105, 16, 36, 16, 154, 2, 72, 2, 196, 0, 64, 4, 8, 128,
       20, 192, 78, 17, 36, 16, 4, 32, 24, 148, 75, 16, 50, 50, 56, 24,
       20, 32, 232, 1, 14, 5, 130, 0, 204, 128, 33, 75, 68, 14, 5, 80,
       53, 89, 160, 237, 0, 0, 32, 196, 32, 64, 192, 217, 84, 0, 8, 36,
       138, 27, 73, 148, 36, 81, 152, 88, 74, 200, 8, 165, 20, 24, 38, 4,
       134, 244, 108, 145, 172, 9, 5, 176, 13, 24, 73, 0, 98, 18, 180,
       64, 71, 32, 250, 70, 33, 0, 2, 217, 130, 2, 73, 0, 0, 130, 54,
       160, 66, 129, 1, 66, 1, 1, 84, 67, 33, 9, 66, 70, 128, 8, 13, 146,
       8, 0, 0, 18, 38, 84, 154, 0, 48, 5, 84, 0, 64, 24, 10, 65, 92, 0,
       134, 17, 36, 16, 4, 48, 24, 4, 9, 16, 32, 33, 180, 8, 6, 32, 96,
       129, 206, 4, 203, 233, 216, 134, 129, 41, 89, 42, 203, 128, 53,
       109, 137, 141, 169, 173, 168, 196, 64, 24, 120, 99, 85, 25, 34,
       173, 2, 3, 23, 144, 208, 91, 0, 113, 211, 172, 34, 103, 30, 42,
       183, 85, 194, 252, 145, 128, 217, 20, 36, 157, 199, 139, 170, 22,
       204, 134, 36, 80, 91, 0, 58, 194, 193, 10, 139, 1, 64, 156, 133,
       6, 195, 45, 136, 16, 166, 7, 170, 11, 16, 52, 71, 8, 128, 229, 32,
       109, 213, 185, 41, 147, 10, 18, 57, 208, 36, 21, 218, 82, 113,
       105, 116, 50, 74, 56, 41, 151, 28, 116, 44, 25, 172, 18, 5, 152,
       25, 148, 74, 144, 240, 40, 61, 92, 85, 32, 250, 195, 201, 138, 26,
       7, 74, 93, 142, 151, 131, 189, 232, 58, 138, 102, 190, 137, 20,
       52, 93, 10, 146, 228, 35, 101, 215, 179, 41, 83, 43, 6, 57, 144,
       36, 52, 218, 66, 101, 226, 240, 50, 202, 61, 105, 158, 30, 116,
       172, 211, 170, 86, 132, 8, 27, 228, 42, 144, 240, 40, 120, 29, 84,
       18, 187, 129, 206, 6, 137, 200, 216, 166, 192, 41, 209, 46, 79,
