%YAML:1.0
descriptors: !!opencv-matrix
   rows: 2
   cols: 64
   dt: u
   data: [ 60, 190, 255, 253, 58, 127, 241, 255, 253, 252, 222, 181, 95,
       253, 251, 238, 251, 252, 235, 107, 245, 127, 254, 191, 255, 239,
       180, 147, 125, 215, 127, 255, 255, 100, 119, 190, 214, 250, 249,
       124, 252, 93, 251, 182, 221, 167, 247, 111, 191, 172, 143, 141,
       242, 29, 157, 93, 52, 246, 123, 253, 219, 223, 44, 254, 191, 244,
       125, 239, 255, 189, 223, 25, 255, 127, 189, 250, 175, 123, 244,
       93, 242, 247, 62, 241, 253, 118, 179, 124, 252, 255, 241, 127,
       255, 59, 245, 107, 215, 108, 158, 254, 218, 121, 249, 247, 114,
       222, 57, 173, 209, 20, 244, 95, 153, 175, 24, 13, 248, 29, 158,
       73, 24, 246, 115, 189, 90, 215, 42, 251 ]
