%YAML:1.0
descriptors: !!opencv-matrix
   rows: 10
   cols: 64
   dt: u
   data: [ 4, 32, 97, 128, 16, 0, 33, 78, 192, 64, 130, 52, 81, 2, 177,
       67, 226, 84, 1, 96, 65, 0, 192, 48, 12, 136, 160, 9, 82, 8, 49,
       105, 112, 36, 85, 186, 2, 114, 1, 84, 144, 64, 24, 14, 64, 20,
       192, 76, 153, 44, 24, 4, 112, 28, 148, 73, 16, 242, 35, 188, 72,
       6, 32, 249, 39, 52, 81, 130, 157, 128, 5, 72, 230, 68, 128, 112,
       37, 11, 128, 85, 226, 212, 5, 96, 193, 34, 129, 100, 76, 152, 32,
       9, 82, 8, 49, 105, 84, 36, 84, 186, 66, 112, 1, 84, 80, 64, 24,
       15, 192, 20, 244, 77, 153, 172, 24, 4, 240, 28, 156, 73, 16, 242,
       51, 188, 88, 87, 32, 248, 4, 3, 131, 144, 0, 70, 32, 103, 0, 130,
       3, 20, 80, 128, 153, 34, 128, 72, 3, 102, 2, 128, 196, 19, 12,
       136, 132, 1, 0, 140, 48, 8, 112, 4, 85, 170, 0, 122, 1, 4, 160,
       96, 16, 14, 66, 132, 65, 238, 25, 44, 48, 5, 80, 29, 148, 8, 128,
       98, 1, 188, 72, 6, 32, 242, 0, 3, 0, 128, 1, 130, 4, 66, 0, 2, 11,
       4, 0, 69, 9, 1, 66, 64, 1, 68, 192, 32, 0, 67, 70, 128, 128, 12,
       16, 8, 0, 64, 86, 36, 85, 186, 0, 96, 1, 64, 32, 64, 24, 11, 68,
       20, 228, 78, 17, 44, 24, 4, 48, 25, 156, 9, 16, 98, 51, 180, 72,
       86, 32, 240, 67, 1, 128, 146, 0, 2, 8, 6, 2, 226, 1, 0, 2, 129, 2,
       2, 72, 64, 0, 69, 138, 161, 224, 3, 76, 130, 160, 12, 18, 8, 0,
       65, 81, 36, 20, 186, 2, 104, 3, 194, 0, 66, 8, 8, 146, 24, 193,
       78, 17, 44, 16, 1, 48, 24, 148, 75, 16, 114, 49, 60, 72, 84, 32,
       251, 1, 6, 0, 0, 137, 136, 4, 64, 0, 0, 10, 4, 0, 5, 0, 1, 66, 0,
       1, 64, 192, 32, 8, 64, 64, 128, 0, 0, 144, 8, 1, 64, 20, 6, 81,
       170, 0, 0, 1, 0, 32, 16, 24, 131, 68, 0, 100, 69, 17, 44, 24, 0,
       48, 25, 140, 9, 16, 96, 35, 180, 72, 86, 32, 120, 254, 248, 255,
       255, 255, 255, 223, 189, 255, 255, 253, 250, 255, 250, 254, 254,
       255, 215, 126, 251, 191, 255, 239, 63, 255, 255, 255, 127, 255,
       251, 255, 255, 247, 237, 189, 223, 222, 253, 251, 255, 251, 223,
       237, 127, 191, 190, 253, 63, 223, 255, 215, 207, 252, 191, 183,
       255, 248, 255, 249, 91, 255, 157, 186, 191, 53, 54, 113, 130, 145,
       164, 43, 120, 198, 71, 209, 48, 225, 11, 144, 84, 226, 212, 7,
       100, 73, 128, 128, 52, 76, 152, 168, 9, 210, 8, 49, 41, 208, 36,
       84, 186, 66, 112, 1, 212, 144, 74, 24, 14, 208, 20, 192, 12, 153,
       172, 16, 5, 112, 29, 148, 73, 16, 242, 51, 188, 88, 86, 32, 249,
       6, 33, 1, 178, 20, 32, 32, 94, 196, 2, 194, 48, 97, 130, 145, 67,
       234, 212, 3, 64, 65, 32, 193, 23, 76, 136, 164, 9, 82, 12, 48,
       104, 192, 36, 85, 186, 82, 120, 1, 116, 240, 84, 16, 14, 208, 20,
       129, 78, 153, 172, 24, 5, 240, 29, 156, 65, 16, 242, 51, 188, 88,
       86, 32, 251, 62, 48, 113, 166, 22, 164, 13, 73, 198, 78, 145, 48,
       113, 6, 177, 87, 226, 212, 3, 96, 193, 34, 193, 118, 76, 152, 164,
       9, 82, 12, 49, 104, 215, 36, 85, 186, 82, 120, 129, 116, 112, 72,
       24, 15, 212, 20, 196, 79, 153, 172, 24, 5, 240, 29, 156, 73, 16,
       242, 51, 188, 88, 87, 32, 250 ]
