%YAML:1.0
descriptors: !!opencv-matrix
   rows: 80
   cols: 64
   dt: u
   data: [ 63, 50, 117, 162, 223, 162, 47, 88, 228, 106, 210, 51, 237,
       11, 128, 85, 226, 213, 3, 112, 225, 38, 129, 116, 76, 152, 232,
       13, 82, 12, 113, 233, 87, 36, 84, 186, 82, 120, 1, 84, 112, 68,
       24, 15, 196, 21, 228, 79, 152, 172, 24, 5, 240, 29, 156, 73, 16,
       242, 51, 188, 88, 87, 32, 248, 190, 251, 91, 223, 190, 249, 216,
       49, 91, 155, 215, 254, 254, 82, 252, 88, 252, 211, 126, 155, 199,
       124, 3, 223, 173, 87, 247, 255, 78, 255, 247, 182, 223, 254, 207,
       199, 254, 125, 250, 119, 249, 221, 231, 125, 183, 244, 191, 63,
       191, 255, 136, 231, 238, 133, 218, 121, 87, 211, 214, 231, 123,
       123, 233, 190, 220, 185, 223, 215, 52, 251, 248, 126, 90, 153,
       215, 253, 103, 210, 158, 218, 126, 199, 248, 47, 199, 45, 231,
       219, 171, 75, 242, 223, 111, 109, 244, 239, 223, 243, 60, 245,
       127, 255, 250, 245, 209, 255, 235, 118, 171, 135, 251, 239, 255,
       246, 239, 247, 244, 230, 187, 207, 71, 223, 254, 203, 249, 45,
       215, 223, 69, 197, 140, 152, 0, 86, 92, 71, 33, 230, 45, 136, 16,
       169, 180, 143, 137, 112, 32, 107, 134, 240, 116, 35, 89, 199, 135,
       32, 1, 136, 16, 65, 209, 22, 38, 170, 0, 104, 98, 186, 50, 170,
       44, 33, 182, 84, 117, 106, 17, 168, 58, 4, 1, 25, 180, 28, 153,
       226, 35, 189, 89, 208, 107, 251, 10, 198, 12, 138, 111, 159, 6, 1,
       61, 86, 62, 140, 28, 61, 125, 165, 196, 187, 1, 176, 192, 113, 16,
       113, 113, 68, 8, 84, 45, 208, 153, 65, 149, 80, 211, 32, 123, 66,
       136, 40, 246, 159, 24, 13, 84, 150, 246, 79, 147, 72, 137, 12,
       182, 13, 219, 25, 59, 199, 62, 180, 82, 219, 78, 201, 158, 251,
       83, 245, 248, 176, 251, 232, 8, 219, 211, 95, 195, 64, 193, 80,
       226, 221, 13, 99, 206, 44, 132, 122, 47, 222, 179, 107, 214, 43,
       51, 63, 114, 167, 92, 155, 82, 127, 233, 215, 209, 76, 153, 94,
       227, 12, 217, 63, 137, 189, 16, 37, 248, 151, 157, 105, 128, 242,
       49, 175, 92, 23, 33, 182, 206, 232, 203, 253, 120, 222, 253, 206,
       29, 255, 41, 155, 147, 230, 191, 234, 139, 85, 57, 111, 142, 141,
       238, 59, 79, 223, 187, 39, 83, 43, 50, 111, 215, 167, 117, 251,
       82, 253, 255, 118, 112, 124, 232, 127, 191, 156, 125, 187, 221,
       172, 126, 181, 209, 63, 180, 106, 208, 238, 57, 255, 93, 85, 49,
       246, 197, 3, 134, 85, 200, 130, 14, 82, 34, 39, 1, 66, 194, 225,
       130, 3, 98, 225, 63, 103, 203, 175, 11, 251, 70, 90, 190, 46, 144,
       12, 32, 6, 83, 39, 84, 187, 64, 60, 103, 198, 84, 96, 24, 143,
       201, 104, 201, 151, 25, 164, 24, 0, 97, 120, 156, 203, 80, 126,
       49, 149, 76, 116, 49, 250, 69, 39, 160, 16, 200, 130, 6, 83, 160,
       32, 129, 34, 194, 193, 128, 3, 96, 41, 59, 196, 219, 15, 26, 199,
       82, 122, 156, 108, 0, 12, 32, 64, 75, 47, 70, 191, 0, 44, 37, 70,
       40, 32, 16, 139, 73, 120, 133, 207, 48, 164, 24, 0, 97, 120, 28,
       131, 16, 58, 19, 181, 40, 85, 48, 106, 69, 32, 128, 20, 201, 130,
       6, 68, 130, 33, 129, 34, 194, 193, 130, 3, 40, 33, 34, 198, 139,
       175, 74, 207, 70, 90, 156, 110, 0, 12, 3, 70, 79, 61, 69, 191, 0,
       168, 103, 78, 32, 32, 32, 163, 237, 120, 173, 43, 17, 228, 24, 1,
       177, 88, 24, 195, 16, 59, 17, 177, 40, 69, 48, 106, 196, 40, 146,
       85, 104, 194, 218, 197, 10, 171, 43, 205, 210, 194, 162, 250, 107,
       129, 60, 75, 143, 169, 110, 11, 5, 203, 187, 111, 1, 47, 51, 118,
       115, 183, 100, 59, 18, 253, 231, 246, 210, 108, 96, 110, 171, 94,
       137, 59, 153, 236, 122, 37, 245, 95, 148, 75, 144, 250, 177, 61,
       92, 116, 49, 250, 68, 41, 130, 24, 64, 75, 2, 103, 64, 0, 138, 4,
       80, 228, 235, 160, 195, 1, 59, 198, 71, 45, 69, 131, 67, 70, 136,
       12, 128, 142, 10, 0, 254, 39, 65, 187, 24, 98, 207, 68, 48, 52,
       16, 38, 85, 126, 165, 238, 157, 44, 8, 5, 241, 93, 24, 203, 80,
       234, 19, 181, 72, 114, 48, 232, 220, 59, 247, 213, 116, 55, 123,
       246, 208, 191, 81, 151, 79, 193, 147, 74, 178, 205, 251, 111, 190,
       173, 230, 187, 143, 234, 166, 223, 88, 13, 116, 255, 115, 55, 52,
       187, 214, 124, 215, 245, 88, 104, 187, 110, 235, 44, 193, 239,
       223, 172, 56, 211, 241, 124, 156, 207, 65, 254, 115, 219, 120, 52,
       147, 255, 83, 4, 12, 150, 15, 134, 26, 5, 38, 102, 21, 0, 28, 107,
       52, 22, 100, 210, 0, 160, 192, 35, 194, 35, 88, 128, 164, 92, 18,
       184, 153, 105, 213, 36, 16, 186, 66, 64, 2, 74, 16, 202, 12, 10,
       144, 20, 193, 79, 145, 172, 24, 5, 52, 24, 156, 75, 24, 114, 51,
       184, 88, 86, 34, 249, 70, 235, 138, 8, 1, 90, 128, 7, 9, 130, 44,
       172, 18, 182, 207, 170, 9, 9, 160, 141, 5, 5, 77, 67, 65, 85, 25,
       37, 1, 174, 130, 64, 148, 146, 65, 160, 49, 72, 239, 32, 34, 60,
       40, 97, 23, 158, 118, 232, 83, 232, 41, 20, 149, 69, 104, 170, 22,
       201, 6, 100, 16, 113, 211, 74, 71, 3, 130, 16, 64, 18, 2, 2, 0,
       34, 33, 0, 2, 194, 128, 2, 64, 1, 29, 199, 15, 165, 97, 3, 66, 66,
       170, 13, 0, 12, 32, 64, 242, 39, 68, 187, 64, 56, 199, 196, 130,
       122, 24, 14, 209, 30, 129, 78, 153, 172, 16, 5, 113, 93, 149, 203,
       16, 250, 51, 181, 88, 114, 50, 233, 70, 33, 129, 16, 64, 66, 2, 6,
       194, 162, 3, 20, 80, 134, 145, 2, 8, 1, 2, 68, 131, 163, 64, 135,
       24, 208, 156, 13, 0, 136, 16, 64, 64, 13, 5, 139, 8, 40, 71, 78,
       32, 64, 52, 40, 7, 108, 33, 46, 17, 44, 16, 4, 35, 88, 52, 130,
       64, 106, 17, 177, 8, 3, 112, 226, 131, 6, 0, 1, 205, 144, 131, 8,
       44, 71, 1, 74, 136, 73, 0, 5, 64, 117, 5, 96, 202, 38, 138, 104,
       70, 148, 25, 46, 146, 10, 33, 1, 87, 36, 220, 11, 64, 105, 45, 2,
       4, 64, 8, 137, 81, 24, 252, 17, 16, 28, 16, 36, 65, 144, 140, 43,
       16, 16, 48, 157, 68, 87, 32, 184, 4, 13, 183, 156, 0, 205, 161,
       103, 153, 244, 14, 133, 17, 180, 217, 174, 139, 88, 224, 43, 148,
       44, 212, 195, 89, 197, 132, 0, 40, 202, 27, 79, 135, 18, 97, 32,
       148, 202, 234, 40, 113, 61, 173, 166, 44, 22, 117, 107, 153, 168,
       233, 61, 178, 29, 60, 12, 37, 66, 82, 233, 67, 69, 1, 250, 72, 11,
       198, 217, 75, 67, 226, 199, 32, 234, 10, 5, 24, 228, 43, 226, 235,
       17, 57, 102, 206, 173, 199, 51, 75, 78, 162, 12, 64, 134, 50, 83,
       115, 39, 85, 187, 82, 122, 223, 116, 112, 116, 28, 110, 69, 28,
       193, 239, 157, 172, 24, 5, 243, 29, 156, 73, 17, 242, 51, 189, 88,
       102, 33, 242, 177, 115, 53, 2, 20, 68, 129, 186, 230, 4, 3, 70,
       103, 27, 80, 1, 127, 102, 102, 4, 18, 198, 48, 198, 130, 53, 85,
       104, 160, 154, 66, 24, 136, 12, 195, 158, 136, 0, 75, 73, 44, 17,
       32, 167, 133, 112, 180, 236, 32, 188, 129, 74, 178, 8, 64, 83, 44,
       48, 0, 49, 160, 213, 76, 90, 210, 218, 19, 215, 124, 154, 218,
       184, 90, 177, 63, 223, 130, 82, 64, 48, 38, 199, 60, 79, 134, 44,
       160, 90, 169, 222, 251, 111, 86, 43, 151, 126, 178, 181, 120, 91,
       91, 219, 238, 247, 209, 92, 233, 127, 171, 14, 248, 63, 141, 219,
       49, 71, 253, 231, 175, 235, 81, 255, 178, 239, 80, 23, 53, 190,
       131, 205, 136, 152, 1, 216, 68, 3, 43, 67, 47, 202, 146, 244, 108,
       139, 141, 59, 36, 165, 6, 116, 80, 99, 83, 87, 17, 100, 33, 162,
       146, 1, 150, 18, 83, 0, 1, 72, 254, 40, 38, 191, 44, 97, 21, 94,
       119, 162, 209, 200, 32, 52, 151, 69, 105, 174, 27, 201, 48, 37,
       17, 121, 217, 74, 4, 143, 151, 156, 32, 79, 180, 119, 19, 212, 14,
       133, 80, 180, 27, 170, 141, 72, 224, 43, 148, 13, 70, 131, 217,
       101, 148, 228, 33, 196, 22, 64, 223, 16, 97, 160, 20, 72, 234,
       104, 112, 61, 57, 39, 63, 180, 117, 110, 153, 168, 169, 223, 176,
       93, 24, 76, 39, 195, 27, 245, 81, 69, 65, 234, 163, 134, 12, 3,
       239, 145, 146, 152, 60, 155, 54, 107, 168, 90, 97, 5, 4, 179, 12,
       147, 196, 115, 159, 124, 32, 50, 73, 38, 94, 83, 1, 115, 255, 104,
       216, 48, 127, 89, 232, 160, 209, 93, 106, 14, 209, 101, 211, 99,
       185, 222, 24, 5, 244, 5, 216, 193, 18, 243, 182, 189, 82, 219, 36,
