%YAML:1.0
descriptors: !!opencv-matrix
   rows: 32
   cols: 64
   dt: u
   data: [ 54, 33, 113, 128, 16, 4, 0, 71, 198, 64, 131, 52, 81, 6, 145,
       82, 226, 212, 3, 100, 65, 128, 193, 38, 12, 136, 164, 9, 18, 12,
       48, 40, 80, 36, 84, 186, 66, 112, 1, 84, 16, 64, 16, 14, 64, 20,
       192, 76, 153, 44, 24, 4, 112, 28, 156, 73, 16, 242, 51, 188, 88,
       86, 32, 248, 54, 34, 113, 130, 146, 133, 11, 73, 198, 70, 3, 48,
       177, 2, 176, 84, 226, 212, 1, 96, 73, 0, 129, 52, 12, 136, 172, 9,
       210, 8, 49, 41, 80, 36, 84, 186, 66, 112, 1, 212, 16, 64, 16, 14,
       192, 4, 192, 76, 153, 44, 24, 5, 112, 28, 156, 73, 16, 242, 51,
       156, 88, 86, 32, 248, 68, 33, 1, 144, 16, 6, 32, 71, 0, 66, 3, 20,
       65, 134, 147, 66, 74, 84, 1, 100, 2, 128, 196, 2, 12, 128, 140, 9,
       18, 8, 48, 8, 112, 4, 85, 154, 0, 112, 5, 84, 32, 64, 16, 10, 68,
       28, 64, 204, 25, 44, 16, 4, 16, 24, 132, 8, 144, 96, 33, 188, 72,
       70, 32, 240, 68, 33, 195, 144, 16, 2, 33, 111, 128, 194, 131, 52,
       81, 130, 155, 66, 202, 84, 1, 100, 2, 128, 196, 19, 12, 136, 160,
       9, 82, 8, 48, 8, 112, 36, 85, 186, 0, 118, 1, 84, 144, 64, 24, 14,
       66, 4, 65, 206, 25, 44, 24, 5, 112, 28, 148, 72, 144, 98, 33, 188,
       72, 6, 32, 241, 84, 3, 242, 117, 65, 130, 234, 230, 4, 161, 209,
       20, 194, 233, 147, 18, 106, 137, 3, 103, 138, 175, 198, 51, 12,
       138, 182, 77, 80, 140, 32, 58, 119, 39, 36, 187, 82, 56, 69, 94,
       16, 64, 153, 142, 201, 8, 193, 47, 25, 172, 25, 1, 112, 24, 156,
       73, 64, 114, 51, 153, 72, 23, 33, 250, 72, 3, 166, 48, 64, 39,
       162, 243, 148, 190, 194, 7, 192, 193, 19, 2, 68, 9, 195, 198, 240,
       167, 194, 215, 24, 40, 148, 132, 64, 132, 33, 194, 111, 40, 67,
       172, 83, 40, 65, 72, 248, 20, 16, 142, 65, 97, 131, 79, 57, 44,
       24, 1, 240, 29, 156, 65, 18, 242, 51, 181, 104, 23, 32, 250, 38,
       32, 81, 130, 17, 0, 3, 73, 198, 66, 1, 48, 33, 2, 144, 83, 226,
       212, 1, 100, 9, 128, 128, 32, 76, 136, 168, 9, 146, 8, 48, 41, 80,
       36, 20, 154, 66, 112, 1, 84, 16, 66, 24, 14, 64, 28, 192, 12, 153,
       44, 16, 4, 96, 24, 132, 73, 16, 242, 49, 156, 88, 86, 32, 241, 93,
       43, 235, 56, 81, 58, 38, 126, 208, 154, 210, 183, 98, 151, 142,
       74, 10, 9, 187, 221, 97, 215, 195, 151, 15, 72, 216, 133, 72, 100,
       32, 200, 159, 27, 197, 171, 61, 60, 69, 117, 104, 180, 179, 97,
       127, 185, 39, 238, 126, 174, 169, 210, 225, 125, 122, 148, 102,
       175, 23, 243, 43, 243, 221, 74, 162, 205, 40, 158, 3, 79, 93, 15,
       39, 70, 45, 136, 27, 174, 124, 255, 139, 118, 36, 101, 6, 250,
       244, 35, 125, 215, 147, 57, 19, 186, 30, 41, 128, 38, 51, 218,
       194, 68, 242, 120, 50, 251, 60, 105, 150, 30, 116, 46, 65, 160,
       86, 12, 8, 25, 166, 14, 153, 226, 104, 61, 93, 84, 10, 186, 109,
       39, 231, 116, 112, 39, 125, 126, 240, 188, 196, 49, 110, 249, 131,
       75, 8, 41, 251, 247, 245, 111, 83, 247, 150, 122, 214, 213, 104,
       212, 224, 194, 223, 59, 6, 175, 157, 60, 117, 124, 124, 44, 186,
       134, 233, 113, 131, 207, 57, 174, 136, 91, 241, 92, 88, 93, 62,
       255, 87, 151, 42, 243, 233, 74, 192, 206, 6, 9, 200, 92, 166, 225,
       41, 89, 42, 143, 144, 181, 95, 168, 137, 8, 173, 36, 92, 128, 62,
       144, 91, 85, 29, 160, 141, 134, 26, 16, 208, 3, 65, 97, 17, 131,
       236, 32, 54, 52, 56, 183, 85, 150, 126, 176, 137, 73, 102, 48,
       157, 207, 1, 170, 151, 200, 9, 36, 68, 65, 64, 160, 2, 202, 1,
       137, 202, 221, 131, 193, 188, 94, 10, 79, 145, 44, 121, 165, 194,
       85, 133, 32, 196, 2, 140, 120, 77, 148, 13, 0, 150, 194, 59, 95,
       112, 32, 95, 57, 114, 114, 173, 32, 241, 84, 8, 14, 84, 134, 216,
       81, 137, 13, 24, 5, 155, 29, 141, 73, 16, 96, 34, 188, 68, 79, 34,
       176, 120, 49, 247, 214, 82, 103, 123, 247, 198, 238, 81, 21, 87,
       172, 179, 86, 126, 213, 91, 111, 58, 187, 230, 183, 156, 234, 174,
       140, 82, 216, 116, 168, 97, 39, 36, 191, 82, 124, 69, 212, 88, 64,
       149, 14, 203, 44, 1, 238, 157, 44, 94, 133, 98, 24, 148, 73, 208,
       242, 35, 217, 93, 6, 34, 242, 130, 202, 14, 139, 239, 216, 150,
       136, 62, 145, 190, 207, 170, 61, 77, 169, 205, 148, 60, 157, 68,
       2, 172, 112, 97, 213, 89, 34, 247, 11, 3, 59, 184, 100, 89, 216,
       82, 83, 237, 176, 243, 92, 40, 63, 213, 22, 252, 36, 137, 157, 86,
       5, 217, 7, 197, 107, 16, 240, 36, 60, 80, 87, 32, 154, 0, 201,
       130, 222, 3, 75, 84, 7, 63, 192, 47, 141, 18, 188, 125, 174, 141,
       16, 32, 173, 6, 12, 196, 35, 115, 85, 17, 32, 37, 194, 30, 65,
       148, 51, 99, 64, 66, 78, 234, 40, 49, 189, 44, 39, 29, 150, 117,
       234, 197, 128, 231, 156, 159, 79, 178, 142, 51, 195, 40, 125, 81,
       109, 1, 202, 82, 1, 130, 158, 1, 66, 4, 39, 6, 224, 20, 5, 16,
       173, 19, 6, 109, 210, 1, 230, 192, 33, 199, 35, 8, 72, 160, 76,
       80, 0, 176, 97, 213, 36, 49, 184, 83, 64, 65, 68, 48, 64, 24, 46,
       69, 148, 229, 110, 25, 44, 88, 5, 176, 24, 156, 73, 16, 242, 59,
       157, 88, 6, 34, 242, 5, 5, 0, 52, 17, 34, 37, 74, 0, 0, 131, 64,
       0, 73, 128, 3, 2, 76, 5, 69, 66, 44, 128, 99, 12, 154, 128, 5, 82,
       40, 32, 9, 18, 36, 20, 186, 0, 56, 1, 212, 64, 160, 24, 3, 224, 0,
       193, 78, 16, 164, 16, 4, 96, 24, 158, 1, 16, 50, 51, 157, 72, 22,
       37, 248, 33, 23, 109, 0, 23, 125, 129, 124, 164, 84, 214, 68, 77,
       29, 24, 133, 201, 244, 67, 112, 112, 98, 128, 244, 8, 176, 4, 0,
       60, 18, 81, 9, 220, 108, 209, 186, 90, 114, 9, 0, 212, 21, 26,
       143, 84, 160, 244, 76, 154, 60, 153, 12, 240, 29, 142, 73, 32, 50,
       35, 188, 72, 215, 36, 248, 0, 131, 12, 138, 34, 93, 1, 34, 39, 68,
       31, 4, 25, 61, 93, 164, 141, 80, 64, 168, 16, 98, 192, 98, 89, 52,
       4, 0, 52, 146, 24, 9, 148, 100, 81, 136, 66, 74, 136, 8, 180, 21,
       24, 39, 20, 134, 116, 108, 147, 40, 145, 8, 176, 29, 154, 8, 48,
       98, 58, 188, 64, 87, 36, 250, 50, 1, 25, 150, 2, 7, 25, 47, 198,
       198, 21, 16, 17, 130, 49, 82, 118, 86, 0, 69, 2, 176, 192, 6, 12,
       128, 164, 9, 2, 168, 20, 40, 64, 36, 20, 154, 2, 104, 128, 84,
       144, 73, 21, 8, 144, 20, 128, 78, 147, 172, 16, 5, 50, 24, 148,
       65, 16, 114, 49, 184, 88, 22, 32, 251, 1, 7, 128, 8, 0, 16, 128,
       7, 32, 192, 2, 4, 16, 49, 43, 3, 4, 40, 128, 128, 0, 0, 80, 195,
       80, 0, 0, 0, 0, 0, 0, 1, 148, 16, 83, 128, 0, 72, 10, 8, 164, 48,
       56, 129, 20, 84, 112, 108, 17, 8, 40, 4, 16, 9, 88, 8, 19, 67, 2,
       36, 64, 81, 64, 74, 2, 65, 8, 158, 7, 4, 92, 7, 7, 70, 61, 128,
       24, 172, 52, 30, 13, 82, 0, 245, 2, 178, 192, 35, 88, 133, 129, 8,
       19, 184, 20, 41, 144, 60, 16, 154, 66, 72, 2, 72, 50, 203, 53, 41,
       150, 20, 229, 110, 17, 160, 18, 5, 40, 24, 180, 8, 25, 98, 56, 56,
       89, 84, 2, 235, 39, 4, 80, 2, 209, 128, 7, 72, 134, 66, 129, 50,
       160, 11, 128, 85, 226, 212, 1, 100, 65, 2, 129, 100, 12, 136, 168,
       9, 146, 8, 49, 41, 80, 36, 20, 154, 66, 112, 1, 84, 16, 64, 24,
       15, 192, 20, 192, 76, 153, 44, 16, 4, 112, 24, 156, 73, 16, 242,
       51, 188, 88, 86, 32, 248, 38, 38, 97, 130, 217, 134, 3, 73, 198,
       68, 2, 54, 161, 10, 145, 69, 226, 213, 1, 100, 65, 2, 128, 116,
       78, 136, 44, 13, 146, 8, 49, 9, 116, 36, 84, 186, 82, 112, 1, 84,
       192, 64, 24, 14, 64, 4, 192, 76, 153, 44, 24, 4, 112, 28, 156, 73,
       16, 242, 51, 188, 88, 86, 32, 249, 7, 34, 65, 130, 153, 128, 3,
       72, 32, 68, 2, 50, 129, 11, 128, 65, 98, 68, 5, 96, 65, 0, 136,
       112, 76, 136, 40, 9, 146, 8, 33, 9, 80, 36, 84, 154, 64, 112, 1,
       212, 128, 64, 24, 14, 64, 0, 64, 69, 25, 36, 16, 4, 96, 24, 140,
       73, 16, 112, 35, 156, 72, 22, 32, 248, 1, 204, 12, 136, 2, 95,
       132, 135, 45, 196, 44, 140, 24, 61, 125, 175, 137, 48, 32, 172,
       16, 208, 60, 32, 113, 85, 25, 32, 45, 194, 26, 17, 144, 64, 211,
       64, 0, 66, 44, 40, 54, 191, 44, 53, 20, 214, 116, 224, 17, 9, 230,
       28, 155, 65, 226, 158, 187, 196, 40, 36, 65, 217, 78, 202, 1, 14,
