%YAML:1.0
descriptors: !!opencv-matrix
   rows: 10
   cols: 64
   dt: u
   data: [ 7, 37, 81, 130, 17, 0, 1, 78, 134, 68, 1, 48, 17, 10, 128, 86,
       226, 212, 1, 96, 65, 34, 192, 34, 76, 136, 160, 9, 18, 8, 48, 41,
       208, 36, 84, 186, 66, 112, 1, 84, 16, 64, 24, 11, 192, 20, 224,
       76, 153, 44, 24, 4, 112, 28, 156, 73, 16, 242, 51, 188, 88, 86,
       32, 249, 39, 33, 113, 162, 17, 0, 5, 72, 198, 70, 129, 48, 49, 10,
       176, 85, 226, 212, 1, 96, 65, 34, 129, 116, 76, 136, 160, 9, 82,
       8, 49, 41, 212, 36, 20, 186, 66, 120, 1, 84, 16, 64, 24, 15, 208,
       20, 196, 76, 153, 172, 24, 5, 112, 28, 156, 73, 16, 242, 51, 188,
       88, 86, 32, 248, 1, 0, 0, 34, 136, 128, 38, 68, 0, 32, 32, 0, 0,
       1, 132, 0, 66, 0, 1, 64, 192, 32, 136, 0, 76, 136, 8, 0, 130, 0,
       1, 65, 17, 4, 16, 186, 1, 192, 5, 130, 32, 66, 24, 3, 64, 20, 100,
       65, 17, 36, 16, 4, 1, 24, 132, 8, 16, 96, 35, 188, 72, 70, 32,
       233, 3, 1, 16, 146, 1, 64, 0, 2, 2, 0, 41, 4, 0, 197, 1, 51, 70,
       2, 0, 68, 2, 160, 128, 3, 6, 132, 128, 8, 146, 42, 0, 1, 18, 6,
       81, 154, 0, 64, 66, 64, 32, 32, 24, 65, 4, 28, 228, 142, 65, 32,
       16, 4, 32, 24, 164, 11, 17, 98, 32, 52, 64, 68, 1, 224, 7, 4, 64,
       34, 145, 128, 7, 72, 160, 2, 0, 50, 160, 11, 132, 69, 98, 84, 1,
       100, 73, 2, 128, 96, 76, 136, 40, 9, 146, 8, 32, 9, 80, 36, 20,
       154, 66, 112, 1, 212, 0, 66, 24, 11, 80, 16, 192, 4, 25, 44, 16,
       4, 96, 24, 132, 73, 16, 240, 33, 156, 88, 86, 32, 249, 4, 35, 243,
       176, 16, 68, 33, 110, 192, 134, 66, 52, 81, 134, 155, 194, 234,
       84, 3, 100, 1, 128, 196, 51, 13, 136, 164, 9, 82, 8, 48, 9, 112,
       38, 85, 186, 16, 114, 1, 84, 176, 80, 24, 14, 68, 132, 65, 238,
       153, 44, 24, 4, 112, 29, 132, 73, 16, 224, 35, 188, 72, 6, 32,
       242, 4, 35, 225, 144, 16, 4, 33, 78, 196, 198, 131, 52, 65, 134,
       153, 66, 234, 212, 3, 96, 1, 32, 196, 51, 76, 136, 160, 9, 82, 8,
       48, 73, 112, 36, 85, 186, 66, 120, 1, 84, 48, 64, 24, 14, 68, 4,
       193, 78, 153, 44, 24, 5, 112, 29, 148, 73, 16, 242, 51, 188, 72,
       70, 32, 242, 53, 34, 113, 128, 16, 6, 33, 110, 194, 68, 194, 52,
       65, 134, 145, 82, 226, 212, 3, 100, 65, 128, 128, 48, 78, 136, 40,
       9, 210, 8, 48, 41, 112, 36, 85, 186, 66, 114, 5, 84, 144, 80, 24,
       14, 64, 20, 64, 196, 153, 44, 24, 4, 112, 28, 132, 73, 16, 240,
       35, 188, 88, 70, 32, 248, 71, 37, 65, 16, 17, 2, 3, 78, 130, 66,
       129, 48, 0, 131, 129, 67, 98, 84, 1, 100, 11, 128, 128, 32, 12,
       136, 168, 9, 146, 8, 48, 9, 112, 36, 84, 154, 0, 112, 1, 212, 0,
       66, 24, 10, 64, 28, 192, 12, 25, 44, 16, 4, 96, 24, 132, 73, 16,
       240, 33, 188, 88, 70, 34, 241, 55, 50, 113, 130, 159, 148, 9, 72,
       230, 70, 147, 48, 237, 11, 144, 85, 242, 212, 3, 96, 193, 34, 128,
       116, 76, 136, 160, 9, 210, 8, 113, 105, 80, 36, 84, 186, 66, 112,
       129, 212, 208, 72, 24, 14, 208, 20, 192, 77, 153, 172, 24, 5, 112,
       29, 156, 73, 16, 242, 51, 188, 88, 86, 32, 248 ]
