%YAML:1.0
descriptors: !!opencv-matrix
   rows: 10
   cols: 64
   dt: u
   data: [ 4, 35, 1, 128, 16, 2, 32, 102, 0, 134, 194, 20, 65, 128, 153,
       98, 130, 76, 1, 100, 0, 128, 196, 17, 12, 136, 8, 1, 80, 12, 48,
       25, 112, 4, 85, 186, 0, 114, 5, 20, 144, 96, 24, 6, 64, 4, 64,
       192, 25, 44, 16, 4, 81, 28, 132, 8, 16, 96, 35, 188, 72, 6, 32,
       240, 4, 35, 97, 176, 16, 4, 33, 111, 128, 198, 195, 52, 81, 38,
       145, 66, 202, 84, 3, 96, 65, 32, 192, 51, 76, 136, 164, 9, 82, 12,
       48, 73, 82, 36, 85, 186, 80, 120, 1, 84, 48, 64, 24, 46, 68, 4,
       193, 110, 25, 44, 24, 5, 240, 28, 156, 73, 16, 242, 51, 157, 72,
       86, 32, 250, 60, 49, 125, 182, 55, 37, 121, 127, 246, 84, 215, 53,
       125, 126, 177, 86, 246, 222, 67, 98, 245, 50, 193, 119, 220, 170,
       228, 217, 122, 220, 245, 233, 215, 36, 87, 190, 83, 120, 193, 124,
       120, 93, 60, 47, 212, 53, 231, 111, 153, 172, 24, 5, 240, 29, 156,
       73, 16, 242, 51, 189, 88, 87, 32, 250, 67, 3, 128, 18, 1, 2, 14,
       6, 2, 130, 1, 0, 2, 131, 0, 19, 76, 66, 0, 69, 10, 161, 224, 35,
       68, 130, 162, 13, 18, 40, 0, 1, 82, 36, 84, 155, 64, 108, 3, 194,
       0, 66, 56, 73, 146, 28, 193, 14, 17, 172, 16, 5, 32, 24, 180, 75,
       144, 114, 49, 61, 72, 84, 32, 250, 5, 2, 0, 0, 136, 128, 6, 64, 0,
       0, 2, 4, 0, 5, 1, 1, 64, 8, 1, 64, 192, 32, 8, 64, 64, 0, 8, 0,
       128, 0, 1, 64, 20, 0, 80, 168, 0, 0, 5, 0, 0, 0, 24, 2, 64, 20, 0,
       64, 16, 36, 24, 4, 48, 24, 8, 9, 0, 0, 3, 180, 0, 70, 32, 104, 7,
       38, 65, 130, 221, 0, 3, 72, 164, 66, 130, 54, 33, 11, 129, 69,
       226, 84, 1, 96, 65, 2, 136, 112, 76, 136, 40, 9, 146, 8, 33, 9,
       80, 36, 84, 186, 66, 112, 5, 84, 144, 64, 24, 14, 64, 4, 192, 68,
       153, 44, 24, 4, 112, 28, 140, 73, 16, 112, 35, 188, 72, 86, 32,
       248, 0, 2, 0, 128, 0, 0, 34, 68, 0, 0, 0, 0, 0, 1, 1, 1, 12, 72,
       129, 4, 0, 128, 44, 0, 8, 145, 8, 0, 128, 0, 1, 17, 48, 18, 16, 0,
       1, 192, 6, 2, 33, 32, 8, 2, 0, 28, 64, 128, 0, 0, 112, 52, 21, 74,
       132, 138, 145, 72, 0, 4, 64, 68, 1, 161, 28, 51, 209, 176, 20, 55,
       33, 118, 196, 134, 83, 52, 65, 138, 153, 66, 234, 212, 3, 100, 65,
       32, 192, 51, 76, 136, 164, 9, 82, 12, 48, 105, 214, 36, 85, 186,
       82, 120, 129, 84, 240, 84, 24, 14, 208, 20, 193, 78, 153, 172, 24,
       5, 240, 29, 156, 73, 16, 242, 51, 189, 88, 86, 32, 250, 119, 50,
       113, 160, 223, 128, 7, 72, 230, 70, 177, 50, 237, 11, 144, 85,
       226, 213, 7, 100, 73, 128, 128, 116, 76, 136, 168, 13, 210, 8, 49,
       41, 112, 36, 84, 186, 66, 112, 1, 212, 16, 64, 24, 14, 192, 20,
       192, 12, 153, 44, 16, 4, 96, 28, 156, 73, 16, 242, 51, 188, 88,
       86, 32, 248, 38, 32, 65, 130, 155, 132, 3, 72, 198, 70, 3, 48,
       177, 10, 176, 85, 226, 212, 1, 96, 193, 34, 129, 116, 12, 136,
       164, 9, 82, 8, 49, 105, 84, 36, 84, 186, 82, 120, 1, 84, 80, 64,
       24, 14, 192, 4, 192, 79, 153, 172, 24, 5, 112, 28, 156, 73, 16,
       242, 51, 188, 88, 22, 32, 248 ]
