%YAML:1.0
descriptors: !!opencv-matrix
   rows: 87
   cols: 64
   dt: u
   data: [ 127, 244, 253, 174, 127, 191, 31, 27, 246, 127, 253, 250, 191,
       122, 180, 93, 242, 215, 39, 113, 229, 119, 211, 119, 204, 222,
       233, 127, 122, 89, 245, 233, 215, 44, 84, 190, 82, 120, 233, 117,
       114, 223, 60, 47, 213, 20, 245, 79, 153, 172, 24, 5, 240, 29, 156,
       73, 24, 242, 51, 189, 88, 87, 34, 251, 127, 244, 253, 190, 255,
       175, 95, 57, 246, 100, 245, 187, 253, 251, 180, 93, 246, 247, 114,
       240, 253, 103, 147, 119, 222, 255, 253, 127, 250, 189, 245, 239,
       223, 44, 87, 190, 218, 120, 233, 127, 120, 223, 57, 175, 213, 53,
       245, 79, 153, 174, 24, 15, 240, 29, 156, 73, 24, 243, 51, 189,
       122, 87, 40, 250, 203, 158, 142, 103, 253, 176, 254, 144, 120,
       187, 234, 107, 174, 93, 98, 17, 229, 235, 189, 219, 237, 109, 91,
       253, 227, 126, 123, 246, 222, 119, 227, 247, 95, 233, 221, 53,
       127, 189, 252, 35, 125, 92, 106, 191, 213, 97, 255, 115, 188, 223,
       24, 39, 245, 229, 216, 233, 23, 223, 183, 183, 246, 243, 180, 78,
       220, 57, 151, 85, 96, 107, 248, 247, 90, 185, 67, 215, 214, 196,
       219, 170, 61, 203, 250, 143, 215, 45, 71, 219, 139, 74, 246, 222,
       64, 229, 182, 246, 111, 51, 101, 53, 157, 238, 254, 101, 217, 60,
       179, 102, 175, 63, 139, 239, 253, 234, 105, 215, 241, 127, 25,
       203, 71, 223, 87, 227, 121, 101, 145, 238, 221, 58, 215, 245, 254,
       167, 251, 240, 76, 191, 83, 31, 195, 200, 147, 73, 226, 213, 57,
       102, 206, 173, 142, 121, 14, 218, 190, 47, 210, 9, 51, 63, 119,
       167, 92, 123, 82, 253, 247, 87, 208, 96, 201, 94, 203, 12, 201,
       147, 220, 140, 24, 245, 241, 254, 156, 235, 209, 252, 49, 159,
       220, 21, 49, 180, 55, 180, 249, 139, 254, 157, 159, 13, 255, 127,
       189, 248, 253, 46, 189, 85, 255, 247, 98, 176, 217, 115, 219, 109,
       220, 245, 237, 127, 26, 249, 213, 111, 199, 172, 199, 62, 254,
       249, 233, 127, 112, 95, 103, 173, 213, 84, 245, 127, 187, 236, 24,
       13, 246, 29, 156, 113, 16, 242, 179, 189, 250, 215, 40, 254, 235,
       140, 237, 145, 238, 223, 95, 5, 107, 231, 61, 200, 223, 164, 52,
       222, 205, 241, 60, 231, 158, 113, 122, 41, 221, 215, 185, 63, 67,
       219, 29, 111, 199, 165, 86, 43, 202, 121, 237, 122, 112, 221, 108,
       45, 151, 28, 245, 59, 159, 236, 26, 5, 247, 125, 148, 219, 88,
       246, 51, 189, 217, 219, 120, 254, 76, 33, 227, 176, 216, 135, 35,
       110, 132, 100, 194, 52, 209, 230, 145, 66, 226, 85, 3, 100, 201,
       5, 194, 51, 14, 200, 172, 13, 82, 12, 48, 9, 87, 36, 85, 186, 16,
       120, 5, 84, 48, 64, 24, 14, 69, 12, 193, 207, 153, 44, 24, 5, 240,
       28, 156, 73, 16, 242, 51, 189, 72, 22, 32, 250, 100, 15, 246, 219,
       200, 223, 230, 103, 40, 116, 10, 7, 150, 247, 155, 140, 235, 209,
       185, 38, 222, 45, 218, 243, 91, 94, 26, 36, 168, 138, 26, 71, 215,
       7, 85, 187, 80, 250, 255, 100, 116, 116, 152, 230, 77, 140, 245,
       231, 157, 44, 24, 92, 241, 125, 156, 203, 65, 254, 115, 181, 88,
       101, 49, 250, 69, 143, 128, 168, 72, 202, 166, 70, 33, 208, 10, 1,
       0, 117, 137, 129, 203, 73, 169, 38, 196, 41, 78, 115, 77, 221, 25,
       36, 60, 0, 17, 67, 151, 3, 81, 161, 49, 192, 109, 32, 101, 52, 56,
       39, 85, 156, 117, 235, 152, 172, 24, 4, 241, 93, 156, 202, 17,
       206, 35, 165, 64, 71, 49, 250, 199, 173, 203, 215, 106, 222, 219,
       199, 11, 229, 15, 220, 19, 246, 190, 254, 139, 85, 56, 107, 134,
       41, 238, 43, 125, 199, 146, 63, 67, 171, 31, 111, 151, 167, 85,
       154, 82, 250, 251, 126, 112, 125, 233, 97, 181, 30, 245, 107, 157,
       172, 27, 69, 245, 29, 180, 74, 16, 242, 115, 189, 88, 85, 49, 254,
       116, 187, 211, 119, 120, 242, 250, 119, 216, 153, 66, 117, 227,
       86, 155, 112, 98, 199, 187, 47, 199, 45, 71, 223, 175, 202, 38,
       167, 78, 105, 49, 110, 119, 7, 125, 183, 53, 190, 255, 53, 249,
       124, 179, 102, 239, 166, 185, 127, 185, 188, 40, 243, 241, 37, 28,
       203, 70, 250, 87, 239, 120, 103, 241, 246, 214, 249, 218, 253,
       255, 162, 222, 137, 30, 235, 245, 251, 174, 194, 198, 90, 180,
       215, 60, 223, 143, 173, 227, 75, 175, 223, 243, 127, 211, 63, 231,
       127, 147, 181, 60, 95, 250, 253, 250, 247, 83, 202, 229, 121, 187,
       28, 253, 63, 205, 215, 18, 231, 236, 246, 188, 235, 81, 191, 240,
       123, 189, 117, 179, 191, 69, 33, 17, 0, 72, 2, 34, 70, 0, 0, 2, 5,
       64, 65, 131, 32, 102, 11, 129, 68, 64, 161, 4, 130, 194, 8, 168,
       204, 128, 4, 160, 64, 116, 33, 80, 184, 17, 34, 5, 196, 192, 16,
       24, 2, 64, 18, 131, 76, 153, 36, 72, 4, 112, 92, 24, 73, 6, 120,
       3, 176, 8, 70, 34, 105, 66, 35, 1, 2, 72, 2, 2, 7, 64, 0, 2, 5,
       64, 69, 1, 1, 4, 1, 1, 132, 192, 33, 1, 194, 128, 0, 140, 132, 2,
       0, 1, 64, 5, 40, 65, 176, 40, 0, 4, 64, 4, 0, 16, 138, 65, 68,
       129, 78, 16, 36, 8, 2, 35, 24, 24, 139, 6, 34, 19, 144, 8, 66, 96,
       96, 194, 9, 130, 151, 33, 66, 88, 134, 2, 161, 1, 193, 50, 130, 2,
       26, 46, 146, 60, 207, 10, 141, 231, 3, 10, 139, 186, 15, 19, 40,
       2, 103, 209, 37, 52, 251, 66, 108, 194, 214, 208, 74, 56, 74, 139,
       28, 201, 46, 89, 160, 94, 5, 113, 26, 180, 202, 145, 242, 49, 29,
       92, 84, 18, 251, 135, 200, 8, 10, 7, 88, 148, 138, 43, 129, 45,
       234, 178, 30, 108, 169, 9, 51, 36, 145, 4, 22, 48, 64, 97, 87, 25,
       34, 145, 42, 6, 16, 152, 16, 211, 64, 3, 72, 234, 35, 98, 191, 44,
       33, 149, 84, 180, 41, 81, 219, 0, 5, 157, 65, 232, 162, 51, 131,
       180, 37, 16, 249, 132, 74, 195, 140, 130, 136, 65, 74, 134, 135,
       41, 192, 10, 141, 0, 133, 15, 175, 137, 16, 161, 148, 64, 129,
       238, 32, 65, 85, 25, 32, 145, 10, 2, 5, 149, 35, 113, 48, 48, 64,
       109, 32, 33, 52, 40, 35, 29, 20, 124, 224, 81, 0, 120, 4, 145, 67,
       160, 170, 146, 72, 36, 53, 4, 69, 16, 74, 69, 6, 144, 128, 201,
       74, 34, 77, 8, 64, 138, 5, 0, 4, 139, 160, 203, 8, 129, 4, 64,
       129, 14, 0, 70, 221, 24, 64, 128, 6, 11, 69, 5, 3, 81, 136, 32,
       226, 77, 4, 37, 20, 24, 162, 77, 136, 108, 224, 0, 36, 120, 52,
       147, 86, 0, 3, 128, 72, 0, 32, 0, 71, 49, 64, 165, 254, 115, 129,
       216, 228, 171, 217, 140, 239, 42, 121, 131, 74, 249, 229, 227,
       212, 45, 99, 206, 40, 172, 56, 111, 223, 43, 47, 215, 11, 51, 63,
       240, 39, 92, 155, 82, 115, 237, 246, 211, 92, 56, 30, 208, 30,
       216, 21, 137, 173, 86, 5, 248, 31, 133, 73, 144, 240, 33, 188, 92,
       86, 32, 185, 79, 196, 200, 168, 221, 186, 63, 72, 57, 75, 172,
       234, 128, 72, 166, 77, 137, 61, 57, 85, 192, 117, 82, 113, 100,
       215, 153, 39, 82, 46, 35, 97, 151, 17, 215, 171, 114, 120, 237,
       112, 112, 158, 56, 41, 213, 29, 245, 111, 157, 172, 24, 5, 241,
       125, 220, 75, 16, 254, 55, 189, 24, 87, 48, 250, 240, 43, 146, 23,
       200, 134, 10, 227, 194, 3, 3, 22, 210, 192, 147, 16, 118, 131,
       122, 198, 75, 135, 3, 197, 158, 82, 188, 45, 130, 140, 130, 0, 66,
       45, 71, 191, 8, 44, 197, 76, 0, 64, 16, 138, 233, 108, 161, 13,
       157, 172, 24, 19, 113, 121, 28, 211, 64, 127, 17, 49, 104, 81,
       112, 232, 114, 34, 177, 151, 200, 134, 10, 37, 198, 167, 19, 22,
       209, 2, 147, 22, 126, 195, 90, 198, 155, 39, 195, 76, 156, 208,
       190, 109, 2, 188, 209, 42, 71, 173, 71, 159, 136, 40, 102, 78, 32,
       64, 161, 232, 167, 104, 137, 63, 151, 236, 24, 99, 49, 88, 60,
       243, 64, 123, 83, 209, 120, 115, 120, 230, 83, 136, 138, 126, 105,
       82, 218, 174, 18, 184, 84, 153, 34, 154, 7, 154, 47, 147, 184,
       155, 196, 41, 239, 59, 41, 219, 152, 39, 91, 97, 3, 111, 149, 161,
       49, 113, 119, 209, 236, 119, 112, 220, 235, 111, 191, 20, 113,
       107, 223, 234, 127, 133, 245, 125, 184, 194, 211, 251, 175, 217,
       216, 23, 48, 223, 17, 49, 144, 18, 17, 34, 32, 126, 66, 0, 131,
       52, 96, 192, 128, 3, 74, 4, 3, 84, 3, 37, 193, 199, 132, 0, 192,
       13, 18, 12, 128, 0, 30, 6, 145, 186, 0, 8, 3, 68, 160, 0, 20, 1,
