%YAML:1.0
descriptors: !!opencv-matrix
   rows: 12
   cols: 64
   dt: u
   data: [ 39, 52, 65, 130, 157, 128, 5, 72, 230, 68, 0, 112, 161, 10,
       160, 85, 226, 212, 1, 96, 193, 34, 129, 100, 12, 152, 32, 9, 146,
       8, 49, 105, 84, 36, 84, 154, 66, 112, 1, 84, 64, 64, 24, 11, 64,
       20, 228, 77, 153, 36, 24, 4, 112, 24, 156, 73, 16, 114, 51, 188,
       88, 87, 32, 248, 5, 35, 97, 144, 16, 0, 33, 110, 128, 198, 194,
       52, 65, 134, 145, 66, 202, 84, 1, 96, 65, 32, 192, 51, 76, 136,
       160, 9, 82, 8, 48, 73, 80, 36, 85, 186, 16, 120, 1, 84, 48, 64,
       24, 14, 68, 20, 193, 110, 25, 44, 24, 5, 240, 28, 156, 73, 16,
       226, 51, 188, 72, 86, 32, 242, 36, 35, 97, 144, 16, 5, 33, 111,
       196, 68, 193, 52, 81, 6, 145, 66, 234, 212, 3, 96, 65, 32, 192,
       19, 76, 136, 164, 9, 82, 140, 48, 105, 210, 36, 85, 186, 82, 120,
       1, 84, 48, 64, 16, 15, 68, 20, 229, 110, 153, 172, 24, 5, 240, 28,
       156, 73, 16, 242, 51, 189, 88, 86, 32, 250, 39, 6, 64, 2, 157,
       128, 5, 72, 130, 0, 129, 112, 160, 11, 128, 21, 226, 196, 1, 64,
       193, 2, 129, 100, 76, 152, 168, 9, 18, 8, 33, 105, 84, 36, 20,
       186, 66, 48, 1, 84, 64, 64, 24, 139, 192, 16, 196, 77, 153, 172,
       24, 0, 112, 24, 156, 73, 16, 114, 51, 156, 88, 87, 32, 248, 66, 3,
       0, 146, 1, 2, 6, 6, 2, 34, 3, 4, 0, 133, 1, 2, 74, 0, 0, 68, 138,
       160, 192, 3, 76, 128, 128, 12, 2, 8, 1, 64, 80, 36, 80, 186, 0,
       96, 3, 66, 0, 64, 24, 8, 4, 28, 197, 78, 17, 44, 16, 4, 48, 25,
       148, 73, 16, 114, 49, 180, 72, 86, 32, 248, 1, 3, 0, 0, 9, 130, 2,
       66, 0, 0, 2, 0, 0, 65, 0, 1, 64, 64, 1, 64, 192, 32, 0, 67, 64,
       128, 0, 4, 16, 8, 1, 65, 86, 36, 80, 186, 0, 104, 1, 4, 192, 0,
       24, 2, 64, 16, 192, 79, 25, 44, 24, 4, 112, 24, 140, 9, 16, 98,
       51, 180, 72, 87, 32, 248, 2, 1, 0, 154, 0, 66, 4, 6, 2, 194, 41,
       128, 0, 132, 5, 2, 77, 64, 0, 68, 2, 160, 228, 3, 76, 133, 128, 8,
       3, 8, 0, 65, 208, 36, 81, 154, 0, 96, 3, 66, 32, 72, 56, 41, 148,
       28, 229, 46, 17, 172, 16, 5, 48, 25, 148, 75, 16, 114, 48, 61, 88,
       84, 32, 234, 1, 6, 0, 0, 137, 128, 6, 64, 0, 0, 0, 0, 0, 1, 1, 1,
       64, 64, 1, 64, 192, 32, 8, 64, 64, 144, 9, 0, 144, 0, 1, 65, 212,
       36, 81, 184, 0, 64, 1, 0, 32, 0, 24, 3, 68, 16, 244, 65, 17, 36,
       24, 4, 48, 24, 140, 9, 16, 96, 35, 180, 64, 71, 32, 232, 1, 196,
       0, 0, 201, 0, 6, 64, 0, 64, 0, 64, 0, 5, 4, 1, 66, 64, 5, 0, 192,
       0, 8, 64, 66, 148, 9, 0, 144, 0, 1, 65, 208, 6, 80, 8, 0, 64, 5,
       128, 64, 2, 24, 3, 80, 20, 100, 192, 17, 36, 16, 4, 17, 24, 140,
       8, 16, 96, 34, 188, 64, 87, 34, 233, 3, 18, 64, 130, 221, 130, 6,
       10, 102, 2, 18, 48, 172, 75, 128, 81, 226, 215, 1, 96, 192, 4,
       129, 99, 78, 128, 168, 13, 18, 8, 1, 105, 214, 36, 85, 186, 82,
       112, 1, 84, 112, 84, 24, 15, 212, 20, 228, 79, 153, 172, 24, 5,
       240, 29, 156, 73, 16, 242, 51, 188, 88, 87, 32, 248, 55, 52, 125,
       162, 156, 164, 43, 120, 230, 70, 211, 50, 237, 11, 145, 85, 226,
       212, 3, 96, 201, 2, 129, 116, 76, 152, 172, 9, 210, 12, 49, 57,
       208, 36, 84, 186, 82, 120, 129, 116, 208, 92, 24, 14, 208, 20,
       192, 77, 153, 172, 24, 5, 240, 29, 156, 73, 16, 242, 51, 188, 88,
       86, 32, 249, 54, 48, 81, 130, 87, 6, 1, 74, 230, 70, 3, 52, 53,
       10, 176, 85, 226, 212, 1, 100, 65, 130, 129, 52, 14, 136, 172, 9,
       210, 8, 48, 41, 80, 36, 84, 186, 82, 112, 1, 84, 80, 64, 24, 14,
       192, 20, 192, 76, 153, 172, 24, 5, 112, 28, 156, 73, 16, 242, 51,
       188, 88, 22, 32, 248 ]
