%YAML:1.0
descriptors: !!opencv-matrix
   rows: 11
   cols: 64
   dt: u
   data: [ 70, 34, 65, 160, 209, 2, 35, 72, 192, 2, 130, 52, 97, 2, 128,
       64, 226, 213, 1, 100, 65, 128, 128, 48, 12, 136, 168, 13, 210, 8,
       48, 41, 80, 36, 84, 186, 66, 114, 1, 84, 208, 64, 24, 14, 64, 4,
       192, 76, 153, 44, 24, 4, 112, 28, 140, 73, 16, 242, 51, 188, 72,
       22, 32, 248, 60, 181, 253, 254, 54, 189, 249, 127, 244, 220, 213,
       245, 125, 126, 189, 85, 250, 220, 67, 99, 245, 62, 193, 247, 205,
       186, 228, 153, 90, 92, 117, 233, 223, 36, 85, 190, 83, 120, 233,
       117, 120, 93, 57, 47, 212, 53, 247, 111, 153, 172, 24, 5, 240, 29,
       156, 73, 16, 242, 51, 189, 88, 87, 32, 250, 60, 49, 117, 212, 54,
       167, 91, 127, 198, 68, 211, 52, 125, 78, 144, 86, 242, 212, 3,
       102, 71, 40, 192, 119, 204, 138, 166, 13, 82, 12, 112, 41, 214,
       36, 85, 186, 82, 120, 193, 116, 112, 92, 24, 15, 212, 20, 229, 78,
       153, 172, 24, 5, 240, 29, 156, 73, 16, 242, 51, 189, 88, 86, 32,
       250, 63, 54, 117, 166, 63, 189, 167, 120, 246, 92, 210, 115, 237,
       63, 185, 85, 242, 245, 67, 96, 241, 34, 209, 118, 204, 188, 244,
       139, 82, 28, 241, 235, 215, 44, 87, 190, 82, 120, 233, 116, 120,
       92, 56, 47, 212, 17, 247, 111, 153, 172, 24, 5, 240, 29, 156, 73,
       16, 242, 51, 189, 88, 87, 32, 250, 7, 34, 69, 162, 28, 176, 39,
       88, 96, 62, 210, 49, 233, 91, 144, 65, 226, 197, 1, 96, 193, 32,
       193, 115, 76, 136, 160, 15, 82, 12, 49, 75, 215, 36, 84, 186, 82,
       120, 161, 116, 112, 84, 24, 15, 212, 16, 229, 79, 153, 172, 24, 5,
       240, 29, 156, 73, 16, 242, 51, 189, 88, 87, 32, 248, 62, 53, 125,
       182, 63, 181, 27, 121, 214, 110, 213, 48, 125, 74, 177, 87, 246,
       214, 3, 98, 241, 34, 193, 118, 204, 138, 228, 73, 82, 28, 245,
       233, 215, 36, 84, 190, 82, 120, 193, 116, 112, 94, 24, 15, 208,
       20, 193, 79, 153, 172, 24, 5, 240, 29, 156, 73, 16, 242, 51, 189,
       88, 87, 32, 251, 70, 34, 65, 162, 216, 130, 35, 72, 228, 4, 2, 54,
       193, 35, 145, 65, 226, 213, 1, 100, 201, 1, 138, 112, 78, 136, 44,
       13, 210, 8, 49, 9, 117, 36, 84, 186, 82, 114, 5, 212, 208, 84, 24,
       14, 64, 4, 192, 69, 153, 44, 24, 4, 240, 29, 140, 73, 16, 242, 51,
       188, 88, 86, 32, 248, 62, 53, 125, 150, 55, 5, 29, 127, 230, 70,
       209, 48, 125, 106, 180, 86, 242, 214, 3, 97, 193, 34, 193, 119,
       204, 138, 228, 9, 82, 24, 113, 105, 215, 36, 85, 190, 82, 120,
       193, 116, 112, 92, 56, 47, 212, 20, 245, 111, 153, 172, 24, 5,
       240, 29, 156, 73, 16, 242, 51, 189, 88, 87, 32, 250, 68, 35, 65,
       144, 16, 130, 35, 124, 192, 162, 195, 52, 65, 134, 155, 98, 226,
       212, 1, 100, 9, 129, 198, 48, 12, 136, 168, 13, 82, 8, 48, 8, 112,
       36, 85, 186, 82, 114, 1, 84, 144, 64, 24, 14, 64, 4, 64, 76, 153,
       44, 24, 5, 112, 28, 148, 73, 16, 242, 35, 188, 88, 70, 32, 240,
       68, 35, 225, 144, 16, 6, 33, 111, 192, 198, 193, 52, 81, 130, 145,
       66, 234, 212, 3, 100, 11, 161, 192, 19, 12, 136, 164, 13, 82, 8,
       48, 9, 82, 36, 85, 186, 66, 120, 1, 84, 16, 64, 24, 14, 64, 20,
       193, 78, 153, 44, 24, 5, 112, 28, 148, 73, 16, 242, 51, 189, 88,
       86, 32, 242, 68, 35, 193, 180, 16, 130, 33, 78, 128, 0, 3, 52, 65,
       195, 147, 66, 226, 85, 1, 100, 73, 165, 194, 51, 14, 136, 160, 13,
       82, 8, 48, 9, 86, 36, 85, 186, 80, 122, 1, 84, 144, 64, 24, 14,
       64, 4, 193, 78, 153, 44, 24, 5, 112, 28, 156, 73, 16, 114, 51,
       189, 72, 6, 32, 240 ]
