%YAML:1.0
descriptors: !!opencv-matrix
   rows: 42
   cols: 64
   dt: u
   data: [ 44, 32, 237, 166, 31, 167, 53, 126, 244, 124, 212, 53, 125,
       63, 178, 68, 234, 213, 67, 96, 225, 39, 195, 119, 76, 168, 164,
       143, 82, 140, 49, 235, 215, 36, 85, 186, 82, 120, 233, 116, 120,
       92, 56, 47, 213, 21, 247, 111, 153, 172, 24, 5, 240, 29, 156, 73,
       16, 242, 51, 189, 88, 87, 32, 250, 63, 50, 125, 182, 62, 181, 191,
       120, 246, 126, 210, 51, 253, 127, 177, 85, 242, 244, 67, 98, 225,
       34, 193, 118, 204, 184, 228, 11, 90, 28, 241, 235, 215, 36, 85,
       190, 82, 120, 233, 116, 120, 92, 56, 47, 212, 20, 245, 111, 153,
       172, 24, 5, 240, 29, 156, 73, 16, 242, 51, 189, 88, 87, 32, 250,
       55, 53, 117, 142, 55, 133, 31, 121, 230, 68, 149, 48, 125, 122,
       180, 85, 254, 246, 67, 112, 209, 34, 209, 118, 204, 184, 228, 73,
       82, 28, 241, 105, 223, 44, 87, 190, 82, 120, 201, 116, 112, 88,
       24, 15, 212, 52, 245, 79, 153, 172, 24, 5, 240, 29, 156, 73, 16,
       242, 51, 189, 88, 87, 32, 250, 60, 48, 125, 166, 63, 167, 63, 126,
       244, 108, 213, 53, 125, 111, 176, 85, 242, 220, 67, 96, 225, 34,
       193, 119, 76, 168, 164, 143, 82, 140, 113, 233, 215, 36, 87, 190,
       83, 120, 233, 116, 120, 92, 56, 47, 212, 21, 247, 111, 153, 172,
       24, 5, 240, 29, 156, 73, 16, 242, 51, 189, 88, 87, 32, 250, 63,
       177, 125, 158, 63, 133, 31, 104, 230, 70, 149, 48, 189, 106, 180,
       84, 242, 214, 2, 96, 193, 34, 193, 118, 204, 154, 228, 73, 82, 24,
       245, 105, 215, 36, 85, 190, 82, 120, 225, 116, 112, 94, 28, 15,
       212, 20, 245, 79, 153, 172, 24, 5, 240, 29, 156, 73, 16, 242, 51,
       189, 88, 87, 32, 250, 102, 50, 113, 166, 215, 132, 11, 72, 198,
       70, 131, 54, 241, 10, 177, 87, 226, 213, 1, 100, 73, 128, 131, 52,
       76, 136, 168, 13, 210, 8, 49, 41, 80, 36, 85, 186, 82, 112, 1, 84,
       48, 64, 24, 14, 192, 20, 192, 76, 153, 172, 24, 5, 112, 28, 156,
       73, 16, 242, 51, 188, 88, 86, 32, 248, 61, 54, 125, 182, 63, 183,
       187, 121, 246, 126, 210, 117, 253, 107, 176, 84, 250, 223, 67, 98,
       241, 39, 195, 119, 220, 186, 244, 207, 82, 28, 241, 235, 215, 36,
       85, 190, 83, 120, 233, 124, 120, 92, 56, 47, 213, 21, 247, 111,
       153, 172, 24, 5, 240, 29, 156, 73, 16, 242, 51, 189, 88, 87, 32,
       250, 62, 176, 253, 182, 62, 183, 191, 126, 244, 254, 212, 247,
       253, 126, 179, 84, 250, 221, 67, 99, 229, 39, 195, 119, 204, 250,
       180, 143, 82, 205, 117, 235, 215, 36, 85, 190, 83, 120, 233, 116,
       120, 92, 56, 47, 213, 21, 247, 111, 153, 172, 24, 5, 240, 29, 156,
       73, 16, 242, 51, 189, 88, 87, 32, 250, 63, 50, 125, 246, 63, 181,
       191, 120, 246, 254, 214, 115, 253, 123, 179, 87, 242, 247, 67, 99,
       245, 103, 195, 118, 205, 250, 245, 255, 90, 93, 241, 235, 215, 36,
       85, 190, 82, 120, 233, 116, 120, 92, 56, 47, 213, 21, 245, 111,
       153, 172, 24, 5, 240, 29, 156, 73, 16, 242, 51, 189, 88, 87, 32,
       250, 63, 50, 125, 182, 63, 181, 63, 120, 246, 254, 214, 51, 237,
       123, 185, 87, 242, 215, 3, 115, 229, 35, 195, 118, 205, 170, 228,
       239, 82, 28, 241, 235, 215, 44, 85, 190, 90, 120, 233, 116, 120,
       92, 56, 47, 213, 21, 245, 111, 153, 172, 24, 5, 240, 29, 156, 73,
       16, 242, 51, 189, 88, 87, 32, 250, 63, 183, 125, 158, 63, 181,
       159, 121, 246, 94, 213, 243, 253, 126, 180, 84, 242, 215, 67, 99,
       245, 34, 193, 118, 204, 190, 229, 107, 82, 28, 245, 235, 215, 36,
       85, 190, 82, 120, 233, 116, 112, 92, 56, 47, 212, 20, 245, 111,
       153, 172, 24, 5, 240, 29, 156, 73, 16, 242, 51, 189, 88, 87, 32,
       250, 76, 33, 225, 144, 16, 7, 33, 111, 132, 198, 195, 52, 81, 134,
       153, 66, 226, 212, 3, 100, 1, 160, 192, 51, 76, 136, 164, 13, 82,
       8, 48, 41, 82, 36, 85, 186, 66, 122, 129, 84, 48, 80, 24, 14, 212,
       20, 225, 110, 153, 172, 24, 5, 112, 29, 156, 73, 16, 242, 51, 189,
       88, 86, 32, 250, 55, 52, 125, 134, 159, 133, 23, 120, 230, 68,
       151, 52, 253, 46, 177, 85, 242, 244, 3, 96, 193, 34, 129, 116, 76,
       184, 164, 9, 82, 8, 113, 105, 213, 36, 85, 186, 82, 120, 129, 92,
       112, 92, 24, 15, 212, 20, 228, 79, 153, 172, 24, 5, 240, 29, 156,
       73, 16, 242, 51, 188, 88, 87, 32, 248, 54, 48, 125, 134, 151, 133,
       31, 121, 230, 70, 157, 54, 253, 47, 177, 87, 242, 213, 67, 96,
       217, 34, 195, 100, 76, 136, 172, 9, 82, 28, 113, 41, 212, 36, 85,
       186, 82, 120, 129, 116, 112, 88, 24, 14, 212, 20, 228, 77, 153,
       172, 24, 5, 240, 29, 156, 73, 16, 242, 51, 188, 88, 86, 32, 248,
       70, 35, 65, 146, 219, 130, 7, 74, 198, 67, 3, 114, 179, 66, 176,
       81, 226, 213, 5, 100, 195, 37, 128, 99, 14, 154, 168, 13, 146, 8,
       48, 41, 82, 36, 84, 186, 66, 120, 1, 212, 80, 64, 24, 15, 193, 12,
       192, 79, 153, 36, 16, 4, 96, 24, 156, 73, 16, 114, 51, 157, 88,
       86, 32, 248, 63, 246, 125, 171, 191, 189, 171, 120, 254, 255, 210,
       122, 237, 59, 249, 85, 242, 212, 7, 112, 225, 114, 139, 124, 205,
       156, 237, 187, 94, 31, 113, 251, 213, 44, 213, 190, 90, 122, 169,
       116, 252, 92, 58, 47, 212, 21, 244, 109, 153, 172, 24, 5, 240, 29,
       157, 73, 16, 242, 51, 188, 88, 87, 32, 250, 63, 246, 125, 238, 63,
       189, 189, 120, 247, 222, 253, 251, 237, 127, 252, 85, 247, 246,
       71, 123, 245, 98, 209, 118, 205, 191, 225, 251, 126, 30, 245, 235,
       223, 44, 215, 190, 90, 120, 233, 117, 120, 92, 58, 47, 212, 17,
       245, 111, 153, 172, 24, 5, 240, 29, 156, 73, 16, 242, 51, 189, 88,
       87, 32, 250, 39, 54, 117, 163, 221, 160, 163, 88, 236, 124, 130,
       119, 237, 31, 137, 85, 226, 244, 3, 96, 225, 34, 139, 124, 76,
       152, 40, 11, 210, 14, 33, 111, 85, 36, 85, 186, 82, 114, 169, 84,
       208, 84, 26, 14, 196, 0, 240, 77, 152, 172, 24, 5, 240, 29, 156,
       73, 16, 242, 51, 188, 88, 23, 32, 248, 63, 182, 125, 174, 63, 189,
       159, 25, 247, 126, 245, 112, 189, 58, 188, 85, 242, 246, 67, 240,
       241, 114, 145, 118, 244, 188, 229, 251, 126, 121, 245, 235, 207,
       108, 215, 190, 251, 120, 169, 125, 124, 221, 126, 45, 212, 117,
       244, 79, 185, 190, 152, 13, 242, 29, 222, 89, 56, 242, 55, 189,
       250, 223, 44, 250, 13, 135, 109, 168, 17, 189, 37, 123, 164, 214,
       194, 144, 89, 61, 189, 71, 138, 124, 67, 96, 240, 114, 208, 115,
       93, 188, 133, 128, 80, 6, 49, 201, 214, 4, 85, 170, 83, 120, 233,
       124, 124, 92, 56, 47, 84, 21, 247, 111, 153, 172, 24, 5, 240, 29,
       156, 8, 16, 226, 51, 189, 88, 87, 32, 250, 47, 229, 109, 184, 55,
       61, 61, 123, 181, 94, 245, 176, 125, 57, 180, 71, 194, 244, 67,
       97, 113, 114, 208, 119, 93, 191, 165, 25, 122, 220, 116, 233, 214,
       44, 215, 186, 210, 120, 193, 124, 122, 223, 56, 47, 212, 52, 245,
       110, 155, 172, 24, 5, 240, 29, 158, 93, 24, 242, 51, 189, 88, 215,
       40, 251, 60, 49, 117, 134, 22, 13, 17, 127, 198, 68, 181, 48, 125,
       122, 180, 84, 242, 212, 67, 96, 83, 34, 129, 182, 220, 168, 164,
       9, 114, 156, 88, 41, 192, 36, 22, 158, 66, 112, 1, 220, 146, 219,
       20, 15, 192, 52, 228, 78, 145, 164, 145, 12, 112, 28, 150, 73, 16,
       242, 51, 188, 88, 86, 34, 249, 12, 2, 133, 160, 0, 48, 160, 119,
       0, 186, 66, 5, 64, 21, 153, 2, 128, 76, 129, 98, 224, 32, 64, 211,
       76, 8, 128, 128, 64, 4, 49, 202, 119, 0, 85, 168, 17, 120, 1, 100,
       124, 20, 24, 6, 68, 133, 195, 111, 24, 44, 24, 1, 240, 29, 156,
       73, 4, 226, 19, 181, 72, 87, 32, 242, 68, 33, 163, 176, 16, 66,
       40, 111, 0, 194, 193, 52, 65, 134, 147, 98, 202, 68, 1, 70, 3,
       129, 196, 19, 12, 136, 160, 9, 66, 8, 48, 8, 96, 36, 21, 186, 0,
       116, 1, 84, 0, 64, 16, 10, 66, 12, 1, 78, 25, 44, 80, 1, 112, 24,
       148, 72, 128, 226, 33, 152, 72, 6, 32, 240, 100, 36, 125, 136, 18,
       5, 7, 109, 230, 102, 129, 48, 93, 42, 177, 70, 242, 116, 67, 96,
       153, 130, 208, 36, 92, 168, 172, 9, 66, 156, 49, 105, 192, 36, 7,
       186, 2, 112, 1, 92, 48, 72, 28, 143, 84, 20, 196, 76, 153, 172,
