%YAML:1.0
descriptors: !!opencv-matrix
   rows: 7
   cols: 64
   dt: u
   data: [ 84, 49, 81, 150, 80, 6, 2, 111, 198, 0, 83, 52, 81, 134, 147,
       82, 226, 212, 1, 100, 65, 128, 128, 54, 14, 136, 172, 9, 210, 8,
       48, 40, 80, 36, 84, 186, 66, 112, 1, 84, 16, 64, 24, 14, 192, 20,
       192, 76, 153, 44, 24, 5, 112, 28, 156, 73, 16, 242, 51, 188, 88,
       86, 32, 248, 126, 48, 113, 162, 219, 163, 47, 76, 196, 110, 193,
       48, 241, 14, 178, 85, 234, 213, 3, 96, 201, 1, 195, 116, 76, 152,
       184, 13, 82, 8, 49, 105, 213, 36, 84, 186, 82, 120, 1, 116, 112,
       72, 24, 15, 213, 20, 196, 77, 153, 172, 24, 5, 240, 28, 156, 73,
       16, 242, 51, 188, 88, 87, 32, 250, 253, 38, 119, 177, 208, 38, 35,
       252, 192, 238, 194, 55, 97, 139, 155, 102, 226, 213, 3, 100, 73,
       129, 134, 52, 78, 136, 172, 9, 210, 12, 50, 59, 112, 36, 84, 186,
       82, 114, 5, 212, 208, 84, 24, 14, 64, 6, 64, 196, 153, 44, 24, 5,
       240, 29, 141, 73, 16, 240, 35, 188, 88, 86, 32, 249, 186, 241, 89,
       222, 190, 141, 95, 41, 223, 97, 125, 251, 191, 98, 244, 92, 247,
       151, 116, 147, 199, 44, 161, 78, 252, 223, 247, 127, 67, 251, 213,
       238, 135, 173, 44, 222, 238, 89, 250, 255, 115, 219, 229, 107,
       181, 20, 189, 63, 129, 166, 145, 79, 236, 2, 60, 105, 25, 243,
       242, 251, 57, 127, 163, 191, 109, 46, 231, 249, 120, 119, 161,
       255, 189, 254, 202, 53, 93, 189, 187, 230, 139, 252, 235, 106,
       253, 213, 222, 187, 95, 233, 158, 151, 120, 213, 59, 207, 125, 3,
       117, 187, 84, 246, 253, 124, 252, 116, 122, 182, 79, 167, 67, 235,
       189, 44, 124, 29, 211, 29, 157, 76, 148, 236, 107, 189, 203, 6,
       41, 246, 76, 33, 195, 176, 16, 70, 41, 239, 192, 198, 67, 52, 81,
       134, 147, 98, 202, 84, 1, 102, 11, 129, 228, 19, 14, 136, 162, 9,
       82, 8, 48, 25, 112, 36, 85, 187, 2, 118, 1, 212, 144, 64, 24, 14,
       66, 28, 65, 140, 25, 44, 80, 5, 96, 28, 148, 73, 144, 226, 33,
       188, 76, 70, 34, 177, 5, 33, 81, 146, 17, 128, 1, 110, 66, 66, 1,
       52, 49, 6, 129, 66, 226, 212, 1, 96, 193, 32, 193, 35, 12, 136,
       160, 9, 82, 8, 49, 105, 84, 36, 85, 186, 2, 120, 1, 84, 16, 64,
       24, 14, 68, 20, 193, 78, 153, 44, 24, 5, 112, 28, 156, 73, 16,
       242, 51, 188, 88, 86, 32, 242 ]
