%YAML:1.0
descriptors: !!opencv-matrix
   rows: 6
   cols: 64
   dt: u
   data: [ 12, 35, 101, 176, 16, 189, 37, 119, 128, 198, 195, 52, 81, 37,
       153, 66, 202, 220, 3, 96, 193, 32, 192, 115, 77, 136, 164, 137,
       80, 12, 49, 73, 87, 36, 85, 186, 80, 122, 129, 84, 112, 84, 56,
       46, 196, 4, 229, 110, 153, 172, 24, 5, 240, 29, 156, 73, 16, 242,
       51, 189, 72, 87, 32, 250, 35, 22, 80, 2, 29, 128, 5, 8, 230, 0, 0,
       96, 44, 11, 128, 21, 98, 246, 1, 80, 192, 34, 145, 103, 68, 144,
       224, 9, 18, 8, 65, 97, 151, 36, 84, 186, 66, 56, 1, 84, 96, 64,
       24, 139, 208, 80, 244, 79, 144, 172, 24, 0, 240, 24, 156, 73, 16,
       50, 51, 188, 88, 87, 32, 248, 4, 35, 65, 128, 16, 2, 1, 78, 130,
       4, 3, 52, 65, 3, 145, 67, 98, 68, 1, 100, 1, 128, 128, 32, 12,
       128, 8, 9, 146, 8, 16, 9, 112, 36, 20, 154, 0, 112, 1, 212, 128,
       64, 24, 10, 64, 12, 64, 140, 17, 36, 16, 4, 32, 24, 132, 9, 16,
       96, 33, 28, 72, 6, 32, 241, 76, 35, 229, 144, 16, 7, 33, 126, 128,
       70, 194, 52, 81, 166, 179, 66, 226, 84, 3, 100, 65, 160, 192, 51,
       76, 136, 164, 9, 82, 12, 48, 9, 80, 36, 85, 186, 80, 120, 1, 84,
       112, 64, 24, 14, 68, 4, 193, 78, 153, 44, 24, 5, 240, 28, 156, 73,
       16, 242, 51, 188, 72, 86, 32, 250, 118, 33, 81, 146, 16, 6, 9, 79,
       198, 66, 1, 48, 33, 130, 145, 86, 226, 212, 1, 100, 11, 128, 192,
       7, 76, 128, 160, 9, 18, 8, 48, 41, 64, 36, 21, 154, 66, 112, 1,
       84, 48, 72, 16, 10, 208, 28, 192, 12, 153, 172, 16, 5, 112, 24,
       148, 73, 16, 242, 49, 188, 88, 86, 32, 248, 39, 37, 65, 130, 17,
       4, 5, 79, 198, 70, 1, 48, 33, 138, 144, 87, 234, 84, 1, 100, 3,
       128, 192, 39, 12, 136, 160, 9, 18, 8, 48, 41, 80, 36, 20, 154, 2,
       112, 1, 84, 0, 64, 24, 11, 80, 20, 192, 76, 153, 44, 16, 4, 112,
       24, 148, 73, 16, 242, 49, 188, 88, 86, 32, 248 ]
