%YAML:1.0
descriptors: !!opencv-matrix
   rows: 6
   cols: 64
   dt: u
   data: [ 60, 187, 255, 254, 62, 127, 249, 255, 247, 252, 222, 245, 125,
       126, 187, 254, 251, 222, 99, 107, 245, 119, 215, 247, 221, 235,
       244, 223, 126, 223, 247, 235, 223, 44, 87, 190, 215, 122, 249,
       125, 120, 93, 127, 46, 213, 53, 247, 111, 185, 172, 153, 13, 242,
       29, 156, 93, 16, 242, 51, 189, 91, 95, 32, 250, 60, 185, 255, 254,
       54, 127, 249, 127, 247, 252, 215, 181, 125, 126, 187, 246, 255,
       214, 67, 99, 245, 50, 213, 247, 221, 171, 228, 217, 122, 220, 245,
       235, 215, 44, 87, 190, 222, 122, 233, 124, 248, 93, 57, 46, 212,
       55, 247, 111, 153, 172, 153, 13, 240, 29, 156, 73, 16, 242, 51,
       189, 90, 87, 32, 250, 61, 55, 253, 168, 54, 253, 37, 127, 230, 86,
       223, 48, 125, 63, 185, 85, 251, 244, 99, 96, 241, 98, 209, 119,
       221, 253, 181, 13, 114, 28, 113, 233, 215, 44, 87, 190, 82, 120,
       233, 124, 124, 92, 56, 175, 213, 52, 245, 111, 153, 172, 24, 5,
       240, 29, 156, 73, 16, 242, 51, 189, 88, 87, 32, 250, 39, 38, 81,
       130, 145, 0, 1, 72, 198, 66, 1, 48, 33, 11, 128, 84, 226, 212, 1,
       96, 65, 0, 128, 96, 76, 152, 160, 9, 146, 8, 33, 41, 80, 36, 84,
       154, 66, 112, 1, 84, 0, 64, 24, 11, 64, 20, 224, 76, 145, 36, 16,
       4, 96, 24, 132, 73, 16, 114, 51, 188, 88, 86, 32, 249, 5, 38, 101,
       160, 17, 36, 35, 76, 164, 70, 130, 48, 65, 43, 129, 71, 226, 84,
       1, 96, 65, 128, 136, 48, 76, 136, 40, 9, 210, 8, 49, 73, 112, 36,
       84, 186, 64, 112, 1, 84, 16, 64, 24, 14, 64, 4, 64, 76, 25, 44,
       16, 4, 112, 28, 132, 73, 16, 240, 35, 188, 72, 86, 32, 240, 62,
       54, 125, 162, 190, 181, 139, 121, 246, 126, 210, 54, 253, 63, 185,
       85, 242, 246, 67, 112, 241, 114, 147, 116, 220, 184, 236, 219,
       250, 220, 241, 235, 213, 44, 215, 190, 90, 114, 169, 124, 124, 92,
       24, 14, 212, 20, 244, 77, 153, 172, 24, 5, 242, 29, 156, 89, 16,
       242, 51, 188, 88, 215, 40, 248 ]
