%YAML:1.0
descriptors: !!opencv-matrix
   rows: 1
   cols: 64
   dt: u
   data: [ 60, 255, 125, 253, 58, 125, 255, 245, 255, 220, 222, 255, 93,
       124, 255, 244, 255, 222, 227, 106, 247, 122, 214, 246, 253, 127,
       247, 249, 237, 215, 255, 251, 223, 102, 71, 190, 214, 122, 249,
       124, 121, 93, 251, 127, 245, 183, 247, 111, 187, 173, 157, 77,
       242, 29, 159, 89, 53, 242, 123, 191, 90, 127, 169, 250 ]
