%YAML:1.0
descriptors: !!opencv-matrix
   rows: 30
   cols: 64
   dt: u
   data: [ 61, 177, 253, 158, 55, 183, 63, 126, 246, 70, 213, 178, 253,
       123, 183, 86, 246, 247, 67, 102, 113, 119, 211, 119, 220, 170,
       244, 93, 114, 156, 244, 169, 214, 36, 87, 190, 82, 120, 201, 124,
       112, 95, 56, 47, 213, 52, 245, 110, 153, 172, 24, 5, 240, 29, 156,
       73, 16, 242, 51, 189, 88, 87, 32, 251, 250, 185, 219, 247, 254,
       227, 218, 165, 222, 155, 87, 255, 255, 194, 19, 248, 118, 147,
       126, 223, 207, 61, 231, 223, 171, 74, 230, 255, 70, 253, 246, 190,
       103, 61, 44, 215, 255, 127, 250, 245, 217, 76, 245, 110, 235, 47,
       155, 63, 255, 238, 91, 199, 252, 167, 28, 249, 199, 243, 115, 251,
       125, 63, 241, 191, 254, 49, 127, 183, 182, 101, 25, 251, 198, 198,
       211, 54, 255, 198, 179, 86, 251, 212, 103, 102, 77, 164, 133, 54,
       142, 222, 245, 9, 210, 30, 246, 185, 82, 36, 85, 190, 82, 120,
       193, 84, 112, 92, 25, 46, 213, 20, 225, 110, 153, 172, 24, 5, 240,
       29, 156, 73, 16, 242, 51, 189, 88, 86, 32, 250, 17, 39, 17, 20,
       128, 132, 36, 64, 66, 68, 1, 2, 192, 101, 129, 16, 111, 66, 129,
       100, 2, 44, 1, 194, 200, 28, 179, 200, 128, 12, 160, 1, 82, 6, 85,
       154, 0, 40, 3, 76, 37, 64, 24, 163, 101, 16, 245, 14, 128, 164,
       48, 116, 32, 24, 4, 73, 9, 122, 17, 161, 88, 71, 33, 162, 69, 6,
       0, 9, 200, 132, 46, 68, 32, 238, 32, 8, 128, 33, 153, 3, 137, 105,
       129, 96, 200, 33, 78, 9, 76, 65, 141, 38, 0, 4, 49, 71, 85, 144,
       85, 41, 16, 232, 37, 2, 36, 32, 40, 169, 119, 16, 87, 19, 24, 200,
       56, 36, 5, 88, 28, 40, 136, 74, 3, 181, 200, 67, 96, 230, 210,
       249, 154, 87, 246, 131, 222, 176, 90, 139, 149, 250, 246, 64, 6,
       88, 124, 131, 62, 159, 15, 45, 227, 198, 173, 86, 243, 127, 6, 46,
       198, 48, 94, 63, 44, 223, 206, 45, 250, 117, 81, 202, 165, 123,
       187, 60, 189, 63, 199, 146, 16, 231, 168, 226, 120, 227, 87, 27,
       116, 123, 53, 57, 209, 171, 5, 215, 17, 152, 128, 132, 172, 65,
       35, 70, 9, 202, 132, 69, 244, 29, 239, 227, 36, 102, 2, 44, 16,
       66, 214, 215, 51, 104, 128, 10, 176, 49, 194, 6, 95, 154, 0, 104,
       107, 70, 33, 74, 56, 163, 245, 28, 244, 30, 129, 173, 48, 52, 32,
       24, 132, 73, 16, 242, 16, 5, 92, 87, 33, 178, 241, 249, 255, 87,
       246, 207, 222, 116, 90, 133, 63, 218, 254, 114, 214, 248, 255,
       211, 126, 175, 23, 61, 227, 199, 171, 119, 247, 124, 103, 254,
       214, 40, 222, 125, 44, 223, 206, 121, 218, 253, 113, 221, 189,
       111, 185, 60, 189, 62, 151, 166, 139, 199, 248, 27, 18, 67, 117,
       119, 112, 123, 121, 61, 225, 234, 196, 9, 146, 145, 0, 71, 160,
       199, 2, 202, 2, 4, 18, 198, 251, 226, 111, 210, 5, 103, 71, 128,
       228, 2, 11, 27, 182, 72, 192, 138, 178, 50, 96, 38, 85, 250, 16,
       118, 205, 84, 208, 84, 20, 30, 74, 6, 65, 236, 153, 44, 94, 21,
       240, 31, 132, 73, 144, 112, 33, 61, 76, 22, 32, 178, 78, 42, 139,
       161, 216, 240, 162, 228, 24, 187, 218, 23, 194, 148, 155, 162, 0,
       77, 137, 107, 200, 5, 78, 217, 15, 200, 8, 167, 68, 71, 51, 95,
       117, 128, 93, 41, 126, 255, 45, 22, 208, 116, 66, 60, 71, 134, 66,
       241, 27, 108, 28, 5, 213, 93, 140, 72, 148, 224, 131, 188, 204,
       23, 96, 246, 13, 50, 68, 32, 157, 32, 160, 248, 48, 58, 194, 55,
       104, 1, 131, 1, 96, 236, 195, 208, 225, 128, 13, 152, 68, 40, 224,
       194, 216, 5, 161, 214, 121, 40, 213, 176, 125, 176, 33, 117, 220,
       68, 26, 142, 64, 97, 130, 73, 56, 108, 24, 1, 240, 28, 220, 65, 6,
       178, 151, 148, 136, 82, 36, 101, 67, 1, 144, 22, 1, 2, 26, 6, 2,
       160, 3, 4, 0, 130, 3, 18, 12, 3, 128, 143, 131, 173, 195, 3, 1,
       18, 210, 68, 0, 36, 129, 68, 7, 145, 49, 32, 37, 136, 66, 66, 32,
       32, 165, 97, 171, 12, 35, 107, 83, 194, 41, 215, 53, 64, 120, 130,
       67, 11, 150, 81, 1, 33, 145, 78, 12, 234, 79, 137, 42, 221, 160,
       245, 121, 150, 46, 140, 93, 53, 249, 224, 193, 232, 193, 34, 212,
       112, 28, 240, 217, 101, 5, 208, 45, 198, 31, 210, 253, 80, 67,
       160, 89, 82, 249, 40, 254, 29, 88, 38, 84, 246, 242, 107, 185,
       173, 140, 15, 178, 29, 153, 93, 30, 194, 27, 164, 90, 219, 106,
       248, 13, 54, 116, 32, 29, 176, 161, 124, 240, 58, 194, 53, 96, 9,
       129, 1, 226, 236, 131, 80, 241, 34, 9, 252, 68, 40, 96, 131, 88,
       69, 33, 199, 93, 128, 220, 48, 117, 176, 33, 118, 220, 68, 90,
       142, 64, 97, 194, 75, 56, 124, 24, 0, 244, 28, 204, 65, 6, 178,
       135, 148, 138, 87, 36, 117, 1, 2, 4, 2, 201, 160, 160, 56, 32, 58,
       130, 3, 160, 65, 1, 1, 68, 9, 129, 144, 192, 36, 9, 217, 2, 8, 0,
       134, 136, 4, 33, 86, 127, 34, 88, 48, 89, 40, 1, 160, 196, 68, 26,
       14, 64, 101, 194, 67, 56, 108, 24, 4, 244, 24, 73, 73, 6, 98, 151,
       148, 0, 66, 32, 64, 84, 97, 144, 24, 0, 66, 4, 71, 3, 34, 41, 144,
       16, 230, 132, 58, 239, 2, 32, 67, 3, 168, 100, 3, 220, 135, 163,
       73, 3, 168, 128, 96, 144, 6, 36, 186, 0, 96, 67, 214, 34, 74, 48,
       97, 54, 20, 37, 110, 145, 164, 114, 20, 32, 24, 52, 73, 144, 242,
       33, 185, 24, 84, 35, 227, 60, 49, 241, 180, 18, 5, 57, 111, 198,
       196, 211, 52, 85, 198, 145, 82, 242, 212, 3, 102, 3, 36, 192, 55,
       12, 138, 164, 9, 82, 12, 48, 41, 82, 36, 85, 186, 82, 120, 193,
       84, 48, 88, 24, 14, 196, 20, 193, 110, 153, 172, 24, 5, 240, 28,
       156, 73, 16, 242, 51, 185, 88, 86, 32, 250, 20, 35, 245, 176, 16,
       0, 33, 110, 196, 4, 194, 53, 81, 103, 145, 66, 226, 212, 3, 96,
       193, 32, 192, 51, 76, 136, 164, 9, 82, 12, 48, 105, 86, 36, 85,
       186, 82, 120, 1, 84, 112, 80, 24, 14, 68, 20, 193, 78, 153, 44,
       24, 5, 240, 28, 156, 73, 16, 242, 51, 189, 88, 86, 32, 250, 51,
       213, 76, 154, 23, 79, 85, 6, 55, 68, 61, 144, 61, 63, 52, 118,
       253, 246, 4, 177, 16, 114, 241, 39, 120, 161, 224, 25, 123, 248,
       220, 105, 144, 44, 18, 190, 194, 64, 19, 252, 82, 219, 28, 41,
       144, 20, 100, 78, 147, 36, 219, 12, 40, 24, 178, 93, 56, 178, 43,
       248, 89, 150, 46, 233, 5, 34, 65, 33, 216, 164, 163, 196, 224, 44,
       2, 23, 192, 103, 147, 1, 66, 108, 131, 96, 233, 0, 10, 216, 78,
       136, 28, 129, 128, 12, 33, 78, 117, 36, 69, 186, 16, 178, 5, 14,
       13, 64, 24, 134, 68, 224, 136, 209, 8, 36, 88, 32, 208, 26, 12, 1,
       4, 96, 3, 132, 72, 7, 32, 112, 21, 49, 84, 20, 20, 162, 60, 118,
       66, 0, 209, 49, 64, 3, 128, 3, 32, 78, 2, 209, 193, 32, 193, 131,
       136, 40, 228, 221, 16, 12, 161, 64, 90, 60, 52, 190, 13, 56, 1,
       85, 92, 130, 27, 142, 224, 33, 131, 78, 16, 166, 9, 3, 96, 24, 24,
       9, 14, 51, 19, 208, 40, 6, 36, 107, 37, 38, 116, 34, 200, 188, 34,
       1, 36, 84, 6, 69, 12, 127, 248, 37, 244, 170, 193, 224, 241, 98,
       25, 240, 208, 40, 12, 212, 172, 148, 201, 193, 156, 64, 67, 164,
       113, 18, 137, 12, 205, 21, 24, 135, 64, 227, 246, 79, 184, 37,
       136, 8, 242, 5, 139, 9, 62, 82, 23, 164, 66, 67, 44, 88, 7, 6, 0,
       34, 201, 162, 38, 0, 32, 0, 66, 5, 128, 71, 1, 1, 96, 73, 1, 192,
       193, 32, 8, 81, 2, 136, 8, 133, 144, 0, 33, 65, 85, 36, 85, 186,
       17, 0, 1, 68, 100, 0, 24, 138, 68, 1, 198, 79, 24, 44, 24, 4, 240,
       28, 140, 73, 0, 178, 19, 180, 72, 87, 32, 104, 122, 17, 105, 182,
       55, 7, 91, 107, 198, 128, 213, 52, 49, 74, 145, 86, 50, 213, 66,
       86, 2, 63, 193, 103, 12, 152, 166, 13, 82, 184, 52, 168, 66, 44,
       37, 158, 198, 56, 3, 85, 24, 201, 149, 74, 195, 172, 129, 78, 27,
       164, 145, 129, 50, 24, 188, 81, 64, 98, 59, 217, 105, 7, 34, 243,
       37, 242, 117, 0, 56, 189, 161, 82, 225, 20, 46, 85, 69, 17, 249,
       225, 226, 228, 199, 96, 224, 32, 20, 215, 237, 172, 5, 129, 110,
       10, 25, 91, 244, 68, 215, 154, 80, 50, 137, 148, 223, 85, 26, 6,
       64, 226, 208, 78, 136, 61, 68, 5, 248, 29, 143, 73, 52, 226, 2,
       172, 72, 14, 100, 249, 63, 183, 125, 254, 63, 189, 189, 121, 247,
       254, 215, 240, 253, 127, 188, 87, 254, 246, 67, 251, 245, 118,
