%YAML:1.0
descriptors: !!opencv-matrix
   rows: 8
   cols: 64
   dt: u
   data: [ 4, 35, 225, 176, 16, 4, 33, 111, 132, 198, 194, 52, 65, 134,
       145, 66, 202, 84, 3, 96, 193, 32, 192, 19, 76, 136, 128, 9, 82, 8,
       48, 73, 80, 36, 85, 186, 16, 120, 1, 84, 112, 64, 16, 14, 68, 4,
       65, 78, 25, 44, 24, 5, 240, 28, 156, 73, 16, 242, 51, 188, 72, 86,
       32, 250, 39, 52, 65, 2, 29, 128, 5, 72, 226, 64, 3, 48, 32, 11,
       128, 21, 98, 228, 1, 96, 193, 34, 145, 100, 68, 152, 160, 9, 18,
       8, 33, 105, 85, 36, 84, 186, 66, 48, 1, 84, 96, 64, 24, 139, 192,
       80, 228, 79, 153, 172, 24, 0, 112, 24, 156, 73, 16, 114, 51, 188,
       88, 87, 32, 248, 12, 33, 97, 144, 16, 5, 33, 126, 192, 68, 194,
       52, 81, 134, 145, 66, 226, 84, 3, 96, 65, 160, 192, 51, 12, 136,
       164, 9, 82, 8, 48, 73, 80, 36, 85, 186, 0, 120, 1, 84, 48, 64, 24,
       14, 68, 20, 64, 78, 153, 44, 24, 4, 112, 28, 156, 73, 16, 242, 51,
       188, 72, 70, 32, 240, 35, 4, 65, 2, 157, 128, 5, 8, 66, 64, 1,
       114, 160, 11, 132, 17, 98, 214, 4, 32, 192, 32, 129, 100, 12, 144,
       32, 9, 146, 8, 1, 41, 20, 36, 20, 154, 66, 112, 1, 212, 1, 66, 8,
       11, 64, 20, 196, 13, 129, 36, 16, 4, 32, 24, 140, 73, 16, 114, 50,
       188, 88, 87, 32, 249, 3, 6, 0, 2, 141, 128, 4, 8, 34, 0, 2, 65,
       160, 11, 0, 17, 98, 86, 5, 0, 192, 34, 137, 96, 68, 152, 32, 9,
       18, 8, 1, 65, 20, 36, 84, 154, 64, 48, 1, 68, 65, 64, 24, 11, 64,
       16, 192, 77, 16, 36, 24, 4, 96, 24, 140, 73, 16, 114, 50, 188, 72,
       87, 32, 248, 39, 50, 101, 160, 149, 164, 35, 88, 228, 70, 194, 52,
       105, 15, 145, 69, 226, 212, 3, 96, 73, 128, 128, 52, 76, 136, 168,
       9, 210, 12, 49, 57, 112, 36, 84, 186, 82, 114, 1, 84, 144, 64, 24,
       14, 64, 4, 192, 76, 153, 44, 16, 5, 112, 29, 141, 73, 16, 242, 51,
       188, 88, 86, 32, 240, 12, 35, 245, 176, 16, 36, 33, 110, 196, 198,
       194, 52, 81, 167, 153, 66, 234, 212, 3, 98, 65, 32, 192, 51, 76,
       136, 164, 9, 82, 12, 48, 105, 86, 36, 85, 186, 82, 122, 129, 84,
       112, 84, 24, 46, 68, 20, 193, 110, 153, 172, 24, 5, 240, 29, 156,
       73, 16, 242, 51, 189, 88, 86, 32, 250, 183, 54, 113, 163, 217, 4,
       163, 201, 226, 70, 131, 54, 109, 43, 129, 116, 226, 212, 7, 100,
       73, 128, 132, 52, 76, 136, 168, 9, 210, 8, 49, 57, 112, 36, 84,
       186, 82, 114, 1, 212, 144, 64, 24, 14, 64, 22, 192, 76, 153, 44,
       16, 5, 112, 28, 141, 73, 16, 240, 49, 188, 92, 86, 32, 177 ]
