%YAML:1.0
descriptors: !!opencv-matrix
   rows: 1
   cols: 64
   dt: u
   data: [ 60, 58, 255, 252, 58, 117, 177, 127, 245, 252, 214, 53, 125,
       126, 185, 230, 251, 220, 195, 106, 245, 114, 196, 247, 221, 40,
       164, 147, 120, 213, 125, 234, 255, 36, 87, 190, 87, 122, 233, 116,
       248, 93, 123, 46, 212, 167, 227, 111, 185, 172, 153, 13, 242, 29,
       156, 73, 20, 242, 51, 189, 90, 87, 32, 250 ]
