%YAML:1.0
descriptors: !!opencv-matrix
   rows: 8
   cols: 64
   dt: u
   data: [ 12, 35, 97, 176, 16, 5, 41, 103, 128, 198, 195, 20, 81, 36,
       153, 66, 138, 76, 3, 96, 64, 32, 192, 147, 76, 136, 132, 137, 64,
       140, 48, 200, 86, 4, 85, 186, 16, 120, 193, 84, 48, 84, 48, 46,
       212, 20, 229, 110, 153, 172, 24, 5, 240, 29, 156, 73, 16, 226, 51,
       189, 72, 86, 32, 250, 4, 35, 37, 144, 0, 69, 32, 103, 0, 134, 195,
       20, 81, 165, 145, 2, 138, 76, 3, 96, 0, 32, 196, 147, 12, 136,
       132, 128, 64, 132, 48, 72, 112, 4, 85, 170, 16, 120, 1, 84, 48,
       64, 24, 46, 68, 4, 65, 110, 25, 44, 24, 5, 240, 28, 156, 72, 0,
       226, 51, 188, 72, 22, 32, 242, 39, 52, 65, 34, 157, 160, 1, 72,
       226, 2, 128, 112, 160, 11, 128, 21, 226, 196, 1, 96, 193, 2, 137,
       116, 76, 152, 40, 9, 210, 8, 33, 105, 85, 36, 20, 186, 82, 48, 1,
       84, 64, 64, 24, 139, 80, 16, 208, 77, 153, 44, 24, 0, 112, 28,
       140, 73, 16, 242, 51, 188, 88, 87, 32, 249, 4, 35, 97, 144, 16, 1,
       33, 126, 128, 198, 195, 52, 81, 134, 153, 66, 202, 84, 3, 100, 1,
       32, 196, 19, 12, 136, 160, 9, 80, 12, 48, 9, 80, 36, 85, 186, 16,
       122, 1, 84, 144, 64, 16, 14, 68, 4, 193, 78, 25, 44, 24, 5, 112,
       29, 156, 73, 0, 226, 51, 188, 72, 70, 32, 242, 54, 50, 49, 130,
       28, 132, 0, 73, 198, 2, 147, 48, 97, 2, 144, 81, 226, 212, 3, 64,
       193, 34, 129, 84, 76, 136, 164, 9, 18, 12, 49, 104, 196, 36, 84,
       186, 82, 120, 1, 84, 80, 80, 16, 15, 208, 20, 160, 77, 153, 172,
       24, 5, 240, 29, 156, 65, 16, 242, 51, 188, 88, 86, 32, 248, 39,
       54, 101, 162, 189, 180, 13, 72, 230, 78, 147, 112, 237, 43, 144,
       85, 226, 212, 7, 96, 193, 34, 129, 116, 76, 152, 164, 11, 82, 8,
       49, 105, 213, 36, 84, 186, 82, 120, 129, 244, 80, 92, 24, 15, 208,
       20, 244, 77, 153, 172, 24, 5, 240, 29, 156, 73, 16, 242, 51, 188,
       88, 87, 32, 248, 68, 35, 193, 176, 16, 2, 33, 110, 132, 6, 67, 52,
       65, 130, 147, 66, 226, 212, 1, 100, 1, 128, 196, 50, 76, 136, 164,
       9, 82, 8, 48, 9, 112, 36, 84, 186, 64, 112, 1, 212, 144, 64, 24,
       14, 64, 20, 192, 76, 153, 44, 16, 4, 112, 28, 148, 73, 16, 242,
       33, 188, 88, 86, 32, 249, 36, 33, 241, 144, 16, 4, 33, 127, 192,
       196, 129, 52, 97, 130, 145, 66, 234, 212, 3, 96, 65, 32, 196, 55,
       76, 136, 164, 9, 82, 12, 48, 105, 208, 36, 85, 186, 82, 120, 1,
       84, 48, 72, 24, 14, 212, 20, 193, 110, 153, 172, 24, 5, 240, 28,
       156, 73, 16, 242, 51, 189, 88, 86, 32, 250 ]
