%YAML:1.0
descriptors: !!opencv-matrix
   rows: 10
   cols: 64
   dt: u
   data: [ 116, 41, 251, 152, 16, 71, 41, 239, 198, 198, 209, 180, 83,
       130, 155, 234, 235, 84, 35, 103, 11, 129, 230, 35, 13, 201, 190,
       13, 83, 12, 50, 41, 112, 36, 85, 187, 2, 124, 193, 84, 48, 72, 56,
       46, 215, 28, 65, 46, 153, 172, 24, 5, 112, 29, 148, 73, 144, 242,
       49, 185, 92, 86, 32, 242, 38, 50, 65, 130, 159, 128, 7, 72, 198,
       66, 3, 112, 161, 10, 176, 85, 226, 212, 1, 96, 193, 0, 128, 100,
       12, 152, 168, 13, 18, 8, 49, 105, 85, 36, 84, 186, 66, 112, 1, 84,
       80, 64, 24, 15, 192, 4, 192, 77, 153, 44, 24, 4, 96, 24, 156, 73,
       16, 114, 51, 156, 88, 87, 32, 248, 61, 39, 113, 176, 16, 36, 33,
       127, 196, 102, 210, 52, 97, 10, 145, 70, 234, 212, 3, 96, 193, 32,
       192, 55, 76, 136, 164, 9, 82, 12, 49, 105, 85, 36, 85, 186, 82,
       120, 1, 84, 208, 84, 24, 14, 208, 20, 225, 78, 153, 172, 24, 5,
       240, 29, 156, 73, 16, 242, 51, 189, 88, 86, 32, 251, 63, 182, 125,
       171, 191, 189, 191, 120, 252, 254, 210, 120, 237, 63, 249, 85,
       250, 252, 67, 112, 241, 98, 219, 124, 205, 188, 245, 187, 94, 31,
       113, 235, 215, 44, 215, 190, 91, 120, 169, 116, 124, 92, 58, 175,
       212, 17, 246, 111, 153, 172, 24, 5, 240, 29, 156, 73, 16, 242, 51,
       189, 88, 215, 32, 250, 63, 50, 85, 166, 253, 176, 175, 88, 246,
       123, 194, 115, 173, 75, 128, 81, 226, 213, 1, 96, 193, 36, 139,
       124, 76, 152, 160, 15, 210, 8, 49, 111, 87, 36, 84, 186, 82, 120,
       169, 116, 80, 76, 24, 15, 208, 20, 212, 79, 153, 172, 24, 5, 240,
       29, 156, 73, 16, 242, 51, 189, 88, 87, 32, 248, 54, 49, 121, 154,
       18, 133, 13, 73, 198, 70, 25, 48, 125, 46, 180, 86, 242, 212, 2,
       96, 131, 50, 192, 38, 92, 128, 164, 9, 18, 152, 113, 105, 192, 36,
       7, 190, 66, 120, 1, 92, 48, 202, 20, 11, 212, 20, 228, 78, 145,
       172, 16, 4, 96, 25, 148, 73, 16, 242, 51, 184, 88, 86, 32, 248,
       62, 48, 121, 160, 26, 132, 11, 105, 198, 102, 211, 52, 213, 2,
       145, 86, 242, 212, 3, 96, 137, 160, 192, 52, 12, 136, 172, 9, 82,
       136, 49, 104, 113, 36, 85, 186, 66, 120, 1, 86, 144, 64, 16, 14,
       64, 20, 192, 13, 153, 44, 16, 5, 112, 29, 148, 73, 16, 242, 51,
       188, 88, 22, 32, 241, 4, 43, 195, 240, 16, 130, 40, 78, 0, 130,
       131, 52, 65, 194, 153, 66, 138, 84, 1, 102, 7, 45, 196, 35, 13,
       152, 130, 5, 18, 12, 48, 9, 86, 6, 125, 155, 0, 126, 67, 20, 128,
       96, 24, 72, 43, 140, 65, 170, 89, 44, 48, 20, 1, 29, 181, 8, 144,
       106, 33, 173, 72, 71, 33, 242, 44, 239, 237, 248, 54, 253, 125,
       115, 173, 198, 233, 152, 221, 125, 253, 79, 137, 253, 99, 111,
       182, 124, 80, 243, 93, 127, 183, 252, 125, 150, 62, 137, 214, 86,
       247, 138, 202, 120, 249, 125, 60, 56, 184, 175, 247, 181, 119, 46,
       153, 172, 48, 75, 226, 29, 158, 92, 25, 230, 115, 191, 89, 215,
       105, 242, 68, 35, 227, 176, 16, 134, 41, 78, 192, 230, 193, 52,
       65, 167, 147, 66, 234, 212, 3, 98, 139, 37, 198, 51, 12, 136, 164,
       13, 82, 12, 48, 73, 87, 36, 21, 186, 80, 120, 65, 84, 48, 64, 24,
       14, 69, 4, 193, 110, 25, 44, 24, 5, 240, 28, 156, 73, 16, 242, 51,
       157, 72, 87, 32, 242 ]
