%YAML:1.0
descriptors: !!opencv-matrix
   rows: 6
   cols: 64
   dt: u
   data: [ 187, 245, 124, 255, 191, 189, 223, 25, 255, 127, 253, 250,
       191, 122, 244, 93, 246, 247, 118, 243, 247, 118, 179, 118, 245,
       255, 243, 123, 127, 251, 247, 251, 199, 108, 150, 254, 218, 121,
       249, 253, 122, 223, 255, 109, 209, 85, 245, 111, 155, 191, 152,
       13, 248, 29, 222, 89, 56, 243, 115, 191, 251, 223, 174, 251, 124,
       43, 255, 253, 50, 127, 241, 255, 253, 252, 222, 181, 95, 252, 251,
       238, 251, 220, 235, 107, 245, 253, 214, 183, 221, 239, 180, 147,
       105, 215, 127, 235, 247, 38, 119, 186, 214, 122, 249, 124, 248,
       93, 251, 54, 213, 167, 231, 111, 187, 172, 159, 141, 242, 29, 156,
       93, 52, 242, 123, 253, 91, 86, 40, 254, 124, 49, 255, 180, 18,
       103, 57, 127, 212, 200, 215, 53, 113, 198, 155, 98, 251, 212, 67,
       103, 93, 165, 198, 151, 205, 202, 180, 141, 66, 140, 50, 168, 215,
       36, 85, 186, 82, 122, 193, 116, 112, 92, 52, 46, 213, 20, 225,
       110, 153, 172, 24, 5, 240, 29, 156, 73, 16, 242, 51, 185, 88, 86,
       32, 250, 63, 182, 109, 170, 62, 255, 167, 125, 244, 254, 214, 181,
       125, 63, 189, 70, 251, 252, 67, 112, 241, 99, 211, 247, 93, 248,
       172, 143, 122, 220, 113, 235, 213, 44, 87, 186, 91, 120, 233, 124,
       124, 92, 56, 47, 213, 53, 247, 111, 153, 172, 24, 5, 240, 29, 156,
       73, 16, 242, 51, 189, 88, 87, 32, 250, 116, 49, 113, 150, 80, 7,
       27, 127, 198, 68, 209, 48, 117, 66, 145, 80, 250, 213, 3, 100, 65,
       33, 193, 119, 204, 152, 164, 13, 82, 12, 48, 105, 214, 36, 85,
       186, 82, 112, 129, 84, 112, 72, 24, 15, 209, 20, 193, 78, 153,
       172, 24, 5, 240, 28, 156, 73, 16, 242, 51, 189, 88, 87, 32, 250,
       61, 54, 113, 182, 28, 167, 43, 126, 208, 126, 194, 53, 101, 74,
       177, 83, 234, 212, 3, 96, 193, 32, 193, 119, 76, 152, 160, 13, 82,
       12, 49, 105, 87, 36, 85, 186, 82, 120, 129, 116, 112, 92, 24, 14,
       192, 20, 193, 79, 153, 172, 24, 5, 240, 29, 156, 73, 16, 242, 51,
       189, 88, 87, 32, 250 ]
