%YAML:1.0
descriptors: !!opencv-matrix
   rows: 83
   cols: 64
   dt: u
   data: [ 68, 34, 179, 145, 216, 134, 11, 109, 130, 230, 3, 20, 209,
       132, 155, 66, 194, 69, 1, 96, 136, 5, 202, 9, 12, 128, 172, 13, 2,
       136, 49, 74, 69, 4, 85, 187, 0, 250, 5, 86, 160, 64, 0, 8, 71,
       140, 129, 23, 154, 44, 24, 5, 50, 25, 28, 75, 0, 98, 19, 184, 72,
       6, 32, 242, 195, 197, 136, 216, 35, 95, 93, 7, 39, 198, 61, 136,
       27, 168, 52, 174, 141, 112, 52, 237, 6, 242, 240, 35, 89, 135,
       135, 56, 17, 184, 20, 97, 208, 52, 34, 202, 194, 76, 242, 250, 50,
       171, 61, 105, 150, 30, 117, 46, 83, 168, 54, 5, 8, 25, 182, 30,
       153, 227, 121, 125, 89, 208, 10, 251, 34, 198, 45, 138, 6, 93,
       135, 1, 191, 86, 62, 68, 25, 60, 125, 164, 197, 246, 64, 176, 80,
       114, 144, 96, 121, 245, 5, 0, 63, 218, 29, 121, 164, 108, 67, 128,
       202, 66, 136, 40, 50, 149, 28, 173, 20, 134, 244, 108, 147, 41,
       151, 12, 186, 5, 135, 25, 48, 66, 42, 188, 83, 223, 42, 248, 243,
       213, 8, 190, 7, 14, 93, 11, 39, 99, 61, 200, 63, 202, 36, 31, 247,
       182, 36, 209, 2, 170, 177, 39, 86, 199, 227, 43, 211, 57, 240, 97,
       130, 172, 22, 250, 227, 68, 34, 242, 66, 202, 60, 233, 146, 28,
       245, 78, 193, 164, 82, 4, 104, 24, 181, 73, 153, 178, 113, 60, 28,
       84, 50, 185, 197, 34, 241, 17, 216, 130, 170, 192, 202, 39, 131,
       54, 192, 71, 131, 17, 234, 225, 3, 66, 201, 165, 10, 204, 198,
       216, 188, 239, 128, 14, 163, 102, 87, 45, 69, 191, 24, 184, 109,
       94, 104, 64, 8, 143, 197, 104, 189, 21, 153, 172, 24, 1, 240, 29,
       28, 65, 16, 122, 19, 181, 88, 87, 32, 250, 126, 186, 253, 139,
       255, 255, 151, 121, 239, 101, 159, 62, 253, 62, 251, 117, 251,
       247, 123, 96, 249, 87, 219, 125, 223, 252, 253, 63, 242, 223, 255,
       239, 215, 45, 87, 191, 82, 122, 237, 126, 116, 93, 108, 47, 213,
       60, 244, 109, 157, 172, 24, 5, 242, 29, 156, 73, 16, 246, 51, 189,
       216, 87, 32, 254, 135, 143, 195, 215, 153, 200, 197, 72, 12, 105,
       2, 127, 163, 78, 128, 69, 235, 85, 37, 99, 198, 45, 234, 107, 111,
       223, 51, 47, 22, 11, 51, 79, 215, 167, 125, 154, 82, 248, 235, 54,
       81, 116, 40, 111, 205, 20, 253, 179, 153, 164, 24, 4, 240, 29,
       156, 73, 16, 242, 50, 189, 88, 87, 33, 250, 197, 10, 129, 160,
       200, 10, 39, 192, 40, 37, 42, 71, 130, 85, 202, 161, 227, 93, 5,
       100, 64, 133, 138, 112, 78, 204, 24, 39, 144, 8, 51, 77, 85, 37,
       84, 186, 16, 114, 45, 132, 65, 84, 24, 7, 77, 14, 252, 193, 137,
       36, 88, 4, 209, 31, 141, 9, 16, 248, 33, 188, 72, 71, 32, 248,
       232, 79, 119, 193, 250, 95, 163, 241, 188, 221, 170, 95, 223, 253,
       251, 228, 227, 213, 255, 38, 92, 143, 158, 112, 95, 252, 61, 36,
       220, 222, 58, 63, 112, 39, 93, 251, 82, 119, 205, 244, 213, 84,
       24, 30, 77, 142, 216, 212, 141, 45, 92, 37, 211, 63, 141, 75, 80,
       252, 33, 60, 94, 70, 32, 184, 3, 2, 128, 148, 205, 128, 12, 68,
       38, 107, 129, 66, 130, 73, 34, 21, 238, 213, 33, 97, 200, 37, 202,
       107, 78, 218, 176, 46, 18, 12, 49, 111, 87, 36, 84, 186, 82, 120,
       233, 70, 96, 72, 56, 47, 213, 20, 245, 79, 153, 172, 24, 5, 240,
       28, 156, 73, 16, 242, 51, 189, 88, 87, 32, 250, 199, 232, 203,
       139, 217, 216, 223, 200, 235, 171, 41, 250, 163, 138, 230, 249,
       139, 117, 60, 13, 14, 133, 174, 104, 103, 215, 27, 35, 151, 43, 2,
       31, 145, 133, 221, 219, 34, 253, 239, 182, 99, 254, 104, 121, 159,
       28, 124, 177, 197, 157, 50, 180, 205, 227, 164, 170, 208, 188,
       160, 45, 220, 85, 48, 190, 63, 244, 125, 166, 63, 189, 223, 24,
       246, 127, 213, 251, 253, 127, 180, 85, 246, 247, 71, 243, 245,
       118, 209, 118, 236, 190, 245, 123, 90, 123, 245, 235, 215, 44,
       215, 190, 218, 120, 233, 117, 120, 220, 59, 47, 213, 21, 245, 111,
       153, 174, 24, 5, 240, 29, 156, 73, 16, 242, 51, 189, 120, 87, 32,
       250, 63, 245, 125, 254, 63, 189, 95, 57, 247, 95, 245, 250, 253,
       122, 180, 93, 246, 247, 103, 243, 247, 126, 209, 119, 252, 190,
       227, 255, 123, 121, 245, 233, 207, 44, 150, 190, 218, 120, 249,
       125, 122, 223, 255, 47, 213, 53, 245, 111, 153, 174, 24, 13, 240,
       29, 156, 89, 48, 242, 115, 191, 122, 223, 46, 251, 196, 43, 195,
       241, 216, 150, 43, 202, 168, 231, 3, 26, 195, 225, 146, 11, 10,
       69, 61, 103, 10, 133, 202, 121, 14, 210, 159, 47, 146, 8, 50, 27,
       83, 7, 92, 155, 0, 252, 37, 22, 36, 96, 56, 29, 235, 12, 73, 145,
       92, 172, 48, 177, 65, 250, 132, 170, 64, 108, 17, 29, 76, 85, 49,
       178, 42, 196, 8, 190, 47, 188, 30, 9, 53, 107, 57, 202, 184, 8,
       36, 23, 132, 59, 36, 209, 192, 118, 209, 106, 80, 214, 179, 58,
       82, 51, 53, 225, 195, 188, 158, 32, 235, 104, 232, 97, 96, 206,
       61, 233, 214, 85, 246, 127, 145, 138, 24, 5, 228, 5, 252, 25, 25,
       179, 51, 189, 48, 211, 40, 162, 69, 0, 131, 5, 217, 128, 171, 204,
       128, 173, 2, 21, 128, 9, 131, 1, 106, 69, 129, 98, 200, 1, 206,
       41, 76, 136, 40, 7, 18, 8, 33, 79, 117, 165, 125, 187, 16, 178, 5,
       86, 129, 64, 8, 10, 67, 24, 201, 19, 25, 44, 88, 37, 241, 28, 156,
       73, 144, 106, 35, 188, 72, 71, 32, 241, 76, 11, 183, 221, 32, 207,
       249, 231, 61, 252, 79, 141, 83, 244, 187, 238, 171, 217, 250, 111,
       158, 173, 198, 179, 93, 127, 182, 116, 65, 198, 54, 239, 215, 51,
       119, 186, 208, 124, 250, 124, 112, 60, 185, 103, 191, 20, 117,
       111, 153, 168, 56, 213, 240, 93, 156, 76, 17, 250, 115, 255, 89,
       101, 1, 250, 132, 233, 154, 95, 32, 202, 212, 134, 91, 129, 45,
       232, 50, 178, 142, 186, 15, 3, 176, 143, 135, 13, 103, 195, 243,
       87, 83, 111, 39, 175, 130, 98, 151, 151, 97, 6, 56, 141, 250, 58,
       115, 63, 160, 97, 191, 92, 53, 175, 209, 234, 171, 243, 181, 69,
       112, 238, 23, 219, 210, 103, 49, 113, 209, 202, 71, 205, 153, 158,
       224, 202, 94, 6, 34, 66, 41, 140, 130, 199, 12, 59, 237, 215, 56,
       38, 14, 45, 194, 35, 78, 199, 171, 109, 19, 42, 18, 41, 214, 53,
       85, 187, 66, 116, 207, 116, 50, 200, 56, 107, 157, 28, 245, 46,
       145, 164, 24, 5, 160, 89, 148, 203, 16, 122, 50, 61, 88, 84, 50,
       242, 66, 9, 147, 87, 64, 194, 72, 7, 66, 163, 41, 132, 2, 192, 1,
       58, 103, 67, 32, 7, 142, 173, 230, 11, 10, 195, 162, 46, 2, 40, 0,
       106, 115, 38, 17, 59, 0, 108, 98, 194, 34, 104, 160, 105, 191, 28,
       161, 191, 209, 136, 16, 213, 52, 24, 52, 203, 145, 114, 48, 57,
       88, 116, 17, 250, 131, 5, 128, 18, 201, 2, 4, 11, 2, 32, 1, 66,
       162, 195, 6, 16, 98, 7, 37, 64, 66, 166, 128, 98, 70, 146, 177,
       11, 146, 8, 1, 72, 19, 36, 84, 186, 2, 40, 97, 70, 64, 64, 24, 11,
       193, 20, 165, 79, 17, 164, 16, 4, 96, 24, 156, 73, 16, 114, 49,
       189, 88, 87, 32, 250, 76, 201, 203, 221, 114, 215, 221, 223, 61,
       255, 41, 141, 147, 196, 187, 239, 139, 213, 56, 111, 206, 173,
       198, 59, 79, 223, 179, 39, 81, 75, 54, 123, 247, 39, 117, 187, 82,
       124, 251, 116, 114, 124, 184, 110, 223, 20, 213, 255, 153, 172,
       24, 85, 241, 29, 156, 72, 145, 242, 115, 191, 88, 85, 33, 242, 33,
       206, 101, 138, 139, 221, 135, 89, 175, 68, 14, 6, 157, 125, 121,
       165, 195, 116, 69, 32, 84, 114, 152, 96, 89, 244, 5, 0, 188, 154,
       27, 25, 208, 100, 83, 154, 64, 82, 201, 8, 181, 21, 24, 167, 68,
       230, 252, 4, 129, 5, 144, 12, 154, 13, 143, 9, 56, 96, 32, 44, 64,
       79, 44, 248, 194, 3, 130, 19, 193, 2, 128, 143, 162, 129, 1, 70,
       146, 227, 34, 17, 110, 215, 33, 103, 74, 135, 194, 99, 78, 218,
       176, 43, 146, 8, 18, 10, 151, 36, 84, 186, 82, 120, 105, 68, 64,
       64, 56, 42, 193, 20, 209, 239, 153, 172, 24, 5, 240, 24, 156, 73,
       16, 114, 49, 189, 88, 87, 32, 250, 197, 139, 146, 121, 200, 90,
       166, 134, 41, 145, 2, 206, 130, 245, 11, 152, 77, 11, 185, 198,
       78, 141, 78, 83, 195, 95, 25, 230, 129, 6, 130, 2, 151, 147, 81,
       33, 49, 204, 236, 32, 96, 60, 56, 113, 125, 29, 119, 229, 221,
