%YAML:1.0
descriptors: !!opencv-matrix
   rows: 31
   cols: 64
   dt: u
   data: [ 55, 48, 81, 130, 223, 4, 7, 72, 198, 70, 33, 50, 53, 10, 180,
       85, 226, 212, 5, 100, 65, 130, 128, 100, 78, 136, 169, 9, 146, 8,
       48, 41, 208, 36, 20, 154, 66, 112, 1, 212, 16, 74, 24, 11, 208,
       20, 196, 76, 153, 172, 16, 4, 112, 24, 156, 73, 16, 242, 49, 188,
       88, 86, 32, 249, 6, 34, 65, 130, 153, 128, 7, 72, 166, 6, 3, 48,
       1, 11, 144, 81, 226, 212, 1, 96, 65, 2, 128, 96, 76, 136, 172, 9,
       146, 8, 49, 9, 80, 36, 84, 154, 64, 112, 1, 84, 0, 64, 24, 10, 64,
       20, 192, 12, 153, 44, 16, 4, 112, 28, 132, 73, 16, 114, 49, 188,
       88, 86, 32, 248, 71, 1, 9, 24, 0, 2, 0, 70, 32, 2, 33, 128, 0,
       129, 132, 3, 0, 64, 0, 69, 2, 160, 96, 3, 68, 129, 128, 1, 3, 8,
       0, 1, 48, 6, 20, 138, 0, 104, 3, 130, 2, 34, 56, 73, 18, 24, 64,
       138, 81, 40, 48, 4, 1, 24, 36, 10, 144, 32, 32, 60, 8, 84, 34,
       225, 67, 70, 0, 138, 1, 10, 4, 2, 33, 66, 40, 2, 0, 171, 164, 11,
       195, 116, 33, 36, 8, 132, 24, 32, 70, 149, 25, 33, 146, 8, 0, 1,
       144, 6, 86, 154, 0, 68, 39, 2, 38, 98, 40, 1, 20, 28, 116, 128,
       80, 36, 16, 20, 1, 24, 164, 10, 24, 96, 32, 60, 76, 84, 32, 176,
       18, 18, 17, 162, 200, 128, 34, 0, 66, 32, 2, 7, 160, 2, 128, 16,
       102, 70, 5, 64, 200, 0, 137, 72, 140, 136, 40, 9, 130, 8, 161, 76,
       48, 164, 92, 154, 33, 194, 5, 198, 129, 64, 16, 8, 64, 4, 200, 21,
       128, 36, 80, 4, 36, 2, 5, 105, 0, 48, 1, 176, 72, 6, 32, 33, 58,
       3, 8, 154, 34, 29, 28, 39, 7, 198, 31, 132, 25, 54, 57, 70, 148,
       18, 64, 178, 150, 112, 208, 99, 89, 0, 132, 88, 32, 240, 157, 201,
       134, 28, 67, 160, 203, 72, 202, 72, 36, 25, 181, 41, 180, 20, 229,
       110, 147, 170, 137, 11, 178, 9, 120, 88, 41, 99, 83, 241, 115,
       251, 104, 234, 7, 1, 136, 30, 1, 0, 92, 6, 2, 130, 37, 128, 2,
       194, 4, 11, 8, 10, 32, 211, 7, 40, 96, 3, 0, 3, 130, 72, 81, 40,
       0, 96, 146, 52, 48, 170, 3, 72, 194, 241, 82, 170, 56, 105, 178,
       20, 197, 110, 17, 170, 56, 5, 112, 24, 240, 8, 17, 179, 51, 191,
       24, 114, 163, 235, 3, 214, 21, 3, 221, 184, 131, 24, 170, 17, 6,
       79, 172, 25, 72, 49, 102, 214, 5, 32, 192, 2, 136, 116, 40, 156,
       9, 42, 182, 10, 1, 63, 148, 100, 80, 154, 82, 18, 169, 132, 209,
       84, 10, 22, 64, 130, 248, 5, 128, 21, 17, 4, 248, 133, 143, 73,
       16, 112, 50, 172, 80, 87, 36, 217, 0, 1, 136, 136, 0, 88, 4, 7, 0,
       2, 5, 128, 16, 36, 44, 2, 13, 8, 0, 128, 192, 32, 64, 3, 73, 1,
       128, 64, 0, 0, 17, 64, 149, 16, 81, 32, 0, 72, 200, 96, 96, 28,
       56, 33, 148, 20, 245, 110, 17, 168, 24, 5, 176, 25, 24, 8, 19, 67,
       51, 181, 64, 83, 96, 234, 4, 1, 8, 24, 0, 16, 44, 66, 0, 2, 1,
       128, 64, 128, 4, 3, 0, 72, 1, 197, 2, 160, 64, 131, 12, 0, 134,
       192, 0, 4, 32, 0, 82, 16, 144, 170, 0, 40, 0, 0, 32, 34, 48, 9,
       50, 20, 3, 78, 17, 40, 48, 4, 0, 25, 20, 0, 145, 195, 19, 149, 72,
       114, 65, 163, 1, 3, 128, 8, 0, 88, 36, 70, 0, 128, 2, 128, 0, 145,
       11, 3, 9, 8, 161, 8, 0, 0, 64, 131, 65, 1, 16, 128, 0, 4, 0, 0,
       156, 18, 225, 32, 49, 8, 0, 0, 36, 52, 56, 33, 54, 193, 38, 232,
       16, 8, 40, 48, 145, 9, 104, 8, 7, 65, 7, 164, 0, 99, 69, 66, 9, 7,
       12, 128, 39, 21, 16, 55, 20, 212, 87, 196, 24, 61, 16, 6, 12, 24,
       65, 249, 48, 98, 192, 115, 25, 40, 128, 16, 112, 144, 16, 65, 204,
       48, 80, 160, 211, 72, 136, 40, 80, 29, 57, 175, 208, 48, 246, 110,
       27, 168, 153, 13, 240, 29, 152, 8, 51, 195, 51, 252, 64, 211, 40,
       250, 3, 196, 8, 10, 137, 152, 4, 0, 42, 2, 10, 72, 144, 36, 108,
       1, 13, 42, 0, 144, 128, 16, 27, 64, 64, 20, 9, 96, 0, 6, 129, 64,
       149, 144, 81, 0, 33, 200, 40, 2, 32, 16, 40, 33, 20, 84, 118, 1,
       17, 72, 0, 36, 20, 1, 96, 40, 18, 65, 130, 36, 0, 81, 64, 74, 131,
       4, 0, 2, 201, 128, 4, 0, 2, 1, 3, 66, 130, 67, 0, 1, 98, 2, 4,
       128, 64, 4, 1, 64, 66, 144, 145, 11, 146, 8, 1, 0, 86, 36, 84,
       154, 0, 0, 3, 196, 64, 64, 8, 139, 128, 16, 244, 13, 17, 164, 16,
       0, 32, 24, 156, 11, 16, 114, 48, 52, 72, 85, 32, 232, 6, 34, 65,
       130, 153, 128, 6, 73, 198, 2, 3, 48, 33, 3, 129, 81, 226, 212, 1,
       96, 65, 32, 128, 112, 12, 136, 168, 9, 146, 8, 49, 8, 112, 36, 84,
       154, 66, 112, 1, 84, 0, 64, 24, 14, 64, 20, 192, 76, 153, 44, 16,
       4, 96, 28, 132, 73, 16, 242, 51, 188, 88, 86, 32, 240, 147, 84,
       16, 2, 133, 0, 6, 8, 2, 0, 33, 98, 160, 11, 4, 17, 102, 150, 5,
       84, 0, 130, 129, 100, 4, 144, 105, 9, 146, 8, 0, 41, 144, 36, 20,
       154, 66, 64, 1, 212, 2, 194, 24, 11, 64, 16, 192, 12, 129, 36, 16,
       4, 32, 24, 132, 73, 16, 48, 48, 28, 24, 86, 34, 249, 34, 0, 17,
       130, 137, 128, 5, 9, 134, 64, 1, 0, 177, 10, 132, 20, 98, 214, 0,
       0, 192, 34, 128, 100, 76, 144, 160, 9, 146, 8, 17, 41, 144, 36,
       20, 154, 66, 112, 1, 84, 32, 64, 8, 11, 0, 20, 228, 76, 145, 36,
       16, 4, 48, 24, 156, 73, 16, 114, 50, 60, 88, 86, 32, 248, 4, 35,
       193, 144, 16, 6, 33, 79, 128, 70, 1, 20, 1, 130, 147, 66, 194, 68,
       1, 100, 0, 128, 196, 3, 76, 136, 132, 9, 18, 8, 48, 9, 112, 36,
       84, 186, 0, 112, 1, 84, 128, 64, 24, 10, 64, 20, 64, 204, 25, 44,
       24, 4, 112, 24, 148, 8, 16, 98, 33, 188, 72, 86, 32, 241, 35, 196,
       8, 14, 7, 4, 25, 5, 39, 70, 53, 128, 56, 41, 36, 22, 132, 50, 0,
       177, 16, 194, 241, 36, 80, 129, 132, 24, 3, 184, 24, 33, 128, 44,
       2, 154, 202, 64, 0, 200, 18, 202, 28, 137, 144, 80, 192, 76, 17,
       160, 82, 12, 32, 24, 148, 9, 152, 114, 48, 28, 16, 214, 42, 233,
       0, 3, 101, 128, 20, 36, 5, 120, 164, 6, 130, 0, 65, 9, 144, 1, 2,
       68, 67, 100, 64, 64, 128, 96, 12, 160, 4, 0, 16, 8, 16, 9, 80, 4,
       150, 154, 0, 96, 1, 5, 4, 96, 18, 6, 64, 128, 64, 76, 16, 52, 16,
       0, 2, 152, 135, 24, 8, 34, 2, 148, 72, 6, 36, 112, 131, 196, 8,
       10, 5, 80, 132, 12, 2, 2, 44, 200, 0, 1, 4, 33, 9, 68, 4, 145, 64,
       0, 164, 64, 96, 149, 9, 32, 147, 10, 3, 17, 148, 36, 145, 136, 66,
       0, 40, 160, 114, 26, 56, 41, 148, 16, 116, 108, 17, 136, 18, 4,
       144, 1, 196, 8, 16, 128, 32, 60, 16, 87, 32, 249, 0, 2, 0, 136,
       136, 92, 130, 65, 44, 90, 10, 4, 16, 52, 121, 161, 128, 80, 129,
       32, 192, 0, 12, 32, 73, 132, 12, 0, 144, 130, 25, 80, 112, 0, 83,
       40, 16, 98, 137, 0, 162, 20, 24, 4, 68, 134, 224, 64, 153, 45, 16,
       4, 146, 29, 141, 9, 16, 96, 42, 188, 64, 70, 34, 176, 133, 202, 4,
       9, 200, 216, 162, 192, 41, 17, 42, 79, 128, 53, 73, 160, 137, 72,
       141, 40, 76, 64, 14, 240, 105, 85, 29, 32, 173, 6, 11, 22, 148,
       192, 73, 0, 112, 147, 237, 32, 165, 20, 8, 55, 68, 198, 126, 176,
       128, 89, 100, 52, 149, 199, 131, 40, 6, 72, 0, 36, 68, 75, 0, 56,
       0, 207, 13, 136, 0, 93, 4, 103, 41, 68, 46, 140, 88, 53, 93, 170,
       137, 64, 65, 36, 20, 80, 4, 162, 89, 85, 21, 0, 33, 130, 26, 25,
       208, 68, 81, 136, 0, 66, 200, 40, 54, 29, 56, 39, 20, 150, 116,
       108, 147, 168, 5, 4, 144, 29, 128, 12, 24, 192, 10, 60, 80, 71,
       98, 242, 162, 197, 8, 154, 7, 95, 93, 15, 183, 70, 61, 136, 57,
       170, 52, 254, 143, 54, 52, 61, 2, 242, 241, 38, 121, 133, 161, 9,
       19, 248, 28, 41, 128, 36, 50, 218, 194, 65, 2, 248, 50, 203, 60,
       105, 150, 30, 116, 44, 87, 160, 86, 4, 40, 25, 182, 30, 152, 242,
       40, 120, 93, 220, 42, 187, 23, 53, 240, 52, 17, 164, 41, 70, 162,
       174, 193, 53, 68, 11, 129, 87, 250, 252, 3, 99, 225, 34, 194, 119,
       140, 138, 228, 73, 82, 12, 241, 105, 87, 36, 20, 190, 82, 56, 1,
       92, 88, 64, 24, 142, 192, 80, 131, 79, 153, 172, 24, 5, 240, 28,
       156, 65, 16, 242, 51, 157, 88, 23, 32, 251, 39, 39, 97, 130, 17,
       0, 1, 78, 194, 66, 129, 48, 97, 3, 129, 67, 226, 212, 1, 96, 65,
       32, 192, 50, 76, 136, 160, 9, 82, 8, 48, 105, 80, 36, 20, 186, 66,
       112, 1, 84, 48, 64, 24, 14, 64, 20, 192, 76, 153, 44, 24, 5, 112,
       24, 156, 73, 16, 242, 51, 156, 88, 86, 32, 248, 4, 35, 131, 176,
