%YAML:1.0
descriptors: !!opencv-matrix
   rows: 10
   cols: 64
   dt: u
   data: [ 4, 34, 65, 160, 16, 0, 33, 72, 192, 66, 2, 52, 65, 6, 145, 64,
       226, 84, 1, 96, 65, 0, 128, 48, 12, 136, 168, 9, 82, 8, 48, 9,
       112, 36, 85, 186, 64, 112, 1, 84, 16, 64, 24, 14, 64, 20, 192, 76,
       153, 44, 16, 4, 112, 28, 140, 73, 16, 242, 51, 188, 72, 86, 32,
       240, 5, 38, 65, 32, 17, 32, 33, 90, 128, 4, 128, 48, 97, 11, 128,
       65, 226, 84, 1, 96, 65, 0, 128, 112, 76, 136, 40, 9, 210, 8, 48,
       73, 80, 36, 84, 186, 64, 112, 1, 212, 16, 66, 24, 14, 64, 20, 64,
       76, 25, 36, 24, 4, 96, 28, 140, 73, 16, 240, 35, 156, 72, 86, 32,
       249, 7, 34, 65, 162, 221, 128, 7, 72, 0, 64, 130, 50, 161, 7, 128,
       81, 226, 212, 1, 96, 193, 0, 128, 112, 76, 152, 40, 9, 146, 8, 49,
       73, 84, 36, 84, 186, 66, 112, 1, 84, 0, 64, 24, 15, 64, 20, 196,
       77, 153, 44, 24, 4, 112, 28, 140, 73, 16, 242, 51, 188, 88, 87,
       32, 248, 36, 37, 225, 144, 16, 6, 33, 79, 132, 70, 1, 48, 81, 138,
       145, 70, 226, 84, 3, 100, 1, 162, 192, 39, 12, 136, 164, 9, 82, 8,
       48, 41, 80, 36, 20, 186, 2, 120, 1, 84, 16, 64, 24, 10, 80, 20,
       193, 78, 153, 44, 24, 5, 112, 28, 148, 73, 16, 242, 51, 184, 88,
       86, 32, 243, 12, 35, 97, 180, 16, 5, 41, 111, 128, 196, 195, 52,
       81, 100, 145, 66, 234, 220, 3, 98, 65, 32, 192, 147, 76, 136, 164,
       137, 64, 140, 48, 201, 214, 36, 85, 186, 80, 120, 193, 84, 112,
       92, 48, 47, 212, 20, 229, 110, 153, 172, 24, 5, 240, 29, 156, 73,
       16, 242, 51, 189, 88, 86, 32, 250, 35, 20, 64, 2, 157, 128, 5, 8,
       230, 64, 0, 96, 172, 11, 132, 21, 98, 230, 1, 48, 193, 34, 153,
       100, 68, 144, 96, 11, 18, 8, 1, 97, 21, 36, 20, 186, 66, 48, 33,
       84, 96, 64, 24, 139, 192, 80, 244, 77, 145, 164, 24, 0, 96, 24,
       156, 73, 16, 50, 50, 156, 88, 87, 32, 248, 54, 50, 113, 130, 28,
       132, 4, 65, 198, 2, 18, 16, 69, 7, 144, 81, 226, 212, 3, 96, 193,
       34, 129, 118, 76, 152, 164, 9, 82, 12, 49, 104, 212, 36, 84, 186,
       82, 120, 1, 116, 112, 84, 24, 15, 212, 20, 228, 79, 153, 172, 24,
       5, 240, 29, 156, 73, 16, 242, 51, 188, 88, 87, 32, 248, 60, 33,
       113, 178, 19, 5, 45, 110, 198, 198, 209, 52, 113, 14, 177, 86,
       234, 212, 3, 96, 193, 34, 193, 55, 76, 136, 164, 9, 82, 8, 49,
       105, 212, 36, 85, 186, 82, 120, 1, 84, 48, 72, 24, 46, 212, 20,
       197, 110, 153, 172, 24, 5, 240, 29, 156, 73, 16, 242, 51, 189, 88,
       86, 32, 250, 55, 54, 113, 130, 223, 132, 15, 73, 198, 70, 49, 114,
       173, 11, 148, 85, 226, 212, 5, 100, 65, 2, 129, 116, 76, 152, 169,
       9, 210, 8, 49, 41, 208, 36, 84, 154, 66, 112, 1, 212, 16, 74, 24,
       15, 208, 20, 196, 76, 153, 172, 16, 5, 112, 29, 156, 73, 16, 242,
       51, 188, 88, 86, 32, 249, 108, 35, 225, 176, 16, 38, 32, 79, 196,
       64, 194, 53, 81, 134, 179, 67, 226, 212, 3, 100, 65, 129, 192, 55,
       78, 136, 172, 9, 210, 12, 48, 40, 112, 36, 84, 186, 82, 112, 1,
       84, 80, 84, 24, 14, 192, 20, 192, 76, 153, 44, 24, 5, 240, 28,
       156, 73, 16, 242, 51, 188, 88, 86, 32, 248 ]
