%YAML:1.0
descriptors: !!opencv-matrix
   rows: 90
   cols: 64
   dt: u
   data: [ 45, 43, 231, 241, 18, 231, 225, 126, 245, 252, 194, 119, 255,
       255, 187, 71, 234, 253, 227, 99, 247, 47, 194, 247, 77, 234, 150,
       135, 122, 76, 50, 203, 223, 38, 87, 186, 83, 120, 249, 116, 124,
       116, 184, 46, 213, 53, 119, 239, 153, 172, 24, 69, 240, 29, 156,
       73, 24, 242, 115, 191, 88, 87, 161, 250, 252, 255, 239, 253, 54,
       253, 241, 251, 253, 245, 215, 255, 255, 255, 255, 238, 251, 253,
       99, 111, 255, 255, 211, 247, 93, 255, 183, 191, 123, 222, 118,
       171, 223, 46, 87, 186, 82, 122, 249, 124, 124, 125, 184, 111, 213,
       53, 247, 111, 153, 172, 24, 69, 240, 29, 156, 77, 24, 246, 115,
       191, 89, 87, 161, 250, 236, 41, 255, 245, 48, 103, 253, 255, 213,
       252, 196, 177, 115, 218, 147, 206, 171, 220, 243, 111, 191, 173,
       230, 183, 13, 235, 182, 167, 83, 77, 50, 239, 215, 39, 53, 250,
       23, 124, 249, 116, 120, 124, 184, 103, 239, 21, 87, 238, 153, 172,
       126, 213, 240, 28, 148, 76, 144, 242, 107, 255, 89, 55, 161, 250,
       218, 250, 211, 247, 252, 226, 250, 184, 88, 59, 123, 127, 174,
       199, 194, 56, 119, 199, 189, 102, 206, 141, 175, 120, 174, 223,
       251, 191, 222, 35, 163, 255, 115, 229, 28, 115, 127, 245, 252,
       247, 81, 76, 203, 94, 235, 13, 218, 145, 204, 215, 86, 243, 205,
       230, 156, 235, 197, 252, 181, 11, 220, 23, 145, 180, 157, 190,
       238, 117, 63, 241, 252, 246, 185, 191, 240, 249, 206, 25, 2, 139,
       169, 236, 227, 219, 245, 111, 127, 255, 225, 107, 246, 242, 93,
       85, 231, 230, 223, 248, 252, 36, 255, 188, 248, 53, 125, 126, 251,
       175, 243, 113, 147, 123, 186, 250, 28, 67, 244, 189, 216, 68, 151,
       147, 215, 215, 251, 243, 236, 127, 69, 170, 199, 211, 248, 242,
       167, 216, 56, 57, 10, 127, 130, 87, 129, 1, 107, 197, 169, 34,
       196, 45, 10, 123, 78, 222, 19, 39, 158, 11, 35, 95, 87, 167, 93,
       179, 112, 248, 127, 54, 101, 116, 10, 102, 197, 0, 253, 243, 152,
       188, 24, 37, 245, 189, 156, 75, 16, 254, 51, 143, 72, 87, 49, 250,
       67, 197, 8, 190, 71, 138, 30, 3, 39, 96, 61, 136, 30, 169, 36, 31,
       229, 179, 36, 213, 138, 1, 177, 35, 68, 197, 233, 108, 83, 48,
       128, 97, 144, 60, 16, 186, 75, 72, 160, 226, 34, 202, 56, 41, 208,
       28, 246, 78, 145, 166, 16, 4, 96, 24, 144, 73, 24, 243, 51, 188,
       24, 82, 50, 233, 149, 58, 211, 119, 25, 192, 227, 236, 218, 185,
       194, 117, 162, 66, 131, 210, 107, 215, 161, 11, 205, 45, 238, 95,
       141, 219, 114, 47, 82, 9, 99, 111, 87, 167, 124, 187, 52, 252,
       239, 118, 65, 84, 234, 98, 235, 4, 89, 243, 137, 164, 120, 53,
       244, 22, 188, 97, 0, 122, 179, 233, 216, 7, 33, 254, 193, 137,
       131, 91, 200, 130, 238, 130, 104, 171, 0, 202, 146, 198, 166, 9,
       194, 65, 57, 103, 206, 45, 74, 75, 75, 222, 51, 39, 130, 8, 50,
       67, 215, 39, 93, 187, 17, 108, 255, 54, 112, 126, 184, 107, 223,
       28, 117, 243, 221, 172, 24, 85, 245, 125, 156, 203, 17, 248, 51,
       191, 92, 117, 49, 250, 69, 42, 117, 201, 232, 190, 34, 116, 40,
       116, 66, 23, 192, 181, 219, 160, 226, 205, 137, 108, 204, 129, 10,
       176, 79, 136, 140, 140, 164, 4, 57, 15, 113, 5, 85, 187, 16, 242,
       133, 70, 180, 84, 24, 22, 101, 138, 200, 5, 152, 45, 60, 48, 49,
       93, 159, 73, 0, 238, 19, 172, 72, 70, 33, 240, 102, 244, 25, 171,
       238, 158, 31, 1, 251, 111, 41, 136, 149, 6, 52, 95, 157, 103, 56,
       97, 136, 113, 90, 73, 221, 213, 175, 127, 67, 59, 125, 111, 135,
       148, 159, 43, 170, 233, 236, 115, 34, 202, 101, 233, 183, 28, 245,
       59, 151, 204, 24, 39, 229, 241, 124, 243, 88, 190, 187, 189, 248,
       211, 120, 246, 196, 234, 19, 117, 232, 248, 238, 192, 104, 187,
       107, 79, 194, 199, 203, 169, 35, 201, 173, 107, 207, 173, 14, 216,
       207, 95, 179, 239, 196, 7, 35, 86, 115, 151, 93, 59, 81, 191, 255,
       102, 224, 124, 168, 254, 255, 11, 255, 179, 136, 205, 16, 115,
       213, 255, 141, 233, 149, 248, 145, 167, 92, 119, 241, 182, 133,
       207, 78, 87, 252, 242, 250, 147, 56, 219, 34, 79, 130, 83, 225,
       105, 34, 221, 61, 111, 198, 45, 44, 123, 42, 222, 51, 39, 212, 11,
       50, 119, 118, 103, 92, 219, 83, 127, 255, 182, 209, 124, 26, 94,
       201, 14, 217, 251, 137, 189, 20, 5, 253, 47, 140, 201, 17, 222,
       50, 143, 92, 55, 33, 185, 151, 18, 81, 182, 253, 136, 25, 74, 130,
       41, 35, 115, 167, 203, 128, 81, 98, 215, 4, 32, 194, 44, 128, 107,
       14, 138, 226, 11, 146, 40, 33, 109, 51, 165, 20, 186, 98, 112, 3,
       215, 193, 194, 10, 75, 200, 6, 201, 79, 192, 164, 88, 4, 96, 18,
       159, 73, 16, 50, 51, 158, 88, 6, 32, 185, 86, 32, 145, 148, 72,
       130, 10, 37, 66, 42, 81, 20, 65, 132, 17, 18, 124, 67, 64, 196,
       137, 1, 198, 137, 140, 0, 170, 77, 0, 172, 161, 72, 101, 53, 29,
       171, 12, 36, 4, 70, 0, 64, 1, 136, 3, 12, 129, 94, 19, 44, 88,
       131, 33, 88, 20, 211, 192, 43, 19, 208, 8, 2, 112, 228, 251, 144,
       218, 167, 255, 178, 219, 152, 158, 187, 208, 123, 175, 74, 35, 85,
       116, 215, 61, 147, 232, 55, 202, 124, 38, 218, 250, 127, 222, 121,
       247, 127, 119, 233, 156, 117, 119, 253, 173, 247, 81, 76, 79, 24,
       211, 13, 217, 17, 191, 222, 24, 37, 229, 229, 220, 227, 210, 190,
       183, 159, 222, 31, 48, 182, 65, 207, 130, 27, 217, 194, 134, 18,
       40, 0, 2, 79, 160, 87, 201, 9, 75, 65, 57, 70, 199, 45, 11, 67,
       66, 95, 25, 37, 18, 10, 3, 83, 215, 39, 85, 187, 17, 88, 109, 36,
       97, 116, 56, 39, 85, 28, 117, 227, 152, 172, 24, 4, 241, 125, 136,
       203, 16, 238, 51, 181, 88, 71, 48, 106, 134, 202, 2, 227, 201, 74,
       134, 193, 40, 241, 42, 111, 18, 118, 233, 240, 235, 145, 45, 3,
       199, 40, 172, 122, 103, 223, 19, 35, 151, 11, 19, 86, 179, 167,
       93, 26, 112, 210, 239, 54, 97, 116, 104, 114, 205, 22, 252, 227,
       137, 237, 84, 5, 223, 7, 140, 105, 16, 240, 160, 45, 92, 95, 49,
       186, 195, 207, 8, 171, 192, 222, 174, 1, 41, 71, 43, 200, 130,
       103, 108, 173, 137, 123, 61, 229, 15, 80, 49, 112, 99, 87, 25, 44,
       215, 34, 178, 17, 144, 84, 219, 195, 67, 69, 236, 160, 98, 188,
       56, 185, 213, 94, 246, 180, 213, 157, 22, 36, 205, 229, 194, 187,
       145, 221, 32, 164, 84, 243, 88, 168, 66, 34, 129, 2, 200, 130,
       130, 5, 64, 2, 2, 4, 64, 71, 3, 1, 72, 3, 1, 196, 193, 33, 75,
       197, 130, 72, 44, 140, 2, 8, 161, 64, 69, 47, 71, 179, 25, 2, 13,
       68, 0, 64, 16, 138, 65, 88, 131, 71, 24, 44, 8, 0, 241, 72, 28,
       203, 4, 42, 3, 176, 8, 67, 112, 96, 99, 212, 105, 187, 206, 150,
       30, 1, 42, 111, 41, 200, 156, 101, 36, 85, 229, 247, 28, 240, 200,
       113, 26, 105, 68, 215, 169, 127, 82, 57, 49, 103, 215, 165, 150,
       43, 74, 233, 37, 114, 114, 202, 108, 41, 213, 28, 245, 19, 157,
       204, 24, 5, 229, 249, 156, 235, 24, 182, 179, 189, 216, 87, 56,
       250, 5, 69, 172, 152, 0, 95, 36, 87, 33, 198, 45, 128, 16, 173,
       60, 175, 137, 120, 225, 105, 22, 240, 112, 163, 89, 37, 133, 0,
       97, 132, 24, 65, 208, 16, 243, 168, 0, 104, 128, 40, 50, 191, 60,
       167, 54, 118, 101, 110, 17, 168, 62, 12, 0, 29, 147, 28, 153, 226,
       43, 188, 73, 210, 75, 234, 204, 78, 18, 185, 137, 64, 166, 205, 9,
       224, 174, 5, 16, 148, 235, 162, 237, 24, 165, 66, 76, 168, 172,
       16, 85, 221, 25, 96, 193, 6, 3, 22, 160, 131, 113, 40, 49, 194,
       237, 64, 32, 21, 52, 34, 69, 23, 62, 224, 137, 136, 119, 53, 211,
       95, 160, 104, 145, 200, 33, 165, 8, 71, 33, 74, 28, 43, 243, 185,
       0, 75, 160, 199, 73, 192, 203, 180, 81, 180, 251, 242, 251, 24,
       161, 66, 135, 25, 78, 19, 221, 221, 80, 201, 35, 238, 190, 202,
       149, 150, 103, 138, 48, 242, 201, 78, 164, 53, 245, 96, 109, 159,
       103, 238, 223, 44, 239, 255, 178, 21, 112, 124, 140, 202, 9, 225,
       9, 107, 241, 70, 194, 201, 0, 138, 193, 74, 6, 3, 11, 64, 43, 10,
       144, 198, 108, 153, 13, 3, 36, 132, 7, 132, 1, 64, 67, 213, 25,
