%YAML:1.0
descriptors: !!opencv-matrix
   rows: 4
   cols: 64
   dt: u
   data: [ 5, 38, 65, 0, 209, 0, 35, 76, 164, 64, 128, 52, 1, 11, 129,
       69, 194, 84, 1, 100, 65, 130, 136, 32, 76, 136, 8, 1, 146, 8, 33,
       9, 112, 36, 85, 154, 0, 112, 5, 20, 0, 64, 24, 14, 64, 0, 64, 196,
       24, 36, 16, 4, 81, 24, 132, 9, 16, 96, 33, 156, 72, 70, 32, 240,
       8, 3, 0, 16, 0, 129, 40, 101, 0, 130, 67, 4, 80, 4, 25, 2, 8, 8,
       65, 66, 192, 32, 64, 146, 24, 8, 132, 136, 64, 132, 49, 64, 79,
       52, 65, 170, 17, 104, 192, 64, 120, 84, 48, 46, 212, 52, 167, 110,
       153, 172, 24, 5, 240, 29, 156, 73, 16, 242, 19, 181, 72, 87, 32,
       250, 20, 49, 209, 176, 20, 34, 32, 118, 192, 12, 210, 53, 65, 135,
       147, 66, 234, 212, 3, 100, 65, 128, 228, 51, 78, 136, 164, 9, 82,
       12, 48, 40, 80, 36, 84, 186, 82, 114, 1, 84, 208, 84, 24, 14, 192,
       20, 192, 76, 153, 44, 24, 5, 240, 29, 156, 73, 16, 242, 51, 188,
       88, 86, 32, 248, 6, 34, 65, 130, 152, 128, 6, 73, 2, 64, 2, 48,
       129, 7, 144, 81, 226, 212, 1, 96, 193, 32, 128, 112, 76, 152, 40,
       9, 18, 8, 49, 72, 84, 36, 84, 186, 66, 120, 1, 84, 0, 64, 24, 15,
       64, 20, 228, 77, 153, 44, 24, 4, 112, 28, 156, 73, 16, 242, 51,
       188, 88, 87, 32, 248 ]
