%YAML:1.0
descriptors: !!opencv-matrix
   rows: 6
   cols: 64
   dt: u
   data: [ 39, 52, 80, 2, 153, 128, 5, 72, 226, 0, 129, 112, 160, 11,
       164, 85, 226, 212, 1, 96, 193, 34, 129, 100, 76, 152, 160, 9, 18,
       8, 49, 105, 212, 36, 20, 186, 66, 120, 1, 84, 80, 74, 24, 11, 208,
       20, 244, 77, 153, 172, 24, 5, 112, 24, 156, 73, 16, 242, 51, 188,
       88, 87, 32, 248, 7, 50, 65, 130, 21, 128, 1, 72, 194, 64, 129, 48,
       33, 11, 128, 81, 226, 212, 1, 96, 193, 0, 128, 112, 76, 152, 160,
       9, 82, 8, 49, 41, 208, 36, 20, 186, 66, 112, 1, 84, 16, 66, 24,
       15, 64, 20, 192, 76, 153, 36, 16, 4, 112, 24, 156, 73, 16, 242,
       51, 156, 88, 86, 32, 249, 12, 35, 97, 176, 16, 228, 33, 127, 128,
       198, 194, 20, 65, 4, 153, 66, 139, 92, 3, 98, 192, 32, 196, 19,
       76, 152, 132, 129, 80, 12, 49, 201, 85, 36, 85, 186, 16, 120, 65,
       84, 48, 64, 48, 46, 68, 4, 193, 110, 25, 172, 24, 5, 240, 29, 156,
       72, 16, 226, 51, 189, 72, 87, 32, 242, 21, 35, 113, 144, 16, 2,
       33, 126, 192, 4, 211, 52, 97, 2, 145, 66, 234, 212, 3, 100, 65,
       32, 192, 55, 76, 136, 164, 9, 82, 12, 48, 105, 212, 36, 85, 186,
       82, 120, 1, 84, 208, 80, 24, 14, 192, 20, 225, 78, 153, 172, 24,
       5, 240, 29, 156, 73, 16, 242, 51, 188, 88, 86, 32, 250, 54, 50,
       113, 166, 29, 132, 13, 73, 198, 70, 147, 48, 45, 11, 144, 85, 226,
       212, 1, 96, 193, 34, 129, 118, 76, 152, 160, 9, 82, 8, 49, 105,
       85, 36, 84, 186, 82, 120, 129, 84, 112, 72, 24, 15, 192, 20, 244,
       79, 153, 172, 24, 5, 240, 29, 156, 73, 16, 242, 51, 188, 88, 87,
       32, 248, 86, 49, 225, 176, 20, 38, 41, 86, 196, 70, 81, 52, 65,
       139, 146, 83, 226, 212, 3, 100, 73, 128, 228, 51, 78, 136, 172, 9,
       210, 12, 48, 41, 112, 36, 84, 186, 66, 112, 1, 212, 144, 64, 24,
       14, 208, 20, 192, 76, 153, 172, 24, 5, 112, 28, 148, 73, 16, 242,
       49, 188, 88, 86, 32, 249 ]
