%YAML:1.0
descriptors: !!opencv-matrix
   rows: 12
   cols: 64
   dt: u
   data: [ 253, 252, 255, 247, 54, 117, 253, 252, 221, 255, 253, 255,
       239, 143, 211, 254, 251, 244, 127, 107, 61, 235, 231, 188, 189,
       255, 247, 187, 95, 223, 119, 255, 97, 109, 189, 255, 222, 125,
       249, 255, 123, 204, 243, 191, 223, 51, 253, 61, 174, 189, 223,
       137, 232, 190, 148, 85, 232, 182, 121, 219, 255, 150, 44, 182,
       210, 205, 154, 86, 65, 66, 92, 135, 3, 129, 13, 202, 18, 198, 38,
       26, 47, 19, 60, 7, 14, 173, 226, 3, 43, 215, 243, 111, 19, 41,
       150, 32, 134, 183, 48, 211, 2, 77, 222, 215, 3, 171, 165, 97, 187,
       28, 61, 174, 69, 130, 114, 245, 45, 98, 48, 234, 81, 63, 112, 123,
       21, 53, 147, 234, 233, 221, 255, 255, 251, 239, 255, 222, 191,
       253, 44, 207, 151, 236, 255, 255, 251, 245, 189, 111, 126, 143,
       254, 123, 111, 255, 59, 47, 215, 75, 126, 63, 247, 167, 127, 251,
       82, 253, 255, 246, 115, 126, 236, 127, 223, 30, 125, 183, 205,
       140, 94, 245, 217, 255, 156, 235, 209, 252, 105, 63, 221, 125,
       147, 251, 216, 27, 147, 215, 248, 195, 250, 250, 90, 185, 83, 95,
       211, 196, 219, 248, 126, 215, 61, 71, 78, 141, 206, 91, 143, 218,
       186, 111, 210, 11, 50, 63, 119, 167, 125, 123, 86, 255, 255, 86,
       209, 116, 193, 94, 203, 14, 217, 183, 205, 140, 88, 245, 213, 255,
       156, 227, 65, 124, 113, 63, 92, 37, 145, 254, 255, 204, 239, 253,
       239, 215, 223, 140, 191, 255, 61, 218, 159, 168, 54, 126, 189,
       245, 60, 127, 174, 223, 254, 121, 127, 199, 191, 127, 127, 249,
       127, 111, 247, 253, 62, 123, 242, 253, 254, 255, 114, 255, 237,
       125, 187, 28, 253, 51, 223, 202, 26, 183, 253, 245, 188, 254, 89,
       255, 249, 127, 255, 221, 26, 255, 81, 21, 146, 86, 33, 130, 252,
       74, 2, 128, 1, 193, 130, 193, 128, 27, 38, 135, 160, 71, 134, 45,
       194, 99, 2, 202, 226, 78, 18, 32, 128, 111, 151, 55, 48, 48, 17,
       140, 250, 69, 97, 40, 185, 99, 169, 24, 245, 111, 216, 162, 56,
       85, 244, 8, 188, 203, 17, 59, 115, 175, 16, 101, 129, 122, 234,
       205, 238, 223, 111, 223, 223, 147, 61, 223, 63, 207, 187, 254,
       126, 237, 137, 245, 124, 191, 214, 127, 211, 119, 115, 119, 151,
       54, 127, 251, 22, 227, 199, 47, 87, 177, 219, 93, 254, 121, 112,
       125, 186, 111, 221, 92, 245, 239, 221, 174, 152, 205, 241, 125,
       156, 219, 83, 255, 115, 191, 122, 253, 153, 250, 194, 8, 130, 87,
       237, 130, 218, 128, 10, 171, 17, 206, 130, 194, 2, 11, 36, 139,
       60, 215, 206, 173, 107, 201, 3, 74, 250, 110, 0, 33, 167, 118,
       255, 191, 80, 49, 91, 141, 230, 227, 80, 108, 225, 110, 251, 92,
       139, 51, 157, 202, 24, 103, 245, 253, 156, 235, 83, 255, 179, 183,
       184, 113, 145, 110, 122, 221, 238, 223, 103, 223, 221, 11, 255,
       213, 63, 207, 191, 254, 124, 253, 255, 247, 126, 255, 214, 63,
       211, 119, 115, 255, 247, 62, 127, 251, 94, 169, 199, 111, 99, 159,
       210, 93, 254, 125, 115, 253, 252, 239, 221, 126, 245, 239, 221,
       174, 152, 205, 249, 61, 158, 207, 113, 246, 114, 191, 123, 125,
       153, 250, 17, 157, 146, 86, 33, 130, 216, 78, 18, 129, 5, 193,
       162, 203, 130, 27, 46, 215, 160, 7, 134, 47, 194, 99, 2, 138, 226,
       79, 18, 40, 0, 109, 215, 55, 52, 186, 16, 76, 250, 117, 81, 104,
       185, 99, 171, 20, 249, 111, 217, 166, 56, 85, 240, 24, 188, 73,
       17, 51, 50, 175, 88, 117, 161, 251, 26, 34, 147, 167, 184, 160,
       170, 76, 80, 187, 64, 117, 224, 66, 131, 16, 106, 205, 129, 66,
       224, 45, 206, 91, 12, 138, 162, 135, 90, 97, 33, 238, 119, 160,
       60, 49, 117, 252, 33, 118, 73, 68, 74, 10, 195, 5, 203, 91, 25,
       108, 24, 5, 228, 28, 156, 73, 150, 242, 183, 157, 204, 7, 32, 183,
       251, 253, 255, 255, 255, 175, 223, 169, 255, 127, 253, 251, 255,
       234, 182, 92, 247, 247, 126, 247, 255, 47, 179, 127, 254, 255,
       247, 255, 223, 249, 255, 239, 199, 237, 14, 255, 255, 125, 251,
       255, 91, 206, 255, 239, 217, 125, 253, 95, 253, 166, 24, 207, 232,
       190, 156, 105, 88, 247, 243, 191, 254, 95, 186, 191 ]
