%YAML:1.0
descriptors: !!opencv-matrix
   rows: 3
   cols: 64
   dt: u
   data: [ 125, 191, 255, 253, 50, 127, 241, 255, 253, 252, 222, 181, 95,
       253, 251, 238, 251, 252, 235, 107, 245, 253, 246, 183, 221, 107,
       180, 147, 121, 215, 126, 251, 255, 38, 87, 190, 215, 122, 249,
       124, 252, 93, 251, 54, 213, 183, 243, 111, 187, 172, 159, 141,
       240, 29, 157, 93, 52, 242, 123, 253, 219, 215, 40, 250, 187, 244,
       125, 239, 191, 189, 223, 25, 255, 127, 253, 250, 189, 122, 244,
       93, 246, 247, 102, 243, 245, 118, 147, 118, 253, 255, 241, 59,
       255, 251, 247, 251, 215, 108, 214, 190, 218, 121, 249, 253, 114,
       223, 127, 47, 209, 21, 245, 111, 153, 175, 152, 13, 250, 29, 158,
       89, 48, 242, 115, 189, 250, 223, 46, 251, 39, 50, 65, 162, 29,
       128, 1, 72, 230, 66, 129, 48, 173, 11, 128, 85, 226, 212, 1, 96,
       193, 32, 129, 116, 76, 136, 160, 9, 18, 8, 33, 105, 84, 36, 84,
       186, 66, 120, 1, 84, 64, 64, 24, 11, 192, 20, 192, 79, 153, 172,
       24, 4, 96, 28, 156, 73, 16, 242, 51, 188, 88, 87, 32, 248 ]
