%YAML:1.0
descriptors: !!opencv-matrix
   rows: 90
   cols: 64
   dt: u
   data: [ 124, 58, 255, 249, 122, 127, 187, 255, 252, 254, 214, 55, 221,
       124, 187, 198, 250, 221, 203, 110, 245, 245, 210, 246, 93, 232,
       188, 157, 122, 220, 127, 235, 215, 36, 87, 186, 86, 122, 233, 124,
       252, 93, 26, 46, 213, 165, 227, 111, 153, 172, 24, 5, 242, 29,
       157, 73, 16, 242, 51, 189, 90, 87, 32, 250, 125, 63, 239, 185,
       127, 255, 35, 125, 253, 254, 214, 189, 253, 255, 191, 239, 251,
       253, 123, 118, 253, 119, 211, 247, 221, 233, 252, 189, 122, 214,
       115, 235, 223, 44, 87, 191, 95, 122, 237, 124, 124, 93, 58, 47,
       213, 53, 247, 111, 157, 172, 24, 5, 240, 29, 156, 73, 24, 246, 51,
       189, 90, 215, 40, 250, 45, 175, 229, 248, 56, 255, 161, 126, 188,
       92, 198, 53, 217, 127, 185, 101, 202, 253, 195, 98, 245, 111, 210,
       247, 79, 250, 20, 133, 124, 70, 51, 203, 223, 38, 87, 186, 81,
       122, 249, 52, 124, 117, 26, 39, 85, 165, 247, 111, 153, 172, 24,
       5, 242, 29, 156, 73, 16, 226, 51, 189, 74, 87, 33, 250, 212, 43,
       211, 245, 216, 226, 234, 231, 200, 171, 210, 63, 195, 198, 147,
       72, 106, 69, 187, 70, 207, 173, 142, 219, 142, 218, 62, 175, 130,
       141, 34, 158, 119, 167, 125, 187, 20, 181, 127, 86, 1, 96, 128,
       90, 75, 12, 137, 147, 76, 44, 88, 241, 209, 250, 12, 235, 197,
       124, 65, 139, 76, 37, 145, 180, 220, 59, 211, 247, 216, 226, 234,
       246, 88, 187, 66, 127, 194, 194, 219, 216, 107, 207, 189, 111, 79,
       141, 239, 153, 143, 219, 62, 175, 198, 15, 178, 190, 119, 167,
       125, 251, 53, 247, 237, 86, 217, 100, 178, 94, 235, 13, 27, 183,
       204, 108, 126, 245, 213, 254, 157, 235, 196, 252, 1, 239, 92, 39,
       49, 182, 155, 152, 202, 247, 63, 176, 252, 186, 25, 185, 252, 251,
       174, 95, 6, 91, 45, 159, 189, 219, 167, 45, 235, 123, 97, 95, 243,
       183, 126, 103, 167, 231, 159, 242, 188, 112, 119, 221, 250, 247,
       121, 124, 235, 111, 191, 21, 127, 107, 249, 250, 57, 199, 244,
       165, 248, 76, 23, 243, 183, 255, 249, 115, 165, 222, 7, 192, 10,
       139, 89, 130, 134, 192, 33, 234, 0, 202, 128, 10, 165, 9, 202,
       117, 33, 67, 192, 37, 202, 107, 100, 214, 59, 39, 18, 11, 49, 83,
       215, 134, 93, 155, 18, 104, 109, 54, 96, 78, 40, 41, 215, 28, 85,
       107, 25, 172, 24, 5, 241, 21, 156, 75, 16, 178, 50, 189, 88, 87,
       50, 251, 192, 33, 210, 87, 17, 66, 72, 206, 66, 169, 2, 113, 50,
       194, 130, 82, 107, 148, 37, 67, 143, 171, 239, 15, 12, 219, 179,
       43, 18, 9, 35, 110, 83, 167, 52, 187, 16, 252, 103, 86, 81, 96,
       32, 107, 139, 4, 25, 255, 137, 164, 122, 21, 240, 26, 180, 65,
       144, 112, 33, 189, 76, 5, 33, 250, 6, 192, 24, 190, 35, 158, 28,
       3, 39, 98, 45, 200, 145, 46, 180, 95, 137, 119, 36, 97, 130, 116,
       80, 99, 69, 215, 177, 127, 19, 43, 21, 97, 151, 148, 23, 138, 130,
       72, 234, 115, 32, 218, 44, 105, 183, 28, 245, 47, 209, 172, 48, 5,
       32, 17, 188, 11, 24, 243, 50, 189, 89, 85, 48, 250, 13, 46, 53,
       137, 232, 255, 162, 240, 40, 220, 106, 5, 80, 53, 217, 160, 129,
       72, 203, 100, 116, 32, 4, 144, 73, 44, 12, 196, 236, 6, 59, 147,
       112, 16, 81, 168, 16, 242, 141, 12, 180, 20, 24, 6, 100, 166, 194,
       108, 153, 45, 12, 37, 211, 93, 141, 73, 6, 202, 3, 164, 72, 70,
       32, 240, 135, 198, 70, 229, 253, 176, 202, 208, 56, 127, 2, 79,
       138, 91, 224, 65, 96, 213, 29, 99, 196, 44, 172, 120, 46, 158, 59,
       35, 214, 11, 51, 87, 119, 39, 92, 219, 82, 117, 109, 182, 209,
       100, 24, 30, 193, 4, 216, 17, 9, 61, 20, 5, 217, 158, 142, 73,
       144, 240, 51, 157, 76, 23, 32, 185, 179, 213, 8, 166, 7, 10, 28,
       3, 38, 67, 61, 202, 62, 43, 100, 28, 229, 146, 36, 245, 2, 130,
       177, 34, 84, 215, 241, 43, 147, 58, 192, 97, 144, 36, 16, 154, 66,
       64, 160, 224, 98, 218, 56, 41, 212, 28, 244, 76, 129, 164, 16, 4,
       104, 25, 134, 73, 24, 242, 49, 188, 88, 86, 32, 184, 194, 1, 130,
       50, 0, 2, 0, 134, 66, 2, 33, 2, 34, 130, 2, 27, 68, 2, 36, 213,
       10, 133, 97, 3, 134, 130, 192, 73, 130, 40, 128, 0, 32, 22, 144,
       138, 40, 4, 6, 192, 2, 2, 16, 65, 144, 92, 1, 140, 80, 42, 0, 82,
       16, 64, 112, 163, 17, 49, 0, 16, 12, 112, 208, 73, 197, 142, 130,
       129, 201, 66, 162, 205, 41, 209, 10, 207, 130, 53, 203, 164, 203,
       25, 173, 39, 68, 9, 238, 112, 69, 223, 25, 38, 181, 2, 3, 23, 181,
       35, 113, 152, 16, 210, 237, 36, 101, 52, 56, 54, 77, 28, 124, 224,
       137, 172, 124, 37, 209, 95, 136, 74, 16, 200, 34, 165, 64, 71, 32,
       90, 1, 134, 0, 11, 137, 192, 166, 76, 0, 128, 142, 37, 160, 28,
       43, 1, 203, 48, 1, 80, 192, 35, 207, 64, 64, 93, 24, 36, 18, 4, 3,
       2, 141, 36, 81, 184, 17, 64, 109, 36, 33, 20, 24, 34, 85, 85, 55,
       103, 153, 44, 24, 4, 240, 29, 216, 65, 16, 226, 39, 181, 0, 71,
       36, 74, 35, 214, 4, 2, 29, 176, 7, 24, 160, 0, 128, 98, 168, 25,
       36, 5, 66, 101, 7, 208, 224, 102, 25, 100, 0, 52, 89, 32, 62, 20,
       65, 65, 158, 108, 146, 152, 65, 8, 41, 33, 109, 2, 58, 129, 81,
       113, 54, 77, 48, 182, 16, 8, 112, 160, 202, 1, 56, 162, 182, 148,
       128, 211, 44, 75, 68, 34, 1, 129, 8, 128, 2, 77, 128, 162, 2, 20,
       65, 5, 153, 2, 10, 68, 1, 96, 136, 33, 206, 8, 12, 128, 136, 5, 0,
       8, 17, 74, 117, 4, 85, 186, 0, 242, 5, 22, 0, 64, 0, 2, 4, 12, 64,
       3, 17, 44, 56, 0, 49, 24, 148, 10, 128, 98, 35, 184, 72, 6, 32,
       242, 3, 205, 8, 139, 129, 216, 134, 9, 43, 67, 13, 206, 144, 45,
       108, 189, 141, 51, 36, 4, 6, 116, 18, 96, 101, 213, 25, 48, 55,
       42, 2, 17, 150, 208, 91, 0, 32, 73, 234, 32, 37, 61, 44, 97, 53,
       28, 124, 49, 81, 154, 48, 52, 151, 65, 232, 174, 25, 75, 48, 37,
       16, 89, 17, 74, 1, 2, 0, 2, 201, 2, 130, 132, 2, 8, 130, 5, 32, 0,
       3, 33, 102, 0, 1, 148, 64, 161, 37, 0, 0, 8, 168, 0, 130, 4, 161,
       82, 125, 36, 80, 184, 82, 98, 1, 196, 208, 84, 24, 14, 192, 22,
       130, 76, 153, 44, 24, 5, 240, 28, 157, 73, 18, 114, 39, 180, 8,
       86, 34, 105, 70, 196, 120, 168, 107, 222, 26, 1, 39, 103, 45, 204,
       156, 45, 52, 117, 237, 243, 52, 229, 192, 113, 144, 99, 92, 215,
       169, 127, 50, 58, 151, 97, 151, 36, 87, 139, 66, 120, 233, 114,
       96, 216, 60, 41, 213, 28, 244, 111, 145, 172, 24, 5, 240, 29, 156,
       75, 24, 246, 51, 189, 88, 87, 56, 250, 128, 207, 134, 137, 0, 78,
       164, 199, 41, 192, 42, 140, 0, 53, 79, 170, 141, 72, 161, 109, 4,
       193, 102, 160, 89, 85, 25, 32, 33, 2, 2, 1, 213, 16, 113, 0, 17,
       200, 236, 32, 36, 60, 56, 167, 55, 28, 117, 224, 25, 136, 108, 52,
       145, 77, 176, 142, 153, 200, 0, 37, 64, 81, 1, 234, 1, 206, 5,
       139, 201, 221, 131, 157, 172, 213, 14, 79, 145, 63, 123, 165, 203,
       116, 193, 32, 216, 2, 30, 96, 113, 245, 29, 32, 189, 11, 27, 23,
       245, 64, 83, 16, 80, 211, 237, 42, 53, 21, 8, 182, 85, 214, 124,
       177, 153, 13, 28, 44, 149, 143, 140, 42, 48, 64, 42, 44, 64, 71,
       36, 250, 170, 205, 237, 216, 38, 95, 85, 47, 181, 198, 61, 152,
       31, 184, 124, 238, 153, 116, 118, 253, 54, 210, 244, 55, 125, 167,
       133, 24, 115, 218, 94, 169, 208, 44, 163, 218, 202, 125, 211, 248,
       50, 251, 189, 61, 150, 190, 116, 238, 215, 169, 215, 140, 10, 29,
       183, 28, 184, 226, 105, 124, 89, 220, 10, 251, 194, 65, 136, 146,
       3, 10, 4, 2, 37, 2, 37, 130, 18, 160, 52, 10, 12, 81, 36, 229, 2,
       150, 192, 99, 72, 215, 149, 40, 18, 128, 16, 0, 146, 36, 16, 138,
       67, 76, 2, 64, 32, 170, 60, 41, 151, 28, 116, 236, 81, 168, 16, 4,
       64, 25, 180, 8, 17, 98, 49, 61, 72, 81, 0, 234, 195, 214, 92, 122,
       125, 58, 87, 10, 51, 113, 45, 234, 46, 59, 100, 159, 199, 183, 60,
       249, 224, 240, 57, 50, 97, 215, 201, 123, 255, 35, 201, 97, 144,
       212, 146, 98, 99, 208, 176, 243, 118, 159, 40, 53, 240, 91, 244,
       77, 129, 231, 6, 12, 108, 45, 195, 141, 56, 247, 181, 28, 216,
       210, 54, 217, 2, 140, 0, 138, 195, 204, 6, 13, 47, 64, 15, 140,
