%YAML:1.0
descriptors: !!opencv-matrix
   rows: 11
   cols: 64
   dt: u
   data: [ 7, 16, 64, 2, 157, 128, 3, 72, 134, 2, 0, 114, 160, 11, 128,
       17, 98, 212, 5, 96, 193, 2, 129, 100, 76, 152, 168, 9, 146, 8, 33,
       105, 84, 36, 20, 186, 66, 48, 1, 84, 80, 66, 24, 11, 192, 16, 192,
       77, 153, 44, 24, 0, 112, 24, 156, 73, 16, 242, 51, 188, 88, 87,
       32, 249, 60, 49, 113, 130, 19, 5, 1, 122, 198, 68, 211, 52, 113,
       14, 144, 68, 226, 212, 3, 96, 193, 34, 129, 118, 76, 136, 164, 9,
       82, 12, 49, 105, 212, 36, 85, 186, 82, 120, 1, 84, 80, 80, 24, 15,
       196, 20, 228, 78, 153, 172, 24, 5, 240, 28, 156, 73, 16, 242, 51,
       188, 88, 86, 32, 248, 4, 35, 225, 144, 16, 5, 33, 102, 0, 198,
       195, 20, 81, 132, 153, 66, 138, 76, 3, 98, 1, 32, 196, 147, 12,
       136, 132, 129, 64, 12, 48, 9, 112, 4, 85, 186, 16, 122, 1, 84,
       176, 80, 24, 14, 68, 4, 193, 110, 25, 44, 24, 5, 240, 29, 156, 72,
       16, 226, 51, 188, 72, 70, 32, 242, 7, 32, 65, 2, 153, 0, 1, 72,
       128, 2, 0, 48, 0, 3, 128, 1, 66, 68, 1, 64, 192, 0, 136, 64, 76,
       128, 8, 1, 146, 8, 1, 73, 80, 36, 20, 186, 0, 48, 1, 84, 0, 64,
       24, 138, 64, 16, 64, 68, 25, 44, 24, 0, 112, 24, 140, 9, 16, 32,
       35, 188, 72, 86, 32, 249, 5, 39, 101, 176, 16, 38, 37, 126, 128,
       68, 194, 52, 65, 175, 145, 66, 226, 212, 3, 100, 65, 160, 192, 51,
       76, 136, 164, 9, 82, 8, 48, 41, 80, 36, 85, 186, 82, 120, 1, 84,
       112, 84, 24, 15, 68, 20, 228, 78, 153, 172, 24, 5, 240, 29, 156,
       73, 16, 242, 51, 188, 88, 86, 32, 248, 38, 33, 113, 146, 16, 6, 1,
       79, 198, 70, 129, 52, 113, 142, 176, 86, 226, 212, 3, 100, 1, 160,
       192, 54, 76, 136, 164, 9, 82, 8, 48, 41, 208, 36, 85, 186, 66,
       112, 1, 84, 48, 80, 24, 15, 84, 20, 228, 76, 153, 172, 16, 4, 112,
       29, 148, 73, 16, 242, 51, 188, 88, 86, 32, 248, 39, 54, 101, 2,
       21, 4, 5, 88, 226, 70, 128, 48, 108, 43, 160, 85, 226, 244, 3, 96,
       193, 34, 145, 116, 68, 168, 164, 9, 82, 12, 113, 105, 212, 36, 84,
       186, 82, 120, 1, 116, 112, 72, 24, 15, 208, 80, 228, 76, 153, 172,
       24, 5, 240, 28, 156, 73, 16, 242, 51, 188, 88, 86, 32, 248, 36,
       34, 101, 130, 18, 5, 5, 105, 198, 70, 146, 52, 113, 46, 176, 68,
       226, 144, 67, 96, 209, 2, 209, 244, 92, 168, 164, 9, 66, 156, 49,
       105, 196, 36, 71, 186, 82, 120, 1, 92, 112, 84, 16, 15, 212, 52,
       228, 76, 153, 172, 24, 4, 240, 29, 156, 73, 16, 242, 51, 188, 88,
       87, 32, 248, 5, 38, 96, 32, 25, 160, 33, 72, 128, 14, 194, 48, 96,
       11, 128, 69, 226, 212, 3, 96, 193, 34, 129, 116, 76, 136, 164, 9,
       82, 12, 33, 105, 84, 36, 84, 186, 82, 48, 1, 84, 80, 84, 24, 143,
       208, 16, 228, 76, 153, 172, 24, 5, 240, 29, 156, 73, 16, 242, 51,
       188, 88, 86, 32, 248, 6, 35, 65, 130, 145, 0, 3, 72, 194, 64, 1,
       48, 33, 3, 128, 81, 98, 212, 5, 100, 65, 0, 128, 32, 76, 136, 40,
       9, 146, 8, 32, 41, 80, 36, 20, 154, 66, 112, 1, 212, 0, 66, 24,
       14, 64, 20, 192, 76, 25, 36, 16, 4, 96, 24, 132, 73, 16, 112, 33,
       156, 88, 86, 32, 249, 55, 38, 101, 162, 29, 160, 33, 120, 196, 78,
       210, 52, 105, 43, 129, 68, 226, 212, 3, 96, 193, 32, 129, 116, 76,
       136, 160, 9, 82, 12, 49, 105, 80, 36, 85, 186, 82, 114, 129, 84,
       208, 84, 24, 14, 192, 4, 192, 76, 153, 172, 24, 5, 240, 29, 156,
       73, 16, 242, 51, 188, 88, 86, 32, 248 ]
