%YAML:1.0
descriptors: !!opencv-matrix
   rows: 1
   cols: 64
   dt: u
   data: [ 3, 0, 1, 130, 8, 128, 8, 4, 2, 34, 3, 4, 0, 3, 131, 3, 66, 68,
       0, 64, 136, 128, 202, 8, 12, 128, 168, 9, 18, 8, 33, 79, 117, 164,
       20, 58, 0, 232, 1, 70, 0, 64, 8, 8, 2, 20, 64, 17, 16, 44, 24, 4,
       36, 24, 52, 8, 128, 34, 3, 184, 72, 6, 32, 224 ]
