%YAML:1.0
descriptors: !!opencv-matrix
   rows: 26
   cols: 64
   dt: u
   data: [ 63, 54, 117, 182, 63, 181, 63, 120, 246, 126, 211, 49, 253,
       126, 177, 87, 246, 246, 67, 98, 241, 34, 209, 118, 204, 184, 228,
       203, 82, 28, 241, 235, 215, 44, 87, 190, 82, 120, 233, 124, 120,
       92, 56, 47, 212, 21, 245, 111, 153, 172, 24, 5, 240, 29, 156, 73,
       16, 242, 51, 189, 88, 87, 32, 250, 61, 49, 253, 182, 63, 39, 61,
       126, 212, 100, 213, 49, 125, 110, 180, 86, 242, 220, 67, 96, 241,
       34, 193, 247, 204, 170, 228, 141, 82, 28, 241, 233, 223, 44, 85,
       190, 83, 120, 233, 116, 120, 92, 56, 47, 212, 53, 247, 111, 153,
       172, 24, 5, 240, 29, 156, 73, 16, 242, 51, 189, 88, 87, 32, 250,
       69, 35, 65, 128, 81, 2, 3, 74, 2, 66, 3, 52, 1, 131, 129, 66, 2,
       84, 4, 36, 11, 128, 132, 32, 14, 128, 8, 9, 146, 8, 16, 25, 112,
       37, 116, 155, 0, 118, 7, 148, 128, 98, 8, 10, 10, 12, 64, 132, 1,
       36, 80, 4, 1, 26, 133, 10, 128, 104, 32, 24, 76, 4, 34, 177, 36,
       37, 97, 144, 16, 4, 33, 111, 132, 230, 195, 52, 65, 11, 145, 70,
       234, 212, 3, 96, 193, 34, 192, 51, 76, 136, 164, 9, 82, 12, 49,
       105, 85, 36, 85, 186, 82, 120, 1, 84, 176, 80, 24, 14, 208, 20,
       193, 78, 153, 172, 24, 5, 240, 29, 156, 73, 16, 242, 51, 188, 88,
       86, 32, 250, 13, 38, 109, 169, 153, 253, 163, 217, 172, 126, 202,
       54, 201, 63, 249, 229, 203, 92, 131, 96, 233, 66, 138, 120, 76,
       156, 29, 35, 222, 14, 51, 219, 213, 4, 213, 186, 80, 114, 41, 52,
       124, 84, 24, 46, 84, 132, 244, 97, 152, 44, 24, 4, 208, 29, 140,
       73, 16, 224, 35, 188, 72, 87, 32, 242, 45, 230, 109, 169, 191,
       189, 167, 88, 188, 94, 234, 126, 253, 63, 253, 229, 194, 244, 199,
       96, 241, 82, 152, 124, 100, 188, 9, 51, 254, 91, 57, 219, 245, 68,
       223, 186, 82, 114, 169, 52, 254, 87, 90, 29, 84, 199, 244, 81,
       152, 61, 28, 4, 242, 157, 207, 89, 24, 226, 51, 188, 218, 223, 46,
       176, 63, 246, 109, 170, 55, 189, 157, 89, 247, 223, 252, 248, 109,
       59, 244, 87, 243, 244, 71, 249, 241, 114, 241, 116, 117, 189, 229,
       59, 127, 94, 125, 233, 220, 108, 222, 190, 218, 120, 169, 253,
       126, 222, 58, 173, 214, 113, 244, 109, 187, 189, 24, 13, 248, 29,
       222, 93, 56, 242, 51, 188, 91, 223, 46, 251, 191, 247, 125, 166,
       55, 61, 189, 121, 247, 222, 255, 243, 253, 63, 244, 117, 246, 246,
       103, 121, 117, 102, 209, 118, 221, 190, 245, 249, 94, 126, 246,
       169, 214, 44, 85, 190, 218, 120, 201, 245, 120, 92, 57, 175, 244,
       21, 244, 111, 153, 174, 24, 7, 240, 29, 156, 73, 16, 242, 51, 189,
       122, 87, 40, 250, 13, 34, 65, 162, 25, 160, 161, 94, 240, 88, 198,
       117, 33, 27, 137, 65, 234, 212, 129, 96, 193, 32, 200, 115, 12,
       136, 0, 1, 82, 8, 49, 105, 215, 36, 85, 186, 114, 122, 9, 116,
       209, 84, 26, 14, 64, 5, 97, 79, 153, 44, 24, 4, 240, 29, 156, 73,
       16, 242, 51, 189, 88, 87, 32, 250, 47, 182, 100, 34, 29, 164, 165,
       89, 228, 92, 128, 113, 45, 59, 164, 85, 226, 180, 3, 112, 241, 34,
       145, 119, 84, 184, 65, 1, 122, 24, 97, 193, 143, 36, 87, 186, 113,
       56, 41, 124, 108, 84, 58, 143, 212, 81, 246, 79, 152, 172, 24, 8,
       240, 29, 156, 65, 48, 242, 55, 189, 90, 87, 36, 90, 6, 33, 81,
       130, 17, 2, 3, 74, 198, 64, 1, 48, 33, 11, 128, 83, 98, 212, 1,
       100, 65, 160, 128, 34, 12, 136, 168, 9, 146, 8, 48, 41, 80, 36,
       20, 186, 66, 112, 1, 212, 16, 64, 24, 10, 64, 20, 192, 76, 153,
       36, 16, 4, 96, 24, 148, 73, 16, 114, 51, 188, 88, 6, 32, 248, 60,
       117, 117, 148, 22, 13, 17, 127, 230, 68, 245, 48, 125, 250, 180,
       86, 242, 244, 71, 96, 51, 162, 177, 166, 220, 168, 228, 25, 243,
       156, 92, 169, 200, 44, 22, 190, 194, 112, 1, 220, 146, 219, 29,
       143, 192, 54, 228, 78, 129, 36, 211, 12, 104, 24, 151, 73, 56,
       242, 57, 152, 88, 6, 34, 249, 12, 38, 101, 160, 18, 245, 37, 119,
       224, 196, 203, 52, 81, 52, 185, 66, 203, 88, 67, 96, 241, 16, 80,
       145, 92, 40, 140, 137, 64, 140, 49, 200, 205, 36, 69, 186, 82,
       120, 129, 92, 120, 85, 28, 46, 212, 53, 230, 108, 153, 172, 24, 5,
       242, 29, 156, 73, 16, 242, 51, 188, 88, 87, 32, 250, 51, 177, 209,
       86, 61, 130, 89, 30, 210, 40, 149, 113, 46, 75, 134, 81, 126, 230,
       32, 147, 195, 47, 227, 71, 134, 130, 242, 95, 18, 40, 193, 109,
       159, 46, 148, 182, 126, 24, 115, 117, 80, 202, 171, 203, 241, 80,
       177, 79, 176, 166, 25, 67, 240, 24, 28, 65, 52, 179, 55, 155, 56,
       119, 165, 219, 56, 17, 154, 154, 10, 87, 248, 167, 214, 190, 82,
       4, 21, 68, 27, 22, 126, 154, 193, 130, 244, 51, 199, 199, 152, 32,
       246, 204, 64, 208, 245, 234, 79, 26, 65, 36, 157, 72, 234, 104,
       120, 93, 181, 46, 117, 181, 131, 111, 187, 170, 137, 75, 182, 29,
       88, 81, 39, 243, 95, 241, 58, 243, 233, 230, 145, 145, 151, 214,
       32, 0, 92, 98, 18, 5, 5, 193, 6, 225, 132, 26, 126, 194, 164, 35,
       134, 44, 224, 99, 170, 154, 226, 90, 32, 40, 212, 109, 150, 51,
       48, 20, 132, 200, 218, 197, 81, 170, 169, 99, 168, 16, 253, 111,
       193, 130, 105, 247, 52, 10, 28, 203, 9, 27, 114, 107, 112, 37,
       129, 238, 15, 244, 72, 40, 21, 48, 44, 72, 48, 26, 232, 240, 104,
       3, 196, 49, 0, 40, 7, 208, 225, 98, 1, 122, 68, 157, 225, 193, 83,
       38, 161, 208, 248, 152, 156, 170, 123, 56, 1, 181, 106, 74, 58,
       137, 210, 81, 214, 76, 26, 255, 16, 5, 232, 21, 236, 9, 146, 147,
       183, 148, 24, 210, 226, 1, 15, 54, 96, 32, 157, 160, 40, 88, 32,
       58, 194, 53, 224, 73, 129, 5, 224, 40, 131, 208, 225, 34, 25, 127,
       4, 40, 224, 131, 90, 4, 161, 198, 91, 168, 214, 190, 117, 56, 33,
       100, 204, 68, 26, 142, 64, 97, 130, 75, 56, 102, 24, 0, 226, 28,
       220, 65, 6, 178, 151, 148, 138, 66, 32, 64, 82, 17, 17, 146, 129,
       0, 10, 9, 6, 2, 3, 6, 17, 70, 48, 18, 116, 146, 0, 4, 10, 160, 0,
       2, 132, 128, 226, 73, 130, 168, 144, 32, 2, 22, 67, 143, 0, 64, 2,
       66, 0, 64, 4, 73, 2, 92, 165, 30, 209, 0, 16, 4, 34, 0, 36, 227,
       145, 114, 16, 49, 20, 84, 17, 32, 14, 33, 204, 168, 23, 59, 48, 6,
       37, 66, 213, 52, 28, 58, 189, 82, 128, 24, 1, 244, 161, 112, 193,
       115, 4, 136, 128, 157, 122, 236, 188, 193, 150, 20, 151, 170, 67,
       90, 1, 84, 164, 153, 92, 1, 84, 149, 231, 78, 31, 44, 137, 4, 114,
       29, 248, 29, 56, 163, 59, 176, 9, 218, 110, 195, 14, 33, 232, 52,
       19, 34, 56, 71, 4, 2, 211, 52, 112, 142, 131, 86, 40, 24, 3, 212,
       35, 39, 193, 19, 20, 8, 224, 205, 66, 188, 164, 224, 6, 60, 5,
       174, 11, 56, 193, 92, 40, 64, 53, 41, 196, 85, 167, 110, 25, 174,
       24, 5, 112, 28, 120, 65, 16, 179, 51, 177, 40, 19, 32, 74, 62, 48,
       125, 160, 31, 39, 45, 123, 244, 110, 208, 52, 125, 47, 177, 87,
       250, 220, 67, 96, 225, 34, 192, 119, 76, 152, 164, 137, 82, 140,
       113, 233, 215, 36, 87, 186, 83, 120, 161, 116, 120, 92, 24, 47,
       212, 21, 231, 111, 153, 172, 24, 5, 240, 29, 156, 73, 16, 242, 51,
       189, 88, 87, 32, 250, 69, 3, 5, 128, 0, 50, 38, 118, 32, 28, 2, 5,
       64, 53, 145, 3, 64, 77, 129, 100, 64, 33, 64, 243, 72, 8, 140,
       132, 80, 4, 48, 73, 116, 32, 81, 184, 80, 58, 1, 68, 84, 20, 24,
       6, 68, 128, 192, 78, 24, 44, 24, 1, 240, 29, 156, 73, 16, 226, 19,
       156, 72, 86, 32, 248, 0, 15, 4, 136, 0, 79, 38, 71, 40, 80, 10, 5,
       16, 52, 121, 160, 201, 72, 129, 100, 196, 32, 64, 211, 89, 76,
       136, 4, 0, 134, 19, 65, 212, 0, 81, 168, 16, 74, 201, 96, 240, 20,
       56, 39, 84, 150, 246, 110, 153, 172, 24, 4, 242, 29, 153, 9, 16,
       226, 19, 180, 72, 71, 32, 250, 38, 34, 81, 131, 216, 128, 3, 204,
       198, 66, 1, 48, 97, 3, 147, 81, 226, 212, 1, 100, 73, 128, 134,
       48, 12, 136, 168, 9, 146, 8, 49, 57, 112, 36, 20, 186, 82, 112, 1,
       212, 0, 64, 24, 14, 64, 20, 192, 12, 153, 44, 24, 5, 112, 24, 148,
       73, 16, 242, 35, 156, 88, 86, 32, 248, 44, 34, 101, 160, 20, 36,
       33, 127, 132, 206, 194, 52, 65, 15, 153, 71, 234, 212, 3, 96, 193,
