%YAML:1.0
descriptors: !!opencv-matrix
   rows: 24
   cols: 64
   dt: u
   data: [ 63, 52, 125, 182, 63, 181, 63, 124, 246, 124, 214, 53, 125,
       62, 177, 87, 246, 246, 67, 96, 241, 34, 193, 118, 204, 168, 228,
       203, 82, 92, 241, 235, 215, 36, 85, 190, 82, 120, 233, 124, 120,
       92, 56, 47, 212, 21, 245, 111, 153, 172, 24, 5, 240, 29, 156, 73,
       16, 242, 51, 189, 88, 87, 32, 250, 63, 50, 125, 182, 63, 181, 59,
       124, 246, 254, 214, 53, 125, 123, 185, 87, 242, 214, 67, 114, 245,
       34, 193, 118, 204, 170, 228, 219, 90, 92, 241, 235, 215, 44, 85,
       190, 90, 120, 233, 116, 120, 92, 56, 47, 212, 53, 245, 111, 153,
       172, 24, 5, 240, 29, 156, 73, 16, 242, 51, 189, 88, 87, 32, 250,
       60, 48, 125, 166, 59, 165, 61, 126, 244, 92, 213, 117, 125, 111,
       176, 84, 242, 220, 67, 96, 225, 34, 193, 119, 76, 168, 228, 139,
       82, 140, 113, 233, 215, 36, 85, 190, 83, 120, 233, 116, 120, 92,
       24, 47, 212, 21, 247, 111, 153, 172, 24, 5, 240, 29, 156, 73, 16,
       242, 51, 189, 88, 87, 32, 250, 60, 51, 125, 182, 63, 189, 57, 126,
       244, 124, 215, 53, 125, 127, 184, 84, 242, 220, 67, 98, 229, 34,
       193, 119, 76, 170, 164, 159, 82, 140, 113, 235, 215, 36, 85, 190,
       83, 120, 233, 116, 120, 92, 56, 47, 212, 21, 247, 111, 153, 172,
       24, 5, 240, 29, 156, 73, 16, 242, 51, 189, 88, 87, 32, 250, 63,
       53, 125, 178, 31, 165, 55, 120, 246, 126, 212, 49, 125, 110, 176,
       87, 242, 246, 3, 96, 225, 34, 193, 118, 204, 184, 228, 73, 82, 28,
       241, 233, 215, 36, 85, 190, 82, 120, 225, 124, 112, 92, 56, 47,
       212, 20, 245, 111, 153, 172, 24, 5, 240, 29, 156, 73, 16, 242, 51,
       189, 88, 87, 32, 250, 62, 51, 117, 180, 55, 53, 15, 121, 230, 222,
       208, 53, 125, 47, 177, 87, 242, 212, 67, 96, 225, 34, 193, 118,
       204, 136, 228, 73, 82, 28, 241, 233, 215, 36, 85, 190, 82, 120,
       201, 116, 112, 92, 56, 47, 212, 20, 229, 111, 153, 172, 24, 5,
       240, 29, 156, 73, 16, 242, 51, 189, 88, 87, 32, 250, 60, 177, 125,
       182, 62, 55, 61, 126, 212, 92, 213, 117, 125, 126, 180, 84, 242,
       220, 67, 96, 241, 34, 193, 247, 204, 170, 164, 139, 82, 12, 117,
       233, 215, 36, 85, 190, 83, 120, 233, 116, 120, 92, 56, 47, 212,
       53, 247, 111, 153, 172, 24, 5, 240, 29, 156, 73, 16, 242, 51, 189,
       88, 87, 32, 250, 61, 50, 117, 166, 62, 181, 63, 120, 246, 124,
       211, 49, 125, 63, 177, 84, 242, 212, 67, 96, 225, 34, 193, 118,
       204, 168, 164, 137, 82, 12, 113, 233, 215, 36, 85, 190, 82, 120,
       169, 124, 120, 92, 56, 47, 212, 20, 245, 79, 153, 172, 24, 5, 240,
       29, 156, 73, 16, 242, 51, 189, 88, 87, 32, 250, 62, 54, 125, 182,
       63, 181, 191, 121, 246, 126, 217, 115, 253, 127, 176, 84, 251,
       215, 67, 99, 241, 34, 195, 118, 220, 254, 245, 255, 82, 156, 245,
       235, 215, 44, 85, 190, 82, 120, 233, 116, 120, 92, 56, 47, 213,
       53, 245, 111, 153, 172, 24, 5, 240, 29, 156, 73, 16, 242, 51, 189,
       88, 87, 32, 250, 61, 48, 125, 166, 63, 165, 191, 120, 244, 92,
       213, 113, 253, 63, 176, 84, 242, 212, 67, 96, 241, 34, 193, 116,
       76, 168, 164, 139, 82, 12, 113, 235, 213, 36, 85, 186, 82, 120,
       169, 116, 120, 92, 56, 47, 212, 21, 244, 79, 153, 172, 24, 5, 240,
       29, 156, 73, 16, 242, 51, 188, 88, 87, 32, 250, 62, 183, 125, 190,
       63, 181, 185, 125, 246, 124, 213, 53, 125, 122, 181, 85, 254, 214,
       67, 242, 245, 34, 209, 247, 204, 186, 228, 207, 82, 92, 245, 235,
       223, 44, 87, 190, 91, 120, 233, 116, 120, 92, 56, 47, 212, 53,
       247, 111, 153, 172, 24, 5, 240, 29, 156, 73, 16, 242, 51, 189, 88,
       87, 32, 250, 62, 176, 253, 182, 62, 183, 185, 126, 246, 252, 213,
       245, 125, 126, 178, 86, 250, 212, 67, 99, 245, 39, 195, 119, 204,
       170, 228, 159, 82, 220, 117, 235, 215, 36, 87, 190, 82, 120, 233,
       116, 120, 92, 56, 47, 213, 21, 245, 111, 153, 172, 24, 5, 240, 29,
       156, 73, 16, 242, 51, 189, 88, 87, 32, 250, 63, 51, 125, 246, 63,
       183, 223, 120, 246, 254, 214, 245, 253, 127, 185, 87, 246, 247,
       67, 99, 245, 103, 195, 119, 205, 186, 228, 95, 90, 92, 245, 235,
       215, 36, 85, 190, 82, 120, 233, 124, 112, 92, 56, 47, 213, 20,
       245, 111, 153, 172, 24, 5, 240, 29, 156, 73, 16, 242, 51, 189, 88,
       87, 32, 250, 254, 51, 209, 162, 215, 34, 15, 91, 198, 66, 113, 50,
       39, 130, 146, 83, 226, 213, 5, 100, 73, 133, 161, 52, 78, 136,
       168, 13, 210, 8, 48, 41, 208, 36, 84, 186, 66, 112, 1, 212, 80,
       74, 24, 15, 208, 28, 192, 76, 153, 172, 24, 5, 112, 28, 156, 73,
       16, 242, 49, 188, 88, 86, 32, 249, 197, 37, 227, 144, 80, 6, 35,
       207, 132, 196, 129, 54, 81, 170, 147, 70, 226, 85, 3, 102, 11,
       129, 196, 50, 14, 136, 172, 9, 210, 12, 48, 41, 112, 36, 84, 186,
       2, 112, 5, 212, 144, 64, 24, 14, 64, 28, 193, 76, 153, 44, 24, 5,
       112, 28, 148, 73, 16, 240, 49, 188, 88, 86, 32, 249, 5, 34, 65,
       130, 217, 128, 39, 72, 0, 1, 2, 115, 128, 11, 128, 65, 66, 69,
       133, 0, 200, 0, 138, 96, 78, 152, 25, 39, 146, 8, 1, 13, 20, 7,
       84, 154, 0, 240, 37, 22, 65, 64, 8, 3, 65, 0, 124, 129, 0, 36, 16,
       36, 17, 26, 140, 42, 16, 40, 34, 44, 72, 71, 32, 248, 179, 144,
       16, 130, 221, 128, 134, 8, 22, 105, 20, 83, 164, 11, 4, 21, 102,
       215, 5, 32, 192, 0, 139, 104, 78, 152, 104, 11, 210, 9, 33, 111,
       213, 36, 84, 186, 82, 112, 45, 244, 209, 86, 24, 15, 80, 20, 208,
       69, 153, 44, 24, 4, 240, 28, 141, 73, 16, 240, 51, 188, 88, 87,
       32, 249, 60, 177, 125, 151, 255, 181, 159, 120, 246, 85, 213, 126,
       253, 126, 182, 84, 250, 213, 67, 99, 245, 35, 195, 118, 76, 254,
       181, 63, 82, 142, 119, 235, 215, 36, 85, 190, 82, 120, 233, 116,
       112, 92, 56, 47, 213, 20, 245, 111, 153, 172, 24, 5, 240, 29, 156,
       73, 16, 242, 51, 189, 88, 87, 32, 250, 254, 244, 125, 143, 255,
       157, 31, 105, 238, 69, 189, 250, 255, 127, 244, 124, 243, 215, 62,
       117, 73, 198, 163, 116, 238, 223, 249, 63, 243, 59, 119, 57, 208,
       37, 20, 222, 66, 113, 169, 246, 82, 218, 57, 63, 209, 30, 252, 29,
       137, 165, 16, 5, 120, 29, 158, 73, 24, 246, 49, 188, 88, 86, 34,
       249, 55, 49, 125, 130, 159, 133, 23, 72, 230, 68, 21, 48, 189,
       122, 180, 85, 242, 247, 2, 96, 193, 35, 195, 102, 76, 144, 164,
       13, 18, 8, 81, 105, 215, 36, 85, 190, 82, 120, 233, 124, 112, 92,
       24, 15, 213, 20, 245, 79, 153, 172, 24, 5, 240, 29, 156, 73, 16,
       242, 51, 189, 88, 87, 32, 250, 54, 48, 89, 130, 223, 132, 23, 9,
       198, 70, 21, 114, 189, 10, 178, 84, 242, 215, 0, 96, 193, 35, 195,
       100, 76, 208, 188, 45, 18, 24, 81, 41, 215, 36, 85, 186, 82, 120,
       169, 84, 112, 88, 56, 11, 213, 20, 244, 77, 153, 172, 24, 5, 240,
       25, 156, 73, 16, 242, 51, 188, 88, 87, 32, 250, 182, 48, 81, 130,
       221, 2, 5, 74, 198, 65, 32, 114, 163, 10, 128, 81, 226, 213, 37,
       100, 64, 4, 168, 97, 78, 157, 57, 43, 146, 8, 48, 105, 84, 36, 84,
       186, 66, 112, 37, 212, 112, 64, 24, 15, 192, 20, 244, 197, 153,
       164, 24, 4, 112, 24, 140, 73, 16, 240, 51, 188, 88, 87, 32, 248,
       53, 39, 240, 18, 17, 4, 33, 110, 194, 68, 193, 48, 32, 139, 130,
       6, 234, 196, 3, 100, 73, 162, 193, 54, 76, 136, 160, 9, 82, 12,
       32, 41, 210, 36, 84, 186, 82, 56, 1, 84, 80, 64, 24, 143, 192, 16,
       193, 78, 153, 172, 24, 1, 112, 28, 156, 73, 16, 242, 51, 189, 88,
       86, 32, 251, 5, 33, 81, 130, 17, 0, 5, 78, 194, 66, 1, 52, 33, 6,
       129, 67, 226, 212, 1, 96, 1, 32, 192, 35, 12, 136, 160, 9, 18, 8,
       48, 105, 80, 36, 84, 186, 2, 112, 1, 84, 16, 64, 24, 14, 64, 20,
       64, 78, 153, 44, 24, 4, 112, 28, 148, 73, 16, 242, 35, 188, 88,
       86, 32, 240 ]
