%YAML:1.0
descriptors: !!opencv-matrix
   rows: 83
   cols: 64
   dt: u
   data: [ 60, 50, 253, 248, 58, 119, 179, 119, 245, 252, 214, 53, 93,
       63, 187, 230, 251, 220, 195, 106, 245, 113, 198, 247, 93, 168,
       164, 149, 120, 196, 125, 235, 247, 36, 85, 186, 87, 122, 233, 124,
       252, 93, 26, 46, 212, 167, 195, 111, 153, 172, 25, 5, 242, 29,
       156, 73, 20, 242, 51, 189, 90, 87, 32, 250, 124, 62, 237, 168, 95,
       255, 35, 127, 253, 126, 214, 53, 125, 62, 185, 231, 251, 253, 195,
       96, 245, 115, 211, 183, 93, 121, 172, 133, 120, 214, 113, 235,
       205, 44, 87, 186, 87, 122, 233, 124, 248, 93, 58, 175, 85, 181,
       231, 111, 185, 172, 24, 13, 242, 29, 156, 89, 22, 242, 63, 189,
       90, 87, 40, 250, 93, 51, 247, 245, 220, 163, 43, 126, 192, 189,
       194, 53, 231, 203, 131, 67, 234, 221, 27, 102, 237, 173, 230, 51,
       14, 202, 170, 141, 82, 4, 48, 175, 119, 39, 116, 187, 81, 116, 69,
       84, 216, 68, 26, 14, 201, 13, 203, 78, 152, 36, 88, 5, 240, 62,
       156, 73, 16, 250, 51, 189, 88, 70, 32, 250, 45, 167, 109, 168, 23,
       253, 167, 125, 245, 84, 222, 52, 121, 127, 189, 68, 203, 124, 67,
       96, 245, 114, 210, 247, 93, 253, 4, 133, 122, 222, 57, 201, 207,
       46, 87, 186, 83, 120, 233, 60, 124, 85, 56, 175, 85, 181, 247,
       111, 155, 172, 153, 12, 242, 29, 156, 89, 48, 226, 51, 189, 90,
       215, 44, 250, 39, 38, 65, 130, 157, 128, 3, 72, 230, 68, 2, 48,
       169, 43, 128, 85, 226, 244, 1, 96, 193, 34, 128, 100, 76, 136, 40,
       9, 146, 8, 49, 105, 84, 36, 20, 186, 66, 112, 1, 84, 0, 64, 24,
       10, 64, 0, 192, 77, 153, 36, 24, 4, 112, 24, 140, 73, 16, 114, 51,
       156, 72, 23, 32, 248, 77, 43, 215, 213, 248, 251, 235, 252, 88,
       159, 194, 119, 195, 69, 219, 224, 226, 205, 251, 110, 231, 45, 78,
       219, 15, 234, 34, 167, 76, 78, 51, 223, 119, 3, 93, 187, 20, 254,
       255, 52, 209, 100, 154, 78, 111, 130, 249, 243, 152, 44, 56, 117,
       225, 125, 157, 73, 197, 206, 83, 175, 76, 103, 161, 178, 242, 208,
       136, 63, 255, 130, 30, 8, 78, 35, 185, 250, 174, 206, 4, 91, 117,
       151, 60, 215, 139, 39, 235, 109, 134, 223, 235, 47, 83, 57, 229,
       110, 151, 173, 20, 31, 106, 121, 165, 247, 98, 74, 109, 105, 213,
       28, 157, 27, 221, 238, 16, 5, 101, 240, 188, 235, 80, 182, 179,
       185, 152, 87, 50, 255, 220, 42, 211, 247, 248, 242, 234, 244, 88,
       187, 194, 127, 226, 211, 203, 232, 106, 205, 185, 111, 109, 141,
       239, 153, 143, 203, 58, 167, 207, 15, 34, 191, 119, 167, 125, 251,
       117, 247, 237, 116, 209, 100, 187, 94, 235, 143, 219, 177, 221,
       173, 124, 245, 209, 255, 159, 235, 198, 252, 3, 143, 92, 71, 49,
       183, 2, 193, 24, 138, 34, 220, 156, 1, 35, 198, 13, 204, 156, 38,
       52, 122, 141, 211, 32, 97, 134, 116, 66, 99, 109, 215, 177, 125,
       3, 42, 23, 33, 151, 20, 85, 138, 66, 72, 234, 112, 112, 217, 60,
       41, 181, 20, 245, 111, 145, 172, 24, 5, 240, 25, 188, 73, 16, 242,
       50, 189, 89, 83, 96, 250, 1, 134, 134, 11, 137, 192, 134, 133, 41,
       208, 14, 5, 32, 63, 43, 133, 203, 16, 1, 210, 193, 35, 223, 113,
       65, 93, 16, 36, 48, 0, 1, 83, 221, 38, 81, 178, 83, 82, 105, 36,
       113, 20, 56, 38, 85, 20, 87, 103, 153, 44, 24, 5, 240, 13, 152,
       73, 18, 226, 35, 181, 88, 71, 32, 90, 7, 196, 10, 171, 25, 146,
       134, 200, 33, 234, 32, 202, 128, 2, 165, 9, 202, 85, 33, 3, 192,
       37, 74, 72, 69, 213, 25, 39, 18, 10, 35, 83, 215, 132, 93, 186,
       48, 120, 105, 52, 96, 78, 40, 41, 87, 20, 80, 107, 25, 172, 24, 5,
       240, 21, 188, 72, 16, 226, 50, 189, 88, 87, 32, 251, 103, 196, 40,
       168, 99, 222, 18, 1, 39, 66, 13, 204, 156, 60, 36, 117, 237, 209,
       52, 229, 130, 49, 208, 115, 93, 215, 185, 111, 82, 58, 19, 97,
       135, 36, 85, 154, 66, 120, 233, 118, 112, 216, 56, 41, 213, 28,
       245, 111, 153, 172, 24, 5, 240, 29, 156, 73, 16, 242, 51, 189, 88,
       87, 56, 250, 133, 202, 70, 197, 253, 232, 171, 240, 56, 221, 106,
       95, 138, 13, 200, 161, 43, 221, 189, 107, 204, 8, 172, 120, 47,
       223, 59, 35, 220, 11, 51, 31, 112, 101, 125, 219, 86, 247, 237,
       180, 209, 116, 58, 62, 203, 6, 248, 177, 136, 181, 86, 37, 217,
       190, 141, 72, 144, 212, 34, 172, 76, 7, 32, 186, 193, 142, 130,
       41, 201, 74, 162, 199, 8, 225, 2, 207, 130, 21, 79, 169, 201, 9,
       161, 69, 196, 133, 202, 80, 71, 221, 24, 38, 145, 6, 3, 71, 149,
       163, 113, 56, 48, 202, 237, 34, 97, 52, 56, 163, 77, 24, 125, 225,
       152, 128, 120, 52, 209, 87, 152, 8, 0, 200, 35, 165, 64, 71, 16,
       122, 2, 207, 0, 139, 129, 220, 132, 9, 47, 192, 15, 206, 145, 60,
       109, 172, 141, 50, 32, 4, 6, 54, 210, 96, 113, 213, 17, 32, 52,
       138, 26, 17, 134, 82, 83, 0, 0, 74, 234, 8, 33, 53, 36, 225, 21,
       148, 124, 166, 145, 136, 176, 44, 151, 5, 232, 170, 49, 64, 56,
       37, 64, 77, 9, 90, 128, 207, 130, 137, 0, 90, 164, 199, 41, 193,
       0, 202, 18, 177, 47, 138, 13, 8, 160, 47, 4, 133, 118, 195, 81,
       87, 153, 96, 1, 2, 2, 1, 213, 16, 113, 32, 17, 200, 234, 32, 96,
       60, 40, 167, 183, 20, 117, 232, 17, 200, 56, 53, 149, 77, 184,
       138, 19, 201, 18, 37, 80, 113, 1, 234, 68, 33, 147, 16, 0, 2, 0,
       71, 66, 162, 1, 0, 80, 192, 131, 2, 64, 0, 0, 70, 2, 160, 100,
       131, 140, 130, 166, 72, 1, 136, 0, 64, 96, 6, 4, 170, 8, 38, 3,
       192, 130, 98, 20, 72, 2, 20, 1, 206, 17, 44, 98, 70, 32, 24, 21,
       72, 145, 98, 1, 48, 8, 80, 99, 225, 68, 35, 17, 0, 0, 130, 34,
       102, 192, 6, 3, 4, 64, 1, 145, 2, 0, 41, 195, 68, 225, 35, 64,
       199, 152, 32, 140, 204, 0, 132, 129, 192, 79, 24, 67, 174, 25, 8,
       0, 72, 44, 0, 16, 128, 97, 96, 131, 79, 58, 172, 137, 3, 178, 24,
       88, 81, 38, 35, 19, 176, 40, 211, 96, 106, 2, 193, 0, 138, 129,
       200, 6, 13, 39, 64, 9, 136, 48, 6, 44, 31, 79, 18, 32, 20, 10, 32,
       210, 33, 64, 213, 89, 45, 19, 42, 2, 1, 148, 166, 51, 26, 0, 64,
       78, 2, 33, 136, 44, 97, 21, 28, 124, 38, 64, 130, 112, 36, 39, 0,
       96, 170, 153, 34, 40, 33, 16, 69, 144, 66, 231, 33, 194, 22, 17,
       66, 0, 206, 194, 161, 128, 53, 34, 202, 130, 82, 106, 16, 32, 23,
       11, 175, 231, 7, 4, 139, 242, 11, 18, 8, 2, 78, 7, 39, 36, 186,
       16, 56, 67, 220, 64, 64, 32, 74, 137, 80, 9, 238, 25, 36, 88, 5,
       240, 26, 148, 67, 16, 112, 35, 57, 24, 84, 160, 107, 77, 14, 55,
       137, 200, 127, 162, 245, 41, 252, 74, 5, 80, 53, 219, 160, 193,
       200, 203, 98, 244, 128, 28, 176, 89, 108, 140, 192, 232, 134, 59,
       211, 113, 16, 81, 168, 21, 242, 205, 108, 188, 20, 24, 182, 100,
       166, 226, 104, 153, 45, 76, 13, 211, 93, 137, 73, 6, 200, 3, 164,
       74, 70, 32, 240, 233, 1, 199, 151, 35, 71, 159, 254, 164, 229, 87,
       82, 187, 172, 178, 70, 171, 85, 33, 103, 8, 167, 230, 54, 77, 223,
       189, 42, 210, 8, 50, 43, 215, 36, 85, 186, 82, 120, 233, 84, 112,
       92, 56, 47, 213, 20, 245, 109, 153, 172, 24, 5, 240, 29, 156, 73,
       16, 242, 49, 189, 88, 87, 32, 250, 33, 175, 209, 142, 32, 222,
       166, 71, 99, 212, 15, 133, 16, 55, 155, 34, 139, 131, 160, 43,
       196, 37, 82, 115, 89, 197, 128, 21, 34, 170, 19, 75, 151, 4, 81,
       178, 48, 88, 233, 108, 100, 28, 56, 167, 181, 144, 245, 111, 153,
       172, 41, 15, 176, 29, 152, 73, 48, 242, 19, 173, 88, 87, 32, 250,
       6, 160, 139, 169, 29, 114, 226, 254, 16, 186, 212, 240, 96, 16, 3,
       130, 73, 76, 177, 19, 192, 49, 236, 155, 44, 209, 16, 134, 81, 5,
       33, 91, 157, 130, 145, 40, 126, 224, 109, 48, 112, 36, 186, 40,
       85, 21, 83, 234, 26, 60, 15, 133, 241, 57, 84, 72, 198, 162, 175,
       219, 8, 19, 228, 94, 71, 2, 128, 16, 201, 130, 6, 76, 0, 42, 130,
       39, 224, 133, 131, 3, 104, 1, 3, 212, 73, 135, 67, 0, 70, 72, 184,
       13, 146, 12, 32, 0, 73, 44, 69, 186, 82, 48, 5, 84, 96, 64, 16,
       138, 69, 81, 131, 76, 153, 44, 24, 1, 240, 28, 156, 65, 16, 242,
       51, 180, 8, 86, 32, 104, 145, 146, 146, 71, 253, 160, 194, 248,
