%YAML:1.0
descriptors: !!opencv-matrix
   rows: 39
   cols: 64
   dt: u
   data: [ 38, 52, 81, 130, 157, 128, 1, 73, 198, 66, 1, 48, 33, 10, 160,
       85, 226, 212, 1, 96, 193, 2, 128, 100, 76, 136, 168, 9, 146, 8,
       49, 41, 80, 36, 84, 154, 66, 112, 1, 212, 16, 66, 24, 15, 208, 20,
       192, 76, 153, 44, 16, 4, 112, 28, 156, 73, 16, 242, 51, 188, 88,
       86, 32, 249, 36, 33, 241, 144, 16, 7, 1, 79, 198, 68, 1, 52, 81,
       142, 177, 70, 226, 212, 1, 100, 3, 160, 192, 51, 12, 136, 160, 9,
       82, 8, 48, 41, 80, 36, 21, 186, 66, 120, 1, 84, 16, 64, 16, 14,
       64, 20, 193, 78, 153, 44, 24, 4, 112, 28, 148, 73, 16, 242, 51,
       188, 88, 86, 32, 248, 147, 212, 16, 6, 205, 128, 22, 8, 98, 1, 53,
       99, 172, 11, 4, 17, 102, 183, 4, 144, 192, 2, 129, 100, 192, 144,
       233, 75, 146, 40, 193, 97, 148, 36, 20, 150, 66, 0, 35, 244, 65,
       202, 8, 11, 144, 16, 212, 77, 129, 164, 24, 4, 36, 0, 156, 75, 24,
       50, 50, 28, 24, 85, 32, 233, 179, 148, 16, 6, 207, 128, 23, 8,
       118, 1, 53, 67, 172, 11, 36, 21, 118, 182, 4, 144, 192, 2, 177,
       100, 224, 144, 233, 106, 146, 24, 193, 101, 148, 44, 16, 182, 66,
       0, 33, 244, 81, 202, 8, 139, 128, 80, 244, 77, 129, 164, 24, 4,
       52, 8, 156, 67, 16, 50, 50, 28, 24, 87, 32, 249, 4, 3, 161, 144,
       0, 4, 32, 103, 0, 134, 67, 4, 80, 132, 153, 2, 136, 72, 3, 96,
       130, 32, 68, 147, 12, 8, 132, 128, 0, 132, 48, 72, 80, 4, 85, 170,
       0, 122, 1, 68, 48, 32, 16, 14, 70, 132, 1, 110, 25, 44, 24, 5,
       112, 29, 148, 8, 0, 98, 19, 188, 72, 6, 32, 242, 5, 34, 101, 41,
       28, 176, 174, 112, 192, 174, 211, 20, 192, 5, 137, 2, 192, 205, 3,
       96, 233, 32, 194, 209, 12, 56, 172, 140, 64, 4, 33, 90, 117, 4,
       213, 170, 88, 56, 1, 68, 60, 64, 24, 14, 84, 161, 130, 79, 154,
       172, 24, 5, 240, 29, 156, 73, 0, 226, 19, 180, 72, 87, 96, 242,
       71, 33, 225, 148, 23, 134, 25, 78, 166, 174, 129, 48, 65, 202,
       179, 87, 104, 116, 2, 99, 139, 167, 82, 43, 4, 130, 166, 13, 18,
       40, 49, 105, 87, 44, 22, 187, 66, 124, 1, 86, 0, 74, 16, 10, 210,
       84, 129, 79, 25, 172, 24, 5, 96, 24, 156, 65, 144, 50, 51, 157,
       88, 86, 34, 243, 68, 43, 211, 88, 80, 146, 110, 114, 66, 130, 131,
       180, 194, 199, 137, 74, 66, 65, 58, 110, 15, 45, 65, 199, 143, 82,
       166, 141, 2, 12, 48, 8, 82, 7, 245, 155, 8, 60, 87, 84, 32, 96,
       184, 108, 63, 172, 37, 174, 86, 44, 32, 215, 33, 121, 52, 202, 69,
       110, 27, 215, 72, 96, 241, 242, 124, 50, 243, 185, 216, 242, 171,
       236, 200, 170, 195, 60, 225, 130, 155, 210, 122, 197, 187, 78,
       139, 129, 78, 157, 142, 217, 250, 173, 67, 141, 49, 254, 97, 135,
       125, 187, 24, 245, 37, 86, 168, 64, 241, 72, 111, 141, 9, 179,
       222, 44, 126, 243, 35, 252, 52, 99, 196, 236, 137, 217, 92, 71,
       113, 183, 242, 112, 243, 183, 255, 38, 27, 222, 198, 111, 241,
       114, 47, 203, 146, 127, 114, 213, 31, 119, 74, 131, 164, 60, 14,
       139, 234, 15, 211, 57, 113, 255, 113, 165, 156, 251, 98, 116, 33,
       215, 66, 74, 19, 216, 202, 24, 200, 29, 72, 188, 82, 129, 104,
       186, 180, 97, 208, 178, 49, 154, 92, 22, 50, 181, 1, 0, 128, 2, 9,
       194, 128, 102, 0, 160, 6, 5, 16, 20, 139, 2, 106, 16, 1, 64, 192,
       1, 206, 3, 8, 136, 128, 4, 16, 8, 17, 75, 85, 36, 81, 186, 18,
       106, 1, 84, 80, 84, 24, 6, 68, 4, 65, 111, 153, 44, 24, 5, 240,
       28, 156, 73, 16, 114, 35, 189, 72, 7, 32, 250, 7, 36, 81, 2, 153,
       128, 7, 72, 162, 0, 0, 48, 160, 11, 132, 81, 98, 212, 1, 96, 193,
       2, 128, 96, 76, 128, 40, 9, 146, 8, 1, 41, 80, 36, 20, 154, 2,
       112, 1, 212, 0, 66, 24, 11, 64, 16, 192, 68, 17, 36, 16, 4, 32,
       24, 140, 73, 16, 114, 51, 156, 88, 86, 32, 249, 33, 1, 77, 10, 22,
       19, 7, 62, 194, 4, 149, 16, 105, 25, 20, 67, 130, 84, 66, 244, 16,
       114, 193, 166, 8, 32, 132, 8, 50, 24, 16, 9, 216, 44, 144, 186,
       74, 112, 1, 84, 16, 211, 24, 15, 16, 52, 228, 76, 19, 44, 17, 4,
       48, 25, 148, 9, 48, 34, 51, 184, 72, 86, 38, 249, 5, 6, 68, 32,
       221, 162, 35, 88, 164, 68, 130, 33, 1, 9, 128, 5, 66, 108, 1, 96,
       224, 34, 152, 112, 68, 168, 8, 5, 48, 8, 33, 73, 84, 36, 84, 186,
       0, 48, 5, 4, 4, 64, 24, 134, 64, 64, 192, 78, 24, 36, 24, 0, 112,
       24, 140, 1, 56, 34, 35, 156, 72, 6, 36, 120, 5, 6, 36, 136, 137,
       188, 167, 80, 32, 92, 10, 5, 0, 29, 233, 165, 130, 108, 129, 32,
       208, 64, 24, 112, 64, 172, 8, 0, 188, 2, 41, 65, 116, 64, 211,
       160, 48, 98, 13, 32, 229, 20, 26, 134, 68, 194, 100, 64, 24, 61,
       24, 0, 145, 29, 143, 8, 16, 64, 35, 164, 66, 71, 36, 112, 2, 65,
       8, 158, 3, 10, 28, 7, 6, 66, 61, 128, 16, 162, 36, 22, 37, 18, 0,
       212, 2, 176, 193, 3, 28, 129, 161, 9, 3, 168, 20, 32, 128, 52, 0,
       154, 2, 72, 130, 72, 34, 203, 53, 105, 182, 28, 228, 78, 81, 162,
       18, 5, 32, 24, 52, 9, 25, 115, 56, 56, 25, 84, 2, 225, 1, 134, 12,
       136, 1, 93, 133, 21, 37, 70, 40, 192, 8, 61, 61, 37, 137, 116, 65,
       32, 80, 82, 208, 96, 80, 53, 1, 0, 57, 18, 24, 1, 220, 64, 211,
       128, 80, 72, 8, 40, 52, 20, 56, 173, 20, 80, 116, 108, 19, 40, 24,
       4, 144, 9, 204, 24, 24, 64, 34, 60, 64, 211, 40, 250, 1, 142, 132,
       137, 136, 221, 132, 53, 57, 116, 46, 137, 144, 61, 127, 173, 141,
       104, 225, 40, 212, 65, 94, 225, 81, 117, 25, 32, 45, 194, 27, 71,
       157, 80, 83, 32, 53, 192, 236, 40, 117, 53, 106, 183, 21, 224,
       124, 225, 48, 200, 173, 56, 151, 77, 138, 142, 63, 72, 142, 37,
       194, 201, 76, 74, 199, 6, 0, 1, 200, 154, 130, 193, 40, 35, 2, 78,
       128, 5, 130, 1, 192, 65, 9, 100, 200, 5, 10, 64, 70, 212, 25, 39,
       144, 14, 35, 2, 85, 37, 85, 187, 80, 120, 45, 22, 96, 84, 24, 15,
       85, 28, 252, 17, 153, 172, 24, 4, 209, 29, 140, 11, 16, 112, 51,
       188, 72, 87, 32, 248, 131, 5, 0, 2, 3, 8, 4, 3, 38, 64, 5, 66, 24,
       45, 36, 4, 4, 48, 4, 145, 0, 2, 144, 96, 80, 148, 17, 8, 176, 170,
       8, 0, 144, 52, 2, 136, 2, 72, 2, 136, 0, 145, 28, 9, 128, 84, 228,
       12, 1, 0, 16, 4, 8, 0, 226, 8, 24, 3, 48, 48, 0, 17, 0, 74, 65,
       14, 167, 137, 200, 205, 39, 245, 45, 124, 10, 13, 1, 189, 187,
       165, 139, 124, 225, 36, 88, 129, 94, 160, 90, 109, 28, 32, 185,
       130, 27, 7, 197, 3, 83, 40, 16, 224, 109, 40, 52, 52, 24, 183, 77,
       240, 124, 224, 24, 0, 124, 56, 147, 95, 132, 8, 184, 72, 11, 36,
       66, 71, 0, 242, 193, 203, 138, 203, 224, 218, 214, 128, 59, 147,
       46, 202, 130, 181, 111, 169, 141, 131, 188, 175, 14, 197, 102,
       113, 99, 87, 25, 38, 165, 2, 2, 19, 182, 83, 89, 65, 83, 95, 238,
       160, 243, 62, 40, 53, 157, 158, 124, 176, 221, 137, 52, 53, 221,
       231, 171, 238, 19, 221, 48, 45, 84, 113, 83, 251, 138, 204, 110,
       137, 55, 93, 221, 241, 61, 223, 60, 216, 27, 44, 125, 239, 137,
       84, 117, 235, 20, 210, 164, 56, 109, 119, 21, 34, 221, 95, 50, 59,
       240, 100, 157, 218, 82, 117, 233, 180, 114, 252, 56, 63, 150, 22,
       116, 112, 137, 173, 86, 5, 217, 31, 132, 76, 144, 240, 41, 60, 93,
       95, 32, 186, 1, 7, 128, 16, 201, 2, 0, 66, 32, 0, 0, 2, 2, 193,
       32, 1, 66, 97, 33, 68, 64, 4, 24, 67, 70, 26, 0, 4, 144, 12, 0, 0,
       214, 38, 86, 186, 80, 32, 69, 4, 96, 112, 24, 15, 65, 80, 229,
       198, 25, 44, 24, 4, 209, 24, 140, 9, 16, 96, 35, 181, 72, 87, 32,
       248, 160, 207, 46, 197, 54, 117, 148, 243, 61, 213, 61, 203, 10,
       24, 118, 239, 137, 212, 108, 171, 20, 128, 229, 240, 105, 127,
       145, 34, 213, 30, 18, 27, 240, 36, 117, 250, 82, 121, 233, 181,
       115, 124, 58, 63, 159, 22, 124, 108, 137, 189, 86, 5, 216, 31,
       140, 72, 16, 240, 49, 61, 92, 87, 36, 250, 130, 206, 138, 11, 129,
       216, 134, 129, 43, 131, 45, 202, 146, 55, 110, 169, 13, 3, 60,
       143, 142, 5, 102, 65, 97, 215, 25, 38, 5, 42, 2, 18, 151, 144, 73,
       0, 114, 9, 238, 162, 98, 60, 40, 97, 151, 94, 125, 177, 209, 200,
       48, 37, 149, 65, 240, 234, 17, 219, 48, 37, 80, 113, 80, 202, 129,
