%YAML:1.0
descriptors: !!opencv-matrix
   rows: 9
   cols: 64
   dt: u
   data: [ 39, 54, 64, 2, 157, 128, 1, 72, 166, 70, 0, 112, 173, 11, 128,
       21, 98, 228, 5, 96, 193, 34, 145, 100, 68, 152, 160, 9, 18, 8, 33,
       105, 84, 36, 84, 186, 66, 56, 1, 212, 64, 64, 24, 143, 192, 16,
       192, 77, 153, 36, 24, 0, 96, 24, 156, 73, 16, 242, 51, 188, 88,
       87, 32, 249, 36, 33, 225, 144, 16, 70, 33, 127, 192, 198, 193, 52,
       65, 134, 145, 66, 234, 212, 3, 102, 65, 160, 196, 19, 76, 136,
       160, 9, 82, 8, 48, 41, 112, 36, 85, 186, 82, 120, 1, 84, 48, 64,
       24, 14, 68, 20, 193, 110, 153, 44, 24, 5, 240, 28, 156, 73, 16,
       242, 51, 188, 88, 86, 32, 242, 44, 39, 117, 160, 16, 37, 33, 127,
       196, 196, 194, 53, 113, 14, 153, 70, 234, 212, 3, 96, 193, 32,
       192, 55, 76, 136, 164, 9, 82, 12, 48, 105, 84, 36, 85, 186, 82,
       120, 1, 84, 112, 84, 24, 14, 68, 20, 193, 78, 153, 172, 24, 5,
       240, 29, 156, 73, 16, 242, 51, 188, 88, 86, 32, 250, 35, 20, 16,
       2, 29, 128, 4, 8, 98, 0, 1, 96, 32, 11, 4, 21, 102, 214, 0, 16,
       192, 34, 129, 102, 68, 144, 224, 9, 18, 8, 129, 97, 148, 36, 20,
       186, 66, 56, 1, 116, 96, 74, 24, 11, 208, 16, 244, 79, 145, 164,
       24, 4, 96, 24, 156, 73, 16, 50, 50, 156, 24, 87, 32, 249, 4, 35,
       193, 144, 16, 2, 32, 71, 0, 130, 3, 20, 81, 132, 155, 66, 138, 76,
       3, 100, 2, 128, 196, 3, 12, 136, 132, 9, 0, 12, 48, 8, 112, 4, 85,
       186, 0, 122, 1, 84, 128, 96, 16, 10, 70, 132, 65, 206, 25, 44, 48,
       4, 48, 29, 148, 8, 128, 98, 1, 188, 72, 70, 32, 242, 39, 54, 113,
       162, 21, 32, 37, 72, 198, 70, 130, 112, 33, 11, 128, 85, 226, 212,
       5, 96, 193, 0, 128, 116, 76, 152, 160, 9, 82, 8, 49, 105, 84, 36,
       84, 186, 66, 112, 1, 212, 80, 64, 24, 15, 192, 4, 244, 76, 153,
       172, 24, 4, 240, 29, 156, 73, 16, 242, 51, 188, 88, 87, 32, 248,
       62, 51, 117, 150, 55, 53, 25, 126, 198, 86, 211, 52, 125, 90, 144,
       86, 242, 212, 67, 96, 193, 34, 193, 119, 76, 136, 164, 9, 82, 12,
       113, 233, 215, 36, 85, 186, 82, 120, 129, 116, 240, 92, 24, 15,
       208, 20, 225, 78, 153, 172, 24, 5, 240, 29, 156, 73, 16, 242, 51,
       189, 88, 87, 32, 250, 68, 35, 225, 144, 16, 7, 41, 111, 192, 198,
       67, 52, 81, 134, 147, 66, 234, 84, 1, 102, 3, 160, 196, 19, 12,
       136, 162, 9, 82, 8, 48, 9, 112, 36, 85, 186, 0, 120, 1, 84, 16,
       64, 16, 14, 66, 20, 193, 78, 25, 44, 16, 5, 96, 28, 148, 73, 144,
       242, 49, 188, 72, 86, 32, 242, 53, 54, 113, 130, 217, 132, 35,
       120, 198, 70, 194, 54, 225, 11, 145, 84, 226, 212, 7, 100, 65, 2,
       129, 116, 76, 136, 40, 9, 210, 8, 49, 57, 112, 36, 84, 186, 82,
       114, 1, 212, 208, 80, 24, 142, 64, 0, 192, 68, 153, 44, 24, 4,
       112, 29, 140, 73, 16, 240, 51, 188, 88, 86, 32, 248 ]
