%YAML:1.0
descriptors: !!opencv-matrix
   rows: 64
   cols: 64
   dt: u
   data: [ 244, 40, 243, 129, 216, 197, 161, 237, 206, 239, 136, 62, 211,
       174, 147, 110, 235, 213, 35, 103, 73, 133, 230, 53, 78, 221, 189,
       47, 210, 14, 50, 59, 85, 36, 85, 187, 82, 124, 109, 116, 112, 68,
       56, 46, 213, 20, 252, 181, 153, 172, 24, 5, 240, 29, 156, 73, 16,
       240, 51, 189, 92, 87, 32, 250, 254, 240, 243, 183, 255, 37, 217,
       255, 214, 173, 253, 251, 127, 202, 150, 126, 242, 214, 119, 83,
       171, 143, 175, 60, 174, 139, 238, 123, 211, 249, 245, 254, 97,
       173, 60, 223, 238, 117, 161, 247, 219, 202, 199, 90, 202, 63, 137,
       29, 237, 182, 86, 133, 104, 182, 181, 97, 216, 182, 249, 218, 189,
       14, 178, 189, 237, 62, 255, 113, 124, 255, 171, 254, 249, 191,
       202, 247, 207, 253, 219, 235, 155, 237, 251, 107, 245, 85, 126,
       255, 207, 127, 159, 183, 124, 87, 115, 223, 255, 73, 215, 175,
       221, 190, 253, 125, 252, 124, 123, 182, 247, 227, 247, 235, 190,
       253, 172, 251, 243, 253, 157, 92, 102, 254, 215, 175, 250, 215,
       109, 254, 193, 169, 131, 127, 224, 74, 126, 198, 73, 161, 41, 203,
       146, 194, 166, 138, 171, 9, 185, 79, 14, 173, 111, 27, 67, 223,
       155, 167, 195, 35, 34, 6, 215, 183, 101, 123, 17, 157, 254, 118,
       97, 124, 184, 115, 191, 93, 63, 179, 221, 192, 120, 247, 213, 254,
       188, 234, 81, 253, 241, 63, 92, 117, 145, 250, 199, 238, 206, 9,
       235, 219, 159, 128, 191, 191, 8, 238, 158, 47, 239, 125, 201, 187,
       191, 187, 205, 87, 90, 120, 119, 215, 63, 119, 204, 203, 123, 118,
       215, 217, 207, 71, 114, 253, 237, 58, 112, 92, 104, 61, 215, 92,
       253, 177, 253, 220, 24, 53, 213, 229, 220, 255, 86, 220, 180, 45,
       214, 217, 120, 254, 94, 50, 139, 163, 254, 178, 170, 165, 24, 187,
       82, 127, 128, 2, 147, 80, 64, 223, 153, 139, 201, 21, 206, 89,
       173, 192, 58, 231, 86, 105, 181, 110, 119, 129, 221, 35, 127, 255,
       45, 23, 192, 68, 195, 72, 195, 140, 27, 51, 254, 92, 24, 165, 231,
       229, 252, 251, 198, 94, 182, 201, 205, 27, 112, 182, 196, 171,
       146, 123, 200, 202, 230, 198, 105, 185, 2, 235, 178, 247, 139, 10,
       235, 11, 185, 79, 79, 173, 75, 219, 67, 95, 27, 166, 128, 4, 162,
       6, 223, 135, 101, 115, 17, 157, 255, 102, 101, 116, 184, 119, 93,
       29, 127, 179, 221, 204, 40, 245, 213, 111, 152, 234, 87, 252, 145,
       39, 92, 113, 145, 106, 122, 200, 154, 255, 43, 251, 248, 239, 29,
       251, 248, 189, 178, 196, 47, 254, 175, 155, 185, 219, 236, 61,
       239, 59, 119, 207, 242, 166, 95, 231, 167, 239, 207, 163, 125, 49,
       119, 253, 248, 118, 122, 124, 247, 111, 255, 151, 127, 251, 255,
       202, 126, 245, 244, 29, 252, 236, 215, 251, 255, 255, 155, 127,
       147, 246, 92, 50, 17, 245, 248, 176, 250, 104, 24, 187, 67, 89,
       192, 67, 129, 18, 34, 205, 152, 11, 206, 41, 202, 91, 12, 138,
       162, 247, 94, 97, 37, 94, 119, 147, 188, 49, 53, 255, 246, 247,
       193, 110, 203, 76, 227, 143, 203, 19, 30, 223, 56, 103, 101, 244,
       189, 235, 199, 127, 151, 203, 204, 54, 177, 181, 112, 55, 81, 63,
       200, 204, 46, 69, 107, 36, 43, 8, 212, 231, 253, 179, 255, 227,
       161, 228, 31, 169, 23, 132, 210, 93, 255, 237, 131, 134, 251, 160,
       64, 7, 71, 191, 137, 128, 101, 78, 44, 64, 60, 227, 101, 248, 190,
       54, 140, 196, 96, 122, 38, 220, 0, 235, 142, 255, 73, 165, 120,
       98, 113, 34, 223, 8, 154, 63, 73, 98, 122, 206, 16, 184, 252, 183,
       50, 198, 139, 122, 103, 155, 185, 214, 237, 141, 205, 27, 6, 203,
       250, 199, 211, 103, 162, 246, 187, 163, 53, 113, 55, 236, 229,
       116, 122, 76, 126, 120, 223, 29, 131, 233, 221, 238, 90, 149, 253,
       126, 248, 201, 214, 253, 191, 185, 28, 38, 146, 199, 250, 187,
       243, 247, 255, 231, 251, 239, 222, 189, 211, 255, 247, 222, 155,
       94, 250, 213, 250, 47, 222, 47, 198, 127, 191, 218, 254, 47, 86,
       251, 118, 190, 103, 175, 109, 255, 246, 255, 255, 117, 89, 125,
       227, 126, 239, 44, 153, 183, 255, 172, 153, 241, 243, 254, 156,
       227, 64, 254, 115, 251, 127, 13, 177, 254, 150, 243, 81, 212, 60,
       176, 216, 58, 82, 17, 213, 251, 206, 83, 4, 25, 116, 198, 4, 187,
       198, 44, 128, 211, 172, 154, 227, 219, 118, 41, 197, 124, 150,
       254, 184, 158, 238, 24, 250, 247, 211, 138, 171, 79, 248, 4, 209,
       79, 128, 183, 1, 67, 120, 128, 158, 73, 21, 147, 114, 223, 112,
       119, 167, 223, 199, 200, 138, 9, 235, 155, 218, 128, 59, 163, 149,
       238, 158, 48, 102, 90, 132, 147, 60, 157, 143, 215, 234, 104, 101,
       82, 248, 127, 197, 45, 159, 54, 151, 221, 140, 79, 74, 255, 174,
       250, 210, 155, 108, 60, 147, 94, 216, 49, 215, 202, 18, 37, 29,
       241, 249, 254, 80, 223, 184, 61, 245, 153, 114, 239, 197, 239,
       199, 81, 248, 18, 198, 194, 106, 145, 32, 203, 194, 243, 130, 9,
       66, 193, 189, 47, 79, 141, 74, 211, 78, 210, 31, 39, 164, 8, 2,
       18, 183, 7, 84, 155, 80, 156, 119, 180, 229, 62, 168, 87, 217,
       136, 217, 131, 92, 173, 8, 245, 81, 123, 159, 203, 81, 220, 16, 7,
       92, 117, 17, 251, 82, 24, 146, 183, 235, 192, 218, 140, 26, 185,
       82, 77, 146, 68, 11, 176, 102, 215, 152, 3, 204, 41, 238, 73, 45,
       138, 234, 79, 82, 97, 177, 111, 119, 161, 124, 49, 118, 231, 238,
       214, 209, 68, 203, 74, 203, 14, 201, 19, 141, 68, 90, 37, 244,
       246, 189, 235, 209, 122, 187, 185, 212, 7, 50, 245, 80, 27, 147,
       214, 104, 2, 248, 102, 82, 184, 3, 65, 66, 208, 131, 26, 102, 195,
       160, 71, 198, 45, 69, 211, 138, 10, 226, 206, 66, 36, 160, 98,
       247, 55, 84, 184, 80, 120, 210, 245, 208, 124, 145, 78, 233, 20,
       129, 79, 153, 172, 24, 71, 240, 28, 156, 73, 21, 243, 51, 191, 88,
       119, 161, 251, 203, 222, 0, 170, 207, 58, 46, 1, 41, 122, 40, 139,
       188, 136, 110, 157, 205, 59, 161, 208, 232, 213, 25, 120, 67, 221,
       249, 226, 219, 113, 239, 71, 145, 144, 218, 33, 33, 196, 164, 98,
       102, 158, 110, 121, 87, 87, 246, 81, 220, 194, 24, 4, 199, 103,
       235, 169, 155, 141, 183, 180, 151, 251, 24, 1, 194, 205, 138, 186,
       201, 74, 66, 3, 47, 66, 12, 238, 178, 238, 238, 125, 195, 51, 60,
       6, 71, 157, 17, 99, 66, 214, 27, 45, 147, 42, 26, 1, 150, 135, 87,
       179, 33, 76, 79, 116, 98, 253, 28, 97, 93, 92, 245, 231, 213, 172,
       24, 20, 181, 97, 200, 171, 17, 252, 48, 61, 24, 113, 147, 200,
       153, 219, 222, 125, 253, 113, 255, 252, 56, 155, 196, 251, 238,
       89, 171, 201, 239, 253, 251, 58, 117, 107, 239, 250, 163, 123,
       114, 242, 253, 69, 231, 191, 255, 67, 221, 117, 119, 245, 255, 53,
       125, 126, 251, 118, 253, 177, 219, 115, 188, 223, 94, 117, 208,
       231, 220, 77, 215, 156, 238, 143, 214, 239, 167, 87, 216, 87, 49,
       112, 64, 114, 174, 251, 64, 138, 235, 64, 98, 69, 64, 162, 239,
       137, 255, 71, 54, 169, 36, 154, 148, 95, 235, 236, 64, 6, 162,
       208, 104, 19, 76, 45, 25, 36, 108, 192, 108, 96, 176, 175, 231,
       107, 182, 110, 140, 171, 116, 67, 227, 125, 68, 65, 197, 255, 69,
       135, 4, 114, 209, 32, 150, 201, 138, 246, 23, 10, 216, 10, 28,
       201, 119, 241, 34, 202, 192, 248, 32, 22, 52, 147, 199, 44, 228,
       107, 43, 138, 34, 7, 82, 41, 32, 127, 55, 167, 60, 211, 119, 95,
       211, 180, 211, 238, 165, 72, 138, 22, 217, 219, 201, 166, 90, 197,
       77, 6, 189, 168, 209, 50, 254, 251, 12, 52, 179, 189, 202, 201,
       138, 254, 35, 251, 124, 11, 61, 227, 109, 202, 147, 234, 124, 238,
       137, 25, 53, 75, 142, 61, 242, 123, 117, 223, 147, 55, 83, 227,
       54, 227, 131, 150, 115, 96, 243, 77, 250, 178, 114, 255, 245, 105,
       255, 23, 119, 107, 221, 170, 58, 21, 221, 29, 252, 188, 17, 243,
       115, 255, 89, 127, 155, 251, 133, 204, 14, 89, 13, 99, 226, 180,
       24, 186, 254, 133, 0, 69, 75, 163, 73, 72, 209, 147, 245, 171,
       237, 154, 97, 111, 3, 130, 217, 71, 163, 86, 255, 42, 217, 97,
       119, 162, 255, 160, 250, 60, 234, 174, 86, 51, 51, 107, 187, 120,
