%YAML:1.0
descriptors: !!opencv-matrix
   rows: 4
   cols: 64
   dt: u
   data: [ 5, 34, 65, 130, 209, 0, 3, 72, 196, 0, 2, 50, 33, 10, 160, 65,
       98, 84, 5, 100, 65, 128, 128, 96, 12, 136, 40, 9, 146, 8, 48, 9,
       112, 36, 20, 154, 0, 112, 5, 212, 144, 64, 24, 14, 64, 4, 192, 68,
       9, 36, 16, 4, 112, 24, 132, 73, 16, 112, 33, 156, 72, 6, 32, 248,
       39, 50, 113, 34, 29, 128, 5, 72, 230, 6, 129, 48, 109, 47, 160,
       81, 226, 212, 3, 96, 193, 34, 129, 116, 76, 136, 164, 9, 82, 12,
       49, 105, 84, 36, 84, 186, 66, 120, 1, 84, 80, 64, 24, 15, 192, 20,
       228, 79, 153, 172, 24, 4, 240, 28, 156, 73, 16, 242, 51, 156, 88,
       87, 32, 248, 38, 33, 65, 130, 17, 4, 1, 78, 198, 70, 1, 52, 33,
       142, 144, 87, 226, 212, 1, 100, 65, 128, 128, 36, 76, 136, 168, 9,
       210, 8, 48, 41, 80, 36, 20, 186, 66, 112, 1, 84, 16, 64, 24, 10,
       64, 20, 192, 76, 153, 44, 24, 4, 112, 24, 148, 73, 16, 242, 51,
       188, 88, 86, 32, 248, 7, 38, 65, 128, 157, 128, 6, 73, 32, 64,
       130, 48, 192, 7, 128, 65, 226, 212, 1, 96, 193, 0, 128, 112, 76,
       152, 40, 9, 210, 12, 49, 73, 84, 36, 84, 186, 66, 112, 1, 84, 80,
       80, 24, 15, 68, 20, 228, 77, 153, 44, 24, 4, 112, 29, 156, 73, 16,
       242, 51, 188, 88, 87, 32, 248 ]
