%YAML:1.0
descriptors: !!opencv-matrix
   rows: 20
   cols: 64
   dt: u
   data: [ 46, 34, 97, 131, 219, 133, 11, 73, 198, 111, 131, 50, 241, 10,
       176, 68, 226, 213, 7, 96, 201, 2, 131, 116, 12, 152, 172, 47, 210,
       8, 49, 59, 80, 36, 84, 186, 82, 112, 1, 212, 80, 64, 24, 14, 192,
       4, 192, 21, 153, 172, 24, 5, 112, 28, 156, 73, 16, 242, 51, 188,
       88, 86, 32, 248, 85, 9, 183, 212, 32, 71, 121, 118, 19, 196, 71,
       133, 86, 245, 147, 42, 190, 200, 226, 111, 54, 173, 100, 131, 155,
       42, 166, 220, 104, 132, 212, 41, 122, 19, 113, 184, 148, 110, 210,
       77, 213, 61, 185, 102, 170, 32, 195, 238, 137, 160, 233, 215, 240,
       94, 24, 76, 47, 91, 83, 235, 105, 36, 129, 234, 65, 5, 130, 152,
       192, 6, 6, 71, 32, 70, 9, 4, 0, 197, 49, 35, 3, 69, 25, 102, 10,
       173, 16, 3, 74, 192, 10, 12, 144, 8, 16, 1, 98, 7, 81, 139, 0,
       100, 71, 0, 34, 32, 24, 130, 13, 28, 69, 134, 17, 44, 16, 20, 1,
       120, 132, 138, 145, 104, 33, 61, 72, 68, 19, 240, 0, 1, 138, 208,
       0, 7, 64, 103, 4, 198, 3, 4, 17, 224, 59, 2, 8, 80, 0, 102, 6,
       172, 192, 35, 10, 130, 134, 0, 16, 136, 16, 9, 82, 6, 81, 170, 0,
       104, 83, 64, 48, 32, 148, 78, 20, 20, 65, 238, 17, 40, 24, 68, 16,
       25, 148, 8, 17, 98, 35, 191, 72, 116, 1, 242, 7, 38, 65, 130, 153,
       128, 3, 72, 34, 64, 0, 114, 169, 43, 128, 85, 98, 212, 5, 96, 193,
       0, 136, 96, 76, 152, 40, 9, 146, 8, 1, 105, 84, 36, 84, 154, 66,
       112, 1, 212, 192, 64, 24, 11, 64, 16, 224, 77, 145, 36, 24, 4, 96,
       24, 140, 73, 16, 114, 51, 156, 88, 87, 32, 249, 3, 2, 0, 0, 1, 10,
       2, 2, 0, 2, 2, 6, 0, 5, 0, 1, 4, 8, 1, 196, 64, 128, 0, 0, 64,
       144, 152, 0, 128, 0, 0, 64, 64, 36, 81, 168, 1, 0, 0, 0, 0, 16,
       16, 139, 68, 80, 164, 76, 25, 40, 16, 0, 80, 29, 140, 1, 16, 96,
       51, 180, 64, 86, 0, 104, 2, 0, 0, 0, 136, 128, 6, 0, 0, 0, 40, 6,
       128, 5, 0, 32, 0, 72, 5, 64, 64, 32, 0, 64, 72, 148, 137, 0, 128,
       2, 1, 0, 208, 36, 81, 170, 0, 96, 9, 0, 96, 16, 24, 11, 84, 20,
       228, 72, 25, 172, 24, 4, 208, 25, 140, 9, 16, 226, 51, 188, 72,
       86, 32, 248, 68, 35, 115, 177, 208, 0, 43, 233, 128, 226, 193, 54,
       65, 131, 145, 98, 226, 212, 1, 100, 9, 128, 132, 48, 76, 136, 168,
       9, 210, 8, 48, 25, 112, 36, 20, 187, 80, 112, 1, 212, 16, 64, 24,
       14, 66, 28, 192, 20, 25, 44, 16, 5, 112, 28, 132, 73, 144, 240,
       33, 156, 92, 86, 32, 177, 195, 1, 130, 83, 205, 130, 70, 26, 0,
       35, 0, 2, 162, 192, 2, 9, 2, 85, 57, 22, 206, 173, 202, 75, 2,
       210, 26, 38, 146, 1, 0, 71, 95, 39, 16, 49, 83, 76, 103, 2, 80,
       96, 136, 75, 73, 28, 137, 147, 93, 12, 24, 68, 85, 120, 156, 130,
       81, 44, 51, 159, 0, 117, 145, 250, 64, 2, 1, 130, 0, 2, 2, 71, 0,
       2, 2, 4, 0, 128, 131, 2, 74, 68, 1, 68, 0, 129, 204, 0, 12, 128,
       8, 5, 2, 8, 16, 72, 112, 4, 85, 186, 0, 96, 5, 0, 128, 64, 16, 8,
       0, 12, 64, 192, 17, 44, 16, 4, 1, 24, 132, 10, 144, 96, 33, 188,
       72, 6, 32, 240, 37, 36, 101, 128, 16, 133, 1, 125, 196, 238, 130,
       53, 113, 46, 177, 70, 234, 212, 3, 96, 193, 34, 192, 118, 76, 136,
       164, 9, 82, 12, 49, 107, 213, 36, 85, 186, 82, 120, 129, 116, 112,
       92, 24, 14, 212, 20, 193, 111, 153, 172, 24, 5, 240, 29, 156, 73,
       16, 242, 51, 188, 88, 87, 32, 250, 60, 34, 117, 176, 16, 37, 33,
       127, 196, 100, 210, 52, 113, 6, 145, 66, 234, 212, 3, 96, 193, 32,
       192, 55, 76, 136, 164, 9, 82, 12, 49, 105, 85, 36, 85, 186, 82,
       120, 1, 84, 112, 84, 24, 46, 68, 20, 229, 110, 153, 172, 24, 5,
       240, 29, 156, 73, 16, 242, 51, 188, 88, 86, 32, 250, 68, 33, 195,
       160, 16, 128, 33, 74, 0, 64, 130, 54, 195, 130, 145, 66, 226, 85,
       1, 100, 11, 132, 200, 113, 14, 136, 40, 13, 82, 8, 48, 9, 80, 38,
       84, 154, 0, 120, 5, 84, 16, 64, 24, 14, 64, 12, 64, 132, 25, 44,
       16, 4, 112, 28, 132, 73, 16, 112, 33, 188, 72, 22, 32, 248, 6, 1,
       1, 128, 0, 0, 0, 14, 2, 2, 1, 4, 0, 6, 129, 18, 0, 0, 0, 64, 0,
       128, 64, 0, 4, 128, 128, 9, 2, 40, 0, 0, 16, 4, 85, 138, 0, 96, 1,
       64, 0, 64, 16, 8, 0, 20, 128, 76, 17, 44, 16, 4, 32, 24, 20, 1,
       16, 34, 16, 56, 8, 86, 32, 96, 4, 3, 129, 136, 0, 64, 32, 103, 0,
       128, 2, 4, 0, 165, 25, 130, 9, 72, 128, 32, 0, 0, 68, 131, 73, 0,
       4, 64, 0, 128, 8, 64, 112, 16, 97, 40, 0, 138, 2, 0, 164, 32, 24,
       166, 38, 132, 64, 232, 16, 0, 104, 48, 19, 88, 0, 8, 129, 64, 2,
       36, 64, 68, 65, 98, 1, 2, 0, 0, 0, 128, 34, 64, 0, 2, 0, 0, 0, 1,
       0, 3, 2, 72, 1, 96, 192, 32, 192, 64, 76, 136, 128, 0, 16, 0, 33,
       65, 80, 36, 84, 186, 0, 104, 1, 4, 0, 64, 24, 14, 64, 4, 64, 76,
       25, 44, 24, 4, 96, 24, 140, 8, 16, 98, 51, 148, 72, 86, 32, 248,
       1, 6, 0, 138, 9, 216, 130, 1, 40, 80, 10, 5, 16, 52, 105, 161,
       128, 16, 1, 0, 192, 0, 8, 96, 65, 0, 8, 0, 16, 2, 11, 67, 245, 32,
       81, 176, 80, 66, 137, 32, 240, 20, 24, 14, 84, 22, 224, 105, 153,
       44, 24, 4, 240, 29, 157, 9, 16, 226, 51, 180, 72, 87, 34, 248, 2,
       193, 8, 158, 3, 0, 28, 3, 35, 194, 33, 136, 16, 32, 36, 26, 132,
       18, 0, 193, 2, 176, 80, 2, 80, 128, 161, 72, 3, 168, 156, 96, 146,
       20, 2, 170, 2, 72, 130, 104, 34, 138, 52, 105, 182, 84, 229, 110,
       17, 170, 16, 7, 32, 25, 116, 72, 17, 243, 51, 189, 25, 82, 98,
       235, 68, 35, 227, 176, 16, 6, 33, 111, 128, 228, 195, 52, 65, 135,
       147, 66, 234, 76, 3, 102, 9, 165, 198, 19, 76, 136, 164, 13, 82,
       12, 48, 73, 87, 36, 85, 186, 16, 120, 65, 84, 48, 64, 24, 14, 69,
       20, 193, 110, 25, 172, 24, 5, 240, 28, 156, 73, 16, 242, 51, 189,
       72, 86, 32, 250, 13, 35, 101, 160, 16, 37, 33, 126, 128, 206, 194,
       53, 81, 43, 145, 66, 226, 212, 3, 96, 65, 0, 192, 51, 12, 136,
       164, 9, 82, 8, 48, 73, 84, 36, 85, 186, 80, 120, 1, 84, 80, 68,
       24, 14, 64, 4, 64, 76, 153, 44, 24, 4, 240, 28, 156, 73, 16, 242,
       51, 188, 72, 22, 32, 250 ]
