%YAML:1.0
descriptors: !!opencv-matrix
   rows: 12
   cols: 64
   dt: u
   data: [ 63, 182, 125, 168, 63, 181, 161, 125, 244, 126, 212, 53, 125,
       63, 185, 85, 250, 252, 67, 112, 241, 114, 211, 244, 220, 168, 228,
       139, 122, 220, 113, 235, 221, 44, 87, 190, 90, 120, 169, 124, 124,
       93, 58, 47, 212, 53, 247, 111, 153, 172, 24, 5, 242, 29, 156, 73,
       16, 242, 51, 188, 90, 87, 40, 250, 45, 38, 101, 162, 157, 189,
       161, 124, 244, 124, 194, 53, 233, 63, 185, 69, 226, 252, 195, 96,
       241, 34, 219, 244, 76, 168, 4, 131, 94, 12, 49, 207, 221, 36, 85,
       186, 83, 122, 169, 116, 252, 84, 26, 14, 84, 161, 246, 73, 152,
       44, 24, 5, 240, 29, 156, 73, 16, 242, 51, 188, 88, 87, 32, 250,
       60, 53, 125, 150, 55, 29, 157, 123, 247, 212, 215, 244, 125, 126,
       176, 86, 250, 214, 67, 99, 245, 54, 209, 119, 221, 186, 228, 89,
       114, 220, 244, 233, 222, 36, 87, 190, 210, 120, 201, 124, 112, 93,
       61, 47, 212, 52, 245, 110, 153, 172, 24, 5, 242, 29, 156, 73, 16,
       242, 51, 189, 88, 87, 32, 250, 62, 49, 125, 166, 55, 29, 29, 75,
       246, 70, 189, 112, 61, 106, 180, 84, 242, 214, 7, 96, 65, 34, 129,
       118, 204, 156, 229, 9, 82, 24, 116, 105, 210, 36, 20, 190, 66,
       120, 129, 244, 112, 218, 24, 15, 212, 20, 244, 78, 153, 172, 24,
       5, 240, 29, 156, 73, 16, 242, 51, 188, 88, 86, 32, 248, 60, 51,
       113, 180, 16, 134, 43, 111, 198, 110, 211, 53, 85, 6, 145, 82,
       226, 212, 3, 96, 193, 32, 192, 51, 12, 136, 164, 13, 82, 8, 49,
       105, 112, 36, 84, 186, 82, 112, 1, 84, 80, 64, 24, 14, 192, 20,
       192, 78, 153, 44, 24, 5, 112, 28, 156, 73, 16, 242, 51, 188, 88,
       86, 32, 248, 54, 48, 81, 134, 221, 6, 15, 74, 230, 70, 1, 50, 165,
       75, 144, 85, 226, 213, 5, 100, 65, 6, 128, 100, 78, 136, 168, 9,
       146, 8, 49, 105, 80, 36, 84, 186, 66, 112, 1, 212, 80, 64, 24, 15,
       192, 20, 196, 77, 153, 172, 24, 5, 112, 28, 156, 73, 16, 242, 51,
       188, 88, 86, 32, 248, 3, 3, 0, 2, 133, 128, 4, 8, 2, 0, 1, 32, 32,
       67, 4, 1, 64, 2, 4, 212, 64, 34, 129, 64, 0, 144, 0, 9, 18, 8, 0,
       0, 24, 36, 80, 154, 0, 0, 1, 64, 4, 66, 24, 9, 64, 80, 132, 78,
       16, 36, 16, 4, 32, 24, 72, 9, 8, 34, 18, 176, 8, 82, 32, 73, 62,
       49, 113, 180, 23, 37, 41, 127, 198, 70, 209, 52, 117, 138, 177,
       86, 226, 212, 3, 96, 65, 160, 196, 55, 76, 136, 160, 9, 82, 12,
       48, 105, 112, 36, 85, 186, 82, 112, 129, 84, 80, 72, 24, 14, 208,
       20, 193, 78, 153, 172, 24, 5, 240, 29, 156, 73, 16, 242, 51, 188,
       88, 86, 32, 248, 37, 37, 97, 144, 16, 4, 1, 111, 194, 68, 1, 52,
       81, 162, 145, 70, 226, 84, 1, 96, 1, 32, 192, 35, 92, 128, 164, 9,
       2, 136, 16, 73, 64, 36, 21, 186, 2, 120, 1, 92, 16, 64, 24, 10,
       64, 20, 193, 78, 25, 44, 24, 5, 112, 24, 156, 73, 16, 114, 51,
       184, 88, 86, 32, 250, 4, 33, 97, 144, 16, 5, 1, 111, 130, 196, 3,
       52, 81, 34, 177, 66, 234, 84, 1, 96, 193, 32, 192, 99, 76, 136,
       164, 9, 18, 8, 48, 105, 214, 36, 85, 186, 82, 120, 1, 84, 48, 80,
       24, 14, 212, 20, 193, 110, 153, 172, 24, 5, 240, 29, 156, 73, 16,
       242, 51, 189, 88, 87, 32, 250, 6, 34, 65, 130, 157, 128, 7, 73,
       134, 98, 17, 48, 129, 10, 148, 69, 226, 212, 1, 96, 193, 0, 128,
       96, 76, 136, 168, 13, 18, 8, 49, 73, 213, 36, 84, 186, 66, 120, 1,
       84, 80, 66, 24, 15, 208, 20, 196, 77, 153, 172, 24, 4, 112, 24,
       156, 73, 16, 242, 51, 188, 88, 87, 32, 249, 39, 21, 80, 2, 21, 0,
       5, 72, 162, 2, 1, 48, 32, 10, 164, 85, 226, 212, 1, 96, 65, 34,
       129, 100, 76, 152, 160, 9, 18, 8, 49, 41, 208, 36, 84, 154, 66,
       120, 1, 84, 0, 74, 24, 11, 208, 20, 196, 76, 153, 172, 16, 5, 112,
       24, 156, 73, 16, 242, 51, 188, 88, 86, 32, 248 ]
