%YAML:1.0
descriptors: !!opencv-matrix
   rows: 81
   cols: 64
   dt: u
   data: [ 63, 54, 117, 170, 191, 189, 163, 121, 228, 126, 210, 53, 253,
       63, 185, 85, 242, 252, 67, 112, 241, 98, 145, 116, 92, 168, 228,
       137, 90, 92, 113, 235, 221, 44, 87, 190, 83, 122, 169, 124, 252,
       92, 24, 142, 212, 245, 246, 77, 153, 172, 24, 5, 242, 29, 156, 73,
       16, 242, 51, 188, 90, 87, 40, 248, 67, 197, 140, 152, 3, 87, 93,
       7, 39, 230, 45, 136, 25, 168, 52, 142, 141, 112, 32, 107, 154,
       242, 244, 35, 89, 131, 135, 72, 17, 144, 16, 97, 224, 22, 34, 170,
       2, 104, 98, 234, 50, 170, 60, 41, 150, 20, 69, 110, 19, 168, 50,
       4, 32, 25, 180, 28, 153, 242, 41, 253, 89, 208, 10, 235, 2, 194,
       76, 138, 46, 159, 146, 17, 55, 86, 62, 68, 28, 60, 125, 229, 196,
       242, 64, 176, 208, 114, 144, 98, 121, 36, 12, 84, 61, 218, 157,
       97, 148, 120, 211, 160, 90, 82, 136, 40, 246, 159, 8, 13, 84, 198,
       244, 78, 147, 45, 157, 12, 186, 13, 155, 25, 50, 66, 58, 188, 82,
       219, 46, 249, 198, 34, 145, 17, 216, 134, 6, 193, 130, 35, 0, 18,
       195, 194, 146, 80, 106, 69, 33, 100, 200, 133, 74, 72, 78, 208,
       188, 47, 130, 8, 49, 78, 87, 165, 84, 187, 16, 56, 37, 86, 64, 64,
       0, 11, 193, 28, 129, 149, 25, 44, 24, 4, 113, 24, 156, 75, 16,
       120, 17, 189, 92, 87, 48, 250, 63, 245, 125, 190, 191, 189, 223,
       121, 246, 125, 213, 251, 189, 126, 180, 93, 250, 247, 103, 115,
       245, 39, 211, 118, 236, 254, 241, 63, 122, 123, 247, 235, 215, 44,
       87, 190, 210, 120, 233, 117, 120, 223, 59, 47, 213, 21, 245, 111,
       153, 172, 24, 5, 240, 29, 156, 73, 16, 242, 51, 189, 88, 87, 34,
       251, 51, 213, 8, 158, 7, 14, 93, 6, 55, 100, 53, 128, 29, 234, 52,
       94, 244, 242, 16, 224, 130, 186, 241, 35, 120, 130, 162, 89, 115,
       185, 220, 105, 146, 38, 16, 218, 66, 64, 18, 250, 146, 203, 28,
       73, 144, 28, 197, 78, 145, 164, 18, 4, 40, 24, 151, 73, 25, 242,
       57, 156, 88, 84, 34, 249, 133, 17, 81, 215, 185, 128, 219, 72, 2,
       73, 3, 115, 131, 67, 128, 81, 34, 213, 132, 3, 198, 44, 130, 99,
       12, 154, 179, 47, 18, 42, 1, 63, 22, 39, 116, 186, 48, 120, 235,
       85, 193, 116, 40, 67, 169, 4, 249, 111, 129, 164, 24, 5, 240, 24,
       156, 75, 16, 114, 50, 191, 72, 23, 33, 250, 109, 46, 247, 240, 88,
       143, 101, 79, 229, 110, 138, 49, 223, 239, 188, 79, 235, 245, 35,
       98, 255, 47, 218, 127, 94, 222, 182, 47, 82, 137, 49, 111, 215,
       166, 87, 186, 82, 248, 255, 126, 112, 124, 232, 239, 213, 20, 245,
       235, 153, 172, 24, 5, 240, 29, 156, 73, 16, 242, 115, 191, 216,
       87, 33, 254, 3, 134, 0, 165, 207, 128, 142, 0, 44, 99, 1, 74, 136,
       73, 32, 21, 132, 117, 33, 240, 200, 37, 138, 104, 68, 216, 57, 46,
       18, 37, 49, 71, 87, 164, 93, 26, 66, 105, 40, 2, 97, 72, 40, 9,
       213, 20, 253, 19, 25, 140, 24, 5, 240, 144, 156, 105, 16, 242, 50,
       157, 80, 87, 32, 250, 232, 15, 166, 209, 64, 79, 161, 247, 61,
       252, 46, 7, 19, 252, 251, 174, 235, 80, 249, 47, 84, 141, 236,
       179, 91, 111, 28, 0, 201, 194, 26, 95, 245, 39, 113, 248, 20, 118,
       205, 252, 209, 117, 24, 54, 77, 38, 105, 224, 141, 44, 126, 149,
       209, 31, 141, 74, 144, 232, 35, 60, 78, 4, 1, 248, 66, 33, 131,
       21, 200, 194, 10, 197, 194, 163, 3, 4, 192, 192, 19, 34, 108, 1,
       2, 71, 138, 169, 102, 143, 140, 195, 166, 110, 0, 136, 1, 86, 99,
       47, 71, 191, 24, 40, 103, 70, 0, 96, 32, 234, 129, 124, 129, 63,
       25, 172, 24, 67, 49, 88, 20, 67, 17, 122, 17, 189, 72, 20, 113,
       234, 69, 3, 130, 16, 64, 146, 2, 66, 34, 2, 3, 2, 194, 225, 128,
       0, 66, 65, 32, 230, 7, 37, 1, 195, 74, 2, 174, 12, 0, 12, 128, 0,
       118, 6, 68, 155, 64, 56, 7, 196, 144, 98, 24, 14, 209, 92, 129,
       207, 145, 44, 16, 4, 49, 25, 157, 75, 16, 114, 18, 181, 88, 112,
       32, 233, 194, 233, 142, 92, 98, 219, 92, 70, 123, 161, 173, 168,
       122, 244, 108, 234, 237, 145, 62, 223, 143, 143, 101, 135, 199,
       71, 231, 46, 65, 143, 150, 98, 251, 47, 101, 255, 74, 125, 247,
       254, 114, 255, 40, 111, 157, 126, 181, 175, 213, 236, 18, 215,
       249, 93, 145, 75, 17, 243, 51, 189, 120, 112, 131, 235, 163, 222,
       66, 35, 253, 216, 135, 136, 254, 89, 46, 107, 174, 63, 76, 189,
       239, 183, 189, 56, 204, 6, 139, 124, 103, 213, 89, 35, 190, 11, 3,
       63, 148, 229, 89, 81, 119, 211, 237, 38, 229, 84, 42, 61, 77, 130,
       252, 177, 192, 149, 20, 36, 157, 167, 143, 235, 112, 124, 166, 44,
       212, 93, 20, 30, 68, 11, 134, 212, 96, 79, 64, 103, 46, 64, 11, 4,
       16, 244, 249, 226, 235, 145, 9, 102, 6, 173, 132, 51, 91, 206,
       130, 12, 128, 138, 26, 9, 242, 39, 85, 154, 64, 114, 219, 76, 148,
       116, 24, 6, 77, 142, 229, 110, 153, 36, 80, 5, 178, 29, 149, 73,
       17, 98, 49, 189, 72, 70, 33, 248, 193, 75, 131, 211, 216, 132,
       197, 200, 136, 103, 35, 74, 131, 193, 210, 9, 75, 85, 61, 103, 14,
       141, 170, 104, 14, 223, 59, 43, 150, 10, 50, 31, 82, 167, 124,
       219, 64, 253, 111, 6, 33, 96, 40, 127, 75, 12, 92, 145, 64, 5, 80,
       180, 73, 186, 132, 170, 209, 124, 32, 15, 76, 21, 17, 178, 66,
       204, 136, 170, 3, 218, 4, 3, 33, 226, 41, 138, 146, 166, 36, 43,
       137, 57, 33, 209, 138, 85, 89, 73, 81, 213, 25, 38, 3, 163, 10,
       64, 131, 150, 67, 1, 3, 76, 110, 2, 34, 168, 36, 105, 23, 92, 118,
       177, 81, 200, 48, 4, 5, 65, 96, 186, 17, 193, 176, 53, 1, 113, 88,
       34, 92, 13, 191, 220, 34, 223, 212, 119, 27, 228, 15, 148, 87,
       180, 187, 238, 189, 216, 226, 47, 150, 61, 214, 131, 217, 103,
       148, 92, 97, 220, 30, 107, 207, 16, 97, 170, 150, 106, 250, 120,
       48, 61, 253, 39, 191, 52, 117, 110, 159, 168, 171, 223, 178, 93,
       24, 76, 49, 243, 123, 249, 91, 117, 73, 250, 35, 212, 8, 171, 175,
       180, 159, 25, 61, 127, 56, 202, 169, 11, 36, 21, 132, 119, 32,
       177, 200, 114, 218, 120, 96, 197, 163, 54, 90, 113, 49, 103, 215,
       172, 158, 48, 251, 105, 168, 115, 114, 78, 106, 169, 214, 84, 212,
       91, 153, 156, 24, 5, 228, 141, 220, 105, 16, 178, 183, 188, 210,
       215, 40, 179, 70, 1, 0, 16, 0, 2, 8, 70, 0, 162, 1, 0, 0, 192, 1,
       3, 64, 0, 5, 199, 11, 160, 101, 3, 68, 130, 162, 9, 2, 12, 32, 16,
       114, 38, 20, 170, 2, 32, 1, 196, 0, 98, 24, 8, 208, 20, 129, 78,
       25, 44, 16, 5, 112, 24, 148, 73, 16, 242, 49, 181, 88, 82, 32,
       233, 70, 218, 86, 214, 125, 58, 82, 26, 50, 56, 4, 231, 174, 211,
       196, 27, 102, 199, 188, 187, 197, 108, 137, 123, 3, 214, 211, 119,
       62, 43, 131, 119, 147, 243, 177, 49, 119, 216, 255, 119, 101, 188,
       234, 119, 185, 128, 244, 235, 192, 247, 49, 81, 253, 232, 170,
       207, 87, 191, 182, 159, 216, 117, 149, 159, 76, 3, 198, 152, 0,
       67, 34, 103, 36, 248, 74, 5, 16, 165, 187, 226, 235, 216, 1, 102,
       196, 161, 196, 51, 73, 205, 160, 12, 64, 130, 50, 105, 245, 38,
       85, 186, 82, 122, 201, 116, 48, 84, 56, 46, 69, 148, 101, 110,
       153, 44, 24, 5, 240, 29, 156, 73, 16, 242, 43, 189, 88, 70, 32,
       242, 216, 58, 147, 245, 252, 160, 250, 248, 88, 187, 194, 223,
       194, 192, 131, 27, 46, 205, 189, 75, 236, 173, 238, 216, 141, 218,
       242, 227, 218, 101, 35, 190, 119, 179, 124, 113, 117, 253, 236,
       119, 217, 108, 251, 126, 235, 5, 75, 179, 200, 218, 120, 247, 213,
       254, 188, 104, 199, 185, 183, 255, 220, 55, 145, 183, 163, 196,
       40, 9, 7, 116, 159, 180, 132, 135, 125, 200, 10, 9, 22, 143, 13,
       108, 102, 241, 48, 210, 252, 44, 41, 117, 29, 50, 241, 51, 67, 90,
       133, 252, 137, 76, 203, 1, 40, 43, 122, 138, 35, 185, 151, 120,
       54, 40, 50, 218, 151, 9, 221, 161, 112, 52, 168, 145, 160, 120,
       180, 211, 76, 206, 5, 15, 130, 25, 0, 192, 164, 70, 1, 128, 42,
       128, 128, 53, 11, 34, 13, 8, 160, 14, 6, 45, 70, 195, 73, 85, 17,
       100, 0, 6, 2, 1, 150, 18, 113, 0, 16, 136, 110, 0, 37, 48, 40,
       167, 37, 128, 119, 162, 17, 200, 40, 119, 149, 73, 48, 138, 7, 75,
