%YAML:1.0
descriptors: !!opencv-matrix
   rows: 15
   cols: 64
   dt: u
   data: [ 237, 42, 231, 178, 89, 103, 37, 254, 244, 252, 194, 51, 107,
       255, 147, 71, 235, 221, 99, 102, 233, 135, 199, 55, 78, 249, 188,
       175, 210, 12, 50, 235, 215, 36, 85, 186, 83, 120, 225, 116, 120,
       84, 56, 47, 197, 17, 215, 237, 153, 172, 24, 5, 240, 29, 156, 73,
       16, 242, 51, 189, 88, 87, 32, 250, 191, 244, 113, 167, 191, 164,
       153, 248, 206, 79, 249, 123, 239, 75, 208, 117, 242, 246, 7, 113,
       105, 42, 167, 124, 174, 190, 119, 59, 214, 59, 119, 191, 100, 237,
       188, 223, 198, 117, 41, 215, 91, 202, 155, 154, 202, 0, 216, 21,
       136, 181, 82, 129, 104, 178, 132, 97, 128, 178, 48, 154, 252, 31,
       32, 181, 191, 176, 247, 38, 63, 101, 185, 254, 214, 191, 209, 247,
       111, 10, 146, 87, 251, 212, 67, 115, 241, 171, 231, 126, 172, 171,
       246, 155, 83, 57, 119, 239, 69, 45, 188, 255, 222, 60, 233, 119,
       89, 76, 243, 174, 203, 49, 153, 125, 184, 180, 90, 129, 224, 190,
       156, 65, 128, 178, 51, 219, 254, 87, 36, 255, 62, 49, 113, 38, 55,
       38, 187, 127, 198, 4, 209, 49, 109, 10, 147, 84, 250, 214, 67, 80,
       179, 43, 197, 54, 140, 168, 228, 157, 82, 56, 245, 236, 69, 45,
       44, 158, 206, 48, 1, 87, 9, 64, 151, 138, 202, 33, 137, 78, 168,
       182, 217, 129, 98, 30, 148, 65, 200, 178, 51, 218, 56, 7, 36, 244,
       83, 153, 154, 95, 55, 227, 220, 62, 19, 171, 181, 249, 166, 194,
       6, 27, 61, 151, 56, 159, 135, 45, 227, 75, 163, 91, 243, 126, 81,
       109, 228, 102, 223, 187, 188, 117, 190, 237, 250, 119, 113, 234,
       231, 107, 187, 29, 191, 127, 245, 242, 58, 215, 228, 224, 124,
       199, 215, 159, 254, 251, 49, 121, 145, 207, 150, 251, 211, 247,
       16, 64, 232, 234, 202, 137, 210, 247, 119, 198, 219, 248, 123,
       134, 63, 79, 7, 140, 173, 223, 175, 223, 119, 235, 199, 142, 242,
       62, 118, 167, 109, 223, 126, 127, 207, 86, 193, 84, 177, 122, 139,
       14, 25, 182, 201, 37, 119, 247, 248, 22, 36, 105, 196, 120, 0,
       107, 93, 45, 177, 182, 144, 27, 148, 212, 34, 75, 88, 115, 74, 16,
       87, 87, 214, 244, 90, 240, 254, 211, 70, 235, 86, 172, 129, 211,
       139, 30, 246, 88, 196, 142, 214, 108, 90, 53, 113, 190, 78, 122,
       218, 85, 209, 93, 153, 62, 237, 164, 237, 111, 137, 165, 9, 199,
       240, 31, 154, 73, 1, 115, 51, 191, 88, 39, 33, 250, 204, 2, 138,
       177, 232, 214, 186, 197, 28, 255, 2, 142, 147, 128, 51, 3, 8, 93,
       153, 107, 204, 181, 238, 57, 13, 194, 186, 38, 80, 1, 51, 79, 119,
       145, 94, 41, 82, 239, 228, 162, 208, 108, 96, 12, 211, 28, 73, 51,
       29, 200, 24, 37, 197, 125, 156, 234, 145, 234, 51, 189, 76, 86,
       50, 247, 50, 48, 80, 6, 191, 128, 30, 12, 66, 32, 145, 53, 60, 70,
       130, 80, 118, 146, 0, 208, 201, 34, 163, 4, 128, 136, 224, 75,
       130, 184, 197, 108, 93, 44, 4, 190, 74, 112, 129, 215, 80, 200, 5,
       10, 192, 20, 136, 77, 145, 166, 88, 7, 96, 24, 20, 65, 16, 51, 51,
       184, 56, 6, 32, 232, 197, 58, 147, 81, 216, 178, 226, 208, 120,
       185, 2, 75, 194, 211, 128, 9, 70, 111, 189, 11, 207, 45, 75, 217,
       130, 90, 27, 230, 28, 7, 161, 87, 95, 147, 248, 33, 53, 141, 126,
       163, 197, 36, 234, 87, 235, 73, 91, 179, 124, 217, 40, 115, 213,
       232, 72, 234, 87, 29, 150, 135, 192, 113, 213, 79, 85, 5, 17, 156,
       0, 4, 12, 67, 2, 102, 9, 0, 84, 229, 148, 18, 229, 66, 0, 96, 10,
       168, 0, 3, 220, 132, 166, 72, 0, 40, 144, 65, 82, 22, 81, 138, 0,
       96, 2, 74, 36, 2, 24, 227, 36, 24, 229, 14, 17, 160, 48, 70, 32,
       24, 20, 9, 9, 114, 17, 49, 88, 68, 33, 224, 69, 4, 131, 185, 8,
       132, 36, 71, 33, 238, 0, 130, 128, 165, 179, 3, 203, 125, 161, 96,
       136, 133, 90, 41, 76, 221, 156, 38, 16, 1, 49, 71, 83, 130, 85,
       41, 16, 236, 37, 98, 32, 34, 40, 33, 87, 20, 69, 243, 25, 8, 56,
       52, 213, 88, 172, 8, 24, 168, 35, 189, 72, 87, 1, 242, 196, 238,
       147, 219, 200, 206, 228, 199, 107, 251, 42, 139, 210, 231, 255,
       170, 207, 11, 185, 43, 159, 141, 127, 137, 219, 87, 63, 230, 1,
       135, 179, 86, 231, 147, 97, 97, 57, 207, 254, 106, 102, 60, 232,
       247, 63, 30, 127, 179, 221, 200, 108, 247, 151, 239, 33, 238, 199,
       205, 193, 101, 215, 113, 217, 230, 92, 42, 147, 245, 232, 160,
       250, 205, 24, 187, 67, 95, 194, 68, 139, 144, 40, 205, 152, 66,
       206, 45, 206, 89, 175, 202, 178, 231, 68, 97, 53, 94, 119, 179,
       125, 57, 52, 255, 238, 55, 193, 108, 203, 74, 235, 140, 201, 19,
       221, 92, 120, 247, 229, 246, 157, 107, 197, 218, 147, 175, 68, 7,
       51, 183, 125, 253, 255, 252, 126, 255, 255, 123, 191, 255, 237,
       249, 223, 252, 252, 221, 251, 253, 123, 111, 246, 125, 210, 115,
       239, 255, 243, 127, 127, 95, 119, 235, 215, 103, 87, 187, 82, 120,
       255, 117, 112, 127, 248, 111, 213, 28, 245, 111, 157, 172, 24, 69,
       241, 125, 157, 79, 81, 254, 115, 191, 89, 127, 177, 250 ]
