%YAML:1.0
descriptors: !!opencv-matrix
   rows: 13
   cols: 64
   dt: u
   data: [ 11, 154, 204, 171, 255, 185, 171, 24, 56, 187, 82, 207, 172,
       27, 105, 81, 70, 223, 137, 57, 228, 85, 202, 121, 33, 216, 56,
       182, 94, 65, 49, 239, 87, 224, 221, 49, 119, 251, 173, 51, 221,
       92, 74, 12, 211, 133, 250, 115, 184, 221, 24, 5, 244, 165, 159,
       105, 22, 246, 183, 173, 210, 95, 38, 247, 208, 169, 159, 95, 96,
       79, 218, 231, 219, 145, 47, 207, 83, 240, 254, 170, 191, 131, 250,
       15, 30, 189, 102, 135, 251, 119, 151, 126, 5, 234, 22, 40, 207,
       19, 99, 245, 156, 143, 254, 121, 241, 61, 165, 119, 191, 126, 61,
       174, 245, 138, 239, 255, 145, 111, 48, 214, 85, 95, 80, 111, 117,
       125, 209, 218, 253, 62, 247, 245, 52, 117, 173, 254, 213, 255,
       194, 243, 199, 155, 146, 71, 251, 236, 239, 107, 121, 199, 246,
       188, 205, 255, 189, 179, 88, 30, 115, 255, 73, 4, 247, 254, 212,
       188, 233, 117, 124, 68, 179, 183, 239, 97, 63, 125, 186, 172, 189,
       185, 240, 190, 156, 84, 228, 184, 115, 223, 254, 215, 45, 254,
       254, 185, 251, 247, 118, 103, 217, 183, 222, 157, 215, 247, 255,
       194, 187, 218, 254, 215, 123, 215, 119, 157, 231, 215, 191, 251,
       246, 255, 66, 254, 246, 250, 231, 45, 103, 255, 223, 126, 233,
       117, 249, 93, 181, 46, 217, 53, 147, 111, 253, 174, 137, 199, 240,
       31, 28, 65, 84, 243, 115, 187, 123, 95, 32, 251, 252, 55, 247,
       245, 54, 247, 123, 255, 245, 255, 210, 181, 127, 186, 179, 198,
       251, 220, 123, 111, 57, 171, 230, 55, 29, 235, 190, 189, 90, 92,
       118, 187, 112, 37, 53, 251, 86, 125, 81, 116, 88, 68, 56, 62, 203,
       133, 73, 126, 157, 173, 94, 5, 240, 30, 156, 77, 144, 246, 43,
       221, 93, 6, 32, 242, 255, 244, 125, 255, 255, 191, 95, 24, 255,
       127, 253, 250, 191, 123, 244, 93, 247, 247, 62, 115, 255, 119,
       179, 126, 238, 255, 247, 127, 255, 123, 247, 235, 215, 108, 150,
       255, 218, 121, 249, 247, 114, 222, 121, 47, 209, 20, 245, 95, 153,
       173, 24, 5, 248, 29, 158, 73, 24, 246, 51, 191, 216, 215, 42, 249,
       199, 50, 146, 35, 200, 130, 170, 128, 10, 43, 0, 79, 130, 71, 131,
       17, 102, 11, 153, 130, 201, 37, 75, 73, 134, 194, 122, 231, 130,
       33, 163, 70, 87, 129, 93, 33, 53, 173, 109, 66, 64, 64, 74, 8,
       197, 8, 155, 19, 28, 76, 24, 37, 245, 224, 28, 227, 70, 30, 151,
       129, 132, 83, 112, 102, 212, 174, 222, 219, 232, 151, 234, 193,
       122, 255, 2, 95, 150, 231, 187, 88, 254, 211, 185, 38, 207, 253,
       75, 249, 219, 82, 190, 111, 206, 205, 243, 103, 215, 131, 77, 115,
       114, 253, 255, 126, 112, 124, 232, 126, 221, 28, 253, 179, 221,
       204, 24, 245, 245, 253, 156, 235, 87, 252, 243, 191, 220, 113,
       209, 254, 118, 81, 121, 156, 3, 6, 95, 75, 167, 102, 41, 128, 29,
       234, 180, 118, 246, 246, 2, 100, 10, 242, 144, 35, 220, 130, 230,
       93, 18, 184, 124, 104, 98, 20, 6, 175, 130, 108, 2, 218, 34, 202,
       20, 73, 178, 94, 197, 14, 145, 172, 16, 1, 34, 24, 181, 89, 152,
       114, 121, 188, 125, 86, 42, 177, 214, 17, 155, 20, 217, 6, 91,
       111, 134, 35, 19, 50, 151, 202, 146, 86, 118, 215, 18, 71, 138,
       175, 194, 15, 158, 130, 230, 79, 146, 168, 240, 104, 99, 45, 4,
       191, 2, 60, 3, 214, 128, 64, 133, 72, 193, 12, 129, 31, 211, 172,
       24, 129, 96, 24, 148, 67, 64, 114, 49, 153, 92, 20, 48, 249, 13,
       2, 147, 116, 217, 34, 160, 206, 48, 56, 66, 7, 0, 199, 139, 1, 42,
       76, 129, 98, 228, 173, 206, 58, 14, 138, 146, 131, 218, 65, 33,
       79, 55, 163, 116, 48, 53, 246, 113, 38, 197, 36, 90, 66, 104, 133,
       203, 203, 72, 100, 120, 53, 213, 30, 157, 9, 7, 232, 167, 175,
       204, 6, 35, 244, 7, 36, 192, 32, 221, 130, 6, 0, 32, 0, 132, 32,
       232, 39, 164, 17, 64, 43, 1, 208, 193, 5, 83, 65, 196, 0, 200,
       205, 32, 12, 129, 64, 157, 56, 70, 162, 43, 8, 1, 84, 96, 16, 28,
       1, 85, 85, 166, 77, 17, 110, 8, 4, 240, 25, 88, 9, 30, 147, 151,
       180, 8, 83, 100, 72, 124, 42, 247, 249, 56, 127, 161, 247, 253,
       252, 206, 53, 85, 180, 251, 238, 235, 220, 235, 106, 245, 217,
       238, 179, 95, 105, 156, 135, 109, 199, 59, 255, 253, 3, 117, 186,
       85, 242, 253, 124, 252, 85, 218, 54, 77, 167, 99, 235, 191, 44,
       239, 157, 242, 29, 157, 77, 100, 236, 43, 253, 91, 6, 33, 254 ]
