%YAML:1.0
descriptors: !!opencv-matrix
   rows: 12
   cols: 64
   dt: u
   data: [ 109, 54, 101, 167, 255, 253, 163, 252, 252, 125, 214, 63, 237,
       127, 187, 197, 250, 253, 67, 96, 253, 35, 211, 116, 77, 248, 188,
       175, 250, 28, 115, 235, 215, 36, 87, 186, 83, 122, 233, 116, 252,
       92, 24, 14, 213, 21, 247, 109, 153, 172, 24, 5, 240, 29, 157, 73,
       16, 242, 51, 189, 88, 87, 32, 250, 45, 54, 117, 183, 253, 228,
       191, 216, 252, 253, 198, 119, 237, 127, 161, 69, 235, 245, 39, 98,
       237, 38, 131, 118, 76, 255, 177, 47, 210, 14, 51, 251, 215, 36,
       85, 186, 82, 120, 233, 116, 120, 92, 56, 47, 213, 17, 245, 111,
       153, 172, 24, 5, 240, 29, 156, 73, 16, 242, 51, 189, 88, 87, 32,
       250, 190, 251, 247, 231, 247, 109, 253, 255, 254, 221, 251, 255,
       127, 190, 242, 252, 251, 244, 127, 109, 125, 154, 183, 60, 191,
       255, 255, 187, 255, 222, 118, 189, 112, 109, 127, 255, 214, 117,
       249, 253, 127, 205, 125, 63, 206, 167, 252, 180, 141, 165, 86,
       133, 234, 158, 134, 77, 152, 244, 33, 156, 95, 14, 32, 176, 124,
       59, 247, 245, 54, 119, 121, 255, 213, 252, 215, 181, 127, 250,
       187, 78, 251, 212, 99, 107, 255, 191, 198, 183, 159, 171, 182,
       153, 90, 221, 116, 239, 119, 38, 53, 190, 214, 124, 241, 116, 120,
       93, 245, 46, 207, 165, 193, 111, 157, 172, 221, 133, 242, 28, 156,
       77, 16, 242, 123, 221, 91, 6, 32, 254, 188, 50, 117, 165, 158,
       165, 171, 249, 220, 255, 210, 119, 237, 10, 147, 85, 250, 245, 67,
       98, 249, 34, 154, 252, 140, 184, 119, 171, 222, 223, 115, 255, 71,
       44, 255, 191, 214, 57, 41, 87, 125, 68, 114, 142, 195, 33, 152,
       117, 168, 188, 24, 1, 226, 158, 156, 81, 128, 176, 51, 155, 222,
       7, 32, 182, 90, 57, 219, 214, 54, 131, 216, 118, 82, 177, 87, 213,
       247, 210, 144, 82, 118, 195, 126, 239, 135, 61, 227, 215, 173, 10,
       230, 223, 66, 237, 212, 110, 119, 63, 52, 190, 222, 127, 210, 213,
       209, 221, 245, 110, 171, 46, 129, 111, 159, 174, 139, 199, 112,
       29, 29, 75, 69, 115, 115, 251, 121, 60, 225, 254, 210, 217, 154,
       246, 39, 130, 92, 14, 19, 131, 85, 192, 54, 194, 4, 26, 60, 131,
       52, 223, 134, 45, 225, 67, 175, 211, 227, 95, 67, 33, 196, 104,
       151, 183, 48, 159, 171, 76, 242, 241, 64, 234, 181, 105, 187, 28,
       181, 111, 215, 162, 57, 215, 96, 96, 60, 207, 81, 187, 115, 251,
       57, 117, 145, 235, 213, 217, 223, 215, 32, 194, 217, 102, 3, 133,
       53, 216, 151, 251, 150, 26, 62, 215, 60, 47, 14, 45, 230, 99, 175,
       211, 183, 127, 35, 170, 214, 41, 150, 55, 48, 223, 2, 93, 250,
       223, 241, 187, 169, 99, 187, 28, 249, 46, 213, 160, 115, 215, 112,
       88, 180, 207, 89, 127, 112, 123, 121, 117, 145, 251, 75, 210, 204,
       250, 63, 243, 251, 126, 244, 186, 244, 249, 125, 57, 165, 75, 139,
       253, 251, 251, 225, 115, 207, 127, 37, 123, 251, 183, 95, 69, 53,
       239, 223, 168, 157, 49, 119, 248, 233, 117, 120, 78, 122, 45, 215,
       181, 115, 107, 59, 238, 24, 5, 244, 29, 220, 92, 22, 242, 191,
       157, 219, 211, 32, 255, 86, 5, 145, 214, 0, 14, 92, 67, 2, 64, 1,
       2, 2, 231, 132, 18, 110, 3, 36, 71, 6, 172, 192, 67, 222, 214,
       178, 77, 2, 168, 0, 105, 2, 55, 48, 154, 0, 72, 210, 78, 1, 168,
       145, 227, 173, 24, 229, 14, 193, 164, 112, 83, 32, 26, 52, 75, 1,
       114, 112, 59, 88, 37, 129, 234, 255, 244, 125, 239, 255, 189, 223,
       249, 255, 127, 253, 251, 255, 123, 244, 93, 242, 247, 127, 119,
       253, 119, 179, 124, 238, 255, 255, 63, 255, 123, 255, 191, 215,
       109, 158, 223, 218, 121, 249, 247, 91, 223, 123, 31, 209, 31, 252,
       29, 141, 191, 18, 13, 232, 189, 159, 93, 56, 246, 115, 159, 254,
       223, 46, 185, 76, 50, 147, 245, 252, 160, 234, 252, 0, 235, 193,
       55, 194, 193, 131, 35, 34, 77, 137, 66, 202, 173, 206, 27, 14,
       138, 162, 143, 210, 5, 33, 223, 119, 167, 60, 187, 17, 253, 97,
       215, 64, 96, 147, 78, 235, 13, 203, 19, 24, 44, 120, 49, 241, 190,
       156, 105, 128, 186, 51, 159, 76, 6, 35, 245 ]
