%YAML:1.0
descriptors: !!opencv-matrix
   rows: 7
   cols: 64
   dt: u
   data: [ 63, 244, 237, 172, 63, 253, 189, 125, 253, 254, 252, 253, 253,
       60, 191, 253, 251, 252, 99, 121, 244, 114, 210, 126, 125, 253,
       245, 187, 127, 215, 127, 239, 223, 108, 215, 190, 255, 120, 233,
       125, 120, 221, 127, 47, 213, 53, 247, 111, 185, 172, 152, 13, 240,
       29, 156, 89, 48, 242, 63, 189, 251, 223, 44, 250, 124, 255, 255,
       252, 54, 255, 125, 123, 253, 222, 220, 185, 253, 255, 253, 222,
       251, 253, 107, 111, 125, 126, 208, 247, 221, 255, 247, 189, 127,
       222, 126, 185, 210, 108, 119, 190, 214, 120, 249, 125, 124, 95,
       187, 191, 215, 181, 245, 110, 153, 173, 156, 13, 242, 29, 158, 93,
       56, 246, 123, 191, 91, 215, 42, 250, 186, 252, 125, 175, 191, 253,
       223, 125, 255, 255, 253, 253, 253, 62, 254, 253, 251, 246, 115,
       121, 245, 114, 247, 124, 253, 253, 245, 59, 127, 219, 255, 239,
       213, 108, 223, 254, 214, 121, 233, 125, 122, 221, 127, 63, 213,
       149, 245, 109, 157, 188, 158, 13, 250, 29, 158, 93, 56, 242, 59,
       189, 219, 223, 46, 254, 61, 253, 255, 252, 127, 255, 255, 123,
       255, 215, 253, 248, 255, 124, 252, 221, 255, 247, 127, 107, 246,
       127, 210, 119, 253, 255, 247, 127, 127, 219, 125, 235, 215, 102,
       87, 190, 210, 121, 251, 125, 122, 255, 253, 111, 213, 52, 245,
       111, 157, 172, 152, 77, 250, 29, 159, 93, 49, 246, 115, 191, 91,
       255, 171, 251, 57, 255, 255, 255, 62, 253, 247, 113, 253, 253,
       222, 253, 253, 127, 253, 206, 251, 253, 227, 107, 245, 127, 211,
       247, 249, 127, 247, 191, 127, 215, 255, 235, 223, 110, 87, 190,
       215, 121, 249, 124, 124, 93, 250, 175, 213, 177, 247, 111, 185,
       172, 153, 77, 240, 29, 156, 93, 62, 246, 115, 191, 219, 215, 45,
       250, 60, 179, 125, 246, 54, 189, 189, 121, 247, 254, 215, 240,
       125, 123, 180, 87, 246, 222, 67, 99, 245, 114, 209, 246, 205, 170,
       228, 219, 122, 220, 245, 235, 215, 44, 87, 190, 219, 120, 233,
       117, 120, 92, 57, 47, 212, 53, 247, 111, 153, 172, 24, 5, 240, 29,
       156, 73, 16, 242, 51, 189, 88, 87, 32, 250, 191, 245, 125, 238,
       191, 189, 223, 25, 255, 95, 189, 250, 191, 123, 244, 93, 246, 247,
       54, 241, 117, 118, 145, 116, 252, 183, 241, 123, 255, 59, 255, 57,
       214, 108, 158, 254, 218, 121, 249, 253, 114, 222, 57, 189, 208,
       16, 244, 77, 153, 175, 26, 13, 248, 29, 159, 73, 56, 242, 123,
       157, 122, 215, 42, 249 ]
