%YAML:1.0
descriptors: !!opencv-matrix
   rows: 5
   cols: 64
   dt: u
   data: [ 5, 37, 65, 0, 17, 2, 33, 78, 128, 4, 128, 52, 32, 138, 129,
       71, 226, 84, 3, 100, 65, 130, 128, 34, 76, 136, 168, 9, 210, 8,
       48, 9, 80, 36, 84, 186, 2, 112, 1, 84, 144, 64, 24, 14, 64, 20,
       192, 76, 153, 44, 24, 4, 112, 28, 148, 73, 16, 242, 35, 188, 88,
       86, 32, 249, 4, 33, 225, 144, 16, 6, 41, 111, 128, 198, 195, 52,
       81, 130, 153, 66, 234, 84, 3, 100, 1, 32, 192, 19, 12, 136, 160,
       9, 82, 12, 48, 73, 80, 36, 85, 186, 2, 122, 1, 84, 176, 64, 24,
       14, 68, 20, 225, 110, 153, 44, 24, 5, 112, 29, 148, 73, 16, 242,
       51, 189, 72, 22, 32, 242, 4, 34, 81, 128, 16, 32, 33, 118, 196, 4,
       66, 21, 65, 2, 145, 64, 226, 212, 3, 96, 65, 0, 128, 48, 78, 136,
       172, 9, 210, 12, 48, 9, 80, 36, 84, 186, 80, 112, 1, 84, 208, 80,
       24, 14, 64, 4, 192, 76, 153, 44, 24, 4, 240, 28, 140, 73, 16, 242,
       35, 188, 88, 86, 32, 248, 4, 34, 129, 160, 16, 96, 32, 118, 0,
       194, 194, 20, 65, 133, 145, 34, 139, 76, 129, 96, 0, 0, 204, 17,
       76, 136, 8, 1, 16, 12, 48, 73, 116, 4, 85, 186, 16, 112, 1, 20,
       32, 96, 24, 6, 70, 132, 96, 232, 24, 44, 120, 4, 209, 28, 132, 8,
       128, 224, 35, 156, 72, 70, 32, 242, 4, 35, 65, 144, 16, 4, 1, 71,
       0, 70, 1, 20, 81, 132, 145, 66, 226, 84, 1, 96, 2, 160, 192, 3,
       12, 136, 160, 9, 18, 8, 48, 73, 80, 36, 85, 186, 0, 120, 1, 84,
       16, 64, 16, 14, 64, 20, 193, 78, 25, 44, 24, 5, 112, 24, 148, 73,
       16, 98, 51, 156, 72, 70, 32, 242 ]
