%YAML:1.0
descriptors: !!opencv-matrix
   rows: 9
   cols: 64
   dt: u
   data: [ 39, 22, 80, 2, 157, 128, 5, 72, 162, 64, 129, 112, 172, 75,
       132, 21, 98, 196, 1, 96, 193, 34, 129, 100, 68, 152, 160, 9, 18,
       8, 33, 105, 214, 36, 84, 186, 66, 56, 1, 84, 68, 66, 24, 139, 192,
       16, 192, 79, 152, 164, 24, 4, 112, 24, 156, 73, 16, 242, 51, 156,
       88, 87, 32, 249, 35, 20, 64, 2, 157, 128, 5, 8, 98, 64, 0, 113,
       168, 11, 132, 85, 98, 246, 5, 80, 193, 34, 137, 100, 68, 152, 96,
       11, 146, 8, 1, 105, 149, 36, 84, 186, 66, 112, 1, 116, 64, 66, 24,
       139, 80, 16, 212, 77, 144, 36, 24, 4, 112, 24, 140, 73, 16, 178,
       51, 188, 24, 87, 32, 248, 7, 34, 65, 160, 153, 32, 35, 72, 164,
       68, 130, 52, 97, 15, 137, 65, 226, 84, 1, 96, 193, 0, 136, 112,
       76, 136, 40, 9, 146, 8, 49, 73, 80, 36, 84, 186, 64, 114, 1, 84,
       128, 64, 24, 14, 64, 4, 192, 68, 24, 36, 24, 4, 112, 28, 141, 73,
       16, 224, 35, 188, 72, 70, 32, 240, 252, 255, 255, 253, 54, 255,
       255, 243, 253, 255, 254, 251, 223, 253, 253, 238, 249, 253, 255,
       239, 245, 127, 210, 247, 253, 127, 247, 247, 109, 215, 255, 251,
       207, 122, 231, 238, 255, 123, 249, 125, 126, 191, 255, 191, 247,
       247, 247, 111, 191, 175, 169, 207, 250, 93, 159, 93, 126, 247,
       127, 255, 251, 255, 237, 254, 117, 37, 241, 146, 16, 7, 37, 111,
       198, 70, 193, 52, 113, 142, 147, 70, 234, 212, 3, 100, 1, 163,
       192, 55, 76, 136, 164, 13, 82, 8, 48, 41, 210, 36, 85, 186, 66,
       120, 1, 84, 48, 72, 56, 47, 212, 20, 229, 110, 153, 172, 24, 5,
       112, 28, 156, 73, 16, 242, 51, 189, 88, 86, 32, 250, 38, 35, 65,
       162, 23, 132, 9, 73, 198, 70, 3, 52, 33, 10, 177, 85, 226, 212, 1,
       96, 193, 34, 129, 116, 76, 136, 160, 9, 82, 8, 49, 41, 84, 36, 84,
       186, 66, 120, 1, 84, 16, 64, 24, 14, 192, 20, 192, 78, 153, 172,
       24, 5, 112, 29, 156, 73, 16, 242, 51, 188, 88, 86, 32, 248, 47,
       34, 101, 128, 23, 149, 5, 88, 230, 70, 145, 48, 125, 59, 176, 69,
       226, 212, 3, 96, 193, 34, 128, 116, 76, 136, 164, 9, 82, 12, 49,
       105, 212, 36, 84, 186, 82, 120, 1, 84, 80, 88, 24, 15, 208, 20,
       228, 77, 153, 172, 24, 5, 240, 29, 156, 73, 16, 242, 51, 156, 88,
       87, 32, 248, 38, 33, 225, 154, 16, 68, 5, 78, 198, 198, 9, 180,
       81, 134, 181, 114, 235, 212, 1, 101, 3, 128, 228, 55, 76, 137,
       164, 9, 83, 8, 48, 41, 240, 36, 85, 186, 66, 112, 1, 84, 50, 90,
       56, 46, 212, 20, 228, 108, 153, 172, 16, 5, 112, 29, 148, 73, 16,
       242, 33, 188, 88, 86, 34, 251, 54, 49, 81, 130, 21, 70, 9, 79,
       198, 70, 59, 52, 33, 138, 147, 119, 227, 212, 0, 100, 3, 130, 193,
       38, 76, 129, 160, 9, 18, 8, 48, 41, 240, 36, 85, 154, 66, 112,
       129, 84, 48, 88, 56, 15, 212, 20, 228, 108, 153, 172, 16, 5, 112,
       29, 148, 73, 16, 242, 49, 188, 88, 86, 32, 248 ]
