%YAML:1.0
descriptors: !!opencv-matrix
   rows: 39
   cols: 64
   dt: u
   data: [ 68, 35, 113, 128, 16, 6, 34, 101, 192, 66, 2, 20, 65, 130,
       145, 66, 226, 212, 3, 100, 73, 128, 128, 16, 12, 136, 172, 9, 210,
       12, 48, 8, 112, 36, 84, 186, 64, 114, 1, 84, 144, 64, 24, 14, 64,
       20, 192, 76, 153, 44, 16, 4, 112, 28, 132, 73, 16, 240, 35, 188,
       88, 86, 32, 248, 70, 33, 65, 130, 81, 2, 1, 79, 194, 64, 147, 52,
       97, 134, 130, 82, 226, 212, 1, 100, 65, 128, 128, 34, 78, 136,
       168, 9, 210, 8, 48, 41, 80, 36, 85, 186, 66, 112, 1, 84, 16, 64,
       24, 14, 64, 28, 228, 204, 153, 44, 16, 4, 112, 28, 132, 73, 16,
       240, 33, 188, 88, 86, 32, 248, 2, 193, 8, 154, 3, 88, 4, 6, 37,
       66, 41, 136, 24, 172, 44, 175, 137, 116, 32, 101, 2, 208, 244, 35,
       65, 197, 129, 40, 19, 10, 16, 1, 144, 4, 83, 138, 66, 64, 3, 32,
       38, 250, 60, 41, 22, 22, 116, 236, 17, 168, 86, 4, 2, 25, 166, 12,
       152, 224, 32, 60, 89, 84, 2, 243, 8, 206, 45, 136, 34, 93, 4, 117,
       41, 84, 62, 4, 92, 53, 125, 160, 133, 216, 65, 232, 84, 80, 16,
       176, 89, 37, 5, 144, 45, 214, 29, 9, 240, 80, 81, 136, 74, 66,
       136, 40, 182, 29, 24, 55, 84, 166, 228, 108, 147, 9, 133, 14, 146,
       29, 131, 28, 52, 194, 10, 188, 64, 202, 106, 248, 2, 197, 8, 142,
       34, 156, 28, 1, 3, 66, 61, 128, 16, 32, 124, 18, 141, 18, 32, 145,
       134, 112, 80, 66, 89, 149, 145, 120, 3, 186, 149, 65, 130, 20,
       211, 0, 138, 72, 170, 43, 32, 159, 37, 105, 180, 20, 244, 111,
       147, 138, 129, 15, 38, 1, 123, 24, 17, 67, 18, 49, 17, 219, 104,
       202, 4, 1, 129, 144, 0, 6, 33, 71, 0, 70, 3, 4, 1, 129, 147, 2, 2,
       84, 1, 100, 2, 160, 196, 35, 76, 136, 132, 8, 16, 8, 48, 9, 112,
       36, 84, 186, 0, 96, 1, 84, 144, 64, 24, 10, 64, 20, 65, 78, 25,
       44, 16, 4, 112, 24, 148, 8, 16, 98, 33, 188, 72, 86, 32, 241, 130,
       1, 136, 150, 39, 2, 88, 6, 18, 130, 21, 192, 18, 128, 0, 18, 4,
       18, 4, 147, 2, 44, 225, 3, 8, 130, 162, 72, 82, 32, 132, 97, 146,
       52, 48, 160, 3, 72, 194, 193, 80, 234, 181, 105, 178, 20, 129,
       110, 19, 170, 24, 5, 112, 24, 252, 64, 17, 51, 51, 249, 25, 50,
       128, 235, 1, 7, 21, 36, 0, 32, 40, 82, 32, 92, 66, 1, 64, 65, 1,
       1, 100, 76, 129, 96, 192, 32, 0, 242, 76, 8, 160, 192, 88, 4, 33,
       65, 80, 48, 80, 168, 17, 32, 0, 96, 68, 4, 26, 142, 224, 0, 194,
       78, 24, 36, 24, 5, 240, 28, 156, 73, 16, 242, 19, 148, 72, 70, 32,
       248, 5, 7, 4, 8, 0, 64, 36, 118, 0, 76, 10, 5, 64, 133, 11, 163,
       9, 72, 129, 36, 64, 128, 4, 130, 74, 8, 0, 128, 128, 4, 40, 1, 80,
       18, 113, 40, 0, 98, 4, 0, 37, 32, 24, 6, 76, 128, 102, 192, 0, 0,
       108, 52, 1, 90, 0, 8, 135, 8, 1, 32, 68, 70, 1, 224, 5, 7, 65, 0,
       17, 0, 33, 94, 32, 2, 130, 4, 64, 5, 137, 3, 130, 76, 1, 96, 64,
       0, 192, 51, 76, 136, 128, 1, 80, 12, 32, 73, 80, 36, 85, 186, 16,
       50, 1, 20, 48, 80, 24, 14, 68, 0, 64, 76, 25, 44, 24, 4, 112, 29,
       156, 8, 16, 226, 35, 188, 72, 86, 32, 240, 76, 35, 163, 176, 0,
       103, 40, 231, 0, 130, 195, 20, 81, 132, 155, 162, 137, 76, 3, 100,
       0, 128, 196, 147, 13, 136, 164, 136, 64, 132, 48, 136, 112, 4, 85,
       170, 0, 118, 1, 68, 176, 64, 16, 46, 70, 132, 2, 108, 25, 44, 24,
       5, 112, 29, 148, 72, 128, 226, 1, 188, 76, 6, 32, 242, 1, 134, 12,
       128, 36, 21, 129, 50, 52, 212, 22, 68, 8, 57, 17, 5, 4, 124, 192,
       41, 208, 98, 192, 226, 9, 48, 4, 0, 60, 0, 17, 73, 212, 80, 209,
       32, 86, 72, 8, 32, 244, 21, 58, 166, 144, 160, 112, 111, 18, 152,
       153, 13, 176, 9, 152, 12, 51, 66, 50, 156, 66, 211, 12, 250, 0, 7,
       4, 128, 32, 29, 128, 3, 39, 84, 6, 68, 24, 61, 120, 4, 4, 120,
       192, 168, 208, 112, 208, 99, 89, 48, 4, 80, 60, 146, 25, 65, 148,
       80, 83, 0, 64, 74, 138, 8, 244, 53, 8, 167, 4, 132, 116, 110, 17,
       8, 137, 12, 178, 9, 155, 28, 59, 67, 50, 164, 66, 27, 12, 218, 5,
       6, 1, 0, 16, 2, 32, 79, 128, 0, 0, 20, 64, 5, 129, 3, 194, 68, 1,
       100, 64, 128, 128, 0, 76, 136, 12, 1, 16, 8, 48, 8, 80, 36, 85,
       186, 0, 112, 1, 20, 32, 64, 24, 14, 68, 20, 64, 204, 25, 44, 24,
       4, 80, 24, 132, 8, 16, 224, 35, 188, 72, 70, 32, 248, 1, 13, 136,
       136, 0, 90, 4, 7, 33, 194, 46, 132, 16, 180, 45, 171, 13, 40, 33,
       164, 0, 16, 80, 131, 81, 5, 0, 0, 1, 0, 16, 1, 148, 18, 81, 128,
       1, 74, 10, 0, 34, 49, 60, 33, 20, 22, 100, 236, 17, 8, 40, 20, 17,
       73, 0, 8, 19, 64, 2, 52, 64, 112, 64, 234, 0, 1, 138, 152, 0, 82,
       4, 7, 33, 194, 1, 128, 16, 132, 39, 11, 9, 24, 32, 69, 2, 148, 68,
       3, 65, 129, 128, 0, 1, 0, 16, 1, 208, 20, 145, 138, 0, 76, 2, 0,
       50, 42, 60, 41, 22, 28, 101, 238, 17, 168, 48, 20, 17, 25, 244, 8,
       145, 98, 41, 61, 65, 80, 66, 227, 34, 0, 1, 130, 153, 128, 4, 9,
       70, 64, 1, 48, 161, 2, 128, 85, 98, 86, 0, 0, 192, 0, 129, 96, 76,
       128, 40, 9, 18, 8, 17, 72, 84, 36, 84, 154, 2, 112, 1, 84, 0, 64,
       24, 11, 64, 20, 196, 77, 145, 36, 16, 4, 48, 24, 156, 73, 16, 114,
       50, 188, 88, 87, 32, 248, 62, 49, 117, 160, 23, 164, 13, 73, 230,
       70, 145, 48, 109, 43, 180, 85, 226, 212, 3, 100, 65, 34, 128, 116,
       76, 152, 160, 9, 82, 8, 48, 41, 212, 36, 84, 186, 82, 120, 1, 116,
       80, 72, 24, 15, 208, 20, 228, 76, 153, 172, 24, 5, 240, 28, 156,
       73, 16, 242, 51, 188, 88, 87, 32, 248, 2, 2, 1, 130, 136, 128, 2,
       1, 2, 64, 0, 4, 0, 2, 0, 17, 70, 70, 0, 0, 192, 0, 8, 64, 76, 128,
       8, 9, 130, 8, 1, 0, 16, 132, 16, 154, 0, 64, 1, 66, 0, 64, 8, 0,
       0, 20, 192, 4, 0, 36, 16, 4, 32, 0, 4, 43, 16, 32, 0, 20, 64, 70,
       32, 176, 68, 33, 225, 144, 16, 6, 33, 110, 192, 70, 195, 52, 65,
       130, 147, 66, 234, 84, 3, 100, 11, 129, 192, 51, 76, 136, 164, 9,
       82, 8, 48, 41, 80, 36, 84, 186, 2, 112, 1, 84, 144, 64, 24, 14,
       64, 28, 65, 206, 153, 44, 24, 4, 112, 28, 148, 73, 16, 242, 33,
       184, 88, 86, 32, 248, 1, 3, 1, 0, 0, 2, 0, 66, 0, 0, 2, 5, 64, 69,
       128, 1, 98, 68, 1, 100, 64, 32, 0, 67, 76, 136, 0, 8, 16, 8, 0, 9,
       84, 36, 80, 186, 0, 98, 1, 68, 0, 80, 24, 6, 64, 4, 228, 78, 16,
       36, 24, 4, 112, 24, 140, 9, 16, 98, 19, 188, 72, 70, 32, 248, 0,
       1, 129, 16, 1, 2, 32, 110, 128, 130, 131, 4, 1, 128, 129, 2, 74,
       20, 1, 68, 2, 130, 196, 3, 68, 136, 128, 8, 16, 8, 32, 8, 104, 38,
       85, 186, 0, 98, 1, 84, 144, 96, 16, 14, 64, 20, 1, 206, 25, 44,
       24, 4, 112, 28, 148, 0, 16, 98, 35, 188, 72, 70, 32, 240, 2, 193,
       8, 154, 3, 64, 92, 7, 7, 194, 45, 136, 16, 130, 36, 31, 15, 18,
       36, 5, 10, 144, 228, 2, 101, 149, 161, 41, 19, 42, 20, 48, 128,
       20, 144, 202, 2, 77, 2, 210, 34, 202, 36, 105, 182, 28, 100, 44,
       83, 136, 50, 4, 8, 1, 100, 186, 145, 34, 40, 120, 29, 80, 18, 163,
       3, 194, 0, 136, 1, 88, 4, 70, 33, 80, 46, 4, 16, 53, 77, 160, 137,
       0, 129, 32, 64, 0, 128, 32, 85, 149, 1, 0, 39, 130, 11, 65, 144,
       0, 81, 128, 32, 66, 136, 40, 39, 180, 56, 33, 20, 146, 116, 104,
       1, 33, 101, 4, 144, 5, 163, 8, 48, 64, 42, 36, 64, 71, 32, 216,
       92, 41, 146, 213, 34, 195, 248, 230, 14, 130, 211, 20, 83, 192,
       155, 242, 126, 209, 67, 71, 7, 45, 198, 83, 141, 138, 182, 77, 66,
       140, 182, 56, 118, 38, 117, 155, 82, 126, 203, 84, 144, 80, 181,
       78, 227, 14, 129, 46, 155, 172, 16, 5, 114, 29, 149, 65, 0, 242,
       49, 249, 88, 55, 33, 243, 72, 3, 180, 48, 0, 55, 32, 118, 132,
       134, 195, 6, 64, 205, 19, 3, 108, 232, 67, 230, 112, 162, 81, 150,
       28, 56, 180, 200, 64, 132, 160, 128, 74, 44, 71, 174, 81, 40, 1,
       72, 60, 64, 16, 142, 69, 225, 131, 78, 24, 44, 24, 1, 240, 28,
       156, 65, 0, 226, 19, 149, 72, 3, 32, 242, 187, 212, 74, 119, 191,
       224, 217, 189, 212, 251, 253, 127, 170, 78, 3, 116, 43, 150, 20,
       155, 233, 170, 175, 126, 46, 143, 242, 51, 223, 123, 39, 127, 47,
       173, 188, 113, 255, 245, 250, 183, 91, 236, 203, 88, 202, 5, 153,
       123, 107, 223, 95, 133, 220, 162, 252, 225, 211, 179, 254, 91,
