%YAML:1.0
descriptors: !!opencv-matrix
   rows: 16
   cols: 64
   dt: u
   data: [ 63, 182, 125, 168, 63, 181, 189, 125, 246, 254, 212, 177, 125,
       63, 185, 85, 250, 252, 67, 112, 241, 114, 209, 118, 204, 168, 228,
       203, 90, 92, 241, 235, 215, 44, 87, 190, 90, 120, 169, 116, 120,
       92, 56, 47, 212, 21, 247, 111, 153, 172, 24, 5, 240, 29, 156, 73,
       16, 242, 51, 189, 88, 87, 32, 250, 45, 54, 101, 162, 159, 181,
       161, 124, 244, 126, 194, 53, 237, 63, 185, 69, 226, 252, 67, 96,
       241, 98, 219, 116, 76, 168, 164, 131, 122, 92, 49, 235, 213, 36,
       87, 186, 83, 122, 169, 116, 124, 84, 26, 14, 84, 37, 242, 77, 153,
       172, 24, 5, 240, 29, 156, 73, 16, 242, 51, 188, 88, 87, 32, 250,
       46, 50, 113, 162, 29, 32, 35, 93, 196, 106, 194, 53, 97, 10, 177,
       85, 226, 212, 3, 64, 193, 34, 129, 118, 76, 136, 160, 9, 82, 12,
       49, 232, 85, 36, 84, 186, 82, 112, 1, 84, 88, 64, 16, 14, 192, 21,
       192, 79, 153, 44, 24, 5, 240, 28, 156, 73, 16, 242, 51, 188, 88,
       86, 32, 248, 61, 181, 125, 182, 55, 61, 189, 122, 247, 220, 215,
       241, 125, 127, 180, 86, 242, 246, 67, 99, 245, 114, 209, 119, 221,
       190, 228, 217, 122, 220, 245, 233, 222, 44, 87, 190, 210, 120,
       201, 125, 120, 93, 61, 47, 212, 53, 245, 111, 153, 172, 24, 5,
       240, 29, 156, 73, 24, 242, 51, 189, 88, 87, 32, 250, 45, 50, 117,
       160, 31, 177, 163, 120, 244, 60, 194, 53, 109, 59, 177, 69, 226,
       212, 3, 96, 225, 34, 136, 124, 76, 184, 160, 139, 90, 76, 49, 239,
       85, 36, 85, 186, 82, 112, 33, 116, 124, 84, 26, 14, 196, 5, 192,
       79, 153, 172, 24, 5, 240, 29, 156, 73, 16, 242, 51, 156, 88, 87,
       32, 248, 119, 49, 113, 150, 87, 6, 7, 78, 230, 68, 145, 49, 109,
       203, 144, 87, 226, 213, 3, 100, 65, 129, 128, 55, 78, 136, 168,
       13, 210, 8, 48, 41, 208, 36, 84, 186, 82, 112, 1, 244, 80, 88, 24,
       15, 192, 20, 192, 76, 153, 172, 24, 5, 240, 28, 156, 73, 16, 242,
       51, 188, 88, 86, 32, 248, 61, 50, 117, 164, 54, 55, 41, 126, 244,
       124, 242, 53, 77, 59, 177, 119, 242, 212, 67, 96, 225, 32, 192,
       54, 204, 168, 164, 137, 90, 12, 113, 233, 113, 36, 84, 186, 82,
       112, 129, 244, 216, 92, 24, 14, 192, 4, 192, 78, 153, 172, 24, 5,
       240, 28, 156, 73, 16, 242, 51, 156, 88, 86, 32, 249, 61, 50, 117,
       168, 31, 245, 165, 124, 244, 252, 202, 53, 125, 62, 185, 101, 243,
       252, 195, 96, 241, 34, 196, 119, 76, 168, 164, 137, 90, 76, 121,
       235, 245, 36, 85, 186, 82, 122, 137, 116, 120, 85, 26, 46, 84,
       149, 228, 111, 153, 172, 24, 5, 242, 29, 156, 73, 16, 242, 51,
       188, 88, 87, 32, 250, 61, 54, 245, 160, 92, 183, 163, 122, 244,
       126, 194, 53, 237, 91, 145, 85, 242, 253, 195, 96, 241, 103, 200,
       247, 206, 168, 108, 143, 90, 76, 113, 235, 95, 36, 213, 190, 84,
       120, 9, 116, 92, 68, 26, 14, 65, 161, 195, 79, 152, 44, 24, 5,
       240, 28, 156, 73, 16, 242, 51, 157, 90, 87, 36, 248, 102, 34, 97,
       160, 145, 164, 35, 73, 196, 70, 131, 52, 225, 10, 145, 71, 226,
       212, 3, 100, 73, 128, 128, 52, 76, 136, 168, 13, 82, 12, 49, 41,
       80, 36, 85, 186, 82, 120, 1, 84, 208, 80, 24, 14, 192, 20, 192,
       76, 153, 172, 24, 5, 240, 29, 156, 73, 16, 242, 51, 188, 88, 86,
       32, 248, 4, 35, 145, 214, 0, 0, 64, 102, 2, 32, 3, 21, 0, 71, 129,
       2, 106, 64, 0, 2, 194, 40, 192, 3, 12, 130, 130, 9, 2, 8, 1, 72,
       23, 38, 21, 186, 16, 32, 67, 68, 0, 96, 152, 66, 96, 4, 193, 78,
       17, 44, 25, 65, 48, 24, 28, 73, 1, 98, 19, 145, 72, 38, 33, 234,
       55, 54, 113, 162, 221, 38, 15, 73, 198, 70, 209, 50, 109, 75, 144,
       85, 226, 212, 5, 100, 65, 128, 128, 116, 78, 136, 168, 9, 210, 8,
       49, 41, 80, 36, 84, 186, 66, 112, 1, 212, 80, 74, 24, 14, 208, 20,
       192, 76, 153, 172, 24, 5, 112, 28, 156, 73, 16, 242, 51, 188, 88,
       86, 32, 249, 7, 6, 0, 2, 137, 128, 4, 8, 0, 0, 0, 97, 160, 11,
       128, 1, 2, 4, 133, 0, 192, 0, 136, 96, 64, 128, 0, 1, 146, 8, 1,
       65, 20, 132, 84, 146, 32, 128, 1, 132, 69, 0, 8, 129, 64, 0, 228,
       65, 0, 36, 24, 4, 36, 0, 140, 9, 0, 34, 2, 128, 8, 70, 32, 72, 7,
       2, 65, 130, 217, 0, 2, 200, 2, 2, 2, 22, 128, 3, 129, 16, 66, 68,
       5, 100, 72, 128, 136, 96, 14, 128, 8, 9, 146, 8, 1, 25, 48, 36,
       84, 154, 0, 114, 5, 214, 128, 64, 8, 8, 64, 12, 64, 132, 1, 44,
       16, 4, 16, 26, 132, 43, 16, 96, 32, 60, 76, 70, 32, 177, 6, 34,
       65, 34, 17, 128, 4, 73, 192, 0, 128, 48, 97, 3, 128, 16, 226, 196,
       3, 96, 193, 34, 129, 118, 76, 136, 164, 9, 82, 12, 33, 104, 212,
       36, 84, 186, 82, 56, 1, 116, 112, 88, 24, 143, 208, 20, 228, 79,
       153, 172, 24, 1, 240, 28, 156, 73, 16, 242, 51, 188, 88, 87, 32,
       248, 53, 54, 112, 34, 17, 164, 35, 124, 128, 102, 195, 52, 160,
       11, 131, 6, 226, 196, 3, 96, 193, 35, 195, 116, 76, 136, 172, 13,
       82, 12, 33, 105, 85, 36, 85, 186, 82, 56, 129, 84, 208, 84, 24,
       142, 192, 16, 193, 79, 153, 172, 24, 1, 240, 29, 156, 73, 16, 242,
       51, 188, 88, 87, 32, 250 ]
