%YAML:1.0
descriptors: !!opencv-matrix
   rows: 39
   cols: 64
   dt: u
   data: [ 7, 38, 97, 160, 153, 132, 1, 72, 132, 68, 3, 48, 129, 11, 144,
       69, 226, 212, 5, 96, 65, 2, 128, 112, 76, 136, 40, 9, 210, 8, 49,
       41, 80, 36, 84, 154, 66, 112, 1, 212, 144, 64, 24, 14, 64, 20,
       192, 4, 153, 36, 16, 4, 112, 28, 132, 73, 16, 242, 35, 188, 88,
       86, 32, 249, 4, 33, 193, 144, 16, 6, 32, 111, 132, 66, 3, 52, 81,
       134, 145, 66, 226, 84, 1, 100, 3, 160, 192, 51, 12, 136, 164, 9,
       82, 8, 48, 8, 112, 36, 85, 186, 0, 120, 1, 84, 16, 64, 24, 14, 64,
       20, 65, 78, 153, 44, 24, 4, 112, 28, 148, 73, 16, 242, 35, 188,
       72, 70, 32, 240, 76, 35, 163, 176, 0, 103, 40, 119, 0, 130, 195,
       20, 81, 132, 155, 66, 136, 72, 67, 70, 14, 160, 68, 147, 13, 8,
       132, 128, 64, 132, 48, 136, 98, 20, 69, 170, 16, 122, 193, 68,
       152, 112, 20, 14, 70, 36, 131, 110, 27, 44, 24, 5, 114, 29, 20,
       72, 0, 226, 19, 185, 72, 6, 96, 242, 29, 34, 109, 8, 16, 181, 43,
       116, 192, 174, 211, 20, 73, 33, 153, 2, 64, 76, 67, 96, 249, 96,
       194, 145, 12, 40, 172, 140, 64, 132, 49, 200, 117, 4, 133, 170,
       88, 58, 1, 92, 188, 64, 24, 142, 80, 160, 194, 78, 27, 44, 24, 1,
       112, 29, 28, 89, 0, 226, 27, 152, 72, 134, 104, 241, 70, 33, 226,
       21, 31, 130, 137, 79, 134, 162, 131, 52, 209, 202, 163, 87, 96,
       213, 3, 82, 203, 47, 198, 71, 4, 136, 166, 13, 82, 12, 49, 106,
       103, 44, 5, 186, 82, 56, 1, 86, 144, 64, 16, 14, 192, 68, 129, 79,
       153, 44, 24, 5, 112, 28, 156, 65, 16, 114, 51, 189, 72, 6, 32,
       242, 131, 211, 0, 119, 173, 128, 220, 0, 6, 43, 41, 66, 162, 77,
       64, 17, 36, 35, 36, 211, 198, 46, 137, 79, 4, 150, 231, 122, 18,
       35, 165, 86, 99, 190, 202, 21, 225, 172, 242, 131, 107, 106, 225,
       233, 230, 81, 159, 27, 96, 211, 16, 67, 108, 128, 253, 225, 3, 19,
       214, 151, 164, 115, 145, 36, 155, 208, 16, 39, 255, 160, 254, 136,
       82, 59, 248, 107, 166, 66, 0, 49, 118, 138, 5, 210, 233, 42, 173,
       92, 166, 14, 227, 235, 210, 39, 225, 118, 123, 173, 60, 117, 127,
       165, 32, 247, 75, 74, 74, 74, 202, 85, 154, 93, 232, 215, 88, 5,
       236, 134, 248, 225, 151, 179, 183, 150, 180, 34, 178, 5, 84, 43,
       215, 89, 112, 243, 170, 254, 192, 186, 210, 53, 65, 133, 155, 130,
       11, 205, 219, 110, 140, 169, 206, 155, 13, 72, 174, 132, 64, 12,
       33, 90, 125, 7, 117, 187, 20, 190, 197, 84, 184, 100, 153, 46,
       103, 172, 1, 250, 27, 44, 124, 241, 177, 125, 156, 72, 196, 234,
       11, 217, 72, 6, 35, 246, 114, 33, 129, 146, 66, 134, 11, 71, 198,
       102, 19, 22, 209, 198, 147, 82, 98, 85, 0, 102, 138, 165, 194, 7,
       30, 192, 164, 13, 2, 136, 16, 72, 71, 36, 69, 186, 2, 120, 65, 86,
       32, 64, 20, 10, 197, 28, 161, 79, 153, 172, 24, 5, 48, 25, 156,
       65, 0, 114, 51, 185, 88, 86, 32, 250, 98, 35, 101, 146, 86, 135,
       3, 126, 230, 4, 151, 20, 121, 57, 17, 66, 194, 85, 67, 116, 208,
       35, 193, 167, 12, 160, 140, 12, 50, 24, 16, 9, 216, 44, 20, 186,
       74, 122, 1, 84, 148, 81, 28, 14, 64, 36, 192, 78, 17, 44, 153, 4,
       50, 24, 156, 73, 8, 114, 51, 152, 72, 22, 36, 249, 69, 6, 64, 0,
       221, 130, 7, 88, 160, 32, 128, 34, 160, 73, 128, 5, 66, 101, 1,
       96, 192, 7, 138, 97, 70, 136, 8, 13, 146, 8, 33, 73, 87, 36, 84,
       186, 0, 48, 5, 84, 4, 64, 24, 139, 64, 16, 196, 71, 24, 36, 24, 4,
       112, 24, 156, 9, 24, 34, 51, 156, 72, 86, 32, 120, 39, 54, 65, 2,
       157, 128, 7, 72, 226, 0, 16, 112, 168, 11, 132, 81, 226, 212, 5,
       96, 193, 34, 129, 100, 76, 152, 160, 9, 18, 8, 1, 105, 212, 36,
       84, 186, 66, 120, 1, 84, 64, 66, 24, 11, 208, 16, 244, 77, 145,
       164, 24, 4, 96, 24, 156, 73, 16, 242, 51, 156, 88, 87, 32, 249, 1,
       6, 44, 136, 7, 21, 7, 57, 164, 70, 40, 0, 9, 45, 61, 37, 129, 116,
       65, 32, 80, 114, 144, 96, 64, 164, 9, 0, 16, 26, 25, 9, 220, 4,
       211, 168, 66, 96, 9, 32, 48, 80, 24, 143, 84, 20, 116, 76, 19, 44,
       24, 4, 176, 25, 204, 24, 16, 98, 34, 188, 72, 215, 40, 248, 3, 5,
       12, 130, 7, 12, 0, 3, 38, 68, 23, 68, 24, 61, 52, 4, 0, 16, 4,
       177, 16, 2, 144, 98, 88, 144, 128, 8, 48, 154, 24, 9, 144, 44, 64,
       138, 74, 74, 0, 136, 144, 145, 24, 139, 128, 20, 228, 76, 17, 32,
       129, 12, 48, 9, 144, 8, 56, 98, 50, 60, 64, 23, 38, 216, 12, 35,
       97, 176, 16, 37, 33, 127, 128, 198, 195, 52, 81, 6, 153, 66, 202,
       84, 3, 96, 65, 32, 196, 51, 76, 136, 164, 9, 82, 12, 48, 73, 84,
       36, 85, 186, 16, 122, 129, 84, 176, 84, 24, 14, 68, 20, 193, 110,
       153, 44, 24, 5, 240, 29, 156, 73, 16, 226, 51, 189, 72, 86, 32,
       242, 1, 6, 4, 0, 200, 130, 2, 80, 32, 68, 2, 4, 64, 45, 33, 1,
       128, 96, 65, 228, 208, 0, 24, 224, 64, 32, 8, 4, 48, 4, 9, 65, 92,
       36, 83, 170, 0, 34, 5, 8, 4, 0, 24, 134, 68, 224, 192, 64, 16, 36,
       24, 0, 19, 24, 136, 8, 8, 98, 3, 148, 72, 70, 32, 96, 0, 10, 163,
       137, 200, 69, 132, 197, 45, 198, 10, 4, 17, 36, 59, 164, 137, 120,
       1, 36, 72, 129, 94, 0, 95, 197, 28, 0, 129, 130, 26, 3, 101, 0,
       83, 8, 16, 98, 77, 8, 32, 20, 20, 34, 69, 150, 100, 160, 25, 8,
       88, 36, 147, 95, 132, 8, 144, 64, 40, 44, 68, 71, 0, 240, 12, 204,
       43, 137, 128, 85, 161, 205, 189, 196, 46, 140, 17, 60, 123, 164,
       137, 92, 129, 98, 72, 144, 222, 48, 93, 197, 24, 32, 193, 130, 27,
       27, 244, 0, 81, 168, 16, 98, 201, 40, 50, 53, 60, 38, 84, 150,
       116, 96, 25, 44, 94, 5, 145, 29, 132, 72, 16, 224, 43, 188, 72,
       70, 34, 248, 131, 200, 138, 139, 7, 64, 149, 142, 30, 195, 60,
       200, 19, 12, 39, 141, 9, 84, 52, 23, 0, 147, 230, 32, 45, 213, 25,
       34, 211, 11, 18, 59, 212, 36, 153, 202, 18, 101, 109, 48, 112, 90,
       44, 41, 151, 28, 116, 176, 91, 136, 26, 5, 153, 17, 244, 106, 144,
       160, 40, 57, 20, 85, 0, 250, 7, 36, 0, 2, 201, 130, 6, 73, 98, 0,
       128, 34, 224, 99, 128, 1, 66, 1, 3, 212, 193, 33, 1, 68, 70, 128,
       200, 13, 130, 12, 1, 0, 156, 36, 69, 186, 8, 48, 1, 84, 32, 80,
       24, 11, 85, 85, 164, 77, 25, 44, 24, 4, 112, 24, 88, 73, 16, 114,
       19, 180, 8, 87, 32, 72, 130, 206, 10, 139, 160, 216, 150, 129, 59,
       211, 46, 202, 146, 50, 108, 168, 141, 19, 60, 175, 140, 80, 46,
       96, 97, 87, 25, 38, 5, 11, 19, 18, 180, 208, 89, 64, 82, 75, 238,
       162, 242, 61, 40, 53, 149, 30, 124, 49, 145, 201, 54, 37, 157,
       197, 233, 234, 19, 208, 32, 45, 81, 89, 80, 186, 1, 207, 4, 142,
       32, 76, 149, 7, 47, 196, 47, 136, 24, 61, 125, 175, 139, 116, 36,
       41, 6, 32, 244, 35, 73, 213, 145, 56, 49, 10, 18, 25, 144, 36,
       113, 154, 66, 72, 234, 36, 51, 61, 56, 39, 181, 22, 244, 110, 129,
       168, 86, 5, 176, 29, 148, 8, 16, 226, 48, 61, 80, 69, 32, 250,
       131, 205, 10, 143, 39, 81, 144, 174, 28, 209, 191, 207, 58, 56,
       75, 174, 139, 144, 36, 223, 4, 128, 229, 48, 109, 223, 153, 34,
       215, 14, 2, 59, 248, 36, 117, 250, 82, 113, 233, 52, 113, 92, 56,
       63, 151, 22, 116, 108, 137, 173, 86, 5, 216, 31, 148, 72, 144,
       240, 33, 61, 92, 87, 32, 250, 162, 205, 136, 154, 39, 95, 93, 7,
       39, 70, 61, 200, 27, 232, 116, 254, 141, 114, 36, 181, 6, 242,
       240, 35, 123, 215, 177, 56, 19, 250, 22, 41, 144, 36, 82, 218, 66,
       64, 226, 248, 50, 219, 60, 105, 148, 30, 245, 46, 213, 168, 18, 5,
       42, 25, 183, 11, 25, 242, 48, 61, 89, 92, 0, 251, 192, 202, 130,
       201, 232, 216, 134, 129, 9, 209, 46, 202, 146, 48, 111, 168, 141,
       9, 188, 143, 12, 133, 46, 208, 99, 87, 25, 38, 133, 2, 18, 22,
       180, 19, 89, 65, 80, 205, 238, 162, 227, 60, 40, 55, 157, 158,
       124, 177, 205, 201, 36, 53, 213, 199, 137, 234, 83, 204, 0, 37,
       84, 81, 80, 250, 1, 206, 28, 138, 0, 93, 133, 196, 43, 196, 45,
       204, 16, 61, 253, 173, 139, 112, 164, 44, 4, 80, 52, 32, 121, 213,
       29, 32, 165, 138, 26, 17, 148, 68, 83, 200, 0, 66, 234, 40, 54,
       29, 40, 53, 53, 150, 116, 36, 145, 137, 230, 60, 152, 1, 128, 14,
