%YAML:1.0
descriptors: !!opencv-matrix
   rows: 9
   cols: 64
   dt: u
   data: [ 3, 148, 0, 2, 141, 128, 4, 8, 34, 0, 0, 64, 168, 11, 4, 21,
       102, 50, 5, 144, 192, 2, 137, 100, 64, 144, 105, 9, 18, 8, 129,
       97, 148, 36, 16, 154, 66, 0, 1, 68, 64, 66, 8, 11, 80, 80, 244,
       69, 145, 36, 24, 4, 48, 24, 140, 73, 16, 50, 50, 188, 24, 87, 32,
       232, 35, 22, 64, 2, 157, 128, 5, 8, 98, 64, 128, 113, 172, 11,
       132, 21, 98, 246, 1, 80, 193, 34, 145, 100, 68, 152, 96, 11, 18,
       8, 33, 97, 213, 36, 84, 186, 82, 48, 33, 116, 96, 64, 24, 139,
       192, 80, 244, 77, 152, 164, 24, 4, 240, 24, 156, 73, 16, 178, 51,
       188, 88, 87, 32, 120, 2, 3, 0, 146, 0, 64, 12, 7, 2, 130, 43, 4,
       0, 132, 9, 34, 13, 2, 0, 4, 2, 160, 196, 3, 8, 129, 128, 8, 2, 8,
       0, 0, 112, 4, 81, 138, 0, 72, 2, 66, 32, 96, 32, 41, 22, 28, 101,
       46, 17, 136, 16, 5, 48, 25, 180, 10, 129, 98, 32, 52, 64, 80, 0,
       226, 5, 34, 65, 162, 80, 2, 33, 78, 224, 4, 130, 52, 97, 163, 145,
       65, 226, 212, 3, 100, 65, 128, 129, 53, 78, 136, 172, 9, 210, 8,
       48, 73, 80, 36, 84, 186, 82, 112, 1, 84, 80, 80, 24, 14, 64, 20,
       192, 76, 153, 44, 24, 4, 240, 29, 156, 73, 16, 242, 35, 188, 88,
       86, 32, 248, 103, 38, 227, 131, 220, 86, 143, 202, 230, 238, 3,
       54, 161, 143, 155, 85, 235, 213, 33, 100, 73, 135, 134, 116, 78,
       220, 189, 41, 210, 10, 50, 59, 80, 36, 85, 186, 82, 120, 233, 84,
       112, 92, 24, 46, 213, 20, 244, 109, 153, 172, 24, 5, 240, 29, 156,
       73, 16, 242, 51, 189, 88, 87, 32, 250, 118, 32, 217, 131, 211,
       134, 139, 204, 198, 198, 1, 54, 177, 14, 179, 86, 234, 213, 1,
       100, 73, 135, 194, 100, 76, 216, 188, 45, 210, 8, 51, 41, 213, 36,
       85, 186, 82, 120, 137, 84, 48, 72, 56, 43, 213, 28, 244, 109, 153,
       172, 24, 5, 240, 29, 156, 73, 16, 242, 51, 188, 88, 87, 32, 250,
       187, 212, 88, 142, 255, 9, 93, 11, 246, 65, 61, 251, 191, 110,
       100, 93, 247, 246, 52, 181, 64, 22, 177, 100, 162, 223, 249, 123,
       211, 123, 214, 41, 144, 45, 22, 222, 66, 81, 169, 244, 83, 219,
       124, 43, 220, 20, 252, 76, 133, 164, 82, 5, 120, 26, 156, 73, 16,
       242, 48, 60, 88, 95, 34, 248, 135, 48, 65, 130, 221, 128, 1, 72,
       198, 1, 2, 114, 161, 74, 160, 81, 98, 213, 5, 64, 64, 4, 136, 96,
       6, 144, 40, 9, 146, 8, 17, 41, 82, 36, 20, 154, 66, 112, 1, 212,
       64, 64, 24, 11, 64, 4, 192, 133, 17, 36, 16, 4, 96, 24, 140, 73,
       16, 112, 49, 156, 72, 22, 32, 248, 63, 55, 117, 182, 63, 181, 61,
       124, 246, 126, 210, 53, 125, 127, 177, 85, 254, 246, 3, 98, 225,
       34, 193, 118, 204, 184, 224, 73, 82, 12, 241, 233, 215, 36, 85,
       190, 82, 120, 233, 116, 112, 92, 56, 47, 212, 21, 245, 111, 153,
       172, 24, 5, 240, 29, 156, 73, 16, 242, 51, 189, 88, 87, 32, 250 ]
