%YAML:1.0
descriptors: !!opencv-matrix
   rows: 4
   cols: 64
   dt: u
   data: [ 61, 191, 255, 252, 62, 127, 253, 255, 253, 252, 222, 181, 127,
       253, 187, 239, 251, 252, 227, 107, 245, 127, 222, 255, 221, 111,
       182, 183, 125, 215, 119, 239, 223, 98, 247, 190, 215, 250, 249,
       125, 124, 93, 251, 47, 247, 181, 247, 111, 185, 172, 157, 77, 242,
       29, 156, 93, 54, 242, 119, 255, 219, 215, 45, 254, 39, 38, 113,
       34, 153, 132, 35, 72, 226, 68, 130, 115, 225, 43, 128, 85, 226,
       212, 7, 96, 193, 2, 129, 116, 76, 152, 168, 9, 210, 8, 49, 105,
       84, 36, 84, 186, 82, 120, 1, 212, 80, 64, 24, 15, 192, 20, 192,
       77, 153, 36, 24, 4, 112, 28, 156, 73, 16, 242, 51, 188, 88, 87,
       32, 248, 45, 166, 109, 170, 31, 253, 165, 125, 244, 124, 214, 53,
       125, 62, 185, 69, 251, 252, 67, 96, 241, 114, 217, 247, 93, 188,
       164, 133, 122, 222, 113, 235, 221, 44, 87, 186, 87, 122, 233, 124,
       124, 93, 58, 47, 84, 181, 247, 111, 185, 172, 24, 13, 242, 29,
       156, 73, 48, 242, 51, 189, 90, 87, 40, 250, 12, 35, 225, 144, 16,
       5, 33, 127, 128, 70, 194, 52, 81, 6, 145, 66, 226, 84, 3, 96, 65,
       32, 192, 19, 12, 136, 164, 9, 80, 12, 48, 73, 84, 36, 85, 186, 16,
       120, 1, 84, 48, 64, 24, 14, 68, 20, 193, 78, 25, 44, 24, 5, 240,
       28, 156, 73, 0, 226, 51, 188, 72, 70, 32, 242 ]
