%YAML:1.0
descriptors: !!opencv-matrix
   rows: 19
   cols: 64
   dt: u
   data: [ 28, 33, 153, 30, 18, 33, 60, 127, 208, 136, 212, 181, 112, 70,
       161, 66, 226, 220, 67, 67, 193, 32, 193, 215, 200, 10, 164, 136,
       64, 12, 49, 104, 207, 36, 85, 186, 83, 120, 201, 116, 120, 92, 48,
       47, 212, 53, 183, 111, 153, 172, 24, 5, 240, 29, 156, 65, 16, 242,
       51, 189, 88, 87, 32, 250, 12, 33, 113, 160, 16, 5, 33, 110, 196,
       68, 194, 52, 81, 6, 145, 66, 226, 84, 3, 96, 65, 0, 192, 51, 12,
       136, 160, 9, 82, 8, 48, 105, 80, 36, 85, 186, 18, 112, 1, 84, 16,
       64, 24, 14, 68, 4, 64, 78, 153, 44, 24, 4, 112, 28, 156, 73, 16,
       242, 35, 188, 72, 22, 32, 248, 19, 21, 16, 2, 5, 128, 4, 2, 34, 2,
       1, 64, 36, 11, 4, 17, 118, 230, 0, 144, 192, 34, 193, 99, 192,
       144, 224, 72, 18, 8, 193, 97, 215, 36, 84, 190, 82, 8, 33, 100,
       96, 72, 56, 139, 212, 80, 245, 79, 153, 172, 24, 1, 240, 24, 156,
       73, 16, 242, 51, 189, 88, 87, 32, 250, 5, 38, 65, 2, 153, 128, 5,
       72, 192, 68, 130, 48, 96, 11, 128, 65, 226, 212, 1, 96, 193, 0,
       128, 112, 76, 136, 40, 9, 146, 8, 49, 73, 80, 36, 84, 186, 64,
       112, 1, 212, 144, 64, 24, 14, 64, 20, 192, 76, 153, 36, 24, 4, 96,
       28, 141, 73, 16, 242, 51, 188, 88, 86, 32, 248, 51, 148, 16, 6,
       13, 128, 5, 10, 34, 64, 4, 65, 44, 107, 4, 21, 102, 214, 0, 48,
       192, 34, 193, 103, 64, 144, 224, 11, 18, 8, 193, 105, 215, 36, 84,
       186, 82, 104, 169, 116, 112, 92, 24, 11, 208, 16, 245, 79, 153,
       172, 24, 5, 240, 29, 156, 73, 16, 242, 51, 189, 88, 87, 32, 250,
       62, 50, 125, 166, 63, 189, 191, 121, 246, 126, 247, 113, 253, 123,
       184, 85, 242, 214, 67, 99, 245, 34, 193, 118, 205, 186, 229, 191,
       90, 28, 241, 235, 215, 44, 85, 190, 82, 120, 233, 116, 120, 92,
       56, 47, 212, 21, 245, 111, 153, 172, 24, 5, 240, 29, 157, 73, 16,
       242, 51, 189, 88, 87, 32, 250, 109, 38, 101, 160, 144, 100, 35,
       124, 228, 110, 202, 53, 97, 15, 155, 103, 226, 212, 3, 96, 105,
       128, 194, 52, 76, 136, 172, 9, 210, 12, 51, 41, 112, 36, 85, 186,
       82, 114, 129, 116, 112, 84, 24, 14, 84, 16, 228, 76, 153, 172, 24,
       5, 240, 29, 156, 73, 16, 242, 51, 188, 88, 86, 32, 248, 118, 33,
       241, 146, 16, 6, 9, 79, 198, 70, 129, 48, 97, 138, 145, 86, 226,
       212, 3, 100, 3, 160, 193, 39, 76, 136, 160, 13, 82, 8, 48, 41, 64,
       36, 20, 186, 66, 120, 1, 84, 48, 72, 16, 14, 208, 20, 193, 78,
       153, 172, 24, 5, 112, 24, 148, 73, 16, 242, 51, 188, 88, 86, 32,
       251, 63, 51, 117, 178, 55, 181, 45, 92, 230, 94, 211, 48, 125, 46,
       177, 87, 242, 244, 3, 96, 225, 34, 193, 118, 204, 136, 228, 9, 82,
       12, 113, 105, 215, 36, 85, 190, 82, 120, 129, 116, 112, 92, 56,
       47, 212, 20, 229, 111, 153, 172, 24, 5, 240, 29, 156, 73, 16, 242,
       51, 189, 88, 87, 32, 250, 62, 49, 125, 166, 55, 165, 31, 121, 230,
       70, 215, 52, 125, 47, 177, 87, 242, 212, 67, 96, 241, 34, 193,
       118, 76, 168, 164, 9, 82, 28, 113, 233, 215, 36, 85, 186, 82, 120,
       129, 116, 112, 92, 24, 46, 212, 20, 229, 79, 153, 172, 24, 5, 240,
       29, 156, 73, 16, 242, 51, 189, 88, 87, 32, 250, 63, 49, 125, 178,
       23, 165, 9, 88, 230, 78, 208, 52, 125, 46, 177, 87, 242, 244, 3,
       96, 225, 34, 193, 118, 204, 168, 228, 9, 82, 12, 113, 105, 215,
       36, 85, 190, 82, 120, 129, 124, 112, 92, 24, 15, 212, 20, 229, 79,
       153, 172, 24, 5, 240, 29, 156, 73, 16, 242, 51, 189, 88, 87, 32,
       250, 46, 34, 109, 162, 31, 181, 33, 125, 228, 126, 208, 52, 125,
       63, 177, 71, 226, 212, 67, 96, 225, 34, 193, 118, 76, 136, 164,
       137, 82, 140, 49, 233, 215, 36, 87, 186, 82, 120, 129, 116, 120,
       92, 24, 15, 212, 21, 229, 79, 153, 172, 24, 5, 240, 29, 156, 73,
       16, 242, 51, 189, 88, 87, 32, 250, 63, 51, 125, 130, 55, 53, 29,
       120, 246, 222, 146, 49, 109, 63, 177, 87, 242, 244, 3, 100, 97,
       34, 193, 118, 204, 184, 228, 9, 82, 12, 112, 41, 214, 36, 85, 190,
       82, 120, 137, 124, 112, 92, 56, 47, 212, 16, 245, 110, 153, 172,
       24, 5, 240, 29, 156, 73, 16, 242, 51, 189, 88, 87, 32, 250, 62,
       51, 101, 128, 23, 53, 5, 127, 230, 70, 209, 52, 125, 63, 177, 71,
       226, 212, 67, 96, 193, 34, 193, 119, 76, 136, 164, 9, 82, 12, 49,
       105, 214, 36, 85, 186, 82, 120, 129, 116, 80, 92, 24, 14, 212, 20,
       229, 78, 153, 172, 24, 5, 240, 29, 156, 73, 16, 242, 51, 188, 88,
       87, 32, 250, 62, 51, 101, 146, 23, 53, 13, 127, 230, 70, 147, 52,
       109, 47, 185, 87, 226, 212, 3, 96, 65, 34, 193, 54, 76, 136, 164,
       9, 82, 12, 48, 105, 212, 36, 85, 186, 82, 120, 129, 116, 112, 92,
       24, 47, 212, 20, 229, 78, 153, 172, 24, 5, 240, 29, 156, 73, 16,
       242, 51, 188, 88, 86, 32, 250, 38, 33, 217, 154, 18, 2, 5, 78,
       198, 66, 1, 48, 49, 130, 180, 82, 234, 212, 1, 100, 3, 128, 192,
       39, 12, 128, 160, 9, 19, 8, 48, 41, 208, 36, 20, 154, 66, 112, 1,
       84, 50, 74, 24, 11, 84, 28, 196, 76, 153, 172, 16, 4, 112, 24,
       148, 73, 16, 242, 49, 188, 88, 86, 34, 249, 63, 183, 125, 182, 63,
       181, 191, 121, 246, 126, 245, 113, 253, 123, 176, 85, 242, 214,
       71, 99, 245, 114, 193, 118, 204, 190, 229, 251, 90, 92, 245, 235,
       215, 44, 84, 190, 82, 120, 233, 116, 120, 92, 56, 47, 212, 53,
       245, 111, 153, 172, 24, 5, 240, 29, 156, 73, 16, 242, 51, 189, 88,
       87, 32, 250, 63, 50, 125, 182, 63, 181, 191, 120, 246, 254, 214,
       115, 237, 123, 185, 87, 246, 247, 67, 99, 229, 34, 195, 118, 205,
       186, 228, 127, 90, 28, 241, 235, 215, 36, 85, 190, 82, 120, 233,
       124, 120, 92, 56, 47, 213, 16, 245, 111, 153, 172, 24, 5, 240, 29,
       156, 73, 16, 242, 51, 189, 88, 87, 32, 250, 62, 49, 253, 180, 63,
       167, 61, 127, 244, 110, 213, 52, 125, 111, 177, 87, 242, 221, 67,
       98, 241, 39, 193, 119, 204, 170, 228, 205, 82, 156, 241, 233, 215,
       36, 87, 190, 83, 120, 225, 116, 120, 92, 56, 47, 212, 21, 231,
       111, 153, 172, 24, 5, 240, 29, 156, 73, 16, 242, 51, 189, 88, 87,
       32, 250 ]
