%YAML:1.0
descriptors: !!opencv-matrix
   rows: 8
   cols: 64
   dt: u
   data: [ 5, 36, 65, 2, 17, 0, 7, 72, 2, 64, 0, 48, 32, 14, 128, 65,
       226, 84, 1, 100, 65, 0, 128, 32, 76, 136, 40, 9, 146, 8, 48, 9,
       80, 36, 84, 186, 2, 112, 1, 84, 16, 64, 24, 10, 64, 20, 192, 76,
       153, 36, 24, 4, 112, 28, 140, 73, 16, 240, 35, 188, 88, 86, 32,
       248, 39, 50, 97, 162, 221, 32, 7, 72, 230, 70, 146, 114, 237, 15,
       128, 85, 226, 212, 7, 100, 65, 0, 128, 116, 78, 156, 41, 9, 210,
       8, 49, 41, 80, 36, 84, 186, 66, 112, 1, 212, 80, 64, 24, 15, 64,
       20, 228, 76, 153, 44, 16, 4, 112, 28, 140, 73, 16, 242, 51, 188,
       88, 86, 32, 248, 52, 37, 241, 176, 17, 4, 33, 111, 134, 68, 194,
       52, 81, 142, 145, 86, 226, 212, 3, 100, 65, 130, 192, 51, 76, 136,
       164, 9, 82, 8, 48, 41, 208, 36, 85, 186, 66, 114, 1, 84, 144, 80,
       24, 14, 64, 20, 225, 78, 153, 44, 24, 4, 240, 28, 156, 73, 16,
       242, 51, 188, 88, 86, 32, 248, 3, 5, 1, 2, 1, 0, 4, 15, 130, 2, 1,
       16, 32, 2, 128, 18, 98, 84, 0, 64, 0, 32, 192, 2, 12, 128, 160, 9,
       18, 8, 16, 8, 64, 36, 20, 186, 2, 112, 1, 84, 0, 64, 16, 11, 64,
       20, 128, 76, 17, 36, 16, 4, 32, 24, 148, 65, 16, 114, 51, 156, 88,
       86, 32, 248, 5, 36, 65, 2, 16, 0, 1, 73, 128, 64, 3, 52, 0, 6,
       129, 66, 66, 68, 1, 64, 64, 32, 128, 0, 76, 128, 128, 9, 18, 8,
       17, 73, 80, 36, 84, 186, 0, 112, 1, 84, 0, 64, 24, 10, 64, 4, 192,
       76, 25, 44, 16, 4, 112, 24, 140, 9, 16, 98, 51, 188, 72, 22, 32,
       248, 6, 33, 113, 160, 145, 128, 3, 72, 198, 70, 129, 48, 97, 11,
       144, 82, 226, 212, 1, 100, 9, 128, 128, 48, 76, 136, 168, 9, 210,
       8, 48, 41, 80, 36, 84, 154, 66, 112, 1, 84, 16, 64, 24, 10, 64,
       20, 192, 12, 153, 44, 16, 4, 96, 28, 132, 73, 16, 242, 49, 188,
       88, 86, 32, 241, 35, 52, 81, 2, 157, 128, 7, 72, 226, 64, 0, 114,
       161, 11, 132, 85, 98, 212, 5, 32, 64, 2, 129, 100, 76, 144, 40, 9,
       146, 8, 1, 41, 208, 36, 20, 154, 66, 112, 1, 212, 65, 66, 24, 11,
       192, 16, 196, 76, 129, 36, 16, 4, 96, 24, 140, 73, 16, 50, 50,
       156, 88, 86, 32, 249, 39, 51, 117, 162, 23, 0, 5, 72, 230, 68,
       129, 48, 45, 43, 176, 85, 226, 212, 1, 96, 193, 34, 128, 118, 76,
       136, 160, 9, 82, 8, 49, 105, 84, 36, 84, 186, 66, 120, 1, 84, 80,
       64, 24, 15, 192, 20, 228, 78, 153, 172, 24, 5, 112, 28, 156, 73,
       16, 242, 51, 156, 88, 87, 32, 248 ]
