%YAML:1.0
descriptors: !!opencv-matrix
   rows: 7
   cols: 64
   dt: u
   data: [ 5, 35, 225, 144, 16, 2, 33, 110, 192, 68, 192, 52, 65, 130,
       145, 66, 234, 212, 3, 100, 65, 0, 192, 51, 76, 136, 160, 9, 82,
       12, 48, 41, 80, 36, 84, 186, 82, 120, 1, 84, 16, 64, 24, 14, 64,
       20, 193, 78, 153, 44, 24, 4, 112, 28, 156, 73, 16, 242, 51, 188,
       88, 86, 32, 250, 39, 52, 65, 162, 157, 160, 7, 88, 230, 68, 131,
       48, 173, 11, 128, 85, 226, 212, 1, 96, 193, 2, 128, 116, 76, 136,
       168, 9, 82, 8, 49, 105, 84, 36, 84, 186, 66, 112, 1, 84, 16, 64,
       24, 15, 64, 20, 196, 77, 153, 44, 24, 4, 112, 28, 156, 73, 16,
       242, 51, 188, 88, 87, 32, 248, 5, 37, 81, 130, 17, 0, 5, 78, 194,
       70, 1, 48, 33, 143, 128, 66, 226, 84, 1, 100, 3, 128, 128, 34, 76,
       136, 160, 9, 18, 8, 48, 41, 80, 36, 84, 154, 0, 112, 1, 84, 16,
       64, 24, 15, 64, 20, 228, 76, 153, 44, 16, 4, 96, 28, 148, 73, 16,
       242, 49, 188, 88, 86, 32, 248, 6, 34, 65, 130, 16, 0, 0, 77, 2,
       66, 3, 52, 1, 6, 137, 81, 226, 212, 1, 96, 65, 0, 128, 48, 76,
       136, 168, 9, 210, 8, 49, 41, 80, 36, 85, 186, 66, 114, 1, 84, 144,
       64, 24, 14, 68, 20, 192, 76, 153, 44, 24, 4, 112, 29, 156, 73, 16,
       242, 51, 188, 88, 86, 32, 240, 7, 32, 65, 130, 153, 128, 3, 72,
       130, 0, 0, 48, 161, 11, 128, 81, 98, 84, 5, 96, 65, 0, 136, 96,
       76, 136, 40, 9, 146, 8, 1, 9, 80, 36, 20, 154, 0, 112, 1, 212, 1,
       64, 24, 11, 64, 20, 192, 68, 1, 36, 16, 4, 32, 24, 140, 9, 16, 48,
       35, 156, 72, 70, 32, 249, 4, 35, 195, 144, 16, 2, 32, 103, 128,
       130, 3, 20, 81, 134, 155, 66, 138, 68, 1, 100, 2, 128, 196, 3, 12,
       136, 134, 9, 0, 8, 48, 8, 112, 6, 117, 186, 0, 118, 1, 84, 128,
       96, 16, 14, 66, 4, 65, 206, 25, 44, 112, 4, 32, 28, 148, 8, 128,
       98, 33, 184, 72, 6, 32, 240, 54, 33, 81, 146, 18, 6, 5, 79, 198,
       68, 17, 52, 49, 134, 144, 82, 226, 212, 0, 100, 1, 32, 193, 7, 12,
       128, 164, 9, 18, 8, 16, 41, 192, 36, 85, 186, 66, 120, 1, 84, 48,
       64, 20, 11, 196, 20, 229, 78, 145, 172, 24, 5, 112, 24, 156, 73,
       16, 114, 51, 184, 88, 86, 32, 250 ]
