%YAML:1.0
descriptors: !!opencv-matrix
   rows: 6
   cols: 64
   dt: u
   data: [ 37, 33, 113, 160, 16, 36, 37, 78, 228, 76, 194, 49, 65, 43,
       145, 70, 226, 212, 3, 96, 65, 34, 192, 119, 76, 136, 164, 9, 82,
       12, 48, 105, 212, 36, 85, 186, 82, 120, 1, 116, 112, 84, 56, 15,
       212, 20, 228, 78, 153, 172, 24, 5, 240, 29, 156, 73, 16, 242, 51,
       188, 88, 86, 32, 250, 46, 33, 97, 184, 19, 39, 45, 79, 196, 198,
       137, 52, 113, 14, 177, 87, 226, 212, 3, 100, 65, 34, 192, 55, 76,
       136, 164, 9, 82, 8, 48, 41, 214, 36, 85, 186, 82, 120, 1, 116,
       112, 72, 56, 47, 212, 20, 229, 110, 153, 172, 24, 5, 240, 28, 156,
       73, 16, 242, 51, 188, 88, 86, 32, 250, 52, 33, 241, 146, 16, 7, 1,
       127, 198, 70, 129, 52, 113, 134, 145, 66, 226, 212, 3, 100, 1,
       128, 197, 55, 12, 136, 164, 9, 82, 8, 48, 41, 112, 36, 85, 186,
       66, 112, 1, 84, 48, 64, 24, 14, 68, 20, 192, 76, 153, 44, 24, 5,
       112, 28, 148, 73, 16, 242, 51, 188, 88, 86, 32, 240, 7, 1, 65,
       130, 17, 0, 1, 74, 2, 64, 0, 48, 32, 11, 128, 65, 98, 84, 0, 4,
       64, 0, 128, 96, 12, 128, 8, 9, 18, 8, 0, 9, 80, 36, 20, 154, 2,
       112, 1, 84, 0, 66, 24, 10, 0, 20, 64, 76, 17, 36, 16, 4, 48, 24,
       132, 9, 16, 114, 34, 60, 72, 70, 32, 249, 7, 54, 64, 2, 157, 128,
       1, 72, 162, 0, 128, 112, 168, 11, 132, 81, 226, 212, 5, 96, 193,
       2, 137, 100, 76, 152, 40, 11, 146, 8, 33, 105, 212, 36, 84, 154,
       66, 112, 1, 212, 64, 66, 24, 11, 64, 16, 240, 77, 153, 36, 24, 4,
       112, 24, 140, 73, 16, 242, 51, 188, 88, 87, 32, 249, 54, 35, 241,
       176, 16, 6, 1, 78, 198, 198, 129, 52, 65, 175, 145, 86, 234, 212,
       3, 100, 65, 32, 192, 55, 76, 136, 164, 9, 82, 8, 48, 41, 80, 36,
       21, 186, 82, 120, 1, 84, 16, 64, 24, 14, 64, 20, 193, 78, 153, 44,
       24, 5, 112, 28, 156, 73, 16, 242, 51, 156, 88, 86, 32, 250 ]
