%YAML:1.0
descriptors: !!opencv-matrix
   rows: 63
   cols: 64
   dt: u
   data: [ 60, 50, 117, 182, 63, 183, 47, 120, 244, 126, 208, 49, 253,
       127, 176, 84, 242, 213, 67, 96, 241, 38, 193, 119, 76, 186, 164,
       143, 82, 140, 113, 233, 215, 36, 87, 190, 82, 120, 233, 116, 120,
       92, 24, 15, 213, 21, 245, 79, 153, 172, 24, 5, 240, 29, 156, 73,
       16, 242, 51, 189, 88, 87, 32, 250, 63, 50, 125, 182, 63, 181, 191,
       120, 246, 254, 210, 49, 253, 59, 177, 87, 246, 246, 3, 99, 225,
       34, 195, 118, 205, 186, 228, 75, 90, 28, 241, 235, 215, 36, 85,
       190, 82, 120, 233, 124, 120, 92, 56, 47, 212, 20, 245, 111, 153,
       172, 24, 5, 240, 29, 156, 73, 16, 242, 51, 189, 88, 87, 32, 250,
       61, 55, 117, 182, 59, 167, 57, 123, 244, 116, 215, 53, 125, 123,
       176, 84, 250, 220, 67, 96, 241, 34, 193, 247, 204, 186, 228, 141,
       82, 12, 113, 233, 223, 36, 85, 190, 83, 120, 233, 116, 120, 92,
       56, 47, 212, 53, 247, 111, 153, 172, 24, 5, 240, 29, 156, 73, 16,
       242, 51, 189, 88, 87, 32, 250, 61, 53, 245, 182, 63, 167, 61, 126,
       244, 108, 213, 113, 125, 110, 176, 84, 242, 220, 67, 99, 241, 35,
       195, 247, 204, 170, 228, 143, 82, 28, 117, 235, 223, 36, 85, 190,
       83, 120, 233, 116, 120, 92, 56, 47, 212, 53, 247, 111, 153, 172,
       24, 5, 240, 29, 156, 73, 16, 242, 51, 189, 88, 87, 32, 250, 63,
       48, 125, 182, 63, 189, 59, 120, 246, 126, 214, 113, 237, 123, 144,
       84, 246, 214, 67, 112, 245, 34, 193, 118, 204, 186, 228, 203, 82,
       28, 241, 235, 215, 44, 85, 190, 82, 120, 233, 116, 120, 92, 56,
       47, 212, 21, 245, 111, 153, 172, 24, 5, 240, 29, 156, 73, 16, 242,
       51, 189, 88, 87, 32, 250, 60, 50, 253, 182, 63, 55, 61, 127, 212,
       126, 208, 49, 125, 110, 144, 84, 242, 220, 67, 96, 241, 34, 193,
       247, 204, 168, 228, 141, 82, 28, 113, 233, 223, 44, 85, 190, 83,
       120, 233, 116, 120, 92, 56, 47, 212, 53, 247, 111, 153, 172, 24,
       5, 240, 29, 156, 73, 16, 242, 51, 189, 88, 87, 32, 250, 63, 50,
       117, 162, 63, 181, 47, 120, 246, 126, 210, 49, 253, 62, 177, 87,
       246, 246, 3, 96, 225, 34, 193, 118, 204, 168, 228, 77, 82, 12,
       241, 235, 215, 36, 85, 190, 82, 120, 169, 124, 112, 92, 56, 47,
       212, 20, 245, 111, 153, 172, 24, 5, 240, 29, 156, 73, 16, 242, 51,
       189, 88, 87, 32, 250, 60, 49, 125, 182, 63, 37, 189, 121, 244, 92,
       213, 113, 125, 111, 176, 84, 242, 212, 67, 98, 241, 34, 193, 118,
       204, 170, 228, 153, 82, 28, 117, 233, 215, 36, 85, 190, 82, 120,
       233, 116, 120, 92, 56, 47, 212, 53, 245, 111, 153, 172, 24, 5,
       240, 29, 156, 73, 16, 242, 51, 189, 88, 87, 32, 250, 60, 176, 253,
       182, 63, 247, 187, 126, 244, 252, 213, 117, 125, 127, 178, 84,
       250, 221, 99, 99, 245, 39, 195, 119, 76, 234, 180, 159, 122, 221,
       117, 235, 215, 36, 85, 190, 83, 120, 233, 116, 120, 93, 56, 47,
       213, 21, 247, 111, 153, 172, 24, 5, 240, 29, 156, 73, 16, 242, 51,
       189, 88, 87, 32, 250, 63, 51, 253, 182, 63, 183, 191, 120, 246,
       254, 214, 115, 253, 122, 176, 87, 246, 247, 67, 99, 229, 39, 195,
       119, 205, 250, 244, 255, 90, 92, 245, 235, 215, 36, 85, 190, 82,
       120, 233, 116, 120, 92, 56, 47, 213, 21, 245, 111, 153, 172, 24,
       5, 240, 29, 156, 73, 16, 242, 51, 189, 88, 87, 32, 250, 6, 33,
       129, 146, 16, 2, 0, 79, 130, 64, 1, 48, 1, 130, 129, 2, 98, 68, 0,
       64, 2, 32, 192, 3, 76, 128, 128, 9, 2, 8, 0, 72, 64, 36, 20, 186,
       0, 120, 1, 84, 0, 64, 16, 10, 0, 20, 129, 78, 17, 36, 24, 4, 32,
       24, 148, 1, 16, 98, 51, 184, 72, 6, 32, 240, 4, 2, 65, 128, 24,
       128, 36, 72, 32, 2, 2, 4, 0, 5, 129, 1, 194, 68, 1, 96, 192, 32,
       128, 98, 76, 136, 128, 9, 16, 8, 49, 73, 84, 36, 85, 186, 0, 120,
       1, 84, 32, 64, 24, 15, 68, 4, 228, 79, 24, 44, 24, 4, 240, 28,
       156, 73, 16, 98, 51, 188, 72, 87, 32, 248, 63, 48, 125, 182, 63,
       181, 191, 120, 246, 127, 253, 115, 253, 111, 176, 85, 242, 215,
       71, 99, 245, 34, 195, 118, 204, 190, 229, 187, 90, 28, 245, 235,
       215, 44, 84, 190, 82, 120, 233, 116, 120, 92, 56, 47, 212, 53,
       245, 111, 153, 172, 24, 5, 240, 29, 156, 73, 16, 242, 51, 189, 88,
       87, 32, 250, 11, 150, 204, 254, 46, 187, 254, 16, 49, 254, 6, 193,
       156, 125, 45, 3, 164, 251, 161, 179, 244, 117, 91, 251, 65, 126,
       161, 246, 120, 83, 245, 103, 223, 176, 83, 32, 127, 248, 248, 105,
       116, 93, 106, 47, 213, 21, 247, 107, 153, 236, 24, 7, 246, 29,
       156, 73, 23, 243, 183, 189, 218, 83, 32, 254, 38, 33, 65, 146, 16,
       4, 5, 79, 134, 70, 1, 48, 17, 14, 145, 86, 234, 84, 1, 100, 3, 32,
       192, 35, 76, 128, 164, 9, 18, 8, 16, 41, 212, 36, 21, 154, 2, 120,
       1, 84, 48, 64, 20, 11, 84, 20, 229, 78, 153, 172, 16, 5, 48, 24,
       148, 73, 16, 114, 51, 184, 88, 86, 32, 250, 35, 150, 77, 139, 255,
       180, 139, 28, 252, 255, 16, 73, 169, 25, 33, 5, 194, 245, 137, 48,
       200, 99, 219, 124, 68, 200, 40, 38, 94, 89, 49, 79, 213, 172, 223,
       49, 118, 249, 173, 118, 112, 76, 74, 14, 213, 20, 216, 83, 184,
       236, 24, 5, 244, 157, 156, 73, 20, 242, 183, 156, 218, 87, 32,
       254, 43, 6, 101, 176, 31, 176, 35, 76, 180, 254, 128, 5, 41, 45,
       161, 71, 202, 244, 1, 98, 224, 34, 200, 58, 76, 136, 160, 7, 90,
       9, 49, 79, 215, 164, 85, 58, 82, 248, 97, 118, 116, 76, 72, 46,
       212, 20, 225, 107, 153, 172, 24, 5, 240, 29, 156, 73, 16, 242, 51,
       189, 216, 86, 32, 250, 4, 33, 97, 128, 16, 0, 1, 75, 128, 66, 129,
       48, 81, 2, 176, 66, 226, 84, 1, 100, 65, 32, 128, 98, 12, 152,
       160, 9, 82, 8, 48, 41, 82, 36, 84, 186, 66, 120, 1, 84, 48, 64,
       24, 15, 208, 20, 192, 78, 153, 172, 16, 5, 112, 28, 156, 73, 16,
       242, 51, 188, 88, 86, 32, 248, 204, 43, 231, 185, 80, 119, 35,
       254, 189, 220, 206, 53, 83, 188, 251, 234, 203, 93, 219, 108, 105,
       129, 238, 48, 79, 201, 28, 5, 209, 12, 58, 153, 112, 39, 117, 251,
       82, 119, 5, 148, 146, 116, 24, 30, 75, 142, 72, 224, 13, 45, 126,
       20, 217, 63, 133, 8, 208, 236, 41, 188, 76, 6, 34, 241, 37, 38,
       109, 136, 18, 23, 5, 127, 164, 68, 132, 48, 81, 58, 181, 71, 194,
       116, 67, 96, 209, 32, 208, 179, 76, 168, 132, 9, 80, 12, 49, 73,
       213, 36, 87, 186, 82, 120, 1, 116, 112, 92, 56, 15, 84, 20, 228,
       78, 153, 172, 24, 5, 240, 29, 156, 73, 16, 242, 51, 188, 88, 86,
       32, 250, 166, 34, 65, 131, 220, 156, 134, 201, 238, 99, 42, 118,
       161, 7, 208, 97, 226, 197, 5, 96, 73, 128, 139, 124, 78, 156, 61,
       43, 146, 10, 51, 26, 80, 36, 92, 154, 64, 112, 45, 214, 0, 64, 24,
       143, 64, 14, 252, 21, 136, 45, 16, 0, 96, 29, 140, 105, 16, 112,
       49, 188, 76, 87, 32, 184, 3, 6, 0, 48, 9, 0, 5, 78, 164, 34, 128,
       4, 0, 13, 1, 7, 194, 116, 3, 96, 192, 34, 200, 43, 68, 136, 128,
       3, 18, 0, 33, 78, 83, 36, 85, 186, 80, 40, 33, 70, 96, 64, 24,
       138, 68, 80, 229, 75, 24, 44, 24, 0, 240, 28, 156, 9, 16, 226, 51,
       189, 72, 86, 32, 250, 13, 39, 101, 160, 17, 46, 37, 122, 160, 68,
       235, 48, 73, 47, 128, 71, 226, 212, 7, 100, 65, 32, 128, 50, 76,
       136, 160, 9, 82, 8, 48, 41, 208, 36, 84, 186, 66, 112, 1, 212, 80,
       80, 24, 15, 208, 20, 228, 78, 153, 44, 24, 4, 112, 29, 157, 73,
       16, 242, 51, 188, 88, 86, 32, 248, 54, 34, 97, 134, 62, 149, 155,
       109, 214, 254, 16, 53, 177, 14, 177, 84, 234, 212, 1, 96, 193, 33,
       195, 127, 76, 136, 164, 15, 82, 136, 49, 107, 215, 36, 85, 186,
       82, 120, 233, 116, 112, 92, 48, 47, 212, 20, 245, 111, 153, 172,
       24, 5, 240, 29, 156, 73, 16, 242, 51, 189, 88, 87, 32, 250, 59,
       213, 60, 14, 39, 189, 29, 25, 247, 86, 53, 194, 188, 122, 36, 85,
       244, 178, 64, 241, 240, 118, 209, 118, 240, 54, 229, 122, 122,
       242, 213, 225, 207, 44, 195, 180, 219, 88, 232, 121, 120, 223, 62,
       173, 212, 117, 247, 111, 185, 174, 152, 13, 240, 29, 216, 81, 50,
       243, 55, 189, 122, 211, 44, 218, 67, 5, 128, 18, 65, 2, 0, 78,
