%YAML:1.0
descriptors: !!opencv-matrix
   rows: 34
   cols: 64
   dt: u
   data: [ 179, 212, 80, 2, 221, 128, 7, 8, 98, 1, 36, 123, 164, 11, 132,
       85, 98, 215, 5, 0, 192, 2, 169, 100, 6, 144, 105, 43, 146, 8, 1,
       45, 144, 37, 20, 154, 2, 112, 5, 246, 67, 194, 8, 11, 64, 16, 216,
       133, 129, 36, 80, 4, 40, 18, 140, 107, 16, 48, 32, 28, 88, 86, 34,
       249, 31, 49, 77, 54, 22, 1, 29, 14, 242, 36, 149, 49, 124, 102,
       32, 83, 228, 246, 3, 243, 193, 32, 65, 247, 204, 138, 228, 201,
       66, 12, 241, 105, 215, 44, 85, 190, 90, 120, 225, 124, 112, 92,
       56, 47, 212, 84, 245, 111, 153, 172, 24, 5, 240, 29, 156, 73, 16,
       242, 51, 189, 88, 87, 32, 250, 44, 37, 225, 144, 16, 37, 33, 127,
       196, 198, 193, 52, 81, 10, 145, 70, 234, 212, 3, 96, 193, 32, 192,
       55, 76, 136, 164, 9, 82, 12, 48, 105, 214, 36, 85, 186, 82, 120,
       1, 84, 48, 80, 24, 14, 208, 20, 193, 110, 153, 172, 24, 5, 240,
       29, 156, 73, 16, 242, 51, 189, 88, 86, 32, 251, 6, 32, 65, 130,
       149, 128, 7, 72, 134, 2, 3, 48, 161, 10, 160, 65, 98, 84, 5, 100,
       64, 0, 128, 96, 12, 144, 168, 9, 146, 8, 49, 41, 80, 36, 20, 154,
       66, 112, 1, 212, 16, 64, 24, 11, 192, 20, 192, 12, 25, 44, 16, 4,
       96, 24, 132, 73, 16, 114, 51, 188, 72, 22, 32, 248, 68, 33, 225,
       144, 16, 6, 33, 110, 128, 198, 195, 52, 81, 134, 147, 66, 194, 84,
       3, 100, 9, 161, 194, 19, 12, 136, 132, 13, 82, 12, 48, 9, 112, 36,
       85, 186, 0, 120, 1, 84, 16, 64, 24, 14, 68, 20, 65, 78, 25, 44,
       24, 5, 112, 28, 148, 73, 16, 226, 51, 184, 72, 70, 32, 242, 76,
       11, 167, 209, 96, 191, 42, 246, 40, 150, 67, 6, 195, 241, 27, 3,
       136, 233, 123, 110, 126, 173, 66, 243, 15, 122, 158, 236, 64, 132,
       50, 129, 86, 51, 87, 171, 80, 62, 197, 72, 188, 52, 56, 47, 197,
       168, 227, 238, 157, 172, 24, 1, 241, 125, 157, 75, 81, 238, 19,
       181, 72, 87, 48, 250, 197, 37, 231, 81, 200, 198, 235, 207, 160,
       231, 129, 6, 211, 233, 147, 6, 8, 41, 123, 103, 186, 175, 126,
       187, 22, 250, 158, 238, 192, 148, 34, 86, 111, 63, 7, 171, 18, 60,
       119, 94, 24, 32, 56, 142, 201, 120, 137, 179, 25, 172, 24, 81, 81,
       88, 148, 66, 17, 254, 113, 157, 76, 23, 49, 250, 93, 63, 247, 84,
       48, 47, 125, 126, 147, 212, 199, 145, 71, 249, 148, 74, 190, 205,
       250, 111, 54, 45, 192, 243, 207, 106, 230, 220, 120, 12, 244, 169,
       222, 51, 116, 190, 148, 124, 210, 125, 120, 189, 185, 231, 239,
       48, 229, 110, 153, 166, 41, 223, 240, 29, 158, 77, 49, 251, 115,
       255, 121, 117, 133, 250, 195, 6, 130, 19, 205, 130, 7, 136, 170,
       101, 1, 74, 170, 201, 2, 29, 98, 101, 56, 116, 202, 135, 154, 105,
       70, 210, 184, 47, 146, 8, 3, 15, 87, 165, 84, 27, 66, 44, 39, 70,
       68, 64, 8, 139, 201, 24, 253, 145, 16, 140, 24, 0, 117, 250, 156,
       235, 80, 60, 48, 29, 88, 85, 48, 248, 96, 13, 231, 220, 64, 15,
       65, 111, 134, 68, 7, 20, 19, 252, 188, 110, 130, 85, 96, 102, 22,
       47, 208, 35, 94, 194, 134, 12, 50, 136, 24, 9, 198, 39, 85, 154,
       0, 114, 215, 92, 144, 241, 152, 199, 77, 28, 229, 206, 17, 36, 17,
       92, 49, 25, 150, 11, 17, 106, 115, 191, 72, 68, 35, 248, 69, 7,
       135, 80, 192, 6, 3, 82, 32, 68, 2, 7, 130, 237, 128, 5, 226, 101,
       41, 38, 70, 45, 16, 99, 74, 234, 14, 4, 144, 8, 0, 9, 82, 39, 84,
       187, 0, 44, 87, 132, 69, 96, 24, 134, 73, 8, 73, 198, 0, 36, 24,
       16, 17, 122, 140, 139, 17, 108, 35, 157, 72, 68, 1, 248, 116, 33,
       241, 212, 50, 7, 89, 111, 198, 68, 19, 20, 83, 194, 176, 66, 226,
       213, 66, 102, 6, 45, 192, 7, 14, 130, 166, 13, 18, 136, 20, 40,
       66, 38, 84, 186, 2, 120, 211, 84, 16, 120, 149, 78, 224, 28, 193,
       78, 145, 172, 24, 69, 48, 24, 156, 73, 17, 114, 115, 187, 88, 20,
       33, 250, 64, 2, 137, 145, 200, 210, 2, 76, 10, 162, 3, 4, 145, 36,
       57, 34, 138, 17, 0, 0, 136, 33, 74, 9, 77, 192, 136, 46, 0, 136,
       17, 74, 87, 132, 65, 43, 16, 234, 228, 74, 160, 84, 32, 40, 21,
       28, 161, 43, 153, 172, 24, 5, 177, 29, 156, 75, 16, 106, 51, 189,
       72, 86, 32, 242, 199, 51, 198, 116, 61, 34, 252, 94, 240, 184,
       196, 241, 110, 223, 130, 75, 40, 237, 163, 147, 231, 47, 99, 255,
       6, 106, 242, 151, 122, 109, 225, 230, 223, 58, 150, 182, 127, 56,
       243, 245, 88, 108, 186, 239, 241, 113, 151, 111, 184, 238, 24, 67,
       240, 28, 220, 73, 23, 179, 247, 159, 58, 119, 165, 90, 1, 6, 0,
       16, 1, 2, 0, 2, 32, 32, 43, 2, 0, 161, 32, 35, 0, 32, 5, 64, 2,
       132, 0, 35, 66, 128, 128, 0, 144, 0, 8, 65, 48, 36, 80, 10, 0, 64,
       0, 130, 134, 34, 24, 2, 0, 90, 64, 200, 0, 32, 16, 4, 1, 24, 5, 8,
       25, 32, 1, 52, 0, 68, 0, 105, 130, 1, 1, 182, 1, 64, 0, 142, 2,
       129, 23, 214, 51, 130, 2, 18, 106, 20, 5, 69, 10, 128, 228, 2, 13,
       154, 144, 11, 146, 42, 2, 56, 16, 36, 52, 218, 2, 72, 1, 214, 192,
       64, 48, 72, 138, 28, 32, 172, 73, 36, 82, 4, 80, 18, 164, 104, 16,
       112, 33, 56, 76, 22, 32, 251, 72, 6, 100, 8, 73, 59, 38, 125, 181,
       48, 198, 5, 121, 61, 45, 133, 128, 41, 203, 244, 240, 67, 24, 180,
       80, 104, 12, 132, 104, 212, 41, 192, 221, 72, 67, 40, 81, 18, 5,
       40, 252, 21, 24, 135, 85, 227, 102, 73, 57, 44, 140, 8, 243, 93,
       203, 28, 62, 230, 7, 180, 74, 194, 106, 88, 130, 192, 8, 138, 131,
       64, 132, 133, 6, 2, 45, 206, 17, 46, 54, 188, 205, 18, 32, 144,
       64, 130, 182, 32, 86, 213, 25, 41, 147, 186, 18, 0, 132, 44, 67,
       218, 66, 64, 106, 40, 34, 88, 36, 41, 148, 84, 180, 44, 17, 172,
       16, 5, 144, 1, 148, 67, 16, 240, 32, 60, 80, 85, 34, 250, 84, 35,
       191, 81, 32, 87, 227, 246, 208, 188, 86, 23, 65, 212, 155, 2, 127,
       201, 227, 11, 244, 175, 198, 215, 153, 123, 148, 196, 64, 132, 99,
       250, 79, 10, 65, 180, 92, 56, 233, 124, 120, 52, 179, 166, 229,
       160, 145, 111, 187, 172, 137, 75, 240, 29, 156, 81, 39, 114, 19,
       249, 106, 23, 97, 254, 129, 10, 2, 131, 200, 72, 128, 196, 40, 5,
       46, 78, 128, 25, 75, 161, 3, 84, 33, 32, 72, 128, 142, 96, 75,
       129, 25, 32, 144, 10, 19, 27, 245, 36, 81, 186, 80, 66, 45, 128,
       240, 20, 8, 6, 84, 22, 112, 160, 25, 44, 24, 4, 145, 29, 140, 8,
       16, 96, 32, 60, 72, 85, 32, 248, 129, 198, 4, 73, 232, 144, 166,
       208, 40, 59, 42, 74, 128, 113, 73, 129, 13, 73, 141, 42, 200, 96,
       14, 248, 64, 85, 25, 34, 140, 7, 3, 23, 113, 210, 89, 1, 81, 129,
       44, 34, 165, 52, 40, 151, 85, 130, 90, 145, 8, 89, 20, 32, 149,
       207, 139, 170, 135, 76, 128, 4, 68, 67, 65, 52, 54, 48, 81, 162,
       145, 132, 9, 73, 198, 98, 1, 48, 161, 2, 145, 87, 226, 212, 1, 96,
       9, 160, 128, 36, 76, 136, 160, 9, 210, 8, 49, 57, 112, 36, 20,
       186, 66, 112, 1, 214, 0, 66, 24, 10, 192, 20, 192, 12, 153, 172,
       16, 5, 112, 24, 148, 73, 16, 242, 49, 156, 88, 86, 32, 249, 194,
       204, 130, 11, 193, 74, 134, 133, 41, 129, 12, 206, 146, 180, 110,
       170, 13, 35, 60, 133, 8, 129, 126, 0, 83, 85, 25, 36, 161, 130,
       10, 16, 148, 19, 67, 65, 33, 67, 110, 40, 32, 53, 40, 49, 29, 92,
       60, 160, 85, 72, 98, 60, 149, 67, 32, 170, 19, 76, 0, 52, 4, 81,
       18, 74, 210, 9, 139, 214, 32, 66, 92, 167, 83, 130, 93, 148, 19,
       132, 19, 170, 13, 2, 48, 15, 6, 157, 228, 3, 43, 195, 146, 8, 3,
       168, 22, 40, 48, 22, 49, 225, 14, 77, 66, 192, 16, 232, 165, 120,
       191, 28, 37, 238, 83, 138, 119, 211, 25, 10, 52, 158, 193, 97, 40,
       91, 5, 48, 209, 238, 64, 1, 128, 150, 0, 66, 32, 39, 0, 128, 6, 5,
       0, 181, 3, 2, 109, 10, 1, 198, 192, 33, 194, 131, 8, 9, 144, 68,
       0, 128, 128, 64, 87, 48, 17, 160, 17, 8, 64, 64, 112, 16, 56, 167,
       69, 4, 231, 110, 25, 168, 25, 1, 240, 24, 152, 73, 19, 98, 51,
       149, 72, 7, 0, 234, 18, 193, 9, 30, 38, 144, 92, 33, 66, 131, 53,
       200, 216, 0, 20, 26, 60, 130, 4, 209, 10, 48, 225, 199, 141, 151,
       231, 120, 3, 168, 148, 40, 210, 60, 4, 142, 202, 104, 194, 211,
       50, 202, 49, 41, 178, 20, 181, 46, 147, 170, 16, 7, 32, 25, 52,
