%YAML:1.0
descriptors: !!opencv-matrix
   rows: 7
   cols: 64
   dt: u
   data: [ 7, 35, 65, 2, 17, 0, 1, 74, 198, 2, 129, 48, 33, 11, 132, 81,
       226, 212, 1, 100, 1, 2, 129, 36, 76, 144, 160, 9, 146, 8, 0, 41,
       208, 36, 84, 154, 66, 48, 1, 84, 0, 64, 24, 11, 80, 16, 224, 76,
       145, 44, 16, 4, 96, 24, 132, 73, 16, 114, 49, 188, 88, 86, 32,
       249, 39, 54, 113, 2, 29, 128, 5, 72, 226, 70, 130, 48, 45, 11,
       128, 21, 226, 228, 1, 96, 193, 34, 145, 116, 68, 136, 160, 9, 18,
       8, 33, 105, 85, 36, 84, 186, 66, 56, 1, 84, 96, 64, 24, 143, 196,
       80, 228, 77, 152, 172, 24, 0, 240, 28, 156, 73, 16, 242, 51, 188,
       88, 87, 32, 248, 1, 6, 0, 0, 201, 128, 38, 64, 0, 0, 0, 69, 128,
       69, 128, 1, 66, 64, 129, 64, 192, 32, 136, 64, 64, 152, 0, 0, 144,
       8, 1, 65, 84, 38, 16, 186, 0, 0, 1, 4, 65, 0, 24, 2, 64, 0, 196,
       67, 16, 36, 24, 4, 112, 24, 140, 9, 16, 98, 35, 148, 72, 87, 32,
       248, 66, 1, 136, 146, 0, 66, 12, 6, 2, 162, 43, 4, 16, 132, 3, 34,
       77, 66, 0, 70, 10, 160, 196, 3, 8, 133, 160, 8, 2, 8, 16, 73, 112,
       4, 21, 170, 2, 96, 2, 66, 32, 64, 40, 40, 6, 28, 197, 46, 17, 168,
       16, 5, 48, 25, 148, 75, 144, 98, 33, 60, 72, 20, 32, 242, 100, 35,
       113, 146, 16, 6, 33, 111, 196, 70, 3, 52, 97, 143, 145, 70, 226,
       212, 3, 100, 65, 130, 192, 54, 76, 136, 172, 9, 82, 8, 48, 41,
       112, 36, 85, 186, 66, 112, 1, 84, 16, 64, 24, 14, 64, 20, 192, 76,
       153, 44, 24, 5, 112, 29, 156, 73, 16, 242, 51, 188, 88, 86, 32,
       240, 6, 32, 65, 162, 20, 6, 2, 69, 198, 2, 1, 16, 65, 2, 145, 81,
       226, 212, 3, 100, 65, 0, 129, 52, 76, 136, 172, 9, 82, 12, 49, 40,
       208, 36, 84, 186, 66, 112, 1, 84, 176, 64, 16, 14, 80, 20, 192,
       76, 153, 44, 24, 4, 112, 29, 156, 73, 16, 242, 51, 188, 88, 86,
       32, 249, 6, 35, 65, 32, 16, 38, 34, 69, 32, 6, 2, 20, 64, 7, 153,
       3, 226, 68, 3, 100, 65, 32, 128, 48, 76, 136, 172, 9, 82, 12, 33,
       8, 80, 36, 85, 186, 80, 50, 1, 84, 32, 84, 24, 142, 68, 0, 224,
       76, 153, 44, 24, 0, 240, 29, 156, 73, 16, 242, 51, 188, 72, 86,
       32, 248 ]
