%YAML:1.0
descriptors: !!opencv-matrix
   rows: 5
   cols: 64
   dt: u
   data: [ 50, 20, 81, 130, 29, 132, 12, 73, 198, 66, 17, 48, 37, 3, 128,
       85, 226, 212, 1, 96, 192, 34, 193, 102, 76, 136, 160, 9, 18, 8,
       49, 104, 215, 36, 84, 186, 66, 120, 129, 84, 112, 72, 24, 139,
       212, 20, 229, 79, 153, 172, 24, 5, 240, 29, 156, 73, 16, 242, 51,
       188, 88, 87, 32, 250, 51, 212, 16, 6, 157, 128, 4, 8, 66, 0, 16,
       97, 172, 11, 4, 21, 102, 150, 4, 144, 192, 34, 129, 100, 4, 144,
       97, 11, 18, 8, 193, 105, 148, 36, 20, 186, 66, 64, 1, 244, 65,
       202, 24, 11, 208, 16, 244, 77, 145, 164, 24, 4, 96, 24, 156, 73,
       16, 50, 50, 156, 24, 87, 32, 249, 7, 39, 225, 176, 16, 4, 41, 79,
       128, 198, 131, 52, 65, 163, 145, 66, 226, 212, 1, 97, 3, 160, 192,
       51, 76, 136, 160, 9, 82, 8, 48, 9, 112, 36, 84, 186, 66, 120, 1,
       84, 16, 64, 24, 14, 194, 20, 193, 78, 153, 44, 16, 5, 112, 28,
       148, 73, 16, 242, 51, 188, 88, 86, 32, 250, 54, 50, 81, 130, 221,
       128, 3, 73, 198, 66, 145, 114, 161, 2, 128, 81, 226, 212, 5, 64,
       193, 0, 129, 116, 76, 152, 169, 9, 146, 8, 49, 41, 208, 36, 84,
       154, 66, 112, 1, 212, 16, 88, 24, 15, 208, 20, 224, 13, 153, 172,
       16, 5, 112, 29, 156, 73, 16, 242, 51, 188, 88, 87, 32, 249, 4, 38,
       97, 160, 208, 36, 34, 85, 32, 64, 66, 21, 64, 7, 153, 65, 226,
       196, 3, 100, 65, 128, 128, 48, 78, 136, 172, 9, 210, 12, 48, 8,
       80, 36, 85, 186, 82, 114, 1, 84, 208, 84, 24, 14, 68, 20, 192, 76,
       153, 44, 24, 4, 240, 29, 140, 73, 16, 240, 35, 188, 88, 86, 32,
       248 ]
