%YAML:1.0
descriptors: !!opencv-matrix
   rows: 7
   cols: 64
   dt: u
   data: [ 66, 1, 144, 18, 201, 130, 6, 6, 2, 34, 1, 2, 128, 198, 130,
       19, 102, 3, 0, 68, 138, 133, 67, 3, 70, 192, 168, 13, 130, 8, 0,
       0, 83, 36, 84, 155, 0, 104, 7, 70, 0, 64, 8, 9, 69, 28, 229, 143,
       17, 36, 16, 4, 32, 24, 20, 75, 16, 114, 49, 53, 24, 84, 48, 224,
       66, 1, 146, 22, 0, 2, 72, 6, 2, 162, 1, 0, 2, 194, 2, 18, 36, 2,
       0, 199, 10, 173, 64, 3, 0, 130, 162, 72, 2, 32, 128, 64, 18, 150,
       48, 32, 1, 12, 66, 66, 0, 34, 128, 72, 170, 28, 129, 78, 81, 0,
       48, 87, 36, 8, 52, 138, 129, 51, 17, 49, 0, 32, 145, 99, 5, 2, 16,
       32, 72, 130, 34, 66, 0, 40, 2, 5, 0, 64, 129, 1, 66, 72, 129, 64,
       192, 40, 8, 67, 6, 136, 0, 5, 16, 4, 33, 69, 87, 2, 84, 186, 48,
       224, 1, 4, 193, 32, 24, 2, 96, 4, 195, 75, 24, 36, 24, 4, 112, 28,
       156, 9, 0, 66, 19, 165, 72, 7, 33, 104, 5, 6, 0, 2, 25, 128, 2,
       72, 32, 0, 0, 33, 160, 3, 128, 1, 98, 32, 1, 64, 193, 32, 25, 64,
       64, 136, 8, 1, 18, 8, 1, 64, 21, 36, 84, 186, 0, 8, 1, 68, 68, 64,
       24, 131, 64, 80, 164, 77, 16, 36, 24, 0, 112, 24, 24, 1, 0, 50,
       19, 148, 8, 87, 32, 72, 0, 1, 16, 18, 0, 0, 0, 6, 66, 34, 3, 4, 0,
       2, 129, 18, 110, 2, 1, 192, 193, 32, 65, 130, 128, 0, 160, 72, 2,
       136, 161, 64, 71, 36, 69, 186, 0, 40, 1, 68, 32, 64, 16, 11, 68,
       84, 161, 78, 153, 44, 24, 0, 240, 24, 28, 65, 0, 50, 19, 177, 8,
       22, 32, 98, 61, 191, 255, 252, 54, 127, 253, 127, 245, 252, 212,
       181, 127, 255, 159, 222, 251, 220, 99, 107, 245, 111, 199, 247,
       221, 255, 247, 191, 123, 223, 119, 235, 223, 44, 85, 190, 222,
       120, 249, 124, 124, 92, 187, 47, 213, 53, 247, 111, 185, 172, 25,
       5, 240, 29, 156, 77, 16, 242, 115, 189, 90, 87, 32, 250, 63, 245,
       125, 254, 63, 189, 221, 121, 255, 255, 245, 249, 255, 122, 244,
       93, 255, 246, 102, 251, 245, 126, 211, 127, 253, 191, 247, 251,
       127, 255, 245, 235, 223, 108, 215, 190, 254, 121, 249, 125, 122,
       223, 255, 47, 212, 53, 245, 111, 187, 174, 152, 15, 240, 29, 156,
       93, 48, 243, 119, 191, 251, 223, 174, 251 ]
