%YAML:1.0
descriptors: !!opencv-matrix
   rows: 40
   cols: 64
   dt: u
   data: [ 61, 54, 125, 182, 62, 189, 59, 121, 244, 124, 214, 117, 253,
       123, 184, 84, 242, 220, 67, 96, 245, 34, 209, 118, 221, 186, 228,
       155, 90, 28, 113, 235, 215, 36, 85, 190, 83, 120, 233, 116, 248,
       92, 56, 175, 212, 21, 247, 111, 153, 172, 24, 5, 240, 29, 156, 73,
       16, 242, 51, 189, 88, 87, 32, 250, 39, 39, 81, 130, 17, 0, 1, 74,
       194, 64, 129, 48, 33, 11, 132, 84, 226, 212, 5, 100, 65, 0, 128,
       96, 76, 152, 32, 9, 146, 8, 32, 41, 208, 36, 84, 154, 66, 112, 1,
       212, 144, 66, 24, 15, 64, 20, 192, 76, 153, 36, 16, 4, 96, 24,
       132, 73, 16, 240, 33, 188, 88, 86, 32, 249, 38, 33, 193, 146, 18,
       7, 9, 79, 198, 66, 1, 48, 49, 130, 177, 66, 226, 212, 1, 100, 1,
       128, 192, 35, 12, 136, 160, 9, 82, 8, 48, 41, 80, 36, 20, 186, 66,
       120, 1, 84, 16, 64, 16, 14, 192, 20, 193, 78, 153, 172, 24, 5,
       112, 28, 148, 73, 16, 242, 51, 188, 88, 22, 32, 248, 3, 16, 64, 2,
       221, 128, 3, 8, 38, 1, 32, 115, 168, 75, 132, 17, 98, 246, 4, 32,
       192, 34, 137, 100, 68, 144, 41, 43, 146, 8, 1, 109, 20, 36, 20,
       154, 66, 80, 33, 214, 65, 66, 8, 11, 192, 16, 216, 69, 1, 36, 16,
       4, 96, 0, 140, 73, 16, 114, 50, 156, 88, 87, 32, 249, 12, 34, 97,
       32, 152, 180, 35, 76, 192, 14, 194, 52, 65, 6, 185, 65, 194, 84,
       3, 96, 193, 34, 128, 116, 12, 136, 36, 9, 82, 8, 49, 72, 85, 4,
       85, 186, 16, 114, 9, 84, 32, 64, 24, 14, 68, 132, 224, 79, 24, 44,
       24, 4, 226, 29, 156, 73, 16, 98, 51, 188, 72, 7, 32, 240, 38, 49,
       249, 178, 23, 2, 29, 79, 230, 106, 129, 48, 113, 194, 178, 87, 98,
       212, 0, 99, 195, 32, 208, 39, 4, 130, 162, 11, 18, 40, 49, 104,
       87, 36, 22, 186, 82, 120, 1, 212, 64, 72, 16, 8, 208, 20, 193, 79,
       153, 172, 24, 5, 112, 24, 156, 73, 16, 114, 51, 157, 88, 86, 32,
       250, 44, 35, 229, 176, 16, 103, 33, 127, 196, 206, 194, 53, 81,
       206, 153, 70, 234, 212, 3, 98, 193, 32, 192, 51, 76, 136, 164, 9,
       82, 12, 48, 105, 86, 36, 85, 186, 82, 122, 193, 116, 112, 84, 24,
       46, 212, 20, 225, 110, 153, 172, 24, 5, 240, 29, 156, 73, 16, 242,
       51, 189, 88, 86, 32, 250, 21, 51, 209, 20, 16, 10, 37, 126, 194,
       4, 135, 48, 97, 211, 148, 83, 106, 196, 2, 101, 3, 36, 64, 199,
       140, 146, 132, 137, 2, 8, 0, 104, 150, 4, 84, 190, 0, 56, 193, 84,
       64, 88, 56, 35, 240, 112, 165, 110, 144, 172, 9, 3, 112, 29, 28,
       73, 0, 178, 19, 185, 88, 87, 101, 250, 92, 59, 251, 24, 50, 83,
       61, 254, 194, 130, 215, 180, 119, 150, 171, 218, 123, 132, 98, 93,
       9, 209, 101, 151, 133, 193, 252, 201, 67, 140, 230, 184, 248, 12,
       199, 190, 90, 56, 129, 84, 56, 88, 49, 60, 183, 237, 128, 108,
       155, 174, 46, 7, 240, 29, 84, 81, 148, 242, 17, 220, 121, 214, 96,
       250, 193, 138, 134, 75, 205, 218, 130, 180, 24, 187, 18, 207, 130,
       145, 75, 136, 77, 71, 185, 142, 204, 135, 206, 233, 43, 81, 25,
       38, 156, 67, 3, 94, 95, 195, 249, 97, 117, 143, 238, 34, 245, 52,
       234, 183, 15, 168, 121, 177, 254, 217, 61, 177, 149, 231, 201,
       234, 71, 76, 142, 101, 198, 65, 20, 118, 64, 41, 131, 147, 216,
       198, 138, 199, 202, 162, 11, 22, 147, 198, 155, 98, 235, 85, 32,
       102, 142, 165, 198, 11, 79, 214, 182, 47, 146, 10, 51, 90, 115,
       36, 85, 187, 82, 124, 233, 86, 48, 80, 48, 46, 213, 28, 225, 47,
       153, 172, 24, 5, 240, 29, 148, 73, 16, 114, 49, 189, 88, 86, 32,
       242, 197, 6, 193, 1, 217, 2, 7, 200, 160, 33, 128, 99, 130, 73,
       130, 1, 194, 101, 37, 100, 72, 133, 138, 112, 70, 216, 25, 39,
       146, 8, 35, 79, 213, 39, 84, 186, 80, 112, 45, 20, 64, 80, 24, 15,
       65, 16, 252, 193, 24, 44, 24, 4, 209, 30, 140, 9, 16, 240, 35,
       188, 72, 87, 32, 248, 98, 5, 129, 146, 2, 134, 7, 15, 198, 102,
       17, 0, 25, 172, 16, 6, 202, 20, 0, 100, 138, 33, 192, 39, 92, 128,
       132, 13, 2, 152, 16, 73, 80, 36, 5, 186, 2, 104, 1, 76, 32, 64,
       28, 11, 4, 28, 229, 78, 17, 36, 16, 4, 32, 24, 20, 9, 24, 98, 51,
       184, 72, 22, 32, 242, 1, 7, 45, 128, 7, 31, 7, 123, 164, 70, 35,
       0, 25, 57, 52, 7, 128, 116, 67, 100, 80, 114, 144, 98, 92, 160,
       140, 0, 16, 24, 16, 73, 208, 44, 210, 170, 66, 104, 1, 72, 48, 82,
       24, 143, 84, 116, 228, 76, 17, 44, 24, 4, 48, 25, 157, 8, 16, 98,
       51, 188, 72, 214, 40, 248, 199, 10, 195, 17, 200, 202, 134, 198,
       42, 163, 43, 6, 130, 231, 203, 163, 235, 69, 33, 103, 206, 165,
       238, 35, 79, 223, 189, 47, 18, 10, 35, 90, 247, 36, 85, 186, 80,
       58, 237, 86, 96, 84, 56, 47, 213, 30, 245, 47, 153, 172, 24, 5,
       240, 29, 157, 73, 16, 242, 51, 189, 88, 87, 32, 250, 197, 204,
       195, 25, 217, 194, 142, 202, 136, 171, 41, 218, 130, 199, 134,
       107, 235, 213, 53, 99, 206, 167, 238, 123, 79, 223, 187, 47, 211,
       11, 51, 126, 215, 39, 85, 187, 82, 124, 237, 246, 114, 92, 56, 47,
       213, 28, 245, 251, 153, 172, 24, 5, 240, 29, 156, 73, 16, 242, 51,
       189, 88, 87, 32, 250, 6, 49, 65, 130, 221, 130, 6, 73, 70, 64, 1,
       112, 161, 67, 132, 81, 226, 213, 1, 100, 193, 37, 129, 99, 78,
       136, 160, 13, 146, 8, 49, 105, 214, 36, 84, 186, 66, 112, 1, 84,
       64, 64, 24, 11, 209, 20, 229, 79, 153, 164, 24, 4, 112, 24, 156,
       73, 16, 242, 51, 189, 88, 87, 32, 248, 1, 4, 1, 128, 8, 134, 3,
       69, 128, 102, 0, 4, 17, 36, 17, 2, 66, 32, 1, 64, 192, 32, 80, 3,
       92, 128, 140, 12, 2, 136, 25, 73, 65, 4, 6, 170, 0, 34, 1, 72,
       128, 66, 20, 136, 64, 80, 128, 78, 17, 44, 24, 0, 48, 24, 28, 1,
       24, 34, 3, 184, 8, 86, 34, 225, 0, 6, 0, 131, 203, 217, 130, 137,
       14, 64, 10, 4, 49, 60, 105, 164, 194, 16, 0, 20, 64, 34, 156, 96,
       81, 132, 8, 0, 148, 138, 27, 24, 104, 36, 67, 154, 80, 66, 141,
       136, 144, 84, 0, 14, 68, 134, 192, 64, 129, 45, 16, 4, 147, 29,
       133, 11, 16, 96, 34, 60, 64, 70, 34, 48, 69, 33, 144, 80, 81, 2,
       96, 94, 2, 0, 131, 48, 0, 194, 128, 3, 98, 5, 3, 70, 71, 175, 128,
       3, 6, 138, 162, 13, 144, 12, 0, 0, 90, 38, 20, 186, 0, 48, 67, 84,
       16, 96, 152, 66, 64, 88, 129, 78, 25, 44, 16, 68, 112, 24, 148,
       65, 17, 50, 51, 191, 8, 54, 161, 232, 133, 206, 0, 11, 200, 216,
       134, 129, 40, 81, 42, 79, 128, 55, 201, 161, 65, 8, 141, 128, 205,
       0, 12, 72, 99, 85, 25, 35, 133, 11, 11, 23, 176, 192, 89, 0, 49,
       147, 173, 166, 103, 20, 8, 182, 68, 130, 124, 145, 129, 93, 68,
       36, 157, 199, 139, 170, 22, 72, 128, 36, 68, 67, 32, 8, 5, 146,
       84, 96, 168, 184, 160, 112, 48, 28, 70, 65, 132, 49, 128, 1, 102,
       206, 133, 40, 224, 96, 8, 240, 232, 56, 0, 194, 124, 4, 161, 69,
       221, 64, 80, 32, 117, 146, 9, 164, 213, 22, 26, 23, 64, 129, 210,
       69, 136, 117, 13, 36, 244, 12, 139, 73, 38, 210, 7, 132, 64, 71,
       36, 249, 1, 207, 8, 136, 0, 92, 132, 5, 43, 196, 46, 132, 16, 53,
       125, 160, 141, 64, 128, 32, 68, 112, 4, 98, 89, 85, 17, 0, 37, 10,
       26, 17, 148, 16, 81, 128, 16, 66, 200, 32, 32, 29, 56, 37, 20,
       150, 116, 108, 145, 168, 133, 13, 144, 13, 128, 8, 48, 66, 34, 36,
       64, 83, 100, 250, 195, 5, 136, 146, 1, 66, 92, 14, 2, 194, 61,
       144, 34, 130, 134, 18, 75, 84, 36, 69, 10, 128, 229, 3, 76, 131,
       163, 9, 19, 40, 0, 41, 112, 36, 20, 218, 2, 124, 3, 212, 18, 202,
       56, 41, 146, 28, 65, 46, 19, 172, 18, 5, 32, 24, 180, 74, 144,
       114, 33, 88, 92, 20, 32, 251, 1, 2, 5, 1, 136, 144, 160, 240, 0,
       152, 2, 69, 64, 17, 73, 161, 68, 72, 133, 0, 192, 32, 12, 208, 8,
       8, 0, 128, 132, 2, 1, 82, 124, 0, 88, 0, 88, 2, 9, 128, 213, 20,
       24, 6, 64, 134, 192, 65, 8, 61, 12, 5, 176, 13, 137, 73, 6, 64, 2,
       132, 64, 7, 96, 120, 1, 206, 4, 138, 137, 221, 134, 17, 41, 84,
       46, 77, 136, 61, 109, 165, 195, 32, 133, 32, 80, 64, 24, 240, 113,
       117, 9, 32, 189, 2, 11, 17, 188, 64, 83, 0, 80, 82, 169, 40, 183,
       21, 8, 183, 84, 130, 124, 96, 129, 21, 197, 44, 152, 5, 139, 9,
