%YAML:1.0
descriptors: !!opencv-matrix
   rows: 7
   cols: 64
   dt: u
   data: [ 39, 48, 65, 2, 29, 128, 1, 8, 230, 0, 16, 112, 41, 11, 132,
       85, 226, 214, 1, 80, 193, 34, 129, 100, 68, 152, 160, 9, 18, 8,
       33, 105, 213, 36, 20, 186, 66, 56, 1, 84, 112, 66, 24, 11, 208,
       16, 240, 77, 153, 172, 24, 4, 112, 24, 156, 73, 16, 242, 51, 188,
       88, 87, 32, 249, 4, 33, 225, 144, 16, 4, 32, 103, 64, 198, 3, 20,
       81, 134, 145, 66, 202, 84, 3, 102, 3, 160, 196, 3, 12, 136, 132,
       9, 2, 140, 48, 8, 96, 4, 21, 186, 0, 120, 1, 84, 16, 64, 20, 10,
       66, 20, 65, 110, 25, 44, 24, 5, 112, 24, 20, 72, 16, 98, 35, 184,
       72, 6, 32, 242, 35, 20, 0, 2, 157, 128, 5, 8, 98, 64, 0, 96, 160,
       11, 132, 21, 98, 118, 1, 16, 192, 34, 129, 100, 68, 144, 96, 9,
       18, 8, 1, 65, 20, 36, 20, 154, 2, 48, 1, 84, 64, 64, 24, 139, 64,
       16, 244, 77, 16, 36, 24, 4, 32, 24, 140, 73, 16, 50, 50, 156, 24,
       87, 32, 120, 54, 35, 81, 130, 19, 1, 1, 74, 198, 70, 129, 48, 49,
       10, 176, 86, 226, 212, 1, 96, 65, 32, 128, 54, 12, 136, 160, 9,
       82, 8, 48, 105, 80, 36, 20, 186, 66, 120, 1, 84, 16, 64, 24, 14,
       192, 20, 192, 78, 153, 44, 24, 5, 112, 28, 156, 73, 16, 242, 51,
       156, 88, 86, 32, 248, 61, 191, 253, 252, 50, 255, 245, 127, 253,
       220, 222, 245, 125, 127, 255, 206, 251, 252, 235, 111, 245, 125,
       210, 247, 125, 255, 180, 181, 127, 222, 126, 233, 223, 102, 87,
       186, 214, 122, 249, 124, 124, 221, 58, 39, 213, 181, 247, 110,
       153, 172, 157, 13, 240, 29, 158, 77, 60, 246, 123, 189, 91, 95,
       44, 250, 6, 33, 65, 130, 16, 2, 1, 79, 194, 66, 1, 52, 65, 130,
       145, 66, 226, 212, 1, 100, 1, 128, 192, 34, 12, 136, 168, 9, 18,
       8, 48, 41, 80, 36, 84, 186, 66, 112, 1, 84, 16, 64, 24, 14, 64,
       20, 192, 76, 153, 44, 16, 4, 112, 28, 148, 73, 16, 242, 33, 188,
       88, 86, 32, 240, 55, 54, 113, 130, 221, 148, 3, 88, 230, 70, 1,
       50, 173, 11, 144, 85, 226, 212, 1, 96, 193, 2, 128, 116, 76, 152,
       168, 9, 210, 8, 49, 41, 80, 36, 84, 186, 66, 112, 1, 84, 48, 64,
       24, 15, 80, 20, 192, 77, 153, 44, 16, 4, 112, 29, 140, 73, 16,
       242, 51, 188, 88, 87, 32, 249 ]
