%YAML:1.0
descriptors: !!opencv-matrix
   rows: 1
   cols: 64
   dt: u
   data: [ 53, 55, 85, 182, 21, 160, 41, 90, 224, 110, 192, 49, 229, 75,
       128, 83, 226, 212, 5, 99, 193, 44, 192, 115, 76, 138, 162, 11, 82,
       8, 49, 105, 82, 36, 84, 186, 82, 120, 1, 212, 80, 64, 24, 15, 192,
       16, 193, 79, 153, 164, 24, 5, 224, 28, 156, 73, 16, 242, 51, 157,
       88, 86, 32, 249 ]
