%YAML:1.0
descriptors: !!opencv-matrix
   rows: 81
   cols: 64
   dt: u
   data: [ 173, 206, 109, 137, 251, 221, 135, 252, 189, 95, 174, 207,
       221, 61, 255, 237, 137, 244, 239, 40, 124, 82, 190, 240, 125, 245,
       29, 48, 253, 95, 27, 27, 220, 64, 219, 200, 86, 243, 189, 56, 247,
       21, 106, 183, 85, 226, 124, 176, 185, 29, 222, 44, 155, 151, 143,
       60, 184, 196, 46, 44, 198, 223, 44, 250, 179, 69, 8, 154, 7, 4,
       13, 14, 166, 102, 57, 128, 63, 235, 52, 30, 247, 246, 4, 113, 2,
       162, 177, 38, 94, 131, 165, 11, 147, 184, 80, 105, 144, 44, 20,
       154, 66, 96, 3, 222, 2, 202, 12, 9, 144, 20, 228, 14, 145, 164,
       16, 4, 32, 24, 148, 73, 152, 114, 32, 60, 88, 84, 34, 249, 226,
       205, 139, 222, 38, 95, 93, 139, 175, 199, 61, 202, 27, 190, 126,
       254, 141, 118, 60, 253, 22, 214, 240, 39, 123, 215, 149, 56, 179,
       186, 22, 57, 128, 60, 3, 218, 202, 77, 250, 121, 50, 251, 53, 121,
       159, 30, 244, 172, 215, 137, 151, 143, 25, 1, 182, 158, 57, 246,
       120, 125, 117, 221, 26, 186, 3, 130, 12, 11, 135, 217, 128, 20,
       57, 145, 6, 206, 152, 52, 43, 129, 9, 80, 32, 161, 192, 80, 202,
       96, 105, 85, 25, 32, 52, 74, 19, 2, 213, 32, 81, 32, 82, 72, 40,
       32, 112, 21, 40, 47, 21, 20, 116, 97, 17, 136, 24, 4, 148, 9, 152,
       8, 16, 64, 34, 61, 64, 87, 36, 250, 170, 201, 47, 204, 38, 93,
       221, 191, 191, 214, 61, 204, 31, 60, 124, 238, 141, 244, 100, 43,
       20, 82, 244, 242, 121, 247, 149, 48, 125, 242, 30, 57, 212, 124,
       243, 200, 218, 120, 232, 57, 114, 223, 61, 63, 182, 54, 244, 108,
       155, 171, 151, 15, 216, 29, 148, 92, 49, 243, 58, 125, 115, 221,
       14, 251, 179, 213, 108, 158, 55, 31, 93, 10, 247, 69, 61, 218, 63,
       251, 116, 125, 247, 246, 118, 245, 114, 246, 177, 38, 126, 167,
       229, 59, 243, 184, 92, 105, 130, 108, 22, 222, 202, 112, 179, 253,
       114, 219, 61, 173, 208, 82, 244, 78, 129, 165, 146, 12, 104, 24,
       151, 81, 56, 242, 112, 28, 122, 212, 46, 249, 71, 6, 65, 1, 217,
       128, 131, 200, 0, 33, 130, 86, 128, 65, 129, 1, 226, 85, 5, 96,
       200, 36, 138, 104, 78, 152, 56, 15, 146, 10, 33, 31, 82, 37, 84,
       154, 16, 112, 5, 86, 193, 64, 24, 10, 65, 12, 200, 21, 9, 44, 16,
       5, 112, 24, 140, 73, 16, 112, 51, 189, 72, 87, 32, 185, 63, 54,
       117, 34, 191, 176, 139, 88, 230, 127, 146, 115, 237, 107, 160, 85,
       246, 246, 7, 112, 225, 34, 145, 116, 196, 152, 225, 75, 218, 24,
       241, 107, 87, 44, 86, 190, 90, 120, 169, 116, 84, 76, 24, 15, 208,
       65, 244, 77, 153, 172, 24, 5, 240, 29, 156, 73, 16, 242, 51, 156,
       88, 87, 32, 248, 199, 210, 65, 199, 253, 136, 135, 72, 174, 113,
       42, 123, 171, 95, 196, 117, 227, 213, 45, 98, 204, 44, 170, 112,
       78, 223, 57, 47, 150, 10, 51, 31, 210, 39, 84, 186, 82, 113, 237,
       246, 99, 92, 24, 31, 213, 22, 252, 23, 136, 165, 16, 4, 240, 159,
       142, 105, 16, 242, 51, 189, 88, 87, 32, 248, 77, 47, 247, 209,
       216, 111, 161, 247, 189, 252, 74, 21, 83, 253, 251, 238, 203, 92,
       235, 102, 124, 141, 222, 179, 91, 233, 20, 128, 232, 194, 58, 223,
       117, 3, 85, 186, 20, 246, 221, 124, 252, 53, 24, 54, 77, 166, 105,
       224, 153, 44, 124, 189, 211, 31, 141, 72, 4, 236, 35, 189, 74, 71,
       33, 250, 221, 57, 215, 245, 117, 99, 249, 254, 80, 184, 193, 177,
       102, 201, 131, 219, 255, 205, 251, 111, 47, 173, 231, 187, 143,
       107, 242, 222, 89, 5, 230, 239, 127, 39, 60, 255, 21, 252, 247,
       245, 89, 106, 187, 126, 235, 57, 203, 254, 220, 182, 126, 247,
       224, 254, 148, 77, 193, 191, 51, 219, 92, 38, 145, 247, 59, 245,
       124, 254, 63, 189, 95, 57, 247, 85, 245, 250, 189, 122, 180, 93,
       246, 247, 102, 243, 247, 126, 209, 118, 252, 190, 227, 127, 123,
       249, 245, 233, 199, 44, 150, 190, 218, 120, 249, 253, 122, 223,
       189, 175, 209, 21, 245, 79, 153, 174, 153, 15, 248, 29, 158, 89,
       56, 243, 115, 191, 122, 223, 46, 251, 195, 238, 202, 43, 217, 216,
       134, 136, 107, 163, 2, 238, 162, 7, 207, 25, 75, 39, 60, 23, 141,
       7, 11, 108, 103, 213, 89, 39, 150, 43, 3, 22, 151, 199, 221, 83,
       48, 157, 239, 54, 97, 92, 104, 121, 21, 88, 124, 177, 212, 220,
       16, 53, 149, 229, 236, 234, 80, 188, 180, 45, 148, 85, 48, 30, 73,
       15, 182, 125, 32, 239, 224, 119, 57, 252, 70, 133, 84, 245, 27,
       170, 173, 232, 225, 107, 246, 45, 86, 179, 89, 107, 150, 244, 104,
       4, 50, 195, 223, 50, 113, 168, 17, 106, 248, 104, 124, 60, 184,
       167, 253, 177, 119, 110, 153, 168, 40, 93, 240, 29, 152, 76, 55,
       227, 115, 183, 90, 103, 129, 250, 227, 84, 0, 178, 207, 2, 5, 10,
       6, 99, 41, 66, 34, 202, 36, 31, 102, 214, 37, 81, 74, 134, 169,
       34, 70, 135, 161, 11, 146, 40, 48, 105, 144, 164, 20, 186, 66,
       100, 33, 214, 66, 194, 24, 9, 208, 20, 196, 205, 81, 164, 16, 4,
       96, 24, 132, 73, 16, 240, 33, 28, 92, 84, 32, 185, 116, 34, 241,
       16, 24, 150, 43, 101, 192, 166, 195, 52, 209, 134, 153, 66, 26,
       77, 67, 64, 153, 49, 82, 141, 156, 160, 172, 141, 0, 156, 49, 202,
       65, 28, 199, 174, 136, 186, 1, 94, 40, 64, 21, 136, 103, 232, 129,
       107, 58, 44, 168, 75, 50, 25, 28, 81, 4, 34, 19, 240, 104, 134,
       104, 118, 64, 3, 129, 144, 64, 6, 2, 71, 128, 96, 2, 20, 1, 128,
       147, 34, 66, 85, 1, 68, 10, 129, 238, 1, 14, 136, 140, 13, 146, 8,
       16, 8, 96, 39, 116, 187, 0, 114, 5, 198, 128, 64, 16, 10, 8, 28,
       8, 132, 1, 36, 80, 4, 17, 26, 132, 10, 128, 104, 33, 56, 72, 68,
       50, 241, 66, 1, 147, 22, 0, 2, 72, 198, 66, 160, 1, 4, 18, 194,
       131, 18, 110, 2, 0, 7, 10, 173, 100, 3, 14, 146, 178, 9, 2, 40, 0,
       24, 82, 38, 52, 186, 0, 100, 67, 68, 0, 96, 24, 74, 169, 28, 129,
       206, 81, 44, 80, 85, 48, 24, 20, 75, 17, 114, 17, 61, 72, 20, 33,
       250, 242, 213, 104, 190, 231, 12, 93, 11, 39, 71, 61, 202, 191,
       234, 116, 93, 245, 183, 52, 245, 26, 246, 145, 102, 246, 215, 241,
       123, 243, 186, 214, 33, 130, 44, 22, 222, 203, 73, 226, 251, 114,
       203, 61, 233, 213, 28, 244, 13, 193, 166, 16, 13, 104, 17, 222,
       249, 24, 243, 113, 61, 60, 213, 56, 184, 212, 49, 210, 247, 121,
       162, 122, 90, 2, 163, 129, 250, 162, 195, 132, 91, 34, 197, 60,
       71, 143, 173, 234, 107, 14, 202, 234, 15, 18, 41, 32, 110, 83,
       167, 60, 155, 0, 253, 119, 215, 3, 106, 169, 74, 171, 28, 201,
       155, 76, 166, 112, 245, 101, 250, 180, 235, 208, 190, 177, 219,
       28, 116, 179, 191, 64, 235, 19, 159, 192, 206, 142, 193, 75, 199,
       11, 142, 209, 229, 93, 154, 143, 67, 44, 103, 14, 165, 66, 192,
       221, 215, 191, 44, 3, 170, 18, 26, 210, 5, 69, 155, 8, 44, 238,
       66, 36, 88, 40, 233, 183, 28, 245, 63, 145, 136, 32, 99, 177, 89,
       52, 235, 65, 126, 16, 53, 92, 85, 113, 178, 71, 32, 128, 16, 201,
       130, 6, 64, 0, 34, 131, 34, 224, 64, 128, 1, 64, 9, 3, 208, 203,
       39, 11, 195, 70, 90, 216, 79, 0, 12, 161, 66, 95, 46, 68, 170, 8,
       40, 101, 86, 96, 0, 24, 11, 197, 121, 167, 79, 25, 236, 24, 4,
       240, 24, 88, 65, 18, 115, 147, 181, 8, 115, 32, 74, 4, 15, 198,
       137, 0, 77, 160, 231, 41, 208, 14, 5, 16, 53, 201, 164, 203, 24,
       129, 98, 212, 32, 204, 179, 89, 93, 16, 0, 41, 130, 26, 91, 149,
       34, 81, 184, 17, 82, 201, 44, 181, 53, 24, 166, 69, 134, 117, 238,
       153, 44, 77, 13, 240, 29, 137, 72, 0, 224, 35, 173, 72, 71, 32,
       250, 194, 201, 138, 158, 39, 94, 93, 139, 39, 199, 61, 202, 27,
       170, 116, 222, 141, 23, 52, 189, 14, 212, 240, 35, 127, 215, 155,
       57, 19, 186, 22, 57, 146, 52, 50, 203, 194, 77, 250, 123, 34, 251,
       45, 121, 159, 28, 244, 172, 71, 139, 18, 149, 9, 67, 182, 190,
       153, 247, 48, 125, 85, 93, 26, 187, 41, 206, 109, 139, 167, 253,
       135, 249, 253, 84, 190, 207, 189, 60, 127, 229, 203, 244, 195, 40,
       116, 82, 159, 244, 121, 245, 29, 48, 255, 210, 31, 153, 220, 76,
       219, 216, 86, 83, 233, 56, 247, 85, 126, 55, 84, 230, 116, 100,
