%YAML:1.0
descriptors: !!opencv-matrix
   rows: 93
   cols: 64
   dt: u
   data: [ 68, 3, 225, 144, 80, 134, 7, 78, 162, 102, 3, 20, 193, 229,
       147, 3, 226, 85, 1, 102, 194, 37, 194, 99, 78, 194, 172, 13, 18,
       8, 48, 73, 87, 38, 85, 186, 82, 120, 69, 84, 112, 80, 24, 14, 213,
       28, 229, 79, 153, 172, 24, 5, 240, 29, 156, 73, 16, 114, 51, 189,
       88, 87, 32, 250, 179, 213, 8, 154, 199, 14, 29, 11, 38, 71, 61,
       202, 191, 235, 36, 29, 247, 247, 36, 244, 2, 246, 177, 102, 82,
       215, 241, 41, 147, 58, 208, 33, 146, 44, 22, 222, 66, 64, 34, 218,
       34, 202, 60, 233, 212, 28, 244, 12, 209, 164, 16, 4, 104, 25, 150,
       73, 24, 178, 48, 60, 92, 212, 40, 184, 115, 21, 72, 146, 7, 6, 21,
       14, 38, 100, 61, 144, 31, 171, 20, 86, 245, 214, 4, 241, 2, 162,
       224, 35, 92, 131, 224, 73, 19, 24, 80, 105, 208, 36, 20, 154, 66,
       112, 3, 222, 18, 202, 24, 11, 144, 28, 228, 78, 145, 164, 16, 4,
       32, 24, 148, 73, 24, 114, 49, 188, 88, 84, 34, 249, 179, 213, 108,
       154, 55, 29, 21, 30, 167, 101, 189, 248, 63, 187, 52, 127, 245,
       246, 36, 113, 18, 194, 176, 38, 78, 167, 225, 123, 179, 24, 80,
       105, 208, 44, 22, 190, 66, 112, 33, 254, 114, 219, 56, 15, 208,
       22, 244, 76, 145, 164, 22, 4, 104, 25, 150, 73, 56, 242, 49, 156,
       88, 86, 34, 249, 179, 213, 108, 150, 55, 15, 93, 10, 231, 103,
       189, 250, 63, 234, 52, 127, 247, 246, 38, 241, 55, 242, 177, 38,
       86, 167, 227, 59, 179, 56, 220, 105, 130, 44, 150, 222, 202, 112,
       179, 255, 82, 203, 60, 233, 144, 90, 245, 78, 145, 166, 18, 13,
       104, 25, 151, 81, 56, 178, 113, 62, 57, 212, 42, 249, 243, 213,
       108, 158, 55, 31, 93, 11, 231, 71, 189, 250, 191, 235, 52, 95,
       247, 183, 118, 245, 51, 246, 177, 102, 244, 247, 247, 59, 243,
       186, 212, 41, 130, 108, 134, 222, 202, 120, 178, 253, 118, 203,
       61, 233, 144, 88, 244, 78, 147, 166, 144, 13, 104, 25, 222, 87,
       56, 183, 112, 59, 187, 212, 172, 153, 250, 213, 104, 222, 39, 31,
       95, 11, 231, 71, 61, 250, 191, 234, 116, 94, 181, 179, 118, 247,
       30, 254, 209, 102, 253, 247, 247, 61, 99, 186, 214, 168, 130, 60,
       134, 222, 202, 73, 242, 121, 58, 203, 181, 233, 183, 124, 181, 47,
       215, 162, 144, 75, 42, 25, 254, 247, 57, 243, 120, 123, 59, 249,
       248, 170, 169, 206, 111, 137, 191, 221, 135, 253, 189, 253, 190,
       223, 217, 61, 127, 236, 137, 244, 255, 41, 252, 82, 254, 252, 121,
       117, 29, 34, 253, 223, 27, 95, 221, 104, 219, 112, 118, 251, 237,
       56, 117, 93, 106, 191, 21, 182, 124, 241, 187, 221, 159, 45, 221,
       157, 140, 92, 54, 228, 174, 61, 211, 223, 44, 254, 193, 206, 142,
       201, 224, 223, 214, 182, 61, 255, 46, 207, 146, 189, 127, 175,
       141, 121, 248, 175, 220, 85, 126, 249, 107, 119, 31, 118, 61, 67,
       22, 23, 223, 83, 251, 97, 117, 205, 254, 40, 112, 61, 106, 55,
       191, 188, 127, 243, 255, 217, 190, 253, 149, 237, 154, 190, 119,
       205, 254, 103, 195, 249, 93, 254, 1, 141, 143, 13, 35, 209, 156,
       58, 177, 152, 22, 199, 154, 52, 43, 10, 141, 92, 160, 35, 196, 6,
       194, 227, 73, 213, 149, 96, 24, 66, 22, 74, 223, 48, 81, 32, 118,
       72, 232, 32, 112, 28, 58, 47, 149, 52, 245, 111, 185, 136, 24, 5,
       240, 29, 156, 72, 21, 194, 54, 189, 80, 87, 0, 250, 161, 206, 111,
       137, 203, 221, 135, 253, 189, 255, 14, 207, 153, 61, 127, 173,
       139, 116, 233, 40, 216, 83, 254, 240, 121, 117, 29, 34, 189, 91,
       19, 27, 221, 64, 211, 96, 86, 243, 237, 56, 112, 29, 106, 183, 85,
       180, 124, 241, 185, 141, 158, 45, 145, 157, 140, 90, 54, 192, 46,
       45, 210, 223, 44, 250, 194, 201, 138, 223, 231, 218, 222, 129, 15,
       195, 53, 202, 154, 242, 102, 28, 13, 19, 60, 151, 14, 61, 195, 67,
       115, 215, 147, 126, 7, 186, 134, 32, 134, 189, 75, 65, 202, 77,
       250, 35, 96, 187, 165, 105, 189, 28, 253, 63, 215, 202, 144, 199,
       157, 65, 248, 250, 81, 87, 112, 55, 49, 121, 145, 202, 171, 205,
       239, 222, 54, 93, 221, 251, 255, 213, 189, 218, 127, 252, 126,
       238, 155, 244, 126, 255, 54, 254, 245, 247, 125, 247, 151, 56,
       127, 254, 94, 185, 206, 108, 119, 218, 202, 125, 250, 61, 114,
       255, 185, 191, 159, 182, 245, 110, 159, 171, 151, 207, 216, 31,
       151, 92, 49, 243, 120, 127, 123, 221, 44, 250, 195, 202, 138, 11,
       225, 218, 148, 130, 59, 145, 7, 202, 146, 180, 110, 139, 13, 43,
       184, 141, 140, 85, 74, 65, 99, 87, 25, 118, 37, 99, 134, 2, 151,
       209, 97, 65, 49, 205, 238, 42, 96, 61, 108, 113, 189, 92, 127,
       177, 85, 202, 40, 55, 151, 65, 120, 174, 23, 79, 148, 37, 1, 121,
       80, 74, 187, 222, 109, 137, 39, 125, 149, 253, 253, 223, 252, 201,
       125, 61, 125, 237, 223, 244, 103, 57, 116, 82, 244, 244, 125, 245,
       21, 50, 127, 215, 95, 187, 220, 108, 219, 220, 222, 123, 248, 57,
       255, 223, 123, 63, 212, 182, 244, 108, 187, 153, 159, 13, 248, 29,
       159, 93, 56, 246, 62, 252, 211, 223, 46, 251, 194, 201, 138, 223,
       231, 218, 220, 131, 15, 195, 61, 202, 154, 202, 102, 30, 13, 19,
       60, 151, 14, 159, 227, 99, 115, 215, 155, 63, 147, 186, 22, 1,
       134, 53, 19, 195, 194, 77, 234, 35, 34, 187, 165, 105, 191, 28,
       253, 62, 85, 138, 16, 133, 29, 65, 240, 170, 81, 83, 48, 61, 21,
       113, 144, 202, 128, 138, 141, 141, 39, 217, 157, 189, 189, 209,
       23, 202, 153, 60, 63, 7, 141, 84, 96, 57, 20, 86, 194, 224, 105,
       245, 145, 48, 52, 66, 23, 9, 223, 48, 83, 8, 82, 72, 232, 33, 112,
       29, 56, 47, 149, 52, 245, 105, 153, 136, 24, 5, 210, 13, 156, 12,
       17, 194, 50, 189, 65, 95, 4, 250, 170, 205, 239, 222, 38, 95, 221,
       187, 255, 196, 61, 202, 63, 189, 126, 174, 159, 246, 116, 127, 22,
       214, 241, 231, 123, 247, 149, 56, 127, 178, 22, 57, 210, 124, 243,
       218, 202, 77, 250, 121, 114, 255, 189, 63, 189, 60, 245, 108, 211,
       171, 151, 143, 216, 29, 150, 92, 57, 247, 120, 125, 113, 221, 14,
       250, 76, 42, 199, 153, 216, 103, 160, 247, 36, 224, 74, 22, 81,
       182, 187, 226, 203, 92, 225, 102, 88, 129, 206, 176, 74, 201, 24,
       32, 208, 8, 50, 203, 213, 6, 85, 186, 16, 112, 109, 84, 48, 84,
       56, 38, 69, 20, 101, 228, 153, 44, 24, 4, 209, 31, 156, 73, 16,
       224, 33, 189, 72, 71, 32, 250, 13, 175, 247, 217, 40, 125, 225,
       247, 57, 252, 206, 141, 81, 253, 251, 238, 137, 104, 235, 106,
       244, 233, 126, 179, 93, 127, 148, 242, 109, 199, 59, 199, 223, 82,
       115, 40, 148, 242, 249, 44, 124, 61, 122, 183, 117, 162, 119, 234,
       185, 168, 239, 125, 211, 93, 152, 76, 55, 200, 67, 173, 203, 231,
       45, 250, 7, 174, 194, 11, 217, 216, 130, 137, 43, 163, 2, 238,
       162, 23, 235, 169, 11, 35, 184, 3, 205, 5, 91, 73, 97, 213, 25,
       39, 6, 11, 3, 22, 151, 199, 93, 19, 49, 153, 239, 54, 97, 116,
       104, 33, 21, 92, 125, 177, 217, 220, 56, 53, 149, 229, 236, 234,
       16, 72, 150, 37, 128, 81, 48, 94, 196, 43, 167, 81, 200, 54, 42,
       243, 128, 46, 226, 2, 194, 193, 147, 35, 0, 105, 75, 198, 123,
       133, 16, 147, 30, 42, 142, 196, 128, 132, 32, 144, 106, 27, 70,
       171, 24, 38, 5, 192, 140, 32, 16, 142, 72, 107, 131, 203, 56, 44,
       0, 83, 83, 92, 13, 1, 5, 72, 17, 148, 76, 114, 65, 33, 51, 212,
       24, 14, 143, 136, 30, 8, 54, 99, 61, 202, 188, 42, 100, 21, 116,
       179, 4, 145, 192, 118, 145, 100, 192, 214, 241, 126, 50, 51, 197,
       97, 147, 172, 82, 52, 107, 72, 168, 98, 98, 223, 44, 41, 213, 84,
       244, 111, 145, 230, 16, 4, 236, 13, 216, 73, 26, 243, 183, 181,
       16, 83, 32, 74, 24, 148, 140, 152, 38, 253, 156, 55, 51, 254, 30,
       197, 28, 52, 61, 7, 221, 186, 225, 187, 244, 116, 83, 211, 209,
       119, 244, 246, 104, 214, 245, 226, 207, 56, 195, 36, 223, 72, 232,
       104, 120, 29, 58, 175, 213, 117, 247, 111, 187, 234, 136, 15, 244,
       13, 216, 89, 55, 211, 55, 181, 115, 243, 72, 202, 69, 13, 135, 16,
       0, 99, 32, 246, 0, 164, 66, 21, 2, 196, 131, 170, 11, 72, 161,
