%YAML:1.0
descriptors: !!opencv-matrix
   rows: 35
   cols: 64
   dt: u
   data: [ 61, 54, 117, 166, 59, 167, 41, 127, 244, 126, 210, 53, 125,
       107, 176, 84, 250, 220, 67, 96, 241, 34, 193, 119, 220, 184, 228,
       143, 82, 12, 113, 233, 215, 36, 85, 190, 83, 120, 233, 124, 120,
       92, 56, 47, 212, 21, 247, 111, 153, 172, 24, 5, 240, 29, 156, 73,
       16, 242, 51, 189, 88, 87, 32, 250, 61, 51, 253, 182, 63, 55, 61,
       126, 246, 254, 211, 49, 109, 123, 146, 86, 242, 212, 67, 99, 241,
       39, 195, 119, 204, 170, 228, 139, 82, 12, 113, 235, 215, 36, 85,
       190, 82, 120, 225, 116, 120, 92, 56, 47, 212, 21, 245, 111, 153,
       172, 24, 5, 240, 29, 156, 73, 16, 242, 51, 189, 88, 87, 32, 250,
       62, 49, 253, 180, 55, 37, 61, 127, 212, 102, 213, 48, 125, 110,
       182, 86, 250, 220, 67, 99, 241, 34, 193, 119, 220, 138, 228, 203,
       82, 156, 245, 233, 215, 36, 87, 190, 83, 120, 233, 116, 120, 92,
       48, 47, 212, 21, 247, 111, 153, 172, 24, 5, 240, 29, 156, 73, 16,
       242, 51, 189, 88, 87, 32, 250, 63, 51, 125, 182, 63, 181, 63, 120,
       246, 254, 210, 51, 253, 126, 177, 87, 242, 245, 67, 98, 225, 39,
       195, 119, 204, 186, 228, 13, 82, 92, 113, 235, 215, 36, 85, 190,
       82, 120, 233, 116, 120, 92, 56, 47, 213, 20, 245, 111, 153, 172,
       24, 5, 240, 29, 156, 73, 16, 242, 51, 189, 88, 87, 32, 250, 62,
       177, 253, 182, 62, 55, 255, 126, 244, 254, 213, 245, 125, 126,
       179, 87, 250, 221, 99, 99, 229, 37, 195, 119, 205, 234, 244, 159,
       82, 221, 117, 235, 215, 36, 87, 190, 83, 120, 233, 116, 120, 92,
       56, 47, 213, 21, 247, 111, 153, 172, 24, 5, 240, 29, 156, 73, 16,
       242, 51, 189, 88, 87, 32, 250, 63, 50, 253, 182, 63, 183, 191,
       120, 246, 254, 214, 115, 253, 127, 177, 85, 246, 247, 3, 98, 229,
       39, 195, 119, 204, 250, 244, 207, 90, 28, 241, 235, 215, 36, 85,
       190, 82, 120, 233, 116, 120, 92, 56, 47, 213, 21, 245, 111, 153,
       172, 24, 5, 240, 29, 156, 73, 16, 242, 51, 189, 88, 87, 32, 250,
       60, 177, 253, 252, 54, 125, 249, 127, 247, 220, 215, 245, 125,
       126, 189, 86, 251, 220, 67, 99, 245, 60, 193, 247, 221, 170, 228,
       217, 122, 220, 245, 233, 223, 36, 85, 190, 214, 122, 233, 117,
       120, 93, 61, 47, 212, 53, 247, 111, 153, 172, 25, 5, 240, 29, 156,
       73, 16, 242, 51, 189, 88, 87, 32, 250, 54, 241, 125, 150, 55, 7,
       31, 120, 198, 68, 181, 242, 253, 122, 180, 84, 242, 213, 70, 103,
       83, 34, 193, 102, 204, 182, 245, 9, 82, 156, 84, 41, 214, 36, 84,
       190, 66, 120, 201, 116, 112, 90, 56, 47, 208, 20, 245, 78, 153,
       172, 24, 5, 240, 29, 156, 73, 16, 242, 51, 189, 88, 87, 32, 250,
       60, 51, 117, 180, 48, 37, 45, 126, 230, 220, 210, 53, 93, 127,
       145, 86, 242, 212, 3, 98, 197, 40, 192, 119, 76, 138, 164, 9, 82,
       12, 113, 233, 214, 36, 85, 186, 82, 120, 193, 116, 112, 92, 24,
       46, 196, 20, 229, 110, 153, 172, 24, 5, 240, 29, 156, 73, 16, 242,
       51, 189, 88, 87, 32, 250, 47, 36, 109, 128, 23, 133, 5, 88, 228,
       70, 151, 48, 125, 42, 177, 71, 226, 244, 3, 96, 193, 34, 209, 118,
       76, 168, 164, 9, 82, 28, 49, 105, 215, 36, 85, 186, 82, 120, 129,
       92, 112, 92, 24, 15, 212, 20, 229, 79, 153, 172, 24, 5, 240, 29,
       156, 73, 16, 242, 51, 188, 88, 87, 32, 250, 62, 52, 109, 128, 23,
       133, 7, 121, 198, 68, 149, 52, 125, 14, 177, 69, 226, 212, 67, 96,
       209, 34, 193, 118, 76, 168, 164, 9, 82, 28, 49, 105, 215, 36, 85,
       186, 82, 120, 129, 116, 112, 92, 24, 14, 212, 20, 229, 79, 153,
       172, 24, 5, 240, 29, 156, 73, 16, 242, 51, 188, 88, 87, 32, 250,
       63, 48, 125, 170, 31, 133, 7, 72, 230, 102, 145, 52, 125, 46, 181,
       86, 242, 212, 3, 96, 193, 34, 193, 118, 76, 136, 164, 13, 82, 12,
       113, 105, 213, 36, 85, 186, 82, 120, 129, 124, 112, 92, 24, 15,
       212, 20, 228, 79, 153, 172, 24, 5, 240, 29, 156, 73, 16, 242, 51,
       188, 88, 86, 32, 250, 63, 54, 125, 162, 63, 181, 183, 124, 246,
       222, 214, 117, 253, 62, 185, 85, 255, 246, 67, 112, 241, 114, 211,
       118, 205, 188, 244, 223, 122, 92, 245, 235, 215, 44, 87, 190, 90,
       120, 233, 124, 120, 93, 56, 47, 213, 117, 245, 111, 153, 172, 24,
       5, 240, 29, 156, 73, 16, 242, 51, 189, 88, 215, 32, 250, 62, 48,
       113, 166, 31, 164, 47, 73, 198, 238, 209, 48, 117, 10, 177, 87,
       242, 212, 3, 96, 193, 34, 193, 116, 76, 136, 168, 13, 82, 12, 49,
       107, 209, 36, 85, 186, 82, 120, 161, 116, 112, 72, 56, 15, 212,
       20, 192, 77, 153, 172, 24, 5, 240, 29, 156, 73, 16, 242, 51, 188,
       88, 86, 32, 250, 45, 38, 101, 161, 157, 244, 163, 92, 244, 252,
       194, 119, 237, 63, 187, 101, 235, 253, 3, 96, 225, 3, 219, 124,
       76, 252, 188, 167, 90, 14, 51, 239, 213, 36, 85, 186, 82, 120,
       169, 116, 120, 84, 58, 174, 197, 1, 246, 109, 153, 172, 24, 5,
       240, 29, 156, 73, 16, 242, 51, 188, 88, 87, 32, 250, 47, 38, 101,
       168, 31, 189, 39, 121, 52, 126, 210, 53, 217, 63, 185, 69, 226,
       220, 1, 96, 225, 32, 200, 112, 76, 136, 160, 3, 90, 28, 49, 203,
       213, 36, 85, 186, 82, 120, 169, 116, 112, 92, 24, 15, 84, 20, 244,
       79, 153, 172, 24, 5, 240, 29, 156, 73, 16, 242, 51, 188, 88, 87,
       32, 248, 62, 48, 109, 167, 190, 165, 187, 125, 212, 254, 208, 53,
       253, 14, 177, 117, 226, 213, 3, 96, 201, 1, 199, 124, 76, 136,
       172, 15, 82, 13, 49, 251, 245, 36, 85, 186, 82, 120, 169, 116, 80,
       92, 24, 14, 212, 20, 192, 109, 153, 172, 24, 5, 240, 29, 156, 73,
       16, 242, 51, 188, 88, 87, 32, 250, 44, 34, 229, 166, 63, 183, 47,
       127, 228, 116, 211, 48, 125, 123, 177, 68, 226, 221, 67, 96, 241,
       39, 193, 247, 92, 168, 164, 143, 82, 156, 49, 235, 223, 36, 87,
       186, 83, 120, 169, 124, 120, 92, 56, 47, 213, 53, 247, 79, 153,
       172, 24, 5, 240, 29, 156, 73, 16, 242, 51, 189, 88, 87, 32, 250,
       63, 53, 117, 150, 54, 135, 159, 93, 246, 84, 149, 49, 253, 122,
       177, 85, 254, 215, 3, 98, 193, 35, 195, 119, 204, 154, 228, 77,
       82, 28, 241, 105, 215, 44, 85, 190, 90, 120, 233, 116, 112, 92,
       56, 47, 213, 20, 245, 111, 153, 172, 24, 5, 240, 29, 156, 73, 16,
       242, 51, 189, 88, 87, 32, 250, 45, 36, 237, 178, 31, 167, 63, 126,
       244, 126, 210, 49, 121, 46, 179, 71, 226, 221, 67, 96, 241, 39,
       195, 119, 76, 168, 164, 143, 82, 28, 49, 235, 215, 36, 85, 186,
       83, 120, 161, 116, 120, 92, 56, 47, 213, 53, 247, 111, 153, 172,
       24, 5, 240, 29, 156, 73, 16, 242, 51, 189, 88, 87, 32, 250, 38,
       48, 65, 130, 221, 128, 15, 72, 198, 34, 35, 50, 161, 2, 128, 81,
       226, 213, 1, 96, 201, 0, 131, 100, 78, 152, 169, 45, 146, 8, 49,
       105, 85, 36, 84, 186, 66, 112, 33, 86, 48, 64, 24, 11, 193, 20,
       212, 77, 153, 172, 24, 5, 112, 28, 156, 73, 16, 242, 51, 188, 88,
       87, 32, 248, 47, 38, 101, 32, 29, 176, 37, 88, 240, 126, 192, 113,
       232, 91, 164, 69, 226, 244, 3, 96, 225, 34, 137, 118, 68, 152,
       160, 3, 82, 12, 33, 75, 215, 36, 84, 186, 82, 120, 33, 116, 112,
       78, 26, 15, 208, 17, 244, 79, 153, 172, 24, 5, 240, 28, 156, 73,
       16, 242, 51, 156, 88, 87, 32, 249, 47, 32, 237, 160, 23, 39, 39,
       94, 180, 238, 192, 52, 89, 46, 179, 71, 202, 125, 3, 97, 225, 39,
       192, 119, 76, 136, 132, 133, 82, 12, 49, 201, 215, 36, 87, 186,
       82, 120, 41, 116, 120, 92, 56, 47, 213, 21, 231, 111, 153, 172,
       24, 5, 240, 29, 156, 73, 16, 242, 51, 189, 88, 87, 32, 250, 55,
       49, 93, 150, 55, 135, 23, 40, 230, 68, 23, 114, 189, 123, 176, 84,
       242, 215, 0, 98, 193, 39, 195, 103, 204, 146, 228, 13, 18, 8, 209,
       105, 215, 36, 85, 190, 82, 120, 233, 124, 112, 92, 56, 47, 213,
       20, 245, 111, 153, 172, 24, 5, 240, 29, 156, 73, 16, 242, 51, 189,
       88, 87, 32, 250, 114, 16, 17, 134, 217, 130, 11, 9, 198, 66, 1,
       18, 161, 10, 128, 84, 102, 215, 4, 68, 64, 4, 129, 68, 78, 144,
       168, 13, 146, 8, 17, 41, 64, 36, 20, 186, 66, 120, 1, 84, 0, 72,
