%YAML:1.0
descriptors: !!opencv-matrix
   rows: 28
   cols: 64
   dt: u
   data: [ 4, 33, 65, 176, 144, 32, 35, 88, 132, 6, 195, 54, 65, 74, 145,
       65, 226, 212, 3, 100, 75, 160, 128, 50, 76, 136, 164, 9, 210, 12,
       48, 41, 114, 36, 84, 186, 66, 112, 1, 212, 144, 64, 24, 14, 64,
       20, 192, 78, 153, 44, 16, 5, 112, 29, 156, 73, 16, 242, 51, 188,
       88, 86, 32, 249, 36, 33, 113, 144, 16, 7, 33, 110, 196, 68, 195,
       52, 81, 134, 145, 66, 226, 212, 3, 100, 1, 160, 192, 51, 12, 136,
       164, 9, 82, 8, 48, 41, 80, 36, 21, 186, 2, 112, 1, 84, 16, 64, 24,
       14, 64, 20, 192, 78, 153, 44, 24, 4, 112, 28, 148, 73, 16, 242,
       35, 188, 88, 22, 32, 248, 84, 3, 147, 144, 0, 6, 40, 103, 2, 130,
       3, 4, 80, 192, 155, 18, 124, 202, 0, 70, 2, 168, 68, 131, 140, 0,
       166, 72, 0, 132, 176, 32, 98, 22, 101, 170, 0, 106, 2, 64, 128, 0,
       16, 2, 34, 4, 1, 78, 153, 40, 48, 5, 48, 24, 20, 73, 129, 114, 1,
       177, 88, 6, 33, 227, 7, 196, 0, 10, 141, 136, 4, 0, 34, 2, 41, 66,
       128, 15, 100, 21, 65, 50, 4, 144, 193, 34, 17, 96, 64, 148, 1, 41,
       146, 42, 1, 65, 148, 164, 83, 130, 35, 0, 41, 2, 32, 144, 8, 9,
       84, 80, 244, 13, 17, 164, 16, 4, 36, 1, 202, 33, 16, 18, 50, 180,
       16, 83, 32, 72, 3, 130, 0, 2, 137, 144, 128, 0, 34, 0, 6, 68, 128,
       19, 33, 1, 64, 2, 1, 128, 192, 32, 8, 64, 64, 16, 0, 2, 20, 8, 1,
       82, 181, 36, 80, 130, 80, 64, 41, 0, 65, 20, 8, 6, 80, 84, 208,
       77, 25, 44, 24, 5, 244, 1, 136, 73, 16, 82, 50, 180, 64, 87, 32,
       248, 2, 1, 136, 26, 3, 82, 84, 7, 19, 130, 45, 128, 16, 134, 45,
       10, 13, 26, 32, 129, 2, 48, 64, 3, 81, 1, 128, 72, 65, 160, 148,
       96, 130, 16, 129, 160, 3, 72, 194, 96, 50, 187, 52, 33, 182, 84,
       39, 110, 19, 170, 40, 7, 176, 25, 120, 16, 19, 227, 59, 185, 25,
       114, 106, 203, 3, 4, 8, 6, 13, 128, 28, 0, 2, 34, 17, 64, 0, 3, 4,
       17, 4, 2, 0, 144, 192, 32, 193, 67, 0, 128, 224, 75, 18, 40, 129,
       64, 151, 180, 16, 32, 43, 8, 32, 67, 64, 138, 8, 9, 208, 16, 132,
       79, 17, 230, 24, 5, 36, 0, 88, 1, 18, 51, 178, 144, 24, 83, 32,
       73, 197, 5, 225, 48, 81, 2, 33, 78, 160, 68, 129, 50, 67, 201,
       130, 7, 98, 101, 39, 68, 2, 143, 160, 35, 6, 138, 152, 13, 146,
       12, 32, 9, 80, 39, 20, 155, 0, 52, 5, 212, 0, 66, 24, 131, 73, 24,
       192, 204, 64, 36, 80, 16, 65, 58, 132, 3, 144, 56, 33, 28, 76, 68,
       48, 249, 67, 4, 0, 2, 201, 2, 2, 10, 166, 0, 0, 66, 32, 107, 4, 5,
       66, 33, 5, 20, 64, 7, 153, 101, 66, 128, 8, 4, 146, 8, 0, 64, 148,
       46, 0, 186, 0, 0, 5, 132, 64, 66, 8, 139, 65, 80, 160, 196, 17,
       36, 24, 0, 49, 24, 140, 11, 24, 48, 34, 28, 8, 85, 32, 73, 1, 7,
       5, 0, 0, 103, 33, 246, 32, 4, 2, 4, 64, 141, 59, 35, 76, 108, 193,
       100, 80, 128, 4, 162, 10, 40, 12, 64, 144, 4, 48, 1, 112, 0, 81,
       168, 16, 98, 5, 64, 52, 0, 24, 6, 68, 160, 64, 204, 24, 40, 88, 4,
       18, 28, 132, 8, 144, 32, 1, 180, 64, 70, 0, 240, 3, 6, 0, 2, 201,
       128, 3, 8, 32, 0, 0, 66, 128, 9, 0, 5, 66, 101, 1, 0, 192, 2, 136,
       96, 66, 144, 8, 4, 178, 8, 1, 65, 20, 38, 80, 144, 0, 0, 5, 0, 69,
       0, 24, 131, 64, 64, 96, 193, 16, 36, 24, 0, 33, 8, 142, 9, 8, 32,
       34, 148, 0, 87, 36, 73, 65, 7, 0, 136, 0, 78, 32, 70, 32, 68, 10,
       4, 16, 165, 59, 162, 13, 72, 129, 100, 8, 128, 4, 128, 72, 1, 8,
       0, 129, 0, 26, 1, 240, 18, 81, 136, 0, 66, 4, 0, 164, 48, 24, 6,
       4, 158, 100, 132, 17, 8, 116, 52, 17, 89, 128, 8, 145, 72, 9, 36,
       64, 68, 2, 224, 0, 1, 136, 152, 2, 23, 0, 7, 4, 198, 5, 128, 16,
       128, 49, 6, 12, 88, 0, 101, 2, 144, 192, 35, 8, 128, 132, 8, 16,
       128, 16, 9, 208, 20, 17, 168, 2, 72, 2, 64, 48, 32, 52, 44, 18,
       20, 65, 110, 19, 40, 16, 5, 48, 25, 148, 8, 17, 98, 51, 188, 64,
       84, 0, 251, 4, 3, 128, 16, 0, 128, 4, 71, 0, 162, 3, 4, 0, 133, 1,
       2, 8, 0, 1, 66, 130, 36, 64, 3, 68, 128, 128, 0, 0, 140, 0, 64,
       87, 6, 65, 170, 0, 40, 65, 64, 32, 48, 48, 170, 68, 20, 5, 110,
       25, 44, 24, 1, 48, 25, 156, 8, 0, 98, 19, 181, 72, 86, 32, 106,
       68, 3, 131, 128, 64, 66, 2, 199, 0, 130, 2, 4, 16, 132, 155, 34,
       11, 64, 1, 68, 8, 129, 196, 0, 14, 128, 28, 0, 128, 8, 18, 8, 96,
       4, 85, 171, 0, 100, 5, 4, 32, 96, 16, 10, 5, 28, 0, 128, 17, 44,
       16, 4, 17, 24, 132, 10, 128, 96, 1, 48, 76, 68, 32, 240, 7, 2, 64,
       130, 153, 128, 3, 72, 38, 64, 0, 112, 161, 11, 128, 81, 98, 84, 5,
       96, 192, 0, 136, 96, 76, 128, 40, 9, 146, 8, 1, 73, 80, 36, 20,
       154, 66, 112, 1, 212, 128, 64, 24, 11, 64, 0, 192, 69, 17, 36, 16,
       4, 32, 24, 140, 73, 16, 114, 50, 156, 72, 22, 32, 249, 37, 35,
       113, 144, 145, 132, 5, 72, 166, 68, 131, 50, 225, 43, 144, 86,
       226, 212, 7, 100, 11, 160, 128, 48, 76, 152, 160, 9, 82, 8, 48,
       41, 208, 36, 84, 154, 66, 120, 1, 212, 16, 80, 24, 15, 192, 28,
       196, 12, 153, 172, 16, 4, 112, 28, 148, 73, 16, 242, 49, 188, 88,
       86, 32, 248, 5, 34, 65, 160, 217, 128, 35, 72, 32, 0, 130, 50,
       193, 3, 128, 65, 66, 69, 5, 96, 192, 0, 136, 112, 78, 136, 8, 13,
       146, 8, 33, 9, 80, 36, 84, 154, 0, 112, 5, 150, 129, 64, 24, 10,
       64, 4, 200, 5, 9, 36, 16, 4, 96, 28, 141, 9, 16, 96, 35, 188, 72,
       70, 32, 185, 118, 57, 187, 213, 114, 7, 218, 207, 198, 194, 147,
       180, 83, 194, 179, 94, 58, 213, 122, 79, 15, 157, 198, 3, 159,
       194, 238, 77, 2, 184, 20, 56, 102, 55, 54, 159, 202, 126, 199, 85,
       144, 106, 181, 106, 171, 28, 129, 190, 213, 174, 48, 215, 51, 120,
       181, 211, 209, 127, 120, 127, 125, 52, 147, 243, 249, 223, 255,
       223, 246, 119, 251, 254, 254, 255, 116, 155, 255, 185, 23, 206,
       127, 247, 251, 111, 62, 223, 246, 189, 155, 235, 255, 190, 249,
       209, 118, 187, 235, 47, 182, 253, 214, 125, 244, 121, 126, 78,
       251, 191, 155, 184, 89, 180, 255, 136, 255, 185, 209, 255, 156,
       215, 249, 252, 105, 95, 255, 212, 25, 255, 3, 69, 0, 138, 1, 72,
       4, 7, 35, 66, 41, 128, 16, 132, 44, 171, 13, 2, 0, 4, 2, 128, 116,
       3, 81, 133, 129, 8, 3, 40, 0, 1, 128, 20, 81, 138, 0, 64, 2, 2,
       34, 42, 40, 225, 54, 30, 100, 44, 81, 128, 112, 4, 0, 1, 100, 10,
       145, 66, 32, 52, 0, 64, 2, 98, 1, 71, 12, 138, 0, 24, 4, 3, 35,
       64, 44, 4, 24, 53, 108, 32, 132, 32, 0, 164, 64, 64, 17, 160, 80,
       4, 8, 0, 161, 130, 8, 1, 144, 4, 83, 128, 8, 66, 0, 136, 166, 147,
       24, 129, 20, 22, 100, 76, 17, 0, 128, 12, 16, 9, 67, 8, 56, 64, 0,
       52, 0, 82, 74, 73, 131, 206, 10, 3, 32, 88, 148, 128, 58, 145, 47,
       204, 2, 53, 72, 168, 9, 192, 36, 171, 68, 0, 164, 112, 105, 215,
       17, 34, 21, 10, 18, 18, 244, 36, 81, 152, 82, 80, 232, 160, 114,
       28, 56, 63, 148, 22, 244, 108, 153, 173, 22, 5, 216, 13, 140, 72,
       16, 242, 50, 60, 80, 87, 32, 250, 131, 197, 8, 154, 7, 13, 28, 3,
       39, 66, 45, 202, 26, 42, 100, 31, 133, 50, 36, 181, 6, 242, 112,
       98, 81, 151, 129, 56, 19, 184, 28, 33, 130, 52, 82, 138, 194, 72,
       162, 232, 34, 219, 60, 105, 150, 86, 244, 108, 145, 168, 16, 4,
       42, 9, 181, 10, 25, 243, 48, 60, 17, 88, 8, 235, 5, 6, 69, 128, 8,
       0, 33, 80, 32, 92, 2, 1, 64, 33, 128, 1, 2, 76, 133, 96, 192, 0,
       136, 112, 76, 136, 8, 0, 24, 0, 33, 73, 80, 0, 28, 184, 0, 240, 1,
       132, 197, 96, 24, 134, 64, 0, 64, 192, 8, 37, 24, 4, 65, 24, 142,
       8, 16, 96, 35, 140, 72, 6, 32, 177, 0, 206, 4, 137, 136, 217, 160,
       197, 41, 216, 42, 5, 16, 53, 105, 160, 129, 24, 129, 32, 68, 0,
       28, 240, 81, 4, 8, 0, 141, 130, 27, 19, 252, 0, 81, 168, 16, 98,
       137, 40, 182, 52, 24, 6, 84, 150, 96, 96, 153, 44, 24, 5, 147, 29,
       141, 8, 16, 192, 35, 172, 64, 70, 34, 240, 39, 54, 65, 130, 157,
       128, 7, 72, 230, 70, 17, 50, 169, 11, 128, 85, 226, 212, 1, 96,
       193, 2, 129, 116, 76, 136, 168, 9, 146, 8, 49, 105, 84, 36, 84,
       186, 66, 112, 1, 84, 64, 64, 24, 15, 192, 20, 192, 77, 153, 44,
       24, 4, 112, 28, 156, 73, 16, 242, 51, 188, 88, 87, 32, 248, 12,
