%YAML:1.0
descriptors: !!opencv-matrix
   rows: 9
   cols: 64
   dt: u
   data: [ 13, 32, 85, 34, 17, 33, 37, 126, 196, 4, 194, 49, 97, 14, 128,
       65, 226, 212, 3, 96, 225, 2, 129, 118, 12, 136, 160, 9, 82, 12,
       49, 105, 84, 36, 20, 186, 82, 112, 1, 84, 80, 64, 24, 15, 64, 4,
       196, 76, 153, 44, 24, 4, 240, 28, 156, 73, 16, 242, 51, 188, 88,
       23, 32, 248, 40, 34, 101, 130, 16, 37, 37, 92, 228, 70, 130, 52,
       113, 46, 185, 69, 194, 116, 67, 96, 209, 2, 81, 116, 76, 168, 132,
       9, 82, 140, 49, 201, 84, 36, 87, 186, 80, 112, 1, 84, 116, 84, 24,
       15, 68, 68, 228, 76, 153, 44, 24, 4, 242, 29, 156, 73, 16, 242,
       51, 188, 72, 87, 32, 248, 4, 34, 65, 128, 16, 0, 32, 100, 0, 2, 2,
       20, 65, 5, 153, 64, 130, 76, 1, 100, 64, 0, 132, 0, 12, 136, 8, 1,
       144, 12, 48, 25, 112, 4, 85, 154, 0, 114, 5, 20, 128, 112, 24, 14,
       64, 6, 64, 192, 24, 44, 16, 4, 81, 29, 133, 8, 0, 96, 35, 188, 72,
       6, 32, 240, 7, 32, 65, 162, 21, 0, 1, 72, 198, 2, 129, 48, 97, 10,
       160, 81, 226, 212, 3, 96, 65, 34, 129, 116, 76, 136, 160, 9, 82,
       12, 49, 41, 80, 36, 84, 186, 82, 112, 1, 84, 80, 64, 24, 15, 208,
       20, 192, 76, 153, 172, 24, 5, 112, 28, 156, 73, 16, 242, 51, 188,
       88, 86, 32, 249, 4, 35, 225, 144, 16, 68, 33, 111, 128, 198, 194,
       52, 81, 134, 153, 66, 202, 84, 3, 96, 1, 128, 196, 19, 12, 136,
       132, 9, 82, 8, 48, 9, 112, 36, 85, 186, 16, 122, 1, 84, 144, 64,
       24, 14, 68, 20, 64, 110, 25, 44, 24, 5, 112, 29, 148, 73, 16, 226,
       35, 188, 72, 70, 32, 242, 7, 36, 65, 130, 217, 2, 7, 72, 194, 68,
       0, 48, 33, 11, 128, 65, 226, 84, 1, 100, 65, 128, 136, 32, 78,
       136, 40, 9, 210, 8, 48, 41, 80, 36, 20, 186, 66, 112, 5, 212, 16,
       64, 24, 11, 64, 20, 192, 196, 25, 36, 16, 4, 96, 24, 140, 73, 16,
       240, 35, 188, 88, 86, 32, 248, 55, 52, 81, 134, 21, 0, 13, 72,
       198, 66, 147, 112, 45, 11, 128, 85, 226, 212, 5, 96, 65, 2, 129,
       100, 76, 152, 168, 9, 82, 8, 49, 105, 80, 36, 84, 154, 66, 112,
       129, 212, 80, 72, 24, 15, 208, 20, 228, 76, 153, 172, 16, 5, 112,
       29, 156, 73, 16, 242, 51, 188, 88, 86, 32, 248, 7, 50, 65, 130,
       149, 128, 1, 72, 194, 2, 131, 48, 33, 3, 128, 81, 98, 212, 1, 64,
       193, 32, 128, 96, 76, 136, 160, 9, 18, 8, 33, 41, 80, 36, 84, 154,
       66, 112, 1, 84, 0, 64, 24, 10, 64, 4, 192, 76, 153, 44, 16, 4, 96,
       24, 140, 73, 16, 114, 51, 188, 88, 22, 32, 248, 68, 35, 65, 176,
       16, 0, 34, 77, 0, 2, 131, 52, 65, 134, 147, 66, 226, 84, 1, 100,
       11, 128, 128, 48, 12, 136, 168, 9, 210, 8, 48, 8, 112, 36, 84,
       186, 66, 114, 1, 84, 144, 64, 24, 14, 64, 28, 192, 12, 153, 44,
       16, 4, 96, 28, 148, 73, 16, 242, 33, 188, 88, 70, 32, 240 ]
