%YAML:1.0
descriptors: !!opencv-matrix
   rows: 81
   cols: 64
   dt: u
   data: [ 179, 213, 72, 154, 7, 6, 29, 10, 166, 102, 57, 192, 31, 235,
       52, 31, 245, 246, 36, 113, 2, 162, 176, 34, 92, 135, 161, 75, 147,
       56, 80, 105, 208, 36, 22, 154, 66, 96, 35, 254, 82, 202, 56, 41,
       208, 20, 244, 78, 145, 164, 16, 4, 96, 24, 148, 73, 24, 242, 49,
       188, 88, 86, 34, 249, 129, 142, 142, 137, 128, 217, 166, 196, 57,
       209, 14, 206, 146, 53, 107, 169, 13, 41, 184, 175, 4, 85, 94, 192,
       97, 117, 25, 100, 45, 70, 18, 19, 157, 81, 243, 64, 49, 203, 238,
       40, 117, 61, 40, 53, 53, 156, 126, 160, 21, 216, 44, 61, 151, 229,
       120, 174, 55, 77, 6, 37, 65, 249, 85, 202, 62, 229, 109, 184, 22,
       191, 55, 121, 229, 198, 213, 176, 125, 123, 188, 70, 251, 244, 67,
       119, 245, 114, 209, 119, 93, 255, 181, 173, 114, 158, 113, 233,
       198, 44, 87, 186, 90, 120, 233, 124, 120, 93, 56, 175, 213, 53,
       247, 110, 153, 172, 152, 13, 240, 29, 156, 89, 24, 242, 51, 189,
       88, 215, 40, 250, 13, 142, 132, 8, 8, 89, 164, 7, 57, 248, 14, 5,
       16, 54, 235, 160, 201, 40, 225, 168, 213, 81, 94, 208, 81, 125,
       24, 160, 45, 195, 27, 71, 157, 194, 67, 32, 53, 194, 237, 40, 101,
       21, 106, 39, 69, 231, 119, 225, 185, 104, 237, 28, 150, 5, 218, 8,
       54, 192, 142, 165, 194, 75, 100, 78, 115, 21, 237, 152, 7, 134,
       31, 77, 166, 102, 49, 144, 29, 169, 52, 86, 244, 212, 0, 96, 138,
       163, 242, 35, 92, 128, 164, 77, 19, 152, 89, 105, 241, 36, 20,
       186, 66, 112, 1, 222, 18, 202, 28, 11, 208, 28, 193, 14, 145, 36,
       24, 4, 32, 24, 148, 73, 24, 242, 51, 188, 88, 86, 34, 249, 179,
       213, 109, 156, 63, 13, 93, 94, 167, 101, 189, 248, 127, 249, 52,
       95, 247, 244, 6, 113, 154, 226, 176, 39, 92, 163, 225, 27, 115,
       25, 93, 105, 209, 44, 22, 190, 66, 112, 49, 254, 82, 202, 56, 15,
       208, 22, 197, 78, 145, 164, 82, 4, 104, 24, 151, 73, 24, 242, 51,
       156, 88, 86, 34, 249, 210, 201, 146, 31, 65, 66, 204, 135, 66,
       163, 57, 136, 50, 198, 7, 186, 111, 130, 53, 199, 15, 139, 229, 7,
       75, 95, 243, 47, 3, 10, 162, 50, 240, 39, 100, 191, 82, 52, 103,
       246, 50, 74, 48, 43, 159, 28, 29, 190, 201, 172, 82, 5, 112, 26,
       148, 203, 144, 240, 33, 53, 92, 116, 34, 170, 197, 13, 130, 17,
       64, 66, 32, 230, 0, 164, 0, 23, 2, 131, 131, 42, 75, 72, 33, 102,
       11, 141, 239, 19, 74, 9, 156, 0, 209, 12, 50, 17, 112, 39, 52,
       251, 16, 52, 5, 212, 18, 96, 24, 6, 72, 24, 75, 196, 73, 36, 122,
       148, 81, 26, 132, 8, 144, 232, 33, 148, 76, 68, 2, 233, 56, 158,
       172, 216, 38, 221, 212, 55, 55, 254, 30, 197, 28, 60, 61, 6, 221,
       250, 225, 187, 244, 118, 83, 243, 249, 55, 165, 246, 108, 215,
       213, 227, 223, 120, 195, 36, 223, 72, 248, 104, 120, 29, 122, 47,
       212, 244, 247, 111, 187, 232, 137, 15, 246, 29, 216, 93, 55, 243,
       55, 181, 115, 251, 76, 234, 218, 58, 211, 231, 254, 162, 186, 200,
       90, 187, 210, 127, 231, 66, 195, 113, 118, 199, 61, 82, 205, 141,
       175, 92, 174, 218, 250, 239, 214, 111, 243, 254, 119, 165, 92,
       127, 126, 247, 237, 215, 193, 68, 195, 90, 203, 13, 219, 21, 204,
       221, 88, 165, 244, 182, 156, 235, 196, 188, 177, 155, 220, 7, 48,
       180, 199, 70, 64, 3, 221, 2, 3, 200, 174, 3, 43, 122, 162, 75,
       194, 117, 66, 85, 29, 100, 74, 134, 168, 104, 70, 212, 57, 43,
       150, 10, 2, 29, 112, 167, 92, 219, 64, 117, 7, 150, 131, 66, 8,
       25, 73, 14, 216, 144, 64, 53, 80, 36, 9, 178, 135, 171, 144, 60,
       32, 28, 76, 84, 48, 177, 27, 150, 12, 2, 175, 153, 150, 17, 59,
       49, 22, 68, 188, 60, 40, 21, 253, 187, 96, 176, 212, 119, 91, 241,
       209, 116, 241, 126, 44, 215, 213, 102, 223, 120, 67, 36, 219, 72,
       232, 106, 116, 29, 104, 47, 213, 117, 247, 111, 185, 202, 136, 13,
       246, 13, 216, 73, 55, 243, 183, 181, 242, 219, 104, 74, 60, 59,
       255, 252, 50, 119, 249, 255, 245, 252, 222, 181, 93, 62, 187, 230,
       251, 220, 195, 107, 245, 113, 198, 183, 93, 235, 180, 157, 121,
       205, 127, 235, 247, 36, 85, 186, 86, 122, 233, 124, 120, 93, 58,
       46, 213, 181, 231, 111, 153, 172, 24, 5, 240, 29, 156, 73, 16,
       242, 59, 189, 91, 87, 32, 250, 161, 206, 111, 139, 167, 221, 149,
       188, 189, 223, 62, 207, 153, 61, 127, 173, 137, 244, 229, 41, 212,
       82, 254, 112, 105, 245, 29, 50, 125, 83, 19, 27, 221, 96, 251,
       112, 118, 123, 232, 40, 117, 93, 106, 63, 151, 182, 124, 113, 185,
       153, 158, 13, 216, 141, 141, 92, 54, 224, 38, 61, 211, 223, 44,
       250, 7, 161, 153, 56, 0, 160, 124, 70, 0, 130, 193, 160, 66, 192,
       132, 27, 8, 8, 160, 67, 135, 44, 64, 67, 4, 147, 130, 193, 64, 36,
       32, 65, 151, 18, 177, 170, 33, 40, 82, 33, 32, 42, 181, 97, 182,
       17, 55, 110, 90, 170, 41, 83, 112, 16, 120, 0, 13, 131, 19, 227,
       8, 243, 229, 75, 10, 213, 8, 46, 47, 152, 30, 1, 35, 3, 61, 200,
       188, 70, 36, 17, 29, 186, 4, 209, 199, 114, 83, 66, 241, 87, 225,
       122, 66, 178, 197, 96, 143, 60, 195, 4, 203, 72, 232, 97, 112,
       157, 53, 41, 212, 85, 183, 111, 145, 234, 24, 7, 244, 5, 88, 89,
       19, 211, 51, 181, 48, 243, 104, 74, 131, 66, 0, 35, 221, 160, 138,
       200, 32, 43, 0, 74, 130, 67, 128, 1, 74, 68, 5, 64, 200, 32, 174,
       120, 70, 158, 59, 35, 146, 10, 33, 87, 81, 164, 28, 155, 80, 240,
       45, 134, 64, 64, 8, 10, 209, 16, 216, 17, 24, 44, 16, 5, 192, 24,
       140, 73, 144, 240, 35, 157, 76, 87, 32, 185, 34, 206, 138, 139,
       201, 216, 130, 129, 63, 249, 6, 237, 176, 63, 233, 173, 203, 179,
       185, 154, 205, 85, 95, 121, 113, 213, 25, 39, 63, 203, 3, 87, 149,
       193, 91, 1, 113, 219, 237, 34, 229, 29, 104, 165, 21, 220, 124,
       177, 221, 221, 60, 45, 181, 197, 232, 234, 18, 204, 166, 165, 210,
       89, 56, 94, 195, 206, 130, 33, 201, 74, 166, 207, 45, 225, 174,
       205, 18, 61, 107, 173, 201, 61, 189, 71, 196, 3, 126, 113, 71,
       223, 25, 38, 147, 2, 3, 87, 149, 163, 83, 56, 48, 224, 237, 38,
       97, 52, 56, 35, 221, 95, 124, 225, 217, 172, 88, 5, 209, 87, 140,
       74, 16, 216, 35, 173, 64, 87, 16, 90, 4, 134, 19, 171, 8, 198,
       166, 193, 0, 234, 10, 148, 144, 38, 217, 34, 139, 65, 161, 98,
       192, 1, 204, 73, 93, 221, 25, 37, 2, 10, 51, 91, 213, 4, 85, 186,
       17, 248, 237, 52, 32, 84, 56, 35, 117, 148, 116, 107, 153, 172,
       56, 5, 177, 29, 156, 72, 0, 234, 51, 173, 72, 71, 32, 242, 65,
       142, 142, 137, 200, 223, 162, 246, 57, 253, 14, 207, 146, 181,
       123, 171, 141, 121, 249, 47, 220, 85, 94, 225, 107, 117, 28, 102,
       45, 71, 18, 19, 213, 83, 81, 33, 52, 207, 236, 40, 116, 53, 106,
       54, 29, 132, 124, 225, 29, 72, 44, 52, 151, 109, 136, 142, 119,
       76, 2, 37, 67, 89, 69, 234, 201, 206, 174, 201, 162, 221, 133,
       247, 61, 223, 46, 207, 155, 188, 127, 175, 141, 125, 249, 47, 92,
       215, 254, 241, 123, 117, 29, 54, 125, 211, 30, 19, 221, 83, 251,
       97, 118, 207, 252, 40, 119, 61, 110, 55, 31, 182, 124, 241, 255,
       217, 175, 188, 159, 239, 203, 190, 119, 204, 110, 109, 215, 217,
       76, 218, 170, 205, 239, 204, 39, 93, 221, 251, 191, 212, 189, 202,
       95, 189, 126, 238, 153, 244, 102, 59, 52, 214, 244, 246, 125, 247,
       149, 48, 125, 254, 86, 185, 220, 124, 243, 200, 218, 121, 248, 57,
       114, 159, 57, 63, 183, 182, 244, 108, 155, 187, 159, 143, 216, 29,
       158, 92, 56, 242, 120, 125, 115, 221, 12, 250, 1, 137, 142, 0, 39,
       81, 148, 50, 33, 130, 21, 194, 154, 52, 34, 11, 137, 85, 32, 175,
       4, 20, 194, 227, 105, 87, 145, 32, 20, 2, 18, 8, 222, 48, 81, 136,
       82, 72, 234, 32, 112, 61, 56, 47, 149, 20, 117, 110, 17, 136, 24,
       5, 144, 25, 156, 8, 17, 66, 50, 61, 64, 85, 0, 250, 77, 47, 247,
       241, 200, 109, 161, 247, 40, 252, 202, 21, 81, 245, 219, 166, 235,
       76, 227, 98, 124, 137, 94, 178, 95, 109, 20, 128, 200, 134, 58,
       159, 117, 3, 117, 186, 16, 242, 205, 76, 60, 52, 24, 182, 77, 162,
