%YAML:1.0
descriptors: !!opencv-matrix
   rows: 13
   cols: 64
   dt: u
   data: [ 62, 51, 253, 182, 55, 61, 61, 127, 214, 212, 213, 177, 125,
       62, 180, 86, 250, 212, 67, 97, 241, 38, 193, 119, 221, 186, 228,
       137, 82, 152, 117, 233, 215, 36, 85, 190, 82, 120, 201, 116, 120,
       92, 56, 47, 212, 21, 245, 111, 153, 172, 24, 5, 240, 29, 156, 73,
       16, 242, 51, 189, 88, 87, 32, 250, 191, 245, 125, 190, 55, 53, 29,
       88, 247, 70, 253, 242, 125, 107, 180, 87, 242, 246, 7, 113, 113,
       114, 145, 118, 204, 175, 229, 89, 83, 60, 244, 169, 210, 44, 150,
       190, 194, 120, 129, 245, 114, 202, 57, 15, 208, 20, 212, 78, 153,
       172, 24, 5, 104, 29, 159, 73, 16, 242, 51, 156, 88, 86, 34, 249,
       63, 49, 125, 182, 55, 53, 61, 122, 214, 222, 213, 177, 125, 106,
       180, 86, 242, 214, 67, 99, 241, 38, 193, 119, 204, 186, 228, 9,
       82, 28, 244, 233, 210, 36, 84, 190, 82, 120, 193, 116, 112, 94,
       56, 47, 212, 20, 229, 110, 153, 172, 24, 5, 240, 29, 156, 73, 16,
       242, 51, 189, 88, 87, 32, 250, 62, 49, 117, 182, 55, 37, 57, 127,
       214, 78, 211, 53, 125, 110, 176, 86, 242, 212, 67, 96, 113, 178,
       129, 54, 140, 168, 228, 153, 82, 220, 116, 233, 112, 44, 22, 190,
       194, 114, 1, 213, 216, 194, 21, 14, 192, 5, 193, 78, 153, 36, 88,
       5, 98, 28, 157, 73, 144, 242, 59, 152, 88, 6, 34, 241, 190, 113,
       121, 182, 55, 5, 93, 11, 198, 194, 181, 178, 63, 202, 180, 86,
       246, 214, 6, 215, 3, 190, 225, 39, 156, 130, 231, 89, 82, 184,
       244, 168, 130, 44, 22, 222, 202, 120, 195, 213, 18, 203, 181, 105,
       146, 20, 129, 78, 155, 174, 18, 7, 104, 24, 180, 81, 16, 179, 121,
       251, 57, 22, 42, 251, 61, 54, 117, 32, 24, 165, 33, 126, 240, 60,
       194, 53, 101, 63, 153, 65, 226, 236, 195, 96, 241, 32, 72, 247,
       204, 168, 36, 129, 122, 12, 113, 207, 93, 4, 85, 186, 21, 176, 33,
       116, 124, 84, 26, 134, 68, 161, 194, 79, 184, 44, 24, 0, 240, 28,
       156, 73, 4, 242, 19, 156, 88, 71, 32, 240, 62, 50, 117, 166, 191,
       164, 45, 88, 230, 110, 211, 51, 237, 43, 144, 85, 226, 212, 3, 96,
       193, 0, 129, 116, 76, 152, 168, 11, 210, 8, 49, 105, 85, 36, 84,
       186, 82, 112, 161, 116, 112, 92, 24, 15, 212, 20, 228, 77, 153,
       172, 24, 5, 240, 29, 156, 73, 16, 242, 51, 188, 88, 87, 32, 248,
       6, 35, 65, 130, 216, 2, 3, 74, 198, 64, 2, 55, 33, 70, 144, 81,
       226, 212, 1, 100, 65, 0, 128, 114, 78, 136, 168, 9, 210, 8, 48,
       41, 80, 36, 84, 186, 66, 114, 1, 84, 208, 64, 24, 14, 64, 4, 192,
       76, 153, 36, 24, 4, 112, 28, 156, 73, 16, 242, 51, 188, 88, 70,
       32, 248, 8, 3, 160, 144, 0, 71, 40, 119, 0, 130, 67, 4, 80, 132,
       27, 34, 12, 8, 67, 70, 18, 160, 68, 147, 25, 40, 132, 136, 64,
       132, 48, 128, 106, 20, 65, 168, 1, 42, 64, 72, 56, 32, 20, 38,
       102, 36, 3, 110, 27, 40, 56, 1, 114, 29, 20, 16, 1, 226, 19, 177,
       72, 2, 96, 226, 66, 1, 128, 16, 0, 2, 8, 7, 2, 130, 3, 4, 16, 132,
       9, 2, 12, 0, 0, 196, 2, 160, 68, 3, 8, 0, 128, 72, 0, 168, 0, 64,
       96, 20, 65, 170, 0, 10, 2, 64, 128, 0, 20, 8, 34, 20, 1, 78, 19,
       40, 48, 5, 48, 25, 52, 0, 129, 35, 19, 176, 8, 18, 98, 99, 3, 0,
       0, 2, 137, 128, 2, 8, 34, 0, 0, 64, 160, 67, 4, 1, 66, 32, 5, 16,
       192, 32, 8, 64, 64, 144, 0, 1, 146, 8, 1, 1, 20, 36, 16, 154, 0,
       0, 1, 132, 65, 2, 8, 131, 64, 80, 128, 69, 16, 36, 16, 0, 32, 0,
       140, 1, 16, 34, 50, 148, 0, 87, 32, 73, 4, 33, 241, 144, 16, 6,
       41, 110, 194, 198, 129, 52, 81, 134, 145, 66, 226, 84, 3, 100, 3,
       160, 192, 35, 12, 136, 164, 9, 82, 8, 48, 41, 114, 36, 21, 186, 2,
       120, 1, 84, 48, 64, 24, 14, 68, 20, 193, 78, 153, 44, 24, 5, 112,
       28, 148, 73, 16, 242, 51, 184, 88, 86, 32, 242, 37, 38, 81, 130,
       152, 132, 1, 72, 194, 68, 2, 50, 161, 11, 144, 81, 226, 212, 1,
       96, 193, 4, 128, 116, 78, 152, 184, 9, 210, 8, 49, 105, 84, 36,
       84, 186, 82, 112, 1, 84, 80, 64, 24, 15, 192, 4, 228, 77, 153,
       172, 24, 4, 240, 28, 156, 73, 16, 242, 51, 188, 88, 87, 32, 248 ]
