%YAML:1.0
descriptors: !!opencv-matrix
   rows: 23
   cols: 64
   dt: u
   data: [ 63, 50, 125, 182, 63, 181, 191, 120, 246, 254, 210, 49, 253,
       127, 185, 87, 246, 247, 67, 99, 229, 34, 195, 118, 205, 186, 228,
       79, 90, 28, 241, 235, 215, 36, 85, 190, 82, 120, 233, 116, 120,
       92, 56, 47, 213, 20, 245, 111, 153, 172, 24, 5, 240, 29, 156, 73,
       16, 242, 51, 189, 88, 87, 32, 250, 51, 17, 89, 134, 174, 132, 151,
       0, 230, 68, 23, 66, 189, 126, 48, 84, 246, 215, 0, 34, 192, 34,
       195, 102, 200, 150, 228, 111, 50, 56, 213, 107, 151, 36, 85, 190,
       82, 88, 235, 124, 112, 93, 56, 47, 212, 20, 245, 79, 153, 172, 24,
       5, 240, 25, 156, 73, 16, 114, 50, 189, 88, 87, 32, 250, 179, 208,
       80, 6, 221, 128, 7, 8, 98, 1, 53, 123, 172, 11, 4, 17, 102, 215,
       4, 16, 64, 2, 169, 100, 98, 144, 105, 43, 147, 8, 193, 45, 144,
       37, 28, 154, 66, 80, 37, 246, 67, 202, 8, 11, 208, 24, 220, 5,
       129, 36, 16, 4, 44, 2, 140, 235, 16, 48, 48, 28, 24, 85, 34, 185,
       69, 35, 229, 144, 80, 134, 35, 108, 128, 228, 195, 52, 65, 39,
       153, 66, 234, 213, 3, 100, 193, 33, 194, 51, 76, 200, 168, 13, 82,
       12, 49, 73, 87, 36, 85, 186, 80, 122, 133, 84, 48, 84, 24, 14, 69,
       28, 193, 110, 153, 172, 24, 5, 240, 29, 156, 73, 16, 242, 51, 189,
       88, 86, 32, 250, 6, 34, 65, 130, 217, 128, 2, 72, 192, 0, 130, 54,
       161, 3, 129, 65, 226, 84, 1, 96, 193, 0, 128, 112, 78, 136, 40, 9,
       210, 8, 49, 72, 84, 36, 84, 186, 66, 112, 1, 84, 144, 64, 24, 14,
       64, 20, 192, 77, 153, 44, 24, 4, 112, 28, 140, 73, 16, 242, 51,
       188, 88, 86, 32, 248, 13, 6, 229, 184, 16, 247, 33, 119, 160, 254,
       194, 5, 81, 4, 185, 67, 138, 92, 131, 98, 240, 33, 192, 243, 76,
       136, 132, 132, 80, 4, 49, 203, 215, 4, 85, 186, 80, 120, 233, 116,
       120, 84, 56, 47, 85, 21, 231, 111, 25, 172, 24, 5, 240, 29, 156,
       73, 16, 226, 51, 189, 72, 87, 32, 250, 76, 35, 231, 176, 16, 103,
       40, 246, 0, 174, 195, 20, 81, 165, 147, 66, 138, 76, 67, 102, 11,
       129, 196, 147, 12, 136, 166, 133, 64, 132, 48, 200, 112, 4, 85,
       186, 16, 124, 65, 84, 56, 96, 24, 46, 70, 4, 67, 238, 25, 44, 24,
       5, 240, 28, 148, 72, 128, 226, 35, 153, 72, 6, 32, 242, 47, 34,
       237, 178, 63, 191, 191, 120, 244, 254, 214, 119, 253, 127, 185,
       71, 226, 245, 67, 99, 245, 103, 195, 119, 77, 186, 164, 151, 122,
       92, 49, 235, 215, 36, 85, 186, 82, 120, 233, 116, 120, 92, 56, 47,
       213, 21, 245, 111, 153, 172, 24, 5, 240, 29, 156, 73, 16, 242, 51,
       189, 88, 87, 32, 250, 98, 1, 1, 146, 74, 134, 7, 73, 198, 102, 17,
       20, 177, 70, 177, 80, 226, 85, 0, 100, 194, 37, 195, 71, 76, 192,
       172, 13, 2, 136, 17, 104, 215, 36, 85, 186, 66, 120, 1, 84, 48,
       80, 16, 10, 213, 28, 197, 79, 153, 172, 24, 5, 112, 25, 156, 73,
       16, 114, 51, 189, 88, 87, 32, 248, 65, 6, 224, 16, 73, 130, 7, 78,
       164, 100, 130, 4, 1, 45, 131, 7, 202, 117, 3, 100, 192, 35, 218,
       35, 68, 200, 136, 5, 18, 8, 33, 73, 85, 36, 85, 186, 80, 56, 5,
       84, 64, 64, 24, 142, 69, 8, 69, 79, 25, 44, 24, 4, 241, 24, 156,
       9, 16, 98, 35, 156, 72, 86, 32, 250, 7, 4, 0, 2, 201, 130, 6, 72,
       134, 34, 1, 2, 128, 14, 161, 5, 66, 85, 1, 64, 192, 2, 136, 64,
       68, 144, 136, 13, 146, 8, 1, 64, 69, 36, 85, 154, 0, 56, 33, 86,
       32, 64, 16, 11, 85, 92, 164, 77, 25, 44, 16, 4, 112, 24, 156, 65,
       16, 114, 51, 188, 72, 87, 32, 248, 196, 33, 67, 145, 208, 70, 130,
       198, 32, 228, 2, 22, 16, 227, 179, 98, 226, 84, 1, 102, 74, 161,
       132, 34, 78, 136, 136, 9, 146, 10, 50, 27, 112, 38, 85, 186, 82,
       112, 69, 212, 16, 80, 24, 14, 64, 28, 193, 196, 25, 44, 16, 5,
       240, 28, 132, 73, 16, 112, 33, 188, 72, 86, 32, 248, 76, 43, 239,
       217, 50, 95, 161, 231, 61, 244, 78, 149, 89, 255, 251, 238, 203,
       212, 41, 110, 76, 129, 198, 51, 79, 201, 148, 5, 87, 10, 58, 91,
       241, 38, 85, 186, 82, 114, 205, 116, 176, 116, 56, 62, 85, 134,
       65, 238, 153, 45, 94, 5, 240, 29, 157, 73, 16, 226, 43, 189, 88,
       70, 34, 250, 2, 65, 8, 138, 3, 0, 4, 3, 6, 2, 61, 0, 16, 32, 36,
       18, 4, 18, 4, 144, 2, 16, 129, 2, 88, 128, 129, 8, 2, 168, 24, 0,
       128, 36, 0, 138, 10, 64, 2, 200, 2, 130, 20, 9, 16, 20, 164, 12,
       19, 32, 16, 4, 40, 24, 32, 9, 24, 34, 32, 56, 0, 80, 34, 233, 69,
       5, 193, 144, 16, 66, 4, 70, 32, 98, 34, 0, 0, 131, 131, 3, 203,
       85, 33, 96, 192, 5, 194, 99, 78, 213, 145, 45, 18, 8, 50, 73, 215,
       36, 85, 186, 82, 120, 105, 84, 112, 84, 56, 47, 85, 20, 245, 111,
       153, 172, 24, 5, 240, 29, 156, 73, 16, 242, 51, 189, 72, 87, 32,
       250, 1, 2, 0, 0, 8, 0, 134, 4, 0, 0, 2, 4, 0, 20, 1, 1, 76, 0, 1,
       128, 192, 0, 8, 64, 0, 0, 8, 0, 128, 0, 1, 64, 85, 32, 81, 40, 16,
       0, 9, 0, 96, 16, 24, 6, 68, 4, 36, 77, 25, 40, 24, 4, 176, 25,
       136, 1, 16, 96, 3, 180, 64, 83, 32, 104, 0, 1, 128, 146, 3, 3, 4,
       6, 6, 192, 4, 4, 16, 132, 33, 2, 106, 80, 1, 64, 192, 32, 192, 35,
       8, 136, 128, 8, 18, 8, 16, 105, 214, 36, 85, 186, 82, 104, 1, 84,
       112, 80, 20, 46, 212, 20, 193, 110, 153, 172, 24, 5, 240, 24, 156,
       73, 16, 242, 51, 189, 88, 86, 32, 250, 245, 50, 245, 181, 216,
       166, 163, 248, 208, 61, 210, 119, 231, 67, 146, 16, 122, 205, 219,
       99, 249, 45, 203, 220, 142, 122, 252, 239, 202, 133, 225, 239, 95,
       167, 20, 63, 61, 185, 109, 94, 93, 64, 195, 142, 201, 41, 139, 83,
       60, 100, 25, 33, 245, 254, 28, 227, 78, 62, 151, 145, 202, 23, 48,
       126, 7, 36, 65, 0, 16, 128, 4, 74, 128, 2, 129, 48, 64, 3, 132,
       65, 226, 84, 3, 96, 193, 34, 192, 115, 76, 136, 164, 9, 82, 12,
       49, 104, 212, 36, 84, 186, 82, 120, 1, 116, 112, 72, 24, 15, 212,
       20, 244, 78, 153, 172, 24, 5, 240, 29, 156, 73, 16, 242, 51, 188,
       88, 87, 32, 250, 12, 35, 161, 144, 0, 135, 32, 103, 0, 134, 67,
       20, 81, 36, 153, 2, 202, 72, 67, 96, 192, 32, 192, 147, 12, 8,
       132, 140, 64, 132, 49, 200, 85, 4, 69, 186, 16, 120, 1, 84, 48,
       80, 16, 14, 68, 4, 195, 110, 25, 44, 24, 5, 240, 29, 156, 73, 0,
       226, 19, 189, 72, 86, 32, 242, 47, 34, 101, 180, 63, 181, 63, 120,
       244, 254, 210, 49, 253, 62, 177, 71, 226, 245, 3, 98, 225, 35,
       194, 118, 76, 184, 164, 15, 82, 12, 49, 235, 215, 36, 85, 186, 82,
       120, 233, 116, 112, 92, 56, 47, 213, 20, 245, 111, 153, 172, 24,
       5, 240, 29, 156, 73, 16, 242, 51, 189, 88, 87, 32, 250, 6, 48, 65,
       130, 221, 128, 6, 73, 230, 2, 1, 114, 161, 67, 160, 81, 98, 213,
       1, 96, 193, 36, 128, 101, 6, 152, 168, 13, 146, 8, 49, 104, 86,
       36, 84, 186, 66, 120, 1, 84, 64, 64, 24, 11, 192, 20, 228, 79,
       153, 172, 24, 4, 112, 24, 156, 73, 16, 114, 51, 188, 88, 87, 32,
       248, 62, 178, 125, 246, 63, 181, 191, 120, 246, 127, 253, 115,
       253, 123, 180, 84, 246, 214, 71, 115, 245, 114, 195, 118, 204,
       190, 229, 251, 90, 94, 245, 235, 223, 44, 84, 190, 91, 120, 233,
       244, 120, 92, 56, 47, 212, 53, 247, 111, 153, 172, 24, 5, 240, 29,
       156, 73, 16, 242, 51, 189, 88, 87, 32, 250 ]
