%YAML:1.0
descriptors: !!opencv-matrix
   rows: 80
   cols: 64
   dt: u
   data: [ 45, 167, 109, 168, 55, 255, 167, 125, 253, 86, 214, 180, 125,
       126, 253, 197, 219, 252, 67, 118, 245, 115, 211, 247, 93, 253,
       149, 173, 122, 222, 117, 169, 223, 44, 215, 186, 91, 120, 233,
       124, 120, 93, 60, 47, 85, 245, 247, 110, 155, 172, 153, 13, 242,
       29, 156, 89, 48, 242, 59, 189, 91, 223, 44, 250, 179, 213, 72,
       150, 199, 14, 29, 10, 231, 71, 61, 202, 63, 235, 116, 93, 247,
       246, 36, 245, 2, 246, 177, 102, 94, 215, 241, 59, 179, 186, 84,
       41, 146, 44, 86, 222, 66, 64, 163, 252, 114, 219, 60, 41, 212, 30,
       244, 12, 145, 164, 16, 4, 104, 25, 151, 73, 24, 242, 48, 60, 88,
       84, 32, 248, 60, 50, 253, 252, 58, 127, 177, 127, 245, 252, 214,
       53, 93, 62, 187, 230, 251, 220, 195, 106, 245, 33, 196, 183, 93,
       168, 164, 133, 120, 204, 121, 235, 255, 36, 85, 186, 87, 122, 233,
       124, 248, 93, 26, 46, 212, 167, 227, 111, 153, 172, 29, 5, 240,
       29, 156, 73, 16, 242, 51, 189, 90, 86, 32, 250, 9, 14, 150, 9,
       200, 125, 162, 244, 121, 188, 74, 5, 80, 53, 91, 160, 205, 168,
       193, 162, 245, 193, 95, 144, 219, 109, 28, 192, 236, 198, 171,
       215, 253, 64, 65, 32, 93, 130, 237, 40, 252, 21, 26, 182, 68, 227,
       98, 225, 184, 76, 205, 9, 214, 29, 24, 73, 38, 192, 7, 164, 66,
       67, 100, 72, 226, 33, 130, 22, 17, 2, 0, 143, 198, 161, 1, 51, 34,
       194, 130, 18, 106, 2, 33, 87, 11, 175, 231, 6, 16, 139, 246, 11,
       2, 136, 2, 68, 75, 47, 36, 191, 0, 60, 71, 92, 64, 64, 48, 138,
       139, 120, 9, 238, 25, 36, 88, 1, 112, 26, 148, 67, 144, 112, 33,
       25, 28, 84, 32, 106, 68, 43, 211, 241, 216, 146, 234, 196, 72, 59,
       66, 119, 194, 195, 147, 80, 98, 197, 185, 102, 207, 45, 206, 91,
       14, 202, 58, 175, 134, 9, 49, 79, 119, 135, 93, 155, 48, 247, 127,
       22, 193, 96, 200, 94, 107, 140, 201, 147, 221, 108, 56, 244, 229,
       246, 156, 235, 193, 124, 131, 143, 76, 37, 177, 244, 133, 206,
       167, 137, 200, 221, 161, 244, 189, 253, 174, 207, 195, 61, 251,
       173, 137, 124, 235, 40, 220, 197, 254, 248, 123, 117, 29, 34, 189,
       71, 19, 31, 221, 66, 83, 104, 84, 243, 237, 40, 245, 53, 106, 183,
       93, 162, 124, 241, 185, 9, 60, 60, 145, 223, 140, 14, 54, 204, 38,
       44, 198, 85, 4, 250, 170, 205, 239, 222, 38, 95, 221, 187, 253,
       196, 61, 202, 59, 188, 126, 238, 139, 244, 116, 127, 22, 214, 244,
       183, 123, 247, 149, 56, 119, 218, 22, 57, 202, 108, 243, 218, 202,
       88, 250, 57, 114, 255, 61, 63, 157, 54, 245, 108, 151, 171, 135,
       143, 218, 29, 151, 28, 49, 242, 120, 125, 113, 221, 14, 251, 131,
       141, 138, 2, 7, 88, 148, 2, 3, 128, 21, 194, 154, 16, 38, 10, 9,
       85, 36, 167, 6, 22, 192, 99, 105, 215, 149, 32, 18, 42, 18, 8,
       150, 52, 81, 128, 66, 72, 234, 32, 112, 57, 60, 41, 149, 20, 245,
       110, 17, 168, 25, 5, 144, 9, 188, 10, 17, 98, 50, 61, 64, 85, 4,
       250, 4, 130, 0, 171, 0, 202, 166, 65, 9, 202, 2, 198, 144, 39,
       137, 0, 139, 65, 129, 96, 192, 33, 202, 64, 77, 212, 25, 37, 2,
       10, 51, 75, 215, 4, 93, 186, 48, 248, 233, 36, 96, 84, 56, 33, 87,
       20, 117, 107, 153, 172, 56, 5, 241, 21, 156, 72, 16, 226, 51, 173,
       72, 87, 32, 242, 126, 54, 109, 139, 191, 221, 135, 125, 255, 247,
       150, 188, 253, 62, 185, 199, 251, 245, 67, 113, 253, 115, 219,
       125, 93, 245, 172, 63, 122, 223, 117, 239, 215, 172, 215, 62, 82,
       251, 233, 126, 116, 93, 108, 47, 213, 52, 245, 35, 155, 236, 24,
       13, 246, 29, 156, 89, 24, 242, 179, 189, 216, 215, 40, 254, 135,
       134, 2, 163, 221, 32, 170, 208, 32, 91, 0, 67, 130, 75, 131, 1, 2,
       93, 5, 96, 192, 4, 136, 120, 14, 156, 59, 35, 214, 10, 35, 95,
       119, 36, 28, 155, 81, 116, 41, 150, 65, 64, 26, 14, 193, 4, 216,
       81, 8, 60, 24, 5, 192, 158, 140, 73, 16, 176, 51, 156, 76, 87, 32,
       176, 203, 14, 130, 161, 201, 74, 166, 207, 45, 241, 130, 71, 146,
       188, 235, 134, 203, 25, 169, 103, 76, 133, 238, 112, 87, 221, 25,
       35, 178, 2, 19, 87, 149, 161, 113, 184, 112, 250, 237, 44, 101,
       21, 56, 55, 77, 4, 124, 225, 153, 172, 24, 5, 211, 95, 156, 72,
       16, 232, 33, 189, 72, 87, 48, 122, 3, 197, 24, 138, 0, 136, 28, 1,
       35, 66, 9, 130, 128, 7, 36, 19, 13, 67, 36, 65, 130, 36, 64, 67,
       68, 213, 177, 109, 18, 42, 0, 33, 146, 20, 221, 138, 0, 104, 170,
       66, 32, 202, 56, 41, 183, 20, 244, 47, 145, 164, 16, 4, 32, 17,
       60, 9, 16, 51, 50, 189, 88, 83, 96, 162, 2, 205, 138, 139, 129,
       200, 132, 13, 47, 64, 14, 204, 144, 60, 109, 172, 141, 50, 160, 0,
       196, 23, 218, 97, 115, 213, 17, 100, 53, 202, 18, 1, 149, 82, 67,
       0, 48, 73, 238, 40, 33, 61, 44, 33, 21, 148, 125, 162, 145, 136,
       24, 36, 151, 65, 216, 170, 17, 66, 42, 45, 16, 73, 0, 202, 196, 9,
       131, 177, 64, 70, 32, 231, 0, 228, 74, 20, 82, 196, 147, 170, 75,
       88, 49, 102, 10, 141, 238, 3, 14, 201, 158, 5, 192, 12, 50, 9, 96,
       39, 117, 251, 16, 118, 5, 212, 144, 96, 16, 2, 73, 30, 65, 196,
       89, 44, 90, 148, 81, 94, 132, 8, 144, 232, 33, 184, 76, 4, 1, 240,
       1, 14, 132, 139, 137, 216, 160, 109, 12, 216, 10, 5, 16, 63, 139,
       164, 203, 16, 129, 0, 212, 1, 206, 113, 81, 201, 8, 4, 20, 136, 9,
       75, 221, 32, 81, 176, 84, 82, 205, 44, 229, 20, 24, 166, 69, 134,
       117, 226, 153, 44, 93, 4, 176, 29, 157, 73, 0, 98, 39, 172, 72,
       71, 32, 90, 87, 49, 209, 178, 93, 162, 43, 78, 210, 58, 192, 49,
       101, 203, 129, 83, 98, 213, 153, 70, 200, 169, 140, 63, 14, 202,
       234, 13, 82, 8, 33, 111, 115, 39, 20, 187, 52, 116, 5, 212, 192,
       66, 26, 74, 67, 13, 193, 207, 156, 36, 88, 4, 97, 60, 141, 75,
       208, 190, 35, 152, 88, 6, 50, 177, 12, 11, 143, 220, 32, 87, 252,
       119, 17, 190, 71, 133, 80, 244, 27, 130, 137, 72, 225, 107, 150,
       61, 70, 147, 73, 123, 150, 212, 72, 196, 52, 202, 215, 18, 97, 32,
       29, 104, 250, 32, 112, 61, 177, 39, 247, 180, 119, 107, 155, 168,
       41, 71, 240, 93, 24, 92, 7, 195, 19, 253, 73, 115, 65, 250, 3,
       134, 12, 10, 47, 221, 148, 53, 51, 250, 20, 197, 156, 61, 44, 4,
       221, 186, 224, 177, 212, 112, 83, 243, 241, 53, 225, 114, 108,
       215, 197, 99, 223, 120, 67, 36, 255, 72, 232, 104, 116, 29, 58,
       175, 212, 117, 247, 111, 187, 202, 136, 15, 244, 13, 216, 93, 63,
       243, 183, 181, 114, 243, 104, 202, 59, 158, 156, 143, 239, 221,
       150, 17, 63, 253, 30, 205, 190, 125, 44, 61, 253, 179, 96, 179,
       244, 119, 219, 123, 241, 118, 225, 126, 124, 211, 213, 103, 223,
       232, 83, 52, 255, 72, 248, 104, 116, 93, 106, 47, 213, 116, 247,
       111, 185, 206, 152, 13, 244, 13, 216, 73, 59, 243, 183, 189, 210,
       219, 44, 222, 192, 141, 138, 129, 0, 91, 166, 197, 41, 195, 10,
       206, 18, 164, 43, 138, 141, 24, 160, 47, 12, 209, 102, 0, 81, 85,
       153, 32, 1, 2, 18, 3, 213, 16, 113, 32, 16, 72, 236, 32, 112, 60,
       60, 33, 183, 20, 117, 224, 25, 136, 56, 53, 147, 77, 56, 142, 19,
       72, 32, 101, 65, 81, 64, 234, 1, 6, 0, 2, 201, 0, 0, 0, 2, 40,
       162, 35, 32, 1, 0, 1, 100, 0, 5, 144, 65, 128, 1, 0, 66, 0, 200,
       0, 128, 4, 129, 80, 120, 36, 64, 184, 16, 32, 1, 192, 192, 64, 24,
       14, 192, 65, 130, 77, 25, 44, 24, 5, 112, 24, 216, 65, 18, 114,
       55, 180, 8, 82, 32, 73, 2, 67, 0, 8, 1, 136, 14, 0, 2, 2, 1, 0,
       128, 0, 36, 17, 204, 0, 0, 192, 193, 32, 1, 66, 68, 20, 177, 104,
       16, 14, 161, 64, 210, 52, 85, 138, 0, 104, 40, 64, 32, 72, 56, 41,
       213, 20, 244, 79, 145, 172, 16, 4, 96, 25, 156, 73, 16, 243, 51,
       181, 88, 83, 32, 234, 196, 47, 163, 145, 208, 70, 33, 207, 128,
       68, 2, 22, 67, 192, 147, 34, 106, 69, 41, 100, 10, 141, 174, 0,
       14, 136, 28, 9, 146, 8, 50, 25, 96, 39, 84, 251, 0, 118, 5, 212,
       128, 96, 16, 18, 73, 12, 72, 148, 73, 36, 80, 52, 81, 90, 132, 11,
       144, 104, 33, 60, 76, 4, 48, 176, 134, 34, 1, 97, 232, 178, 170,
