%YAML:1.0
descriptors: !!opencv-matrix
   rows: 16
   cols: 64
   dt: u
   data: [ 4, 33, 225, 144, 16, 7, 1, 111, 130, 196, 129, 52, 81, 130,
       145, 66, 226, 84, 3, 100, 65, 32, 192, 35, 12, 136, 164, 9, 18,
       12, 48, 41, 84, 36, 85, 186, 18, 120, 1, 84, 16, 64, 24, 14, 64,
       20, 193, 78, 153, 44, 24, 5, 112, 28, 156, 73, 16, 242, 51, 188,
       88, 86, 32, 250, 4, 34, 65, 128, 152, 128, 34, 73, 132, 2, 2, 52,
       193, 7, 153, 65, 194, 84, 1, 96, 193, 0, 136, 112, 76, 136, 12, 9,
       210, 8, 49, 8, 112, 36, 85, 186, 80, 114, 1, 84, 144, 64, 24, 14,
       64, 4, 192, 68, 25, 44, 24, 4, 112, 28, 140, 73, 16, 224, 35, 188,
       72, 70, 32, 240, 8, 9, 171, 156, 0, 69, 124, 231, 0, 192, 125,
       132, 83, 132, 19, 170, 137, 92, 35, 99, 6, 136, 228, 19, 13, 139,
       148, 8, 81, 4, 50, 8, 240, 52, 117, 186, 82, 104, 192, 84, 48,
       120, 49, 47, 222, 20, 229, 110, 25, 168, 90, 5, 240, 29, 148, 72,
       144, 226, 49, 249, 72, 86, 32, 250, 196, 9, 139, 144, 0, 68, 5,
       199, 132, 198, 9, 150, 19, 132, 179, 106, 137, 84, 33, 69, 10,
       132, 228, 3, 79, 213, 149, 9, 145, 138, 50, 24, 96, 6, 21, 202, 2,
       108, 65, 84, 48, 96, 52, 40, 30, 28, 36, 172, 89, 44, 16, 20, 17,
       25, 132, 0, 144, 96, 33, 56, 76, 84, 32, 178, 133, 206, 103, 137,
       144, 68, 133, 197, 172, 198, 10, 14, 17, 175, 251, 237, 139, 116,
       1, 100, 8, 128, 158, 32, 94, 149, 29, 33, 145, 10, 26, 25, 112, 4,
       95, 154, 0, 118, 13, 20, 38, 64, 24, 22, 20, 158, 72, 144, 1, 45,
       116, 52, 17, 27, 132, 10, 144, 104, 32, 44, 76, 68, 34, 176, 40,
       13, 175, 156, 34, 117, 57, 247, 133, 198, 223, 132, 89, 180, 59,
       230, 137, 88, 67, 105, 48, 208, 244, 179, 93, 41, 132, 144, 97,
       212, 60, 152, 232, 48, 99, 168, 210, 106, 128, 72, 186, 29, 53,
       46, 246, 183, 66, 108, 155, 168, 255, 13, 242, 29, 149, 92, 128,
       226, 43, 248, 75, 70, 42, 242, 9, 6, 68, 32, 221, 176, 163, 120,
       48, 56, 194, 37, 40, 29, 137, 1, 194, 108, 131, 112, 224, 2, 136,
       120, 70, 40, 8, 130, 216, 4, 33, 199, 93, 32, 85, 176, 117, 50,
       45, 36, 252, 84, 26, 142, 68, 129, 98, 193, 56, 44, 24, 0, 240,
       29, 140, 9, 18, 224, 39, 188, 72, 71, 36, 120, 51, 149, 156, 14,
       7, 74, 16, 62, 118, 64, 157, 196, 44, 61, 6, 63, 253, 146, 32,
       245, 64, 34, 225, 103, 192, 11, 224, 72, 115, 26, 194, 97, 222,
       44, 81, 190, 90, 104, 201, 116, 114, 92, 56, 47, 212, 20, 245,
       110, 153, 172, 24, 5, 240, 29, 156, 73, 16, 242, 51, 189, 88, 87,
       34, 250, 83, 21, 154, 30, 34, 71, 88, 38, 194, 166, 61, 148, 22,
       196, 55, 122, 253, 146, 32, 199, 10, 167, 231, 7, 220, 195, 244,
       77, 67, 152, 214, 104, 195, 44, 5, 190, 90, 120, 193, 124, 112,
       88, 53, 47, 213, 20, 165, 110, 153, 172, 24, 5, 240, 29, 148, 65,
       16, 242, 51, 185, 88, 86, 32, 250, 38, 38, 96, 162, 159, 148, 135,
       73, 164, 66, 146, 112, 169, 15, 177, 85, 226, 213, 1, 96, 193, 34,
       131, 116, 76, 156, 41, 45, 82, 26, 49, 105, 85, 36, 85, 186, 82,
       120, 41, 84, 96, 80, 24, 13, 84, 20, 244, 77, 153, 172, 24, 4,
       240, 29, 156, 73, 16, 242, 51, 188, 88, 87, 32, 250, 63, 178, 101,
       130, 223, 157, 135, 88, 238, 125, 146, 115, 189, 127, 188, 85,
       226, 245, 1, 112, 193, 98, 138, 116, 76, 220, 41, 47, 126, 90,
       113, 107, 215, 100, 85, 186, 82, 120, 169, 116, 116, 84, 24, 15,
       213, 20, 244, 79, 153, 172, 24, 4, 242, 29, 156, 73, 24, 242, 51,
       188, 88, 87, 32, 248, 1, 7, 144, 18, 88, 130, 6, 66, 2, 32, 1, 18,
       128, 71, 128, 17, 98, 197, 1, 96, 192, 37, 194, 99, 76, 210, 160,
       15, 18, 8, 1, 104, 215, 36, 85, 186, 0, 120, 97, 84, 96, 80, 56,
       47, 197, 20, 245, 79, 153, 172, 24, 5, 240, 24, 156, 73, 16, 114,
       51, 189, 88, 87, 32, 250, 6, 32, 65, 130, 21, 128, 0, 73, 70, 66,
       129, 48, 33, 2, 128, 81, 226, 212, 1, 96, 193, 32, 128, 96, 76,
       136, 160, 9, 18, 8, 49, 105, 212, 36, 84, 186, 66, 112, 1, 84, 80,
       64, 24, 15, 208, 20, 228, 76, 153, 172, 24, 4, 112, 28, 156, 73,
       16, 242, 51, 188, 88, 87, 32, 248, 125, 51, 247, 244, 63, 39, 121,
       126, 244, 190, 208, 53, 111, 203, 179, 87, 250, 253, 227, 115,
       241, 47, 197, 191, 142, 170, 230, 223, 90, 84, 245, 239, 95, 46,
       182, 190, 255, 124, 113, 117, 92, 76, 187, 78, 235, 97, 195, 111,
       184, 174, 24, 71, 242, 28, 156, 73, 30, 178, 119, 159, 250, 23,
       165, 250, 4, 34, 65, 128, 216, 128, 35, 72, 128, 0, 2, 54, 193,
       67, 129, 65, 226, 85, 1, 96, 193, 32, 136, 112, 78, 136, 40, 13,
       210, 8, 49, 73, 82, 38, 84, 154, 0, 114, 5, 84, 144, 64, 24, 14,
       64, 4, 192, 199, 25, 36, 16, 4, 112, 28, 140, 73, 16, 240, 35,
       188, 72, 70, 32, 241, 63, 53, 121, 118, 55, 49, 125, 126, 198, 6,
       209, 48, 109, 74, 161, 87, 114, 246, 3, 210, 99, 42, 193, 54, 140,
       170, 230, 217, 82, 60, 244, 233, 122, 44, 148, 190, 202, 120, 1,
       213, 24, 74, 153, 78, 208, 117, 131, 78, 152, 174, 24, 5, 96, 28,
       156, 65, 16, 178, 51, 159, 120, 22, 160, 241 ]
