%YAML:1.0
descriptors: !!opencv-matrix
   rows: 84
   cols: 64
   dt: u
   data: [ 126, 181, 237, 154, 87, 159, 215, 123, 247, 68, 151, 240, 253,
       127, 188, 69, 251, 245, 99, 103, 247, 119, 209, 119, 93, 254, 181,
       13, 114, 156, 112, 233, 214, 46, 87, 190, 82, 120, 233, 124, 112,
       93, 56, 47, 213, 52, 245, 111, 153, 172, 152, 13, 240, 29, 156,
       73, 48, 242, 51, 189, 88, 87, 40, 250, 243, 213, 72, 146, 71, 14,
       29, 11, 230, 67, 57, 202, 63, 235, 36, 31, 245, 246, 36, 245, 2,
       198, 177, 38, 86, 215, 225, 59, 147, 56, 208, 105, 146, 44, 20,
       158, 74, 96, 35, 214, 34, 202, 60, 233, 212, 28, 244, 12, 209,
       164, 16, 4, 104, 24, 148, 73, 24, 242, 49, 60, 92, 84, 32, 184,
       68, 34, 33, 16, 24, 2, 34, 78, 192, 34, 131, 52, 96, 2, 129, 66,
       0, 41, 67, 80, 193, 33, 64, 135, 132, 0, 204, 133, 0, 140, 33, 64,
       77, 28, 71, 174, 8, 56, 1, 76, 44, 0, 16, 128, 65, 113, 131, 79,
       56, 46, 8, 67, 114, 25, 88, 17, 4, 34, 151, 176, 40, 210, 96, 66,
       115, 21, 73, 146, 7, 6, 13, 14, 38, 102, 57, 144, 29, 171, 20,
       118, 228, 214, 4, 97, 2, 160, 224, 35, 92, 131, 160, 73, 19, 24,
       80, 105, 240, 36, 20, 154, 66, 112, 3, 222, 18, 202, 24, 11, 144,
       28, 196, 78, 145, 164, 16, 4, 32, 24, 148, 73, 24, 114, 49, 188,
       88, 86, 34, 249, 69, 35, 1, 48, 17, 2, 34, 74, 192, 34, 131, 48,
       96, 2, 129, 3, 0, 41, 3, 212, 193, 33, 81, 198, 148, 0, 200, 133,
       0, 140, 129, 64, 15, 28, 71, 174, 8, 40, 1, 76, 40, 0, 20, 129,
       64, 113, 131, 79, 56, 46, 8, 2, 114, 25, 88, 17, 38, 35, 23, 176,
       40, 210, 96, 74, 250, 213, 105, 158, 39, 15, 93, 11, 231, 71, 61,
       234, 191, 234, 52, 94, 181, 183, 54, 245, 30, 246, 145, 102, 212,
       215, 247, 57, 19, 186, 212, 40, 130, 60, 134, 222, 202, 72, 242,
       249, 34, 203, 181, 233, 150, 92, 181, 14, 215, 166, 144, 15, 106,
       25, 124, 83, 57, 179, 113, 57, 59, 220, 250, 171, 122, 209, 153,
       222, 38, 223, 92, 3, 199, 194, 61, 138, 191, 230, 52, 94, 189,
       147, 112, 255, 14, 126, 209, 103, 253, 215, 247, 125, 35, 250,
       222, 168, 130, 60, 163, 206, 202, 77, 250, 123, 34, 203, 245, 105,
       183, 92, 181, 46, 215, 138, 129, 207, 42, 1, 118, 255, 89, 179,
       120, 123, 49, 249, 219, 162, 193, 206, 142, 201, 64, 223, 162,
       182, 57, 253, 14, 207, 146, 181, 127, 171, 141, 105, 249, 175,
       220, 85, 94, 225, 115, 119, 25, 38, 45, 67, 18, 7, 223, 83, 115,
       97, 53, 205, 238, 40, 112, 61, 106, 55, 31, 148, 127, 241, 61,
       200, 44, 61, 149, 237, 152, 142, 55, 205, 38, 37, 195, 241, 69,
       234, 187, 222, 109, 205, 39, 125, 221, 249, 253, 223, 252, 203,
       125, 61, 127, 237, 159, 244, 230, 57, 116, 82, 244, 244, 125, 245,
       149, 50, 127, 215, 127, 251, 220, 108, 219, 252, 254, 123, 248,
       57, 126, 223, 123, 63, 214, 182, 244, 108, 187, 187, 159, 13, 248,
       29, 223, 92, 60, 246, 62, 253, 243, 223, 46, 251, 130, 201, 138,
       223, 227, 216, 220, 129, 63, 193, 61, 202, 154, 122, 102, 156, 13,
       19, 60, 159, 14, 125, 226, 99, 115, 215, 147, 126, 37, 187, 150,
       33, 151, 243, 121, 64, 234, 73, 250, 43, 97, 189, 169, 121, 189,
       28, 253, 59, 215, 202, 129, 239, 157, 193, 248, 190, 115, 87, 112,
       119, 81, 121, 145, 202, 130, 139, 142, 141, 39, 217, 156, 151, 63,
       145, 23, 203, 154, 52, 47, 11, 141, 84, 32, 187, 68, 86, 194, 99,
       97, 215, 145, 48, 60, 98, 22, 0, 215, 48, 115, 32, 82, 72, 234,
       33, 112, 61, 56, 47, 149, 20, 245, 111, 153, 138, 24, 5, 242, 29,
       156, 76, 17, 211, 50, 189, 81, 93, 4, 250, 130, 205, 138, 203,
       231, 216, 212, 131, 43, 193, 29, 202, 154, 180, 102, 152, 13, 19,
       60, 159, 14, 85, 227, 97, 99, 87, 25, 126, 55, 51, 134, 1, 151,
       244, 89, 64, 107, 77, 254, 34, 97, 185, 40, 121, 157, 28, 125,
       179, 213, 218, 17, 133, 149, 193, 242, 174, 19, 87, 176, 53, 17,
       121, 144, 74, 2, 138, 141, 141, 39, 217, 157, 157, 45, 211, 7,
       206, 153, 60, 63, 13, 141, 116, 96, 57, 4, 84, 210, 96, 97, 213,
       145, 48, 52, 2, 22, 9, 223, 48, 83, 8, 82, 72, 232, 33, 112, 29,
       56, 47, 149, 20, 245, 109, 153, 136, 24, 5, 210, 29, 156, 8, 17,
       194, 50, 189, 81, 95, 0, 250, 162, 205, 239, 222, 38, 93, 221,
       187, 255, 214, 63, 202, 59, 60, 126, 238, 139, 244, 100, 187, 22,
       118, 245, 231, 121, 247, 149, 48, 63, 250, 22, 57, 214, 108, 211,
       208, 218, 88, 250, 57, 114, 253, 185, 63, 149, 54, 245, 110, 147,
       171, 159, 143, 152, 13, 158, 92, 49, 243, 122, 125, 115, 221, 12,
       250, 199, 238, 195, 139, 217, 216, 134, 201, 41, 227, 2, 238, 162,
       55, 239, 73, 139, 33, 184, 11, 141, 5, 90, 73, 117, 212, 25, 39,
       6, 43, 3, 7, 151, 197, 93, 3, 48, 217, 239, 54, 101, 124, 104,
       225, 53, 28, 125, 177, 213, 220, 56, 53, 149, 229, 252, 170, 16,
       76, 144, 37, 200, 93, 113, 90, 77, 46, 231, 185, 216, 111, 161,
       247, 168, 244, 194, 23, 81, 245, 155, 238, 203, 76, 227, 102, 124,
       141, 222, 178, 95, 233, 28, 128, 233, 134, 58, 207, 213, 3, 85,
       186, 16, 242, 205, 124, 252, 52, 24, 182, 77, 166, 103, 224, 153,
       44, 92, 20, 209, 31, 156, 72, 16, 232, 35, 189, 72, 71, 35, 250,
       51, 212, 24, 142, 175, 153, 22, 8, 62, 97, 61, 202, 188, 126, 108,
       21, 125, 179, 36, 176, 196, 118, 145, 100, 224, 215, 241, 126, 50,
       123, 213, 97, 151, 172, 83, 52, 99, 72, 232, 106, 112, 223, 108,
       41, 213, 20, 244, 79, 145, 166, 24, 13, 252, 5, 154, 73, 48, 243,
       50, 189, 80, 95, 36, 218, 1, 7, 144, 54, 9, 234, 160, 14, 16, 24,
       70, 69, 32, 87, 9, 17, 46, 10, 129, 2, 196, 40, 200, 67, 0, 10,
       64, 70, 56, 96, 129, 71, 31, 210, 113, 48, 53, 138, 90, 33, 69,
       52, 139, 66, 108, 1, 167, 107, 48, 82, 105, 116, 180, 0, 88, 129,
       47, 11, 150, 163, 130, 39, 133, 78, 8, 158, 140, 8, 38, 221, 148,
       55, 51, 186, 30, 197, 28, 52, 57, 3, 221, 170, 224, 187, 244, 116,
       83, 211, 209, 119, 244, 246, 104, 214, 213, 226, 207, 56, 195, 36,
       255, 72, 232, 104, 120, 29, 50, 47, 213, 117, 183, 111, 187, 234,
       136, 15, 244, 13, 88, 89, 55, 211, 23, 181, 115, 243, 72, 202,
       197, 15, 130, 16, 64, 66, 32, 198, 0, 100, 2, 7, 2, 193, 131, 2,
       74, 73, 33, 102, 75, 141, 238, 3, 14, 8, 24, 0, 144, 12, 50, 1,
       113, 39, 116, 187, 0, 118, 5, 212, 144, 96, 24, 6, 73, 8, 65, 196,
       25, 36, 88, 20, 81, 30, 132, 8, 144, 104, 33, 180, 76, 68, 32,
       249, 9, 143, 134, 88, 32, 255, 224, 119, 57, 220, 78, 141, 16,
       117, 63, 175, 141, 40, 225, 234, 244, 47, 83, 243, 81, 111, 150,
       164, 105, 198, 51, 194, 207, 18, 67, 32, 81, 10, 248, 104, 124,
       60, 56, 167, 117, 245, 119, 111, 185, 136, 40, 77, 240, 29, 152,
       72, 23, 227, 87, 181, 82, 115, 1, 234, 227, 86, 0, 3, 221, 128,
       135, 8, 110, 67, 1, 106, 160, 75, 192, 21, 98, 103, 12, 20, 200,
       34, 139, 108, 70, 212, 57, 47, 150, 42, 1, 21, 18, 165, 92, 155,
       66, 49, 39, 150, 1, 64, 8, 137, 65, 8, 220, 17, 0, 21, 16, 32, 13,
       162, 140, 171, 16, 48, 48, 28, 76, 85, 48, 48, 76, 139, 239, 220,
       32, 255, 124, 119, 49, 254, 79, 132, 89, 245, 61, 138, 137, 217,
       224, 107, 246, 117, 66, 243, 89, 127, 150, 244, 105, 198, 55, 203,
       215, 16, 81, 168, 215, 120, 248, 121, 116, 61, 185, 39, 247, 180,
       247, 111, 155, 168, 40, 71, 240, 93, 156, 92, 21, 243, 115, 189,
       89, 211, 105, 250, 3, 6, 97, 129, 217, 130, 131, 200, 166, 103,
       128, 86, 129, 73, 129, 5, 226, 85, 5, 96, 192, 39, 136, 104, 78,
       152, 56, 15, 146, 8, 49, 91, 87, 36, 20, 154, 80, 112, 5, 86, 64,
       64, 24, 14, 65, 12, 192, 69, 25, 44, 24, 5, 112, 24, 140, 73, 16,
       112, 51, 157, 72, 87, 32, 248, 61, 190, 125, 138, 63, 255, 151,
       125, 255, 246, 151, 244, 125, 63, 253, 197, 251, 245, 99, 121,
       245, 115, 219, 253, 125, 245, 253, 63, 126, 223, 85, 239, 221,
       108, 215, 158, 210, 120, 233, 126, 116, 93, 104, 47, 213, 180,
       244, 111, 155, 172, 152, 13, 242, 29, 158, 93, 48, 242, 51, 189,
