%YAML:1.0
descriptors: !!opencv-matrix
   rows: 22
   cols: 64
   dt: u
   data: [ 60, 50, 117, 176, 62, 181, 45, 127, 244, 126, 208, 49, 125,
       123, 176, 84, 242, 220, 67, 96, 241, 34, 193, 119, 204, 168, 164,
       141, 82, 156, 113, 233, 215, 36, 87, 190, 82, 120, 161, 116, 120,
       92, 24, 15, 212, 21, 231, 79, 153, 172, 24, 5, 240, 29, 156, 73,
       16, 242, 51, 189, 88, 87, 32, 250, 63, 54, 125, 182, 63, 181, 191,
       88, 246, 254, 210, 49, 253, 62, 177, 87, 242, 246, 3, 98, 225, 34,
       193, 118, 204, 184, 228, 137, 90, 92, 241, 235, 215, 36, 85, 190,
       82, 120, 233, 124, 120, 92, 56, 47, 212, 21, 245, 111, 153, 172,
       24, 5, 240, 29, 156, 73, 16, 242, 51, 189, 88, 87, 32, 250, 62,
       48, 117, 166, 63, 39, 61, 122, 228, 68, 213, 53, 125, 111, 176,
       85, 242, 212, 67, 96, 225, 34, 193, 119, 76, 136, 228, 137, 82,
       140, 113, 233, 215, 36, 87, 190, 82, 120, 137, 116, 120, 92, 24,
       47, 212, 21, 245, 79, 153, 172, 24, 5, 240, 29, 156, 73, 16, 242,
       51, 189, 88, 87, 32, 250, 63, 54, 117, 182, 63, 181, 47, 124, 230,
       124, 211, 49, 125, 126, 177, 85, 242, 244, 67, 96, 241, 34, 193,
       118, 204, 168, 228, 9, 82, 28, 113, 233, 215, 36, 85, 190, 82,
       120, 161, 124, 120, 92, 24, 15, 212, 21, 245, 79, 153, 172, 24, 5,
       240, 29, 156, 73, 16, 242, 51, 189, 88, 87, 32, 250, 62, 50, 117,
       166, 63, 181, 63, 121, 230, 126, 211, 53, 253, 63, 177, 85, 242,
       212, 67, 96, 225, 34, 193, 118, 204, 136, 228, 11, 82, 28, 113,
       235, 215, 36, 85, 190, 82, 120, 233, 116, 120, 92, 56, 47, 212,
       20, 245, 111, 153, 172, 24, 5, 240, 29, 156, 73, 16, 242, 51, 189,
       88, 87, 32, 250, 63, 54, 125, 176, 63, 181, 47, 120, 246, 126,
       210, 49, 109, 95, 185, 85, 242, 212, 67, 112, 241, 34, 193, 118,
       204, 168, 228, 73, 82, 28, 241, 235, 215, 44, 85, 190, 82, 120,
       161, 116, 120, 92, 24, 15, 212, 21, 229, 79, 153, 172, 24, 5, 240,
       29, 156, 73, 16, 242, 51, 189, 88, 87, 32, 250, 70, 32, 67, 129,
       208, 2, 139, 204, 2, 162, 3, 52, 65, 130, 147, 66, 66, 84, 1, 100,
       10, 129, 206, 8, 12, 128, 170, 13, 146, 8, 49, 27, 113, 36, 92,
       155, 0, 118, 5, 214, 128, 64, 8, 10, 2, 28, 64, 148, 25, 44, 80,
       5, 1, 24, 133, 74, 144, 96, 33, 56, 76, 4, 34, 177, 70, 34, 67,
       129, 216, 194, 139, 204, 14, 226, 131, 52, 65, 6, 155, 194, 202,
       84, 0, 36, 137, 129, 142, 40, 12, 128, 40, 13, 146, 8, 17, 91,
       113, 36, 93, 155, 0, 118, 7, 22, 128, 64, 8, 8, 2, 142, 64, 144,
       17, 44, 80, 4, 1, 25, 133, 74, 128, 96, 32, 60, 76, 4, 34, 176,
       61, 182, 125, 162, 62, 189, 177, 120, 244, 254, 214, 117, 253, 63,
       185, 85, 250, 220, 67, 97, 241, 98, 203, 252, 205, 188, 244, 187,
       122, 95, 113, 235, 223, 44, 85, 190, 91, 120, 233, 116, 120, 92,
       56, 47, 212, 53, 247, 111, 153, 172, 24, 5, 240, 29, 156, 73, 16,
       242, 51, 189, 88, 87, 32, 250, 63, 183, 125, 182, 55, 189, 61,
       122, 246, 92, 215, 241, 237, 123, 180, 87, 246, 246, 67, 115, 245,
       102, 193, 119, 205, 186, 229, 89, 122, 28, 245, 233, 223, 44, 85,
       190, 82, 120, 233, 117, 120, 92, 56, 47, 212, 49, 245, 111, 153,
       172, 24, 5, 240, 29, 156, 73, 16, 242, 51, 189, 88, 87, 32, 250,
       54, 50, 241, 166, 25, 166, 41, 75, 196, 110, 194, 115, 225, 74,
       144, 85, 234, 213, 3, 96, 193, 38, 193, 119, 78, 152, 180, 15, 82,
       8, 49, 107, 87, 36, 84, 186, 82, 120, 33, 84, 80, 64, 24, 15, 193,
       20, 241, 79, 153, 172, 24, 5, 240, 28, 156, 73, 16, 242, 51, 189,
       88, 87, 32, 250, 77, 3, 229, 176, 16, 39, 35, 126, 128, 78, 194,
       21, 65, 196, 155, 67, 202, 92, 3, 102, 64, 33, 192, 51, 76, 136,
       132, 4, 80, 4, 48, 73, 87, 36, 85, 186, 80, 120, 193, 116, 112,
       84, 24, 14, 212, 20, 229, 78, 153, 172, 24, 5, 240, 29, 156, 73,
       16, 242, 51, 189, 72, 86, 32, 250, 198, 33, 193, 146, 80, 2, 11,
       206, 134, 102, 33, 50, 19, 130, 146, 82, 98, 85, 0, 101, 11, 129,
       230, 34, 14, 128, 170, 9, 146, 8, 16, 41, 112, 37, 20, 155, 2,
       116, 7, 214, 18, 66, 16, 10, 2, 28, 65, 140, 17, 44, 80, 4, 32,
       26, 148, 75, 144, 112, 33, 60, 92, 84, 32, 241, 76, 1, 239, 176,
       50, 55, 57, 254, 180, 206, 195, 150, 83, 236, 179, 70, 226, 221,
       3, 103, 108, 165, 194, 51, 77, 138, 162, 13, 80, 12, 48, 169, 242,
       36, 85, 186, 82, 120, 193, 116, 80, 92, 56, 46, 208, 20, 193, 110,
       153, 172, 24, 5, 240, 29, 156, 73, 16, 242, 51, 189, 88, 86, 32,
       250, 44, 47, 231, 252, 32, 255, 161, 119, 57, 220, 206, 149, 93,
       245, 251, 230, 137, 216, 227, 111, 244, 109, 86, 179, 89, 111,
       148, 212, 104, 214, 58, 201, 223, 50, 67, 168, 213, 122, 217, 124,
       124, 61, 56, 166, 245, 167, 231, 110, 185, 172, 141, 13, 242, 29,
       152, 76, 54, 226, 83, 189, 90, 87, 41, 250, 108, 34, 247, 161,
       216, 103, 163, 252, 164, 124, 202, 55, 85, 175, 155, 228, 235,
       213, 3, 100, 73, 129, 198, 48, 78, 200, 188, 13, 210, 14, 50, 43,
       245, 36, 85, 186, 82, 114, 13, 116, 80, 84, 24, 14, 69, 20, 224,
       228, 153, 44, 24, 5, 240, 29, 156, 73, 16, 240, 35, 188, 88, 86,
       32, 248, 109, 34, 231, 162, 80, 119, 167, 94, 228, 254, 194, 55,
       105, 175, 179, 71, 235, 245, 35, 100, 225, 7, 195, 119, 76, 216,
       188, 13, 82, 12, 51, 235, 213, 36, 85, 186, 82, 120, 169, 116,
       112, 84, 56, 47, 213, 20, 245, 109, 153, 172, 24, 5, 240, 29, 156,
       73, 16, 242, 51, 189, 88, 87, 32, 250, 110, 42, 231, 162, 95, 55,
       167, 251, 244, 254, 210, 119, 255, 63, 187, 71, 235, 213, 35, 103,
       229, 7, 195, 119, 77, 220, 188, 47, 82, 14, 51, 235, 215, 36, 85,
       186, 82, 120, 233, 116, 112, 92, 56, 47, 213, 20, 245, 111, 153,
       172, 24, 5, 240, 29, 156, 73, 16, 242, 51, 189, 88, 87, 32, 250,
       61, 50, 245, 160, 127, 183, 167, 122, 244, 252, 210, 115, 253,
       127, 176, 69, 234, 213, 35, 99, 225, 39, 195, 119, 76, 254, 185,
       47, 82, 14, 113, 235, 215, 36, 85, 186, 82, 120, 233, 116, 112,
       92, 56, 47, 213, 20, 245, 111, 153, 172, 24, 5, 240, 29, 156, 73,
       16, 242, 51, 189, 88, 87, 32, 250, 22, 253, 216, 222, 120, 202,
       222, 5, 27, 65, 13, 248, 150, 118, 174, 216, 253, 131, 176, 147,
       135, 125, 83, 67, 241, 87, 243, 127, 39, 171, 199, 102, 135, 210,
       71, 134, 170, 217, 251, 127, 97, 189, 229, 225, 181, 28, 245, 47,
       215, 246, 169, 127, 180, 65, 120, 251, 127, 91, 254, 99, 57, 121,
       253, 206, 63, 51, 253, 182, 63, 55, 63, 126, 246, 254, 210, 51,
       253, 126, 179, 87, 250, 247, 3, 99, 225, 39, 195, 118, 204, 186,
       244, 75, 82, 92, 241, 235, 215, 36, 85, 190, 82, 120, 233, 116,
       120, 92, 56, 47, 213, 20, 245, 111, 153, 172, 24, 5, 240, 29, 156,
       73, 16, 242, 51, 189, 88, 87, 32, 250, 68, 33, 243, 177, 80, 70,
       43, 239, 132, 230, 193, 52, 81, 130, 147, 66, 234, 212, 3, 102,
       11, 129, 228, 51, 14, 136, 186, 13, 210, 8, 48, 57, 112, 37, 21,
       187, 18, 116, 5, 84, 16, 64, 24, 14, 75, 28, 65, 204, 153, 44, 80,
       5, 112, 28, 148, 73, 144, 240, 33, 156, 92, 70, 34, 243 ]
