%YAML:1.0
descriptors: !!opencv-matrix
   rows: 34
   cols: 64
   dt: u
   data: [ 4, 35, 97, 128, 16, 4, 0, 71, 128, 64, 3, 20, 65, 5, 145, 66,
       194, 84, 3, 100, 64, 0, 128, 50, 12, 136, 132, 9, 18, 12, 48, 8,
       80, 36, 85, 186, 64, 114, 1, 84, 0, 64, 24, 14, 68, 4, 192, 76,
       25, 44, 24, 4, 112, 28, 148, 9, 0, 98, 35, 188, 72, 70, 32, 248,
       38, 36, 65, 130, 16, 132, 5, 65, 134, 70, 1, 48, 17, 10, 176, 71,
       194, 84, 1, 100, 1, 2, 128, 96, 76, 128, 140, 9, 18, 8, 16, 9, 80,
       36, 85, 154, 0, 120, 1, 84, 32, 64, 28, 9, 84, 20, 228, 76, 17,
       44, 16, 4, 32, 24, 148, 9, 16, 98, 51, 188, 72, 86, 32, 248, 50,
       16, 81, 130, 221, 128, 3, 73, 198, 64, 1, 50, 165, 11, 128, 85,
       98, 214, 1, 96, 192, 0, 128, 100, 76, 152, 168, 9, 146, 8, 17, 41,
       84, 36, 20, 186, 66, 112, 1, 84, 80, 64, 24, 15, 192, 20, 192, 77,
       153, 172, 24, 4, 112, 24, 156, 73, 16, 114, 51, 156, 88, 87, 32,
       248, 6, 32, 65, 130, 153, 128, 1, 73, 130, 64, 1, 48, 161, 3, 128,
       64, 98, 68, 0, 32, 64, 0, 136, 96, 76, 128, 40, 9, 146, 8, 1, 9,
       80, 36, 84, 154, 0, 112, 1, 214, 0, 66, 8, 10, 0, 20, 192, 4, 1,
       36, 16, 4, 32, 24, 132, 9, 16, 112, 32, 60, 72, 70, 34, 249, 4,
       35, 225, 144, 16, 4, 33, 111, 128, 70, 195, 52, 81, 130, 145, 66,
       194, 84, 3, 96, 1, 32, 192, 19, 12, 136, 132, 9, 66, 12, 48, 73,
       80, 36, 85, 186, 0, 122, 1, 84, 144, 64, 24, 14, 64, 4, 65, 78,
       25, 44, 24, 4, 112, 28, 148, 73, 16, 226, 35, 188, 72, 6, 32, 242,
       199, 39, 235, 85, 123, 146, 91, 78, 162, 167, 129, 50, 210, 234,
       162, 83, 32, 181, 26, 103, 139, 175, 114, 43, 6, 130, 174, 15, 18,
       44, 48, 99, 119, 55, 6, 187, 66, 124, 71, 222, 144, 106, 8, 78,
       139, 76, 193, 31, 93, 172, 24, 5, 97, 88, 148, 75, 144, 122, 49,
       157, 76, 20, 50, 251, 68, 35, 165, 24, 96, 183, 43, 118, 224, 174,
       193, 0, 65, 225, 153, 3, 72, 205, 67, 102, 186, 229, 66, 147, 140,
       184, 182, 204, 0, 132, 48, 136, 82, 28, 199, 171, 88, 60, 1, 64,
       188, 66, 24, 142, 87, 232, 129, 78, 26, 172, 24, 67, 98, 29, 28,
       89, 128, 226, 19, 157, 72, 199, 96, 243, 95, 59, 235, 240, 117,
       58, 104, 126, 80, 26, 210, 52, 106, 215, 128, 91, 0, 13, 187, 223,
       231, 93, 193, 211, 134, 202, 194, 149, 122, 100, 32, 201, 31, 90,
       213, 163, 253, 60, 93, 21, 108, 164, 187, 225, 239, 137, 231, 239,
       126, 190, 169, 218, 227, 117, 122, 156, 111, 175, 87, 211, 42,
       179, 221, 74, 4, 2, 131, 160, 8, 64, 160, 79, 16, 250, 2, 5, 1, 4,
       131, 1, 74, 92, 129, 98, 192, 32, 206, 123, 76, 136, 0, 3, 82, 0,
       49, 79, 117, 162, 93, 184, 49, 240, 41, 36, 96, 100, 24, 10, 68,
       4, 65, 203, 25, 44, 24, 4, 240, 28, 156, 72, 144, 226, 35, 188,
       72, 71, 32, 240, 0, 2, 1, 161, 136, 128, 160, 68, 8, 122, 2, 5,
       128, 4, 137, 1, 10, 76, 129, 32, 192, 32, 202, 89, 76, 136, 0, 2,
       16, 1, 49, 79, 85, 128, 93, 40, 48, 234, 41, 2, 97, 68, 8, 10, 68,
       4, 113, 115, 24, 44, 24, 36, 228, 29, 156, 8, 16, 66, 51, 173, 64,
       7, 32, 242, 131, 198, 1, 161, 200, 180, 166, 192, 40, 127, 2, 75,
       128, 53, 121, 1, 130, 93, 141, 96, 200, 32, 138, 120, 108, 220,
       25, 34, 158, 3, 51, 95, 85, 224, 93, 24, 112, 249, 45, 34, 101,
       84, 10, 29, 85, 132, 220, 17, 24, 157, 24, 37, 213, 133, 140, 41,
       16, 192, 50, 140, 68, 87, 32, 186, 54, 48, 81, 130, 144, 128, 11,
       73, 198, 98, 145, 48, 97, 2, 145, 82, 226, 212, 1, 96, 9, 128,
       128, 32, 76, 136, 168, 9, 210, 8, 49, 41, 112, 36, 20, 154, 66,
       112, 1, 214, 16, 66, 24, 14, 192, 28, 192, 12, 153, 44, 16, 5, 96,
       24, 148, 73, 144, 242, 49, 156, 88, 86, 32, 177, 128, 11, 146,
       148, 0, 64, 0, 199, 2, 128, 3, 71, 18, 132, 2, 34, 46, 2, 0, 7, 2,
       140, 230, 2, 11, 130, 144, 72, 128, 170, 18, 8, 6, 53, 113, 154,
       0, 74, 202, 68, 129, 16, 16, 2, 168, 12, 169, 44, 65, 0, 113, 53,
       16, 26, 48, 74, 1, 80, 16, 33, 64, 5, 1, 234, 16, 205, 17, 156,
       34, 77, 20, 103, 11, 196, 47, 128, 20, 180, 124, 186, 239, 210,
       32, 45, 6, 160, 228, 34, 93, 213, 145, 120, 33, 170, 30, 41, 144,
       52, 113, 154, 0, 74, 234, 64, 50, 159, 61, 35, 180, 22, 116, 108,
       129, 160, 119, 5, 50, 31, 183, 77, 25, 114, 40, 120, 81, 68, 0,
       250, 112, 51, 183, 93, 96, 231, 107, 255, 196, 174, 81, 20, 65,
       133, 147, 2, 127, 197, 91, 110, 58, 171, 198, 151, 140, 232, 174,
       140, 64, 128, 48, 168, 103, 39, 37, 191, 82, 60, 69, 84, 56, 64,
       177, 174, 79, 168, 1, 126, 25, 44, 124, 1, 240, 24, 148, 65, 192,
       250, 59, 221, 88, 6, 33, 242, 133, 206, 4, 9, 200, 220, 162, 208,
       41, 29, 42, 79, 128, 53, 89, 161, 137, 104, 141, 104, 76, 192, 12,
       248, 73, 93, 29, 160, 173, 6, 59, 23, 112, 66, 89, 0, 81, 227,
       237, 0, 165, 52, 24, 54, 68, 130, 126, 176, 136, 81, 116, 52, 159,
       199, 131, 40, 134, 72, 0, 36, 68, 71, 0, 176, 195, 206, 2, 201,
       235, 222, 135, 193, 61, 95, 42, 203, 155, 61, 126, 173, 201, 213,
       189, 45, 76, 135, 190, 120, 111, 221, 57, 38, 223, 67, 58, 31,
       244, 227, 92, 81, 114, 119, 173, 164, 211, 86, 42, 63, 95, 142,
       92, 145, 205, 29, 94, 52, 201, 231, 143, 171, 208, 220, 32, 44,
       84, 93, 18, 176, 130, 203, 130, 203, 199, 82, 196, 139, 63, 217,
       44, 207, 138, 157, 99, 173, 77, 85, 61, 31, 4, 141, 174, 97, 99,
       215, 25, 34, 151, 10, 2, 31, 246, 39, 121, 81, 82, 77, 239, 160,
       115, 124, 40, 63, 159, 28, 124, 176, 201, 153, 86, 149, 217, 71,
       140, 234, 17, 208, 32, 61, 84, 85, 16, 186, 17, 5, 213, 84, 32, 2,
       121, 122, 32, 4, 197, 81, 70, 249, 128, 2, 226, 212, 3, 103, 6,
       44, 192, 115, 12, 154, 162, 28, 114, 4, 48, 41, 214, 36, 52, 186,
       2, 120, 209, 84, 208, 218, 185, 7, 224, 0, 193, 78, 153, 164, 25,
       5, 112, 28, 159, 73, 24, 242, 51, 157, 88, 23, 33, 251, 80, 1,
       128, 154, 0, 194, 6, 39, 18, 192, 28, 5, 0, 21, 27, 2, 111, 66, 1,
       134, 192, 33, 199, 3, 8, 73, 128, 12, 16, 0, 0, 105, 215, 36, 81,
       176, 83, 72, 72, 96, 48, 20, 48, 167, 85, 20, 101, 110, 153, 168,
       25, 1, 176, 24, 152, 73, 17, 242, 59, 185, 88, 71, 32, 250, 205,
       205, 238, 93, 102, 115, 253, 246, 176, 149, 253, 203, 94, 249, 38,
       139, 169, 252, 63, 111, 46, 207, 230, 178, 15, 127, 157, 50, 249,
       6, 54, 57, 208, 61, 48, 250, 82, 117, 248, 253, 122, 63, 57, 63,
       217, 56, 255, 236, 25, 173, 94, 149, 217, 94, 148, 76, 176, 244,
       33, 29, 92, 87, 2, 251, 0, 202, 134, 207, 43, 221, 208, 39, 63,
       244, 14, 205, 26, 188, 125, 174, 141, 16, 224, 169, 148, 26, 238,
       33, 121, 85, 21, 50, 45, 195, 31, 71, 149, 240, 99, 0, 82, 203,
       250, 42, 53, 189, 108, 55, 29, 150, 125, 163, 197, 193, 239, 188,
       159, 71, 178, 142, 51, 67, 170, 109, 193, 77, 4, 222, 53, 55, 117,
       0, 21, 47, 33, 122, 230, 84, 198, 53, 109, 93, 153, 69, 226, 244,
       67, 100, 112, 34, 128, 247, 12, 168, 4, 8, 120, 12, 80, 105, 220,
       36, 85, 190, 80, 50, 1, 92, 212, 84, 26, 134, 68, 160, 224, 78,
       152, 36, 25, 12, 240, 29, 157, 65, 48, 242, 51, 188, 88, 71, 36,
       248, 32, 7, 45, 130, 2, 93, 1, 125, 166, 68, 30, 4, 29, 61, 89,
       164, 207, 212, 65, 32, 80, 98, 144, 34, 88, 164, 4, 8, 48, 154,
       24, 41, 196, 36, 81, 186, 66, 66, 137, 72, 144, 21, 24, 134, 84,
       54, 228, 76, 147, 44, 153, 8, 176, 29, 141, 73, 48, 114, 35, 188,
       88, 86, 42, 248, 114, 1, 9, 146, 2, 7, 25, 47, 198, 70, 17, 20,
       49, 130, 49, 82, 114, 214, 0, 100, 2, 48, 192, 7, 12, 128, 164,
       13, 18, 136, 16, 40, 96, 36, 20, 186, 66, 120, 1, 84, 144, 64, 20,
       14, 144, 20, 128, 78, 147, 172, 16, 5, 48, 25, 148, 73, 16, 114,
       59, 184, 88, 22, 32, 241, 1, 7, 4, 136, 0, 5, 128, 23, 34, 68, 2,
       0, 16, 49, 57, 1, 76, 96, 64, 160, 80, 32, 20, 130, 80, 32, 4, 0,
       32, 0, 16, 1, 212, 32, 83, 160, 16, 64, 0, 8, 180, 20, 24, 134,
       68, 212, 192, 78, 17, 40, 8, 4, 178, 25, 152, 9, 17, 66, 2, 180,
