%YAML:1.0
descriptors: !!opencv-matrix
   rows: 10
   cols: 64
   dt: u
   data: [ 5, 38, 69, 0, 17, 0, 33, 124, 128, 4, 130, 52, 64, 43, 128,
       64, 226, 212, 3, 96, 65, 0, 128, 48, 76, 136, 160, 9, 82, 12, 49,
       73, 80, 36, 84, 186, 64, 112, 1, 84, 144, 64, 24, 14, 64, 16, 192,
       76, 153, 44, 24, 4, 112, 28, 140, 73, 16, 242, 35, 188, 88, 86,
       32, 249, 39, 38, 97, 162, 157, 128, 3, 72, 196, 68, 130, 48, 33,
       11, 128, 69, 226, 212, 5, 96, 65, 0, 128, 116, 76, 152, 40, 9,
       210, 8, 33, 9, 80, 36, 84, 186, 66, 112, 1, 212, 80, 64, 24, 15,
       64, 0, 192, 76, 153, 44, 24, 4, 112, 28, 140, 73, 16, 242, 51,
       188, 72, 22, 32, 248, 68, 35, 195, 128, 16, 66, 32, 199, 0, 130,
       2, 20, 81, 132, 155, 226, 138, 76, 1, 100, 0, 128, 196, 17, 14,
       136, 8, 1, 128, 8, 48, 24, 112, 6, 85, 154, 0, 118, 5, 20, 128,
       96, 24, 14, 70, 142, 64, 128, 25, 44, 116, 20, 17, 28, 132, 8,
       128, 96, 33, 188, 76, 6, 32, 240, 67, 5, 128, 18, 1, 2, 4, 6, 2,
       34, 3, 0, 0, 132, 1, 2, 77, 0, 0, 68, 10, 160, 64, 3, 64, 144,
       128, 12, 0, 8, 0, 64, 16, 4, 16, 138, 0, 64, 2, 66, 32, 0, 24, 41,
       4, 28, 197, 14, 17, 40, 16, 4, 48, 24, 20, 11, 16, 98, 33, 53, 8,
       20, 32, 234, 66, 3, 0, 146, 0, 66, 4, 7, 2, 162, 3, 4, 0, 132, 1,
       2, 13, 0, 0, 4, 10, 160, 68, 2, 4, 144, 128, 8, 2, 8, 0, 16, 48,
       4, 81, 138, 0, 64, 2, 66, 32, 32, 8, 8, 4, 12, 64, 12, 17, 8, 16,
       4, 16, 25, 164, 10, 17, 98, 0, 52, 72, 84, 0, 226, 4, 33, 225,
       144, 16, 5, 33, 111, 128, 198, 194, 52, 81, 164, 145, 66, 202, 84,
       3, 96, 65, 32, 192, 19, 76, 136, 164, 9, 64, 140, 48, 9, 86, 36,
       85, 186, 16, 120, 65, 84, 48, 64, 24, 46, 68, 20, 225, 110, 25,
       172, 24, 5, 240, 29, 156, 73, 16, 242, 51, 189, 72, 86, 32, 250,
       6, 34, 65, 130, 217, 2, 3, 72, 198, 64, 2, 54, 33, 11, 145, 65,
       226, 212, 1, 100, 65, 128, 128, 48, 14, 136, 40, 9, 146, 8, 48, 9,
       112, 36, 84, 186, 66, 112, 5, 212, 128, 64, 24, 14, 64, 4, 192,
       196, 153, 36, 16, 4, 112, 28, 132, 73, 16, 112, 33, 188, 72, 6,
       32, 248, 55, 54, 113, 130, 149, 180, 1, 121, 198, 70, 211, 48,
       229, 11, 144, 84, 226, 212, 7, 96, 65, 2, 129, 116, 76, 152, 168,
       9, 210, 8, 49, 41, 208, 36, 84, 186, 66, 112, 129, 212, 144, 88,
       24, 14, 208, 20, 192, 76, 153, 172, 16, 5, 112, 29, 156, 73, 16,
       242, 51, 188, 88, 86, 32, 249, 6, 34, 65, 162, 29, 128, 1, 72,
       230, 2, 3, 48, 41, 35, 144, 81, 226, 212, 1, 96, 193, 0, 129, 116,
       76, 136, 160, 9, 82, 8, 49, 105, 84, 36, 84, 186, 66, 120, 1, 84,
       80, 64, 24, 15, 192, 20, 192, 77, 153, 172, 24, 5, 112, 29, 156,
       73, 16, 242, 51, 188, 88, 86, 32, 248, 69, 39, 113, 160, 17, 32,
       33, 76, 160, 66, 193, 48, 97, 171, 128, 67, 226, 212, 3, 100, 73,
       128, 128, 48, 76, 136, 168, 9, 210, 12, 48, 41, 80, 36, 84, 186,
       66, 112, 1, 84, 16, 64, 24, 14, 64, 20, 192, 76, 153, 44, 24, 4,
       112, 28, 156, 73, 16, 242, 51, 188, 88, 86, 32, 249 ]
