%YAML:1.0
descriptors: !!opencv-matrix
   rows: 30
   cols: 64
   dt: u
   data: [ 39, 50, 65, 130, 221, 128, 7, 72, 230, 66, 0, 48, 169, 11,
       128, 85, 226, 212, 1, 96, 193, 2, 128, 100, 76, 136, 168, 9, 146,
       8, 49, 41, 80, 36, 84, 186, 66, 112, 1, 84, 0, 64, 24, 11, 64, 20,
       192, 76, 153, 36, 24, 4, 96, 24, 140, 73, 16, 242, 51, 188, 88,
       86, 32, 248, 68, 33, 225, 144, 16, 7, 33, 111, 192, 68, 65, 52,
       81, 134, 146, 66, 226, 84, 3, 100, 1, 128, 192, 19, 12, 136, 172,
       9, 82, 8, 48, 40, 80, 36, 84, 186, 2, 120, 1, 84, 16, 64, 24, 14,
       64, 20, 192, 76, 153, 44, 24, 4, 112, 28, 148, 73, 16, 242, 51,
       184, 88, 86, 32, 248, 69, 37, 209, 18, 17, 2, 1, 78, 194, 66, 1,
       52, 32, 142, 131, 66, 226, 84, 1, 100, 11, 128, 192, 34, 12, 136,
       168, 9, 18, 8, 48, 9, 80, 36, 84, 186, 0, 112, 1, 84, 16, 64, 24,
       10, 64, 28, 192, 76, 153, 44, 16, 4, 112, 28, 148, 73, 16, 242,
       49, 184, 88, 86, 32, 240, 7, 38, 65, 130, 209, 2, 1, 79, 132, 64,
       2, 52, 33, 143, 129, 69, 226, 84, 1, 100, 65, 130, 136, 32, 78,
       136, 40, 9, 146, 8, 48, 9, 112, 36, 84, 186, 64, 112, 5, 84, 0,
       64, 24, 10, 64, 20, 64, 196, 153, 36, 16, 4, 112, 28, 132, 73, 16,
       112, 33, 188, 72, 70, 32, 248, 0, 1, 8, 0, 0, 144, 160, 7, 32,
       130, 2, 4, 16, 0, 33, 3, 0, 40, 128, 129, 128, 16, 80, 67, 65, 0,
       0, 0, 0, 4, 0, 0, 132, 16, 67, 0, 33, 8, 8, 0, 0, 48, 52, 32, 48,
       84, 34, 106, 17, 72, 40, 20, 20, 1, 120, 8, 23, 67, 6, 164, 0,
       115, 64, 74, 0, 202, 5, 136, 0, 89, 132, 112, 121, 16, 46, 133,
       72, 53, 93, 160, 137, 8, 193, 40, 84, 64, 4, 240, 65, 117, 29,
       160, 173, 134, 11, 16, 220, 64, 67, 160, 88, 18, 233, 40, 116, 20,
       56, 55, 84, 226, 116, 96, 153, 173, 140, 0, 144, 29, 138, 8, 22,
       192, 10, 180, 64, 67, 96, 250, 130, 205, 8, 14, 34, 8, 28, 3, 43,
       3, 45, 202, 26, 160, 110, 155, 133, 50, 36, 181, 6, 144, 49, 0,
       81, 149, 145, 120, 131, 186, 150, 32, 144, 60, 66, 202, 74, 72,
       162, 232, 162, 155, 44, 41, 150, 94, 244, 12, 129, 130, 18, 6, 10,
       11, 51, 10, 25, 243, 48, 52, 53, 80, 66, 171, 1, 134, 12, 136, 0,
       93, 132, 5, 33, 222, 10, 128, 16, 53, 57, 3, 13, 104, 128, 160,
       192, 112, 80, 192, 65, 21, 0, 0, 0, 0, 17, 65, 212, 16, 211, 32,
       17, 72, 8, 32, 100, 52, 56, 37, 20, 148, 116, 104, 16, 136, 56, 4,
       150, 9, 216, 24, 19, 66, 2, 164, 64, 211, 72, 226, 195, 205, 8,
       154, 7, 14, 29, 3, 39, 71, 41, 202, 26, 234, 116, 127, 129, 114,
       36, 165, 6, 244, 112, 34, 85, 135, 131, 43, 19, 56, 28, 1, 146,
       36, 86, 154, 66, 76, 162, 234, 98, 251, 44, 105, 146, 30, 245, 14,
       81, 164, 16, 4, 2, 25, 181, 10, 24, 242, 48, 60, 93, 84, 34, 185,
       162, 193, 8, 158, 39, 93, 93, 15, 167, 198, 61, 136, 59, 170, 116,
       255, 143, 118, 36, 61, 2, 242, 244, 35, 85, 151, 177, 57, 19, 186,
       22, 41, 128, 36, 19, 218, 194, 64, 226, 120, 50, 219, 52, 105,
       150, 20, 244, 110, 209, 168, 86, 5, 42, 25, 180, 26, 144, 242, 56,
       61, 89, 84, 42, 251, 133, 202, 2, 9, 128, 216, 132, 128, 43, 131,
       42, 206, 144, 53, 79, 168, 9, 0, 164, 13, 12, 0, 46, 64, 97, 85,
       25, 32, 133, 10, 2, 18, 180, 144, 73, 0, 16, 139, 238, 34, 35, 60,
       40, 49, 21, 222, 124, 176, 209, 201, 36, 52, 149, 71, 160, 170,
       17, 72, 0, 36, 68, 81, 80, 170, 2, 1, 8, 138, 3, 8, 0, 3, 37, 64,
       15, 4, 24, 52, 108, 38, 4, 24, 0, 224, 0, 48, 208, 99, 81, 4, 128,
       0, 32, 162, 28, 65, 148, 48, 83, 160, 67, 74, 136, 8, 160, 61, 28,
       33, 148, 22, 230, 110, 17, 168, 24, 4, 178, 13, 152, 8, 27, 67,
       51, 180, 64, 83, 0, 202, 129, 206, 0, 10, 201, 72, 134, 129, 42,
       64, 46, 78, 144, 53, 109, 173, 79, 34, 36, 4, 64, 128, 25, 64, 83,
       85, 25, 32, 165, 10, 10, 17, 128, 69, 65, 0, 0, 66, 45, 8, 165,
       20, 8, 177, 21, 94, 124, 164, 193, 1, 64, 60, 157, 67, 129, 171,
       16, 72, 0, 36, 64, 65, 16, 72, 6, 5, 136, 152, 1, 8, 20, 7, 1,
       194, 13, 128, 16, 132, 44, 10, 9, 8, 0, 197, 2, 48, 80, 3, 85, 1,
       128, 0, 1, 36, 0, 0, 130, 20, 81, 138, 2, 72, 128, 0, 32, 186, 52,
       33, 182, 20, 103, 110, 17, 168, 48, 4, 0, 25, 112, 8, 17, 227, 59,
       181, 8, 114, 66, 234, 10, 201, 138, 155, 39, 89, 220, 135, 31,
       194, 29, 140, 24, 164, 47, 218, 141, 18, 48, 159, 6, 209, 231, 3,
       49, 213, 147, 120, 67, 243, 158, 33, 133, 156, 155, 64, 235, 77,
       234, 59, 50, 187, 229, 105, 183, 156, 117, 46, 215, 202, 183, 135,
       157, 65, 112, 190, 145, 195, 40, 121, 53, 185, 218, 194, 133, 207,
       2, 5, 33, 88, 148, 195, 8, 145, 45, 203, 2, 177, 70, 170, 137, 64,
       36, 47, 4, 128, 228, 34, 73, 87, 145, 34, 21, 14, 2, 16, 208, 52,
       113, 250, 82, 120, 234, 180, 115, 60, 56, 55, 157, 22, 116, 108,
       137, 169, 84, 5, 209, 31, 144, 8, 16, 242, 48, 61, 88, 85, 32,
       250, 5, 3, 1, 32, 1, 32, 33, 90, 32, 10, 192, 1, 0, 9, 0, 1, 0,
       76, 1, 96, 192, 32, 128, 115, 76, 136, 128, 0, 80, 0, 33, 73, 84,
       32, 20, 184, 0, 104, 1, 4, 68, 64, 24, 11, 64, 1, 192, 78, 24, 36,
       24, 4, 96, 28, 156, 9, 16, 162, 51, 156, 72, 86, 32, 240, 26, 1,
       8, 180, 39, 0, 28, 7, 4, 66, 81, 0, 24, 128, 4, 18, 36, 92, 0,
       208, 2, 160, 192, 34, 12, 136, 160, 8, 82, 32, 52, 105, 82, 52,
       20, 186, 66, 104, 128, 209, 16, 202, 21, 11, 208, 20, 193, 78, 25,
       172, 16, 5, 96, 28, 148, 73, 16, 242, 51, 184, 88, 22, 32, 249,
       132, 201, 10, 9, 33, 80, 220, 215, 25, 155, 44, 200, 2, 4, 103,
       171, 137, 88, 36, 15, 4, 128, 228, 2, 109, 87, 17, 34, 85, 14, 50,
       18, 240, 16, 125, 202, 82, 125, 233, 176, 114, 62, 56, 63, 151,
       22, 116, 232, 25, 169, 54, 5, 217, 29, 132, 72, 144, 192, 32, 61,
       92, 85, 32, 186, 0, 206, 0, 137, 200, 72, 130, 193, 40, 66, 10, 6,
       144, 37, 105, 160, 192, 16, 1, 32, 64, 0, 28, 96, 81, 132, 8, 0,
       132, 130, 27, 18, 116, 0, 75, 8, 16, 98, 141, 136, 135, 20, 24, 6,
       84, 150, 96, 16, 153, 12, 16, 36, 147, 5, 133, 8, 16, 64, 32, 36,
       68, 70, 34, 176, 193, 206, 14, 73, 224, 90, 134, 129, 41, 209, 46,
       202, 146, 181, 108, 169, 129, 169, 60, 45, 12, 196, 52, 240, 99,
       87, 25, 34, 165, 2, 2, 17, 176, 81, 83, 73, 80, 89, 236, 160, 115,
       62, 56, 53, 157, 222, 124, 176, 197, 137, 38, 52, 217, 71, 131,
       170, 17, 204, 32, 44, 84, 81, 80, 186, 8, 142, 134, 137, 0, 77,
       160, 135, 41, 212, 14, 141, 24, 53, 123, 168, 141, 56, 193, 160,
       84, 209, 94, 160, 89, 69, 28, 208, 169, 198, 27, 67, 181, 80, 67,
       32, 17, 66, 200, 40, 54, 61, 60, 38, 84, 150, 119, 232, 25, 72,
       237, 13, 147, 77, 24, 28, 63, 193, 11, 164, 66, 75, 74, 234, 4,
       35, 225, 144, 16, 3, 40, 119, 0, 130, 195, 20, 81, 132, 153, 66,
       202, 76, 3, 102, 3, 160, 196, 147, 12, 136, 166, 9, 64, 12, 48, 8,
       112, 36, 85, 186, 16, 122, 1, 84, 144, 64, 16, 14, 66, 4, 65, 110,
       25, 44, 24, 5, 112, 29, 148, 73, 128, 98, 51, 184, 72, 6, 32, 242,
       39, 54, 65, 130, 157, 128, 7, 72, 98, 65, 0, 115, 160, 11, 132,
       81, 98, 84, 5, 96, 193, 0, 137, 96, 76, 152, 40, 11, 146, 8, 1,
       77, 80, 36, 20, 154, 66, 112, 1, 212, 65, 66, 24, 11, 64, 16, 200,
       69, 0, 36, 16, 4, 96, 24, 140, 73, 16, 50, 50, 156, 88, 86, 32,
       249, 68, 42, 131, 137, 200, 210, 170, 229, 72, 171, 67, 142, 194,
       165, 27, 42, 8, 9, 249, 204, 136, 133, 78, 137, 27, 64, 28, 164,
       128, 133, 34, 22, 125, 145, 105, 9, 24, 173, 36, 2, 32, 32, 32,
       190, 47, 172, 10, 177, 95, 72, 32, 243, 5, 250, 36, 186, 199, 77,
       137, 64, 68, 64, 80, 38, 28, 35, 225, 180, 1, 129, 160, 111, 132,
       128, 211, 52, 81, 52, 145, 66, 106, 152, 3, 67, 193, 38, 192, 83,
       28, 152, 164, 137, 66, 140, 49, 200, 71, 36, 69, 186, 82, 120, 1,
       84, 88, 80, 16, 46, 196, 5, 131, 111, 153, 172, 25, 5, 240, 28,
       156, 73, 0, 242, 51, 185, 72, 87, 32, 250, 5, 36, 193, 0, 16, 0,
       33, 78, 0, 34, 3, 20, 64, 131, 131, 66, 2, 68, 1, 96, 128, 128,
