%YAML:1.0
descriptors: !!opencv-matrix
   rows: 4
   cols: 64
   dt: u
   data: [ 118, 33, 225, 146, 16, 6, 9, 111, 198, 70, 211, 52, 113, 130,
       146, 86, 234, 212, 3, 100, 65, 160, 193, 55, 76, 136, 160, 9, 82,
       12, 48, 105, 80, 36, 84, 186, 66, 120, 1, 84, 16, 64, 24, 14, 192,
       20, 225, 78, 153, 172, 24, 5, 112, 29, 156, 73, 16, 242, 51, 188,
       88, 86, 32, 250, 70, 3, 146, 181, 200, 130, 42, 71, 0, 32, 1, 4,
       128, 193, 129, 18, 34, 73, 1, 70, 138, 173, 14, 11, 14, 136, 170,
       77, 2, 40, 33, 70, 51, 183, 52, 155, 0, 164, 7, 70, 1, 96, 0, 64,
       107, 12, 137, 147, 72, 36, 112, 48, 33, 82, 52, 171, 129, 42, 1,
       145, 12, 4, 49, 32, 71, 0, 16, 34, 201, 130, 2, 0, 2, 33, 1, 2,
       128, 67, 128, 17, 102, 3, 1, 68, 200, 5, 10, 72, 6, 136, 40, 77,
       130, 40, 129, 5, 16, 165, 28, 155, 1, 128, 5, 198, 1, 2, 8, 0, 65,
       24, 200, 149, 64, 4, 16, 36, 37, 66, 12, 171, 16, 24, 16, 4, 8,
       70, 48, 33, 63, 241, 125, 254, 63, 189, 221, 120, 247, 125, 253,
       251, 253, 122, 180, 93, 246, 246, 102, 243, 247, 126, 193, 119,
       237, 191, 231, 251, 127, 127, 245, 235, 223, 44, 22, 190, 222,
       120, 249, 125, 122, 223, 255, 111, 212, 53, 245, 111, 185, 174,
       153, 79, 248, 29, 156, 73, 48, 243, 119, 191, 123, 223, 166, 251 ]
