%YAML:1.0
descriptors: !!opencv-matrix
   rows: 79
   cols: 64
   dt: u
   data: [ 125, 63, 247, 245, 254, 255, 107, 254, 252, 252, 210, 55, 239,
       223, 187, 239, 250, 253, 235, 102, 253, 175, 222, 191, 207, 106,
       182, 167, 216, 84, 115, 239, 223, 47, 87, 191, 87, 122, 253, 116,
       248, 92, 58, 46, 221, 53, 227, 111, 185, 172, 24, 5, 240, 29, 156,
       73, 20, 242, 51, 191, 90, 87, 32, 250, 250, 241, 249, 119, 255,
       131, 223, 41, 214, 161, 213, 251, 191, 78, 134, 92, 127, 151, 118,
       151, 247, 63, 195, 103, 176, 214, 243, 127, 114, 249, 199, 238,
       143, 173, 132, 246, 255, 25, 250, 125, 120, 223, 231, 105, 245,
       53, 181, 111, 191, 174, 137, 207, 252, 32, 124, 243, 120, 179,
       246, 251, 187, 255, 188, 94, 29, 190, 247, 105, 60, 241, 165, 244,
       121, 189, 202, 253, 206, 53, 139, 201, 201, 236, 235, 235, 245,
       69, 78, 217, 237, 125, 84, 246, 108, 71, 227, 215, 221, 210, 253,
       36, 125, 186, 253, 53, 125, 21, 250, 182, 125, 225, 127, 227, 186,
       252, 173, 251, 246, 253, 216, 92, 38, 207, 135, 199, 235, 251,
       109, 94, 253, 63, 239, 241, 126, 55, 123, 251, 244, 255, 240, 187,
       239, 235, 147, 79, 226, 221, 255, 103, 253, 175, 194, 255, 79,
       122, 183, 167, 216, 85, 114, 251, 251, 39, 84, 187, 87, 124, 245,
       116, 120, 126, 186, 46, 217, 53, 195, 239, 189, 172, 24, 133, 241,
       61, 156, 73, 84, 246, 119, 191, 94, 86, 33, 251, 218, 185, 159,
       245, 34, 223, 252, 167, 91, 155, 95, 223, 223, 244, 94, 250, 189,
       203, 126, 239, 134, 61, 98, 211, 187, 95, 247, 254, 69, 231, 246,
       234, 215, 59, 105, 69, 223, 127, 250, 113, 217, 189, 245, 111,
       191, 62, 183, 111, 255, 170, 171, 215, 240, 109, 57, 223, 87, 223,
       83, 251, 113, 121, 209, 254, 245, 221, 183, 220, 97, 79, 253, 255,
       31, 213, 109, 203, 151, 253, 198, 190, 191, 159, 252, 111, 54, 45,
       242, 115, 251, 255, 243, 126, 117, 35, 206, 111, 143, 83, 113,
       217, 149, 204, 254, 125, 115, 191, 185, 231, 191, 25, 253, 239,
       221, 162, 169, 255, 241, 111, 184, 206, 113, 223, 115, 239, 115,
       117, 151, 218, 208, 251, 151, 221, 232, 136, 254, 193, 107, 177,
       35, 203, 206, 113, 92, 27, 255, 195, 44, 235, 143, 45, 75, 219,
       205, 95, 247, 254, 36, 39, 215, 118, 215, 183, 113, 30, 216, 249,
       250, 103, 101, 92, 233, 103, 253, 28, 255, 63, 137, 207, 8, 99,
       244, 159, 24, 105, 23, 243, 211, 183, 248, 119, 161, 254, 198,
       138, 202, 215, 235, 218, 218, 133, 43, 227, 7, 206, 158, 246, 106,
       250, 137, 147, 56, 247, 143, 221, 234, 105, 71, 215, 187, 127,
       130, 171, 151, 103, 151, 183, 85, 75, 82, 223, 255, 118, 96, 61,
       104, 121, 221, 28, 253, 177, 221, 204, 24, 181, 215, 255, 152,
       235, 81, 253, 177, 53, 220, 113, 144, 254, 199, 222, 170, 233,
       239, 222, 222, 137, 59, 251, 42, 207, 158, 229, 107, 189, 237,
       247, 188, 38, 204, 205, 30, 120, 119, 215, 59, 119, 223, 123, 59,
       119, 215, 243, 93, 65, 114, 255, 254, 50, 97, 92, 106, 253, 223,
       30, 253, 177, 221, 221, 24, 53, 221, 231, 156, 235, 83, 220, 244,
       45, 214, 93, 24, 182, 221, 239, 255, 249, 208, 119, 227, 254, 216,
       253, 236, 191, 211, 251, 155, 234, 227, 221, 251, 111, 127, 173,
       198, 179, 79, 235, 187, 165, 209, 14, 50, 187, 243, 39, 117, 251,
       87, 125, 253, 244, 250, 124, 184, 118, 95, 159, 75, 246, 221, 172,
       57, 245, 209, 127, 156, 201, 80, 252, 105, 255, 92, 118, 179, 251,
       253, 63, 247, 117, 252, 183, 251, 242, 184, 253, 194, 127, 207,
       249, 211, 77, 224, 237, 255, 111, 255, 175, 30, 255, 254, 250,
       191, 255, 252, 23, 114, 191, 119, 107, 108, 255, 82, 191, 253,
       222, 221, 116, 218, 222, 201, 235, 219, 147, 237, 173, 28, 241,
       209, 254, 157, 107, 112, 252, 113, 159, 206, 55, 177, 188, 28, 51,
       19, 245, 184, 160, 248, 114, 2, 16, 67, 83, 132, 83, 129, 16, 54,
       207, 136, 106, 198, 44, 128, 211, 138, 154, 226, 220, 84, 32, 228,
       61, 86, 115, 120, 146, 5, 222, 210, 69, 133, 40, 155, 70, 232,
       133, 203, 31, 200, 151, 97, 247, 116, 230, 159, 233, 69, 219, 83,
       199, 112, 39, 133, 180, 213, 122, 17, 117, 232, 154, 122, 192,
       106, 57, 43, 75, 198, 113, 198, 177, 118, 203, 188, 102, 207, 173,
       35, 216, 206, 79, 251, 254, 196, 39, 243, 38, 211, 149, 84, 63,
       64, 243, 230, 247, 210, 92, 8, 87, 241, 14, 255, 23, 141, 197, 12,
       119, 228, 255, 155, 235, 87, 255, 17, 133, 92, 118, 113, 248, 69,
       48, 145, 19, 200, 130, 2, 76, 202, 35, 131, 46, 224, 198, 130, 19,
       110, 3, 26, 68, 139, 133, 74, 205, 134, 192, 252, 111, 2, 9, 129,
       70, 7, 135, 69, 47, 0, 168, 103, 66, 0, 64, 64, 33, 37, 120, 173,
       179, 148, 76, 8, 48, 53, 248, 92, 227, 64, 62, 147, 177, 136, 81,
       113, 78, 237, 47, 231, 177, 208, 231, 37, 202, 236, 69, 232, 59,
       243, 235, 178, 111, 227, 213, 39, 103, 79, 141, 166, 55, 78, 223,
       183, 45, 210, 10, 50, 57, 242, 39, 85, 186, 82, 116, 69, 244, 112,
       92, 56, 47, 221, 20, 253, 230, 153, 172, 24, 5, 240, 31, 156, 73,
       16, 240, 51, 189, 88, 86, 32, 248, 197, 244, 26, 25, 200, 194, 30,
       197, 43, 171, 41, 136, 2, 131, 164, 187, 229, 202, 52, 227, 139,
       129, 46, 137, 200, 67, 175, 111, 1, 45, 177, 118, 241, 149, 20,
       43, 0, 229, 39, 246, 114, 74, 104, 9, 178, 30, 192, 19, 145, 236,
       118, 55, 108, 89, 21, 235, 144, 251, 161, 52, 220, 112, 115, 165,
       68, 234, 210, 89, 200, 154, 38, 70, 43, 49, 46, 169, 134, 247,
       205, 186, 227, 139, 185, 204, 205, 13, 75, 153, 195, 77, 105, 111,
       5, 13, 128, 102, 251, 163, 101, 179, 81, 150, 165, 246, 243, 22,
       40, 55, 93, 158, 127, 135, 201, 101, 108, 52, 245, 125, 139, 203,
       82, 252, 131, 180, 88, 96, 51, 200, 81, 118, 147, 127, 232, 166,
       46, 71, 98, 111, 41, 9, 198, 225, 134, 27, 247, 203, 168, 98, 202,
       173, 47, 155, 206, 203, 239, 255, 139, 33, 225, 103, 115, 183, 84,
       53, 49, 164, 118, 231, 102, 74, 232, 203, 255, 24, 207, 27, 200,
       196, 92, 115, 100, 250, 20, 235, 207, 255, 147, 151, 220, 102, 17,
       165, 65, 22, 197, 189, 221, 226, 47, 124, 164, 239, 232, 153, 137,
       77, 135, 7, 235, 213, 57, 103, 232, 41, 238, 57, 76, 235, 170, 47,
       83, 9, 49, 79, 213, 39, 53, 187, 82, 112, 109, 118, 112, 72, 56,
       47, 215, 24, 253, 51, 24, 172, 88, 5, 225, 60, 148, 73, 144, 246,
       35, 157, 88, 87, 32, 242, 72, 10, 4, 131, 200, 159, 34, 113, 44,
       124, 2, 7, 144, 61, 121, 7, 194, 117, 201, 100, 220, 37, 154, 113,
       73, 104, 136, 4, 88, 0, 57, 3, 211, 37, 83, 184, 80, 122, 133,
       100, 244, 84, 24, 14, 69, 134, 192, 71, 153, 44, 24, 4, 243, 29,
       157, 73, 16, 226, 51, 188, 72, 70, 32, 248, 178, 251, 18, 87, 238,
       75, 218, 179, 74, 33, 63, 71, 62, 86, 89, 184, 53, 194, 108, 210,
       199, 168, 37, 206, 170, 95, 231, 122, 135, 191, 215, 118, 234,
       189, 65, 86, 219, 82, 234, 215, 243, 92, 193, 95, 236, 62, 190,
       111, 137, 231, 69, 71, 252, 15, 16, 195, 19, 115, 208, 55, 124,
       100, 160, 172, 71, 8, 130, 183, 201, 130, 6, 14, 14, 33, 131, 38,
       162, 206, 131, 27, 40, 17, 56, 86, 202, 143, 202, 105, 6, 210,
       216, 47, 146, 40, 2, 7, 31, 181, 85, 187, 32, 76, 103, 86, 32, 32,
       0, 105, 205, 29, 237, 147, 85, 174, 24, 21, 181, 120, 220, 227,
       80, 62, 183, 185, 8, 85, 144, 74, 155, 249, 211, 247, 48, 40, 249,
       234, 217, 181, 85, 219, 159, 243, 198, 90, 62, 207, 60, 107, 46,
       173, 226, 123, 173, 223, 243, 251, 111, 35, 246, 191, 151, 247,
       48, 94, 247, 221, 250, 247, 217, 191, 249, 119, 171, 29, 255, 63,
       205, 147, 99, 247, 220, 230, 191, 236, 113, 223, 113, 239, 245,
       63, 149, 255, 210, 209, 17, 215, 238, 35, 94, 177, 67, 9, 89, 79,
       238, 68, 6, 16, 125, 195, 92, 215, 78, 172, 1, 194, 232, 94, 243,
       250, 194, 38, 239, 48, 218, 53, 152, 85, 207, 73, 218, 97, 81,
       200, 147, 127, 229, 28, 255, 31, 130, 211, 1, 199, 236, 170, 26,
