%YAML:1.0
descriptors: !!opencv-matrix
   rows: 46
   cols: 64
   dt: u
   data: [ 60, 49, 125, 182, 62, 39, 61, 126, 244, 124, 213, 117, 125,
       111, 176, 84, 242, 220, 67, 96, 241, 34, 193, 119, 204, 170, 164,
       159, 82, 140, 113, 233, 215, 36, 85, 190, 83, 120, 233, 116, 120,
       92, 56, 47, 212, 21, 247, 111, 153, 172, 24, 5, 240, 29, 156, 73,
       16, 242, 51, 189, 88, 87, 32, 250, 63, 51, 117, 182, 63, 181, 63,
       120, 246, 126, 211, 49, 253, 126, 177, 87, 246, 246, 67, 98, 225,
       34, 195, 118, 204, 184, 228, 77, 82, 28, 241, 235, 215, 36, 85,
       190, 82, 120, 225, 124, 120, 92, 56, 47, 212, 21, 229, 79, 153,
       172, 24, 5, 240, 29, 156, 73, 16, 242, 51, 189, 88, 87, 32, 250,
       62, 50, 125, 182, 63, 181, 191, 121, 246, 254, 210, 119, 253, 127,
       177, 87, 246, 215, 67, 99, 229, 35, 195, 118, 204, 138, 228, 79,
       90, 28, 241, 235, 215, 36, 85, 190, 82, 120, 233, 116, 112, 92,
       56, 47, 212, 20, 245, 111, 153, 172, 24, 5, 240, 29, 156, 73, 16,
       242, 51, 189, 88, 87, 32, 250, 63, 54, 125, 182, 63, 181, 63, 120,
       246, 254, 214, 49, 237, 59, 177, 87, 246, 215, 3, 112, 225, 34,
       195, 118, 204, 168, 228, 77, 82, 28, 241, 235, 215, 44, 85, 190,
       82, 120, 233, 116, 120, 92, 56, 47, 212, 21, 245, 111, 153, 172,
       24, 5, 240, 29, 156, 73, 16, 242, 51, 189, 88, 87, 32, 250, 61,
       53, 125, 166, 51, 53, 57, 123, 246, 94, 215, 117, 125, 123, 176,
       84, 254, 222, 67, 97, 241, 34, 193, 247, 220, 186, 228, 201, 82,
       140, 241, 233, 223, 36, 85, 190, 83, 120, 233, 124, 120, 92, 56,
       47, 212, 53, 247, 111, 153, 172, 24, 5, 240, 29, 156, 73, 16, 242,
       51, 189, 88, 87, 32, 250, 60, 176, 253, 182, 63, 53, 189, 126,
       244, 252, 213, 245, 125, 126, 180, 84, 250, 220, 67, 99, 245, 34,
       193, 119, 76, 170, 164, 155, 90, 220, 117, 235, 215, 36, 87, 190,
       83, 120, 233, 116, 120, 93, 56, 47, 212, 21, 247, 111, 153, 172,
       24, 5, 240, 29, 156, 73, 16, 242, 51, 189, 88, 87, 32, 250, 63,
       55, 117, 182, 55, 181, 63, 124, 246, 124, 211, 53, 125, 126, 177,
       87, 250, 246, 67, 98, 241, 34, 193, 119, 204, 168, 228, 205, 82,
       28, 241, 233, 215, 36, 85, 190, 82, 120, 193, 124, 120, 92, 56,
       47, 212, 21, 229, 111, 153, 172, 24, 5, 240, 29, 156, 73, 16, 242,
       51, 189, 88, 87, 32, 250, 63, 49, 125, 182, 63, 181, 63, 120, 246,
       126, 221, 113, 253, 111, 176, 85, 242, 212, 67, 98, 241, 34, 193,
       118, 204, 190, 229, 155, 82, 24, 117, 235, 215, 36, 85, 190, 82,
       120, 233, 116, 120, 92, 56, 47, 212, 21, 245, 111, 153, 172, 24,
       5, 240, 29, 156, 73, 16, 242, 51, 189, 88, 87, 32, 250, 63, 178,
       125, 166, 191, 181, 191, 120, 246, 126, 208, 115, 253, 123, 176,
       85, 242, 212, 67, 98, 241, 114, 195, 118, 204, 190, 245, 187, 90,
       92, 245, 235, 215, 44, 85, 190, 82, 120, 233, 116, 124, 92, 56,
       47, 212, 53, 247, 111, 153, 172, 24, 5, 240, 29, 156, 73, 16, 242,
       51, 189, 88, 87, 32, 250, 60, 49, 253, 182, 63, 167, 63, 122, 244,
       126, 213, 117, 253, 111, 176, 84, 250, 221, 67, 98, 241, 39, 195,
       247, 204, 186, 244, 159, 90, 156, 113, 235, 223, 36, 87, 190, 83,
       120, 233, 124, 120, 92, 56, 47, 213, 53, 247, 111, 153, 172, 24,
       5, 240, 29, 156, 73, 16, 242, 51, 189, 88, 87, 32, 250, 62, 52,
       253, 182, 63, 183, 59, 93, 246, 254, 212, 51, 253, 122, 179, 87,
       254, 215, 3, 98, 225, 35, 195, 118, 204, 154, 244, 207, 82, 28,
       241, 235, 215, 44, 85, 190, 82, 120, 233, 116, 120, 92, 56, 47,
       213, 21, 245, 111, 153, 172, 24, 5, 240, 29, 156, 73, 16, 242, 51,
       189, 88, 87, 32, 250, 61, 50, 253, 247, 127, 183, 191, 120, 254,
       255, 214, 115, 253, 127, 187, 85, 254, 247, 99, 99, 245, 39, 195,
       118, 205, 254, 245, 127, 90, 93, 247, 235, 215, 36, 85, 190, 82,
       120, 233, 116, 120, 92, 56, 47, 213, 21, 245, 111, 153, 172, 24,
       5, 240, 29, 156, 73, 16, 242, 51, 189, 88, 87, 32, 250, 63, 50,
       125, 182, 63, 183, 31, 120, 246, 254, 215, 51, 237, 127, 179, 87,
       246, 215, 67, 115, 229, 39, 195, 118, 204, 250, 244, 111, 82, 28,
       241, 235, 215, 44, 85, 190, 90, 120, 233, 116, 120, 92, 56, 47,
       213, 21, 245, 111, 153, 172, 24, 5, 240, 29, 156, 73, 16, 242, 51,
       189, 88, 87, 32, 250, 191, 241, 125, 191, 55, 181, 255, 248, 246,
       223, 253, 251, 253, 122, 180, 125, 242, 215, 71, 99, 245, 34, 195,
       118, 205, 255, 245, 251, 83, 94, 247, 251, 215, 36, 85, 190, 82,
       120, 233, 244, 122, 94, 56, 47, 213, 21, 245, 111, 153, 172, 24,
       5, 240, 29, 156, 73, 16, 242, 51, 189, 88, 87, 34, 251, 190, 179,
       125, 182, 55, 181, 191, 121, 246, 95, 253, 114, 253, 126, 180,
       116, 243, 215, 71, 103, 117, 34, 195, 118, 204, 255, 245, 123, 82,
       158, 247, 169, 214, 44, 84, 190, 82, 120, 233, 244, 120, 92, 56,
       47, 213, 53, 245, 111, 153, 172, 24, 5, 240, 29, 156, 73, 16, 242,
       51, 189, 88, 87, 32, 250, 44, 42, 239, 168, 50, 119, 177, 119,
       117, 252, 222, 181, 89, 55, 187, 230, 139, 220, 227, 106, 245,
       116, 196, 243, 93, 40, 132, 145, 104, 204, 63, 203, 223, 36, 87,
       186, 87, 122, 233, 124, 124, 93, 56, 46, 212, 181, 247, 111, 153,
       172, 152, 5, 242, 29, 156, 76, 20, 226, 51, 189, 90, 87, 32, 250,
       6, 34, 1, 128, 216, 0, 2, 72, 0, 2, 2, 20, 64, 2, 129, 1, 66, 68,
       1, 64, 64, 0, 128, 0, 12, 136, 40, 9, 146, 8, 49, 9, 112, 36, 84,
       186, 0, 114, 1, 212, 128, 64, 24, 10, 64, 4, 192, 76, 17, 36, 16,
       4, 32, 24, 133, 9, 16, 98, 35, 188, 72, 6, 32, 176, 13, 42, 195,
       160, 16, 98, 33, 206, 32, 170, 194, 20, 65, 133, 139, 227, 139,
       76, 3, 96, 160, 128, 76, 51, 79, 136, 0, 129, 80, 4, 48, 203, 113,
       6, 85, 186, 17, 118, 5, 20, 184, 100, 24, 46, 70, 23, 66, 224, 25,
       44, 24, 4, 209, 29, 132, 8, 144, 224, 35, 188, 72, 70, 32, 242, 7,
       34, 65, 130, 221, 128, 3, 72, 2, 64, 1, 112, 161, 11, 128, 81, 98,
       84, 4, 96, 192, 32, 128, 96, 76, 128, 168, 13, 146, 8, 1, 9, 20,
       36, 20, 154, 66, 112, 1, 212, 0, 66, 24, 9, 192, 20, 192, 77, 17,
       36, 16, 4, 96, 24, 156, 73, 16, 114, 51, 156, 88, 86, 32, 249, 6,
       32, 97, 128, 16, 132, 4, 69, 196, 0, 128, 112, 81, 2, 176, 65,
       234, 84, 3, 96, 193, 32, 192, 114, 76, 136, 164, 9, 82, 12, 49,
       72, 213, 36, 84, 186, 82, 120, 1, 116, 112, 84, 24, 15, 208, 20,
       244, 78, 153, 172, 24, 5, 240, 29, 156, 73, 16, 242, 51, 188, 88,
       87, 32, 250, 4, 39, 117, 144, 16, 133, 33, 127, 128, 100, 130, 52,
       81, 39, 153, 66, 226, 212, 3, 96, 193, 32, 192, 51, 76, 136, 164,
       9, 82, 12, 49, 105, 215, 36, 85, 186, 82, 122, 129, 116, 80, 84,
       24, 14, 212, 20, 229, 110, 153, 172, 24, 5, 240, 29, 156, 73, 16,
       242, 51, 189, 88, 86, 32, 250, 5, 34, 65, 130, 16, 134, 7, 76,
       166, 102, 2, 48, 1, 47, 177, 71, 226, 116, 1, 96, 193, 32, 192,
       98, 76, 136, 164, 13, 18, 8, 49, 73, 213, 36, 85, 186, 82, 120, 1,
       92, 112, 84, 24, 15, 84, 16, 228, 79, 153, 172, 24, 5, 240, 29,
       156, 73, 16, 242, 51, 188, 88, 87, 32, 250, 38, 32, 65, 130, 221,
       132, 7, 73, 198, 66, 1, 48, 161, 10, 176, 69, 226, 85, 1, 64, 193,
       34, 128, 100, 76, 144, 168, 13, 18, 8, 17, 105, 197, 36, 85, 186,
       66, 120, 33, 84, 48, 72, 16, 15, 212, 20, 244, 79, 153, 172, 24,
       5, 112, 24, 156, 73, 16, 242, 51, 188, 88, 87, 32, 248, 39, 38,
       97, 128, 217, 128, 7, 72, 192, 68, 130, 112, 225, 11, 128, 69,
       226, 85, 7, 100, 193, 0, 128, 96, 76, 152, 168, 13, 146, 8, 33, 9,
       84, 36, 84, 186, 66, 112, 1, 212, 80, 80, 24, 15, 192, 0, 228, 77,
       153, 44, 24, 4, 112, 28, 156, 73, 16, 114, 51, 188, 72, 87, 32,
       248, 51, 245, 88, 142, 55, 144, 29, 8, 230, 66, 21, 242, 173, 11,
       164, 87, 246, 247, 36, 145, 193, 38, 209, 103, 196, 150, 241, 121,
       18, 56, 197, 97, 150, 44, 150, 190, 202, 120, 235, 117, 112, 90,
       56, 41, 148, 84, 245, 111, 145, 174, 24, 5, 240, 25, 156, 73, 16,
