%YAML:1.0
descriptors: !!opencv-matrix
   rows: 85
   cols: 64
   dt: u
   data: [ 124, 49, 253, 151, 50, 165, 187, 125, 196, 230, 213, 52, 245,
       70, 177, 70, 250, 213, 67, 98, 217, 33, 199, 183, 76, 168, 164,
       141, 82, 12, 49, 235, 231, 36, 85, 186, 82, 120, 193, 116, 112,
       92, 16, 46, 213, 20, 193, 111, 153, 172, 24, 5, 240, 29, 156, 73,
       16, 242, 51, 189, 88, 86, 32, 250, 252, 63, 247, 245, 52, 39, 125,
       251, 212, 255, 251, 115, 239, 203, 146, 94, 242, 221, 103, 103,
       127, 175, 195, 247, 206, 254, 247, 171, 210, 30, 114, 251, 123,
       38, 84, 190, 83, 124, 241, 244, 88, 76, 184, 175, 203, 37, 199,
       239, 153, 172, 24, 65, 240, 30, 156, 73, 16, 242, 115, 191, 92,
       86, 161, 250, 109, 47, 231, 240, 88, 111, 225, 255, 252, 252, 194,
       55, 115, 254, 187, 207, 235, 253, 235, 103, 247, 47, 218, 247, 79,
       235, 150, 167, 82, 76, 50, 203, 223, 39, 87, 186, 81, 126, 253,
       116, 120, 116, 184, 103, 205, 53, 247, 239, 153, 172, 24, 213,
       242, 29, 156, 73, 16, 242, 115, 191, 88, 87, 161, 250, 252, 58,
       247, 245, 254, 101, 249, 255, 220, 253, 210, 53, 111, 142, 155,
       230, 251, 220, 219, 110, 121, 139, 238, 188, 159, 168, 190, 153,
       219, 221, 126, 191, 105, 47, 61, 255, 214, 247, 21, 221, 221, 68,
       215, 158, 75, 163, 11, 212, 172, 53, 126, 177, 234, 190, 133, 69,
       196, 188, 105, 218, 255, 6, 34, 180, 141, 190, 239, 105, 60, 127,
       189, 246, 185, 191, 238, 251, 206, 29, 235, 233, 137, 237, 235,
       235, 245, 87, 126, 251, 229, 127, 21, 246, 125, 87, 99, 214, 223,
       216, 223, 36, 253, 188, 249, 53, 124, 60, 122, 183, 247, 227, 119,
       107, 186, 254, 44, 91, 213, 253, 216, 92, 54, 223, 215, 167, 250,
       251, 237, 94, 204, 169, 239, 253, 48, 103, 253, 255, 157, 253,
       228, 187, 195, 251, 155, 206, 171, 93, 251, 111, 63, 141, 230,
       179, 79, 235, 150, 183, 89, 77, 50, 171, 255, 39, 117, 251, 87,
       125, 253, 116, 120, 126, 187, 126, 255, 53, 83, 238, 217, 172, 58,
       213, 209, 63, 156, 76, 80, 254, 123, 255, 93, 119, 161, 251, 220,
       187, 215, 247, 120, 115, 250, 254, 88, 185, 70, 255, 231, 210,
       203, 250, 43, 207, 185, 47, 239, 173, 239, 155, 171, 203, 242,
       183, 207, 99, 54, 255, 255, 131, 117, 113, 117, 223, 255, 117,
       217, 124, 251, 118, 235, 143, 91, 243, 253, 251, 111, 247, 213,
       239, 190, 238, 199, 252, 199, 207, 223, 101, 149, 254, 106, 140,
       138, 239, 235, 221, 251, 141, 61, 255, 86, 207, 191, 46, 127, 252,
       191, 187, 184, 187, 236, 127, 223, 121, 117, 223, 58, 55, 95, 243,
       127, 239, 151, 241, 127, 113, 247, 255, 252, 59, 241, 125, 111,
       105, 183, 157, 255, 51, 253, 218, 58, 37, 247, 229, 188, 238, 83,
       223, 254, 237, 215, 95, 184, 246, 205, 221, 147, 253, 120, 162,
       252, 218, 41, 225, 5, 202, 130, 211, 166, 25, 174, 207, 61, 103,
       134, 45, 98, 123, 99, 223, 179, 255, 85, 35, 50, 119, 215, 151,
       116, 27, 17, 252, 250, 119, 115, 122, 184, 103, 249, 29, 247, 175,
       216, 188, 56, 117, 244, 125, 156, 201, 17, 186, 115, 175, 88, 119,
       151, 251, 201, 207, 198, 223, 253, 35, 230, 218, 57, 209, 4, 235,
       162, 219, 167, 77, 171, 117, 189, 47, 70, 45, 210, 115, 99, 223,
       19, 54, 252, 74, 2, 87, 223, 103, 113, 177, 81, 220, 255, 53, 117,
       127, 186, 119, 253, 29, 253, 235, 220, 188, 24, 245, 209, 239,
       156, 202, 81, 254, 118, 175, 88, 125, 149, 218, 208, 9, 147, 215,
       192, 195, 226, 231, 24, 249, 82, 95, 146, 198, 155, 202, 106, 85,
       185, 47, 78, 173, 206, 91, 11, 202, 154, 38, 192, 9, 50, 15, 119,
       39, 117, 243, 20, 255, 255, 84, 209, 116, 185, 118, 235, 14, 73,
       179, 221, 12, 121, 245, 209, 127, 157, 202, 65, 124, 113, 123, 76,
       37, 145, 254, 203, 212, 202, 239, 255, 176, 254, 136, 61, 251,
       168, 235, 170, 78, 39, 93, 137, 255, 189, 155, 237, 119, 219, 120,
       37, 223, 123, 55, 95, 99, 39, 247, 151, 241, 223, 113, 119, 253,
       236, 51, 97, 78, 106, 121, 215, 93, 223, 51, 252, 222, 24, 37,
       245, 229, 252, 235, 86, 159, 182, 175, 215, 91, 176, 190, 205,
       223, 94, 247, 253, 187, 127, 88, 60, 117, 69, 203, 142, 219, 228,
       93, 110, 255, 189, 107, 238, 108, 168, 123, 34, 254, 243, 127,
       252, 35, 119, 119, 147, 247, 148, 122, 67, 217, 250, 247, 81, 191,
       250, 119, 249, 29, 255, 43, 140, 247, 16, 117, 252, 253, 158, 201,
       49, 190, 243, 159, 216, 119, 165, 187, 67, 0, 144, 54, 201, 138,
       10, 12, 10, 35, 3, 12, 160, 134, 4, 19, 108, 3, 16, 209, 138, 45,
       75, 9, 196, 210, 234, 111, 2, 41, 161, 102, 19, 181, 117, 59, 33,
       141, 102, 66, 32, 192, 40, 105, 135, 92, 45, 51, 209, 194, 56, 36,
       37, 80, 124, 163, 17, 59, 147, 181, 24, 103, 176, 102, 65, 11,
       130, 118, 217, 162, 226, 70, 0, 8, 2, 71, 162, 198, 139, 1, 98,
       65, 185, 6, 199, 45, 203, 67, 2, 202, 2, 5, 18, 0, 32, 69, 87, 39,
       125, 145, 49, 204, 95, 4, 97, 100, 154, 66, 77, 13, 191, 195, 92,
       52, 24, 212, 241, 100, 156, 131, 67, 42, 22, 167, 0, 37, 145, 98,
       198, 142, 154, 161, 232, 222, 158, 193, 47, 235, 11, 206, 158,
       101, 62, 60, 205, 155, 56, 39, 204, 117, 218, 104, 95, 215, 187,
       127, 128, 171, 51, 103, 215, 145, 93, 11, 114, 253, 238, 114, 96,
       92, 104, 105, 247, 28, 253, 51, 157, 204, 24, 37, 245, 245, 156,
       235, 80, 222, 178, 189, 220, 83, 48, 254, 211, 16, 211, 183, 221,
       224, 195, 204, 154, 233, 130, 121, 163, 72, 130, 211, 234, 213,
       49, 67, 204, 41, 238, 43, 13, 155, 50, 47, 83, 9, 51, 111, 87,
       167, 124, 187, 50, 241, 109, 118, 193, 68, 42, 74, 203, 20, 89,
       243, 153, 172, 88, 5, 240, 30, 188, 97, 144, 176, 35, 189, 88, 87,
       48, 255, 65, 6, 21, 129, 200, 158, 35, 112, 40, 124, 2, 7, 129,
       181, 217, 3, 194, 205, 137, 100, 200, 133, 10, 241, 74, 248, 8, 4,
       152, 0, 57, 27, 83, 1, 81, 185, 16, 250, 5, 68, 212, 20, 24, 134,
       69, 130, 72, 197, 152, 44, 24, 36, 241, 93, 141, 73, 16, 232, 51,
       188, 72, 70, 32, 248, 197, 202, 18, 65, 233, 218, 166, 192, 58,
       185, 46, 205, 22, 117, 236, 185, 237, 155, 189, 43, 204, 41, 44,
       56, 71, 95, 41, 110, 213, 7, 131, 119, 177, 163, 81, 49, 112, 242,
       237, 230, 115, 28, 104, 55, 221, 14, 126, 227, 137, 205, 92, 52,
       252, 95, 139, 203, 19, 220, 163, 165, 208, 87, 17, 252, 70, 0,
       144, 52, 73, 194, 58, 76, 2, 42, 131, 36, 128, 196, 161, 19, 14,
       1, 128, 64, 138, 41, 74, 11, 4, 192, 234, 79, 2, 45, 33, 70, 3,
       149, 37, 43, 32, 168, 98, 66, 0, 96, 68, 104, 167, 92, 165, 59,
       17, 194, 56, 103, 37, 88, 116, 162, 145, 43, 147, 177, 40, 34,
       177, 102, 114, 33, 179, 179, 200, 134, 34, 111, 198, 170, 82, 54,
       241, 198, 147, 82, 118, 3, 35, 70, 203, 175, 203, 15, 158, 202,
       254, 141, 2, 136, 160, 206, 67, 175, 69, 191, 25, 44, 101, 70, 40,
       64, 148, 200, 79, 28, 1, 151, 222, 44, 24, 193, 242, 28, 28, 195,
       64, 58, 19, 177, 24, 70, 48, 102, 219, 222, 28, 252, 110, 127, 61,
       131, 43, 111, 41, 202, 30, 233, 116, 189, 253, 254, 37, 97, 54,
       240, 60, 58, 219, 223, 243, 122, 209, 51, 255, 119, 240, 180, 94,
       75, 195, 228, 240, 227, 118, 74, 108, 63, 246, 30, 244, 29, 137,
       201, 86, 5, 110, 95, 135, 201, 153, 244, 33, 60, 212, 86, 10, 185,
       221, 202, 18, 185, 8, 72, 164, 196, 11, 225, 106, 141, 22, 180,
       207, 186, 239, 138, 173, 107, 140, 136, 236, 24, 205, 205, 185,
       234, 193, 3, 187, 127, 241, 147, 113, 104, 17, 231, 237, 230, 162,
       30, 104, 54, 126, 158, 126, 180, 201, 201, 118, 181, 252, 95, 165,
       105, 144, 248, 33, 236, 92, 70, 3, 188, 195, 23, 16, 118, 221,
       162, 231, 90, 160, 17, 132, 99, 162, 91, 128, 21, 98, 101, 189,
       86, 230, 47, 136, 119, 38, 218, 67, 7, 246, 1, 1, 95, 158, 231,
       144, 155, 33, 152, 119, 151, 65, 162, 154, 195, 201, 73, 217, 195,
       72, 53, 16, 116, 125, 226, 142, 163, 113, 62, 246, 143, 128, 39,
