%YAML:1.0
descriptors: !!opencv-matrix
   rows: 61
   cols: 64
   dt: u
   data: [ 237, 39, 231, 146, 219, 39, 39, 122, 228, 109, 194, 51, 243,
       234, 178, 71, 226, 213, 35, 102, 73, 135, 195, 119, 78, 218, 188,
       13, 210, 12, 48, 41, 87, 36, 84, 186, 82, 120, 1, 84, 80, 64, 24,
       15, 193, 4, 197, 79, 153, 172, 24, 5, 240, 28, 156, 73, 16, 242,
       51, 189, 88, 87, 32, 250, 86, 42, 211, 83, 216, 130, 194, 165,
       202, 171, 82, 62, 179, 198, 155, 82, 122, 131, 57, 70, 207, 173,
       203, 221, 202, 218, 190, 175, 130, 137, 35, 110, 87, 175, 69, 191,
       95, 191, 231, 86, 224, 116, 129, 78, 205, 44, 137, 147, 223, 236,
       25, 225, 245, 125, 156, 235, 64, 126, 19, 185, 88, 21, 49, 254,
       114, 48, 138, 151, 254, 150, 26, 37, 78, 227, 81, 28, 189, 134,
       19, 86, 126, 211, 88, 246, 139, 55, 207, 29, 156, 64, 254, 47, 66,
       189, 181, 238, 71, 173, 7, 63, 222, 249, 229, 86, 16, 72, 193, 44,
       215, 140, 129, 59, 159, 236, 153, 131, 117, 57, 156, 251, 64, 127,
       187, 217, 248, 19, 120, 246, 60, 43, 255, 252, 50, 127, 241, 255,
       253, 252, 222, 181, 93, 190, 187, 238, 251, 220, 227, 107, 245,
       37, 198, 183, 93, 235, 180, 141, 123, 206, 50, 235, 215, 36, 85,
       186, 87, 122, 233, 124, 120, 93, 56, 46, 213, 183, 247, 111, 153,
       172, 25, 5, 240, 29, 156, 73, 16, 242, 51, 189, 88, 87, 32, 250,
       87, 51, 193, 144, 220, 162, 14, 122, 0, 42, 82, 49, 192, 194, 128,
       65, 98, 69, 25, 102, 203, 45, 202, 75, 14, 202, 170, 7, 18, 8, 49,
       77, 87, 39, 212, 187, 84, 120, 71, 85, 64, 96, 154, 14, 65, 12,
       193, 79, 28, 36, 24, 4, 97, 120, 156, 203, 64, 62, 51, 155, 72,
       23, 52, 246, 77, 31, 214, 116, 221, 171, 231, 114, 48, 20, 198,
       67, 194, 217, 128, 1, 98, 237, 191, 102, 231, 45, 137, 243, 2,
       122, 2, 134, 124, 68, 96, 197, 223, 35, 208, 185, 85, 88, 125, 37,
       93, 53, 154, 71, 201, 41, 247, 207, 172, 52, 9, 84, 241, 252, 139,
       129, 119, 190, 119, 135, 72, 39, 149, 218, 71, 171, 194, 122, 221,
       138, 6, 10, 104, 41, 168, 123, 162, 199, 142, 89, 235, 35, 57,
       150, 207, 45, 75, 67, 70, 223, 91, 39, 146, 14, 130, 66, 159, 167,
       85, 179, 49, 24, 239, 116, 96, 124, 56, 105, 221, 89, 247, 231,
       220, 236, 24, 68, 241, 125, 216, 235, 82, 190, 151, 183, 24, 115,
       177, 74, 122, 212, 152, 186, 38, 86, 92, 7, 67, 226, 61, 136, 22,
       134, 36, 186, 157, 146, 48, 209, 139, 240, 117, 11, 213, 199, 227,
       251, 67, 177, 245, 98, 193, 148, 151, 110, 139, 108, 226, 115, 50,
       202, 101, 105, 182, 28, 183, 111, 211, 234, 50, 71, 44, 25, 116,
       89, 145, 179, 185, 249, 61, 240, 74, 167, 76, 42, 206, 253, 234,
       219, 114, 231, 41, 177, 95, 190, 222, 246, 251, 234, 233, 153,
       123, 239, 207, 221, 202, 251, 95, 95, 159, 255, 96, 143, 191, 230,
       215, 179, 69, 171, 82, 255, 253, 118, 240, 61, 248, 63, 221, 158,
       255, 163, 157, 236, 25, 213, 241, 125, 153, 203, 82, 255, 51, 181,
       88, 115, 49, 254, 198, 42, 130, 209, 216, 146, 6, 129, 74, 35, 3,
       58, 210, 194, 147, 74, 72, 1, 56, 198, 143, 141, 75, 201, 14, 82,
       186, 47, 128, 140, 130, 6, 71, 135, 71, 171, 72, 189, 103, 86, 32,
       96, 32, 121, 221, 28, 141, 145, 93, 204, 24, 241, 23, 251, 28,
       235, 64, 124, 145, 53, 76, 113, 113, 110, 197, 35, 97, 113, 220,
       162, 235, 88, 224, 59, 224, 99, 226, 65, 128, 1, 66, 109, 143, 70,
       234, 44, 40, 90, 6, 154, 35, 167, 210, 4, 33, 30, 114, 163, 28,
       187, 48, 180, 119, 148, 205, 96, 154, 203, 73, 73, 217, 147, 8,
       53, 16, 96, 65, 250, 140, 41, 149, 184, 135, 143, 76, 54, 177, 49,
       9, 15, 100, 96, 201, 248, 166, 89, 57, 80, 142, 101, 168, 117,
       233, 165, 195, 169, 141, 146, 245, 42, 25, 242, 81, 126, 1, 164,
       172, 70, 11, 212, 158, 99, 67, 48, 113, 146, 253, 44, 109, 53, 26,
       183, 69, 227, 126, 99, 168, 85, 141, 108, 243, 5, 203, 9, 55, 196,
       199, 165, 66, 107, 165, 88, 204, 13, 130, 244, 67, 75, 126, 67, 9,
       224, 139, 183, 146, 230, 174, 110, 171, 25, 57, 71, 7, 173, 195,
       83, 87, 94, 146, 13, 66, 174, 62, 69, 199, 55, 117, 187, 2, 126,
       255, 84, 112, 125, 188, 107, 239, 29, 231, 239, 221, 164, 56, 213,
       243, 127, 188, 202, 81, 255, 113, 191, 25, 101, 145, 234, 7, 197,
       104, 168, 221, 234, 15, 72, 37, 66, 169, 168, 32, 76, 236, 109,
       137, 117, 37, 84, 194, 34, 16, 98, 68, 213, 9, 37, 19, 14, 35, 81,
       210, 4, 223, 139, 2, 112, 237, 52, 34, 250, 56, 41, 85, 92, 244,
       110, 16, 172, 16, 4, 233, 21, 204, 9, 16, 162, 51, 189, 24, 87,
       32, 50, 192, 3, 17, 162, 17, 2, 162, 74, 98, 203, 32, 64, 34, 3,
       128, 19, 98, 69, 133, 111, 128, 33, 228, 98, 4, 130, 168, 15, 18,
       8, 33, 89, 112, 5, 52, 187, 48, 120, 5, 212, 194, 66, 24, 0, 130,
       12, 64, 78, 25, 44, 48, 5, 112, 24, 172, 74, 16, 122, 51, 156, 72,
       22, 50, 185, 210, 81, 16, 118, 237, 162, 126, 0, 66, 43, 113, 202,
       162, 194, 4, 27, 118, 195, 52, 215, 10, 172, 33, 90, 134, 138,
       227, 239, 210, 33, 165, 52, 114, 181, 60, 95, 75, 109, 226, 199,
       67, 202, 177, 75, 234, 29, 139, 31, 201, 194, 80, 71, 108, 162,
       52, 233, 145, 179, 49, 159, 52, 118, 147, 161, 206, 77, 128, 244,
       129, 232, 120, 67, 25, 73, 195, 111, 146, 196, 228, 62, 137, 25,
       37, 215, 111, 172, 161, 83, 71, 222, 211, 229, 82, 38, 174, 128,
       2, 179, 117, 171, 35, 111, 218, 149, 73, 188, 149, 105, 235, 21,
       175, 62, 73, 230, 80, 212, 201, 86, 120, 40, 19, 147, 119, 179, 8,
       51, 147, 10, 137, 17, 148, 116, 249, 162, 120, 90, 48, 25, 192,
       97, 166, 73, 128, 17, 102, 175, 135, 82, 230, 47, 32, 115, 2, 42,
       226, 222, 216, 4, 225, 228, 223, 50, 16, 188, 17, 32, 80, 229, 89,
       42, 154, 198, 232, 113, 131, 79, 56, 166, 24, 65, 240, 28, 156,
       73, 19, 179, 119, 135, 56, 119, 167, 73, 215, 173, 202, 127, 255,
       210, 210, 132, 58, 97, 21, 254, 190, 251, 143, 88, 104, 147, 56,
       150, 207, 237, 203, 97, 34, 194, 218, 127, 247, 41, 194, 39, 151,
       247, 21, 195, 123, 221, 255, 126, 50, 59, 201, 80, 221, 152, 251,
       179, 223, 206, 137, 253, 181, 227, 216, 235, 123, 223, 248, 63,
       152, 113, 151, 207, 69, 2, 5, 16, 136, 0, 32, 240, 0, 58, 2, 3,
       192, 129, 129, 3, 0, 72, 129, 32, 72, 128, 8, 128, 72, 24, 156,
       128, 128, 4, 33, 80, 88, 16, 85, 168, 16, 40, 1, 64, 164, 0, 24,
       6, 64, 160, 192, 73, 24, 44, 24, 0, 16, 24, 12, 8, 4, 96, 19, 148,
       72, 70, 96, 48, 130, 1, 10, 150, 79, 2, 216, 130, 2, 1, 23, 70,
       58, 194, 34, 48, 36, 18, 4, 215, 3, 164, 165, 66, 2, 2, 144, 10,
       146, 42, 134, 112, 50, 36, 16, 218, 74, 64, 194, 210, 208, 81, 12,
       10, 192, 28, 193, 76, 17, 174, 16, 5, 112, 24, 144, 75, 16, 51,
       48, 56, 8, 16, 32, 201, 204, 43, 206, 209, 250, 187, 114, 242, 60,
       243, 198, 238, 211, 210, 254, 75, 16, 185, 249, 207, 255, 213, 90,
       217, 3, 114, 154, 230, 68, 199, 182, 163, 223, 19, 215, 107, 91,
       255, 255, 122, 248, 189, 240, 117, 249, 237, 127, 179, 223, 205,
       168, 247, 213, 253, 218, 178, 119, 221, 247, 191, 217, 177, 221,
       219, 191, 244, 125, 238, 191, 189, 223, 25, 255, 95, 245, 250,
       189, 123, 244, 85, 246, 247, 38, 115, 245, 118, 147, 118, 253,
       254, 245, 127, 126, 59, 245, 235, 215, 108, 214, 190, 218, 121,
       233, 117, 112, 222, 57, 47, 213, 20, 245, 111, 153, 172, 24, 5,
       240, 29, 156, 73, 16, 242, 51, 189, 88, 87, 40, 250, 17, 50, 82,
       47, 200, 192, 164, 196, 123, 184, 42, 9, 196, 35, 203, 144, 255,
       194, 161, 32, 201, 0, 15, 152, 202, 93, 121, 235, 139, 77, 227,
       118, 117, 129, 125, 52, 53, 148, 45, 102, 101, 68, 106, 39, 109,
       148, 222, 209, 168, 204, 108, 55, 180, 14, 9, 233, 134, 249, 135,
       164, 220, 67, 97, 36, 115, 190, 212, 67, 216, 218, 134, 69, 107,
       121, 10, 125, 172, 119, 139, 208, 239, 131, 185, 34, 205, 37, 203,
       125, 223, 223, 120, 47, 14, 13, 163, 103, 87, 231, 93, 59, 116,
