%YAML:1.0
descriptors: !!opencv-matrix
   rows: 3
   cols: 64
   dt: u
   data: [ 191, 245, 125, 255, 191, 189, 223, 25, 255, 255, 253, 250,
       191, 122, 244, 93, 246, 247, 118, 251, 247, 126, 211, 126, 253,
       255, 243, 127, 127, 123, 247, 235, 215, 108, 150, 254, 218, 121,
       249, 125, 122, 223, 127, 109, 213, 21, 245, 111, 153, 175, 24, 5,
       248, 29, 158, 89, 16, 242, 115, 191, 123, 223, 40, 251, 126, 48,
       241, 181, 223, 166, 43, 93, 198, 111, 209, 51, 237, 202, 147, 87,
       250, 213, 3, 100, 201, 163, 194, 60, 76, 200, 188, 47, 82, 12,
       113, 111, 87, 37, 85, 187, 82, 120, 33, 118, 112, 72, 24, 14, 209,
       28, 193, 79, 153, 172, 24, 5, 240, 28, 156, 73, 16, 242, 51, 189,
       88, 86, 32, 250, 124, 47, 255, 253, 50, 127, 241, 255, 253, 252,
       222, 181, 95, 254, 251, 238, 251, 220, 251, 111, 125, 189, 214,
       183, 95, 235, 180, 149, 121, 223, 126, 251, 239, 36, 117, 250,
       215, 122, 233, 124, 248, 93, 122, 62, 221, 167, 227, 110, 157,
       172, 223, 13, 242, 29, 157, 73, 16, 242, 123, 189, 91, 6, 40, 250 ]
