%YAML:1.0
descriptors: !!opencv-matrix
   rows: 2
   cols: 64
   dt: u
   data: [ 5, 33, 113, 148, 16, 128, 33, 74, 198, 68, 128, 53, 65, 75,
       144, 82, 226, 212, 1, 98, 195, 44, 192, 115, 76, 138, 160, 9, 82,
       8, 48, 105, 82, 38, 20, 186, 82, 120, 1, 84, 80, 64, 24, 14, 192,
       20, 193, 78, 153, 36, 24, 4, 112, 28, 156, 73, 16, 242, 51, 189,
       88, 86, 32, 250, 60, 191, 255, 252, 50, 119, 249, 255, 213, 252,
       222, 181, 125, 254, 187, 238, 251, 220, 227, 107, 245, 61, 213,
       183, 221, 107, 180, 147, 121, 215, 119, 235, 239, 36, 117, 190,
       215, 122, 249, 116, 120, 93, 187, 46, 212, 181, 247, 111, 187,
       172, 153, 13, 240, 29, 156, 73, 20, 242, 123, 253, 91, 87, 40,
       250 ]
