%YAML:1.0
descriptors: !!opencv-matrix
   rows: 19
   cols: 64
   dt: u
   data: [ 60, 183, 125, 246, 62, 189, 249, 121, 247, 220, 215, 117, 253,
       122, 185, 84, 242, 222, 67, 99, 245, 114, 209, 247, 221, 186, 228,
       219, 122, 220, 245, 235, 199, 44, 71, 190, 223, 122, 233, 125,
       248, 93, 49, 47, 212, 53, 243, 111, 155, 172, 153, 13, 242, 29,
       157, 89, 48, 242, 115, 189, 122, 87, 40, 250, 195, 141, 130, 87,
       201, 130, 198, 134, 34, 1, 4, 203, 162, 196, 38, 9, 47, 35, 60,
       151, 78, 173, 107, 67, 66, 87, 91, 38, 146, 0, 130, 6, 159, 167,
       16, 17, 48, 13, 110, 34, 97, 56, 40, 99, 157, 88, 189, 163, 85,
       202, 24, 117, 149, 98, 88, 227, 83, 61, 180, 55, 16, 113, 145, 74,
       150, 49, 155, 212, 54, 3, 88, 226, 66, 129, 23, 82, 87, 192, 144,
       82, 118, 214, 36, 79, 7, 172, 225, 195, 141, 146, 243, 89, 2, 44,
       212, 56, 82, 54, 52, 254, 74, 124, 210, 213, 208, 200, 181, 111,
       170, 4, 193, 110, 131, 166, 17, 199, 120, 26, 60, 73, 1, 115, 49,
       123, 121, 52, 161, 186, 195, 138, 138, 225, 253, 176, 187, 216,
       156, 191, 210, 79, 139, 89, 66, 5, 8, 93, 189, 43, 236, 71, 170,
       120, 47, 218, 25, 38, 222, 67, 51, 95, 87, 225, 216, 73, 118, 255,
       236, 35, 209, 116, 106, 28, 209, 8, 248, 49, 30, 221, 24, 37, 213,
       229, 156, 170, 81, 204, 182, 175, 196, 159, 20, 254, 67, 206, 132,
       139, 207, 155, 6, 8, 41, 97, 4, 10, 158, 249, 46, 13, 140, 125,
       57, 36, 200, 85, 154, 105, 66, 208, 25, 54, 184, 65, 27, 71, 151,
       243, 209, 33, 97, 193, 60, 34, 164, 191, 78, 1, 93, 156, 253, 145,
       84, 192, 24, 52, 135, 237, 159, 171, 89, 140, 186, 189, 192, 77,
       22, 217, 69, 6, 128, 41, 137, 160, 39, 76, 33, 234, 0, 8, 128, 9,
       1, 3, 137, 109, 161, 64, 200, 1, 90, 41, 68, 201, 8, 38, 16, 1,
       33, 71, 85, 146, 217, 41, 49, 232, 37, 2, 36, 32, 42, 169, 87, 17,
       85, 179, 24, 72, 56, 36, 133, 216, 60, 40, 153, 138, 131, 181,
       128, 71, 16, 102, 82, 49, 153, 150, 18, 3, 88, 38, 66, 162, 209,
       48, 116, 194, 144, 82, 118, 146, 2, 211, 131, 168, 193, 7, 140,
       130, 226, 73, 66, 172, 244, 104, 99, 44, 4, 190, 10, 104, 195,
       213, 144, 202, 149, 74, 226, 20, 129, 78, 155, 174, 24, 71, 96,
       24, 20, 65, 16, 51, 59, 249, 56, 54, 162, 225, 214, 65, 253, 152,
       34, 23, 93, 99, 167, 198, 61, 146, 31, 168, 52, 94, 213, 210, 100,
       111, 22, 244, 192, 35, 221, 183, 167, 88, 33, 184, 212, 41, 210,
       20, 130, 206, 194, 104, 210, 216, 50, 139, 181, 45, 182, 28, 101,
       46, 147, 168, 179, 141, 56, 25, 180, 95, 25, 114, 121, 121, 89,
       208, 74, 251, 195, 9, 130, 87, 199, 66, 90, 134, 2, 161, 61, 206,
       162, 196, 6, 59, 45, 3, 52, 151, 14, 175, 99, 3, 2, 87, 211, 110,
       131, 34, 130, 32, 143, 63, 33, 113, 10, 13, 238, 67, 96, 168, 164,
       105, 159, 92, 189, 190, 85, 194, 90, 215, 149, 106, 112, 226, 83,
       59, 48, 51, 52, 113, 145, 74, 78, 170, 203, 169, 221, 242, 162,
       222, 56, 251, 194, 189, 195, 131, 171, 235, 9, 93, 185, 40, 200,
       85, 78, 57, 7, 201, 24, 167, 93, 65, 51, 95, 117, 131, 221, 33,
       117, 247, 45, 54, 228, 36, 106, 60, 87, 135, 80, 241, 94, 124, 60,
       180, 215, 245, 237, 168, 212, 204, 167, 172, 204, 87, 114, 183,
       205, 22, 100, 33, 221, 162, 163, 252, 56, 57, 194, 99, 232, 25,
       131, 5, 234, 109, 139, 240, 249, 131, 139, 124, 68, 104, 24, 166,
       216, 5, 35, 199, 93, 41, 84, 177, 119, 176, 45, 116, 93, 68, 26,
       142, 65, 97, 90, 209, 56, 108, 24, 4, 241, 190, 140, 73, 22, 176,
       167, 156, 202, 87, 36, 120, 0, 2, 0, 130, 136, 152, 130, 0, 34,
       64, 2, 68, 16, 55, 233, 33, 194, 2, 1, 96, 192, 32, 8, 64, 64,
       128, 0, 8, 0, 8, 25, 83, 117, 4, 81, 154, 17, 82, 9, 4, 164, 20,
       24, 6, 68, 6, 208, 77, 153, 44, 24, 4, 178, 13, 141, 73, 16, 98,
       18, 164, 72, 87, 32, 120, 22, 49, 49, 32, 20, 34, 35, 79, 192, 0,
       209, 52, 97, 2, 129, 18, 98, 76, 3, 68, 64, 33, 192, 23, 140, 136,
       168, 141, 82, 8, 32, 168, 68, 36, 20, 186, 0, 56, 1, 84, 8, 64,
       16, 138, 192, 1, 128, 78, 24, 44, 24, 1, 112, 24, 28, 65, 0, 178,
       51, 152, 8, 22, 32, 248, 5, 34, 21, 130, 0, 128, 32, 64, 98, 76,
       2, 1, 0, 35, 128, 0, 98, 194, 129, 32, 192, 32, 64, 195, 8, 136,
       160, 8, 0, 8, 1, 73, 86, 4, 84, 186, 16, 120, 1, 68, 68, 64, 24,
       6, 64, 0, 192, 79, 24, 44, 24, 0, 112, 24, 156, 73, 0, 114, 19,
       148, 72, 86, 32, 248, 3, 1, 128, 50, 1, 0, 4, 6, 2, 2, 1, 0, 0,
       131, 2, 19, 68, 2, 0, 64, 10, 128, 64, 3, 70, 128, 128, 9, 130,
       40, 0, 1, 16, 36, 16, 170, 33, 0, 1, 64, 0, 0, 24, 72, 64, 16,
       192, 204, 81, 36, 16, 4, 32, 24, 52, 9, 16, 34, 1, 20, 8, 68, 32,
       96, 64, 0, 0, 128, 193, 130, 130, 66, 2, 2, 2, 4, 0, 4, 1, 1, 70,
       65, 1, 4, 0, 1, 140, 65, 6, 144, 8, 12, 144, 0, 0, 17, 112, 7, 89,
       9, 0, 100, 5, 2, 1, 64, 8, 10, 1, 12, 64, 148, 1, 0, 80, 52, 1,
       64, 132, 138, 144, 8, 32, 36, 64, 4, 16, 160, 3, 1, 16, 22, 9,
       128, 10, 0, 2, 32, 3, 0, 160, 66, 128, 19, 102, 3, 0, 128, 131,
       40, 67, 75, 0, 130, 226, 77, 2, 40, 129, 68, 23, 164, 116, 154, 0,
       72, 2, 70, 0, 64, 8, 72, 160, 20, 129, 79, 16, 36, 24, 5, 36, 24,
       60, 75, 16, 51, 18, 177, 8, 103, 32, 98, 68, 35, 144, 48, 200, 2,
       34, 70, 0, 0, 2, 6, 192, 195, 131, 16, 98, 9, 1, 68, 75, 133, 10,
       3, 78, 136, 8, 13, 130, 12, 32, 0, 18, 6, 84, 154, 0, 48, 5, 68,
       0, 64, 24, 0, 65, 12, 67, 132, 89, 44, 16, 20, 112, 24, 4, 73, 0,
       120, 1, 148, 72, 70, 48, 104, 193, 2, 0, 35, 201, 128, 162, 128,
       8, 41, 2, 71, 128, 64, 3, 1, 70, 11, 141, 0, 200, 5, 10, 72, 2,
       88, 24, 38, 132, 2, 35, 23, 23, 163, 88, 17, 49, 200, 44, 2, 65,
       0, 8, 2, 73, 12, 218, 145, 8, 68, 24, 52, 213, 194, 136, 171, 3,
       72, 150, 4, 4, 7, 16, 32 ]
