%YAML:1.0
descriptors: !!opencv-matrix
   rows: 21
   cols: 64
   dt: u
   data: [ 39, 52, 80, 34, 29, 160, 5, 24, 230, 0, 128, 113, 44, 11, 132,
       85, 98, 230, 5, 112, 193, 34, 145, 102, 68, 152, 224, 9, 18, 8,
       97, 105, 148, 36, 84, 186, 66, 56, 1, 116, 68, 66, 24, 139, 208,
       80, 244, 79, 152, 164, 24, 0, 112, 24, 156, 73, 24, 178, 51, 188,
       88, 87, 36, 248, 7, 32, 65, 130, 153, 128, 3, 72, 230, 68, 0, 115,
       169, 43, 128, 81, 226, 212, 1, 96, 193, 0, 128, 96, 76, 136, 40,
       9, 210, 8, 49, 41, 116, 36, 20, 186, 66, 112, 1, 212, 81, 64, 24,
       10, 64, 20, 192, 69, 25, 36, 24, 4, 112, 24, 140, 73, 16, 242, 51,
       156, 88, 86, 32, 248, 60, 49, 117, 182, 23, 39, 55, 127, 196, 68,
       213, 53, 125, 78, 144, 84, 242, 212, 67, 96, 241, 34, 193, 119,
       76, 168, 164, 141, 82, 28, 113, 233, 215, 36, 85, 190, 82, 120,
       193, 116, 120, 92, 24, 15, 212, 53, 229, 79, 153, 172, 24, 5, 240,
       29, 156, 73, 16, 242, 51, 189, 88, 87, 32, 250, 63, 53, 117, 182,
       55, 167, 63, 126, 230, 68, 209, 48, 125, 46, 176, 87, 242, 212, 3,
       96, 225, 34, 193, 119, 76, 168, 164, 13, 82, 12, 113, 105, 215,
       36, 85, 190, 82, 120, 129, 116, 112, 92, 56, 47, 212, 20, 245, 79,
       153, 172, 24, 5, 240, 29, 156, 73, 16, 242, 51, 189, 88, 87, 32,
       250, 60, 49, 117, 134, 23, 135, 31, 120, 230, 68, 149, 52, 125,
       47, 176, 84, 242, 212, 67, 96, 193, 34, 193, 119, 76, 136, 164,
       13, 82, 140, 113, 105, 215, 36, 87, 186, 82, 120, 137, 116, 112,
       92, 24, 15, 212, 20, 245, 79, 153, 172, 24, 5, 240, 29, 156, 73,
       16, 242, 51, 189, 88, 87, 32, 250, 63, 53, 125, 130, 23, 135, 31,
       120, 230, 70, 151, 48, 125, 46, 176, 86, 242, 212, 3, 96, 209, 34,
       193, 119, 204, 168, 228, 13, 82, 28, 113, 105, 215, 36, 84, 190,
       82, 120, 129, 84, 112, 88, 24, 47, 212, 20, 229, 79, 153, 172, 24,
       5, 240, 29, 156, 73, 16, 242, 51, 189, 88, 87, 32, 250, 54, 32,
       117, 134, 19, 135, 15, 72, 230, 68, 129, 48, 125, 47, 176, 84,
       242, 212, 3, 96, 193, 34, 193, 102, 92, 152, 164, 13, 82, 140, 49,
       105, 215, 36, 87, 186, 66, 120, 129, 92, 112, 88, 24, 15, 212, 20,
       229, 79, 153, 172, 24, 5, 240, 28, 156, 73, 16, 242, 51, 189, 88,
       87, 32, 250, 54, 48, 113, 130, 94, 134, 15, 73, 198, 102, 17, 48,
       113, 14, 176, 84, 226, 213, 3, 96, 193, 34, 129, 100, 76, 136,
       172, 13, 82, 8, 49, 105, 213, 36, 84, 186, 66, 120, 1, 84, 112,
       72, 24, 15, 212, 20, 228, 79, 153, 172, 24, 5, 240, 29, 156, 73,
       16, 242, 51, 188, 88, 86, 32, 248, 61, 53, 117, 162, 21, 37, 33,
       126, 228, 68, 195, 52, 109, 47, 153, 71, 226, 212, 3, 100, 65, 34,
       192, 54, 76, 136, 160, 9, 82, 8, 48, 41, 212, 36, 85, 186, 82,
       120, 129, 84, 112, 84, 24, 14, 212, 20, 228, 76, 153, 172, 24, 5,
       240, 29, 156, 73, 16, 242, 51, 188, 88, 86, 32, 248, 60, 51, 117,
       176, 21, 37, 33, 127, 228, 196, 208, 52, 109, 47, 145, 87, 234,
       212, 3, 96, 65, 32, 192, 55, 76, 136, 160, 9, 82, 12, 48, 105,
       214, 36, 85, 186, 82, 120, 1, 116, 112, 88, 56, 46, 212, 20, 225,
       110, 153, 172, 24, 5, 240, 29, 156, 73, 16, 242, 51, 189, 88, 86,
       32, 250, 54, 49, 117, 134, 19, 5, 5, 75, 230, 68, 129, 52, 125,
       47, 176, 85, 242, 212, 67, 96, 193, 34, 193, 119, 76, 136, 164, 9,
       82, 140, 113, 105, 214, 36, 87, 186, 82, 120, 129, 84, 112, 88,
       24, 15, 212, 20, 229, 79, 153, 172, 24, 5, 240, 29, 156, 73, 16,
       242, 51, 189, 88, 87, 32, 250, 55, 52, 81, 130, 23, 4, 5, 74, 198,
       68, 17, 48, 61, 46, 180, 84, 226, 212, 0, 96, 193, 34, 129, 102,
       76, 128, 164, 9, 18, 8, 17, 105, 212, 36, 85, 186, 66, 120, 129,
       84, 112, 88, 24, 15, 212, 20, 228, 78, 153, 172, 24, 5, 240, 29,
       156, 73, 16, 242, 51, 188, 88, 87, 32, 248, 22, 50, 81, 130, 153,
       128, 1, 72, 194, 2, 1, 112, 33, 2, 128, 81, 226, 212, 1, 64, 193,
       32, 129, 68, 76, 152, 160, 9, 18, 8, 49, 105, 212, 36, 84, 186,
       66, 112, 1, 84, 240, 80, 16, 15, 208, 20, 240, 77, 153, 172, 24,
       5, 112, 29, 156, 73, 16, 242, 51, 188, 88, 87, 32, 249, 63, 50,
       125, 162, 55, 180, 31, 88, 230, 126, 211, 50, 237, 11, 177, 87,
       242, 213, 3, 112, 225, 34, 195, 118, 204, 152, 228, 13, 82, 28,
       113, 233, 215, 44, 85, 190, 82, 120, 169, 116, 112, 92, 56, 47,
       212, 20, 245, 111, 153, 172, 24, 5, 240, 29, 156, 73, 16, 242, 51,
       189, 88, 87, 32, 250, 6, 34, 65, 160, 152, 128, 38, 73, 32, 0,
       130, 52, 192, 7, 129, 1, 226, 68, 1, 96, 193, 0, 128, 112, 76,
       152, 40, 9, 146, 12, 33, 8, 84, 36, 85, 186, 64, 48, 1, 84, 0, 80,
       24, 142, 68, 16, 192, 76, 153, 44, 24, 0, 112, 29, 140, 73, 16,
       242, 51, 188, 88, 87, 32, 248, 62, 50, 117, 166, 63, 181, 159,
       121, 230, 94, 211, 117, 253, 127, 176, 85, 250, 213, 3, 96, 225,
       34, 195, 118, 204, 154, 228, 15, 82, 28, 113, 235, 215, 36, 85,
       190, 82, 120, 233, 116, 112, 92, 56, 47, 213, 20, 245, 111, 153,
       172, 24, 5, 240, 29, 156, 73, 16, 242, 51, 189, 88, 87, 32, 250,
       63, 50, 125, 162, 63, 180, 47, 88, 230, 254, 210, 50, 237, 63,
       177, 87, 242, 245, 3, 96, 225, 35, 195, 118, 204, 184, 228, 13,
       82, 12, 113, 235, 215, 36, 85, 190, 82, 120, 233, 116, 112, 92,
       56, 47, 213, 16, 245, 111, 153, 172, 24, 5, 240, 29, 156, 73, 16,
       242, 51, 189, 88, 87, 32, 250, 60, 51, 245, 178, 55, 55, 41, 127,
       228, 126, 208, 52, 125, 111, 178, 86, 250, 212, 67, 96, 225, 34,
       193, 119, 76, 152, 180, 9, 82, 140, 113, 233, 215, 36, 87, 186,
       82, 120, 193, 116, 120, 92, 24, 15, 213, 20, 229, 111, 153, 172,
       24, 5, 240, 29, 156, 73, 16, 242, 51, 189, 88, 87, 32, 250, 62,
       52, 125, 166, 63, 165, 31, 121, 246, 102, 215, 54, 253, 47, 177,
       85, 242, 213, 67, 96, 241, 35, 195, 118, 76, 168, 164, 15, 82, 28,
       113, 235, 215, 36, 85, 186, 82, 120, 233, 116, 112, 92, 24, 46,
       213, 20, 229, 111, 153, 172, 24, 5, 240, 29, 156, 73, 16, 242, 51,
       189, 88, 87, 32, 250, 63, 52, 125, 178, 31, 183, 11, 92, 230, 110,
       209, 52, 253, 46, 177, 87, 250, 245, 3, 96, 225, 35, 211, 118,
       204, 184, 228, 13, 82, 28, 113, 105, 215, 36, 85, 190, 82, 120,
       193, 124, 112, 92, 24, 47, 213, 20, 229, 111, 153, 172, 24, 5,
       240, 29, 156, 73, 16, 242, 51, 189, 88, 87, 32, 250, 63, 51, 125,
       182, 55, 53, 61, 92, 246, 254, 210, 49, 109, 63, 177, 87, 246,
       246, 3, 96, 225, 34, 193, 118, 204, 168, 228, 73, 82, 12, 241,
       233, 215, 36, 85, 190, 82, 120, 233, 116, 120, 92, 56, 47, 212,
       20, 245, 111, 153, 172, 24, 5, 240, 29, 156, 73, 16, 242, 51, 189,
       88, 87, 32, 250 ]
