%YAML:1.0
descriptors: !!opencv-matrix
   rows: 39
   cols: 64
   dt: u
   data: [ 70, 32, 65, 130, 209, 0, 3, 73, 194, 2, 147, 50, 97, 2, 128,
       80, 226, 212, 5, 68, 9, 128, 128, 32, 14, 136, 168, 9, 146, 8, 48,
       40, 112, 36, 84, 154, 66, 112, 1, 214, 144, 64, 24, 10, 64, 12,
       192, 4, 153, 36, 16, 4, 96, 24, 132, 73, 16, 112, 33, 188, 72, 22,
       32, 248, 0, 7, 128, 16, 1, 6, 4, 7, 38, 66, 1, 0, 0, 141, 0, 7, 4,
       32, 64, 212, 80, 38, 81, 131, 80, 32, 132, 12, 0, 148, 0, 0, 74,
       44, 67, 168, 0, 8, 0, 72, 36, 0, 16, 139, 68, 112, 165, 78, 16,
       168, 24, 0, 48, 24, 24, 1, 9, 34, 19, 176, 8, 82, 0, 104, 2, 0, 0,
       2, 9, 128, 0, 6, 2, 34, 1, 0, 32, 2, 1, 1, 74, 2, 0, 128, 192, 32,
       65, 67, 64, 128, 128, 9, 2, 8, 1, 64, 151, 36, 65, 186, 16, 8, 33,
       64, 32, 64, 0, 9, 16, 84, 145, 79, 17, 172, 24, 1, 176, 24, 28,
       65, 16, 114, 50, 181, 24, 87, 32, 235, 0, 6, 128, 136, 0, 64, 32,
       71, 0, 64, 10, 4, 16, 164, 43, 162, 9, 8, 129, 0, 64, 128, 76,
       128, 80, 1, 0, 0, 1, 130, 10, 0, 92, 18, 65, 32, 17, 192, 8, 0,
       36, 52, 28, 34, 4, 148, 102, 224, 16, 8, 108, 52, 147, 9, 0, 8,
       135, 64, 11, 160, 0, 66, 64, 98, 4, 1, 131, 8, 0, 66, 36, 70, 0,
       130, 41, 132, 64, 132, 15, 42, 9, 8, 33, 68, 2, 132, 68, 131, 66,
       1, 8, 128, 1, 4, 0, 0, 156, 20, 65, 138, 0, 0, 5, 0, 34, 32, 48,
       33, 20, 92, 38, 236, 81, 40, 32, 20, 17, 88, 96, 0, 16, 64, 0, 36,
       0, 64, 66, 66, 69, 193, 138, 25, 0, 66, 4, 198, 0, 130, 41, 140,
       66, 196, 7, 170, 9, 8, 33, 71, 14, 160, 100, 131, 69, 71, 130, 0,
       1, 14, 2, 16, 242, 6, 65, 170, 0, 40, 67, 32, 50, 58, 48, 38, 20,
       92, 37, 170, 25, 40, 48, 5, 17, 25, 132, 0, 17, 224, 33, 181, 72,
       80, 3, 235, 1, 129, 12, 128, 4, 16, 128, 54, 52, 148, 20, 196, 8,
       57, 16, 3, 12, 88, 0, 169, 192, 96, 192, 98, 105, 48, 0, 0, 56, 0,
       17, 65, 148, 16, 145, 32, 83, 72, 8, 32, 112, 53, 58, 37, 144, 16,
       112, 106, 27, 168, 25, 5, 208, 9, 152, 8, 51, 66, 50, 188, 64,
       211, 4, 250, 69, 39, 65, 16, 17, 2, 33, 78, 0, 70, 3, 52, 0, 143,
       131, 67, 226, 212, 1, 100, 9, 128, 192, 48, 76, 136, 168, 9, 82,
       8, 48, 9, 112, 36, 84, 186, 66, 112, 1, 84, 16, 64, 24, 14, 64,
       20, 192, 76, 153, 44, 16, 4, 112, 28, 148, 73, 16, 242, 33, 188,
       88, 86, 32, 240, 197, 5, 0, 2, 209, 2, 6, 74, 32, 0, 1, 34, 0,
       195, 128, 1, 66, 20, 5, 68, 10, 128, 160, 32, 70, 128, 8, 9, 146,
       8, 0, 9, 112, 39, 20, 154, 0, 112, 5, 212, 0, 66, 24, 2, 64, 28,
       64, 132, 1, 36, 80, 4, 1, 26, 132, 11, 16, 96, 33, 60, 72, 86, 32,
       249, 5, 6, 4, 0, 8, 0, 32, 116, 32, 92, 2, 1, 0, 33, 129, 1, 0,
       72, 129, 32, 192, 32, 8, 194, 72, 8, 0, 128, 8, 4, 33, 65, 84, 16,
       80, 32, 17, 224, 0, 0, 196, 36, 26, 6, 96, 0, 66, 74, 24, 32, 56,
       4, 208, 24, 8, 8, 7, 66, 3, 132, 64, 70, 33, 224, 5, 1, 136, 24,
       1, 2, 36, 6, 0, 130, 1, 128, 0, 128, 4, 3, 8, 40, 0, 213, 2, 132,
       64, 3, 64, 0, 128, 0, 0, 36, 0, 0, 152, 16, 144, 136, 1, 8, 0, 0,
       32, 34, 56, 33, 50, 81, 3, 110, 17, 170, 32, 4, 0, 25, 112, 0, 17,
       3, 17, 180, 0, 114, 64, 75, 2, 2, 17, 131, 136, 128, 130, 140, 66,
       2, 2, 4, 128, 3, 129, 49, 66, 70, 1, 0, 200, 0, 142, 8, 8, 128,
       40, 9, 146, 8, 1, 26, 112, 132, 92, 154, 0, 194, 5, 134, 129, 64,
       8, 8, 0, 134, 72, 20, 0, 12, 80, 36, 52, 0, 133, 107, 128, 96, 0,
       12, 68, 70, 34, 177, 68, 10, 199, 136, 192, 90, 6, 199, 32, 66,
       10, 6, 80, 181, 251, 161, 131, 81, 153, 36, 64, 129, 12, 32, 78,
       192, 24, 5, 132, 12, 26, 1, 112, 7, 93, 139, 0, 118, 5, 4, 166,
       48, 24, 22, 77, 142, 64, 128, 5, 37, 84, 52, 3, 91, 135, 10, 144,
       76, 32, 44, 76, 68, 50, 176, 2, 197, 8, 154, 7, 89, 28, 7, 39, 66,
       45, 136, 24, 172, 108, 175, 137, 48, 32, 181, 2, 210, 240, 35, 85,
       133, 129, 8, 19, 184, 20, 1, 144, 36, 19, 138, 66, 72, 130, 224,
       50, 251, 60, 41, 150, 22, 116, 108, 17, 168, 18, 4, 10, 25, 245,
       8, 152, 226, 56, 60, 89, 80, 10, 243, 0, 14, 5, 136, 0, 92, 132,
       97, 41, 68, 42, 4, 16, 53, 89, 160, 141, 72, 1, 32, 84, 0, 16,
       192, 89, 85, 9, 0, 164, 130, 27, 1, 212, 0, 81, 8, 64, 66, 136, 8,
       36, 20, 24, 167, 68, 134, 116, 108, 145, 9, 5, 8, 144, 13, 131, 8,
       0, 64, 2, 164, 64, 67, 96, 248, 131, 196, 8, 10, 7, 0, 4, 12, 35,
       2, 45, 136, 40, 43, 36, 61, 197, 50, 4, 144, 0, 130, 49, 32, 64,
       133, 137, 8, 147, 24, 8, 32, 176, 44, 16, 154, 74, 0, 1, 224, 34,
       202, 56, 9, 144, 84, 212, 12, 17, 172, 18, 4, 40, 24, 196, 9, 16,
       240, 32, 28, 24, 86, 34, 233, 35, 197, 40, 138, 7, 20, 29, 1, 39,
       70, 61, 128, 60, 45, 52, 23, 132, 50, 0, 177, 18, 114, 81, 102,
       80, 128, 164, 24, 51, 184, 221, 97, 128, 60, 130, 138, 202, 72, 2,
       232, 2, 203, 28, 169, 144, 80, 228, 78, 17, 170, 16, 12, 32, 24,
       246, 21, 56, 51, 122, 156, 58, 210, 106, 233, 18, 2, 1, 2, 140,
       128, 4, 8, 194, 0, 17, 80, 169, 3, 0, 16, 102, 198, 0, 144, 192,
       2, 129, 68, 204, 144, 172, 9, 2, 8, 1, 40, 20, 44, 68, 158, 74,
       56, 1, 68, 0, 64, 16, 139, 192, 16, 164, 77, 145, 36, 24, 0, 32,
       24, 156, 73, 0, 114, 18, 152, 88, 87, 32, 248, 3, 198, 0, 10, 137,
       192, 130, 8, 2, 2, 40, 70, 128, 5, 69, 33, 1, 0, 4, 16, 64, 0, 0,
       64, 64, 149, 25, 32, 146, 10, 3, 16, 144, 36, 81, 138, 80, 0, 41,
       32, 32, 16, 56, 41, 84, 84, 180, 100, 17, 172, 16, 4, 144, 25,
       204, 9, 16, 96, 50, 60, 0, 87, 32, 88, 50, 1, 8, 146, 7, 21, 24,
       15, 198, 130, 23, 4, 57, 4, 49, 86, 20, 18, 64, 145, 130, 50, 193,
       7, 24, 128, 228, 8, 2, 248, 21, 232, 70, 44, 3, 190, 202, 104,
       130, 88, 48, 201, 53, 41, 150, 20, 165, 110, 147, 170, 152, 3, 50,
       25, 92, 81, 16, 115, 59, 185, 57, 146, 104, 234, 1, 7, 0, 144, 0,
       28, 32, 71, 33, 196, 2, 4, 16, 53, 57, 2, 128, 8, 129, 96, 196,
       32, 64, 99, 93, 128, 128, 0, 32, 128, 17, 65, 150, 16, 65, 168,
       16, 74, 200, 8, 228, 52, 56, 37, 84, 22, 229, 110, 25, 168, 24, 5,
       240, 29, 153, 8, 17, 98, 51, 181, 72, 87, 32, 250, 199, 207, 0,
       152, 0, 10, 4, 67, 33, 66, 41, 138, 18, 161, 100, 171, 129, 96,
       36, 37, 6, 132, 48, 34, 69, 215, 129, 32, 1, 10, 18, 1, 144, 22,
       82, 138, 0, 72, 34, 130, 38, 186, 40, 33, 150, 94, 116, 168, 81,
       160, 48, 20, 1, 89, 167, 10, 25, 64, 32, 60, 72, 84, 0, 187, 4,
       201, 138, 8, 0, 88, 208, 135, 25, 128, 45, 204, 18, 148, 111, 170,
       9, 8, 160, 139, 6, 16, 100, 3, 113, 69, 17, 0, 1, 167, 10, 82,
       164, 16, 97, 64, 51, 66, 202, 40, 50, 61, 36, 96, 54, 86, 55, 232,
       83, 200, 239, 87, 156, 5, 112, 4, 147, 193, 40, 100, 17, 113, 67,
       203, 2, 1, 8, 154, 3, 0, 28, 15, 20, 194, 5, 128, 16, 0, 36, 2, 0,
       16, 0, 209, 192, 32, 192, 98, 64, 128, 128, 0, 80, 0, 33, 65, 214,
       36, 17, 168, 82, 104, 128, 96, 112, 90, 56, 41, 212, 20, 229, 110,
       25, 168, 24, 5, 240, 29, 220, 8, 16, 226, 51, 189, 24, 86, 34,
       251, 132, 3, 3, 1, 0, 80, 164, 194, 0, 145, 10, 70, 66, 181, 194,
       32, 9, 72, 173, 45, 0, 132, 44, 192, 74, 85, 29, 32, 132, 10, 2,
       16, 80, 18, 113, 136, 0, 128, 111, 0, 101, 48, 56, 183, 13, 8,
       124, 160, 0, 9, 100, 48, 145, 90, 130, 10, 1, 72, 0, 5, 64, 85, 1,
       250, 0, 3, 0, 128, 0, 4, 0, 70, 0, 6, 0, 4, 0, 0, 17, 3, 2, 68, 1,
       96, 192, 32, 192, 3, 8, 128, 132, 0, 16, 8, 17, 73, 84, 36, 16,
       186, 16, 104, 1, 64, 0, 64, 24, 14, 64, 4, 193, 78, 25, 44, 24, 4,
       48, 24, 156, 9, 16, 98, 51, 156, 72, 86, 32, 248, 3, 146, 0, 2,
       157, 176, 130, 24, 38, 16, 128, 65, 168, 25, 0, 1, 102, 212, 5,
       16, 192, 2, 136, 112, 64, 152, 8, 2, 150, 0, 1, 71, 221, 36, 216,
       144, 82, 80, 41, 165, 69, 84, 26, 15, 64, 0, 208, 69, 24, 53, 24,
       4, 240, 136, 142, 73, 16, 50, 54, 156, 64, 87, 36, 88, 197, 205,
       138, 24, 1, 74, 4, 135, 41, 130, 45, 140, 18, 164, 111, 171, 137,
       8, 36, 15, 6, 148, 100, 3, 67, 71, 145, 32, 1, 2, 2, 16, 176, 18,
