%YAML:1.0
descriptors: !!opencv-matrix
   rows: 3
   cols: 64
   dt: u
   data: [ 39, 54, 65, 130, 157, 128, 7, 72, 230, 68, 128, 112, 173, 43,
       160, 85, 226, 244, 1, 96, 193, 34, 128, 100, 68, 136, 40, 9, 146,
       8, 33, 105, 84, 36, 84, 186, 66, 112, 1, 84, 68, 64, 24, 15, 64,
       0, 192, 77, 153, 36, 24, 4, 112, 24, 156, 73, 16, 114, 51, 156,
       88, 87, 32, 248, 61, 190, 255, 253, 62, 125, 241, 246, 253, 252,
       222, 181, 93, 125, 251, 230, 251, 252, 227, 107, 245, 123, 222,
       255, 253, 43, 132, 146, 125, 213, 127, 239, 255, 104, 247, 190,
       215, 250, 249, 125, 252, 93, 251, 182, 244, 163, 243, 107, 187,
       172, 143, 13, 242, 29, 159, 93, 54, 242, 127, 255, 251, 223, 44,
       254, 61, 46, 255, 252, 58, 127, 241, 247, 253, 252, 222, 181, 93,
       253, 251, 238, 251, 252, 227, 107, 245, 121, 220, 183, 221, 43,
       132, 146, 109, 215, 127, 255, 255, 96, 103, 186, 215, 250, 249,
       124, 252, 93, 251, 182, 212, 163, 195, 107, 187, 172, 143, 13,
       242, 29, 157, 93, 54, 242, 127, 253, 219, 215, 44, 254 ]
