%YAML:1.0
descriptors: !!opencv-matrix
   rows: 8
   cols: 64
   dt: u
   data: [ 39, 54, 80, 2, 153, 128, 1, 72, 166, 64, 0, 112, 160, 11, 128,
       85, 226, 212, 1, 96, 193, 34, 128, 100, 76, 136, 32, 9, 146, 8,
       33, 105, 84, 36, 84, 186, 66, 112, 1, 212, 80, 64, 24, 15, 64, 20,
       192, 77, 153, 36, 24, 4, 112, 28, 140, 73, 16, 242, 51, 188, 88,
       87, 32, 249, 5, 38, 97, 160, 144, 4, 33, 72, 160, 68, 130, 52, 65,
       11, 145, 65, 226, 84, 1, 96, 65, 0, 128, 112, 76, 136, 8, 9, 210,
       8, 49, 9, 80, 36, 84, 186, 64, 112, 1, 84, 16, 64, 24, 14, 64, 4,
       192, 76, 25, 44, 24, 4, 112, 28, 140, 73, 16, 242, 35, 188, 72,
       22, 32, 248, 12, 33, 225, 176, 16, 37, 41, 110, 132, 198, 195, 52,
       81, 6, 153, 66, 234, 212, 3, 98, 65, 32, 192, 51, 76, 136, 164, 9,
       82, 12, 48, 233, 214, 36, 85, 186, 82, 120, 193, 84, 112, 92, 48,
       46, 212, 20, 225, 110, 153, 172, 24, 5, 240, 29, 156, 73, 16, 242,
       51, 189, 88, 86, 32, 250, 6, 34, 81, 162, 144, 4, 1, 64, 198, 4,
       2, 20, 1, 11, 144, 81, 226, 212, 1, 100, 65, 2, 128, 116, 78, 136,
       172, 9, 210, 8, 48, 41, 80, 36, 84, 186, 82, 112, 1, 84, 208, 80,
       24, 14, 64, 20, 192, 76, 153, 44, 24, 4, 112, 29, 156, 73, 16,
       242, 51, 188, 88, 86, 32, 248, 4, 35, 161, 176, 0, 68, 32, 103, 0,
       134, 66, 20, 64, 132, 153, 34, 136, 72, 3, 96, 0, 32, 196, 147,
       12, 136, 132, 128, 64, 4, 48, 72, 80, 4, 85, 170, 16, 122, 65, 68,
       48, 48, 16, 46, 68, 132, 99, 110, 25, 44, 24, 5, 240, 29, 156, 8,
       0, 226, 19, 189, 72, 6, 32, 242, 4, 35, 231, 144, 16, 84, 32, 103,
       0, 134, 195, 20, 65, 165, 153, 66, 138, 76, 3, 108, 0, 128, 196,
       147, 12, 136, 132, 129, 64, 12, 48, 8, 112, 4, 85, 170, 80, 114,
       1, 84, 16, 64, 24, 14, 70, 132, 64, 110, 25, 44, 28, 5, 112, 28,
       148, 8, 128, 226, 35, 156, 72, 6, 32, 242, 12, 35, 225, 176, 16,
       5, 41, 111, 196, 198, 195, 52, 81, 134, 185, 66, 234, 212, 3, 98,
       129, 32, 192, 19, 12, 136, 164, 9, 82, 8, 48, 73, 82, 36, 85, 186,
       82, 120, 193, 84, 48, 80, 48, 46, 68, 20, 225, 110, 153, 172, 24,
       5, 240, 29, 156, 73, 16, 242, 51, 189, 88, 86, 32, 242, 76, 49,
       209, 176, 16, 35, 32, 87, 64, 2, 195, 48, 65, 130, 179, 67, 226,
       212, 3, 100, 65, 128, 129, 51, 14, 136, 172, 9, 210, 12, 48, 40,
       112, 36, 84, 186, 82, 112, 1, 212, 208, 64, 24, 14, 208, 20, 192,
       76, 153, 44, 24, 5, 112, 29, 156, 73, 16, 242, 51, 188, 88, 86,
       32, 249 ]
