%YAML:1.0
descriptors: !!opencv-matrix
   rows: 73
   cols: 64
   dt: u
   data: [ 66, 0, 130, 147, 201, 134, 2, 5, 6, 226, 19, 22, 144, 198, 19,
       22, 106, 87, 0, 38, 202, 167, 202, 41, 14, 192, 184, 13, 18, 8,
       17, 110, 87, 37, 85, 187, 82, 106, 71, 86, 0, 64, 0, 10, 69, 28,
       193, 7, 153, 44, 24, 5, 48, 24, 156, 75, 16, 114, 51, 185, 72, 4,
       48, 242, 115, 20, 204, 158, 207, 135, 27, 4, 38, 103, 21, 136, 29,
       168, 54, 94, 246, 247, 16, 100, 136, 35, 226, 33, 92, 128, 172,
       31, 83, 153, 93, 107, 213, 36, 20, 187, 66, 96, 33, 254, 18, 202,
       12, 10, 209, 28, 193, 15, 145, 172, 24, 5, 112, 24, 148, 75, 24,
       242, 51, 156, 88, 86, 34, 249, 199, 73, 199, 245, 209, 70, 255,
       202, 44, 231, 41, 222, 155, 239, 179, 111, 235, 85, 61, 103, 14,
       173, 230, 51, 78, 223, 187, 47, 210, 10, 50, 59, 114, 39, 117,
       219, 82, 125, 253, 86, 112, 104, 56, 126, 207, 28, 253, 182, 141,
       172, 16, 5, 209, 30, 148, 75, 16, 252, 49, 189, 92, 87, 48, 186,
       70, 7, 128, 146, 192, 130, 2, 71, 0, 98, 3, 2, 128, 195, 131, 3,
       66, 65, 1, 68, 75, 165, 194, 3, 78, 136, 136, 13, 146, 8, 32, 0,
       83, 38, 85, 187, 0, 56, 5, 68, 32, 96, 24, 138, 65, 24, 193, 135,
       25, 44, 24, 0, 113, 24, 156, 9, 16, 98, 51, 181, 72, 86, 32, 224,
       204, 9, 195, 245, 80, 70, 103, 207, 36, 229, 41, 146, 19, 237,
       179, 110, 235, 93, 57, 103, 14, 173, 230, 51, 78, 223, 179, 47,
       210, 10, 50, 75, 211, 39, 85, 187, 82, 124, 237, 116, 112, 120,
       56, 47, 221, 28, 245, 238, 153, 172, 24, 21, 241, 31, 156, 73, 16,
       248, 49, 189, 92, 87, 33, 250, 68, 7, 128, 48, 65, 2, 38, 67, 0,
       0, 0, 2, 0, 193, 129, 2, 66, 9, 1, 68, 66, 165, 64, 3, 70, 136,
       128, 13, 0, 8, 32, 64, 66, 38, 68, 186, 0, 40, 5, 68, 0, 96, 16,
       138, 65, 24, 129, 206, 25, 44, 24, 0, 113, 24, 156, 1, 16, 98, 51,
       181, 72, 86, 32, 120, 109, 38, 101, 144, 217, 223, 35, 93, 228,
       100, 130, 52, 249, 127, 185, 69, 234, 245, 3, 96, 213, 35, 218,
       127, 92, 248, 132, 15, 82, 29, 49, 79, 215, 38, 85, 186, 66, 122,
       233, 94, 52, 84, 24, 143, 85, 4, 229, 107, 153, 44, 24, 4, 240,
       29, 156, 73, 16, 242, 51, 189, 88, 87, 32, 250, 255, 63, 237, 240,
       247, 191, 39, 122, 236, 85, 222, 58, 255, 255, 190, 79, 251, 253,
       123, 118, 127, 247, 211, 247, 95, 255, 189, 173, 250, 158, 114,
       169, 223, 46, 87, 186, 90, 120, 253, 124, 124, 93, 56, 47, 213,
       61, 247, 111, 157, 172, 24, 5, 242, 29, 156, 73, 16, 246, 51, 189,
       88, 87, 32, 250, 62, 53, 253, 190, 54, 47, 125, 127, 247, 68, 213,
       176, 125, 250, 180, 86, 242, 246, 67, 113, 113, 50, 209, 183, 220,
       170, 228, 153, 114, 156, 244, 233, 206, 44, 23, 190, 219, 120,
       193, 125, 120, 223, 53, 47, 212, 53, 231, 110, 153, 172, 152, 13,
       240, 29, 156, 73, 48, 242, 51, 189, 88, 86, 40, 250, 5, 204, 109,
       136, 1, 92, 5, 15, 181, 246, 44, 128, 25, 61, 124, 175, 137, 116,
       164, 41, 144, 82, 248, 34, 121, 245, 21, 48, 57, 155, 27, 73, 144,
       192, 211, 32, 32, 200, 41, 42, 38, 191, 104, 161, 22, 208, 116,
       232, 19, 169, 182, 12, 156, 1, 230, 28, 56, 64, 42, 44, 195, 213,
       76, 250, 8, 10, 6, 139, 74, 91, 162, 183, 121, 152, 110, 5, 16,
       116, 121, 224, 207, 154, 193, 162, 244, 113, 29, 146, 81, 109, 12,
       132, 237, 198, 155, 210, 253, 2, 67, 32, 125, 66, 205, 40, 190,
       21, 94, 38, 84, 231, 102, 110, 189, 108, 205, 13, 182, 13, 201,
       89, 38, 224, 15, 180, 66, 74, 104, 64, 132, 35, 3, 149, 16, 66,
       168, 198, 0, 136, 3, 23, 64, 70, 203, 192, 42, 68, 128, 102, 6,
       168, 196, 10, 13, 152, 50, 1, 130, 10, 50, 30, 116, 39, 125, 155,
       16, 246, 203, 20, 129, 96, 24, 10, 42, 12, 201, 56, 9, 44, 112,
       53, 17, 26, 148, 72, 128, 104, 32, 45, 76, 5, 33, 178, 70, 32,
       131, 19, 8, 194, 136, 135, 194, 170, 1, 52, 34, 195, 131, 18, 10,
       0, 32, 3, 139, 5, 111, 15, 14, 131, 182, 15, 2, 169, 33, 78, 71,
       166, 5, 187, 24, 188, 99, 86, 64, 96, 32, 200, 139, 84, 129, 251,
       89, 236, 24, 83, 180, 24, 52, 74, 128, 114, 19, 145, 8, 21, 96,
       230, 33, 142, 4, 142, 35, 221, 148, 53, 63, 212, 7, 197, 152, 60,
       125, 133, 141, 178, 224, 168, 212, 50, 83, 227, 113, 53, 149, 112,
       44, 210, 149, 65, 207, 112, 99, 32, 209, 72, 234, 40, 117, 29, 44,
       39, 180, 244, 245, 111, 145, 168, 137, 13, 182, 13, 152, 72, 51,
       195, 50, 165, 83, 75, 44, 202, 10, 132, 172, 136, 34, 221, 156,
       37, 63, 222, 30, 196, 93, 60, 61, 134, 157, 184, 224, 185, 212,
       113, 210, 243, 121, 117, 149, 116, 109, 214, 149, 99, 207, 24,
       195, 32, 254, 72, 232, 104, 112, 29, 55, 45, 149, 52, 245, 111,
       187, 170, 137, 15, 240, 29, 216, 93, 54, 211, 63, 189, 115, 219,
       104, 250, 65, 4, 2, 113, 201, 160, 231, 200, 152, 185, 174, 69,
       162, 93, 193, 33, 2, 29, 133, 66, 204, 47, 142, 123, 6, 206, 3,
       38, 208, 3, 33, 95, 127, 167, 81, 56, 16, 161, 109, 134, 81, 116,
       8, 6, 76, 3, 153, 211, 9, 12, 24, 37, 241, 28, 140, 65, 17, 234,
       167, 173, 72, 22, 161, 248, 67, 0, 140, 142, 207, 135, 26, 52, 38,
       102, 17, 6, 156, 169, 51, 7, 228, 211, 1, 228, 200, 135, 195, 32,
       72, 40, 172, 12, 82, 28, 177, 97, 213, 36, 21, 186, 82, 120, 129,
       116, 48, 74, 24, 14, 209, 28, 193, 77, 153, 172, 24, 5, 112, 29,
       156, 73, 16, 242, 51, 188, 88, 86, 34, 249, 129, 205, 2, 41, 201,
       200, 167, 200, 168, 1, 174, 79, 160, 77, 107, 173, 195, 53, 167,
       86, 68, 35, 30, 100, 103, 223, 25, 34, 147, 2, 3, 18, 191, 47, 75,
       24, 16, 35, 237, 160, 107, 116, 24, 35, 85, 115, 61, 177, 185, 12,
       24, 36, 209, 23, 204, 33, 17, 224, 166, 173, 0, 87, 160, 88, 125,
       54, 245, 116, 124, 178, 63, 126, 240, 190, 192, 177, 236, 207,
       131, 83, 186, 237, 203, 123, 253, 231, 90, 159, 196, 122, 246,
       215, 88, 117, 229, 230, 95, 152, 198, 53, 253, 184, 241, 119, 124,
       76, 123, 174, 247, 113, 131, 107, 184, 238, 24, 67, 244, 61, 92,
       65, 22, 179, 215, 151, 250, 215, 232, 118, 71, 4, 0, 34, 201, 130,
       2, 12, 0, 32, 130, 36, 32, 6, 128, 0, 74, 1, 1, 84, 200, 3, 138,
       1, 70, 144, 8, 5, 18, 8, 1, 64, 5, 36, 65, 186, 0, 0, 5, 4, 0, 0,
       24, 0, 69, 88, 36, 195, 17, 36, 24, 4, 177, 24, 140, 0, 16, 34,
       35, 176, 8, 71, 32, 72, 35, 196, 104, 138, 159, 68, 7, 1, 39, 110,
       40, 138, 25, 10, 52, 87, 203, 116, 37, 96, 200, 144, 152, 40, 68,
       213, 57, 43, 147, 27, 59, 103, 193, 164, 23, 186, 66, 112, 33,
       118, 34, 202, 108, 41, 84, 20, 116, 65, 17, 172, 16, 4, 224, 24,
       132, 73, 144, 240, 33, 156, 92, 87, 32, 178, 69, 170, 211, 247,
       249, 230, 239, 204, 188, 255, 40, 127, 131, 79, 179, 125, 235,
       213, 185, 99, 206, 45, 202, 123, 78, 223, 179, 47, 82, 11, 51,
       111, 215, 167, 93, 187, 82, 252, 237, 118, 113, 124, 56, 111, 213,
       20, 253, 115, 153, 172, 24, 5, 240, 29, 156, 73, 16, 242, 51, 189,
       88, 87, 33, 250, 0, 206, 128, 137, 136, 220, 134, 5, 43, 192, 14,
       140, 144, 52, 111, 168, 205, 50, 32, 32, 134, 17, 94, 64, 81, 85,
       25, 100, 1, 138, 27, 3, 149, 18, 83, 0, 0, 200, 110, 42, 32, 53,
       40, 33, 21, 156, 116, 161, 17, 72, 32, 52, 151, 65, 128, 138, 17,
       72, 0, 37, 64, 65, 0, 234, 5, 174, 64, 171, 201, 200, 162, 193,
       41, 81, 10, 111, 144, 119, 233, 160, 203, 1, 137, 32, 197, 33, 11,
       104, 119, 220, 25, 39, 174, 11, 11, 23, 21, 195, 89, 18, 49, 211,
       237, 14, 165, 53, 72, 113, 69, 142, 124, 177, 132, 85, 105, 52,
       151, 199, 138, 170, 10, 76, 134, 37, 192, 79, 49, 70, 85, 41, 147,
       52, 17, 66, 96, 110, 0, 160, 195, 53, 98, 198, 131, 154, 107, 8,
       163, 71, 135, 141, 228, 3, 143, 139, 194, 205, 2, 12, 0, 76, 59,
       39, 101, 186, 0, 180, 71, 86, 0, 32, 177, 98, 47, 29, 1, 238, 89,
       36, 107, 213, 48, 26, 52, 64, 192, 42, 3, 241, 8, 36, 161, 66,
       195, 80, 16, 163, 221, 128, 6, 8, 38, 43, 0, 99, 160, 75, 128, 17,
