%YAML:1.0
descriptors: !!opencv-matrix
   rows: 73
   cols: 64
   dt: u
   data: [ 179, 213, 8, 150, 7, 6, 29, 11, 39, 102, 57, 192, 63, 170, 52,
       31, 245, 246, 36, 241, 2, 162, 177, 34, 92, 135, 225, 11, 19, 184,
       80, 105, 144, 44, 22, 154, 66, 96, 34, 202, 34, 202, 60, 41, 144,
       28, 212, 76, 145, 172, 16, 5, 96, 24, 181, 73, 24, 242, 49, 60,
       88, 86, 32, 249, 126, 189, 237, 184, 119, 127, 55, 127, 245, 214,
       215, 182, 253, 126, 191, 79, 251, 253, 99, 118, 245, 119, 211,
       119, 93, 255, 180, 189, 122, 220, 118, 233, 223, 44, 215, 190, 90,
       120, 233, 124, 120, 93, 60, 47, 213, 53, 247, 111, 159, 172, 152,
       13, 242, 29, 156, 89, 48, 242, 51, 189, 88, 215, 40, 250, 61, 62,
       253, 248, 58, 127, 177, 127, 245, 254, 214, 53, 93, 63, 187, 230,
       251, 220, 195, 106, 245, 113, 198, 247, 221, 168, 180, 157, 120,
       220, 123, 235, 215, 36, 85, 186, 86, 122, 233, 124, 252, 93, 58,
       46, 213, 167, 231, 111, 153, 172, 24, 5, 240, 29, 157, 73, 16,
       242, 51, 189, 90, 87, 32, 250, 218, 58, 211, 247, 254, 226, 250,
       232, 90, 187, 211, 127, 231, 198, 211, 240, 118, 215, 29, 86, 205,
       141, 175, 92, 142, 218, 250, 239, 214, 107, 183, 254, 119, 165,
       124, 127, 127, 247, 237, 215, 193, 68, 195, 90, 203, 15, 203, 21,
       204, 221, 88, 167, 245, 246, 157, 235, 196, 252, 177, 187, 92, 7,
       48, 180, 73, 10, 54, 137, 232, 127, 162, 244, 41, 252, 74, 5, 84,
       53, 121, 160, 197, 200, 201, 98, 252, 208, 12, 144, 217, 108, 140,
       192, 236, 198, 187, 211, 248, 16, 65, 40, 85, 226, 204, 104, 190,
       21, 24, 54, 68, 167, 194, 108, 153, 73, 77, 5, 242, 93, 137, 73,
       6, 200, 11, 180, 64, 66, 66, 240, 194, 33, 130, 23, 1, 66, 72,
       143, 194, 169, 1, 177, 34, 194, 131, 18, 107, 0, 33, 71, 11, 171,
       239, 15, 4, 203, 178, 15, 2, 8, 34, 102, 83, 39, 36, 187, 18, 60,
       103, 86, 64, 96, 32, 106, 139, 92, 9, 254, 89, 164, 90, 1, 240,
       26, 52, 74, 144, 112, 33, 25, 12, 4, 32, 234, 133, 206, 166, 201,
       200, 221, 161, 244, 45, 213, 14, 77, 209, 61, 251, 173, 137, 124,
       233, 46, 92, 65, 62, 240, 123, 117, 25, 32, 189, 198, 26, 19, 220,
       66, 91, 72, 80, 243, 237, 40, 181, 53, 40, 54, 93, 166, 124, 176,
       153, 25, 254, 60, 147, 223, 130, 14, 177, 204, 40, 45, 68, 77, 5,
       250, 171, 205, 239, 218, 38, 95, 85, 191, 181, 212, 61, 136, 31,
       189, 126, 238, 137, 116, 100, 127, 54, 214, 244, 55, 121, 247,
       149, 48, 121, 218, 30, 185, 144, 108, 243, 234, 202, 88, 250, 56,
       54, 191, 61, 61, 150, 182, 116, 236, 147, 169, 135, 141, 216, 29,
       182, 28, 56, 224, 105, 125, 91, 221, 14, 251, 219, 50, 211, 39,
       253, 162, 171, 156, 90, 57, 82, 127, 166, 74, 131, 81, 98, 215,
       153, 6, 233, 13, 143, 125, 174, 202, 106, 47, 222, 105, 225, 127,
       119, 165, 92, 51, 117, 247, 45, 247, 193, 68, 74, 74, 201, 9, 217,
       147, 204, 92, 88, 37, 245, 230, 157, 227, 198, 62, 183, 142, 220,
       7, 52, 244, 111, 38, 109, 137, 223, 221, 135, 125, 239, 247, 150,
       60, 253, 63, 185, 71, 203, 245, 67, 96, 217, 115, 218, 125, 93,
       244, 172, 47, 114, 157, 49, 111, 213, 164, 87, 58, 82, 250, 173,
       126, 52, 85, 104, 47, 85, 148, 245, 35, 153, 236, 24, 13, 246, 29,
       156, 89, 16, 242, 179, 189, 216, 215, 40, 254, 135, 6, 10, 35,
       221, 48, 174, 208, 48, 91, 0, 67, 130, 74, 160, 1, 74, 117, 5, 66,
       193, 36, 173, 120, 38, 158, 59, 35, 214, 11, 33, 87, 86, 36, 28,
       187, 83, 116, 41, 148, 81, 64, 26, 14, 193, 4, 210, 81, 9, 189,
       24, 5, 248, 24, 140, 73, 144, 240, 51, 157, 76, 23, 32, 184, 2, 0,
       128, 34, 0, 66, 0, 6, 66, 0, 0, 5, 16, 6, 3, 48, 100, 2, 1, 208,
       193, 1, 67, 3, 4, 136, 168, 13, 2, 12, 161, 64, 5, 36, 5, 186, 42,
       32, 1, 68, 0, 64, 20, 10, 64, 84, 163, 76, 17, 36, 88, 4, 32, 24,
       16, 65, 144, 34, 3, 176, 8, 6, 32, 96, 130, 206, 2, 11, 201, 82,
       130, 141, 45, 209, 170, 239, 176, 58, 107, 173, 201, 49, 45, 151,
       68, 131, 254, 112, 81, 213, 25, 34, 151, 138, 3, 18, 189, 38, 67,
       186, 82, 80, 237, 36, 97, 92, 56, 63, 85, 84, 116, 224, 153, 172,
       28, 5, 209, 31, 140, 74, 16, 224, 38, 53, 88, 87, 32, 90, 3, 196,
       9, 138, 4, 156, 28, 1, 35, 67, 41, 202, 142, 39, 36, 27, 141, 70,
       36, 225, 130, 116, 80, 99, 68, 215, 177, 123, 19, 42, 17, 97, 146,
       20, 212, 138, 74, 104, 168, 115, 32, 202, 40, 169, 151, 28, 244,
       47, 145, 172, 16, 4, 96, 25, 52, 9, 24, 178, 48, 189, 88, 83, 104,
       186, 0, 203, 16, 139, 128, 200, 134, 1, 11, 192, 11, 206, 144, 20,
       77, 136, 13, 3, 160, 4, 6, 4, 74, 65, 73, 85, 25, 100, 4, 34, 2,
       17, 150, 147, 121, 0, 32, 200, 238, 34, 33, 60, 40, 97, 53, 28,
       124, 163, 193, 192, 33, 52, 151, 69, 40, 170, 3, 73, 16, 33, 64,
       105, 17, 106, 33, 142, 102, 139, 137, 221, 164, 253, 45, 208, 14,
       5, 16, 63, 233, 228, 203, 144, 129, 40, 212, 0, 222, 113, 89, 93,
       24, 32, 60, 10, 27, 27, 221, 36, 81, 186, 80, 82, 237, 36, 245,
       21, 24, 166, 85, 134, 116, 228, 153, 45, 29, 13, 242, 29, 141, 73,
       16, 224, 35, 189, 72, 71, 32, 250, 27, 150, 172, 204, 46, 255,
       158, 53, 63, 222, 95, 197, 156, 61, 61, 37, 189, 187, 96, 187,
       244, 117, 83, 243, 241, 119, 229, 246, 108, 247, 247, 227, 207,
       120, 195, 36, 223, 72, 232, 105, 120, 29, 123, 175, 245, 113, 247,
       111, 187, 234, 137, 15, 240, 29, 216, 93, 55, 211, 55, 181, 242,
       251, 108, 218, 117, 51, 83, 242, 221, 162, 227, 126, 210, 58, 210,
       49, 97, 66, 129, 81, 226, 213, 155, 70, 194, 41, 140, 95, 14, 202,
       106, 15, 82, 8, 33, 127, 119, 39, 28, 187, 20, 246, 5, 212, 209,
       64, 154, 14, 75, 13, 65, 215, 140, 44, 88, 4, 97, 60, 141, 67,
       192, 62, 35, 155, 72, 6, 49, 180, 24, 141, 140, 216, 38, 253, 244,
       55, 49, 222, 94, 197, 28, 116, 61, 130, 221, 186, 225, 251, 244,
       112, 83, 211, 249, 63, 228, 214, 104, 214, 245, 227, 207, 56, 195,
       36, 223, 72, 232, 104, 120, 29, 118, 47, 212, 117, 247, 111, 187,
       232, 137, 79, 242, 29, 216, 89, 55, 211, 119, 181, 83, 251, 72,
       234, 128, 142, 142, 137, 0, 95, 166, 197, 41, 199, 42, 200, 16,
       36, 127, 171, 141, 88, 161, 45, 4, 209, 118, 32, 89, 85, 25, 32,
       1, 66, 18, 1, 213, 16, 81, 32, 16, 72, 236, 32, 100, 61, 60, 37,
       23, 20, 117, 224, 29, 136, 56, 52, 147, 77, 180, 142, 145, 200,
       32, 37, 69, 89, 72, 234, 1, 0, 0, 3, 201, 0, 128, 140, 0, 0, 2,
       69, 32, 0, 35, 33, 66, 0, 1, 208, 64, 0, 47, 0, 2, 8, 8, 0, 128,
       0, 1, 66, 125, 36, 80, 184, 18, 98, 1, 196, 208, 80, 24, 14, 64,
       20, 128, 68, 25, 44, 24, 4, 240, 24, 156, 65, 16, 112, 35, 180, 8,
       22, 32, 104, 7, 213, 8, 160, 23, 154, 30, 8, 38, 67, 45, 202, 158,
       8, 36, 85, 229, 247, 36, 245, 192, 52, 144, 99, 68, 215, 169, 111,
       18, 42, 21, 97, 146, 36, 150, 186, 66, 120, 169, 244, 98, 219, 60,
       41, 213, 20, 244, 79, 145, 172, 16, 4, 224, 25, 156, 73, 16, 178,
       51, 189, 88, 87, 32, 250, 2, 194, 0, 136, 8, 136, 6, 1, 34, 66, 1,
       2, 128, 0, 36, 17, 204, 1, 1, 192, 192, 32, 0, 64, 68, 21, 185,
       108, 0, 14, 129, 64, 210, 36, 85, 170, 64, 104, 169, 96, 96, 88,
       56, 41, 213, 20, 244, 79, 145, 172, 24, 4, 224, 29, 156, 73, 16,
       242, 51, 181, 88, 83, 32, 234, 22, 178, 9, 225, 60, 242, 162, 112,
       88, 179, 86, 212, 194, 21, 0, 2, 72, 205, 29, 203, 196, 33, 234,
       211, 173, 214, 8, 167, 84, 7, 1, 75, 151, 130, 208, 40, 126, 216,
       237, 51, 80, 52, 171, 37, 209, 4, 119, 99, 154, 248, 9, 71, 245,
       189, 56, 72, 70, 146, 19, 251, 72, 19, 100, 254, 85, 57, 147, 245,
       248, 162, 120, 118, 18, 169, 65, 83, 194, 193, 130, 27, 38, 205,
       184, 71, 206, 45, 194, 219, 142, 202, 162, 238, 80, 37, 32, 111,
       87, 179, 52, 57, 20, 237, 118, 71, 81, 40, 171, 98, 235, 28, 201,
       187, 72, 128, 120, 247, 241, 250, 28, 235, 69, 187, 19, 203, 88,
       37, 145, 254, 34, 133, 0, 142, 193, 204, 6, 5, 15, 64, 11, 12, 16,
