%YAML:1.0
descriptors: !!opencv-matrix
   rows: 8
   cols: 64
   dt: u
   data: [ 56, 254, 255, 255, 62, 255, 253, 127, 253, 252, 222, 253, 127,
       126, 255, 254, 255, 247, 251, 251, 245, 127, 215, 247, 253, 127,
       245, 191, 127, 215, 255, 239, 223, 108, 215, 182, 255, 122, 249,
       125, 124, 93, 255, 63, 213, 183, 247, 111, 191, 189, 159, 141,
       242, 29, 159, 93, 54, 246, 127, 255, 251, 223, 44, 254, 63, 244,
       125, 254, 63, 189, 93, 121, 247, 254, 245, 248, 253, 123, 180, 87,
       246, 246, 71, 243, 245, 114, 209, 118, 221, 190, 229, 251, 122,
       127, 245, 235, 215, 44, 215, 190, 218, 120, 249, 125, 120, 223,
       59, 175, 212, 117, 247, 111, 153, 174, 24, 13, 240, 29, 156, 89,
       24, 242, 115, 189, 122, 215, 40, 250, 4, 35, 97, 176, 16, 6, 33,
       79, 132, 70, 3, 52, 65, 163, 153, 66, 226, 84, 1, 100, 1, 128,
       192, 50, 76, 136, 160, 9, 18, 8, 48, 9, 112, 36, 85, 186, 64, 114,
       1, 84, 128, 64, 24, 14, 64, 4, 64, 76, 153, 44, 16, 4, 112, 28,
       148, 73, 16, 242, 35, 188, 72, 70, 32, 240, 63, 49, 125, 182, 55,
       181, 27, 120, 214, 110, 213, 50, 237, 11, 144, 87, 242, 213, 3,
       97, 225, 38, 192, 119, 204, 170, 228, 13, 82, 24, 113, 233, 215,
       44, 20, 190, 82, 120, 129, 244, 80, 74, 24, 15, 208, 20, 193, 79,
       153, 172, 24, 5, 240, 28, 156, 73, 16, 242, 51, 157, 88, 86, 32,
       251, 60, 59, 255, 252, 50, 127, 121, 127, 245, 252, 214, 181, 93,
       254, 187, 238, 251, 220, 99, 107, 245, 61, 196, 183, 93, 171, 164,
       157, 90, 220, 124, 235, 215, 36, 85, 186, 86, 122, 233, 124, 248,
       93, 57, 46, 212, 181, 231, 111, 153, 172, 24, 5, 242, 29, 156, 73,
       16, 242, 51, 189, 91, 87, 32, 250, 60, 43, 255, 244, 50, 127, 249,
       119, 213, 252, 214, 181, 93, 246, 187, 230, 251, 220, 195, 107,
       245, 53, 196, 183, 221, 42, 164, 137, 72, 204, 60, 235, 255, 36,
       85, 186, 86, 122, 201, 124, 248, 93, 56, 46, 212, 167, 227, 110,
       153, 172, 24, 5, 240, 29, 156, 73, 16, 242, 51, 189, 90, 87, 32,
       250, 124, 33, 255, 182, 18, 103, 57, 127, 196, 196, 213, 52, 117,
       238, 179, 70, 251, 212, 67, 102, 113, 161, 197, 183, 156, 168,
       164, 137, 66, 140, 116, 233, 198, 36, 21, 186, 82, 120, 193, 92,
       120, 88, 20, 46, 212, 52, 193, 110, 153, 172, 24, 5, 240, 28, 156,
       73, 16, 242, 51, 185, 88, 22, 32, 250, 126, 49, 253, 158, 55, 39,
       29, 127, 230, 68, 213, 176, 125, 234, 182, 86, 246, 214, 67, 117,
       51, 178, 193, 55, 220, 170, 228, 89, 82, 156, 244, 169, 210, 44,
       20, 190, 66, 120, 193, 124, 56, 91, 60, 47, 212, 52, 229, 110,
       153, 172, 24, 5, 112, 29, 156, 73, 16, 242, 51, 189, 88, 86, 32,
       251 ]
