%YAML:1.0
descriptors: !!opencv-matrix
   rows: 1
   cols: 64
   dt: u
   data: [ 63, 244, 125, 254, 63, 189, 223, 57, 247, 127, 245, 249, 253,
       123, 180, 85, 242, 246, 71, 243, 245, 114, 209, 119, 252, 190,
       229, 127, 126, 121, 245, 235, 223, 108, 150, 190, 218, 120, 249,
       125, 120, 223, 127, 47, 208, 53, 245, 79, 153, 174, 152, 13, 240,
       29, 156, 89, 56, 242, 115, 189, 250, 223, 44, 251 ]
