%YAML:1.0
descriptors: !!opencv-matrix
   rows: 8
   cols: 64
   dt: u
   data: [ 12, 39, 97, 160, 16, 37, 33, 111, 128, 198, 194, 52, 81, 134,
       153, 66, 234, 84, 3, 96, 65, 128, 196, 19, 12, 136, 164, 9, 82,
       12, 48, 73, 112, 36, 85, 186, 16, 114, 1, 84, 48, 80, 24, 14, 68,
       20, 64, 76, 153, 44, 24, 5, 240, 29, 156, 73, 16, 242, 35, 188,
       72, 70, 32, 242, 5, 39, 65, 128, 16, 0, 33, 78, 192, 70, 2, 52,
       65, 6, 129, 66, 226, 84, 1, 96, 65, 0, 192, 51, 76, 136, 160, 9,
       82, 8, 48, 9, 80, 36, 84, 186, 66, 112, 1, 84, 16, 64, 24, 14, 64,
       20, 64, 76, 153, 44, 24, 4, 112, 28, 156, 73, 16, 242, 35, 188,
       72, 86, 32, 248, 54, 52, 81, 134, 29, 128, 13, 9, 198, 64, 17, 48,
       45, 7, 128, 85, 226, 198, 0, 96, 193, 32, 129, 102, 76, 128, 160,
       9, 18, 8, 1, 105, 215, 36, 84, 186, 66, 120, 1, 84, 96, 72, 24,
       139, 212, 20, 228, 79, 153, 172, 24, 1, 240, 24, 156, 73, 16, 242,
       51, 188, 88, 87, 32, 248, 35, 20, 0, 2, 157, 128, 4, 8, 2, 1, 17,
       96, 160, 11, 4, 21, 102, 102, 4, 144, 192, 34, 129, 100, 68, 144,
       97, 11, 18, 8, 129, 97, 16, 36, 20, 154, 66, 0, 1, 196, 65, 194,
       8, 137, 192, 16, 180, 77, 0, 164, 16, 4, 32, 0, 140, 65, 16, 50,
       50, 156, 24, 23, 32, 104, 3, 20, 16, 2, 157, 128, 7, 8, 66, 1, 4,
       114, 160, 10, 128, 81, 98, 214, 5, 16, 192, 2, 137, 100, 36, 144,
       105, 9, 146, 8, 1, 41, 16, 36, 20, 154, 2, 80, 1, 212, 65, 194, 8,
       11, 64, 16, 220, 5, 1, 36, 16, 4, 40, 16, 140, 65, 16, 50, 50,
       156, 24, 23, 32, 248, 35, 148, 80, 2, 29, 128, 5, 8, 98, 0, 0,
       113, 172, 11, 132, 85, 98, 246, 1, 48, 193, 34, 137, 100, 68, 152,
       96, 11, 18, 8, 65, 105, 213, 36, 20, 186, 66, 120, 41, 116, 113,
       66, 24, 11, 208, 16, 244, 79, 145, 164, 24, 4, 240, 24, 156, 73,
       16, 242, 51, 188, 88, 87, 32, 249, 55, 54, 113, 162, 213, 4, 3,
       72, 230, 70, 3, 50, 173, 11, 145, 85, 226, 212, 5, 100, 73, 130,
       128, 52, 76, 136, 168, 9, 210, 8, 49, 57, 112, 36, 84, 186, 66,
       114, 1, 212, 144, 66, 24, 14, 80, 20, 192, 12, 153, 44, 16, 4, 96,
       29, 133, 73, 16, 240, 49, 188, 88, 86, 32, 177, 70, 49, 97, 160,
       84, 38, 34, 87, 196, 2, 210, 48, 65, 130, 147, 83, 226, 212, 3,
       100, 65, 128, 129, 20, 78, 136, 172, 9, 210, 12, 48, 40, 208, 36,
       84, 186, 82, 112, 1, 84, 208, 80, 16, 14, 208, 20, 128, 76, 153,
       172, 24, 5, 240, 29, 156, 73, 16, 242, 51, 188, 88, 86, 32, 249 ]
