%YAML:1.0
descriptors: !!opencv-matrix
   rows: 15
   cols: 64
   dt: u
   data: [ 5, 35, 97, 128, 16, 4, 37, 72, 192, 70, 131, 48, 65, 3, 145,
       67, 226, 212, 1, 100, 65, 128, 128, 48, 76, 136, 160, 9, 82, 8,
       48, 9, 80, 36, 84, 186, 66, 112, 1, 84, 16, 64, 24, 14, 64, 4,
       192, 76, 153, 44, 16, 4, 112, 28, 132, 73, 16, 242, 51, 188, 88,
       86, 32, 248, 70, 33, 193, 176, 20, 34, 0, 71, 196, 0, 210, 52, 65,
       130, 145, 83, 234, 212, 3, 100, 65, 128, 196, 55, 78, 136, 164, 9,
       82, 12, 48, 40, 80, 36, 85, 186, 82, 112, 1, 84, 144, 80, 16, 14,
       64, 20, 192, 76, 153, 44, 24, 5, 112, 29, 156, 73, 16, 242, 35,
       188, 88, 86, 32, 249, 62, 49, 113, 162, 23, 37, 37, 78, 230, 78,
       208, 52, 125, 14, 177, 87, 250, 244, 3, 96, 225, 34, 193, 118, 76,
       136, 228, 9, 82, 12, 113, 233, 215, 36, 87, 190, 82, 120, 129,
       116, 112, 92, 24, 47, 212, 20, 229, 111, 153, 172, 24, 5, 240, 29,
       156, 73, 16, 242, 51, 189, 88, 87, 32, 250, 63, 53, 117, 162, 23,
       37, 37, 126, 244, 78, 208, 49, 125, 46, 177, 87, 242, 212, 3, 96,
       225, 34, 193, 119, 76, 168, 164, 9, 82, 12, 113, 233, 215, 36, 85,
       186, 82, 120, 129, 116, 112, 92, 56, 47, 212, 20, 229, 111, 153,
       172, 24, 5, 240, 29, 156, 73, 16, 242, 51, 189, 88, 87, 32, 250,
       62, 49, 117, 166, 55, 37, 61, 126, 228, 68, 213, 52, 125, 47, 176,
       87, 250, 212, 67, 96, 225, 34, 193, 119, 76, 136, 164, 9, 82, 140,
       113, 233, 215, 36, 87, 186, 82, 120, 137, 116, 120, 92, 24, 47,
       212, 20, 229, 111, 153, 172, 24, 5, 240, 29, 156, 73, 16, 242, 51,
       189, 88, 87, 32, 250, 63, 53, 125, 178, 23, 37, 45, 126, 230, 78,
       211, 48, 125, 46, 177, 87, 242, 212, 67, 96, 241, 34, 193, 119,
       204, 168, 228, 137, 82, 28, 113, 233, 215, 44, 85, 190, 82, 120,
       129, 116, 120, 92, 56, 47, 212, 21, 229, 79, 153, 172, 24, 5, 240,
       29, 156, 73, 16, 242, 51, 189, 88, 87, 32, 250, 62, 51, 117, 178,
       54, 53, 41, 127, 230, 94, 208, 52, 125, 127, 176, 86, 242, 212,
       67, 96, 225, 34, 193, 119, 76, 136, 164, 9, 82, 140, 113, 233,
       215, 36, 87, 190, 82, 120, 129, 116, 120, 92, 24, 15, 212, 20,
       229, 79, 153, 172, 24, 5, 240, 29, 156, 73, 16, 242, 51, 189, 88,
       87, 32, 250, 61, 55, 117, 166, 55, 53, 41, 126, 230, 70, 211, 52,
       109, 63, 144, 86, 242, 212, 67, 96, 241, 34, 193, 119, 76, 168,
       164, 9, 82, 28, 113, 233, 215, 36, 85, 186, 82, 120, 201, 116,
       112, 92, 56, 47, 212, 20, 245, 111, 153, 172, 24, 5, 240, 29, 156,
       73, 16, 242, 51, 189, 88, 87, 32, 250, 60, 55, 117, 166, 19, 37,
       33, 123, 230, 68, 211, 52, 125, 59, 176, 84, 242, 212, 3, 96, 225,
       34, 193, 119, 76, 136, 164, 9, 82, 12, 113, 233, 215, 36, 85, 190,
       82, 120, 129, 116, 120, 92, 24, 15, 212, 20, 229, 79, 153, 172,
       24, 5, 240, 29, 156, 73, 16, 242, 51, 189, 88, 87, 32, 250, 167,
       38, 101, 162, 223, 148, 7, 73, 230, 71, 146, 114, 237, 43, 146,
       85, 226, 213, 7, 96, 201, 4, 131, 116, 78, 152, 184, 43, 210, 8,
       49, 41, 85, 36, 84, 186, 82, 112, 129, 84, 80, 84, 24, 15, 208,
       20, 244, 77, 153, 172, 24, 5, 240, 29, 156, 73, 16, 242, 51, 188,
       88, 87, 32, 248, 54, 48, 113, 134, 159, 132, 15, 73, 198, 102,
       145, 50, 237, 10, 179, 85, 242, 213, 3, 96, 193, 39, 195, 116, 76,
       152, 185, 45, 82, 8, 113, 107, 215, 36, 85, 186, 82, 120, 169, 84,
       112, 88, 56, 15, 213, 20, 244, 77, 153, 172, 24, 5, 240, 29, 156,
       73, 16, 242, 51, 188, 88, 87, 32, 250, 55, 52, 125, 146, 31, 133,
       31, 72, 230, 102, 145, 50, 253, 106, 176, 87, 242, 245, 3, 96,
       201, 35, 195, 118, 204, 152, 228, 13, 82, 12, 113, 105, 215, 36,
       85, 190, 82, 120, 129, 124, 112, 92, 24, 15, 213, 20, 229, 79,
       153, 172, 24, 5, 240, 29, 156, 73, 16, 242, 51, 189, 88, 87, 32,
       250, 6, 34, 65, 130, 153, 128, 3, 72, 4, 2, 2, 52, 1, 7, 128, 65,
       226, 212, 1, 96, 193, 0, 128, 112, 76, 136, 40, 9, 146, 8, 49, 73,
       80, 36, 84, 154, 66, 114, 1, 84, 0, 64, 24, 14, 64, 20, 192, 77,
       153, 44, 16, 4, 112, 28, 140, 73, 16, 242, 51, 188, 88, 86, 32,
       248, 54, 49, 113, 142, 23, 7, 13, 111, 198, 70, 185, 48, 117, 142,
       148, 86, 235, 212, 3, 100, 65, 130, 129, 54, 78, 137, 164, 9, 211,
       8, 48, 41, 208, 36, 84, 186, 66, 112, 129, 116, 50, 74, 24, 15,
       212, 20, 228, 76, 153, 172, 24, 5, 112, 29, 148, 73, 16, 242, 51,
       188, 88, 86, 34, 249, 63, 51, 117, 182, 63, 183, 63, 120, 246,
       126, 211, 49, 253, 123, 176, 85, 246, 247, 3, 98, 225, 35, 193,
       118, 204, 186, 228, 79, 82, 12, 241, 235, 215, 36, 85, 190, 82,
       120, 233, 124, 112, 92, 56, 47, 213, 20, 245, 111, 153, 172, 24,
       5, 240, 29, 156, 73, 16, 242, 51, 189, 88, 87, 32, 250 ]
