%YAML:1.0
descriptors: !!opencv-matrix
   rows: 12
   cols: 64
   dt: u
   data: [ 7, 3, 0, 16, 1, 130, 2, 2, 0, 2, 2, 0, 0, 67, 129, 3, 64, 8,
       1, 64, 192, 32, 64, 67, 68, 128, 128, 5, 0, 8, 1, 64, 86, 4, 84,
       170, 0, 104, 1, 64, 0, 0, 24, 8, 64, 20, 193, 79, 16, 36, 24, 4,
       32, 24, 28, 9, 0, 34, 19, 176, 8, 70, 32, 96, 2, 1, 128, 146, 0,
       0, 12, 6, 2, 66, 3, 0, 0, 192, 1, 2, 12, 66, 0, 2, 2, 172, 192, 3,
       10, 146, 130, 8, 18, 40, 16, 65, 18, 54, 16, 8, 0, 64, 66, 66, 0,
       32, 8, 72, 128, 28, 193, 14, 17, 136, 16, 5, 52, 8, 148, 75, 17,
       114, 48, 61, 64, 20, 1, 234, 1, 2, 0, 0, 201, 128, 34, 64, 0, 32,
       2, 7, 128, 5, 0, 1, 66, 9, 129, 0, 192, 0, 10, 72, 66, 152, 8, 2,
       144, 0, 1, 71, 21, 130, 81, 32, 49, 192, 45, 2, 65, 48, 8, 3, 64,
       20, 108, 193, 17, 4, 24, 36, 149, 8, 140, 8, 16, 64, 34, 164, 64,
       71, 32, 232, 252, 255, 247, 253, 122, 127, 255, 247, 253, 252,
       237, 223, 223, 245, 255, 238, 191, 253, 250, 107, 247, 253, 86,
       251, 255, 127, 247, 254, 237, 247, 255, 255, 223, 115, 111, 125,
       212, 255, 250, 125, 127, 61, 251, 247, 255, 247, 255, 127, 173,
       243, 239, 255, 250, 255, 158, 93, 255, 223, 223, 239, 247, 111,
       143, 246, 67, 1, 0, 146, 65, 2, 6, 2, 0, 98, 1, 0, 0, 132, 0, 3,
       4, 1, 0, 68, 192, 161, 64, 2, 68, 128, 136, 12, 2, 0, 1, 65, 82,
       36, 80, 40, 0, 104, 0, 64, 0, 64, 24, 8, 65, 28, 192, 78, 17, 8,
       24, 4, 48, 24, 156, 9, 17, 98, 51, 180, 0, 86, 0, 234, 1, 6, 0, 2,
       9, 128, 2, 1, 2, 2, 2, 0, 0, 1, 1, 1, 70, 2, 0, 0, 192, 32, 8, 64,
       64, 128, 8, 12, 2, 8, 1, 64, 80, 4, 80, 32, 0, 64, 2, 64, 0, 64,
       8, 0, 0, 20, 192, 78, 16, 0, 24, 4, 36, 8, 12, 11, 1, 34, 2, 48,
       0, 68, 0, 96, 3, 2, 0, 131, 137, 192, 2, 132, 0, 66, 42, 4, 0, 5,
       1, 33, 75, 80, 1, 32, 72, 128, 142, 32, 76, 149, 25, 32, 146, 10,
       19, 17, 112, 36, 81, 26, 0, 96, 1, 2, 32, 64, 8, 8, 84, 20, 100,
       16, 17, 12, 16, 4, 0, 25, 132, 40, 144, 96, 32, 60, 68, 86, 32,
       176, 4, 1, 0, 128, 192, 128, 6, 64, 2, 64, 1, 2, 128, 64, 128, 0,
       66, 1, 0, 4, 2, 0, 2, 64, 74, 144, 8, 12, 128, 8, 0, 1, 84, 6, 80,
       138, 0, 64, 7, 0, 0, 32, 8, 2, 0, 28, 64, 132, 17, 36, 16, 4, 17,
       24, 132, 11, 16, 96, 32, 52, 72, 85, 32, 232, 1, 3, 0, 0, 1, 0, 0,
       2, 0, 0, 2, 0, 0, 0, 0, 1, 4, 8, 129, 0, 64, 32, 0, 2, 0, 128, 0,
       0, 0, 0, 0, 65, 16, 16, 80, 160, 1, 64, 0, 0, 0, 0, 24, 2, 64, 4,
       64, 76, 16, 32, 16, 4, 32, 8, 8, 8, 16, 66, 2, 148, 0, 6, 32, 96,
       0, 3, 0, 144, 1, 0, 4, 66, 0, 64, 3, 2, 0, 133, 0, 2, 0, 0, 1, 68,
       2, 128, 0, 2, 66, 144, 0, 8, 128, 8, 0, 1, 16, 6, 80, 138, 0, 64,
       3, 0, 0, 32, 24, 3, 0, 20, 68, 204, 17, 32, 16, 4, 16, 24, 132, 8,
       16, 96, 32, 52, 72, 84, 0, 232, 61, 251, 125, 126, 62, 253, 253,
       124, 255, 156, 213, 249, 253, 127, 253, 220, 251, 222, 99, 123,
       245, 122, 195, 247, 237, 255, 247, 255, 127, 95, 245, 239, 223,
       108, 85, 190, 223, 120, 249, 125, 121, 93, 251, 47, 245, 53, 247,
       111, 185, 174, 25, 7, 240, 29, 156, 77, 52, 242, 119, 191, 122,
       95, 36, 250, 63, 189, 253, 252, 62, 253, 253, 127, 255, 254, 221,
       249, 125, 126, 190, 223, 251, 254, 99, 123, 245, 127, 211, 255,
       253, 255, 246, 255, 123, 125, 245, 235, 207, 44, 215, 190, 222,
       120, 249, 125, 120, 223, 127, 47, 215, 53, 247, 111, 185, 174, 24,
       15, 240, 29, 156, 77, 20, 242, 127, 191, 123, 215, 42, 250 ]
