%YAML:1.0
descriptors: !!opencv-matrix
   rows: 81
   cols: 64
   dt: u
   data: [ 116, 34, 241, 144, 80, 134, 3, 109, 198, 230, 131, 20, 209,
       128, 155, 70, 234, 85, 3, 100, 138, 133, 194, 1, 28, 128, 188, 13,
       2, 136, 49, 75, 67, 4, 85, 187, 0, 122, 5, 86, 160, 64, 16, 14,
       69, 12, 225, 47, 155, 44, 24, 5, 50, 29, 148, 73, 0, 114, 51, 185,
       72, 6, 32, 242, 125, 191, 239, 210, 119, 191, 69, 123, 230, 84,
       215, 114, 255, 254, 180, 76, 250, 245, 99, 102, 247, 119, 209,
       247, 94, 254, 181, 13, 114, 220, 116, 233, 223, 46, 87, 190, 82,
       120, 249, 124, 116, 93, 60, 47, 213, 52, 245, 111, 153, 172, 24,
       13, 242, 29, 156, 73, 16, 242, 51, 189, 88, 87, 32, 250, 67, 5,
       64, 18, 5, 2, 5, 14, 34, 38, 57, 0, 14, 171, 4, 18, 230, 214, 4,
       97, 138, 130, 224, 35, 76, 129, 160, 13, 19, 8, 16, 105, 208, 36,
       20, 186, 66, 112, 1, 214, 2, 202, 24, 9, 144, 28, 196, 14, 145,
       164, 16, 4, 96, 24, 148, 73, 152, 114, 33, 188, 88, 86, 34, 249,
       242, 85, 216, 182, 95, 6, 29, 11, 230, 103, 57, 202, 63, 234, 52,
       95, 246, 246, 36, 241, 74, 150, 177, 47, 222, 131, 227, 75, 147,
       56, 244, 105, 224, 172, 22, 254, 194, 116, 33, 246, 66, 202, 28,
       73, 208, 20, 196, 76, 209, 172, 18, 5, 104, 24, 148, 73, 152, 242,
       49, 28, 92, 84, 34, 185, 243, 213, 104, 158, 55, 30, 93, 11, 231,
       71, 61, 234, 191, 234, 52, 95, 247, 183, 52, 245, 50, 246, 177,
       102, 214, 247, 247, 59, 243, 186, 212, 41, 130, 44, 134, 222, 202,
       124, 178, 249, 114, 203, 61, 233, 144, 88, 244, 79, 215, 166, 144,
       13, 104, 25, 254, 83, 56, 179, 113, 61, 191, 212, 56, 185, 250,
       213, 105, 190, 39, 31, 95, 11, 231, 71, 61, 202, 191, 234, 116,
       94, 181, 179, 118, 245, 30, 246, 145, 103, 253, 215, 247, 125, 99,
       250, 214, 168, 130, 60, 134, 223, 203, 77, 250, 121, 58, 203, 181,
       233, 183, 124, 181, 47, 215, 170, 144, 75, 106, 1, 126, 247, 57,
       247, 120, 121, 59, 217, 248, 186, 130, 205, 142, 207, 166, 221,
       212, 131, 63, 213, 63, 206, 154, 60, 126, 172, 141, 115, 124, 175,
       20, 87, 246, 97, 123, 119, 29, 50, 61, 243, 22, 19, 134, 88, 251,
       64, 218, 79, 250, 41, 115, 189, 109, 53, 191, 30, 124, 176, 215,
       219, 175, 191, 159, 229, 186, 190, 115, 199, 120, 109, 115, 249,
       92, 218, 171, 206, 109, 138, 55, 125, 149, 253, 253, 222, 188,
       201, 125, 61, 124, 237, 155, 244, 102, 185, 116, 82, 245, 244,
       125, 245, 29, 48, 127, 215, 95, 185, 220, 108, 219, 248, 254, 121,
       184, 57, 127, 223, 122, 191, 148, 242, 116, 108, 187, 185, 143,
       13, 218, 29, 207, 28, 60, 228, 46, 124, 243, 223, 110, 219, 3,
       134, 142, 1, 39, 209, 132, 176, 43, 147, 23, 206, 152, 53, 35, 3,
       141, 84, 32, 169, 0, 86, 194, 97, 105, 213, 29, 32, 52, 2, 18, 8,
       213, 48, 209, 0, 82, 72, 232, 32, 112, 28, 40, 47, 149, 20, 116,
       105, 19, 136, 24, 5, 144, 9, 156, 8, 16, 66, 50, 61, 64, 85, 0,
       250, 196, 137, 142, 81, 201, 211, 210, 134, 57, 177, 4, 206, 146,
       243, 38, 9, 13, 27, 188, 167, 78, 221, 110, 97, 99, 87, 153, 102,
       225, 3, 146, 6, 151, 147, 81, 97, 83, 205, 254, 34, 112, 61, 104,
       117, 221, 28, 255, 177, 221, 200, 8, 117, 213, 111, 152, 234, 83,
       221, 49, 53, 84, 113, 145, 202, 171, 206, 109, 137, 167, 93, 149,
       253, 253, 215, 188, 206, 125, 61, 127, 237, 137, 244, 103, 57,
       116, 82, 180, 244, 125, 245, 29, 48, 253, 214, 95, 185, 220, 108,
       219, 200, 218, 115, 249, 56, 118, 223, 56, 191, 84, 246, 116, 100,
       155, 153, 151, 12, 218, 29, 199, 28, 56, 228, 40, 60, 83, 223,
       110, 219, 231, 238, 202, 43, 217, 216, 134, 137, 41, 227, 10, 238,
       178, 55, 238, 253, 139, 49, 188, 13, 141, 85, 91, 105, 119, 213,
       25, 39, 22, 43, 3, 23, 135, 197, 95, 3, 48, 221, 239, 54, 97, 124,
       104, 241, 149, 92, 124, 177, 213, 220, 48, 60, 149, 229, 236, 170,
       16, 204, 176, 45, 192, 89, 56, 90, 204, 46, 231, 145, 216, 103,
       163, 247, 172, 244, 74, 23, 81, 253, 155, 228, 203, 93, 235, 102,
       124, 133, 206, 176, 95, 232, 156, 128, 208, 134, 58, 143, 117, 7,
       85, 186, 16, 242, 205, 92, 112, 20, 24, 54, 77, 134, 233, 224,
       153, 44, 88, 53, 209, 31, 156, 73, 16, 232, 35, 189, 72, 6, 32,
       248, 14, 67, 8, 52, 36, 176, 60, 0, 0, 42, 97, 2, 192, 64, 4, 19,
       4, 10, 4, 209, 139, 112, 1, 218, 128, 18, 227, 218, 64, 36, 165,
       192, 90, 152, 142, 36, 235, 40, 128, 195, 74, 106, 49, 73, 242,
       85, 131, 95, 58, 202, 16, 67, 100, 8, 124, 25, 151, 147, 151, 151,
       52, 242, 224, 33, 3, 197, 8, 62, 39, 136, 28, 1, 39, 3, 53, 202,
       152, 104, 36, 20, 4, 59, 36, 209, 130, 118, 81, 99, 80, 23, 225,
       122, 2, 182, 197, 96, 134, 60, 67, 4, 235, 8, 232, 105, 96, 154,
       61, 233, 212, 85, 183, 111, 145, 202, 16, 7, 228, 5, 120, 81, 27,
       243, 51, 181, 48, 243, 40, 74, 179, 212, 24, 134, 175, 152, 23, 9,
       62, 113, 29, 202, 189, 126, 100, 20, 255, 151, 36, 177, 192, 114,
       129, 100, 240, 215, 241, 126, 54, 187, 215, 109, 151, 164, 81, 20,
       67, 72, 232, 122, 112, 221, 104, 45, 213, 20, 244, 111, 145, 164,
       153, 13, 252, 5, 158, 73, 48, 242, 50, 189, 80, 95, 36, 218, 8,
       139, 140, 216, 34, 255, 252, 55, 49, 254, 110, 128, 28, 53, 61, 2,
       157, 250, 225, 171, 244, 117, 80, 243, 217, 119, 149, 246, 104,
       212, 245, 227, 223, 24, 195, 36, 223, 72, 248, 105, 120, 29, 59,
       47, 245, 116, 247, 111, 187, 232, 136, 15, 240, 29, 152, 93, 55,
       211, 51, 181, 115, 243, 104, 250, 197, 11, 130, 145, 64, 66, 32,
       230, 0, 160, 2, 23, 18, 196, 131, 170, 74, 88, 33, 102, 10, 141,
       238, 19, 14, 138, 26, 1, 208, 8, 50, 15, 113, 39, 116, 251, 16,
       118, 69, 212, 144, 96, 24, 22, 73, 14, 73, 192, 89, 44, 124, 148,
       81, 30, 132, 8, 144, 232, 33, 188, 76, 4, 3, 241, 59, 150, 214,
       39, 253, 176, 187, 152, 124, 185, 210, 111, 172, 91, 3, 21, 118,
       255, 137, 146, 225, 39, 203, 124, 224, 106, 120, 246, 126, 65,
       225, 231, 127, 233, 220, 52, 119, 152, 232, 101, 93, 92, 74, 142,
       193, 1, 219, 91, 184, 254, 24, 5, 244, 165, 220, 201, 22, 179,
       183, 135, 146, 95, 164, 94, 73, 143, 182, 93, 33, 255, 230, 119,
       57, 220, 78, 141, 144, 253, 111, 174, 173, 185, 225, 238, 252, 45,
       83, 243, 81, 110, 146, 228, 104, 198, 178, 131, 207, 18, 99, 32,
       81, 74, 248, 104, 124, 61, 56, 167, 245, 247, 247, 111, 185, 136,
       56, 77, 242, 29, 153, 73, 23, 243, 119, 181, 82, 99, 129, 250,
       194, 0, 1, 146, 201, 2, 2, 207, 130, 96, 32, 16, 3, 130, 130, 2,
       98, 85, 5, 68, 72, 129, 172, 8, 14, 128, 40, 13, 146, 8, 16, 28,
       112, 39, 20, 187, 0, 116, 5, 214, 128, 64, 0, 10, 72, 28, 72, 148,
       1, 36, 80, 4, 1, 26, 132, 75, 144, 120, 33, 60, 76, 68, 48, 177,
       195, 198, 64, 3, 221, 128, 143, 136, 10, 67, 33, 122, 162, 75,
       192, 21, 98, 85, 28, 20, 74, 6, 138, 104, 70, 214, 59, 47, 150,
       42, 1, 31, 18, 165, 92, 155, 98, 53, 39, 150, 65, 66, 8, 217, 129,
       8, 216, 17, 64, 53, 16, 36, 13, 162, 141, 171, 16, 56, 48, 28, 76,
       85, 48, 56, 12, 139, 143, 220, 34, 223, 188, 119, 57, 254, 79,
       132, 216, 53, 63, 170, 141, 201, 224, 235, 244, 117, 66, 211, 217,
       119, 148, 244, 104, 198, 55, 194, 215, 16, 193, 32, 221, 104, 248,
       105, 124, 61, 57, 39, 245, 52, 247, 111, 155, 168, 41, 71, 242,
       93, 152, 92, 23, 211, 19, 181, 113, 243, 72, 250, 197, 2, 99, 161,
       217, 192, 163, 200, 128, 109, 130, 83, 193, 73, 129, 1, 235, 85,
       39, 100, 200, 129, 174, 120, 78, 221, 57, 47, 210, 10, 51, 31,
       113, 37, 85, 187, 80, 112, 45, 86, 113, 64, 24, 14, 65, 12, 216,
       21, 9, 172, 88, 5, 240, 30, 140, 73, 16, 240, 35, 188, 72, 87, 32,
       248, 132, 3, 3, 133, 16, 4, 160, 195, 128, 136, 2, 87, 65, 65,
       145, 32, 226, 68, 5, 98, 66, 168, 140, 66, 76, 136, 38, 9, 146, 8,
       49, 94, 114, 39, 124, 154, 16, 122, 1, 148, 129, 96, 24, 14, 74,
