%YAML:1.0
descriptors: !!opencv-matrix
   rows: 75
   cols: 64
   dt: u
   data: [ 231, 51, 227, 179, 221, 134, 7, 204, 230, 103, 129, 122, 227,
       202, 178, 85, 234, 213, 35, 103, 73, 167, 195, 116, 78, 219, 188,
       47, 210, 8, 51, 43, 215, 37, 85, 187, 82, 120, 237, 116, 112, 88,
       56, 47, 213, 28, 245, 109, 153, 172, 24, 5, 240, 29, 156, 73, 16,
       242, 51, 189, 88, 87, 32, 250, 254, 241, 243, 119, 255, 160, 223,
       41, 222, 41, 245, 251, 255, 74, 132, 92, 255, 151, 118, 211, 255,
       47, 227, 111, 182, 223, 247, 127, 90, 251, 231, 238, 143, 173, 44,
       191, 254, 57, 251, 255, 73, 201, 231, 235, 201, 121, 189, 63, 237,
       182, 153, 203, 252, 182, 252, 97, 104, 183, 247, 251, 186, 95,
       180, 94, 186, 249, 191, 214, 38, 223, 220, 35, 91, 177, 87, 222,
       255, 244, 84, 218, 253, 131, 126, 251, 151, 125, 225, 223, 185,
       87, 247, 254, 102, 247, 214, 238, 135, 190, 96, 92, 206, 77, 250,
       123, 88, 189, 229, 111, 187, 60, 183, 111, 215, 234, 169, 223,
       252, 29, 58, 93, 71, 243, 210, 251, 241, 121, 201, 206, 200, 9,
       146, 247, 97, 202, 254, 139, 9, 129, 79, 207, 178, 246, 234, 186,
       175, 27, 185, 71, 46, 173, 66, 83, 83, 222, 146, 172, 66, 162, 54,
       164, 135, 55, 99, 179, 17, 78, 254, 108, 121, 61, 180, 99, 237,
       29, 191, 239, 221, 162, 40, 247, 241, 127, 56, 202, 81, 255, 115,
       191, 25, 101, 145, 202, 199, 169, 194, 241, 221, 106, 70, 206, 8,
       33, 210, 255, 162, 199, 134, 218, 235, 5, 57, 215, 79, 141, 235,
       73, 71, 223, 251, 47, 211, 47, 34, 47, 151, 167, 85, 251, 98, 125,
       239, 118, 96, 124, 184, 121, 221, 29, 253, 181, 221, 164, 24, 180,
       209, 247, 188, 235, 80, 188, 181, 59, 28, 85, 144, 90, 94, 34,
       203, 241, 248, 242, 186, 108, 24, 187, 210, 52, 209, 2, 153, 210,
       10, 221, 153, 74, 205, 49, 206, 25, 13, 208, 170, 167, 82, 105,
       53, 238, 85, 144, 213, 43, 118, 251, 237, 118, 240, 84, 227, 12,
       247, 141, 193, 115, 159, 236, 29, 165, 245, 253, 252, 123, 196,
       234, 191, 249, 200, 23, 112, 246, 255, 255, 247, 117, 255, 182,
       255, 250, 252, 253, 250, 251, 239, 219, 210, 93, 242, 245, 191,
       127, 255, 111, 186, 127, 239, 254, 127, 191, 254, 95, 98, 191,
       247, 239, 252, 223, 246, 189, 255, 183, 93, 124, 234, 255, 217,
       105, 217, 179, 236, 253, 24, 249, 249, 247, 143, 239, 116, 188,
       246, 143, 254, 253, 181, 190, 21, 146, 85, 117, 249, 168, 239, 72,
       58, 57, 66, 69, 132, 103, 137, 17, 126, 207, 129, 34, 228, 40,
       138, 122, 172, 154, 114, 247, 254, 97, 225, 111, 87, 211, 125, 53,
       53, 242, 250, 103, 197, 68, 203, 66, 229, 129, 219, 83, 168, 214,
       120, 119, 228, 134, 157, 105, 15, 31, 150, 167, 210, 47, 177, 52,
       95, 13, 48, 52, 201, 238, 126, 65, 13, 105, 203, 53, 22, 236, 204,
       180, 253, 27, 133, 212, 239, 170, 177, 59, 214, 222, 243, 207,
       194, 182, 235, 228, 2, 179, 69, 47, 161, 230, 200, 78, 73, 132,
       157, 201, 237, 29, 175, 95, 201, 230, 80, 44, 232, 86, 58, 169,
       203, 219, 247, 177, 30, 34, 177, 36, 109, 22, 236, 137, 254, 183,
       39, 80, 45, 119, 5, 10, 221, 185, 182, 69, 192, 253, 91, 100, 248,
       87, 154, 121, 94, 232, 140, 127, 248, 93, 125, 135, 213, 209, 150,
       43, 194, 249, 53, 127, 150, 27, 78, 134, 81, 136, 200, 17, 28, 76,
       24, 44, 115, 253, 159, 191, 120, 174, 51, 156, 218, 214, 62, 249,
       71, 19, 195, 112, 221, 162, 111, 90, 128, 42, 224, 115, 226, 193,
       132, 25, 98, 77, 63, 70, 230, 45, 136, 123, 6, 218, 35, 135, 82,
       4, 32, 77, 82, 39, 156, 187, 32, 124, 119, 85, 101, 98, 154, 75,
       75, 25, 209, 223, 76, 52, 24, 212, 97, 248, 142, 11, 65, 190, 51,
       159, 76, 87, 145, 49, 65, 18, 148, 166, 221, 162, 38, 112, 32, 49,
       64, 67, 140, 89, 0, 1, 102, 205, 153, 100, 232, 45, 139, 249, 74,
       122, 8, 166, 248, 0, 33, 71, 223, 39, 208, 49, 17, 192, 37, 103,
       85, 0, 26, 7, 73, 9, 255, 195, 8, 84, 25, 4, 245, 252, 138, 203,
       72, 190, 179, 151, 200, 71, 52, 124, 199, 6, 136, 53, 253, 146,
       26, 72, 8, 171, 131, 110, 162, 64, 128, 19, 32, 133, 29, 211, 207,
       37, 235, 89, 68, 202, 234, 47, 82, 45, 33, 102, 95, 165, 84, 59,
       82, 185, 229, 214, 208, 92, 40, 14, 209, 29, 129, 59, 153, 238,
       24, 5, 245, 125, 156, 195, 80, 250, 179, 189, 88, 87, 48, 255,
       236, 105, 251, 249, 208, 226, 251, 206, 204, 231, 229, 186, 227,
       195, 147, 235, 235, 221, 63, 103, 47, 141, 230, 57, 78, 203, 187,
       175, 211, 15, 50, 187, 243, 39, 20, 251, 83, 117, 101, 246, 122,
       106, 56, 46, 219, 29, 75, 182, 221, 172, 82, 181, 249, 254, 148,
       235, 208, 252, 33, 189, 92, 86, 51, 251, 223, 172, 238, 109, 245,
       178, 254, 198, 56, 209, 213, 251, 238, 187, 135, 94, 105, 185, 59,
       255, 47, 207, 239, 121, 39, 203, 122, 255, 255, 53, 226, 167, 151,
       247, 60, 219, 115, 253, 253, 62, 121, 126, 249, 249, 219, 25, 91,
       177, 221, 254, 57, 181, 213, 230, 184, 238, 122, 221, 181, 205,
       221, 121, 144, 207, 69, 238, 1, 168, 200, 218, 38, 69, 41, 97,
       175, 200, 208, 53, 236, 161, 129, 9, 57, 100, 140, 1, 74, 80, 69,
       197, 137, 239, 1, 46, 19, 65, 149, 149, 81, 139, 0, 248, 237, 34,
       34, 28, 56, 33, 245, 30, 244, 41, 153, 172, 0, 36, 241, 93, 147,
       43, 16, 202, 19, 164, 88, 87, 112, 248, 217, 63, 211, 119, 224,
       38, 59, 194, 224, 5, 67, 71, 134, 243, 146, 17, 54, 235, 153, 102,
       46, 173, 66, 118, 142, 202, 252, 221, 226, 32, 246, 165, 22, 245,
       96, 223, 129, 138, 212, 207, 141, 24, 25, 82, 233, 73, 235, 13,
       205, 166, 32, 119, 113, 102, 56, 235, 121, 255, 17, 165, 124, 6,
       17, 249, 242, 25, 18, 178, 73, 74, 32, 143, 7, 96, 106, 38, 51,
       198, 202, 182, 239, 22, 37, 64, 2, 136, 173, 2, 70, 221, 113, 9,
       210, 2, 42, 125, 0, 167, 117, 218, 1, 64, 109, 86, 33, 80, 20, 99,
       76, 31, 100, 236, 201, 36, 82, 20, 240, 30, 132, 73, 144, 176, 33,
       184, 28, 6, 32, 88, 112, 12, 180, 156, 72, 207, 46, 37, 43, 230,
       11, 132, 156, 37, 125, 166, 253, 139, 65, 227, 220, 37, 91, 235,
       217, 76, 172, 126, 64, 151, 187, 102, 199, 53, 67, 59, 147, 234,
       236, 106, 116, 92, 108, 175, 213, 30, 247, 111, 153, 236, 24, 13,
       244, 93, 29, 201, 24, 247, 51, 181, 88, 87, 40, 234, 86, 33, 0,
       182, 205, 130, 14, 0, 2, 35, 19, 50, 128, 66, 0, 16, 52, 3, 4,
       214, 11, 172, 129, 74, 138, 146, 250, 77, 130, 168, 161, 20, 18,
       189, 28, 131, 11, 4, 2, 71, 0, 64, 129, 72, 131, 12, 136, 31, 66,
       198, 16, 195, 36, 66, 52, 227, 193, 19, 16, 81, 12, 32, 176, 36,
       250, 221, 40, 246, 255, 111, 223, 139, 158, 89, 253, 123, 191, 92,
       116, 125, 53, 183, 126, 215, 246, 63, 177, 118, 54, 223, 247, 127,
       214, 247, 247, 250, 143, 189, 138, 85, 255, 65, 250, 249, 91, 221,
       247, 233, 209, 127, 183, 111, 255, 190, 155, 15, 250, 37, 216,
       211, 115, 183, 246, 187, 178, 191, 188, 204, 146, 193, 8, 86, 163,
       128, 222, 8, 2, 3, 53, 202, 178, 66, 36, 16, 36, 147, 36, 215,
       130, 44, 226, 66, 32, 146, 243, 110, 82, 32, 133, 32, 150, 52, 24,
       154, 67, 73, 234, 241, 81, 202, 57, 73, 241, 28, 209, 15, 145,
       138, 16, 5, 112, 0, 156, 201, 17, 243, 50, 157, 16, 87, 160, 251,
       5, 142, 167, 201, 42, 95, 132, 247, 57, 212, 14, 141, 88, 117,
       127, 141, 137, 248, 225, 42, 212, 113, 86, 243, 89, 117, 20, 96,
       45, 214, 27, 67, 213, 80, 83, 40, 88, 114, 232, 40, 116, 61, 56,
       183, 85, 244, 245, 106, 153, 172, 12, 13, 178, 29, 152, 72, 22,
       194, 2, 189, 82, 87, 104, 250, 64, 2, 4, 129, 200, 223, 7, 116,
       44, 100, 11, 4, 17, 28, 249, 231, 203, 213, 65, 100, 204, 33, 134,
       48, 77, 204, 140, 12, 16, 10, 57, 27, 241, 36, 85, 186, 82, 114,
       201, 84, 176, 84, 24, 46, 85, 134, 228, 110, 153, 44, 24, 5, 240,
       29, 157, 73, 16, 242, 51, 188, 72, 86, 32, 248, 3, 197, 8, 10, 7,
       152, 6, 9, 39, 66, 13, 234, 168, 79, 36, 5, 9, 51, 32, 148, 194,
