%YAML:1.0
descriptors: !!opencv-matrix
   rows: 7
   cols: 64
   dt: u
   data: [ 5, 35, 65, 144, 16, 2, 33, 110, 0, 70, 131, 20, 65, 5, 153,
       66, 226, 84, 1, 100, 2, 32, 192, 51, 76, 136, 160, 9, 82, 12, 48,
       9, 80, 36, 84, 186, 64, 122, 1, 84, 144, 80, 24, 14, 64, 20, 193,
       78, 153, 44, 24, 5, 112, 29, 149, 73, 16, 242, 51, 188, 88, 86,
       32, 248, 7, 32, 65, 130, 145, 0, 3, 72, 66, 0, 0, 48, 32, 2, 132,
       65, 98, 84, 5, 36, 64, 0, 128, 96, 12, 128, 8, 9, 146, 8, 16, 9,
       16, 36, 20, 154, 0, 114, 5, 148, 129, 66, 24, 10, 0, 20, 64, 132,
       1, 36, 80, 4, 32, 24, 133, 11, 16, 96, 32, 60, 72, 70, 34, 185,
       39, 20, 64, 2, 157, 128, 5, 72, 134, 64, 16, 48, 32, 11, 132, 85,
       226, 212, 1, 96, 193, 2, 129, 100, 76, 136, 160, 9, 146, 8, 33,
       105, 212, 36, 84, 186, 66, 112, 1, 84, 64, 64, 24, 11, 192, 20,
       228, 77, 153, 36, 24, 4, 112, 24, 156, 73, 16, 242, 51, 188, 88,
       87, 32, 248, 7, 33, 81, 130, 17, 0, 5, 72, 130, 0, 1, 48, 33, 10,
       132, 81, 98, 212, 5, 100, 1, 0, 128, 96, 12, 136, 160, 9, 146, 8,
       16, 41, 80, 36, 20, 154, 66, 112, 1, 212, 0, 194, 24, 11, 64, 20,
       192, 76, 129, 36, 16, 4, 96, 24, 132, 73, 16, 114, 49, 188, 88,
       86, 32, 249, 55, 54, 113, 162, 157, 164, 15, 73, 230, 70, 129,
       112, 237, 43, 144, 85, 226, 212, 7, 96, 193, 2, 129, 116, 76, 152,
       168, 11, 210, 8, 49, 105, 208, 36, 84, 186, 66, 112, 1, 212, 80,
       74, 24, 15, 208, 20, 196, 77, 153, 172, 24, 5, 112, 29, 156, 73,
       16, 242, 51, 188, 88, 87, 32, 248, 76, 33, 209, 178, 17, 3, 37,
       78, 196, 64, 195, 48, 113, 202, 178, 66, 226, 212, 1, 100, 3, 133,
       192, 51, 14, 136, 160, 9, 210, 8, 48, 41, 112, 36, 20, 186, 66,
       112, 1, 212, 16, 64, 24, 14, 192, 12, 193, 78, 153, 44, 16, 5,
       112, 28, 148, 73, 16, 242, 49, 188, 88, 22, 32, 248, 52, 35, 245,
       144, 17, 4, 37, 79, 230, 68, 131, 52, 117, 47, 145, 86, 234, 212,
       3, 96, 193, 34, 192, 55, 76, 136, 164, 9, 82, 12, 48, 105, 214,
       36, 85, 186, 82, 120, 129, 84, 80, 84, 24, 14, 196, 20, 229, 78,
       153, 172, 24, 5, 240, 29, 156, 73, 16, 242, 51, 189, 88, 86, 32,
       250 ]
