%YAML:1.0
descriptors: !!opencv-matrix
   rows: 4
   cols: 64
   dt: u
   data: [ 60, 177, 253, 158, 54, 53, 125, 127, 87, 222, 213, 241, 125,
       126, 180, 86, 255, 214, 97, 99, 245, 52, 193, 247, 217, 59, 224,
       201, 82, 220, 245, 233, 223, 36, 85, 190, 91, 120, 233, 124, 112,
       93, 53, 47, 212, 53, 247, 111, 153, 172, 24, 5, 240, 29, 156, 73,
       16, 242, 51, 189, 88, 87, 32, 250, 39, 34, 65, 162, 29, 160, 33,
       72, 196, 0, 128, 48, 33, 11, 128, 65, 226, 212, 1, 96, 193, 34,
       129, 116, 76, 136, 160, 9, 82, 8, 49, 105, 84, 36, 84, 186, 82,
       112, 1, 84, 80, 64, 24, 14, 64, 20, 192, 77, 153, 44, 24, 4, 112,
       28, 156, 73, 16, 242, 51, 188, 88, 86, 32, 248, 191, 244, 125,
       239, 191, 189, 223, 57, 255, 255, 253, 251, 253, 126, 252, 125,
       243, 247, 103, 243, 245, 118, 147, 126, 253, 255, 245, 127, 127,
       123, 247, 255, 215, 236, 223, 190, 254, 121, 249, 127, 123, 223,
       127, 47, 213, 23, 245, 111, 153, 191, 24, 13, 248, 29, 157, 73,
       56, 242, 115, 189, 251, 223, 46, 254, 60, 187, 255, 252, 50, 119,
       253, 255, 245, 252, 222, 181, 127, 255, 187, 238, 251, 220, 227,
       107, 245, 127, 196, 183, 221, 111, 182, 147, 121, 223, 118, 235,
       223, 44, 71, 190, 215, 120, 249, 124, 124, 93, 251, 47, 213, 181,
       247, 111, 187, 172, 157, 13, 242, 29, 156, 93, 20, 242, 119, 253,
       91, 87, 40, 250 ]
