%YAML:1.0
descriptors: !!opencv-matrix
   rows: 5
   cols: 64
   dt: u
   data: [ 61, 181, 125, 254, 55, 189, 253, 127, 247, 254, 215, 241, 125,
       127, 189, 87, 255, 254, 67, 115, 245, 114, 209, 247, 221, 190,
       228, 219, 122, 220, 245, 235, 223, 44, 87, 190, 215, 120, 249,
       125, 120, 93, 59, 47, 212, 53, 247, 111, 153, 172, 152, 13, 240,
       29, 156, 89, 56, 242, 51, 189, 122, 215, 40, 250, 63, 254, 255,
       239, 63, 253, 253, 121, 255, 253, 252, 249, 253, 127, 253, 92,
       251, 247, 227, 59, 245, 126, 219, 127, 253, 255, 247, 191, 127,
       219, 119, 239, 223, 236, 95, 190, 254, 249, 249, 125, 125, 95,
       255, 47, 213, 53, 245, 111, 185, 190, 153, 13, 242, 29, 156, 93,
       60, 242, 247, 191, 251, 223, 44, 254, 59, 222, 126, 255, 191, 253,
       223, 57, 191, 253, 255, 251, 189, 126, 125, 252, 255, 247, 127,
       251, 245, 119, 211, 119, 125, 255, 241, 127, 127, 223, 255, 255,
       223, 108, 87, 190, 215, 123, 249, 125, 124, 221, 127, 47, 213,
       151, 247, 111, 157, 173, 153, 13, 250, 29, 159, 93, 56, 246, 123,
       189, 219, 223, 44, 250, 39, 54, 65, 2, 157, 128, 3, 8, 230, 66, 3,
       48, 33, 11, 128, 21, 98, 228, 1, 64, 193, 34, 145, 100, 68, 128,
       160, 9, 18, 8, 1, 105, 80, 36, 84, 154, 66, 48, 1, 84, 0, 64, 24,
       138, 64, 64, 192, 76, 144, 44, 16, 0, 32, 24, 156, 73, 16, 50, 51,
       188, 88, 86, 32, 248, 124, 59, 255, 252, 50, 127, 241, 247, 245,
       252, 254, 181, 95, 255, 251, 238, 251, 220, 227, 107, 117, 253,
       228, 183, 221, 239, 180, 153, 105, 206, 118, 235, 247, 36, 117,
       186, 86, 122, 249, 124, 248, 93, 57, 62, 213, 167, 231, 110, 153,
       172, 31, 5, 240, 29, 156, 77, 16, 242, 51, 189, 91, 86, 32, 250 ]
