%YAML:1.0
descriptors: !!opencv-matrix
   rows: 1
   cols: 64
   dt: u
   data: [ 63, 188, 255, 237, 63, 255, 255, 127, 255, 253, 223, 253, 255,
       126, 255, 253, 249, 253, 123, 251, 245, 119, 219, 127, 253, 255,
       245, 255, 127, 223, 255, 239, 223, 236, 215, 190, 222, 123, 249,
       127, 124, 221, 127, 47, 213, 119, 247, 111, 189, 172, 152, 13,
       242, 29, 156, 93, 56, 246, 251, 189, 251, 223, 44, 254 ]
