%YAML:1.0
descriptors: !!opencv-matrix
   rows: 89
   cols: 64
   dt: u
   data: [ 61, 53, 125, 190, 55, 63, 53, 127, 246, 84, 213, 48, 125, 127,
       180, 86, 246, 246, 67, 112, 241, 34, 209, 183, 220, 170, 228, 217,
       114, 156, 244, 233, 222, 44, 85, 190, 82, 120, 193, 124, 120, 93,
       56, 47, 212, 53, 229, 110, 153, 172, 25, 13, 240, 29, 156, 73, 48,
       242, 51, 189, 88, 86, 32, 250, 83, 196, 136, 158, 79, 134, 26, 5,
       38, 102, 21, 136, 28, 168, 52, 30, 116, 243, 16, 228, 138, 19,
       210, 33, 88, 128, 168, 94, 19, 176, 221, 97, 145, 164, 18, 59, 66,
       72, 128, 234, 2, 202, 12, 8, 209, 28, 193, 15, 149, 136, 16, 5,
       52, 24, 148, 203, 24, 242, 51, 188, 88, 86, 50, 249, 66, 0, 129,
       146, 200, 130, 2, 14, 2, 42, 18, 16, 145, 194, 129, 18, 98, 87, 1,
       2, 202, 37, 202, 75, 14, 128, 170, 13, 2, 8, 17, 79, 87, 167, 84,
       187, 0, 104, 7, 70, 0, 64, 4, 72, 65, 12, 193, 199, 17, 44, 24, 4,
       36, 24, 156, 203, 0, 114, 51, 185, 72, 4, 48, 240, 124, 49, 245,
       180, 18, 103, 59, 119, 212, 252, 210, 53, 85, 230, 155, 66, 250,
       213, 67, 102, 245, 33, 194, 183, 221, 168, 164, 141, 66, 140, 48,
       232, 215, 36, 85, 186, 86, 122, 193, 116, 248, 92, 17, 46, 213,
       52, 225, 110, 153, 172, 24, 5, 240, 29, 156, 73, 16, 242, 51, 185,
       88, 86, 32, 250, 199, 138, 195, 209, 216, 210, 207, 200, 42, 239,
       10, 94, 131, 199, 131, 89, 235, 213, 60, 38, 206, 45, 138, 107,
       78, 214, 59, 47, 150, 11, 19, 95, 87, 167, 93, 155, 80, 253, 111,
       22, 97, 96, 40, 110, 205, 12, 253, 179, 89, 172, 24, 53, 241, 16,
       156, 107, 16, 122, 50, 29, 72, 85, 49, 250, 124, 59, 247, 245,
       122, 127, 187, 246, 252, 252, 214, 53, 93, 253, 187, 198, 251,
       221, 203, 110, 245, 101, 198, 247, 205, 248, 188, 157, 122, 204,
       115, 235, 215, 36, 85, 186, 86, 122, 233, 116, 252, 92, 56, 46,
       213, 133, 227, 111, 153, 172, 24, 5, 240, 29, 156, 73, 16, 242,
       51, 189, 88, 87, 32, 250, 197, 15, 211, 209, 216, 78, 238, 192,
       40, 103, 43, 78, 194, 197, 210, 169, 235, 213, 61, 103, 78, 173,
       166, 48, 79, 223, 187, 47, 144, 14, 50, 27, 114, 39, 84, 251, 80,
       117, 239, 214, 80, 116, 56, 63, 205, 30, 253, 180, 137, 172, 16,
       53, 209, 95, 132, 75, 16, 248, 49, 61, 92, 84, 49, 184, 76, 42,
       117, 248, 232, 191, 42, 118, 41, 62, 66, 21, 64, 245, 217, 162,
       128, 201, 203, 108, 253, 193, 4, 145, 203, 40, 140, 212, 236, 4,
       56, 144, 112, 17, 85, 171, 93, 242, 133, 68, 190, 20, 24, 22, 100,
       174, 194, 72, 152, 45, 12, 119, 243, 93, 143, 9, 198, 206, 11,
       180, 72, 70, 98, 177, 250, 186, 243, 231, 254, 247, 218, 133, 222,
       187, 219, 127, 255, 196, 115, 248, 125, 215, 63, 246, 205, 141,
       175, 92, 174, 222, 254, 239, 214, 255, 247, 254, 103, 173, 94, 95,
       126, 247, 237, 247, 217, 76, 67, 94, 203, 15, 155, 145, 205, 221,
       94, 167, 255, 247, 156, 235, 212, 253, 177, 61, 252, 31, 48, 180,
       26, 248, 206, 251, 63, 249, 254, 56, 93, 187, 212, 249, 174, 18,
       109, 219, 159, 223, 189, 155, 229, 117, 203, 127, 165, 95, 243,
       183, 95, 103, 247, 255, 223, 208, 157, 33, 255, 253, 248, 51, 120,
       255, 239, 109, 247, 149, 247, 123, 191, 219, 59, 231, 252, 165,
       254, 252, 87, 151, 255, 239, 243, 251, 255, 223, 231, 96, 99, 163,
       221, 162, 171, 200, 204, 107, 193, 122, 225, 75, 131, 85, 226, 85,
       29, 100, 73, 133, 138, 120, 78, 220, 59, 47, 210, 10, 51, 27, 82,
       37, 92, 219, 82, 125, 37, 86, 0, 64, 24, 24, 81, 28, 216, 149,
       141, 12, 16, 37, 65, 254, 140, 235, 80, 252, 49, 189, 92, 87, 48,
       176, 210, 16, 146, 55, 17, 98, 164, 142, 82, 169, 64, 241, 34,
       130, 130, 27, 111, 198, 181, 67, 200, 143, 239, 31, 130, 203, 250,
       47, 83, 1, 162, 110, 117, 167, 52, 183, 53, 188, 37, 244, 65, 66,
       50, 42, 203, 21, 27, 244, 217, 172, 122, 149, 244, 26, 188, 201,
       144, 184, 39, 153, 28, 87, 48, 250, 148, 58, 19, 135, 216, 0, 161,
       202, 66, 160, 2, 55, 3, 194, 201, 176, 98, 196, 133, 66, 202, 140,
       172, 8, 14, 152, 40, 11, 146, 10, 3, 127, 112, 39, 116, 154, 16,
       246, 5, 214, 129, 64, 8, 6, 72, 14, 200, 149, 136, 37, 80, 53, 48,
       26, 133, 73, 128, 120, 32, 44, 76, 4, 33, 176, 3, 202, 4, 139,
       203, 220, 130, 128, 46, 85, 46, 79, 152, 61, 121, 165, 196, 113,
       13, 164, 192, 66, 153, 96, 121, 68, 9, 36, 190, 202, 27, 23, 180,
       225, 91, 16, 112, 67, 141, 168, 231, 21, 8, 6, 84, 134, 248, 1,
       133, 93, 144, 44, 159, 69, 137, 171, 58, 68, 34, 36, 64, 75, 50,
       249, 5, 70, 44, 152, 0, 93, 37, 87, 53, 246, 46, 128, 24, 189,
       124, 167, 137, 120, 224, 41, 148, 112, 120, 163, 89, 37, 133, 16,
       57, 198, 25, 65, 209, 16, 211, 40, 128, 200, 160, 40, 118, 191,
       40, 165, 54, 242, 116, 106, 19, 168, 174, 12, 146, 29, 211, 28,
       59, 194, 43, 180, 67, 210, 76, 250, 38, 38, 113, 139, 216, 132,
       135, 77, 174, 103, 2, 60, 145, 111, 185, 84, 234, 85, 1, 98, 205,
       33, 218, 105, 92, 216, 36, 47, 18, 137, 49, 79, 87, 166, 95, 154,
       16, 248, 233, 94, 36, 84, 72, 43, 69, 20, 253, 19, 153, 172, 24,
       37, 180, 29, 156, 105, 16, 114, 179, 189, 216, 71, 32, 246, 195,
       203, 66, 83, 217, 146, 198, 130, 48, 27, 40, 107, 162, 115, 224,
       41, 99, 145, 189, 39, 197, 45, 45, 123, 102, 223, 43, 39, 222, 11,
       32, 118, 246, 39, 28, 179, 114, 116, 111, 180, 83, 110, 24, 79,
       217, 84, 209, 195, 9, 173, 24, 5, 249, 28, 140, 203, 16, 248, 51,
       157, 88, 87, 49, 184, 66, 9, 130, 19, 201, 130, 134, 2, 8, 43, 2,
       38, 178, 198, 139, 0, 74, 1, 49, 198, 205, 39, 75, 75, 66, 94, 27,
       39, 130, 14, 35, 66, 87, 39, 69, 187, 16, 44, 109, 100, 96, 116,
       56, 43, 85, 92, 181, 243, 153, 172, 24, 5, 241, 29, 156, 203, 16,
       250, 51, 181, 8, 87, 48, 106, 98, 6, 32, 2, 201, 134, 6, 9, 196,
       10, 130, 34, 160, 75, 1, 5, 64, 33, 67, 148, 209, 39, 17, 71, 18,
       16, 12, 5, 2, 156, 1, 64, 79, 44, 70, 183, 8, 8, 5, 8, 44, 64, 20,
       136, 65, 96, 129, 79, 48, 44, 152, 8, 35, 24, 88, 147, 10, 34, 23,
       145, 42, 211, 40, 66, 67, 196, 8, 138, 207, 146, 30, 0, 39, 111,
       41, 136, 152, 168, 36, 31, 197, 119, 48, 240, 200, 211, 26, 41,
       68, 197, 169, 47, 83, 25, 49, 99, 209, 172, 150, 43, 74, 105, 37,
       242, 50, 202, 108, 41, 213, 92, 244, 25, 145, 172, 16, 4, 100, 25,
       156, 75, 24, 242, 59, 188, 88, 210, 48, 177, 131, 235, 2, 35, 201,
       208, 130, 128, 104, 131, 170, 108, 176, 102, 105, 161, 203, 33,
       37, 214, 199, 32, 45, 84, 71, 223, 25, 167, 135, 142, 35, 18, 246,
       46, 79, 154, 89, 48, 237, 44, 97, 116, 56, 40, 213, 95, 182, 34,
       153, 173, 16, 5, 241, 5, 196, 73, 16, 240, 2, 181, 72, 83, 96, 42,
       116, 51, 243, 214, 24, 134, 73, 123, 214, 252, 0, 53, 195, 194,
       144, 83, 226, 213, 129, 35, 199, 45, 200, 107, 14, 138, 166, 15,
       18, 9, 49, 111, 119, 167, 116, 186, 16, 248, 115, 246, 208, 100,
       200, 78, 201, 20, 193, 75, 153, 36, 24, 69, 240, 24, 156, 73, 16,
       114, 115, 191, 88, 70, 161, 255, 4, 202, 0, 11, 192, 200, 134, 0,
       11, 1, 43, 206, 128, 22, 205, 160, 9, 3, 160, 132, 5, 1, 67, 64,
       65, 85, 25, 101, 5, 46, 130, 0, 148, 16, 73, 128, 32, 136, 238,
       32, 33, 60, 40, 33, 53, 94, 62, 32, 145, 194, 32, 54, 149, 65,
       120, 170, 22, 75, 16, 37, 0, 97, 112, 74, 65, 78, 68, 138, 201,
       222, 6, 65, 44, 112, 6, 13, 152, 63, 237, 133, 235, 209, 25, 100,
       216, 1, 154, 112, 81, 93, 25, 38, 176, 10, 27, 71, 209, 37, 85,
       187, 66, 114, 45, 118, 180, 84, 24, 175, 85, 156, 124, 225, 153,
       37, 24, 4, 241, 29, 143, 11, 16, 236, 35, 188, 88, 71, 32, 250,
       123, 48, 85, 55, 223, 163, 35, 56, 254, 57, 212, 121, 173, 75,
       132, 85, 114, 215, 29, 114, 233, 47, 139, 125, 14, 202, 104, 47,
       218, 73, 97, 111, 223, 175, 52, 63, 119, 243, 37, 246, 217, 70,
       74, 14, 73, 29, 201, 211, 140, 100, 88, 4, 245, 190, 141, 235, 80,
