%YAML:1.0
descriptors: !!opencv-matrix
   rows: 30
   cols: 64
   dt: u
   data: [ 108, 33, 243, 144, 16, 7, 33, 255, 196, 70, 130, 52, 81, 130,
       179, 67, 226, 212, 3, 100, 73, 129, 196, 50, 14, 136, 172, 9, 210,
       8, 48, 41, 112, 36, 84, 186, 2, 112, 1, 84, 144, 64, 24, 14, 64,
       20, 193, 204, 153, 44, 24, 4, 112, 28, 148, 73, 16, 240, 33, 188,
       88, 86, 32, 249, 4, 35, 97, 176, 16, 6, 32, 103, 128, 0, 194, 52,
       65, 135, 145, 66, 226, 68, 3, 100, 65, 160, 192, 50, 76, 136, 164,
       9, 82, 12, 48, 8, 80, 36, 85, 186, 16, 48, 1, 84, 16, 80, 24, 142,
       64, 20, 192, 76, 153, 44, 24, 0, 240, 28, 156, 73, 16, 242, 51,
       188, 88, 86, 32, 248, 54, 49, 113, 130, 18, 4, 4, 73, 198, 66,
       129, 48, 113, 2, 176, 87, 226, 212, 3, 100, 1, 34, 129, 38, 76,
       136, 164, 9, 82, 12, 48, 40, 80, 36, 20, 186, 66, 120, 1, 84, 16,
       64, 24, 15, 208, 20, 192, 76, 153, 172, 16, 5, 112, 24, 148, 73,
       16, 242, 51, 156, 88, 86, 32, 248, 66, 0, 128, 18, 201, 130, 6, 2,
       38, 32, 0, 66, 160, 65, 6, 1, 70, 19, 32, 148, 192, 39, 203, 99,
       66, 82, 152, 46, 18, 8, 1, 64, 223, 37, 80, 49, 2, 8, 37, 64, 96,
       64, 8, 11, 209, 92, 181, 79, 17, 172, 24, 0, 245, 24, 152, 139,
       16, 114, 51, 181, 8, 87, 32, 106, 199, 5, 128, 18, 209, 2, 4, 78,
       130, 1, 129, 98, 162, 203, 130, 3, 74, 37, 36, 71, 11, 175, 226,
       71, 6, 211, 19, 45, 146, 8, 0, 0, 6, 39, 52, 154, 0, 56, 71, 22,
       1, 96, 40, 195, 137, 88, 29, 134, 80, 36, 80, 0, 17, 26, 132, 34,
       16, 48, 32, 29, 8, 85, 177, 106, 3, 70, 0, 10, 201, 0, 6, 8, 32,
       64, 40, 2, 0, 11, 4, 37, 67, 48, 5, 64, 64, 130, 152, 32, 70, 133,
       9, 33, 146, 10, 1, 1, 176, 36, 80, 154, 0, 64, 5, 128, 34, 66, 24,
       137, 68, 16, 116, 128, 0, 36, 80, 4, 1, 18, 132, 9, 16, 96, 32,
       52, 8, 70, 32, 40, 2, 68, 8, 138, 15, 144, 4, 1, 38, 66, 1, 0, 56,
       10, 36, 21, 4, 50, 0, 208, 192, 114, 17, 96, 80, 148, 193, 73, 18,
       56, 157, 64, 128, 60, 146, 138, 75, 64, 0, 64, 32, 139, 20, 9, 84,
       84, 164, 76, 16, 174, 16, 4, 34, 1, 202, 17, 24, 35, 50, 148, 16,
       210, 106, 1, 18, 0, 0, 162, 143, 128, 2, 8, 6, 2, 17, 0, 184, 10,
       0, 16, 100, 18, 4, 208, 192, 2, 129, 100, 12, 128, 232, 9, 146,
       40, 129, 72, 16, 44, 20, 154, 75, 64, 1, 194, 128, 64, 20, 8, 64,
       4, 128, 77, 16, 36, 16, 4, 34, 0, 140, 9, 0, 50, 51, 144, 8, 22,
       32, 105, 1, 3, 0, 136, 192, 64, 2, 196, 0, 64, 42, 4, 0, 37, 11,
       160, 69, 72, 1, 100, 10, 128, 4, 128, 74, 0, 8, 64, 128, 0, 10, 1,
       112, 2, 81, 136, 0, 66, 6, 0, 164, 32, 24, 2, 4, 142, 72, 132, 0,
       0, 112, 52, 17, 90, 0, 10, 129, 72, 0, 36, 68, 68, 0, 96, 1, 4, 0,
       2, 201, 2, 2, 0, 32, 0, 0, 0, 0, 73, 0, 1, 68, 33, 1, 4, 192, 35,
       8, 96, 66, 0, 8, 4, 144, 0, 1, 65, 148, 6, 16, 40, 0, 0, 4, 64, 0,
       0, 24, 131, 64, 80, 192, 196, 16, 0, 24, 0, 48, 24, 136, 9, 25,
       32, 35, 148, 0, 86, 4, 73, 2, 1, 0, 16, 8, 130, 6, 4, 0, 34, 3, 0,
       0, 69, 1, 1, 0, 0, 1, 192, 194, 32, 64, 67, 64, 0, 128, 4, 0, 8,
       1, 64, 87, 36, 81, 170, 0, 40, 1, 2, 32, 48, 24, 11, 68, 84, 165,
       75, 25, 172, 24, 5, 49, 25, 156, 8, 16, 98, 51, 181, 72, 86, 32,
       232, 3, 130, 0, 2, 137, 144, 130, 0, 34, 0, 0, 64, 128, 19, 4, 1,
       68, 66, 5, 128, 192, 32, 8, 96, 64, 144, 8, 0, 150, 8, 1, 65, 148,
       36, 80, 144, 64, 64, 9, 128, 193, 18, 24, 15, 64, 4, 208, 69, 16,
       36, 24, 4, 112, 8, 138, 9, 16, 114, 50, 148, 64, 87, 32, 249, 68,
       3, 128, 24, 0, 2, 2, 71, 0, 162, 1, 4, 0, 192, 1, 2, 0, 1, 1, 70,
       130, 37, 64, 3, 72, 0, 128, 4, 0, 12, 0, 64, 195, 6, 81, 170, 16,
       40, 67, 0, 32, 32, 48, 42, 85, 20, 33, 107, 25, 44, 24, 1, 145,
       24, 156, 8, 16, 98, 19, 181, 72, 86, 32, 234, 68, 1, 131, 144, 0,
       66, 8, 71, 2, 194, 1, 4, 0, 132, 19, 2, 12, 64, 0, 102, 2, 160,
       196, 3, 12, 128, 160, 72, 0, 8, 16, 8, 112, 20, 21, 170, 0, 104,
       66, 64, 48, 64, 16, 10, 6, 20, 193, 110, 25, 40, 24, 5, 48, 24,
       148, 72, 144, 98, 51, 157, 72, 70, 32, 242, 68, 2, 131, 128, 64,
       66, 2, 71, 0, 162, 2, 4, 0, 128, 155, 2, 74, 64, 1, 68, 8, 129,
       76, 1, 14, 128, 12, 4, 0, 8, 16, 8, 96, 4, 85, 170, 0, 96, 5, 0,
       160, 64, 16, 8, 1, 28, 0, 192, 25, 44, 16, 0, 17, 25, 4, 10, 128,
       96, 1, 176, 72, 68, 32, 226, 68, 35, 65, 128, 144, 4, 35, 73, 128,
       70, 1, 54, 65, 130, 144, 66, 226, 84, 1, 100, 11, 128, 128, 48,
       76, 136, 168, 9, 146, 8, 48, 9, 112, 36, 84, 154, 64, 112, 1, 212,
       16, 64, 24, 14, 64, 28, 192, 12, 25, 44, 16, 4, 96, 28, 132, 73,
       16, 242, 49, 188, 72, 86, 32, 241, 5, 3, 5, 144, 0, 4, 33, 118,
       160, 196, 2, 5, 65, 61, 145, 3, 138, 76, 129, 96, 64, 32, 192,
       179, 76, 168, 132, 0, 48, 8, 16, 73, 80, 4, 81, 186, 16, 120, 1,
       68, 52, 16, 24, 6, 68, 128, 64, 78, 24, 44, 56, 4, 240, 24, 156,
       8, 0, 98, 35, 156, 72, 6, 32, 250, 0, 5, 0, 152, 1, 0, 4, 15, 0,
       64, 10, 4, 16, 164, 41, 2, 137, 16, 1, 64, 0, 32, 192, 3, 80, 128,
       128, 0, 0, 136, 8, 65, 16, 4, 81, 170, 0, 74, 1, 72, 32, 16, 28,
       34, 4, 20, 100, 78, 17, 44, 24, 4, 50, 25, 148, 8, 16, 98, 35,
       180, 8, 70, 32, 98, 2, 1, 8, 146, 1, 0, 4, 14, 2, 2, 1, 4, 32, 4,
       36, 3, 8, 16, 0, 208, 128, 32, 192, 3, 4, 128, 128, 9, 18, 8, 1,
       65, 149, 36, 17, 170, 2, 72, 1, 64, 32, 64, 48, 41, 148, 20, 229,
       110, 17, 172, 24, 4, 48, 24, 220, 0, 16, 98, 51, 188, 8, 82, 32,
       74, 131, 199, 8, 138, 7, 24, 4, 3, 39, 66, 41, 202, 10, 43, 100,
       15, 133, 50, 36, 149, 2, 214, 17, 96, 80, 213, 145, 40, 19, 58, 2,
       1, 128, 4, 210, 0, 66, 72, 42, 168, 38, 170, 40, 169, 148, 88,
       116, 44, 80, 136, 16, 12, 7, 1, 226, 178, 17, 226, 48, 52, 16,
       209, 72, 10, 133, 202, 2, 1, 32, 88, 128, 128, 40, 145, 47, 206,
       2, 49, 76, 168, 9, 0, 44, 45, 4, 0, 36, 96, 73, 215, 25, 34, 133,
       10, 2, 16, 176, 16, 81, 136, 64, 18, 234, 160, 226, 60, 40, 53,
       148, 22, 116, 160, 145, 137, 20, 4, 145, 77, 131, 10, 16, 64, 32,
       44, 64, 85, 0, 250, 3, 68, 0, 2, 141, 128, 7, 8, 32, 0, 128, 65,
       160, 9, 4, 1, 98, 36, 5, 80, 192, 0, 136, 96, 68, 152, 9, 8, 146,
       8, 1, 73, 144, 36, 16, 186, 66, 96, 1, 196, 65, 66, 24, 11, 64,
       16, 212, 77, 0, 36, 16, 4, 96, 24, 140, 9, 16, 178, 51, 156, 24,
       87, 32, 121, 4, 202, 7, 129, 136, 221, 160, 241, 41, 222, 42, 68,
       16, 52, 249, 160, 129, 88, 205, 42, 68, 0, 12, 208, 105, 20, 9, 0,
       132, 2, 27, 19, 112, 18, 89, 8, 80, 242, 205, 128, 179, 52, 24,
       22, 68, 134, 112, 224, 137, 9, 52, 37, 153, 93, 141, 8, 144, 64,
       34, 172, 64, 71, 32, 176, 131, 203, 8, 10, 33, 88, 20, 130, 43, 3,
       45, 202, 2, 183, 102, 171, 133, 34, 60, 157, 14, 212, 49, 0, 99,
       87, 25, 42, 133, 42, 2, 16, 176, 20, 194, 192, 66, 7, 142, 160,
       194, 190, 56, 49, 146, 90, 116, 180, 195, 139, 38, 52, 73, 71,
       227, 190, 145, 217, 32, 36, 20, 240, 90, 9, 7, 34, 65, 2, 153,
       128, 5, 72, 34, 0, 0, 50, 160, 11, 128, 1, 66, 68, 1, 96, 192, 0,
       128, 96, 68, 128, 8, 9, 146, 8, 1, 73, 20, 36, 84, 186, 0, 120, 1,
       84, 36, 64, 24, 11, 64, 16, 192, 77, 16, 36, 24, 4, 48, 24, 140,
       9, 16, 34, 51, 188, 72, 71, 32, 120, 2, 1, 16, 146, 1, 128, 0, 13,
       70, 64, 1, 20, 48, 2, 128, 18, 98, 22, 0, 64, 192, 32, 195, 99,
       76, 128, 160, 9, 18, 8, 17, 105, 215, 36, 20, 186, 2, 120, 1, 84,
       16, 64, 16, 11, 192, 20, 225, 78, 145, 44, 24, 4, 48, 24, 156, 73,
       16, 114, 51, 184, 88, 86, 32, 250, 39, 38, 97, 162, 157, 32, 33,
       90, 228, 70, 130, 52, 33, 11, 129, 69, 226, 212, 1, 96, 65, 2,
       136, 116, 78, 136, 40, 9, 210, 8, 49, 73, 112, 36, 85, 186, 82,
       114, 1, 84, 144, 64, 24, 14, 64, 20, 192, 196, 153, 44, 24, 4,
       112, 28, 140, 73, 16, 240, 35, 188, 88, 86, 32, 248, 7, 5, 192, 2,
       17, 2, 1, 74, 38, 0, 0, 112, 32, 75, 132, 5, 66, 116, 1, 1, 192,
       38, 192, 99, 68, 146, 128, 13, 18, 8, 0, 73, 150, 36, 20, 186, 0,
