%YAML:1.0
descriptors: !!opencv-matrix
   rows: 12
   cols: 64
   dt: u
   data: [ 12, 33, 97, 160, 16, 5, 33, 110, 196, 68, 195, 52, 81, 6, 145,
       66, 226, 84, 3, 100, 1, 0, 192, 51, 12, 136, 164, 9, 82, 8, 48, 9,
       80, 36, 85, 186, 0, 120, 1, 84, 48, 64, 24, 14, 68, 4, 192, 78,
       25, 44, 24, 4, 112, 28, 156, 73, 16, 242, 51, 188, 72, 22, 32,
       250, 13, 6, 108, 176, 32, 189, 61, 112, 48, 254, 195, 0, 76, 57,
       185, 7, 224, 220, 3, 97, 228, 96, 192, 114, 77, 168, 164, 216, 88,
       4, 49, 235, 215, 36, 85, 186, 83, 120, 233, 116, 120, 92, 56, 47,
       212, 21, 247, 111, 153, 172, 24, 5, 240, 29, 156, 73, 16, 242, 51,
       189, 88, 87, 32, 250, 8, 1, 0, 48, 0, 33, 44, 103, 0, 138, 66, 4,
       16, 4, 129, 2, 234, 24, 1, 66, 192, 32, 192, 83, 76, 136, 164,
       136, 66, 0, 49, 104, 199, 36, 69, 186, 83, 120, 193, 116, 120, 92,
       48, 46, 212, 21, 167, 110, 153, 172, 24, 5, 240, 29, 156, 65, 16,
       242, 51, 189, 88, 87, 32, 250, 55, 49, 113, 134, 23, 133, 29, 72,
       230, 70, 145, 52, 125, 46, 176, 87, 242, 246, 3, 96, 193, 34, 209,
       118, 204, 136, 228, 73, 82, 28, 241, 105, 215, 36, 87, 190, 82,
       120, 137, 116, 112, 92, 56, 47, 212, 20, 229, 111, 153, 172, 24,
       5, 240, 29, 156, 73, 16, 242, 51, 189, 88, 87, 32, 250, 55, 52,
       117, 134, 23, 133, 29, 120, 230, 68, 147, 48, 253, 46, 176, 84,
       242, 212, 3, 96, 193, 34, 193, 118, 76, 168, 164, 9, 82, 12, 113,
       105, 215, 36, 85, 186, 82, 120, 129, 84, 112, 88, 56, 47, 212, 20,
       245, 79, 153, 172, 24, 5, 240, 29, 156, 73, 16, 242, 51, 189, 88,
       87, 32, 250, 62, 51, 117, 146, 55, 53, 13, 127, 230, 70, 209, 52,
       125, 47, 176, 87, 242, 212, 67, 96, 193, 34, 193, 119, 76, 136,
       164, 9, 82, 156, 113, 233, 215, 36, 87, 186, 82, 120, 129, 116,
       112, 92, 24, 15, 212, 20, 229, 79, 153, 172, 24, 5, 240, 29, 156,
       73, 16, 242, 51, 189, 88, 87, 32, 250, 55, 48, 113, 134, 23, 133,
       13, 72, 198, 70, 145, 48, 117, 14, 176, 85, 226, 212, 1, 96, 193,
       32, 193, 118, 76, 136, 160, 9, 82, 8, 49, 105, 215, 36, 84, 186,
       82, 120, 129, 116, 112, 88, 24, 15, 212, 20, 228, 79, 153, 172,
       24, 5, 240, 29, 156, 73, 16, 242, 51, 188, 88, 87, 32, 250, 37,
       39, 245, 144, 16, 36, 33, 126, 196, 198, 195, 52, 65, 139, 153,
       70, 234, 212, 3, 96, 1, 160, 196, 55, 76, 136, 164, 9, 82, 8, 48,
       41, 80, 36, 85, 186, 66, 122, 1, 84, 144, 80, 24, 14, 80, 20, 65,
       110, 153, 44, 24, 5, 112, 29, 148, 73, 16, 242, 51, 188, 88, 86,
       32, 251, 4, 34, 97, 160, 144, 160, 35, 72, 0, 66, 130, 52, 65, 5,
       129, 65, 226, 84, 3, 96, 65, 0, 128, 48, 76, 136, 40, 9, 210, 12,
       49, 9, 112, 36, 84, 186, 64, 114, 1, 84, 128, 64, 24, 14, 64, 4,
       192, 68, 152, 44, 24, 4, 112, 28, 141, 73, 16, 240, 35, 188, 72,
       70, 32, 240, 63, 183, 125, 134, 55, 189, 159, 120, 246, 94, 255,
       242, 253, 123, 252, 84, 242, 214, 7, 99, 245, 98, 193, 118, 205,
       190, 229, 121, 82, 30, 241, 105, 214, 36, 85, 190, 82, 120, 233,
       116, 112, 92, 56, 47, 212, 20, 245, 111, 153, 172, 24, 5, 240, 29,
       157, 73, 16, 242, 51, 189, 88, 87, 32, 250, 63, 50, 125, 182, 63,
       183, 63, 120, 246, 254, 210, 49, 237, 127, 185, 87, 246, 247, 3,
       98, 229, 35, 195, 118, 204, 186, 228, 79, 82, 28, 241, 235, 215,
       36, 85, 190, 82, 120, 233, 116, 120, 92, 56, 47, 213, 16, 245,
       111, 153, 172, 24, 5, 240, 29, 156, 73, 16, 242, 51, 189, 88, 87,
       32, 250, 60, 49, 253, 182, 63, 167, 63, 126, 244, 124, 213, 117,
       125, 111, 176, 84, 250, 221, 67, 99, 225, 39, 193, 119, 204, 170,
       228, 159, 82, 140, 245, 235, 215, 36, 87, 190, 83, 120, 233, 116,
       120, 92, 56, 47, 213, 21, 247, 111, 153, 172, 24, 5, 240, 29, 156,
       73, 16, 242, 51, 189, 88, 87, 32, 250 ]
