%YAML:1.0
descriptors: !!opencv-matrix
   rows: 19
   cols: 64
   dt: u
   data: [ 218, 57, 155, 245, 118, 179, 218, 242, 90, 155, 87, 211, 214,
       192, 18, 90, 244, 215, 62, 239, 143, 61, 227, 211, 175, 218, 246,
       255, 66, 109, 244, 58, 119, 55, 52, 191, 94, 125, 250, 213, 208,
       76, 181, 110, 235, 12, 155, 127, 159, 174, 25, 199, 240, 29, 156,
       73, 65, 243, 51, 251, 121, 55, 161, 254, 61, 53, 253, 190, 55, 53,
       57, 126, 246, 84, 213, 49, 125, 123, 181, 87, 242, 244, 67, 98,
       241, 114, 209, 119, 220, 170, 228, 153, 122, 216, 117, 233, 223,
       36, 23, 190, 210, 120, 193, 124, 120, 95, 24, 15, 212, 53, 229,
       79, 153, 172, 24, 5, 240, 29, 156, 73, 24, 242, 51, 189, 88, 87,
       34, 251, 185, 222, 206, 39, 189, 176, 185, 254, 124, 185, 244,
       251, 174, 155, 130, 79, 106, 253, 189, 217, 233, 71, 239, 125,
       103, 107, 121, 183, 127, 69, 227, 255, 253, 225, 188, 113, 119,
       253, 45, 247, 219, 206, 122, 63, 219, 1, 90, 241, 184, 255, 94, 5,
       252, 190, 222, 77, 182, 180, 183, 156, 222, 23, 36, 223, 60, 49,
       245, 182, 54, 37, 61, 127, 214, 108, 215, 53, 125, 206, 177, 86,
       250, 212, 67, 98, 241, 34, 193, 55, 156, 138, 228, 137, 82, 156,
       117, 233, 199, 36, 85, 190, 82, 120, 193, 116, 88, 92, 21, 46,
       212, 20, 229, 111, 153, 172, 24, 5, 240, 29, 156, 73, 16, 242, 51,
       185, 88, 86, 32, 250, 2, 6, 0, 162, 9, 2, 38, 11, 4, 106, 10, 1,
       0, 14, 41, 7, 2, 28, 1, 64, 192, 0, 136, 40, 68, 140, 8, 5, 18, 0,
       33, 71, 1, 164, 93, 51, 33, 224, 37, 6, 32, 64, 20, 9, 70, 20, 68,
       193, 72, 36, 24, 4, 7, 20, 172, 32, 128, 32, 35, 176, 12, 70, 48,
       32, 214, 17, 25, 208, 119, 19, 219, 203, 134, 130, 151, 82, 19,
       64, 178, 81, 84, 215, 20, 7, 6, 55, 192, 66, 44, 146, 242, 77, 18,
       40, 20, 40, 214, 6, 150, 202, 66, 120, 195, 208, 144, 219, 52, 73,
       145, 28, 145, 14, 151, 172, 16, 5, 56, 25, 213, 91, 16, 114, 48,
       61, 89, 29, 96, 251, 18, 251, 81, 214, 118, 10, 80, 2, 66, 0, 151,
       114, 246, 210, 228, 89, 118, 131, 60, 212, 7, 44, 1, 199, 162, 86,
       241, 93, 166, 46, 196, 32, 154, 103, 48, 158, 74, 88, 219, 85,
       145, 153, 153, 71, 169, 140, 244, 142, 197, 183, 129, 222, 40, 34,
       131, 203, 113, 123, 24, 15, 120, 45, 181, 218, 235, 234, 194, 43,
       223, 176, 163, 156, 120, 187, 240, 123, 170, 11, 139, 73, 66, 93,
       57, 92, 233, 7, 143, 124, 38, 201, 25, 167, 223, 1, 35, 159, 117,
       231, 220, 83, 115, 245, 45, 182, 239, 70, 90, 24, 91, 143, 90,
       145, 76, 93, 92, 36, 197, 166, 237, 168, 208, 172, 165, 156, 140,
       79, 54, 53, 131, 6, 77, 35, 152, 176, 35, 140, 160, 53, 84, 18,
       137, 59, 131, 0, 66, 84, 1, 96, 232, 193, 202, 112, 12, 136, 8, 3,
       242, 0, 49, 75, 245, 36, 20, 186, 83, 112, 37, 158, 212, 66, 24,
       30, 64, 128, 64, 1, 25, 44, 24, 4, 81, 28, 143, 8, 16, 224, 35,
       156, 72, 22, 32, 249, 13, 50, 68, 32, 157, 176, 162, 88, 48, 58,
       192, 49, 104, 9, 129, 1, 64, 108, 131, 208, 225, 66, 9, 248, 4,
       56, 8, 131, 216, 5, 33, 199, 93, 168, 213, 168, 117, 176, 33, 116,
       252, 68, 26, 14, 80, 225, 130, 65, 56, 124, 24, 4, 240, 29, 204,
       65, 22, 162, 135, 148, 200, 211, 36, 113, 71, 2, 65, 34, 217, 162,
       34, 72, 32, 42, 0, 34, 128, 3, 129, 1, 66, 77, 133, 96, 200, 128,
       136, 56, 6, 136, 8, 7, 210, 0, 33, 95, 113, 132, 92, 187, 33, 242,
       5, 150, 130, 66, 24, 8, 64, 13, 64, 209, 24, 44, 16, 36, 65, 28,
       141, 41, 144, 232, 35, 156, 76, 86, 50, 177, 194, 1, 146, 211,
       193, 130, 74, 128, 2, 3, 1, 10, 146, 194, 6, 26, 102, 3, 60, 135,
       14, 173, 3, 3, 134, 210, 243, 109, 130, 168, 128, 32, 18, 151, 16,
       139, 0, 77, 70, 66, 0, 106, 132, 73, 179, 28, 137, 22, 85, 138,
       16, 117, 37, 64, 116, 235, 81, 123, 48, 49, 20, 112, 145, 35, 63,
       245, 125, 222, 54, 29, 93, 123, 247, 84, 253, 242, 125, 122, 180,
       94, 251, 214, 102, 115, 247, 118, 193, 119, 221, 191, 245, 27,
       114, 158, 245, 233, 215, 44, 85, 190, 218, 120, 233, 125, 112,
       223, 57, 47, 212, 52, 245, 111, 153, 172, 24, 5, 240, 29, 156, 73,
       16, 242, 51, 189, 88, 87, 32, 250, 3, 38, 16, 34, 137, 160, 32,
       64, 64, 0, 2, 37, 160, 71, 128, 17, 102, 42, 129, 64, 193, 32, 9,
       64, 132, 136, 96, 137, 130, 4, 161, 64, 5, 36, 85, 186, 33, 0, 1,
       68, 36, 64, 16, 131, 68, 65, 166, 79, 24, 36, 24, 0, 96, 24, 8, 1,
       0, 50, 19, 180, 8, 71, 32, 72, 15, 38, 64, 160, 24, 164, 36, 65,
       32, 68, 64, 112, 140, 43, 128, 85, 98, 232, 1, 96, 225, 32, 16,
       112, 76, 152, 160, 137, 82, 12, 49, 65, 213, 36, 84, 186, 67, 120,
       1, 84, 68, 64, 24, 143, 208, 17, 246, 79, 153, 172, 24, 4, 240,
       28, 156, 73, 16, 242, 51, 156, 88, 87, 32, 248, 114, 49, 137, 54,
       23, 130, 27, 13, 198, 34, 145, 48, 49, 130, 19, 86, 118, 151, 2,
       84, 138, 35, 195, 7, 156, 128, 228, 13, 66, 184, 53, 104, 71, 44,
       6, 190, 202, 56, 1, 84, 24, 72, 21, 8, 208, 116, 129, 79, 27, 174,
       24, 1, 112, 24, 28, 81, 16, 114, 51, 153, 56, 22, 32, 251, 86, 33,
       201, 180, 16, 130, 90, 77, 194, 162, 145, 52, 209, 192, 147, 82,
       162, 69, 2, 67, 139, 37, 66, 67, 140, 138, 162, 13, 66, 44, 49,
       104, 87, 36, 21, 186, 10, 120, 193, 86, 48, 72, 53, 10, 243, 20,
       129, 111, 153, 172, 24, 7, 112, 24, 28, 73, 16, 242, 51, 185, 88,
       86, 32, 242, 77, 38, 229, 32, 216, 178, 39, 88, 160, 126, 194, 50,
       200, 53, 171, 65, 194, 237, 3, 100, 232, 101, 82, 241, 68, 136,
       168, 141, 80, 4, 33, 201, 215, 4, 85, 186, 80, 120, 1, 116, 124,
       84, 24, 142, 85, 17, 199, 79, 152, 172, 24, 5, 240, 29, 156, 73,
       16, 242, 51, 189, 88, 87, 32, 250, 62, 50, 113, 167, 152, 164,
       171, 72, 206, 124, 210, 117, 229, 35, 153, 80, 226, 212, 1, 96,
       193, 32, 138, 120, 76, 152, 32, 11, 86, 10, 49, 127, 117, 36, 93,
       186, 82, 122, 169, 84, 241, 84, 24, 14, 64, 132, 216, 95, 153, 44,
       24, 5, 240, 28, 156, 73, 16, 242, 51, 188, 88, 71, 32, 240 ]
