%YAML:1.0
descriptors: !!opencv-matrix
   rows: 27
   cols: 64
   dt: u
   data: [ 38, 34, 97, 130, 24, 132, 0, 65, 230, 4, 2, 48, 193, 3, 144,
       81, 226, 212, 3, 96, 193, 34, 129, 116, 76, 136, 164, 9, 18, 12,
       49, 104, 84, 36, 84, 186, 66, 120, 1, 84, 80, 64, 24, 15, 192, 20,
       192, 77, 153, 172, 24, 4, 112, 28, 156, 73, 16, 242, 51, 188, 88,
       87, 32, 248, 70, 33, 193, 146, 16, 2, 9, 78, 194, 66, 1, 52, 17,
       130, 131, 82, 98, 84, 1, 100, 3, 129, 196, 2, 14, 128, 168, 9,
       146, 8, 48, 41, 112, 36, 20, 155, 2, 116, 1, 212, 128, 64, 24, 10,
       66, 28, 192, 204, 17, 44, 16, 4, 32, 24, 148, 73, 144, 112, 33,
       188, 92, 6, 34, 241, 60, 177, 253, 172, 55, 117, 61, 127, 213,
       220, 220, 241, 125, 62, 182, 94, 251, 220, 99, 97, 241, 22, 193,
       247, 205, 189, 245, 201, 91, 220, 246, 233, 223, 36, 85, 190, 87,
       120, 233, 116, 120, 93, 56, 47, 212, 53, 247, 110, 153, 172, 24,
       5, 240, 29, 156, 73, 16, 242, 51, 189, 88, 87, 32, 250, 60, 33,
       247, 182, 50, 103, 121, 127, 212, 196, 215, 181, 119, 246, 179,
       226, 251, 220, 67, 99, 117, 168, 229, 183, 13, 171, 164, 137, 83,
       204, 52, 233, 247, 36, 117, 186, 83, 122, 193, 116, 88, 93, 61,
       46, 192, 53, 227, 110, 153, 172, 90, 5, 240, 29, 156, 73, 16, 242,
       51, 189, 88, 86, 32, 250, 4, 34, 65, 128, 153, 128, 3, 72, 32, 2,
       2, 50, 129, 3, 128, 65, 226, 85, 1, 96, 193, 0, 128, 112, 76, 152,
       40, 9, 146, 8, 49, 9, 80, 36, 84, 186, 66, 120, 1, 84, 144, 64,
       24, 15, 64, 20, 192, 77, 153, 44, 24, 4, 112, 28, 140, 73, 16,
       242, 51, 188, 72, 86, 32, 248, 45, 166, 109, 168, 62, 125, 177,
       124, 245, 252, 222, 245, 125, 63, 187, 230, 219, 252, 195, 105,
       241, 114, 223, 244, 125, 169, 4, 147, 127, 223, 127, 235, 253,
       108, 87, 186, 215, 122, 233, 124, 252, 93, 122, 174, 212, 163,
       118, 109, 187, 172, 157, 13, 240, 29, 156, 93, 60, 242, 63, 188,
       219, 223, 44, 250, 61, 54, 101, 32, 62, 181, 161, 124, 240, 60,
       210, 53, 109, 31, 153, 69, 242, 236, 195, 112, 241, 98, 89, 252,
       196, 40, 228, 131, 120, 84, 97, 239, 221, 40, 199, 190, 127, 50,
       169, 124, 252, 84, 26, 142, 68, 225, 130, 77, 184, 44, 24, 9, 240,
       29, 156, 65, 54, 242, 23, 188, 218, 215, 44, 248, 58, 19, 45, 180,
       54, 53, 57, 127, 132, 206, 83, 20, 25, 76, 57, 70, 246, 220, 67,
       98, 208, 50, 192, 115, 12, 136, 164, 8, 82, 144, 53, 232, 103, 36,
       87, 186, 82, 120, 129, 84, 48, 64, 16, 14, 196, 4, 193, 78, 153,
       172, 24, 5, 240, 29, 156, 73, 16, 242, 51, 189, 88, 22, 32, 242,
       187, 221, 125, 142, 247, 95, 151, 9, 255, 69, 29, 250, 191, 126,
       124, 93, 255, 247, 36, 245, 84, 55, 145, 102, 245, 247, 241, 125,
       242, 218, 214, 41, 150, 44, 87, 190, 218, 88, 233, 124, 112, 221,
       60, 47, 213, 20, 245, 110, 153, 172, 24, 13, 242, 29, 156, 73, 48,
       242, 51, 189, 88, 95, 32, 250, 243, 213, 88, 223, 183, 156, 95, 9,
       79, 67, 61, 218, 191, 106, 100, 94, 245, 215, 52, 183, 14, 188,
       163, 98, 253, 215, 243, 123, 147, 59, 214, 57, 194, 60, 20, 223,
       202, 121, 242, 247, 82, 202, 173, 105, 179, 28, 253, 63, 131, 175,
       18, 7, 40, 25, 183, 107, 17, 115, 112, 63, 124, 84, 178, 187, 30,
       177, 77, 214, 55, 49, 89, 58, 212, 30, 212, 113, 105, 74, 52, 65,
       48, 244, 198, 147, 229, 58, 193, 215, 8, 186, 167, 145, 90, 120,
       117, 233, 222, 56, 150, 180, 127, 120, 233, 117, 248, 222, 55, 15,
       208, 117, 177, 79, 184, 190, 152, 3, 240, 29, 156, 81, 22, 179,
       55, 191, 122, 87, 36, 251, 39, 6, 108, 116, 61, 180, 29, 25, 180,
       126, 129, 68, 9, 93, 48, 7, 8, 108, 66, 249, 240, 98, 80, 127, 20,
       182, 133, 18, 124, 179, 33, 194, 79, 56, 135, 40, 210, 56, 232,
       11, 124, 232, 50, 173, 244, 97, 181, 107, 56, 174, 152, 9, 224,
       25, 222, 16, 48, 227, 247, 159, 234, 151, 44, 250, 131, 6, 0, 3,
       201, 192, 130, 128, 10, 33, 26, 71, 128, 53, 64, 48, 101, 3, 4,
       144, 192, 0, 43, 64, 0, 68, 8, 66, 128, 2, 131, 86, 181, 168, 65,
       48, 123, 2, 44, 226, 65, 20, 8, 138, 196, 82, 190, 65, 145, 72,
       24, 4, 180, 9, 136, 203, 18, 81, 150, 52, 0, 83, 0, 72, 64, 10,
       130, 139, 200, 138, 6, 6, 8, 96, 42, 8, 144, 161, 13, 138, 4, 1,
       56, 36, 138, 133, 202, 9, 74, 193, 8, 38, 0, 1, 9, 71, 145, 135,
       81, 9, 0, 196, 38, 2, 166, 50, 8, 1, 13, 30, 108, 145, 85, 64,
       113, 180, 5, 104, 33, 170, 73, 108, 0, 48, 64, 68, 16, 228, 11, 4,
       12, 34, 13, 48, 160, 14, 48, 24, 214, 101, 40, 63, 9, 5, 8, 40,
       129, 208, 224, 34, 201, 115, 32, 56, 0, 130, 94, 81, 33, 195, 221,
       40, 81, 176, 127, 26, 169, 60, 216, 84, 26, 142, 192, 1, 242, 75,
       185, 44, 24, 1, 240, 29, 156, 73, 22, 226, 55, 188, 74, 23, 32,
       218, 80, 1, 146, 86, 0, 6, 88, 71, 2, 4, 1, 4, 18, 224, 144, 18,
       102, 194, 32, 38, 6, 45, 192, 3, 202, 130, 166, 76, 2, 40, 144,
       40, 82, 54, 0, 154, 0, 104, 210, 68, 0, 104, 153, 67, 168, 28,
       161, 78, 145, 164, 16, 85, 48, 24, 148, 75, 17, 114, 112, 59, 88,
       100, 129, 234, 15, 192, 8, 42, 1, 106, 36, 6, 49, 10, 44, 128, 0,
       6, 44, 43, 137, 56, 33, 208, 64, 2, 0, 50, 64, 205, 9, 1, 83, 2,
       32, 64, 144, 32, 83, 160, 51, 0, 41, 32, 106, 30, 60, 41, 84, 85,
       54, 108, 25, 172, 24, 4, 208, 29, 204, 8, 16, 160, 35, 188, 24,
       82, 32, 232, 4, 2, 0, 32, 129, 0, 162, 192, 0, 0, 2, 5, 0, 19,
       201, 32, 64, 8, 129, 68, 64, 0, 4, 80, 64, 8, 8, 0, 128, 0, 32,
       16, 112, 0, 81, 162, 17, 18, 1, 4, 128, 20, 24, 6, 64, 6, 2, 68,
       25, 44, 24, 4, 80, 29, 137, 8, 0, 64, 3, 180, 72, 70, 32, 120, 41,
       7, 229, 32, 16, 38, 33, 127, 164, 28, 66, 21, 1, 141, 147, 7, 74,
       108, 195, 96, 112, 2, 212, 55, 92, 168, 4, 128, 88, 144, 48, 200,
       100, 46, 71, 190, 17, 50, 1, 108, 220, 84, 18, 142, 64, 97, 1,
       206, 56, 44, 24, 8, 240, 28, 156, 0, 32, 226, 35, 188, 74, 214,
       40, 248, 4, 33, 209, 144, 17, 2, 1, 111, 198, 194, 131, 52, 97,
       194, 145, 66, 234, 212, 1, 102, 67, 32, 192, 51, 12, 136, 160, 9,
       82, 8, 48, 105, 82, 36, 84, 186, 82, 120, 1, 84, 16, 64, 24, 14,
       192, 20, 193, 78, 153, 44, 24, 5, 112, 28, 156, 73, 16, 242, 51,
       189, 88, 86, 32, 250, 2, 0, 0, 138, 1, 0, 4, 5, 2, 2, 9, 0, 16, 6,
       37, 18, 13, 18, 0, 148, 8, 128, 128, 0, 64, 129, 8, 8, 146, 40, 0,
       0, 0, 4, 17, 2, 0, 64, 4, 2, 32, 0, 4, 9, 20, 28, 36, 132, 81, 0,
       16, 4, 5, 0, 100, 170, 144, 32, 32, 48, 4, 64, 16, 32, 3, 4, 0, 2,
       201, 0, 6, 8, 2, 0, 0, 0, 0, 11, 0, 1, 66, 68, 0, 0, 64, 0, 136,
       96, 64, 128, 8, 9, 146, 8, 1, 73, 84, 36, 84, 186, 0, 64, 7, 68,
       0, 64, 8, 11, 0, 16, 228, 68, 17, 36, 24, 4, 48, 24, 140, 11, 16,
       32, 34, 60, 72, 84, 32, 248, 66, 1, 131, 144, 0, 70, 8, 7, 134,
       130, 3, 4, 17, 132, 19, 2, 9, 84, 0, 70, 2, 129, 196, 3, 12, 128,
       132, 8, 2, 136, 16, 8, 96, 36, 85, 138, 0, 100, 3, 64, 32, 96, 20,
       8, 6, 28, 129, 110, 17, 44, 16, 5, 16, 24, 20, 8, 144, 98, 33, 56,
       72, 4, 32, 242, 12, 39, 161, 16, 16, 39, 41, 127, 192, 142, 195,
       20, 65, 128, 145, 2, 202, 76, 67, 102, 50, 160, 196, 147, 12, 168,
       166, 136, 64, 4, 48, 200, 96, 6, 85, 186, 0, 44, 1, 68, 24, 64,
       16, 142, 66, 48, 1, 78, 24, 44, 56, 1, 96, 28, 20, 64, 128, 162,
       3, 185, 72, 70, 32, 242, 0, 3, 173, 152, 32, 93, 8, 103, 5, 198,
       11, 132, 81, 164, 25, 162, 139, 80, 67, 106, 6, 160, 196, 147, 93,
       129, 164, 8, 0, 140, 56, 72, 82, 4, 69, 186, 66, 122, 193, 64, 48,
       88, 48, 46, 86, 148, 229, 110, 155, 172, 24, 5, 176, 29, 148, 72,
       16, 226, 59, 189, 88, 86, 32, 242, 0, 3, 129, 16, 0, 0, 12, 70, 2,
       162, 1, 128, 0, 129, 17, 2, 4, 68, 0, 99, 130, 160, 192, 3, 77,
       128, 164, 8, 0, 8, 48, 72, 82, 36, 85, 186, 64, 40, 192, 64, 32,
       72, 56, 47, 150, 20, 193, 110, 25, 168, 24, 1, 48, 25, 156, 72,
       16, 114, 51, 189, 88, 86, 32, 242, 13, 35, 97, 160, 16, 36, 33,
