%YAML:1.0
descriptors: !!opencv-matrix
   rows: 6
   cols: 64
   dt: u
   data: [ 5, 38, 101, 160, 16, 38, 33, 122, 128, 68, 194, 52, 65, 15,
       153, 65, 226, 84, 3, 100, 65, 128, 128, 48, 78, 136, 40, 9, 210,
       8, 48, 9, 112, 36, 85, 186, 80, 114, 1, 84, 208, 84, 24, 14, 64,
       20, 192, 204, 153, 44, 24, 4, 240, 29, 140, 73, 16, 240, 35, 188,
       72, 86, 32, 248, 39, 54, 65, 2, 157, 128, 3, 72, 226, 66, 1, 48,
       161, 11, 132, 85, 98, 212, 1, 96, 193, 34, 129, 100, 76, 152, 168,
       9, 146, 8, 33, 105, 208, 36, 20, 186, 66, 112, 1, 84, 0, 66, 24,
       11, 208, 20, 192, 77, 153, 172, 16, 4, 112, 24, 156, 73, 16, 242,
       51, 156, 88, 87, 32, 249, 20, 33, 97, 144, 16, 2, 33, 110, 192,
       194, 211, 52, 81, 130, 153, 66, 226, 212, 1, 100, 1, 128, 196, 51,
       12, 136, 160, 9, 82, 8, 48, 41, 112, 36, 85, 186, 66, 122, 1, 84,
       144, 64, 24, 14, 64, 20, 192, 78, 153, 44, 24, 5, 112, 29, 148,
       73, 16, 242, 51, 188, 88, 22, 32, 240, 100, 37, 97, 128, 16, 4, 3,
       77, 198, 70, 131, 52, 65, 139, 145, 70, 226, 212, 3, 100, 9, 128,
       128, 48, 76, 136, 172, 9, 210, 8, 48, 41, 80, 36, 84, 186, 66,
       112, 1, 84, 16, 64, 24, 14, 64, 20, 192, 76, 153, 44, 16, 4, 112,
       29, 148, 73, 16, 242, 49, 188, 88, 86, 32, 248, 68, 35, 195, 128,
       16, 2, 32, 238, 0, 0, 3, 52, 65, 134, 155, 226, 66, 68, 1, 100, 2,
       128, 132, 2, 14, 136, 8, 9, 128, 8, 48, 8, 112, 6, 117, 154, 0,
       118, 5, 20, 128, 96, 16, 2, 74, 142, 64, 140, 1, 36, 112, 20, 1,
       26, 133, 8, 128, 104, 1, 56, 76, 4, 32, 176, 7, 4, 64, 2, 25, 128,
       5, 72, 162, 2, 0, 112, 32, 11, 132, 81, 98, 84, 1, 96, 192, 34,
       128, 96, 68, 128, 32, 9, 18, 8, 1, 73, 212, 36, 20, 186, 66, 112,
       1, 84, 64, 66, 24, 11, 208, 16, 244, 77, 17, 44, 24, 4, 112, 24,
       156, 73, 16, 242, 51, 188, 88, 87, 32, 248 ]
