%YAML:1.0
descriptors: !!opencv-matrix
   rows: 14
   cols: 64
   dt: u
   data: [ 116, 35, 241, 144, 16, 38, 33, 127, 196, 196, 192, 52, 97,
       134, 145, 66, 234, 212, 3, 100, 65, 160, 196, 51, 76, 136, 160,
       13, 82, 12, 48, 41, 112, 36, 85, 186, 82, 120, 1, 84, 48, 64, 24,
       14, 68, 20, 193, 78, 153, 44, 24, 5, 240, 28, 156, 73, 16, 242,
       51, 188, 88, 86, 32, 250, 204, 35, 227, 177, 208, 54, 35, 238,
       196, 238, 192, 54, 65, 171, 147, 98, 226, 212, 3, 102, 73, 129,
       230, 48, 14, 136, 172, 9, 210, 12, 50, 59, 112, 36, 20, 187, 82,
       116, 5, 212, 16, 64, 24, 14, 66, 12, 64, 212, 153, 44, 24, 5, 112,
       28, 148, 73, 144, 240, 33, 156, 92, 86, 32, 241, 77, 46, 231, 249,
       56, 119, 161, 254, 185, 252, 206, 181, 73, 189, 219, 238, 139,
       220, 235, 106, 253, 197, 206, 179, 79, 233, 156, 133, 121, 70, 59,
       219, 245, 38, 85, 186, 86, 122, 237, 116, 252, 124, 58, 62, 85,
       135, 99, 235, 153, 172, 28, 5, 241, 29, 156, 76, 16, 226, 35, 189,
       72, 70, 32, 250, 109, 46, 231, 249, 56, 127, 169, 247, 189, 254,
       202, 149, 93, 189, 251, 239, 139, 252, 235, 106, 253, 229, 222,
       187, 93, 109, 150, 150, 124, 71, 59, 223, 255, 66, 117, 168, 85,
       254, 249, 124, 252, 124, 122, 190, 119, 163, 99, 235, 185, 173,
       60, 21, 243, 29, 156, 76, 22, 230, 115, 189, 203, 199, 41, 246,
       63, 182, 125, 170, 63, 189, 171, 120, 252, 254, 210, 117, 253, 63,
       185, 85, 250, 252, 67, 112, 241, 98, 203, 124, 77, 184, 228, 171,
       94, 31, 113, 235, 213, 44, 85, 190, 83, 120, 169, 116, 124, 92,
       56, 47, 212, 21, 246, 111, 153, 172, 24, 5, 240, 29, 156, 73, 16,
       242, 51, 189, 88, 87, 32, 250, 63, 183, 125, 254, 55, 189, 125,
       123, 247, 222, 213, 241, 125, 123, 180, 87, 246, 246, 67, 243,
       245, 118, 209, 119, 221, 186, 230, 217, 122, 124, 245, 233, 223,
       44, 87, 190, 219, 120, 249, 125, 120, 95, 57, 175, 212, 117, 247,
       111, 153, 174, 24, 13, 240, 29, 156, 73, 16, 242, 115, 189, 122,
       87, 40, 251, 63, 244, 125, 238, 63, 189, 253, 121, 255, 255, 245,
       249, 253, 58, 252, 85, 251, 246, 67, 123, 245, 114, 211, 127, 253,
       191, 229, 251, 126, 123, 245, 235, 223, 108, 215, 190, 223, 120,
       249, 125, 120, 223, 127, 47, 212, 53, 245, 111, 187, 174, 24, 13,
       242, 29, 156, 93, 56, 242, 55, 189, 251, 223, 44, 250, 63, 50, 81,
       162, 29, 160, 41, 88, 196, 58, 194, 113, 225, 75, 128, 81, 226,
       213, 3, 96, 193, 36, 202, 127, 76, 154, 160, 15, 82, 8, 49, 111,
       87, 36, 84, 186, 82, 120, 33, 84, 80, 68, 24, 15, 192, 4, 245, 79,
       153, 172, 24, 5, 240, 29, 156, 73, 16, 242, 51, 189, 88, 87, 32,
       250, 61, 48, 117, 166, 223, 165, 43, 120, 230, 68, 209, 48, 253,
       43, 176, 84, 226, 213, 3, 96, 193, 34, 131, 116, 76, 136, 172, 13,
       82, 12, 49, 105, 213, 36, 84, 186, 82, 120, 129, 116, 80, 92, 24,
       15, 208, 20, 224, 79, 153, 172, 24, 5, 240, 29, 156, 73, 16, 242,
       51, 188, 88, 87, 32, 248, 12, 35, 97, 176, 16, 164, 33, 126, 128,
       198, 195, 52, 65, 7, 145, 66, 226, 212, 3, 96, 193, 32, 192, 51,
       76, 136, 164, 9, 82, 12, 49, 73, 87, 36, 85, 186, 80, 120, 1, 84,
       48, 64, 24, 14, 68, 20, 193, 78, 153, 44, 24, 5, 240, 28, 156, 73,
       16, 242, 51, 189, 88, 86, 32, 250, 54, 49, 121, 146, 18, 4, 29, 9,
       198, 70, 17, 48, 53, 110, 180, 86, 242, 214, 0, 96, 131, 34, 193,
       38, 220, 128, 164, 9, 18, 184, 81, 105, 194, 36, 20, 190, 66, 120,
       1, 92, 48, 202, 20, 9, 212, 20, 229, 78, 145, 164, 16, 4, 32, 24,
       156, 65, 16, 114, 51, 185, 88, 86, 32, 248, 68, 35, 97, 160, 80,
       6, 35, 109, 128, 68, 194, 52, 81, 130, 147, 66, 226, 85, 3, 100,
       73, 129, 128, 48, 12, 136, 172, 13, 210, 8, 48, 9, 112, 36, 85,
       186, 16, 112, 5, 84, 144, 64, 24, 14, 64, 4, 64, 196, 25, 44, 24,
       4, 112, 28, 140, 73, 16, 112, 35, 188, 72, 22, 32, 248, 54, 48,
       81, 130, 158, 128, 11, 72, 198, 98, 17, 48, 181, 2, 144, 80, 242,
       212, 1, 96, 129, 32, 128, 108, 12, 136, 160, 9, 18, 8, 49, 105,
       85, 36, 20, 154, 66, 120, 1, 86, 0, 64, 24, 10, 192, 20, 192, 13,
       153, 172, 16, 5, 96, 24, 156, 73, 16, 114, 51, 156, 88, 86, 32,
       241, 68, 33, 195, 145, 16, 70, 41, 206, 132, 230, 3, 52, 65, 131,
       147, 66, 234, 84, 1, 102, 11, 129, 230, 51, 78, 136, 170, 13, 82,
       8, 48, 25, 112, 36, 85, 155, 2, 116, 5, 86, 16, 64, 24, 14, 66,
       28, 65, 172, 153, 44, 16, 5, 112, 28, 148, 73, 144, 242, 33, 188,
       92, 86, 32, 242 ]
