%YAML:1.0
descriptors: !!opencv-matrix
   rows: 3
   cols: 64
   dt: u
   data: [ 59, 246, 125, 255, 63, 253, 253, 89, 253, 254, 214, 249, 253,
       126, 253, 87, 251, 255, 227, 123, 245, 118, 219, 127, 221, 255,
       247, 183, 126, 243, 117, 239, 215, 172, 215, 54, 247, 248, 249,
       127, 124, 93, 127, 45, 213, 21, 247, 107, 185, 238, 24, 13, 246,
       29, 156, 89, 22, 242, 247, 189, 251, 223, 40, 254, 101, 38, 97,
       130, 80, 134, 3, 76, 198, 102, 131, 52, 113, 14, 145, 70, 226,
       213, 3, 100, 201, 35, 195, 53, 76, 136, 172, 13, 82, 12, 49, 105,
       85, 36, 85, 186, 82, 120, 1, 84, 80, 64, 24, 14, 193, 20, 193, 79,
       153, 172, 24, 5, 240, 29, 156, 73, 16, 242, 51, 188, 88, 86, 32,
       250, 191, 244, 125, 239, 255, 189, 223, 24, 255, 127, 189, 250,
       175, 123, 244, 93, 246, 247, 62, 113, 245, 119, 147, 124, 228,
       255, 249, 127, 255, 59, 247, 107, 215, 108, 158, 190, 210, 121,
       249, 245, 114, 222, 56, 173, 209, 80, 244, 79, 153, 173, 24, 5,
       248, 29, 158, 73, 24, 246, 51, 189, 88, 215, 42, 251 ]
