%YAML:1.0
descriptors: !!opencv-matrix
   rows: 24
   cols: 64
   dt: u
   data: [ 44, 33, 225, 176, 16, 38, 33, 127, 132, 68, 193, 48, 65, 139,
       147, 70, 226, 212, 3, 100, 65, 128, 192, 51, 76, 136, 164, 9, 82,
       12, 48, 41, 112, 36, 84, 186, 66, 112, 1, 212, 16, 64, 24, 14, 64,
       20, 192, 76, 153, 44, 24, 4, 112, 28, 148, 73, 16, 242, 35, 188,
       88, 86, 32, 248, 7, 32, 65, 130, 217, 128, 7, 72, 2, 64, 0, 114,
       160, 3, 128, 81, 98, 85, 5, 96, 65, 0, 136, 96, 14, 128, 40, 9,
       146, 8, 17, 9, 16, 36, 20, 154, 2, 112, 5, 212, 1, 64, 24, 11, 64,
       20, 192, 69, 1, 36, 16, 4, 32, 24, 140, 73, 16, 112, 50, 188, 72,
       70, 32, 248, 100, 34, 97, 130, 144, 133, 3, 73, 196, 70, 3, 48,
       81, 2, 177, 66, 226, 212, 1, 100, 73, 128, 128, 48, 12, 136, 168,
       9, 210, 8, 48, 41, 112, 36, 84, 186, 66, 112, 1, 84, 16, 64, 24,
       14, 64, 4, 192, 76, 153, 44, 16, 4, 112, 28, 148, 73, 16, 242, 51,
       188, 88, 22, 32, 240, 7, 34, 81, 130, 217, 128, 7, 72, 134, 0, 2,
       113, 161, 11, 128, 81, 226, 212, 5, 96, 193, 0, 136, 96, 12, 152,
       40, 11, 146, 8, 49, 105, 84, 36, 84, 186, 66, 112, 1, 212, 64, 64,
       24, 11, 64, 20, 192, 69, 153, 36, 24, 4, 96, 28, 140, 73, 16, 114,
       51, 188, 88, 87, 32, 248, 4, 3, 147, 176, 0, 70, 32, 103, 0, 198,
       66, 4, 80, 196, 155, 34, 110, 72, 129, 102, 2, 160, 68, 147, 12,
       136, 164, 200, 64, 132, 48, 72, 114, 18, 81, 170, 16, 106, 65, 64,
       0, 0, 16, 6, 100, 4, 67, 110, 153, 40, 56, 5, 112, 28, 148, 73, 1,
       114, 3, 189, 72, 6, 33, 242, 76, 35, 163, 176, 0, 71, 40, 231, 0,
       134, 67, 20, 81, 128, 155, 194, 138, 76, 3, 100, 2, 129, 196, 147,
       13, 136, 164, 137, 64, 140, 48, 136, 112, 4, 117, 170, 0, 118, 1,
       84, 144, 64, 16, 14, 66, 140, 1, 236, 25, 44, 120, 5, 114, 29,
       149, 72, 128, 98, 9, 184, 76, 6, 32, 242, 4, 203, 0, 220, 32, 72,
       4, 70, 33, 128, 41, 128, 0, 181, 76, 170, 141, 72, 32, 107, 6,
       168, 100, 131, 73, 87, 131, 96, 1, 6, 18, 64, 208, 18, 113, 8, 0,
       72, 226, 0, 38, 58, 56, 103, 182, 150, 117, 106, 17, 128, 100, 86,
       0, 89, 50, 12, 129, 67, 0, 117, 64, 96, 65, 234, 3, 134, 0, 3,
       141, 148, 135, 16, 174, 53, 42, 66, 136, 25, 0, 5, 4, 98, 4, 144,
       208, 34, 26, 108, 80, 52, 13, 34, 180, 16, 1, 86, 141, 168, 194,
       4, 80, 128, 40, 170, 101, 20, 10, 143, 212, 96, 148, 65, 48, 220,
       24, 8, 180, 1, 200, 1, 50, 66, 150, 180, 226, 211, 44, 72, 8, 13,
       140, 152, 0, 109, 36, 119, 49, 220, 14, 133, 16, 180, 61, 163,
       137, 88, 193, 105, 16, 0, 116, 179, 73, 13, 128, 0, 89, 68, 56,
       65, 212, 48, 113, 160, 19, 106, 0, 32, 112, 180, 56, 39, 86, 148,
       103, 238, 25, 40, 126, 4, 208, 29, 152, 12, 147, 194, 43, 188, 65,
       6, 2, 250, 9, 7, 36, 20, 39, 109, 145, 118, 180, 220, 22, 5, 9,
       93, 57, 7, 140, 124, 194, 34, 116, 42, 208, 242, 9, 40, 132, 16,
       120, 84, 21, 73, 222, 56, 83, 184, 214, 106, 200, 33, 244, 61, 27,
       14, 196, 224, 225, 110, 56, 168, 153, 13, 240, 29, 156, 8, 49,
       226, 51, 189, 98, 71, 36, 250, 92, 11, 183, 85, 96, 203, 122, 246,
       8, 128, 219, 150, 210, 244, 155, 170, 127, 137, 107, 71, 14, 173,
       198, 147, 143, 74, 246, 204, 64, 134, 162, 168, 223, 55, 101, 191,
       80, 62, 218, 84, 184, 124, 177, 110, 253, 63, 167, 110, 155, 172,
       25, 193, 240, 29, 156, 73, 65, 242, 115, 251, 88, 119, 161, 250,
       0, 5, 136, 152, 0, 95, 4, 7, 37, 198, 45, 128, 16, 172, 62, 174,
       137, 80, 32, 101, 2, 144, 208, 35, 89, 5, 133, 0, 17, 128, 16, 1,
       212, 20, 83, 136, 2, 72, 66, 8, 50, 57, 60, 37, 20, 20, 117, 238,
       17, 168, 48, 4, 16, 25, 148, 8, 17, 98, 33, 189, 64, 80, 0, 250,
       50, 1, 41, 214, 38, 23, 89, 47, 134, 198, 21, 144, 25, 96, 17, 70,
       172, 212, 64, 103, 2, 48, 192, 35, 28, 130, 166, 24, 18, 184, 20,
       40, 210, 44, 21, 186, 74, 120, 194, 84, 48, 72, 177, 47, 208, 20,
       193, 110, 27, 172, 17, 5, 112, 24, 148, 73, 16, 242, 51, 153, 88,
       86, 32, 250, 250, 144, 145, 167, 238, 224, 191, 172, 90, 57, 90,
       95, 237, 68, 11, 48, 119, 199, 153, 208, 232, 9, 143, 92, 174,
       200, 248, 239, 222, 97, 231, 239, 117, 173, 93, 117, 127, 227,
       172, 103, 73, 76, 67, 10, 205, 31, 254, 21, 173, 214, 89, 167,
       244, 166, 28, 227, 198, 190, 191, 184, 212, 7, 50, 244, 4, 35, 97,
       144, 16, 4, 33, 111, 132, 70, 194, 52, 65, 7, 145, 66, 234, 84, 3,
       96, 65, 32, 192, 51, 76, 136, 164, 9, 82, 12, 48, 73, 84, 36, 85,
       186, 16, 120, 1, 84, 48, 64, 24, 14, 68, 20, 193, 78, 153, 44, 24,
       4, 240, 28, 156, 73, 16, 242, 51, 188, 72, 86, 32, 250, 205, 185,
       239, 85, 117, 51, 249, 254, 240, 187, 228, 243, 106, 219, 163, 75,
       40, 237, 251, 159, 247, 175, 103, 215, 135, 107, 242, 215, 89, 77,
       228, 227, 255, 59, 182, 255, 94, 60, 247, 245, 218, 126, 187, 110,
       251, 113, 147, 239, 253, 174, 40, 211, 241, 125, 220, 68, 118,
       191, 247, 191, 59, 245, 231, 219, 120, 19, 191, 223, 98, 247, 127,
       247, 214, 254, 81, 20, 85, 204, 27, 86, 127, 215, 123, 110, 58,
       175, 198, 151, 152, 249, 190, 12, 82, 144, 114, 187, 99, 47, 37,
       191, 214, 60, 69, 92, 56, 64, 177, 174, 79, 168, 1, 254, 159, 172,
       31, 129, 240, 60, 148, 83, 193, 254, 123, 217, 127, 134, 41, 242,
       1, 71, 0, 138, 0, 72, 4, 7, 35, 64, 40, 128, 0, 129, 47, 171, 11,
       64, 32, 36, 0, 128, 36, 0, 64, 213, 25, 32, 131, 10, 2, 1, 144, 6,
       81, 136, 0, 64, 46, 0, 34, 32, 40, 33, 20, 20, 116, 160, 65, 128,
       118, 20, 1, 10, 36, 10, 145, 96, 0, 36, 68, 68, 0, 226, 3, 206, 0,
       138, 129, 72, 128, 9, 43, 64, 46, 78, 16, 61, 108, 165, 141, 48,
       132, 0, 64, 0, 24, 96, 113, 149, 17, 32, 151, 10, 11, 17, 144,
       192, 91, 0, 32, 66, 202, 8, 35, 180, 8, 33, 20, 150, 124, 160, 1,
       17, 80, 36, 157, 3, 226, 42, 17, 64, 36, 36, 0, 77, 0, 8, 1, 14,
       4, 129, 136, 93, 162, 245, 41, 220, 10, 5, 16, 53, 91, 160, 137,
       104, 193, 32, 212, 64, 30, 240, 89, 108, 12, 0, 172, 198, 27, 87,
       245, 64, 81, 32, 20, 194, 205, 40, 245, 20, 24, 166, 68, 130, 100,
       225, 153, 8, 76, 44, 147, 29, 136, 8, 46, 64, 3, 164, 66, 71, 32,
       248, 131, 197, 9, 158, 38, 28, 29, 3, 39, 70, 61, 202, 31, 168,
       116, 31, 133, 242, 36, 165, 2, 240, 48, 34, 89, 151, 161, 56, 3,
       186, 28, 33, 146, 52, 82, 154, 74, 72, 162, 232, 114, 218, 60, 41,
       148, 22, 244, 76, 145, 168, 16, 5, 40, 25, 151, 73, 24, 242, 48,
       60, 88, 84, 34, 251, 76, 35, 225, 176, 16, 166, 33, 127, 128, 228,
       194, 52, 65, 130, 145, 66, 234, 212, 3, 98, 193, 33, 194, 51, 76,
       136, 164, 13, 82, 12, 48, 73, 87, 36, 85, 186, 80, 120, 1, 84,
       208, 80, 24, 14, 64, 4, 193, 78, 153, 44, 24, 5, 240, 28, 156, 73,
       16, 242, 51, 189, 72, 86, 32, 250, 7, 16, 80, 130, 17, 0, 5, 8, 6,
       64, 1, 48, 33, 11, 128, 81, 98, 86, 0, 64, 193, 32, 129, 96, 4,
       128, 160, 9, 18, 8, 1, 105, 20, 36, 20, 154, 2, 120, 1, 84, 0, 64,
       24, 11, 64, 20, 192, 76, 145, 36, 16, 4, 32, 24, 156, 73, 16, 50,
       50, 188, 88, 86, 32, 248, 39, 54, 65, 2, 157, 128, 3, 72, 226, 70,
       1, 48, 173, 11, 128, 85, 226, 212, 1, 96, 193, 34, 128, 116, 76,
       136, 168, 9, 146, 8, 33, 105, 84, 36, 84, 186, 66, 112, 1, 84, 64,
       64, 24, 15, 192, 16, 192, 77, 153, 44, 24, 4, 112, 28, 156, 73,
       16, 242, 51, 188, 88, 87, 32, 248 ]
