%YAML:1.0
descriptors: !!opencv-matrix
   rows: 89
   cols: 64
   dt: u
   data: [ 62, 180, 253, 158, 62, 223, 31, 127, 231, 230, 149, 176, 125,
       62, 188, 94, 251, 247, 98, 121, 149, 115, 219, 127, 221, 245, 245,
       127, 115, 221, 213, 111, 199, 172, 199, 190, 202, 120, 233, 127,
       112, 223, 101, 47, 149, 52, 245, 111, 155, 172, 153, 13, 242, 29,
       156, 89, 48, 242, 51, 189, 249, 215, 40, 254, 141, 206, 239, 201,
       224, 253, 163, 253, 189, 223, 238, 207, 219, 61, 127, 173, 137,
       125, 251, 45, 124, 87, 254, 240, 127, 125, 29, 36, 253, 215, 58,
       155, 253, 67, 219, 105, 84, 243, 237, 40, 255, 53, 122, 183, 85,
       230, 124, 176, 191, 153, 191, 60, 219, 255, 143, 62, 118, 204, 46,
       172, 199, 223, 12, 250, 0, 130, 140, 11, 137, 209, 130, 148, 57,
       186, 2, 142, 144, 53, 43, 129, 137, 84, 33, 32, 192, 1, 206, 96,
       73, 213, 24, 34, 20, 10, 19, 66, 213, 32, 81, 32, 82, 72, 109, 32,
       112, 20, 40, 47, 21, 148, 116, 97, 17, 136, 24, 4, 149, 9, 156,
       10, 16, 96, 34, 61, 64, 87, 32, 250, 226, 205, 139, 222, 38, 95,
       93, 131, 239, 199, 61, 202, 155, 184, 126, 254, 141, 245, 52, 255,
       6, 215, 240, 103, 127, 215, 149, 56, 51, 186, 22, 57, 146, 44, 83,
       218, 202, 77, 250, 121, 50, 251, 61, 121, 159, 28, 245, 46, 215,
       168, 146, 141, 152, 25, 180, 94, 49, 242, 120, 61, 121, 213, 24,
       250, 170, 203, 111, 204, 38, 93, 221, 191, 191, 222, 61, 203, 31,
       61, 127, 236, 157, 244, 102, 187, 116, 82, 244, 242, 121, 247,
       149, 112, 125, 242, 86, 185, 220, 120, 219, 224, 222, 120, 248,
       57, 119, 31, 59, 63, 181, 180, 244, 108, 187, 187, 159, 15, 250,
       29, 158, 92, 61, 211, 58, 253, 115, 223, 14, 250, 220, 59, 215,
       245, 112, 162, 248, 246, 80, 187, 66, 245, 70, 199, 130, 90, 106,
       205, 185, 111, 231, 45, 230, 219, 143, 202, 162, 199, 92, 69, 48,
       239, 119, 35, 124, 179, 53, 254, 247, 245, 209, 108, 187, 110,
       235, 5, 203, 255, 216, 172, 120, 247, 224, 126, 156, 73, 199, 254,
       55, 207, 92, 55, 161, 254, 35, 69, 9, 146, 7, 12, 5, 15, 166, 100,
       61, 128, 29, 171, 52, 23, 231, 246, 4, 97, 2, 162, 240, 39, 92,
       131, 165, 9, 19, 24, 16, 105, 208, 36, 20, 186, 66, 96, 3, 222,
       18, 202, 56, 11, 144, 20, 228, 78, 145, 164, 18, 4, 32, 24, 148,
       73, 24, 114, 33, 60, 88, 84, 34, 249, 179, 213, 109, 154, 55, 29,
       21, 14, 167, 100, 61, 216, 31, 251, 52, 127, 227, 246, 36, 97, 2,
       226, 160, 39, 76, 167, 165, 27, 51, 24, 80, 105, 208, 36, 20, 186,
       66, 112, 131, 254, 82, 218, 56, 15, 144, 22, 228, 78, 145, 164,
       18, 4, 104, 25, 151, 73, 24, 242, 49, 188, 88, 86, 34, 249, 167,
       254, 67, 167, 221, 200, 135, 200, 158, 121, 186, 123, 163, 75,
       192, 245, 235, 213, 45, 99, 196, 44, 168, 120, 110, 223, 59, 43,
       214, 11, 51, 127, 82, 167, 92, 219, 82, 113, 237, 246, 81, 84, 8,
       31, 201, 6, 252, 21, 137, 165, 80, 5, 248, 23, 140, 73, 16, 240,
       48, 189, 92, 87, 32, 184, 69, 6, 33, 1, 216, 6, 35, 200, 128, 102,
       2, 6, 193, 77, 131, 5, 194, 85, 3, 100, 72, 135, 138, 96, 78, 152,
       28, 13, 146, 8, 49, 75, 87, 36, 84, 154, 0, 112, 5, 86, 0, 64, 24,
       10, 65, 28, 192, 133, 25, 44, 24, 4, 112, 24, 140, 73, 16, 96, 49,
       188, 72, 71, 32, 240, 85, 51, 211, 245, 248, 162, 122, 78, 0, 43,
       193, 55, 194, 195, 130, 83, 98, 205, 185, 70, 207, 173, 194, 27,
       14, 202, 170, 207, 82, 44, 32, 111, 115, 151, 52, 187, 48, 252,
       87, 215, 64, 96, 154, 66, 235, 13, 201, 223, 92, 36, 120, 245, 97,
       126, 188, 235, 209, 190, 51, 159, 76, 38, 177, 241, 179, 213, 109,
       158, 55, 29, 93, 30, 167, 101, 189, 248, 63, 251, 244, 223, 243,
       244, 38, 113, 2, 242, 176, 38, 78, 167, 229, 27, 251, 24, 92, 105,
       208, 108, 22, 254, 66, 112, 179, 255, 86, 219, 60, 15, 208, 22,
       244, 78, 145, 164, 18, 4, 104, 25, 151, 77, 56, 242, 49, 60, 88,
       86, 38, 249, 85, 51, 87, 245, 216, 34, 43, 254, 208, 62, 194, 21,
       65, 193, 147, 34, 98, 204, 139, 102, 104, 168, 172, 154, 14, 138,
       162, 128, 216, 4, 32, 223, 112, 39, 20, 187, 20, 246, 5, 212, 214,
       96, 154, 30, 104, 131, 193, 222, 8, 45, 94, 81, 96, 30, 132, 73,
       132, 232, 3, 158, 76, 6, 35, 177, 7, 7, 144, 148, 1, 10, 4, 70,
       34, 192, 1, 194, 0, 7, 134, 19, 235, 65, 32, 71, 134, 45, 64, 67,
       69, 214, 144, 13, 18, 40, 0, 65, 151, 36, 117, 154, 0, 104, 235,
       68, 33, 24, 56, 97, 165, 20, 117, 111, 144, 164, 56, 5, 176, 16,
       188, 73, 16, 50, 50, 181, 88, 87, 32, 234, 198, 1, 130, 150, 32,
       2, 88, 135, 2, 161, 3, 7, 18, 194, 2, 18, 40, 210, 0, 7, 14, 173,
       230, 3, 14, 138, 178, 9, 2, 40, 18, 40, 115, 37, 116, 186, 66,
       126, 195, 212, 208, 64, 24, 14, 139, 12, 201, 110, 145, 36, 88, 5,
       112, 26, 148, 75, 144, 114, 49, 61, 76, 20, 32, 251, 5, 14, 128,
       136, 1, 200, 164, 103, 0, 208, 10, 5, 16, 54, 139, 160, 203, 24,
       129, 32, 192, 1, 206, 97, 89, 205, 16, 0, 0, 0, 19, 75, 149, 2,
       81, 176, 53, 66, 73, 4, 33, 20, 24, 38, 68, 132, 117, 228, 153,
       44, 89, 4, 178, 29, 152, 72, 0, 64, 35, 165, 72, 71, 32, 250, 66,
       1, 128, 22, 201, 130, 24, 6, 2, 34, 1, 4, 2, 192, 2, 17, 12, 2, 0,
       148, 138, 161, 98, 3, 6, 130, 130, 76, 130, 40, 128, 64, 5, 180,
       16, 1, 42, 4, 2, 194, 0, 162, 0, 72, 128, 92, 129, 14, 81, 2, 82,
       2, 37, 64, 48, 163, 145, 19, 0, 16, 0, 48, 18, 105, 192, 129, 155,
       147, 192, 6, 142, 195, 98, 195, 9, 202, 146, 231, 182, 24, 207,
       67, 32, 103, 6, 229, 66, 194, 218, 215, 191, 44, 130, 170, 18, 0,
       214, 6, 69, 139, 0, 104, 238, 66, 36, 72, 56, 97, 181, 28, 245,
       47, 145, 172, 48, 119, 177, 25, 28, 203, 25, 122, 16, 45, 92, 81,
       113, 234, 76, 46, 231, 153, 216, 79, 161, 247, 172, 244, 202, 21,
       81, 244, 187, 230, 203, 92, 227, 98, 124, 129, 222, 179, 95, 237,
       28, 128, 193, 142, 58, 207, 245, 3, 87, 186, 16, 242, 237, 124,
       52, 52, 24, 38, 77, 166, 101, 224, 153, 44, 92, 20, 211, 31, 156,
       73, 16, 232, 35, 189, 72, 71, 33, 242, 3, 204, 138, 168, 1, 220,
       132, 7, 45, 195, 44, 200, 18, 173, 46, 143, 137, 120, 161, 41,
       132, 85, 122, 97, 85, 213, 25, 38, 19, 34, 18, 65, 149, 146, 211,
       0, 33, 204, 238, 34, 32, 60, 44, 97, 23, 28, 117, 162, 81, 136,
       56, 52, 149, 69, 240, 174, 25, 202, 34, 165, 81, 81, 25, 234, 86,
       50, 81, 180, 124, 162, 59, 78, 194, 42, 193, 52, 101, 195, 145,
       83, 226, 197, 27, 102, 138, 169, 128, 63, 140, 202, 170, 143, 82,
       40, 33, 110, 115, 165, 60, 187, 0, 244, 5, 215, 0, 64, 25, 74,
       227, 12, 193, 95, 136, 164, 80, 1, 97, 60, 148, 75, 192, 190, 51,
       153, 92, 6, 48, 181, 7, 197, 9, 152, 36, 150, 28, 3, 35, 70, 33,
       202, 130, 128, 36, 27, 128, 101, 36, 229, 2, 36, 80, 67, 76, 151,
       163, 45, 3, 40, 48, 1, 210, 52, 84, 138, 74, 104, 160, 96, 34, 74,
       56, 41, 151, 28, 244, 47, 17, 172, 16, 5, 96, 25, 188, 9, 16, 242,
       51, 189, 88, 87, 34, 187, 197, 170, 195, 131, 216, 216, 166, 200,
       105, 161, 14, 254, 176, 55, 203, 224, 139, 1, 185, 35, 205, 69,
       74, 104, 101, 212, 25, 39, 166, 11, 3, 31, 151, 199, 93, 131, 48,
       219, 239, 54, 101, 53, 104, 113, 21, 28, 124, 177, 221, 204, 41,
       53, 151, 229, 236, 170, 72, 76, 144, 45, 200, 93, 113, 94, 66, 35,
       1, 16, 0, 16, 12, 2, 66, 2, 33, 2, 192, 129, 0, 2, 0, 0, 4, 197,
       10, 164, 1, 130, 192, 16, 161, 8, 0, 12, 32, 0, 82, 20, 84, 170,
       8, 40, 0, 192, 32, 74, 48, 9, 208, 20, 128, 78, 17, 172, 16, 3,
       96, 24, 28, 9, 16, 115, 17, 148, 72, 82, 96, 41, 3, 141, 128, 10,
       193, 202, 134, 2, 42, 64, 3, 70, 128, 5, 15, 17, 13, 3, 32, 148,
       0, 5, 66, 65, 99, 213, 25, 100, 2, 34, 2, 1, 151, 176, 89, 0, 33,
       72, 234, 0, 33, 60, 40, 97, 21, 28, 245, 41, 81, 200, 24, 5, 149,
       65, 120, 170, 19, 3, 16, 37, 0, 97, 16, 74, 1, 15, 212, 138, 0,
       223, 162, 103, 41, 212, 14, 133, 16, 55, 251, 166, 203, 144, 129,
