%YAML:1.0
descriptors: !!opencv-matrix
   rows: 10
   cols: 64
   dt: u
   data: [ 35, 54, 81, 2, 221, 128, 3, 72, 98, 65, 2, 115, 160, 11, 128,
       81, 98, 215, 5, 96, 193, 0, 137, 100, 4, 152, 40, 11, 146, 8, 1,
       109, 20, 164, 92, 154, 66, 112, 5, 214, 193, 64, 8, 10, 64, 4,
       200, 69, 128, 36, 16, 4, 96, 16, 140, 73, 16, 112, 34, 156, 88,
       87, 32, 248, 63, 53, 109, 158, 55, 181, 29, 122, 231, 70, 149,
       176, 125, 59, 180, 87, 250, 244, 67, 113, 241, 118, 209, 119, 92,
       188, 165, 25, 114, 28, 117, 233, 214, 44, 87, 190, 90, 120, 129,
       124, 112, 89, 56, 47, 212, 20, 245, 111, 153, 172, 24, 5, 240, 29,
       156, 73, 24, 242, 51, 189, 88, 87, 32, 250, 63, 53, 125, 158, 55,
       29, 29, 58, 230, 68, 149, 176, 125, 63, 180, 86, 246, 246, 66,
       240, 209, 114, 209, 119, 220, 188, 229, 89, 114, 152, 245, 105,
       214, 44, 85, 190, 74, 120, 193, 124, 112, 89, 56, 47, 212, 52,
       245, 111, 153, 172, 24, 5, 240, 29, 156, 73, 16, 242, 51, 189, 88,
       87, 32, 250, 62, 53, 125, 158, 55, 157, 29, 75, 230, 70, 149, 176,
       125, 58, 180, 86, 242, 246, 67, 96, 209, 50, 209, 119, 220, 152,
       228, 73, 82, 156, 245, 105, 198, 44, 87, 190, 66, 120, 129, 124,
       48, 91, 56, 47, 212, 20, 245, 110, 153, 172, 24, 5, 240, 29, 156,
       73, 16, 242, 51, 189, 88, 87, 32, 250, 62, 49, 81, 182, 22, 38,
       59, 106, 198, 110, 81, 48, 117, 74, 145, 82, 242, 214, 1, 96, 193,
       32, 192, 54, 140, 136, 228, 73, 82, 8, 113, 105, 82, 36, 20, 190,
       82, 120, 129, 84, 80, 74, 24, 14, 192, 20, 193, 78, 153, 172, 24,
       5, 112, 28, 156, 73, 16, 242, 51, 185, 88, 86, 32, 249, 45, 50,
       117, 160, 25, 167, 35, 124, 244, 126, 194, 53, 97, 15, 145, 69,
       226, 212, 131, 96, 225, 35, 202, 119, 76, 136, 168, 15, 82, 12,
       49, 235, 85, 36, 85, 186, 82, 122, 33, 116, 80, 84, 24, 14, 84,
       21, 193, 79, 153, 44, 24, 5, 240, 29, 156, 73, 16, 242, 51, 188,
       88, 87, 32, 248, 39, 50, 81, 162, 157, 128, 7, 72, 230, 70, 129,
       48, 45, 11, 128, 85, 226, 212, 1, 96, 193, 32, 128, 116, 76, 136,
       168, 9, 18, 8, 49, 105, 84, 36, 84, 186, 66, 112, 1, 84, 0, 64,
       24, 15, 192, 4, 196, 77, 153, 44, 24, 4, 112, 24, 156, 73, 16,
       242, 51, 156, 88, 87, 32, 248, 124, 59, 255, 253, 50, 127, 121,
       247, 253, 254, 254, 181, 95, 246, 251, 234, 251, 220, 251, 111,
       125, 189, 228, 183, 223, 235, 166, 137, 73, 204, 62, 251, 242, 36,
       85, 250, 87, 122, 193, 244, 250, 93, 56, 62, 212, 167, 195, 110,
       153, 172, 30, 5, 240, 29, 157, 73, 16, 242, 59, 189, 89, 86, 34,
       251, 124, 57, 251, 183, 50, 103, 59, 239, 198, 198, 215, 54, 117,
       238, 187, 246, 251, 213, 67, 102, 111, 165, 197, 55, 157, 202,
       180, 141, 82, 142, 118, 185, 114, 36, 85, 190, 82, 122, 193, 84,
       120, 92, 49, 46, 197, 20, 225, 110, 153, 172, 24, 5, 240, 29, 156,
       73, 16, 242, 51, 189, 88, 22, 32, 250, 126, 49, 253, 190, 55, 39,
       63, 127, 230, 198, 245, 176, 125, 234, 182, 86, 246, 214, 67, 103,
       121, 179, 209, 55, 220, 170, 228, 93, 82, 156, 244, 169, 210, 44,
       22, 190, 82, 120, 193, 124, 120, 90, 60, 47, 212, 52, 229, 110,
       153, 172, 24, 5, 240, 29, 156, 73, 16, 242, 51, 189, 88, 86, 32,
       250 ]
