%YAML:1.0
descriptors: !!opencv-matrix
   rows: 86
   cols: 64
   dt: u
   data: [ 227, 4, 64, 18, 221, 132, 5, 14, 166, 103, 57, 80, 42, 235,
       132, 55, 227, 84, 36, 97, 138, 162, 168, 43, 78, 135, 161, 43,
       147, 8, 17, 73, 241, 38, 20, 186, 66, 112, 35, 214, 66, 74, 40,
       11, 208, 24, 245, 15, 17, 164, 16, 4, 96, 24, 148, 73, 152, 242,
       33, 188, 88, 86, 32, 248, 64, 2, 131, 145, 200, 130, 163, 232, 0,
       229, 2, 22, 129, 196, 147, 0, 202, 85, 33, 102, 200, 133, 202,
       105, 78, 216, 152, 46, 146, 8, 51, 95, 87, 37, 85, 187, 16, 120,
       109, 86, 48, 64, 24, 14, 69, 28, 201, 177, 25, 172, 24, 5, 241,
       28, 156, 73, 16, 224, 51, 189, 72, 87, 32, 250, 251, 212, 8, 190,
       95, 6, 93, 11, 247, 111, 61, 234, 63, 202, 54, 95, 246, 247, 52,
       209, 74, 150, 177, 46, 86, 215, 243, 43, 211, 249, 244, 105, 130,
       172, 150, 247, 235, 109, 32, 255, 66, 202, 116, 73, 210, 92, 212,
       93, 213, 174, 18, 5, 108, 16, 188, 241, 152, 178, 113, 60, 29,
       212, 58, 185, 131, 15, 65, 18, 25, 8, 4, 74, 162, 33, 11, 66, 130,
       247, 196, 3, 235, 85, 37, 97, 198, 166, 136, 99, 78, 215, 145, 43,
       146, 10, 19, 72, 210, 38, 84, 186, 66, 120, 107, 86, 96, 80, 56,
       47, 197, 20, 244, 239, 145, 164, 16, 4, 240, 29, 142, 9, 16, 112,
       49, 189, 88, 87, 32, 250, 227, 212, 201, 186, 223, 6, 93, 14, 246,
       111, 61, 248, 63, 234, 182, 93, 226, 244, 53, 97, 200, 163, 187,
       47, 78, 139, 163, 47, 211, 57, 49, 111, 241, 164, 22, 250, 98,
       117, 33, 246, 82, 202, 76, 9, 208, 20, 209, 79, 153, 172, 26, 4,
       104, 24, 157, 73, 152, 242, 51, 188, 88, 86, 34, 249, 71, 2, 194,
       147, 216, 134, 134, 64, 38, 103, 0, 94, 154, 111, 179, 81, 234,
       213, 41, 102, 203, 37, 203, 105, 78, 222, 58, 47, 146, 8, 51, 107,
       87, 39, 85, 155, 82, 120, 109, 86, 96, 64, 24, 47, 213, 28, 245,
       151, 153, 172, 24, 5, 240, 29, 156, 75, 16, 242, 51, 189, 88, 87,
       32, 250, 73, 22, 132, 50, 221, 162, 39, 90, 176, 57, 192, 99, 162,
       73, 4, 5, 98, 45, 143, 84, 240, 47, 26, 127, 66, 122, 106, 134,
       216, 0, 97, 197, 95, 171, 156, 49, 53, 172, 53, 37, 77, 102, 26,
       143, 73, 97, 143, 211, 40, 118, 24, 0, 229, 252, 206, 129, 31,
       188, 183, 151, 130, 71, 181, 0, 34, 200, 13, 138, 7, 93, 133, 141,
       239, 68, 62, 204, 57, 60, 125, 164, 203, 116, 64, 32, 16, 82, 181,
       100, 121, 213, 21, 32, 183, 218, 26, 25, 148, 108, 67, 216, 66,
       66, 201, 40, 50, 213, 60, 61, 20, 150, 116, 100, 147, 9, 151, 12,
       154, 5, 134, 24, 48, 96, 40, 60, 65, 223, 44, 250, 133, 71, 67,
       16, 153, 0, 128, 202, 130, 33, 0, 82, 130, 195, 128, 9, 202, 85,
       37, 99, 66, 134, 136, 98, 78, 214, 21, 43, 146, 10, 18, 90, 210,
       38, 84, 186, 82, 120, 105, 86, 80, 80, 56, 47, 209, 20, 244, 237,
       153, 172, 16, 5, 240, 25, 140, 73, 16, 112, 49, 61, 88, 85, 32,
       250, 193, 203, 158, 113, 64, 90, 228, 198, 41, 145, 46, 206, 18,
       181, 70, 170, 77, 11, 189, 207, 15, 141, 103, 147, 211, 95, 153,
       230, 225, 134, 162, 18, 159, 19, 97, 97, 17, 12, 236, 104, 112,
       60, 56, 55, 253, 93, 119, 228, 221, 200, 40, 245, 209, 95, 88,
       206, 87, 221, 5, 53, 84, 113, 209, 74, 71, 5, 128, 52, 201, 128,
       94, 8, 0, 33, 129, 98, 160, 64, 0, 3, 0, 9, 2, 211, 207, 47, 66,
       67, 68, 74, 194, 111, 64, 36, 161, 66, 143, 60, 68, 170, 3, 40,
       234, 71, 72, 40, 49, 235, 241, 81, 183, 43, 25, 238, 24, 71, 240,
       28, 88, 65, 17, 179, 183, 177, 40, 115, 161, 74, 7, 5, 136, 52, 1,
       160, 124, 74, 0, 163, 133, 226, 226, 192, 36, 3, 0, 41, 34, 211,
       135, 47, 67, 67, 4, 18, 194, 207, 64, 36, 161, 64, 143, 30, 128,
       170, 3, 40, 98, 67, 72, 42, 52, 97, 243, 81, 183, 107, 25, 234,
       40, 71, 112, 24, 120, 0, 19, 179, 183, 179, 40, 115, 225, 74, 129,
       6, 130, 17, 201, 0, 129, 202, 160, 161, 3, 70, 130, 201, 131, 1,
       202, 85, 33, 99, 64, 135, 194, 98, 78, 218, 144, 43, 146, 10, 50,
       75, 87, 36, 85, 186, 82, 120, 233, 84, 112, 80, 56, 15, 193, 20,
       241, 109, 153, 172, 24, 5, 240, 29, 156, 73, 16, 242, 49, 189, 72,
       87, 32, 250, 197, 142, 154, 25, 200, 218, 166, 198, 41, 161, 6,
       206, 130, 245, 75, 136, 77, 11, 185, 198, 79, 133, 78, 193, 195,
       87, 25, 230, 160, 6, 130, 2, 151, 147, 81, 65, 17, 141, 239, 34,
       96, 60, 40, 53, 93, 28, 127, 177, 221, 200, 40, 117, 213, 111, 88,
       235, 87, 205, 17, 37, 80, 113, 81, 202, 196, 9, 198, 145, 216, 71,
       132, 198, 36, 239, 42, 87, 18, 238, 179, 109, 235, 85, 37, 102,
       71, 141, 174, 51, 78, 223, 59, 39, 210, 10, 50, 91, 119, 39, 85,
       187, 82, 116, 109, 212, 112, 116, 56, 47, 205, 28, 245, 230, 153,
       172, 24, 5, 241, 31, 156, 73, 16, 240, 35, 189, 76, 87, 32, 248,
       198, 205, 138, 152, 0, 94, 68, 135, 39, 198, 45, 138, 18, 174,
       118, 175, 137, 112, 36, 45, 14, 212, 112, 35, 95, 215, 151, 41,
       129, 170, 18, 1, 128, 150, 179, 202, 0, 76, 102, 170, 34, 170, 44,
       241, 62, 94, 116, 168, 83, 137, 54, 156, 9, 67, 230, 190, 153,
       200, 104, 125, 93, 208, 91, 163, 34, 71, 109, 138, 131, 93, 7, 73,
       173, 68, 47, 4, 25, 60, 124, 229, 203, 116, 69, 96, 28, 242, 144,
       36, 93, 245, 21, 40, 179, 154, 27, 25, 128, 4, 211, 218, 66, 66,
       201, 8, 54, 213, 28, 181, 20, 214, 116, 36, 131, 45, 151, 12, 154,
       29, 135, 24, 56, 96, 40, 60, 72, 222, 44, 248, 236, 46, 247, 197,
       248, 127, 169, 243, 189, 221, 202, 87, 95, 253, 219, 236, 235,
       221, 255, 110, 116, 141, 188, 249, 127, 253, 63, 128, 204, 206,
       58, 159, 116, 103, 125, 251, 84, 246, 221, 60, 213, 84, 24, 190,
       77, 166, 248, 244, 141, 45, 92, 181, 209, 31, 140, 73, 208, 236,
       33, 173, 78, 7, 33, 176, 199, 232, 203, 41, 217, 218, 223, 200,
       41, 171, 41, 234, 130, 130, 230, 91, 137, 117, 60, 7, 15, 213, 42,
       104, 103, 215, 27, 39, 147, 43, 18, 19, 146, 135, 157, 203, 34,
       253, 111, 54, 96, 232, 44, 121, 159, 92, 124, 177, 85, 140, 48,
       52, 205, 243, 236, 170, 80, 188, 48, 61, 92, 85, 112, 186, 179,
       178, 210, 167, 253, 160, 139, 136, 126, 59, 146, 123, 174, 75,
       131, 85, 114, 215, 140, 146, 193, 7, 139, 108, 230, 144, 120, 39,
       158, 105, 225, 127, 55, 225, 220, 53, 118, 249, 45, 55, 193, 68,
       74, 72, 193, 0, 216, 81, 248, 254, 24, 37, 244, 160, 188, 235, 22,
       18, 182, 141, 146, 95, 52, 125, 0, 3, 1, 145, 200, 128, 1, 72,
       134, 45, 2, 83, 129, 64, 144, 0, 226, 213, 1, 96, 200, 36, 138,
       97, 78, 138, 164, 15, 18, 8, 49, 9, 119, 38, 84, 186, 80, 120, 1,
       212, 192, 64, 24, 14, 192, 4, 193, 71, 153, 44, 24, 4, 112, 24,
       157, 73, 16, 114, 51, 188, 88, 86, 32, 249, 6, 81, 8, 52, 47, 176,
       30, 0, 0, 43, 49, 66, 128, 64, 36, 17, 4, 11, 4, 209, 193, 48, 1,
       90, 128, 18, 227, 214, 64, 36, 165, 64, 90, 184, 142, 37, 235, 40,
       128, 225, 74, 202, 19, 73, 242, 85, 130, 95, 48, 202, 16, 67, 108,
       0, 127, 25, 23, 147, 151, 150, 52, 114, 226, 33, 11, 196, 8, 174,
       239, 155, 94, 0, 63, 65, 61, 200, 188, 124, 36, 20, 253, 179, 52,
       177, 196, 119, 211, 99, 112, 215, 241, 126, 122, 243, 213, 97,
       151, 252, 83, 48, 227, 72, 232, 104, 112, 157, 124, 41, 213, 20,
       245, 111, 145, 142, 24, 5, 244, 5, 218, 73, 57, 243, 50, 189, 80,
       91, 32, 218, 199, 170, 138, 1, 200, 218, 130, 128, 41, 179, 2,
       238, 146, 55, 235, 138, 9, 9, 185, 143, 141, 133, 74, 72, 65, 87,
       25, 39, 132, 10, 3, 18, 151, 147, 65, 3, 48, 155, 239, 34, 96, 52,
       40, 49, 149, 92, 125, 177, 221, 204, 40, 53, 213, 101, 248, 234,
       82, 76, 144, 37, 72, 81, 112, 74, 8, 130, 140, 90, 42, 223, 158,
       7, 51, 186, 46, 193, 28, 113, 61, 1, 157, 171, 224, 179, 213, 117,
       81, 243, 209, 119, 149, 246, 104, 214, 149, 98, 223, 24, 195, 36,
       255, 72, 232, 104, 116, 29, 58, 37, 245, 116, 247, 111, 187, 234,
       136, 15, 244, 13, 216, 89, 55, 243, 55, 181, 114, 243, 104, 202,
