%YAML:1.0
descriptors: !!opencv-matrix
   rows: 5
   cols: 64
   dt: u
   data: [ 35, 20, 64, 2, 29, 128, 5, 8, 230, 64, 0, 32, 40, 11, 128, 21,
       98, 230, 1, 112, 192, 2, 145, 100, 68, 136, 160, 9, 18, 8, 33,
       105, 213, 36, 84, 186, 82, 56, 1, 116, 112, 64, 24, 139, 84, 80,
       244, 77, 153, 172, 24, 0, 240, 24, 156, 73, 16, 242, 51, 188, 88,
       87, 32, 248, 39, 52, 64, 2, 29, 128, 5, 72, 226, 4, 0, 112, 40,
       11, 160, 85, 226, 244, 5, 96, 193, 34, 129, 100, 68, 152, 160, 9,
       18, 8, 1, 105, 84, 36, 20, 186, 66, 112, 1, 84, 80, 64, 24, 11,
       192, 16, 244, 79, 153, 172, 24, 4, 112, 24, 156, 73, 16, 114, 51,
       188, 88, 23, 32, 248, 4, 2, 1, 128, 200, 130, 34, 66, 0, 32, 2, 5,
       64, 64, 129, 1, 2, 76, 129, 64, 192, 32, 8, 67, 14, 152, 8, 4,
       128, 0, 49, 73, 85, 2, 80, 186, 16, 224, 5, 4, 192, 32, 24, 2, 64,
       4, 64, 195, 25, 44, 56, 52, 81, 28, 12, 8, 16, 104, 3, 172, 72, 7,
       33, 249, 116, 49, 243, 146, 20, 103, 1, 127, 198, 198, 209, 52,
       97, 142, 147, 87, 234, 212, 1, 102, 65, 132, 196, 55, 78, 136,
       160, 9, 82, 8, 48, 41, 240, 36, 85, 186, 82, 120, 1, 84, 80, 64,
       24, 14, 208, 20, 193, 110, 153, 172, 24, 5, 240, 28, 156, 73, 16,
       242, 51, 188, 88, 86, 32, 250, 6, 38, 65, 130, 153, 128, 0, 73,
       130, 66, 2, 48, 33, 2, 128, 65, 226, 212, 1, 96, 193, 0, 128, 96,
       12, 136, 40, 9, 146, 8, 49, 8, 84, 36, 84, 154, 66, 112, 1, 84,
       16, 64, 24, 15, 64, 20, 192, 76, 153, 44, 24, 4, 112, 28, 140, 73,
       16, 242, 51, 188, 88, 87, 32, 248 ]
