%YAML:1.0
descriptors: !!opencv-matrix
   rows: 92
   cols: 64
   dt: u
   data: [ 191, 254, 127, 239, 255, 253, 159, 216, 255, 255, 210, 255,
       255, 127, 249, 221, 251, 247, 239, 51, 245, 102, 159, 124, 237,
       255, 117, 127, 254, 95, 247, 255, 215, 236, 95, 190, 126, 249,
       249, 126, 117, 92, 106, 63, 213, 20, 253, 119, 185, 253, 24, 5,
       244, 149, 156, 105, 20, 242, 182, 173, 218, 95, 32, 254, 186, 249,
       90, 87, 183, 137, 218, 169, 223, 145, 215, 255, 191, 86, 68, 122,
       118, 147, 118, 155, 159, 62, 195, 198, 185, 126, 247, 251, 102,
       255, 199, 190, 143, 60, 101, 214, 255, 25, 250, 125, 89, 221, 229,
       111, 181, 53, 191, 47, 171, 238, 137, 203, 252, 135, 120, 113,
       103, 243, 246, 251, 59, 123, 229, 206, 92, 187, 223, 247, 58, 251,
       248, 163, 91, 187, 87, 255, 214, 246, 217, 218, 63, 139, 252, 235,
       199, 61, 71, 223, 171, 94, 247, 255, 76, 239, 246, 254, 223, 251,
       109, 183, 255, 255, 250, 117, 249, 124, 241, 126, 255, 167, 191,
       127, 255, 239, 41, 247, 244, 69, 61, 221, 71, 223, 215, 239, 121,
       123, 241, 254, 215, 222, 218, 119, 253, 248, 254, 200, 59, 187,
       173, 235, 166, 95, 198, 57, 111, 175, 188, 27, 207, 47, 235, 127,
       231, 223, 243, 127, 95, 35, 231, 118, 151, 243, 252, 85, 119, 189,
       254, 247, 107, 254, 235, 121, 191, 89, 255, 51, 237, 211, 56, 247,
       237, 231, 254, 239, 87, 223, 246, 239, 180, 125, 145, 30, 216, 59,
       215, 215, 112, 103, 251, 246, 93, 253, 87, 223, 215, 240, 147,
       202, 170, 221, 249, 111, 46, 173, 230, 179, 11, 235, 186, 182,
       121, 65, 54, 175, 247, 55, 116, 251, 87, 255, 246, 245, 209, 125,
       251, 118, 235, 12, 201, 255, 221, 168, 127, 247, 209, 254, 157,
       206, 65, 254, 113, 223, 93, 52, 145, 255, 214, 8, 138, 153, 202,
       218, 10, 165, 11, 163, 59, 156, 210, 228, 15, 170, 201, 1, 56,
       199, 143, 149, 238, 9, 79, 199, 186, 111, 1, 143, 19, 110, 215,
       181, 85, 43, 74, 253, 239, 82, 48, 92, 96, 41, 151, 28, 253, 179,
       223, 204, 24, 165, 245, 125, 148, 235, 80, 254, 177, 185, 88, 81,
       112, 254, 197, 7, 128, 54, 221, 162, 34, 16, 0, 41, 34, 99, 162,
       203, 128, 1, 98, 109, 157, 196, 235, 45, 11, 67, 2, 74, 10, 167,
       144, 0, 32, 5, 91, 35, 20, 179, 1, 36, 5, 196, 193, 96, 26, 139,
       201, 9, 203, 211, 8, 36, 24, 48, 97, 250, 12, 131, 66, 62, 23,
       150, 8, 54, 181, 104, 214, 136, 154, 245, 107, 210, 218, 133, 30,
       187, 86, 221, 146, 194, 3, 186, 109, 155, 57, 11, 206, 169, 238,
       59, 45, 203, 242, 111, 81, 41, 179, 126, 247, 179, 116, 113, 119,
       255, 239, 246, 208, 92, 232, 110, 219, 22, 89, 115, 153, 236, 94,
       5, 244, 93, 189, 235, 209, 242, 179, 253, 92, 87, 50, 255, 141,
       235, 87, 247, 248, 184, 254, 192, 105, 153, 107, 251, 206, 115,
       201, 56, 226, 139, 173, 107, 231, 108, 1, 250, 235, 94, 51, 255,
       238, 34, 163, 183, 246, 83, 125, 147, 121, 153, 251, 180, 237,
       124, 184, 119, 253, 131, 255, 63, 137, 253, 36, 115, 252, 7, 139,
       237, 23, 223, 83, 135, 92, 119, 225, 186, 214, 251, 83, 247, 252,
       160, 253, 200, 216, 255, 107, 219, 131, 199, 208, 123, 227, 213,
       61, 107, 206, 44, 160, 123, 47, 223, 179, 47, 86, 43, 51, 127, 83,
       167, 124, 187, 114, 253, 251, 247, 81, 108, 186, 127, 235, 4, 253,
       127, 137, 173, 24, 5, 232, 30, 156, 73, 144, 242, 51, 159, 92, 23,
       33, 186, 104, 15, 166, 93, 201, 203, 98, 239, 45, 225, 130, 15,
       178, 252, 171, 238, 235, 17, 123, 70, 222, 175, 223, 51, 83, 74,
       154, 44, 192, 132, 58, 6, 207, 39, 69, 187, 80, 126, 255, 124,
       112, 116, 152, 110, 77, 125, 239, 231, 221, 172, 24, 213, 241,
       125, 156, 203, 81, 254, 115, 191, 88, 101, 145, 250, 71, 0, 128,
       21, 201, 130, 14, 68, 2, 163, 129, 40, 128, 130, 129, 2, 40, 1,
       24, 213, 139, 39, 203, 9, 4, 80, 248, 111, 0, 13, 129, 70, 91,
       181, 37, 59, 0, 168, 39, 70, 32, 64, 32, 43, 135, 28, 45, 51, 21,
       198, 48, 37, 37, 120, 52, 162, 64, 43, 179, 177, 8, 71, 48, 102,
       34, 138, 4, 194, 207, 156, 130, 1, 47, 84, 6, 71, 156, 123, 120,
       37, 196, 243, 8, 160, 196, 102, 153, 97, 114, 144, 8, 6, 190, 218,
       25, 69, 151, 230, 91, 16, 98, 90, 255, 8, 197, 53, 8, 5, 64, 198,
       244, 67, 145, 21, 152, 12, 183, 1, 139, 139, 49, 70, 50, 36, 64,
       93, 36, 216, 92, 201, 126, 253, 106, 95, 254, 231, 63, 238, 125,
       156, 29, 228, 255, 254, 157, 218, 120, 106, 142, 249, 164, 58,
       127, 199, 163, 126, 201, 227, 63, 251, 243, 150, 149, 107, 214,
       247, 250, 123, 50, 255, 237, 124, 247, 158, 229, 58, 159, 237, 86,
       199, 190, 93, 148, 223, 217, 239, 121, 251, 93, 250, 123, 181,
       203, 223, 24, 170, 237, 250, 54, 9, 45, 67, 47, 202, 174, 255,
       108, 189, 197, 187, 61, 212, 46, 214, 49, 112, 99, 215, 217, 127,
       247, 34, 174, 177, 144, 212, 211, 194, 195, 67, 236, 227, 166,
       159, 56, 113, 245, 95, 246, 44, 197, 143, 148, 44, 237, 229, 195,
       185, 49, 223, 49, 180, 80, 211, 28, 24, 204, 201, 26, 185, 193,
       203, 38, 197, 57, 249, 46, 141, 18, 164, 109, 186, 237, 154, 189,
       199, 76, 145, 174, 49, 83, 93, 249, 108, 193, 198, 186, 51, 248,
       3, 113, 97, 19, 103, 237, 104, 242, 31, 60, 55, 95, 31, 126, 180,
       141, 201, 118, 52, 248, 95, 129, 233, 147, 248, 41, 180, 93, 98,
       18, 163, 86, 33, 163, 17, 72, 198, 14, 103, 192, 162, 83, 20, 209,
       196, 27, 2, 25, 9, 91, 198, 138, 167, 70, 143, 156, 64, 190, 204,
       0, 132, 49, 202, 67, 29, 69, 175, 8, 40, 100, 74, 40, 64, 181,
       168, 87, 124, 129, 47, 31, 172, 8, 67, 51, 89, 20, 211, 64, 106,
       19, 177, 40, 82, 120, 230, 68, 10, 144, 136, 192, 75, 38, 197, 11,
       96, 10, 14, 16, 166, 239, 218, 237, 26, 161, 68, 13, 129, 78, 128,
       219, 93, 25, 104, 129, 142, 154, 1, 149, 3, 113, 170, 1, 194, 109,
       70, 36, 21, 60, 51, 13, 156, 126, 164, 213, 68, 105, 52, 130, 95,
       0, 171, 138, 72, 9, 33, 28, 65, 17, 98, 35, 247, 117, 170, 217,
       158, 39, 72, 99, 68, 172, 232, 236, 123, 236, 29, 235, 167, 165,
       36, 231, 96, 25, 103, 212, 247, 113, 61, 47, 42, 193, 97, 146,
       198, 215, 154, 160, 216, 127, 124, 102, 222, 56, 225, 117, 81,
       244, 111, 192, 181, 32, 124, 168, 1, 110, 39, 60, 190, 214, 173,
       154, 215, 253, 90, 70, 1, 131, 180, 8, 130, 92, 79, 0, 170, 1,
       144, 18, 194, 130, 90, 42, 85, 32, 99, 142, 173, 226, 11, 12, 202,
       178, 15, 18, 41, 49, 78, 87, 167, 52, 187, 18, 252, 227, 86, 64,
       106, 40, 106, 187, 28, 193, 107, 89, 172, 24, 5, 113, 24, 188, 72,
       16, 242, 51, 189, 88, 84, 49, 250, 147, 144, 138, 87, 253, 160,
       208, 56, 24, 49, 84, 123, 162, 91, 2, 9, 8, 79, 188, 147, 206, 45,
       234, 123, 42, 218, 18, 54, 124, 33, 3, 111, 159, 243, 184, 80,
       119, 137, 250, 55, 81, 188, 235, 103, 233, 1, 253, 51, 82, 214,
       25, 177, 213, 224, 218, 170, 67, 19, 182, 203, 128, 53, 133, 222,
       133, 250, 89, 8, 152, 152, 47, 72, 235, 59, 168, 250, 224, 3, 204,
       249, 227, 133, 167, 65, 77, 164, 8, 220, 197, 213, 123, 171, 135,
       14, 35, 56, 210, 132, 221, 191, 0, 188, 169, 246, 98, 94, 40, 53,
       246, 82, 180, 53, 128, 173, 32, 118, 232, 157, 79, 105, 20, 248,
       17, 44, 92, 86, 97, 48, 131, 206, 74, 131, 201, 216, 135, 137, 62,
       209, 46, 238, 187, 63, 236, 253, 203, 183, 60, 35, 196, 71, 154,
       105, 103, 215, 25, 39, 62, 11, 3, 127, 151, 228, 93, 18, 114, 219,
       239, 54, 225, 92, 104, 37, 149, 22, 252, 51, 145, 188, 24, 37,
       244, 5, 157, 235, 16, 210, 178, 45, 80, 93, 48, 250, 194, 0, 130,
       131, 201, 2, 6, 135, 6, 97, 1, 2, 146, 134, 2, 18, 110, 19, 32,
       68, 10, 133, 139, 0, 78, 192, 184, 45, 146, 8, 18, 1, 129, 37, 17,
       155, 2, 64, 5, 70, 32, 64, 4, 9, 13, 28, 172, 132, 81, 36, 16, 4,
       48, 26, 132, 227, 16, 112, 33, 56, 24, 84, 48, 232, 62, 177, 125,
       182, 54, 181, 189, 120, 246, 222, 213, 241, 125, 126, 180, 86,
