%YAML:1.0
descriptors: !!opencv-matrix
   rows: 5
   cols: 64
   dt: u
   data: [ 61, 190, 253, 237, 190, 253, 177, 125, 253, 252, 222, 117,
       253, 63, 249, 228, 251, 252, 195, 106, 245, 114, 223, 253, 253,
       45, 100, 179, 126, 223, 127, 239, 221, 104, 87, 182, 255, 250,
       233, 124, 253, 93, 123, 39, 212, 167, 247, 107, 185, 188, 141, 13,
       242, 29, 158, 89, 54, 242, 183, 189, 218, 223, 44, 254, 59, 254,
       125, 111, 255, 189, 159, 57, 255, 125, 254, 251, 237, 127, 236,
       93, 255, 247, 239, 179, 245, 103, 147, 125, 245, 255, 253, 255,
       126, 91, 247, 239, 223, 108, 87, 182, 255, 120, 233, 125, 125, 92,
       123, 175, 213, 113, 245, 111, 185, 174, 24, 13, 240, 29, 158, 73,
       54, 242, 183, 189, 250, 215, 44, 250, 60, 185, 253, 254, 54, 253,
       253, 127, 247, 254, 221, 241, 125, 126, 189, 94, 255, 214, 99,
       107, 245, 118, 209, 247, 253, 191, 230, 219, 122, 221, 245, 235,
       223, 44, 87, 190, 223, 120, 249, 125, 120, 93, 59, 47, 212, 53,
       247, 111, 155, 172, 152, 7, 240, 29, 156, 93, 16, 242, 115, 189,
       123, 215, 40, 250, 63, 180, 125, 174, 63, 189, 185, 125, 247, 254,
       214, 245, 253, 127, 189, 85, 254, 254, 67, 243, 245, 114, 211,
       119, 221, 186, 228, 219, 122, 221, 245, 235, 223, 44, 87, 190,
       223, 120, 233, 125, 120, 93, 58, 175, 212, 53, 247, 111, 185, 172,
       24, 13, 240, 29, 156, 73, 16, 242, 51, 189, 90, 215, 40, 250, 39,
       50, 69, 162, 157, 160, 47, 88, 228, 46, 130, 112, 173, 11, 128,
       81, 226, 212, 3, 96, 193, 34, 129, 116, 76, 152, 168, 15, 82, 8,
       49, 105, 85, 36, 84, 186, 82, 120, 33, 84, 112, 64, 24, 15, 192,
       0, 212, 77, 153, 172, 24, 5, 240, 29, 156, 73, 16, 242, 51, 188,
       88, 87, 32, 248 ]
