%YAML:1.0
descriptors: !!opencv-matrix
   rows: 25
   cols: 64
   dt: u
   data: [ 119, 55, 113, 130, 213, 6, 3, 73, 198, 70, 145, 50, 229, 74,
       148, 84, 226, 213, 7, 100, 73, 129, 129, 52, 78, 136, 168, 13,
       210, 8, 48, 41, 208, 36, 84, 186, 66, 112, 1, 212, 208, 74, 24,
       15, 208, 28, 224, 76, 153, 172, 24, 5, 112, 28, 156, 73, 16, 242,
       51, 188, 88, 86, 32, 249, 7, 50, 97, 160, 156, 160, 7, 72, 224, 6,
       130, 48, 65, 1, 144, 81, 226, 212, 3, 96, 193, 0, 128, 112, 76,
       136, 168, 9, 82, 12, 49, 105, 80, 36, 84, 186, 66, 112, 1, 84, 64,
       64, 24, 14, 64, 20, 192, 77, 153, 44, 24, 4, 112, 28, 156, 73, 16,
       242, 51, 188, 88, 86, 32, 248, 1, 7, 131, 16, 0, 68, 0, 198, 128,
       166, 3, 6, 80, 229, 27, 2, 8, 64, 2, 34, 14, 164, 70, 130, 24,
       128, 150, 0, 128, 128, 18, 64, 87, 18, 65, 40, 24, 42, 66, 8, 36,
       48, 8, 142, 4, 96, 129, 106, 17, 8, 24, 1, 145, 25, 28, 0, 1, 98,
       17, 53, 64, 84, 64, 242, 64, 34, 1, 131, 216, 196, 163, 205, 200,
       234, 2, 20, 129, 6, 155, 128, 74, 69, 137, 0, 200, 1, 206, 8, 12,
       192, 24, 7, 2, 9, 17, 94, 101, 133, 93, 27, 16, 242, 45, 6, 161,
       64, 64, 0, 7, 140, 8, 145, 24, 44, 120, 32, 21, 16, 132, 170, 192,
       104, 10, 172, 72, 7, 48, 246, 130, 64, 8, 130, 143, 0, 12, 8, 6,
       34, 57, 2, 168, 10, 4, 21, 4, 18, 4, 144, 192, 130, 137, 104, 4,
       148, 233, 11, 146, 57, 1, 69, 17, 172, 144, 26, 74, 64, 32, 194,
       0, 194, 4, 9, 208, 20, 196, 73, 19, 102, 16, 4, 44, 24, 205, 9,
       16, 50, 176, 48, 12, 18, 32, 44, 66, 3, 130, 145, 0, 128, 8, 135,
       2, 130, 3, 4, 144, 132, 19, 2, 12, 64, 0, 70, 10, 165, 198, 3, 8,
       128, 144, 72, 0, 128, 16, 8, 118, 20, 81, 8, 0, 72, 2, 66, 32, 32,
       4, 8, 6, 12, 129, 46, 19, 8, 16, 5, 50, 24, 20, 74, 1, 98, 16, 49,
       64, 16, 0, 226, 3, 7, 0, 2, 129, 128, 6, 0, 2, 0, 1, 2, 128, 67,
       128, 1, 98, 65, 0, 4, 2, 36, 128, 99, 64, 128, 128, 13, 18, 8, 0,
       1, 22, 36, 20, 154, 0, 72, 3, 70, 0, 64, 8, 11, 128, 24, 229, 14,
       17, 36, 16, 4, 32, 24, 148, 11, 16, 114, 48, 28, 72, 84, 32, 248,
       195, 197, 64, 14, 209, 4, 7, 8, 34, 69, 41, 202, 130, 239, 134,
       29, 107, 85, 36, 101, 10, 134, 160, 96, 78, 215, 185, 41, 147, 10,
       18, 41, 210, 37, 20, 154, 66, 120, 3, 212, 35, 74, 56, 43, 157,
       28, 252, 12, 129, 164, 16, 4, 48, 26, 148, 75, 16, 114, 48, 61,
       88, 85, 32, 250, 6, 34, 81, 130, 153, 128, 1, 72, 198, 64, 3, 50,
       161, 66, 144, 81, 226, 212, 5, 96, 65, 32, 128, 96, 14, 136, 160,
       9, 146, 8, 49, 41, 80, 36, 84, 186, 66, 112, 1, 212, 0, 64, 24,
       14, 192, 4, 192, 77, 153, 36, 16, 4, 96, 24, 156, 73, 16, 114, 51,
       188, 88, 22, 32, 248, 4, 33, 195, 144, 16, 66, 41, 110, 192, 198,
       3, 52, 81, 134, 155, 66, 202, 84, 1, 102, 3, 128, 196, 3, 13, 136,
       162, 9, 82, 8, 48, 9, 112, 4, 117, 186, 16, 126, 1, 84, 144, 64,
       24, 14, 70, 20, 65, 110, 25, 44, 56, 5, 112, 29, 148, 72, 144, 98,
       35, 184, 72, 6, 34, 242, 4, 33, 193, 144, 16, 6, 33, 79, 128, 194,
       1, 48, 81, 130, 145, 66, 194, 84, 1, 100, 3, 128, 196, 3, 12, 136,
       160, 9, 2, 8, 48, 73, 112, 36, 20, 186, 0, 112, 1, 84, 128, 66,
       24, 10, 66, 20, 64, 78, 25, 44, 16, 4, 96, 24, 148, 8, 144, 98,
       35, 184, 72, 70, 34, 241, 36, 34, 193, 130, 16, 6, 1, 79, 198, 70,
       3, 52, 49, 130, 177, 70, 226, 212, 1, 100, 65, 130, 193, 53, 12,
       136, 172, 9, 82, 8, 48, 40, 80, 36, 85, 186, 66, 120, 1, 84, 16,
       64, 16, 14, 64, 4, 192, 76, 153, 44, 24, 4, 112, 28, 156, 73, 16,
       242, 51, 156, 88, 86, 32, 248, 35, 17, 1, 130, 21, 0, 1, 90, 166,
       68, 5, 0, 33, 9, 4, 5, 66, 116, 4, 36, 0, 2, 128, 100, 12, 176, 8,
       9, 50, 8, 0, 9, 144, 36, 144, 154, 0, 64, 3, 4, 4, 192, 24, 3, 0,
       16, 96, 76, 16, 52, 17, 4, 32, 24, 132, 3, 40, 34, 32, 24, 72,
       212, 36, 249, 1, 6, 5, 0, 136, 164, 35, 80, 32, 76, 2, 5, 0, 45,
       1, 1, 0, 108, 129, 96, 208, 32, 24, 224, 72, 40, 12, 0, 144, 0,
       33, 65, 80, 0, 80, 168, 0, 32, 1, 0, 4, 0, 24, 134, 64, 0, 192,
       73, 24, 36, 24, 4, 64, 24, 140, 9, 8, 2, 3, 148, 64, 70, 32, 240,
       1, 192, 8, 8, 1, 16, 4, 4, 0, 2, 40, 128, 0, 0, 5, 3, 13, 0, 0, 0,
       0, 0, 64, 0, 64, 1, 8, 0, 17, 0, 1, 65, 212, 16, 17, 40, 0, 72, 0,
       32, 50, 10, 56, 33, 20, 20, 116, 104, 17, 8, 24, 4, 16, 25, 192,
       8, 16, 66, 34, 52, 64, 82, 2, 235, 0, 2, 0, 136, 0, 93, 0, 69, 32,
       70, 2, 4, 16, 52, 121, 160, 128, 88, 129, 32, 192, 16, 12, 32, 73,
       0, 8, 0, 0, 128, 25, 65, 116, 0, 83, 40, 16, 66, 0, 0, 160, 20,
       24, 6, 84, 134, 64, 64, 17, 8, 24, 4, 146, 29, 133, 8, 16, 64, 43,
       180, 64, 66, 32, 240, 3, 5, 0, 131, 129, 64, 128, 128, 2, 192, 35,
       4, 16, 0, 65, 160, 4, 0, 4, 4, 0, 128, 164, 0, 8, 128, 8, 8, 130,
       10, 0, 17, 48, 36, 81, 154, 0, 66, 6, 128, 129, 16, 8, 0, 0, 30,
       64, 132, 1, 8, 80, 4, 17, 2, 132, 138, 16, 96, 32, 56, 64, 4, 0,
       233, 5, 6, 5, 128, 0, 132, 32, 112, 32, 68, 2, 1, 64, 33, 144, 1,
       2, 76, 129, 96, 192, 32, 8, 240, 76, 136, 4, 0, 56, 4, 33, 73, 80,
       0, 16, 168, 0, 32, 1, 128, 132, 32, 24, 134, 64, 128, 64, 72, 16,
       36, 24, 0, 0, 24, 142, 8, 8, 66, 3, 132, 72, 6, 32, 241, 7, 5, 0,
       0, 1, 2, 1, 78, 128, 0, 2, 0, 0, 137, 128, 3, 66, 68, 1, 68, 0, 2,
       192, 3, 68, 128, 128, 1, 18, 8, 0, 73, 80, 36, 84, 186, 0, 32, 1,
       196, 0, 64, 24, 11, 64, 16, 0, 76, 17, 36, 24, 4, 32, 24, 132, 0,
       16, 34, 35, 188, 8, 6, 32, 248, 5, 5, 37, 16, 0, 6, 1, 86, 160, 4,
       129, 4, 64, 137, 129, 7, 2, 100, 3, 100, 18, 34, 80, 39, 28, 160,
       132, 8, 16, 12, 0, 8, 64, 12, 4, 186, 0, 40, 1, 76, 4, 0, 24, 130,
       64, 112, 1, 78, 16, 36, 24, 8, 48, 24, 20, 0, 40, 34, 19, 176, 8,
       198, 32, 232, 34, 5, 41, 154, 2, 15, 5, 15, 135, 70, 43, 4, 17,
       174, 57, 230, 130, 116, 0, 36, 18, 144, 144, 34, 28, 128, 132, 9,
       18, 152, 28, 9, 32, 4, 86, 154, 128, 98, 3, 200, 130, 67, 20, 8,
       4, 158, 64, 12, 21, 44, 144, 12, 2, 25, 133, 18, 152, 98, 104, 56,
       73, 12, 42, 177, 2, 69, 1, 138, 2, 76, 4, 7, 3, 66, 43, 128, 17,
       164, 125, 166, 131, 80, 0, 36, 2, 144, 128, 34, 93, 197, 129, 9,
       131, 138, 24, 9, 176, 4, 81, 154, 0, 66, 131, 0, 34, 211, 60, 33,
       20, 30, 100, 12, 17, 32, 80, 4, 2, 25, 165, 10, 144, 96, 40, 56,
       72, 68, 34, 176, 50, 149, 248, 222, 39, 220, 221, 15, 247, 194,
       21, 240, 189, 126, 52, 94, 255, 146, 32, 187, 150, 118, 211, 103,
       249, 151, 227, 127, 50, 250, 213, 105, 135, 60, 195, 150, 250, 72,
       250, 121, 112, 221, 165, 233, 182, 20, 245, 111, 147, 170, 153,
       79, 180, 1, 252, 93, 57, 243, 114, 251, 59, 251, 232, 218, 39, 51,
       113, 146, 17, 0, 5, 78, 230, 70, 129, 48, 97, 11, 177, 83, 226,
       212, 3, 100, 65, 160, 192, 54, 76, 136, 160, 9, 82, 8, 48, 41, 80,
       36, 20, 186, 66, 112, 1, 84, 16, 64, 24, 14, 64, 20, 192, 78, 153,
       44, 24, 5, 112, 28, 156, 73, 16, 242, 51, 156, 88, 86, 32, 248,
       39, 20, 80, 2, 157, 128, 3, 72, 162, 68, 130, 114, 164, 11, 128,
       21, 226, 196, 5, 96, 193, 34, 128, 116, 76, 136, 40, 9, 210, 8,
       33, 41, 80, 36, 84, 186, 66, 48, 1, 212, 208, 64, 24, 142, 192,
       16, 192, 77, 153, 44, 24, 0, 112, 28, 140, 73, 16, 242, 51, 188,
       88, 86, 32, 249 ]
