%YAML:1.0
descriptors: !!opencv-matrix
   rows: 26
   cols: 64
   dt: u
   data: [ 69, 34, 65, 162, 216, 34, 35, 88, 224, 38, 66, 50, 129, 11,
       147, 65, 226, 213, 1, 100, 73, 129, 128, 48, 78, 136, 168, 13,
       210, 8, 49, 41, 112, 36, 84, 186, 82, 112, 5, 84, 144, 64, 24, 14,
       65, 28, 192, 69, 153, 44, 24, 4, 112, 28, 140, 73, 16, 240, 51,
       188, 88, 86, 32, 248, 3, 131, 0, 2, 1, 136, 4, 10, 34, 0, 2, 64,
       160, 83, 68, 17, 6, 6, 132, 16, 192, 36, 128, 99, 0, 148, 1, 5,
       54, 40, 0, 0, 22, 70, 88, 128, 32, 8, 10, 128, 197, 50, 8, 65, 0,
       0, 116, 79, 0, 49, 16, 4, 32, 0, 235, 10, 1, 2, 22, 4, 0, 85, 36,
       24, 66, 3, 138, 146, 64, 22, 10, 7, 2, 162, 19, 4, 16, 132, 19, 2,
       12, 3, 0, 199, 10, 181, 70, 3, 24, 64, 190, 76, 0, 160, 16, 0, 71,
       20, 67, 41, 8, 108, 70, 66, 32, 64, 48, 40, 135, 12, 129, 46, 19,
       136, 24, 3, 49, 89, 20, 210, 65, 123, 17, 49, 64, 16, 80, 226, 5,
       133, 8, 8, 0, 24, 132, 70, 32, 130, 5, 192, 0, 17, 12, 3, 8, 8,
       128, 9, 0, 112, 64, 67, 1, 16, 0, 0, 0, 32, 0, 64, 148, 16, 209,
       136, 0, 8, 8, 0, 32, 48, 56, 33, 54, 84, 116, 106, 19, 168, 40, 4,
       16, 1, 120, 12, 16, 67, 18, 164, 0, 83, 100, 74, 0, 2, 1, 131,
       136, 192, 162, 101, 64, 138, 2, 4, 1, 5, 145, 32, 74, 68, 129, 0,
       200, 0, 207, 0, 12, 128, 8, 4, 18, 8, 1, 10, 101, 4, 29, 186, 16,
       162, 5, 0, 0, 64, 16, 130, 68, 128, 0, 208, 24, 44, 120, 32, 17,
       24, 4, 0, 128, 40, 2, 128, 72, 6, 32, 240, 66, 1, 128, 146, 64, 2,
       10, 7, 2, 130, 19, 4, 16, 128, 1, 18, 4, 3, 0, 148, 2, 37, 65, 3,
       8, 128, 168, 76, 2, 160, 128, 0, 6, 52, 1, 9, 8, 72, 2, 64, 0, 0,
       20, 72, 1, 28, 129, 14, 19, 8, 16, 3, 50, 88, 112, 195, 1, 35, 16,
       49, 0, 0, 80, 98, 2, 1, 128, 18, 1, 2, 4, 2, 2, 0, 1, 2, 32, 195,
       2, 19, 110, 2, 0, 134, 2, 172, 65, 67, 66, 146, 178, 9, 2, 8, 128,
       0, 18, 38, 20, 186, 0, 8, 67, 68, 32, 64, 8, 203, 129, 80, 165,
       78, 17, 164, 24, 0, 32, 24, 28, 75, 17, 50, 50, 21, 24, 117, 32,
       106, 5, 6, 0, 0, 8, 128, 32, 68, 32, 40, 2, 5, 0, 1, 129, 1, 0, 8,
       129, 0, 192, 32, 8, 192, 64, 8, 0, 128, 0, 4, 1, 65, 85, 0, 81,
       32, 17, 192, 1, 0, 4, 0, 24, 2, 64, 0, 66, 65, 16, 100, 40, 4, 16,
       24, 8, 8, 6, 64, 3, 132, 64, 67, 32, 96, 38, 32, 65, 130, 217, 0,
       1, 79, 198, 64, 0, 48, 33, 2, 144, 81, 226, 84, 1, 96, 65, 0, 128,
       32, 14, 136, 168, 9, 146, 8, 49, 105, 80, 36, 20, 186, 66, 112, 1,
       212, 16, 64, 24, 10, 64, 20, 192, 76, 153, 36, 24, 4, 112, 24,
       156, 73, 16, 114, 51, 188, 88, 86, 32, 248, 5, 7, 0, 128, 1, 2,
       34, 66, 0, 64, 3, 6, 0, 1, 128, 2, 98, 76, 1, 68, 0, 128, 128, 34,
       76, 136, 136, 9, 144, 8, 32, 9, 80, 36, 84, 154, 0, 114, 1, 196,
       128, 0, 24, 2, 64, 12, 192, 76, 1, 36, 16, 4, 96, 24, 132, 9, 16,
       98, 49, 188, 72, 70, 32, 249, 55, 54, 113, 162, 153, 132, 1, 109,
       198, 70, 210, 52, 97, 11, 144, 84, 226, 212, 3, 96, 193, 0, 128,
       52, 78, 136, 168, 9, 210, 8, 49, 105, 80, 36, 84, 186, 82, 112, 1,
       212, 80, 80, 24, 14, 192, 20, 224, 76, 153, 44, 24, 5, 240, 29,
       156, 73, 16, 242, 51, 188, 88, 86, 32, 248, 195, 23, 146, 118, 65,
       2, 134, 10, 50, 24, 0, 67, 162, 219, 2, 17, 110, 135, 173, 7, 192,
       47, 192, 99, 66, 218, 242, 71, 18, 8, 0, 64, 23, 35, 20, 177, 113,
       24, 79, 100, 64, 96, 58, 235, 201, 64, 181, 207, 24, 172, 24, 1,
       240, 24, 156, 203, 17, 122, 55, 159, 88, 87, 177, 122, 114, 1, 8,
       146, 7, 2, 8, 15, 6, 66, 17, 0, 49, 138, 49, 86, 84, 22, 0, 148,
       2, 178, 193, 34, 12, 128, 160, 9, 18, 184, 20, 40, 32, 36, 18,
       154, 66, 64, 2, 64, 0, 195, 20, 8, 2, 28, 128, 14, 19, 40, 16, 4,
       34, 24, 180, 83, 128, 34, 56, 56, 9, 20, 32, 225, 1, 2, 0, 128, 0,
       16, 128, 128, 0, 192, 6, 68, 16, 49, 73, 160, 0, 80, 4, 32, 64, 0,
       140, 96, 8, 128, 8, 0, 20, 8, 16, 17, 48, 0, 80, 8, 16, 66, 0,
       128, 145, 52, 8, 6, 0, 6, 64, 192, 1, 9, 17, 4, 17, 9, 129, 8, 16,
       64, 34, 44, 64, 20, 0, 249, 3, 197, 8, 154, 7, 16, 28, 6, 35, 66,
       57, 136, 8, 8, 36, 31, 5, 50, 0, 148, 2, 240, 129, 34, 64, 133,
       129, 8, 19, 56, 8, 1, 144, 52, 145, 136, 66, 64, 2, 96, 34, 202,
       44, 41, 22, 28, 228, 12, 19, 138, 18, 4, 40, 9, 244, 138, 153, 35,
       56, 52, 16, 208, 2, 161, 3, 69, 0, 138, 1, 72, 4, 1, 2, 64, 11, 4,
       16, 36, 76, 160, 9, 0, 0, 4, 0, 0, 0, 0, 80, 212, 1, 0, 130, 10,
       2, 1, 128, 4, 81, 136, 0, 66, 10, 0, 32, 48, 8, 161, 4, 20, 100,
       12, 1, 0, 16, 4, 17, 1, 4, 10, 16, 64, 32, 48, 0, 69, 32, 232, 1,
       2, 0, 8, 1, 8, 0, 68, 32, 2, 42, 0, 0, 1, 12, 33, 0, 8, 1, 0, 64,
       0, 0, 0, 64, 128, 8, 0, 16, 0, 1, 1, 144, 0, 81, 136, 0, 0, 1, 0,
       160, 16, 24, 129, 20, 18, 100, 64, 17, 40, 16, 0, 0, 25, 132, 8,
       16, 64, 34, 180, 64, 86, 32, 104, 34, 6, 33, 128, 25, 132, 1, 73,
       164, 70, 2, 0, 129, 9, 144, 5, 2, 116, 65, 96, 208, 34, 144, 96,
       92, 144, 4, 1, 18, 152, 1, 73, 68, 36, 86, 186, 0, 40, 1, 12, 64,
       64, 16, 139, 64, 64, 228, 79, 16, 44, 24, 8, 112, 24, 156, 1, 16,
       34, 51, 156, 74, 23, 40, 248, 1, 2, 5, 128, 0, 136, 32, 64, 32,
       64, 2, 0, 0, 49, 137, 1, 130, 68, 129, 32, 192, 32, 8, 96, 76,
       128, 0, 0, 16, 8, 25, 73, 80, 4, 80, 186, 0, 106, 1, 0, 132, 16,
       24, 6, 64, 134, 64, 75, 16, 36, 24, 4, 32, 25, 143, 8, 16, 98, 19,
       172, 72, 70, 32, 240, 1, 5, 197, 130, 1, 0, 33, 78, 32, 68, 0, 5,
       0, 41, 128, 3, 66, 68, 1, 96, 64, 0, 192, 35, 76, 136, 0, 1, 50,
       8, 0, 73, 84, 36, 20, 186, 0, 96, 1, 84, 4, 64, 24, 3, 64, 16, 97,
       78, 17, 36, 24, 4, 32, 24, 156, 8, 24, 98, 35, 156, 72, 70, 32,
       249, 7, 21, 80, 18, 21, 2, 1, 78, 134, 6, 129, 48, 32, 139, 128,
       23, 226, 212, 3, 100, 1, 162, 192, 38, 76, 136, 160, 9, 82, 8, 32,
       41, 80, 36, 84, 186, 66, 48, 1, 84, 144, 64, 24, 142, 208, 16,
       192, 76, 153, 172, 16, 5, 112, 28, 148, 73, 16, 242, 51, 188, 88,
       86, 32, 249, 6, 33, 193, 146, 16, 6, 1, 79, 130, 66, 3, 52, 17,
       130, 145, 66, 66, 84, 0, 100, 2, 160, 192, 3, 12, 128, 160, 9, 2,
       8, 16, 9, 80, 36, 21, 186, 0, 120, 1, 84, 128, 64, 16, 10, 0, 20,
       65, 78, 17, 44, 16, 4, 48, 24, 148, 73, 16, 98, 51, 184, 72, 22,
       32, 242, 4, 34, 1, 128, 16, 128, 32, 64, 0, 70, 3, 16, 64, 1, 145,
       3, 194, 76, 1, 96, 192, 32, 192, 82, 76, 136, 128, 9, 80, 12, 49,
       73, 80, 36, 84, 186, 0, 120, 1, 84, 16, 64, 24, 14, 80, 20, 192,
       78, 25, 44, 24, 4, 112, 29, 156, 73, 16, 242, 51, 188, 72, 86, 32,
       248, 55, 52, 80, 134, 157, 128, 15, 8, 230, 66, 17, 112, 173, 11,
       132, 85, 98, 214, 4, 96, 193, 34, 129, 100, 76, 144, 224, 11, 146,
       8, 113, 105, 212, 36, 20, 154, 66, 112, 1, 212, 64, 74, 24, 11,
       208, 20, 244, 77, 145, 164, 24, 5, 96, 24, 156, 73, 16, 242, 51,
       156, 88, 87, 32, 249, 68, 3, 129, 128, 0, 6, 0, 71, 0, 2, 3, 0,
       64, 128, 144, 2, 224, 68, 1, 100, 0, 132, 128, 19, 14, 136, 172,
       9, 144, 12, 48, 8, 80, 36, 84, 186, 66, 112, 1, 212, 16, 64, 16,
       14, 192, 28, 192, 76, 25, 44, 16, 4, 96, 28, 148, 73, 16, 242, 49,
       188, 72, 86, 32, 248, 23, 53, 80, 2, 23, 0, 12, 74, 130, 2, 1,
       112, 48, 74, 160, 81, 226, 212, 1, 96, 193, 38, 193, 103, 76, 152,
       164, 9, 82, 8, 48, 104, 86, 36, 20, 186, 66, 120, 1, 84, 80, 64,
       24, 11, 192, 20, 197, 78, 153, 172, 24, 5, 112, 24, 156, 73, 16,
       242, 51, 189, 88, 87, 32, 250 ]
