%YAML:1.0
descriptors: !!opencv-matrix
   rows: 6
   cols: 64
   dt: u
   data: [ 12, 33, 225, 176, 16, 5, 33, 110, 132, 198, 195, 52, 81, 134,
       145, 66, 234, 84, 3, 96, 1, 32, 192, 19, 12, 136, 164, 9, 82, 8,
       48, 9, 80, 36, 85, 186, 2, 120, 1, 84, 48, 64, 20, 14, 68, 20,
       193, 78, 25, 44, 24, 5, 112, 28, 156, 73, 16, 242, 51, 184, 72,
       86, 32, 242, 37, 38, 101, 160, 25, 36, 33, 88, 164, 76, 192, 53,
       65, 43, 129, 69, 226, 84, 3, 96, 193, 0, 128, 112, 76, 136, 32, 9,
       82, 12, 49, 73, 84, 36, 84, 186, 82, 112, 1, 84, 80, 64, 24, 14,
       64, 16, 192, 76, 153, 44, 24, 4, 240, 28, 156, 73, 16, 242, 51,
       188, 88, 86, 32, 248, 35, 22, 64, 2, 157, 128, 5, 8, 226, 0, 0,
       112, 172, 11, 132, 21, 98, 246, 5, 16, 193, 34, 137, 100, 68, 144,
       96, 9, 18, 8, 65, 105, 148, 36, 84, 186, 66, 48, 1, 84, 68, 66,
       24, 139, 64, 16, 244, 77, 144, 36, 24, 4, 96, 24, 140, 73, 16, 50,
       50, 156, 24, 87, 32, 121, 7, 50, 65, 162, 29, 128, 5, 72, 230, 6,
       2, 48, 45, 43, 144, 81, 226, 212, 1, 96, 193, 0, 129, 116, 76,
       136, 160, 9, 82, 8, 49, 105, 84, 36, 84, 186, 66, 120, 1, 84, 80,
       80, 24, 15, 192, 16, 228, 77, 153, 172, 24, 4, 112, 29, 156, 73,
       16, 242, 51, 188, 88, 87, 32, 248, 4, 34, 65, 128, 16, 0, 33, 78,
       128, 66, 131, 52, 65, 35, 145, 66, 226, 212, 1, 100, 1, 128, 128,
       48, 76, 136, 168, 9, 82, 8, 48, 41, 112, 36, 84, 186, 66, 112, 1,
       84, 16, 64, 24, 14, 64, 20, 192, 76, 153, 44, 16, 4, 96, 28, 132,
       73, 16, 242, 35, 188, 88, 86, 32, 240, 4, 39, 225, 176, 16, 38,
       32, 119, 128, 64, 66, 21, 65, 135, 153, 66, 226, 68, 3, 100, 65,
       128, 192, 51, 76, 136, 164, 9, 82, 12, 48, 8, 80, 36, 85, 186, 16,
       114, 1, 84, 80, 84, 24, 14, 68, 20, 192, 76, 153, 44, 24, 4, 240,
       29, 156, 73, 16, 242, 35, 188, 72, 70, 32, 248 ]
