%YAML:1.0
descriptors: !!opencv-matrix
   rows: 15
   cols: 64
   dt: u
   data: [ 20, 34, 17, 130, 16, 32, 32, 125, 196, 2, 211, 52, 97, 2, 145,
       66, 226, 212, 3, 64, 193, 34, 193, 22, 76, 136, 164, 9, 82, 12,
       49, 104, 192, 36, 84, 186, 82, 112, 129, 84, 208, 80, 16, 14, 208,
       20, 128, 76, 153, 172, 24, 5, 240, 29, 156, 65, 16, 242, 51, 188,
       88, 86, 32, 249, 215, 113, 113, 20, 213, 2, 91, 74, 130, 1, 177,
       114, 239, 201, 132, 83, 98, 197, 6, 85, 10, 174, 160, 34, 14, 146,
       227, 73, 146, 40, 64, 41, 146, 39, 52, 154, 66, 56, 3, 215, 2,
       202, 153, 203, 136, 24, 200, 14, 0, 167, 16, 0, 40, 26, 134, 75,
       24, 50, 48, 27, 24, 84, 182, 185, 21, 55, 85, 16, 16, 5, 32, 114,
       66, 132, 3, 22, 68, 227, 145, 50, 118, 194, 69, 102, 19, 168, 0,
       130, 200, 34, 166, 72, 0, 12, 208, 57, 114, 6, 84, 158, 0, 58, 3,
       212, 148, 64, 24, 134, 96, 42, 65, 14, 137, 44, 48, 20, 48, 24, 5,
       73, 0, 112, 1, 180, 88, 70, 33, 248, 65, 197, 128, 86, 65, 130,
       94, 10, 2, 1, 37, 195, 130, 193, 4, 11, 6, 5, 188, 7, 134, 45,
       192, 99, 66, 210, 131, 6, 18, 40, 0, 69, 150, 55, 48, 17, 0, 76,
       86, 160, 65, 170, 168, 67, 169, 24, 213, 203, 65, 128, 48, 84, 37,
       64, 188, 138, 17, 90, 50, 15, 64, 117, 145, 251, 193, 2, 2, 1,
       201, 130, 6, 128, 8, 35, 34, 74, 130, 129, 2, 1, 4, 9, 61, 196,
       200, 133, 10, 72, 66, 84, 25, 38, 128, 3, 3, 86, 81, 165, 80, 41,
       0, 161, 36, 130, 64, 16, 8, 139, 193, 88, 188, 145, 25, 76, 16,
       32, 85, 123, 140, 171, 80, 104, 145, 52, 68, 87, 16, 104, 4, 2,
       131, 161, 8, 192, 160, 199, 0, 186, 2, 5, 0, 0, 139, 3, 10, 72,
       129, 2, 192, 0, 78, 89, 77, 152, 16, 2, 0, 3, 51, 86, 85, 130, 93,
       32, 49, 234, 109, 34, 224, 116, 32, 8, 86, 20, 49, 227, 25, 108,
       24, 4, 213, 29, 140, 8, 20, 224, 3, 181, 72, 87, 32, 242, 2, 2, 1,
       162, 220, 164, 35, 73, 4, 67, 2, 70, 129, 3, 144, 17, 98, 85, 5,
       96, 200, 0, 136, 112, 14, 136, 40, 13, 146, 8, 49, 9, 112, 36, 92,
       154, 64, 114, 5, 214, 128, 64, 24, 10, 64, 4, 200, 21, 8, 36, 16,
       4, 96, 28, 141, 73, 16, 240, 35, 188, 72, 86, 32, 185, 100, 35,
       225, 176, 16, 6, 33, 78, 228, 198, 194, 52, 81, 175, 147, 66, 234,
       212, 3, 100, 73, 161, 194, 51, 76, 136, 164, 13, 82, 12, 48, 41,
       80, 36, 85, 186, 82, 120, 1, 84, 112, 64, 24, 14, 68, 4, 193, 110,
       153, 44, 24, 5, 240, 28, 156, 73, 16, 242, 51, 157, 88, 86, 32,
       250, 6, 48, 65, 130, 159, 128, 7, 72, 198, 66, 3, 114, 161, 10,
       160, 81, 226, 212, 5, 96, 193, 0, 128, 96, 12, 152, 168, 9, 210,
       8, 49, 105, 84, 36, 20, 186, 66, 112, 1, 84, 80, 64, 24, 15, 192,
       20, 196, 77, 153, 44, 24, 4, 112, 28, 156, 73, 16, 114, 51, 188,
       88, 23, 32, 248, 2, 1, 129, 146, 0, 2, 0, 79, 66, 194, 3, 20, 48,
       134, 129, 66, 106, 84, 0, 68, 2, 32, 192, 3, 12, 128, 160, 9, 18,
       8, 16, 8, 82, 36, 85, 186, 0, 120, 1, 84, 0, 64, 20, 10, 0, 20,
       193, 78, 25, 44, 24, 5, 48, 24, 148, 73, 16, 114, 51, 185, 72, 70,
       32, 242, 68, 33, 227, 176, 16, 70, 33, 238, 128, 198, 195, 52, 65,
       134, 147, 98, 234, 84, 3, 100, 11, 129, 198, 50, 76, 136, 172, 9,
       210, 8, 48, 9, 112, 36, 85, 186, 66, 114, 1, 84, 16, 64, 24, 14,
       66, 28, 65, 204, 25, 44, 24, 5, 112, 28, 148, 73, 144, 240, 33,
       188, 76, 70, 32, 240, 6, 2, 1, 128, 0, 0, 0, 69, 2, 34, 3, 4, 0,
       4, 129, 2, 2, 0, 0, 64, 8, 160, 128, 0, 12, 128, 128, 9, 2, 40, 1,
       72, 32, 4, 85, 138, 0, 98, 1, 66, 0, 64, 16, 8, 4, 20, 128, 12,
       17, 44, 16, 4, 0, 24, 36, 8, 128, 98, 1, 48, 72, 70, 32, 96, 1, 2,
       0, 0, 0, 146, 2, 68, 32, 26, 2, 4, 0, 49, 1, 2, 0, 72, 1, 36, 192,
       32, 64, 211, 72, 0, 12, 4, 0, 0, 1, 64, 116, 32, 81, 168, 80, 40,
       1, 0, 64, 32, 24, 14, 64, 0, 64, 74, 25, 44, 24, 4, 241, 24, 140,
       8, 16, 98, 3, 148, 72, 86, 32, 248, 131, 197, 8, 10, 1, 8, 6, 1,
       35, 66, 41, 202, 16, 32, 36, 11, 132, 34, 36, 145, 0, 32, 81, 66,
       80, 23, 129, 104, 1, 160, 137, 64, 146, 52, 66, 128, 10, 72, 162,
       232, 98, 26, 60, 41, 144, 84, 244, 79, 17, 170, 16, 4, 96, 9, 88,
       9, 25, 243, 18, 180, 16, 82, 96, 75, 68, 34, 1, 0, 0, 2, 2, 70,
       128, 34, 0, 4, 64, 1, 129, 3, 2, 68, 1, 68, 128, 128, 8, 0, 76,
       128, 12, 5, 2, 8, 1, 72, 112, 6, 84, 186, 0, 32, 5, 6, 0, 96, 16,
       130, 64, 88, 0, 192, 16, 36, 16, 0, 1, 24, 4, 8, 0, 96, 3, 148,
       72, 70, 32, 240 ]
