%YAML:1.0
descriptors: !!opencv-matrix
   rows: 34
   cols: 64
   dt: u
   data: [ 194, 8, 130, 19, 200, 194, 10, 133, 10, 163, 3, 14, 146, 196,
       3, 26, 13, 3, 56, 151, 10, 133, 74, 73, 66, 87, 186, 110, 128, 35,
       130, 6, 7, 181, 65, 65, 10, 13, 238, 66, 32, 0, 36, 105, 157, 92,
       189, 177, 213, 200, 16, 37, 149, 107, 16, 235, 81, 121, 48, 49, 4,
       113, 16, 234, 212, 49, 155, 214, 32, 2, 88, 98, 66, 193, 21, 210,
       66, 194, 134, 26, 46, 199, 52, 7, 6, 173, 224, 3, 142, 146, 178,
       93, 2, 40, 148, 41, 210, 55, 52, 155, 2, 124, 210, 213, 16, 234,
       185, 107, 187, 28, 193, 46, 209, 166, 49, 215, 48, 24, 52, 75, 81,
       123, 48, 91, 88, 117, 147, 251, 193, 2, 130, 35, 221, 162, 162,
       220, 16, 187, 64, 115, 162, 3, 131, 1, 10, 77, 169, 65, 200, 5,
       202, 121, 70, 216, 24, 39, 210, 1, 35, 79, 85, 165, 28, 49, 117,
       252, 45, 54, 97, 100, 58, 14, 75, 1, 88, 209, 24, 60, 24, 4, 213,
       190, 140, 8, 16, 168, 167, 156, 76, 87, 48, 246, 212, 57, 147, 84,
       96, 2, 216, 230, 66, 128, 83, 86, 66, 192, 147, 18, 126, 195, 62,
       199, 7, 173, 101, 199, 142, 90, 246, 204, 128, 44, 162, 56, 102,
       63, 108, 159, 90, 60, 202, 84, 209, 64, 177, 78, 235, 44, 131,
       110, 153, 172, 73, 211, 112, 26, 20, 67, 65, 115, 17, 113, 124,
       53, 97, 234, 61, 180, 253, 252, 63, 253, 253, 127, 245, 254, 221,
       249, 253, 126, 188, 95, 251, 254, 99, 123, 245, 118, 211, 255,
       237, 255, 245, 255, 91, 95, 245, 235, 223, 44, 213, 190, 223, 120,
       233, 117, 120, 93, 123, 47, 245, 53, 247, 111, 185, 174, 24, 7,
       240, 29, 156, 73, 20, 242, 55, 189, 122, 87, 32, 250, 117, 21,
       176, 148, 17, 7, 33, 71, 6, 68, 1, 20, 17, 138, 176, 86, 118, 214,
       1, 100, 2, 162, 208, 35, 28, 136, 160, 73, 18, 136, 112, 41, 66,
       36, 20, 186, 0, 104, 1, 92, 16, 64, 20, 10, 64, 20, 193, 78, 153,
       36, 24, 4, 112, 24, 148, 65, 16, 50, 51, 184, 88, 6, 32, 249, 5,
       2, 128, 33, 217, 160, 162, 76, 0, 58, 64, 1, 128, 1, 131, 1, 10,
       76, 129, 64, 192, 1, 206, 121, 4, 136, 24, 135, 82, 1, 33, 79, 85,
       128, 92, 56, 49, 240, 37, 38, 64, 68, 26, 10, 65, 1, 66, 209, 24,
       44, 24, 4, 213, 28, 140, 8, 16, 224, 163, 156, 72, 87, 32, 243, 5,
       7, 100, 128, 16, 166, 33, 114, 36, 76, 66, 17, 1, 43, 144, 5, 98,
       124, 193, 96, 241, 34, 208, 115, 72, 40, 132, 4, 16, 8, 49, 201,
       86, 36, 84, 186, 16, 56, 1, 76, 84, 64, 24, 134, 64, 0, 192, 78,
       24, 36, 24, 0, 240, 28, 156, 9, 8, 114, 51, 148, 72, 70, 32, 248,
       143, 246, 100, 33, 157, 176, 163, 88, 160, 59, 240, 121, 236, 9,
       4, 17, 96, 236, 7, 208, 233, 66, 43, 124, 68, 56, 105, 163, 222,
       5, 225, 215, 89, 236, 156, 190, 123, 48, 33, 246, 78, 66, 26, 143,
       80, 113, 154, 81, 56, 125, 24, 0, 224, 156, 204, 97, 186, 176,
       167, 148, 152, 211, 36, 9, 21, 50, 85, 33, 220, 176, 162, 120,
       112, 59, 224, 115, 228, 17, 129, 17, 98, 236, 135, 208, 233, 32,
       11, 220, 196, 56, 105, 227, 220, 5, 225, 246, 125, 128, 220, 62,
       125, 176, 33, 246, 221, 68, 26, 142, 64, 97, 154, 81, 168, 125, 8,
       32, 244, 156, 76, 65, 22, 176, 151, 132, 216, 83, 100, 61, 84, 1,
       144, 48, 16, 34, 35, 118, 132, 4, 65, 20, 1, 142, 147, 2, 226, 92,
       3, 100, 192, 35, 192, 51, 76, 136, 164, 13, 80, 8, 48, 104, 87,
       36, 21, 186, 0, 56, 1, 84, 24, 64, 16, 14, 196, 20, 129, 78, 25,
       44, 24, 1, 112, 28, 156, 73, 16, 178, 51, 185, 88, 86, 32, 250, 6,
       5, 145, 152, 0, 2, 4, 71, 2, 66, 1, 0, 16, 128, 134, 18, 110, 66,
       0, 68, 2, 164, 64, 3, 204, 128, 160, 73, 2, 40, 16, 1, 2, 20, 21,
       138, 0, 104, 3, 66, 32, 130, 44, 97, 54, 28, 101, 14, 81, 160, 48,
       20, 32, 24, 52, 11, 24, 34, 16, 49, 24, 68, 33, 226, 7, 0, 8, 34,
       15, 136, 0, 8, 0, 2, 170, 100, 32, 6, 36, 49, 64, 58, 1, 208, 193,
       34, 9, 64, 68, 136, 64, 9, 82, 6, 161, 64, 156, 36, 87, 138, 99,
       66, 9, 128, 0, 16, 16, 9, 84, 87, 182, 77, 25, 44, 24, 4, 224, 5,
       200, 1, 18, 162, 55, 180, 8, 82, 32, 72, 85, 54, 49, 32, 220, 162,
       47, 120, 194, 42, 193, 52, 225, 5, 129, 17, 116, 175, 67, 84, 241,
       35, 0, 212, 132, 184, 236, 205, 0, 4, 225, 200, 79, 44, 5, 190,
       25, 40, 1, 68, 104, 64, 16, 138, 197, 97, 134, 79, 56, 174, 24, 3,
       224, 24, 92, 65, 0, 50, 19, 144, 40, 23, 96, 96, 1, 7, 68, 138,
       64, 30, 38, 71, 36, 84, 2, 1, 8, 123, 188, 5, 202, 116, 129, 100,
       192, 97, 16, 115, 72, 136, 128, 4, 56, 8, 17, 65, 214, 36, 87,
       186, 80, 112, 129, 100, 116, 92, 24, 7, 212, 20, 245, 78, 153,
       172, 24, 4, 240, 29, 157, 73, 24, 242, 51, 189, 88, 87, 32, 248,
       79, 21, 204, 154, 23, 31, 23, 22, 54, 70, 4, 0, 24, 10, 54, 71,
       200, 116, 1, 244, 64, 115, 208, 35, 64, 160, 160, 13, 82, 24, 16,
       97, 215, 36, 150, 170, 66, 120, 1, 112, 112, 219, 28, 13, 209, 20,
       229, 78, 153, 172, 24, 4, 240, 29, 156, 73, 24, 178, 51, 189, 88,
       215, 42, 251, 86, 1, 1, 148, 16, 130, 10, 101, 6, 162, 19, 20, 17,
       4, 153, 82, 106, 213, 1, 101, 136, 33, 194, 1, 13, 136, 172, 13,
       82, 8, 49, 40, 80, 36, 85, 186, 66, 122, 129, 84, 16, 64, 48, 46,
       199, 12, 193, 110, 153, 172, 24, 5, 112, 29, 148, 73, 16, 114, 51,
       188, 88, 22, 32, 242, 83, 17, 128, 22, 23, 99, 27, 54, 134, 36,
       83, 17, 41, 202, 18, 86, 104, 215, 35, 213, 193, 39, 193, 39, 8,
       219, 180, 13, 82, 24, 112, 104, 71, 44, 85, 190, 90, 56, 193, 84,
       120, 80, 52, 47, 197, 52, 165, 110, 153, 164, 24, 5, 240, 28, 156,
       65, 16, 178, 51, 185, 88, 23, 32, 250, 61, 182, 125, 237, 190,
       253, 191, 120, 253, 255, 218, 127, 237, 127, 217, 85, 251, 253,
       195, 106, 245, 102, 219, 252, 205, 252, 245, 255, 126, 87, 243,
       255, 223, 108, 213, 190, 95, 122, 249, 117, 124, 92, 122, 175,
       213, 161, 247, 111, 184, 189, 24, 5, 240, 29, 158, 77, 52, 242,
       51, 189, 218, 215, 36, 254, 3, 0, 0, 130, 1, 0, 132, 0, 0, 66, 40,
       64, 0, 4, 32, 1, 11, 84, 5, 32, 64, 32, 160, 96, 76, 149, 1, 0,
       18, 8, 17, 81, 212, 36, 80, 152, 0, 96, 1, 128, 64, 66, 24, 9, 16,
       20, 84, 76, 17, 44, 16, 4, 48, 24, 140, 8, 16, 98, 34, 188, 64,
       87, 32, 248, 3, 2, 0, 130, 1, 0, 0, 0, 0, 2, 2, 0, 0, 1, 0, 1, 0,
       0, 0, 0, 0, 0, 0, 64, 0, 128, 0, 0, 128, 0, 1, 65, 16, 4, 80, 136,
       0, 64, 0, 0, 0, 0, 24, 0, 0, 0, 64, 76, 16, 32, 16, 4, 0, 8, 4, 0,
       0, 32, 0, 48, 0, 70, 32, 96, 3, 3, 0, 146, 8, 128, 0, 4, 2, 2, 0,
       4, 0, 65, 1, 1, 64, 64, 0, 0, 194, 32, 72, 66, 76, 128, 0, 0, 2,
       8, 1, 65, 23, 6, 80, 170, 0, 64, 3, 0, 0, 32, 8, 0, 0, 4, 65, 78,
       17, 44, 24, 4, 48, 24, 140, 11, 16, 98, 2, 21, 72, 68, 32, 224, 2,
       3, 128, 146, 8, 0, 4, 6, 0, 98, 1, 4, 0, 68, 3, 2, 0, 0, 0, 0,
       130, 32, 72, 3, 72, 128, 128, 0, 2, 8, 1, 65, 23, 38, 16, 10, 0,
       72, 2, 2, 0, 96, 8, 8, 0, 20, 193, 75, 17, 44, 24, 4, 17, 24, 148,
       8, 17, 98, 50, 21, 72, 84, 32, 232, 66, 3, 0, 130, 65, 2, 6, 66,
       2, 66, 3, 2, 0, 0, 0, 2, 70, 1, 0, 68, 0, 161, 0, 66, 68, 128,
       136, 12, 130, 0, 0, 1, 80, 36, 80, 24, 0, 104, 4, 64, 0, 64, 24,
       8, 65, 12, 192, 76, 17, 0, 16, 4, 33, 24, 156, 11, 17, 98, 49,
       180, 64, 6, 0, 224, 249, 255, 94, 255, 252, 254, 254, 144, 123,
       255, 108, 251, 238, 123, 236, 91, 255, 227, 189, 235, 253, 109,
       91, 255, 225, 127, 243, 255, 111, 111, 231, 247, 215, 198, 223,
       247, 255, 217, 249, 125, 126, 222, 251, 253, 247, 81, 247, 127,
       185, 255, 40, 103, 252, 173, 250, 237, 62, 255, 247, 175, 250,
       243, 253, 254, 67, 1, 194, 146, 1, 2, 5, 14, 36, 68, 1, 6, 11,
       175, 51, 7, 234, 85, 1, 100, 64, 135, 194, 99, 78, 216, 176, 9,
       146, 8, 50, 9, 87, 36, 85, 186, 82, 120, 65, 84, 80, 64, 24, 46,
       197, 20, 229, 108, 25, 172, 24, 5, 240, 24, 156, 73, 16, 242, 51,
       189, 72, 87, 32, 250, 192, 9, 130, 147, 65, 66, 2, 134, 0, 192, 1,
       4, 18, 132, 35, 171, 9, 81, 56, 7, 10, 141, 228, 35, 74, 195, 26,
