%YAML:1.0
descriptors: !!opencv-matrix
   rows: 1
   cols: 64
   dt: u
   data: [ 252, 126, 255, 249, 250, 127, 243, 253, 253, 252, 254, 189,
       125, 254, 251, 238, 251, 220, 251, 106, 253, 249, 238, 190, 95,
       237, 188, 187, 255, 223, 127, 255, 241, 39, 85, 250, 87, 115, 253,
       124, 250, 93, 120, 62, 93, 167, 75, 229, 157, 173, 95, 5, 248, 31,
       157, 77, 144, 244, 43, 189, 95, 70, 34, 246 ]
