%YAML:1.0
descriptors: !!opencv-matrix
   rows: 6
   cols: 64
   dt: u
   data: [ 12, 35, 101, 176, 16, 36, 33, 111, 128, 198, 194, 52, 81, 167,
       145, 66, 234, 92, 3, 98, 65, 32, 196, 51, 76, 136, 164, 9, 82, 12,
       48, 73, 82, 36, 85, 186, 80, 120, 65, 84, 112, 64, 24, 46, 68, 4,
       193, 110, 25, 172, 24, 5, 240, 28, 156, 73, 16, 242, 51, 189, 72,
       86, 32, 250, 5, 39, 97, 0, 17, 4, 37, 105, 128, 68, 128, 52, 0,
       14, 128, 70, 226, 84, 3, 100, 65, 130, 128, 48, 76, 136, 172, 9,
       210, 8, 48, 9, 80, 36, 84, 186, 0, 112, 1, 84, 16, 64, 24, 15, 64,
       20, 228, 76, 153, 36, 24, 4, 112, 28, 156, 73, 16, 242, 51, 188,
       88, 86, 32, 248, 35, 4, 64, 2, 157, 128, 7, 8, 98, 0, 0, 97, 168,
       11, 132, 21, 98, 54, 5, 16, 193, 2, 153, 100, 68, 144, 40, 9, 146,
       8, 1, 65, 20, 36, 20, 154, 66, 16, 1, 212, 65, 66, 24, 139, 64,
       80, 196, 69, 0, 36, 16, 4, 32, 24, 140, 9, 16, 50, 50, 156, 24,
       71, 32, 121, 4, 35, 33, 144, 16, 68, 32, 103, 0, 198, 3, 20, 65,
       132, 145, 66, 202, 68, 1, 96, 0, 32, 196, 3, 12, 136, 128, 9, 16,
       12, 48, 73, 112, 4, 85, 186, 16, 120, 1, 84, 48, 64, 16, 14, 68,
       4, 65, 110, 25, 44, 24, 5, 112, 24, 148, 72, 0, 98, 35, 156, 72,
       70, 32, 242, 62, 49, 113, 130, 22, 5, 1, 79, 198, 70, 19, 48, 117,
       10, 176, 86, 226, 212, 3, 96, 65, 34, 129, 55, 12, 136, 164, 9,
       82, 8, 48, 105, 80, 36, 20, 186, 82, 112, 1, 84, 80, 64, 24, 14,
       192, 20, 192, 78, 153, 172, 24, 5, 240, 28, 156, 73, 16, 242, 51,
       188, 88, 22, 32, 248, 5, 34, 65, 128, 208, 2, 35, 76, 0, 64, 130,
       52, 65, 3, 129, 65, 66, 68, 1, 100, 65, 128, 136, 32, 14, 136, 8,
       1, 146, 8, 32, 9, 112, 4, 84, 154, 0, 114, 5, 148, 128, 64, 24, 2,
       64, 8, 64, 192, 24, 36, 80, 4, 1, 24, 132, 8, 0, 96, 33, 140, 72,
       6, 32, 241 ]
