%YAML:1.0
descriptors: !!opencv-matrix
   rows: 5
   cols: 64
   dt: u
   data: [ 6, 50, 65, 130, 157, 128, 5, 72, 230, 2, 3, 112, 173, 3, 128,
       81, 226, 212, 1, 96, 193, 32, 129, 116, 76, 136, 160, 9, 18, 8,
       49, 105, 85, 36, 84, 186, 66, 120, 1, 84, 64, 64, 24, 15, 208, 20,
       228, 79, 152, 172, 24, 4, 112, 29, 156, 73, 16, 242, 51, 188, 88,
       87, 32, 248, 39, 37, 241, 146, 17, 6, 5, 79, 198, 70, 129, 48, 33,
       138, 145, 87, 234, 212, 1, 100, 3, 130, 192, 39, 76, 136, 160, 9,
       82, 8, 48, 41, 208, 36, 84, 186, 66, 120, 1, 84, 48, 66, 24, 10,
       80, 20, 193, 78, 153, 44, 16, 5, 112, 28, 148, 73, 16, 242, 51,
       188, 88, 86, 32, 250, 6, 32, 65, 130, 153, 128, 2, 73, 198, 66,
       160, 48, 33, 2, 128, 81, 226, 212, 5, 96, 65, 0, 128, 112, 76,
       136, 40, 9, 210, 8, 49, 40, 112, 36, 84, 186, 66, 112, 1, 212, 16,
       64, 24, 14, 64, 20, 192, 76, 153, 44, 16, 4, 96, 28, 140, 73, 16,
       242, 51, 188, 88, 86, 32, 249, 63, 50, 125, 182, 63, 181, 191,
       120, 246, 254, 210, 115, 253, 127, 177, 85, 246, 247, 3, 98, 229,
       35, 195, 118, 204, 250, 224, 127, 90, 12, 241, 235, 215, 36, 85,
       190, 82, 120, 233, 116, 112, 92, 56, 47, 213, 21, 245, 111, 153,
       172, 24, 5, 240, 29, 156, 73, 16, 242, 51, 189, 88, 87, 32, 250,
       62, 49, 253, 182, 63, 55, 255, 126, 246, 254, 213, 245, 125, 126,
       178, 86, 250, 213, 67, 99, 229, 39, 195, 119, 204, 234, 244, 143,
       82, 220, 245, 235, 215, 36, 87, 190, 82, 120, 233, 116, 120, 92,
       56, 47, 213, 21, 247, 111, 153, 172, 24, 5, 240, 29, 156, 73, 16,
       242, 51, 189, 88, 87, 32, 250 ]
