%YAML:1.0
descriptors: !!opencv-matrix
   rows: 11
   cols: 64
   dt: u
   data: [ 46, 51, 113, 180, 17, 36, 33, 79, 228, 196, 195, 53, 97, 15,
       185, 87, 226, 212, 3, 96, 193, 34, 192, 55, 76, 136, 164, 9, 82,
       12, 49, 105, 210, 36, 85, 186, 82, 120, 129, 116, 112, 92, 56, 46,
       212, 20, 229, 110, 153, 172, 24, 5, 240, 29, 156, 73, 16, 242, 51,
       188, 88, 86, 32, 250, 35, 22, 64, 2, 29, 128, 4, 8, 38, 0, 0, 96,
       44, 11, 0, 21, 102, 230, 1, 144, 193, 34, 17, 100, 64, 144, 224,
       9, 18, 24, 193, 97, 148, 44, 86, 186, 66, 24, 1, 84, 64, 64, 24,
       139, 208, 80, 228, 77, 144, 172, 24, 0, 240, 24, 156, 73, 16, 50,
       51, 188, 24, 87, 32, 120, 7, 33, 81, 130, 17, 0, 1, 78, 198, 64,
       1, 48, 33, 138, 128, 82, 226, 212, 1, 100, 1, 128, 128, 34, 76,
       136, 160, 9, 18, 8, 48, 41, 80, 36, 20, 186, 2, 112, 1, 212, 16,
       66, 24, 11, 64, 20, 192, 76, 25, 36, 16, 4, 112, 24, 148, 73, 16,
       114, 49, 156, 88, 86, 32, 249, 22, 50, 81, 162, 30, 128, 3, 72,
       230, 6, 147, 48, 109, 35, 144, 81, 226, 212, 3, 96, 193, 32, 129,
       118, 76, 152, 164, 9, 82, 8, 49, 105, 212, 36, 84, 186, 82, 120,
       129, 84, 240, 88, 24, 15, 208, 20, 224, 79, 153, 172, 24, 5, 240,
       29, 156, 73, 16, 242, 51, 188, 88, 87, 32, 249, 54, 49, 113, 176,
       16, 38, 33, 111, 198, 198, 209, 52, 101, 175, 145, 86, 226, 212,
       3, 100, 1, 160, 196, 51, 76, 136, 160, 9, 82, 8, 48, 41, 112, 36,
       85, 186, 66, 120, 1, 84, 48, 64, 24, 14, 68, 20, 193, 78, 153, 44,
       24, 5, 112, 28, 148, 73, 16, 242, 51, 188, 88, 86, 32, 248, 63,
       51, 121, 174, 54, 53, 61, 126, 198, 86, 213, 52, 125, 30, 181, 85,
       242, 212, 3, 96, 193, 34, 193, 118, 76, 136, 164, 9, 82, 12, 113,
       105, 212, 36, 85, 186, 82, 120, 129, 116, 114, 94, 24, 15, 212,
       20, 228, 78, 153, 172, 24, 5, 240, 29, 156, 73, 16, 242, 51, 188,
       88, 86, 34, 249, 63, 55, 117, 130, 55, 53, 1, 122, 230, 86, 208,
       48, 125, 59, 176, 85, 242, 212, 67, 96, 241, 98, 193, 119, 76,
       168, 164, 9, 82, 28, 113, 105, 214, 36, 84, 186, 82, 120, 129,
       116, 84, 92, 24, 15, 208, 20, 229, 78, 153, 172, 24, 5, 240, 29,
       156, 73, 16, 242, 51, 188, 88, 86, 32, 248, 62, 49, 253, 178, 23,
       39, 61, 127, 230, 78, 209, 52, 125, 47, 179, 87, 242, 212, 67, 96,
       225, 38, 193, 119, 76, 136, 164, 9, 82, 140, 113, 233, 215, 36,
       87, 186, 82, 120, 129, 116, 112, 92, 24, 15, 212, 20, 229, 79,
       153, 172, 24, 5, 240, 29, 156, 73, 16, 242, 51, 189, 88, 87, 32,
       250, 63, 50, 117, 166, 63, 181, 63, 120, 246, 126, 211, 49, 253,
       127, 177, 85, 242, 245, 3, 96, 225, 34, 195, 118, 204, 184, 228,
       13, 82, 12, 113, 233, 215, 36, 85, 190, 82, 120, 233, 116, 112,
       92, 56, 47, 212, 20, 245, 111, 153, 172, 24, 5, 240, 29, 156, 73,
       16, 242, 51, 189, 88, 87, 32, 250, 38, 38, 97, 128, 156, 132, 6,
       73, 198, 66, 130, 52, 193, 7, 144, 69, 226, 212, 3, 96, 193, 2,
       128, 116, 76, 152, 172, 9, 18, 12, 49, 72, 84, 36, 84, 186, 66,
       120, 1, 84, 0, 80, 24, 14, 64, 20, 196, 77, 153, 44, 24, 4, 112,
       29, 156, 73, 16, 242, 51, 188, 88, 87, 32, 248, 61, 51, 117, 182,
       63, 181, 63, 120, 246, 92, 211, 49, 125, 123, 177, 85, 246, 246,
       67, 98, 225, 34, 193, 118, 204, 170, 228, 73, 82, 12, 241, 233,
       215, 36, 85, 190, 82, 120, 233, 124, 112, 92, 56, 47, 212, 20,
       245, 111, 153, 172, 24, 5, 240, 29, 156, 73, 16, 242, 51, 189, 88,
       87, 32, 250 ]
