%YAML:1.0
descriptors: !!opencv-matrix
   rows: 21
   cols: 64
   dt: u
   data: [ 54, 48, 81, 130, 159, 128, 11, 72, 198, 70, 17, 50, 189, 10,
       176, 84, 226, 212, 5, 96, 65, 2, 129, 116, 76, 136, 168, 9, 210,
       8, 49, 41, 208, 36, 84, 186, 66, 112, 1, 212, 80, 72, 24, 15, 208,
       20, 192, 76, 153, 172, 24, 5, 112, 29, 156, 73, 16, 242, 51, 188,
       88, 86, 32, 248, 54, 51, 81, 130, 221, 6, 5, 74, 230, 68, 1, 50,
       45, 107, 144, 85, 226, 212, 1, 100, 65, 128, 128, 116, 78, 136,
       168, 9, 210, 8, 48, 41, 80, 36, 84, 186, 66, 112, 1, 212, 80, 64,
       24, 15, 192, 20, 192, 76, 153, 172, 24, 5, 112, 28, 156, 73, 16,
       242, 51, 188, 88, 86, 32, 248, 68, 33, 193, 144, 16, 2, 9, 79,
       128, 130, 3, 52, 81, 130, 147, 66, 66, 84, 1, 68, 2, 128, 196, 3,
       12, 128, 160, 9, 18, 8, 48, 8, 112, 36, 20, 186, 0, 118, 1, 84,
       128, 64, 16, 10, 66, 28, 65, 204, 25, 44, 16, 4, 32, 24, 148, 8,
       144, 98, 33, 184, 72, 6, 32, 241, 70, 10, 131, 145, 200, 150, 2,
       69, 136, 167, 3, 6, 209, 196, 155, 2, 10, 69, 24, 102, 138, 133,
       74, 9, 14, 192, 158, 37, 2, 136, 17, 10, 87, 135, 85, 171, 0, 110,
       71, 2, 160, 96, 0, 8, 5, 12, 1, 179, 21, 12, 24, 37, 17, 121, 148,
       170, 64, 110, 17, 189, 72, 84, 112, 242, 59, 16, 8, 162, 15, 32,
       12, 8, 68, 106, 112, 0, 40, 10, 4, 22, 100, 214, 5, 208, 224, 18,
       137, 60, 12, 136, 232, 139, 82, 49, 49, 239, 49, 172, 148, 48,
       107, 96, 32, 194, 74, 194, 84, 9, 210, 21, 194, 73, 27, 108, 24,
       4, 100, 28, 188, 65, 144, 178, 179, 152, 152, 22, 32, 181, 2, 64,
       8, 138, 11, 8, 4, 3, 36, 98, 41, 2, 16, 8, 36, 7, 4, 18, 4, 208,
       128, 128, 136, 40, 64, 148, 9, 10, 146, 0, 1, 65, 144, 164, 18, 8,
       3, 72, 32, 130, 34, 194, 44, 9, 16, 20, 100, 137, 17, 8, 16, 4, 4,
       9, 228, 8, 16, 96, 32, 52, 0, 80, 0, 169, 33, 6, 69, 2, 29, 32, 7,
       88, 164, 4, 128, 97, 41, 25, 132, 5, 66, 116, 5, 96, 192, 2, 136,
       116, 68, 184, 9, 1, 178, 8, 1, 73, 216, 36, 84, 186, 64, 48, 1,
       148, 85, 66, 24, 143, 64, 80, 212, 77, 8, 36, 24, 4, 112, 24, 140,
       9, 56, 176, 35, 156, 72, 87, 36, 120, 179, 212, 80, 2, 149, 128,
       7, 8, 34, 1, 36, 114, 172, 11, 132, 21, 98, 214, 4, 16, 64, 2,
       129, 100, 4, 144, 105, 41, 146, 8, 1, 41, 144, 36, 20, 154, 66,
       80, 1, 212, 3, 194, 24, 11, 64, 16, 220, 4, 1, 36, 16, 4, 40, 2,
       140, 73, 16, 48, 48, 28, 24, 86, 32, 185, 69, 3, 129, 144, 0, 2,
       5, 110, 0, 68, 1, 0, 0, 129, 128, 2, 2, 68, 1, 100, 2, 128, 192,
       35, 76, 128, 128, 8, 16, 8, 16, 9, 80, 36, 20, 186, 0, 104, 1, 68,
       16, 64, 24, 14, 0, 28, 64, 206, 17, 36, 16, 4, 32, 24, 148, 8, 16,
       98, 33, 156, 72, 68, 32, 240, 44, 37, 233, 176, 20, 39, 57, 127,
       212, 206, 213, 180, 65, 130, 145, 71, 234, 212, 3, 99, 65, 32,
       192, 51, 77, 138, 160, 9, 82, 12, 48, 233, 210, 36, 85, 186, 82,
       120, 193, 116, 240, 92, 56, 14, 208, 20, 193, 110, 153, 172, 24,
       5, 240, 29, 156, 73, 16, 242, 51, 189, 88, 86, 32, 251, 60, 53,
       121, 52, 48, 165, 57, 95, 194, 170, 131, 52, 113, 64, 177, 83,
       250, 244, 3, 66, 193, 34, 80, 151, 132, 136, 228, 201, 82, 12,
       113, 232, 71, 44, 71, 190, 82, 56, 193, 84, 248, 92, 16, 14, 208,
       116, 129, 110, 153, 172, 24, 5, 240, 29, 156, 65, 16, 242, 51,
       189, 88, 86, 32, 250, 39, 38, 65, 34, 21, 128, 5, 72, 226, 64, 3,
       48, 33, 11, 128, 85, 226, 212, 1, 96, 193, 34, 129, 116, 76, 152,
       160, 9, 18, 8, 33, 105, 80, 36, 84, 186, 66, 112, 1, 84, 0, 64,
       24, 15, 64, 20, 192, 76, 153, 36, 24, 4, 112, 28, 156, 73, 16,
       242, 51, 188, 88, 86, 32, 248, 18, 1, 8, 22, 38, 0, 24, 7, 2, 2,
       17, 4, 16, 0, 0, 18, 4, 2, 0, 144, 2, 48, 193, 2, 136, 128, 164,
       72, 2, 168, 148, 96, 0, 60, 0, 0, 74, 72, 130, 195, 128, 10, 5,
       72, 146, 20, 128, 78, 19, 138, 16, 7, 36, 9, 48, 75, 1, 115, 48,
       112, 48, 16, 66, 225, 194, 1, 3, 131, 128, 64, 128, 128, 2, 193,
       3, 6, 0, 128, 1, 34, 10, 0, 4, 6, 8, 128, 164, 0, 74, 144, 25, 8,
       130, 10, 2, 25, 48, 36, 17, 154, 16, 64, 7, 128, 128, 64, 8, 10,
       0, 28, 72, 132, 1, 8, 80, 5, 17, 26, 132, 74, 16, 96, 32, 56, 68,
       4, 0, 185, 1, 3, 4, 0, 21, 32, 32, 118, 32, 8, 192, 1, 64, 1, 0,
       1, 0, 76, 129, 96, 64, 32, 0, 243, 0, 40, 0, 128, 80, 4, 32, 1,
       92, 0, 144, 168, 1, 32, 1, 0, 84, 0, 26, 6, 64, 33, 194, 78, 24,
       36, 24, 4, 96, 24, 156, 9, 8, 34, 19, 148, 8, 6, 36, 97, 1, 206,
       4, 1, 137, 216, 130, 64, 40, 89, 42, 71, 128, 53, 105, 161, 193,
       104, 133, 32, 196, 0, 24, 120, 97, 84, 9, 34, 188, 2, 11, 87, 148,
       192, 89, 0, 112, 130, 169, 32, 229, 20, 10, 183, 68, 194, 124, 97,
       128, 85, 20, 36, 148, 135, 139, 40, 22, 64, 134, 36, 64, 79, 36,
       24, 0, 201, 137, 154, 0, 78, 5, 71, 35, 70, 41, 136, 17, 165, 255,
       170, 139, 84, 32, 100, 2, 128, 228, 34, 93, 197, 129, 9, 3, 138,
       26, 9, 144, 4, 85, 154, 0, 96, 131, 84, 34, 250, 56, 33, 22, 30,
       100, 172, 17, 172, 118, 4, 0, 25, 165, 10, 152, 224, 40, 60, 88,
       68, 34, 242, 1, 22, 68, 32, 21, 32, 33, 122, 48, 28, 192, 65, 12,
       25, 4, 1, 66, 108, 129, 96, 224, 96, 0, 242, 64, 56, 0, 128, 120,
       4, 33, 65, 220, 96, 208, 176, 17, 40, 1, 32, 117, 4, 26, 135, 64,
       17, 246, 78, 24, 52, 24, 4, 240, 28, 138, 9, 58, 162, 55, 148, 64,
       87, 36, 89, 22, 49, 81, 146, 20, 2, 1, 74, 198, 6, 17, 48, 1, 194,
       144, 83, 226, 212, 1, 100, 67, 132, 128, 19, 14, 136, 164, 9, 82,
       8, 48, 41, 82, 36, 20, 186, 66, 120, 1, 84, 144, 64, 16, 14, 192,
       20, 192, 78, 153, 44, 16, 5, 112, 28, 156, 65, 16, 242, 51, 188,
       88, 86, 32, 249, 4, 35, 195, 176, 16, 66, 32, 79, 0, 130, 3, 52,
       65, 134, 153, 226, 202, 84, 1, 100, 3, 128, 196, 19, 13, 136, 128,
       9, 18, 8, 48, 72, 112, 6, 85, 186, 0, 118, 1, 84, 128, 96, 16, 14,
       70, 134, 65, 238, 25, 44, 124, 4, 32, 29, 149, 8, 128, 98, 35,
       188, 72, 6, 32, 240, 44, 35, 101, 176, 18, 37, 33, 126, 196, 206,
       194, 52, 81, 174, 177, 70, 226, 212, 3, 96, 65, 32, 192, 51, 12,
       136, 164, 9, 82, 8, 48, 105, 80, 36, 85, 186, 82, 120, 1, 84, 112,
       64, 24, 14, 68, 4, 193, 78, 153, 44, 24, 5, 240, 28, 156, 73, 16,
       242, 51, 188, 88, 86, 32, 250 ]
