%YAML:1.0
descriptors: !!opencv-matrix
   rows: 15
   cols: 64
   dt: u
   data: [ 13, 38, 101, 160, 25, 176, 33, 124, 180, 126, 194, 53, 65, 31,
       137, 69, 202, 92, 3, 96, 225, 32, 200, 112, 76, 136, 128, 131, 82,
       12, 49, 203, 85, 36, 85, 186, 82, 120, 33, 116, 120, 84, 24, 14,
       84, 5, 224, 79, 153, 172, 24, 5, 240, 29, 156, 73, 16, 242, 51,
       188, 72, 87, 32, 250, 62, 181, 125, 158, 55, 141, 29, 105, 231,
       70, 149, 240, 125, 106, 180, 86, 242, 214, 66, 113, 19, 50, 193,
       118, 220, 158, 229, 89, 82, 188, 244, 41, 214, 44, 84, 190, 194,
       120, 193, 124, 112, 218, 61, 47, 212, 20, 245, 110, 153, 172, 24,
       5, 240, 29, 156, 73, 16, 242, 51, 189, 88, 87, 32, 250, 5, 35, 81,
       178, 16, 38, 33, 78, 228, 68, 64, 48, 69, 171, 144, 82, 226, 212,
       1, 100, 65, 32, 192, 51, 76, 136, 160, 9, 82, 8, 48, 105, 80, 36,
       20, 186, 66, 112, 1, 212, 16, 64, 24, 14, 64, 4, 65, 78, 153, 36,
       24, 4, 112, 28, 156, 73, 16, 242, 35, 156, 88, 86, 32, 248, 13,
       38, 101, 160, 25, 38, 35, 78, 164, 110, 194, 53, 65, 47, 153, 71,
       194, 92, 3, 96, 193, 32, 192, 115, 76, 136, 160, 5, 82, 12, 49,
       73, 85, 36, 85, 186, 16, 120, 1, 84, 112, 84, 24, 14, 68, 20, 192,
       79, 153, 44, 24, 4, 240, 29, 156, 73, 16, 242, 51, 188, 72, 86,
       32, 240, 44, 38, 117, 160, 24, 109, 161, 127, 244, 252, 194, 53,
       81, 63, 155, 228, 235, 220, 195, 96, 241, 0, 204, 176, 93, 168,
       44, 129, 88, 12, 59, 203, 125, 36, 85, 186, 85, 114, 9, 116, 252,
       84, 24, 6, 68, 167, 98, 108, 153, 44, 24, 4, 240, 29, 156, 73, 16,
       242, 35, 188, 72, 71, 32, 248, 29, 50, 117, 32, 152, 161, 43, 124,
       224, 46, 192, 49, 101, 11, 129, 65, 226, 220, 131, 96, 225, 32,
       132, 60, 12, 168, 160, 137, 210, 12, 113, 233, 112, 36, 20, 186,
       16, 112, 1, 212, 156, 66, 26, 14, 64, 1, 192, 76, 152, 44, 24, 4,
       96, 28, 140, 73, 144, 178, 35, 156, 88, 6, 34, 177, 44, 50, 113,
       160, 221, 160, 35, 88, 228, 106, 194, 55, 229, 67, 129, 81, 226,
       221, 3, 96, 225, 32, 136, 120, 14, 152, 40, 143, 210, 12, 49, 207,
       83, 36, 84, 186, 80, 114, 5, 84, 204, 68, 24, 14, 64, 5, 194, 71,
       152, 36, 24, 4, 96, 28, 141, 73, 16, 242, 51, 188, 72, 71, 32,
       240, 68, 34, 81, 160, 208, 34, 34, 121, 192, 0, 66, 54, 65, 6,
       145, 66, 226, 212, 1, 100, 73, 128, 128, 48, 12, 136, 168, 9, 210,
       8, 48, 8, 112, 36, 84, 186, 64, 114, 1, 212, 16, 64, 24, 14, 64,
       4, 192, 76, 153, 44, 24, 4, 112, 28, 140, 73, 16, 242, 51, 188,
       72, 70, 32, 240, 22, 35, 65, 54, 16, 0, 36, 99, 192, 0, 81, 16,
       80, 2, 144, 82, 226, 212, 3, 100, 65, 160, 129, 54, 76, 136, 164,
       9, 82, 12, 48, 40, 208, 36, 84, 186, 82, 120, 1, 84, 80, 88, 24,
       15, 208, 20, 192, 78, 153, 172, 24, 5, 240, 28, 156, 73, 16, 242,
       51, 188, 88, 86, 32, 248, 5, 2, 0, 3, 137, 192, 160, 128, 0, 128,
       2, 71, 128, 18, 73, 32, 0, 8, 129, 0, 192, 32, 12, 64, 0, 16, 0,
       0, 132, 2, 3, 82, 53, 130, 81, 0, 49, 138, 9, 0, 129, 52, 0, 0,
       64, 0, 48, 225, 25, 72, 40, 52, 149, 1, 8, 0, 3, 64, 2, 164, 0, 3,
       1, 72, 4, 197, 8, 136, 0, 95, 36, 7, 1, 194, 41, 128, 16, 132, 45,
       138, 137, 24, 33, 196, 0, 16, 84, 1, 81, 85, 137, 64, 1, 130, 24,
       0, 128, 16, 195, 168, 1, 72, 8, 32, 34, 27, 52, 33, 54, 212, 54,
       108, 19, 168, 56, 4, 146, 89, 112, 24, 144, 195, 11, 180, 25, 67,
       106, 226, 7, 193, 136, 24, 1, 18, 24, 6, 0, 130, 33, 136, 2, 131,
       4, 11, 0, 8, 36, 205, 1, 132, 96, 3, 65, 1, 129, 64, 1, 36, 0, 0,
       144, 16, 144, 170, 1, 8, 0, 160, 34, 42, 56, 41, 178, 16, 18, 110,
       81, 168, 48, 5, 80, 25, 240, 0, 16, 195, 51, 148, 24, 80, 66, 235,
       6, 34, 65, 128, 25, 128, 3, 73, 164, 66, 2, 48, 1, 3, 128, 65,
       194, 84, 1, 96, 193, 0, 128, 112, 76, 136, 136, 9, 18, 8, 49, 73,
       85, 36, 84, 186, 82, 120, 1, 84, 64, 80, 24, 15, 64, 20, 228, 77,
       25, 44, 24, 4, 240, 29, 156, 73, 16, 242, 51, 188, 72, 87, 32,
       248, 4, 33, 65, 146, 16, 4, 1, 111, 198, 68, 1, 52, 17, 6, 145,
       66, 226, 84, 1, 96, 193, 32, 192, 35, 76, 136, 164, 9, 18, 8, 49,
       105, 214, 36, 85, 186, 66, 120, 1, 84, 48, 64, 24, 14, 196, 20,
       193, 78, 153, 172, 24, 5, 112, 28, 156, 73, 16, 242, 51, 189, 88,
       86, 32, 250, 37, 38, 97, 128, 17, 36, 33, 126, 196, 70, 194, 52,
       97, 11, 137, 69, 226, 212, 3, 96, 65, 2, 128, 52, 76, 136, 32, 9,
       82, 8, 49, 73, 84, 36, 85, 186, 80, 114, 1, 84, 144, 80, 24, 14,
       64, 4, 64, 76, 153, 44, 24, 4, 240, 29, 140, 73, 16, 240, 35, 188,
       88, 86, 32, 248 ]
