%YAML:1.0
descriptors: !!opencv-matrix
   rows: 7
   cols: 64
   dt: u
   data: [ 5, 39, 97, 128, 16, 6, 1, 78, 130, 68, 129, 52, 65, 171, 129,
       66, 226, 84, 1, 100, 65, 0, 192, 35, 76, 136, 160, 9, 18, 8, 48,
       9, 80, 36, 20, 186, 66, 112, 1, 84, 16, 64, 24, 14, 64, 20, 192,
       76, 25, 44, 24, 4, 112, 24, 148, 73, 16, 242, 35, 156, 88, 86, 32,
       248, 4, 38, 97, 128, 217, 4, 38, 73, 132, 64, 130, 52, 65, 7, 145,
       69, 226, 196, 3, 96, 65, 2, 128, 112, 76, 136, 44, 9, 146, 12, 33,
       8, 80, 36, 85, 186, 64, 48, 1, 84, 0, 80, 24, 142, 68, 4, 192, 76,
       153, 44, 24, 0, 112, 28, 140, 73, 16, 240, 35, 188, 72, 86, 32,
       248, 68, 35, 225, 144, 16, 6, 41, 79, 128, 198, 3, 52, 65, 134,
       147, 66, 226, 84, 1, 100, 1, 128, 192, 51, 76, 136, 164, 9, 82, 8,
       48, 9, 112, 36, 85, 186, 66, 120, 1, 84, 48, 64, 24, 14, 68, 20,
       193, 78, 153, 44, 24, 5, 112, 28, 148, 73, 16, 242, 51, 188, 88,
       86, 32, 242, 4, 35, 163, 176, 16, 96, 40, 103, 0, 130, 195, 20,
       65, 132, 153, 194, 138, 76, 3, 96, 0, 128, 196, 19, 13, 136, 132,
       137, 64, 12, 48, 8, 112, 4, 85, 186, 16, 122, 1, 84, 144, 64, 16,
       14, 66, 132, 65, 110, 25, 44, 24, 5, 112, 29, 149, 72, 128, 98,
       35, 188, 72, 6, 32, 242, 131, 208, 80, 2, 157, 128, 4, 8, 38, 1,
       0, 114, 160, 11, 132, 17, 98, 214, 4, 16, 64, 2, 137, 100, 6, 144,
       97, 9, 146, 8, 1, 41, 144, 36, 20, 154, 2, 80, 1, 214, 3, 194, 8,
       11, 64, 16, 236, 5, 1, 36, 16, 4, 32, 2, 140, 105, 16, 48, 32, 28,
       24, 87, 34, 185, 39, 38, 65, 130, 21, 0, 5, 73, 230, 66, 2, 48,
       33, 15, 128, 21, 98, 196, 1, 96, 192, 34, 128, 102, 76, 128, 160,
       9, 18, 8, 33, 105, 84, 36, 84, 186, 66, 56, 1, 84, 0, 64, 24, 139,
       64, 16, 228, 76, 153, 44, 24, 0, 112, 24, 156, 73, 16, 114, 51,
       188, 88, 87, 32, 248, 54, 33, 113, 146, 16, 4, 9, 111, 198, 70,
       147, 52, 113, 6, 145, 82, 234, 212, 3, 96, 65, 32, 192, 54, 76,
       136, 160, 9, 82, 8, 48, 105, 80, 36, 85, 186, 66, 120, 129, 84,
       48, 80, 24, 15, 196, 20, 229, 110, 153, 172, 24, 5, 240, 29, 156,
       73, 16, 242, 51, 188, 88, 86, 32, 250 ]
