%YAML:1.0
descriptors: !!opencv-matrix
   rows: 28
   cols: 64
   dt: u
   data: [ 39, 37, 65, 130, 16, 4, 7, 73, 194, 70, 1, 48, 97, 2, 144, 67,
       226, 84, 1, 100, 1, 128, 128, 32, 76, 136, 168, 9, 146, 8, 48, 41,
       80, 36, 84, 154, 66, 112, 1, 84, 16, 66, 24, 11, 80, 20, 196, 12,
       153, 44, 16, 4, 112, 24, 132, 73, 16, 242, 33, 188, 88, 86, 32,
       248, 102, 33, 97, 146, 20, 6, 11, 79, 198, 66, 145, 48, 97, 194,
       145, 67, 226, 212, 1, 100, 65, 160, 128, 54, 76, 136, 160, 9, 210,
       8, 48, 41, 112, 36, 20, 186, 66, 112, 1, 84, 16, 74, 24, 14, 208,
       20, 192, 78, 153, 172, 24, 5, 112, 28, 156, 73, 16, 242, 51, 156,
       88, 86, 32, 249, 70, 33, 65, 130, 81, 2, 6, 79, 2, 66, 1, 48, 32,
       131, 128, 83, 98, 84, 0, 68, 2, 128, 128, 32, 12, 128, 40, 13,
       146, 8, 0, 9, 48, 36, 20, 154, 0, 112, 7, 212, 0, 66, 24, 8, 0,
       28, 64, 140, 17, 36, 16, 4, 32, 24, 132, 11, 144, 32, 32, 56, 72,
       68, 32, 240, 7, 48, 81, 130, 221, 128, 7, 72, 70, 66, 0, 114, 161,
       10, 164, 81, 98, 213, 1, 96, 192, 0, 136, 96, 12, 144, 40, 13,
       146, 8, 17, 105, 84, 36, 20, 154, 66, 112, 1, 84, 64, 66, 24, 11,
       64, 20, 196, 77, 145, 36, 24, 4, 96, 24, 140, 73, 16, 114, 51,
       188, 88, 87, 32, 248, 62, 33, 249, 176, 50, 21, 25, 79, 198, 170,
       131, 52, 117, 226, 177, 86, 114, 212, 67, 98, 195, 54, 208, 119,
       156, 136, 166, 9, 66, 136, 53, 232, 103, 36, 7, 190, 82, 122, 1,
       84, 144, 64, 20, 14, 192, 68, 129, 79, 153, 44, 24, 1, 114, 28,
       156, 89, 16, 114, 59, 157, 72, 22, 32, 240, 61, 53, 125, 244, 55,
       39, 121, 95, 244, 92, 197, 113, 101, 88, 176, 85, 118, 252, 195,
       211, 119, 58, 81, 215, 148, 42, 230, 217, 120, 116, 228, 225, 238,
       58, 150, 190, 187, 56, 209, 245, 88, 75, 22, 198, 240, 113, 131,
       78, 184, 190, 136, 75, 240, 28, 88, 81, 62, 179, 119, 159, 58,
       246, 239, 201, 62, 55, 113, 116, 63, 188, 125, 91, 212, 26, 219,
       113, 109, 70, 244, 85, 52, 238, 71, 211, 247, 58, 49, 223, 132,
       190, 231, 219, 82, 116, 229, 224, 78, 60, 222, 190, 251, 58, 192,
       245, 72, 78, 23, 233, 242, 113, 183, 79, 184, 190, 152, 75, 226,
       29, 95, 81, 22, 179, 87, 183, 58, 243, 236, 42, 187, 212, 100,
       167, 223, 164, 191, 248, 180, 127, 248, 91, 173, 41, 1, 21, 102,
       253, 5, 112, 232, 66, 174, 120, 14, 168, 233, 59, 250, 81, 113,
       255, 117, 228, 156, 56, 119, 112, 33, 247, 87, 74, 91, 142, 208,
       17, 216, 93, 136, 188, 24, 5, 240, 158, 156, 73, 24, 178, 179,
       152, 222, 86, 38, 189, 98, 2, 1, 142, 77, 130, 10, 13, 66, 96, 19,
       20, 33, 2, 9, 2, 98, 213, 0, 96, 200, 1, 194, 32, 12, 136, 168,
       13, 18, 8, 17, 75, 209, 36, 85, 186, 82, 120, 161, 86, 48, 88, 24,
       14, 69, 148, 224, 77, 153, 172, 24, 5, 176, 29, 156, 73, 16, 98,
       59, 188, 88, 70, 32, 240, 50, 32, 105, 130, 30, 133, 3, 124, 196,
       38, 211, 52, 105, 0, 145, 66, 202, 84, 3, 112, 192, 35, 202, 76,
       12, 128, 172, 15, 18, 25, 49, 74, 85, 44, 21, 186, 90, 120, 1, 86,
       144, 64, 4, 14, 64, 20, 128, 75, 27, 44, 24, 5, 112, 24, 156, 73,
       0, 34, 51, 184, 72, 23, 32, 247, 3, 2, 0, 2, 201, 130, 2, 4, 50,
       56, 0, 69, 0, 1, 2, 49, 100, 42, 1, 144, 192, 1, 43, 8, 2, 8, 232,
       70, 144, 0, 129, 71, 125, 160, 16, 48, 115, 0, 0, 192, 192, 0, 8,
       10, 192, 64, 194, 77, 25, 76, 24, 0, 244, 8, 152, 201, 18, 114,
       183, 148, 0, 18, 32, 73, 35, 134, 33, 138, 201, 92, 135, 77, 45,
       80, 46, 5, 17, 60, 233, 164, 131, 48, 129, 32, 196, 32, 156, 96,
       85, 196, 8, 1, 130, 138, 27, 89, 164, 4, 83, 184, 48, 82, 141, 44,
       162, 20, 24, 160, 84, 150, 244, 96, 153, 44, 24, 12, 145, 21, 141,
       8, 16, 96, 34, 172, 72, 70, 34, 248, 34, 0, 8, 138, 7, 29, 5, 11,
       165, 198, 57, 128, 25, 40, 52, 71, 128, 116, 0, 97, 128, 82, 208,
       33, 93, 129, 133, 9, 18, 152, 16, 73, 192, 36, 86, 170, 66, 104,
       1, 88, 50, 90, 52, 41, 150, 20, 100, 108, 17, 172, 16, 4, 48, 25,
       149, 16, 16, 98, 51, 188, 72, 214, 40, 251, 37, 6, 101, 0, 89,
       162, 39, 92, 164, 102, 128, 48, 33, 13, 129, 69, 194, 116, 3, 96,
       192, 2, 152, 48, 68, 168, 8, 5, 18, 8, 33, 73, 81, 36, 84, 186, 0,
       48, 5, 84, 4, 64, 24, 142, 68, 16, 68, 65, 24, 36, 24, 4, 96, 24,
       140, 9, 24, 160, 35, 156, 72, 70, 32, 112, 227, 197, 25, 154, 32,
       22, 29, 7, 39, 230, 41, 136, 19, 168, 52, 30, 133, 50, 36, 37, 2,
       240, 112, 35, 80, 135, 163, 88, 3, 184, 28, 97, 130, 20, 18, 138,
       128, 72, 162, 234, 34, 202, 44, 233, 178, 28, 245, 110, 17, 168,
       48, 7, 34, 25, 116, 30, 25, 243, 112, 60, 89, 208, 74, 251, 4, 33,
       65, 146, 17, 0, 1, 78, 132, 64, 130, 52, 33, 195, 129, 65, 226,
       212, 1, 100, 65, 128, 128, 51, 78, 136, 160, 9, 210, 8, 48, 41,
       80, 36, 84, 186, 66, 114, 1, 84, 144, 64, 24, 14, 64, 20, 192, 76,
       153, 44, 24, 4, 112, 28, 156, 73, 16, 242, 51, 188, 88, 6, 32,
       248, 41, 205, 47, 136, 2, 93, 21, 211, 45, 196, 45, 140, 89, 189,
       125, 175, 139, 116, 101, 109, 20, 208, 84, 176, 89, 117, 149, 48,
       97, 146, 26, 17, 192, 4, 115, 202, 194, 106, 232, 40, 54, 191, 56,
       183, 22, 246, 116, 236, 137, 169, 54, 12, 152, 29, 135, 12, 56,
       224, 105, 61, 91, 87, 10, 250, 129, 202, 8, 137, 137, 216, 134,
       140, 57, 209, 46, 204, 144, 53, 111, 168, 137, 16, 173, 40, 204,
       64, 174, 96, 97, 213, 25, 34, 173, 139, 3, 19, 149, 192, 89, 64,
       112, 195, 237, 42, 103, 28, 40, 53, 21, 150, 124, 176, 145, 201,
       30, 36, 149, 197, 195, 42, 16, 192, 164, 44, 64, 89, 0, 218, 4,
       39, 181, 128, 0, 95, 1, 119, 227, 68, 3, 4, 81, 53, 187, 34, 202,
       64, 67, 100, 80, 96, 80, 195, 217, 32, 132, 136, 32, 136, 24, 9,
       196, 4, 67, 170, 24, 122, 201, 72, 52, 21, 16, 167, 84, 52, 229,
       110, 153, 172, 137, 11, 178, 29, 28, 89, 0, 114, 19, 189, 72, 87,
       104, 250, 0, 4, 0, 138, 136, 68, 134, 133, 36, 70, 10, 4, 16, 36,
       59, 164, 137, 16, 1, 32, 64, 0, 156, 32, 88, 133, 12, 0, 128, 138,
       27, 65, 228, 0, 67, 32, 16, 66, 13, 8, 32, 20, 4, 32, 20, 22, 100,
       64, 17, 8, 24, 4, 145, 9, 132, 8, 16, 64, 34, 60, 64, 70, 32, 240,
       3, 77, 130, 158, 1, 64, 76, 7, 1, 192, 41, 136, 2, 132, 6, 10, 13,
       0, 32, 7, 10, 140, 192, 3, 75, 215, 147, 32, 1, 34, 2, 1, 130, 55,
       49, 8, 0, 76, 98, 0, 33, 170, 188, 227, 47, 28, 125, 174, 65, 128,
       112, 180, 1, 74, 36, 170, 145, 1, 40, 113, 4, 101, 129, 162, 0,
       207, 45, 152, 32, 93, 5, 119, 73, 196, 63, 128, 81, 181, 93, 170,
       139, 64, 96, 109, 20, 192, 228, 131, 89, 101, 133, 32, 33, 142,
       26, 9, 208, 4, 113, 170, 64, 112, 232, 104, 50, 61, 57, 39, 20,
       150, 116, 110, 147, 168, 103, 12, 176, 29, 151, 12, 128, 226, 43,
       252, 89, 70, 96, 250, 1, 2, 0, 33, 137, 176, 160, 80, 16, 24, 2,
       69, 128, 17, 9, 1, 66, 72, 129, 0, 192, 0, 140, 88, 0, 8, 8, 2,
       156, 0, 33, 87, 117, 32, 88, 48, 117, 130, 9, 160, 197, 20, 26, 6,
       64, 130, 210, 65, 24, 125, 24, 4, 244, 4, 141, 73, 6, 64, 6, 132,
       64, 71, 32, 120, 39, 6, 96, 2, 17, 4, 1, 72, 166, 70, 131, 48, 33,
       11, 128, 5, 226, 196, 3, 96, 65, 2, 129, 116, 76, 136, 168, 9, 18,
       8, 32, 9, 80, 36, 84, 186, 66, 48, 1, 84, 80, 64, 24, 143, 192,
       16, 192, 76, 153, 44, 24, 0, 112, 28, 156, 73, 16, 242, 51, 188,
       88, 86, 32, 248, 39, 36, 17, 2, 17, 0, 5, 77, 194, 66, 1, 48, 32,
       14, 160, 85, 226, 212, 1, 64, 65, 2, 193, 68, 76, 128, 160, 9, 18,
       8, 17, 40, 196, 36, 84, 186, 66, 120, 1, 84, 32, 72, 24, 11, 212,
       20, 164, 76, 153, 172, 24, 5, 112, 24, 156, 65, 16, 242, 51, 188,
       88, 87, 32, 248, 5, 35, 97, 128, 16, 4, 33, 110, 192, 70, 2, 52,
       65, 6, 145, 66, 226, 84, 1, 96, 1, 0, 192, 51, 12, 136, 160, 9,
       82, 8, 48, 9, 112, 36, 85, 186, 0, 112, 1, 84, 16, 64, 24, 14, 64,
       4, 64, 76, 153, 44, 24, 4, 112, 28, 148, 73, 16, 242, 35, 188, 72,
       70, 32, 240, 119, 55, 80, 34, 17, 2, 43, 72, 130, 6, 131, 52, 32,
