%YAML:1.0
descriptors: !!opencv-matrix
   rows: 5
   cols: 64
   dt: u
   data: [ 62, 181, 253, 190, 55, 189, 189, 127, 247, 220, 213, 241, 125,
       62, 188, 87, 255, 254, 67, 243, 245, 114, 209, 119, 221, 187, 228,
       219, 122, 220, 245, 235, 223, 44, 87, 190, 219, 120, 233, 125,
       120, 93, 61, 47, 212, 53, 247, 111, 153, 172, 24, 5, 240, 29, 156,
       73, 16, 242, 51, 189, 90, 87, 32, 250, 4, 33, 97, 128, 16, 4, 33,
       79, 132, 68, 129, 52, 81, 6, 145, 66, 226, 84, 3, 96, 1, 0, 192,
       34, 76, 136, 160, 9, 82, 8, 48, 9, 80, 36, 84, 186, 0, 120, 1, 84,
       16, 64, 24, 14, 64, 20, 192, 76, 25, 44, 24, 4, 112, 28, 148, 73,
       16, 242, 51, 188, 88, 86, 32, 248, 63, 183, 125, 254, 63, 189,
       189, 127, 247, 254, 215, 181, 125, 127, 185, 87, 255, 254, 67,
       243, 245, 114, 209, 119, 221, 190, 228, 219, 122, 220, 245, 235,
       223, 44, 215, 190, 219, 120, 233, 125, 120, 93, 59, 47, 212, 53,
       247, 111, 153, 172, 24, 5, 240, 29, 156, 89, 16, 242, 51, 189,
       122, 215, 40, 250, 4, 33, 225, 144, 16, 6, 1, 79, 132, 198, 129,
       52, 81, 130, 145, 66, 226, 84, 3, 100, 1, 160, 196, 35, 12, 136,
       164, 9, 82, 8, 48, 73, 112, 36, 20, 186, 2, 120, 1, 84, 16, 64,
       24, 10, 64, 20, 193, 78, 25, 44, 24, 5, 112, 24, 148, 73, 16, 242,
       51, 188, 72, 22, 32, 240, 62, 53, 253, 158, 55, 159, 29, 127, 231,
       70, 149, 176, 125, 126, 188, 86, 251, 246, 66, 99, 247, 118, 208,
       119, 221, 190, 228, 93, 114, 152, 116, 233, 214, 44, 87, 190, 210,
       120, 201, 124, 112, 93, 61, 47, 212, 52, 245, 110, 153, 172, 24,
       5, 240, 29, 156, 73, 24, 242, 51, 189, 88, 87, 32, 250 ]
