%YAML:1.0
descriptors: !!opencv-matrix
   rows: 2
   cols: 64
   dt: u
   data: [ 108, 46, 239, 249, 122, 127, 227, 255, 189, 252, 206, 181, 89,
       190, 251, 238, 203, 221, 251, 106, 245, 209, 222, 179, 95, 105,
       156, 135, 105, 223, 63, 223, 237, 35, 119, 250, 87, 242, 237, 124,
       250, 117, 126, 54, 93, 167, 99, 233, 189, 44, 223, 13, 211, 29,
       157, 76, 20, 228, 107, 189, 75, 70, 42, 254, 191, 253, 125, 255,
       55, 189, 223, 121, 255, 223, 253, 250, 255, 123, 252, 127, 247,
       247, 102, 123, 247, 119, 211, 119, 253, 255, 247, 127, 127, 127,
       247, 235, 215, 108, 215, 190, 218, 121, 249, 125, 126, 95, 57,
       175, 213, 23, 245, 111, 153, 174, 24, 15, 240, 29, 157, 93, 24,
       242, 115, 191, 122, 215, 42, 251 ]
