%YAML:1.0
descriptors: !!opencv-matrix
   rows: 14
   cols: 64
   dt: u
   data: [ 124, 53, 253, 158, 55, 183, 61, 127, 230, 230, 213, 176, 253,
       234, 191, 86, 254, 215, 99, 98, 245, 55, 211, 247, 220, 170, 228,
       77, 82, 156, 245, 235, 223, 36, 85, 190, 82, 120, 225, 116, 112,
       92, 56, 47, 213, 52, 229, 111, 153, 172, 24, 5, 240, 29, 156, 73,
       16, 242, 51, 189, 88, 87, 32, 250, 60, 49, 251, 151, 254, 165,
       155, 253, 198, 207, 209, 118, 245, 70, 179, 84, 250, 213, 67, 98,
       193, 37, 195, 119, 204, 218, 180, 47, 82, 12, 115, 107, 199, 36,
       85, 190, 82, 120, 233, 116, 112, 92, 48, 46, 213, 20, 241, 111,
       153, 172, 24, 5, 240, 29, 156, 73, 16, 242, 51, 189, 88, 87, 32,
       250, 44, 46, 239, 249, 62, 127, 161, 255, 253, 252, 222, 181, 93,
       252, 251, 231, 219, 252, 227, 106, 245, 115, 222, 191, 93, 109,
       148, 147, 125, 215, 127, 207, 253, 74, 199, 190, 255, 242, 249,
       124, 124, 53, 126, 38, 85, 231, 119, 235, 186, 172, 143, 13, 242,
       29, 156, 93, 54, 226, 239, 189, 219, 207, 108, 254, 58, 17, 152,
       222, 39, 129, 92, 3, 215, 162, 61, 138, 191, 194, 52, 94, 116,
       147, 32, 147, 143, 62, 195, 71, 176, 214, 231, 127, 2, 249, 212,
       96, 135, 188, 130, 22, 235, 73, 242, 91, 48, 203, 229, 105, 183,
       84, 181, 47, 215, 234, 153, 71, 38, 1, 120, 241, 17, 51, 122, 251,
       57, 185, 201, 202, 253, 63, 247, 245, 182, 101, 125, 253, 252,
       253, 210, 187, 239, 187, 147, 206, 251, 252, 255, 107, 125, 207,
       254, 188, 159, 251, 183, 187, 251, 221, 118, 191, 113, 111, 52,
       255, 214, 117, 241, 253, 220, 78, 251, 190, 203, 161, 75, 244,
       172, 165, 127, 185, 232, 190, 159, 77, 236, 244, 97, 219, 255,
       134, 40, 183, 196, 234, 195, 113, 248, 242, 238, 209, 120, 187,
       42, 75, 194, 215, 195, 169, 227, 205, 189, 47, 207, 141, 47, 216,
       111, 223, 59, 167, 222, 15, 35, 86, 119, 163, 93, 115, 113, 181,
       255, 182, 113, 116, 106, 126, 205, 14, 223, 177, 205, 221, 28,
       117, 213, 255, 140, 235, 86, 252, 177, 47, 220, 117, 49, 188, 205,
       234, 255, 233, 248, 254, 255, 208, 121, 191, 236, 250, 206, 243,
       255, 233, 139, 237, 191, 111, 175, 93, 74, 249, 111, 215, 63, 183,
       111, 111, 51, 127, 215, 195, 221, 75, 118, 253, 255, 55, 119, 126,
       234, 125, 255, 154, 127, 179, 223, 221, 60, 247, 221, 245, 191,
       254, 84, 220, 178, 239, 221, 249, 81, 190, 205, 235, 222, 253,
       177, 113, 254, 244, 56, 187, 232, 187, 194, 209, 135, 171, 139,
       201, 173, 107, 109, 165, 102, 186, 69, 79, 179, 226, 217, 71, 35,
       179, 251, 16, 213, 233, 117, 253, 233, 245, 122, 126, 58, 63, 247,
       21, 215, 125, 153, 172, 60, 37, 208, 95, 156, 72, 150, 251, 55,
       189, 92, 114, 33, 251, 125, 55, 255, 125, 48, 247, 251, 254, 209,
       190, 194, 181, 69, 5, 155, 195, 187, 236, 235, 107, 245, 115, 86,
       159, 141, 249, 182, 149, 77, 79, 119, 250, 79, 4, 239, 191, 148,
       188, 249, 125, 120, 76, 179, 166, 247, 225, 51, 126, 186, 188, 46,
       243, 240, 189, 28, 84, 196, 170, 91, 207, 255, 135, 105, 246, 243,
       220, 114, 143, 249, 206, 158, 129, 111, 69, 45, 235, 182, 126,
       238, 253, 255, 179, 60, 165, 93, 133, 51, 100, 243, 215, 249, 111,
       151, 187, 215, 55, 134, 165, 95, 215, 243, 89, 235, 126, 99, 94,
       40, 185, 253, 26, 252, 61, 193, 164, 16, 45, 252, 7, 152, 227, 16,
       251, 112, 61, 94, 85, 56, 250, 123, 244, 124, 254, 255, 189, 95,
       1, 239, 111, 121, 250, 189, 111, 124, 94, 255, 247, 63, 241, 191,
       119, 155, 124, 253, 255, 255, 255, 123, 187, 255, 239, 211, 236,
       207, 31, 203, 249, 249, 127, 62, 222, 109, 233, 215, 93, 246, 59,
       159, 239, 16, 7, 236, 29, 254, 253, 24, 247, 251, 189, 249, 219,
       122, 182, 101, 238, 245, 139, 8, 221, 39, 101, 237, 245, 12, 152,
       221, 63, 221, 206, 203, 33, 251, 41, 188, 85, 90, 237, 125, 245,
       29, 55, 47, 219, 89, 207, 135, 195, 99, 2, 164, 153, 125, 46, 37,
       157, 104, 165, 53, 184, 125, 163, 183, 192, 169, 184, 183, 69,
       170, 190, 108, 206, 202, 237, 211, 205, 125, 222, 131, 213, 130,
       119, 205, 34, 196, 138, 32, 41, 32, 107, 162, 203, 6, 25, 110, 39,
       53, 147, 70, 175, 171, 107, 34, 223, 115, 34, 146, 33, 162, 71,
       159, 167, 56, 81, 51, 140, 126, 166, 65, 98, 170, 203, 201, 25,
       255, 211, 72, 214, 88, 212, 197, 162, 140, 171, 19, 184, 180, 7,
       20, 117, 149, 74, 7, 2, 0, 55, 217, 160, 42, 8, 16, 57, 64, 67,
       128, 67, 128, 17, 106, 79, 129, 64, 200, 45, 138, 120, 6, 154, 50,
       167, 218, 33, 33, 79, 23, 163, 92, 49, 53, 228, 37, 38, 65, 100,
       74, 73, 73, 1, 203, 83, 72, 116, 24, 36, 229, 134, 188, 169, 22,
       170, 183, 143, 204, 71, 49, 183 ]
