%YAML:1.0
descriptors: !!opencv-matrix
   rows: 65
   cols: 64
   dt: u
   data: [ 186, 241, 121, 118, 191, 169, 95, 9, 223, 3, 253, 250, 191,
       78, 100, 92, 127, 151, 118, 147, 167, 126, 227, 102, 181, 215,
       243, 127, 115, 251, 199, 168, 143, 236, 142, 214, 239, 25, 250,
       255, 120, 219, 231, 105, 181, 117, 181, 47, 247, 190, 145, 207,
       236, 161, 252, 243, 120, 179, 246, 123, 187, 255, 188, 222, 29,
       190, 255, 97, 60, 245, 163, 244, 249, 190, 210, 117, 205, 53, 155,
       193, 153, 237, 235, 106, 245, 117, 94, 255, 237, 124, 20, 246,
       108, 87, 231, 223, 223, 88, 221, 36, 253, 186, 249, 61, 125, 61,
       251, 182, 245, 225, 247, 107, 186, 255, 173, 75, 242, 253, 216,
       92, 38, 199, 215, 199, 234, 251, 109, 94, 220, 235, 199, 247, 250,
       227, 250, 166, 88, 249, 87, 223, 146, 242, 211, 202, 107, 223, 61,
       111, 15, 141, 238, 187, 11, 223, 187, 175, 199, 11, 50, 63, 243,
       167, 116, 123, 87, 253, 255, 118, 81, 124, 233, 126, 203, 12, 89,
       179, 205, 205, 126, 245, 221, 254, 180, 238, 209, 252, 225, 95,
       221, 117, 145, 254, 212, 171, 151, 245, 96, 74, 252, 226, 57, 217,
       107, 203, 214, 241, 158, 26, 175, 139, 184, 111, 135, 45, 66, 211,
       235, 95, 179, 254, 76, 166, 182, 231, 215, 19, 121, 49, 17, 204,
       254, 100, 113, 60, 185, 103, 175, 28, 255, 239, 221, 226, 40, 243,
       241, 110, 56, 206, 87, 223, 83, 231, 81, 101, 145, 234, 191, 254,
       127, 231, 255, 253, 159, 153, 255, 223, 94, 255, 189, 127, 249,
       213, 255, 247, 174, 187, 245, 118, 159, 124, 253, 255, 117, 123,
       254, 123, 247, 255, 215, 236, 223, 150, 255, 249, 249, 119, 125,
       92, 107, 189, 213, 85, 252, 119, 185, 255, 24, 47, 252, 133, 156,
       121, 22, 243, 182, 173, 250, 223, 40, 190, 214, 170, 203, 193,
       234, 222, 158, 165, 91, 191, 26, 222, 223, 167, 91, 216, 221, 195,
       56, 171, 204, 213, 110, 217, 255, 215, 191, 127, 143, 235, 179,
       126, 215, 217, 77, 97, 126, 255, 239, 122, 100, 92, 105, 61, 151,
       28, 253, 177, 223, 204, 24, 163, 245, 245, 188, 255, 68, 220, 146,
       125, 220, 81, 112, 254, 197, 169, 147, 255, 96, 74, 254, 198, 25,
       201, 45, 203, 130, 199, 134, 27, 171, 79, 184, 47, 6, 173, 98, 67,
       107, 223, 147, 167, 67, 34, 50, 103, 151, 51, 117, 241, 49, 204,
       254, 117, 113, 124, 186, 99, 175, 28, 125, 239, 221, 160, 120,
       247, 209, 110, 60, 202, 85, 191, 115, 239, 88, 101, 145, 234, 248,
       185, 211, 119, 113, 227, 251, 239, 222, 153, 211, 255, 247, 198,
       147, 90, 127, 151, 251, 95, 207, 47, 231, 95, 191, 203, 254, 175,
       66, 233, 230, 174, 79, 47, 109, 247, 183, 189, 255, 117, 121, 124,
       181, 106, 239, 61, 153, 255, 255, 174, 57, 243, 241, 126, 188,
       227, 69, 254, 247, 235, 63, 125, 145, 254, 94, 16, 154, 49, 153,
       224, 250, 12, 26, 187, 82, 253, 130, 6, 131, 178, 109, 143, 145,
       11, 201, 33, 238, 25, 173, 203, 234, 239, 83, 97, 161, 110, 117,
       145, 61, 33, 55, 237, 237, 118, 64, 68, 235, 104, 243, 21, 75, 51,
       219, 200, 58, 165, 228, 229, 60, 233, 214, 154, 175, 249, 156, 23,
       49, 230, 218, 24, 154, 243, 73, 226, 248, 134, 24, 187, 86, 21,
       22, 198, 11, 186, 109, 155, 177, 195, 204, 173, 239, 59, 143, 203,
       242, 239, 91, 97, 163, 111, 55, 163, 85, 113, 119, 231, 236, 114,
       224, 92, 235, 104, 223, 21, 227, 251, 219, 236, 26, 133, 244, 29,
       188, 233, 211, 242, 191, 185, 220, 55, 145, 230, 70, 43, 131, 116,
       72, 130, 226, 66, 64, 8, 130, 49, 226, 194, 129, 8, 34, 9, 187, 6,
       199, 45, 9, 71, 6, 218, 2, 133, 2, 172, 32, 68, 7, 163, 101, 187,
       48, 188, 87, 4, 105, 96, 144, 66, 109, 73, 139, 203, 109, 36, 8,
       210, 241, 112, 24, 130, 71, 106, 87, 131, 8, 101, 145, 98, 228,
       34, 227, 131, 216, 70, 39, 206, 196, 101, 130, 54, 99, 175, 147,
       68, 235, 213, 35, 100, 73, 133, 174, 52, 78, 221, 189, 47, 210,
       10, 51, 91, 81, 36, 85, 186, 82, 112, 37, 84, 112, 80, 24, 14, 69,
       12, 192, 197, 153, 172, 24, 5, 240, 28, 156, 73, 16, 240, 33, 188,
       88, 86, 32, 248, 206, 203, 102, 249, 235, 123, 234, 193, 61, 123,
       234, 15, 30, 252, 121, 237, 225, 216, 157, 234, 238, 248, 172, 58,
       71, 222, 35, 131, 221, 199, 63, 247, 114, 227, 95, 121, 115, 247,
       253, 246, 223, 117, 216, 94, 76, 135, 235, 211, 141, 77, 86, 68,
       203, 95, 143, 105, 147, 244, 107, 191, 92, 110, 179, 177, 90, 217,
       154, 255, 235, 243, 250, 131, 29, 234, 125, 140, 148, 198, 125,
       250, 167, 219, 57, 230, 142, 189, 133, 59, 111, 207, 171, 253, 83,
       99, 190, 187, 242, 181, 29, 123, 83, 103, 252, 115, 178, 238, 221,
       104, 255, 159, 227, 62, 207, 143, 22, 135, 253, 125, 180, 233,
       209, 255, 57, 191, 93, 46, 19, 177, 222, 13, 144, 253, 201, 232,
       122, 205, 40, 105, 75, 15, 148, 101, 238, 176, 237, 27, 129, 70,
       110, 169, 130, 58, 198, 202, 242, 233, 195, 34, 171, 165, 23, 179,
       93, 113, 49, 227, 216, 100, 195, 60, 156, 66, 237, 23, 239, 54,
       137, 6, 88, 101, 228, 87, 28, 233, 153, 216, 117, 171, 28, 102,
       179, 96, 211, 201, 18, 215, 249, 198, 219, 200, 30, 253, 41, 219,
       131, 203, 208, 60, 98, 215, 60, 39, 206, 45, 164, 107, 111, 223,
       163, 47, 83, 11, 51, 127, 242, 39, 124, 187, 82, 125, 239, 246,
       211, 126, 168, 110, 203, 30, 217, 127, 137, 173, 80, 5, 248, 30,
       156, 75, 17, 242, 51, 191, 88, 85, 33, 187, 66, 1, 128, 150, 201,
       130, 10, 2, 6, 41, 1, 67, 162, 195, 0, 18, 102, 19, 4, 7, 202, 45,
       129, 99, 2, 146, 162, 14, 18, 8, 1, 65, 83, 38, 20, 186, 18, 104,
       67, 196, 64, 66, 8, 74, 193, 20, 193, 79, 17, 164, 24, 5, 112, 24,
       156, 75, 17, 114, 51, 189, 88, 84, 32, 249, 147, 218, 0, 103, 253,
       248, 194, 24, 122, 57, 22, 79, 172, 87, 72, 145, 47, 199, 156,
       186, 204, 109, 139, 120, 97, 214, 89, 55, 190, 99, 131, 94, 151,
       227, 217, 17, 125, 155, 254, 35, 197, 181, 203, 117, 229, 134,
       252, 51, 228, 215, 13, 102, 189, 231, 235, 171, 103, 31, 150, 39,
       194, 47, 181, 30, 205, 229, 238, 121, 29, 112, 236, 244, 48, 187,
       232, 233, 106, 225, 7, 171, 9, 40, 231, 211, 121, 169, 127, 186,
       64, 127, 51, 162, 217, 71, 35, 214, 253, 42, 30, 113, 127, 53,
       125, 180, 122, 110, 58, 191, 211, 113, 83, 240, 57, 236, 94, 65,
       209, 30, 220, 72, 151, 240, 167, 151, 94, 115, 162, 171, 50, 52,
       48, 134, 110, 74, 30, 7, 67, 64, 153, 100, 124, 70, 4, 48, 253,
       130, 0, 144, 147, 40, 17, 198, 208, 84, 240, 90, 130, 190, 207,
       100, 143, 172, 65, 30, 202, 0, 202, 71, 1, 217, 5, 171, 133, 28,
       183, 111, 129, 230, 193, 75, 166, 2, 16, 75, 11, 51, 208, 49, 48,
       97, 224, 74, 68, 43, 131, 81, 200, 146, 162, 2, 64, 49, 2, 66,
       194, 211, 145, 1, 64, 73, 169, 38, 198, 45, 10, 211, 202, 66, 14,
       230, 128, 8, 0, 82, 119, 3, 80, 163, 89, 156, 103, 0, 228, 52, 8,
       70, 73, 12, 145, 195, 88, 44, 8, 81, 245, 105, 24, 203, 69, 74,
       19, 149, 72, 117, 81, 248, 223, 216, 154, 105, 93, 114, 248, 186,
       24, 187, 208, 251, 166, 136, 67, 153, 108, 223, 189, 27, 100, 135,
       238, 120, 39, 219, 123, 227, 221, 67, 162, 255, 127, 195, 188, 97,
       119, 253, 109, 113, 249, 78, 250, 124, 219, 21, 83, 245, 254, 153,
       62, 149, 220, 231, 236, 233, 215, 156, 167, 207, 20, 95, 146, 183,
       35, 142, 68, 138, 207, 159, 131, 1, 63, 84, 6, 71, 156, 123, 124,
       5, 128, 113, 8, 176, 212, 119, 153, 97, 114, 160, 8, 20, 190, 216,
       25, 65, 151, 98, 83, 48, 114, 90, 159, 40, 231, 55, 10, 135, 80,
       198, 244, 67, 144, 53, 153, 12, 183, 5, 139, 143, 58, 70, 50, 180,
       66, 93, 46, 217, 22, 241, 153, 84, 55, 56, 92, 58, 18, 154, 245,
       240, 70, 210, 4, 91, 52, 142, 164, 155, 135, 60, 64, 195, 161, 18,
       227, 219, 64, 109, 196, 96, 154, 18, 176, 164, 239, 88, 242, 241,
       82, 171, 183, 105, 178, 21, 183, 111, 211, 242, 41, 199, 104, 24,
       123, 77, 23, 147, 247, 219, 57, 113, 229, 203, 248, 26, 191, 248,
