%YAML:1.0
descriptors: !!opencv-matrix
   rows: 20
   cols: 64
   dt: u
   data: [ 12, 33, 241, 176, 16, 39, 33, 127, 132, 198, 193, 52, 81, 134,
       145, 66, 234, 212, 3, 100, 1, 160, 196, 51, 12, 136, 164, 9, 82,
       8, 48, 105, 80, 36, 85, 186, 82, 120, 1, 84, 48, 64, 24, 14, 68,
       20, 65, 110, 153, 44, 24, 5, 240, 28, 156, 73, 16, 242, 51, 189,
       88, 86, 32, 242, 60, 177, 253, 254, 54, 111, 125, 127, 215, 196,
       253, 241, 127, 122, 180, 254, 255, 214, 99, 99, 119, 58, 225, 183,
       221, 171, 228, 217, 115, 220, 244, 233, 222, 36, 85, 190, 210,
       120, 201, 124, 120, 93, 61, 47, 212, 53, 245, 110, 153, 172, 153,
       5, 240, 29, 156, 73, 16, 242, 51, 189, 88, 87, 32, 250, 44, 166,
       109, 170, 31, 253, 161, 125, 245, 254, 214, 53, 125, 62, 185, 229,
       235, 252, 195, 96, 241, 114, 223, 244, 93, 168, 36, 131, 126, 223,
       57, 235, 205, 36, 87, 186, 87, 122, 169, 116, 120, 93, 122, 174,
       84, 181, 246, 109, 185, 172, 24, 13, 240, 29, 156, 73, 20, 242,
       55, 188, 90, 87, 40, 250, 60, 49, 249, 180, 50, 37, 121, 111, 214,
       204, 213, 181, 117, 226, 145, 82, 242, 212, 3, 99, 199, 40, 192,
       55, 12, 138, 166, 9, 82, 140, 48, 233, 214, 36, 20, 186, 82, 120,
       193, 116, 80, 76, 56, 46, 208, 20, 193, 110, 153, 172, 24, 5, 240,
       28, 156, 73, 16, 242, 51, 189, 88, 86, 32, 251, 68, 35, 225, 144,
       16, 6, 33, 103, 128, 198, 3, 52, 81, 130, 155, 66, 234, 84, 1,
       100, 3, 160, 196, 19, 12, 136, 164, 9, 82, 8, 48, 9, 112, 36, 85,
       186, 0, 122, 1, 84, 144, 64, 16, 14, 64, 4, 65, 78, 153, 44, 24,
       5, 112, 29, 148, 73, 16, 226, 51, 188, 72, 6, 32, 242, 54, 48, 81,
       130, 29, 128, 1, 73, 198, 64, 3, 112, 161, 10, 128, 85, 226, 212,
       1, 96, 193, 32, 129, 100, 76, 152, 160, 9, 18, 8, 49, 105, 85, 36,
       84, 186, 66, 120, 1, 84, 64, 64, 24, 11, 192, 20, 244, 77, 153,
       172, 24, 5, 240, 24, 156, 73, 16, 114, 51, 188, 88, 87, 32, 248,
       51, 53, 88, 134, 23, 6, 31, 8, 230, 70, 61, 114, 189, 46, 164, 85,
       246, 215, 4, 116, 3, 38, 129, 102, 204, 212, 241, 41, 82, 24, 208,
       41, 214, 36, 20, 158, 66, 120, 1, 84, 48, 74, 60, 43, 213, 20,
       244, 78, 153, 172, 16, 5, 112, 24, 156, 73, 16, 242, 51, 189, 88,
       87, 32, 250, 178, 49, 209, 150, 23, 2, 25, 74, 198, 64, 21, 50,
       63, 138, 178, 87, 242, 214, 5, 100, 65, 134, 129, 38, 14, 136,
       224, 9, 210, 8, 112, 41, 80, 36, 20, 186, 66, 112, 1, 212, 16,
       202, 24, 10, 192, 20, 192, 76, 153, 164, 16, 5, 112, 28, 148, 73,
       16, 242, 49, 188, 88, 22, 32, 249, 52, 48, 113, 160, 16, 132, 33,
       72, 198, 76, 192, 49, 101, 11, 144, 84, 226, 212, 3, 96, 193, 32,
       192, 118, 76, 136, 164, 9, 82, 12, 49, 105, 215, 36, 84, 186, 82,
       120, 1, 116, 80, 92, 24, 15, 208, 20, 193, 79, 153, 172, 24, 5,
       240, 28, 156, 73, 16, 242, 51, 188, 88, 87, 32, 248, 34, 133, 205,
       218, 35, 221, 213, 11, 119, 212, 13, 196, 189, 127, 60, 92, 207,
       182, 32, 35, 198, 116, 208, 99, 121, 151, 129, 59, 42, 186, 21,
       107, 151, 68, 83, 186, 210, 88, 250, 120, 116, 93, 56, 37, 148,
       20, 245, 111, 153, 172, 153, 13, 240, 29, 156, 93, 56, 242, 50,
       189, 88, 87, 40, 250, 13, 38, 32, 32, 25, 160, 36, 112, 0, 58,
       194, 37, 64, 5, 129, 1, 0, 40, 195, 208, 241, 32, 81, 211, 68, 56,
       128, 128, 72, 4, 33, 192, 79, 0, 199, 160, 61, 40, 1, 64, 108, 4,
       18, 135, 68, 97, 167, 75, 56, 44, 8, 0, 240, 28, 88, 1, 6, 162,
       23, 149, 10, 19, 100, 74, 12, 33, 130, 48, 0, 2, 32, 103, 0, 130,
       67, 20, 80, 132, 155, 2, 8, 8, 1, 198, 1, 160, 68, 147, 28, 8,
       132, 128, 64, 132, 48, 192, 98, 4, 69, 170, 17, 106, 1, 76, 136,
       32, 20, 10, 64, 21, 3, 110, 25, 44, 24, 5, 112, 29, 28, 64, 0,
       226, 19, 177, 8, 2, 32, 226, 195, 33, 65, 130, 209, 0, 6, 8, 66,
       3, 33, 50, 160, 3, 128, 83, 98, 86, 4, 68, 10, 128, 160, 32, 12,
       128, 40, 9, 146, 40, 0, 9, 48, 37, 20, 155, 0, 112, 7, 212, 0, 66,
       24, 9, 0, 28, 72, 148, 65, 36, 80, 4, 32, 18, 164, 43, 144, 48,
       32, 24, 76, 68, 48, 177, 7, 37, 65, 2, 21, 0, 5, 74, 192, 2, 17,
       48, 32, 11, 132, 65, 226, 84, 1, 96, 193, 34, 129, 103, 76, 152,
       160, 9, 82, 8, 49, 104, 214, 36, 20, 186, 66, 120, 1, 84, 112, 74,
       24, 15, 208, 20, 228, 78, 153, 172, 24, 5, 112, 28, 156, 73, 16,
       242, 51, 188, 88, 87, 32, 248, 3, 4, 0, 10, 1, 8, 6, 4, 2, 0, 1,
       4, 0, 4, 4, 1, 12, 34, 0, 148, 0, 0, 73, 0, 64, 0, 8, 0, 0, 8,
       129, 0, 148, 16, 65, 0, 0, 0, 4, 2, 32, 16, 12, 1, 20, 88, 36, 0,
       17, 64, 0, 4, 5, 64, 96, 162, 18, 1, 0, 32, 0, 80, 64, 72, 3, 0,
       0, 2, 137, 128, 2, 0, 2, 0, 0, 0, 0, 3, 0, 1, 64, 32, 0, 128, 192,
       2, 0, 64, 64, 128, 8, 8, 146, 8, 1, 0, 148, 36, 16, 154, 0, 0, 3,
       64, 0, 0, 8, 9, 0, 80, 128, 76, 17, 44, 16, 0, 48, 24, 136, 3, 16,
       34, 34, 52, 8, 85, 32, 105, 66, 1, 131, 146, 0, 66, 12, 79, 2,
       130, 3, 4, 1, 132, 147, 2, 11, 68, 0, 68, 2, 128, 196, 3, 12, 128,
       162, 9, 2, 40, 16, 8, 96, 36, 53, 154, 0, 100, 3, 68, 32, 96, 16,
       104, 14, 12, 1, 206, 81, 44, 80, 4, 0, 24, 52, 10, 128, 98, 33,
       24, 76, 4, 32, 242, 4, 3, 161, 152, 0, 87, 8, 103, 1, 130, 3, 4,
       81, 164, 153, 130, 139, 0, 66, 98, 22, 160, 68, 131, 93, 0, 164,
       8, 0, 140, 56, 72, 64, 20, 69, 170, 0, 106, 193, 64, 48, 80, 48,
       46, 54, 180, 161, 110, 155, 172, 56, 5, 50, 29, 20, 72, 128, 98,
       27, 189, 72, 70, 96, 242, 6, 35, 209, 146, 16, 2, 4, 79, 198, 34,
       3, 48, 33, 130, 145, 82, 226, 212, 1, 96, 1, 132, 192, 35, 12,
       136, 160, 9, 18, 8, 48, 104, 80, 36, 84, 186, 66, 120, 1, 84, 16,
       64, 24, 14, 64, 20, 192, 78, 153, 44, 24, 4, 112, 28, 148, 73, 16,
       242, 51, 188, 88, 86, 32, 240, 7, 39, 81, 130, 17, 0, 1, 74, 194,
       64, 1, 50, 33, 3, 128, 80, 98, 212, 1, 100, 65, 128, 128, 32, 76,
       136, 168, 9, 146, 8, 0, 41, 80, 36, 84, 154, 66, 112, 1, 212, 0,
       64, 24, 11, 64, 20, 192, 76, 145, 36, 16, 4, 96, 24, 132, 73, 16,
       112, 33, 188, 88, 70, 32, 248 ]
