%YAML:1.0
descriptors: !!opencv-matrix
   rows: 10
   cols: 64
   dt: u
   data: [ 254, 250, 247, 231, 255, 231, 251, 248, 222, 253, 211, 255,
       239, 159, 211, 252, 251, 213, 127, 127, 253, 143, 239, 253, 175,
       255, 255, 191, 223, 223, 246, 191, 111, 237, 189, 255, 222, 189,
       253, 119, 89, 76, 243, 190, 207, 169, 153, 181, 238, 191, 223,
       187, 248, 190, 156, 117, 228, 188, 253, 219, 255, 143, 52, 182,
       58, 249, 222, 215, 55, 157, 217, 41, 223, 159, 85, 250, 191, 122,
       52, 94, 126, 147, 118, 187, 151, 127, 195, 127, 185, 247, 247,
       127, 86, 251, 215, 234, 207, 124, 143, 150, 223, 89, 250, 125,
       120, 221, 229, 109, 183, 116, 181, 111, 191, 174, 153, 79, 254,
       13, 252, 93, 17, 243, 122, 255, 123, 187, 232, 254, 45, 46, 231,
       225, 58, 125, 161, 245, 189, 252, 206, 53, 93, 125, 251, 229, 153,
       252, 203, 106, 245, 114, 94, 250, 93, 108, 20, 210, 236, 215, 127,
       215, 253, 88, 199, 172, 221, 178, 249, 60, 220, 21, 90, 182, 68,
       227, 195, 107, 184, 109, 140, 9, 242, 29, 153, 93, 54, 194, 71,
       189, 234, 223, 108, 250, 61, 254, 125, 233, 249, 253, 163, 88,
       249, 125, 206, 255, 237, 127, 239, 253, 243, 237, 203, 106, 245,
       117, 91, 252, 245, 236, 104, 191, 127, 79, 107, 239, 159, 198,
       223, 158, 116, 251, 253, 62, 239, 95, 90, 181, 85, 211, 255, 99,
       184, 61, 136, 44, 242, 181, 223, 125, 60, 254, 223, 173, 218, 223,
       111, 93, 26, 49, 147, 244, 34, 3, 120, 102, 82, 168, 83, 23, 84,
       192, 27, 18, 124, 203, 0, 235, 134, 173, 194, 219, 141, 154, 246,
       216, 64, 164, 183, 110, 87, 48, 117, 188, 94, 110, 202, 85, 208,
       76, 177, 110, 235, 4, 163, 111, 153, 170, 24, 71, 240, 28, 28, 73,
       5, 243, 19, 251, 120, 39, 33, 242, 116, 48, 243, 54, 92, 162, 123,
       126, 210, 170, 209, 53, 231, 195, 131, 82, 122, 199, 147, 66, 201,
       45, 195, 159, 142, 138, 226, 207, 66, 45, 225, 238, 87, 165, 60,
       191, 62, 188, 97, 87, 88, 64, 147, 202, 235, 17, 137, 95, 154,
       166, 24, 195, 224, 56, 28, 65, 196, 186, 159, 219, 56, 7, 49, 247,
       77, 239, 127, 121, 48, 120, 36, 199, 105, 130, 239, 188, 80, 183,
       237, 235, 137, 40, 163, 110, 47, 240, 84, 146, 213, 13, 129, 209,
       105, 14, 58, 144, 176, 82, 199, 138, 8, 250, 209, 60, 174, 63, 56,
       116, 116, 223, 67, 170, 25, 45, 36, 119, 81, 93, 97, 12, 30, 205,
       9, 164, 72, 242, 107, 235, 197, 170, 151, 65, 248, 186, 174, 240,
       104, 187, 74, 79, 194, 215, 203, 137, 3, 201, 185, 43, 205, 141,
       75, 216, 227, 94, 59, 166, 140, 7, 163, 86, 127, 211, 125, 65, 53,
       191, 237, 38, 109, 116, 106, 182, 239, 235, 95, 177, 252, 221, 40,
       243, 213, 231, 25, 234, 71, 205, 148, 39, 196, 113, 81, 38, 250,
       249, 251, 254, 54, 7, 93, 11, 215, 231, 125, 218, 191, 202, 116,
       94, 247, 215, 52, 127, 14, 188, 225, 15, 253, 223, 243, 123, 83,
       251, 254, 253, 130, 191, 52, 255, 234, 125, 242, 247, 114, 235,
       229, 105, 187, 28, 253, 63, 199, 163, 82, 199, 104, 18, 182, 119,
       209, 243, 121, 91, 125, 124, 147, 191, 210, 49, 145, 246, 34, 2,
       92, 3, 66, 170, 17, 146, 215, 194, 20, 90, 118, 215, 4, 71, 14,
       172, 192, 11, 140, 138, 226, 89, 2, 168, 244, 104, 82, 182, 60,
       191, 10, 108, 210, 215, 0, 202, 181, 72, 170, 28, 129, 31, 193,
       162, 16, 199, 96, 26, 52, 105, 145, 51, 113, 219, 125, 36, 179,
       179 ]
