%YAML:1.0
descriptors: !!opencv-matrix
   rows: 30
   cols: 64
   dt: u
   data: [ 7, 35, 65, 162, 145, 0, 1, 78, 198, 68, 128, 52, 97, 11, 129,
       81, 226, 212, 1, 100, 65, 0, 128, 48, 14, 136, 40, 9, 146, 8, 48,
       41, 84, 36, 20, 154, 66, 112, 1, 84, 0, 64, 24, 14, 64, 4, 64,
       196, 25, 44, 16, 4, 112, 24, 132, 73, 16, 112, 33, 156, 88, 86,
       32, 248, 68, 35, 65, 176, 16, 128, 33, 76, 192, 34, 194, 52, 65,
       130, 129, 66, 226, 84, 1, 100, 9, 128, 200, 16, 76, 136, 168, 9,
       82, 8, 48, 9, 112, 38, 84, 186, 0, 122, 5, 84, 144, 64, 24, 14,
       64, 4, 64, 132, 153, 44, 16, 4, 96, 28, 132, 73, 16, 112, 33, 188,
       72, 22, 32, 240, 66, 1, 128, 18, 65, 2, 2, 7, 66, 34, 3, 4, 48,
       194, 3, 18, 78, 3, 0, 150, 138, 173, 67, 3, 18, 130, 162, 12, 2,
       136, 128, 64, 67, 38, 65, 186, 0, 8, 66, 64, 32, 96, 4, 72, 5, 92,
       161, 78, 17, 172, 24, 1, 48, 24, 20, 195, 1, 114, 19, 49, 8, 112,
       160, 106, 5, 7, 17, 32, 192, 0, 34, 64, 0, 4, 2, 3, 64, 65, 128,
       1, 102, 72, 133, 68, 64, 32, 0, 64, 12, 136, 40, 72, 128, 4, 33,
       1, 112, 36, 16, 154, 0, 34, 1, 196, 133, 0, 24, 130, 64, 0, 192,
       76, 0, 36, 80, 0, 96, 26, 13, 1, 8, 32, 3, 128, 8, 6, 32, 33, 65,
       7, 128, 16, 65, 130, 6, 2, 32, 0, 0, 3, 130, 193, 0, 3, 4, 41, 0,
       148, 192, 39, 66, 67, 66, 66, 136, 68, 16, 0, 0, 64, 159, 51, 16,
       32, 0, 8, 6, 0, 68, 32, 24, 131, 193, 88, 165, 203, 16, 0, 8, 0,
       113, 120, 24, 130, 11, 10, 19, 149, 0, 113, 20, 74, 71, 5, 128,
       18, 217, 130, 6, 72, 34, 1, 1, 96, 162, 67, 132, 17, 106, 5, 36,
       5, 194, 45, 194, 99, 68, 211, 153, 47, 18, 8, 1, 1, 151, 39, 20,
       154, 0, 40, 103, 86, 96, 66, 40, 11, 145, 24, 245, 15, 17, 164,
       24, 4, 112, 24, 156, 11, 16, 50, 50, 189, 24, 87, 32, 250, 68, 8,
       130, 17, 72, 194, 2, 197, 8, 162, 2, 6, 192, 132, 139, 130, 9, 9,
       33, 66, 138, 133, 78, 136, 13, 80, 152, 38, 0, 12, 35, 86, 97,
       134, 69, 43, 16, 174, 37, 2, 32, 32, 32, 42, 7, 28, 1, 177, 25,
       108, 56, 32, 21, 89, 4, 10, 144, 104, 1, 53, 76, 80, 96, 226, 2,
       2, 1, 163, 200, 208, 162, 137, 8, 122, 2, 4, 128, 2, 201, 32, 66,
       68, 129, 64, 192, 0, 140, 88, 12, 144, 8, 1, 134, 10, 51, 90, 53,
       132, 93, 146, 113, 242, 13, 2, 160, 68, 8, 8, 68, 132, 64, 209,
       25, 45, 24, 36, 148, 5, 140, 105, 128, 96, 2, 172, 76, 7, 32, 176,
       3, 18, 85, 162, 221, 160, 3, 24, 34, 116, 2, 69, 172, 127, 0, 17,
       102, 215, 1, 96, 192, 32, 136, 113, 12, 152, 32, 15, 58, 0, 1, 77,
       23, 36, 80, 176, 113, 88, 1, 68, 69, 84, 26, 7, 64, 0, 228, 79,
       152, 36, 24, 4, 240, 28, 142, 73, 24, 114, 51, 156, 72, 7, 36,
       248, 5, 6, 5, 128, 16, 38, 37, 118, 32, 68, 2, 4, 0, 13, 129, 1,
       2, 108, 129, 96, 192, 0, 136, 33, 72, 160, 8, 4, 48, 8, 1, 73, 84,
       6, 145, 170, 0, 96, 5, 0, 20, 32, 24, 134, 68, 128, 64, 192, 16,
       36, 56, 4, 1, 24, 140, 8, 8, 32, 35, 140, 72, 6, 36, 240, 1, 7, 4,
       136, 0, 28, 6, 65, 33, 68, 14, 4, 16, 53, 124, 165, 128, 104, 129,
       32, 64, 96, 16, 98, 88, 0, 0, 0, 32, 0, 25, 65, 144, 16, 81, 8, 0,
       66, 0, 8, 166, 54, 24, 135, 20, 150, 100, 72, 17, 0, 16, 12, 17,
       25, 139, 8, 25, 64, 34, 164, 64, 82, 2, 233, 34, 0, 8, 130, 143,
       128, 7, 8, 38, 66, 0, 64, 185, 10, 36, 85, 98, 118, 5, 80, 192, 2,
       153, 96, 4, 128, 40, 9, 146, 8, 17, 97, 80, 36, 22, 154, 66, 96,
       1, 212, 16, 194, 28, 9, 80, 20, 192, 77, 17, 36, 16, 4, 96, 24,
       140, 73, 16, 114, 51, 156, 88, 22, 32, 249, 5, 6, 4, 0, 200, 2,
       34, 80, 32, 4, 0, 1, 0, 17, 128, 1, 66, 76, 129, 100, 64, 0, 136,
       32, 74, 136, 8, 0, 144, 8, 1, 65, 112, 38, 80, 154, 0, 96, 5, 132,
       135, 2, 24, 6, 64, 0, 64, 192, 0, 36, 80, 4, 1, 26, 135, 8, 16, 0,
       34, 140, 64, 70, 38, 249, 3, 4, 0, 2, 137, 136, 2, 8, 2, 0, 0, 0,
       128, 9, 4, 1, 66, 32, 1, 0, 192, 34, 136, 64, 64, 144, 8, 0, 18,
       8, 1, 65, 148, 36, 80, 154, 0, 8, 1, 0, 32, 0, 24, 131, 64, 80,
       164, 77, 17, 36, 16, 0, 32, 24, 140, 1, 16, 34, 50, 188, 8, 87,
       32, 104, 5, 6, 4, 0, 8, 160, 36, 84, 32, 42, 0, 1, 64, 1, 129, 3,
       64, 72, 129, 96, 192, 32, 72, 194, 0, 8, 128, 128, 0, 4, 33, 64,
       85, 0, 81, 160, 17, 40, 1, 64, 36, 0, 24, 131, 68, 16, 102, 75,
       24, 44, 24, 4, 160, 24, 24, 8, 14, 34, 19, 176, 8, 66, 96, 96, 0,
       1, 128, 146, 1, 2, 0, 71, 2, 0, 3, 4, 16, 128, 1, 2, 74, 0, 1, 68,
       0, 32, 192, 3, 8, 128, 128, 8, 0, 136, 0, 64, 80, 36, 81, 186, 0,
       104, 1, 64, 32, 64, 16, 10, 64, 20, 33, 78, 17, 44, 24, 4, 48, 24,
       156, 73, 16, 98, 51, 184, 72, 70, 32, 234, 6, 6, 0, 0, 201, 200,
       130, 1, 40, 64, 6, 68, 144, 52, 104, 161, 200, 56, 133, 128, 192,
       0, 24, 96, 81, 20, 8, 0, 164, 134, 11, 64, 148, 192, 67, 0, 33,
       66, 141, 0, 197, 21, 8, 0, 68, 70, 246, 65, 145, 76, 0, 12, 182,
       5, 137, 41, 18, 64, 2, 164, 64, 91, 32, 72, 37, 5, 80, 2, 17, 0,
       5, 74, 130, 70, 131, 48, 32, 10, 128, 87, 226, 212, 1, 100, 1,
       162, 129, 54, 12, 136, 160, 9, 82, 8, 48, 41, 80, 36, 20, 186, 66,
       112, 1, 84, 16, 64, 24, 15, 192, 4, 192, 76, 153, 44, 16, 4, 112,
       28, 148, 73, 16, 242, 51, 188, 88, 22, 32, 248, 4, 192, 8, 8, 0,
       72, 160, 71, 1, 128, 12, 132, 16, 52, 173, 170, 9, 8, 129, 0, 129,
       32, 68, 131, 81, 5, 0, 128, 1, 134, 11, 64, 165, 16, 65, 160, 17,
       10, 201, 40, 50, 28, 48, 32, 20, 86, 55, 110, 153, 40, 40, 4, 176,
       13, 80, 0, 22, 194, 11, 164, 16, 83, 98, 203, 4, 201, 136, 152, 0,
       88, 0, 71, 1, 194, 45, 140, 16, 164, 45, 170, 137, 8, 33, 65, 4,
       0, 68, 3, 65, 5, 128, 0, 1, 10, 2, 64, 180, 16, 81, 170, 16, 74,
       201, 96, 50, 62, 56, 33, 22, 22, 117, 110, 153, 168, 56, 5, 176,
       29, 176, 8, 16, 226, 43, 180, 88, 82, 98, 235, 68, 3, 128, 16, 64,
       2, 2, 70, 0, 34, 1, 4, 64, 129, 3, 2, 4, 8, 0, 196, 10, 129, 64,
       131, 64, 0, 140, 68, 0, 4, 0, 64, 112, 18, 1, 40, 0, 32, 6, 2, 32,
       32, 0, 128, 0, 120, 3, 138, 17, 72, 32, 16, 17, 88, 16, 2, 19, 75,
       1, 20, 0, 96, 64, 96, 7, 5, 8, 0, 1, 128, 8, 2, 0, 130, 1, 64, 2,
       1, 0, 3, 0, 40, 4, 209, 128, 32, 96, 67, 64, 146, 128, 2, 16, 40,
       1, 65, 22, 20, 16, 170, 2, 8, 0, 192, 64, 0, 56, 137, 146, 80,
       129, 79, 17, 168, 24, 5, 96, 24, 248, 0, 16, 51, 51, 149, 8, 19,
       32, 235, 39, 54, 113, 162, 157, 4, 1, 79, 134, 68, 130, 52, 33,
       15, 145, 85, 226, 212, 3, 96, 65, 2, 128, 52, 78, 136, 172, 9,
       210, 8, 48, 105, 80, 36, 84, 186, 66, 114, 1, 84, 144, 80, 24, 14,
       64, 20, 192, 76, 153, 44, 24, 4, 112, 28, 156, 73, 16, 242, 35,
       188, 88, 86, 32, 248, 35, 4, 0, 2, 141, 128, 4, 8, 34, 0, 4, 65,
       168, 11, 4, 21, 102, 54, 4, 144, 192, 34, 153, 100, 64, 144, 96,
       11, 18, 8, 1, 97, 149, 36, 16, 146, 66, 0, 33, 68, 65, 194, 8,
       139, 64, 80, 244, 77, 17, 36, 24, 4, 32, 0, 140, 9, 16, 50, 50,
       188, 24, 87, 32, 232, 0, 1, 129, 176, 0, 34, 33, 118, 132, 4, 66,
       21, 65, 128, 153, 2, 226, 84, 3, 96, 192, 32, 192, 51, 76, 136,
       164, 8, 82, 4, 48, 105, 87, 36, 85, 186, 82, 122, 129, 84, 240,
       84, 24, 14, 192, 20, 193, 78, 153, 172, 24, 5, 240, 29, 156, 73,
       16, 242, 51, 189, 88, 86, 32, 250, 7, 34, 65, 130, 217, 128, 3,
       72, 162, 1, 0, 115, 161, 11, 128, 81, 98, 84, 5, 96, 193, 0, 136,
       96, 78, 152, 40, 9, 146, 8, 1, 13, 80, 36, 20, 154, 0, 112, 5,
       212, 129, 64, 24, 10, 64, 0, 200, 5, 0, 36, 16, 4, 96, 26, 140,
       73, 16, 112, 34, 156, 72, 6, 32, 185, 12, 33, 225, 176, 16, 71,
       41, 111, 128, 198, 195, 52, 81, 134, 153, 66, 202, 92, 3, 102, 3,
       160, 196, 19, 13, 136, 160, 9, 66, 12, 48, 73, 80, 36, 85, 186, 2,
       122, 193, 84, 176, 80, 48, 46, 70, 20, 193, 110, 153, 172, 24, 5,
       112, 29, 148, 73, 16, 242, 51, 189, 72, 22, 32, 242, 29, 50, 85,
       162, 29, 184, 165, 92, 114, 60, 194, 53, 108, 63, 169, 81, 246,
       246, 3, 96, 225, 32, 193, 118, 204, 136, 224, 201, 82, 12, 241,
