%YAML:1.0
descriptors: !!opencv-matrix
   rows: 6
   cols: 64
   dt: u
   data: [ 5, 39, 97, 128, 17, 0, 1, 78, 128, 64, 130, 52, 65, 11, 129,
       66, 226, 84, 1, 96, 65, 0, 192, 51, 76, 136, 160, 9, 82, 8, 48,
       73, 80, 36, 84, 186, 66, 112, 1, 84, 144, 64, 24, 14, 64, 4, 64,
       76, 153, 44, 24, 4, 112, 28, 132, 73, 16, 114, 35, 188, 72, 22,
       32, 248, 51, 20, 80, 2, 29, 128, 1, 8, 162, 0, 145, 112, 172, 11,
       132, 21, 98, 214, 5, 112, 193, 34, 129, 100, 76, 144, 224, 11, 18,
       8, 65, 105, 151, 36, 84, 154, 66, 56, 1, 84, 64, 72, 24, 139, 208,
       16, 240, 79, 145, 164, 24, 4, 112, 24, 156, 73, 16, 242, 51, 188,
       88, 87, 32, 249, 39, 54, 64, 2, 29, 128, 5, 8, 226, 0, 1, 48, 32,
       11, 132, 85, 98, 214, 1, 96, 193, 34, 129, 102, 76, 152, 160, 9,
       18, 8, 33, 105, 212, 36, 84, 186, 66, 120, 1, 84, 96, 74, 24, 11,
       212, 16, 228, 79, 152, 172, 24, 5, 112, 24, 156, 73, 16, 242, 51,
       188, 88, 87, 32, 248, 54, 54, 113, 130, 157, 132, 11, 73, 198, 70,
       17, 48, 161, 10, 144, 85, 226, 212, 1, 96, 193, 2, 129, 116, 76,
       136, 172, 9, 18, 8, 49, 41, 208, 36, 84, 186, 66, 112, 1, 84, 16,
       74, 24, 15, 208, 20, 192, 76, 153, 172, 16, 5, 112, 28, 156, 73,
       16, 242, 51, 188, 88, 86, 32, 249, 54, 33, 209, 146, 16, 6, 5, 79,
       198, 70, 1, 48, 33, 130, 144, 82, 226, 212, 1, 100, 3, 128, 192,
       35, 12, 136, 160, 9, 18, 8, 48, 41, 80, 36, 20, 186, 66, 120, 1,
       84, 16, 66, 24, 11, 80, 20, 192, 78, 153, 44, 16, 4, 96, 24, 148,
       73, 16, 242, 49, 188, 88, 86, 32, 249, 54, 50, 113, 130, 156, 148,
       3, 73, 198, 6, 147, 54, 225, 2, 144, 81, 226, 212, 3, 64, 193, 2,
       129, 84, 76, 152, 172, 9, 210, 12, 49, 40, 196, 36, 84, 186, 66,
       112, 129, 84, 208, 88, 16, 15, 208, 20, 160, 77, 153, 172, 24, 5,
       240, 29, 156, 65, 16, 242, 51, 188, 88, 87, 32, 248 ]
