%YAML:1.0
descriptors: !!opencv-matrix
   rows: 6
   cols: 64
   dt: u
   data: [ 63, 182, 125, 190, 63, 189, 189, 121, 247, 254, 214, 241, 253,
       123, 189, 85, 242, 254, 67, 115, 245, 114, 209, 247, 221, 186,
       229, 219, 122, 92, 245, 235, 223, 44, 215, 190, 223, 120, 233,
       117, 120, 93, 58, 47, 212, 53, 247, 111, 153, 172, 24, 5, 240, 29,
       156, 73, 16, 242, 51, 189, 90, 215, 40, 250, 62, 53, 109, 190, 55,
       29, 29, 107, 231, 70, 213, 176, 125, 62, 180, 86, 250, 244, 67,
       241, 177, 114, 209, 119, 221, 188, 229, 25, 82, 156, 117, 233,
       198, 44, 87, 190, 202, 120, 193, 124, 112, 89, 60, 47, 212, 20,
       245, 110, 153, 172, 24, 5, 242, 29, 156, 89, 16, 242, 51, 189, 88,
       87, 40, 250, 63, 178, 125, 172, 63, 253, 185, 124, 245, 252, 214,
       245, 125, 127, 189, 117, 250, 252, 67, 115, 245, 114, 195, 119,
       205, 170, 228, 219, 122, 93, 245, 235, 223, 44, 87, 190, 223, 120,
       233, 125, 120, 93, 59, 47, 212, 53, 247, 111, 153, 172, 24, 5,
       240, 29, 156, 73, 16, 242, 51, 189, 90, 87, 32, 250, 5, 34, 65,
       128, 217, 0, 3, 72, 132, 0, 130, 52, 97, 11, 129, 65, 226, 212, 1,
       96, 65, 32, 128, 112, 76, 136, 40, 9, 146, 8, 49, 9, 112, 36, 84,
       186, 64, 114, 1, 84, 144, 64, 24, 14, 64, 4, 192, 76, 153, 36, 24,
       4, 112, 28, 140, 73, 16, 242, 35, 188, 88, 70, 32, 248, 39, 38,
       64, 2, 17, 0, 3, 72, 134, 6, 3, 52, 32, 11, 129, 21, 98, 68, 3,
       96, 65, 34, 129, 36, 76, 136, 172, 9, 146, 8, 33, 9, 112, 36, 84,
       186, 64, 48, 1, 212, 128, 64, 24, 138, 64, 0, 192, 76, 25, 44, 16,
       0, 96, 24, 156, 73, 16, 114, 51, 188, 72, 86, 32, 241, 124, 59,
       255, 252, 50, 119, 241, 247, 245, 252, 222, 181, 95, 247, 251,
       238, 251, 220, 227, 111, 117, 253, 228, 183, 221, 43, 164, 157,
       105, 204, 126, 251, 255, 38, 85, 186, 87, 122, 209, 116, 250, 93,
       58, 46, 212, 183, 195, 110, 153, 172, 31, 5, 240, 29, 157, 77, 20,
       242, 59, 189, 91, 86, 34, 251 ]
