%YAML:1.0
descriptors: !!opencv-matrix
   rows: 10
   cols: 64
   dt: u
   data: [ 39, 54, 64, 162, 29, 128, 5, 72, 166, 64, 128, 112, 45, 15,
       128, 85, 226, 244, 1, 96, 193, 34, 129, 116, 68, 136, 32, 9, 18,
       8, 33, 105, 84, 36, 84, 186, 66, 112, 1, 84, 64, 64, 24, 11, 64,
       16, 228, 77, 153, 44, 24, 4, 112, 28, 140, 73, 16, 242, 51, 188,
       88, 87, 32, 248, 35, 20, 64, 2, 29, 128, 5, 8, 230, 64, 16, 112,
       168, 11, 128, 21, 98, 230, 5, 16, 192, 34, 129, 102, 68, 144, 225,
       11, 18, 8, 1, 105, 23, 36, 20, 186, 66, 56, 33, 84, 64, 64, 24,
       139, 192, 16, 244, 79, 145, 164, 24, 0, 240, 24, 156, 65, 16, 50,
       51, 188, 88, 87, 32, 248, 7, 53, 65, 38, 22, 36, 12, 65, 226, 6,
       1, 52, 76, 39, 161, 81, 226, 212, 3, 96, 193, 34, 193, 118, 76,
       136, 164, 9, 82, 12, 49, 104, 84, 36, 85, 186, 82, 120, 1, 84,
       112, 72, 24, 15, 212, 20, 228, 78, 153, 172, 24, 5, 240, 28, 156,
       73, 16, 242, 51, 188, 88, 87, 32, 248, 45, 37, 225, 176, 16, 4,
       37, 79, 192, 198, 195, 52, 113, 134, 145, 70, 234, 212, 3, 98, 65,
       32, 192, 55, 12, 136, 164, 9, 82, 8, 48, 105, 82, 36, 85, 186, 82,
       120, 1, 84, 48, 64, 24, 46, 212, 20, 193, 110, 153, 172, 24, 5,
       240, 29, 156, 73, 16, 242, 51, 189, 88, 86, 32, 250, 68, 35, 97,
       160, 16, 6, 33, 79, 132, 68, 130, 52, 65, 134, 147, 66, 226, 84,
       3, 100, 65, 128, 128, 50, 78, 136, 172, 9, 210, 8, 48, 9, 112, 36,
       85, 186, 64, 112, 1, 84, 16, 64, 24, 14, 64, 4, 192, 76, 153, 44,
       24, 4, 112, 28, 156, 73, 16, 242, 51, 188, 72, 6, 32, 240, 63, 51,
       125, 182, 55, 53, 29, 126, 246, 222, 210, 49, 125, 63, 177, 87,
       242, 244, 3, 96, 225, 34, 193, 119, 204, 168, 228, 9, 82, 12, 113,
       105, 215, 36, 85, 190, 82, 120, 193, 116, 112, 92, 56, 47, 212,
       20, 245, 111, 153, 172, 24, 5, 240, 29, 156, 73, 16, 242, 51, 189,
       88, 87, 32, 250, 63, 51, 117, 166, 55, 181, 45, 120, 230, 94, 211,
       48, 125, 63, 177, 87, 242, 244, 3, 96, 225, 34, 193, 118, 76, 168,
       164, 9, 82, 12, 113, 233, 215, 36, 85, 190, 82, 120, 129, 116,
       112, 92, 56, 47, 212, 20, 245, 79, 153, 172, 24, 5, 240, 29, 156,
       73, 16, 242, 51, 189, 88, 87, 32, 250, 62, 49, 253, 182, 55, 39,
       61, 126, 244, 78, 213, 53, 125, 110, 176, 87, 250, 212, 67, 99,
       225, 38, 193, 119, 76, 138, 164, 137, 82, 12, 113, 233, 215, 36,
       87, 190, 82, 120, 201, 116, 120, 92, 56, 47, 212, 21, 229, 111,
       153, 172, 24, 5, 240, 29, 156, 73, 16, 242, 51, 189, 88, 87, 32,
       250, 55, 33, 65, 154, 20, 2, 5, 78, 198, 68, 145, 48, 97, 142,
       148, 82, 234, 212, 1, 100, 1, 128, 192, 51, 76, 136, 160, 9, 83,
       8, 48, 41, 208, 36, 84, 186, 66, 112, 1, 84, 18, 74, 24, 15, 208,
       20, 228, 76, 153, 44, 16, 4, 112, 28, 148, 73, 16, 242, 51, 188,
       88, 86, 34, 249, 60, 49, 125, 182, 63, 167, 63, 126, 244, 108,
       213, 53, 125, 111, 176, 85, 250, 220, 67, 96, 225, 34, 193, 119,
       204, 168, 228, 157, 82, 12, 113, 233, 215, 36, 87, 190, 83, 120,
       233, 116, 120, 92, 56, 47, 212, 21, 247, 111, 153, 172, 24, 5,
       240, 29, 156, 73, 16, 242, 51, 189, 88, 87, 32, 250 ]
