%YAML:1.0
descriptors: !!opencv-matrix
   rows: 39
   cols: 64
   dt: u
   data: [ 37, 34, 97, 130, 145, 132, 3, 72, 196, 70, 131, 48, 225, 11,
       144, 69, 226, 212, 3, 100, 65, 2, 128, 116, 76, 136, 172, 9, 210,
       8, 49, 41, 80, 36, 84, 186, 66, 112, 1, 84, 16, 64, 24, 15, 64, 4,
       192, 76, 153, 44, 16, 4, 112, 28, 156, 73, 16, 242, 51, 188, 88,
       22, 32, 248, 3, 4, 16, 2, 153, 128, 2, 8, 2, 1, 0, 114, 160, 11,
       132, 21, 98, 86, 4, 0, 192, 2, 137, 100, 68, 144, 41, 9, 146, 8,
       1, 41, 144, 36, 84, 154, 2, 80, 1, 214, 1, 66, 8, 11, 64, 16, 240,
       5, 129, 36, 16, 4, 32, 16, 140, 73, 16, 112, 50, 60, 88, 87, 32,
       249, 7, 34, 97, 160, 209, 2, 33, 74, 132, 68, 130, 48, 97, 11,
       144, 69, 226, 212, 1, 100, 65, 128, 128, 48, 78, 136, 40, 9, 210,
       8, 48, 9, 80, 36, 84, 186, 66, 112, 5, 212, 16, 64, 24, 14, 64,
       20, 192, 204, 153, 36, 16, 4, 112, 28, 140, 73, 16, 240, 35, 188,
       88, 86, 32, 248, 6, 32, 65, 130, 153, 128, 7, 72, 134, 0, 0, 48,
       161, 3, 128, 81, 98, 84, 5, 96, 65, 0, 136, 96, 12, 128, 40, 9,
       146, 8, 17, 9, 80, 36, 20, 154, 2, 112, 1, 212, 0, 66, 24, 10, 64,
       20, 192, 4, 1, 36, 16, 4, 32, 24, 132, 73, 16, 112, 34, 188, 72,
       70, 32, 248, 28, 32, 121, 160, 16, 181, 41, 110, 196, 166, 211,
       52, 81, 10, 153, 82, 90, 212, 67, 96, 129, 48, 196, 51, 12, 136,
       164, 9, 82, 140, 49, 233, 85, 4, 149, 186, 82, 122, 1, 84, 144,
       64, 17, 12, 66, 132, 193, 110, 155, 44, 25, 5, 112, 29, 156, 89,
       0, 98, 59, 216, 72, 23, 32, 243, 29, 50, 117, 32, 28, 185, 36,
       112, 224, 28, 202, 113, 76, 21, 192, 1, 112, 236, 199, 240, 241,
       32, 1, 212, 128, 40, 100, 192, 124, 4, 225, 192, 92, 40, 214, 190,
       93, 50, 1, 196, 221, 20, 26, 135, 64, 99, 166, 79, 184, 53, 137,
       0, 240, 29, 139, 73, 38, 178, 23, 148, 74, 82, 100, 88, 28, 34,
       97, 52, 58, 145, 168, 102, 132, 190, 211, 53, 81, 82, 145, 66, 98,
       220, 67, 98, 193, 34, 192, 87, 12, 136, 164, 11, 82, 140, 49, 234,
       87, 44, 68, 190, 82, 58, 129, 84, 216, 84, 16, 14, 192, 100, 129,
       79, 153, 44, 24, 5, 240, 29, 156, 73, 16, 242, 51, 189, 72, 23,
       32, 250, 179, 240, 81, 47, 157, 224, 171, 152, 222, 57, 248, 127,
       173, 15, 135, 117, 115, 166, 5, 80, 233, 130, 139, 124, 132, 141,
       233, 171, 211, 59, 227, 255, 125, 172, 93, 182, 127, 177, 41, 247,
       107, 76, 66, 139, 196, 83, 188, 85, 168, 246, 88, 1, 228, 158,
       156, 97, 144, 178, 183, 188, 156, 70, 34, 53, 27, 145, 16, 246,
       55, 41, 248, 30, 86, 24, 215, 117, 52, 74, 36, 81, 124, 254, 129,
       210, 229, 42, 193, 87, 164, 58, 226, 217, 82, 100, 245, 225, 158,
       56, 20, 180, 255, 122, 200, 117, 217, 221, 151, 75, 224, 21, 179,
       78, 185, 182, 24, 71, 240, 28, 152, 65, 55, 179, 55, 191, 56, 63,
       164, 203, 248, 18, 247, 161, 220, 103, 163, 253, 244, 253, 242,
       21, 77, 185, 147, 102, 114, 221, 219, 104, 248, 193, 238, 184, 14,
       168, 44, 142, 254, 1, 115, 255, 117, 101, 124, 187, 86, 246, 5,
       244, 223, 68, 26, 158, 74, 134, 72, 213, 136, 44, 92, 0, 240, 62,
       140, 77, 200, 252, 35, 156, 92, 6, 34, 245, 4, 35, 65, 128, 17, 0,
       33, 126, 132, 64, 130, 52, 65, 7, 145, 64, 226, 212, 1, 100, 65,
       128, 128, 50, 78, 136, 32, 9, 210, 8, 48, 9, 112, 36, 85, 186, 64,
       114, 1, 84, 144, 64, 24, 14, 64, 4, 192, 204, 153, 44, 24, 4, 112,
       28, 140, 73, 16, 240, 35, 188, 72, 70, 32, 240, 18, 19, 16, 18,
       140, 128, 14, 1, 66, 2, 17, 0, 128, 66, 0, 16, 100, 194, 4, 192,
       194, 32, 1, 66, 140, 146, 164, 73, 130, 40, 129, 96, 18, 44, 84,
       158, 72, 32, 3, 70, 0, 64, 0, 73, 192, 20, 129, 79, 144, 172, 16,
       1, 32, 24, 156, 73, 0, 114, 18, 181, 88, 87, 32, 232, 1, 6, 132,
       0, 201, 198, 2, 52, 48, 124, 2, 5, 8, 61, 11, 164, 109, 200, 1,
       224, 192, 1, 206, 48, 72, 40, 8, 6, 88, 4, 33, 71, 213, 32, 81,
       56, 83, 34, 13, 104, 80, 84, 24, 142, 69, 0, 226, 109, 153, 44,
       24, 0, 240, 29, 156, 73, 18, 242, 35, 188, 88, 71, 32, 248, 9, 14,
       0, 40, 137, 200, 36, 5, 41, 96, 14, 5, 16, 52, 111, 160, 141, 58,
       129, 128, 204, 80, 95, 0, 81, 69, 24, 224, 169, 198, 139, 68, 157,
       208, 67, 32, 33, 194, 236, 10, 37, 21, 76, 33, 68, 215, 126, 224,
       145, 64, 205, 44, 151, 69, 66, 168, 63, 65, 142, 164, 2, 107, 68,
       74, 7, 2, 8, 176, 42, 16, 14, 64, 0, 106, 41, 2, 144, 0, 32, 3, 4,
       120, 1, 192, 200, 176, 0, 26, 4, 128, 160, 72, 208, 4, 49, 65, 98,
       52, 20, 170, 66, 104, 0, 192, 112, 74, 16, 13, 212, 4, 134, 77,
       25, 172, 24, 5, 96, 29, 156, 65, 16, 242, 51, 156, 72, 82, 32,
       176, 34, 77, 24, 138, 3, 94, 5, 3, 39, 70, 41, 130, 21, 174, 124,
       30, 223, 50, 36, 37, 2, 214, 145, 32, 81, 213, 189, 40, 19, 186,
       26, 33, 128, 4, 67, 138, 0, 72, 34, 72, 36, 219, 36, 169, 23, 92,
       116, 172, 209, 168, 48, 12, 42, 9, 166, 159, 24, 112, 48, 61, 89,
       209, 8, 162, 130, 200, 139, 139, 34, 208, 156, 133, 11, 203, 41,
       202, 146, 0, 111, 155, 141, 84, 52, 11, 10, 208, 110, 72, 101,
       213, 59, 43, 23, 43, 23, 19, 213, 148, 255, 75, 98, 237, 234, 35,
       34, 106, 100, 121, 183, 28, 124, 49, 87, 217, 54, 53, 143, 193,
       244, 190, 145, 192, 32, 109, 85, 89, 88, 178, 40, 34, 33, 160, 24,
       180, 42, 77, 192, 42, 194, 20, 81, 4, 153, 64, 194, 68, 3, 64,
       192, 32, 74, 92, 12, 136, 172, 133, 66, 0, 49, 202, 69, 36, 85,
       186, 80, 122, 1, 84, 200, 68, 16, 14, 68, 4, 128, 79, 153, 44, 24,
       5, 240, 29, 156, 73, 16, 226, 51, 188, 72, 23, 32, 240, 178, 206,
       12, 143, 239, 93, 150, 129, 63, 85, 31, 207, 156, 60, 126, 188,
       253, 147, 36, 180, 84, 80, 145, 96, 121, 85, 25, 120, 173, 218,
       223, 49, 148, 108, 83, 80, 90, 67, 232, 104, 113, 157, 44, 55,
       149, 22, 252, 36, 129, 137, 129, 13, 190, 7, 138, 203, 50, 81, 48,
       53, 80, 89, 4, 202, 1, 6, 0, 3, 201, 128, 134, 0, 34, 74, 40, 66,
       160, 11, 3, 5, 70, 35, 160, 0, 192, 3, 155, 96, 64, 213, 25, 34,
       146, 8, 1, 67, 85, 4, 80, 48, 17, 8, 32, 96, 100, 64, 40, 169, 21,
       16, 212, 69, 16, 140, 24, 1, 180, 8, 156, 195, 16, 114, 50, 20, 0,
       83, 32, 106, 2, 65, 8, 188, 7, 0, 28, 15, 5, 66, 57, 128, 17, 140,
       36, 22, 128, 84, 0, 208, 0, 144, 192, 34, 76, 128, 160, 9, 19, 32,
       60, 73, 64, 52, 20, 186, 66, 104, 0, 193, 34, 202, 21, 9, 214, 20,
       228, 76, 17, 162, 16, 5, 32, 24, 180, 8, 144, 162, 57, 184, 28,
       86, 34, 177, 51, 5, 105, 38, 6, 12, 29, 42, 198, 4, 85, 16, 25,
       41, 20, 86, 32, 84, 6, 97, 0, 130, 192, 38, 28, 128, 132, 25, 82,
       184, 16, 105, 144, 44, 4, 154, 74, 104, 129, 220, 16, 200, 61, 9,
       192, 16, 228, 76, 19, 164, 17, 4, 96, 24, 180, 1, 40, 114, 49,
       248, 72, 22, 32, 250, 6, 1, 0, 160, 0, 0, 0, 3, 32, 2, 3, 6, 16,
       160, 32, 3, 0, 8, 1, 193, 0, 132, 80, 65, 84, 16, 128, 0, 0, 164,
       0, 0, 16, 16, 66, 136, 9, 72, 0, 0, 0, 0, 52, 1, 16, 84, 38, 108,
       17, 40, 0, 4, 64, 25, 96, 8, 24, 3, 17, 176, 0, 82, 64, 106, 0,
       15, 152, 152, 0, 95, 32, 71, 1, 208, 6, 132, 16, 52, 59, 162, 141,
       24, 128, 0, 84, 49, 82, 131, 89, 0, 144, 64, 0, 128, 26, 65, 133,
       16, 83, 160, 16, 74, 200, 104, 112, 29, 48, 38, 52, 20, 229, 110,
       153, 168, 169, 13, 178, 29, 152, 72, 17, 226, 51, 181, 64, 83, 64,
       250, 33, 6, 100, 32, 29, 50, 39, 88, 164, 68, 130, 32, 41, 61,
       160, 5, 194, 116, 3, 96, 240, 66, 152, 116, 68, 168, 8, 1, 178, 4,
       33, 65, 88, 36, 214, 186, 64, 48, 5, 12, 12, 64, 24, 143, 64, 97,
       68, 68, 24, 44, 24, 0, 112, 28, 140, 9, 56, 160, 35, 156, 72, 214,
       36, 120, 0, 2, 8, 136, 1, 88, 132, 6, 37, 66, 10, 4, 16, 52, 57,
       161, 137, 88, 1, 224, 0, 16, 64, 96, 65, 21, 25, 0, 16, 134, 18,
       1, 212, 0, 83, 8, 1, 72, 8, 0, 48, 20, 56, 37, 84, 132, 118, 224,
       17, 8, 24, 4, 144, 13, 136, 8, 18, 64, 34, 164, 64, 83, 0, 234, 5,
       6, 4, 128, 136, 124, 161, 116, 32, 92, 10, 5, 0, 29, 89, 165, 137,
