%YAML:1.0
descriptors: !!opencv-matrix
   rows: 10
   cols: 64
   dt: u
   data: [ 39, 34, 65, 130, 145, 128, 5, 72, 198, 68, 2, 48, 33, 11, 128,
       69, 226, 212, 1, 96, 65, 34, 128, 116, 76, 136, 32, 9, 18, 8, 49,
       9, 84, 36, 84, 186, 66, 112, 1, 84, 16, 64, 24, 15, 64, 4, 192,
       76, 153, 44, 24, 4, 112, 28, 140, 73, 16, 242, 51, 188, 88, 86,
       32, 248, 7, 33, 65, 0, 16, 0, 1, 78, 128, 6, 1, 52, 65, 130, 129,
       66, 226, 84, 1, 96, 1, 128, 192, 35, 12, 136, 160, 9, 82, 8, 48,
       9, 80, 36, 21, 186, 2, 112, 1, 84, 16, 64, 24, 10, 64, 20, 192,
       76, 25, 44, 24, 4, 112, 28, 148, 73, 16, 242, 51, 188, 88, 86, 32,
       240, 3, 5, 0, 18, 1, 64, 4, 6, 2, 66, 43, 4, 0, 132, 1, 35, 13, 0,
       0, 4, 2, 160, 64, 2, 68, 133, 129, 8, 18, 42, 0, 1, 16, 4, 81,
       138, 0, 64, 2, 66, 32, 64, 40, 41, 4, 28, 100, 44, 17, 168, 16, 4,
       48, 25, 164, 10, 17, 98, 32, 52, 72, 84, 32, 224, 7, 6, 64, 34,
       157, 160, 7, 72, 160, 68, 128, 112, 160, 11, 132, 69, 226, 212, 5,
       96, 193, 2, 136, 112, 76, 152, 40, 9, 210, 8, 33, 9, 212, 36, 84,
       154, 66, 112, 1, 84, 16, 66, 24, 15, 64, 16, 196, 69, 153, 36, 16,
       4, 112, 28, 140, 73, 16, 240, 35, 188, 88, 87, 32, 249, 4, 35,
       225, 144, 16, 100, 33, 127, 192, 196, 192, 52, 65, 134, 145, 66,
       234, 84, 3, 102, 65, 32, 196, 19, 76, 136, 164, 9, 82, 12, 48, 9,
       210, 36, 85, 186, 80, 120, 65, 84, 112, 80, 56, 46, 84, 20, 193,
       110, 153, 172, 24, 5, 240, 28, 156, 73, 16, 242, 51, 189, 88, 86,
       32, 250, 36, 35, 113, 176, 16, 4, 41, 79, 196, 198, 3, 52, 81,
       134, 145, 66, 234, 212, 3, 96, 1, 32, 192, 51, 76, 136, 164, 9,
       82, 8, 48, 105, 80, 36, 85, 186, 66, 120, 1, 84, 48, 64, 24, 14,
       68, 20, 225, 110, 153, 172, 24, 5, 112, 29, 156, 73, 16, 242, 51,
       188, 88, 86, 32, 242, 54, 52, 65, 130, 21, 128, 13, 73, 198, 66,
       17, 48, 45, 3, 128, 85, 226, 212, 1, 96, 193, 32, 129, 100, 76,
       136, 160, 9, 18, 8, 49, 105, 84, 36, 84, 186, 66, 120, 1, 84, 48,
       72, 24, 11, 212, 20, 228, 76, 153, 172, 24, 5, 112, 28, 156, 73,
       16, 242, 51, 188, 88, 87, 32, 248, 4, 34, 113, 160, 16, 100, 33,
       126, 192, 76, 194, 53, 65, 7, 153, 98, 234, 212, 3, 96, 65, 0,
       196, 49, 76, 136, 36, 9, 82, 8, 48, 73, 112, 36, 85, 186, 80, 114,
       1, 84, 48, 84, 24, 14, 68, 4, 96, 204, 153, 44, 24, 4, 240, 29,
       140, 73, 16, 242, 35, 188, 72, 70, 32, 240, 70, 33, 65, 146, 17,
       2, 5, 74, 134, 2, 1, 48, 33, 130, 128, 83, 226, 212, 1, 100, 11,
       128, 128, 34, 12, 136, 168, 9, 146, 8, 48, 41, 80, 36, 20, 154,
       66, 112, 1, 212, 16, 66, 24, 10, 64, 28, 192, 12, 153, 36, 16, 4,
       96, 24, 132, 73, 16, 242, 49, 188, 88, 86, 34, 241, 55, 33, 113,
       130, 17, 2, 1, 110, 198, 70, 211, 52, 97, 138, 144, 86, 226, 212,
       3, 96, 65, 130, 193, 55, 76, 136, 160, 9, 82, 12, 48, 105, 80, 36,
       84, 186, 82, 112, 129, 84, 80, 80, 24, 14, 192, 20, 224, 76, 153,
       172, 24, 5, 240, 29, 156, 73, 16, 242, 51, 188, 88, 86, 32, 248 ]
