%YAML:1.0
descriptors: !!opencv-matrix
   rows: 3
   cols: 64
   dt: u
   data: [ 12, 35, 209, 176, 16, 32, 33, 126, 128, 138, 194, 52, 65, 134,
       147, 66, 234, 84, 1, 100, 73, 128, 196, 51, 76, 136, 160, 9, 82,
       8, 48, 9, 112, 38, 85, 186, 16, 112, 1, 84, 16, 64, 24, 14, 64,
       20, 65, 206, 153, 44, 88, 4, 112, 28, 148, 73, 144, 242, 35, 188,
       72, 70, 32, 240, 63, 241, 125, 254, 63, 189, 221, 56, 247, 127,
       253, 251, 253, 122, 244, 93, 246, 247, 102, 243, 247, 126, 209,
       118, 253, 191, 231, 123, 127, 255, 245, 235, 223, 108, 150, 190,
       254, 121, 251, 253, 122, 223, 255, 111, 212, 117, 245, 111, 187,
       190, 153, 15, 248, 29, 222, 89, 48, 243, 119, 191, 251, 223, 174,
       255, 62, 54, 125, 166, 190, 189, 187, 121, 254, 126, 215, 118,
       253, 127, 185, 84, 246, 247, 67, 112, 241, 114, 147, 116, 220,
       184, 228, 219, 122, 220, 245, 235, 215, 44, 87, 190, 218, 122,
       169, 125, 252, 93, 25, 14, 212, 37, 244, 79, 153, 172, 24, 5, 242,
       29, 156, 89, 16, 242, 51, 189, 90, 215, 40, 250 ]
