%YAML:1.0
descriptors: !!opencv-matrix
   rows: 12
   cols: 64
   dt: u
   data: [ 44, 38, 109, 168, 30, 253, 161, 125, 245, 254, 222, 53, 121,
       63, 185, 228, 203, 252, 195, 96, 241, 114, 218, 244, 93, 168, 4,
       131, 122, 223, 57, 203, 221, 44, 87, 186, 87, 122, 169, 124, 124,
       85, 122, 46, 84, 181, 246, 107, 185, 172, 24, 13, 240, 29, 156,
       73, 16, 242, 51, 188, 90, 87, 40, 250, 60, 49, 241, 180, 16, 165,
       57, 111, 198, 236, 209, 53, 85, 194, 147, 86, 250, 212, 3, 98,
       201, 40, 198, 55, 76, 138, 166, 9, 82, 12, 49, 105, 119, 36, 21,
       186, 82, 120, 193, 84, 80, 72, 24, 14, 192, 20, 193, 110, 153,
       172, 24, 5, 240, 28, 156, 73, 16, 242, 51, 189, 88, 86, 32, 250,
       63, 49, 117, 150, 19, 7, 5, 106, 198, 68, 209, 48, 61, 170, 180,
       86, 242, 212, 3, 100, 3, 162, 192, 55, 12, 136, 160, 9, 82, 8,
       112, 41, 80, 36, 20, 186, 66, 120, 1, 212, 16, 194, 28, 15, 192,
       20, 192, 78, 153, 36, 16, 4, 96, 28, 148, 73, 16, 242, 49, 188,
       88, 70, 34, 249, 4, 33, 225, 144, 16, 6, 33, 111, 128, 230, 131,
       52, 81, 130, 145, 66, 234, 84, 3, 96, 1, 160, 192, 3, 12, 136,
       164, 9, 18, 12, 48, 73, 80, 36, 85, 186, 0, 120, 1, 84, 144, 64,
       24, 14, 64, 20, 193, 78, 25, 44, 24, 5, 112, 28, 148, 73, 16, 242,
       51, 188, 72, 86, 32, 243, 4, 34, 65, 130, 17, 0, 37, 79, 196, 64,
       2, 52, 33, 6, 145, 64, 226, 84, 1, 96, 193, 0, 128, 115, 12, 136,
       32, 9, 82, 8, 49, 73, 84, 36, 85, 186, 0, 112, 1, 84, 16, 64, 24,
       14, 68, 4, 192, 76, 25, 44, 24, 4, 112, 28, 140, 73, 16, 114, 35,
       188, 72, 22, 32, 248, 12, 35, 227, 176, 16, 7, 41, 111, 192, 198,
       195, 52, 81, 134, 153, 66, 138, 84, 3, 98, 3, 160, 196, 19, 13,
       136, 166, 137, 66, 12, 48, 73, 114, 36, 85, 186, 0, 122, 193, 84,
       48, 64, 48, 46, 70, 20, 65, 110, 153, 44, 24, 5, 112, 29, 148, 72,
       16, 226, 51, 189, 72, 86, 32, 242, 1, 3, 4, 16, 0, 51, 36, 118,
       32, 20, 2, 4, 0, 21, 1, 3, 68, 72, 65, 224, 80, 32, 64, 179, 72,
       40, 132, 128, 16, 4, 32, 65, 218, 32, 81, 168, 81, 40, 0, 64, 116,
       20, 24, 6, 212, 32, 199, 78, 24, 172, 24, 1, 240, 29, 152, 73, 16,
       242, 19, 180, 72, 86, 36, 250, 66, 1, 129, 144, 0, 2, 12, 71, 2,
       130, 1, 0, 0, 128, 1, 2, 10, 0, 0, 70, 2, 160, 68, 3, 12, 128,
       162, 9, 2, 40, 0, 8, 112, 6, 20, 138, 0, 108, 3, 64, 32, 98, 48,
       72, 2, 28, 1, 78, 81, 40, 48, 5, 32, 24, 52, 8, 129, 98, 1, 49,
       72, 68, 97, 226, 3, 0, 0, 2, 137, 128, 2, 8, 32, 0, 0, 65, 160,
       11, 4, 1, 66, 32, 5, 16, 192, 34, 9, 96, 64, 144, 8, 0, 146, 8, 1,
       65, 148, 36, 16, 144, 32, 0, 1, 128, 65, 130, 24, 131, 64, 80,
       208, 69, 16, 52, 24, 0, 32, 0, 138, 1, 16, 2, 34, 132, 0, 87, 36,
       73, 4, 33, 81, 128, 17, 2, 33, 74, 4, 64, 131, 52, 1, 66, 144, 64,
       226, 212, 1, 100, 65, 36, 128, 115, 14, 136, 160, 9, 210, 8, 48,
       105, 82, 36, 84, 186, 2, 112, 1, 212, 16, 64, 24, 14, 192, 4, 192,
       78, 153, 36, 24, 4, 112, 28, 156, 73, 16, 114, 51, 188, 72, 22,
       32, 248, 37, 35, 101, 160, 17, 36, 33, 110, 228, 68, 192, 52, 105,
       47, 145, 70, 234, 212, 3, 96, 65, 32, 192, 51, 76, 136, 160, 9,
       82, 12, 48, 105, 80, 36, 85, 186, 82, 112, 1, 84, 80, 64, 24, 14,
       68, 20, 192, 78, 153, 44, 24, 5, 240, 28, 156, 73, 16, 242, 51,
       156, 88, 86, 32, 248, 55, 48, 81, 166, 21, 160, 13, 72, 230, 64,
       145, 112, 45, 11, 132, 85, 226, 212, 1, 96, 65, 32, 128, 116, 76,
       152, 160, 9, 82, 8, 49, 41, 212, 36, 20, 186, 66, 120, 1, 84, 112,
       74, 24, 15, 208, 20, 244, 76, 153, 172, 24, 5, 112, 28, 156, 73,
       16, 242, 51, 188, 88, 87, 32, 249 ]
