%YAML:1.0
descriptors: !!opencv-matrix
   rows: 18
   cols: 64
   dt: u
   data: [ 38, 50, 113, 130, 156, 132, 6, 65, 230, 6, 3, 18, 205, 67,
       144, 85, 226, 213, 3, 96, 193, 34, 129, 116, 76, 152, 164, 13, 82,
       12, 49, 104, 86, 36, 84, 186, 82, 56, 1, 84, 80, 80, 24, 143, 192,
       20, 196, 79, 153, 172, 24, 1, 112, 29, 156, 73, 16, 242, 51, 188,
       88, 87, 32, 248, 6, 34, 65, 130, 221, 128, 6, 73, 198, 2, 1, 48,
       33, 2, 128, 81, 226, 212, 1, 96, 193, 0, 128, 96, 76, 136, 168, 9,
       146, 8, 49, 104, 84, 36, 84, 186, 66, 112, 1, 84, 80, 64, 24, 15,
       192, 20, 228, 77, 153, 172, 24, 4, 112, 24, 156, 73, 16, 242, 51,
       188, 88, 87, 32, 248, 69, 7, 131, 24, 17, 66, 33, 254, 132, 128,
       169, 132, 3, 205, 131, 47, 139, 84, 35, 103, 14, 175, 196, 51, 76,
       139, 144, 0, 81, 10, 50, 9, 242, 38, 85, 186, 82, 120, 65, 116,
       112, 120, 56, 46, 212, 20, 101, 110, 25, 172, 24, 5, 208, 29, 156,
       72, 16, 226, 51, 189, 72, 86, 32, 250, 115, 210, 16, 35, 207, 178,
       142, 24, 110, 59, 58, 72, 172, 79, 96, 53, 116, 247, 29, 208, 200,
       98, 153, 124, 160, 84, 105, 110, 150, 19, 225, 118, 121, 237, 218,
       21, 123, 131, 44, 195, 199, 70, 74, 140, 193, 75, 218, 17, 140,
       95, 16, 0, 108, 165, 207, 235, 82, 55, 182, 148, 144, 147, 52, 44,
       68, 35, 67, 144, 16, 6, 2, 199, 2, 198, 1, 20, 17, 167, 147, 98,
       226, 84, 1, 102, 10, 160, 196, 34, 76, 128, 164, 9, 146, 8, 16,
       25, 112, 36, 85, 186, 80, 112, 1, 212, 16, 64, 24, 14, 64, 28,
       193, 76, 25, 44, 16, 5, 112, 24, 148, 73, 16, 114, 49, 188, 72,
       86, 32, 248, 199, 6, 0, 3, 201, 138, 134, 8, 42, 3, 42, 66, 130,
       15, 194, 1, 66, 101, 37, 4, 200, 7, 10, 96, 70, 212, 25, 47, 146,
       10, 3, 0, 85, 37, 84, 155, 66, 56, 45, 150, 96, 84, 8, 139, 197,
       88, 180, 1, 145, 172, 24, 0, 241, 29, 140, 11, 16, 112, 50, 60,
       72, 87, 48, 248, 108, 43, 231, 152, 50, 95, 33, 255, 165, 244, 78,
       20, 89, 188, 187, 230, 235, 212, 67, 110, 84, 129, 198, 51, 77,
       233, 180, 13, 81, 136, 58, 107, 245, 36, 85, 186, 82, 114, 201,
       116, 176, 84, 56, 46, 85, 134, 97, 238, 153, 44, 94, 5, 240, 29,
       148, 73, 144, 226, 43, 189, 88, 70, 32, 242, 2, 2, 128, 131, 136,
       128, 130, 69, 0, 162, 2, 4, 128, 6, 129, 0, 74, 65, 1, 66, 192,
       33, 202, 73, 76, 128, 128, 7, 2, 8, 17, 74, 87, 36, 85, 186, 80,
       120, 41, 86, 32, 64, 8, 10, 69, 4, 193, 75, 25, 44, 24, 5, 176,
       24, 156, 73, 16, 98, 51, 157, 72, 87, 32, 250, 70, 34, 65, 129,
       216, 130, 2, 72, 2, 67, 1, 50, 193, 67, 128, 65, 98, 69, 5, 100,
       200, 33, 130, 64, 14, 152, 168, 13, 146, 8, 49, 25, 80, 36, 20,
       155, 0, 112, 5, 214, 0, 66, 24, 10, 65, 28, 192, 21, 25, 44, 16,
       4, 112, 24, 140, 73, 16, 114, 51, 156, 88, 86, 32, 249, 12, 35,
       225, 176, 16, 37, 37, 127, 128, 198, 194, 52, 81, 134, 153, 66,
       202, 84, 3, 96, 65, 32, 192, 51, 12, 136, 164, 9, 82, 8, 48, 73,
       84, 36, 85, 186, 16, 120, 1, 84, 48, 64, 24, 46, 68, 20, 193, 110,
       153, 44, 24, 5, 240, 29, 156, 73, 16, 242, 51, 188, 72, 86, 32,
       242, 2, 1, 0, 10, 1, 128, 4, 5, 2, 0, 3, 0, 16, 0, 41, 2, 4, 2, 0,
       144, 192, 32, 81, 66, 80, 0, 128, 0, 0, 128, 129, 64, 134, 52, 67,
       160, 17, 72, 136, 104, 32, 28, 52, 33, 84, 84, 181, 110, 17, 168,
       24, 5, 178, 25, 24, 65, 18, 99, 19, 181, 8, 83, 32, 74, 3, 2, 0,
       6, 137, 128, 2, 0, 2, 0, 2, 65, 160, 3, 0, 17, 100, 2, 5, 144,
       192, 0, 9, 64, 64, 24, 8, 10, 130, 0, 129, 68, 21, 36, 80, 176, 1,
       0, 41, 68, 65, 80, 24, 11, 192, 16, 180, 77, 145, 164, 24, 4, 244,
       8, 152, 73, 16, 114, 50, 180, 0, 87, 32, 72, 70, 33, 65, 130, 209,
       2, 2, 72, 2, 2, 1, 52, 32, 2, 129, 81, 66, 84, 0, 4, 10, 128, 128,
       0, 14, 128, 8, 9, 146, 8, 0, 9, 48, 36, 20, 154, 0, 112, 7, 214,
       128, 66, 8, 8, 0, 12, 192, 4, 0, 36, 80, 4, 1, 26, 132, 43, 128,
       32, 32, 24, 76, 4, 50, 177, 4, 3, 4, 144, 0, 87, 36, 103, 33, 194,
       10, 4, 80, 165, 57, 34, 137, 8, 193, 100, 80, 96, 64, 147, 89, 4,
       132, 128, 0, 132, 56, 0, 80, 16, 65, 168, 16, 106, 193, 72, 52,
       52, 56, 38, 84, 132, 103, 110, 25, 40, 40, 5, 242, 29, 24, 8, 16,
       226, 19, 181, 72, 82, 96, 226, 220, 33, 209, 116, 216, 162, 98,
       123, 80, 57, 210, 119, 226, 198, 130, 64, 98, 9, 223, 71, 239, 45,
       203, 215, 142, 74, 234, 135, 192, 140, 161, 206, 79, 35, 100, 187,
       61, 184, 109, 244, 89, 100, 147, 199, 233, 61, 175, 207, 61, 36,
       9, 242, 241, 126, 28, 195, 70, 254, 23, 179, 8, 55, 177, 108, 68,
       35, 227, 145, 16, 194, 43, 238, 192, 230, 129, 52, 81, 167, 147,
       66, 234, 212, 1, 102, 139, 161, 198, 51, 12, 136, 162, 13, 82, 8,
       48, 107, 115, 36, 21, 186, 66, 120, 65, 86, 16, 64, 24, 14, 67,
       12, 193, 46, 153, 44, 24, 5, 112, 28, 148, 73, 16, 242, 49, 157,
       88, 86, 32, 242, 51, 20, 80, 6, 29, 128, 5, 8, 102, 0, 17, 112,
       172, 75, 132, 21, 102, 246, 0, 80, 193, 38, 129, 103, 68, 144,
       224, 9, 18, 8, 193, 105, 151, 36, 20, 186, 66, 56, 33, 84, 96, 72,
       24, 139, 208, 16, 244, 79, 145, 164, 24, 4, 112, 24, 156, 73, 16,
       50, 51, 189, 88, 87, 32, 248, 60, 51, 117, 166, 63, 165, 41, 120,
       214, 92, 210, 53, 109, 94, 153, 84, 242, 222, 195, 96, 241, 34,
       129, 118, 140, 168, 224, 201, 90, 76, 241, 233, 95, 36, 85, 190,
       87, 114, 129, 116, 216, 84, 18, 14, 192, 5, 227, 79, 153, 172, 24,
       5, 240, 29, 156, 73, 16, 242, 51, 188, 88, 23, 32, 248 ]
