%YAML:1.0
descriptors: !!opencv-matrix
   rows: 5
   cols: 64
   dt: u
   data: [ 82, 1, 146, 246, 1, 2, 88, 2, 2, 162, 3, 6, 2, 192, 2, 18, 36,
       11, 0, 199, 14, 173, 192, 11, 140, 130, 226, 76, 2, 32, 160, 96,
       50, 182, 48, 33, 33, 76, 66, 195, 0, 96, 153, 72, 170, 28, 193,
       79, 81, 130, 16, 71, 36, 88, 60, 235, 1, 51, 49, 179, 12, 52, 145,
       32, 5, 2, 16, 36, 137, 160, 34, 80, 0, 56, 64, 1, 128, 65, 129, 1,
       98, 72, 129, 64, 192, 40, 8, 90, 0, 8, 0, 194, 208, 4, 33, 71,
       119, 146, 24, 32, 49, 160, 1, 132, 197, 34, 26, 2, 96, 1, 202, 67,
       8, 100, 24, 36, 100, 24, 141, 9, 6, 130, 151, 132, 0, 6, 33, 33,
       3, 6, 0, 2, 141, 128, 2, 0, 32, 2, 0, 0, 128, 3, 0, 1, 64, 32, 1,
       144, 192, 0, 9, 64, 68, 128, 8, 1, 146, 8, 1, 64, 20, 36, 16, 154,
       32, 0, 1, 128, 4, 66, 24, 136, 64, 64, 128, 65, 16, 36, 16, 0, 32,
       0, 8, 9, 16, 34, 2, 148, 0, 82, 32, 105, 0, 1, 0, 144, 0, 2, 8,
       103, 2, 130, 3, 4, 16, 128, 17, 2, 4, 0, 0, 64, 2, 32, 64, 131, 8,
       0, 160, 72, 0, 136, 16, 64, 64, 20, 1, 170, 0, 104, 2, 64, 0, 0,
       20, 10, 34, 20, 129, 78, 17, 40, 56, 5, 48, 24, 20, 72, 0, 98, 19,
       176, 8, 6, 32, 226, 56, 190, 255, 239, 63, 253, 249, 127, 255,
       252, 222, 253, 253, 127, 255, 252, 255, 246, 227, 251, 245, 119,
       223, 255, 253, 127, 240, 255, 127, 223, 255, 239, 223, 108, 87,
       182, 255, 122, 249, 125, 253, 93, 123, 47, 213, 167, 247, 111,
       185, 174, 156, 13, 240, 29, 159, 93, 54, 242, 183, 189, 219, 95,
       40, 254 ]
