%YAML:1.0
descriptors: !!opencv-matrix
   rows: 2
   cols: 64
   dt: u
   data: [ 247, 51, 241, 178, 215, 6, 7, 78, 230, 70, 129, 50, 239, 175,
       178, 87, 234, 213, 35, 100, 73, 133, 194, 53, 78, 200, 184, 13,
       210, 8, 48, 41, 86, 36, 20, 186, 82, 120, 1, 84, 80, 64, 24, 15,
       193, 28, 197, 76, 153, 172, 24, 5, 112, 28, 156, 73, 16, 242, 51,
       157, 88, 86, 32, 250, 60, 186, 255, 253, 62, 253, 249, 127, 253,
       254, 222, 181, 125, 63, 251, 230, 251, 220, 227, 107, 245, 114,
       207, 255, 221, 43, 228, 147, 124, 215, 119, 239, 255, 44, 85, 190,
       215, 250, 249, 125, 252, 93, 123, 46, 212, 167, 247, 111, 187,
       172, 28, 5, 240, 29, 157, 93, 22, 242, 55, 189, 218, 87, 32, 254 ]
