%YAML:1.0
descriptors: !!opencv-matrix
   rows: 4
   cols: 64
   dt: u
   data: [ 4, 35, 65, 128, 16, 0, 1, 78, 192, 64, 128, 52, 97, 3, 129,
       66, 226, 84, 1, 100, 65, 128, 128, 34, 76, 136, 160, 9, 18, 8, 48,
       9, 112, 36, 20, 186, 0, 112, 1, 84, 16, 64, 24, 14, 64, 20, 64,
       76, 25, 44, 24, 4, 112, 24, 132, 73, 16, 242, 35, 156, 72, 70, 32,
       248, 38, 33, 65, 130, 17, 0, 1, 75, 198, 66, 1, 48, 33, 10, 128,
       87, 226, 84, 1, 100, 1, 34, 128, 38, 76, 128, 160, 9, 18, 8, 16,
       41, 80, 36, 84, 154, 66, 112, 1, 84, 0, 64, 24, 11, 64, 20, 192,
       76, 145, 36, 16, 4, 96, 24, 148, 73, 16, 114, 49, 188, 88, 86, 32,
       249, 62, 53, 125, 190, 54, 189, 29, 75, 231, 198, 245, 176, 253,
       42, 180, 86, 251, 246, 99, 113, 177, 118, 209, 119, 221, 191, 245,
       125, 82, 184, 244, 233, 214, 44, 87, 190, 202, 120, 233, 125, 112,
       89, 61, 47, 213, 20, 245, 111, 153, 172, 24, 5, 240, 29, 156, 73,
       16, 242, 51, 189, 88, 87, 32, 250, 191, 244, 125, 46, 191, 189,
       223, 24, 255, 127, 253, 250, 237, 123, 228, 85, 246, 247, 6, 241,
       245, 114, 145, 126, 228, 190, 229, 123, 126, 59, 245, 235, 215,
       108, 150, 190, 218, 121, 249, 253, 122, 222, 59, 173, 208, 81,
       244, 79, 153, 191, 24, 13, 248, 29, 158, 73, 56, 242, 51, 189,
       250, 215, 44, 249 ]
