%YAML:1.0
descriptors: !!opencv-matrix
   rows: 1
   cols: 64
   dt: u
   data: [ 62, 247, 125, 252, 54, 189, 253, 121, 247, 223, 221, 250, 253,
       127, 180, 93, 251, 244, 103, 115, 245, 118, 211, 119, 221, 255,
       245, 251, 126, 222, 245, 235, 215, 108, 87, 190, 218, 120, 249,
       125, 124, 95, 57, 47, 213, 53, 245, 111, 153, 172, 24, 13, 242,
       29, 156, 93, 24, 242, 51, 189, 90, 223, 40, 250 ]
